Date,Open,High,Low,Close,Volume,Dividends,Stock Splits,Capital Gains
2006-10-12 00:00:00-04:00,22.75689945098823,22.928139967787565,22.711836971367912,22.910114288330078,10800,0.0,0.0,0.0
2006-10-13 00:00:00-04:00,23.027275833153542,23.027275833153542,22.991226196289062,22.991226196289062,600,0.0,0.0,0.0
2006-10-16 00:00:00-04:00,23.081349650040934,23.081349650040934,23.063323974609375,23.063323974609375,1900,0.0,0.0,0.0
2006-10-17 00:00:00-04:00,23.02727207747666,23.02727207747666,22.819981972000306,22.93714714050293,1300,0.0,0.0,0.0
2006-10-18 00:00:00-04:00,23.20752594001579,23.20752594001579,23.054311136893595,23.063323974609375,800,0.0,0.0,0.0
2006-10-19 00:00:00-04:00,23.0543212890625,23.0543212890625,23.0543212890625,23.0543212890625,200,0.0,0.0,0.0
2006-10-20 00:00:00-04:00,23.0543212890625,23.0543212890625,23.0543212890625,23.0543212890625,100,0.0,0.0,0.0
2006-10-23 00:00:00-04:00,22.94615818834581,23.198512480555177,22.874057207574985,23.15345001220703,151700,0.0,0.0,0.0
2006-10-24 00:00:00-04:00,23.216548262321428,23.30667495727539,23.216548262321428,23.30667495727539,10500,0.0,0.0,0.0
2006-10-25 00:00:00-04:00,23.432839663119637,23.432839663119637,23.171472549438477,23.171472549438477,60100,0.0,0.0,0.0
2006-10-26 00:00:00-04:00,23.568035125732422,23.568035125732422,23.568035125732422,23.568035125732422,200,0.0,0.0,0.0
2006-10-27 00:00:00-04:00,23.378775830867255,23.49593933029637,23.333711624145508,23.333711624145508,31000,0.0,0.0,0.0
2006-10-30 00:00:00-05:00,23.189500781044313,23.51395606994629,23.162463986317857,23.51395606994629,2600,0.0,0.0,0.0
2006-10-31 00:00:00-05:00,23.6131045487492,23.6131045487492,23.333711624145508,23.333711624145508,4400,0.0,0.0,0.0
2006-11-01 00:00:00-05:00,23.46890724918645,23.46890724918645,23.027286529541016,23.027286529541016,5900,0.0,0.0,0.0
2006-11-02 00:00:00-05:00,22.84702165091666,22.8920841217041,22.801957461106145,22.8920841217041,2700,0.0,0.0,0.0
2006-11-03 00:00:00-05:00,22.828994750976562,22.828994750976562,22.828994750976562,22.828994750976562,400,0.0,0.0,0.0
2006-11-06 00:00:00-05:00,23.117403030395508,23.117403030395508,23.117403030395508,23.117403030395508,200,0.0,0.0,0.0
2006-11-07 00:00:00-05:00,23.31568325427727,23.342720054177185,23.261606216430664,23.261606216430664,4400,0.0,0.0,0.0
2006-11-08 00:00:00-05:00,23.324691772460938,23.324691772460938,23.324691772460938,23.324691772460938,100,0.0,0.0,0.0
2006-11-09 00:00:00-05:00,23.324691772460938,23.324691772460938,23.324691772460938,23.324691772460938,0,0.0,0.0,0.0
2006-11-10 00:00:00-05:00,23.34272003173828,23.34272003173828,23.34272003173828,23.34272003173828,100,0.0,0.0,0.0
2006-11-13 00:00:00-05:00,23.441864013671875,23.441864013671875,23.441864013671875,23.441864013671875,200,0.0,0.0,0.0
2006-11-14 00:00:00-05:00,23.432847738790805,23.784339904785156,23.396796378676786,23.784339904785156,29100,0.0,0.0,0.0
2006-11-15 00:00:00-05:00,24.045696314328993,24.045696314328993,23.973595345490846,23.991621017456055,25400,0.0,0.0,0.0
2006-11-16 00:00:00-05:00,23.919530868530273,23.919530868530273,23.919530868530273,23.919530868530273,10000,0.0,0.0,0.0
2006-11-17 00:00:00-05:00,23.775328405957914,23.820392608642578,23.775328405957914,23.820392608642578,600,0.0,0.0,0.0
2006-11-20 00:00:00-05:00,23.973604221816373,23.973604221816373,23.856439029684307,23.89249038696289,10600,0.0,0.0,0.0
2006-11-21 00:00:00-05:00,23.89249038696289,23.89249038696289,23.89249038696289,23.89249038696289,0,0.0,0.0,0.0
2006-11-22 00:00:00-05:00,24.280031204223633,24.280031204223633,24.280031204223633,24.280031204223633,200,0.0,0.0,0.0
2006-11-24 00:00:00-05:00,24.19892107040519,24.2259578704834,24.19892107040519,24.2259578704834,300,0.0,0.0,0.0
2006-11-27 00:00:00-05:00,24.054720573567643,24.054720573567643,23.775327682495117,23.775327682495117,30400,0.0,0.0,0.0
2006-11-28 00:00:00-05:00,23.586058198165873,23.712234497070312,23.586058198165873,23.712234497070312,10400,0.0,0.0,0.0
2006-11-29 00:00:00-05:00,24.009654998779297,24.009654998779297,24.009654998779297,24.009654998779297,100,0.0,0.0,0.0
2006-11-30 00:00:00-05:00,23.85643019673967,24.018657806381178,23.85643019673967,23.991621017456055,1200,0.0,0.0,0.0
2006-12-01 00:00:00-05:00,23.802362457283948,23.829400973816686,23.69421182919949,23.721248626708984,16400,0.0,0.0,0.0
2006-12-04 00:00:00-05:00,24.11780981900918,24.379175322265297,24.11780981900918,24.35213851928711,25300,0.0,0.0,0.0
2006-12-05 00:00:00-05:00,24.43325481171186,24.43325481171186,24.39720344543457,24.39720344543457,900,0.0,0.0,0.0
2006-12-06 00:00:00-05:00,24.39720344543457,24.39720344543457,24.39720344543457,24.39720344543457,100,0.0,0.0,0.0
2006-12-07 00:00:00-05:00,24.33411664621171,24.33411664621171,24.2169531372486,24.243989944458008,31100,0.0,0.0,0.0
2006-12-08 00:00:00-05:00,24.090771308105438,24.162872314453125,24.090771308105438,24.162872314453125,1200,0.0,0.0,0.0
2006-12-11 00:00:00-05:00,24.162872314453125,24.162872314453125,24.162872314453125,24.162872314453125,0,0.0,0.0,0.0
2006-12-12 00:00:00-05:00,24.144850346376188,24.144850346376188,24.10879898071289,24.10879898071289,600,0.0,0.0,0.0
2006-12-13 00:00:00-05:00,24.207925672500924,24.243975300012504,24.207925672500924,24.234962463378906,32100,0.0,0.0,0.0
2006-12-14 00:00:00-05:00,24.514370584583972,24.514370584583972,24.50535774230957,24.50535774230957,700,0.0,0.0,0.0
2006-12-15 00:00:00-05:00,24.54524244153483,24.54524244153483,24.46363639831543,24.46363639831543,300,0.164,0.0,0.0
2006-12-18 00:00:00-05:00,24.19161413200827,24.19161413200827,24.164411544799805,24.164411544799805,1200,0.0,0.0,0.0
2006-12-19 00:00:00-05:00,24.010270809619637,24.18255043029785,23.955867356046635,24.18255043029785,7800,0.0,0.0,0.0
2006-12-20 00:00:00-05:00,24.309486410548057,24.336688995361328,24.309486410548057,24.336688995361328,300,0.0,0.0,0.0
2006-12-21 00:00:00-05:00,24.119070069942158,24.309482948152045,24.119070069942158,24.137205123901367,20600,0.0,0.0,0.0
2006-12-22 00:00:00-05:00,24.200685505988922,24.209753036499023,24.191617975478817,24.209753036499023,1000,0.0,0.0,0.0
2006-12-26 00:00:00-05:00,24.091875098521022,24.17348113765913,24.091875098521022,24.128145217895508,1900,0.0,0.0,0.0
2006-12-27 00:00:00-05:00,24.345771452592462,24.454578399658203,24.345771452592462,24.454578399658203,1500,0.0,0.0,0.0
2006-12-28 00:00:00-05:00,24.45456709890507,24.45456709890507,24.400163650512695,24.400163650512695,600,0.0,0.0,0.0
2006-12-29 00:00:00-05:00,24.40017542827229,24.40017542827229,24.23696327485959,24.255098342895508,2400,0.0,0.0,0.0
2007-01-03 00:00:00-05:00,24.35482775472154,24.436433792114258,24.35482775472154,24.436433792114258,3400,0.0,0.0,0.0
2007-01-04 00:00:00-05:00,24.436433792114258,24.436433792114258,24.436433792114258,24.436433792114258,0,0.0,0.0,0.0
2007-01-05 00:00:00-05:00,24.436433792114258,24.436433792114258,24.436433792114258,24.436433792114258,0,0.0,0.0,0.0
2007-01-08 00:00:00-05:00,24.436433792114258,24.436433792114258,24.436433792114258,24.436433792114258,0,0.0,0.0,0.0
2007-01-09 00:00:00-05:00,24.599653258350774,24.6540584564209,24.599653258350774,24.6540584564209,800,0.0,0.0,0.0
2007-01-10 00:00:00-05:00,24.572448432410816,24.708457946777344,24.572448432410816,24.708457946777344,400,0.0,0.0,0.0
2007-01-11 00:00:00-05:00,25.05301284790039,25.05301284790039,25.05301284790039,25.05301284790039,500,0.0,0.0,0.0
2007-01-12 00:00:00-05:00,25.05301284790039,25.05301284790039,25.05301284790039,25.05301284790039,0,0.0,0.0,0.0
2007-01-16 00:00:00-05:00,25.38849660939797,25.4247667204065,25.17088113170905,25.216217041015625,106700,0.0,0.0,0.0
2007-01-17 00:00:00-05:00,25.279699629162472,25.279699629162472,25.098354179101374,25.14369010925293,39900,0.0,0.0,0.0
2007-01-18 00:00:00-05:00,25.152757798590574,25.252498920894066,25.08928680419922,25.08928680419922,242400,0.0,0.0,0.0
2007-01-19 00:00:00-05:00,25.11649162903565,25.11649162903565,24.96234703063965,24.96234703063965,6400,0.0,0.0,0.0
2007-01-22 00:00:00-05:00,25.125553576582956,25.125553576582956,24.92607307434082,24.92607307434082,1700,0.0,0.0,0.0
2007-01-23 00:00:00-05:00,24.980474635846154,25.062080682713834,24.88073525702816,24.95327377319336,12700,0.0,0.0,0.0
2007-01-24 00:00:00-05:00,25.053016519494943,25.152757641174215,25.053016519494943,25.14369010925293,5100,0.0,0.0,0.0
2007-01-25 00:00:00-05:00,25.14368716207401,25.14368716207401,24.690320995879578,24.744726181030273,9900,0.0,0.0,0.0
2007-01-26 00:00:00-05:00,24.844465396814716,24.844465396814716,24.67218577055595,24.771926879882812,800,0.0,0.0,0.0
2007-01-29 00:00:00-05:00,24.88980483218169,24.88980483218169,24.771928652821725,24.87166976928711,5900,0.0,0.0,0.0
2007-01-30 00:00:00-05:00,24.926071326305834,24.926071326305834,24.862600340473335,24.889802932739258,2500,0.0,0.0,0.0
2007-01-31 00:00:00-05:00,24.935140176030266,25.152755737304688,24.935140176030266,25.152755737304688,1700,0.0,0.0,0.0
2007-02-01 00:00:00-05:00,25.2434307828418,25.361305236816406,25.2434307828418,25.361305236816406,5800,0.0,0.0,0.0
2007-02-02 00:00:00-05:00,25.56986078871676,25.56986078871676,25.36131096999408,25.42478370666504,4300,0.0,0.0,0.0
2007-02-05 00:00:00-05:00,25.370372768576736,25.40664289561806,25.361305236816406,25.361305236816406,2300,0.0,0.0,0.0
2007-02-06 00:00:00-05:00,25.524519135551664,25.524519135551664,25.388509608539767,25.497318267822266,12800,0.0,0.0,0.0
2007-02-07 00:00:00-05:00,25.651458722362047,25.651458722362047,25.615188598632812,25.615188598632812,1700,0.0,0.0,0.0
2007-02-08 00:00:00-05:00,25.651460500405676,25.75119988866518,25.651460500405676,25.7239990234375,8400,0.0,0.0,0.0
2007-02-09 00:00:00-05:00,25.606123405980792,25.606123405980792,25.361305236816406,25.361305236816406,300,0.0,0.0,0.0
2007-02-12 00:00:00-05:00,25.288763061112217,25.31596565246582,25.288763061112217,25.31596565246582,700,0.0,0.0,0.0
2007-02-13 00:00:00-05:00,25.397573475383627,25.406641006469727,25.397573475383627,25.406641006469727,900,0.0,0.0,0.0
2007-02-14 00:00:00-05:00,25.60612488416291,25.62425994873047,25.60612488416291,25.62425994873047,200,0.0,0.0,0.0
2007-02-15 00:00:00-05:00,25.705863640325816,25.832805621687616,25.67866104598195,25.80560302734375,1500,0.0,0.0,0.0
2007-02-16 00:00:00-05:00,25.769334944088754,25.769334944088754,25.70586395263672,25.70586395263672,1200,0.0,0.0,0.0
2007-02-20 00:00:00-05:00,26.086688836721205,26.168294882548853,26.086688836721205,26.122957229614258,1500,0.0,0.0,0.0
2007-02-21 00:00:00-05:00,26.132026837979637,26.132026837979637,26.050420785663427,26.104825973510742,1900,0.0,0.0,0.0
2007-02-22 00:00:00-05:00,26.050417102807575,26.141090673612773,26.014148712158203,26.014148712158203,2600,0.0,0.0,0.0
2007-02-23 00:00:00-05:00,25.996023176048162,25.996023176048162,25.986955642700195,25.986955642700195,1100,0.0,0.0,0.0
2007-02-26 00:00:00-05:00,26.00508558400397,26.00508558400397,25.7239990234375,25.7239990234375,1600,0.0,0.0,0.0
2007-02-27 00:00:00-05:00,25.15275260022355,25.161820130327584,24.78099251323093,24.79006004333496,3700,0.0,0.0,0.0
2007-02-28 00:00:00-05:00,25.034885078639636,25.12555694580078,24.989547415604058,25.12555694580078,600,0.0,0.0,0.0
2007-03-01 00:00:00-05:00,24.64499202224709,25.053020649235158,24.64499202224709,25.025819778442383,1300,0.0,0.0,0.0
2007-03-02 00:00:00-05:00,24.88980483218169,24.917005697068767,24.80819877861088,24.87166976928711,6200,0.0,0.0,0.0
2007-03-05 00:00:00-05:00,24.57244502216658,24.599645883591975,24.44550132751465,24.44550132751465,5900,0.0,0.0,0.0
2007-03-06 00:00:00-05:00,24.626846083424454,24.871664189210772,24.581510165814127,24.8172607421875,2700,0.0,0.0,0.0
2007-03-07 00:00:00-05:00,24.790061805352643,24.926071307671275,24.708455758070535,24.853532791137695,12400,0.0,0.0,0.0
2007-03-08 00:00:00-05:00,25.14367854845265,25.315958116834995,25.14367854845265,25.216217041015625,6700,0.0,0.0,0.0
2007-03-09 00:00:00-05:00,25.216217041015625,25.216217041015625,25.216217041015625,25.216217041015625,0,0.0,0.0,0.0
2007-03-12 00:00:00-04:00,25.334108352661133,25.334108352661133,25.334108352661133,25.334108352661133,500,0.0,0.0,0.0
2007-03-13 00:00:00-04:00,25.21622330739536,25.21622330739536,24.89886667502208,24.935136795043945,2100,0.0,0.0,0.0
2007-03-14 00:00:00-04:00,24.926067630218146,24.926067630218146,24.80819320678711,24.80819320678711,3500,0.0,0.0,0.0
2007-03-15 00:00:00-04:00,25.016748267581335,25.08928679392101,25.016748267581335,25.062084197998047,2400,0.0,0.0,0.0
2007-03-16 00:00:00-04:00,25.025810371056675,25.10741641166901,24.944204330444336,24.944204330444336,5100,0.0,0.0,0.0
2007-03-19 00:00:00-04:00,25.216217041015625,25.216217041015625,25.216217041015625,25.216217041015625,200,0.0,0.0,0.0
2007-03-20 00:00:00-04:00,25.297830443788243,25.37036895751953,25.297830443788243,25.37036895751953,900,0.0,0.0,0.0
2007-03-21 00:00:00-04:00,25.415709841568034,25.660526275634766,25.415709841568034,25.660526275634766,1600,0.0,0.0,0.0
2007-03-22 00:00:00-04:00,25.633319564036686,25.73305892944336,25.633319564036686,25.73305892944336,17300,0.0,0.0,0.0
2007-03-23 00:00:00-04:00,25.63332149527491,25.787466049194336,25.63332149527491,25.787466049194336,6300,0.0,0.0,0.0
2007-03-26 00:00:00-04:00,25.760267420226008,25.760267420226008,25.542651851130536,25.7239990234375,28600,0.0,0.0,0.0
2007-03-27 00:00:00-04:00,25.633327794834162,25.633327794834162,25.497318267822266,25.497318267822266,2100,0.0,0.0,0.0
2007-03-28 00:00:00-04:00,25.306892388015832,25.306892388015832,25.288757331222445,25.29782485961914,1600,0.0,0.0,0.0
2007-03-29 00:00:00-04:00,25.361294026141575,25.361294026141575,25.216217041015625,25.216217041015625,5500,0.0,0.0,0.0
2007-03-30 00:00:00-04:00,25.479177891153824,25.479177891153824,25.26156234741211,25.26156234741211,1400,0.0,0.0,0.0
2007-04-02 00:00:00-04:00,25.433841576039402,25.551717749340337,25.433841576039402,25.53358268737793,1400,0.0,0.0,0.0
2007-04-03 00:00:00-04:00,25.71492562944429,25.932541148928255,25.71492562944429,25.778396606445312,7000,0.0,0.0,0.0
2007-04-04 00:00:00-04:00,25.805608757146075,25.878149024836347,25.805608757146075,25.84187889099121,1200,0.0,0.0,0.0
2007-04-05 00:00:00-04:00,25.878139209977565,25.996013641357422,25.878139209977565,25.996013641357422,4400,0.0,0.0,0.0
2007-04-09 00:00:00-04:00,25.905338305341665,25.96880928171765,25.905338305341665,25.932540893554688,2600,0.0,0.0,0.0
2007-04-10 00:00:00-04:00,25.98694799914728,25.98694799914728,25.959745407104492,25.959745407104492,1100,0.0,0.0,0.0
2007-04-11 00:00:00-04:00,25.751197810370034,25.88720731389597,25.742130279541016,25.742130279541016,2100,0.0,0.0,0.0
2007-04-12 00:00:00-04:00,25.723996675749028,25.90534210205078,25.723996675749028,25.90534210205078,1400,0.0,0.0,0.0
2007-04-13 00:00:00-04:00,25.84187889099121,25.850946424452495,25.81467629060736,25.84187889099121,2100,0.0,0.0,0.0
2007-04-16 00:00:00-04:00,26.041358795816194,26.15016746520996,26.041358795816194,26.15016746520996,6700,0.0,0.0,0.0
2007-04-17 00:00:00-04:00,26.204563131142333,26.204563131142333,26.077621162533738,26.18642807006836,16200,0.0,0.0,0.0
2007-04-18 00:00:00-04:00,26.15922720791201,26.222698192216306,26.141092146838037,26.18642807006836,3100,0.0,0.0,0.0
2007-04-19 00:00:00-04:00,25.95974159845702,26.005079245210013,25.95974159845702,25.968809127807617,1600,0.0,0.0,0.0
2007-04-20 00:00:00-04:00,26.168304271706187,26.2589761511991,26.168304271706187,26.204572677612305,4200,0.0,0.0,0.0
2007-04-23 00:00:00-04:00,26.222698192216306,26.222698192216306,26.18642807006836,26.18642807006836,1900,0.0,0.0,0.0
2007-04-24 00:00:00-04:00,26.11388822469025,26.11388822469025,25.9506778717041,25.9506778717041,12200,0.0,0.0,0.0
2007-04-25 00:00:00-04:00,26.159227351961935,26.159227351961935,26.122957229614258,26.122957229614258,600,0.0,0.0,0.0
2007-04-26 00:00:00-04:00,26.35870361328125,26.35870361328125,26.35870361328125,26.35870361328125,200,0.0,0.0,0.0
2007-04-27 00:00:00-04:00,26.249910025563768,26.431255511785498,26.249910025563768,26.394987106323242,3100,0.0,0.0,0.0
2007-04-30 00:00:00-04:00,26.431244859496616,26.431244859496616,25.9506778717041,25.9506778717041,5600,0.0,0.0,0.0
2007-05-01 00:00:00-04:00,25.914405705273197,26.00507926940918,25.86000225857336,26.00507926940918,1500,0.0,0.0,0.0
2007-05-02 00:00:00-04:00,26.231767650221812,26.231767650221812,26.222700119018555,26.222700119018555,900,0.0,0.0,0.0
2007-05-03 00:00:00-04:00,26.09575843811035,26.104825969416815,26.077623375497424,26.09575843811035,4100,0.0,0.0,0.0
2007-05-04 00:00:00-04:00,26.1138916015625,26.141094195305108,26.1138916015625,26.1138916015625,5000,0.0,0.0,0.0
2007-05-07 00:00:00-04:00,26.122959302574984,26.177364490413765,26.09575843811035,26.09575843811035,6400,0.0,0.0,0.0
2007-05-08 00:00:00-04:00,26.059488458229236,26.059488458229236,25.932546478140257,26.02322006225586,3700,0.0,0.0,0.0
2007-05-09 00:00:00-04:00,26.02322006225586,26.02322006225586,26.02322006225586,26.02322006225586,0,0.0,0.0,0.0
2007-05-10 00:00:00-04:00,26.14109848955896,26.14109848955896,25.91441535949707,25.91441535949707,1200,0.0,0.0,0.0
2007-05-11 00:00:00-04:00,25.968809127807617,25.968809127807617,25.968809127807617,25.968809127807617,700,0.0,0.0,0.0
2007-05-14 00:00:00-04:00,26.041347633158026,26.041347633158026,25.968809127807617,25.968809127807617,1500,0.0,0.0,0.0
2007-05-15 00:00:00-04:00,25.941618125358854,25.941618125358854,25.87814712524414,25.87814712524414,2000,0.0,0.0,0.0
2007-05-16 00:00:00-04:00,25.932540739859604,25.968809127807617,25.89627062245721,25.968809127807617,5900,0.0,0.0,0.0
2007-05-17 00:00:00-04:00,26.059486389160156,26.059486389160156,26.04135132788597,26.059486389160156,900,0.0,0.0,0.0
2007-05-18 00:00:00-04:00,26.00508850116821,26.19550149694109,26.00508850116821,26.16830062866211,1800,0.0,0.0,0.0
2007-05-21 00:00:00-04:00,26.16830062866211,26.16830062866211,26.16830062866211,26.16830062866211,0,0.0,0.0,0.0
2007-05-22 00:00:00-04:00,26.385911647264354,26.530988684448175,26.358709054246876,26.512853622436523,1900,0.0,0.0,0.0
2007-05-23 00:00:00-04:00,26.540060181715486,26.612598711147868,26.422183990478516,26.422183990478516,2000,0.0,0.0,0.0
2007-05-24 00:00:00-04:00,26.53098527321183,26.53098527321183,26.304302215576172,26.304302215576172,6100,0.0,0.0,0.0
2007-05-25 00:00:00-04:00,26.304302215576172,26.304302215576172,26.304302215576172,26.304302215576172,0,0.0,0.0,0.0
2007-05-29 00:00:00-04:00,26.304302215576172,26.304302215576172,26.304302215576172,26.304302215576172,0,0.0,0.0,0.0
2007-05-30 00:00:00-04:00,26.37684397464081,26.585391998291016,26.331508049309786,26.585391998291016,35000,0.0,0.0,0.0
2007-05-31 00:00:00-04:00,26.694200653692658,26.694200653692658,26.54912361721509,26.612594604492188,4700,0.0,0.0,0.0
2007-06-01 00:00:00-04:00,26.748605728149414,26.830211782286593,26.730470665128976,26.748605728149414,3300,0.0,0.0,0.0
2007-06-04 00:00:00-04:00,26.685134752535415,26.875547725996253,26.639797094957977,26.784875869750977,124600,0.0,0.0,0.0
2007-06-05 00:00:00-04:00,26.657932432848078,26.657932432848078,26.59446144104004,26.59446144104004,200,0.0,0.0,0.0
2007-06-06 00:00:00-04:00,26.24990431322319,26.340576171875,26.24990431322319,26.340576171875,15000,0.0,0.0,0.0
2007-06-07 00:00:00-04:00,26.21362932606056,26.23176438621053,25.9506778717041,25.9506778717041,2100,0.0,0.0,0.0
2007-06-08 00:00:00-04:00,25.932549961599612,26.141098022460938,25.850943897879095,26.141098022460938,262200,0.0,0.0,0.0
2007-06-11 00:00:00-04:00,26.10482389789504,26.159227351961935,26.059486244960446,26.122957229614258,11100,0.0,0.0,0.0
2007-06-12 00:00:00-04:00,25.95974760304942,25.95974760304942,25.80560302734375,25.80560302734375,1300,0.0,0.0,0.0
2007-06-13 00:00:00-04:00,25.905343884069147,26.02322006225586,25.905343884069147,26.02322006225586,1000,0.0,0.0,0.0
2007-06-14 00:00:00-04:00,26.222700255412718,26.222700255412718,26.104825808066774,26.13202667236328,2000,0.0,0.0,0.0
2007-06-15 00:00:00-04:00,26.440358361238676,26.440358361238676,26.35849952697754,26.35849952697754,500,0.089,0.0,0.0
2007-06-18 00:00:00-04:00,26.385784209739242,26.385784209739242,26.249353408813477,26.249353408813477,1400,0.0,0.0,0.0
2007-06-19 00:00:00-04:00,26.294831902826093,26.322118759155273,26.267545046496913,26.322118759155273,3600,0.0,0.0,0.0
2007-06-20 00:00:00-04:00,26.367596302741127,26.39488316029612,26.267546226518128,26.276641845703125,2900,0.0,0.0,0.0
2007-06-21 00:00:00-04:00,25.931019047898392,26.04016301715305,25.931019047898392,26.003782272338867,500,0.0,0.0,0.0
2007-06-22 00:00:00-04:00,26.012875837721303,26.012875837721303,25.730918582135256,25.794586181640625,3700,0.0,0.0,0.0
2007-06-25 00:00:00-04:00,25.75820189679404,25.94920641671458,25.63996232527131,25.694534301757812,32100,0.0,0.0,0.0
2007-06-26 00:00:00-04:00,25.776398227023787,25.776398227023787,25.47624969482422,25.47624969482422,40500,0.0,0.0,0.0
2007-06-27 00:00:00-04:00,25.539916582140993,26.01287841796875,25.539916582140993,26.01287841796875,700,0.0,0.0,0.0
2007-06-28 00:00:00-04:00,25.96739293880299,26.10382546657908,25.96739293880299,26.085634231567383,6500,0.0,0.0,0.0
2007-06-29 00:00:00-04:00,25.94921037660991,25.94921037660991,25.776397067417204,25.867351531982422,22500,0.0,0.0,0.0
2007-07-02 00:00:00-04:00,26.094736099243164,26.094736099243164,26.031068496264307,26.094736099243164,7000,0.0,0.0,0.0
2007-07-03 00:00:00-04:00,26.149310229631936,26.25845593999473,26.149310229631936,26.203882217407227,5200,0.0,0.0,0.0
2007-07-05 00:00:00-04:00,26.212972543800213,26.31302261352539,26.203876925205936,26.31302261352539,2000,0.0,0.0,0.0
2007-07-06 00:00:00-04:00,26.303926830342757,26.567692828678894,26.303926830342757,26.549503326416016,11800,0.0,0.0,0.0
2007-07-09 00:00:00-04:00,26.458556794668453,26.494937544894498,26.458556794668453,26.485843658447266,7600,0.0,0.0,0.0
2007-07-10 00:00:00-04:00,26.29483805524768,26.29483805524768,26.15840721130371,26.15840721130371,1900,0.0,0.0,0.0
2007-07-11 00:00:00-04:00,26.158404447978757,26.17659568786621,26.158404447978757,26.17659568786621,6000,0.0,0.0,0.0
2007-07-12 00:00:00-04:00,26.42216904472609,26.631364822387695,26.42216904472609,26.631364822387695,5800,0.0,0.0,0.0
2007-07-13 00:00:00-04:00,26.64956217614685,26.740516662597656,26.640468288833052,26.740516662597656,600,0.0,0.0,0.0
2007-07-16 00:00:00-04:00,26.74960844937688,26.840562922786674,26.68594083843371,26.704132080078125,5800,0.0,0.0,0.0
2007-07-17 00:00:00-04:00,26.704132080078125,26.704132080078125,26.704132080078125,26.704132080078125,0,0.0,0.0,0.0
2007-07-18 00:00:00-04:00,26.431262643256446,26.45854949951172,26.394881903061307,26.45854949951172,900,0.0,0.0,0.0
2007-07-19 00:00:00-04:00,26.658660210058663,26.713233947753906,26.658660210058663,26.713233947753906,1400,0.0,0.0,0.0
2007-07-20 00:00:00-04:00,26.613170787232683,26.613170787232683,26.31302231625987,26.376689910888672,4300,0.0,0.0,0.0
2007-07-23 00:00:00-04:00,26.494936953449198,26.494936953449198,26.340314865112305,26.340314865112305,500,0.0,0.0,0.0
2007-07-24 00:00:00-04:00,26.149308924432436,26.149308924432436,25.767301559448242,25.767301559448242,13000,0.0,0.0,0.0
2007-07-25 00:00:00-04:00,25.84006605211964,25.84006605211964,25.43986742754793,25.549013137817383,11800,0.0,0.0,0.0
2007-07-26 00:00:00-04:00,25.148807643844997,25.33071653300157,24.63946518294302,24.875946044921875,172100,0.0,0.0,0.0
2007-07-27 00:00:00-04:00,24.848665438515635,24.848665438515635,24.302940368652344,24.302940368652344,5400,0.0,0.0,0.0
2007-07-30 00:00:00-04:00,24.402992043970247,24.675853729248047,24.393896423152682,24.675853729248047,4500,0.0,0.0,0.0
2007-07-31 00:00:00-04:00,24.912328231036433,24.912328231036433,24.284746170043945,24.284746170043945,16800,0.0,0.0,0.0
2007-08-01 00:00:00-04:00,24.421173222183842,24.484840806858514,24.15740553160411,24.1846923828125,20100,0.0,0.0,0.0
2007-08-02 00:00:00-04:00,24.52123363671826,24.52123363671826,24.484852885305248,24.50304412841797,400,0.0,0.0,0.0
2007-08-03 00:00:00-04:00,24.330229243054983,24.330229243054983,23.820886611938477,23.820886611938477,2100,0.0,0.0,0.0
2007-08-06 00:00:00-04:00,23.87545702592382,24.102842330932617,23.793598177335674,24.102842330932617,50800,0.0,0.0,0.0
2007-08-07 00:00:00-04:00,24.075550868340805,24.566703865997667,24.075550868340805,24.430273056030273,56300,0.0,0.0,0.0
2007-08-08 00:00:00-04:00,24.67584326850602,24.67584326850602,24.230168446252396,24.24835968017578,18100,0.0,0.0,0.0
2007-08-09 00:00:00-04:00,23.884549726254033,24.148315745714715,23.60259246826172,23.60259246826172,49400,0.0,0.0,0.0
2007-08-10 00:00:00-04:00,23.12962580314513,24.020975485691785,23.12962580314513,23.857257843017578,13500,0.0,0.0,0.0
2007-08-13 00:00:00-04:00,24.20288513880582,24.321124698520492,23.939117431640625,23.939117431640625,47500,0.0,0.0,0.0
2007-08-14 00:00:00-04:00,23.939119430584995,23.984597522589407,23.393394470214844,23.393394470214844,7700,0.0,0.0,0.0
2007-08-15 00:00:00-04:00,23.347919384400182,23.51163705490742,22.9931989215091,23.002294540405273,8300,0.0,0.0,0.0
2007-08-16 00:00:00-04:00,22.856769784053643,23.23877716064453,22.60209935620117,23.23877716064453,1400,0.0,0.0,0.0
2007-08-17 00:00:00-04:00,23.911837784740126,23.92093166965058,23.520734810731508,23.55711555480957,18500,0.0,0.0,0.0
2007-08-20 00:00:00-04:00,23.739026166488856,24.56670853712032,23.520736482072973,23.757217407226562,10900,0.0,0.0,0.0
2007-08-21 00:00:00-04:00,23.802689125670188,23.8845479581909,23.76630665130015,23.811784744262695,1600,0.0,0.0,0.0
2007-08-22 00:00:00-04:00,24.0846488798715,24.166507720947266,24.057363756054276,24.166507720947266,1000,0.0,0.0,0.0
2007-08-23 00:00:00-04:00,24.166512487194026,24.166512487194026,23.93003153686981,23.975509643554688,6000,0.0,0.0,0.0
2007-08-24 00:00:00-04:00,23.939126300741407,24.339324951171875,23.939126300741407,24.339324951171875,44400,0.0,0.0,0.0
2007-08-27 00:00:00-04:00,24.020983073437502,24.020983073437502,23.993696212768555,23.993696212768555,1900,0.0,0.0,0.0
2007-08-28 00:00:00-04:00,23.62078968185311,23.648076548557043,23.329736709594727,23.329736709594727,42700,0.0,0.0,0.0
2007-08-29 00:00:00-04:00,23.529827051653484,23.666257858276367,23.529827051653484,23.666257858276367,4200,0.0,0.0,0.0
2007-08-30 00:00:00-04:00,23.793602311277045,23.92093754906551,23.729934692382812,23.729934692382812,6700,0.0,0.0,0.0
2007-08-31 00:00:00-04:00,23.729934692382812,23.729934692382812,23.729934692382812,23.729934692382812,0,0.0,0.0,0.0
2007-09-04 00:00:00-04:00,24.03916569449151,24.24835968017578,24.03916569449151,24.24835968017578,10400,0.0,0.0,0.0
2007-09-05 00:00:00-04:00,24.002785107623545,24.002785107623545,23.81178234089472,23.839067459106445,3500,0.0,0.0,0.0
2007-09-06 00:00:00-04:00,24.011886685682665,24.011886685682665,23.675357422250226,23.875455856323242,10900,0.0,0.0,0.0
2007-09-07 00:00:00-04:00,23.51163819514354,23.51163819514354,23.266061677473033,23.366111755371094,3900,0.0,0.0,0.0
2007-09-10 00:00:00-04:00,23.557116374695717,23.557116374695717,22.88405610511151,23.193300247192383,10800,0.0,0.0,0.0
2007-09-11 00:00:00-04:00,23.175102911730846,23.357011795043945,23.175102911730846,23.357011795043945,2200,0.0,0.0,0.0
2007-09-12 00:00:00-04:00,23.28425490824388,23.475257726232062,23.22968292236328,23.22968292236328,1700,0.0,0.0,0.0
2007-09-13 00:00:00-04:00,23.393397020495524,23.62987792026345,23.375207516522618,23.575305938720703,1700,0.0,0.0,0.0
2007-09-14 00:00:00-04:00,23.229678743280356,23.429777145385742,23.229678743280356,23.429777145385742,1200,0.0,0.0,0.0
2007-09-17 00:00:00-04:00,23.511629953000636,23.520725569149395,23.420675526324477,23.493438720703125,1300,0.0,0.0,0.0
2007-09-18 00:00:00-04:00,23.53891791617873,24.330219268798828,23.53891791617873,24.330219268798828,1000,0.0,0.0,0.0
2007-09-19 00:00:00-04:00,24.72132882100974,24.72132882100974,24.584897994995117,24.584897994995117,1900,0.0,0.0,0.0
2007-09-20 00:00:00-04:00,24.557608247358257,24.557608247358257,24.402986200112046,24.430273056030273,700,0.0,0.0,0.0
2007-09-21 00:00:00-04:00,24.48485141772617,24.48485141772617,24.30294246712714,24.339324951171875,3400,0.0,0.0,0.0
2007-09-24 00:00:00-04:00,24.30294496025794,24.30294496025794,24.066463994144602,24.075559616088867,8200,0.0,0.0,0.0
2007-09-25 00:00:00-04:00,23.820889766521123,23.993701383563266,23.820889766521123,23.91184425354004,3100,0.0,0.0,0.0
2007-09-26 00:00:00-04:00,24.11193499010655,24.11193499010655,24.057363009353878,24.08464813232422,1000,0.0,0.0,0.0
2007-09-27 00:00:00-04:00,24.20288333017887,24.24835968017578,24.20288333017887,24.24835968017578,1100,0.0,0.0,0.0
2007-09-28 00:00:00-04:00,24.239268800812788,24.239268800812788,24.07555113312658,24.09374237060547,4800,0.0,0.0,0.0
2007-10-01 00:00:00-04:00,24.257469177246094,24.257469177246094,24.257469177246094,24.257469177246094,200,0.0,0.0,0.0
2007-10-02 00:00:00-04:00,24.521225772800623,24.53032139144003,24.430273056030273,24.430273056030273,3300,0.0,0.0,0.0
2007-10-03 00:00:00-04:00,24.53033447265625,24.53033447265625,24.53033447265625,24.53033447265625,200,0.0,0.0,0.0
2007-10-04 00:00:00-04:00,24.43937207652259,24.43937207652259,24.321130752563477,24.321130752563477,936600,0.0,0.0,0.0
2007-10-05 00:00:00-04:00,24.57580942838252,24.92143440246582,24.57580942838252,24.92143440246582,1000,0.0,0.0,0.0
2007-10-08 00:00:00-04:00,24.82138405235943,24.85776480393179,24.748619079589844,24.748619079589844,2000,0.0,0.0,0.0
2007-10-09 00:00:00-04:00,24.775905798131724,24.85776465720188,24.775905798131724,24.812288284301758,1500,0.0,0.0,0.0
2007-10-10 00:00:00-04:00,24.821379586689428,24.839569091796875,24.7304251219037,24.839569091796875,2400,0.0,0.0,0.0
2007-10-11 00:00:00-04:00,24.87595153172834,24.93052351658738,24.448466068364855,24.49394416809082,6500,0.0,0.0,0.0
2007-10-12 00:00:00-04:00,24.49394416809082,24.49394416809082,24.49394416809082,24.49394416809082,0,0.0,0.0,0.0
2007-10-15 00:00:00-04:00,24.46665495303711,24.46665495303711,24.312032898477348,24.34841537475586,600,0.0,0.0,0.0
2007-10-16 00:00:00-04:00,24.248360448361865,24.330219268798828,24.248360448361865,24.330219268798828,2000,0.0,0.0,0.0
2007-10-17 00:00:00-04:00,24.375692892748415,24.38478850898051,24.048259382449938,24.211977005004883,8900,0.0,0.0,0.0
2007-10-18 00:00:00-04:00,24.111933608084357,24.111933608084357,24.09374237060547,24.09374237060547,300,0.0,0.0,0.0
2007-10-19 00:00:00-04:00,24.039171810152812,24.039171810152812,23.638973236083984,23.638973236083984,4900,0.0,0.0,0.0
2007-10-22 00:00:00-04:00,23.666258570995723,23.939120192458834,23.666258570995723,23.920928955078125,5100,0.0,0.0,0.0
2007-10-23 00:00:00-04:00,23.802688598632812,23.811784217023927,23.702638531142384,23.802688598632812,37300,0.0,0.0,0.0
2007-10-24 00:00:00-04:00,23.548021209344405,23.95731544494629,23.548021209344405,23.95731544494629,68900,0.0,0.0,0.0
2007-10-25 00:00:00-04:00,24.020976342972485,24.1483115207917,23.839067459106445,23.839067459106445,13100,0.0,0.0,0.0
2007-10-26 00:00:00-04:00,24.09374237060547,24.09374237060547,24.09374237060547,24.09374237060547,200,0.0,0.0,0.0
2007-10-29 00:00:00-04:00,24.16651162158403,24.38480132141547,24.16651162158403,24.339324951171875,24600,0.0,0.0,0.0
2007-10-30 00:00:00-04:00,24.366613086524602,24.46666145324707,24.366613086524602,24.46666145324707,20700,0.0,0.0,0.0
2007-10-31 00:00:00-04:00,24.46665606808564,24.721328209205833,24.46665606808564,24.71223258972168,500,0.0,0.0,0.0
2007-11-01 00:00:00-04:00,24.175600946847474,24.175600946847474,23.948215685219935,23.98459815979004,2800,0.0,0.0,0.0
2007-11-02 00:00:00-04:00,23.930028915405273,23.993696522977118,23.77540683923985,23.930028915405273,7500,0.0,0.0,0.0
2007-11-05 00:00:00-05:00,23.67535212759905,23.766304836956994,23.58439768342938,23.711732864379883,7100,0.0,0.0,0.0
2007-11-06 00:00:00-05:00,23.6935404884011,23.793590545654297,23.675350988291868,23.793590545654297,500,0.0,0.0,0.0
2007-11-07 00:00:00-05:00,23.60259911233627,23.648075486654847,23.147828429900603,23.31154441833496,273900,0.0,0.0,0.0
2007-11-08 00:00:00-05:00,23.175113560566757,23.39340327995838,22.8658693577255,23.31154441833496,204200,0.0,0.0,0.0
2007-11-09 00:00:00-05:00,22.94772477084998,23.147824951331348,22.91134402382478,22.938629150390625,3200,0.0,0.0,0.0
2007-11-12 00:00:00-05:00,23.056865490930267,23.06596110942089,23.020483016967773,23.020483016967773,900,0.0,0.0,0.0
2007-11-13 00:00:00-05:00,23.038673540062955,23.21148681640625,23.038673540062955,23.21148681640625,700,0.0,0.0,0.0
2007-11-14 00:00:00-05:00,23.502547915700365,23.502547915700365,23.220590591430664,23.220590591430664,6200,0.0,0.0,0.0
2007-11-15 00:00:00-05:00,22.965906257362928,22.99319310715133,22.72942543029785,22.72942543029785,6600,0.0,0.0,0.0
2007-11-16 00:00:00-05:00,22.593005064870606,22.611196306447845,22.483859350219454,22.538433074951172,3200,0.0,0.0,0.0
2007-11-19 00:00:00-05:00,22.365614633380666,22.365614633380666,22.065466155265348,22.138229370117188,6600,0.0,0.0,0.0
2007-11-20 00:00:00-05:00,22.256463550549846,22.338322364273765,21.78350363602566,21.974506378173828,12000,0.0,0.0,0.0
2007-11-21 00:00:00-05:00,21.847185854939198,21.929044723510742,21.71075498559083,21.929044723510742,2100,0.0,0.0,0.0
2007-11-23 00:00:00-05:00,22.101846273504165,22.229183197021484,22.01998744224726,22.229183197021484,1600,0.0,0.0,0.0
2007-11-26 00:00:00-05:00,22.23828480054252,22.23828480054252,21.719844818115234,21.719844818115234,1600,0.0,0.0,0.0
2007-11-27 00:00:00-05:00,21.847176320284714,21.847176320284714,21.656171798706055,21.656171798706055,2500,0.0,0.0,0.0
2007-11-28 00:00:00-05:00,22.34742694494204,22.556621004011532,22.34742694494204,22.511144638061523,3500,0.0,0.0,0.0
2007-11-29 00:00:00-05:00,22.256471523870857,22.356521606445312,22.256471523870857,22.356521606445312,11100,0.0,0.0,0.0
2007-11-30 00:00:00-05:00,22.73852108610758,22.77490355255486,22.529327108470145,22.592994689941406,21300,0.0,0.0,0.0
2007-12-03 00:00:00-05:00,22.42018749665765,22.53842880972113,22.392902374267578,22.392902374267578,8500,0.0,0.0,0.0
2007-12-04 00:00:00-05:00,22.083659515928517,22.28375794230669,22.083659515928517,22.210994720458984,24500,0.0,0.0,0.0
2007-12-05 00:00:00-05:00,22.256471829532718,22.29285430908203,22.17461298535887,22.29285430908203,1500,0.0,0.0,0.0
2007-12-06 00:00:00-05:00,22.347428943225417,22.720340728759766,22.347428943225417,22.720340728759766,5900,0.0,0.0,0.0
2007-12-07 00:00:00-05:00,22.693050384521484,22.729431125209825,22.593000311707698,22.693050384521484,8900,0.0,0.0,0.0
2007-12-10 00:00:00-05:00,22.665768946683375,22.802199792802515,22.665768946683375,22.79310417175293,2100,0.0,0.0,0.0
2007-12-11 00:00:00-05:00,22.756714343916585,22.820381931052133,22.32013511657715,22.32013511657715,5400,0.0,0.0,0.0
2007-12-12 00:00:00-05:00,22.602091126028235,22.68394994369106,21.956316201667203,21.992698669433594,29400,0.0,0.0,0.0
2007-12-13 00:00:00-05:00,22.0381841417008,22.2109974655015,21.947229669447154,22.15642547607422,15000,0.0,0.0,0.0
2007-12-14 00:00:00-05:00,21.965417335534685,22.04727617375752,21.956321716308594,21.956321716308594,1100,0.0,0.0,0.0
2007-12-17 00:00:00-05:00,21.719845239642428,21.810799715595515,21.519746780395508,21.519746780395508,7500,0.0,0.0,0.0
2007-12-18 00:00:00-05:00,21.683455315653127,21.801694869995117,21.6015964954119,21.801694869995117,7600,0.0,0.0,0.0
2007-12-19 00:00:00-05:00,21.738019364545934,21.819878154964105,21.583397397623937,21.692543029785156,3500,0.0,0.0,0.0
2007-12-20 00:00:00-05:00,21.75622431337937,21.75622431337937,21.528839026548404,21.66526985168457,2900,0.0,0.0,0.0
2007-12-21 00:00:00-05:00,21.729966219952757,22.076187133789062,21.693520998599567,22.076187133789062,1108300,0.041,0.0,0.0
2007-12-24 00:00:00-05:00,22.313070398551645,22.322181701660156,22.212847802161395,22.322181701660156,49300,0.0,0.0,0.0
2007-12-26 00:00:00-05:00,22.085297059214028,22.158185759562443,22.057963144906985,22.139963150024414,27200,0.0,0.0,0.0
2007-12-27 00:00:00-05:00,22.039734783481283,22.039734783481283,21.72084617614746,21.72084617614746,4300,0.0,0.0,0.0
2007-12-28 00:00:00-05:00,21.59329057186423,21.811956589927796,21.59329057186423,21.62973403930664,40200,0.0,0.0,0.0
2007-12-31 00:00:00-05:00,21.63885032522916,21.66618423545974,21.45662773263217,21.547739028930664,2400,0.0,0.0,0.0
2008-01-02 00:00:00-05:00,21.392848500181852,21.392848500181852,21.119516372680664,21.119516372680664,600,0.0,0.0,0.0
2008-01-03 00:00:00-05:00,21.15596433577776,21.15596433577776,20.755077362060547,20.755077362060547,6600,0.0,0.0,0.0
2008-01-04 00:00:00-05:00,20.335965897842186,20.335965897842186,20.080856323242188,20.080856323242188,5600,0.0,0.0,0.0
2008-01-07 00:00:00-05:00,20.14462940818203,20.29040677328864,19.96240683289713,20.25396156311035,27600,0.0,0.0,0.0
2008-01-08 00:00:00-05:00,20.272180705816222,20.37240327888575,19.6617374420166,19.6617374420166,4200,0.0,0.0,0.0
2008-01-09 00:00:00-05:00,19.67995918431624,19.98062515258789,19.415736680603295,19.98062515258789,13400,0.0,0.0,0.0
2008-01-10 00:00:00-05:00,19.807518872508556,20.144630127481793,19.807518872508556,20.11729621887207,45400,0.0,0.0,0.0
2008-01-11 00:00:00-05:00,19.670846851715616,19.679958151828004,19.38840349944286,19.452180862426758,156500,0.0,0.0,0.0
2008-01-14 00:00:00-05:00,19.66174707772509,19.698192299539578,19.66174707772509,19.67085838317871,2400,0.0,0.0,0.0
2008-01-15 00:00:00-05:00,19.37929886029377,19.40663103222261,19.3155214753886,19.351964950561523,13500,0.0,0.0,0.0
2008-01-16 00:00:00-05:00,19.30640353623419,19.59795818861933,19.30640353623419,19.452180862426758,5900,0.0,0.0,0.0
2008-01-17 00:00:00-05:00,19.370187134170553,19.488630598151016,19.096853256225586,19.096853256225586,5000,0.0,0.0,0.0
2008-01-18 00:00:00-05:00,19.0786286432012,19.151517315452654,19.014851272206553,19.087739944458008,7100,0.0,0.0,0.0
2008-01-22 00:00:00-05:00,18.586624141328233,19.4521784278436,18.586624141328233,19.4066219329834,4800,0.0,0.0,0.0
2008-01-23 00:00:00-05:00,19.397520496515792,20.390628171197687,19.24263182472076,20.317739486694336,14500,0.0,0.0,0.0
2008-01-24 00:00:00-05:00,20.345081844726803,20.518193193994666,20.345081844726803,20.408859252929688,3200,0.0,0.0,0.0
2008-01-25 00:00:00-05:00,20.545514307663453,20.545514307663453,19.953293601928728,20.035293579101562,3500,0.0,0.0,0.0
2008-01-28 00:00:00-05:00,19.88040527773412,20.281293869018555,19.88040527773412,20.281293869018555,6700,0.0,0.0,0.0
2008-01-29 00:00:00-05:00,20.518193193994666,20.518193193994666,20.335970538154385,20.408859252929688,35500,0.0,0.0,0.0
2008-01-30 00:00:00-05:00,20.54551749138037,21.037517430657292,20.390628814697266,20.390628814697266,7500,0.0,0.0,0.0
2008-01-31 00:00:00-05:00,20.727744887923553,21.24707711915479,20.727744887923553,21.15596580505371,1500,0.0,0.0,0.0
2008-02-01 00:00:00-05:00,21.155961671309544,21.547739028930664,21.155961671309544,21.547739028930664,2400,0.0,0.0,0.0
2008-02-04 00:00:00-05:00,21.237955682625262,21.27440088600141,21.092178344726562,21.092178344726562,26200,0.0,0.0,0.0
2008-02-05 00:00:00-05:00,20.764190177837545,20.964633679284443,20.7186336517334,20.7186336517334,2000,0.0,0.0,0.0
2008-02-06 00:00:00-05:00,20.891731046373515,20.891731046373515,20.57284252746917,20.66395378112793,3000,0.0,0.0,0.0
2008-02-07 00:00:00-05:00,20.77328872680664,20.77328872680664,20.77328872680664,20.77328872680664,100,0.0,0.0,0.0
2008-02-08 00:00:00-05:00,20.73684727002783,20.809735942383867,20.682181200211556,20.78240203857422,11600,0.0,0.0,0.0
2008-02-11 00:00:00-05:00,20.891735320992886,20.928178787231445,20.891735320992886,20.928178787231445,1200,0.0,0.0,0.0
2008-02-12 00:00:00-05:00,21.0557382448597,21.23795907745914,20.91907044815609,21.03751564025879,16300,0.0,0.0,0.0
2008-02-13 00:00:00-05:00,21.256183624267578,21.256183624267578,21.256183624267578,21.256183624267578,700,0.0,0.0,0.0
2008-02-14 00:00:00-05:00,21.146849591308367,21.146849591308367,20.80974006652832,20.80974006652832,20400,0.0,0.0,0.0
2008-02-15 00:00:00-05:00,20.60929418118978,20.745960235595703,20.60929418118978,20.745960235595703,1100,0.0,0.0,0.0
2008-02-19 00:00:00-05:00,20.773293667440523,20.827961482770885,20.591072829749137,20.673072814941406,82400,0.0,0.0,0.0
2008-02-20 00:00:00-05:00,20.6092979725686,20.964630126953125,20.6092979725686,20.964630126953125,18400,0.0,0.0,0.0
2008-02-21 00:00:00-05:00,21.055733849260715,21.055733849260715,20.545511453768672,20.56373405456543,23000,0.0,0.0,0.0
2008-02-22 00:00:00-05:00,20.46351124221563,20.52729034423828,20.381513015220758,20.52729034423828,4000,0.0,0.0,0.0
2008-02-25 00:00:00-05:00,20.764182235558447,20.991959565543233,20.60929358165667,20.89173698425293,97500,0.0,0.0,0.0
2008-02-26 00:00:00-05:00,21.01929029067315,21.483956220494644,21.01929029067315,21.374622344970703,9300,0.0,0.0,0.0
2008-02-27 00:00:00-05:00,21.401965768237996,21.401965768237996,21.31996575957088,21.35641098022461,1000,0.0,0.0,0.0
2008-02-28 00:00:00-05:00,21.20151474404873,21.20151474404873,20.94640350341797,20.94640350341797,14400,0.0,0.0,0.0
2008-02-29 00:00:00-05:00,20.68218625376972,20.700407122958612,20.49085235595703,20.49085235595703,23700,0.0,0.0,0.0
2008-03-03 00:00:00-05:00,20.235734421435914,20.390623054363108,20.181068356227165,20.37240219116211,1700,0.0,0.0,0.0
2008-03-04 00:00:00-05:00,20.244845721937853,20.37240219116211,20.144624892022293,20.37240219116211,1400,0.0,0.0,0.0
2008-03-05 00:00:00-05:00,20.490840550551045,20.63661784689608,20.308619799020978,20.44528579711914,45100,0.0,0.0,0.0
2008-03-06 00:00:00-05:00,20.208409631396528,20.226632239049486,19.69818878173828,19.69818878173828,27300,0.0,0.0,0.0
2008-03-07 00:00:00-05:00,19.816627555089315,19.816627555089315,19.49773894802151,19.607072830200195,12900,0.0,0.0,0.0
2008-03-10 00:00:00-04:00,19.6253017308074,19.6253017308074,19.21530171333228,19.233524322509766,14100,0.0,0.0,0.0
2008-03-11 00:00:00-04:00,19.652629877072876,19.871295928955078,19.534186417312924,19.871295928955078,3300,0.0,0.0,0.0
2008-03-12 00:00:00-04:00,20.099068584657314,20.099068584657314,19.962402551407088,19.98062515258789,6200,0.0,0.0,0.0
2008-03-13 00:00:00-04:00,20.035293579101562,20.035293579101562,20.035293579101562,20.035293579101562,500,0.0,0.0,0.0
2008-03-14 00:00:00-04:00,20.08085530140252,20.08085530140252,19.488632704094478,19.534189224243164,44300,0.0,0.0,0.0
2008-03-17 00:00:00-04:00,19.187967799566053,19.25174519388359,19.133301709837255,19.233524322509766,1500,0.0,0.0,0.0
2008-03-18 00:00:00-04:00,19.862178644894644,20.044401168823242,19.698180458722245,20.044401168823242,32200,0.0,0.0,0.0
2008-03-19 00:00:00-04:00,20.18106904215009,20.317735078718467,19.82573699951172,19.82573699951172,8900,0.0,0.0,0.0
2008-03-20 00:00:00-04:00,19.871286172183428,20.472617954057302,19.871286172183428,20.44528579711914,6300,0.0,0.0,0.0
2008-03-24 00:00:00-04:00,20.882628433947065,21.0921831880706,20.49996239964162,20.982851028442383,13100,0.0,0.0,0.0
2008-03-25 00:00:00-04:00,20.755073030887928,20.909961700439453,20.755073030887928,20.909961700439453,6400,0.0,0.0,0.0
2008-03-26 00:00:00-04:00,20.46351844546852,20.518186266445547,20.436186272783456,20.49085235595703,20000,0.0,0.0,0.0
2008-03-27 00:00:00-04:00,20.436180498234513,20.436180498234513,20.272180557250977,20.272180557250977,300,0.0,0.0,0.0
2008-03-28 00:00:00-04:00,20.017073925293875,20.017073925293875,19.72551918029785,19.72551918029785,9700,0.0,0.0,0.0
2008-03-31 00:00:00-04:00,19.935066642128824,19.971511840820312,19.935066642128824,19.971511840820312,700,0.0,0.0,0.0
2008-04-01 00:00:00-04:00,20.23573528403461,20.6912899017334,20.23573528403461,20.6912899017334,8100,0.0,0.0,0.0
2008-04-02 00:00:00-04:00,20.654851289216893,20.97373994409546,20.654851289216893,20.800628662109375,9700,0.0,0.0,0.0
2008-04-03 00:00:00-04:00,20.673071557392333,20.791515007796622,20.673071557392333,20.745960235595703,2500,0.0,0.0,0.0
2008-04-04 00:00:00-04:00,20.855285849788963,20.855285849788963,20.66395378112793,20.66395378112793,6900,0.0,0.0,0.0
2008-04-07 00:00:00-04:00,21.0648491620931,21.0648491620931,20.57284927368164,20.57284927368164,8500,0.0,0.0,0.0
2008-04-08 00:00:00-04:00,20.408840604131658,20.463506655810434,20.408840604131658,20.44528579711914,3600,0.0,0.0,0.0
2008-04-09 00:00:00-04:00,20.48173919571639,20.48173919571639,20.044407094366637,20.06262969970703,4400,0.0,0.0,0.0
2008-04-10 00:00:00-04:00,20.33595848083496,20.33595848083496,20.33595848083496,20.33595848083496,2800,0.0,0.0,0.0
2008-04-11 00:00:00-04:00,19.91684826982495,19.91684826982495,19.82573699951172,19.82573699951172,1000,0.0,0.0,0.0
2008-04-14 00:00:00-04:00,19.734630921222646,19.78018569946289,19.734630921222646,19.78018569946289,2400,0.0,0.0,0.0
2008-04-15 00:00:00-04:00,19.752853527640102,19.78018569946289,19.752853527640102,19.78018569946289,4100,0.0,0.0,0.0
2008-04-16 00:00:00-04:00,20.108179612168627,20.153736114501953,20.0899570112353,20.153736114501953,2600,0.0,0.0,0.0
2008-04-17 00:00:00-04:00,20.1992951459729,20.235738617735084,20.1264064646453,20.208406448364258,9800,0.0,0.0,0.0
2008-04-18 00:00:00-04:00,20.65484925508355,20.71862663221766,20.57284927368164,20.57284927368164,3000,0.0,0.0,0.0
2008-04-21 00:00:00-04:00,20.554630882047217,20.609298706054688,20.52729870784703,20.609298706054688,1200,0.0,0.0,0.0
2008-04-22 00:00:00-04:00,19.944184097469257,20.035295384516278,19.944184097469257,20.02618408203125,5600,0.0,0.0,0.0
2008-04-23 00:00:00-04:00,20.07174038810041,20.208406448364258,20.07174038810041,20.208406448364258,1900,0.0,0.0,0.0
2008-04-24 00:00:00-04:00,20.22662878206163,20.399738311767578,20.22662878206163,20.399738311767578,300,0.0,0.0,0.0
2008-04-25 00:00:00-04:00,20.536406346745295,20.636627197265625,20.48173853249431,20.636627197265625,1900,0.0,0.0,0.0
2008-04-28 00:00:00-04:00,20.59107442726496,20.645740509033203,20.40885183763294,20.645740509033203,2500,0.0,0.0,0.0
2008-04-29 00:00:00-04:00,20.645737242979003,20.76418242884339,20.581959868038087,20.709514617919922,8100,0.0,0.0,0.0
2008-04-30 00:00:00-04:00,20.791516691126226,20.90085058618479,20.50907325744629,20.50907325744629,8000,0.0,0.0,0.0
2008-05-01 00:00:00-04:00,21.03751574233307,21.046627044677734,21.028404439988407,21.046627044677734,4100,0.0,0.0,0.0
2008-05-02 00:00:00-04:00,20.964629824332647,20.964629824332647,20.93729591369629,20.93729591369629,8600,0.0,0.0,0.0
2008-05-05 00:00:00-04:00,20.76418113708496,20.82795850805823,20.736847233323694,20.76418113708496,4500,0.0,0.0,0.0
2008-05-06 00:00:00-04:00,20.782400997733706,20.919067034331285,20.782400997733706,20.873512268066406,3900,0.0,0.0,0.0
2008-05-07 00:00:00-04:00,20.99196660103639,20.99196660103639,20.80063267606566,20.81885528564453,10600,0.0,0.0,0.0
2008-05-08 00:00:00-04:00,20.736852878617434,20.736852878617434,20.554630279541016,20.554630279541016,6100,0.0,0.0,0.0
2008-05-09 00:00:00-04:00,20.56373933607392,20.600184547027876,20.50907325744629,20.50907325744629,2600,0.0,0.0,0.0
2008-05-12 00:00:00-04:00,20.773294770134484,21.01929473876953,20.773294770134484,21.01929473876953,500,0.0,0.0,0.0
2008-05-13 00:00:00-04:00,20.98284956425928,21.03751564025879,20.900849581358404,21.03751564025879,2500,0.0,0.0,0.0
2008-05-14 00:00:00-04:00,21.201509829167605,21.392841911934187,21.201509829167605,21.2470645904541,4000,0.0,0.0,0.0
2008-05-15 00:00:00-04:00,21.210624138389292,21.374622344970703,21.210624138389292,21.374622344970703,5800,0.0,0.0,0.0
2008-05-16 00:00:00-04:00,20.982849869422186,21.064849853515625,20.864404675596887,21.064849853515625,3000,0.0,0.0,0.0
2008-05-19 00:00:00-04:00,21.137744903564453,21.137744903564453,21.137744903564453,21.137744903564453,200,0.0,0.0,0.0
2008-05-20 00:00:00-04:00,20.718627589913435,20.718627589913435,20.673072814941406,20.673072814941406,1800,0.0,0.0,0.0
2008-05-21 00:00:00-04:00,20.673073344226065,20.764184634306083,20.317739486694336,20.317739486694336,8500,0.0,0.0,0.0
2008-05-22 00:00:00-04:00,20.308624267578125,20.490845059202687,20.308624267578125,20.308624267578125,11400,0.0,0.0,0.0
2008-05-23 00:00:00-04:00,19.998852217347558,20.062629597912053,19.998852217347558,20.053518295288086,2300,0.0,0.0,0.0
2008-05-27 00:00:00-04:00,20.281293869018555,20.281293869018555,20.281293869018555,20.281293869018555,200,0.0,0.0,0.0
2008-05-28 00:00:00-04:00,20.427073348423253,20.427073348423253,20.299518585205078,20.299518585205078,2900,0.0,0.0,0.0
2008-05-29 00:00:00-04:00,20.509067966764167,20.77328872680664,20.509067966764167,20.77328872680664,2000,0.0,0.0,0.0
2008-05-30 00:00:00-04:00,20.72774050058727,20.72774050058727,20.527297042234775,20.645740509033203,3000,0.0,0.0,0.0
2008-06-02 00:00:00-04:00,20.24484930942659,20.354183197021484,20.153739763867904,20.354183197021484,4800,0.0,0.0,0.0
2008-06-03 00:00:00-04:00,20.317739486694336,20.40885077677435,20.317739486694336,20.317739486694336,4700,0.0,0.0,0.0
2008-06-04 00:00:00-04:00,20.518179418879935,20.518179418879935,20.24484561862529,20.363290786743164,4600,0.0,0.0,0.0
2008-06-05 00:00:00-04:00,20.59107780456543,20.59107780456543,20.59107780456543,20.59107780456543,1000,0.0,0.0,0.0
2008-06-06 00:00:00-04:00,20.062631703751435,20.062631703751435,19.853076934814453,19.853076934814453,1600,0.0,0.0,0.0
2008-06-09 00:00:00-04:00,19.88040603652594,19.935072111759307,19.716406073022643,19.734628677368164,600,0.0,0.0,0.0
2008-06-10 00:00:00-04:00,19.616188386339967,19.89863184800518,19.54329969501335,19.880409240722656,4400,0.0,0.0,0.0
2008-06-11 00:00:00-04:00,19.534183192589634,19.534183192589634,19.479515385291226,19.50684928894043,1300,0.0,0.0,0.0
2008-06-12 00:00:00-04:00,19.625298202726388,19.725519059578325,19.49774169921875,19.49774169921875,6200,0.0,0.0,0.0
2008-06-13 00:00:00-04:00,19.825740371408134,19.825740371408134,19.734629085598996,19.771074295043945,2200,0.0,0.0,0.0
2008-06-16 00:00:00-04:00,19.925964926801914,20.007963180541992,19.925964926801914,20.007963180541992,1100,0.0,0.0,0.0
2008-06-17 00:00:00-04:00,19.91684603838399,19.944178199953665,19.79840087890625,19.79840087890625,1700,0.0,0.0,0.0
2008-06-18 00:00:00-04:00,19.443070912860108,19.443070912860108,19.29729357654162,19.388404846191406,5100,0.0,0.0,0.0
2008-06-19 00:00:00-04:00,19.49773798772403,19.597960563301427,19.424849315795832,19.50684928894043,3200,0.0,0.0,0.0
2008-06-20 00:00:00-04:00,19.52507837499016,19.52507837499016,19.15152359008789,19.15152359008789,2000,0.0,0.0,0.0
2008-06-23 00:00:00-04:00,19.13329662170182,19.13329662170182,18.887296676635742,18.887296676635742,18700,0.0,0.0,0.0
2008-06-24 00:00:00-04:00,18.541074905169168,18.887295680186476,18.541074905169168,18.76885223388672,7100,0.0,0.0,0.0
2008-06-25 00:00:00-04:00,18.951067643959153,19.233512702153707,18.951067643959153,19.023956298828125,47000,0.0,0.0,0.0
2008-06-26 00:00:00-04:00,18.641299531660565,18.641299531660565,18.513744757786366,18.550189971923828,800,0.0,0.0,0.0
2008-06-27 00:00:00-04:00,18.295082457601158,18.295082457601158,18.121971130371094,18.121971130371094,1500,0.0,0.0,0.0
2008-06-30 00:00:00-04:00,18.19485116732275,18.22218507053763,18.00351905822754,18.00351905822754,3200,0.0,0.0,0.0
2008-07-01 00:00:00-04:00,17.83041748044673,18.13108362760823,17.693751365883127,18.03997230529785,11500,0.0,0.0,0.0
2008-07-02 00:00:00-04:00,18.176626916715055,18.213070376409238,17.8486270904541,17.8486270904541,41600,0.0,0.0,0.0
2008-07-03 00:00:00-04:00,17.68462640504787,17.766626358032227,17.68462640504787,17.766626358032227,11300,0.0,0.0,0.0
2008-07-07 00:00:00-04:00,17.912409847595022,17.921521149715648,17.44774386626231,17.803077697753906,32100,0.0,0.0,0.0
2008-07-08 00:00:00-04:00,17.611746680570775,18.14019012451172,17.611746680570775,18.14019012451172,31300,0.0,0.0,0.0
2008-07-09 00:00:00-04:00,18.140179995993904,18.140179995993904,17.81218020089125,17.86684799194336,10100,0.0,0.0,0.0
2008-07-10 00:00:00-04:00,17.711966271777694,17.812187118691455,17.575300216674805,17.575300216674805,5400,0.0,0.0,0.0
2008-07-11 00:00:00-04:00,17.283748081897883,17.456859388431567,17.26552721105508,17.438636779785156,3000,0.0,0.0,0.0
2008-07-14 00:00:00-04:00,17.36574404594044,17.46596663239307,17.33841187712842,17.402189254760742,5300,0.0,0.0,0.0
2008-07-15 00:00:00-04:00,17.11975309502538,17.60264015197754,16.82819651427585,17.60264015197754,5500,0.0,0.0,0.0
2008-07-16 00:00:00-04:00,17.3748590292305,18.067302503290374,17.26552685521259,18.04907989501953,36700,0.0,0.0,0.0
2008-07-17 00:00:00-04:00,18.07640948926236,18.404409408569336,17.757520871914263,18.404409408569336,105900,0.0,0.0,0.0
2008-07-18 00:00:00-04:00,18.31330362203784,18.386192321777344,18.31330362203784,18.386192321777344,600,0.0,0.0,0.0
2008-07-21 00:00:00-04:00,18.11285641486395,18.194856410334648,18.103746848970307,18.15841293334961,6900,0.0,0.0,0.0
2008-07-22 00:00:00-04:00,17.985298242011645,18.422630310058594,17.967075638058898,18.422630310058594,2300,0.0,0.0,0.0
2008-07-23 00:00:00-04:00,18.805296251617794,18.95107360722699,18.69596410381248,18.832630157470703,2200,0.0,0.0,0.0
2008-07-24 00:00:00-04:00,18.66863097417764,18.66863097417764,18.48641014099121,18.48641014099121,600,0.0,0.0,0.0
2008-07-25 00:00:00-04:00,18.54107546234619,18.58663023433742,18.404409408569336,18.404409408569336,3100,0.0,0.0,0.0
2008-07-28 00:00:00-04:00,18.4135223834672,18.4135223834672,18.149301528930664,18.149301528930664,600,0.0,0.0,0.0
2008-07-29 00:00:00-04:00,18.404410833273605,18.604854278475976,18.404410833273605,18.5775203704834,2000,0.0,0.0,0.0
2008-07-30 00:00:00-04:00,18.814401980019856,18.814401980019856,18.422624801203416,18.650402069091797,18800,0.0,0.0,0.0
2008-07-31 00:00:00-04:00,18.43174476378054,18.641299531660565,18.422633460246175,18.550189971923828,6000,0.0,0.0,0.0
2008-08-01 00:00:00-04:00,18.38619159052659,18.38619159052659,18.295080285024945,18.30419158935547,500,0.0,0.0,0.0
2008-08-04 00:00:00-04:00,18.249519384883037,18.349740223322765,18.15840810991717,18.26774024963379,900,0.0,0.0,0.0
2008-08-05 00:00:00-04:00,18.522853878965424,18.941965103149414,18.522853878965424,18.941965103149414,4600,0.0,0.0,0.0
2008-08-06 00:00:00-04:00,18.768853831999294,18.941965103149414,18.68685384765467,18.941965103149414,4200,0.0,0.0,0.0
2008-08-07 00:00:00-04:00,18.623074868785917,18.741518314998252,18.56840705871582,18.56840705871582,46100,0.0,0.0,0.0
2008-08-08 00:00:00-04:00,18.823514004015614,19.342845916748047,18.823514004015614,19.342845916748047,3200,0.0,0.0,0.0
2008-08-11 00:00:00-04:00,19.32462916835949,20.162849869757743,19.32462916835949,19.771074295043945,4100,0.0,0.0,0.0
2008-08-12 00:00:00-04:00,19.789301479484045,19.789301479484045,19.57974667168718,19.63441276550293,1200,0.0,0.0,0.0
2008-08-13 00:00:00-04:00,19.33374763859531,19.33374763859531,19.087749334852397,19.297304153442383,1700,0.0,0.0,0.0
2008-08-14 00:00:00-04:00,19.26995323939918,19.515953063964844,19.26995323939918,19.515953063964844,500,0.0,0.0,0.0
2008-08-15 00:00:00-04:00,19.6799626021348,19.78929475260153,19.59796262038315,19.734628677368164,4700,0.0,0.0,0.0
2008-08-18 00:00:00-04:00,19.771072628616732,19.771072628616732,19.37018404752781,19.379295349121094,5400,0.0,0.0,0.0
2008-08-19 00:00:00-04:00,19.115075183787727,19.115075183787727,18.96929781584642,19.0057430267334,3400,0.0,0.0,0.0
2008-08-20 00:00:00-04:00,19.042181281770205,19.124181245992506,18.850849190453385,18.869070053100586,2700,0.0,0.0,0.0
2008-08-21 00:00:00-04:00,18.741518431365975,18.777963638305664,18.595741079213447,18.777963638305664,1200,0.0,0.0,0.0
2008-08-22 00:00:00-04:00,18.923741085851216,19.215295791625977,18.923741085851216,19.215295791625977,1900,0.0,0.0,0.0
2008-08-25 00:00:00-04:00,18.978410407695186,18.978410407695186,18.723299127567564,18.732410430908203,800,0.0,0.0,0.0
2008-08-26 00:00:00-04:00,18.759735922311382,18.759735922311382,18.650402069091797,18.650402069091797,900,0.0,0.0,0.0
2008-08-27 00:00:00-04:00,18.705076351844987,18.93285369873047,18.705076351844987,18.93285369873047,28700,0.0,0.0,0.0
2008-08-28 00:00:00-04:00,19.115072169737513,19.324626885885298,19.115072169737513,19.306406021118164,3100,0.0,0.0,0.0
2008-08-29 00:00:00-04:00,19.30641228659397,19.33374446151625,19.133300981603977,19.15152359008789,6600,0.0,0.0,0.0
2008-09-02 00:00:00-04:00,19.13329619742647,19.689073452591586,19.13329619742647,19.479516983032227,3800,0.0,0.0,0.0
2008-09-03 00:00:00-04:00,19.279068557332163,19.424845875369243,19.279068557332163,19.342845916748047,2800,0.0,0.0,0.0
2008-09-04 00:00:00-04:00,19.233517930705307,19.233517930705307,18.96018409729004,18.96018409729004,4500,0.0,0.0,0.0
2008-09-05 00:00:00-04:00,18.73240862215579,18.941965103149414,18.559299088808924,18.941965103149414,295600,0.0,0.0,0.0
2008-09-08 00:00:00-04:00,19.260855654050484,19.3610782623291,19.260855654050484,19.3610782623291,2600,0.0,0.0,0.0
2008-09-09 00:00:00-04:00,19.142406014195846,19.63440411744242,19.087739944458008,19.087739944458008,12200,0.0,0.0,0.0
2008-09-10 00:00:00-04:00,19.033078073646866,19.233523288212794,18.878189379574817,19.124189376831055,9400,0.0,0.0,0.0
2008-09-11 00:00:00-04:00,18.878184677736588,19.224407196044922,18.878184677736588,19.224407196044922,17600,0.0,0.0,0.0
2008-09-12 00:00:00-04:00,19.087746198197788,19.15152359008789,19.02396706850409,19.15152359008789,24000,0.0,0.0,0.0
2008-09-15 00:00:00-04:00,18.759735989221845,19.105956673013893,18.741513390653147,18.850847244262695,15400,0.0,0.0,0.0
2008-09-16 00:00:00-04:00,18.495522485076318,18.814411163330078,18.495522485076318,18.814411163330078,12400,0.0,0.0,0.0
2008-09-17 00:00:00-04:00,18.677742593313052,18.677742593313052,18.058187926803416,18.11285400390625,7700,0.0,0.0,0.0
2008-09-18 00:00:00-04:00,18.30418824177077,18.5775203704834,17.81218832472409,18.5775203704834,25900,0.0,0.0,0.0
2008-09-19 00:00:00-04:00,17.291594067519124,19.05176197040781,17.291594067519124,18.796401977539062,7200,0.02,0.0,0.0
2008-09-22 00:00:00-04:00,18.723444949309613,18.723444949309613,18.13976113776419,18.16712188720703,60900,0.0,0.0,0.0
2008-09-23 00:00:00-04:00,18.3312829048445,18.3312829048445,18.13976113776419,18.16712188720703,19000,0.0,0.0,0.0
2008-09-24 00:00:00-04:00,17.87526844201583,17.920867919921875,17.857027955049983,17.920867919921875,2500,0.0,0.0,0.0
2008-09-25 00:00:00-04:00,17.045352365032993,18.130635689086294,17.045352365032993,18.121517181396484,2200,0.0,0.0,0.0
2008-09-26 00:00:00-04:00,18.212717056274414,18.212717056274414,18.212717056274414,18.212717056274414,400,0.0,0.0,0.0
2008-09-29 00:00:00-04:00,18.039438045154764,18.039438045154764,16.7261519219313,17.236873626708984,22200,0.0,0.0,0.0
2008-09-30 00:00:00-04:00,17.519592308395314,17.61991328387062,16.5893497467041,16.5893497467041,18900,0.0,0.0,0.0
2008-10-01 00:00:00-04:00,17.328069364312086,17.4831100545205,17.318949119063483,17.401029586791992,34000,0.0,0.0,0.0
2008-10-02 00:00:00-04:00,17.24599510512775,17.24599510512775,16.762632369995117,16.762632369995117,2500,0.0,0.0,0.0
2008-10-03 00:00:00-04:00,16.963269564597653,16.963269564597653,16.49814745797942,16.543746948242188,14100,0.0,0.0,0.0
2008-10-06 00:00:00-04:00,15.868866211650142,15.868866211650142,15.148384094238281,15.148384094238281,50000,0.0,0.0,0.0
2008-10-07 00:00:00-04:00,15.558794759010087,15.558794759010087,15.12103305936977,15.29431438446045,16600,0.0,0.0,0.0
2008-10-08 00:00:00-04:00,14.774462720401159,15.166622905545292,14.774462720401159,14.929503440856934,6500,0.0,0.0,0.0
2008-10-09 00:00:00-04:00,14.902145255400326,14.902145255400326,13.762140274047852,13.762140274047852,30500,0.0,0.0,0.0
2008-10-10 00:00:00-04:00,13.096375305467307,14.281980514526367,12.932215199731665,14.281980514526367,27200,0.0,0.0,0.0
2008-10-13 00:00:00-04:00,14.245497801056144,14.628540297387126,14.245497801056144,14.619420051574707,5100,0.0,0.0,0.0
2008-10-14 00:00:00-04:00,15.385506399114497,15.385506399114497,14.28198078699323,14.491742134094238,7200,0.0,0.0,0.0
2008-10-15 00:00:00-04:00,14.528223861832638,14.528223861832638,13.49765924714395,13.543259620666504,24700,0.0,0.0,0.0
2008-10-16 00:00:00-04:00,14.965982814901075,14.965982814901075,12.768053708523183,13.835098266601562,13100,0.0,0.0,0.0
2008-10-17 00:00:00-04:00,13.515897601710734,14.354941264383529,13.515897601710734,14.017499923706055,103000,0.0,0.0,0.0
2008-10-20 00:00:00-04:00,14.090454903925457,14.345815658569336,14.026614932703081,14.345815658569336,2400,0.0,0.0,0.0
2008-10-21 00:00:00-04:00,14.36406310694504,14.36406310694504,14.081341482147979,14.090461730957031,8100,0.0,0.0,0.0
2008-10-22 00:00:00-04:00,13.625334121838678,13.625334121838678,13.041652343615425,13.33349323272705,2300,0.0,0.0,0.0
2008-10-23 00:00:00-04:00,13.406458081734868,13.406458081734868,12.904855728149414,12.904855728149414,1800,0.0,0.0,0.0
2008-10-24 00:00:00-04:00,12.740691377371185,12.795411109924316,12.70421126575094,12.795411109924316,10000,0.0,0.0,0.0
2008-10-27 00:00:00-04:00,12.366771670864548,12.731572835888157,12.366771670864548,12.676852226257324,1600,0.0,0.0,0.0
2008-10-28 00:00:00-04:00,12.64037100057281,13.379094382116481,12.64037100057281,13.369974136352539,2500,0.0,0.0,0.0
2008-10-29 00:00:00-04:00,13.643578710732786,13.917180061340332,13.534138344440711,13.917180061340332,14600,0.0,0.0,0.0
2008-10-30 00:00:00-04:00,14.209022968668938,14.209022968668938,13.94454183008992,14.072222709655762,2800,0.0,0.0,0.0
2008-10-31 00:00:00-04:00,14.555582404848117,14.89302374639995,14.555582404848117,14.856544494628906,900,0.0,0.0,0.0
2008-11-03 00:00:00-05:00,14.637663579947004,14.646783828735352,14.637663579947004,14.646783828735352,600,0.0,0.0,0.0
2008-11-04 00:00:00-05:00,14.737986233523705,14.737986233523705,14.628546714782715,14.628546714782715,400,0.0,0.0,0.0
2008-11-05 00:00:00-05:00,14.573820939703271,14.573820939703271,14.218139998893026,14.236379623413086,19300,0.0,0.0,0.0
2008-11-06 00:00:00-05:00,13.926301182036509,13.971900685199799,13.680059690131847,13.734780311584473,3500,0.0,0.0,0.0
2008-11-07 00:00:00-05:00,13.579736727451403,13.670936584472656,13.579736727451403,13.670936584472656,1500,0.0,0.0,0.0
2008-11-10 00:00:00-05:00,13.771259824516942,13.771259824516942,13.388218100620119,13.506778717041016,12200,0.0,0.0,0.0
2008-11-11 00:00:00-05:00,13.506778717041016,13.506778717041016,13.506778717041016,13.506778717041016,0,0.0,0.0,0.0
2008-11-12 00:00:00-05:00,12.731574058532715,12.731574058532715,12.731574058532715,12.731574058532715,300,0.0,0.0,0.0
2008-11-13 00:00:00-05:00,12.685975494191482,12.950456619262695,12.421494369120268,12.950456619262695,1700,0.0,0.0,0.0
2008-11-14 00:00:00-05:00,13.041654511539818,13.105494499206543,12.804533314842551,13.105494499206543,1500,0.0,0.0,0.0
2008-11-17 00:00:00-05:00,12.603894578364056,12.831895570706413,12.603894578364056,12.685975074768066,11300,0.0,0.0,0.0
2008-11-18 00:00:00-05:00,12.558293342590332,12.558293342590332,12.558293342590332,12.558293342590332,100,0.0,0.0,0.0
2008-11-19 00:00:00-05:00,12.111411428830465,12.111411428830465,11.892530703733726,11.947251319885254,17500,0.0,0.0,0.0
2008-11-20 00:00:00-05:00,11.691890107817782,11.801330475080343,11.618929862976074,11.618929862976074,1600,0.0,0.0,0.0
2008-11-21 00:00:00-05:00,11.491250980075204,11.673651609809532,11.053488598958007,11.646291732788086,1415100,0.0,0.0,0.0
2008-11-24 00:00:00-05:00,11.883414674023491,12.685978487331028,11.828694908204225,12.5765380859375,2900,0.0,0.0,0.0
2008-11-25 00:00:00-05:00,12.895736349096932,12.923096224453829,12.503574366710795,12.813655853271484,3800,0.0,0.0,0.0
2008-11-26 00:00:00-05:00,13.32437783394924,13.515898704528809,13.25141758513367,13.515898704528809,4200,0.0,0.0,0.0
2008-11-28 00:00:00-05:00,13.461179629212348,13.680060386657715,13.461179629212348,13.680060386657715,1000,0.0,0.0,0.0
2008-12-01 00:00:00-05:00,12.886617972393546,12.950457980750087,12.567416191101074,12.567416191101074,1900,0.0,0.0,0.0
2008-12-02 00:00:00-05:00,12.950453925892315,12.950453925892315,12.685972855826545,12.913973808288574,6300,0.0,0.0,0.0
2008-12-03 00:00:00-05:00,13.287897110703735,13.543258839804773,13.2605372360696,13.506778717041016,1100,0.0,0.0,0.0
2008-12-04 00:00:00-05:00,13.85333718897582,13.85333718897582,13.297015190124512,13.297015190124512,1700,0.0,0.0,0.0
2008-12-05 00:00:00-05:00,13.31525568340878,13.31525568340878,13.297015190124512,13.297015190124512,1000,0.0,0.0,0.0
2008-12-08 00:00:00-05:00,14.519100715899237,14.564701080322266,14.309339387455148,14.564701080322266,33700,0.0,0.0,0.0
2008-12-09 00:00:00-05:00,14.473500252742745,14.674141332982598,13.898937752343121,13.944538116455078,37700,0.0,0.0,0.0
2008-12-10 00:00:00-05:00,14.090459148234048,14.236379623413086,14.090459148234048,14.236379623413086,12500,0.0,0.0,0.0
2008-12-11 00:00:00-05:00,13.981019052009934,14.02661941879058,13.452056884765625,13.452056884765625,7900,0.0,0.0,0.0
2008-12-12 00:00:00-05:00,13.452059794623207,13.798621439465435,13.452059794623207,13.789501190185547,10700,0.0,0.0,0.0
2008-12-15 00:00:00-05:00,13.981019322229026,13.981019322229026,13.251416048901214,13.442936897277832,23400,0.0,0.0,0.0
2008-12-16 00:00:00-05:00,14.199899673461914,14.209019920707707,13.76213824271961,14.199899673461914,10100,0.0,0.0,0.0
2008-12-17 00:00:00-05:00,14.181662877864039,14.58294426943055,14.163422379733605,14.509984016418457,7600,0.0,0.0,0.0
2008-12-18 00:00:00-05:00,14.582942786514744,14.582942786514744,14.309341430664062,14.309341430664062,4700,0.0,0.0,0.0
2008-12-19 00:00:00-05:00,14.579019256257931,14.680262128570488,14.238474091837729,14.266085624694824,46300,0.143,0.0,0.0
2008-12-22 00:00:00-05:00,13.833498976211118,13.833498976211118,13.68623631721626,13.796683311462402,7500,0.0,0.0,0.0
2008-12-23 00:00:00-05:00,13.88872150146167,13.88872150146167,13.805886044752421,13.81509017944336,14000,0.0,0.0,0.0
2008-12-24 00:00:00-05:00,13.962354177139071,13.962354177139071,13.842703047820413,13.907130241394043,5600,0.0,0.0,0.0
2008-12-26 00:00:00-05:00,14.072802794974706,14.082006931620212,13.934744256311234,14.026782989501953,38600,0.0,0.0,0.0
2008-12-29 00:00:00-05:00,14.008371910803529,14.008371910803529,13.686234234947353,13.732254028320312,2900,0.0,0.0,0.0
2008-12-30 00:00:00-05:00,14.017575975762318,14.06359577178955,13.953148787976955,14.06359577178955,5300,0.0,0.0,0.0
2008-12-31 00:00:00-05:00,14.404141646535564,14.542201042175293,14.385734253769723,14.542201042175293,93500,0.0,0.0,0.0
2009-01-02 00:00:00-05:00,14.947171434502954,14.947171434502954,14.891948385484543,14.937967300415039,3100,0.0,0.0,0.0
2009-01-05 00:00:00-05:00,14.68026068857195,14.75389289855957,14.68026068857195,14.75389289855957,1000,0.0,0.0,0.0
2009-01-06 00:00:00-05:00,14.836729049682617,14.836729049682617,14.836729049682617,14.836729049682617,400,0.0,0.0,0.0
2009-01-07 00:00:00-05:00,14.661851431587081,14.661851431587081,14.450160719996978,14.53299617767334,6400,0.0,0.0,0.0
2009-01-08 00:00:00-05:00,14.523795429905375,14.523795429905375,14.514592170715332,14.514592170715332,1600,0.0,0.0,0.0
2009-01-09 00:00:00-05:00,14.404142379760742,14.404142379760742,14.404142379760742,14.404142379760742,1800,0.0,0.0,0.0
2009-01-12 00:00:00-05:00,14.10961690070382,14.10961690070382,13.769071782339537,13.796683311462402,1300,0.0,0.0,0.0
2009-01-13 00:00:00-05:00,13.796683311462402,13.796683311462402,13.796683311462402,13.796683311462402,0,0.0,0.0,0.0
2009-01-14 00:00:00-05:00,13.529771743387379,13.529771743387379,13.318081855773926,13.318081855773926,3900,0.0,0.0,0.0
2009-01-15 00:00:00-05:00,13.189224995688432,13.805888066199033,13.161613465327356,13.631013870239258,6600,0.0,0.0,0.0
2009-01-16 00:00:00-05:00,13.557379674624672,13.879517366770735,13.557379674624672,13.81509017944336,4400,0.0,0.0,0.0
2009-01-20 00:00:00-05:00,13.907128658520724,13.907128658520724,13.11559152129724,13.20763111114502,8800,0.0,0.0,0.0
2009-01-21 00:00:00-05:00,13.35489786691346,13.44693660736084,13.051168355702886,13.44693660736084,2300,0.0,0.0,0.0
2009-01-22 00:00:00-05:00,13.281261637498291,13.594195170957015,13.161610528954984,13.345688819885254,6000,0.0,0.0,0.0
2009-01-23 00:00:00-05:00,13.189226150512695,13.189226150512695,13.170818754578503,13.189226150512695,800,0.0,0.0,0.0
2009-01-26 00:00:00-05:00,13.25365227738669,13.437731488319482,13.25365227738669,13.373303413391113,6500,0.0,0.0,0.0
2009-01-27 00:00:00-05:00,13.456140744732034,13.594200172035382,13.345693729542266,13.44693660736084,2800,0.0,0.0,0.0
2009-01-28 00:00:00-05:00,13.704639834686631,13.934737878989772,13.704639834686631,13.870309829711914,6600,0.0,0.0,0.0
2009-01-29 00:00:00-05:00,13.723051927837133,13.723051927837133,13.419322475419568,13.511362075805664,19300,0.0,0.0,0.0
2009-01-30 00:00:00-05:00,13.308874465195823,13.456137112363225,13.01434917086102,13.078776359558105,12500,0.0,0.0,0.0
2009-02-02 00:00:00-05:00,12.885493416925119,13.060367584228516,12.857881891088704,13.060367584228516,7400,0.0,0.0,0.0
2009-02-03 00:00:00-05:00,13.161613373031635,13.364099975687274,13.106389434942017,13.308876037597656,20000,0.0,0.0,0.0
2009-02-04 00:00:00-05:00,13.364098835153362,13.364098835153362,13.005145462591845,13.097184181213379,91300,0.0,0.0,0.0
2009-02-05 00:00:00-05:00,12.922306679981295,13.373298655245792,12.922306679981295,13.336483001708984,8700,0.0,0.0,0.0
2009-02-06 00:00:00-05:00,13.428527615606793,13.91633542753512,13.400916084527198,13.759868621826172,8200,0.0,0.0,0.0
2009-02-09 00:00:00-05:00,13.74145988741282,13.74145988741282,13.575788961576496,13.667828559875488,1800,0.0,0.0,0.0
2009-02-10 00:00:00-05:00,13.557379712317925,13.557379712317925,13.115591778979761,13.124795913696289,22300,0.0,0.0,0.0
2009-02-11 00:00:00-05:00,13.060370867954141,13.189226150512695,13.060370867954141,13.189226150512695,3100,0.0,0.0,0.0
2009-02-12 00:00:00-05:00,13.032756656275517,13.032756656275517,12.885494008052795,12.894698143005371,5000,0.0,0.0,0.0
2009-02-13 00:00:00-05:00,13.18001872462752,13.26285418004701,13.005144556995491,13.170815467834473,24400,0.0,0.0,0.0
2009-02-17 00:00:00-05:00,12.56335632506538,12.857882499694824,12.535744797922021,12.857882499694824,10700,0.0,0.0,0.0
2009-02-18 00:00:00-05:00,12.738227887790007,12.738227887790007,12.517333975664654,12.554149627685547,7000,0.0,0.0,0.0
2009-02-19 00:00:00-05:00,12.627783792380022,12.627783792380022,12.480521150936104,12.590968132019043,11200,0.0,0.0,0.0
2009-02-20 00:00:00-05:00,12.342465842469885,12.434505462646484,12.30565016995022,12.434505462646484,8700,0.0,0.0,0.0
2009-02-23 00:00:00-05:00,12.55415356915202,12.55415356915202,12.121568863777682,12.185996055603027,7100,0.0,0.0,0.0
2009-02-24 00:00:00-05:00,12.296442172751894,12.618579864501953,12.296442172751894,12.618579864501953,3200,0.0,0.0,0.0
2009-02-25 00:00:00-05:00,12.627786433812018,12.673806238328135,12.287241284800386,12.489727020263672,12600,0.0,0.0,0.0
2009-02-26 00:00:00-05:00,12.379278529486484,12.379278529486484,12.14918041229248,12.14918041229248,2800,0.0,0.0,0.0
2009-02-27 00:00:00-05:00,12.00191773770586,12.38848264416724,12.00191773770586,12.185996055603027,11700,0.0,0.0,0.0
2009-03-02 00:00:00-05:00,11.93749147990834,12.038734343234687,11.716596603393555,11.716596603393555,8600,0.0,0.0,0.0
2009-03-03 00:00:00-05:00,11.854654688677853,11.854654688677853,11.504905457441089,11.550925254821777,3500,0.0,0.0,0.0
2009-03-04 00:00:00-05:00,11.633761565608724,11.735004425048828,11.541721964114307,11.735004425048828,5700,0.0,0.0,0.0
2009-03-05 00:00:00-05:00,11.449683465787743,11.587742881331282,11.36684886976735,11.477295875549316,4800,0.0,0.0,0.0
2009-03-06 00:00:00-05:00,11.376054230085616,11.376054230085616,11.099937103501281,11.145956039428711,15500,0.0,0.0,0.0
2009-03-09 00:00:00-04:00,10.851426903466438,11.495701440129558,10.851426903466438,11.182767868041992,19900,0.0,0.0,0.0
2009-03-10 00:00:00-04:00,11.422071030528803,11.762616157531738,11.422071030528803,11.762616157531738,2700,0.0,0.0,0.0
2009-03-11 00:00:00-04:00,12.112367489383344,12.112367489383344,11.98351307636109,12.011124610900879,500,0.0,0.0,0.0
2009-03-12 00:00:00-04:00,11.8086381520573,12.434505462646484,11.8086381520573,12.434505462646484,12600,0.0,0.0,0.0
2009-03-13 00:00:00-04:00,12.434501577129188,12.581764221191406,12.434501577129188,12.581764221191406,2800,0.0,0.0,0.0
2009-03-16 00:00:00-04:00,12.480520273732994,12.498927663742416,12.222809791564941,12.222809791564941,1200,0.0,0.0,0.0
2009-03-17 00:00:00-04:00,12.508133966959955,12.75663948059082,12.508133966959955,12.75663948059082,1300,0.0,0.0,0.0
2009-03-18 00:00:00-04:00,13.170818953587386,13.308877497321678,13.152410679620244,13.216837882995605,9000,0.0,0.0,0.0
2009-03-19 00:00:00-04:00,13.180019944793258,13.180019944793258,13.041961424816128,13.087981224060059,3200,0.0,0.0,0.0
2009-03-20 00:00:00-04:00,12.968331537945797,12.995943069458008,12.959127401523473,12.995943069458008,700,0.0,0.0,0.0
2009-03-23 00:00:00-04:00,12.250425036745138,13.557381629943848,12.250425036745138,13.557381629943848,1200,0.0,0.0,0.0
2009-03-24 00:00:00-04:00,14.220059564346782,14.220059564346782,13.336483001708984,13.336483001708984,18400,0.0,0.0,0.0
2009-03-25 00:00:00-04:00,13.69543909980205,13.69543909980205,13.124795913696289,13.124795913696289,500,0.0,0.0,0.0
2009-03-26 00:00:00-04:00,13.897926272414201,14.008373260498047,13.897926272414201,14.008373260498047,2400,0.0,0.0,0.0
2009-03-27 00:00:00-04:00,14.026782788805713,14.026782788805713,13.805888779002814,13.999171257019043,5000,0.0,0.0,0.0
2009-03-30 00:00:00-04:00,13.43772810891754,13.66782618696233,13.400912451540554,13.538970947265625,3300,0.0,0.0,0.0
2009-03-31 00:00:00-04:00,13.68623631721626,13.833498976211118,13.658624788093395,13.796683311462402,28300,0.0,0.0,0.0
2009-04-01 00:00:00-04:00,13.713847420182958,13.842702681676641,13.410117976005749,13.778275489807129,17400,0.0,0.0,0.0
2009-04-02 00:00:00-04:00,14.532998862886394,14.671057399352536,14.468571662902832,14.468571662902832,9000,0.0,0.0,0.0
2009-04-03 00:00:00-04:00,14.468570419051225,14.597424807940842,14.43175475397495,14.588221549987793,3900,0.0,0.0,0.0
2009-04-06 00:00:00-04:00,14.486979361500614,14.486979361500614,14.3213092898231,14.348920822143555,6000,0.0,0.0,0.0
2009-04-07 00:00:00-04:00,14.100412493143352,14.100412493143352,13.879518508911133,13.879518508911133,4700,0.0,0.0,0.0
2009-04-08 00:00:00-04:00,14.017578923278952,14.348920822143555,14.017578923278952,14.348920822143555,2300,0.0,0.0,0.0
2009-04-09 00:00:00-04:00,14.69867059744505,15.039215766386185,14.67105818646658,15.011603355407715,4700,0.0,0.0,0.0
2009-04-13 00:00:00-04:00,14.882747235775568,15.076028823852539,14.882747235775568,15.076028823852539,7000,0.0,0.0,0.0
2009-04-14 00:00:00-04:00,14.753891904235754,14.882746288081965,14.753891904235754,14.827523231506348,5800,0.0,0.0,0.0
2009-04-15 00:00:00-04:00,14.80911426929797,14.80911426929797,14.625035959717046,14.7446870803833,2000,0.0,0.0,0.0
2009-04-16 00:00:00-04:00,14.910357982075498,15.361350059509277,14.845929037719902,15.361350059509277,2100,0.0,0.0,0.0
2009-04-17 00:00:00-04:00,15.821546290292101,15.821546290292101,15.315329402820637,15.609854698181152,6300,0.0,0.0,0.0
2009-04-20 00:00:00-04:00,15.296924218028321,15.296924218028321,14.97478648991312,15.057621955871582,6300,0.0,0.0,0.0
2009-04-21 00:00:00-04:00,14.9195591597278,15.471794921158015,14.9195591597278,15.333736419677734,5700,0.0,0.0,0.0
2009-04-22 00:00:00-04:00,15.250908836885193,16.088466167607205,15.250908836885193,15.895184516906738,192500,0.0,0.0,0.0
2009-04-23 00:00:00-04:00,16.244928094802468,16.244928094802468,15.306127276039831,15.388962745666504,7000,0.0,0.0,0.0
2009-04-24 00:00:00-04:00,16.00561746770078,16.00561746770078,15.582237959939294,15.738704681396484,57700,0.0,0.0,0.0
2009-04-27 00:00:00-04:00,15.849154895937454,15.849154895937454,15.370552230442607,15.508610725402832,165800,0.0,0.0,0.0
2009-04-28 00:00:00-04:00,15.793936323954837,16.15288886365533,15.352148312706612,15.628265380859375,168600,0.0,0.0,0.0
2009-04-29 00:00:00-04:00,15.692695224545806,15.94120168107182,15.619063876928077,15.637472152709961,90100,0.0,0.0,0.0
2009-04-30 00:00:00-04:00,15.922783229907862,16.079249963044912,15.729501724243164,15.729501724243164,13600,0.0,0.0,0.0
2009-05-01 00:00:00-04:00,15.609856930731747,15.75712135498327,15.54542973259579,15.563838005065918,19900,0.0,0.0,0.0
2009-05-04 00:00:00-04:00,15.90438186293231,16.116071701049805,15.775525728657499,16.116071701049805,9600,0.0,0.0,0.0
2009-05-05 00:00:00-04:00,16.27253240249071,16.27253240249071,16.01482198577625,16.162084579467773,5500,0.0,0.0,0.0
2009-05-06 00:00:00-04:00,16.410597496305122,16.410597496305122,15.830751018762244,16.024032592773438,24500,0.0,0.0,0.0
2009-05-07 00:00:00-04:00,16.410609459327905,16.410609459327905,15.582255992337283,15.665091514587402,15300,0.0,0.0,0.0
2009-05-08 00:00:00-04:00,15.766323914935757,15.895180068181952,15.388963102555877,15.628265380859375,9700,0.0,0.0,0.0
2009-05-11 00:00:00-04:00,15.278513529111237,15.655874256320137,15.278513529111237,15.471795082092285,15600,0.0,0.0,0.0
2009-05-12 00:00:00-04:00,15.646671526633952,15.701894581655948,15.011600249598567,15.204883575439453,55300,0.0,0.0,0.0
2009-05-13 00:00:00-04:00,15.04841647092642,15.04841647092642,14.652647448055673,14.67105484008789,43900,0.0,0.0,0.0
2009-05-14 00:00:00-04:00,14.855134481080055,15.057621955871582,14.827523829433494,15.057621955871582,9000,0.0,0.0,0.0
2009-05-15 00:00:00-04:00,14.855132162822077,15.149657437818389,14.818317381202094,14.891948699951172,8700,0.0,0.0,0.0
2009-05-18 00:00:00-04:00,15.002389509456535,15.42577075958252,15.002389509456535,15.42577075958252,73600,0.0,0.0,0.0
2009-05-19 00:00:00-04:00,15.434979915912123,15.674282134241272,15.29692141643621,15.527019500732422,11400,0.0,0.0,0.0
2009-05-20 00:00:00-04:00,15.674282811412242,15.849156099065832,15.37055339723968,15.499407768249512,9200,0.0,0.0,0.0
2009-05-21 00:00:00-04:00,15.112842468288449,15.26010510395557,15.048415284622719,15.149657249450684,10000,0.0,0.0,0.0
2009-05-22 00:00:00-04:00,14.937968924399485,15.204883575439453,14.937968924399485,15.204883575439453,7600,0.0,0.0,0.0
2009-05-26 00:00:00-04:00,15.416570756738928,15.77552318572998,15.416570756738928,15.77552318572998,9800,0.0,0.0,0.0
2009-05-27 00:00:00-04:00,15.720304255864544,15.98721893074353,15.619060516357422,15.619060516357422,26000,0.0,0.0,0.0
2009-05-28 00:00:00-04:00,15.600649620961041,15.665076798741149,15.112841087683346,15.352143287658691,15600,0.0,0.0,0.0
2009-05-29 00:00:00-04:00,15.453388406256588,15.628261688870525,15.425776003760607,15.517815589904785,16700,0.0,0.0,0.0
2009-06-01 00:00:00-04:00,15.959607600933058,16.309356011610767,15.839955581523377,16.226520538330078,15700,0.0,0.0,0.0
2009-06-02 00:00:00-04:00,16.13449249455086,16.447426304887475,16.13449249455086,16.429018020629883,10000,0.0,0.0,0.0
2009-06-03 00:00:00-04:00,16.29094573071071,16.373781184855716,16.079254150390625,16.079254150390625,8300,0.0,0.0,0.0
2009-06-04 00:00:00-04:00,16.189702007753677,16.189702007753677,15.867564325579675,16.079254150390625,39000,0.0,0.0,0.0
2009-06-05 00:00:00-04:00,16.254130214799943,16.263334349784518,15.913585997916885,16.116071701049805,5500,0.0,0.0,0.0
2009-06-08 00:00:00-04:00,15.931986557386194,16.235715876313535,15.885967655173314,16.162084579467773,4600,0.0,0.0,0.0
2009-06-09 00:00:00-04:00,16.180504961127664,16.272544589996127,16.116077747572707,16.244932174682617,7800,0.0,0.0,0.0
2009-06-10 00:00:00-04:00,16.401388253588344,16.401388253588344,15.876764995488388,16.033231735229492,5100,0.0,0.0,0.0
2009-06-11 00:00:00-04:00,16.079254763988896,16.106867168260656,15.858360796342426,15.876769065856934,5300,0.0,0.0,0.0
2009-06-12 00:00:00-04:00,15.738705856252245,15.757114120270412,15.480995426523966,15.729501724243164,15000,0.0,0.0,0.0
2009-06-15 00:00:00-04:00,15.62826461555788,15.62826461555788,15.37055583270426,15.44418716430664,7600,0.0,0.0,0.0
2009-06-16 00:00:00-04:00,15.49020060960415,15.508608874871388,15.158858856829045,15.287714958190918,5400,0.0,0.0,0.0
2009-06-17 00:00:00-04:00,15.333740087924177,15.58224650334361,15.287721161591472,15.554634094238281,7300,0.0,0.0,0.0
2009-06-18 00:00:00-04:00,15.444184717175176,15.53622255046269,15.434980582744597,15.499407768249512,11100,0.0,0.0,0.0
2009-06-19 00:00:00-04:00,15.646847450089252,15.72056633324551,15.554698406744727,15.637632369995117,6700,0.02,0.0,0.0
2009-06-22 00:00:00-04:00,15.527053363789245,15.527053363789245,15.19531754412288,15.204532623291016,18000,0.0,0.0,0.0
2009-06-23 00:00:00-04:00,15.140028527559675,15.140028527559675,14.955730463031756,15.093953132629395,5600,0.0,0.0,0.0
2009-06-24 00:00:00-04:00,15.121596297986077,15.25060387092411,15.020232200622559,15.020232200622559,16500,0.0,0.0,0.0
2009-06-25 00:00:00-04:00,15.250606327310118,15.545483589172363,15.250606327310118,15.545483589172363,6200,0.0,0.0,0.0
2009-06-26 00:00:00-04:00,15.499409683776738,15.665277610277519,15.499409683776738,15.637632369995117,9700,0.0,0.0,0.0
2009-06-29 00:00:00-04:00,15.527050779139016,15.831141310681721,15.527050779139016,15.75742244720459,800,0.0,0.0,0.0
2009-06-30 00:00:00-04:00,15.831145415546775,15.849575575593908,15.738996372907907,15.803500175476074,4300,0.0,0.0,0.0
2009-07-01 00:00:00-04:00,15.868001962980152,16.070730182560734,15.82192832630997,15.932507514953613,15500,0.0,0.0,0.0
2009-07-02 00:00:00-04:00,15.766639888522436,15.766639888522436,15.333539962768555,15.333539962768555,19300,0.0,0.0,0.0
2009-07-06 00:00:00-04:00,15.16767230661847,15.232177860795426,15.038664713457834,15.204532623291016,2100,0.0,0.0,0.0
2009-07-07 00:00:00-04:00,15.222965371602394,15.222965371602394,15.176889967922625,15.195320129394531,6600,0.0,0.0,0.0
2009-07-08 00:00:00-04:00,15.195316436838414,15.195316436838414,15.020233460595414,15.130812644958496,2700,0.0,0.0,0.0
2009-07-09 00:00:00-04:00,15.259826387452577,15.269041469668338,15.186107487323714,15.250611305236816,1300,0.0,0.0,0.0
2009-07-10 00:00:00-04:00,15.222968088231738,15.29668698967801,15.158464269165908,15.25982666015625,2400,0.0,0.0,0.0
2009-07-13 00:00:00-04:00,15.287464070329227,15.490190505981445,15.075522557020587,15.490190505981445,1300,0.0,0.0,0.0
2009-07-14 00:00:00-04:00,15.582345547514006,15.858790953667183,15.582345547514006,15.840362548828125,4900,0.0,0.0,0.0
2009-07-15 00:00:00-04:00,15.950937031667262,16.19052382583632,15.950937031667262,16.18130874633789,11200,0.0,0.0,0.0
2009-07-16 00:00:00-04:00,16.12601885366311,16.374820709228516,16.12601885366311,16.374820709228516,800,0.0,0.0,0.0
2009-07-17 00:00:00-04:00,16.35639517205589,16.476187715466263,16.35639517205589,16.439329147338867,5000,0.0,0.0,0.0
2009-07-20 00:00:00-04:00,16.531475622980153,16.724987030029297,16.531475622980153,16.724987030029297,12400,0.0,0.0,0.0
2009-07-21 00:00:00-04:00,16.752636650046103,16.817140469260583,16.356396894760294,16.642057418823242,23600,0.0,0.0,0.0
2009-07-22 00:00:00-04:00,16.59597929764205,16.853996262652544,16.59597929764205,16.75263214111328,17100,0.0,0.0,0.0
2009-07-23 00:00:00-04:00,16.900068283081055,16.992217315857047,16.881638125006535,16.900068283081055,32400,0.0,0.0,0.0
2009-07-24 00:00:00-04:00,16.807911366537702,16.853986740112305,16.669688761005467,16.853986740112305,6100,0.0,0.0,0.0
2009-07-27 00:00:00-04:00,16.789490832379013,16.789490832379013,16.63283798770251,16.724987030029297,2300,0.0,0.0,0.0
2009-07-28 00:00:00-04:00,16.715775216680893,16.724990298474086,16.595982668563625,16.706560134887695,18300,0.0,0.0,0.0
2009-07-29 00:00:00-04:00,16.706556192418642,16.734201431274414,16.669697631541005,16.734201431274414,1200,0.0,0.0,0.0
2009-07-30 00:00:00-04:00,17.0843713152597,17.102799721094957,16.835569381713867,16.835569381713867,2000,0.0,0.0,0.0
2009-07-31 00:00:00-04:00,16.844771665397385,16.853986740112305,16.844771665397385,16.853986740112305,200,0.0,0.0,0.0
2009-08-03 00:00:00-04:00,16.973786603006356,16.973786603006356,16.807918700950164,16.881637573242188,2200,0.0,0.0,0.0
2009-08-04 00:00:00-04:00,17.010642842962053,17.02907299792342,16.890850350905783,16.93692398071289,80000,0.0,0.0,0.0
2009-08-05 00:00:00-04:00,16.90928539993696,16.927715560232585,16.7065571518787,16.872425079345703,23200,0.0,0.0,0.0
2009-08-06 00:00:00-04:00,16.743417869883796,16.817136755219238,16.68812914528143,16.71577262878418,2800,0.0,0.0,0.0
2009-08-07 00:00:00-04:00,16.93691973939173,17.600391091084884,16.909276271468432,17.121217727661133,14500,0.0,0.0,0.0
2009-08-10 00:00:00-04:00,17.00142442035946,17.00142442035946,16.826341515967542,16.853986740112305,2200,0.0,0.0,0.0
2009-08-11 00:00:00-04:00,16.798706192707833,16.798706192707833,16.614409862575513,16.697343826293945,11300,0.0,0.0,0.0
2009-08-12 00:00:00-04:00,16.817135149897297,16.96457290649414,16.78948991143663,16.96457290649414,6200,0.0,0.0,0.0
2009-08-13 00:00:00-04:00,16.927714327087568,16.927714327087568,16.71577101432108,16.863208770751953,14400,0.0,0.0,0.0
2009-08-14 00:00:00-04:00,16.52225943667513,16.549902917204435,16.4761840397985,16.513044357299805,16000,0.0,0.0,0.0
2009-08-17 00:00:00-04:00,16.172090017126177,16.301099343392693,16.126016387628617,16.255023956298828,3000,0.0,0.0,0.0
2009-08-18 00:00:00-04:00,16.291885533147077,16.365604400634766,16.208951587523874,16.365604400634766,3300,0.0,0.0,0.0
2009-08-19 00:00:00-04:00,16.24581353685675,16.54069082601537,16.24581353685675,16.522260665893555,4800,0.0,0.0,0.0
2009-08-20 00:00:00-04:00,16.522263516565065,16.642056062831678,16.41168429435218,16.55912208557129,4700,0.0,0.0,0.0
2009-08-21 00:00:00-04:00,16.743420322149063,16.955361928830122,16.72499015871668,16.835569381713867,29300,0.0,0.0,0.0
2009-08-24 00:00:00-04:00,16.863203993593338,16.946137927791025,16.798700213127624,16.826345443725586,2200,0.0,0.0,0.0
2009-08-25 00:00:00-04:00,16.946139528924366,17.148867723938196,16.946139528924366,17.08436393737793,19400,0.0,0.0,0.0
2009-08-26 00:00:00-04:00,17.0659398953601,17.222592757807675,17.029079571209145,17.102798461914062,2000,0.0,0.0,0.0
2009-08-27 00:00:00-04:00,16.85400284825698,17.167306900024414,16.85400284825698,17.167306900024414,7900,0.0,0.0,0.0
2009-08-28 00:00:00-04:00,17.15808280167486,17.15808280167486,17.08436393737793,17.08436393737793,1400,0.0,0.0,0.0
2009-08-31 00:00:00-04:00,16.9830026419245,16.9830026419245,16.826349809747573,16.84477996826172,11200,0.0,0.0,0.0
2009-09-01 00:00:00-04:00,17.038288340374603,17.0475034179986,16.503826141357422,16.503826141357422,9400,0.0,0.0,0.0
2009-09-02 00:00:00-04:00,16.513047075889062,16.54990564186182,16.476186752319336,16.476186752319336,5700,0.0,0.0,0.0
2009-09-03 00:00:00-04:00,16.384029548055526,16.66047477722168,16.347169246782222,16.66047477722168,7500,0.0,0.0,0.0
2009-09-04 00:00:00-04:00,16.65126801957402,16.82635102288817,16.586764217720592,16.75263214111328,700,0.0,0.0,0.0
2009-09-08 00:00:00-04:00,17.010645160354088,17.010645160354088,16.844779015894453,16.881637573242188,6500,0.0,0.0,0.0
2009-09-09 00:00:00-04:00,16.872422821480264,17.13043975830078,16.84477934233289,17.13043975830078,2700,0.0,0.0,0.0
2009-09-10 00:00:00-04:00,17.277888027641694,17.296318196694617,17.241027689535848,17.268672943115234,3200,0.0,0.0,0.0
2009-09-11 00:00:00-04:00,17.21338231763541,17.22259740115761,17.112018156488688,17.167306900024414,900,0.0,0.0,0.0
2009-09-14 00:00:00-04:00,17.139657573440246,17.35159914952247,17.139657573440246,17.296310424804688,14900,0.0,0.0,0.0
2009-09-15 00:00:00-04:00,17.370024563354335,17.434528350830078,17.36080948548689,17.434528350830078,600,0.0,0.0,0.0
2009-09-16 00:00:00-04:00,17.600402681643946,17.803129196166992,17.600402681643946,17.803129196166992,5000,0.0,0.0,0.0
2009-09-17 00:00:00-04:00,17.8768430229529,17.941346815769055,17.738620358690206,17.793909072875977,2400,0.0,0.0,0.0
2009-09-18 00:00:00-04:00,17.849202700599104,17.91370650482026,17.76626873585852,17.904491424560547,2100,0.0,0.0,0.0
2009-09-21 00:00:00-04:00,17.710978382792028,17.93213503783912,17.692549979735748,17.876846313476562,2000,0.0,0.0,0.0
2009-09-22 00:00:00-04:00,17.968992080181714,17.987422237471737,17.85841289403812,17.895273208618164,1600,0.0,0.0,0.0
2009-09-23 00:00:00-04:00,17.867631912231445,17.922922396292243,17.80312810509077,17.867631912231445,23700,0.0,0.0,0.0
2009-09-24 00:00:00-04:00,17.70176452217263,17.70176452217263,17.360815314581384,17.406888961791992,2200,0.0,0.0,0.0
2009-09-25 00:00:00-04:00,17.314741814438225,17.314741814438225,17.268666409239284,17.305526733398438,1000,0.0,0.0,0.0
2009-09-28 00:00:00-04:00,17.591187071347548,17.628045637608203,17.591187071347548,17.609617233276367,400,0.0,0.0,0.0
2009-09-29 00:00:00-04:00,17.812336915171823,17.886055777037555,17.7570482081716,17.77547836303711,4400,0.0,0.0,0.0
2009-09-30 00:00:00-04:00,17.664907326601384,17.710980977386996,17.54511478000052,17.591188430786133,5400,0.0,0.0,0.0
2009-10-01 00:00:00-04:00,17.618820431898076,17.618820431898076,17.130432015741277,17.158077239990234,29800,0.0,0.0,0.0
2009-10-02 00:00:00-04:00,17.02907016702766,17.02907016702766,16.90927769488557,17.001426696777344,2000,0.0,0.0,0.0
2009-10-05 00:00:00-04:00,17.001429803472465,17.314735412597656,17.001429803472465,17.314735412597656,900,0.0,0.0,0.0
2009-10-06 00:00:00-04:00,17.59118543634335,17.655689239501953,17.508251472968908,17.655689239501953,1800,0.0,0.0,0.0
2009-10-07 00:00:00-04:00,17.57275390625,17.57275390625,17.57275390625,17.57275390625,300,0.0,0.0,0.0
2009-10-08 00:00:00-04:00,17.720190626327913,17.96899248252451,17.720190626327913,17.839984893798828,14700,0.0,0.0,0.0
2009-10-09 00:00:00-04:00,17.87683991564714,17.88605499267578,17.839981365128793,17.88605499267578,3900,0.0,0.0,0.0
2009-10-12 00:00:00-04:00,18.005854459431692,18.088786661553268,17.959779060923328,17.968994140625,3100,0.0,0.0,0.0
2009-10-13 00:00:00-04:00,17.968994140625,17.968994140625,17.968994140625,17.968994140625,0,0.0,0.0,0.0
2009-10-14 00:00:00-04:00,18.144077701138844,18.162506103515625,18.07035881884135,18.162506103515625,6100,0.0,0.0,0.0
2009-10-15 00:00:00-04:00,18.061145915945335,18.14407988822648,18.061145915945335,18.134864807128906,1700,0.0,0.0,0.0
2009-10-16 00:00:00-04:00,18.061147405579018,18.116436139127508,17.95978326274249,18.088790893554688,5000,0.0,0.0,0.0
2009-10-19 00:00:00-04:00,18.374443293492593,18.374443293492593,18.30072443580701,18.31915283203125,700,0.0,0.0,0.0
2009-10-20 00:00:00-04:00,18.14407783803207,18.14407783803207,18.06114387512207,18.06114387512207,1100,0.0,0.0,0.0
2009-10-21 00:00:00-04:00,18.309945591669106,18.309945591669106,17.784696578979492,17.784696578979492,600,0.0,0.0,0.0
2009-10-22 00:00:00-04:00,17.913710690527367,18.125652313232422,17.913710690527367,18.125652313232422,2300,0.0,0.0,0.0
2009-10-23 00:00:00-04:00,18.107218332540103,18.107218332540103,17.84920310974121,17.84920310974121,1300,0.0,0.0,0.0
2009-10-26 00:00:00-04:00,17.97820890996888,17.97820890996888,17.63725799727978,17.720191955566406,2700,0.0,0.0,0.0
2009-10-27 00:00:00-04:00,17.508255561721743,17.517470643981685,17.27788377801488,17.425321578979492,5000,0.0,0.0,0.0
2009-10-28 00:00:00-04:00,17.204155899738865,17.213370977190024,16.724982417856502,16.761842727661133,14000,0.0,0.0,0.0
2009-10-29 00:00:00-04:00,17.001432715952465,17.222589344233242,16.946142240684786,17.14887046813965,20300,0.0,0.0,0.0
2009-10-30 00:00:00-04:00,17.102797502913553,17.1212276639556,16.65126910296473,16.688129425048828,21700,0.0,0.0,0.0
2009-11-02 00:00:00-05:00,16.817140456124,16.93693301205771,16.605198833842763,16.74342155456543,10300,0.0,0.0,0.0
2009-11-03 00:00:00-05:00,16.87242386922194,16.96457290649414,16.771061510059546,16.96457290649414,5000,0.0,0.0,0.0
2009-11-04 00:00:00-05:00,17.019856785122727,17.056717092586677,16.826345443725586,16.826345443725586,500,0.0,0.0,0.0
2009-11-05 00:00:00-05:00,16.9645703977221,17.268660945432842,16.9645703977221,17.25023078918457,3200,0.0,0.0,0.0
2009-11-06 00:00:00-05:00,17.277878505233673,17.370027542114258,17.277878505233673,17.370027542114258,1300,0.0,0.0,0.0
2009-11-09 00:00:00-05:00,17.609615190664194,17.71097755432129,17.600400110768682,17.71097755432129,10300,0.0,0.0,0.0
2009-11-10 00:00:00-05:00,17.628039637138162,17.63725471496582,17.61882631690689,17.63725471496582,800,0.0,0.0,0.0
2009-11-11 00:00:00-05:00,17.82155854253298,17.86763218903382,17.66490568379439,17.738624572753906,50800,0.0,0.0,0.0
2009-11-12 00:00:00-05:00,17.738626781262848,17.738626781262848,17.508255004882812,17.508255004882812,1200,0.0,0.0,0.0
2009-11-13 00:00:00-05:00,17.45295704883087,17.554319381713867,17.351592958351635,17.554319381713867,2900,0.0,0.0,0.0
2009-11-16 00:00:00-05:00,17.978209220326672,17.978209220326672,17.968994140625,17.968994140625,2900,0.0,0.0,0.0
2009-11-17 00:00:00-05:00,17.82155745981996,17.91370650482026,17.80312729930053,17.904491424560547,3700,0.0,0.0,0.0
2009-11-18 00:00:00-05:00,17.83077334712117,17.867631912231445,17.78469794373717,17.867631912231445,3000,0.0,0.0,0.0
2009-11-19 00:00:00-05:00,17.45295664485955,17.535890579223633,17.45295664485955,17.535890579223633,1700,0.0,0.0,0.0
2009-11-20 00:00:00-05:00,17.425321578979492,17.425321578979492,17.425321578979492,17.425321578979492,200,0.0,0.0,0.0
2009-11-23 00:00:00-05:00,17.77547887883882,17.784692198942615,17.664899704033328,17.69254493713379,3100,0.0,0.0,0.0
2009-11-24 00:00:00-05:00,17.600390828171392,17.600390828171392,17.581960678100586,17.581960678100586,2200,0.0,0.0,0.0
2009-11-25 00:00:00-05:00,17.6188295957913,17.720191955566406,17.6188295957913,17.720191955566406,600,0.0,0.0,0.0
2009-11-27 00:00:00-05:00,17.720191955566406,17.720191955566406,17.720191955566406,17.720191955566406,0,0.0,0.0,0.0
2009-11-30 00:00:00-05:00,17.56354197212453,17.56354197212453,16.466973692344652,17.305526733398438,6500,0.0,0.0,0.0
2009-12-01 00:00:00-05:00,17.480600522527943,17.554319381713867,17.4437419717331,17.554319381713867,5600,0.0,0.0,0.0
2009-12-02 00:00:00-05:00,17.618833804322676,17.720196188309757,17.618833804322676,17.664907455444336,1300,0.0,0.0,0.0
2009-12-03 00:00:00-05:00,17.738626781262848,17.738626781262848,17.508255004882812,17.508255004882812,3700,0.0,0.0,0.0
2009-12-04 00:00:00-05:00,17.93213061292496,17.941345690977627,17.683330535888672,17.683330535888672,1800,0.0,0.0,0.0
2009-12-07 00:00:00-05:00,17.775482432821963,17.78469575476785,17.720191955566406,17.720191955566406,800,0.0,0.0,0.0
2009-12-08 00:00:00-05:00,17.61882807012404,17.664901706250642,17.56353759765625,17.56353759765625,5500,0.0,0.0,0.0
2009-12-09 00:00:00-05:00,17.499035028730205,17.58196898563956,17.41610107182085,17.57275390625,8100,0.0,0.0,0.0
2009-12-10 00:00:00-05:00,17.784696845819166,17.784696845819166,17.655689239501953,17.655689239501953,10400,0.0,0.0,0.0
2009-12-11 00:00:00-05:00,17.76626804814521,17.812341690063477,17.76626804814521,17.812341690063477,1000,0.0,0.0,0.0
2009-12-14 00:00:00-05:00,17.932125598203005,18.079565048217773,17.932125598203005,18.079565048217773,1200,0.0,0.0,0.0
2009-12-15 00:00:00-05:00,17.92291228032327,18.116423592524516,17.92291228032327,18.079565048217773,6400,0.0,0.0,0.0
2009-12-16 00:00:00-05:00,18.19937011824882,18.19937011824882,18.088790893554688,18.088790893554688,1300,0.0,0.0,0.0
2009-12-17 00:00:00-05:00,17.968999726056698,17.996644973754883,17.968999726056698,17.996644973754883,2200,0.0,0.0,0.0
2009-12-18 00:00:00-05:00,18.06587452976774,18.06587452976774,17.96432842574124,18.019718170166016,3900,0.035,0.0,0.0
2009-12-21 00:00:00-05:00,18.324356136502413,18.324356136502413,18.31512451171875,18.31512451171875,5200,0.0,0.0,0.0
2009-12-22 00:00:00-05:00,18.370508193969727,18.370508193969727,18.28742535114219,18.370508193969727,5900,0.0,0.0,0.0
2009-12-23 00:00:00-05:00,18.453590228567982,18.481285095214844,18.352044144948067,18.481285095214844,16700,0.0,0.0,0.0
2009-12-24 00:00:00-05:00,18.490520477294922,18.499752101387703,18.48128885320214,18.490520477294922,3700,0.0,0.0,0.0
2009-12-28 00:00:00-05:00,18.52744346961481,18.53667509283896,18.46282386779785,18.46282386779785,7900,0.0,0.0,0.0
2009-12-29 00:00:00-05:00,18.52744346961481,18.52744346961481,18.46282386779785,18.46282386779785,3600,0.0,0.0,0.0
2009-12-30 00:00:00-05:00,18.462822125359516,18.472053747712426,18.36127604022942,18.43512725830078,44000,0.0,0.0,0.0
2009-12-31 00:00:00-05:00,18.42590642649712,18.42590642649712,18.28743553161621,18.28743553161621,2100,0.0,0.0,0.0
2010-01-04 00:00:00-05:00,18.573604871111563,18.573604871111563,18.481290383293185,18.527446746826172,3800,0.0,0.0,0.0
2010-01-05 00:00:00-05:00,18.665912353771162,18.71207046508789,18.665912353771162,18.71207046508789,1900,0.0,0.0,0.0
2010-01-06 00:00:00-05:00,18.748994191190054,18.86900351344672,18.73976256942017,18.832077026367188,4000,0.0,0.0,0.0
2010-01-07 00:00:00-05:00,18.91516785784488,19.03517723083496,18.91516785784488,19.03517723083496,16000,0.0,0.0,0.0
2010-01-08 00:00:00-05:00,18.98901639574632,19.118255615234375,18.98901639574632,19.118255615234375,2700,0.0,0.0,0.0
2010-01-11 00:00:00-05:00,18.998240279962943,19.14594268798828,18.998240279962943,19.14594268798828,3300,0.0,0.0,0.0
2010-01-12 00:00:00-05:00,18.850538200410597,18.869001441923388,18.850538200410597,18.859769821166992,700,0.0,0.0,0.0
2010-01-13 00:00:00-05:00,18.804386804433555,18.961320877075195,18.804386804433555,18.961320877075195,1000,0.0,0.0,0.0
2010-01-14 00:00:00-05:00,19.10903191705546,19.10903191705546,19.072105407714844,19.072105407714844,1300,0.0,0.0,0.0
2010-01-15 00:00:00-05:00,19.062862602374675,19.062862602374675,18.804384231567383,18.804384231567383,1300,0.0,0.0,0.0
2010-01-19 00:00:00-05:00,18.896694214163677,19.14594268798828,17.964321663033985,19.14594268798828,7200,0.0,0.0,0.0
2010-01-20 00:00:00-05:00,18.989014378402143,18.989014378402143,18.776692323013368,18.896699905395508,900,0.0,0.0,0.0
2010-01-21 00:00:00-05:00,18.850546573814285,18.850546573814285,18.45359550872195,18.527446746826172,2100,0.0,0.0,0.0
2010-01-22 00:00:00-05:00,18.462828454379405,18.518216446731834,18.093572237442324,18.130496978759766,4900,0.0,0.0,0.0
2010-01-25 00:00:00-05:00,18.287430360527836,18.287430360527836,18.112034764959542,18.222810745239258,23800,0.0,0.0,0.0
2010-01-26 00:00:00-05:00,18.158193411479328,18.296664284603697,18.093573788071467,18.185888290405273,7700,0.0,0.0,0.0
2010-01-27 00:00:00-05:00,18.139727879653243,18.222810745239258,18.13049625450452,18.222810745239258,8400,0.0,0.0,0.0
2010-01-28 00:00:00-05:00,18.056639181345155,18.250499725341797,18.056639181345155,18.250499725341797,12000,0.0,0.0,0.0
2010-01-29 00:00:00-05:00,18.370513379388115,18.370513379388115,17.927405933067273,17.964330673217773,1400,0.0,0.0,0.0
2010-02-01 00:00:00-05:00,18.222808183082872,18.305891036987305,18.222808183082872,18.305891036987305,1400,0.0,0.0,0.0
2010-02-02 00:00:00-05:00,18.46282415962461,18.693609461619918,18.46282415962461,18.65668296813965,2700,0.0,0.0,0.0
2010-02-03 00:00:00-05:00,18.638215197639802,18.638215197639802,18.398198353204318,18.499744415283203,4200,0.0,0.0,0.0
2010-02-04 00:00:00-05:00,18.23204666449964,18.23204666449964,17.945873260498047,17.945873260498047,21600,0.0,0.0,0.0
2010-02-05 00:00:00-05:00,17.632009994153815,17.80740744171872,17.447380916637773,17.798175811767578,19700,0.0,0.0,0.0
2010-02-08 00:00:00-05:00,17.807396161941472,17.807396161941472,17.770469665527344,17.770469665527344,3100,0.0,0.0,0.0
2010-02-09 00:00:00-05:00,17.816625962113015,18.019718170166016,17.816625962113015,18.019718170166016,700,0.0,0.0,0.0
2010-02-10 00:00:00-05:00,17.992022043531517,17.992022043531517,17.825856343346942,17.936634063720703,1300,0.0,0.0,0.0
2010-02-11 00:00:00-05:00,17.936631614682007,18.250499725341797,17.936631614682007,18.250499725341797,1800,0.0,0.0,0.0
2010-02-12 00:00:00-05:00,18.112028914345277,18.250499725341797,18.065870803511842,18.250499725341797,1100,0.0,0.0,0.0
2010-02-16 00:00:00-05:00,18.46282713357903,18.536678371683248,18.46282713357903,18.527446746826172,1000,0.0,0.0,0.0
2010-02-17 00:00:00-05:00,18.776689365801523,18.804384231567383,18.748994500035668,18.804384231567383,1300,0.0,0.0,0.0
2010-02-18 00:00:00-05:00,18.79515670235538,18.998247146606445,18.79515670235538,18.998247146606445,2400,0.0,0.0,0.0
2010-02-19 00:00:00-05:00,18.95209453489445,19.053638896721157,18.95209453489445,19.007482528686523,500,0.0,0.0,0.0
2010-02-22 00:00:00-05:00,18.989015635828,19.025942131776723,18.97978401184082,18.97978401184082,1100,0.0,0.0,0.0
2010-02-23 00:00:00-05:00,18.841309969261292,18.905929565429688,18.81361510200972,18.905929565429688,8000,0.0,0.0,0.0
2010-02-24 00:00:00-05:00,19.053636005490347,19.118255615234375,19.007479644459558,19.118255615234375,2700,0.0,0.0,0.0
2010-02-25 00:00:00-05:00,18.859774655206717,19.201335906982422,18.859774655206717,19.201335906982422,6900,0.0,0.0,0.0
2010-02-26 00:00:00-05:00,19.21057123154399,19.247497731149274,19.081332004430337,19.219802856445312,22100,0.0,0.0,0.0
2010-03-01 00:00:00-05:00,19.256726683755954,19.589056330323363,19.256726683755954,19.561363220214844,18500,0.0,0.0,0.0
2010-03-02 00:00:00-05:00,19.635214392001405,19.672139125624046,19.552131540410254,19.570594787597656,23300,0.0,0.0,0.0
2010-03-03 00:00:00-05:00,19.62598676867199,19.67214313529615,19.469052657096316,19.542903900146484,12400,0.0,0.0,0.0
2010-03-04 00:00:00-05:00,19.625985664780565,19.672142028808594,19.598290789912294,19.672142028808594,5300,0.0,0.0,0.0
2010-03-05 00:00:00-05:00,19.782922971871816,20.004476724446928,19.782922971871816,19.976781845092773,5300,0.0,0.0,0.0
2010-03-08 00:00:00-05:00,20.041398770773338,20.106020147231273,20.041398770773338,20.078325271606445,11000,0.0,0.0,0.0
2010-03-09 00:00:00-05:00,20.096786499023438,20.235257341703775,20.096786499023438,20.096786499023438,3500,0.0,0.0,0.0
2010-03-10 00:00:00-05:00,20.12448053868046,20.235258274382044,20.12448053868046,20.207563400268555,11300,0.0,0.0,0.0
2010-03-11 00:00:00-05:00,20.124479938193428,20.281414031982422,20.124479938193428,20.281414031982422,2200,0.0,0.0,0.0
2010-03-12 00:00:00-05:00,20.26295254387667,20.336803778556646,20.170638060338614,20.281414031982422,15200,0.0,0.0,0.0
2010-03-15 00:00:00-04:00,20.253717367058304,20.281410474735875,20.170634522521556,20.262948989868164,25000,0.0,0.0,0.0
2010-03-16 00:00:00-04:00,20.299874610316934,20.382957458496094,20.299874610316934,20.382957458496094,3100,0.0,0.0,0.0
2010-03-17 00:00:00-04:00,20.382960782573456,20.4383487701416,20.373729157853365,20.4383487701416,10300,0.0,0.0,0.0
2010-03-18 00:00:00-04:00,20.44758415222168,20.484510657887487,20.43835252580523,20.44758415222168,2900,0.0,0.0,0.0
2010-03-19 00:00:00-04:00,20.198326110839844,20.447574625701105,20.179864627360843,20.198326110839844,5300,0.0,0.0,0.0
2010-03-22 00:00:00-04:00,20.041399353381912,20.49374019797477,20.041399353381912,20.475276947021484,2600,0.0,0.0,0.0
2010-03-23 00:00:00-04:00,20.530659390895213,20.687593460083008,20.521427767913337,20.687593460083008,4500,0.0,0.0,0.0
2010-03-24 00:00:00-04:00,20.62297739684544,20.62297739684544,20.493738174438477,20.493738174438477,3800,0.0,0.0,0.0
2010-03-25 00:00:00-04:00,20.706062301679975,20.75221866831066,20.466045321544843,20.475276947021484,4600,0.0,0.0,0.0
2010-03-26 00:00:00-04:00,20.70606287192708,20.71529449765796,20.586053498178185,20.641443252563477,10200,0.0,0.0,0.0
2010-03-29 00:00:00-04:00,20.779908412778287,20.779908412778287,20.336801063847716,20.632205963134766,122700,0.0,0.0,0.0
2010-03-30 00:00:00-04:00,20.724525800886635,20.724525800886635,20.5860531778308,20.66913604736328,3300,0.0,0.0,0.0
2010-03-31 00:00:00-04:00,20.669134747601966,20.678366372608668,20.549127144019703,20.59528350830078,9800,0.0,0.0,0.0
2010-04-01 00:00:00-04:00,20.761452903194815,20.770684529831737,20.622982025146484,20.622982025146484,2700,0.0,0.0,0.0
2010-04-05 00:00:00-04:00,20.789142169997625,21.075315475463867,20.789142169997625,21.075315475463867,16300,0.0,0.0,0.0
2010-04-06 00:00:00-04:00,21.04761620884486,21.186088781348655,21.029154725162666,21.14916229248047,9700,0.0,0.0,0.0
2010-04-07 00:00:00-04:00,21.11224154182528,21.186092772723025,21.0568517980878,21.121471405029297,1500,0.0,0.0,0.0
2010-04-08 00:00:00-04:00,21.066076872479126,21.29686211737614,21.066076872479126,21.241474151611328,29300,0.0,0.0,0.0
2010-04-09 00:00:00-04:00,21.30609976374886,21.435338973999023,21.28763651635536,21.435338973999023,6100,0.0,0.0,0.0
2010-04-12 00:00:00-04:00,21.499958149076594,21.499958149076594,21.407643682267903,21.481494903564453,5500,0.0,0.0,0.0
2010-04-13 00:00:00-04:00,21.546114613280146,21.546114613280146,21.40764379272862,21.463031768798828,1000,0.0,0.0,0.0
2010-04-14 00:00:00-04:00,21.629208969042796,21.915382385253906,21.61074571360906,21.915382385253906,7800,0.0,0.0,0.0
2010-04-15 00:00:00-04:00,21.878447040989258,22.053842600419514,21.878447040989258,22.04461097717285,7900,0.0,0.0,0.0
2010-04-16 00:00:00-04:00,22.00768864718192,22.10000312897299,21.629200856515595,21.749208450317383,13700,0.0,0.0,0.0
2010-04-19 00:00:00-04:00,21.786137967109592,21.832294334026713,21.361491996311443,21.619972229003906,7200,0.0,0.0,0.0
2010-04-20 00:00:00-04:00,21.749203411966377,21.906137466430664,21.749203411966377,21.906137466430664,5400,0.0,0.0,0.0
2010-04-21 00:00:00-04:00,21.96152807894648,22.303089307154078,21.96152807894648,22.275394439697266,24200,0.0,0.0,0.0
2010-04-22 00:00:00-04:00,22.24770549636492,22.73696925439772,22.24770549636492,22.718507766723633,8400,0.0,0.0,0.0
2010-04-23 00:00:00-04:00,22.810825789376942,22.810825789376942,22.626198544456333,22.76466941833496,16700,0.0,0.0,0.0
2010-04-26 00:00:00-04:00,22.930817314861724,22.995436888301743,22.838502883911133,22.838502883911133,18400,0.0,0.0,0.0
2010-04-27 00:00:00-04:00,22.746200782952762,22.84774688811846,22.25693702697754,22.25693702697754,5000,0.0,0.0,0.0
2010-04-28 00:00:00-04:00,22.321556635445795,22.321556635445795,22.109234561692308,22.25693702697754,15200,0.0,0.0,0.0
2010-04-29 00:00:00-04:00,22.413870197089505,22.59849739074707,22.349248830519546,22.59849739074707,10100,0.0,0.0,0.0
2010-04-30 00:00:00-04:00,22.53388735626046,22.69082150594132,21.915382385253906,21.915382385253906,10800,0.0,0.0,0.0
2010-05-03 00:00:00-04:00,21.93383797045599,22.450796616550253,21.89691147250166,22.395408630371094,13300,0.0,0.0,0.0
2010-05-04 00:00:00-04:00,22.1830847078018,22.1830847078018,21.59227311484671,21.66612434387207,9900,0.0,0.0,0.0
2010-05-05 00:00:00-04:00,21.426110298165884,21.758441753963304,21.001466114204668,21.31533432006836,41500,0.0,0.0,0.0
2010-05-06 00:00:00-04:00,21.315328846235904,21.315328846235904,10.88383389446794,20.807601928710938,28200,0.0,0.0,0.0
2010-05-07 00:00:00-04:00,20.13370763506848,20.733749019885135,19.819839508717866,20.059856414794922,21600,0.0,0.0,0.0
2010-05-10 00:00:00-04:00,20.881449733012527,21.241474151611328,20.881449733012527,21.241474151611328,10800,0.0,0.0,0.0
2010-05-11 00:00:00-04:00,21.29686613485168,21.647660759290556,21.195320044500637,21.453800201416016,21500,0.0,0.0,0.0
2010-05-12 00:00:00-04:00,21.592271018926883,21.943065643310547,21.583039396100787,21.943065643310547,14600,0.0,0.0,0.0
2010-05-13 00:00:00-04:00,22.007685075396385,22.007685075396385,21.481494903564453,21.481494903564453,11700,0.0,0.0,0.0
2010-05-14 00:00:00-04:00,21.019923595624714,21.176857655489027,20.844526290893555,20.844526290893555,3100,0.0,0.0,0.0
2010-05-17 00:00:00-04:00,21.08453975237564,21.08453975237564,20.586042786802484,20.79836654663086,8700,0.0,0.0,0.0
2010-05-18 00:00:00-04:00,21.333794717285652,21.39841432266046,20.62297553665837,20.72452163696289,14900,0.0,0.0,0.0
2010-05-19 00:00:00-04:00,20.75221866831066,20.75221866831066,20.207565090456427,20.475276947021484,3000,0.0,0.0,0.0
2010-05-20 00:00:00-04:00,19.810608445294616,20.11524671836821,19.635212892663915,19.745988845825195,20700,0.0,0.0,0.0
2010-05-21 00:00:00-04:00,19.3859679143143,20.189101645495498,19.229033817911187,20.013704299926758,48300,0.0,0.0,0.0
2010-05-24 00:00:00-04:00,20.041399439338416,20.170640435813194,19.95831833119735,19.995243072509766,5900,0.0,0.0,0.0
2010-05-25 00:00:00-04:00,19.422898344031346,19.976781845092773,19.164418085650695,19.976781845092773,12700,0.0,0.0,0.0
2010-05-26 00:00:00-04:00,20.10601752808531,20.466042060546506,19.930620193481445,19.930620193481445,5500,0.0,0.0,0.0
2010-05-27 00:00:00-04:00,20.604509389880374,20.844526290893555,20.364492488867196,20.844526290893555,38600,0.0,0.0,0.0
2010-05-28 00:00:00-04:00,20.89991749038927,20.89991749038927,20.45681010970839,20.678363800048828,7300,0.0,0.0,0.0
2010-06-01 00:00:00-04:00,20.189097370837633,20.604509824594402,20.059856414794922,20.059856414794922,19500,0.0,0.0,0.0
2010-06-02 00:00:00-04:00,19.93061848549405,20.392189081710676,19.93061848549405,20.382957458496094,5700,0.0,0.0,0.0
2010-06-03 00:00:00-04:00,20.669134747601966,20.669134747601966,20.373729790397224,20.59528350830078,3700,0.0,0.0,0.0
2010-06-04 00:00:00-04:00,20.152177155430447,20.152177155430447,19.496747591505034,19.533672332763672,2900,0.0,0.0,0.0
2010-06-07 00:00:00-04:00,19.487516503558044,19.69983861372148,19.007482528686523,19.007482528686523,22400,0.0,0.0,0.0
2010-06-08 00:00:00-04:00,18.90593113796491,19.00747723224835,18.619757862236767,18.961320877075195,18700,0.0,0.0,0.0
2010-06-09 00:00:00-04:00,19.28442235468913,19.672141794464107,19.219802741518702,19.238265991210938,32400,0.0,0.0,0.0
2010-06-10 00:00:00-04:00,19.681374847967856,19.995243072509766,19.67214322245162,19.995243072509766,11200,0.0,0.0,0.0
2010-06-11 00:00:00-04:00,19.792147062391425,20.2167911529541,19.792147062391425,20.2167911529541,7500,0.0,0.0,0.0
2010-06-14 00:00:00-04:00,20.53989196164697,20.558355208462668,20.318338282114965,20.336801528930664,6300,0.0,0.0,0.0
2010-06-15 00:00:00-04:00,20.336799740818638,20.807601928710938,20.336799740818638,20.807601928710938,3500,0.0,0.0,0.0
2010-06-16 00:00:00-04:00,20.53989248277017,20.826065772665572,20.53989248277017,20.73375129699707,11800,0.0,0.0,0.0
2010-06-17 00:00:00-04:00,20.890682978057924,20.890682978057924,20.346031331747994,20.567584991455078,62300,0.0,0.0,0.0
2010-06-18 00:00:00-04:00,20.62578597094154,20.736628408685295,20.561128616333008,20.561128616333008,4500,0.013,0.0,0.0
2010-06-21 00:00:00-04:00,20.921351928236454,20.921351928236454,20.17317161150037,20.228591918945312,10800,0.0,0.0,0.0
2010-06-22 00:00:00-04:00,20.099283003557293,20.19165138345078,19.65591689420493,19.683626174926758,5700,0.0,0.0,0.0
2010-06-23 00:00:00-04:00,19.54507597919705,19.729812753097693,19.51736493457782,19.6651554107666,7000,0.0,0.0,0.0
2010-06-24 00:00:00-04:00,19.34185925870285,19.37880554174721,19.018570913610912,19.055517196655273,6500,0.0,0.0,0.0
2010-06-25 00:00:00-04:00,19.05552256990669,19.351101726507316,18.953918941549833,19.31415367126465,20500,0.0,0.0,0.0
2010-06-28 00:00:00-04:00,19.341865390111476,19.42499675553877,19.212548954013293,19.26797103881836,6000,0.0,0.0,0.0
2010-06-29 00:00:00-04:00,19.000103035699013,19.000103035699013,18.344290884003808,18.45513153076172,64000,0.0,0.0,0.0
2010-06-30 00:00:00-04:00,18.556732193706207,18.630626526630785,18.288864135742188,18.288864135742188,18400,0.0,0.0,0.0
2010-07-01 00:00:00-04:00,18.28886671456703,18.298103727707552,17.827026628221596,18.24268341064453,7000,0.0,0.0,0.0
2010-07-02 00:00:00-04:00,18.335049528652046,18.37199581489687,18.00252414354915,18.094892501831055,138400,0.0,0.0,0.0
2010-07-06 00:00:00-04:00,18.353531572169583,18.54750362371502,17.762374877929688,17.762374877929688,12400,0.0,0.0,0.0
2010-07-07 00:00:00-04:00,17.965583307436997,18.42742347717285,17.965583307436997,18.42742347717285,1200,0.0,0.0,0.0
2010-07-08 00:00:00-04:00,18.74146540495021,18.750700653282735,18.482834407151028,18.704517364501953,8300,0.0,0.0,0.0
2010-07-09 00:00:00-04:00,18.769181043641826,19.009338102724584,18.713760725939693,19.00010108947754,7700,0.0,0.0,0.0
2010-07-12 00:00:00-04:00,18.686053428854002,18.88926423743009,18.658344145343076,18.861553192138672,2400,0.0,0.0,0.0
2010-07-13 00:00:00-04:00,18.907729523915005,19.517358200968847,18.907729523915005,19.424991607666016,15600,0.0,0.0,0.0
2010-07-14 00:00:00-04:00,19.36956414712298,19.443458458268832,19.26796057040952,19.304906845092773,1500,0.0,0.0,0.0
2010-07-15 00:00:00-04:00,19.378812110209907,19.378812110209907,19.351102828979492,19.351102828979492,1200,0.0,0.0,0.0
2010-07-16 00:00:00-04:00,18.898498223341562,18.95392031020758,18.602920807177604,18.612157821655273,2500,0.0,0.0,0.0
2010-07-19 00:00:00-04:00,18.464372361556094,18.65834617614746,18.464372361556094,18.65834617614746,1000,0.0,0.0,0.0
2010-07-20 00:00:00-04:00,18.56597338363148,19.046287536621094,18.408947670607194,19.046287536621094,8400,0.0,0.0,0.0
2010-07-21 00:00:00-04:00,18.944681665870768,18.981627958822497,18.6398672614531,18.759944915771484,4800,0.0,0.0,0.0
2010-07-22 00:00:00-04:00,18.889259357294314,19.369571685791016,18.889259357294314,19.369571685791016,2100,0.0,0.0,0.0
2010-07-23 00:00:00-04:00,19.43423411117503,19.69286346435547,19.40652306828555,19.69286346435547,7400,0.0,0.0,0.0
2010-07-26 00:00:00-04:00,19.88683635771413,20.08080836398387,19.803704994518455,20.071571350097656,74000,0.0,0.0,0.0
2010-07-27 00:00:00-04:00,20.21935844840767,20.21935844840767,19.739046096801758,19.739046096801758,1900,0.0,0.0,0.0
2010-07-28 00:00:00-04:00,19.646679579997397,19.674388860296055,19.43423354273303,19.535837173461914,2500,0.0,0.0,0.0
2010-07-29 00:00:00-04:00,19.692862888348685,19.692862888348685,19.443468794979058,19.535837173461914,5100,0.0,0.0,0.0
2010-07-30 00:00:00-04:00,19.351098562210485,19.60972785949707,19.351098562210485,19.60972785949707,8500,0.0,0.0,0.0
2010-08-02 00:00:00-04:00,19.97920282173269,20.025387890814052,19.794467830747987,19.997676849365234,7800,0.0,0.0,0.0
2010-08-03 00:00:00-04:00,19.554312027331637,19.71133774884991,19.554312027331637,19.563549041748047,5200,0.0,0.0,0.0
2010-08-04 00:00:00-04:00,19.70209274402288,19.766750056934885,19.70209274402288,19.75751304626465,900,0.0,0.0,0.0
2010-08-05 00:00:00-04:00,19.609727228340475,19.76675290883044,19.609727228340475,19.720569610595703,3100,0.0,0.0,0.0
2010-08-06 00:00:00-04:00,19.50812546467678,19.609729082757447,19.360335020433865,19.582019805908203,4900,0.0,0.0,0.0
2010-08-09 00:00:00-04:00,19.757515675986205,19.868358057002485,19.757515675986205,19.849884033203125,13100,0.0,0.0,0.0
2010-08-10 00:00:00-04:00,19.526597887101225,19.655914306640625,19.526597887101225,19.655914306640625,23000,0.0,0.0,0.0
2010-08-11 00:00:00-04:00,19.27721479554793,19.27721479554793,18.88926887512207,18.88926887512207,2500,0.0,0.0,0.0
2010-08-12 00:00:00-04:00,18.667581827035185,18.9262129980577,18.48284678640258,18.880029678344727,6100,0.0,0.0,0.0
2010-08-13 00:00:00-04:00,18.686049612562694,18.722997665405273,18.630629295078958,18.722997665405273,26100,0.0,0.0,0.0
2010-08-16 00:00:00-04:00,18.538263193618878,18.6491056039323,18.436657797646607,18.602920532226562,2200,0.0,0.0,0.0
2010-08-17 00:00:00-04:00,18.824597687921884,19.06475470014053,18.824597687921884,18.935440063476562,3100,0.0,0.0,0.0
2010-08-18 00:00:00-04:00,19.286433853679494,19.286433853679494,19.194067281164052,19.203304290771484,2400,0.0,0.0,0.0
2010-08-19 00:00:00-04:00,19.120184329517105,19.120184329517105,18.833842146847257,18.861553192138672,14900,0.0,0.0,0.0
2010-08-20 00:00:00-04:00,18.658341288819074,18.759944915771484,18.482841552402775,18.759944915771484,9200,0.0,0.0,0.0
2010-08-23 00:00:00-04:00,18.649107667109988,18.74147605895996,18.649107667109988,18.74147605895996,300,0.0,0.0,0.0
2010-08-24 00:00:00-04:00,18.18726198955009,18.288865604367906,18.085656612952267,18.205734252929688,2600,0.0,0.0,0.0
2010-08-25 00:00:00-04:00,18.00252612131392,18.436655162618596,17.928631778926317,18.371997833251953,17100,0.0,0.0,0.0
2010-08-26 00:00:00-04:00,18.482839344983752,18.538259658682563,18.17802497697029,18.205734252929688,148000,0.0,0.0,0.0
2010-08-27 00:00:00-04:00,18.159555474456486,18.501317977905273,18.159555474456486,18.501317977905273,9000,0.0,0.0,0.0
2010-08-30 00:00:00-04:00,18.43665468008998,18.43665468008998,18.150314331054688,18.150314331054688,1700,0.0,0.0,0.0
2010-08-31 00:00:00-04:00,17.96558367995302,18.26116111282789,17.96558367995302,18.168792724609375,1900,0.0,0.0,0.0
2010-09-01 00:00:00-04:00,18.732236461299713,18.80613081223702,18.722999447210015,18.787656784057617,11100,0.0,0.0,0.0
2010-09-02 00:00:00-04:00,19.046285709545195,19.33262606637539,19.046285709545195,19.323389053344727,3500,0.0,0.0,0.0
2010-09-03 00:00:00-04:00,19.517360874149833,19.665151319592017,19.517360874149833,19.655914306640625,4100,0.0,0.0,0.0
2010-09-07 00:00:00-04:00,19.517359789823352,19.517359789823352,19.277204513549805,19.277204513549805,700,0.0,0.0,0.0
2010-09-08 00:00:00-04:00,19.489646734282612,19.489646734282612,19.415752410888672,19.415752410888672,3600,0.0,0.0,0.0
2010-09-09 00:00:00-04:00,19.434236240878054,19.434236240878054,19.360340118408203,19.360340118408203,600,0.0,0.0,0.0
2010-09-10 00:00:00-04:00,19.53583347161292,19.572781520716884,19.434229860136927,19.471176147460938,2500,0.0,0.0,0.0
2010-09-13 00:00:00-04:00,19.471176147460938,19.471176147460938,19.471176147460938,19.471176147460938,0,0.0,0.0,0.0
2010-09-14 00:00:00-04:00,19.471176147460938,19.471176147460938,19.471176147460938,19.471176147460938,0,0.0,0.0,0.0
2010-09-15 00:00:00-04:00,19.877598797565835,20.053096771240234,19.877598797565835,20.053096771240234,500,0.0,0.0,0.0
2010-09-16 00:00:00-04:00,20.145465546865097,20.145465546865097,19.997676849365234,19.997676849365234,800,0.0,0.0,0.0
2010-09-17 00:00:00-04:00,20.022645950317383,20.022645950317383,19.920915459600113,20.022645950317383,13100,0.027,0.0,0.0
2010-09-20 00:00:00-04:00,20.281597567907642,20.411073684692383,20.281597567907642,20.411073684692383,700,0.0,0.0,0.0
2010-09-21 00:00:00-04:00,20.457315980772286,20.457315980772286,20.2353544081668,20.281597137451172,7700,0.0,0.0,0.0
2010-09-22 00:00:00-04:00,20.22610909965155,20.22610909965155,20.00414751087737,20.050390243530273,2300,0.0,0.0,0.0
2010-09-23 00:00:00-04:00,19.865423392594153,20.142874504277493,19.865423392594153,19.976404190063477,6200,0.0,0.0,0.0
2010-09-24 00:00:00-04:00,20.39257243511771,20.494304656982422,20.39257243511771,20.494304656982422,2700,0.0,0.0,0.0
2010-09-27 00:00:00-04:00,20.48505561359109,20.67002296447754,20.48505561359109,20.67002296447754,2100,0.0,0.0,0.0
2010-09-28 00:00:00-04:00,20.457325141420636,20.679285049438477,20.346344305421443,20.679285049438477,1100,0.0,0.0,0.0
2010-09-29 00:00:00-04:00,20.688524117500148,20.8180002301741,20.688524117500148,20.790254592895508,11200,0.0,0.0,0.0
2010-09-30 00:00:00-04:00,20.901234748177096,20.901234748177096,20.577542712266848,20.65152931213379,2700,0.0,0.0,0.0
2010-10-01 00:00:00-04:00,20.790253984137323,20.790253984137323,20.660777875254553,20.75326156616211,800,0.0,0.0,0.0
2010-10-04 00:00:00-04:00,20.75326156616211,20.75326156616211,20.75326156616211,20.75326156616211,0,0.0,0.0,0.0
2010-10-05 00:00:00-04:00,20.92898215396246,20.947479248046875,20.92898215396246,20.947479248046875,800,0.0,0.0,0.0
2010-10-06 00:00:00-04:00,20.762515085907527,20.845750251267738,20.75326653820305,20.818004608154297,1500,0.0,0.0,0.0
2010-10-07 00:00:00-04:00,20.928983874072674,20.938232421875,20.827253376207324,20.938232421875,1900,0.0,0.0,0.0
2010-10-08 00:00:00-04:00,20.90123923935028,21.20643424987793,20.90123923935028,21.20643424987793,3800,0.0,0.0,0.0
2010-10-11 00:00:00-04:00,21.17868749213136,21.382151997754697,21.17868749213136,21.354406356811523,3600,0.0,0.0,0.0
2010-10-12 00:00:00-04:00,21.289668291924087,21.354406356811523,21.289668291924087,21.354406356811523,700,0.0,0.0,0.0
2010-10-13 00:00:00-04:00,21.493124999624772,21.548614501953125,21.419138408527143,21.548614501953125,1600,0.0,0.0,0.0
2010-10-14 00:00:00-04:00,21.511622933841785,21.520871478589907,21.372898290579023,21.38214683532715,10300,0.0,0.0,0.0
2010-10-15 00:00:00-04:00,21.345158779353866,21.5578700776399,21.345158779353866,21.511629104614258,1100,0.0,0.0,0.0
2010-10-18 00:00:00-04:00,21.594863518721677,21.613360612882804,21.548620783318853,21.576366424560547,2900,0.0,0.0,0.0
2010-10-19 00:00:00-04:00,21.30816862488328,21.45614187111328,21.11395263671875,21.11395263671875,4500,0.0,0.0,0.0
2010-10-20 00:00:00-04:00,21.20643166243303,21.4838809967041,21.20643166243303,21.4838809967041,1300,0.0,0.0,0.0
2010-10-21 00:00:00-04:00,21.50238168803324,21.50238168803324,21.363656997680664,21.363656997680664,1900,0.0,0.0,0.0
2010-10-22 00:00:00-04:00,21.57636739732982,21.63185691833496,21.57636739732982,21.63185691833496,6200,0.0,0.0,0.0
2010-10-25 00:00:00-04:00,21.789080222265444,21.927804916473946,21.789080222265444,21.81682586669922,4400,0.0,0.0,0.0
2010-10-26 00:00:00-04:00,21.835320906527475,22.020286560058594,21.835320906527475,22.020286560058594,70600,0.0,0.0,0.0
2010-10-27 00:00:00-04:00,21.520877652015397,21.520877652015397,21.45613958418748,21.511629104614258,3800,0.0,0.0,0.0
2010-10-28 00:00:00-04:00,21.81682434032552,21.81682434032552,21.52087787632468,21.63185691833496,9500,0.0,0.0,0.0
2010-10-29 00:00:00-04:00,21.7150922631595,21.74283790588379,21.7150922631595,21.74283790588379,1700,0.0,0.0,0.0
2010-11-01 00:00:00-04:00,21.83532260152207,21.83532260152207,21.696596145629883,21.696596145629883,4500,0.0,0.0,0.0
2010-11-02 00:00:00-04:00,21.76133614618417,21.964798911595558,21.733590501999817,21.90930938720703,73800,0.0,0.0,0.0
2010-11-03 00:00:00-04:00,21.937056523153235,22.09427833557129,21.826077457905452,22.09427833557129,8600,0.0,0.0,0.0
2010-11-04 00:00:00-04:00,22.48270337264977,22.53819465637207,22.473454825362722,22.53819465637207,1000,0.0,0.0,0.0
2010-11-05 00:00:00-04:00,22.61218418088242,22.82489550392048,22.61218418088242,22.704666137695312,5100,0.0,0.0,0.0
2010-11-08 00:00:00-05:00,22.676917661322214,22.76015281677246,22.556688319458573,22.76015281677246,2600,0.0,0.0,0.0
2010-11-09 00:00:00-05:00,22.778651357868917,22.778651357868917,22.306987762451172,22.306987762451172,3800,0.0,0.0,0.0
2010-11-10 00:00:00-05:00,22.23299643146143,22.464204788208008,22.23299643146143,22.464204788208008,400,0.0,0.0,0.0
2010-11-11 00:00:00-05:00,22.464204788208008,22.464204788208008,22.464204788208008,22.464204788208008,0,0.0,0.0,0.0
2010-11-12 00:00:00-05:00,22.547442952123685,22.565940047938536,22.306987762451172,22.306987762451172,3700,0.0,0.0,0.0
2010-11-15 00:00:00-05:00,22.482704880751843,22.538196168196404,22.306987762451172,22.306987762451172,3100,0.0,0.0,0.0
2010-11-16 00:00:00-05:00,22.306991267877162,22.306991267877162,21.80758018627718,21.872318267822266,2000,0.0,0.0,0.0
2010-11-17 00:00:00-05:00,22.13126986718948,22.159013748168945,22.112772770549686,22.159013748168945,9200,0.0,0.0,0.0
2010-11-18 00:00:00-05:00,22.47345598634418,22.612182438836523,22.40871791597048,22.501201629638672,7000,0.0,0.0,0.0
2010-11-19 00:00:00-05:00,22.408720207118954,22.639928632938954,22.408720207118954,22.630680084228516,4600,0.0,0.0,0.0
2010-11-22 00:00:00-05:00,22.75089801562563,22.843381692254155,22.63991725087552,22.83413314819336,8700,0.0,0.0,0.0
2010-11-23 00:00:00-05:00,22.6954119149086,22.806390932303444,22.630672096785318,22.71390724182129,125400,0.0,0.0,0.0
2010-11-24 00:00:00-05:00,23.028353534515336,23.194823844853165,23.009856441371156,23.176326751708984,8500,0.0,0.0,0.0
2010-11-26 00:00:00-05:00,23.148582875972608,23.21332093799734,23.11158868968425,23.176326751708984,1800,0.0,0.0,0.0
2010-11-29 00:00:00-05:00,22.880381190279834,22.908126831054688,22.880381190279834,22.908126831054688,1000,0.0,0.0,0.0
2010-11-30 00:00:00-05:00,23.056099124956464,23.167078155624573,23.056099124956464,23.06534767150879,4600,0.0,0.0,0.0
2010-12-01 00:00:00-05:00,23.481518902149332,23.49076744760658,23.398283757013782,23.435277938842773,2800,0.0,0.0,0.0
2010-12-02 00:00:00-05:00,23.6202514867791,23.666492462158203,23.592505843163554,23.666492462158203,2500,0.0,0.0,0.0
2010-12-03 00:00:00-05:00,23.6294958093544,23.740476608276367,23.5647577449749,23.740476608276367,7200,0.0,0.0,0.0
2010-12-06 00:00:00-05:00,23.768225869241416,23.869956372769938,23.69423924668421,23.832963943481445,12300,0.0,0.0,0.0
2010-12-07 00:00:00-05:00,23.999428900389685,24.03642132137805,23.851455688476562,23.851455688476562,44700,0.0,0.0,0.0
2010-12-08 00:00:00-05:00,23.84221520263678,23.84221520263678,23.712737275454973,23.777475357055664,1800,0.0,0.0,0.0
2010-12-09 00:00:00-05:00,23.712734962627454,23.777473037913904,23.712734962627454,23.74972915649414,21600,0.0,0.0,0.0
2010-12-10 00:00:00-05:00,23.842210022065576,23.934691967697027,23.74972631245408,23.90694808959961,13200,0.0,0.0,0.0
2010-12-13 00:00:00-05:00,24.15664988588643,24.15664988588643,23.71272850036621,23.71272850036621,5400,0.0,0.0,0.0
2010-12-14 00:00:00-05:00,23.694234099172252,23.79596458060009,23.65723991394043,23.65723991394043,22600,0.0,0.0,0.0
2010-12-15 00:00:00-05:00,23.61100332951031,23.65724430565439,23.481525421142578,23.481525421142578,3000,0.0,0.0,0.0
2010-12-16 00:00:00-05:00,23.463024815737064,23.749722684151134,23.463024815737064,23.71272850036621,9300,0.0,0.0,0.0
2010-12-17 00:00:00-05:00,23.814984484715403,23.814984484715403,23.68484675612019,23.731325149536133,5900,0.13,0.0,0.0
2010-12-20 00:00:00-05:00,23.945116719533104,23.945116719533104,23.787093752412783,23.880048751831055,1500,0.0,0.0,0.0
2010-12-21 00:00:00-05:00,23.880053047404694,23.93582534790039,23.880053047404694,23.93582534790039,1600,0.0,0.0,0.0
2010-12-22 00:00:00-05:00,23.945118808390017,23.982299747619322,23.842868122813144,23.907936096191406,14400,0.0,0.0,0.0
2010-12-23 00:00:00-05:00,23.935825556222525,23.935825556222525,23.768506880309737,23.814985275268555,4300,0.0,0.0,0.0
2010-12-27 00:00:00-05:00,23.749912882931337,23.8149826286423,23.65695964928282,23.805686950683594,10500,0.0,0.0,0.0
2010-12-28 00:00:00-05:00,23.71273151648162,23.722027194272712,23.629072189331055,23.629072189331055,4900,0.0,0.0,0.0
2010-12-29 00:00:00-05:00,23.72203111801819,23.80569045900644,23.72203111801819,23.777803421020508,5000,0.0,0.0,0.0
2010-12-30 00:00:00-05:00,23.703434730358403,23.759207021527878,23.703434730358403,23.712730407714844,9200,0.0,0.0,0.0
2010-12-31 00:00:00-05:00,23.656959222704327,23.69414016089944,23.591889478166692,23.629072189331055,10700,0.0,0.0,0.0
2011-01-03 00:00:00-05:00,23.88935149398285,23.95441948092777,23.861464454019455,23.898645401000977,6800,0.0,0.0,0.0
2011-01-04 00:00:00-05:00,23.68484144472651,23.68484144472651,23.43386349547122,23.51752281188965,2700,0.0,0.0,0.0
2011-01-05 00:00:00-05:00,23.647665987471868,23.75921058654785,23.647665987471868,23.75921058654785,2600,0.0,0.0,0.0
2011-01-06 00:00:00-05:00,23.675545837047707,23.703432866924704,23.58259261672911,23.591886520385742,35000,0.0,0.0,0.0
2011-01-07 00:00:00-05:00,23.777799174735723,23.777799174735723,23.41527661050631,23.601184844970703,20700,0.0,0.0,0.0
2011-01-10 00:00:00-05:00,23.405981241252633,23.69414016089944,23.350208947475338,23.629072189331055,62300,0.0,0.0,0.0
2011-01-11 00:00:00-05:00,23.7685033186265,23.7685033186265,23.5268210199649,23.573299407958984,1800,0.0,0.0,0.0
2011-01-12 00:00:00-05:00,23.852162883680272,23.852162883680272,23.647663293359408,23.675548553466797,1400,0.0,0.0,0.0
2011-01-13 00:00:00-05:00,23.73132249872289,23.73132249872289,23.52682113647461,23.52682113647461,6500,0.0,0.0,0.0
2011-01-14 00:00:00-05:00,23.536111800970794,23.69413474133622,23.536111800970794,23.656953811645508,4500,0.0,0.0,0.0
2011-01-18 00:00:00-05:00,23.629079044414325,23.629079044414325,23.480351702547765,23.545419692993164,7100,0.0,0.0,0.0
2011-01-19 00:00:00-05:00,23.424581934084216,23.44317152410712,23.331626892089844,23.331626892089844,1100,0.0,0.0,0.0
2011-01-20 00:00:00-05:00,23.378104263513944,23.39669562709284,23.24796826440172,23.340923309326172,2700,0.0,0.0,0.0
2011-01-21 00:00:00-05:00,23.257249941628803,23.33161357819563,23.210771560668945,23.210771560668945,2200,0.0,0.0,0.0
2011-01-24 00:00:00-05:00,23.285149218589492,23.39669562709284,23.15501321947727,23.340923309326172,3700,0.0,0.0,0.0
2011-01-25 00:00:00-05:00,23.247954510172697,23.294431118652877,23.154999520243372,23.164295196533203,12700,0.0,0.0,0.0
2011-01-26 00:00:00-05:00,23.405981241252633,23.70343583869053,23.359502852297176,23.629072189331055,13700,0.0,0.0,0.0
2011-01-27 00:00:00-05:00,23.656958914336894,23.796390533447266,23.656958914336894,23.796390533447266,13900,0.0,0.0,0.0
2011-01-28 00:00:00-05:00,23.796394473871235,23.796394473871235,23.06205177307129,23.06205177307129,2600,0.0,0.0,0.0
2011-01-31 00:00:00-05:00,23.117823869777222,23.322323475968542,23.08993683453639,23.182891845703125,16600,0.0,0.0,0.0
2011-02-01 00:00:00-05:00,23.340913269684247,23.629072189331055,23.340913269684247,23.629072189331055,5900,0.0,0.0,0.0
2011-02-02 00:00:00-05:00,23.378104263513944,23.46176362664895,23.303740582168388,23.340923309326172,1200,0.0,0.0,0.0
2011-02-03 00:00:00-05:00,23.47104039132323,23.582586709922822,23.47104039132323,23.563995361328125,1000,0.0,0.0,0.0
2011-02-04 00:00:00-05:00,23.647658742695327,23.675543997436588,23.56399943253377,23.666248321533203,6600,0.0,0.0,0.0
2011-02-07 00:00:00-05:00,23.787100745588226,23.852168732419628,23.787100745588226,23.824281692504883,2200,0.0,0.0,0.0
2011-02-08 00:00:00-05:00,23.935816870279886,23.982293475403573,23.90792984342437,23.972999572753906,6400,0.0,0.0,0.0
2011-02-09 00:00:00-05:00,24.038071533130427,24.084548145995715,23.973003565931375,24.00088882446289,5400,0.0,0.0,0.0
2011-02-10 00:00:00-05:00,24.000887300596222,24.103137969970703,23.982295947442857,24.103137969970703,24700,0.0,0.0,0.0
2011-02-11 00:00:00-05:00,24.084550849541927,24.279756546020508,24.05666381491089,24.279756546020508,6000,0.0,0.0,0.0
2011-02-14 00:00:00-05:00,24.335528220002136,24.335528220002136,24.18680091837855,24.223981857299805,3200,0.0,0.0,0.0
2011-02-15 00:00:00-05:00,24.084552026320786,24.131028646674043,24.05666499032718,24.07525634765625,9600,0.0,0.0,0.0
2011-02-16 00:00:00-05:00,24.41918193141742,24.41918193141742,24.307635594375117,24.372703552246094,2200,0.0,0.0,0.0
2011-02-17 00:00:00-05:00,24.4284836530569,24.437779331191756,24.400596618652344,24.400596618652344,1600,0.0,0.0,0.0
2011-02-18 00:00:00-05:00,24.270463045394163,24.456371307373047,24.270463045394163,24.456371307373047,500,0.0,0.0,0.0
2011-02-22 00:00:00-05:00,24.103141553485145,24.103141553485145,23.805686950683594,23.805686950683594,3200,0.0,0.0,0.0
2011-02-23 00:00:00-05:00,23.62907175683809,23.66625269435266,23.452457427978516,23.452457427978516,1800,0.0,0.0,0.0
2011-02-24 00:00:00-05:00,23.44315899224143,23.51752263149082,23.24795510407515,23.48963737487793,163100,0.0,0.0,0.0
2011-02-25 00:00:00-05:00,23.666254517238293,23.917232513427734,23.666254517238293,23.917232513427734,2000,0.0,0.0,0.0
2011-02-28 00:00:00-05:00,24.010189746549585,24.028781104944553,23.82427970853895,23.94512176513672,2300,0.0,0.0,0.0
2011-03-01 00:00:00-05:00,23.79639652283175,23.79639652283175,23.480350494384766,23.480350494384766,1500,0.0,0.0,0.0
2011-03-02 00:00:00-05:00,23.480350494384766,23.480350494384766,23.480350494384766,23.480350494384766,0,0.0,0.0,0.0
2011-03-03 00:00:00-05:00,23.907938361132796,24.010189056396484,23.907938361132796,24.010189056396484,2100,0.0,0.0,0.0
2011-03-04 00:00:00-05:00,23.70343338374732,23.842864990234375,23.70343338374732,23.842864990234375,11400,0.0,0.0,0.0
2011-03-07 00:00:00-05:00,23.98229006689729,23.98229006689729,23.489631739917925,23.563995361328125,1300,0.0,0.0,0.0
2011-03-08 00:00:00-05:00,23.889347076416016,23.889347076416016,23.824277328533988,23.889347076416016,1000,0.0,0.0,0.0
2011-03-09 00:00:00-05:00,23.88005083501175,23.945118808390017,23.88005083501175,23.907936096191406,600,0.0,0.0,0.0
2011-03-10 00:00:00-05:00,23.712734171602005,23.712734171602005,23.629074835084086,23.638370513916016,1800,0.0,0.0,0.0
2011-03-11 00:00:00-05:00,23.629073576859874,23.917232513427734,23.57330127980756,23.917232513427734,1900,0.0,0.0,0.0
2011-03-14 00:00:00-04:00,23.47105105446873,23.554710388183594,23.461755375948258,23.554710388183594,1700,0.0,0.0,0.0
2011-03-15 00:00:00-04:00,22.718117040657518,23.517525828002192,22.467139059214414,23.433866500854492,6100,0.0,0.0,0.0
2011-03-16 00:00:00-04:00,23.387390763121964,23.489641449690968,23.201480746263652,23.24795913696289,9700,0.0,0.0,0.0
2011-03-17 00:00:00-04:00,23.48034646306118,23.48034646306118,23.182891845703125,23.182891845703125,1300,0.0,0.0,0.0
2011-03-18 00:00:00-04:00,23.229368209838867,23.229368209838867,23.229368209838867,23.229368209838867,100,0.0,0.0,0.0
2011-03-21 00:00:00-04:00,23.489644618921897,23.582599639892578,23.489644618921897,23.582599639892578,1100,0.0,0.0,0.0
2011-03-22 00:00:00-04:00,23.6197821485891,23.6197821485891,23.471054814375186,23.480350494384766,900,0.0,0.0,0.0
2011-03-23 00:00:00-04:00,23.275844876394462,23.666252698731192,23.247957843526457,23.647663116455078,34500,0.0,0.0,0.0
2011-03-24 00:00:00-04:00,23.92652119466138,23.972999572753906,23.90792984342437,23.972999572753906,2000,0.0,0.0,0.0
2011-03-25 00:00:00-04:00,23.97300029453838,24.251863479614258,23.97300029453838,24.251863479614258,2400,0.0,0.0,0.0
2011-03-28 00:00:00-04:00,23.926527452290713,23.935823130340363,23.898640418141756,23.907936096191406,1800,0.0,0.0,0.0
2011-03-29 00:00:00-04:00,23.88934259028481,23.954410552978516,23.88934259028481,23.954410552978516,600,0.0,0.0,0.0
2011-03-30 00:00:00-04:00,24.298342558203174,24.382001876831055,24.298342558203174,24.382001876831055,300,0.0,0.0,0.0
2011-03-31 00:00:00-04:00,24.251866371562944,24.37270662671389,24.251866371562944,24.36341094970703,1500,0.0,0.0,0.0
2011-04-01 00:00:00-04:00,24.577211013898065,24.632983309866354,24.474960327148438,24.474960327148438,17100,0.0,0.0,0.0
2011-04-04 00:00:00-04:00,24.465671974061443,24.48426333594027,24.437786704213057,24.447080612182617,4400,0.0,0.0,0.0
2011-04-05 00:00:00-04:00,24.77241936542309,24.77241936542309,24.67946434020996,24.67946434020996,900,0.0,0.0,0.0
2011-04-06 00:00:00-04:00,24.623687799848117,24.69805145263672,24.623687799848117,24.69805145263672,1300,0.0,0.0,0.0
2011-04-07 00:00:00-04:00,24.670164773428013,24.83748165286153,24.670164773428013,24.753822326660156,9700,0.0,0.0,0.0
2011-04-08 00:00:00-04:00,24.735235489361372,24.744531168078627,24.493553161621094,24.493553161621094,3000,0.0,0.0,0.0
2011-04-11 00:00:00-04:00,24.605100417198024,24.63298745636108,24.484260126764017,24.502851486206055,2300,0.0,0.0,0.0
2011-04-12 00:00:00-04:00,24.437786704213057,24.493559016879683,24.382012618576578,24.447080612182617,2300,0.0,0.0,0.0
2011-04-13 00:00:00-04:00,24.474956017226155,24.530728303373213,24.363409671963037,24.4191837310791,1600,0.0,0.0,0.0
2011-04-14 00:00:00-04:00,24.391303327031963,24.456371307373047,24.391303327031963,24.456371307373047,200,0.0,0.0,0.0
2011-04-15 00:00:00-04:00,24.78171157836914,24.78171157836914,24.78171157836914,24.78171157836914,300,0.0,0.0,0.0
2011-04-18 00:00:00-04:00,24.44707740787994,24.502851486206055,24.33553279716695,24.502851486206055,1100,0.0,0.0,0.0
2011-04-19 00:00:00-04:00,24.577213287353516,24.577213287353516,24.52143921325666,24.577213287353516,1600,0.0,0.0,0.0
2011-04-20 00:00:00-04:00,25.12563716180419,25.153522416142444,25.079158782958984,25.079158782958984,1300,0.0,0.0,0.0
2011-04-21 00:00:00-04:00,25.265080668556624,25.265080668556624,25.25578498840332,25.25578498840332,600,0.0,0.0,0.0
2011-04-25 00:00:00-04:00,25.246485065057158,25.274372100830078,25.246485065057158,25.274372100830078,1000,0.0,0.0,0.0
2011-04-26 00:00:00-04:00,25.35802202805012,25.478862258965552,25.35802202805012,25.4230899810791,4800,0.0,0.0,0.0
2011-04-27 00:00:00-04:00,25.469575142988067,25.48816649952084,25.46027946472168,25.46027946472168,1100,0.0,0.0,0.0
2011-04-28 00:00:00-04:00,25.516054206816804,25.590417861938477,25.478871492771273,25.590417861938477,1500,0.0,0.0,0.0
2011-04-29 00:00:00-04:00,25.692665041693047,25.692665041693047,25.553233419392672,25.618301391601562,2900,0.0,0.0,0.0
2011-05-02 00:00:00-04:00,25.692659654802593,25.692659654802593,25.46027307536923,25.525341033935547,19000,0.0,0.0,0.0
2011-05-03 00:00:00-04:00,25.534647162392154,25.534647162392154,25.33944320678711,25.33944320678711,1800,0.0,0.0,0.0
2011-05-04 00:00:00-04:00,25.246488571166992,25.246488571166992,25.246488571166992,25.246488571166992,300,0.0,0.0,0.0
2011-05-05 00:00:00-04:00,25.246489308250016,25.25578498840332,25.190717000299898,25.25578498840332,1900,0.0,0.0,0.0
2011-05-06 00:00:00-04:00,25.506762809065943,25.506762809065943,25.376625061035156,25.376625061035156,1300,0.0,0.0,0.0
2011-05-09 00:00:00-04:00,25.274376126188443,25.42310346139247,25.274376126188443,25.376625061035156,1100,0.0,0.0,0.0
2011-05-10 00:00:00-04:00,25.636888221732832,25.80420684814453,25.636888221732832,25.80420684814453,1000,0.0,0.0,0.0
2011-05-11 00:00:00-04:00,25.85998662825403,25.85998662825403,25.58112335205078,25.58112335205078,500,0.0,0.0,0.0
2011-05-12 00:00:00-04:00,25.841393874010734,25.906463623046875,25.841393874010734,25.906463623046875,500,0.0,0.0,0.0
2011-05-13 00:00:00-04:00,25.878580176832017,25.878580176832017,25.7298528472041,25.75773811340332,5300,0.0,0.0,0.0
2011-05-16 00:00:00-04:00,25.599704262849738,25.599704262849738,25.4230899810791,25.4230899810791,1800,0.0,0.0,0.0
2011-05-17 00:00:00-04:00,25.320848101138296,25.330143779501775,25.1442337581709,25.218597412109375,3800,0.0,0.0,0.0
2011-05-18 00:00:00-04:00,25.30225830287806,25.58112335205078,25.274373039039414,25.58112335205078,1900,0.0,0.0,0.0
2011-05-19 00:00:00-04:00,25.72055330351584,25.72055330351584,25.68337059020996,25.68337059020996,1300,0.0,0.0,0.0
2011-05-20 00:00:00-04:00,25.5997185410084,25.5997185410084,25.16283043048017,25.31155776977539,4300,0.0,0.0,0.0
2011-05-23 00:00:00-04:00,25.032687210545,25.20930153973187,25.00480017763048,25.14423179626465,3200,0.0,0.0,0.0
2011-05-24 00:00:00-04:00,24.9862060546875,24.9862060546875,24.9862060546875,24.9862060546875,200,0.0,0.0,0.0
2011-05-25 00:00:00-04:00,24.753827704071945,24.921146392822266,24.707351078516684,24.921146392822266,1200,0.0,0.0,0.0
2011-05-26 00:00:00-04:00,25.00479507446289,25.00479507446289,25.00479507446289,25.00479507446289,200,0.0,0.0,0.0
2011-05-27 00:00:00-04:00,25.29296168504262,25.29296168504262,25.237189386466184,25.274372100830078,1000,0.0,0.0,0.0
2011-05-31 00:00:00-04:00,25.302255084825156,25.404505767147405,25.265074146779313,25.367324829101562,2300,0.0,0.0,0.0
2011-06-01 00:00:00-04:00,25.404510795965894,25.404510795965894,25.16282844543457,25.16282844543457,800,0.0,0.0,0.0
2011-06-02 00:00:00-04:00,24.67946434020996,24.67946434020996,24.67946434020996,24.67946434020996,100,0.0,0.0,0.0
2011-06-03 00:00:00-04:00,24.558618545532227,24.558618545532227,24.558618545532227,24.558618545532227,300,0.0,0.0,0.0
2011-06-06 00:00:00-04:00,24.13102073936198,24.14961209059899,23.972999572753906,23.972999572753906,1800,0.0,0.0,0.0
2011-06-07 00:00:00-04:00,24.205392412723196,24.205392412723196,24.028778076171875,24.028778076171875,1400,0.0,0.0,0.0
2011-06-08 00:00:00-04:00,23.870749033031426,23.870749033031426,23.63836246031573,23.656953811645508,9700,0.0,0.0,0.0
2011-06-09 00:00:00-04:00,23.749918281950805,24.047374725341797,23.749918281950805,24.047374725341797,800,0.0,0.0,0.0
2011-06-10 00:00:00-04:00,23.424570083618164,23.424570083618164,23.424570083618164,23.424570083618164,500,0.0,0.0,0.0
2011-06-13 00:00:00-04:00,23.517531441453407,23.62907782859868,23.461759134365607,23.480350494384766,2200,0.0,0.0,0.0
2011-06-14 00:00:00-04:00,23.880046913761564,24.010182839148975,23.880046913761564,23.954410552978516,4600,0.0,0.0,0.0
2011-06-15 00:00:00-04:00,23.917232513427734,23.917232513427734,23.917232513427734,23.917232513427734,200,0.0,0.0,0.0
2011-06-16 00:00:00-04:00,23.647661007761215,23.647661007761215,23.424570083618164,23.424570083618164,1600,0.0,0.0,0.0
2011-06-17 00:00:00-04:00,23.802024543292607,23.802024543292607,23.643592834472656,23.643592834472656,1700,0.065,0.0,0.0
2011-06-20 00:00:00-04:00,23.643592834472656,23.643592834472656,23.643592834472656,23.643592834472656,0,0.0,0.0,0.0
2011-06-21 00:00:00-04:00,24.323906693764208,24.556894302368164,24.323906693764208,24.556894302368164,5900,0.0,0.0,0.0
2011-06-22 00:00:00-04:00,24.49165818446293,24.59417152404785,24.49165818446293,24.59417152404785,1000,0.0,0.0,0.0
2011-06-23 00:00:00-04:00,24.035004802383,24.2586727142334,24.035004802383,24.2586727142334,1000,0.0,0.0,0.0
2011-06-24 00:00:00-04:00,24.640774519932556,24.640774519932556,24.463703407080274,24.5009822845459,1900,0.0,0.0,0.0
2011-06-27 00:00:00-04:00,24.5009822845459,24.5009822845459,24.5009822845459,24.5009822845459,0,0.0,0.0,0.0
2011-06-28 00:00:00-04:00,24.696682332082702,25.106740951538086,24.696682332082702,25.106740951538086,1500,0.0,0.0,0.0
2011-06-29 00:00:00-04:00,25.134698046695377,25.16265719460885,25.088101244393656,25.153337478637695,1000,0.0,0.0,0.0
2011-06-30 00:00:00-04:00,25.358367919921875,25.358367919921875,25.358367919921875,25.358367919921875,200,0.0,0.0,0.0
2011-07-01 00:00:00-04:00,25.349060335786966,25.796396255493164,25.349060335786966,25.796396255493164,1500,0.0,0.0,0.0
2011-07-05 00:00:00-04:00,25.926856572424267,26.020051956176758,25.926856572424267,26.020051956176758,300,0.0,0.0,0.0
2011-07-06 00:00:00-04:00,26.066649158065047,26.131887171977723,25.908217536528227,26.094608306884766,8900,0.0,0.0,0.0
2011-07-07 00:00:00-04:00,26.29031776791727,26.57922364798862,26.29031776791727,26.49534797668457,7100,0.0,0.0,0.0
2011-07-08 00:00:00-04:00,26.28099795525731,26.336914472955442,26.11324662460886,26.327594757080078,4300,0.0,0.0,0.0
2011-07-11 00:00:00-04:00,26.187807596502488,26.281002995575616,25.842985153198242,25.842985153198242,1200,0.0,0.0,0.0
2011-07-12 00:00:00-04:00,25.870945832623338,25.870945832623338,25.749791273413603,25.768430709838867,700,0.0,0.0,0.0
2011-07-13 00:00:00-04:00,26.010736877826567,26.010736877826567,26.00141716003418,26.00141716003418,300,0.0,0.0,0.0
2011-07-14 00:00:00-04:00,25.954818506070186,25.954818506070186,25.749788284301758,25.749788284301758,300,0.0,0.0,0.0
2011-07-15 00:00:00-04:00,25.675229469547144,25.73114776611328,25.65659181491252,25.73114776611328,3600,0.0,0.0,0.0
2011-07-18 00:00:00-04:00,25.731154670174636,25.731154670174636,25.498167037963867,25.498167037963867,1200,0.0,0.0,0.0
2011-07-19 00:00:00-04:00,25.917540008401826,25.94549916019421,25.908220291137695,25.908220291137695,600,0.0,0.0,0.0
2011-07-20 00:00:00-04:00,25.89890137866738,26.010734426527858,25.889581661753297,25.97345733642578,1300,0.0,0.0,0.0
2011-07-21 00:00:00-04:00,26.066650390625,26.066650390625,26.066650390625,26.066650390625,200,0.0,0.0,0.0
2011-07-22 00:00:00-04:00,26.169178009033203,26.225094558497563,26.02006602542487,26.169178009033203,1800,0.0,0.0,0.0
2011-07-25 00:00:00-04:00,25.936180398128922,25.936180398128922,25.889583587646484,25.889583587646484,800,0.0,0.0,0.0
2011-07-26 00:00:00-04:00,25.805709838867188,25.805709838867188,25.805709838867188,25.805709838867188,400,0.0,0.0,0.0
2011-07-27 00:00:00-04:00,25.246540172630915,25.349055300449745,24.99491310119629,24.99491310119629,1800,0.0,0.0,0.0
2011-07-28 00:00:00-04:00,24.985586030860535,25.3024492622001,24.929669512845923,24.94830894470215,1600,0.0,0.0,0.0
2011-07-29 00:00:00-04:00,24.491658769015725,24.99491109391542,24.491658769015725,24.87375831604004,1400,0.0,0.0,0.0
2011-08-01 00:00:00-04:00,25.134706527863543,25.134706527863543,24.761926651000977,24.761926651000977,1200,0.0,0.0,0.0
2011-08-02 00:00:00-04:00,24.77124702781376,24.77124702781376,23.96044921875,23.96044921875,3600,0.0,0.0,0.0
2011-08-03 00:00:00-04:00,23.895206657439164,24.184112548828125,23.40127410435953,24.184112548828125,2400,0.0,0.0,0.0
2011-08-04 00:00:00-04:00,23.17760554565335,23.382633978833017,22.898019379440143,22.907339096069336,4900,0.0,0.0,0.0
2011-08-05 00:00:00-04:00,22.58115845936394,22.860744654488936,21.928794225847707,22.730270385742188,10600,0.0,0.0,0.0
2011-08-08 00:00:00-04:00,21.434854378684772,21.994024848422114,20.801127964819376,21.145950317382812,27800,0.0,0.0,0.0
2011-08-09 00:00:00-04:00,21.462819408996197,21.63056899611249,20.437673562995332,21.350984573364258,18200,0.0,0.0,0.0
2011-08-10 00:00:00-04:00,21.639882222282132,21.872869763864838,21.46281297051807,21.65852165222168,2300,0.0,0.0,0.0
2011-08-11 00:00:00-04:00,21.360311843234456,22.534570033543094,21.360311843234456,22.506610870361328,6100,0.0,0.0,0.0
2011-08-12 00:00:00-04:00,22.282938750845585,22.56252322041404,22.12450707740887,22.432050704956055,11700,0.0,0.0,0.0
2011-08-15 00:00:00-04:00,22.55320026688532,22.74890899658203,22.422726002866533,22.74890899658203,5800,0.0,0.0,0.0
2011-08-16 00:00:00-04:00,22.413410114878236,22.581161499023438,22.413410114878236,22.581161499023438,1100,0.0,0.0,0.0
2011-08-17 00:00:00-04:00,21.86354637145996,21.86354637145996,21.86354637145996,21.86354637145996,300,0.0,0.0,0.0
2011-08-18 00:00:00-04:00,20.801134717520217,21.052761777221146,20.801134717520217,20.996845245361328,2700,0.0,0.0,0.0
2011-08-19 00:00:00-04:00,20.987527205908616,20.987527205908616,20.586788177490234,20.586788177490234,900,0.0,0.0,0.0
2011-08-22 00:00:00-04:00,20.69861886247449,21.04344131478346,20.69861886247449,20.763856887817383,1000,0.0,0.0,0.0
2011-08-23 00:00:00-04:00,20.996843375741214,21.3696231842041,20.996843375741214,21.3696231842041,800,0.0,0.0,0.0
2011-08-24 00:00:00-04:00,21.574647903442383,21.574647903442383,21.574647903442383,21.574647903442383,300,0.0,0.0,0.0
2011-08-25 00:00:00-04:00,21.705131247376606,21.742408348628455,21.46282386779785,21.46282386779785,8100,0.0,0.0,0.0
2011-08-26 00:00:00-04:00,21.733079600626375,22.133818493549818,21.472134667600162,22.11517906188965,1500,0.0,0.0,0.0
2011-08-29 00:00:00-04:00,22.870064347367315,22.870064347367315,22.814146041870117,22.814146041870117,2100,0.0,0.0,0.0
2011-08-30 00:00:00-04:00,22.981898506190166,23.20556640625,22.972578788160032,23.20556640625,1500,0.0,0.0,0.0
2011-08-31 00:00:00-04:00,23.466510152906643,23.466510152906643,23.18692398071289,23.18692398071289,1100,0.0,0.0,0.0
2011-09-01 00:00:00-04:00,23.112372537577944,23.112372537577944,22.75823211669922,22.75823211669922,800,0.0,0.0,0.0
2011-09-02 00:00:00-04:00,21.91016238745029,21.91016238745029,21.900842666625977,21.900842666625977,700,0.0,0.0,0.0
2011-09-06 00:00:00-04:00,21.500102959609556,21.78900718688965,21.220518452893973,21.78900718688965,900,0.0,0.0,0.0
2011-09-07 00:00:00-04:00,22.357486288685347,22.618432998657227,22.357486288685347,22.618432998657227,1800,0.0,0.0,0.0
2011-09-08 00:00:00-04:00,22.422727224867327,22.46932581368298,22.08722627316668,22.26429557800293,13000,0.0,0.0,0.0
2011-09-09 00:00:00-04:00,21.6492030346794,21.6492030346794,21.509410858154297,21.509410858154297,400,0.0,0.0,0.0
2011-09-12 00:00:00-04:00,21.60261091748322,21.60261091748322,21.313706786369572,21.40690040588379,600,0.0,0.0,0.0
2011-09-13 00:00:00-04:00,22.031314284125607,22.292261123657227,22.031314284125607,22.292261123657227,500,0.0,0.0,0.0
2011-09-14 00:00:00-04:00,22.55320691671735,22.935306549072266,22.55320691671735,22.935306549072266,300,0.0,0.0,0.0
2011-09-15 00:00:00-04:00,23.009859658251095,23.009859658251095,22.93530368509071,22.953941345214844,1300,0.0,0.0,0.0
2011-09-16 00:00:00-04:00,23.1927680837459,23.1927680837459,22.968863864315676,23.07148551940918,1200,0.026,0.0,0.0
2011-09-19 00:00:00-04:00,22.968868255615234,22.968868255615234,22.968868255615234,22.968868255615234,200,0.0,0.0,0.0
2011-09-20 00:00:00-04:00,22.922213035945934,23.323375377141947,22.819589614868164,22.819589614868164,13700,0.0,0.0,0.0
2011-09-21 00:00:00-04:00,22.754290618400166,22.754290618400166,22.38111686706543,22.38111686706543,1500,0.0,0.0,0.0
2011-09-22 00:00:00-04:00,21.4015362248374,21.4015362248374,21.093667647811717,21.289583206176758,2600,0.0,0.0,0.0
2011-09-23 00:00:00-04:00,21.700079962392817,21.700079962392817,21.569469561697936,21.662761688232422,1300,0.0,0.0,0.0
2011-09-26 00:00:00-04:00,21.45750885316843,21.97062248353637,21.45750885316843,21.905317306518555,2400,0.0,0.0,0.0
2011-09-27 00:00:00-04:00,22.93154479504541,22.93154479504541,22.688981454368765,22.912885665893555,2900,0.0,0.0,0.0
2011-09-28 00:00:00-04:00,22.483740315969786,22.483740315969786,22.38111686706543,22.38111686706543,2700,0.0,0.0,0.0
2011-09-29 00:00:00-04:00,21.634767532348633,21.634767532348633,21.60677883608133,21.634767532348633,800,0.0,0.0,0.0
2011-09-30 00:00:00-04:00,21.177630526547784,21.22427657648124,21.177630526547784,21.18695831298828,500,0.0,0.0,0.0
2011-10-03 00:00:00-04:00,20.636530433092066,20.636530433092066,20.067439308222063,20.07676887512207,14500,0.0,0.0,0.0
2011-10-04 00:00:00-04:00,19.73157273468008,20.65517807006836,19.65693801402543,20.65517807006836,107000,0.0,0.0,0.0
2011-10-05 00:00:00-04:00,20.879088074270452,21.233604431152344,20.879088074270452,21.233604431152344,5000,0.0,0.0,0.0
2011-10-06 00:00:00-04:00,21.653432321243827,21.877338409423828,21.653432321243827,21.877338409423828,2100,0.0,0.0,0.0
2011-10-07 00:00:00-04:00,21.905320396855515,22.035932548750136,21.672086572069322,21.914649963378906,2500,0.0,0.0,0.0
2011-10-10 00:00:00-04:00,22.166538934572966,22.474407456743457,22.166538934572966,22.44641876220703,1600,0.0,0.0,0.0
2011-10-11 00:00:00-04:00,22.437091827392578,22.437091827392578,22.437091827392578,22.437091827392578,500,0.0,0.0,0.0
2011-10-12 00:00:00-04:00,23.0621632195417,23.0621632195417,22.884906768798828,22.884906768798828,2200,0.0,0.0,0.0
2011-10-13 00:00:00-04:00,22.586364829246367,22.922222137451172,22.586364829246367,22.922222137451172,3900,0.0,0.0,0.0
2011-10-14 00:00:00-04:00,23.080814361572266,23.13678996981889,22.90355619278671,23.080814361572266,17900,0.0,0.0,0.0
2011-10-17 00:00:00-04:00,22.884901434599076,22.884901434599076,22.735631942749023,22.735631942749023,700,0.0,0.0,0.0
2011-10-18 00:00:00-04:00,22.73563079248941,23.062156677246094,22.474408305251448,23.062156677246094,1100,0.0,0.0,0.0
2011-10-19 00:00:00-04:00,23.04350471496582,23.15545596465268,23.04350471496582,23.04350471496582,1700,0.0,0.0,0.0
2011-10-20 00:00:00-04:00,22.763620111876826,22.810267942790123,22.754290545694168,22.791608810424805,3500,0.0,0.0,0.0
2011-10-21 00:00:00-04:00,23.202105621966304,23.360704720993756,23.202105621966304,23.21143341064453,4400,0.0,0.0,0.0
2011-10-24 00:00:00-04:00,23.789844246974482,24.200336175359435,23.677891255803157,24.10704231262207,4100,0.0,0.0,0.0
2011-10-25 00:00:00-04:00,24.12570777367537,24.12570777367537,23.82716875809994,23.88314437866211,3900,0.0,0.0,0.0
2011-10-26 00:00:00-04:00,23.7898516228289,23.7898516228289,23.258078753616118,23.724546432495117,3300,0.0,0.0,0.0
2011-10-27 00:00:00-04:00,24.49887430462648,24.648143768310547,24.181676249439743,24.648143768310547,5500,0.0,0.0,0.0
2011-10-28 00:00:00-04:00,24.461555760274916,24.461555760274916,24.144357708831997,24.265640258789062,2800,0.0,0.0,0.0
2011-10-31 00:00:00-04:00,24.041743837654714,24.3029645907449,24.02308470402458,24.069730758666992,14000,0.0,0.0,0.0
2011-11-01 00:00:00-04:00,23.60326545786036,23.705888923668663,23.34204467861464,23.46332550048828,1500,0.0,0.0,0.0
2011-11-02 00:00:00-04:00,23.640581130981445,23.640581130981445,23.640581130981445,23.640581130981445,100,0.0,0.0,0.0
2011-11-03 00:00:00-04:00,23.75252816001097,23.83649246620189,23.75252816001097,23.789846420288086,600,0.0,0.0,0.0
2011-11-04 00:00:00-04:00,23.547284885073175,23.621919631958008,23.547284885073175,23.621919631958008,600,0.0,0.0,0.0
2011-11-07 00:00:00-05:00,23.73386718087482,23.73386718087482,23.715208053588867,23.715208053588867,900,0.0,0.0,0.0
2011-11-08 00:00:00-05:00,23.52862725559111,23.771190643310547,23.314052567027595,23.771190643310547,900,0.0,0.0,0.0
2011-11-09 00:00:00-05:00,23.36070341139184,23.36070341139184,23.108810424804688,23.108810424804688,3400,0.0,0.0,0.0
2011-11-10 00:00:00-05:00,23.379352579965296,23.379352579965296,23.09014320373535,23.09014320373535,900,0.0,0.0,0.0
2011-11-11 00:00:00-05:00,23.463315810306767,23.68722000551788,23.444656682514417,23.65923309326172,800,0.0,0.0,0.0
2011-11-14 00:00:00-05:00,23.58459714672912,23.6685614380375,23.52861976623535,23.52861976623535,15400,0.0,0.0,0.0
2011-11-15 00:00:00-05:00,23.41667673153467,23.76186180114746,23.41667673153467,23.76186180114746,900,0.0,0.0,0.0
2011-11-16 00:00:00-05:00,23.54729131291893,23.71521998410848,23.54729131291893,23.61259651184082,101900,0.0,0.0,0.0
2011-11-17 00:00:00-05:00,23.24875317695709,23.258082745667966,22.810274124145508,22.810274124145508,61900,0.0,0.0,0.0
2011-11-18 00:00:00-05:00,22.810272005477326,22.884906768798828,22.810272005477326,22.884906768798828,300,0.0,0.0,0.0
2011-11-21 00:00:00-05:00,22.353125424766258,22.5117244720459,22.306479378862136,22.5117244720459,4700,0.0,0.0,0.0
2011-11-22 00:00:00-05:00,22.409110353475,22.521061613077734,22.399780785269243,22.465085983276367,3500,0.0,0.0,0.0
2011-11-23 00:00:00-05:00,22.110568020739407,22.166543642267722,21.989285431422974,22.02660369873047,4800,0.0,0.0,0.0
2011-11-25 00:00:00-05:00,22.045253275077393,22.045253275077393,21.737384796142578,21.737384796142578,1200,0.0,0.0,0.0
2011-11-28 00:00:00-05:00,22.642343334809933,22.698318962422174,22.59569549560547,22.59569549560547,1600,0.0,0.0,0.0
2011-11-29 00:00:00-05:00,22.8195942016832,22.8195942016832,22.51172565599961,22.521055221557617,6300,0.0,0.0,0.0
2011-11-30 00:00:00-05:00,23.22075599863886,23.22075599863886,23.15545082092285,23.15545082092285,2100,0.0,0.0,0.0
2011-12-01 00:00:00-05:00,23.398005667374733,23.398005667374733,23.286052703857422,23.286052703857422,300,0.0,0.0,0.0
2011-12-02 00:00:00-05:00,23.603254494128105,23.603254494128105,23.52861976623535,23.52861976623535,1000,0.0,0.0,0.0
2011-12-05 00:00:00-05:00,23.929785772086802,24.013750076293945,23.929785772086802,24.013750076293945,600,0.0,0.0,0.0
2011-12-06 00:00:00-05:00,23.696553530984467,23.75252914428711,23.696553530984467,23.75252914428711,2000,0.0,0.0,0.0
2011-12-07 00:00:00-05:00,23.705882114097168,23.789846420288086,23.705882114097168,23.789846420288086,500,0.0,0.0,0.0
2011-12-08 00:00:00-05:00,23.68723127909915,23.68723127909915,23.61259651184082,23.61259651184082,400,0.0,0.0,0.0
2011-12-09 00:00:00-05:00,23.84581812752368,23.84581812752368,23.743196487426758,23.743196487426758,500,0.0,0.0,0.0
2011-12-12 00:00:00-05:00,23.398019829128604,23.565948486328125,23.398019829128604,23.565948486328125,9300,0.0,0.0,0.0
2011-12-13 00:00:00-05:00,23.575263420156798,23.575263420156798,23.509958267211914,23.509958267211914,1500,0.0,0.0,0.0
2011-12-14 00:00:00-05:00,22.93154259962867,22.95020172699414,22.679649718491778,22.819589614868164,5400,0.0,0.0,0.0
2011-12-15 00:00:00-05:00,22.866244352448973,23.071489477277936,22.819596519919983,22.82892608642578,18600,0.0,0.0,0.0
2011-12-16 00:00:00-05:00,23.223321557020668,23.223321557020668,22.9516481296549,22.97038459777832,700,0.101,0.0,0.0
2011-12-19 00:00:00-05:00,22.97038459777832,22.97038459777832,22.97038459777832,22.97038459777832,0,0.0,0.0,0.0
2011-12-20 00:00:00-05:00,23.139007778574673,23.335735321044922,23.139007778574673,23.335735321044922,1100,0.0,0.0,0.0
2011-12-21 00:00:00-05:00,23.23268411243673,23.476252796815807,23.23268411243673,23.410676956176758,9000,0.0,0.0,0.0
2011-12-22 00:00:00-05:00,23.56056590167936,23.56056590167936,23.504358291625977,23.504358291625977,1600,0.0,0.0,0.0
2011-12-23 00:00:00-05:00,23.79475975036621,23.79475975036621,23.79475975036621,23.79475975036621,500,0.0,0.0,0.0
2011-12-27 00:00:00-05:00,23.97275987259971,24.010231018066406,23.97275987259971,24.010231018066406,400,0.0,0.0,0.0
2011-12-28 00:00:00-05:00,23.869703805217473,23.869703805217473,23.701079235100327,23.79475975036621,13000,0.0,0.0,0.0
2011-12-29 00:00:00-05:00,23.7198234269067,23.954023898004607,23.7198234269067,23.879079818725586,11900,0.0,0.0,0.0
2011-12-30 00:00:00-05:00,23.90718650817871,23.916554742219233,23.90718650817871,23.90718650817871,500,0.0,0.0,0.0
2012-01-03 00:00:00-05:00,24.225698992597827,24.225698992597827,23.69172216712333,23.71045684814453,4900,0.0,0.0,0.0
2012-01-04 00:00:00-05:00,23.67298144816385,23.813501358032227,23.5886691448813,23.813501358032227,1700,0.0,0.0,0.0
2012-01-05 00:00:00-05:00,24.09454544481044,24.122650146484375,24.057074296053102,24.122650146484375,10400,0.0,0.0,0.0
2012-01-06 00:00:00-05:00,24.066442610094178,24.310011331655733,24.066442610094178,24.150754928588867,1900,0.0,0.0,0.0
2012-01-09 00:00:00-05:00,24.235063552856445,24.235063552856445,24.235063552856445,24.235063552856445,500,0.0,0.0,0.0
2012-01-10 00:00:00-05:00,24.403685894626367,24.403685894626367,24.338110055269734,24.366214752197266,2500,0.0,0.0,0.0
2012-01-11 00:00:00-05:00,24.366220510772266,24.478635751434762,24.366220510772266,24.422428131103516,2900,0.0,0.0,0.0
2012-01-12 00:00:00-05:00,24.441158396270204,24.553573608398438,24.441158396270204,24.553573608398438,700,0.0,0.0,0.0
2012-01-13 00:00:00-05:00,24.431785795881243,24.57230567932129,24.38494643033698,24.57230567932129,10400,0.0,0.0,0.0
2012-01-17 00:00:00-05:00,24.722195913768978,24.75966883886442,24.712827682495117,24.712827682495117,26900,0.0,0.0,0.0
2012-01-18 00:00:00-05:00,24.694096503952046,24.900192260742188,24.67536003875085,24.900192260742188,2500,0.0,0.0,0.0
2012-01-19 00:00:00-05:00,24.98450287856078,25.01260757446289,24.98450287856078,25.01260757446289,600,0.0,0.0,0.0
2012-01-20 00:00:00-05:00,24.94703176910611,24.98450469970703,24.9189288579631,24.98450469970703,2000,0.0,0.0,0.0
2012-01-23 00:00:00-05:00,25.050080408736413,25.134392715334123,24.900192260742188,24.900192260742188,7300,0.0,0.0,0.0
2012-01-24 00:00:00-05:00,24.84398746142839,25.125027323997035,24.84398746142839,25.078187942504883,600,0.0,0.0,0.0
2012-01-25 00:00:00-05:00,25.29365348815918,25.29365348815918,25.29365348815918,25.29365348815918,200,0.0,0.0,0.0
2012-01-26 00:00:00-05:00,25.106287002563477,25.115655234785347,25.106287002563477,25.106287002563477,3200,0.0,0.0,0.0
2012-01-27 00:00:00-05:00,25.12502439692661,25.28428077697754,25.12502439692661,25.28428077697754,1100,0.0,0.0,0.0
2012-01-30 00:00:00-05:00,24.918931543900552,25.171868492297055,24.918931543900552,25.078187942504883,10300,0.0,0.0,0.0
2012-01-31 00:00:00-05:00,25.20934206517551,25.20934206517551,24.947036857886204,25.031349182128906,2800,0.0,0.0,0.0
2012-02-01 00:00:00-05:00,25.27491965128734,25.41543960571289,25.27491965128734,25.41543960571289,6200,0.0,0.0,0.0
2012-02-02 00:00:00-05:00,25.415430819701665,25.537216048429137,25.415430819701665,25.452903747558594,11900,0.0,0.0,0.0
2012-02-03 00:00:00-05:00,25.743315862132935,26.052460418608913,25.743315862132935,26.03372573852539,3400,0.0,0.0,0.0
2012-02-06 00:00:00-05:00,26.118040567988864,26.118040567988864,25.930681228637695,25.930681228637695,2400,0.0,0.0,0.0
2012-02-07 00:00:00-05:00,26.146142801703434,26.146142801703434,25.93067877775092,26.00562286376953,2500,0.0,0.0,0.0
2012-02-08 00:00:00-05:00,26.136764922669673,26.164869614608506,25.921300978227183,25.949405670166016,2500,0.0,0.0,0.0
2012-02-09 00:00:00-05:00,25.95877933577313,26.10866928100586,25.92130818957079,26.10866928100586,1300,0.0,0.0,0.0
2012-02-10 00:00:00-05:00,25.865100822135265,25.902571968692932,25.77142027552938,25.893203735351562,3100,0.0,0.0,0.0
2012-02-13 00:00:00-05:00,26.005618745495962,26.27729034423828,26.005618745495962,26.27729034423828,10400,0.0,0.0,0.0
2012-02-14 00:00:00-05:00,25.996246539512367,26.13676643371582,25.996246539512367,26.13676643371582,2100,0.0,0.0,0.0
2012-02-15 00:00:00-05:00,26.146142959594727,26.146142959594727,26.146142959594727,26.146142959594727,200,0.0,0.0,0.0
2012-02-16 00:00:00-05:00,26.296030044555664,26.296030044555664,26.296030044555664,26.296030044555664,100,0.0,0.0,0.0
2012-02-17 00:00:00-05:00,26.661386489868164,26.67075472513811,26.661386489868164,26.661386489868164,7700,0.0,0.0,0.0
2012-02-21 00:00:00-05:00,26.66138314040621,26.717592544964308,26.474023818969727,26.474023818969727,600,0.0,0.0,0.0
2012-02-22 00:00:00-05:00,26.520855853024067,26.520855853024067,26.25855251834232,26.28665542602539,12800,0.0,0.0,0.0
2012-02-23 00:00:00-05:00,26.520859465114807,26.614540006034883,26.47402008805862,26.502124786376953,5400,0.0,0.0,0.0
2012-02-24 00:00:00-05:00,26.502124786376953,26.502124786376953,26.502124786376953,26.502124786376953,0,0.0,0.0,0.0
2012-02-27 00:00:00-05:00,26.38034222881932,26.689486794516114,26.36160576136912,26.680118560791016,2600,0.0,0.0,0.0
2012-02-28 00:00:00-05:00,26.661377429377026,26.661377429377026,26.53022575378418,26.53022575378418,1800,0.0,0.0,0.0
2012-02-29 00:00:00-05:00,26.708220192034332,26.717588424682617,26.5770685085737,26.717588424682617,3100,0.0,0.0,0.0
2012-03-01 00:00:00-05:00,26.66137920719281,26.97052552623177,26.66137920719281,26.858108520507812,600,0.0,0.0,0.0
2012-03-02 00:00:00-05:00,26.83000927424613,26.83000927424613,26.633281707763672,26.633281707763672,1300,0.0,0.0,0.0
2012-03-05 00:00:00-05:00,26.623913473149074,26.633281707763672,26.623913473149074,26.633281707763672,300,0.0,0.0,0.0
2012-03-06 00:00:00-05:00,26.38970730060989,26.38970730060989,26.192977989570046,26.22108268737793,4200,0.0,0.0,0.0
2012-03-07 00:00:00-05:00,26.717590123079837,26.717590123079837,26.445916719432738,26.605173110961914,30500,0.0,0.0,0.0
2012-03-08 00:00:00-05:00,26.605173110961914,26.605173110961914,26.605173110961914,26.605173110961914,0,0.0,0.0,0.0
2012-03-09 00:00:00-05:00,27.232826126678663,27.232826126678663,27.120410919189453,27.120410919189453,1300,0.0,0.0,0.0
2012-03-12 00:00:00-04:00,27.223463557417077,27.223463557417077,27.036104243695036,27.09231185913086,3500,0.0,0.0,0.0
2012-03-13 00:00:00-04:00,27.214092646740824,27.467029571533203,27.204726200762767,27.467029571533203,4600,0.0,0.0,0.0
2012-03-14 00:00:00-04:00,27.58881484793507,27.58881484793507,27.39208553278574,27.438926696777344,3100,0.0,0.0,0.0
2012-03-15 00:00:00-04:00,27.410827707062996,27.523242950439453,27.410827707062996,27.523242950439453,900,0.0,0.0,0.0
2012-03-16 00:00:00-04:00,27.3546142578125,27.3546142578125,27.3546142578125,27.3546142578125,300,0.0,0.0,0.0
2012-03-19 00:00:00-04:00,27.33587362628217,27.598176956176758,27.33587362628217,27.598176956176758,7400,0.0,0.0,0.0
2012-03-20 00:00:00-04:00,27.401455178020502,27.570079803466797,27.401455178020502,27.570079803466797,600,0.0,0.0,0.0
2012-03-21 00:00:00-04:00,27.570079803466797,27.570079803466797,27.570079803466797,27.570079803466797,0,0.0,0.0,0.0
2012-03-22 00:00:00-04:00,27.551342010498047,27.551342010498047,27.551342010498047,27.551342010498047,1600,0.0,0.0,0.0
2012-03-23 00:00:00-04:00,27.214093475821546,27.616918563842773,27.19535879648698,27.616918563842773,3400,0.0,0.0,0.0
2012-03-26 00:00:00-04:00,27.972904956244523,28.094688415527344,27.972904956244523,28.094688415527344,2300,0.0,0.0,0.0
2012-03-27 00:00:00-04:00,28.094685214809466,28.094685214809466,28.0478458404541,28.0478458404541,800,0.0,0.0,0.0
2012-03-28 00:00:00-04:00,27.888591507341204,27.897959740259477,27.57944696826909,27.719966888427734,7800,0.0,0.0,0.0
2012-03-29 00:00:00-04:00,27.579441217644817,27.710592877538588,27.579441217644817,27.663753509521484,37600,0.0,0.0,0.0
2012-03-30 00:00:00-04:00,27.588815201187362,27.87922327442293,27.588815201187362,27.719966888427734,3200,0.0,0.0,0.0
2012-04-02 00:00:00-04:00,27.776167880886327,27.963528920993717,27.776167880886327,27.954160690307617,1900,0.0,0.0,0.0
2012-04-03 00:00:00-04:00,28.057213373533994,28.216469743904387,28.057213373533994,28.066579818725586,2100,0.0,0.0,0.0
2012-04-04 00:00:00-04:00,27.83238210983156,27.83238210983156,27.588815201187362,27.719966888427734,2600,0.0,0.0,0.0
2012-04-05 00:00:00-04:00,27.748074200726386,27.879225900319714,27.738705966925732,27.785545349121094,1800,0.0,0.0,0.0
2012-04-09 00:00:00-04:00,27.382720445617682,27.438929848864746,27.382720445617682,27.429561614990234,1300,0.0,0.0,0.0
2012-04-10 00:00:00-04:00,27.513867392573676,27.513867392573676,26.539592742919922,26.539592742919922,52000,0.0,0.0,0.0
2012-04-11 00:00:00-04:00,27.073575310705618,27.073575310705618,27.064207077026367,27.064207077026367,600,0.0,0.0,0.0
2012-04-12 00:00:00-04:00,27.25156553120316,27.429558380212274,27.223460832894023,27.41082191467285,1600,0.0,0.0,0.0
2012-04-13 00:00:00-04:00,27.392082354725137,27.476394653320312,27.37334589130232,27.476394653320312,800,0.0,0.0,0.0
2012-04-16 00:00:00-04:00,27.18598968862288,27.47639775725313,27.18598968862288,27.41082191467285,4200,0.0,0.0,0.0
2012-04-17 00:00:00-04:00,27.57008504092052,27.757444381713867,27.57008504092052,27.757444381713867,1400,0.0,0.0,0.0
2012-04-18 00:00:00-04:00,27.719969458473898,27.729337692260742,27.719969458473898,27.729337692260742,800,0.0,0.0,0.0
2012-04-19 00:00:00-04:00,27.467034710122444,27.48577117919922,27.467034710122444,27.48577117919922,300,0.0,0.0,0.0
2012-04-20 00:00:00-04:00,27.579450064827263,27.654394149780273,27.579450064827263,27.654394149780273,800,0.0,0.0,0.0
2012-04-23 00:00:00-04:00,27.082944247637013,27.082944247637013,27.045473098754883,27.045473098754883,1700,0.0,0.0,0.0
2012-04-24 00:00:00-04:00,27.223462891201162,27.401455753667936,27.073574729168463,27.082942962646484,5000,0.0,0.0,0.0
2012-04-25 00:00:00-04:00,27.57007295548625,27.691856384277344,27.57007295548625,27.691856384277344,2000,0.0,0.0,0.0
2012-04-26 00:00:00-04:00,27.813647560354486,27.813647560354486,27.67312763954132,27.804279327392578,2700,0.0,0.0,0.0
2012-04-27 00:00:00-04:00,28.263308202674654,28.31014757434742,28.263308202674654,28.300779342651367,1200,0.0,0.0,0.0
2012-04-30 00:00:00-04:00,28.010368864913602,28.010368864913602,27.92605657380832,27.9354248046875,2200,0.0,0.0,0.0
2012-05-01 00:00:00-04:00,28.094683916467922,28.441301345825195,28.094683916467922,28.441301345825195,400,0.0,0.0,0.0
2012-05-02 00:00:00-04:00,27.860488479540347,28.48814582824707,27.860488479540347,28.48814582824707,1700,0.0,0.0,0.0
2012-05-03 00:00:00-04:00,28.225836223760105,28.225836223760105,28.038476943969727,28.038476943969727,600,0.0,0.0,0.0
2012-05-04 00:00:00-04:00,27.77617835998535,27.77617835998535,27.77617835998535,27.77617835998535,600,0.0,0.0,0.0
2012-05-07 00:00:00-04:00,27.645025835561626,27.71996992029709,27.607552899789933,27.62628936767578,1900,0.0,0.0,0.0
2012-05-08 00:00:00-04:00,26.998628616333008,26.998628616333008,26.979892150787002,26.998628616333008,3400,0.0,0.0,0.0
2012-05-09 00:00:00-04:00,27.03610502455023,27.214096109705718,27.03610502455023,27.185993194580078,3400,0.0,0.0,0.0
2012-05-10 00:00:00-04:00,27.335874470235918,27.354610933466112,27.167249874779124,27.307769775390625,2000,0.0,0.0,0.0
2012-05-11 00:00:00-04:00,27.08295026442403,27.457670770533397,27.08295026442403,27.382726669311523,3100,0.0,0.0,0.0
2012-05-14 00:00:00-04:00,26.87685024305609,27.05484133895662,26.87685024305609,26.961162567138672,4000,0.0,0.0,0.0
2012-05-15 00:00:00-04:00,26.848740418713845,27.064204411693726,26.848740418713845,26.942420959472656,2900,0.0,0.0,0.0
2012-05-16 00:00:00-04:00,27.01735972663262,27.01735972663262,26.792527545068744,26.839366912841797,900,0.0,0.0,0.0
2012-05-17 00:00:00-04:00,26.37096679137032,26.380335022536315,25.724573135375977,25.724573135375977,3200,0.0,0.0,0.0
2012-05-18 00:00:00-04:00,25.855740588927347,25.855740588927347,25.54659594023966,25.565332412719727,7200,0.0,0.0,0.0
2012-05-21 00:00:00-04:00,25.668364111199583,25.949405670166016,25.527844225120013,25.949405670166016,6700,0.0,0.0,0.0
2012-05-22 00:00:00-04:00,26.127406372643424,26.258559863478467,26.061830520629883,26.061830520629883,1500,0.0,0.0,0.0
2012-05-23 00:00:00-04:00,25.968147824119292,26.361604690551758,25.883835510826064,26.361604690551758,1100,0.0,0.0,0.0
2012-05-24 00:00:00-04:00,26.436544365368263,26.4833855242859,26.296024462230374,26.38033676147461,3300,0.0,0.0,0.0
2012-05-25 00:00:00-04:00,26.614536863113234,26.614536863113234,26.595800399780273,26.595800399780273,900,0.0,0.0,0.0
2012-05-29 00:00:00-04:00,26.78316125065428,26.81126594543457,26.78316125065428,26.81126594543457,400,0.0,0.0,0.0
2012-05-30 00:00:00-04:00,26.558326055243086,26.56769428577914,26.455277306153754,26.54895782470703,1400,0.0,0.0,0.0
2012-05-31 00:00:00-04:00,26.277293577011086,26.408447063015238,26.146141877814824,26.296030044555664,5900,0.0,0.0,0.0
2012-06-01 00:00:00-04:00,25.48100844345129,25.90256816099646,25.443535515594363,25.452903747558594,7100,0.0,0.0,0.0
2012-06-04 00:00:00-04:00,25.499753895763615,25.499753895763615,25.181241021618916,25.387338638305664,8100,0.0,0.0,0.0
2012-06-05 00:00:00-04:00,25.424810655927573,25.5746988621514,25.424810655927573,25.565332412719727,700,0.0,0.0,0.0
2012-06-06 00:00:00-04:00,25.87446881011592,26.10866928100586,25.87446881011592,26.10866928100586,1900,0.0,0.0,0.0
2012-06-07 00:00:00-04:00,26.27728632791927,26.361598621802823,26.061822371020153,26.13676643371582,1100,0.0,0.0,0.0
2012-06-08 00:00:00-04:00,26.13676643371582,26.13676643371582,26.13676643371582,26.13676643371582,0,0.0,0.0,0.0
2012-06-11 00:00:00-04:00,26.15550994873047,26.15550994873047,26.15550994873047,26.15550994873047,800,0.0,0.0,0.0
2012-06-12 00:00:00-04:00,25.865099754596198,26.0430908203125,25.790155677766247,26.0430908203125,600,0.0,0.0,0.0
2012-06-13 00:00:00-04:00,26.080564114878854,26.080564114878854,25.827627182006836,25.827627182006836,400,0.0,0.0,0.0
2012-06-14 00:00:00-04:00,25.874473605513156,25.930681228637695,25.874473605513156,25.930681228637695,200,0.0,0.0,0.0
2012-06-15 00:00:00-04:00,25.882814407348633,25.882814407348633,25.882814407348633,25.882814407348633,500,0.049,0.0,0.0
2012-06-18 00:00:00-04:00,26.145585561466923,26.201892852783203,26.145585561466923,26.201892852783203,600,0.0,0.0,0.0
2012-06-19 00:00:00-04:00,26.53974941414854,26.6617488861084,26.53974941414854,26.6617488861084,1200,0.0,0.0,0.0
2012-06-20 00:00:00-04:00,26.586658477783203,26.586658477783203,26.586658477783203,26.586658477783203,500,0.0,0.0,0.0
2012-06-21 00:00:00-04:00,25.995426177978516,25.995426177978516,25.995426177978516,25.995426177978516,200,0.0,0.0,0.0
2012-06-22 00:00:00-04:00,26.042354583740234,26.042354583740234,26.042354583740234,26.042354583740234,500,0.0,0.0,0.0
2012-06-25 00:00:00-04:00,25.760815358199732,25.760815358199732,25.75143051147461,25.75143051147461,200,0.0,0.0,0.0
2012-06-26 00:00:00-04:00,25.92973258659586,25.939117431640625,25.92973258659586,25.939117431640625,400,0.0,0.0,0.0
2012-06-27 00:00:00-04:00,25.70450782775879,25.70450782775879,25.70450782775879,25.70450782775879,300,0.0,0.0,0.0
2012-06-28 00:00:00-04:00,25.770201410618885,25.770201410618885,25.58250982422757,25.61066436767578,1800,0.0,0.0,0.0
2012-06-29 00:00:00-04:00,25.807737625096976,26.323891661608325,25.807737625096976,26.286354064941406,3200,0.0,0.0,0.0
2012-07-02 00:00:00-04:00,26.51158575964223,26.54912514734019,26.295739650308537,26.53035545349121,110400,0.0,0.0,0.0
2012-07-03 00:00:00-04:00,26.746202230974347,26.83066406542818,26.492816727612844,26.69927978515625,37400,0.0,0.0,0.0
2012-07-05 00:00:00-04:00,26.92450375467473,27.18727224697691,26.811887407990863,27.121580123901367,124000,0.0,0.0,0.0
2012-07-06 00:00:00-04:00,26.980815284699915,26.999584977100994,26.689892212388713,26.8869686126709,50000,0.0,0.0,0.0
2012-07-09 00:00:00-04:00,26.915122215371643,27.03712163178369,26.689891284319636,26.849430084228516,57300,0.0,0.0,0.0
2012-07-10 00:00:00-04:00,26.793123383130194,26.830662769953403,26.614816665649414,26.614816665649414,3500,0.0,0.0,0.0
2012-07-11 00:00:00-04:00,26.539731947927308,26.549116791898236,26.201884724877825,26.36142349243164,4700,0.0,0.0,0.0
2012-07-12 00:00:00-04:00,26.145578818118555,26.342655181884766,26.145578818118555,26.342655181884766,6300,0.0,0.0,0.0
2012-07-13 00:00:00-04:00,26.577281491709705,26.64297363908699,26.398972955987958,26.633588790893555,6500,0.0,0.0,0.0
2012-07-16 00:00:00-04:00,26.520972579098764,26.661741713482954,26.502202883853762,26.60543441772461,6400,0.0,0.0,0.0
2012-07-17 00:00:00-04:00,26.586664098435026,26.727433229515068,26.586664098435026,26.689895629882812,2100,0.0,0.0,0.0
2012-07-18 00:00:00-04:00,26.708666197154056,26.849437132243416,26.708666197154056,26.755590438842773,5100,0.0,0.0,0.0
2012-07-19 00:00:00-04:00,27.084045164762767,27.084045164762767,26.736813036250506,26.858814239501953,18200,0.0,0.0,0.0
2012-07-20 00:00:00-04:00,26.59605350249232,26.671130504596263,26.47405225533784,26.502206802368164,25400,0.0,0.0,0.0
2012-07-23 00:00:00-04:00,25.976662514005376,26.183123780382385,25.976662514005376,26.117431640625,2600,0.0,0.0,0.0
2012-07-24 00:00:00-04:00,25.807735811306337,26.183120701475524,25.67635154724121,25.67635154724121,3400,0.0,0.0,0.0
2012-07-25 00:00:00-04:00,25.85465613448456,26.00481007825837,25.779579162597656,25.779579162597656,2500,0.0,0.0,0.0
2012-07-26 00:00:00-04:00,26.211277699665338,26.211277699665338,26.01419949509357,26.201892852783203,3300,0.0,0.0,0.0
2012-07-27 00:00:00-04:00,26.596051249152097,26.77435978528318,26.567896704507156,26.70866584777832,1200,0.0,0.0,0.0
2012-07-30 00:00:00-04:00,26.62419855081917,26.755582810132935,26.539736729838527,26.577274322509766,3500,0.0,0.0,0.0
2012-07-31 00:00:00-04:00,26.577279454539557,26.59604914948772,26.46466486480386,26.48343276977539,1500,0.0,0.0,0.0
2012-08-01 00:00:00-04:00,26.48343276977539,26.48343276977539,26.48343276977539,26.48343276977539,0,0.0,0.0,0.0
2012-08-02 00:00:00-04:00,26.16435425480216,26.16435425480216,25.957892987094507,26.089277267456055,1200,0.0,0.0,0.0
2012-08-03 00:00:00-04:00,26.68989076215694,26.708658663561852,26.65235137939453,26.65235137939453,900,0.0,0.0,0.0
2012-08-06 00:00:00-04:00,26.802514975588036,26.8682071290858,26.680515517660325,26.72743797302246,4300,0.0,0.0,0.0
2012-08-07 00:00:00-04:00,27.102813473068345,27.23419952392578,27.018353441056405,27.23419952392578,14100,0.0,0.0,0.0
2012-08-08 00:00:00-04:00,27.149745826786766,27.25297737121582,27.140360978204413,27.25297737121582,5300,0.0,0.0,0.0
2012-08-09 00:00:00-04:00,27.40312455842725,27.40312455842725,27.112199694604676,27.215431213378906,1500,0.0,0.0,0.0
2012-08-10 00:00:00-04:00,26.999590261931093,27.018359958006105,26.868204179382744,26.943281173706055,900,0.0,0.0,0.0
2012-08-13 00:00:00-04:00,26.746203918679896,26.924512445997898,26.746203918679896,26.80251121520996,1700,0.0,0.0,0.0
2012-08-14 00:00:00-04:00,27.140362196109706,27.149747045113198,27.00897789001465,27.00897789001465,2000,0.0,0.0,0.0
2012-08-15 00:00:00-04:00,26.79312645567189,27.13097381591797,26.79312645567189,27.13097381591797,2200,0.0,0.0,0.0
2012-08-16 00:00:00-04:00,27.084041593164297,27.40311914270079,27.084041593164297,27.337425231933594,18200,0.0,0.0,0.0
2012-08-17 00:00:00-04:00,27.59081876046379,27.694050289141686,27.562666008989144,27.63774299621582,4000,0.0,0.0,0.0
2012-08-20 00:00:00-04:00,27.421894145734356,27.496971130371094,27.35620200792427,27.496971130371094,3000,0.0,0.0,0.0
2012-08-21 00:00:00-04:00,27.487593390512107,27.65651529613736,27.478208541870117,27.478208541870117,3500,0.0,0.0,0.0
2012-08-22 00:00:00-04:00,27.468812430004505,27.63773605634171,27.468812430004505,27.62835121154785,1200,0.0,0.0,0.0
2012-08-23 00:00:00-04:00,27.403117507140486,27.506347209375566,27.30927085876465,27.30927085876465,3100,0.0,0.0,0.0
2012-08-24 00:00:00-04:00,27.140357100458726,27.52512688747611,27.140357100458726,27.506357192993164,2200,0.0,0.0,0.0
2012-08-27 00:00:00-04:00,27.496971130371094,27.496971130371094,27.496971130371094,27.496971130371094,200,0.0,0.0,0.0
2012-08-28 00:00:00-04:00,27.68466149966512,27.8160457611084,27.68466149966512,27.8160457611084,2200,0.0,0.0,0.0
2012-08-29 00:00:00-04:00,27.79728370666785,27.97559044471194,27.79728370666785,27.966205596923828,1300,0.0,0.0,0.0
2012-08-30 00:00:00-04:00,27.703438447893927,27.87236213684082,27.703438447893927,27.87236213684082,1300,0.0,0.0,0.0
2012-08-31 00:00:00-04:00,27.97558292330967,27.97558292330967,27.7315823163498,27.787891387939453,1900,0.0,0.0,0.0
2012-09-04 00:00:00-04:00,27.731586863396316,28.031896591186523,27.731586863396316,28.031896591186523,700,0.0,0.0,0.0
2012-09-05 00:00:00-04:00,28.022510619230466,28.106972447096343,27.872356656352558,27.919279098510742,4600,0.0,0.0,0.0
2012-09-06 00:00:00-04:00,28.069433418266854,28.472972869873047,28.069433418266854,28.472972869873047,600,0.0,0.0,0.0
2012-09-07 00:00:00-04:00,28.566819545359028,28.61374198811379,28.44481833023432,28.472972869873047,75400,0.0,0.0,0.0
2012-09-10 00:00:00-04:00,28.566818246685862,28.566818246685862,28.36035521200741,28.38850975036621,2200,0.0,0.0,0.0
2012-09-11 00:00:00-04:00,28.42604547688348,28.472967911466966,28.27588974826881,28.3603515625,6400,0.0,0.0,0.0
2012-09-12 00:00:00-04:00,28.463586729346638,28.463586729346638,28.36974005812701,28.38850975036621,8900,0.0,0.0,0.0
2012-09-13 00:00:00-04:00,28.322814604706696,28.829583711423645,28.275890379100197,28.810815811157227,6300,0.0,0.0,0.0
2012-09-14 00:00:00-04:00,28.989122217510378,29.120508257958733,28.83896827697754,28.83896827697754,15800,0.0,0.0,0.0
2012-09-17 00:00:00-04:00,28.792049252509536,28.792049252509536,28.54804862274531,28.641895294189453,8400,0.0,0.0,0.0
2012-09-18 00:00:00-04:00,28.810820185631993,28.810820185631993,28.397895887479557,28.472972869873047,2200,0.0,0.0,0.0
2012-09-19 00:00:00-04:00,28.548048776877387,28.792049407958984,28.548048776877387,28.792049407958984,14700,0.0,0.0,0.0
2012-09-20 00:00:00-04:00,28.698206184965425,28.754513478912394,28.632514043697867,28.745128631591797,2700,0.0,0.0,0.0
2012-09-21 00:00:00-04:00,28.91615936808663,28.972543966506493,28.737606048583984,28.737606048583984,3100,0.042,0.0,0.0
2012-09-24 00:00:00-04:00,28.59664199358033,28.64362885745918,28.502666473388672,28.502666473388672,12500,0.0,0.0,0.0
2012-09-25 00:00:00-04:00,28.72821079359284,28.72821079359284,28.117372512817383,28.117372512817383,2300,0.0,0.0,0.0
2012-09-26 00:00:00-04:00,27.901235550786563,28.126775800892702,27.844849143934095,27.976415634155273,8700,0.0,0.0,0.0
2012-09-27 00:00:00-04:00,28.267737858350326,28.361713409423828,28.079786756203315,28.361713409423828,2400,0.0,0.0,0.0
2012-09-28 00:00:00-04:00,28.014004917531565,28.19255828857422,28.014004917531565,28.19255828857422,800,0.0,0.0,0.0
2012-10-01 00:00:00-04:00,28.408696901779386,28.465083301161677,28.408696901779386,28.418094635009766,5900,0.0,0.0,0.0
2012-10-02 00:00:00-04:00,28.154961185173377,28.2395389849132,28.126769780216232,28.211347579956055,14700,0.0,0.0,0.0
2012-10-03 00:00:00-04:00,28.25833397327107,28.41809183759266,28.19255163956821,28.380502700805664,1700,0.0,0.0,0.0
2012-10-04 00:00:00-04:00,28.446293005332606,28.66243553161621,28.446293005332606,28.66243553161621,8300,0.0,0.0,0.0
2012-10-05 00:00:00-04:00,29.14170058512022,29.14170058512022,28.70001792907715,28.70001792907715,2500,0.0,0.0,0.0
2012-10-08 00:00:00-04:00,28.70002098756937,28.70002098756937,28.56845451600257,28.577852249145508,800,0.0,0.0,0.0
2012-10-09 00:00:00-04:00,28.389898665410396,28.389898665410396,28.23014259338379,28.23014259338379,8500,0.0,0.0,0.0
2012-10-10 00:00:00-04:00,28.230143949690504,28.324117692471876,28.154962087570613,28.173757553100586,2300,0.0,0.0,0.0
2012-10-11 00:00:00-04:00,28.248940967181355,28.267736434936523,28.248940967181355,28.267736434936523,1100,0.0,0.0,0.0
2012-10-12 00:00:00-04:00,28.267736434936523,28.267736434936523,28.267736434936523,28.267736434936523,0,0.0,0.0,0.0
2012-10-15 00:00:00-04:00,28.21134442902317,28.333511352539062,28.21134442902317,28.333511352539062,9300,0.0,0.0,0.0
2012-10-16 00:00:00-04:00,28.65303165873841,28.65303165873841,28.483876050948943,28.530864715576172,2600,0.0,0.0,0.0
2012-10-17 00:00:00-04:00,27.25279912003485,28.728208992502452,25.5236558600586,28.709413528442383,1900,0.0,0.0,0.0
2012-10-18 00:00:00-04:00,28.700023106511882,28.81279232768432,28.64363670349121,28.64363670349121,1100,0.0,0.0,0.0
2012-10-19 00:00:00-04:00,28.42749096045248,28.42749096045248,28.173757553100586,28.173757553100586,2000,0.0,0.0,0.0
2012-10-22 00:00:00-04:00,28.183158444703917,28.25833852281593,27.96701594418618,28.126773834228516,16200,0.0,0.0,0.0
2012-10-23 00:00:00-04:00,27.685091017407128,27.98581314086914,27.56292405509019,27.98581314086914,2500,0.0,0.0,0.0
2012-10-24 00:00:00-04:00,27.90123244589432,27.90123244589432,27.863641512175853,27.87303924560547,3500,0.0,0.0,0.0
2012-10-25 00:00:00-04:00,28.15496120643514,28.15496120643514,27.45014740302717,27.459545135498047,25700,0.0,0.0,0.0
2012-10-26 00:00:00-04:00,27.58171362547966,27.6287004949915,27.32798022827372,27.54412269592285,5500,0.0,0.0,0.0
2012-10-31 00:00:00-04:00,27.61930488337937,27.62870261649019,27.497137937807373,27.609907150268555,6400,0.0,0.0,0.0
2012-11-01 00:00:00-04:00,28.126769002656307,28.173755871242065,28.060986669662586,28.164358139038086,42200,0.0,0.0,0.0
2012-11-02 00:00:00-04:00,28.2959217868545,28.2959217868545,28.032790688582022,28.051586151123047,32400,0.0,0.0,0.0
2012-11-05 00:00:00-05:00,27.854234257242826,28.02338981628418,27.844836527025667,28.02338981628418,2500,0.0,0.0,0.0
2012-11-06 00:00:00-05:00,28.014007004458136,28.258342742919922,28.014007004458136,28.258342742919922,4900,0.0,0.0,0.0
2012-11-07 00:00:00-05:00,27.976407698076155,27.976407698076155,27.63809652266853,27.685083389282227,3900,0.0,0.0,0.0
2012-11-08 00:00:00-05:00,27.78846373000299,27.816656932618066,27.21521449053813,27.41256332397461,6700,0.0,0.0,0.0
2012-11-09 00:00:00-05:00,27.384370892669807,27.384370892669807,27.093048293846714,27.158830642700195,7200,0.0,0.0,0.0
2012-11-12 00:00:00-05:00,27.262202267997793,27.262202267997793,27.074251174926758,27.074251174926758,10400,0.0,0.0,0.0
2012-11-13 00:00:00-05:00,27.074245210829105,27.299785397370147,27.064847479002303,27.2340030670166,2900,0.0,0.0,0.0
2012-11-14 00:00:00-05:00,27.111838393732754,27.130633858950066,26.50100011364387,26.54798698425293,22700,0.0,0.0,0.0
2012-11-15 00:00:00-05:00,26.59497048361557,26.68894600535533,26.378828038317906,26.52918815612793,7300,0.0,0.0,0.0
2012-11-16 00:00:00-05:00,26.613770497257857,26.801721572875977,26.491603552810087,26.801721572875977,11900,0.0,0.0,0.0
2012-11-19 00:00:00-05:00,27.036661283198058,27.36557479074837,25.35450460333372,27.327983856201172,23900,0.0,0.0,0.0
2012-11-20 00:00:00-05:00,27.35617445320115,27.44075225544735,27.35617445320115,27.431354522705078,1200,0.0,0.0,0.0
2012-11-21 00:00:00-05:00,27.60990199242,27.67568611190649,27.515928263735834,27.591108322143555,34300,0.0,0.0,0.0
2012-11-23 00:00:00-05:00,27.854237391380025,27.86363512265461,27.797852796166477,27.826045989990234,800,0.0,0.0,0.0
2012-11-26 00:00:00-05:00,27.788453159016985,27.788453159016985,27.732068567670584,27.750864028930664,1100,0.0,0.0,0.0
2012-11-27 00:00:00-05:00,27.80725837874289,27.93882306886608,27.80725837874289,27.8166561126709,6000,0.0,0.0,0.0
2012-11-28 00:00:00-05:00,27.929427099271077,28.19255828857422,27.74147778614133,28.19255828857422,7200,0.0,0.0,0.0
2012-11-29 00:00:00-05:00,28.361704546781493,28.399293680004078,28.324113621124916,28.333511352539062,2200,0.0,0.0,0.0
2012-11-30 00:00:00-05:00,28.39929989156135,28.39929989156135,28.23954200744629,28.23954200744629,4700,0.0,0.0,0.0
2012-12-03 00:00:00-05:00,28.399299456349254,28.399299456349254,20.204664202016904,28.183156967163086,5600,0.0,0.0,0.0
2012-12-04 00:00:00-05:00,28.042194862469817,28.183157279045318,27.87303924560547,27.87303924560547,1800,0.0,0.0,0.0
2012-12-05 00:00:00-05:00,27.89182181055174,27.929410934448242,27.703870813768603,27.929410934448242,11500,0.0,0.0,0.0
2012-12-06 00:00:00-05:00,27.66629518628482,27.797859872753918,27.66629518628482,27.76966667175293,2300,0.0,0.0,0.0
2012-12-07 00:00:00-05:00,27.920022751115233,28.04219147852336,27.732073482506504,27.85424041748047,22600,0.0,0.0,0.0
2012-12-10 00:00:00-05:00,27.816651067153607,27.948215733412972,27.70388007290691,27.7884578704834,8500,0.0,0.0,0.0
2012-12-11 00:00:00-05:00,27.69447998664951,27.891828761698033,27.69447998664951,27.882431030273438,3300,0.0,0.0,0.0
2012-12-12 00:00:00-05:00,27.863642534987953,27.891835736311712,27.826053392324045,27.835451126098633,2600,0.0,0.0,0.0
2012-12-13 00:00:00-05:00,27.844846566669926,27.844846566669926,27.534728527423578,27.628704071044922,2400,0.0,0.0,0.0
2012-12-14 00:00:00-05:00,27.54412293530174,27.553520667772617,27.459545135498047,27.459545135498047,1000,0.0,0.0,0.0
2012-12-17 00:00:00-05:00,27.619301593883726,27.901228176327475,27.619301593883726,27.891830444335938,4100,0.0,0.0,0.0
2012-12-18 00:00:00-05:00,27.92002581134882,28.201952433814323,24.095236177105352,28.183156967163086,6600,0.0,0.0,0.0
2012-12-19 00:00:00-05:00,28.126769780216232,28.352309982044357,28.126769780216232,28.211347579956055,4500,0.0,0.0,0.0
2012-12-20 00:00:00-05:00,28.117371270452324,28.220744532261968,28.032793473050646,28.164358139038086,12700,0.0,0.0,0.0
2012-12-21 00:00:00-05:00,28.408672526074255,28.408672526074255,27.793151649244265,27.963603973388672,25500,0.228,0.0,0.0
2012-12-24 00:00:00-05:00,27.86890698030091,28.010949976310176,27.86890698030091,27.9162540435791,7500,0.0,0.0,0.0
2012-12-26 00:00:00-05:00,27.86890877284055,27.86890877284055,27.4617175002285,27.54694366455078,54200,0.0,0.0,0.0
2012-12-27 00:00:00-05:00,27.442778372264907,27.575353411119575,27.243918523245153,27.56588363647461,1200,0.0,0.0,0.0
2012-12-28 00:00:00-05:00,27.45224677941396,27.594289779663086,27.45224677941396,27.594289779663086,800,0.0,0.0,0.0
2012-12-31 00:00:00-05:00,27.603763836856043,28.16246795654297,27.565886540460756,28.16246795654297,11100,0.0,0.0,0.0
2013-01-02 00:00:00-05:00,29.052612970515856,29.052612970515856,28.43709187663382,28.626482009887695,7200,0.0,0.0,0.0
2013-01-03 00:00:00-05:00,28.702228650285683,28.86321120212761,28.617002487182617,28.617002487182617,1700,0.0,0.0,0.0
2013-01-04 00:00:00-05:00,28.78745957880686,28.844276428222656,28.749582281254686,28.844276428222656,2200,0.0,0.0,0.0
2013-01-07 00:00:00-05:00,28.71170033834099,28.721170113336374,28.484431156976473,28.522310256958008,4900,0.0,0.0,0.0
2013-01-08 00:00:00-05:00,28.617005237281898,28.711701183849467,28.427615150321714,28.654884338378906,7900,0.0,0.0,0.0
2013-01-09 00:00:00-05:00,28.806394469926165,28.891620633348193,28.711698532104492,28.711698532104492,2200,0.0,0.0,0.0
2013-01-10 00:00:00-05:00,29.166237724752296,29.166237724752296,28.503369752838513,28.74957847595215,4800,0.0,0.0,0.0
2013-01-11 00:00:00-05:00,28.787461815908678,28.787461815908678,28.626479224907907,28.768522262573242,4600,0.0,0.0,0.0
2013-01-14 00:00:00-05:00,28.768514844914588,28.777984619140625,28.692758457281048,28.777984619140625,900,0.0,0.0,0.0
2013-01-15 00:00:00-05:00,28.825331079121455,29.05260022301172,28.74010492439078,29.02419090270996,18500,0.0,0.0,0.0
2013-01-16 00:00:00-05:00,28.957904294847125,29.109417057440634,28.948434521413205,29.02419090270996,2600,0.0,0.0,0.0
2013-01-17 00:00:00-05:00,29.204117028584463,29.43138620393757,29.18517747909466,29.393508911132812,25300,0.0,0.0,0.0
2013-01-18 00:00:00-05:00,29.734413811207265,29.734413811207265,29.22305858312147,29.402978897094727,11100,0.0,0.0,0.0
2013-01-22 00:00:00-05:00,29.40297592849093,29.440855026245117,29.317749764718798,29.440855026245117,13000,0.0,0.0,0.0
2013-01-23 00:00:00-05:00,29.885928848672627,29.885928848672627,29.327224701672378,29.50714683532715,44500,0.0,0.0,0.0
2013-01-24 00:00:00-05:00,29.69653596410626,29.781762134899736,29.649187088012695,29.649187088012695,900,0.0,0.0,0.0
2013-01-25 00:00:00-05:00,29.762823315369044,29.8764570084343,29.677597142482607,29.772293090820312,4800,0.0,0.0,0.0
2013-01-28 00:00:00-05:00,29.857518206459073,29.90486527586388,29.658656541374036,29.724943161010742,8300,0.0,0.0,0.0
2013-01-29 00:00:00-05:00,29.75335121154785,29.762820986258056,29.677594820041055,29.75335121154785,2300,0.0,0.0,0.0
2013-01-30 00:00:00-05:00,29.734406981715694,29.781755847813663,29.563954676112125,29.620773315429688,6200,0.0,0.0,0.0
2013-01-31 00:00:00-05:00,29.668127270477985,29.696536596739335,29.51661447610074,29.677597045898438,7600,0.0,0.0,0.0
2013-02-01 00:00:00-05:00,29.743882280635773,29.904864842926454,29.743882280635773,29.88592529296875,9100,0.0,0.0,0.0
2013-02-04 00:00:00-05:00,29.76282183886762,29.76282183886762,29.535552657836696,29.611309051513672,10300,0.0,0.0,0.0
2013-02-05 00:00:00-05:00,29.838578224249392,29.980621236582365,29.838578224249392,29.88592529296875,17700,0.0,0.0,0.0
2013-02-06 00:00:00-05:00,29.84804430225971,30.056373907466114,29.84804430225971,29.98061752319336,17200,0.0,0.0,0.0
2013-02-07 00:00:00-05:00,29.753348144588006,29.810164980817742,29.620774924660402,29.79122543334961,25300,0.0,0.0,0.0
2013-02-08 00:00:00-05:00,30.103730526241097,30.11319849630974,29.961685688759573,30.075321197509766,4400,0.0,0.0,0.0
2013-02-11 00:00:00-05:00,30.04691505432129,30.04691505432129,30.009037751505602,30.04691505432129,1500,0.0,0.0,0.0
2013-02-12 00:00:00-05:00,30.094257032500526,30.29311689052959,30.094257032500526,30.264707565307617,5000,0.0,0.0,0.0
2013-02-13 00:00:00-05:00,30.36887126030801,30.36887126030801,30.255237579345703,30.255237579345703,6000,0.0,0.0,0.0
2013-02-14 00:00:00-05:00,30.26470586937756,30.321524516637584,30.26470586937756,30.2741756439209,4200,0.0,0.0,0.0
2013-02-15 00:00:00-05:00,30.47303804543581,30.54879263129351,30.198419995458522,30.312053680419922,3500,0.0,0.0,0.0
2013-02-19 00:00:00-05:00,30.482508858373876,30.59614616628854,30.397282683612904,30.52985954284668,4100,0.0,0.0,0.0
2013-02-20 00:00:00-05:00,30.671898004783674,30.671898004783674,30.13213348388672,30.13213348388672,2700,0.0,0.0,0.0
2013-02-21 00:00:00-05:00,29.620773315429688,29.620773315429688,29.620773315429688,29.620773315429688,100,0.0,0.0,0.0
2013-02-22 00:00:00-05:00,29.81964016190167,29.81964016190167,29.724944213563965,29.772293090820312,3300,0.0,0.0,0.0
2013-02-25 00:00:00-05:00,29.724939956085393,29.77228882656,29.298810958862305,29.298810958862305,5000,0.0,0.0,0.0
2013-02-26 00:00:00-05:00,29.47873750701057,29.50714683532715,29.47873750701057,29.50714683532715,600,0.0,0.0,0.0
2013-02-27 00:00:00-05:00,29.724942093893677,29.9427433013916,29.724942093893677,29.9427433013916,600,0.0,0.0,0.0
2013-02-28 00:00:00-05:00,29.043132109083423,30.10372331401408,29.033662335108406,30.094253540039062,1700,0.0,0.0,0.0
2013-03-01 00:00:00-05:00,29.857514810022856,29.999557808254135,29.857514810022856,29.92380142211914,900,0.0,0.0,0.0
2013-03-04 00:00:00-05:00,29.980620699290203,30.13213348388672,29.980620699290203,30.13213348388672,2000,0.0,0.0,0.0
2013-03-05 00:00:00-05:00,30.463563919067383,30.529854143134767,30.378341371729483,30.463563919067383,12700,0.0,0.0,0.0
2013-03-06 00:00:00-05:00,30.58666563898939,30.634012697264886,30.34992673526293,30.378337860107422,11900,0.0,0.0,0.0
2013-03-07 00:00:00-05:00,30.49198108614415,30.501449055829248,30.463569952388603,30.473041534423828,3200,0.0,0.0,0.0
2013-03-08 00:00:00-05:00,30.766587697960894,30.870749775066464,30.766587697960894,30.832874298095703,2200,0.0,0.0,0.0
2013-03-11 00:00:00-04:00,30.79500568351604,30.92757892887967,30.766598163038125,30.880231857299805,15600,0.0,0.0,0.0
2013-03-12 00:00:00-04:00,30.918110115792608,30.918110115792608,30.7665973234616,30.84235191345215,15600,0.0,0.0,0.0
2013-03-13 00:00:00-04:00,30.880231210006244,31.041211972473405,30.880231210006244,31.0317440032959,2000,0.0,0.0,0.0
2013-03-14 00:00:00-04:00,31.23060089041799,31.259008407592773,31.23060089041799,31.259008407592773,900,0.0,0.0,0.0
2013-03-15 00:00:00-04:00,31.116883080618496,31.116883080618496,31.04107895115451,31.060029983520508,2400,0.02,0.0,0.0
2013-03-18 00:00:00-04:00,30.78524496982403,31.031601128846564,30.766293939970087,30.93684959411621,7500,0.0,0.0,0.0
2013-03-19 00:00:00-04:00,30.87999982375758,30.87999982375758,30.690493119387977,30.81367301940918,5400,0.0,0.0,0.0
2013-03-20 00:00:00-04:00,31.02214166105137,31.29692268371582,31.02214166105137,31.29692268371582,6200,0.0,0.0,0.0
2013-03-21 00:00:00-04:00,31.14530618659785,31.14530618659785,30.974750518798828,30.974750518798828,4000,0.0,0.0,0.0
2013-03-22 00:00:00-04:00,31.211642282144258,31.211642282144258,31.041086563563628,31.15479278564453,28600,0.0,0.0,0.0
2013-03-25 00:00:00-04:00,31.192686661290157,31.410621747648772,30.993706223700322,31.116886138916016,265700,0.0,0.0,0.0
2013-03-26 00:00:00-04:00,31.24006480872107,31.372718428492618,31.2021627417749,31.35376739501953,89400,0.0,0.0,0.0
2013-03-27 00:00:00-04:00,31.069502420418868,31.40113639831543,31.069502420418868,31.40113639831543,60900,0.0,0.0,0.0
2013-03-28 00:00:00-04:00,31.401141084102385,31.543272018432617,31.401141084102385,31.543272018432617,40400,0.0,0.0,0.0
2013-04-01 00:00:00-04:00,31.363234100165776,31.543267070683473,31.16425371494655,31.192678451538086,44700,0.0,0.0,0.0
2013-04-02 00:00:00-04:00,31.47694971668012,31.47694971668012,31.17374038696289,31.17374038696289,11200,0.0,0.0,0.0
2013-04-03 00:00:00-04:00,30.93685742524528,30.955804845356074,30.567317671359863,30.65259552001953,32800,0.0,0.0,0.0
2013-04-04 00:00:00-04:00,30.74735526454043,30.813682088409962,30.662077403202346,30.78525733947754,35000,0.0,0.0,0.0
2013-04-05 00:00:00-04:00,30.29253602656129,30.709449768066406,30.29253602656129,30.709449768066406,7600,0.0,0.0,0.0
2013-04-08 00:00:00-04:00,30.90842980337979,31.088462829589844,30.889478768276607,31.088462829589844,1800,0.0,0.0,0.0
2013-04-09 00:00:00-04:00,31.126354032358737,31.277958663317733,31.107406616210938,31.107406616210938,11600,0.0,0.0,0.0
2013-04-10 00:00:00-04:00,31.107399082346063,31.62853964914446,31.107399082346063,31.609588623046875,3700,0.0,0.0,0.0
2013-04-11 00:00:00-04:00,31.874911586314557,32.06441832684833,31.874911586314557,31.941238403320312,12700,0.0,0.0,0.0
2013-04-12 00:00:00-04:00,31.874911586314557,31.998091509842578,31.751731662786536,31.941238403320312,6000,0.0,0.0,0.0
2013-04-15 00:00:00-04:00,31.83700001767264,31.83700001767264,30.93684959411621,30.93684959411621,9100,0.0,0.0,0.0
2013-04-16 00:00:00-04:00,31.19267868961515,31.40113639831543,31.069502420418868,31.40113639831543,7300,0.0,0.0,0.0
2013-04-17 00:00:00-04:00,30.965270124331486,30.984221151610523,30.83261654791708,30.91789436340332,4200,0.0,0.0,0.0
2013-04-18 00:00:00-04:00,30.737863711563545,30.851569883746144,30.548360653670827,30.643112182617188,1900,0.0,0.0,0.0
2013-04-19 00:00:00-04:00,30.908423075686922,31.154782863863943,30.908423075686922,31.135831832885742,3100,0.0,0.0,0.0
2013-04-22 00:00:00-04:00,30.984237232057872,31.268495559692383,30.984237232057872,31.268495559692383,2100,0.0,0.0,0.0
2013-04-23 00:00:00-04:00,31.72329230892731,31.86542320251465,31.72329230892731,31.86542320251465,4300,0.0,0.0,0.0
2013-04-24 00:00:00-04:00,31.799103260857503,31.884381092458337,31.799103260857503,31.82752799987793,19400,0.0,0.0,0.0
2013-04-25 00:00:00-04:00,32.27286768086049,32.3581455111193,32.27286768086049,32.301292419433594,10100,0.0,0.0,0.0
2013-04-26 00:00:00-04:00,32.253929138183594,32.253929138183594,32.253929138183594,32.253929138183594,200,0.0,0.0,0.0
2013-04-29 00:00:00-04:00,32.377105712890625,32.377105712890625,32.377105712890625,32.377105712890625,400,0.0,0.0,0.0
2013-04-30 00:00:00-04:00,32.216032864878045,32.32026178482636,32.216032864878045,32.26340866088867,1500,0.0,0.0,0.0
2013-05-01 00:00:00-04:00,32.452906457831936,32.452906457831936,32.187599182128906,32.187599182128906,5500,0.0,0.0,0.0
2013-05-02 00:00:00-04:00,32.187599182128906,32.187599182128906,32.187599182128906,32.187599182128906,0,0.0,0.0,0.0
2013-05-03 00:00:00-04:00,32.87928755162234,33.06879425048828,32.87928755162234,33.06879425048828,400,0.0,0.0,0.0
2013-05-06 00:00:00-04:00,33.04036789352377,33.18249882990006,33.011943152064454,33.078269958496094,4500,0.0,0.0,0.0
2013-05-07 00:00:00-04:00,33.13511934854279,33.19196882510066,33.13511934854279,33.1824951171875,3400,0.0,0.0,0.0
2013-05-08 00:00:00-04:00,33.36252813915551,33.476234333808165,33.286727623926915,33.372005462646484,3600,0.0,0.0,0.0
2013-05-09 00:00:00-04:00,33.40989932072761,33.44780138040211,33.33409881591797,33.33409881591797,1000,0.0,0.0,0.0
2013-05-10 00:00:00-04:00,33.4951922406334,33.58047010605748,33.4951922406334,33.52362060546875,2300,0.0,0.0,0.0
2013-05-13 00:00:00-04:00,33.51413306995724,33.533084102560956,33.44780626311415,33.495182037353516,141200,0.0,0.0,0.0
2013-05-14 00:00:00-04:00,33.807866481183055,33.8836669921875,33.79838915822022,33.8836669921875,1100,0.0,0.0,0.0
2013-05-15 00:00:00-04:00,34.016341093720555,34.13951743705093,33.9973900529294,34.063716888427734,3100,0.0,0.0,0.0
2013-05-16 00:00:00-04:00,33.94051979227842,33.94999711515914,33.741539386258644,33.76049041748047,1700,0.0,0.0,0.0
2013-05-17 00:00:00-04:00,33.93104433209675,34.16792678833008,33.93104433209675,34.16792678833008,22700,0.0,0.0,0.0
2013-05-20 00:00:00-04:00,34.14897575808668,34.23425358691225,34.111073697599885,34.16792678833008,1500,0.0,0.0,0.0
2013-05-21 00:00:00-04:00,34.148983001708984,34.148983001708984,34.148983001708984,34.148983001708984,200,0.0,0.0,0.0
2013-05-22 00:00:00-04:00,34.37637050500061,34.490076652104335,34.32899475097656,34.32899475097656,3000,0.0,0.0,0.0
2013-05-23 00:00:00-04:00,33.53306825117678,33.874179447717665,33.34356162926093,33.855228424072266,2500,0.0,0.0,0.0
2013-05-24 00:00:00-04:00,33.49519087581677,33.656272888183594,33.47624345275322,33.656272888183594,1200,0.0,0.0,0.0
2013-05-28 00:00:00-04:00,34.31951849650704,34.32899220079275,34.19633865356445,34.19633865356445,1100,0.0,0.0,0.0
2013-05-29 00:00:00-04:00,34.148983583698744,34.148983583698744,33.817345900250025,33.97842788696289,800,0.0,0.0,0.0
2013-05-30 00:00:00-04:00,34.16792678833008,34.16792678833008,34.16792678833008,34.16792678833008,200,0.0,0.0,0.0
2013-05-31 00:00:00-04:00,34.18688914856611,34.27216339111328,34.18688914856611,34.27216339111328,700,0.0,0.0,0.0
2013-06-03 00:00:00-04:00,34.06369998308491,34.06369998308491,33.637310813248476,33.8836669921875,6400,0.0,0.0,0.0
2013-06-04 00:00:00-04:00,33.694156646728516,33.694156646728516,33.694156646728516,33.694156646728516,300,0.0,0.0,0.0
2013-06-05 00:00:00-04:00,33.64678473776191,33.64678473776191,33.18249711671128,33.19197082519531,5400,0.0,0.0,0.0
2013-06-06 00:00:00-04:00,33.362535466392934,33.46676436044586,33.362535466392934,33.45729064941406,2900,0.0,0.0,0.0
2013-06-07 00:00:00-04:00,33.94051508377095,34.12054443359375,33.94051508377095,34.12054443359375,1600,0.0,0.0,0.0
2013-06-10 00:00:00-04:00,34.158449851390095,34.23425397321908,34.158449851390095,34.1868782043457,2500,0.0,0.0,0.0
2013-06-11 00:00:00-04:00,33.8457674783102,33.8457674783102,33.62783604604203,33.72258758544922,4500,0.0,0.0,0.0
2013-06-12 00:00:00-04:00,34.177400583330474,34.24372738208178,33.57098207215316,33.5804557800293,1400,0.0,0.0,0.0
2013-06-13 00:00:00-04:00,33.63731347508053,34.281634135034004,33.63731347508053,34.22478103637695,3600,0.0,0.0,0.0
2013-06-14 00:00:00-04:00,34.30058161990282,34.30058161990282,34.13949966430664,34.13949966430664,200,0.0,0.0,0.0
2013-06-17 00:00:00-04:00,34.5090370045354,34.5090370045354,34.27215453103517,34.30058288574219,600,0.0,0.0,0.0
2013-06-18 00:00:00-04:00,34.471127030109024,34.74590786044381,34.471127030109024,34.69853210449219,3800,0.0,0.0,0.0
2013-06-19 00:00:00-04:00,34.71749496459961,34.71749496459961,34.71749496459961,34.71749496459961,300,0.0,0.0,0.0
2013-06-20 00:00:00-04:00,33.769966588297656,33.769966588297656,33.3341036820317,33.495182037353516,4700,0.0,0.0,0.0
2013-06-21 00:00:00-04:00,33.56167319425126,33.58066897021488,33.03919876112765,33.390682220458984,2300,0.09,0.0,0.0
2013-06-24 00:00:00-04:00,32.545233142555375,32.83971847421189,32.545233142555375,32.801719665527344,1400,0.0,0.0,0.0
2013-06-25 00:00:00-04:00,33.07720613659256,33.21969985961914,33.07720613659256,33.21969985961914,1400,0.0,0.0,0.0
2013-06-26 00:00:00-04:00,33.70416842073466,33.70416842073466,33.47618283658956,33.59017562866211,15500,0.0,0.0,0.0
2013-06-27 00:00:00-04:00,33.80866241455078,33.80866241455078,33.80866241455078,33.80866241455078,2400,0.0,0.0,0.0
2013-06-28 00:00:00-04:00,33.89416348911963,34.18864883492421,33.89416348911963,34.15065002441406,2600,0.0,0.0,0.0
2013-07-01 00:00:00-04:00,34.55912309514434,34.65411648368238,34.54962158203125,34.54962158203125,19800,0.0,0.0,0.0
2013-07-02 00:00:00-04:00,34.55912309514434,34.701613177951394,34.51162640087533,34.54962158203125,1600,0.0,0.0,0.0
2013-07-03 00:00:00-04:00,34.50212789505828,34.51162940899955,34.49263000488281,34.49263000488281,900,0.0,0.0,0.0
2013-07-05 00:00:00-04:00,34.78710936152902,35.02459646131181,34.730114776791105,35.015098571777344,1800,0.0,0.0,0.0
2013-07-08 00:00:00-04:00,35.26208486223924,35.30958155919528,35.18609087186272,35.2145881652832,7700,0.0,0.0,0.0
2013-07-09 00:00:00-04:00,35.45208465463116,35.62307570793055,35.45208465463116,35.55657958984375,11600,0.0,0.0,0.0
2013-07-10 00:00:00-04:00,35.604070969439384,35.604070969439384,35.45207934745602,35.5850715637207,3600,0.0,0.0,0.0
2013-07-11 00:00:00-04:00,36.06954875616015,36.1455427582311,35.99355113032295,36.1075439453125,1100,0.0,0.0,0.0
2013-07-12 00:00:00-04:00,36.16453572216187,36.25952911376953,36.11703902635804,36.25952911376953,14000,0.0,0.0,0.0
2013-07-15 00:00:00-04:00,36.544520763430825,36.544520763430825,36.316531523927814,36.354530334472656,7500,0.0,0.0,0.0
2013-07-16 00:00:00-04:00,36.15504479733792,36.15504479733792,35.965054353757644,36.02204895019531,800,0.0,0.0,0.0
2013-07-17 00:00:00-04:00,36.37351977032392,36.37351977032392,36.06003510489934,36.0980339050293,25100,0.0,0.0,0.0
2013-07-18 00:00:00-04:00,36.39253854530276,36.52553079279591,36.39253854530276,36.46853256225586,2600,0.0,0.0,0.0
2013-07-19 00:00:00-04:00,36.15504083687045,36.202537536621094,36.15504083687045,36.202537536621094,400,0.0,0.0,0.0
2013-07-22 00:00:00-04:00,36.373523717134155,36.373523717134155,36.14553451538086,36.14553451538086,11800,0.0,0.0,0.0
2013-07-23 00:00:00-04:00,36.29753742528219,36.316536833332286,36.03155296011397,36.05055236816406,1900,0.0,0.0,0.0
2013-07-24 00:00:00-04:00,36.16454027850675,36.16454027850675,35.92705314580115,35.94605255126953,3500,0.0,0.0,0.0
2013-07-25 00:00:00-04:00,35.974549519102226,36.12654113769531,35.955550113807334,36.12654113769531,1100,0.0,0.0,0.0
2013-07-26 00:00:00-04:00,36.05054123033165,36.193031311035156,36.05054123033165,36.193031311035156,1400,0.0,0.0,0.0
2013-07-29 00:00:00-04:00,35.98405801687376,36.164546966552734,35.98405801687376,36.164546966552734,600,0.0,0.0,0.0
2013-07-30 00:00:00-04:00,36.278534218863214,36.33553243704578,36.24053903050768,36.32603454589844,1900,0.0,0.0,0.0
2013-07-31 00:00:00-04:00,36.554019927978516,36.69651366060412,36.54452203689435,36.554019927978516,1300,0.0,0.0,0.0
2013-08-01 00:00:00-04:00,37.22847366333008,37.266472466147185,37.180976971691344,37.22847366333008,3600,0.0,0.0,0.0
2013-08-02 00:00:00-04:00,37.399448058459654,37.532440185546875,37.380448665480955,37.532440185546875,500,0.0,0.0,0.0
2013-08-05 00:00:00-04:00,37.49446618843434,37.52296348210685,37.389971279947474,37.465965270996094,3300,0.0,0.0,0.0
2013-08-06 00:00:00-04:00,37.418478231669376,37.418478231669376,36.962503296389194,37.07649612426758,3400,0.0,0.0,0.0
2013-08-07 00:00:00-04:00,37.066987805797766,37.066987805797766,36.73450368433615,36.905494689941406,1400,0.0,0.0,0.0
2013-08-08 00:00:00-04:00,37.31396484375,37.31396484375,37.31396484375,37.31396484375,300,0.0,0.0,0.0
2013-08-09 00:00:00-04:00,37.266472466147185,37.2759739787341,37.04798478559678,37.22847366333008,2400,0.0,0.0,0.0
2013-08-12 00:00:00-04:00,37.1049915797505,37.361478122495484,37.1049915797505,37.28548049926758,1300,0.0,0.0,0.0
2013-08-13 00:00:00-04:00,37.04799270629883,37.04799270629883,37.04799270629883,37.04799270629883,300,0.0,0.0,0.0
2013-08-14 00:00:00-04:00,37.019495409976045,37.04799270629883,36.98149659903496,37.04799270629883,500,0.0,0.0,0.0
2013-08-15 00:00:00-04:00,36.47803407922935,36.59202691654249,36.29754149440268,36.46853256225586,3500,0.0,0.0,0.0
2013-08-16 00:00:00-04:00,36.2975322127408,36.516019938290924,36.2975322127408,36.40202713012695,1700,0.0,0.0,0.0
2013-08-19 00:00:00-04:00,36.30702209472656,36.402015467133545,36.28802269549219,36.30702209472656,37700,0.0,0.0,0.0
2013-08-20 00:00:00-04:00,36.56351310399398,36.61100979611483,36.2310290116174,36.54451370239258,3700,0.0,0.0,0.0
2013-08-21 00:00:00-04:00,36.345027923583984,36.345027923583984,36.345027923583984,36.345027923583984,100,0.0,0.0,0.0
2013-08-22 00:00:00-04:00,36.79150753675913,37.009995272149126,36.63951591110668,36.69651412963867,2400,0.0,0.0,0.0
2013-08-23 00:00:00-04:00,36.71549939007168,36.8104927605931,36.563507822978536,36.800994873046875,1600,0.0,0.0,0.0
2013-08-26 00:00:00-04:00,36.92450759806108,36.98150582869805,36.7915153503418,36.7915153503418,2100,0.0,0.0,0.0
2013-08-27 00:00:00-04:00,36.35452035022937,36.35452035022937,35.87004470825195,35.87004470825195,2000,0.0,0.0,0.0
2013-08-28 00:00:00-04:00,35.78455341913929,36.06003931660989,35.78455341913929,35.96504592895508,2900,0.0,0.0,0.0
2013-08-29 00:00:00-04:00,36.39252361828726,36.39252361828726,36.288028717041016,36.288028717041016,1200,0.0,0.0,0.0
2013-08-30 00:00:00-04:00,36.354513166391314,36.354513166391314,35.974532487917315,36.01253128051758,700,0.0,0.0,0.0
2013-09-03 00:00:00-04:00,36.259532222744284,36.2690337369791,36.041044504300544,36.25003433227539,7800,0.0,0.0,0.0
2013-09-04 00:00:00-04:00,36.33552741319826,36.54451722720598,36.33552741319826,36.49701690673828,7300,0.0,0.0,0.0
2013-09-05 00:00:00-04:00,36.639503479003906,36.639503479003906,36.639503479003906,36.639503479003906,100,0.0,0.0,0.0
2013-09-06 00:00:00-04:00,36.193034782297396,36.611014422819665,36.193034782297396,36.60151290893555,1700,0.0,0.0,0.0
2013-09-09 00:00:00-04:00,36.63001379948475,36.82950210571289,36.582513477631196,36.82950210571289,1300,0.0,0.0,0.0
2013-09-10 00:00:00-04:00,36.96248929114095,37.266472466147185,36.96248929114095,37.22847366333008,1500,0.0,0.0,0.0
2013-09-11 00:00:00-04:00,37.28548599845045,37.380479417729646,37.209488364013765,37.35198211669922,3200,0.0,0.0,0.0
2013-09-12 00:00:00-04:00,37.4469520498722,37.46595144656527,37.20946502685547,37.20946502685547,2100,0.0,0.0,0.0
2013-09-13 00:00:00-04:00,37.21898546801936,37.389976501464844,37.20948395295781,37.389976501464844,2100,0.0,0.0,0.0
2013-09-16 00:00:00-04:00,37.95993604389523,37.95993604389523,37.5229606628418,37.5229606628418,2400,0.0,0.0,0.0
2013-09-17 00:00:00-04:00,37.56096625281149,37.79845338851652,37.56096625281149,37.7889518737793,2800,0.0,0.0,0.0
2013-09-18 00:00:00-04:00,37.541960252614416,38.12142934174976,37.541960252614416,38.07393264770508,1000,0.0,0.0,0.0
2013-09-19 00:00:00-04:00,38.197432767138224,38.216432174204485,38.121438762639556,38.18793487548828,2200,0.0,0.0,0.0
2013-09-20 00:00:00-04:00,38.193618500855614,38.193618500855614,37.79438018798828,37.79438018798828,2400,0.026,0.0,0.0
2013-09-23 00:00:00-04:00,37.85142622001739,37.85142622001739,37.52823458794543,37.68032455444336,900,0.0,0.0,0.0
2013-09-24 00:00:00-04:00,37.70884603067955,37.9274787902832,37.70884603067955,37.9274787902832,700,0.0,0.0,0.0
2013-09-25 00:00:00-04:00,38.089067019302334,38.089067019302334,37.64230115629117,37.68032455444336,6200,0.0,0.0,0.0
2013-09-26 00:00:00-04:00,37.76588357660947,38.28869272318324,37.76588357660947,37.8419303894043,2200,0.0,0.0,0.0
2013-09-27 00:00:00-04:00,37.84192432164223,37.84192432164223,37.784889221191406,37.784889221191406,900,0.0,0.0,0.0
2013-09-30 00:00:00-04:00,37.34762963096804,37.822911239019724,37.10998882694219,37.699337005615234,11100,0.0,0.0,0.0
2013-10-01 00:00:00-04:00,37.927479768252404,38.2031403886524,37.91797210396636,38.15561294555664,7100,0.0,0.0,0.0
2013-10-02 00:00:00-04:00,37.9845130014109,38.136603001998786,37.92748151751023,38.09858322143555,4800,0.0,0.0,0.0
2013-10-03 00:00:00-04:00,38.165116158202956,38.165116158202956,37.5852719921788,37.642303466796875,10800,0.0,0.0,0.0
2013-10-04 00:00:00-04:00,38.59285992694813,38.59285992694813,37.47119519288582,37.96548843383789,2300,0.0,0.0,0.0
2013-10-07 00:00:00-04:00,37.65180055044668,37.77537475424865,37.54723804154578,37.61377716064453,2400,0.0,0.0,0.0
2013-10-08 00:00:00-04:00,38.089077302096946,38.089077302096946,36.75828701638743,36.79631042480469,5300,0.0,0.0,0.0
2013-10-09 00:00:00-04:00,37.26208222793791,37.26208222793791,36.35904636425699,36.64421463012695,6800,0.0,0.0,0.0
2013-10-10 00:00:00-04:00,37.41417056386052,37.54724884033203,37.385654826362654,37.54724884033203,1900,0.0,0.0,0.0
2013-10-11 00:00:00-04:00,37.91797501717584,39.743058706386925,37.461705001401015,37.480716705322266,1600,0.0,0.0,0.0
2013-10-14 00:00:00-04:00,37.756380763499294,37.97500991821289,37.575771390305476,37.97500991821289,2300,0.0,0.0,0.0
2013-10-15 00:00:00-04:00,39.115672931856786,39.115672931856786,37.727848052978516,37.727848052978516,2600,0.0,0.0,0.0
2013-10-16 00:00:00-04:00,38.14610227485623,38.14610227485623,38.07956314086914,38.07956314086914,1100,0.0,0.0,0.0
2013-10-17 00:00:00-04:00,38.07955555877301,38.478790283203125,38.07955555877301,38.478790283203125,2200,0.0,0.0,0.0
2013-10-18 00:00:00-04:00,38.61188350138782,38.687930312362916,38.61188350138782,38.66891860961914,1100,0.0,0.0,0.0
2013-10-21 00:00:00-04:00,38.68792355366479,38.68792355366479,38.59286505655245,38.64039611816406,2300,0.0,0.0,0.0
2013-10-22 00:00:00-04:00,38.64038510507348,38.801979064941406,38.64038510507348,38.801979064941406,3200,0.0,0.0,0.0
2013-10-23 00:00:00-04:00,38.81150601164406,38.81150601164406,38.54534578943672,38.6594123840332,2600,0.0,0.0,0.0
2013-10-24 00:00:00-04:00,38.801986529327095,38.99209987982807,38.773470795890645,38.94457244873047,3100,0.0,0.0,0.0
2013-10-25 00:00:00-04:00,39.3628243534245,39.3628243534245,38.782980186092274,38.887542724609375,11000,0.0,0.0,0.0
2013-10-28 00:00:00-04:00,39.258252051690356,39.258252051690356,38.735443115234375,38.735443115234375,2300,0.0,0.0,0.0
2013-10-29 00:00:00-04:00,38.66890005122719,38.87802505493164,38.65939239136256,38.87802505493164,1300,0.0,0.0,0.0
2013-10-30 00:00:00-04:00,39.16321200262263,39.16321200262263,38.649906906875366,38.66891860961914,5700,0.0,0.0,0.0
2013-10-31 00:00:00-04:00,38.38373884548525,38.83050103500954,38.33621141589038,38.716434478759766,6800,0.0,0.0,0.0
2013-11-01 00:00:00-04:00,38.63088619737112,38.66890959399354,38.41225710595823,38.58335876464844,3700,0.0,0.0,0.0
2013-11-04 00:00:00-05:00,38.55483831140952,38.70692825317383,38.55483831140952,38.70692825317383,1800,0.0,0.0,0.0
2013-11-05 00:00:00-05:00,38.44076813550361,38.782971411000865,38.23164673189659,38.70692825317383,7100,0.0,0.0,0.0
2013-11-06 00:00:00-05:00,38.62138842447427,38.62138842447427,38.440779074283824,38.4978141784668,3700,0.0,0.0,0.0
2013-11-07 00:00:00-05:00,37.95599869483446,37.95599869483446,37.737369537353516,37.737369537353516,1700,0.0,0.0,0.0
2013-11-08 00:00:00-05:00,37.965505568693494,38.23166581924554,37.84193492226753,38.21265411376953,2600,0.0,0.0,0.0
2013-11-11 00:00:00-05:00,38.26018509990579,38.39326342442313,38.24117339267297,38.30771255493164,3100,0.0,0.0,0.0
2013-11-12 00:00:00-05:00,38.28868865966797,38.28868865966797,38.28868865966797,38.28868865966797,1300,0.0,0.0,0.0
2013-11-13 00:00:00-05:00,38.66891860961914,38.66891860961914,38.66891860961914,38.66891860961914,500,0.0,0.0,0.0
2013-11-14 00:00:00-05:00,38.9350541040885,39.03961659948036,38.9350541040885,38.96357345581055,300,0.0,0.0,0.0
2013-11-15 00:00:00-05:00,38.96359831349625,39.11568832397461,38.96359831349625,39.11568832397461,500,0.0,0.0,0.0
2013-11-18 00:00:00-05:00,39.1917276357862,39.1917276357862,39.068153381347656,39.068153381347656,1900,0.0,0.0,0.0
2013-11-19 00:00:00-05:00,38.79248720769778,38.79248720769778,35.883762382056915,38.374237060546875,6800,0.0,0.0,0.0
2013-11-20 00:00:00-05:00,38.32669866489168,38.32669866489168,38.06054219361506,38.08905792236328,500,0.0,0.0,0.0
2013-11-21 00:00:00-05:00,38.592876958022714,38.86854124549294,38.56436121315063,38.75447463989258,5000,0.0,0.0,0.0
2013-11-22 00:00:00-05:00,38.802001816534954,38.84952926635742,38.802001816534954,38.84952926635742,1300,0.0,0.0,0.0
2013-11-25 00:00:00-05:00,38.81148910522461,38.81148910522461,38.81148910522461,38.81148910522461,900,0.0,0.0,0.0
2013-11-26 00:00:00-05:00,38.96357554035277,39.020606994628906,38.96357554035277,39.020606994628906,200,0.0,0.0,0.0
2013-11-27 00:00:00-05:00,39.05864995989682,39.19172825472698,39.03963825690514,39.13469314575195,2900,0.0,0.0,0.0
2013-11-29 00:00:00-05:00,39.2297477722168,39.3533220163581,39.20123203361158,39.2297477722168,2100,0.0,0.0,0.0
2013-12-02 00:00:00-05:00,39.23923955515974,39.23923955515974,38.81148910522461,38.81148910522461,1200,0.0,0.0,0.0
2013-12-03 00:00:00-05:00,38.29819083085968,38.393245697021484,38.29819083085968,38.393245697021484,400,0.0,0.0,0.0
2013-12-04 00:00:00-05:00,38.241160596134655,38.507317156106076,38.06055487702707,38.22214889526367,2700,0.0,0.0,0.0
2013-12-05 00:00:00-05:00,38.7259505346091,38.7259505346091,38.203137817408965,38.28868865966797,8500,0.0,0.0,0.0
2013-12-06 00:00:00-05:00,38.65939863420879,38.69742202758789,38.592859508850566,38.69742202758789,900,0.0,0.0,0.0
2013-12-09 00:00:00-05:00,38.74494801903223,38.74494801903223,38.68791655718951,38.70692825317383,1500,0.0,0.0,0.0
2013-12-10 00:00:00-05:00,38.53583225649517,38.57385565402986,38.43126972633014,38.45978546142578,1800,0.0,0.0,0.0
2013-12-11 00:00:00-05:00,38.26018056297515,38.26018056297515,37.936988830566406,37.936988830566406,2000,0.0,0.0,0.0
2013-12-12 00:00:00-05:00,37.9940071105957,37.9940071105957,37.9940071105957,37.9940071105957,400,0.0,0.0,0.0
2013-12-13 00:00:00-05:00,38.06054219361506,38.212632123788836,38.06054219361506,38.08905792236328,2700,0.0,0.0,0.0
2013-12-16 00:00:00-05:00,38.20313607428844,38.48830795288086,38.20313607428844,38.48830795288086,1900,0.0,0.0,0.0
2013-12-17 00:00:00-05:00,38.29818932766341,38.39324419009433,38.29818932766341,38.355220794677734,500,0.0,0.0,0.0
2013-12-18 00:00:00-05:00,38.29818727543851,38.69742202758789,38.23164815008028,38.69742202758789,3500,0.0,0.0,0.0
2013-12-19 00:00:00-05:00,38.41226271297616,38.4312744140625,38.4027586754886,38.4312744140625,1000,0.0,0.0,0.0
2013-12-20 00:00:00-05:00,38.6244895435638,38.74822235107422,38.6244895435638,38.74822235107422,500,0.053,0.0,0.0
2013-12-23 00:00:00-05:00,39.01474378700003,39.052813476612364,38.98618698120117,38.98618698120117,1200,0.0,0.0,0.0
2013-12-24 00:00:00-05:00,39.25267380415041,39.30978012084961,39.233637154960824,39.30978012084961,2200,0.0,0.0,0.0
2013-12-26 00:00:00-05:00,39.30027126817797,39.34786108498862,39.30027126817797,39.33834457397461,2700,0.0,0.0,0.0
2013-12-27 00:00:00-05:00,39.309797160672545,39.309797160672545,39.128954361284926,39.176544189453125,3000,0.0,0.0,0.0
2013-12-30 00:00:00-05:00,39.21460720913975,39.21460720913975,39.06231762046013,39.18605041503906,1600,0.0,0.0,0.0
2013-12-31 00:00:00-05:00,39.23364636501465,39.424005639858024,39.2050895690918,39.2050895690918,18100,0.0,0.0,0.0
2014-01-02 00:00:00-05:00,39.14798029189217,39.205086617697994,38.967133911186636,38.976654052734375,15500,0.0,0.0,0.0
2014-01-03 00:00:00-05:00,39.03375863741518,39.19556835867776,39.03375863741518,39.10990524291992,5400,0.0,0.0,0.0
2014-01-06 00:00:00-05:00,38.910040469407114,39.205099599425296,38.8719671523495,38.90052032470703,12900,0.0,0.0,0.0
2014-01-07 00:00:00-05:00,39.13846090783443,39.35737696635738,38.986171317954536,39.128944396972656,8400,0.0,0.0,0.0
2014-01-08 00:00:00-05:00,39.23363819688195,39.39544427298616,39.23363819688195,39.376407623291016,6500,0.0,0.0,0.0
2014-01-09 00:00:00-05:00,39.02424680564242,39.22412622275022,39.02424680564242,39.2050895690918,3300,0.0,0.0,0.0
2014-01-10 00:00:00-05:00,39.22413426884871,39.443050384521484,39.15750778281226,39.443050384521484,4800,0.0,0.0,0.0
2014-01-13 00:00:00-05:00,39.395437947818415,39.40495808657231,39.30977485337881,39.357364654541016,6100,0.0,0.0,0.0
2014-01-14 00:00:00-05:00,38.79581890163935,39.005218505859375,38.72919241500047,39.005218505859375,1500,0.0,0.0,0.0
2014-01-15 00:00:00-05:00,39.13846059936484,39.195570556696026,39.02424431557267,39.18605041503906,3600,0.0,0.0,0.0
2014-01-16 00:00:00-05:00,39.128941006240225,39.15749416722147,39.01472473144531,39.01472473144531,1200,0.0,0.0,0.0
2014-01-17 00:00:00-05:00,38.95762664087391,39.05280629370607,38.87196350097656,38.87196350097656,2300,0.0,0.0,0.0
2014-01-21 00:00:00-05:00,38.729180571903825,38.76725387573242,38.65303759511672,38.76725387573242,1900,0.0,0.0,0.0
2014-01-22 00:00:00-05:00,38.767251598514335,39.07183074951172,38.767251598514335,39.07183074951172,1200,0.0,0.0,0.0
2014-01-23 00:00:00-05:00,38.843404878855424,38.843404878855424,38.41508923949132,38.59593200683594,3000,0.0,0.0,0.0
2014-01-24 00:00:00-05:00,38.39606287847752,38.39606287847752,37.52991485595703,37.52991485595703,3100,0.0,0.0,0.0
2014-01-27 00:00:00-05:00,37.539425215454855,37.539425215454855,36.90171357667752,37.48231887817383,7400,0.0,0.0,0.0
2014-01-28 00:00:00-05:00,37.26340277989784,37.52038855940422,37.26340277989784,37.48231887817383,2600,0.0,0.0,0.0
2014-01-29 00:00:00-05:00,37.234840393066406,37.234840393066406,37.158697411160475,37.234840393066406,700,0.0,0.0,0.0
2014-01-30 00:00:00-05:00,37.40617768450454,37.40617768450454,37.37762451171875,37.37762451171875,300,0.0,0.0,0.0
2014-01-31 00:00:00-05:00,37.23484365447754,37.57749618024311,37.16821717789763,37.43472671508789,1600,0.0,0.0,0.0
2014-02-03 00:00:00-05:00,36.654239817830415,36.701833272274406,35.892791748046875,35.892791748046875,35600,0.0,0.0,0.0
2014-02-04 00:00:00-05:00,36.17832747831447,36.530500094069026,36.00700487202565,36.42580032348633,3200,0.0,0.0,0.0
2014-02-05 00:00:00-05:00,36.20689244397265,36.25448226928711,36.20689244397265,36.25448226928711,1000,0.0,0.0,0.0
2014-02-06 00:00:00-05:00,36.97785554856237,37.03496551513672,36.97785554856237,37.03496551513672,300,0.0,0.0,0.0
2014-02-07 00:00:00-05:00,37.40616931482808,37.57749557495117,37.36809600571837,37.57749557495117,1600,0.0,0.0,0.0
2014-02-10 00:00:00-05:00,37.71075397853127,37.71075397853127,37.30147492360107,37.472801208496094,3500,0.0,0.0,0.0
2014-02-11 00:00:00-05:00,37.91063836157035,37.91063836157035,37.83449172973633,37.83449172973633,900,0.0,0.0,0.0
2014-02-12 00:00:00-05:00,38.072450201571215,38.072450201571215,37.99630355834961,37.99630355834961,1100,0.0,0.0,0.0
2014-02-13 00:00:00-05:00,38.00581432506914,38.5388298034668,37.98677766896162,38.5388298034668,6300,0.0,0.0,0.0
2014-02-14 00:00:00-05:00,38.4246021065691,38.56737518310547,38.4246021065691,38.56737518310547,1500,0.0,0.0,0.0
2014-02-18 00:00:00-05:00,38.500749468346086,38.71966552734375,38.500749468346086,38.71966552734375,2200,0.0,0.0,0.0
2014-02-19 00:00:00-05:00,38.75774590239685,38.833888895956,38.51027300387008,38.5388298034668,40500,0.0,0.0,0.0
2014-02-20 00:00:00-05:00,38.69110578427126,38.81483855905251,38.53881621995849,38.786285400390625,30500,0.0,0.0,0.0
2014-02-21 00:00:00-05:00,38.82436273401713,39.214605010053944,38.82436273401713,39.10990524291992,8900,0.0,0.0,0.0
2014-02-24 00:00:00-05:00,39.262194765651074,39.633400389768944,39.23364160406354,39.51918411254883,15200,0.0,0.0,0.0
2014-02-25 00:00:00-05:00,39.85231253546953,40.12833850671375,39.83327588598342,39.89990234375,30100,0.0,0.0,0.0
2014-02-26 00:00:00-05:00,40.309187808972034,40.528107498355155,39.95701881317913,40.24256134033203,216100,0.0,0.0,0.0
2014-02-27 00:00:00-05:00,40.19497753822058,40.37582031860523,40.07124109328858,40.347267150878906,36600,0.0,0.0,0.0
2014-02-28 00:00:00-05:00,40.36629409261307,40.59473027206528,40.04267828972988,40.21400451660156,20000,0.0,0.0,0.0
2014-03-03 00:00:00-05:00,39.99510559914368,40.14739524034742,39.68100617179575,40.052215576171875,11400,0.0,0.0,0.0
2014-03-04 00:00:00-05:00,40.766064402418486,40.94690717434602,40.64232796327301,40.88979721069336,34900,0.0,0.0,0.0
2014-03-05 00:00:00-05:00,41.013526029228075,41.013526029228075,40.785089847933115,40.9183464050293,37200,0.0,0.0,0.0
2014-03-06 00:00:00-05:00,41.023043854926414,41.203890229921804,40.842201110801064,40.89931106567383,23200,0.0,0.0,0.0
2014-03-07 00:00:00-05:00,40.80413439514522,40.98498079933722,40.623291621823846,40.83269119262695,14200,0.0,0.0,0.0
2014-03-10 00:00:00-04:00,40.90882705463666,40.90882705463666,40.49003161685106,40.6328010559082,7400,0.0,0.0,0.0
2014-03-11 00:00:00-04:00,40.52812404641244,40.79463002978963,40.18547142157222,40.2806510925293,16900,0.0,0.0,0.0
2014-03-12 00:00:00-04:00,39.91895278335936,40.38534177971059,39.91895278335936,40.32823181152344,32200,0.0,0.0,0.0
2014-03-13 00:00:00-04:00,40.737506057964964,40.737506057964964,39.747621844137726,39.85232162475586,27100,0.0,0.0,0.0
2014-03-14 00:00:00-04:00,39.9570250957466,40.09979819720682,39.861845448686985,39.9094352722168,36600,0.0,0.0,0.0
2014-03-17 00:00:00-04:00,40.02365567455608,40.31871842005797,40.02365567455608,40.20450210571289,8700,0.0,0.0,0.0
2014-03-18 00:00:00-04:00,40.33774127530751,40.50906750363835,40.3187046242852,40.48051071166992,12800,0.0,0.0,0.0
2014-03-19 00:00:00-04:00,40.59473027206528,40.59473027206528,40.01412512887457,40.21400451660156,8500,0.0,0.0,0.0
2014-03-20 00:00:00-04:00,40.118838800860445,40.25209177220556,39.852329227299066,40.233055114746094,4200,0.0,0.0,0.0
2014-03-21 00:00:00-04:00,40.92448952277732,40.92448952277732,40.038760254354386,40.048282623291016,7400,0.026,0.0,0.0
2014-03-24 00:00:00-04:00,40.25782272552379,40.25782272552379,39.010181313529046,39.372093200683594,139000,0.0,0.0,0.0
2014-03-25 00:00:00-04:00,39.33399040232352,39.33399040232352,38.848269592275976,39.03874969482422,6300,0.0,0.0,0.0
2014-03-26 00:00:00-04:00,39.12445708758961,39.17207619463913,38.50539779663086,38.50539779663086,6600,0.0,0.0,0.0
2014-03-27 00:00:00-04:00,38.286356036822745,38.3625458994688,38.07682755661085,38.353023529052734,38200,0.0,0.0,0.0
2014-03-28 00:00:00-04:00,38.46730772734705,39.00065126484766,38.46730772734705,38.56254959106445,12000,0.0,0.0,0.0
2014-03-31 00:00:00-04:00,39.095884978215025,39.095884978215025,38.84826342737187,38.88636016845703,9900,0.0,0.0,0.0
2014-04-01 00:00:00-04:00,39.4578106535143,39.84829330444336,39.44828464833435,39.84829330444336,36800,0.0,0.0,0.0
2014-04-02 00:00:00-04:00,39.905416578093366,39.99113241222988,39.76255564349769,39.972084045410156,71700,0.0,0.0,0.0
2014-04-03 00:00:00-04:00,39.9816270908383,40.03877222085304,39.36257119799066,39.45780944824219,20300,0.0,0.0,0.0
2014-04-04 00:00:00-04:00,39.57207762023898,39.57207762023898,38.286343675929444,38.41015625,7700,0.0,0.0,0.0
2014-04-07 00:00:00-04:00,38.13396330719993,38.18158241378979,37.114899167135974,37.5149040222168,53300,0.0,0.0,0.0
2014-04-08 00:00:00-04:00,37.57204438631673,38.11491012573242,37.343467617197476,38.11491012573242,9600,0.0,0.0,0.0
2014-04-09 00:00:00-04:00,38.267310862611566,38.810176849365234,38.114927491472045,38.810176849365234,54000,0.0,0.0,0.0
2014-04-10 00:00:00-04:00,38.84825007263943,38.84825007263943,37.53394202185823,37.63870620727539,64500,0.0,0.0,0.0
2014-04-11 00:00:00-04:00,37.200618905641285,37.75300713948539,36.82918111591391,36.972042083740234,11900,0.0,0.0,0.0
2014-04-14 00:00:00-04:00,37.02919006347656,37.45776936702138,36.962522575492436,37.02919006347656,25000,0.0,0.0,0.0
2014-04-15 00:00:00-04:00,37.51491195482081,37.533960328105564,36.429180109329856,37.10538101196289,17400,0.0,0.0,0.0
2014-04-16 00:00:00-04:00,37.79109567520899,37.972049713134766,37.56251890294605,37.972049713134766,4800,0.0,0.0,0.0
2014-04-17 00:00:00-04:00,38.15302780846218,38.28636281653299,38.04826354980469,38.04826354980469,5500,0.0,0.0,0.0
2014-04-21 00:00:00-04:00,38.048255235187966,38.3720703125,37.895871883106174,38.3720703125,13400,0.0,0.0,0.0
2014-04-22 00:00:00-04:00,38.65777775221265,38.95302200317383,38.64825538487408,38.95302200317383,12100,0.0,0.0,0.0
2014-04-23 00:00:00-04:00,39.03875123136074,39.03875123136074,38.48635927553966,38.52445602416992,6100,0.0,0.0,0.0
2014-04-24 00:00:00-04:00,38.695887759900195,38.695887759900195,38.37207266275478,38.52445602416992,5600,0.0,0.0,0.0
2014-04-25 00:00:00-04:00,38.54349145240173,38.54349145240173,37.37204407378413,37.41013717651367,26700,0.0,0.0,0.0
2014-04-28 00:00:00-04:00,37.886347702658476,37.886347702658476,36.47680071981335,37.13395690917969,6400,0.0,0.0,0.0
2014-04-29 00:00:00-04:00,37.24824673296633,37.610158605199864,37.2387207285594,37.59111022949219,20900,0.0,0.0,0.0
2014-04-30 00:00:00-04:00,37.56252945594896,37.800628662109375,37.39109773686502,37.800628662109375,20800,0.0,0.0,0.0
2014-05-01 00:00:00-04:00,38.09586175888044,38.41015436228136,38.0387166583245,38.11491012573242,27100,0.0,0.0,0.0
2014-05-02 00:00:00-04:00,38.391117095947266,38.391117095947266,38.27682686178918,38.391117095947266,3600,0.0,0.0,0.0
2014-05-05 00:00:00-04:00,38.2577804565509,38.55302479364837,38.01968123947073,38.457786560058594,19700,0.0,0.0,0.0
2014-05-06 00:00:00-04:00,38.324439770123675,38.324439770123675,37.81966711494739,37.829193115234375,2400,0.0,0.0,0.0
2014-05-07 00:00:00-04:00,37.39109929261231,37.49586352897875,37.153000076545204,37.46729278564453,5500,0.0,0.0,0.0
2014-05-08 00:00:00-04:00,37.79109667960019,37.90538325221683,37.038702507572616,37.19108581542969,17000,0.0,0.0,0.0
2014-05-09 00:00:00-04:00,37.0863322052811,37.38157653808594,37.0863322052811,37.38157653808594,3400,0.0,0.0,0.0
2014-05-12 00:00:00-04:00,37.657769229357854,38.276824951171875,37.657769229357854,38.276824951171875,3800,0.0,0.0,0.0
2014-05-13 00:00:00-04:00,38.19110870361328,38.32444730210404,38.08634811159995,38.19110870361328,5700,0.0,0.0,0.0
2014-05-14 00:00:00-04:00,38.05777624073529,38.05777624073529,37.78158028964388,37.800628662109375,15100,0.0,0.0,0.0
2014-05-15 00:00:00-04:00,37.65777575524378,37.65777575524378,37.019667918334946,37.52444076538086,9600,0.0,0.0,0.0
2014-05-16 00:00:00-04:00,37.19109820893755,37.676822662353516,37.19109820893755,37.676822662353516,8600,0.0,0.0,0.0
2014-05-19 00:00:00-04:00,37.51490742460594,38.15301513671875,37.51490742460594,38.15301513671875,3000,0.0,0.0,0.0
2014-05-20 00:00:00-04:00,37.74347450250918,37.857761065816014,37.5434684753418,37.5434684753418,1700,0.0,0.0,0.0
2014-05-21 00:00:00-04:00,38.07682964288082,38.238739013671875,37.9149239051958,38.238739013671875,5000,0.0,0.0,0.0
2014-05-22 00:00:00-04:00,38.343488871986864,38.70540062891872,38.343488871986864,38.59111404418945,18100,0.0,0.0,0.0
2014-05-23 00:00:00-04:00,38.591122376646915,39.12446594238281,38.591122376646915,39.12446594238281,5500,0.0,0.0,0.0
2014-05-27 00:00:00-04:00,39.391128694825156,39.562560394091435,39.36255795598249,39.52446365356445,9500,0.0,0.0,0.0
2014-05-28 00:00:00-04:00,39.52446810503586,39.61970633397445,39.210175409948526,39.562564849853516,7200,0.0,0.0,0.0
2014-05-29 00:00:00-04:00,39.638753506558274,39.72446936325069,39.5625636523347,39.667327880859375,4700,0.0,0.0,0.0
2014-05-30 00:00:00-04:00,39.66733092698886,39.66733092698886,39.419705707259396,39.49589920043945,11600,0.0,0.0,0.0
2014-06-02 00:00:00-04:00,39.42923209326422,39.67685368229203,39.2768487385304,39.58161544799805,8000,0.0,0.0,0.0
2014-06-03 00:00:00-04:00,39.58161615238816,39.58161615238816,39.43875516529909,39.57209014892578,20000,0.0,0.0,0.0
2014-06-04 00:00:00-04:00,39.46731854760824,39.895897795826436,39.46731854760824,39.886375427246094,4000,0.0,0.0,0.0
2014-06-05 00:00:00-04:00,39.63875173001567,40.12447610720516,39.61970335903713,40.048282623291016,12400,0.0,0.0,0.0
2014-06-06 00:00:00-04:00,40.28638052441596,40.353048004159334,40.26733215404569,40.33399963378906,4900,0.0,0.0,0.0
2014-06-09 00:00:00-04:00,40.31495977315821,40.35305288540147,40.057812191711825,40.09590530395508,12900,0.0,0.0,0.0
2014-06-10 00:00:00-04:00,39.91495354881838,39.98162104052711,39.91495354881838,39.93400192260742,2200,0.0,0.0,0.0
2014-06-11 00:00:00-04:00,39.92447446482405,40.08638381958008,39.838762235554356,40.08638381958008,2400,0.0,0.0,0.0
2014-06-12 00:00:00-04:00,39.93400759135526,39.93400759135526,39.372093200683594,39.372093200683594,3500,0.0,0.0,0.0
2014-06-13 00:00:00-04:00,39.333989843984696,39.553040687218775,39.333989843984696,39.49589920043945,2200,0.0,0.0,0.0
2014-06-16 00:00:00-04:00,39.61019463724528,39.7054328918457,39.35304699009628,39.7054328918457,2200,0.0,0.0,0.0
2014-06-17 00:00:00-04:00,39.64826907568384,40.11494134690135,39.64826907568384,39.972084045410156,7600,0.0,0.0,0.0
2014-06-18 00:00:00-04:00,39.85780724216093,40.41972153635703,39.85780724216093,40.35305404663086,15800,0.0,0.0,0.0
2014-06-19 00:00:00-04:00,40.41972943863201,40.41972943863201,40.20067855340529,40.305442810058594,3800,0.0,0.0,0.0
2014-06-20 00:00:00-04:00,40.33878514492927,40.33878514492927,40.13871174108785,40.2911491394043,2600,0.015,0.0,0.0
2014-06-23 00:00:00-04:00,40.20539886519862,40.39594650268555,40.20539886519862,40.39594650268555,3300,0.0,0.0,0.0
2014-06-24 00:00:00-04:00,40.64364813391907,40.757975240843955,40.17680669285323,40.19586181640625,7400,0.0,0.0,0.0
2014-06-25 00:00:00-04:00,39.92910064220442,40.60554122924805,39.92910064220442,40.60554122924805,3700,0.0,0.0,0.0
2014-06-26 00:00:00-04:00,40.624585612480466,40.624585612480466,40.46262254336372,40.58647537231445,3600,0.0,0.0,0.0
2014-06-27 00:00:00-04:00,40.538859654837616,40.70082643931473,40.538859654837616,40.6531867980957,2600,0.0,0.0,0.0
2014-06-30 00:00:00-04:00,40.55790504137046,40.82466952302027,40.55790504137046,40.71034240722656,5700,0.0,0.0,0.0
2014-07-01 00:00:00-04:00,40.96760104589434,41.282005310058594,40.96760104589434,41.282005310058594,1500,0.0,0.0,0.0
2014-07-02 00:00:00-04:00,41.00570535662858,41.13908764287199,40.8437385559082,40.8437385559082,6000,0.0,0.0,0.0
2014-07-03 00:00:00-04:00,41.19625902295882,41.310586194293435,41.19625902295882,41.282005310058594,3000,0.0,0.0,0.0
2014-07-07 00:00:00-04:00,41.148599379763674,41.148599379763674,40.71034240722656,40.71034240722656,3500,0.0,0.0,0.0
2014-07-08 00:00:00-04:00,40.02436721880029,40.319716166638074,39.91956949639947,40.25302505493164,3200,0.0,0.0,0.0
2014-07-09 00:00:00-04:00,40.557912586683585,40.6436588480793,40.5293317110164,40.61507797241211,6300,0.0,0.0,0.0
2014-07-10 00:00:00-04:00,40.0148451561699,40.71034083823327,39.90051804478241,40.453102111816406,10400,0.0,0.0,0.0
2014-07-11 00:00:00-04:00,40.44357015599047,40.58647811468028,40.26254832016681,40.41498565673828,8000,0.0,0.0,0.0
2014-07-14 00:00:00-04:00,40.596025043663836,40.767517575748144,40.5769699140551,40.6531867980957,3700,0.0,0.0,0.0
2014-07-15 00:00:00-04:00,40.586485509472105,40.6245957591568,40.24350416549024,40.424522399902344,3800,0.0,0.0,0.0
2014-07-16 00:00:00-04:00,40.42454171492089,40.50075861631359,40.31021454563426,40.319740295410156,4900,0.0,0.0,0.0
2014-07-17 00:00:00-04:00,40.148227391324106,40.405466117737575,39.61469844859396,39.66233444213867,5400,0.0,0.0,0.0
2014-07-18 00:00:00-04:00,40.05296503186552,40.30067443847656,40.05296503186552,40.30067443847656,2000,0.0,0.0,0.0
2014-07-21 00:00:00-04:00,39.97674158480948,40.19587009923332,39.97674158480948,40.08154296875,8600,0.0,0.0,0.0
2014-07-22 00:00:00-04:00,40.195863051413156,40.357829789393556,40.195863051413156,40.26255416870117,80900,0.0,0.0,0.0
2014-07-23 00:00:00-04:00,40.21492352085611,40.63412903883612,40.21492352085611,40.519798278808594,8600,0.0,0.0,0.0
2014-07-24 00:00:00-04:00,40.65317890231998,40.862781652912126,40.59601715899023,40.6627082824707,6300,0.0,0.0,0.0
2014-07-25 00:00:00-04:00,40.55790321205131,40.62459432945573,40.36735560472725,40.46263122558594,8100,0.0,0.0,0.0
2014-07-28 00:00:00-04:00,40.30067443847656,40.34831044347166,40.2625641807228,40.30067443847656,2300,0.0,0.0,0.0
2014-07-29 00:00:00-04:00,40.45309839005095,40.45309839005095,40.25302505493164,40.25302505493164,4900,0.0,0.0,0.0
2014-07-30 00:00:00-04:00,39.814760103025684,39.995778279062904,39.814760103025684,39.96719741821289,1800,0.0,0.0,0.0
2014-07-31 00:00:00-04:00,39.63375644778429,39.63375644778429,39.17644429273992,39.195499420166016,4100,0.0,0.0,0.0
2014-08-01 00:00:00-04:00,39.128805443436114,39.3288788152571,39.0240040674174,39.2717170715332,16000,0.0,0.0,0.0
2014-08-04 00:00:00-04:00,39.490841957863026,39.66233444213867,39.27171348004267,39.66233444213867,3900,0.0,0.0,0.0
2014-08-05 00:00:00-04:00,39.46226639064346,39.80525143686538,39.32888412475586,39.32888412475586,4300,0.0,0.0,0.0
2014-08-06 00:00:00-04:00,39.062117966312435,39.60517638875111,39.062117966312435,39.47179412841797,4500,0.0,0.0,0.0
2014-08-07 00:00:00-04:00,39.77666962556734,39.77666962556734,39.45273971557617,39.45273971557617,800,0.0,0.0,0.0
2014-08-08 00:00:00-04:00,39.50036047248895,39.852874755859375,39.50036047248895,39.852874755859375,1500,0.0,0.0,0.0
2014-08-11 00:00:00-04:00,40.205409553804856,40.376902109694996,40.205409553804856,40.214935302734375,3300,0.0,0.0,0.0
2014-08-12 00:00:00-04:00,40.24350406956237,40.24350406956237,39.83382797241211,39.83382797241211,3200,0.0,0.0,0.0
2014-08-13 00:00:00-04:00,40.310192557724335,40.310192557724335,40.129170701167304,40.19586181640625,13400,0.0,0.0,0.0
2014-08-14 00:00:00-04:00,40.19586215677106,40.386409759521484,40.17680703305669,40.386409759521484,5800,0.0,0.0,0.0
2014-08-15 00:00:00-04:00,40.47217435508083,40.47217435508083,40.014862081703036,40.310211181640625,1700,0.0,0.0,0.0
2014-08-18 00:00:00-04:00,40.77704024293363,40.948532762062875,40.77704024293363,40.834205627441406,10500,0.0,0.0,0.0
2014-08-19 00:00:00-04:00,40.919940059203896,41.062848027575036,40.919940059203896,41.04379653930664,6900,0.0,0.0,0.0
2014-08-20 00:00:00-04:00,40.986642450456586,41.26293635349115,40.986642450456586,41.24388122558594,4100,0.0,0.0,0.0
2014-08-21 00:00:00-04:00,41.09143829345703,41.15812941493156,41.07238316812238,41.09143829345703,3900,0.0,0.0,0.0
2014-08-22 00:00:00-04:00,41.13907918679342,41.42489883205016,40.99616754696805,41.35820770263672,22700,0.0,0.0,0.0
2014-08-25 00:00:00-04:00,41.520169729614594,41.58686085141376,41.43442348238801,41.482059478759766,9700,0.0,0.0,0.0
2014-08-26 00:00:00-04:00,41.55827110139828,41.57732622442093,41.4820542437008,41.520164489746094,9700,0.0,0.0,0.0
2014-08-27 00:00:00-04:00,41.35821008561578,41.42490121887183,41.35821008561578,41.39632034301758,1700,0.0,0.0,0.0
2014-08-28 00:00:00-04:00,41.148594876868366,41.26292561454433,41.148594876868366,41.224815368652344,4500,0.0,0.0,0.0
2014-08-29 00:00:00-04:00,41.19624710083008,41.30104485749461,41.129552332924725,41.19624710083008,4600,0.0,0.0,0.0
2014-09-02 00:00:00-04:00,41.4153746591719,41.739304571943485,41.4153746591719,41.71072006225586,12600,0.0,0.0,0.0
2014-09-03 00:00:00-04:00,41.82505360549254,41.82505360549254,41.42490315288018,41.4439582824707,6600,0.0,0.0,0.0
2014-09-04 00:00:00-04:00,41.701194763183594,41.701194763183594,41.701194763183594,41.701194763183594,500,0.0,0.0,0.0
2014-09-05 00:00:00-04:00,41.891741186940045,41.891741186940045,41.26293650139026,41.63450241088867,2400,0.0,0.0,0.0
2014-09-08 00:00:00-04:00,41.79646003417031,41.805989414097176,41.40583904822082,41.57733154296875,29000,0.0,0.0,0.0
2014-09-09 00:00:00-04:00,41.348677301707056,41.39631329815547,41.0819091796875,41.0819091796875,4400,0.0,0.0,0.0
2014-09-10 00:00:00-04:00,40.986631783417046,41.224815368652344,40.986631783417046,41.224815368652344,3000,0.0,0.0,0.0
2014-09-11 00:00:00-04:00,41.03427472509985,41.35820460127173,41.03427472509985,41.339149475097656,3300,0.0,0.0,0.0
2014-09-12 00:00:00-04:00,41.2152916753492,41.281986432056804,41.17718505859375,41.17718505859375,1000,0.0,0.0,0.0
2014-09-15 00:00:00-04:00,41.07237184844978,41.07237184844978,40.44356742328071,40.58647537231445,18900,0.0,0.0,0.0
2014-09-16 00:00:00-04:00,40.31018709221153,40.95804666760026,40.31018709221153,40.93899154663086,8100,0.0,0.0,0.0
2014-09-17 00:00:00-04:00,41.158127732650414,41.158127732650414,40.796087634876905,41.034271240234375,3500,0.0,0.0,0.0
2014-09-18 00:00:00-04:00,40.815149276945995,40.862785278745505,40.71034789235069,40.767513275146484,3100,0.0,0.0,0.0
2014-09-19 00:00:00-04:00,40.80562154448362,40.80562154448362,40.510272532669866,40.519798278808594,3300,0.0,0.0,0.0
2014-09-22 00:00:00-04:00,40.19585592019976,40.19585592019976,39.60516171427625,39.65279769897461,6600,0.0,0.0,0.0
2014-09-23 00:00:00-04:00,39.45274545957946,39.81478567860775,39.300308046471955,39.50038146972656,15700,0.0,0.0,0.0
2014-09-24 00:00:00-04:00,39.28123193017768,39.671852819732486,39.28123193017768,39.65279769897461,7400,0.0,0.0,0.0
2014-09-25 00:00:00-04:00,39.47180244754994,39.47180244754994,38.98590567176347,39.15739822387695,9100,0.0,0.0,0.0
2014-09-26 00:00:00-04:00,39.2621883385755,39.605173344147865,39.2621883385755,39.54800796508789,2500,0.0,0.0,0.0
2014-09-29 00:00:00-04:00,39.33839317402642,39.33839317402642,39.21453671926337,39.26217269897461,2000,0.0,0.0,0.0
2014-09-30 00:00:00-04:00,38.976380833406296,39.185983654083934,38.77630739606575,38.938270568847656,14400,0.0,0.0,0.0
2014-10-01 00:00:00-04:00,38.31898918026811,38.33804430959148,37.852147597831326,38.01411437988281,32400,0.0,0.0,0.0
2014-10-02 00:00:00-04:00,38.04269351423872,38.452369689941406,37.78545473174675,38.452369689941406,43300,0.0,0.0,0.0
2014-10-03 00:00:00-04:00,38.41425457173802,39.2717170715332,38.41425457173802,39.2717170715332,81500,0.0,0.0,0.0
2014-10-06 00:00:00-04:00,39.56707777636008,39.56707777636008,38.88111114501953,38.88111114501953,2900,0.0,0.0,0.0
2014-10-07 00:00:00-04:00,38.64291298994707,38.64291298994707,38.242762606318315,38.36661911010742,5400,0.0,0.0,0.0
2014-10-08 00:00:00-04:00,37.8616689454569,38.5190544128418,37.8521395656202,38.5190544128418,1000,0.0,0.0,0.0
2014-10-09 00:00:00-04:00,38.35708490093447,38.41425027265445,37.79497146606445,37.79497146606445,3500,0.0,0.0,0.0
2014-10-10 00:00:00-04:00,37.46152083542673,37.75686984342993,37.24239233312517,37.270973205566406,4600,0.0,0.0,0.0
2014-10-13 00:00:00-04:00,37.36625036886882,37.36625036886882,35.851402282714844,35.851402282714844,19600,0.0,0.0,0.0
2014-10-14 00:00:00-04:00,36.17533477416559,36.66122783243778,36.09911425986728,36.37540817260742,12400,0.0,0.0,0.0
2014-10-15 00:00:00-04:00,35.94667416641916,36.64216995239258,35.44172601748909,36.64216995239258,14500,0.0,0.0,0.0
2014-10-16 00:00:00-04:00,35.73706413959237,36.57547139156205,35.670373025339536,36.53736114501953,12500,0.0,0.0,0.0
2014-10-17 00:00:00-04:00,37.30907888770615,37.30907888770615,36.57547296497341,36.79460144042969,20400,0.0,0.0,0.0
2014-10-20 00:00:00-04:00,37.13759288615574,37.31861114501953,37.089956884812,37.31861114501953,24700,0.0,0.0,0.0
2014-10-21 00:00:00-04:00,37.84260789308655,38.376136779785156,37.84260789308655,38.376136779785156,19100,0.0,0.0,0.0
2014-10-22 00:00:00-04:00,38.376138397819275,38.54763087131523,37.93788146972656,37.93788146972656,15800,0.0,0.0,0.0
2014-10-23 00:00:00-04:00,38.661966750679376,38.78581961570016,38.5,38.5,4800,0.0,0.0,0.0
2014-10-24 00:00:00-04:00,38.50952741987343,38.57622217968359,38.47142080134531,38.557167053222656,20400,0.0,0.0,0.0
2014-10-27 00:00:00-04:00,38.50953128651935,38.795354577738465,38.50953128651935,38.652442932128906,19400,0.0,0.0,0.0
2014-10-28 00:00:00-04:00,38.89063553884728,39.405113220214844,38.89063553884728,39.405113220214844,10300,0.0,0.0,0.0
2014-10-29 00:00:00-04:00,39.19549825898463,39.24313425894165,39.04306087848585,39.22407913208008,49900,0.0,0.0,0.0
2014-10-30 00:00:00-04:00,39.15737180501203,39.38602959835645,39.052574102221186,39.252647399902344,9400,0.0,0.0,0.0
2014-10-31 00:00:00-04:00,39.833830180782684,39.9291021756557,39.77666480322269,39.8719367980957,28500,0.0,0.0,0.0
2014-11-03 00:00:00-05:00,40.081532859085826,40.18633421659256,39.8624043999322,39.948150634765625,32700,0.0,0.0,0.0
2014-11-04 00:00:00-05:00,39.84335079629997,39.84335079629997,39.50036584388988,39.70996856689453,6500,0.0,0.0,0.0
2014-11-05 00:00:00-05:00,39.54800467127575,39.69091628982622,39.51942380132303,39.633750915527344,5300,0.0,0.0,0.0
2014-11-06 00:00:00-05:00,39.890977489400754,40.05294418334961,39.87192237044252,40.05294418334961,2600,0.0,0.0,0.0
2014-11-07 00:00:00-05:00,40.07201011837791,40.872307158675106,40.02437049092746,40.16728210449219,17300,0.0,0.0,0.0
2014-11-10 00:00:00-05:00,40.27208361826188,40.49121209464689,40.27208361826188,40.46263122558594,9100,0.0,0.0,0.0
2014-11-11 00:00:00-05:00,40.80561671877261,40.80561671877261,40.47215749305155,40.548377990722656,14400,0.0,0.0,0.0
2014-11-12 00:00:00-05:00,40.55789806249382,40.91040872893008,40.481681209877294,40.891353607177734,11800,0.0,0.0,0.0
2014-11-13 00:00:00-05:00,41.10096534481397,41.129546216527274,40.75798034667969,40.75798034667969,7500,0.0,0.0,0.0
2014-11-14 00:00:00-05:00,40.75797872866129,40.99616234186646,40.7293978580826,40.9008903503418,7100,0.0,0.0,0.0
2014-11-17 00:00:00-05:00,40.97710636467379,41.01521661424865,40.58648539251498,40.624595642089844,9800,0.0,0.0,0.0
2014-11-18 00:00:00-05:00,40.881834587580826,41.12001819707137,40.796088342788494,41.01521682739258,30100,0.0,0.0,0.0
2014-11-19 00:00:00-05:00,40.8437176199933,40.986629215939466,40.71986478019233,40.891353607177734,23600,0.0,0.0,0.0
2014-11-20 00:00:00-05:00,40.910413330003536,41.234343167439135,40.910413330003536,41.07238006591797,13300,0.0,0.0,0.0
2014-11-21 00:00:00-05:00,41.79646597642741,41.79646597642741,40.80562475238456,40.834205627441406,11400,0.0,0.0,0.0
2014-11-24 00:00:00-05:00,41.329624889892806,41.329624889892806,41.06285675035763,41.310569763183594,23500,0.0,0.0,0.0
2014-11-25 00:00:00-05:00,41.45346867494056,41.65354564433173,41.35819669667277,41.64401626586914,22000,0.0,0.0,0.0
2014-11-26 00:00:00-05:00,41.605906020804824,41.72023675599778,41.605906020804824,41.64401626586914,9900,0.0,0.0,0.0
2014-11-28 00:00:00-05:00,42.51102873623356,42.51102873623356,41.977499536872955,42.206153869628906,9500,0.0,0.0,0.0
2014-12-01 00:00:00-05:00,42.90163025736416,42.90163025736416,41.291510377639526,41.320091247558594,159500,0.0,0.0,0.0
2014-12-02 00:00:00-05:00,41.53921490913877,41.72976250006735,41.44394293087098,41.64401626586914,45100,0.0,0.0,0.0
2014-12-03 00:00:00-05:00,41.80599466146549,42.25377744560633,41.80599466146549,42.23472595214844,8600,0.0,0.0,0.0
2014-12-04 00:00:00-05:00,42.530065367619244,42.530065367619244,42.072753266659134,42.18708038330078,19800,0.0,0.0,0.0
2014-12-05 00:00:00-05:00,41.97748936671128,42.44432730304792,41.97748936671128,42.27283477783203,15200,0.0,0.0,0.0
2014-12-08 00:00:00-05:00,42.377628048980796,42.377628048980796,41.758352834937945,41.8917350769043,15700,0.0,0.0,0.0
2014-12-09 00:00:00-05:00,41.825035894887925,41.90125274658203,41.13906605767689,41.90125274658203,11200,0.0,0.0,0.0
2014-12-10 00:00:00-05:00,41.73931762979231,42.05371825956132,41.27247592571681,41.282005310058594,11200,0.0,0.0,0.0
2014-12-11 00:00:00-05:00,41.67259917310372,41.996528974975774,41.67259917310372,41.78692626953125,5700,0.0,0.0,0.0
2014-12-12 00:00:00-05:00,41.66308400160223,41.83457652191679,41.49159148128767,41.615447998046875,50800,0.0,0.0,0.0
2014-12-15 00:00:00-05:00,41.72977360490988,41.84410073613378,41.20577031620685,41.35820770263672,9500,0.0,0.0,0.0
2014-12-16 00:00:00-05:00,41.224817566381056,41.224817566381056,40.4721565246582,40.4721565246582,91900,0.0,0.0,0.0
2014-12-17 00:00:00-05:00,40.519795316646395,41.358202656921634,40.491214445925785,41.29151153564453,7100,0.0,0.0,0.0
2014-12-18 00:00:00-05:00,41.691664069725405,41.929847717285156,41.624972939160195,41.929847717285156,13400,0.0,0.0,0.0
2014-12-19 00:00:00-05:00,41.68675350765308,41.83927750193963,41.57236142105289,41.8106803894043,6500,0.025,0.0,0.0
2014-12-22 00:00:00-05:00,41.81067915137045,42.106192336042234,41.81067915137045,42.02040100097656,25500,0.0,0.0,0.0
2014-12-23 00:00:00-05:00,42.36359259832897,42.39219335683793,42.16340547106667,42.2968635559082,25400,0.0,0.0,0.0
2014-12-24 00:00:00-05:00,42.535173952442285,42.535173952442285,42.449378967285156,42.449378967285156,1600,0.0,0.0,0.0
2014-12-26 00:00:00-05:00,42.60190756565566,42.7449004351247,42.516112571266184,42.649574279785156,17500,0.0,0.0,0.0
2014-12-29 00:00:00-05:00,42.70675203445755,42.830678897733456,42.697220877186325,42.821144104003906,8800,0.0,0.0,0.0
2014-12-30 00:00:00-05:00,42.89741592515374,42.90694708420625,42.66862810684429,42.783023834228516,40800,0.0,0.0,0.0
2014-12-31 00:00:00-05:00,42.97366945564202,43.17385647595174,42.57329177856445,42.57329177856445,21000,0.0,0.0,0.0
2015-01-02 00:00:00-05:00,42.71630008398203,42.84022334925569,41.9727423100428,42.25872802734375,4400,0.0,0.0,0.0
2015-01-05 00:00:00-05:00,42.363577591606045,42.363577591606045,41.59142647812977,41.629554748535156,9100,0.0,0.0,0.0
2015-01-06 00:00:00-05:00,41.67723016762224,41.88694842632266,40.78114835118205,41.18152618408203,21500,0.0,0.0,0.0
2015-01-07 00:00:00-05:00,42.07759699641784,42.07759699641784,41.314977015449514,42.02993392944336,11700,0.0,0.0,0.0
2015-01-08 00:00:00-05:00,42.563772767344794,42.763959844777794,42.506574901024294,42.754425048828125,23900,0.0,0.0,0.0
2015-01-09 00:00:00-05:00,42.52563696053945,42.54470291423292,42.153859954663936,42.16339111328125,56300,0.0,0.0,0.0
2015-01-12 00:00:00-05:00,41.972749850906176,42.04901369227725,41.78209752039871,41.963218688964844,21900,0.0,0.0,0.0
2015-01-13 00:00:00-05:00,42.3826487264713,42.6209677188196,41.39124084555216,41.73442077636719,57800,0.0,0.0,0.0
2015-01-14 00:00:00-05:00,41.24824523925781,41.38170327245571,40.75254137562373,41.24824523925781,31500,0.0,0.0,0.0
2015-01-15 00:00:00-05:00,41.37217994839339,41.505638006862505,40.41890394623187,40.61909103393555,22600,0.0,0.0,0.0
2015-01-16 00:00:00-05:00,40.37122320850202,41.05758285522461,40.3044942024549,41.05758285522461,10300,0.0,0.0,0.0
2015-01-20 00:00:00-05:00,41.10527007354194,41.46751605962801,40.66676387991472,41.16246795654297,21600,0.0,0.0,0.0
2015-01-21 00:00:00-05:00,41.219653217414695,41.40077433676538,40.9146015712812,41.353111267089844,5900,0.0,0.0,0.0
2015-01-22 00:00:00-05:00,41.58188856154742,42.53516434283481,41.58188856154742,42.477970123291016,37400,0.0,0.0,0.0
2015-01-23 00:00:00-05:00,42.668638574258,43.23107164426593,42.211066461847125,42.620975494384766,11600,0.0,0.0,0.0
2015-01-26 00:00:00-05:00,42.73535915153988,43.0308723449707,42.525637295717594,43.0308723449707,111000,0.0,0.0,0.0
2015-01-27 00:00:00-05:00,42.630491866912756,43.01179997755338,42.44936715063451,42.821144104003906,48300,0.0,0.0,0.0
2015-01-28 00:00:00-05:00,43.183402812857224,43.183402812857224,42.315921783447266,42.315921783447266,31400,0.0,0.0,0.0
2015-01-29 00:00:00-05:00,42.325465827928646,42.99275627599789,42.10620909617994,42.954627990722656,9800,0.0,0.0,0.0
2015-01-30 00:00:00-05:00,42.38265759511664,42.5828447178285,41.56283950805664,41.56283950805664,66700,0.0,0.0,0.0
2015-02-02 00:00:00-05:00,40.78114950146184,41.30545425415039,40.54283048167965,41.30545425415039,10900,0.0,0.0,0.0
2015-02-03 00:00:00-05:00,41.47703292361802,41.91554260253906,41.47703292361802,41.91554260253906,9600,0.0,0.0,0.0
2015-02-04 00:00:00-05:00,41.97274630113972,42.36358936396138,41.97274630113972,42.22060012817383,17000,0.0,0.0,0.0
2015-02-05 00:00:00-05:00,42.41124776572542,42.63050079345703,42.41124776572542,42.63050079345703,9700,0.0,0.0,0.0
2015-02-06 00:00:00-05:00,42.64957263399277,42.67816975219915,42.191996923933,42.306392669677734,21100,0.0,0.0,0.0
2015-02-09 00:00:00-05:00,42.16339273718228,42.16339273718228,41.77254976256018,41.91554260253906,23800,0.0,0.0,0.0
2015-02-10 00:00:00-05:00,42.24919032841863,42.744894264840084,42.16339534641377,42.7162971496582,8000,0.0,0.0,0.0
2015-02-11 00:00:00-05:00,42.94508027630505,43.0880731215777,42.82115338616603,42.88788604736328,7400,0.0,0.0,0.0
2015-02-12 00:00:00-05:00,43.10713511223371,43.240593149436116,42.63049718710582,43.20246124267578,35900,0.0,0.0,0.0
2015-02-13 00:00:00-05:00,43.040410870789096,43.383587160345755,42.90694918231468,43.364524841308594,26100,0.0,0.0,0.0
2015-02-17 00:00:00-05:00,43.240596771240234,43.42171788883426,43.06900681290523,43.240596771240234,39400,0.0,0.0,0.0
2015-02-18 00:00:00-05:00,43.297794735923496,43.55517969563601,43.164336676026494,43.53611373901367,12500,0.0,0.0,0.0
2015-02-19 00:00:00-05:00,43.80302797462827,43.8125591335085,43.440782117377594,43.507511138916016,13400,0.0,0.0,0.0
2015-02-20 00:00:00-05:00,43.612378721283406,44.01275291158479,43.469385861056054,43.97462463378906,24000,0.0,0.0,0.0
2015-02-23 00:00:00-05:00,44.33686927405593,44.33686927405593,43.94602622324727,44.18434524536133,15100,0.0,0.0,0.0
2015-02-24 00:00:00-05:00,44.184348444511656,44.298744201660156,44.03182440477361,44.298744201660156,27500,0.0,0.0,0.0
2015-02-25 00:00:00-05:00,44.37498678518967,44.527510764371435,44.16526858660131,44.365455627441406,32300,0.0,0.0,0.0
2015-02-26 00:00:00-05:00,44.61331980438961,44.61331980438961,44.155747722491114,44.2606086730957,88400,0.0,0.0,0.0
2015-02-27 00:00:00-05:00,44.32734116924023,44.32734116924023,44.02229309082031,44.02229309082031,27600,0.0,0.0,0.0
2015-03-02 00:00:00-05:00,44.08901936257569,44.47986241579095,44.08901936257569,44.44173049926758,17200,0.0,0.0,0.0
2015-03-03 00:00:00-05:00,44.632388913153534,44.632388913153534,43.93649776219486,44.35593795776367,15200,0.0,0.0,0.0
2015-03-04 00:00:00-05:00,44.25108025649047,44.26061505508007,43.89836907433876,44.15575408935547,34600,0.0,0.0,0.0
2015-03-05 00:00:00-05:00,44.27013591824309,44.27013591824309,43.89835886186225,43.965087890625,66600,0.0,0.0,0.0
2015-03-06 00:00:00-05:00,43.91742222748933,43.99368604812477,43.47891616821289,43.47891616821289,16500,0.0,0.0,0.0
2015-03-09 00:00:00-04:00,43.6219136044486,43.76490647687942,43.46938957087031,43.67911148071289,9200,0.0,0.0,0.0
2015-03-10 00:00:00-04:00,43.4407862976291,43.4407862976291,43.04041212987108,43.15480422973633,19800,0.0,0.0,0.0
2015-03-11 00:00:00-04:00,43.154808145283994,43.335929289542506,43.1357421875,43.1357421875,26700,0.0,0.0,0.0
2015-03-12 00:00:00-04:00,43.736299038268406,44.098541259765625,43.59330619957391,44.098541259765625,53200,0.0,0.0,0.0
2015-03-13 00:00:00-04:00,43.93647561827807,44.212926434337135,43.80301760678971,43.946006774902344,6500,0.0,0.0,0.0
2015-03-16 00:00:00-04:00,44.327328253111084,44.58471317611712,44.327328253111084,44.54658126831055,15500,0.0,0.0,0.0
2015-03-17 00:00:00-04:00,44.37499310938275,44.92789488550115,44.37499310938275,44.870697021484375,21200,0.0,0.0,0.0
2015-03-18 00:00:00-04:00,44.62284289902551,45.04228295498382,44.36545798862198,44.9088249206543,24700,0.0,0.0,0.0
2015-03-19 00:00:00-04:00,45.004146942913984,45.28059778106417,44.966015040453605,45.261531829833984,12500,0.0,0.0,0.0
2015-03-20 00:00:00-04:00,45.590544982362054,45.590544982362054,45.21755808494606,45.31319808959961,13700,0.154,0.0,0.0
2015-03-23 00:00:00-04:00,45.6192341828663,45.6192341828663,45.38013966791238,45.38970184326172,12900,0.0,0.0,0.0
2015-03-24 00:00:00-04:00,45.647926258158336,45.647926258158336,45.131481208760896,45.2940673828125,17300,0.0,0.0,0.0
2015-03-25 00:00:00-04:00,45.62879971191734,45.62879971191734,44.385508872434045,44.46202087402344,13600,0.0,0.0,0.0
2015-03-26 00:00:00-04:00,44.42375132377755,44.42375132377755,43.754286107232545,44.36636734008789,27300,0.0,0.0,0.0
2015-03-27 00:00:00-04:00,44.748912404222835,45.01669698646009,44.61502011310421,44.8541145324707,11000,0.0,0.0,0.0
2015-03-30 00:00:00-04:00,45.43752321636142,45.58098139475338,45.313196686600946,45.466217041015625,5600,0.0,0.0,0.0
2015-03-31 00:00:00-04:00,45.43750949346081,45.62878579078372,45.28448918526086,45.34187316894531,25800,0.0,0.0,0.0
2015-04-01 00:00:00-04:00,45.1505963635298,45.16016218484886,44.76804742148083,44.959320068359375,7500,0.0,0.0,0.0
2015-04-02 00:00:00-04:00,45.23668575893298,45.40883411777204,45.04540939930145,45.28450393676758,10500,0.0,0.0,0.0
2015-04-06 00:00:00-04:00,45.18884981280339,45.418382083767554,44.854119051284485,45.26536178588867,15800,0.0,0.0,0.0
2015-04-07 00:00:00-04:00,45.30362324433341,45.33231706416266,44.97845458984375,44.97845458984375,36000,0.0,0.0,0.0
2015-04-08 00:00:00-04:00,45.236672872044934,45.571407318115234,45.160164538963656,45.571407318115234,38900,0.0,0.0,0.0
2015-04-09 00:00:00-04:00,45.714864294189226,45.714864294189226,45.19841933673972,45.399261474609375,19200,0.0,0.0,0.0
2015-04-10 00:00:00-04:00,45.77224273302337,45.77224273302337,45.360999981398265,45.523582458496094,9800,0.0,0.0,0.0
2015-04-13 00:00:00-04:00,45.66703973383247,45.7531138813567,45.36099913114447,45.408817291259766,25600,0.0,0.0,0.0
2015-04-14 00:00:00-04:00,45.52359298144395,45.52359298144395,44.988023617048185,45.054969787597656,16100,0.0,0.0,0.0
2015-04-15 00:00:00-04:00,45.322754469795534,45.36101046676457,45.03584178911314,45.054969787597656,11300,0.0,0.0,0.0
2015-04-16 00:00:00-04:00,45.12189541246846,45.17927938179295,45.00713112211049,45.04538345336914,9500,0.0,0.0,0.0
2015-04-17 00:00:00-04:00,44.930628868345835,44.930628868345835,44.385493811028674,44.49069595336914,9700,0.0,0.0,0.0
2015-04-20 00:00:00-04:00,44.73936372928004,44.94976806640625,44.68198338154941,44.94976806640625,7700,0.0,0.0,0.0
2015-04-21 00:00:00-04:00,45.19842141872645,45.19842141872645,44.78718224658356,45.00714874267578,35900,0.0,0.0,0.0
2015-04-22 00:00:00-04:00,45.15059449102766,45.15059449102766,44.720223756815656,45.026268005371094,6200,0.0,0.0,0.0
2015-04-23 00:00:00-04:00,45.26537702956058,46.05916895203533,45.26537702956058,45.94440460205078,16900,0.0,0.0,0.0
2015-04-24 00:00:00-04:00,45.982653904457244,46.020906250018996,45.753121589624854,45.89657974243164,16600,0.0,0.0,0.0
2015-04-27 00:00:00-04:00,46.18349721732537,46.18349721732537,45.35144568151939,45.36101150512695,24100,0.0,0.0,0.0
2015-04-28 00:00:00-04:00,45.45664269014917,45.45664269014917,44.93063554853304,45.18885803222656,23900,0.0,0.0,0.0
2015-04-29 00:00:00-04:00,44.873256927214456,45.02628091952742,44.3568155463293,44.548091888427734,17600,0.0,0.0,0.0
2015-04-30 00:00:00-04:00,44.672402097233885,44.672402097233885,43.840354508471684,43.945556640625,8600,0.0,0.0,0.0
2015-05-01 00:00:00-04:00,44.0698963053713,44.72979575679495,44.0698963053713,44.6915397644043,10100,0.0,0.0,0.0
2015-05-04 00:00:00-04:00,44.854125739211106,44.854125739211106,44.615031260107195,44.66284942626953,14700,0.0,0.0,0.0
2015-05-05 00:00:00-04:00,44.74892847683696,44.74892847683696,43.964698791503906,43.964698791503906,25900,0.0,0.0,0.0
2015-05-06 00:00:00-04:00,44.28987097595412,44.28987097595412,43.68735175345137,43.93600845336914,10500,0.0,0.0,0.0
2015-05-07 00:00:00-04:00,43.773414101795765,44.5002596537385,43.773414101795765,44.36636734008789,18900,0.0,0.0,0.0
2015-05-08 00:00:00-04:00,45.15060641494008,45.15060641494008,44.85413155730209,44.921077728271484,7200,0.0,0.0,0.0
2015-05-11 00:00:00-04:00,44.86370086669922,45.0358492332221,44.86370086669922,44.86370086669922,7300,0.0,0.0,0.0
2015-05-12 00:00:00-04:00,44.39505759005543,44.70110185534216,44.30898708679933,44.528953552246094,12900,0.0,0.0,0.0
2015-05-13 00:00:00-04:00,44.825430152160585,44.825430152160585,44.251604884270044,44.27073287963867,23500,0.0,0.0,0.0
2015-05-14 00:00:00-04:00,44.38551094618863,44.624605489886754,44.203800406363605,44.58634948730469,118600,0.0,0.0,0.0
2015-05-15 00:00:00-04:00,44.42376204493086,44.605472564697266,44.42376204493086,44.605472564697266,12600,0.0,0.0,0.0
2015-05-18 00:00:00-04:00,44.691533010731035,45.150593905169984,44.691533010731035,45.131465911865234,19200,0.0,0.0,0.0
2015-05-19 00:00:00-04:00,45.21754908143049,45.21754908143049,44.95932659272172,44.97845458984375,17400,0.0,0.0,0.0
2015-05-20 00:00:00-04:00,44.93064035155901,45.0167145219914,44.62459966742002,44.81587600708008,42500,0.0,0.0,0.0
2015-05-21 00:00:00-04:00,44.911511128544724,45.01671329490474,44.854130782015716,44.99758529663086,12800,0.0,0.0,0.0
2015-05-22 00:00:00-04:00,45.20798333584558,45.20798333584558,44.66284822995374,44.84455871582031,15300,0.0,0.0,0.0
2015-05-26 00:00:00-04:00,44.672412741150325,44.74892472759801,44.299425927948626,44.31855392456055,28300,0.0,0.0,0.0
2015-05-27 00:00:00-04:00,44.46200756531376,44.61502787439629,44.39505775981645,44.55764389038086,14800,0.0,0.0,0.0
2015-05-28 00:00:00-04:00,44.45244174383188,44.567206063570794,44.45244174383188,44.55764389038086,22900,0.0,0.0,0.0
2015-05-29 00:00:00-04:00,44.481137699599074,44.51939369392058,44.24204320752829,44.32811737060547,25000,0.0,0.0,0.0
2015-06-01 00:00:00-04:00,44.20379772292936,44.69154895721512,44.20379772292936,44.56721878051758,70900,0.0,0.0,0.0
2015-06-02 00:00:00-04:00,44.299419662594815,44.69153441695087,44.299419662594815,44.49069595336914,19100,0.0,0.0,0.0
2015-06-03 00:00:00-04:00,44.75849266725903,44.94020683433338,44.75849266725903,44.90195083618164,12100,0.0,0.0,0.0
2015-06-04 00:00:00-04:00,44.701105179939844,44.83499750379668,44.433316883933976,44.47157287597656,16100,0.0,0.0,0.0
2015-06-05 00:00:00-04:00,44.52896740634523,44.68198776245117,44.48114558082401,44.68198776245117,20000,0.0,0.0,0.0
2015-06-08 00:00:00-04:00,44.86369062286396,44.86369062286396,44.18466313678617,44.1942253112793,11500,0.0,0.0,0.0
2015-06-09 00:00:00-04:00,44.041209560547024,44.15597390785945,43.76385904360692,44.11772155761719,42000,0.0,0.0,0.0
2015-06-10 00:00:00-04:00,44.30900258931769,44.67242366896774,44.28987458802666,44.58634948730469,20500,0.0,0.0,0.0
2015-06-11 00:00:00-04:00,44.90195429633514,44.90195429633514,44.68198776245117,44.68198776245117,19600,0.0,0.0,0.0
2015-06-12 00:00:00-04:00,44.73935656410573,44.91150487631285,44.548083904579705,44.84455871582031,17100,0.0,0.0,0.0
2015-06-15 00:00:00-04:00,44.40462831708465,44.59590463591056,44.31855415602761,44.509830474853516,11000,0.0,0.0,0.0
2015-06-16 00:00:00-04:00,44.595897598067225,44.758480072021484,44.51938562329456,44.758480072021484,9500,0.0,0.0,0.0
2015-06-17 00:00:00-04:00,44.86368881962457,45.054965136431,44.72979649234776,44.94020080566406,16800,0.0,0.0,0.0
2015-06-18 00:00:00-04:00,45.236672627668256,45.54271325492422,45.236672627668256,45.380130767822266,31700,0.0,0.0,0.0
2015-06-19 00:00:00-04:00,45.70855105829717,46.110677306195626,45.33514341791211,45.402164459228516,168500,0.053,0.0,0.0
2015-06-22 00:00:00-04:00,46.31173356736042,46.31173356736042,45.62237386563518,45.737266540527344,24600,0.0,0.0,0.0
2015-06-23 00:00:00-04:00,46.06280384665408,46.06280384665408,45.775570301953344,45.9000358581543,32400,0.0,0.0,0.0
2015-06-24 00:00:00-04:00,45.928761294170435,45.928761294170435,45.411738727633896,45.478759765625,30700,0.0,0.0,0.0
2015-06-25 00:00:00-04:00,45.89046330206454,45.89046330206454,45.421312375704076,45.517059326171875,53300,0.0,0.0,0.0
2015-06-26 00:00:00-04:00,45.80428414603038,45.89045455884755,45.593644547505754,45.756412506103516,47700,0.0,0.0,0.0
2015-06-29 00:00:00-04:00,45.42129716290784,45.42129716290784,44.64576721191406,44.64576721191406,24700,0.0,0.0,0.0
2015-06-30 00:00:00-04:00,44.923434196580885,45.10535155606093,44.79896865336772,44.865989685058594,10400,0.0,0.0,0.0
2015-07-01 00:00:00-04:00,45.04789070372824,45.31597840735296,45.009591938585956,45.19150924682617,16800,0.0,0.0,0.0
2015-07-02 00:00:00-04:00,45.31599191071862,45.31599191071862,45.04790412720847,45.20109558105469,9300,0.0,0.0,0.0
2015-07-06 00:00:00-04:00,44.837270165955935,45.392587841341786,44.837270165955935,45.10535430908203,20900,0.0,0.0,0.0
2015-07-07 00:00:00-04:00,45.459600727057556,45.46917724609375,44.60747315142959,45.46917724609375,28400,0.0,0.0,0.0
2015-07-08 00:00:00-04:00,45.21066023861014,45.25853187055628,44.60746744944877,44.69363784790039,11200,0.0,0.0,0.0
2015-07-09 00:00:00-04:00,45.03832748524497,45.239390566750124,44.789389110872065,44.9042854309082,16500,0.0,0.0,0.0
2015-07-10 00:00:00-04:00,45.315994972130476,45.660673027290606,45.22024802427549,45.651100158691406,53100,0.0,0.0,0.0
2015-07-13 00:00:00-04:00,46.29258122535105,46.397901025769734,45.77556239514343,46.369178771972656,57300,0.0,0.0,0.0
2015-07-14 00:00:00-04:00,46.31173183572656,46.36917999721074,46.16811691057431,46.235137939453125,60100,0.0,0.0,0.0
2015-07-15 00:00:00-04:00,46.33088003963946,46.35960229346194,46.07236879812098,46.17768859863281,55000,0.0,0.0,0.0
2015-07-16 00:00:00-04:00,46.1489690979941,46.42662974274977,46.1489690979941,46.41705322265625,74500,0.0,0.0,0.0
2015-07-17 00:00:00-04:00,46.71386591098892,46.71386591098892,46.12024581209975,46.25429153442383,56700,0.0,0.0,0.0
2015-07-20 00:00:00-04:00,46.66598957819464,46.66598957819464,46.3213079172945,46.40747833251953,93700,0.0,0.0,0.0
2015-07-21 00:00:00-04:00,46.263853793184396,46.44576746749081,46.00534258083003,46.20640563964844,66200,0.0,0.0,0.0
2015-07-22 00:00:00-04:00,46.244711382105436,46.5510942757547,46.17769035239292,46.46492385864258,49700,0.0,0.0,0.0
2015-07-23 00:00:00-04:00,46.71384788824197,46.80959114344782,46.20639840901196,46.225547790527344,76500,0.0,0.0,0.0
2015-07-24 00:00:00-04:00,46.45534725744771,46.45534725744771,45.6893900848856,45.785133361816406,45900,0.0,0.0,0.0
2015-07-27 00:00:00-04:00,45.46917508201984,45.536196102595916,45.19151448113513,45.26810836791992,76400,0.0,0.0,0.0
2015-07-28 00:00:00-04:00,45.64150738762938,45.80427531484506,45.162783775915855,45.69895553588867,27000,0.0,0.0,0.0
2015-07-29 00:00:00-04:00,45.670227334753775,46.120224987494055,45.57448043346906,46.07235336303711,93100,0.0,0.0,0.0
2015-07-30 00:00:00-04:00,46.32131335254385,46.44577890396179,45.986204519626774,46.39790725708008,77900,0.0,0.0,0.0
2015-07-31 00:00:00-04:00,46.48407000385954,46.723431851101225,46.3404550869377,46.58938980102539,46900,0.0,0.0,0.0
2015-08-03 00:00:00-04:00,46.50321357249065,46.598956838461305,46.15853197120191,46.38832092285156,46500,0.0,0.0,0.0
2015-08-04 00:00:00-04:00,46.5415231480941,46.675565212529996,46.38833169554274,46.64684295654297,37900,0.0,0.0,0.0
2015-08-05 00:00:00-04:00,46.82875863110012,47.13514154906576,46.78088698498783,46.84790802001953,86100,0.0,0.0,0.0
2015-08-06 00:00:00-04:00,47.096830088250165,47.096830088250165,45.54576652719741,45.91917037963867,138000,0.0,0.0,0.0
2015-08-07 00:00:00-04:00,46.2830027720519,46.2830027720519,45.53619504448797,45.89044952392578,29600,0.0,0.0,0.0
2015-08-10 00:00:00-04:00,46.4649275076167,46.4649275076167,46.12024581209975,46.25429153442383,73600,0.0,0.0,0.0
2015-08-11 00:00:00-04:00,46.560660133004,46.560660133004,45.794703074289046,46.12023162841797,18500,0.0,0.0,0.0
2015-08-12 00:00:00-04:00,45.689382670697775,45.85214694554215,44.93299848762129,45.69895553588867,22400,0.0,0.0,0.0
2015-08-13 00:00:00-04:00,45.813860555711976,46.273438561189295,45.68939501275199,46.03407669067383,63200,0.0,0.0,0.0
2015-08-14 00:00:00-04:00,45.9383215612239,46.20640563964844,45.909599310641745,46.20640563964844,50400,0.0,0.0,0.0
2015-08-17 00:00:00-04:00,45.995783355301675,46.61812210083008,45.90961292562879,46.61812210083008,74700,0.0,0.0,0.0
2015-08-18 00:00:00-04:00,46.44577266622221,46.71386042702577,46.29258122535105,46.369178771972656,30500,0.0,0.0,0.0
2015-08-19 00:00:00-04:00,46.89577496195232,46.89577496195232,45.919178139260936,46.21598815917969,37100,0.0,0.0,0.0
2015-08-20 00:00:00-04:00,45.794714686002216,45.794714686002216,44.9521598815918,44.9521598815918,34600,0.0,0.0,0.0
2015-08-21 00:00:00-04:00,44.45427584398283,44.45427584398283,43.314914938146586,43.33406066894531,64300,0.0,0.0,0.0
2015-08-24 00:00:00-04:00,42.46278114163431,43.16172079991225,23.830859820993446,42.03193283081055,126600,0.0,0.0,0.0
2015-08-25 00:00:00-04:00,43.05642079641982,43.37237661293263,42.003226219173875,42.05109786987305,79400,0.0,0.0,0.0
2015-08-26 00:00:00-04:00,42.94151260868894,43.38194116982114,41.984065249276725,43.30534362792969,57700,0.0,0.0,0.0
2015-08-27 00:00:00-04:00,43.91811739503524,44.56918201083602,43.59258508713485,44.30109786987305,115800,0.0,0.0,0.0
2015-08-28 00:00:00-04:00,44.435116177418244,44.51171369237211,44.09043466486691,44.26277542114258,24000,0.0,0.0,0.0
2015-08-31 00:00:00-04:00,44.36810522452362,44.36810522452362,43.908530987848195,43.99470138549805,18300,0.0,0.0,0.0
2015-09-01 00:00:00-04:00,42.68302507884665,43.55430243895165,42.68302507884665,42.87451171875,57800,0.0,0.0,0.0
2015-09-02 00:00:00-04:00,43.49682819250475,43.69789123535156,43.15214660341229,43.69789123535156,26600,0.0,0.0,0.0
2015-09-03 00:00:00-04:00,44.10003427204585,44.39684066697927,43.79365135654348,43.985137939453125,41800,0.0,0.0,0.0
2015-09-04 00:00:00-04:00,43.52556540994829,43.87982363855696,43.37237394570789,43.78407669067383,128300,0.0,0.0,0.0
2015-09-08 00:00:00-04:00,44.3393949646727,44.617051963398914,44.13832821421063,44.607479095458984,58300,0.0,0.0,0.0
2015-09-09 00:00:00-04:00,45.22023577180421,45.22023577180421,44.13831929461125,44.14789581298828,48800,0.0,0.0,0.0
2015-09-10 00:00:00-04:00,44.19576763640236,44.53087273359656,44.18619477035608,44.25321578979492,24500,0.0,0.0,0.0
2015-09-11 00:00:00-04:00,44.26279142683655,44.78938674926758,44.11917651292183,44.78938674926758,70800,0.0,0.0,0.0
2015-09-14 00:00:00-04:00,44.808542193548696,44.808542193548696,44.46386050975356,44.607479095458984,41400,0.0,0.0,0.0
2015-09-15 00:00:00-04:00,44.73195258721348,45.10535656304783,44.444715388227635,45.02875900268555,39900,0.0,0.0,0.0
2015-09-16 00:00:00-04:00,45.3159877895874,45.67024230957031,45.124497576601065,45.67024230957031,27500,0.0,0.0,0.0
2015-09-17 00:00:00-04:00,45.61278752612621,46.139382796088064,45.53619364347777,45.62236404418945,37600,0.0,0.0,0.0
2015-09-18 00:00:00-04:00,45.29085429211777,45.48248122939053,44.8501148948763,44.86927795410156,48500,0.034,0.0,0.0
2015-09-21 00:00:00-04:00,45.233366378362334,45.49206220266212,44.850116148087785,45.012996673583984,19900,0.0,0.0,0.0
2015-09-22 00:00:00-04:00,45.01300795980329,45.01300795980329,44.3327356151412,44.58184814453125,35100,0.0,0.0,0.0
2015-09-23 00:00:00-04:00,44.64890815394822,44.72556039694973,44.40937537703867,44.4381217956543,41300,0.0,0.0,0.0
2015-09-24 00:00:00-04:00,44.33272057862171,44.33272057862171,43.72909704197445,44.26565170288086,21300,0.0,0.0,0.0
2015-09-25 00:00:00-04:00,44.70639860493673,44.984257511232485,44.27523886326749,44.54351806640625,20300,0.0,0.0,0.0
2015-09-28 00:00:00-04:00,44.265633160635176,44.265633160635176,42.9338322502542,42.95299530029297,20200,0.0,0.0,0.0
2015-09-29 00:00:00-04:00,42.95301406430375,42.97217346773423,42.397296335348486,42.560176849365234,12700,0.0,0.0,0.0
2015-09-30 00:00:00-04:00,43.115899096212786,43.499152994615585,42.8955293838742,43.4608268737793,99900,0.0,0.0,0.0
2015-10-01 00:00:00-04:00,43.345844001954156,43.62369918823242,43.05840180480247,43.62369918823242,11700,0.0,0.0,0.0
2015-10-02 00:00:00-04:00,43.17339905905489,43.9973889329278,42.790145064943,43.97822952270508,43800,0.0,0.0,0.0
2015-10-05 00:00:00-04:00,44.49559591484336,44.82136055411781,44.323132067287524,44.79261779785156,137600,0.0,0.0,0.0
2015-10-06 00:00:00-04:00,44.86927723871304,44.86927723871304,43.87282010476591,43.968631744384766,30700,0.0,0.0,0.0
2015-10-07 00:00:00-04:00,44.24649598916009,44.24649598916009,43.748267361685976,44.18900680541992,88100,0.0,0.0,0.0
2015-10-08 00:00:00-04:00,44.438123893579956,44.61058779349527,44.074033032094256,44.533935546875,25100,0.0,0.0,0.0
2015-10-09 00:00:00-04:00,44.56267124915935,44.81178735621269,44.553091547340244,44.725555419921875,377500,0.0,0.0,0.0
2015-10-12 00:00:00-04:00,44.85011066882354,45.70284662160849,44.7063895656663,45.07048034667969,317700,0.0,0.0,0.0
2015-10-13 00:00:00-04:00,44.98426420647577,45.08965923179033,44.48603550361292,44.553104400634766,549800,0.0,0.0,0.0
2015-10-14 00:00:00-04:00,44.610586605811775,44.639329370039,43.70994100690328,43.75784683227539,50300,0.0,0.0,0.0
2015-10-15 00:00:00-04:00,43.98780206860723,44.55309960767806,43.81533816482424,44.524356842041016,115200,0.0,0.0,0.0
2015-10-16 00:00:00-04:00,44.56268081990011,44.79263391772262,44.4477060984791,44.744728088378906,46200,0.0,0.0,0.0
2015-10-19 00:00:00-04:00,44.725549429920676,45.31958954759898,44.725549429920676,45.26210403442383,39200,0.0,0.0,0.0
2015-10-20 00:00:00-04:00,45.27168810433112,45.4154092110986,44.96508648787475,45.137550354003906,101900,0.0,0.0,0.0
2015-10-21 00:00:00-04:00,45.17587902027485,45.17587902027485,44.677650451660156,44.677650451660156,38300,0.0,0.0,0.0
2015-10-22 00:00:00-04:00,44.90760575833619,45.67410994360608,44.78305134102876,45.08965301513672,25000,0.0,0.0,0.0
2015-10-23 00:00:00-04:00,44.965104244963406,44.965104244963406,43.90157786883154,44.24650573730469,58300,0.0,0.0,0.0
2015-10-26 00:00:00-04:00,44.2943957384678,44.773461238976836,44.265652978030765,44.725555419921875,204800,0.0,0.0,0.0
2015-10-27 00:00:00-04:00,44.792629282086,44.792629282086,44.13152013360848,44.4381217956543,36900,0.0,0.0,0.0
2015-10-28 00:00:00-04:00,44.64890276233999,44.926761627197266,44.29439531871707,44.926761627197266,96600,0.0,0.0,0.0
2015-10-29 00:00:00-04:00,44.687230153661694,44.85969402952754,44.495603218812995,44.677650451660156,93700,0.0,0.0,0.0
2015-10-30 00:00:00-04:00,44.917185196318165,44.99383378066533,44.696815490722656,44.696815490722656,28400,0.0,0.0,0.0
2015-11-02 00:00:00-05:00,44.715982916247576,45.08007380839815,44.51477623439355,44.85012435913086,50000,0.0,0.0,0.0
2015-11-03 00:00:00-05:00,44.90760167239,45.17588085406011,44.763884206654524,45.012996673583984,71500,0.0,0.0,0.0
2015-11-04 00:00:00-05:00,45.118402384852615,45.118402384852615,44.64891644671967,44.70640563964844,105900,0.0,0.0,0.0
2015-11-05 00:00:00-05:00,45.00342521030258,45.00342521030258,44.57226542420067,44.85012435913086,61200,0.0,0.0,0.0
2015-11-06 00:00:00-05:00,44.72556290954251,44.99383846515876,44.57226206990747,44.68723678588867,81900,0.0,0.0,0.0
2015-11-09 00:00:00-05:00,44.8309548652055,44.8309548652055,43.748265703182064,43.9303092956543,25600,0.0,0.0,0.0
2015-11-10 00:00:00-05:00,43.77700941769725,44.284821395067766,43.76742971471901,44.275238037109375,44500,0.0,0.0,0.0
2015-11-11 00:00:00-05:00,44.409375152039054,44.409375152039054,43.671617419277986,43.69077682495117,20200,0.0,0.0,0.0
2015-11-12 00:00:00-05:00,43.384168265841495,43.58537854321606,43.230867459971996,43.250030517578125,36900,0.0,0.0,0.0
2015-11-13 00:00:00-05:00,42.87636038834418,42.87636038834418,42.0044613624005,42.023624420166016,40000,0.0,0.0,0.0
2015-11-16 00:00:00-05:00,41.77450247188811,42.32063674926758,41.65952779638166,42.32063674926758,40000,0.0,0.0,0.0
2015-11-17 00:00:00-05:00,42.35897077609404,42.5505977077382,41.994883626447816,42.081111907958984,24300,0.0,0.0,0.0
2015-11-18 00:00:00-05:00,42.1577662471695,42.81887535661644,42.10986042561188,42.809295654296875,111500,0.0,0.0,0.0
2015-11-19 00:00:00-05:00,42.81886451402994,43.173375544742896,42.81886451402994,43.03923416137695,45800,0.0,0.0,0.0
2015-11-20 00:00:00-05:00,43.45123759980502,43.748259513374,43.45123759980502,43.71951675415039,17700,0.0,0.0,0.0
2015-11-23 00:00:00-05:00,43.805757592592066,44.03570702308918,43.70994228406802,43.824920654296875,52900,0.0,0.0,0.0
2015-11-24 00:00:00-05:00,43.470412871268444,43.8345037619756,43.27878589431834,43.70994567871094,20800,0.0,0.0,0.0
2015-11-25 00:00:00-05:00,43.757839082094264,44.08360375389898,43.757839082094264,44.03569793701172,10100,0.0,0.0,0.0
2015-11-27 00:00:00-05:00,44.01654152534184,44.064451004442525,43.95905599838918,44.006961822509766,3600,0.0,0.0,0.0
2015-11-30 00:00:00-05:00,43.652452837245136,43.73868477968952,43.39375700991198,43.43208312988281,19800,0.0,0.0,0.0
2015-12-01 00:00:00-05:00,43.662024363712916,43.93029984331224,43.5566293810191,43.91114044189453,9100,0.0,0.0,0.0
2015-12-02 00:00:00-05:00,44.06444476995219,44.15067670316069,43.757839498004515,43.83449172973633,35400,0.0,0.0,0.0
2015-12-03 00:00:00-05:00,43.93988071993568,43.93988071993568,42.57933303234487,42.790122985839844,31100,0.0,0.0,0.0
2015-12-04 00:00:00-05:00,42.84761785919059,43.844071283489775,42.84761785919059,43.796165466308594,15000,0.0,0.0,0.0
2015-12-07 00:00:00-05:00,43.872822374676915,43.93030789943053,43.61412654834575,43.74826431274414,43100,0.0,0.0,0.0
2015-12-08 00:00:00-05:00,43.441662932618144,43.920728468418964,43.326688227420334,43.86323928833008,40300,0.0,0.0,0.0
2015-12-09 00:00:00-05:00,43.88240354471213,44.06445079246674,43.09673633697778,43.22129440307617,45100,0.0,0.0,0.0
2015-12-10 00:00:00-05:00,43.393754609303876,43.55663512769916,43.22129073395607,43.25961685180664,49700,0.0,0.0,0.0
2015-12-11 00:00:00-05:00,42.780556347923564,42.89553105994482,42.263164661357585,42.301490783691406,27800,0.0,0.0,0.0
2015-12-14 00:00:00-05:00,42.50269090143818,42.59850253754515,41.87990430180392,42.40687561035156,43500,0.0,0.0,0.0
2015-12-15 00:00:00-05:00,42.68473617910089,42.83803699599071,42.57934118218043,42.66557312011719,47000,0.0,0.0,0.0
2015-12-16 00:00:00-05:00,43.067992579447676,43.28836228823926,42.6272531618645,43.230873107910156,49100,0.0,0.0,0.0
2015-12-17 00:00:00-05:00,43.29794190251603,43.29794190251603,42.4835319519043,42.4835319519043,18800,0.0,0.0,0.0
2015-12-18 00:00:00-05:00,42.332005870371134,42.43750080801354,41.881256103515625,41.881256103515625,13600,0.042,0.0,0.0
2015-12-21 00:00:00-05:00,42.13061048625831,42.26487544670943,41.91003181431064,42.1497917175293,36500,0.0,0.0,0.0
2015-12-22 00:00:00-05:00,42.399132365704816,42.523808516097155,41.96756389007372,42.42790603637695,72600,0.0,0.0,0.0
2015-12-23 00:00:00-05:00,42.638883535095644,42.638883535095644,42.44707495629421,42.600521087646484,25100,0.0,0.0,0.0
2015-12-24 00:00:00-05:00,42.48544844997619,42.60053216380111,42.37995352128446,42.49504089355469,6000,0.0,0.0,0.0
2015-12-28 00:00:00-05:00,42.30323176976141,42.542991638183594,42.11142314333461,42.542991638183594,36800,0.0,0.0,0.0
2015-12-29 00:00:00-05:00,42.80193281887092,43.10882515837638,42.80193281887092,43.00333023071289,38000,0.0,0.0,0.0
2015-12-30 00:00:00-05:00,43.13759699807256,43.13759699807256,42.63889601065349,42.658077239990234,36100,0.0,0.0,0.0
2015-12-31 00:00:00-05:00,42.542991581661106,42.619712837062735,42.23609924316406,42.23609924316406,101800,0.0,0.0,0.0
2016-01-04 00:00:00-05:00,41.40173486206434,41.40173486206434,40.75918013134172,40.95098876953125,98900,0.0,0.0,0.0
2016-01-05 00:00:00-05:00,40.97018283905161,41.01813409901531,40.68246796237613,40.80714416503906,152100,0.0,0.0,0.0
2016-01-06 00:00:00-05:00,40.19333985396108,40.57695706537337,39.98235002183983,40.394737243652344,52000,0.0,0.0,0.0
2016-01-07 00:00:00-05:00,39.65628201417759,40.212526682371205,39.38775212384708,39.512428283691406,219300,0.0,0.0,0.0
2016-01-08 00:00:00-05:00,39.83849684965579,39.91521809790792,38.91781991996076,38.99454116821289,88800,0.0,0.0,0.0
2016-01-11 00:00:00-05:00,39.13839911530841,39.37815896459944,38.64928697402552,39.253482818603516,342900,0.0,0.0,0.0
2016-01-12 00:00:00-05:00,39.59875569774713,39.86728568106508,39.27268200724107,39.80974197387695,209300,0.0,0.0,0.0
2016-01-13 00:00:00-05:00,39.88646078137195,39.88646078137195,38.10264637584353,38.2081413269043,125400,0.0,0.0,0.0
2016-01-14 00:00:00-05:00,38.25609307245535,38.850696662476,37.52722450969902,38.46708297729492,101900,0.0,0.0,0.0
2016-01-15 00:00:00-05:00,37.48885585356931,37.90124314941992,37.153193477153934,37.709434509277344,59100,0.0,0.0,0.0
2016-01-19 00:00:00-05:00,38.16977162588551,38.39994271715469,37.5176244688091,37.93001174926758,161300,0.0,0.0,0.0
2016-01-20 00:00:00-05:00,37.3737759151455,38.208139376992236,36.43391750762183,37.862884521484375,79000,0.0,0.0,0.0
2016-01-21 00:00:00-05:00,37.94919016056788,38.4862535613538,37.613527821604876,38.21772003173828,42800,0.0,0.0,0.0
2016-01-22 00:00:00-05:00,38.73559771452879,38.95617632005547,38.57256278548742,38.927406311035156,36400,0.0,0.0,0.0
2016-01-25 00:00:00-05:00,38.831510949632495,38.975364679509404,38.39994244311106,38.43830490112305,15800,0.0,0.0,0.0
2016-01-26 00:00:00-05:00,38.55338155999232,38.927406311035156,38.515019109002104,38.927406311035156,16100,0.0,0.0,0.0
2016-01-27 00:00:00-05:00,38.831518587656426,39.04250483133189,38.04510267750691,38.2081413269043,30000,0.0,0.0,0.0
2016-01-28 00:00:00-05:00,38.687671703375294,38.687671703375294,37.7765830197973,38.304054260253906,32900,0.0,0.0,0.0
2016-01-29 00:00:00-05:00,38.16977284703358,38.98495864868164,38.150591617277044,38.98495864868164,32900,0.0,0.0,0.0
2016-02-01 00:00:00-05:00,38.745194944751624,39.282254691207356,38.697240045865094,39.21512222290039,24600,0.0,0.0,0.0
2016-02-02 00:00:00-05:00,38.8602900778374,39.1384124759844,37.9492016078243,38.14101028442383,52900,0.0,0.0,0.0
2016-02-03 00:00:00-05:00,38.39994657161236,38.39994657161236,37.20114706819124,37.77656936645508,91300,0.0,0.0,0.0
2016-02-04 00:00:00-05:00,37.613514391227866,37.64228439331055,37.24907851159079,37.64228439331055,40100,0.0,0.0,0.0
2016-02-05 00:00:00-05:00,37.45049013428073,37.46967136247006,35.96397970483652,36.079063415527344,69100,0.0,0.0,0.0
2016-02-08 00:00:00-05:00,35.49404042901777,35.49404042901777,34.55418241901843,35.129608154296875,141300,0.0,0.0,0.0
2016-02-09 00:00:00-05:00,34.69805019101917,35.762584645556764,34.678868961569925,35.455692291259766,58500,0.0,0.0,0.0
2016-02-10 00:00:00-05:00,35.74339116723257,36.472259344301314,35.74339116723257,35.93519973754883,73900,0.0,0.0,0.0
2016-02-11 00:00:00-05:00,35.609142737735546,36.32842246531508,35.46528532884128,36.09825134277344,77500,0.0,0.0,0.0
2016-02-12 00:00:00-05:00,36.424317958105846,36.66407782117272,36.09824439799709,36.58735656738281,48200,0.0,0.0,0.0
2016-02-16 00:00:00-05:00,37.07647038293096,37.51762771606445,36.9230241949521,37.51762771606445,76000,0.0,0.0,0.0
2016-02-17 00:00:00-05:00,37.86288836523132,38.53421691259867,37.86288836523132,38.39995193481445,44100,0.0,0.0,0.0
2016-02-18 00:00:00-05:00,38.21772875162764,38.447899878322566,38.11223746277366,38.198551177978516,30800,0.0,0.0,0.0
2016-02-19 00:00:00-05:00,38.054686162355964,38.591749578363505,37.88205876644086,38.582157135009766,31300,0.0,0.0,0.0
2016-02-22 00:00:00-05:00,38.869872227928056,39.32062199219976,38.869872227928056,39.27267074584961,47400,0.0,0.0,0.0
2016-02-23 00:00:00-05:00,39.263082037891614,39.358988198164184,39.004140892824566,39.042503356933594,18900,0.0,0.0,0.0
2016-02-24 00:00:00-05:00,38.6780545358725,39.44528520075826,38.40952105932919,39.41651153564453,78500,0.0,0.0,0.0
2016-02-25 00:00:00-05:00,39.704230478492306,40.1933389363541,39.464470641444514,40.18375015258789,43200,0.0,0.0,0.0
2016-02-26 00:00:00-05:00,40.30842770674934,40.30842770674934,39.809726743913046,39.963172912597656,16800,0.0,0.0,0.0
2016-02-29 00:00:00-05:00,39.8480888310848,40.32760856108208,39.8480888310848,39.85768127441406,24700,0.0,0.0,0.0
2016-03-01 00:00:00-05:00,40.13579737253915,40.835899353027344,40.13579737253915,40.835899353027344,16900,0.0,0.0,0.0
2016-03-02 00:00:00-05:00,40.787947181160206,40.855079650878906,40.50023607401645,40.855079650878906,30300,0.0,0.0,0.0
2016-03-03 00:00:00-05:00,40.826311610704145,41.06607148798498,40.576962948048056,41.04689025878906,27000,0.0,0.0,0.0
2016-03-04 00:00:00-05:00,41.142794945434915,41.142794945434915,40.85508017614684,40.960575103759766,9500,0.0,0.0,0.0
2016-03-07 00:00:00-05:00,40.720818136449275,40.835905515742894,40.42351821938791,40.59614562988281,36500,0.0,0.0,0.0
2016-03-08 00:00:00-05:00,40.19333839276109,40.701628069725736,40.18374960912456,40.30842208862305,30500,0.0,0.0,0.0
2016-03-09 00:00:00-05:00,40.44268808946614,40.519412994384766,40.279653154181304,40.519412994384766,38300,0.0,0.0,0.0
2016-03-10 00:00:00-05:00,40.85508258372567,40.85508258372567,40.135802935009046,40.64409637451172,112500,0.0,0.0,0.0
2016-03-11 00:00:00-05:00,40.9509945240802,41.30583817660489,40.9509945240802,41.29624938964844,24200,0.0,0.0,0.0
2016-03-14 00:00:00-04:00,41.18115626423308,41.48804862237271,41.18115626423308,41.41132736206055,17800,0.0,0.0,0.0
2016-03-15 00:00:00-04:00,41.16197223104149,41.382554528223345,41.10443220433773,41.31542205810547,26500,0.0,0.0,0.0
2016-03-16 00:00:00-04:00,41.33459962219632,41.69903564453125,41.238697138740136,41.69903564453125,13500,0.0,0.0,0.0
2016-03-17 00:00:00-04:00,41.59354731633843,41.708634704878364,41.42091989197435,41.64149856567383,44300,0.0,0.0,0.0
2016-03-18 00:00:00-04:00,41.766171433762025,42.044293779710436,41.68945017258915,41.74699020385742,28400,0.0,0.0,0.0
2016-03-21 00:00:00-04:00,41.679853052506544,41.7757591912702,41.58395057218801,41.68944549560547,12800,0.0,0.0,0.0
2016-03-22 00:00:00-04:00,41.334609119028,41.641501526732135,41.27706907911228,41.583961486816406,22200,0.0,0.0,0.0
2016-03-23 00:00:00-04:00,41.42092335228306,41.56478077075293,41.28665837954911,41.382564544677734,106600,0.0,0.0,0.0
2016-03-24 00:00:00-04:00,41.11401655810815,41.19074146337086,40.98934407472351,41.13319778442383,15900,0.0,0.0,0.0
2016-03-28 00:00:00-04:00,41.20033654541105,41.33460149170041,41.1619740869154,41.277061462402344,78300,0.0,0.0,0.0
2016-03-29 00:00:00-04:00,41.190750680208176,41.910030364990234,41.190750680208176,41.910030364990234,32900,0.0,0.0,0.0
2016-03-30 00:00:00-04:00,43.05128418093519,43.05128418093519,41.94839090972427,42.178558349609375,13300,0.0,0.0,0.0
2016-03-31 00:00:00-04:00,42.178566416146445,42.27447258314495,42.03471265331798,42.053890228271484,16900,0.0,0.0,0.0
2016-04-01 00:00:00-04:00,41.871660812505176,42.025106972933635,41.72780343653379,42.01551818847656,10200,0.0,0.0,0.0
2016-04-04 00:00:00-04:00,41.871665829726936,41.91961707464809,41.38255727801847,41.4880485534668,1327500,0.0,0.0,0.0
2016-04-05 00:00:00-04:00,41.21951446000093,41.478455546355754,41.12361197991919,41.22910690307617,463400,0.0,0.0,0.0
2016-04-06 00:00:00-04:00,41.21953143997699,41.59355638819478,41.07567766059525,41.57437515258789,1325500,0.0,0.0,0.0
2016-04-07 00:00:00-04:00,41.26747752736304,41.38256492657948,40.692055165065476,40.874271392822266,87500,0.0,0.0,0.0
2016-04-08 00:00:00-04:00,41.13321255339002,41.13321255339002,40.78795767263301,40.874271392822266,92900,0.0,0.0,0.0
2016-04-11 00:00:00-04:00,41.03729660905261,41.229105219830295,40.5865469224918,40.60572814941406,77800,0.0,0.0,0.0
2016-04-12 00:00:00-04:00,40.60573066217967,40.95098545125558,40.45228449575095,40.90303421020508,46700,0.0,0.0,0.0
2016-04-13 00:00:00-04:00,41.13321258765904,41.622324888621,41.13321258765904,41.564781188964844,17200,0.0,0.0,0.0
2016-04-14 00:00:00-04:00,41.651093972348804,41.73740769066847,41.363382797431946,41.583961486816406,15900,0.0,0.0,0.0
2016-04-15 00:00:00-04:00,41.401740595109096,41.68945542145701,41.401740595109096,41.67986297607422,13800,0.0,0.0,0.0
2016-04-18 00:00:00-04:00,41.62232208361392,41.967573282945274,41.612729638427936,41.92921447753906,8000,0.0,0.0,0.0
2016-04-19 00:00:00-04:00,42.04428663535123,42.063467861996465,41.79493800585294,41.85247802734375,18600,0.0,0.0,0.0
2016-04-20 00:00:00-04:00,42.063480889541346,42.063480889541346,41.68945600023165,41.862083435058594,7000,0.0,0.0,0.0
2016-04-21 00:00:00-04:00,41.85247272211815,41.85247272211815,41.507218003158215,41.53599166870117,12900,0.0,0.0,0.0
2016-04-22 00:00:00-04:00,41.57435693174571,41.57435693174571,41.075659658317704,41.24828338623047,29200,0.0,0.0,0.0
2016-04-25 00:00:00-04:00,41.18115389114076,41.34419250488281,41.14279509241788,41.34419250488281,41000,0.0,0.0,0.0
2016-04-26 00:00:00-04:00,41.42091709510858,41.5647744918469,41.305833372785266,41.54559326171875,10800,0.0,0.0,0.0
2016-04-27 00:00:00-04:00,41.516815185546875,41.59353643271899,41.26746290073655,41.516815185546875,13000,0.0,0.0,0.0
2016-04-28 00:00:00-04:00,41.16198214447246,41.44010453534093,40.787957247037134,40.84550094604492,13700,0.0,0.0,0.0
2016-04-29 00:00:00-04:00,40.682453629339115,40.682453629339115,40.28924758265451,40.481056213378906,14400,0.0,0.0,0.0
2016-05-02 00:00:00-04:00,40.615322669977495,41.066072420200165,40.58655265475323,41.0277099609375,30900,0.0,0.0,0.0
2016-05-03 00:00:00-04:00,40.59614419936371,40.88385532056839,40.59614419936371,40.66327667236328,63200,0.0,0.0,0.0
2016-05-04 00:00:00-04:00,40.58655403297701,40.58655403297701,40.413926618878456,40.500240325927734,22900,0.0,0.0,0.0
2016-05-05 00:00:00-04:00,40.21253059013967,40.27966306924609,39.97277069091797,39.97277069091797,26500,0.0,0.0,0.0
2016-05-06 00:00:00-04:00,39.7713666216221,40.10702896118164,39.541195547034754,40.10702896118164,28800,0.0,0.0,0.0
2016-05-09 00:00:00-04:00,40.202920564513114,40.586537698888534,40.202920564513114,40.44268035888672,9600,0.0,0.0,0.0
2016-05-10 00:00:00-04:00,40.48106096799111,40.701639638775866,40.461879736821246,40.615325927734375,10100,0.0,0.0,0.0
2016-05-11 00:00:00-04:00,40.30843737130982,40.37556985755255,39.84809875488281,39.84809875488281,11000,0.0,0.0,0.0
2016-05-12 00:00:00-04:00,40.01112781279836,40.145392753091734,39.80013795894005,39.963172912597656,5900,0.0,0.0,0.0
2016-05-13 00:00:00-04:00,39.80974063800023,40.13581431756439,39.646705627441406,39.646705627441406,6300,0.0,0.0,0.0
2016-05-16 00:00:00-04:00,39.64669179025544,40.087849067918036,39.64669179025544,39.963172912597656,7100,0.0,0.0,0.0
2016-05-17 00:00:00-04:00,39.98235411790572,39.991946561318414,39.35898065855418,39.42611312866211,33200,0.0,0.0,0.0
2016-05-18 00:00:00-04:00,39.311036946769036,39.39735066179033,39.04250335645506,39.19594955444336,17800,0.0,0.0,0.0
2016-05-19 00:00:00-04:00,38.98495902626759,39.32062140414426,38.898645320749935,39.243896484375,92500,0.0,0.0,0.0
2016-05-20 00:00:00-04:00,39.11922684946335,39.40693800283011,39.11922684946335,39.26308059692383,7400,0.0,0.0,0.0
2016-05-23 00:00:00-04:00,39.30143979355075,39.34939103871934,38.98495864868164,38.98495864868164,452200,0.0,0.0,0.0
2016-05-24 00:00:00-04:00,39.41653353351691,39.713837182651005,39.41653353351691,39.66588592529297,5500,0.0,0.0,0.0
2016-05-25 00:00:00-04:00,39.838515656694334,39.88646691679445,39.79056439659422,39.80974197387695,6700,0.0,0.0,0.0
2016-05-26 00:00:00-04:00,39.867279052734375,39.876871498227544,39.828916587653765,39.867279052734375,2200,0.0,0.0,0.0
2016-05-27 00:00:00-04:00,40.13580086325985,40.25088823519462,40.1262120781546,40.22211456298828,12400,0.0,0.0,0.0
2016-05-31 00:00:00-04:00,40.12621833027993,40.25089450674593,40.05908584874729,40.21253204345703,18000,0.0,0.0,0.0
2016-06-01 00:00:00-04:00,40.06866891331609,40.3467912447744,40.06866891331609,40.32761001586914,8900,0.0,0.0,0.0
2016-06-02 00:00:00-04:00,40.212522045974076,40.52900314331055,40.16457080800733,40.52900314331055,15300,0.0,0.0,0.0
2016-06-03 00:00:00-04:00,40.39474825641052,40.39474825641052,39.991953367214634,40.21253204345703,15700,0.0,0.0,0.0
2016-06-06 00:00:00-04:00,40.049487163531424,40.27006946385041,40.030309593320915,40.22211456298828,8800,0.0,0.0,0.0
2016-06-07 00:00:00-04:00,40.509832855124074,40.70163784146138,40.44269671977129,40.57696533203125,6300,0.0,0.0,0.0
2016-06-08 00:00:00-04:00,40.68244797579782,40.692040418145936,40.52900182423141,40.67285919189453,12300,0.0,0.0,0.0
2016-06-09 00:00:00-04:00,40.60573106322971,40.79753968777134,40.557779821705616,40.778358459472656,11300,0.0,0.0,0.0
2016-06-10 00:00:00-04:00,40.404328217211955,40.54818192242822,40.222108402115396,40.30842208862305,9300,0.0,0.0,0.0
2016-06-13 00:00:00-04:00,40.14539322591125,40.22211448193453,39.761775970458984,39.761775970458984,6000,0.0,0.0,0.0
2016-06-14 00:00:00-04:00,39.71382146945455,39.80972394622577,39.454880392038255,39.63710021972656,92700,0.0,0.0,0.0
2016-06-15 00:00:00-04:00,39.99195566928752,40.068676941835804,39.733014514850694,39.74260330200195,18000,0.0,0.0,0.0
2016-06-16 00:00:00-04:00,39.58916098676298,39.704248394557965,39.330219806893886,39.66588592529297,12100,0.0,0.0,0.0
2016-06-17 00:00:00-04:00,39.647559698061386,39.71505281944951,39.560782302262474,39.657203674316406,6500,0.221,0.0,0.0
2016-06-20 00:00:00-04:00,40.216418270353145,40.33212387467024,39.93680191040039,39.93680191040039,5900,0.0,0.0,0.0
2016-06-21 00:00:00-04:00,39.99466901242952,40.00431298861972,39.86932306865156,39.95610046386719,6700,0.0,0.0,0.0
2016-06-22 00:00:00-04:00,39.94645504874877,40.19714322609302,39.90788650512695,39.90788650512695,4300,0.0,0.0,0.0
2016-06-23 00:00:00-04:00,40.23570786053449,40.283916696328546,40.15857445888368,40.206783294677734,4000,0.0,0.0,0.0
2016-06-24 00:00:00-04:00,39.05939692728208,39.56077695995819,38.500167757284835,39.02083206176758,8800,0.0,0.0,0.0
2016-06-27 00:00:00-04:00,38.693009100679596,38.693009100679596,38.037358532617766,38.16270446777344,4300,0.0,0.0,0.0
2016-06-28 00:00:00-04:00,38.59658432865529,38.83763220216046,38.567659760826245,38.8183479309082,65900,0.0,0.0,0.0
2016-06-29 00:00:00-04:00,39.358305439795224,39.6572061950123,39.358305439795224,39.6089973449707,1700,0.0,0.0,0.0
2016-06-30 00:00:00-04:00,39.67647087749602,39.84038162231445,39.464347628344946,39.84038162231445,5100,0.0,0.0,0.0
2016-07-01 00:00:00-04:00,40.23571910648682,40.25500338181411,39.9657466081036,40.062164306640625,4300,0.0,0.0,0.0
2016-07-05 00:00:00-04:00,39.90788715724621,39.90788715724621,39.66683927281915,39.821109771728516,8000,0.0,0.0,0.0
2016-07-06 00:00:00-04:00,39.78253919523227,40.15857696533203,39.78253919523227,40.15857696533203,24800,0.0,0.0,0.0
2016-07-07 00:00:00-04:00,40.11036380291656,40.274278265927016,40.08143923572001,40.24535369873047,15300,0.0,0.0,0.0
2016-07-08 00:00:00-04:00,40.55389134967979,40.94920967403663,40.55389134967979,40.900997161865234,5300,0.0,0.0,0.0
2016-07-11 00:00:00-04:00,41.14204593207365,41.29632008952123,41.07455282723951,41.18061447143555,10900,0.0,0.0,0.0
2016-07-12 00:00:00-04:00,41.440945310056875,41.440945310056875,41.21918173274955,41.35416793823242,6300,0.0,0.0,0.0
2016-07-13 00:00:00-04:00,41.43131618795531,41.43131618795531,41.05528203467144,41.06492233276367,10700,0.0,0.0,0.0
2016-07-14 00:00:00-04:00,41.32524487810526,41.32524487810526,41.0070599437993,41.10348129272461,7000,0.0,0.0,0.0
2016-07-15 00:00:00-04:00,41.093826495961736,41.180603848090904,41.016693115234375,41.016693115234375,6600,0.0,0.0,0.0
2016-07-18 00:00:00-04:00,41.1034883519831,41.37346081914324,41.1034883519831,41.33489227294922,4500,0.0,0.0,0.0
2016-07-19 00:00:00-04:00,41.2191702309108,41.29630728571846,41.12275259049843,41.13239288330078,3600,0.0,0.0,0.0
2016-07-20 00:00:00-04:00,41.21919118821821,41.42167054289024,41.21919118821821,41.39274597167969,3800,0.0,0.0,0.0
2016-07-21 00:00:00-04:00,41.469865074369096,41.4891493412199,41.23846122835508,41.37344741821289,12400,0.0,0.0,0.0
2016-07-22 00:00:00-04:00,40.8720886023982,41.43132159531514,40.8720886023982,41.40239334106445,9300,0.0,0.0,0.0
2016-07-25 00:00:00-04:00,41.38309317304858,41.518083058815996,41.38309317304858,41.48915481567383,21900,0.0,0.0,0.0
2016-07-26 00:00:00-04:00,41.604861323830384,41.604861323830384,41.36381346836926,41.5470085144043,5400,0.0,0.0,0.0
2016-07-27 00:00:00-04:00,41.54701274675343,41.54701274675343,41.27704029812665,41.31560516357422,1300,0.0,0.0,0.0
2016-07-28 00:00:00-04:00,41.2095454766566,41.50844248149593,41.18061723114738,41.498802185058594,2400,0.0,0.0,0.0
2016-07-29 00:00:00-04:00,41.31560006921402,41.52772335446452,41.305959773565505,41.48915481567383,3100,0.0,0.0,0.0
2016-08-01 00:00:00-04:00,41.45059343722281,41.51808654672742,41.32524751467197,41.42166519165039,3300,0.0,0.0,0.0
2016-08-02 00:00:00-04:00,41.44095273404741,41.44095273404741,40.86243927031136,40.9877815246582,3800,0.0,0.0,0.0
2016-08-03 00:00:00-04:00,40.833509080259816,41.248111724853516,40.51532779376856,41.248111724853516,1600,0.0,0.0,0.0
2016-08-04 00:00:00-04:00,41.392740851693645,41.42166541932643,41.27703890306386,41.34453201293945,2700,0.0,0.0,0.0
2016-08-05 00:00:00-04:00,41.59521734987685,41.71091929063064,41.5470085144043,41.5470085144043,2700,0.0,0.0,0.0
2016-08-08 00:00:00-04:00,41.57594039298242,41.57594039298242,41.4409541586768,41.479522705078125,7900,0.0,0.0,0.0
2016-08-09 00:00:00-04:00,41.508445739746094,41.64343196905634,41.508445739746094,41.508445739746094,5800,0.0,0.0,0.0
2016-08-10 00:00:00-04:00,41.527722632638614,41.69163708060077,41.527722632638614,41.65306854248047,9100,0.0,0.0,0.0
2016-08-11 00:00:00-04:00,42.30871423502527,42.30871423502527,41.88446771945949,42.115875244140625,13400,0.0,0.0,0.0
2016-08-12 00:00:00-04:00,41.768778347929995,42.01947021484375,41.768778347929995,42.01947021484375,5200,0.0,0.0,0.0
2016-08-15 00:00:00-04:00,42.09659957885742,42.26051404193632,42.09659957885742,42.09659957885742,15700,0.0,0.0,0.0
2016-08-16 00:00:00-04:00,41.88447591864653,41.88447591864653,41.55665067339784,41.58557891845703,2900,0.0,0.0,0.0
2016-08-17 00:00:00-04:00,41.49879945717607,41.624141693115234,41.38309383894218,41.624141693115234,2600,0.0,0.0,0.0
2016-08-18 00:00:00-04:00,41.69163276417292,41.961605146867704,41.67234849710932,41.88446807861328,2800,0.0,0.0,0.0
2016-08-19 00:00:00-04:00,41.86517896302052,41.990524845368355,41.86517896302052,41.98088455200195,2100,0.0,0.0,0.0
2016-08-22 00:00:00-04:00,41.85554385932539,41.99053005177658,41.81697532488279,41.951961517333984,5200,0.0,0.0,0.0
2016-08-23 00:00:00-04:00,42.067677615880854,42.25087268304061,42.067677615880854,42.19301986694336,5900,0.0,0.0,0.0
2016-08-24 00:00:00-04:00,42.125522170452555,42.125522170452555,41.81698120770199,41.91340255737305,7700,0.0,0.0,0.0
2016-08-25 00:00:00-04:00,41.80734448310448,41.894121866172036,41.73020739677833,41.768775939941406,3700,0.0,0.0,0.0
2016-08-26 00:00:00-04:00,41.76877120475888,41.80733974354957,41.33488433860937,41.48915481567383,3800,0.0,0.0,0.0
2016-08-29 00:00:00-04:00,41.498806088432254,41.75913825391044,41.498806088432254,41.6434326171875,7300,0.0,0.0,0.0
2016-08-30 00:00:00-04:00,41.68200271808246,42.24123561548035,41.363821400469135,41.39274597167969,9900,0.0,0.0,0.0
2016-08-31 00:00:00-04:00,41.32524337365702,41.40237677189084,41.093835822759054,41.35416793823242,8900,0.0,0.0,0.0
2016-09-01 00:00:00-04:00,41.44094937213875,41.498802185058594,41.27703858601378,41.498802185058594,3400,0.0,0.0,0.0
2016-09-02 00:00:00-04:00,41.402395731412824,41.82664248931929,41.33490259776406,41.79771423339844,9600,0.0,0.0,0.0
2016-09-06 00:00:00-04:00,41.76877933370246,41.77842330932617,41.624149124138924,41.77842330932617,3900,0.0,0.0,0.0
2016-09-07 00:00:00-04:00,41.73021306189346,41.807350158691406,41.643435667045374,41.807350158691406,2600,0.0,0.0,0.0
2016-09-08 00:00:00-04:00,41.46987303648463,41.46987303648463,41.21918487548828,41.21918487548828,1300,0.0,0.0,0.0
2016-09-09 00:00:00-04:00,40.872080151334615,40.88172412679068,40.31285095214844,40.31285095214844,3700,0.0,0.0,0.0
2016-09-12 00:00:00-04:00,40.29357136668508,40.9588623046875,40.29357136668508,40.9588623046875,2400,0.0,0.0,0.0
2016-09-13 00:00:00-04:00,40.60209906101152,40.640667598442825,40.38033548792881,40.553890228271484,21700,0.0,0.0,0.0
2016-09-14 00:00:00-04:00,40.46711293953514,40.708160781818584,40.40926013327177,40.47675323486328,9300,0.0,0.0,0.0
2016-09-15 00:00:00-04:00,40.44783251519491,40.93956854182759,40.44783251519491,40.920284271240234,3800,0.0,0.0,0.0
2016-09-16 00:00:00-04:00,40.70210300319374,40.760029523233186,40.6441764831543,40.6441764831543,2800,0.054,0.0,0.0
2016-09-19 00:00:00-04:00,40.4607480272064,41.00138449922052,40.4607480272064,40.6441764831543,4500,0.0,0.0,0.0
2016-09-20 00:00:00-04:00,40.62486867129722,40.76002685977269,40.509015638788746,40.663482666015625,3500,0.0,0.0,0.0
2016-09-21 00:00:00-04:00,40.77934009096818,40.9627685546875,40.470402320453545,40.9627685546875,3800,0.0,0.0,0.0
2016-09-22 00:00:00-04:00,40.97241411916908,41.319965829059925,40.97241411916908,41.26204299926758,10700,0.0,0.0,0.0
2016-09-23 00:00:00-04:00,41.11723246425548,41.28135207463302,41.09792362489614,41.23308181762695,16000,0.0,0.0,0.0
2016-09-26 00:00:00-04:00,40.94346296144695,41.03035091068686,40.85657501220703,40.85657501220703,6900,0.0,0.0,0.0
2016-09-27 00:00:00-04:00,41.204114731599915,41.204114731599915,40.91448954662221,41.13653564453125,7200,0.0,0.0,0.0
2016-09-28 00:00:00-04:00,41.18481702387374,41.18481702387374,40.89519176063338,41.00138854980469,2300,0.0,0.0,0.0
2016-09-29 00:00:00-04:00,41.31996751268477,41.33927635099704,40.615211486816406,40.615211486816406,21200,0.0,0.0,0.0
2016-09-30 00:00:00-04:00,40.69244869645619,40.90483856201172,40.65383101806991,40.90483856201172,4600,0.0,0.0,0.0
2016-10-03 00:00:00-04:00,40.59590415471971,40.80829770125072,40.59590415471971,40.76968002319336,2900,0.0,0.0,0.0
2016-10-04 00:00:00-04:00,40.76967943775618,40.8179496932425,40.634521249280716,40.663482666015625,2800,0.0,0.0,0.0
2016-10-05 00:00:00-04:00,40.82761210523113,40.85657352632946,40.70210647583008,40.70210647583008,8500,0.0,0.0,0.0
2016-10-06 00:00:00-04:00,40.60555800414259,40.76002502441406,40.60555800414259,40.76002502441406,400,0.0,0.0,0.0
2016-10-07 00:00:00-04:00,40.7020963938995,40.7020963938995,40.38350979237702,40.499359130859375,4300,0.0,0.0,0.0
2016-10-10 00:00:00-04:00,40.692461218390164,40.692461218390164,40.56695556640625,40.56695556640625,2300,0.0,0.0,0.0
2016-10-11 00:00:00-04:00,40.142171152820794,40.142171152820794,39.88150727332105,39.9683952331543,4100,0.0,0.0,0.0
2016-10-12 00:00:00-04:00,39.9780341684313,40.15181002878295,39.9780341684313,40.0938835144043,9600,0.0,0.0,0.0
2016-10-13 00:00:00-04:00,39.64014352421673,40.03596554693334,39.64014352421673,39.94907760620117,5500,0.0,0.0,0.0
2016-10-14 00:00:00-04:00,40.22903983723187,40.28696634893044,39.978032318773,39.99734115600586,900,0.0,0.0,0.0
2016-10-17 00:00:00-04:00,40.026304874420454,40.026304874420454,39.84287643432617,39.84287643432617,1800,0.0,0.0,0.0
2016-10-18 00:00:00-04:00,39.833214127136195,40.26765371697464,39.833214127136195,40.19042205810547,5900,0.0,0.0,0.0
2016-10-19 00:00:00-04:00,39.881491281408415,40.277313232421875,39.881491281408415,40.277313232421875,4000,0.0,0.0,0.0
2016-10-20 00:00:00-04:00,40.17112350463867,40.335243123482556,40.14216208549792,40.17112350463867,2000,0.0,0.0,0.0
2016-10-21 00:00:00-04:00,39.920120196909814,40.122861219543935,39.920120196909814,40.11320495605469,1800,0.0,0.0,0.0
2016-10-24 00:00:00-04:00,40.38351924324385,40.43178950534275,40.32559271905423,40.40282440185547,3300,0.0,0.0,0.0
2016-10-25 00:00:00-04:00,40.093890133021276,40.093890133021276,39.87184398209133,39.881500244140625,1300,0.0,0.0,0.0
2016-10-26 00:00:00-04:00,39.6884065049579,39.84287351762011,39.649788831096316,39.69805908203125,2900,0.0,0.0,0.0
2016-10-27 00:00:00-04:00,39.572553065897345,39.572553065897345,38.92571998548103,38.954681396484375,3900,0.0,0.0,0.0
2016-10-28 00:00:00-04:00,39.03192543723483,39.205701307560545,38.92572866283751,39.00296401977539,2400,0.0,0.0,0.0
2016-10-31 00:00:00-04:00,38.99329934508947,39.12845750778284,38.99329934508947,39.118804931640625,2700,0.0,0.0,0.0
2016-11-01 00:00:00-04:00,38.993310660966074,38.993310660966074,38.616797474832026,38.76161193847656,24100,0.0,0.0,0.0
2016-11-02 00:00:00-04:00,38.587843097402164,38.92573866385813,38.587843097402164,38.65542221069336,14100,0.0,0.0,0.0
2016-11-03 00:00:00-04:00,38.47198186373832,38.88711271883403,38.47198186373832,38.549217224121094,11800,0.0,0.0,0.0
2016-11-04 00:00:00-04:00,38.36578369140625,38.68437030387291,38.336818593702596,38.36578369140625,4600,0.0,0.0,0.0
2016-11-07 00:00:00-05:00,38.90643099583626,39.03193664550781,38.82919929950532,39.03193664550781,14800,0.0,0.0,0.0
2016-11-08 00:00:00-05:00,38.98365907599446,39.408442533245854,38.98365907599446,39.360172271728516,9900,0.0,0.0,0.0
2016-11-09 00:00:00-05:00,38.00858462053654,39.54360257801378,38.00858462053654,39.45671463012695,44100,0.0,0.0,0.0
2016-11-10 00:00:00-05:00,39.669101693731015,39.82356872206887,39.128465253156286,39.28293228149414,15800,0.0,0.0,0.0
2016-11-11 00:00:00-05:00,39.33120474033111,39.51463317871094,39.33120474033111,39.51463317871094,2400,0.0,0.0,0.0
2016-11-14 00:00:00-05:00,39.86219084109165,39.86219084109165,39.582218170166016,39.582218170166016,1600,0.0,0.0,0.0
2016-11-15 00:00:00-05:00,39.678757290461334,39.78495407104492,39.678757290461334,39.78495407104492,600,0.0,0.0,0.0
2016-11-16 00:00:00-05:00,40.06493468696484,40.11320495605469,39.978046729488916,40.11320495605469,4300,0.0,0.0,0.0
2016-11-17 00:00:00-05:00,40.40282140279113,40.67314147949219,40.33524230431203,40.67314147949219,9400,0.0,0.0,0.0
2016-11-18 00:00:00-05:00,40.61522226102074,40.61522226102074,40.46075519633065,40.53799057006836,2700,0.0,0.0,0.0
2016-11-21 00:00:00-05:00,40.61521034889728,40.78898620605469,40.61521034889728,40.78898620605469,1700,0.0,0.0,0.0
2016-11-22 00:00:00-05:00,40.79864624249836,41.36824417114258,40.79864624249836,41.36824417114258,4600,0.0,0.0,0.0
2016-11-23 00:00:00-05:00,41.56131479196262,41.580623626708984,41.53235338123491,41.580623626708984,5400,0.0,0.0,0.0
2016-11-25 00:00:00-05:00,41.580623626708984,41.580623626708984,41.580623626708984,41.580623626708984,0,0.0,0.0,0.0
2016-11-28 00:00:00-05:00,41.70614127202933,41.70614127202933,41.484095132408896,41.49374771118164,2400,0.0,0.0,0.0
2016-11-29 00:00:00-05:00,41.69647717608063,41.97644978408739,41.69647717608063,41.908870697021484,6800,0.0,0.0,0.0
2016-11-30 00:00:00-05:00,41.76406434941151,41.83164713234668,41.464786529541016,41.464786529541016,195800,0.0,0.0,0.0
2016-12-01 00:00:00-05:00,41.37790011149758,41.58063741940879,41.02069575716094,41.040000915527344,9700,0.0,0.0,0.0
2016-12-02 00:00:00-05:00,40.97241973876953,41.19446587659153,40.97241973876953,40.97241973876953,11600,0.0,0.0,0.0
2016-12-05 00:00:00-05:00,41.44547155731065,41.48408923247882,41.40685388214247,41.42616271972656,6300,0.0,0.0,0.0
2016-12-06 00:00:00-05:00,41.42616562138952,41.570980072021484,41.37789536544035,41.570980072021484,1800,0.0,0.0,0.0
2016-12-07 00:00:00-05:00,41.570980779376285,42.22746658325195,41.55167194011117,42.22746658325195,9800,0.0,0.0,0.0
2016-12-08 00:00:00-05:00,42.179192643696915,42.3722773535635,42.12126980868611,42.22746658325195,4000,0.0,0.0,0.0
2016-12-09 00:00:00-05:00,42.1019637247225,42.179195404052734,42.01507578373551,42.179195404052734,3400,0.0,0.0,0.0
2016-12-12 00:00:00-05:00,41.83164514813873,41.83164514813873,41.66752185356921,41.75440979003906,96100,0.0,0.0,0.0
2016-12-13 00:00:00-05:00,41.69648155403456,42.18884773467855,41.69648155403456,42.015071868896484,4800,0.0,0.0,0.0
2016-12-14 00:00:00-05:00,41.928181237548,41.966798912521824,41.599938365838874,41.64820861816406,2500,0.0,0.0,0.0
2016-12-15 00:00:00-05:00,41.77371331869161,41.995759420821635,41.77371331869161,41.79302215576172,2400,0.0,0.0,0.0
2016-12-16 00:00:00-05:00,41.84429075878137,41.93132548291774,41.61219693141562,41.63153839111328,9400,0.073,0.0,0.0
2016-12-19 00:00:00-05:00,41.67020747644795,41.89262865562031,41.67020747644795,41.71855926513672,15000,0.0,0.0,0.0
2016-12-20 00:00:00-05:00,41.85394767486362,42.06669998168945,41.85394767486362,42.06669998168945,5900,0.0,0.0,0.0
2016-12-21 00:00:00-05:00,41.89262815414067,42.16340111876048,41.89262815414067,42.07636642456055,7000,0.0,0.0,0.0
2016-12-22 00:00:00-05:00,41.940990046603076,41.940990046603076,41.5251579284668,41.5251579284668,4800,0.0,0.0,0.0
2016-12-23 00:00:00-05:00,41.457451432306705,41.496134335363394,41.457451432306705,41.48646545410156,1600,0.0,0.0,0.0
2016-12-27 00:00:00-05:00,41.3607563882106,41.699222637203604,41.3607563882106,41.62186050415039,3700,0.0,0.0,0.0
2016-12-28 00:00:00-05:00,41.35109291806546,41.43812764253662,41.167354583740234,41.167354583740234,26900,0.0,0.0,0.0
2016-12-29 00:00:00-05:00,41.05130613889334,41.36076209179052,41.05130613889334,41.19636154174805,30500,0.0,0.0,0.0
2016-12-30 00:00:00-05:00,40.95458513862303,40.99326804203774,40.74183654785156,40.74183654785156,4500,0.0,0.0,0.0
2017-01-03 00:00:00-05:00,40.89655766944131,40.98359234314399,40.58710187161044,40.64512252807617,6600,0.0,0.0,0.0
2017-01-04 00:00:00-05:00,41.215686451559,41.4961319490857,41.215686451559,41.41876983642578,15400,0.0,0.0,0.0
2017-01-05 00:00:00-05:00,41.177024286043746,41.21570351388376,40.92558901555071,41.14801025390625,7200,0.0,0.0,0.0
2017-01-06 00:00:00-05:00,40.98360249274135,41.1770133365349,40.94491958618164,40.94491958618164,20100,0.0,0.0,0.0
2017-01-09 00:00:00-05:00,40.80954313996632,41.04163325840072,40.80954313996632,40.93526077270508,4600,0.0,0.0,0.0
2017-01-10 00:00:00-05:00,41.11898797773749,41.370419486257234,41.11898797773749,41.351078033447266,3500,0.0,0.0,0.0
2017-01-11 00:00:00-05:00,41.312396437818094,41.322065319163826,41.12865449120682,41.283382415771484,5300,0.0,0.0,0.0
2017-01-12 00:00:00-05:00,41.05129910909514,41.070640563964844,40.7611846640602,41.070640563964844,5400,0.0,0.0,0.0
2017-01-13 00:00:00-05:00,41.2543802854814,41.27372174102331,41.128662668961766,41.157676696777344,1600,0.0,0.0,0.0
2017-01-17 00:00:00-05:00,40.9932833480708,41.25438751010383,40.89657974243164,40.89657974243164,4100,0.0,0.0,0.0
2017-01-18 00:00:00-05:00,40.848220805582834,41.00294876098633,40.79019643892948,41.00294876098633,3800,0.0,0.0,0.0
2017-01-19 00:00:00-05:00,41.12865887271381,41.12865887271381,40.6257921420562,40.69348907470703,9800,0.0,0.0,0.0
2017-01-20 00:00:00-05:00,40.77084969663295,40.77084969663295,40.55809740216363,40.683815002441406,3000,0.0,0.0,0.0
2017-01-23 00:00:00-05:00,40.306664456358575,40.45172350451775,40.306664456358575,40.44205093383789,1300,0.0,0.0,0.0
2017-01-24 00:00:00-05:00,40.42272551128657,40.88690948486328,40.42272551128657,40.88690948486328,10000,0.0,0.0,0.0
2017-01-25 00:00:00-05:00,41.148004505680426,41.22537032856471,41.080311255159415,41.10932159423828,1700,0.0,0.0,0.0
2017-01-26 00:00:00-05:00,41.24471140221318,41.418780813084844,41.157676696777344,41.157676696777344,2000,0.0,0.0,0.0
2017-01-27 00:00:00-05:00,40.75151730730351,40.78052764881801,40.71283439261365,40.77085876464844,2000,0.0,0.0,0.0
2017-01-30 00:00:00-05:00,40.548428520144554,40.712825337503595,40.548428520144554,40.683815002441406,12100,0.0,0.0,0.0
2017-01-31 00:00:00-05:00,40.63546744297537,40.867557525634766,40.41304624334121,40.867557525634766,11100,0.0,0.0,0.0
2017-02-01 00:00:00-05:00,40.86755850473189,40.86755850473189,40.50008191688302,40.538761138916016,1400,0.0,0.0,0.0
2017-02-02 00:00:00-05:00,40.32601205670207,40.66447830200195,40.32601205670207,40.66447830200195,5100,0.0,0.0,0.0
2017-02-03 00:00:00-05:00,40.66448165444994,40.790199279785156,40.519426261222264,40.790199279785156,1300,0.0,0.0,0.0
2017-02-06 00:00:00-05:00,40.664484085198865,40.71283588583169,40.5194286833004,40.548439025878906,2900,0.0,0.0,0.0
2017-02-07 00:00:00-05:00,40.77085120072853,40.77085120072853,40.6257921420562,40.69348907470703,5200,0.0,0.0,0.0
2017-02-08 00:00:00-05:00,40.83853965854215,41.264040524309095,40.83853965854215,41.254371643066406,4200,0.0,0.0,0.0
2017-02-09 00:00:00-05:00,41.602504276570414,41.853935730972786,41.602504276570414,41.80558395385742,1900,0.0,0.0,0.0
2017-02-10 00:00:00-05:00,41.8539552212692,41.989341735839844,41.8539552212692,41.989341735839844,500,0.0,0.0,0.0
2017-02-13 00:00:00-05:00,42.08603805399573,42.08603805399573,41.94097900390625,41.94097900390625,2100,0.0,0.0,0.0
2017-02-14 00:00:00-05:00,41.84428354904891,41.99901151096451,41.84428354904891,41.892635345458984,7200,0.0,0.0,0.0
2017-02-15 00:00:00-05:00,41.75723702852892,42.17306900024414,41.75723702852892,42.17306900024414,4400,0.0,0.0,0.0
2017-02-16 00:00:00-05:00,42.04735903094208,42.04735903094208,41.89263108476311,42.018348693847656,3600,0.0,0.0,0.0
2017-02-17 00:00:00-05:00,41.950653076171875,41.97966341162613,41.8636183808041,41.950653076171875,2200,0.0,0.0,0.0
2017-02-21 00:00:00-05:00,42.308458354357306,42.337468688175896,42.08603718740354,42.192413330078125,1100,0.0,0.0,0.0
2017-02-22 00:00:00-05:00,42.06668667177746,42.105369567871094,42.05701779225606,42.105369567871094,1400,0.0,0.0,0.0
2017-02-23 00:00:00-05:00,41.88296505644403,41.88296505644403,41.65087127685547,41.65087127685547,800,0.0,0.0,0.0
2017-02-24 00:00:00-05:00,41.37041713727669,41.776580245214554,41.37041713727669,41.74756622314453,2500,0.0,0.0,0.0
2017-02-27 00:00:00-05:00,41.873291937040314,42.02801989174279,41.873291937040314,42.0086784362793,2400,0.0,0.0,0.0
2017-02-28 00:00:00-05:00,42.02801664445369,42.16340313323206,41.86361981922428,41.88296127319336,3300,0.0,0.0,0.0
2017-03-01 00:00:00-05:00,42.182745935852964,42.37615679272222,42.182745935852964,42.356815338134766,1200,0.0,0.0,0.0
2017-03-02 00:00:00-05:00,42.49219424838751,42.49219424838751,42.347138898375064,42.434173583984375,2100,0.0,0.0,0.0
2017-03-03 00:00:00-05:00,42.17307187786413,42.23109254550131,42.13438897343613,42.192413330078125,2100,0.0,0.0,0.0
2017-03-06 00:00:00-05:00,42.04736422289957,42.07637456357615,41.8442844601521,42.02802276611328,18300,0.0,0.0,0.0
2017-03-07 00:00:00-05:00,41.960319003016245,41.960319003016245,41.699214935302734,41.699214935302734,3200,0.0,0.0,0.0
2017-03-08 00:00:00-05:00,41.92164847855452,41.989341735839844,41.92164847855452,41.989341735839844,700,0.0,0.0,0.0
2017-03-09 00:00:00-05:00,41.989341735839844,41.989341735839844,41.989341735839844,41.989341735839844,0,0.0,0.0,0.0
2017-03-10 00:00:00-05:00,41.5445045540048,41.77659838632605,41.5445045540048,41.76692581176758,2400,0.0,0.0,0.0
2017-03-13 00:00:00-04:00,41.892618628266725,41.892618628266725,41.71854927944811,41.80558395385742,3700,0.0,0.0,0.0
2017-03-14 00:00:00-04:00,41.747561031029925,41.77657504949149,41.64118859335169,41.737892150878906,2300,0.0,0.0,0.0
2017-03-15 00:00:00-04:00,41.834601495370414,42.086036682128906,41.834601495370414,42.086036682128906,400,0.0,0.0,0.0
2017-03-16 00:00:00-04:00,42.105369567871094,42.105369567871094,42.105369567871094,42.105369567871094,300,0.0,0.0,0.0
2017-03-17 00:00:00-04:00,41.969998259957435,42.18274688720703,41.969998259957435,42.18274688720703,2600,0.0,0.0,0.0
2017-03-20 00:00:00-04:00,42.163403513080375,42.163403513080375,41.8346061706543,41.8346061706543,2000,0.0,0.0,0.0
2017-03-21 00:00:00-04:00,41.88297043717277,41.88297043717277,41.022292147756055,41.04163360595703,4200,0.0,0.0,0.0
2017-03-22 00:00:00-04:00,41.12866028835828,41.24470901489258,41.12866028835828,41.24470901489258,400,0.0,0.0,0.0
2017-03-23 00:00:00-04:00,41.42844578585042,41.58317372657515,41.38976287841797,41.38976287841797,1200,0.0,0.0,0.0
2017-03-24 00:00:00-04:00,41.708886613170534,41.708886613170534,41.331737530879465,41.48646545410156,800,0.0,0.0,0.0
2017-03-27 00:00:00-04:00,41.389761005079194,41.58317184448242,41.389761005079194,41.58317184448242,1000,0.0,0.0,0.0
2017-03-28 00:00:00-04:00,41.370415843371944,41.82493072187144,41.370415843371944,41.81526184082031,2300,0.0,0.0,0.0
2017-03-29 00:00:00-04:00,41.64119769910541,41.94098100639646,41.64119769910541,41.90230178833008,1600,0.0,0.0,0.0
2017-03-30 00:00:00-04:00,41.950658317439846,42.066703362760414,41.9216442893556,42.03769302368164,3700,0.0,0.0,0.0
2017-03-31 00:00:00-04:00,42.03769302368164,42.03769302368164,42.03769302368164,42.03769302368164,0,0.0,0.0,0.0
2017-04-03 00:00:00-04:00,41.631538480516966,41.66055251462889,41.447800146503916,41.554176330566406,1900,0.0,0.0,0.0
2017-04-04 00:00:00-04:00,41.4477801675477,41.56382518103981,41.41876983642578,41.41876983642578,800,0.0,0.0,0.0
2017-04-05 00:00:00-04:00,41.73791182428685,41.73791182428685,41.10932733706024,41.14801025390625,5800,0.0,0.0,0.0
2017-04-06 00:00:00-04:00,41.40909438662512,41.467118733837694,41.3994255065918,41.3994255065918,1100,0.0,0.0,0.0
2017-04-07 00:00:00-04:00,41.25437208272958,41.41877257764469,41.25437208272958,41.283382415771484,5100,0.0,0.0,0.0
2017-04-10 00:00:00-04:00,41.09964565304534,41.38976006103057,41.09964565304534,41.29305648803711,7000,0.0,0.0,0.0
2017-04-11 00:00:00-04:00,41.20602938719966,41.486474965147664,41.128663563349654,41.447792053222656,2400,0.0,0.0,0.0
2017-04-12 00:00:00-04:00,41.41878117571923,41.41878117571923,41.2640495300293,41.2640495300293,1200,0.0,0.0,0.0
2017-04-13 00:00:00-04:00,41.089983848564096,41.21569777730723,40.87723152452884,40.954593658447266,2400,0.0,0.0,0.0
2017-04-17 00:00:00-04:00,40.96426197351579,41.08030700683594,40.96426197351579,41.08030700683594,500,0.0,0.0,0.0
2017-04-18 00:00:00-04:00,41.109323067277714,41.27372360229492,41.05130238704096,41.27372360229492,10400,0.0,0.0,0.0
2017-04-19 00:00:00-04:00,41.583166579233556,41.59283545992723,41.496131896972656,41.496131896972656,800,0.0,0.0,0.0
2017-04-20 00:00:00-04:00,42.07636455046696,42.134388907017495,42.07636455046696,42.115047454833984,3600,0.0,0.0,0.0
2017-04-21 00:00:00-04:00,42.250435812960426,42.250435812960426,41.98933173036061,42.07636642456055,1200,0.0,0.0,0.0
2017-04-24 00:00:00-04:00,42.39549205664715,42.49219562645832,42.39549205664715,42.443843841552734,900,0.0,0.0,0.0
2017-04-25 00:00:00-04:00,42.70495793702594,42.743640849637806,42.66627502441406,42.66627502441406,4800,0.0,0.0,0.0
2017-04-26 00:00:00-04:00,42.77263837821312,43.062752757895105,42.77263837821312,42.96604919433594,8200,0.0,0.0,0.0
2017-04-27 00:00:00-04:00,43.07242909238738,43.07242909238738,42.95638037916779,43.04341506958008,2600,0.0,0.0,0.0
2017-04-28 00:00:00-04:00,42.82099869969165,43.14012716328808,42.82099869969165,42.94671630859375,3800,0.0,0.0,0.0
2017-05-01 00:00:00-04:00,42.966052004258685,42.966052004258685,42.90802764892578,42.90802764892578,300,0.0,0.0,0.0
2017-05-02 00:00:00-04:00,42.666264597852305,42.91769977937945,42.666264597852305,42.8790168762207,5900,0.0,0.0,0.0
2017-05-03 00:00:00-04:00,42.7146287999185,42.81133608592925,42.68561845861816,42.782325744628906,2000,0.0,0.0,0.0
2017-05-04 00:00:00-04:00,42.77264648268382,42.77264648268382,42.666270329210114,42.762977600097656,1400,0.0,0.0,0.0
2017-05-05 00:00:00-04:00,42.85968824798087,43.14980273046243,42.85968824798087,43.120792388916016,1800,0.0,0.0,0.0
2017-05-08 00:00:00-04:00,43.08209470423766,43.08209470423766,42.91769790649414,42.91769790649414,700,0.0,0.0,0.0
2017-05-09 00:00:00-04:00,43.00474497497963,43.17881439272228,43.00474497497963,43.053096771240234,1100,0.0,0.0,0.0
2017-05-10 00:00:00-04:00,43.053093364780466,43.39155960083008,43.053093364780466,43.39155960083008,1300,0.0,0.0,0.0
2017-05-11 00:00:00-04:00,43.497928165674644,43.497928165674644,43.27550700809015,43.31418991088867,700,0.0,0.0,0.0
2017-05-12 00:00:00-04:00,43.12078757973861,43.12078757973861,43.06276321411133,43.06276321411133,1800,0.0,0.0,0.0
2017-05-15 00:00:00-04:00,43.1207900238062,43.3238697815041,43.053096771240234,43.053096771240234,1600,0.0,0.0,0.0
2017-05-16 00:00:00-04:00,42.98540732354711,42.98540732354711,42.821006774902344,42.821006774902344,3300,0.0,0.0,0.0
2017-05-17 00:00:00-04:00,42.124730050044704,42.19242330429386,42.02802276611328,42.02802276611328,400,0.0,0.0,0.0
2017-05-18 00:00:00-04:00,41.805602496941766,42.279458976463665,41.805602496941766,42.24077606201172,28100,0.0,0.0,0.0
2017-05-19 00:00:00-04:00,42.318131055124525,42.43417977888178,42.318131055124525,42.347145080566406,3300,0.0,0.0,0.0
2017-05-22 00:00:00-04:00,42.66627502441406,42.66627502441406,42.66627502441406,42.66627502441406,500,0.0,0.0,0.0
2017-05-23 00:00:00-04:00,42.820991571162324,42.820991571162324,42.743629455566406,42.743629455566406,1500,0.0,0.0,0.0
2017-05-24 00:00:00-04:00,42.95638667634145,43.11111831665039,42.95638667634145,43.11111831665039,1200,0.0,0.0,0.0
2017-05-25 00:00:00-04:00,43.517282509325426,43.555965423583984,43.517282509325426,43.555965423583984,2200,0.0,0.0,0.0
2017-05-26 00:00:00-04:00,43.60430908203125,43.60430908203125,43.60430908203125,43.60430908203125,200,0.0,0.0,0.0
2017-05-30 00:00:00-04:00,43.51728628064803,43.51728628064803,43.47860336303711,43.47860336303711,300,0.0,0.0,0.0
2017-05-31 00:00:00-04:00,43.488258361816406,43.488258361816406,43.488258361816406,43.488258361816406,400,0.0,0.0,0.0
2017-06-01 00:00:00-04:00,43.488258361816406,43.488258361816406,43.488258361816406,43.488258361816406,0,0.0,0.0,0.0
2017-06-02 00:00:00-04:00,44.223214662691134,44.52300161685709,44.223214662691134,44.4649772644043,1200,0.0,0.0,0.0
2017-06-05 00:00:00-04:00,44.63905430037517,44.63905430037517,44.31025695800781,44.31025695800781,268000,0.0,0.0,0.0
2017-06-06 00:00:00-04:00,44.58102660238656,44.58102660238656,44.21355006823938,44.26190185546875,170300,0.0,0.0,0.0
2017-06-07 00:00:00-04:00,44.35860680526393,44.8711460950003,44.310255016535415,44.58102798461914,784200,0.0,0.0,0.0
2017-06-08 00:00:00-04:00,44.35860586876562,44.445640562241486,44.23289195852654,44.29091262817383,51400,0.0,0.0,0.0
2017-06-09 00:00:00-04:00,44.271560552395066,44.445629897579124,43.439896722961024,43.807376861572266,12300,0.0,0.0,0.0
2017-06-12 00:00:00-04:00,43.49793199650327,43.69134283852474,43.45924909029798,43.62364959716797,17200,0.0,0.0,0.0
2017-06-13 00:00:00-04:00,44.020137357300044,44.14585494995117,43.75903329056527,44.14585494995117,16300,0.0,0.0,0.0
2017-06-14 00:00:00-04:00,44.13617985116226,44.21354565420942,43.85573434862311,43.92342758178711,10800,0.0,0.0,0.0
2017-06-15 00:00:00-04:00,43.565628041774254,43.8460735963048,43.3625483046336,43.72035598754883,20400,0.0,0.0,0.0
2017-06-16 00:00:00-04:00,43.54328050234699,43.66907323511468,43.465868454117754,43.5626335144043,4400,0.027,0.0,0.0
2017-06-19 00:00:00-04:00,43.84324659623986,44.036769334145724,43.78518756014233,43.97871398925781,3700,0.0,0.0,0.0
2017-06-20 00:00:00-04:00,43.83356144285538,43.83356144285538,43.34007263183594,43.34007263183594,14300,0.0,0.0,0.0
2017-06-21 00:00:00-04:00,43.456185191824694,43.4658598503335,43.15621910112718,43.2336311340332,9500,0.0,0.0,0.0
2017-06-22 00:00:00-04:00,43.10784359433564,43.1368749557604,43.05946291357349,43.06913757324219,1800,0.0,0.0,0.0
2017-06-23 00:00:00-04:00,42.93366496231383,43.165897369384766,42.93366496231383,43.165897369384766,3200,0.0,0.0,0.0
2017-06-26 00:00:00-04:00,43.52392854265054,43.54328155517578,43.4368418318918,43.54328155517578,1200,0.0,0.0,0.0
2017-06-27 00:00:00-04:00,43.31104909608257,43.46586950507481,42.99173361744033,43.05946731567383,4500,0.0,0.0,0.0
2017-06-28 00:00:00-04:00,43.243313631236425,43.45619306910766,43.243313631236425,43.43684005737305,3000,0.0,0.0,0.0
2017-06-29 00:00:00-04:00,43.1852628197065,43.1852628197065,43.04011706206802,43.07882308959961,1500,0.0,0.0,0.0
2017-06-30 00:00:00-04:00,43.22395457765921,43.34974729074614,43.15622089166063,43.34007263183594,5800,0.0,0.0,0.0
2017-07-03 00:00:00-04:00,43.262673537241255,43.27235189025567,42.75950622558594,42.75950622558594,267800,0.0,0.0,0.0
2017-07-05 00:00:00-04:00,42.488557643251745,42.97237178343507,42.488557643251745,42.94334411621094,184700,0.0,0.0,0.0
2017-07-06 00:00:00-04:00,42.63370986616237,42.769177255487726,42.440183442322066,42.47888946533203,661400,0.0,0.0,0.0
2017-07-07 00:00:00-04:00,42.44018600811068,42.94335326403143,42.44018600811068,42.91432189941406,7300,0.0,0.0,0.0
2017-07-10 00:00:00-04:00,42.72079214432667,42.933667866397904,42.61435243768649,42.904640197753906,34700,0.0,0.0,0.0
2017-07-11 00:00:00-04:00,43.011092026006466,43.0401197028312,42.82724022955602,42.962711334228516,8400,0.0,0.0,0.0
2017-07-12 00:00:00-04:00,42.827231682625204,43.53360366821289,42.827231682625204,43.53360366821289,9500,0.0,0.0,0.0
2017-07-13 00:00:00-04:00,43.64004015782481,43.64004015782481,43.398133053421766,43.52392578125,32100,0.0,0.0,0.0
2017-07-14 00:00:00-04:00,43.330398631420756,43.494897379079745,43.330398631420756,43.39813232421875,8100,0.0,0.0,0.0
2017-07-17 00:00:00-04:00,43.05946887691408,43.51425545972258,43.05946887691408,43.4465217590332,35000,0.0,0.0,0.0
2017-07-18 00:00:00-04:00,43.63037361910179,43.93033981323242,43.620698957257,43.93033981323242,1400,0.0,0.0,0.0
2017-07-19 00:00:00-04:00,43.83356466280471,44.21093913857785,43.83356466280471,44.18191146850586,3100,0.0,0.0,0.0
2017-07-20 00:00:00-04:00,44.06580024652694,44.18191462632327,44.06580024652694,44.12385559082031,2100,0.0,0.0,0.0
2017-07-21 00:00:00-04:00,43.92065613754635,44.09482955932617,43.92065613754635,44.09482955932617,1500,0.0,0.0,0.0
2017-07-24 00:00:00-04:00,44.520586592288424,44.7528190612793,44.520586592288424,44.7528190612793,2400,0.0,0.0,0.0
2017-07-25 00:00:00-04:00,44.75280723585384,44.86892159406243,44.70442656086767,44.83021926879883,2800,0.0,0.0,0.0
2017-07-26 00:00:00-04:00,44.83990596584186,44.95602035522461,44.83990596584186,44.95602035522461,1000,0.0,0.0,0.0
2017-07-27 00:00:00-04:00,44.92699520069438,45.24631071221024,44.414153235212204,44.70444107055664,1500,0.0,0.0,0.0
2017-07-28 00:00:00-04:00,44.46253327974317,44.77217412510535,44.46253327974317,44.64638137817383,14700,0.0,0.0,0.0
2017-07-31 00:00:00-04:00,44.839908361363875,44.84958302299184,44.510914497861705,44.568973541259766,2200,0.0,0.0,0.0
2017-08-01 00:00:00-04:00,44.56896749784822,44.607669830322266,44.56896749784822,44.607669830322266,500,0.0,0.0,0.0
2017-08-02 00:00:00-04:00,44.510901500645026,44.55928217707784,43.94000065983622,44.24964141845703,3800,0.0,0.0,0.0
2017-08-03 00:00:00-04:00,44.510912856473276,44.65605861401097,44.50123819520207,44.597999572753906,3800,0.0,0.0,0.0
2017-08-04 00:00:00-04:00,44.57864544162996,44.665732155727746,44.520586401828155,44.549617767333984,14200,0.0,0.0,0.0
2017-08-07 00:00:00-04:00,44.70443896180419,44.81087869102531,44.70443896180419,44.74314498901367,1400,0.0,0.0,0.0
2017-08-08 00:00:00-04:00,44.83989970084525,44.83989970084525,44.65605163574219,44.65605163574219,2200,0.0,0.0,0.0
2017-08-09 00:00:00-04:00,44.24965462570478,44.47220875668892,43.862605407510216,44.35609436035156,1800,0.0,0.0,0.0
2017-08-10 00:00:00-04:00,44.09483260002318,44.09483260002318,43.64972435420747,43.90130615234375,2400,0.0,0.0,0.0
2017-08-11 00:00:00-04:00,43.70777276592572,43.95935821533203,43.70777276592572,43.95935821533203,2000,0.0,0.0,0.0
2017-08-14 00:00:00-04:00,44.433494567871094,44.44317291899446,44.414145248043205,44.433494567871094,1100,0.0,0.0,0.0
2017-08-15 00:00:00-04:00,44.13353446258246,44.13353446258246,44.03676940227021,44.04644775390625,1500,0.0,0.0,0.0
2017-08-16 00:00:00-04:00,44.02709166153166,44.22061807740664,44.02709166153166,44.172237396240234,1500,0.0,0.0,0.0
2017-08-17 00:00:00-04:00,43.84325410333721,43.94969015092619,43.19494100847385,43.29170608520508,8300,0.0,0.0,0.0
2017-08-18 00:00:00-04:00,43.08850126967462,43.46587584090079,43.08850126967462,43.29170608520508,3300,0.0,0.0,0.0
2017-08-21 00:00:00-04:00,43.18525637044032,43.21428404114906,43.03043597464473,43.19493103027344,2600,0.0,0.0,0.0
2017-08-22 00:00:00-04:00,43.523931024047855,43.775516510009766,43.49490334920991,43.775516510009766,3700,0.0,0.0,0.0
2017-08-23 00:00:00-04:00,43.40781573257932,43.4465217590332,43.28202299220913,43.4465217590332,600,0.0,0.0,0.0
2017-08-24 00:00:00-04:00,43.330403428153666,43.35943479343049,43.24331671474287,43.31105041503906,2300,0.0,0.0,0.0
2017-08-25 00:00:00-04:00,43.0884923655881,43.17557907104492,43.05946469417233,43.17557907104492,1500,0.0,0.0,0.0
2017-08-28 00:00:00-04:00,42.943344579233084,43.020752923068386,42.89496390293489,42.93366622924805,6200,0.0,0.0,0.0
2017-08-29 00:00:00-04:00,42.78853285384118,42.95302792476406,42.78853285384118,42.91432189941406,1600,0.0,0.0,0.0
2017-08-30 00:00:00-04:00,43.069135163655694,43.252986907958984,43.069135163655694,43.252986907958984,1500,0.0,0.0,0.0
2017-08-31 00:00:00-04:00,43.67874526977539,43.70777294051153,43.64971759903925,43.67874526977539,500,0.0,0.0,0.0
2017-09-01 00:00:00-04:00,43.76583454810982,43.97871398925781,43.76583454810982,43.97871398925781,500,0.0,0.0,0.0
2017-09-05 00:00:00-04:00,44.007739949977925,44.007739949977925,43.45619204773805,43.940006256103516,3300,0.0,0.0,0.0
2017-09-06 00:00:00-04:00,43.620685229122195,43.833560943603516,43.61100687911318,43.833560943603516,7400,0.0,0.0,0.0
2017-09-07 00:00:00-04:00,43.98839556964144,44.423829180848486,43.98839556964144,44.404476165771484,2400,0.0,0.0,0.0
2017-09-08 00:00:00-04:00,44.51089972100936,44.56895874513282,44.462519046510906,44.55928039550781,2100,0.0,0.0,0.0
2017-09-11 00:00:00-04:00,44.77216622659222,44.90763361113835,44.77216622659222,44.8592529296875,1100,0.0,0.0,0.0
2017-09-12 00:00:00-04:00,45.11083256453457,45.31403732299805,45.09147955462333,45.31403732299805,1600,0.0,0.0,0.0
2017-09-13 00:00:00-04:00,45.21727923422883,45.255985260009766,45.21727923422883,45.255985260009766,1000,0.0,0.0,0.0
2017-09-14 00:00:00-04:00,45.26565919984422,45.26565919984422,45.08181111712786,45.130191802978516,1300,0.0,0.0,0.0
2017-09-15 00:00:00-04:00,44.917307512772474,45.149539947509766,44.917307512772474,45.149539947509766,1600,0.0,0.0,0.0
2017-09-18 00:00:00-04:00,45.41642190357446,45.41642190357446,45.270858667534895,45.30967330932617,5000,0.135,0.0,0.0
2017-09-19 00:00:00-04:00,45.27085869877994,45.416421934919974,45.26115226188466,45.38731002807617,2600,0.0,0.0,0.0
2017-09-20 00:00:00-04:00,45.38730612067037,45.659027099609375,45.38730612067037,45.659027099609375,900,0.0,0.0,0.0
2017-09-21 00:00:00-04:00,45.38731190359249,45.45524215698242,45.37760546629612,45.45524215698242,1200,0.0,0.0,0.0
2017-09-22 00:00:00-04:00,45.44550889049221,45.44550889049221,45.42609973086006,45.4358024597168,400,0.0,0.0,0.0
2017-09-25 00:00:00-04:00,44.77592849731445,44.77592849731445,44.77592849731445,44.77592849731445,400,0.0,0.0,0.0
2017-09-26 00:00:00-04:00,45.11557005329643,45.11557005329643,44.90207295443442,44.96030044555664,2000,0.0,0.0,0.0
2017-09-27 00:00:00-04:00,45.27085866441899,45.62991908893042,45.19322197699975,45.581398010253906,2700,0.0,0.0,0.0
2017-09-28 00:00:00-04:00,45.39700888213322,45.48434829711914,45.39700888213322,45.48434829711914,1100,0.0,0.0,0.0
2017-09-29 00:00:00-04:00,45.48434829711914,45.48434829711914,45.48434829711914,45.48434829711914,0,0.0,0.0,0.0
2017-10-02 00:00:00-04:00,45.87252231391697,46.11513137817383,45.85311314454596,46.11513137817383,2700,0.0,0.0,0.0
2017-10-03 00:00:00-04:00,46.21217343197543,46.3674430847168,46.21217343197543,46.3674430847168,2800,0.0,0.0,0.0
2017-10-04 00:00:00-04:00,46.52270319323886,46.629451751708984,46.503294027887954,46.629451751708984,1400,0.0,0.0,0.0
2017-10-05 00:00:00-04:00,46.862371479170484,46.90118982100959,46.79444123191248,46.81385040283203,1500,0.0,0.0,0.0
2017-10-06 00:00:00-04:00,46.97881314587138,46.97881314587138,46.93999481201172,46.93999481201172,600,0.0,0.0,0.0
2017-10-09 00:00:00-04:00,46.813836957183476,46.83324242060865,46.610042572021484,46.610042572021484,1800,0.0,0.0,0.0
2017-10-10 00:00:00-04:00,46.445079813799936,46.4644889831543,46.445079813799936,46.4644889831543,1300,0.0,0.0,0.0
2017-10-11 00:00:00-04:00,46.54211618970242,46.54211618970242,46.493595123291016,46.493595123291016,1600,0.0,0.0,0.0
2017-10-12 00:00:00-04:00,46.493595123291016,46.493595123291016,46.493595123291016,46.493595123291016,0,0.0,0.0,0.0
2017-10-13 00:00:00-04:00,46.66827775162551,46.71679882201659,46.648868583085,46.687686920166016,1800,0.0,0.0,0.0
2017-10-16 00:00:00-04:00,46.88178640173071,46.88178640173071,46.60035894175187,46.70710754394531,500,0.0,0.0,0.0
2017-10-17 00:00:00-04:00,46.8623618914738,46.8623618914738,46.493595123291016,46.493595123291016,1500,0.0,0.0,0.0
2017-10-18 00:00:00-04:00,46.658573150634766,46.658573150634766,46.658573150634766,46.658573150634766,300,0.0,0.0,0.0
2017-10-19 00:00:00-04:00,46.338317917421946,46.532405853271484,46.338317917421946,46.532405853271484,2300,0.0,0.0,0.0
2017-10-20 00:00:00-04:00,46.95941164027596,46.99822998046875,46.95941164027596,46.99822998046875,1500,0.0,0.0,0.0
2017-10-23 00:00:00-04:00,46.784732818603516,46.784732818603516,46.784732818603516,46.784732818603516,1500,0.0,0.0,0.0
2017-10-24 00:00:00-04:00,46.658582618033975,46.97882469631225,46.658582618033975,46.90119171142578,1000,0.0,0.0,0.0
2017-10-25 00:00:00-04:00,46.16365239983804,46.23158264160156,46.16365239983804,46.23158264160156,1100,0.0,0.0,0.0
2017-10-26 00:00:00-04:00,46.41596411192411,46.55182458436495,46.41596411192411,46.48389434814453,900,0.0,0.0,0.0
2017-10-27 00:00:00-04:00,46.415962186350534,46.881771087646484,46.415962186350534,46.881771087646484,2500,0.0,0.0,0.0
2017-10-30 00:00:00-04:00,46.64886469713563,46.755613264255864,46.64886469713563,46.745906829833984,1200,0.0,0.0,0.0
2017-10-31 00:00:00-04:00,46.8526630128543,47.36699676513672,46.8526630128543,47.36699676513672,3400,0.0,0.0,0.0
2017-11-01 00:00:00-04:00,47.6096058092289,47.6096058092289,47.192317907593974,47.30876922607422,2900,0.0,0.0,0.0
2017-11-02 00:00:00-04:00,47.13409436800617,47.13409436800617,46.648876181222555,46.90119171142578,8900,0.0,0.0,0.0
2017-11-03 00:00:00-04:00,46.90119171142578,46.90119171142578,46.90119171142578,46.90119171142578,0,0.0,0.0,0.0
2017-11-06 00:00:00-05:00,47.36700056372931,47.47374545484125,47.328182220458984,47.328182220458984,500,0.0,0.0,0.0
2017-11-07 00:00:00-05:00,47.269939386070384,47.269939386070384,46.610042572021484,46.610042572021484,300,0.0,0.0,0.0
2017-11-08 00:00:00-05:00,46.87207034361149,46.94000058526074,46.70709795729775,46.9302978515625,1900,0.0,0.0,0.0
2017-11-09 00:00:00-05:00,46.31892773169794,46.51301574707031,46.299518559968604,46.51301574707031,2300,0.0,0.0,0.0
2017-11-10 00:00:00-05:00,46.59064301033715,46.59064301033715,46.406261454433576,46.4256706237793,1200,0.0,0.0,0.0
2017-11-13 00:00:00-05:00,46.483894342682724,46.68768505132003,46.483894342682724,46.658573150634766,800,0.0,0.0,0.0
2017-11-14 00:00:00-05:00,46.61975858636475,46.804140142153834,46.61975858636475,46.794437408447266,1200,0.0,0.0,0.0
2017-11-15 00:00:00-05:00,46.48389050183579,46.600341796875,46.48389050183579,46.600341796875,3000,0.0,0.0,0.0
2017-11-16 00:00:00-05:00,47.0079345703125,47.0079345703125,47.0079345703125,47.0079345703125,600,0.0,0.0,0.0
2017-11-17 00:00:00-05:00,47.0079345703125,47.0079345703125,47.0079345703125,47.0079345703125,0,0.0,0.0,0.0
2017-11-20 00:00:00-05:00,47.0079345703125,47.0079345703125,47.0079345703125,47.0079345703125,0,0.0,0.0,0.0
2017-11-21 00:00:00-05:00,47.79398914737955,47.89103129939779,47.79398914737955,47.84251022338867,1900,0.0,0.0,0.0
2017-11-22 00:00:00-05:00,47.84251022338867,47.84251022338867,47.84251022338867,47.84251022338867,0,0.0,0.0,0.0
2017-11-24 00:00:00-05:00,47.988067626953125,47.988067626953125,47.988067626953125,47.988067626953125,200,0.0,0.0,0.0
2017-11-27 00:00:00-05:00,47.929840087890625,47.929840087890625,47.929840087890625,47.929840087890625,300,0.0,0.0,0.0
2017-11-28 00:00:00-05:00,48.33742904663086,48.33742904663086,48.33742904663086,48.33742904663086,300,0.0,0.0,0.0
2017-11-29 00:00:00-05:00,48.172460615342224,48.20157252170716,47.852218539565044,47.91044235229492,1300,0.0,0.0,0.0
2017-11-30 00:00:00-05:00,48.09481811027227,48.29860881832659,48.046293340042006,48.26949691772461,15900,0.0,0.0,0.0
2017-12-01 00:00:00-05:00,48.21127131436264,48.36654096022531,47.434923085049306,48.162750244140625,2600,0.0,0.0,0.0
2017-12-04 00:00:00-05:00,48.67707640544295,48.67707640544295,47.774570503332946,47.83279800415039,330700,0.0,0.0,0.0
2017-12-05 00:00:00-05:00,48.143339135513806,48.220972104356385,47.89102365745494,48.017181396484375,75600,0.0,0.0,0.0
2017-12-06 00:00:00-05:00,47.87162582162207,47.968667973622246,47.77457996770109,47.82310104370117,444900,0.0,0.0,0.0
2017-12-07 00:00:00-05:00,48.06571188065879,48.51211542115335,48.06571188065879,48.376251220703125,7800,0.0,0.0,0.0
2017-12-08 00:00:00-05:00,48.715904318482934,48.715904318482934,48.395658553896155,48.405364990234375,7200,0.0,0.0,0.0
2017-12-11 00:00:00-05:00,48.68678094385448,48.70619011151356,48.366538932280214,48.61885070800781,12700,0.0,0.0,0.0
2017-12-12 00:00:00-05:00,48.667379325473355,48.667379325473355,48.44417573070889,48.463584899902344,2900,0.0,0.0,0.0
2017-12-13 00:00:00-05:00,48.58974455813977,48.71590231189462,48.570335388183594,48.570335388183594,2900,0.0,0.0,0.0
2017-12-14 00:00:00-05:00,48.68678296199097,48.715898565646576,48.31801986694336,48.31801986694336,8500,0.0,0.0,0.0
2017-12-15 00:00:00-05:00,48.58975026705792,48.74501994302969,48.55093192258471,48.67708969116211,12900,0.0,0.0,0.0
2017-12-18 00:00:00-05:00,49.21910225861981,49.423091888427734,49.141394923118156,49.423091888427734,16100,0.048,0.0,0.0
2017-12-19 00:00:00-05:00,49.27737699673716,49.27737699673716,48.92768478393555,48.92768478393555,2700,0.0,0.0,0.0
2017-12-20 00:00:00-05:00,48.791694191282865,49.073391107758134,48.791694191282865,48.92768478393555,28700,0.0,0.0,0.0
2017-12-21 00:00:00-05:00,49.03454542135229,49.27738687274892,48.94712235063084,49.170536041259766,10800,0.0,0.0,0.0
2017-12-22 00:00:00-05:00,49.00541207571605,49.034551867965405,48.94712878575037,48.966556549072266,3300,0.0,0.0,0.0
2017-12-26 00:00:00-05:00,49.13167254416781,49.16081232565817,48.84025990740183,49.005393981933594,3200,0.0,0.0,0.0
2017-12-27 00:00:00-05:00,49.1511183811985,49.23854146988567,48.888852820604264,48.95684814453125,4900,0.0,0.0,0.0
2017-12-28 00:00:00-05:00,49.10253771579886,49.199676513671875,48.85969627931571,49.199676513671875,4600,0.0,0.0,0.0
2017-12-29 00:00:00-05:00,49.18996711724474,49.18996711724474,48.840274810791016,48.840274810791016,5700,0.0,0.0,0.0
2018-01-02 00:00:00-05:00,49.04425811767578,49.07339790428978,48.76256116218625,49.04425811767578,9800,0.0,0.0,0.0
2018-01-03 00:00:00-05:00,49.19967577263142,49.48136901855469,49.15110452169337,49.48136901855469,9600,0.0,0.0,0.0
2018-01-04 00:00:00-05:00,49.54937196642425,49.63679504394531,49.257962943176324,49.63679504394531,20500,0.0,0.0,0.0
2018-01-05 00:00:00-05:00,49.840775288490775,50.18075180053711,49.79220403922752,50.18075180053711,27900,0.0,0.0,0.0
2018-01-08 00:00:00-05:00,50.5790207631693,50.5790207631693,49.86992411979932,50.239044189453125,11100,0.0,0.0,0.0
2018-01-09 00:00:00-05:00,50.14189628331293,50.39445343980399,50.08361671294275,50.18075180053711,22000,0.0,0.0,0.0
2018-01-10 00:00:00-05:00,50.14189988184181,50.32646174916903,49.9087741726982,50.015625,5800,0.0,0.0,0.0
2018-01-11 00:00:00-05:00,50.394459509849966,51.04527282714844,50.394459509849966,51.04527282714844,2800,0.0,0.0,0.0
2018-01-12 00:00:00-05:00,51.46295399090294,51.589232568573536,51.40467071533203,51.40467071533203,28800,0.0,0.0,0.0
2018-01-16 00:00:00-05:00,51.890355867977085,51.890355867977085,50.34588790410718,50.413883209228516,12600,0.0,0.0,0.0
2018-01-17 00:00:00-05:00,50.68587230324605,51.21041077177764,50.68587230324605,51.2006950378418,3200,0.0,0.0,0.0
2018-01-18 00:00:00-05:00,51.28811264038086,51.28811264038086,51.28811264038086,51.28811264038086,800,0.0,0.0,0.0
2018-01-19 00:00:00-05:00,51.37553675838302,51.94864273071289,51.37553675838302,51.94864273071289,3700,0.0,0.0,0.0
2018-01-22 00:00:00-05:00,52.32747268676758,52.32747268676758,52.32747268676758,52.32747268676758,400,0.0,0.0,0.0
2018-01-23 00:00:00-05:00,52.473182880040724,52.67716881619025,52.473182880040724,52.63831329345703,3000,0.0,0.0,0.0
2018-01-24 00:00:00-05:00,52.85200776729594,52.89086328473904,52.25947409542001,52.502315521240234,1900,0.0,0.0,0.0
2018-01-25 00:00:00-05:00,52.81315718473456,52.81315718473456,51.77379608154297,51.77379608154297,10600,0.0,0.0,0.0
2018-01-26 00:00:00-05:00,51.948641553111614,52.006924833973045,51.83207869685514,51.90007400512695,4200,0.0,0.0,0.0
2018-01-29 00:00:00-05:00,51.91949589470831,51.92920792102052,51.51152038574219,51.51152038574219,2400,0.0,0.0,0.0
2018-01-30 00:00:00-05:00,50.938421311969115,51.21040625618789,50.62758455183321,51.01613235473633,5800,0.0,0.0,0.0
2018-01-31 00:00:00-05:00,50.792706313626596,51.34638438957144,50.46244187310988,50.520721435546875,3400,0.0,0.0,0.0
2018-02-01 00:00:00-05:00,50.112758523058,50.62758117794973,50.112758523058,50.56930160522461,4500,0.0,0.0,0.0
2018-02-02 00:00:00-05:00,49.89905867856933,49.89905867856933,48.947120666503906,48.947120666503906,5300,0.0,0.0,0.0
2018-02-05 00:00:00-05:00,48.68485687866089,49.199683314890294,47.4609375,47.4609375,9400,0.0,0.0,0.0
2018-02-06 00:00:00-05:00,47.12095980353077,48.811138158220906,47.12095980353077,48.65571975708008,5700,0.0,0.0,0.0
2018-02-07 00:00:00-05:00,48.859699578767135,49.39395003401425,48.859699578767135,49.18025207519531,7000,0.0,0.0,0.0
2018-02-08 00:00:00-05:00,48.8305570424405,48.8305570424405,47.06267166137695,47.06267166137695,4400,0.0,0.0,0.0
2018-02-09 00:00:00-05:00,47.655197785808056,47.87861142969525,46.00387552070088,47.5289192199707,7100,0.0,0.0,0.0
2018-02-12 00:00:00-05:00,47.74262171168035,48.17973327636719,47.38321376429611,48.17973327636719,3600,0.0,0.0,0.0
2018-02-13 00:00:00-05:00,47.800896864757455,48.306007385253906,47.800896864757455,48.306007385253906,6800,0.0,0.0,0.0
2018-02-14 00:00:00-05:00,48.558574322026786,49.31623840332031,48.558574322026786,49.31623840332031,7300,0.0,0.0,0.0
2018-02-15 00:00:00-05:00,49.53965712489163,49.947628993178554,49.423094263304876,49.8310661315918,3500,0.0,0.0,0.0
2018-02-16 00:00:00-05:00,49.78249204271531,49.78249204271531,49.41337203979492,49.41337203979492,4000,0.0,0.0,0.0
2018-02-20 00:00:00-05:00,49.26767255092615,49.57850929780226,49.26767255092615,49.53965377807617,1200,0.0,0.0,0.0
2018-02-21 00:00:00-05:00,49.3551027297029,49.83106994580285,49.3551027297029,49.36481475830078,4000,0.0,0.0,0.0
2018-02-22 00:00:00-05:00,49.287107604744286,49.287107604744286,48.90827178955078,48.90827178955078,900,0.0,0.0,0.0
2018-02-23 00:00:00-05:00,49.170529019590745,49.656211853027344,49.044254150832714,49.656211853027344,2000,0.0,0.0,0.0
2018-02-26 00:00:00-05:00,49.753357159613365,50.07390594482422,49.753357159613365,50.07390594482422,3200,0.0,0.0,0.0
2018-02-27 00:00:00-05:00,49.92820436100948,49.92820436100948,48.879127502441406,48.879127502441406,2500,0.0,0.0,0.0
2018-02-28 00:00:00-05:00,49.06368638245582,49.27738805054187,49.06368638245582,49.2191047668457,1600,0.0,0.0,0.0
2018-03-01 00:00:00-05:00,48.58772159360979,48.58772159360979,47.9757600538032,48.072898864746094,3800,0.0,0.0,0.0
2018-03-02 00:00:00-05:00,47.74262647115888,48.21859359741211,47.732910738928155,48.21859359741211,1600,0.0,0.0,0.0
2018-03-05 00:00:00-05:00,48.47115328069127,48.62657165527344,48.47115328069127,48.62657165527344,1500,0.0,0.0,0.0
2018-03-06 00:00:00-05:00,49.14138635022456,49.38422775268555,48.704271084701624,49.38422775268555,2500,0.0,0.0,0.0
2018-03-07 00:00:00-05:00,48.91798752365328,49.11226144556785,48.90827178955078,48.90827178955078,1200,0.0,0.0,0.0
2018-03-08 00:00:00-05:00,49.1316850300763,49.355098724365234,49.12196929680004,49.355098724365234,1200,0.0,0.0,0.0
2018-03-09 00:00:00-05:00,50.083628430137914,50.34589767456055,50.06420066698065,50.34589767456055,4400,0.0,0.0,0.0
2018-03-12 00:00:00-04:00,50.20989139290773,50.20989139290773,50.09332854714891,50.17103958129883,1000,0.0,0.0,0.0
2018-03-13 00:00:00-04:00,50.23903481661844,50.326457877187785,49.79220378178288,49.86020278930664,1500,0.0,0.0,0.0
2018-03-14 00:00:00-04:00,49.90877430133304,49.90877430133304,49.55908203125,49.55908203125,1700,0.0,0.0,0.0
2018-03-15 00:00:00-04:00,49.37453049236551,49.37453049236551,49.32595923297556,49.36481475830078,1100,0.0,0.0,0.0
2018-03-16 00:00:00-04:00,49.30652632606718,49.665934339627434,49.30652632606718,49.617366790771484,2500,0.0,0.0,0.0
2018-03-19 00:00:00-04:00,49.42788664992916,49.42788664992916,48.80603058639897,49.11695861816406,6000,0.015,0.0,0.0
2018-03-20 00:00:00-04:00,49.05866371956258,49.340439710378966,49.02951166726425,49.22384262084961,3300,0.0,0.0,0.0
2018-03-21 00:00:00-04:00,49.17525941288015,49.495902326620666,49.17525941288015,49.2432746887207,2800,0.0,0.0,0.0
2018-03-22 00:00:00-04:00,48.56312404730332,48.679721147504154,48.08701705932617,48.08701705932617,3600,0.0,0.0,0.0
2018-03-23 00:00:00-04:00,47.921834386110675,48.03843148618923,46.99876505298088,47.03763198852539,2700,0.0,0.0,0.0
2018-03-26 00:00:00-04:00,47.824669168067295,48.135597229003906,47.41657377149121,48.135597229003906,2000,0.0,0.0,0.0
2018-03-27 00:00:00-04:00,47.98984459065343,48.10644167839102,47.717783483747525,47.73721694946289,1500,0.0,0.0,0.0
2018-03-28 00:00:00-04:00,46.9793356616617,47.25140052752571,46.716993090359914,46.82387161254883,1900,0.0,0.0,0.0
2018-03-29 00:00:00-04:00,47.57203978685001,47.70807035586614,47.193096428432206,47.68864059448242,2100,0.0,0.0,0.0
2018-04-02 00:00:00-04:00,47.50402299669225,47.50402299669225,46.10484670844561,46.133995056152344,4500,0.0,0.0,0.0
2018-04-03 00:00:00-04:00,46.68783670848179,46.785004046774375,46.68783670848179,46.72670364379883,1300,0.0,0.0,0.0
2018-04-04 00:00:00-04:00,46.075697355331656,47.863535681734724,46.075697355331656,47.85382080078125,35600,0.0,0.0,0.0
2018-04-05 00:00:00-04:00,48.3007789684879,48.43680953979492,47.93155419109886,48.43680953979492,2200,0.0,0.0,0.0
2018-04-06 00:00:00-04:00,47.88295652978069,48.32020018854576,47.12506999229066,47.29024887084961,8900,0.0,0.0,0.0
2018-04-09 00:00:00-04:00,47.688641863796846,47.95098442156493,47.51374435424805,47.51374435424805,2700,0.0,0.0,0.0
2018-04-10 00:00:00-04:00,47.91211326092693,48.25218963623047,47.89267979568751,48.25218963623047,1200,0.0,0.0,0.0
2018-04-11 00:00:00-04:00,48.135597612541574,48.135597612541574,48.07729721069336,48.07729721069336,900,0.0,0.0,0.0
2018-04-12 00:00:00-04:00,48.640843962187816,48.640843962187816,48.495094848839635,48.59225845336914,2100,0.0,0.0,0.0
2018-04-13 00:00:00-04:00,48.64085175107905,48.64085175107905,48.03842544555664,48.03842544555664,5800,0.0,0.0,0.0
2018-04-16 00:00:00-04:00,48.71858813405914,49.01008273814368,48.71858813405914,48.951786041259766,3800,0.0,0.0,0.0
2018-04-17 00:00:00-04:00,49.45704118753871,49.505622999965404,49.45704118753871,49.476470947265625,2200,0.0,0.0,0.0
2018-04-18 00:00:00-04:00,49.71937929144718,50.00115896762317,49.71937929144718,49.748531341552734,1000,0.0,0.0,0.0
2018-04-19 00:00:00-04:00,49.41817715717065,49.41817715717065,49.243279656919526,49.252994537353516,900,0.0,0.0,0.0
2018-04-20 00:00:00-04:00,49.08780784706934,49.08780784706934,48.57283401489258,48.57283401489258,2400,0.0,0.0,0.0
2018-04-23 00:00:00-04:00,48.64086126262164,48.67000961303711,48.64086126262164,48.67000961303711,400,0.0,0.0,0.0
2018-04-24 00:00:00-04:00,48.96149791218753,48.96149791218753,47.86353114085514,48.125877380371094,1900,0.0,0.0,0.0
2018-04-25 00:00:00-04:00,48.3104934599683,48.3104934599683,47.92183154071027,48.125877380371094,1600,0.0,0.0,0.0
2018-04-26 00:00:00-04:00,48.48538905526945,49.09752655029297,48.48538905526945,49.09752655029297,2000,0.0,0.0,0.0
2018-04-27 00:00:00-04:00,49.3695933119311,49.49590528515389,49.05866525905924,49.3598747253418,2600,0.0,0.0,0.0
2018-04-30 00:00:00-04:00,49.563930417044496,49.583363887531185,49.05867501061253,49.068389892578125,57300,0.0,0.0,0.0
2018-05-01 00:00:00-04:00,48.85460998149526,48.85460998149526,48.44651834993352,48.57283401489258,4300,0.0,0.0,0.0
2018-05-02 00:00:00-04:00,48.57284445936325,49.010084528182276,48.57284445936325,48.874053955078125,3300,0.0,0.0,0.0
2018-05-03 00:00:00-04:00,48.32992698258364,48.68943684905327,48.32992698258364,48.650569915771484,9500,0.0,0.0,0.0
2018-05-04 00:00:00-04:00,48.57284936811176,49.16555353845608,48.57284936811176,49.068389892578125,1900,0.0,0.0,0.0
2018-05-07 00:00:00-04:00,49.155835723754755,49.291866302490234,49.13640225442751,49.291866302490234,2900,0.0,0.0,0.0
2018-05-08 00:00:00-04:00,49.252997706165594,49.525062561035156,49.252997706165594,49.525062561035156,7000,0.0,0.0,0.0
2018-05-09 00:00:00-04:00,49.18497690157855,49.767969776709506,49.18497690157855,49.75825119018555,2100,0.0,0.0,0.0
2018-05-10 00:00:00-04:00,49.86513825757221,50.13719940185547,49.86513825757221,50.13719940185547,1000,0.0,0.0,0.0
2018-05-11 00:00:00-04:00,50.525852121454875,50.74933140720555,50.525852121454875,50.71046447753906,3800,0.0,0.0,0.0
2018-05-14 00:00:00-04:00,51.0796984014487,51.0796984014487,50.83678562468452,50.84650421142578,1500,0.0,0.0,0.0
2018-05-15 00:00:00-04:00,50.64244837564599,51.050543717360895,50.64244837564599,51.01167678833008,4200,0.0,0.0,0.0
2018-05-16 00:00:00-04:00,51.71127044060764,51.90559768676758,51.70155185436686,51.90559768676758,2600,0.0,0.0,0.0
2018-05-17 00:00:00-04:00,52.070782089244055,52.15823083565307,51.90559947644713,52.012481689453125,6500,0.0,0.0,0.0
2018-05-18 00:00:00-04:00,51.827876018059875,51.97362518310547,51.827876018059875,51.97362518310547,5000,0.0,0.0,0.0
2018-05-21 00:00:00-04:00,51.963903437617105,52.401147199628966,51.963903437617105,52.22624969482422,3100,0.0,0.0,0.0
2018-05-22 00:00:00-04:00,52.10964206873331,52.10964206873331,51.740413665771484,51.740413665771484,700,0.0,0.0,0.0
2018-05-23 00:00:00-04:00,51.439212295792665,51.682125091552734,51.439212295792665,51.682125091552734,2300,0.0,0.0,0.0
2018-05-24 00:00:00-04:00,51.75013796015398,51.85702017834385,51.43920989263158,51.84730529785156,2000,0.0,0.0,0.0
2018-05-25 00:00:00-04:00,51.50722099357467,51.83758250181263,51.50722099357467,51.720985412597656,2300,0.0,0.0,0.0
2018-05-29 00:00:00-04:00,51.38091571299021,51.63354339026671,51.303181839025065,51.49751281738281,1800,0.0,0.0,0.0
2018-05-30 00:00:00-04:00,52.22625008073105,52.22625008073105,52.06107116194771,52.16794967651367,3500,0.0,0.0,0.0
2018-05-31 00:00:00-04:00,52.119364385852975,52.119364385852975,51.769569396972656,51.769569396972656,1100,0.0,0.0,0.0
2018-06-01 00:00:00-04:00,52.47887775256292,52.47887775256292,52.16794967651367,52.16794967651367,3200,0.0,0.0,0.0
2018-06-04 00:00:00-04:00,52.49831036135594,52.99385452270508,52.478876893601566,52.99385452270508,190300,0.0,0.0,0.0
2018-06-05 00:00:00-04:00,52.82866967635252,53.479677845778795,52.78980644903462,53.4699592590332,70200,0.0,0.0,0.0
2018-06-06 00:00:00-04:00,53.14932351211622,53.89749541089773,53.14932351211622,53.868343353271484,177900,0.0,0.0,0.0
2018-06-07 00:00:00-04:00,53.887769824459305,54.37359538084257,53.829473129888406,53.96550369262695,17500,0.0,0.0,0.0
2018-06-08 00:00:00-04:00,54.14039718333931,54.33472442626953,54.111245131656126,54.33472442626953,25200,0.0,0.0,0.0
2018-06-11 00:00:00-04:00,54.966305136559555,54.966305136559555,54.38331593047993,54.567928314208984,11300,0.0,0.0,0.0
2018-06-12 00:00:00-04:00,54.5387772141298,55.0246027635356,54.5387772141298,54.946868896484375,6500,0.0,0.0,0.0
2018-06-13 00:00:00-04:00,55.21893728728912,55.21893728728912,54.60679601770764,54.63594436645508,4600,0.0,0.0,0.0
2018-06-14 00:00:00-04:00,54.597072370176626,54.86913719063862,54.597072370176626,54.81083679199219,72500,0.0,0.0,0.0
2018-06-15 00:00:00-04:00,54.499916843939076,54.995457333126,54.499916843939076,54.90800857543945,35900,0.0,0.0,0.0
2018-06-18 00:00:00-04:00,55.289440395434774,55.33809280395508,55.13375046100529,55.33809280395508,2300,0.082,0.0,0.0
2018-06-19 00:00:00-04:00,54.93914817982554,54.98780059814453,54.46234928358121,54.98780059814453,2200,0.0,0.0,0.0
2018-06-20 00:00:00-04:00,55.34782973631638,55.5619010925293,55.1726780827251,55.5619010925293,8600,0.0,0.0,0.0
2018-06-21 00:00:00-04:00,55.63002127865902,55.63002127865902,55.133760680659144,55.396488189697266,2400,0.0,0.0,0.0
2018-06-22 00:00:00-04:00,55.84408897132055,55.84408897132055,54.97806343327336,55.01698684692383,32400,0.0,0.0,0.0
2018-06-25 00:00:00-04:00,54.968333363488206,54.968333363488206,53.52819678204395,53.9660758972168,2700,0.0,0.0,0.0
2018-06-26 00:00:00-04:00,54.00500797241575,54.209350354958914,53.82012729943977,54.16069793701172,1700,0.0,0.0,0.0
2018-06-27 00:00:00-04:00,54.67640124389129,54.67640124389129,54.09256500757621,54.20933151245117,2000,0.0,0.0,0.0
2018-06-28 00:00:00-04:00,53.508742546067765,53.508742546067765,53.01247827669992,53.23628234863281,3200,0.0,0.0,0.0
2018-06-29 00:00:00-04:00,53.64496640357979,53.82984704477434,53.265472412109375,53.265472412109375,1300,0.0,0.0,0.0
2018-07-02 00:00:00-04:00,52.740009052181634,53.25573119285133,52.613509837925555,53.246002197265625,177800,0.0,0.0,0.0
2018-07-03 00:00:00-04:00,53.46981896258043,53.69362303381072,53.00274911236839,53.06113052368164,140500,0.0,0.0,0.0
2018-07-05 00:00:00-04:00,53.70335236780074,53.70335236780074,52.9832877361955,53.411434173583984,375000,0.0,0.0,0.0
2018-07-06 00:00:00-04:00,53.693622520797646,54.17042136435928,53.50874186683677,54.121768951416016,86700,0.0,0.0,0.0
2018-07-09 00:00:00-04:00,54.56937467331311,54.56937467331311,54.12176287345555,54.41368103027344,14700,0.0,0.0,0.0
2018-07-10 00:00:00-04:00,55.04617837987862,55.04617837987862,54.10230600032106,54.3066520690918,5000,0.0,0.0,0.0
2018-07-11 00:00:00-04:00,53.790921566378074,54.11203413879137,53.790921566378074,54.03418731689453,34900,0.0,0.0,0.0
2018-07-12 00:00:00-04:00,54.07312137808359,54.36503959381139,54.07312137808359,54.31638717651367,2800,0.0,0.0,0.0
2018-07-13 00:00:00-04:00,54.85156408150128,54.85156408150128,54.715335845947266,54.715335845947266,2000,0.0,0.0,0.0
2018-07-16 00:00:00-04:00,54.72507324783752,54.783454661257565,54.686149830929935,54.73480224609375,4900,0.0,0.0,0.0
2018-07-17 00:00:00-04:00,54.92941829983223,55.43541160850473,54.812651755351354,55.396488189697266,11600,0.0,0.0,0.0
2018-07-18 00:00:00-04:00,55.19214019265885,55.503520087550314,55.19214019265885,55.48405838012695,14300,0.0,0.0,0.0
2018-07-19 00:00:00-04:00,55.07537309609989,55.785712465859866,55.07537309609989,55.51325225830078,26900,0.0,0.0,0.0
2018-07-20 00:00:00-04:00,55.57162956156972,55.65920538168261,55.33809280395508,55.33809280395508,8200,0.0,0.0,0.0
2018-07-23 00:00:00-04:00,54.94886910581421,55.29917238168821,54.94886910581421,55.192134857177734,4900,0.0,0.0,0.0
2018-07-24 00:00:00-04:00,54.97806023934941,54.97806023934941,54.09257304591894,54.433143615722656,4700,0.0,0.0,0.0
2018-07-25 00:00:00-04:00,54.384493084155565,54.773719787597656,54.384493084155565,54.773719787597656,7500,0.0,0.0,0.0
2018-07-26 00:00:00-04:00,55.0656314213059,55.27970645397617,54.72506088018548,54.841827392578125,1100,0.0,0.0,0.0
2018-07-27 00:00:00-04:00,54.715348650239385,54.715348650239385,53.43090539737636,53.625518798828125,5900,0.0,0.0,0.0
2018-07-30 00:00:00-04:00,53.90769697470589,53.90769697470589,52.74002051773436,52.99301528930664,2500,0.0,0.0,0.0
2018-07-31 00:00:00-04:00,53.01247237710868,53.62550311318854,53.01247237710868,53.40169906616211,16000,0.0,0.0,0.0
2018-08-01 00:00:00-04:00,53.391969582655946,53.518468821030964,52.808133225748385,53.00274658203125,7600,0.0,0.0,0.0
2018-08-02 00:00:00-04:00,52.90544937608662,53.771475099441574,52.90544937608662,53.7325553894043,17800,0.0,0.0,0.0
2018-08-03 00:00:00-04:00,53.81038942707433,53.81038942707433,53.44062440464949,53.61577606201172,1500,0.0,0.0,0.0
2018-08-06 00:00:00-04:00,53.67415637225928,53.8687697198713,53.67415637225928,53.849308013916016,1000,0.0,0.0,0.0
2018-08-07 00:00:00-04:00,54.345577884504,54.44288643104094,54.2774637578989,54.31638717651367,2100,0.0,0.0,0.0
2018-08-08 00:00:00-04:00,54.501261485338176,54.5693793159337,54.41368565964802,54.55964660644531,2100,0.0,0.0,0.0
2018-08-09 00:00:00-04:00,55.12402954656764,55.211605379521224,55.0559154222639,55.133758544921875,3700,0.0,0.0,0.0
2018-08-10 00:00:00-04:00,54.98780495512707,55.87329240168438,54.98780495512707,55.688411712646484,2100,0.0,0.0,0.0
2018-08-13 00:00:00-04:00,55.54244579939274,55.54244579939274,55.49378967285156,55.49378967285156,500,0.0,0.0,0.0
2018-08-14 00:00:00-04:00,55.620282226699196,56.06789032625644,55.27971165354496,55.9413948059082,1600,0.0,0.0,0.0
2018-08-15 00:00:00-04:00,55.464601930963404,55.464601930963404,54.85157108080387,55.17268371582031,1600,0.0,0.0,0.0
2018-08-16 00:00:00-04:00,55.64948441273682,55.64948441273682,55.386756896972656,55.386756896972656,900,0.0,0.0,0.0
2018-08-17 00:00:00-04:00,55.532708909760316,55.6981315612793,55.46459479205868,55.6981315612793,1400,0.0,0.0,0.0
2018-08-20 00:00:00-04:00,58.54920453503783,58.54920453503783,55.91220444338009,56.29169845581055,5600,0.0,0.0,0.0
2018-08-21 00:00:00-04:00,56.30142702276369,56.84633993920861,56.30142702276369,56.79768753051758,4800,0.0,0.0,0.0
2018-08-22 00:00:00-04:00,56.826880131854665,57.1479889885211,56.826880131854665,56.88526153564453,21400,0.0,0.0,0.0
2018-08-23 00:00:00-04:00,57.29395094125399,57.391255757262165,56.94364766451928,57.20637512207031,8600,0.0,0.0,0.0
2018-08-24 00:00:00-04:00,57.00204116975267,57.65399169921875,57.00204116975267,57.65399169921875,1600,0.0,0.0,0.0
2018-08-27 00:00:00-04:00,57.86806742621805,57.86806742621805,57.62480163574219,57.62480163574219,5900,0.0,0.0,0.0
2018-08-28 00:00:00-04:00,57.59559961278106,57.92644119262695,57.31341415415969,57.92644119262695,3200,0.0,0.0,0.0
2018-08-29 00:00:00-04:00,57.7804918900574,58.27675247192383,57.69291605655845,58.27675247192383,2800,0.0,0.0,0.0
2018-08-30 00:00:00-04:00,58.14051488139669,58.14051488139669,57.64425437926131,57.80967330932617,4200,0.0,0.0,0.0
2018-08-31 00:00:00-04:00,57.52748985524628,58.325401306152344,57.52748985524628,58.325401306152344,3500,0.0,0.0,0.0
2018-09-04 00:00:00-04:00,58.19890278474736,58.47135925292969,58.10159425186726,58.47135925292969,10800,0.0,0.0,0.0
2018-09-05 00:00:00-04:00,58.43244156737098,58.43244156737098,56.94365613181283,57.22584533691406,9700,0.0,0.0,0.0
2018-09-06 00:00:00-04:00,57.79021081728764,57.79021081728764,56.80741882324219,56.80741882324219,24700,0.0,0.0,0.0
2018-09-07 00:00:00-04:00,56.93392759274078,57.89726181758174,56.93392759274078,57.44965362548828,3000,0.0,0.0,0.0
2018-09-10 00:00:00-04:00,58.36433256627151,58.36433256627151,57.488577879289565,57.7707633972168,4200,0.0,0.0,0.0
2018-09-11 00:00:00-04:00,58.344864299276814,58.354597009249794,57.77075690493218,58.26702117919922,7400,0.0,0.0,0.0
2018-09-12 00:00:00-04:00,58.052936747033264,58.22808837890625,57.8875178235647,58.22808837890625,1200,0.0,0.0,0.0
2018-09-13 00:00:00-04:00,58.22808774137047,58.28647285533577,58.15997363104794,58.25727844238281,5300,0.0,0.0,0.0
2018-09-14 00:00:00-04:00,58.51027954215909,58.53947024449411,58.247552085321566,58.31566619873047,4300,0.0,0.0,0.0
2018-09-17 00:00:00-04:00,58.5394740111706,58.5394740111706,57.52748752977892,57.585872650146484,10100,0.0,0.0,0.0
2018-09-18 00:00:00-04:00,57.868053925418586,58.091857955009225,57.868053925418586,57.96535873413086,2400,0.0,0.0,0.0
2018-09-19 00:00:00-04:00,57.75129789564194,57.799954023898046,57.30368972644061,57.469112396240234,2900,0.0,0.0,0.0
2018-09-20 00:00:00-04:00,57.692915043283314,57.78049087524414,57.58587750289326,57.78049087524414,7300,0.0,0.0,0.0
2018-09-21 00:00:00-04:00,57.68317794799805,57.887524014999734,57.63452553659424,57.68317794799805,25800,0.0,0.0,0.0
2018-09-24 00:00:00-04:00,57.43781661987305,57.53518386610812,57.34044565931562,57.43781661987305,3300,0.038,0.0,0.0
2018-09-25 00:00:00-04:00,57.85649487311929,57.866233825683594,57.7493923951667,57.866233825683594,2100,0.0,0.0,0.0
2018-09-26 00:00:00-04:00,58.44070463538035,58.75228423394756,58.411495208740234,58.411495208740234,1200,0.0,0.0,0.0
2018-09-27 00:00:00-04:00,58.5965125034792,58.75230235080215,58.51861572265625,58.51861572265625,5500,0.0,0.0,0.0
2018-09-28 00:00:00-04:00,58.771765967521546,58.830184828300844,58.42123794555664,58.42123794555664,6200,0.0,0.0,0.0
2018-10-01 00:00:00-04:00,58.177807000127004,58.177807000127004,57.72991180419922,57.72991180419922,2500,0.0,0.0,0.0
2018-10-02 00:00:00-04:00,56.82439507507135,56.82439507507135,55.76307570127484,55.87991714477539,36800,0.0,0.0,0.0
2018-10-03 00:00:00-04:00,56.38622605647432,56.38622605647432,56.025962829589844,56.025962829589844,3500,0.0,0.0,0.0
2018-10-04 00:00:00-04:00,55.062016639092896,55.24701960516408,54.74070175823199,54.9354362487793,4800,0.0,0.0,0.0
2018-10-05 00:00:00-04:00,54.877019651692414,55.20807349933409,53.5917526465712,54.26359558105469,13800,0.0,0.0,0.0
2018-10-08 00:00:00-04:00,54.13700530154831,54.13700530154831,53.12437346510251,54.088321685791016,1900,0.0,0.0,0.0
2018-10-09 00:00:00-04:00,53.815699159652176,53.97148898383538,53.815699159652176,53.96175003051758,1300,0.0,0.0,0.0
2018-10-10 00:00:00-04:00,52.54016271144486,52.54016271144486,51.93647766113281,51.93647766113281,3900,0.0,0.0,0.0
2018-10-11 00:00:00-04:00,52.09226523255469,52.238319798374725,51.32305145263672,51.32305145263672,2300,0.0,0.0,0.0
2018-10-12 00:00:00-04:00,52.79333324637794,52.97833251953125,52.2870153408648,52.97833251953125,2200,0.0,0.0,0.0
2018-10-15 00:00:00-04:00,52.65701047078445,53.056222111450516,52.61806208771404,52.92964172363281,11200,0.0,0.0,0.0
2018-10-16 00:00:00-04:00,53.57226867298448,54.088321685791016,53.57226867298448,54.088321685791016,1600,0.0,0.0,0.0
2018-10-17 00:00:00-04:00,54.08832016924029,54.08832016924029,53.59174135952431,53.82542419433594,3800,0.0,0.0,0.0
2018-10-18 00:00:00-04:00,53.62095096542571,53.62095096542571,52.5012092590332,52.5012092590332,1300,0.0,0.0,0.0
2018-10-19 00:00:00-04:00,52.28700637817383,52.28700637817383,52.28700637817383,52.28700637817383,700,0.0,0.0,0.0
2018-10-22 00:00:00-04:00,52.014364433603966,52.23831574095259,51.98515500843745,52.218841552734375,3200,0.0,0.0,0.0
2018-10-23 00:00:00-04:00,51.186737618026754,51.68332018761791,50.670684572349934,51.556739807128906,15100,0.0,0.0,0.0
2018-10-24 00:00:00-04:00,51.332795098028235,51.55674272892512,49.52173614501953,49.52173614501953,2500,0.0,0.0,0.0
2018-10-25 00:00:00-04:00,49.72620284095251,50.563574390770995,49.72620284095251,50.28120422363281,4400,0.0,0.0,0.0
2018-10-26 00:00:00-04:00,49.268576397384045,49.268576397384045,48.450678908459075,48.976470947265625,2500,0.0,0.0,0.0
2018-10-29 00:00:00-04:00,49.75542295002049,49.843054961591776,47.700945726422624,47.817787170410156,12100,0.0,0.0,0.0
2018-10-30 00:00:00-04:00,47.93462668556037,49.7359504699707,47.93462668556037,49.7359504699707,2900,0.0,0.0,0.0
2018-10-31 00:00:00-04:00,50.27147274640282,51.11857959685482,50.27147274640282,50.71936798095703,14000,0.0,0.0,0.0
2018-11-01 00:00:00-04:00,50.56358770589669,51.449643104059064,50.31042689823732,51.35227584838867,3000,0.0,0.0,0.0
2018-11-02 00:00:00-04:00,51.99490374228584,51.99490374228584,51.11858367919922,51.11858367919922,20000,0.0,0.0,0.0
2018-11-05 00:00:00-05:00,51.49831699854367,51.49831699854367,50.768051576070114,51.147789001464844,4100,0.0,0.0,0.0
2018-11-06 00:00:00-05:00,51.42042163010294,51.60542085828811,51.18673507116003,51.410682678222656,11500,0.0,0.0,0.0
2018-11-07 00:00:00-05:00,51.887793796901995,52.822532653808594,51.887793796901995,52.822532653808594,3500,0.0,0.0,0.0
2018-11-08 00:00:00-05:00,53.07568930014428,54.029906054635696,53.07568930014428,53.72806167602539,3200,0.0,0.0,0.0
2018-11-09 00:00:00-05:00,52.57911610800492,52.57911610800492,52.0046404315853,52.23832702636719,1700,0.0,0.0,0.0
2018-11-12 00:00:00-05:00,51.92674853958494,51.92674853958494,51.0601636716922,51.25490188598633,2400,0.0,0.0,0.0
2018-11-13 00:00:00-05:00,51.40095310631556,51.40095310631556,50.93358365123594,51.206214904785156,4300,0.0,0.0,0.0
2018-11-14 00:00:00-05:00,51.61515686995489,51.61515686995489,51.089368604510945,51.32305145263672,2800,0.0,0.0,0.0
2018-11-15 00:00:00-05:00,50.70963271943832,51.147789001464844,50.20331491413801,51.147789001464844,5400,0.0,0.0,0.0
2018-11-16 00:00:00-05:00,50.85569217201686,50.85569217201686,50.446745249177596,50.62200927734375,2400,0.0,0.0,0.0
2018-11-19 00:00:00-05:00,49.87226227349395,49.92094589326611,48.869361877441406,48.869361877441406,3100,0.0,0.0,0.0
2018-11-20 00:00:00-05:00,47.934625332562746,47.934625332562746,47.097253660283734,47.33094024658203,8700,0.0,0.0,0.0
2018-11-21 00:00:00-05:00,47.87619761667185,48.61620196522282,47.87619761667185,48.333831787109375,6200,0.0,0.0,0.0
2018-11-23 00:00:00-05:00,48.60646755306283,48.684364318847656,48.586997075938854,48.684364318847656,1500,0.0,0.0,0.0
2018-11-26 00:00:00-05:00,49.16147437761024,49.77489471435547,49.15173542439834,49.77489471435547,24600,0.0,0.0,0.0
2018-11-27 00:00:00-05:00,49.66778668523045,49.67752563808358,49.49252639141854,49.56068420410156,3800,0.0,0.0,0.0
2018-11-28 00:00:00-05:00,50.10594869103913,51.46911242736013,50.10594869103913,51.459373474121094,6200,0.0,0.0,0.0
2018-11-29 00:00:00-05:00,51.410686297313596,52.02411030768955,51.284105914212056,51.85858154296875,4200,0.0,0.0,0.0
2018-11-30 00:00:00-05:00,51.89752043758996,52.043574984801985,51.576205633773505,51.63462448120117,14400,0.0,0.0,0.0
2018-12-03 00:00:00-05:00,52.7154303597933,52.7154303597933,51.82937505642276,52.384376525878906,2800,0.0,0.0,0.0
2018-12-04 00:00:00-05:00,52.04360349409031,52.08255188992549,50.2325439453125,50.2325439453125,57800,0.0,0.0,0.0
2018-12-06 00:00:00-05:00,49.2296232750648,50.37857440066648,48.94725311222741,50.36883544921875,5200,0.0,0.0,0.0
2018-12-07 00:00:00-05:00,49.989101631925045,49.989101631925045,48.986204991761426,49.10304641723633,3200,0.0,0.0,0.0
2018-12-10 00:00:00-05:00,48.645416715496275,48.66489090725455,47.749626180549136,48.59673309326172,7100,0.0,0.0,0.0
2018-12-11 00:00:00-05:00,49.03488279280792,49.210146767390754,48.46040725708008,48.46040725708008,11800,0.0,0.0,0.0
2018-12-12 00:00:00-05:00,49.30752758233106,49.512001037597656,49.30752758233106,49.512001037597656,1500,0.0,0.0,0.0
2018-12-13 00:00:00-05:00,49.32699989565996,49.32699989565996,48.012523488382314,48.03199768066406,3700,0.0,0.0,0.0
2018-12-14 00:00:00-05:00,47.91514757393629,48.012518525279695,47.184882153309786,47.301727294921875,6000,0.0,0.0,0.0
2018-12-17 00:00:00-05:00,46.328033306807846,46.81487684951417,45.89960861206055,45.89960861206055,9700,0.0,0.0,0.0
2018-12-18 00:00:00-05:00,46.35724914975364,46.71751238123102,46.35724914975364,46.474090576171875,3100,0.0,0.0,0.0
2018-12-19 00:00:00-05:00,46.78567235066688,46.92198797350529,45.27645783244965,45.37382507324219,6100,0.0,0.0,0.0
2018-12-20 00:00:00-05:00,44.789620498478946,45.20830637854532,43.67961745433001,44.254093170166016,63500,0.0,0.0,0.0
2018-12-21 00:00:00-05:00,44.18591943467613,44.312496077052884,42.92986224687235,43.007755279541016,9000,0.0,0.0,0.0
2018-12-24 00:00:00-05:00,42.32732346616141,42.91222655299332,42.31757675479565,42.36631774902344,3300,0.052,0.0,0.0
2018-12-26 00:00:00-05:00,42.824500202891855,45.066619873046875,42.775759198503756,45.066619873046875,7400,0.0,0.0,0.0
2018-12-27 00:00:00-05:00,44.40372632972849,45.21284103393555,43.35090663360945,45.21284103393555,22300,0.0,0.0,0.0
2018-12-28 00:00:00-05:00,45.36881744365846,45.95371690011274,44.82290855725443,45.28108215332031,11900,0.0,0.0,0.0
2018-12-31 00:00:00-05:00,45.78800172700069,45.78800172700069,45.32008136724585,45.495548248291016,13900,0.0,0.0,0.0
2019-01-02 00:00:00-05:00,44.520707730766816,45.651519775390625,44.520707730766816,45.651519775390625,6900,0.0,0.0,0.0
2019-01-03 00:00:00-05:00,44.540192147386755,45.154338995062695,44.46220731203842,45.14459228515625,1400,0.0,0.0,0.0
2019-01-04 00:00:00-05:00,45.65151269140666,46.27540633045523,45.65151269140666,46.236412048339844,4600,0.0,0.0,0.0
2019-01-07 00:00:00-05:00,46.33389980593097,47.66942624448059,46.33389980593097,47.32823181152344,161400,0.0,0.0,0.0
2019-01-08 00:00:00-05:00,47.51345549201314,48.04961395263672,47.12352003772321,48.04961395263672,95000,0.0,0.0,0.0
2019-01-09 00:00:00-05:00,48.35181374749061,48.49804048265715,48.0301201363047,48.40055847167969,317800,0.0,0.0,0.0
2019-01-10 00:00:00-05:00,47.649924822440525,48.088601214738986,47.42571327053232,48.0008659362793,8000,0.0,0.0,0.0
2019-01-11 00:00:00-05:00,47.94237726133423,48.166588826104544,47.8838858327725,48.08860397338867,15600,0.0,0.0,0.0
2019-01-14 00:00:00-05:00,47.77665345036729,47.89363630759834,47.74740959540941,47.76690673828125,7500,0.0,0.0,0.0
2019-01-15 00:00:00-05:00,47.88388138118239,48.02035764977229,47.737658401421534,47.82539367675781,18200,0.0,0.0,0.0
2019-01-16 00:00:00-05:00,48.2250865056445,48.2250865056445,48.020368338492574,48.195838928222656,8700,0.0,0.0,0.0
2019-01-17 00:00:00-05:00,47.844906161196995,48.74175262451172,47.844906161196995,48.74175262451172,2000,0.0,0.0,0.0
2019-01-18 00:00:00-05:00,49.01470407783984,49.4533805847168,49.01470407783984,49.4533805847168,2800,0.0,0.0,0.0
2019-01-22 00:00:00-05:00,49.27789529528284,49.32663628847572,48.410292972871574,48.45903396606445,5900,0.0,0.0,0.0
2019-01-23 00:00:00-05:00,48.946452669226005,49.043938376967745,48.30306187292855,48.66374969482422,29600,0.0,0.0,0.0
2019-01-24 00:00:00-05:00,48.917220907016116,48.975712346118364,48.76124745477723,48.92696762084961,3100,0.0,0.0,0.0
2019-01-25 00:00:00-05:00,49.404637620709934,49.404637620709934,49.277908030696835,49.30715560913086,8000,0.0,0.0,0.0
2019-01-28 00:00:00-05:00,48.84898015855162,49.20966805043304,48.84898015855162,49.14142990112305,1700,0.0,0.0,0.0
2019-01-29 00:00:00-05:00,48.761243200654434,48.96595764160156,48.751492768971175,48.96595764160156,3900,0.0,0.0,0.0
2019-01-30 00:00:00-05:00,49.15117805165439,49.52161638638354,48.89772259233467,49.33639907836914,6900,0.0,0.0,0.0
2019-01-31 00:00:00-05:00,49.41438498685376,49.71658517665973,49.41438498685376,49.560611724853516,20300,0.0,0.0,0.0
2019-02-01 00:00:00-05:00,49.814061600383795,50.03827689847989,49.70683288574219,49.70683288574219,11900,0.0,0.0,0.0
2019-02-04 00:00:00-05:00,49.8628084289469,50.52569648245851,49.85305799712164,50.46720504760742,3000,0.0,0.0,0.0
2019-02-05 00:00:00-05:00,50.983863765450835,51.11059334179571,50.798646475946754,50.993614196777344,2800,0.0,0.0,0.0
2019-02-06 00:00:00-05:00,50.99360958140964,50.99360958140964,50.49644175235468,50.740150451660156,2900,0.0,0.0,0.0
2019-02-07 00:00:00-05:00,50.3209702656296,50.554932248886615,50.18449399152116,50.50619125366211,3000,0.0,0.0,0.0
2019-02-08 00:00:00-05:00,50.33072896416085,50.7596549987793,50.33072896416085,50.7596549987793,700,0.0,0.0,0.0
2019-02-11 00:00:00-05:00,51.120350838635794,51.44204820367569,51.11060412395312,51.354312896728516,3800,0.0,0.0,0.0
2019-02-12 00:00:00-05:00,51.60775288663178,52.13416457023598,51.60775288663178,51.99768829345703,2300,0.0,0.0,0.0
2019-02-13 00:00:00-05:00,51.65649910244011,51.8709602355957,51.45178096262376,51.8709602355957,4400,0.0,0.0,0.0
2019-02-14 00:00:00-05:00,51.286062431661506,52.056182861328125,51.286062431661506,52.056182861328125,2200,0.0,0.0,0.0
2019-02-15 00:00:00-05:00,52.397379159832326,52.40712587321534,52.22190856933594,52.22190856933594,3000,0.0,0.0,0.0
2019-02-19 00:00:00-05:00,52.494866202311044,52.52411378266523,52.436378479003906,52.436378479003906,2100,0.0,0.0,0.0
2019-02-20 00:00:00-05:00,52.01719031862023,52.01719031862023,51.90995788574219,51.90995788574219,1000,0.0,0.0,0.0
2019-02-21 00:00:00-05:00,51.792974909442705,51.812472052042104,51.59800720214844,51.59800720214844,1900,0.0,0.0,0.0
2019-02-22 00:00:00-05:00,52.65082971776261,53.31371772717702,52.65082971776261,53.245479583740234,2600,0.0,0.0,0.0
2019-02-25 00:00:00-05:00,53.547681880839264,53.547681880839264,53.070011138916016,53.070011138916016,1800,0.0,0.0,0.0
2019-02-26 00:00:00-05:00,52.93353166598711,53.34296423713433,52.93353166598711,53.333213806152344,2000,0.0,0.0,0.0
2019-02-27 00:00:00-05:00,53.26497156656921,53.48918311880914,53.26497156656921,53.362457275390625,3300,0.0,0.0,0.0
2019-02-28 00:00:00-05:00,53.18698907968851,53.54767692159324,53.15774150639373,53.47943878173828,900,0.0,0.0,0.0
2019-03-01 00:00:00-05:00,53.41120535375928,53.86937523053326,53.20649091613473,53.713401794433594,1400,0.0,0.0,0.0
2019-03-04 00:00:00-05:00,53.606171547355444,53.606171547355444,52.572845238523534,52.90428924560547,2900,0.0,0.0,0.0
2019-03-05 00:00:00-05:00,53.18700300630984,53.29423174080202,53.18700300630984,53.27473831176758,1200,0.0,0.0,0.0
2019-03-06 00:00:00-05:00,52.836055755615234,52.836055755615234,52.836055755615234,52.836055755615234,300,0.0,0.0,0.0
2019-03-07 00:00:00-05:00,52.387626019469785,52.387626019469785,51.890458167823105,52.124420166015625,1500,0.0,0.0,0.0
2019-03-08 00:00:00-05:00,51.73449302714304,51.753990173339844,51.520028137678594,51.753990173339844,2400,0.0,0.0,0.0
2019-03-11 00:00:00-04:00,52.7775616413373,52.7775616413373,52.73856735229492,52.73856735229492,600,0.0,0.0,0.0
2019-03-12 00:00:00-04:00,52.631340691302626,52.894542855869396,52.62159025931113,52.884796142578125,3800,0.0,0.0,0.0
2019-03-13 00:00:00-04:00,53.01152297171931,53.109004974365234,53.01152297171931,53.109004974365234,300,0.0,0.0,0.0
2019-03-14 00:00:00-04:00,52.99202750987843,53.06026565763706,52.972530364990234,52.972530364990234,800,0.0,0.0,0.0
2019-03-15 00:00:00-04:00,52.79705029652869,53.12849426269531,52.79705029652869,53.12849426269531,1600,0.0,0.0,0.0
2019-03-18 00:00:00-04:00,53.03102711429941,53.157752990722656,53.03102711429941,53.157752990722656,1900,0.0,0.0,0.0
2019-03-19 00:00:00-04:00,53.24549158447476,53.24549158447476,53.20650100708008,53.20650100708008,900,0.0,0.0,0.0
2019-03-20 00:00:00-04:00,53.196738976247055,53.52818298339844,53.10900368850993,53.52818298339844,1400,0.0,0.0,0.0
2019-03-21 00:00:00-04:00,53.66466056657116,53.7328987121582,53.66466056657116,53.7328987121582,1000,0.0,0.0,0.0
2019-03-22 00:00:00-04:00,52.88479423175145,53.040767669677734,52.88479423175145,53.040767669677734,500,0.0,0.0,0.0
2019-03-25 00:00:00-04:00,52.66058500339785,52.845802307128906,52.66058500339785,52.845802307128906,400,0.0,0.0,0.0
2019-03-26 00:00:00-04:00,53.284463782085616,53.59641058407498,52.81654357910156,52.81654357910156,900,0.0,0.0,0.0
2019-03-27 00:00:00-04:00,52.728816986083984,52.728816986083984,52.728816986083984,52.728816986083984,600,0.0,0.0,0.0
2019-03-28 00:00:00-04:00,53.19673089804747,53.25522232055664,53.19673089804747,53.25522232055664,1200,0.0,0.0,0.0
2019-03-29 00:00:00-04:00,53.26498578635768,53.45020682321579,53.26498578635768,53.44045639038086,1600,0.0,0.0,0.0
2019-04-01 00:00:00-04:00,53.61592034003321,53.77189377772894,53.5379317618353,53.67441177368164,2500,0.0,0.0,0.0
2019-04-02 00:00:00-04:00,53.71340263669096,53.71340263669096,53.645164489746094,53.645164489746094,600,0.0,0.0,0.0
2019-04-03 00:00:00-04:00,53.7718919383895,54.15207694734935,53.7718919383895,54.1325798034668,2400,0.0,0.0,0.0
2019-04-04 00:00:00-04:00,54.22031785228375,54.22031785228375,53.90837097167969,53.90837097167969,800,0.0,0.0,0.0
2019-04-05 00:00:00-04:00,54.23006546222559,54.542012326597586,54.23006546222559,54.45427703857422,3100,0.0,0.0,0.0
2019-04-08 00:00:00-04:00,54.17157212548942,54.298301696777344,54.00585198655122,54.298301696777344,500,0.0,0.0,0.0
2019-04-09 00:00:00-04:00,54.298301696777344,54.298301696777344,54.298301696777344,54.298301696777344,100,0.0,0.0,0.0
2019-04-10 00:00:00-04:00,54.873451232910156,54.873451232910156,54.873451232910156,54.873451232910156,900,0.0,0.0,0.0
2019-04-11 00:00:00-04:00,55.14640724364334,55.23414252901326,55.07816910154449,55.21464538574219,3300,0.0,0.0,0.0
2019-04-12 00:00:00-04:00,55.546094219276185,55.546094219276185,55.448612213134766,55.448612213134766,400,0.0,0.0,0.0
2019-04-15 00:00:00-04:00,55.04893112182617,55.04893112182617,55.04893112182617,55.04893112182617,300,0.0,0.0,0.0
2019-04-16 00:00:00-04:00,55.45834918479388,55.71180830616075,55.45834918479388,55.62407302856445,1800,0.0,0.0,0.0
2019-04-17 00:00:00-04:00,55.65332451613117,55.65332451613117,55.08791848990306,55.3121337890625,1800,0.0,0.0,0.0
2019-04-18 00:00:00-04:00,54.50302712048427,54.95145034790039,54.50302712048427,54.95145034790039,1100,0.0,0.0,0.0
2019-04-22 00:00:00-04:00,54.91244888305664,54.91244888305664,54.91244888305664,54.91244888305664,1400,0.0,0.0,0.0
2019-04-23 00:00:00-04:00,55.594839735393464,55.594839735393464,55.35113098155611,55.3901252746582,1700,0.0,0.0,0.0
2019-04-24 00:00:00-04:00,55.61432983903335,55.6825679839702,55.61432983903335,55.653324127197266,800,0.0,0.0,0.0
2019-04-25 00:00:00-04:00,55.58508221457799,55.58508221457799,55.33162307739258,55.33162307739258,1300,0.0,0.0,0.0
2019-04-26 00:00:00-04:00,55.4583625793457,55.4583625793457,55.4583625793457,55.4583625793457,200,0.0,0.0,0.0
2019-04-29 00:00:00-04:00,55.438852043250314,55.71180830616075,55.35111676565402,55.62407302856445,1800,0.0,0.0,0.0
2019-04-30 00:00:00-04:00,55.51684744777771,55.51684744777771,55.37062072753906,55.37062072753906,1600,0.0,0.0,0.0
2019-05-01 00:00:00-04:00,55.28288452029054,55.380370238396004,54.82471466064453,54.82471466064453,2700,0.0,0.0,0.0
2019-05-02 00:00:00-04:00,54.9221990878898,54.93194580078125,54.522516922739186,54.93194580078125,1600,0.0,0.0,0.0
2019-05-03 00:00:00-04:00,55.477848052978516,55.477848052978516,55.477848052978516,55.477848052978516,300,0.0,0.0,0.0
2019-05-06 00:00:00-04:00,54.863711211039174,55.35112869861045,54.80522349249882,55.26339340209961,45500,0.0,0.0,0.0
2019-05-07 00:00:00-04:00,54.697993760423294,55.15616741142603,53.92787319941458,54.11309051513672,169300,0.0,0.0,0.0
2019-05-08 00:00:00-04:00,54.532267677459394,55.0684298937301,54.356797082807226,54.60050582885742,297300,0.0,0.0,0.0
2019-05-09 00:00:00-04:00,53.9278713136433,54.11308862288869,53.05051833574331,53.957115173339844,27800,0.0,0.0,0.0
2019-05-10 00:00:00-04:00,53.68415825982266,53.97660798942921,53.07976165614243,53.69390869140625,3900,0.0,0.0,0.0
2019-05-13 00:00:00-04:00,52.680080513062585,52.85555109796984,51.73448944091797,51.73448944091797,3100,0.0,0.0,0.0
2019-05-14 00:00:00-04:00,52.163420833626105,52.777567943933605,51.93920922290761,52.543609619140625,11800,0.0,0.0,0.0
2019-05-15 00:00:00-04:00,52.98227539596551,53.25523169703415,52.98227539596551,53.109004974365234,5500,0.0,0.0,0.0
2019-05-16 00:00:00-04:00,52.933534613935294,54.0838400996828,52.933534613935294,53.713401794433594,3800,0.0,0.0,0.0
2019-05-17 00:00:00-04:00,53.44045021894216,53.9278676807849,53.235735777456235,53.32347106933594,5400,0.0,0.0,0.0
2019-05-20 00:00:00-04:00,52.84580442627391,52.98228073120117,52.78731670627675,52.98228073120117,1500,0.0,0.0,0.0
2019-05-21 00:00:00-04:00,53.33321677635943,53.859628517708295,53.33321677635943,53.713401794433594,1800,0.0,0.0,0.0
2019-05-22 00:00:00-04:00,53.24548249969245,53.24548249969245,52.953032766276145,53.01152420043945,3100,0.0,0.0,0.0
2019-05-23 00:00:00-04:00,52.007450430025536,52.39738595250119,51.81248638748845,51.98795700073242,2800,0.0,0.0,0.0
2019-05-24 00:00:00-04:00,51.997690191039624,52.2803931853698,51.84171676635742,51.84171676635742,1200,0.0,0.0,0.0
2019-05-28 00:00:00-04:00,52.251148447531925,52.251148447531925,51.91970443725586,51.91970443725586,1800,0.0,0.0,0.0
2019-05-29 00:00:00-04:00,51.22757936508622,51.50053569837859,51.05210876464844,51.05210876464844,800,0.0,0.0,0.0
2019-05-30 00:00:00-04:00,51.549275291669055,51.549275291669055,51.48103713989258,51.48103713989258,700,0.0,0.0,0.0
2019-05-31 00:00:00-04:00,50.97411537835151,51.130088806152344,50.97411537835151,51.130088806152344,6000,0.0,0.0,0.0
2019-06-03 00:00:00-04:00,51.042351029479455,51.19832444966802,50.70115661621094,50.70115661621094,1600,0.0,0.0,0.0
2019-06-04 00:00:00-04:00,51.578517259153735,52.25115203857422,51.578517259153735,52.25115203857422,2300,0.0,0.0,0.0
2019-06-05 00:00:00-04:00,52.6800832474071,52.6800832474071,52.07568288193305,52.44612121582031,600,0.0,0.0,0.0
2019-06-06 00:00:00-04:00,52.28040355300662,52.5533561706543,52.28040355300662,52.5533561706543,400,0.0,0.0,0.0
2019-06-07 00:00:00-04:00,53.55742577558135,53.61591720581055,53.49893806405202,53.61591720581055,700,0.0,0.0,0.0
2019-06-10 00:00:00-04:00,53.71339666906713,53.93761194834692,53.50868225097656,53.50868225097656,2700,0.0,0.0,0.0
2019-06-11 00:00:00-04:00,53.86938538432365,53.86938538432365,53.51844787597656,53.51844787597656,500,0.0,0.0,0.0
2019-06-12 00:00:00-04:00,53.6549121139855,53.87912368774414,53.6549121139855,53.87912368774414,8500,0.0,0.0,0.0
2019-06-13 00:00:00-04:00,54.571257251075785,54.84420983306837,54.46402481709298,54.678489685058594,3200,0.0,0.0,0.0
2019-06-14 00:00:00-04:00,54.54200699782655,54.58100128173828,54.415277434463206,54.58100128173828,1200,0.0,0.0,0.0
2019-06-17 00:00:00-04:00,54.59076180629234,55.03918502864162,54.59076180629234,55.00019073486328,9700,0.0,0.0,0.0
2019-06-18 00:00:00-04:00,55.61431811049967,55.61431811049967,55.03916549682617,55.03916549682617,1500,0.0,0.0,0.0
2019-06-19 00:00:00-04:00,55.731311368426546,55.731311368426546,54.551761991269366,55.14641189575195,4000,0.0,0.0,0.0
2019-06-20 00:00:00-04:00,55.69231818665757,55.69231818665757,55.27313888736687,55.36087417602539,1700,0.0,0.0,0.0
2019-06-21 00:00:00-04:00,55.20490525148926,55.20490525148926,54.96119650961105,54.990440368652344,2100,0.0,0.0,0.0
2019-06-24 00:00:00-04:00,54.885149243070245,54.885149243070245,54.68042755126953,54.68042755126953,3200,0.002,0.0,0.0
2019-06-25 00:00:00-04:00,54.23199102727363,54.23199102727363,53.21812586034373,53.266868591308594,2900,0.0,0.0,0.0
2019-06-26 00:00:00-04:00,53.266870248121165,53.39360432763734,53.071895599365234,53.071895599365234,2100,0.0,0.0,0.0
2019-06-27 00:00:00-04:00,53.79330227305009,54.192998641331464,53.79330227305009,53.998023986816406,1600,0.0,0.0,0.0
2019-06-28 00:00:00-04:00,54.11500944102091,54.28073920553149,54.10526238138257,54.19300079345703,2000,0.0,0.0,0.0
2019-07-01 00:00:00-04:00,54.94364547240657,54.94364547240657,54.32947664772768,54.543949127197266,6400,0.0,0.0,0.0
2019-07-02 00:00:00-04:00,54.56344894042804,54.58294677734375,54.45621269680771,54.58294677734375,3500,0.0,0.0,0.0
2019-07-03 00:00:00-04:00,54.709680047334864,55.16786994213038,54.709680047334864,55.08013153076172,41900,0.0,0.0,0.0
2019-07-05 00:00:00-04:00,54.93389470459032,55.45057806714631,54.86565413726195,55.34334182739258,3800,0.0,0.0,0.0
2019-07-08 00:00:00-04:00,54.972884062774064,55.343335470600536,54.972884062774064,55.23609924316406,3200,0.0,0.0,0.0
2019-07-09 00:00:00-04:00,55.148369754846186,55.27510383672033,55.12887191772461,55.12887191772461,1800,0.0,0.0,0.0
2019-07-10 00:00:00-04:00,55.27510323395589,55.45058004730433,55.14836915346376,55.38233947753906,8100,0.0,0.0,0.0
2019-07-11 00:00:00-04:00,55.58705061930153,55.58705061930153,55.362831115722656,55.362831115722656,3200,0.0,0.0,0.0
2019-07-12 00:00:00-04:00,55.92826026648543,56.29871170512542,55.92826026648543,56.25971603393555,2400,0.0,0.0,0.0
2019-07-15 00:00:00-04:00,56.25971888637741,56.25971888637741,56.07449501708226,56.201229095458984,3500,0.0,0.0,0.0
2019-07-16 00:00:00-04:00,55.87951319225322,56.3864457218116,55.87951319225322,56.191471099853516,3400,0.0,0.0,0.0
2019-07-17 00:00:00-04:00,55.850274462149734,55.95751070199894,55.82102584838867,55.82102584838867,1000,0.0,0.0,0.0
2019-07-18 00:00:00-04:00,55.83077607315189,55.83077607315189,55.752784729003906,55.752784729003906,300,0.0,0.0,0.0
2019-07-19 00:00:00-04:00,56.02573956445184,56.02573956445184,55.665035247802734,55.665035247802734,1100,0.0,0.0,0.0
2019-07-22 00:00:00-04:00,55.5578128764663,55.56755993490568,55.37258529663086,55.37258529663086,1200,0.0,0.0,0.0
2019-07-23 00:00:00-04:00,55.37259005019205,55.37259005019205,54.95339584350586,54.95339584350586,1200,0.0,0.0,0.0
2019-07-24 00:00:00-04:00,55.24584927748442,55.80152827858093,55.24584927748442,55.73328399658203,3100,0.0,0.0,0.0
2019-07-25 00:00:00-04:00,55.71378876561402,55.71378876561402,55.5968017578125,55.5968017578125,1500,0.0,0.0,0.0
2019-07-26 00:00:00-04:00,55.66505064199281,55.7430419921875,55.66505064199281,55.7430419921875,400,0.0,0.0,0.0
2019-07-29 00:00:00-04:00,55.567553761063465,55.567553761063465,55.421321868896484,55.421321868896484,1300,0.0,0.0,0.0
2019-07-30 00:00:00-04:00,55.0801271646869,55.10937205988083,54.94364602867248,55.01188659667969,2800,0.0,0.0,0.0
2019-07-31 00:00:00-04:00,55.04112820618009,55.23610283977536,54.68042755126953,54.68042755126953,600,0.0,0.0,0.0
2019-08-01 00:00:00-04:00,55.07037344105474,55.275095120300094,53.94927215576172,53.94927215576172,3000,0.0,0.0,0.0
2019-08-02 00:00:00-04:00,53.52033614057351,53.53008319912407,52.99390572687639,53.12063980102539,2300,0.0,0.0,0.0
2019-08-05 00:00:00-04:00,52.223761472558984,52.223761472558984,51.36587522767093,51.76557159423828,150200,0.0,0.0,0.0
2019-08-06 00:00:00-04:00,52.399231388909016,53.208374793535114,52.243252430272044,53.11088562011719,69900,0.0,0.0,0.0
2019-08-07 00:00:00-04:00,52.53571215779189,53.237619326330176,52.447973761724604,53.19862365722656,386600,0.0,0.0,0.0
2019-08-08 00:00:00-04:00,53.67630786375229,54.553688049316406,53.61781436384877,54.553688049316406,23200,0.0,0.0,0.0
2019-08-09 00:00:00-04:00,54.50495177627265,54.50495177627265,53.929778641724965,53.93952941894531,2200,0.0,0.0,0.0
2019-08-12 00:00:00-04:00,53.67632435547018,53.67632435547018,52.65270824623184,52.76969528198242,10100,0.0,0.0,0.0
2019-08-13 00:00:00-04:00,53.11088726124235,53.79329662092742,53.11088726124235,53.6373176574707,3500,0.0,0.0,0.0
2019-08-14 00:00:00-04:00,52.69168800274099,52.69168800274099,51.82405487001321,51.90204620361328,5800,0.0,0.0,0.0
2019-08-15 00:00:00-04:00,52.15551479607268,52.15551479607268,51.56084384544082,51.81431198120117,1900,0.0,0.0,0.0
2019-08-16 00:00:00-04:00,52.311489521635835,52.62344741821289,52.24324896418658,52.62344741821289,6100,0.0,0.0,0.0
2019-08-19 00:00:00-04:00,53.27662061282031,53.305865508315705,53.08164596557617,53.08164596557617,2000,0.0,0.0,0.0
2019-08-20 00:00:00-04:00,53.00365177395765,53.208377187932165,52.94516198610654,53.140132904052734,3200,0.0,0.0,0.0
2019-08-21 00:00:00-04:00,53.1303829761311,53.900530704451505,53.1303829761311,53.842037200927734,34200,0.0,0.0,0.0
2019-08-22 00:00:00-04:00,54.02726561919049,54.066261291503906,53.53983087176871,54.066261291503906,2500,0.0,0.0,0.0
2019-08-23 00:00:00-04:00,53.89078069266773,53.92977636223705,52.54546356201172,52.54546356201172,1000,0.0,0.0,0.0
2019-08-26 00:00:00-04:00,52.857431549017306,53.179136587162226,52.67220394269733,53.05240249633789,3500,0.0,0.0,0.0
2019-08-27 00:00:00-04:00,53.05240249633789,53.05240249633789,53.05240249633789,53.05240249633789,0,0.0,0.0,0.0
2019-08-28 00:00:00-04:00,52.96466357185225,53.46184539794922,52.96466357185225,53.46184539794922,2200,0.0,0.0,0.0
2019-08-29 00:00:00-04:00,53.72505748422505,53.74455532002914,53.60807418823242,53.60807418823242,1600,0.0,0.0,0.0
2019-08-30 00:00:00-04:00,53.2766208001061,53.2766208001061,52.837928771972656,52.837928771972656,300,0.0,0.0,0.0
2019-09-03 00:00:00-04:00,52.66245621073337,52.66245621073337,51.911806172865845,51.950801849365234,3000,0.0,0.0,0.0
2019-09-04 00:00:00-04:00,52.369989338299945,52.76968567392478,52.369989338299945,52.730690002441406,2300,0.0,0.0,0.0
2019-09-05 00:00:00-04:00,53.57882874276132,53.72506066052147,53.44234760289565,53.539833068847656,1100,0.0,0.0,0.0
2019-09-06 00:00:00-04:00,53.900531572047065,53.900531572047065,53.74455261230469,53.74455261230469,2200,0.0,0.0,0.0
2019-09-09 00:00:00-04:00,53.56907578426962,53.56907578426962,53.0913881285142,53.34485626220703,6900,0.0,0.0,0.0
2019-09-10 00:00:00-04:00,52.964657240344266,53.09138758706649,52.935408629012315,52.95490646362305,2500,0.0,0.0,0.0
2019-09-11 00:00:00-04:00,53.315598103366604,53.38383865356445,53.315598103366604,53.38383865356445,700,0.0,0.0,0.0
2019-09-12 00:00:00-04:00,53.803042954761786,53.881034294856,53.744553168522906,53.81279373168945,2600,0.0,0.0,0.0
2019-09-13 00:00:00-04:00,53.793296813964844,53.793296813964844,53.793296813964844,53.793296813964844,500,0.0,0.0,0.0
2019-09-16 00:00:00-04:00,53.06214743747764,53.1011431101847,52.9354133605957,52.9354133605957,600,0.0,0.0,0.0
2019-09-17 00:00:00-04:00,52.90616424251494,52.945159912109375,52.85742151493777,52.945159912109375,700,0.0,0.0,0.0
2019-09-18 00:00:00-04:00,52.6721979193838,52.701446533203125,52.29199940922073,52.701446533203125,2600,0.0,0.0,0.0
2019-09-19 00:00:00-04:00,52.798935882259,52.798935882259,52.35049677156114,52.37974166870117,2400,0.0,0.0,0.0
2019-09-20 00:00:00-04:00,52.214003591635645,52.214003591635645,51.91179275512695,51.91179275512695,400,0.0,0.0,0.0
2019-09-23 00:00:00-04:00,51.53352898894402,52.15746820041833,51.53352898894402,51.962486267089844,18800,0.002,0.0,0.0
2019-09-24 00:00:00-04:00,51.93323867061943,51.93323867061943,50.929086765682186,51.0850715637207,7600,0.0,0.0,0.0
2019-09-25 00:00:00-04:00,50.90959668741089,51.41654829528488,50.90959668741089,51.387298583984375,1600,0.0,0.0,0.0
2019-09-26 00:00:00-04:00,51.39704115979773,51.39704115979773,50.83159394255128,51.0850715637207,600,0.0,0.0,0.0
2019-09-27 00:00:00-04:00,51.143572001477594,51.143572001477594,50.704863522221714,50.85110092163086,3500,0.0,0.0,0.0
2019-09-30 00:00:00-04:00,50.88034748504301,51.42629623413086,50.88034748504301,51.42629623413086,800,0.0,0.0,0.0
2019-10-01 00:00:00-04:00,51.48479645785107,51.48479645785107,50.97784480040438,51.10457992553711,1600,0.0,0.0,0.0
2019-10-02 00:00:00-04:00,50.62687166905167,50.62687166905167,50.09067408328032,50.37339401245117,2600,0.0,0.0,0.0
2019-10-03 00:00:00-04:00,49.70071956711828,50.441650390625,49.70071956711828,50.441650390625,1600,0.0,0.0,0.0
2019-10-04 00:00:00-04:00,50.548872752362016,50.83159637451172,50.548872752362016,50.83159637451172,1600,0.0,0.0,0.0
2019-10-07 00:00:00-04:00,50.958340468226055,51.22156555207536,50.86084763033474,50.94858932495117,145500,0.0,0.0,0.0
2019-10-08 00:00:00-04:00,50.73411783027956,50.73411783027956,50.25641217203558,50.529388427734375,40600,0.0,0.0,0.0
2019-10-09 00:00:00-04:00,51.01684200893036,51.17282684843466,50.802361459997485,50.88035202026367,69900,0.0,0.0,0.0
2019-10-10 00:00:00-04:00,50.870598626574534,51.45554077634573,50.86084748332783,51.30930709838867,48700,0.0,0.0,0.0
2019-10-11 00:00:00-04:00,52.36221090070113,52.37196204528659,52.03074264526367,52.03074264526367,4400,0.0,0.0,0.0
2019-10-14 00:00:00-04:00,51.78700289899131,51.962486267089844,51.78700289899131,51.962486267089844,1500,0.0,0.0,0.0
2019-10-15 00:00:00-04:00,51.99174161439949,52.47919464111328,51.99174161439949,52.47919464111328,8200,0.0,0.0,0.0
2019-10-16 00:00:00-04:00,52.5181886338378,52.60593032836914,52.5181886338378,52.60593032836914,2500,0.0,0.0,0.0
2019-10-17 00:00:00-04:00,52.80091506969994,53.122635872939505,52.80091506969994,52.97639846801758,2200,0.0,0.0,0.0
2019-10-18 00:00:00-04:00,52.635171097559585,53.02513122558594,52.635171097559585,53.02513122558594,1100,0.0,0.0,0.0
2019-10-21 00:00:00-04:00,53.08363801498519,53.23962284259713,53.02514231001634,53.07388687133789,4700,0.0,0.0,0.0
2019-10-22 00:00:00-04:00,52.693676234276104,53.093387603759766,52.693676234276104,53.093387603759766,29500,0.0,0.0,0.0
2019-10-23 00:00:00-04:00,52.63518169055808,52.703424819671106,52.518190281531496,52.58643341064453,6000,0.0,0.0,0.0
2019-10-24 00:00:00-04:00,52.81066465077895,53.10313947256462,52.81066465077895,52.99589920043945,3600,0.0,0.0,0.0
2019-10-25 00:00:00-04:00,52.99589920043945,52.99589920043945,52.99589920043945,52.99589920043945,300,0.0,0.0,0.0
2019-10-28 00:00:00-04:00,53.77581787109375,53.77581787109375,53.77581787109375,53.77581787109375,800,0.0,0.0,0.0
2019-10-29 00:00:00-04:00,53.619839778521275,53.619839778521275,53.24937438964844,53.24937438964844,11500,0.0,0.0,0.0
2019-10-30 00:00:00-04:00,53.27861765900837,53.415103912353516,53.08363570324181,53.415103912353516,3200,0.0,0.0,0.0
2019-10-31 00:00:00-04:00,52.60593057373062,52.60593057373062,52.245216369628906,52.245216369628906,1400,0.0,0.0,0.0
2019-11-01 00:00:00-04:00,52.77166645064598,52.77166645064598,52.69367218017578,52.69367218017578,700,0.0,0.0,0.0
2019-11-04 00:00:00-05:00,52.644933879647226,52.66443244958299,52.19647792804054,52.35246276855469,23300,0.0,0.0,0.0
2019-11-05 00:00:00-05:00,51.913744067959286,52.030731745673734,51.738260691902006,51.84550094604492,4200,0.0,0.0,0.0
2019-11-06 00:00:00-05:00,51.66027632066682,51.699269738584505,51.270312389716615,51.280059814453125,88900,0.0,0.0,0.0
2019-11-07 00:00:00-05:00,51.806500633722,51.806500633722,51.2995491027832,51.2995491027832,2900,0.0,0.0,0.0
2019-11-08 00:00:00-05:00,51.46528919733414,51.55303088705586,51.46528919733414,51.47503662109375,3000,0.0,0.0,0.0
2019-11-11 00:00:00-05:00,51.48479440609495,51.67002523319543,51.48479440609495,51.621280670166016,7100,0.0,0.0,0.0
2019-11-12 00:00:00-05:00,51.86501169200394,51.99175054202416,51.748023986816406,51.748023986816406,7100,0.0,0.0,0.0
2019-11-13 00:00:00-05:00,51.55303337151912,51.670021057128906,51.55303337151912,51.670021057128906,2100,0.0,0.0,0.0
2019-11-14 00:00:00-05:00,52.167217962868754,52.167217962868754,52.06972885131836,52.06972885131836,2100,0.0,0.0,0.0
2019-11-15 00:00:00-05:00,52.54744393919228,52.54744393919228,52.13798141479492,52.13798141479492,1800,0.0,0.0,0.0
2019-11-18 00:00:00-05:00,52.06972466949828,52.6644178715199,52.06972466949828,52.566925048828125,2100,0.0,0.0,0.0
2019-11-19 00:00:00-05:00,52.430441514950594,52.518183200404344,52.40119552612305,52.40119552612305,2200,0.0,0.0,0.0
2019-11-20 00:00:00-05:00,52.33296615193515,52.381710719107964,51.68952819592661,51.972251892089844,3700,0.0,0.0,0.0
2019-11-21 00:00:00-05:00,51.991744801011485,51.991744801011485,51.679771423339844,51.679771423339844,10600,0.0,0.0,0.0
2019-11-22 00:00:00-05:00,51.738254720320455,52.05022430419922,51.738254720320455,52.05022430419922,900,0.0,0.0,0.0
2019-11-25 00:00:00-05:00,52.34270451160533,52.39145278930664,52.34270451160533,52.39145278930664,500,0.0,0.0,0.0
2019-11-26 00:00:00-05:00,52.84966178954662,53.112886897770615,52.84966178954662,52.99589920043945,2100,0.0,0.0,0.0
2019-11-27 00:00:00-05:00,53.38585352756696,53.38585352756696,53.18112415013431,53.28836441040039,1800,0.0,0.0,0.0
2019-11-29 00:00:00-05:00,53.28836441040039,53.28836441040039,53.28836441040039,53.28836441040039,0,0.0,0.0,0.0
2019-12-02 00:00:00-05:00,52.69366655128222,52.71316511681688,52.625423431396484,52.625423431396484,800,0.0,0.0,0.0
2019-12-03 00:00:00-05:00,52.069739421378564,52.07948684692383,51.90400715430531,52.07948684692383,2700,0.0,0.0,0.0
2019-12-04 00:00:00-05:00,52.39145738177656,52.56693706479177,52.371958812781145,52.38170623779297,7800,0.0,0.0,0.0
2019-12-05 00:00:00-05:00,52.52795106601537,52.52795106601537,52.440209352627235,52.5181999206543,1500,0.0,0.0,0.0
2019-12-06 00:00:00-05:00,52.98613809643867,52.98613809643867,52.888648986816406,52.888648986816406,1500,0.0,0.0,0.0
2019-12-09 00:00:00-05:00,52.88866171871091,52.92765885953606,52.88866171871091,52.91790771484375,2800,0.0,0.0,0.0
2019-12-10 00:00:00-05:00,52.88866171871091,53.00564942221432,52.849664577885754,52.91790771484375,1700,0.0,0.0,0.0
2019-12-11 00:00:00-05:00,53.08363816859869,53.16162872314453,52.89840362848047,53.16162872314453,1400,0.0,0.0,0.0
2019-12-12 00:00:00-05:00,53.307855338186,53.5418306734438,53.2103662349904,53.5125846862793,2300,0.0,0.0,0.0
2019-12-13 00:00:00-05:00,53.22012608136001,53.25912321933005,53.14213180541992,53.14213180541992,1300,0.0,0.0,0.0
2019-12-16 00:00:00-05:00,53.61982981879213,53.61982981879213,53.366355895996094,53.366355895996094,2000,0.0,0.0,0.0
2019-12-17 00:00:00-05:00,53.317620340574294,53.39561462402344,53.317620340574294,53.39561462402344,8100,0.0,0.0,0.0
2019-12-18 00:00:00-05:00,53.45409201844274,53.45409201844274,53.30785464657571,53.38584518432617,600,0.0,0.0,0.0
2019-12-19 00:00:00-05:00,53.52234859916089,53.775822559334415,53.50285003007496,53.766075134277344,13300,0.0,0.0,0.0
2019-12-20 00:00:00-05:00,53.91230753136727,54.04879379272461,53.91230753136727,54.04879379272461,2600,0.0,0.0,0.0
2019-12-23 00:00:00-05:00,54.11997267345214,54.11997267345214,53.65199279785156,53.65199279785156,1900,0.003,0.0,0.0
2019-12-24 00:00:00-05:00,53.8664665222168,53.8664665222168,53.8664665222168,53.8664665222168,400,0.0,0.0,0.0
2019-12-26 00:00:00-05:00,53.91522471371409,54.06147003173828,53.91522471371409,54.06147003173828,2600,0.0,0.0,0.0
2019-12-27 00:00:00-05:00,54.080966033933656,54.1784604266392,54.0322151184082,54.0322151184082,1600,0.0,0.0,0.0
2019-12-30 00:00:00-05:00,54.0322151184082,54.0322151184082,54.0322151184082,54.0322151184082,0,0.0,0.0,0.0
2019-12-31 00:00:00-05:00,54.07123264781746,54.07123264781746,53.71049880981445,53.71049880981445,1100,0.0,0.0,0.0
2020-01-02 00:00:00-05:00,54.2272033128873,54.2272033128873,53.8177224330633,54.0907096862793,2500,0.0,0.0,0.0
2020-01-03 00:00:00-05:00,53.72023865817917,53.92498287187668,53.72023865817917,53.90548324584961,1400,0.0,0.0,0.0
2020-01-06 00:00:00-05:00,53.496000437929105,53.973731994628906,53.46675285743625,53.973731994628906,259900,0.0,0.0,0.0
2020-01-07 00:00:00-05:00,53.9639658361052,53.98346545759065,53.788472961908724,53.88597106933594,13700,0.0,0.0,0.0
2020-01-08 00:00:00-05:00,53.9932121906961,54.18820466854761,53.74947252317476,53.8664665222168,342000,0.0,0.0,0.0
2020-01-09 00:00:00-05:00,53.963968634038515,54.197960384823375,53.963968634038515,54.139461517333984,4900,0.0,0.0,0.0
2020-01-10 00:00:00-05:00,53.80798531545541,54.05172506293846,53.788485689355966,53.8762321472168,6300,0.0,0.0,0.0
2020-01-13 00:00:00-05:00,53.82747111968762,54.44169616699219,53.82747111968762,54.44169616699219,1100,0.0,0.0,0.0
2020-01-14 00:00:00-05:00,54.79268467789179,54.85117982495305,54.50019778506765,54.558692932128906,800,0.0,0.0,0.0
2020-01-15 00:00:00-05:00,54.4124594181078,54.48070624591966,54.36370849609375,54.36370849609375,1900,0.0,0.0,0.0
2020-01-16 00:00:00-05:00,54.52945138643918,54.62694578843366,54.48070418544194,54.59769821166992,12300,0.0,0.0,0.0
2020-01-17 00:00:00-05:00,54.59769821166992,54.59769821166992,54.59769821166992,54.59769821166992,0,0.0,0.0,0.0
2020-01-21 00:00:00-05:00,54.5099566553169,54.60745106606301,54.383210946008255,54.480709075927734,600,0.0,0.0,0.0
2020-01-22 00:00:00-05:00,54.480709075927734,54.480709075927734,54.480709075927734,54.480709075927734,0,0.0,0.0,0.0
2020-01-23 00:00:00-05:00,54.31496572879702,54.626952315464315,54.2272192688485,54.57820510864258,1200,0.0,0.0,0.0
2020-01-24 00:00:00-05:00,53.91522327722874,53.94447457155798,53.76898168227386,53.934722900390625,4800,0.0,0.0,0.0
2020-01-27 00:00:00-05:00,53.164494614115185,53.65197394479784,53.164494614115185,53.48623275756836,5400,0.0,0.0,0.0
2020-01-28 00:00:00-05:00,53.54473681616967,54.1687135874867,53.54473681616967,54.05171585083008,3900,0.0,0.0,0.0
2020-01-29 00:00:00-05:00,53.915224056353125,53.924975727661405,53.84697723388672,53.84697723388672,3500,0.0,0.0,0.0
2020-01-30 00:00:00-05:00,53.398492016578786,53.417991638183594,53.213251190091945,53.417991638183594,1600,0.0,0.0,0.0
2020-01-31 00:00:00-05:00,52.89151035483982,52.998756408691406,52.29678494287912,52.998756408691406,4200,0.0,0.0,0.0
2020-02-03 00:00:00-05:00,53.25225318072207,53.26200485229492,53.25225318072207,53.26200485229492,400,0.0,0.0,0.0
2020-02-04 00:00:00-05:00,53.55449931808832,54.02247920184149,53.55449931808832,53.973731994628906,2100,0.0,0.0,0.0
2020-02-05 00:00:00-05:00,53.983463687324246,54.227203369140625,53.983463687324246,54.227203369140625,700,0.0,0.0,0.0
2020-02-06 00:00:00-05:00,54.071221183617574,54.080972855621795,53.98347473144531,53.98347473144531,1400,0.0,0.0,0.0
2020-02-07 00:00:00-05:00,53.68124435993069,53.68124435993069,53.301007222417766,53.34975814819336,2400,0.0,0.0,0.0
2020-02-10 00:00:00-05:00,53.53498194633108,53.690975189208984,53.466735135020265,53.690975189208984,28100,0.0,0.0,0.0
2020-02-11 00:00:00-05:00,54.06146641155801,54.1004656563093,53.9932195928296,54.0322151184082,2100,0.0,0.0,0.0
2020-02-12 00:00:00-05:00,54.26620795764538,54.6269416809082,54.26620795764538,54.6269416809082,700,0.0,0.0,0.0
2020-02-13 00:00:00-05:00,54.53920050445699,54.89018630981445,54.53920050445699,54.89018630981445,900,0.0,0.0,0.0
2020-02-14 00:00:00-05:00,54.91943643276318,54.91943643276318,54.59769821166992,54.59769821166992,800,0.0,0.0,0.0
2020-02-18 00:00:00-05:00,54.870686517284966,55.055931091308594,54.724444911615535,55.055931091308594,1600,0.0,0.0,0.0
2020-02-19 00:00:00-05:00,55.32891452544559,55.806645996550685,55.32891452544559,55.63115310668945,400,0.0,0.0,0.0
2020-02-20 00:00:00-05:00,55.71890012215592,55.71890012215592,55.1339225769043,55.1339225769043,500,0.0,0.0,0.0
2020-02-21 00:00:00-05:00,54.83168464267754,55.27041312809346,54.83168464267754,54.9096794128418,3000,0.0,0.0,0.0
2020-02-24 00:00:00-05:00,53.35949751910073,53.35949751910073,53.05725893610432,53.16450500488281,700,0.0,0.0,0.0
2020-02-25 00:00:00-05:00,53.330246717971754,53.330246717971754,51.29258269194805,51.38032913208008,3900,0.0,0.0,0.0
2020-02-26 00:00:00-05:00,51.64357196372885,51.74106636198304,50.56136703491211,50.56136703491211,1900,0.0,0.0,0.0
2020-02-27 00:00:00-05:00,48.0167257124648,50.03489033320105,48.0167257124648,49.2061767578125,5300,0.0,0.0,0.0
2020-02-28 00:00:00-05:00,47.34400414805697,47.46099817129107,46.651780522587266,47.21725845336914,13000,0.0,0.0,0.0
2020-03-02 00:00:00-05:00,47.35374759803135,47.850978658053116,47.11000790328374,47.57798767089844,2600,0.0,0.0,0.0
2020-03-03 00:00:00-05:00,48.660187890993726,48.660187890993726,47.733976395050036,47.802223205566406,900,0.0,0.0,0.0
2020-03-04 00:00:00-05:00,48.04597345100058,49.04043197631836,47.792485773177475,49.04043197631836,1600,0.0,0.0,0.0
2020-03-05 00:00:00-05:00,48.03622055053711,48.03622055053711,48.03622055053711,48.03622055053711,300,0.0,0.0,0.0
2020-03-06 00:00:00-05:00,46.086299924317785,46.12529916638227,44.974847559687056,45.64756774902344,6400,0.0,0.0,0.0
2020-03-09 00:00:00-04:00,43.92190336423869,43.92190336423869,42.12797860817197,42.48871612548828,7400,0.0,0.0,0.0
2020-03-10 00:00:00-04:00,43.66840267874754,44.05838394165039,41.75748444875802,44.05838394165039,3700,0.0,0.0,0.0
2020-03-11 00:00:00-04:00,43.10292731235823,43.10292731235823,41.19200897216797,41.19200897216797,1500,0.0,0.0,0.0
2020-03-12 00:00:00-04:00,38.95935603813712,38.95935603813712,36.287970783781304,36.648704528808594,4800,0.0,0.0,0.0
2020-03-13 00:00:00-04:00,35.98572890153168,38.315879821777344,35.98572890153168,38.315879821777344,2100,0.0,0.0,0.0
2020-03-16 00:00:00-04:00,33.75307151798452,34.542789459228516,33.75307151798452,34.542789459228516,1100,0.0,0.0,0.0
2020-03-17 00:00:00-04:00,32.982863557307276,32.982863557307276,32.22239303588867,32.22239303588867,2200,0.0,0.0,0.0
2020-03-18 00:00:00-04:00,30.350464340229525,30.730699508114487,27.074604283438035,28.05931282043457,3500,0.0,0.0,0.0
2020-03-19 00:00:00-04:00,28.332300694270078,31.18893012324971,27.83507150967353,30.43821144104004,3800,0.0,0.0,0.0
2020-03-20 00:00:00-04:00,31.530172141906437,31.530172141906437,29.78499475370439,29.93124008178711,12200,0.0,0.0,0.0
2020-03-23 00:00:00-04:00,29.374651101401525,29.61919531077333,28.53341842413077,29.54094123840332,6100,0.101,0.0,0.0
2020-03-24 00:00:00-04:00,31.937477611566752,33.355831146240234,31.780969455188014,33.355831146240234,3300,0.0,0.0,0.0
2020-03-25 00:00:00-04:00,34.73506235907443,36.48600002064958,33.41452494990153,35.449134826660156,3800,0.0,0.0,0.0
2020-03-26 00:00:00-04:00,36.87727270597556,36.87727270597556,36.349056243896484,36.349056243896484,1100,0.0,0.0,0.0
2020-03-27 00:00:00-04:00,35.918661356725735,35.918661356725735,34.764412174987,35.38066101074219,3400,0.0,0.0,0.0
2020-03-30 00:00:00-04:00,35.6838971755397,35.94800541822299,35.077428469072046,35.850189208984375,2200,0.0,0.0,0.0
2020-03-31 00:00:00-04:00,35.85018748170096,35.85018748170096,35.02851867675781,35.02851867675781,900,0.0,0.0,0.0
2020-04-01 00:00:00-04:00,34.07968754266598,34.80354017965638,33.776451322996486,33.82536315917969,9000,0.0,0.0,0.0
2020-04-02 00:00:00-04:00,33.844922789752644,34.3829231262207,33.727542594272855,34.3829231262207,5400,0.0,0.0,0.0
2020-04-03 00:00:00-04:00,34.422043903430705,34.422043903430705,33.45365085822289,33.77644729614258,2300,0.0,0.0,0.0
2020-04-06 00:00:00-04:00,34.93069649342177,36.27080154418945,34.92091636617803,36.27080154418945,1600,0.0,0.0,0.0
2020-04-07 00:00:00-04:00,37.48374162530487,37.48374162530487,36.163204193115234,36.163204193115234,14700,0.0,0.0,0.0
2020-04-08 00:00:00-04:00,36.759894456959536,36.9848747253418,36.417530258721925,36.9848747253418,1100,0.0,0.0,0.0
2020-04-09 00:00:00-04:00,37.60111839846257,37.90435457841139,37.37613816099681,37.5815544128418,2300,0.0,0.0,0.0
2020-04-13 00:00:00-04:00,37.610901990250994,37.718502044677734,37.22941360197343,37.718502044677734,1900,0.0,0.0,0.0
2020-04-14 00:00:00-04:00,38.589077557979266,39.019474029541016,38.53038560353735,39.019474029541016,1300,0.0,0.0,0.0
2020-04-15 00:00:00-04:00,38.2662776704682,38.61842193665894,38.10976952232216,38.364097595214844,3600,0.0,0.0,0.0
2020-04-16 00:00:00-04:00,38.63798098417078,38.96078109741211,38.57928903682287,38.96078109741211,1300,0.0,0.0,0.0
2020-04-17 00:00:00-04:00,39.694416300604274,39.694416300604274,38.89230789236874,39.55746841430664,5300,0.0,0.0,0.0
2020-04-20 00:00:00-04:00,39.33249503264271,39.83136737650377,39.31293104548649,39.54769515991211,2700,0.0,0.0,0.0
2020-04-21 00:00:00-04:00,39.06837368284434,39.06837368284434,38.5401611328125,38.5401611328125,1100,0.0,0.0,0.0
2020-04-22 00:00:00-04:00,39.303151278151745,39.44987931744479,39.166207098251064,39.41075134277344,2500,0.0,0.0,0.0
2020-04-23 00:00:00-04:00,39.42052675029313,39.528126802030215,39.11729431152344,39.11729431152344,3400,0.0,0.0,0.0
2020-04-24 00:00:00-04:00,39.51836117272509,39.909629821777344,39.45966919621477,39.909629821777344,2900,0.0,0.0,0.0
2020-04-27 00:00:00-04:00,40.44761119221465,40.995391570686905,40.408486954176205,40.89757537841797,1400,0.0,0.0,0.0
2020-04-28 00:00:00-04:00,41.52360534667969,41.52360534667969,41.52360534667969,41.52360534667969,700,0.0,0.0,0.0
2020-04-29 00:00:00-04:00,41.954001789557864,41.954001789557864,41.07364492029137,41.52360534667969,5400,0.0,0.0,0.0
2020-04-30 00:00:00-04:00,40.99539887668179,41.1910350275335,40.67260239950829,40.79976272583008,10500,0.0,0.0,0.0
2020-05-01 00:00:00-04:00,39.81180314497439,40.17372757652035,39.72376706903629,39.96831130981445,3600,0.0,0.0,0.0
2020-05-04 00:00:00-04:00,39.938967442432386,40.3008918762207,39.723767315150624,40.3008918762207,3700,0.0,0.0,0.0
2020-05-05 00:00:00-04:00,40.72150241020256,41.10299077623842,40.70193842586117,40.88779067993164,4200,0.0,0.0,0.0
2020-05-06 00:00:00-04:00,41.07365656109908,41.08343668990181,40.848672552693216,40.86823654174805,1700,0.0,0.0,0.0
2020-05-07 00:00:00-04:00,41.21060338112013,41.21060338112013,40.71173095703125,40.71173095703125,2800,0.0,0.0,0.0
2020-05-08 00:00:00-04:00,41.15190433981384,41.48448465491521,41.00517630347981,41.4257926940918,3400,0.0,0.0,0.0
2020-05-11 00:00:00-04:00,41.249714223209125,41.81705856323242,41.220370113017715,41.81705856323242,2700,0.0,0.0,0.0
2020-05-12 00:00:00-04:00,42.12029949947263,42.12029949947263,41.12255859375,41.12255859375,1500,0.0,0.0,0.0
2020-05-13 00:00:00-04:00,41.1714598377302,41.23015178645208,40.09546689796642,40.19328308105469,14000,0.0,0.0,0.0
2020-05-14 00:00:00-04:00,39.87049138142678,40.72150802612305,39.87049138142678,40.72150802612305,15400,0.0,0.0,0.0
2020-05-15 00:00:00-04:00,41.05409005629774,41.54317855834961,40.799761945619245,41.54317855834961,7000,0.0,0.0,0.0
2020-05-18 00:00:00-04:00,42.97131013698795,42.97131013698795,42.43331360553673,42.64850997924805,4400,0.0,0.0,0.0
2020-05-19 00:00:00-04:00,42.64851067861202,42.736546747489406,42.3746223449707,42.3746223449707,1600,0.0,0.0,0.0
2020-05-20 00:00:00-04:00,42.75611086971957,42.79523884077882,42.42353057861328,42.42353057861328,1000,0.0,0.0,0.0
2020-05-21 00:00:00-04:00,42.43332068566173,42.452884674072266,42.403972837321284,42.452884674072266,2200,0.0,0.0,0.0
2020-05-22 00:00:00-04:00,42.58982605685703,42.58982605685703,42.32571782788073,42.56047821044922,2000,0.0,0.0,0.0
2020-05-26 00:00:00-04:00,43.685394311030656,43.685394311030656,42.59961700439453,42.59961700439453,1300,0.0,0.0,0.0
2020-05-27 00:00:00-04:00,42.59961700439453,42.59961700439453,42.59961700439453,42.59961700439453,0,0.0,0.0,0.0
2020-05-28 00:00:00-04:00,43.57777666859504,43.6266847633995,43.18650817871094,43.18650817871094,2000,0.0,0.0,0.0
2020-05-29 00:00:00-04:00,43.18650817871094,43.18650817871094,43.18650817871094,43.18650817871094,0,0.0,0.0,0.0
2020-06-01 00:00:00-04:00,44.20381690383675,44.67334141199639,44.19403677575907,44.409236907958984,222700,0.0,0.0,0.0
2020-06-02 00:00:00-04:00,44.86897570452773,44.89832355044756,44.37988722895182,44.81028747558594,5400,0.0,0.0,0.0
2020-06-03 00:00:00-04:00,45.465666124265915,45.465666124265915,44.85919743424669,44.927669525146484,14900,0.0,0.0,0.0
2020-06-04 00:00:00-04:00,45.13308579207834,45.13308579207834,44.409236907958984,44.409236907958984,4500,0.0,0.0,0.0
2020-06-05 00:00:00-04:00,45.55369426233943,45.55369426233943,44.937441820210715,45.1135139465332,3100,0.0,0.0,0.0
2020-06-08 00:00:00-04:00,45.514560554420555,45.514560554420555,44.947220010051375,45.46565246582031,14100,0.0,0.0,0.0
2020-06-09 00:00:00-04:00,45.54391776973604,45.70042592434893,45.23090146051025,45.53413391113281,5100,0.0,0.0,0.0
2020-06-10 00:00:00-04:00,45.48522886789722,45.57326494399627,45.47544874008577,45.524356842041016,1900,0.0,0.0,0.0
2020-06-11 00:00:00-04:00,44.92767652458167,44.92767652458167,43.56801089138869,43.646263122558594,6400,0.0,0.0,0.0
2020-06-12 00:00:00-04:00,44.95701974037136,44.95701974037136,42.873505152112806,43.58757400512695,4500,0.0,0.0,0.0
2020-06-15 00:00:00-04:00,43.81254554825675,44.311414140241126,43.04956500620278,44.23316192626953,1700,0.0,0.0,0.0
2020-06-16 00:00:00-04:00,45.09395719550312,45.09395719550312,44.663560668482994,44.966796875,1100,0.0,0.0,0.0
2020-06-17 00:00:00-04:00,45.58304214477539,45.58304214477539,45.58304214477539,45.58304214477539,400,0.0,0.0,0.0
2020-06-18 00:00:00-04:00,45.18199401070401,45.211341857910156,45.09395793198377,45.211341857910156,600,0.0,0.0,0.0
2020-06-19 00:00:00-04:00,45.847144681492104,45.847144681492104,44.99613192681227,45.23089599609375,14400,0.0,0.0,0.0
2020-06-22 00:00:00-04:00,45.745823087088766,45.980770111083984,45.745823087088766,45.980770111083984,800,0.036,0.0,0.0
2020-06-23 00:00:00-04:00,46.48003295773797,46.48003295773797,46.23529815673828,46.23529815673828,1400,0.0,0.0,0.0
2020-06-24 00:00:00-04:00,45.82414151676761,45.83392926484337,44.95288256376992,45.39340591430664,6700,0.0,0.0,0.0
2020-06-25 00:00:00-04:00,45.30530318237916,45.69688034057617,45.30530318237916,45.69688034057617,1800,0.0,0.0,0.0
2020-06-26 00:00:00-04:00,45.354249723741816,45.354249723741816,45.0018310546875,45.0018310546875,400,0.0,0.0,0.0
2020-06-29 00:00:00-04:00,45.23677045256823,45.40319202501757,45.06056113320113,45.18782424926758,1900,0.0,0.0,0.0
2020-06-30 00:00:00-04:00,45.393405664523996,45.579406486147334,45.393405664523996,45.53045654296875,700,0.0,0.0,0.0
2020-07-01 00:00:00-04:00,45.82415047893441,46.99887466430664,45.82415047893441,46.99887466430664,3400,0.0,0.0,0.0
2020-07-02 00:00:00-04:00,47.380663218334455,47.68413200881337,47.361083984375,47.361083984375,1300,0.0,0.0,0.0
2020-07-06 00:00:00-04:00,48.45748638750557,48.712008915313035,48.32043550835106,48.56517028808594,10700,0.0,0.0,0.0
2020-07-07 00:00:00-04:00,47.84075203832321,48.85884958296856,47.84075203832321,48.73158645629883,3400,0.0,0.0,0.0
2020-07-08 00:00:00-04:00,48.663059838232925,48.80990219116211,48.506429737808006,48.80990219116211,1000,0.0,0.0,0.0
2020-07-09 00:00:00-04:00,48.94694843805968,48.94694843805968,47.997376443367465,48.61410903930664,2200,0.0,0.0,0.0
2020-07-10 00:00:00-04:00,49.07421901449391,49.35810852050781,49.07421901449391,49.35810852050781,400,0.0,0.0,0.0
2020-07-13 00:00:00-04:00,49.95525475352341,50.474094950199,49.19168354718779,49.27000045776367,1800,0.0,0.0,0.0
2020-07-14 00:00:00-04:00,48.105071227693344,48.7120124802342,47.644968613125755,48.70222473144531,5700,0.0,0.0,0.0
2020-07-15 00:00:00-04:00,49.485361838395896,49.485361838395896,49.191680908203125,49.191680908203125,1000,0.0,0.0,0.0
2020-07-16 00:00:00-04:00,49.75947402912425,49.9258918762207,49.75947402912425,49.9258918762207,600,0.0,0.0,0.0
2020-07-17 00:00:00-04:00,50.248946624683796,50.34683904255667,49.730106353759766,49.730106353759766,3100,0.0,0.0,0.0
2020-07-20 00:00:00-04:00,50.50346496429375,51.590087890625,50.405572554537585,51.590087890625,6200,0.0,0.0,0.0
2020-07-21 00:00:00-04:00,51.903356945333655,52.2361964234339,51.69778060913086,51.69778060913086,2300,0.0,0.0,0.0
2020-07-22 00:00:00-04:00,52.70608215745796,52.90187072753906,52.46134737844569,52.90187072753906,3700,0.0,0.0,0.0
2020-07-23 00:00:00-04:00,53.2542915610744,53.322817003221346,51.66840744018555,51.66840744018555,3300,0.0,0.0,0.0
2020-07-24 00:00:00-04:00,51.697765492064526,51.84460408883337,51.56071090698242,51.56071090698242,23700,0.0,0.0,0.0
2020-07-27 00:00:00-04:00,52.41239674330752,53.12702178955078,52.245975165768094,53.12702178955078,9100,0.0,0.0,0.0
2020-07-28 00:00:00-04:00,52.92145131660299,52.92145131660299,52.265560150146484,52.265560150146484,700,0.0,0.0,0.0
2020-07-29 00:00:00-04:00,53.567550407091495,53.7046012878418,53.29344491123448,53.7046012878418,6800,0.0,0.0,0.0
2020-07-30 00:00:00-04:00,54.55627655896104,56.014897486853634,54.47796337144242,55.701637268066406,26900,0.0,0.0,0.0
2020-07-31 00:00:00-04:00,56.31836972729411,56.31836972729411,54.840173211317406,56.024688720703125,4700,0.0,0.0,0.0
2020-08-03 00:00:00-04:00,56.30857028117728,57.88466262817383,56.14214871358868,57.88466262817383,4500,0.0,0.0,0.0
2020-08-04 00:00:00-04:00,57.89445016641418,58.01192179735305,57.493085337546894,57.649715423583984,4300,0.0,0.0,0.0
2020-08-05 00:00:00-04:00,58.16855182528991,59.754435645981744,58.16855182528991,59.74464416503906,15100,0.0,0.0,0.0
2020-08-06 00:00:00-04:00,60.02854324550505,60.12643565839052,59.45096904702595,59.862125396728516,9700,0.0,0.0,0.0
2020-08-07 00:00:00-04:00,59.930648916447794,61.634000746072985,59.49012560383574,60.165592193603516,11700,0.0,0.0,0.0
2020-08-10 00:00:00-04:00,61.624221872150606,61.624221872150606,59.61739730834961,59.61739730834961,9700,0.0,0.0,0.0
2020-08-11 00:00:00-04:00,59.67612276491617,60.44948549994637,58.628658294677734,58.628658294677734,10300,0.0,0.0,0.0
2020-08-12 00:00:00-04:00,59.22581261655013,59.255179593101566,58.98107785367182,59.245391845703125,46700,0.0,0.0,0.0
2020-08-13 00:00:00-04:00,59.509715450492884,61.271805280980395,59.509715450492884,60.576759338378906,5000,0.0,0.0,0.0
2020-08-14 00:00:00-04:00,60.58654521873987,61.11517327188912,60.52781125796103,60.69422912597656,9100,0.0,0.0,0.0
2020-08-17 00:00:00-04:00,62.06472459384351,63.9932353236511,61.81998988130368,63.88555145263672,9200,0.0,0.0,0.0
2020-08-18 00:00:00-04:00,64.56102152894039,64.56102152894039,63.67998243848458,64.20860290527344,9000,0.0,0.0,0.0
2020-08-19 00:00:00-04:00,64.87427833536687,66.00005957657913,64.86449432373047,64.86449432373047,12900,0.0,0.0,0.0
2020-08-20 00:00:00-04:00,65.12880824281446,65.12880824281446,64.34566155088275,65.05049133300781,15600,0.0,0.0,0.0
2020-08-21 00:00:00-04:00,65.22669579545168,65.47143051886526,65.16796185181995,65.3637466430664,6000,0.0,0.0,0.0
2020-08-24 00:00:00-04:00,66.02944217337759,66.29375992432878,64.51209098374787,64.9134521484375,9000,0.0,0.0,0.0
2020-08-25 00:00:00-04:00,64.73723470722068,64.73723470722068,63.56251087064456,64.39460754394531,20500,0.0,0.0,0.0
2020-08-26 00:00:00-04:00,64.92323303222656,65.21691771451361,64.66870680549191,64.92323303222656,10200,0.0,0.0,0.0
2020-08-27 00:00:00-04:00,65.09946107529684,65.12882805823133,62.652112914571404,63.37652587890625,11700,0.0,0.0,0.0
2020-08-28 00:00:00-04:00,64.45335016243442,64.75682637818386,63.47441101074219,63.47441101074219,12000,0.0,0.0,0.0
2020-08-31 00:00:00-04:00,63.74850763918777,63.74850763918777,61.85915141698079,62.994720458984375,13000,0.0,0.0,0.0
2020-09-01 00:00:00-04:00,63.4646277942354,65.25608825683594,63.4646277942354,65.25608825683594,75800,0.0,0.0,0.0
2020-09-02 00:00:00-04:00,65.53016934577582,65.53016934577582,62.515035879789146,63.79744338989258,5200,0.0,0.0,0.0
2020-09-03 00:00:00-04:00,62.94579626904225,62.94579626904225,59.5684514017896,59.90129089355469,11200,0.0,0.0,0.0
2020-09-04 00:00:00-04:00,59.47054804145764,59.47054804145764,55.535212562443384,59.02023696899414,7600,0.0,0.0,0.0
2020-09-08 00:00:00-04:00,56.54351931203977,58.98107925118039,56.54351931203977,57.44414520263672,19000,0.0,0.0,0.0
2020-09-09 00:00:00-04:00,58.736343198201844,59.72506999892155,58.374136794099314,59.4803352355957,7700,0.0,0.0,0.0
2020-09-10 00:00:00-04:00,61.10538025997707,62.89684070604103,60.25370424078357,60.302650451660156,17800,0.0,0.0,0.0
2020-09-11 00:00:00-04:00,61.07600040469935,61.07600040469935,58.91254622457265,59.0300178527832,3500,0.0,0.0,0.0
2020-09-14 00:00:00-04:00,60.31243598136503,61.13474493973861,59.55865245832623,61.11516571044922,5700,0.0,0.0,0.0
2020-09-15 00:00:00-04:00,61.97664093230826,61.97664093230826,61.20327808258814,61.53611755371094,1700,0.0,0.0,0.0
2020-09-16 00:00:00-04:00,61.70253235779621,61.82000774249246,60.938961029052734,60.938961029052734,3900,0.0,0.0,0.0
2020-09-17 00:00:00-04:00,59.5097130557474,60.18517973885158,59.255186780242695,59.94044494628906,6600,0.0,0.0,0.0
2020-09-18 00:00:00-04:00,60.76275236652273,60.76275236652273,59.18665974725855,59.92086410522461,2200,0.0,0.0,0.0
2020-09-21 00:00:00-04:00,59.39551220558583,60.542259216308594,58.483996597200864,60.542259216308594,4300,0.074,0.0,0.0
2020-09-22 00:00:00-04:00,61.03232078041364,62.32608413696289,61.03232078041364,62.32608413696289,3500,0.0,0.0,0.0
2020-09-23 00:00:00-04:00,62.66912798720554,62.66912798720554,59.728755950927734,59.728755950927734,4400,0.0,0.0,0.0
2020-09-24 00:00:00-04:00,59.04267367560513,60.44424760973674,58.67022549439718,59.483726501464844,3200,0.0,0.0,0.0
2020-09-25 00:00:00-04:00,60.179617492140125,60.620670318603516,60.09140617907215,60.620670318603516,9200,0.0,0.0,0.0
2020-09-28 00:00:00-04:00,61.679207562887456,62.45350646972656,61.679207562887456,62.45350646972656,6600,0.0,0.0,0.0
2020-09-29 00:00:00-04:00,62.74753202995879,63.00236635089664,62.14965956072248,62.277076721191406,3900,0.0,0.0,0.0
2020-09-30 00:00:00-04:00,62.49270760693894,63.090587612852325,62.33588790893555,62.33588790893555,3800,0.0,0.0,0.0
2020-10-01 00:00:00-04:00,62.8063479287078,64.47255574328524,62.8063479287078,64.06090545654297,6800,0.0,0.0,0.0
2020-10-02 00:00:00-04:00,62.894556596987904,64.19812333883408,61.316560064735356,63.80607223510742,3900,0.0,0.0,0.0
2020-10-05 00:00:00-04:00,64.70777679970216,65.0900320014858,64.0412922464094,65.03121948242188,12000,0.0,0.0,0.0
2020-10-06 00:00:00-04:00,64.8646044786577,65.42327484111215,63.463026905797925,63.53163528442383,4300,0.0,0.0,0.0
2020-10-07 00:00:00-04:00,64.4725631348744,65.1782536946252,64.4725631348744,65.0018310546875,7000,0.0,0.0,0.0
2020-10-08 00:00:00-04:00,65.43308425230421,65.43308425230421,64.55097110392735,65.28606414794922,6000,0.0,0.0,0.0
2020-10-09 00:00:00-04:00,65.609500070859,66.16817042720824,65.58989340417877,65.87413024902344,3600,0.0,0.0,0.0
2020-10-12 00:00:00-04:00,66.27599450705517,67.34432618952322,66.27599450705517,66.3053970336914,3400,0.0,0.0,0.0
2020-10-13 00:00:00-04:00,66.2563901751481,67.0894941961668,65.61930799045602,66.93267822265625,9400,0.0,0.0,0.0
2020-10-14 00:00:00-04:00,67.67755406416323,67.96178339701042,66.41319341470776,66.80524444580078,6900,0.0,0.0,0.0
2020-10-15 00:00:00-04:00,65.55068932253535,67.6187515258789,65.55068932253535,67.6187515258789,5800,0.0,0.0,0.0
2020-10-16 00:00:00-04:00,68.12842687727469,68.12842687727469,66.83466339111328,66.83466339111328,8700,0.0,0.0,0.0
2020-10-19 00:00:00-04:00,66.83466429781322,67.1189011821275,65.96235445322091,66.09957122802734,3100,0.0,0.0,0.0
2020-10-20 00:00:00-04:00,65.9721432517723,66.5798228164372,65.71731639882637,65.7369155883789,2600,0.0,0.0,0.0
2020-10-21 00:00:00-04:00,66.03096650667942,66.03096650667942,64.296142578125,64.296142578125,4500,0.0,0.0,0.0
2020-10-22 00:00:00-04:00,64.44315404101712,64.89401019096995,63.71786436307153,64.64897918701172,3900,0.0,0.0,0.0
2020-10-23 00:00:00-04:00,64.99202241495037,65.07043413246775,63.62965060353577,65.06063079833984,3600,0.0,0.0,0.0
2020-10-26 00:00:00-04:00,64.95280811278198,64.95280811278198,63.0611686706543,63.0611686706543,4700,0.0,0.0,0.0
2020-10-27 00:00:00-04:00,63.080793503227326,63.12980270385742,63.080793503227326,63.12980270385742,800,0.0,0.0,0.0
2020-10-28 00:00:00-04:00,61.14993543224277,61.14993543224277,60.18941436608418,60.267826080322266,31000,0.0,0.0,0.0
2020-10-29 00:00:00-04:00,60.78728792795698,60.86569589987075,60.27762302445096,60.29722595214844,5500,0.0,0.0,0.0
2020-10-30 00:00:00-04:00,59.74835735176045,59.74835735176045,57.69989806932154,57.89592361450195,4800,0.0,0.0,0.0
2020-11-02 00:00:00-05:00,58.748631966214774,59.55233335739516,58.40559005737305,58.40559005737305,14900,0.0,0.0,0.0
2020-11-03 00:00:00-05:00,59.69935504169249,61.69880897777092,59.69935504169249,61.659603118896484,5000,0.0,0.0,0.0
2020-11-04 00:00:00-05:00,62.27708545746158,63.1199927714784,62.27708545746158,62.77695083618164,5900,0.0,0.0,0.0
2020-11-05 00:00:00-05:00,64.07071105222877,65.65850720793215,64.0217018592305,65.44287872314453,37800,0.0,0.0,0.0
2020-11-06 00:00:00-05:00,65.09002480584336,65.09002480584336,64.46273869760317,65.041015625,4000,0.0,0.0,0.0
2020-11-09 00:00:00-05:00,65.36447165175703,65.36447165175703,61.80662050126212,61.87522888183594,11800,0.0,0.0,0.0
2020-11-10 00:00:00-05:00,60.55205823780144,61.89483078128006,59.91497989465492,61.18914031982422,7300,0.0,0.0,0.0
2020-11-11 00:00:00-05:00,61.277346684083035,62.53190407979459,61.277346684083035,62.19866180419922,6200,0.0,0.0,0.0
2020-11-12 00:00:00-05:00,62.32609073569955,63.29641522528213,62.32609073569955,62.67893600463867,1700,0.0,0.0,0.0
2020-11-13 00:00:00-05:00,63.45322995851382,63.6884651184082,63.38462157298292,63.6884651184082,1600,0.0,0.0,0.0
2020-11-16 00:00:00-05:00,63.68847336482213,64.31575225025446,63.61986497040778,64.17853546142578,9600,0.0,0.0,0.0
2020-11-17 00:00:00-05:00,64.11970886118205,65.82512996728502,64.11970886118205,65.53108978271484,11200,0.0,0.0,0.0
2020-11-18 00:00:00-05:00,65.8153325159587,67.285518614702,65.8153325159587,67.00128173828125,5200,0.0,0.0,0.0
2020-11-19 00:00:00-05:00,66.97188807004474,68.02062066007055,66.95228139859333,67.98141479492188,5700,0.0,0.0,0.0
2020-11-20 00:00:00-05:00,68.24603258499435,68.61848449707031,67.86378481673427,68.61848449707031,9400,0.0,0.0,0.0
2020-11-23 00:00:00-05:00,68.78510667660466,70.46111791813885,68.78510667660466,70.20628356933594,13900,0.0,0.0,0.0
2020-11-24 00:00:00-05:00,70.56893807035111,71.21582359198446,69.96125841164285,71.1080093383789,6700,0.0,0.0,0.0
2020-11-25 00:00:00-05:00,70.38270110119343,71.74507284466328,70.38270110119343,71.40203094482422,9300,0.0,0.0,0.0
2020-11-27 00:00:00-05:00,71.50984277267827,72.44096501544958,71.50984277267827,72.09791564941406,1700,0.0,0.0,0.0
2020-11-30 00:00:00-05:00,73.61711376313083,73.61711376313083,69.45158679001314,71.2256088256836,8700,0.0,0.0,0.0
2020-12-01 00:00:00-05:00,71.79409087249897,71.94111098417083,71.1080069883683,71.43144226074219,84700,0.0,0.0,0.0
2020-12-02 00:00:00-05:00,70.12786729363033,70.42189997386615,69.16734259158893,70.28468322753906,6100,0.0,0.0,0.0
2020-12-03 00:00:00-05:00,70.42188481864314,72.08809955907377,70.42188481864314,71.59803771972656,5400,0.0,0.0,0.0
2020-12-04 00:00:00-05:00,71.60786262920418,72.00971708985143,71.60786262920418,71.94110870361328,4000,0.0,0.0,0.0
2020-12-07 00:00:00-05:00,72.35276075214455,72.4997808626734,71.99011214320717,72.36256408691406,8700,0.0,0.0,0.0
2020-12-08 00:00:00-05:00,71.90190591543252,72.6468023390983,71.36283465927565,72.5879898071289,5200,0.0,0.0,0.0
2020-12-09 00:00:00-05:00,72.8330035632827,72.86240608341735,70.17686873000865,70.84335327148438,4100,0.0,0.0,0.0
2020-12-10 00:00:00-05:00,69.89264989272921,71.76469058576038,69.59861713796113,71.67647552490234,3400,0.0,0.0,0.0
2020-12-11 00:00:00-05:00,71.45103317427288,71.50983821487272,70.2650841630811,71.03938293457031,5700,0.0,0.0,0.0
2020-12-14 00:00:00-05:00,71.1177960288514,71.31382531820907,70.882568359375,70.882568359375,2900,0.0,0.0,0.0
2020-12-15 00:00:00-05:00,72.22533065226149,72.89181518554688,72.22533065226149,72.89181518554688,2900,0.0,0.0,0.0
2020-12-16 00:00:00-05:00,72.9996317062166,73.70531463623047,72.401755526179,73.70531463623047,4800,0.0,0.0,0.0
2020-12-17 00:00:00-05:00,74.46002031202202,74.72465049767251,73.79353570333451,74.60704040527344,5100,0.0,0.0,0.0
2020-12-18 00:00:00-05:00,75.25393651029094,75.8028036813034,74.67566680908203,74.67566680908203,4200,0.0,0.0,0.0
2020-12-21 00:00:00-05:00,74.46370975645664,75.43510143098737,74.41464647060901,75.15055084228516,3500,0.084,0.0,0.0
2020-12-22 00:00:00-05:00,76.16120169592058,77.6231963340751,76.16120169592058,77.44657897949219,3700,0.0,0.0,0.0
2020-12-23 00:00:00-05:00,78.26099526579671,78.26099526579671,76.7793720603079,77.61339569091797,4800,0.0,0.0,0.0
2020-12-24 00:00:00-05:00,77.68205826033181,77.731121542758,77.22089035514662,77.66243743896484,1600,0.0,0.0,0.0
2020-12-28 00:00:00-05:00,78.72214733352556,78.72214733352556,75.7392807006836,75.7392807006836,7200,0.0,0.0,0.0
2020-12-29 00:00:00-05:00,74.9444970723583,75.1014935952403,73.88480048692983,74.51277160644531,36100,0.0,0.0,0.0
2020-12-30 00:00:00-05:00,75.49397259167203,75.87664223423293,75.43509515635098,75.6019058227539,1500,0.0,0.0,0.0
2020-12-31 00:00:00-05:00,74.66975479845351,75.34678914987546,74.64031982421875,74.64031982421875,2500,0.0,0.0,0.0
2021-01-04 00:00:00-05:00,74.57164007881991,74.81694152644761,71.73595594312422,72.66809844970703,18500,0.0,0.0,0.0
2021-01-05 00:00:00-05:00,71.75557953163882,74.88562851956968,71.75557953163882,74.85619354248047,3200,0.0,0.0,0.0
2021-01-06 00:00:00-05:00,75.15054141036896,77.51525075451723,75.15054141036896,77.32881927490234,3000,0.0,0.0,0.0
2021-01-07 00:00:00-05:00,77.33863539000787,79.05574541863682,77.33863539000787,78.95762634277344,4800,0.0,0.0,0.0
2021-01-08 00:00:00-05:00,79.62486189516484,80.19396312533482,79.00669737459823,79.654296875,7100,0.0,0.0,0.0
2021-01-11 00:00:00-05:00,78.49646534690717,81.5185810594046,78.46703037016309,80.78267669677734,5900,0.0,0.0,0.0
2021-01-12 00:00:00-05:00,82.55865871723852,83.40249633789062,82.2446731481126,83.40249633789062,9900,0.0,0.0,0.0
2021-01-13 00:00:00-05:00,83.06889285882097,83.28475186278438,82.42129338891058,82.99039459228516,6000,0.0,0.0,0.0
2021-01-14 00:00:00-05:00,83.39265842541401,84.91353003739802,82.85299985916483,84.34442901611328,10600,0.0,0.0,0.0
2021-01-15 00:00:00-05:00,84.05008684609409,84.05008684609409,81.44989015136844,82.95113372802734,6400,0.0,0.0,0.0
2021-01-19 00:00:00-05:00,83.64778900146484,83.79497135907911,82.696018239699,83.64778900146484,49600,0.0,0.0,0.0
2021-01-20 00:00:00-05:00,85.04111343841608,85.43359729507313,84.03047256057883,84.69769287109375,103400,0.0,0.0,0.0
2021-01-21 00:00:00-05:00,85.72795594499985,85.72795594499985,84.05990154467376,84.93317413330078,59900,0.0,0.0,0.0
2021-01-22 00:00:00-05:00,84.42293428381835,86.09098087978533,84.42293428381835,85.87511444091797,14500,0.0,0.0,0.0
2021-01-25 00:00:00-05:00,86.57178044253426,87.7197892915234,83.83421569694116,85.13921356201172,31000,0.0,0.0,0.0
2021-01-26 00:00:00-05:00,85.87513658060901,85.97326315885059,84.51126098632812,84.51126098632812,6000,0.0,0.0,0.0
2021-01-27 00:00:00-05:00,83.29457524734177,83.79499239444961,81.08686178693418,81.24385833740234,12300,0.0,0.0,0.0
2021-01-28 00:00:00-05:00,81.44008599654549,83.87347981173096,81.44008599654549,83.04926300048828,23900,0.0,0.0,0.0
2021-01-29 00:00:00-05:00,83.66741754441266,83.66741754441266,81.02797896121449,81.44989776611328,6100,0.0,0.0,0.0
2021-02-01 00:00:00-05:00,82.02881149794837,83.08851566342689,81.00835646667352,83.01001739501953,9400,0.0,0.0,0.0
2021-02-02 00:00:00-05:00,84.67807980762629,85.52191755667343,84.67807980762629,85.28642272949219,15500,0.0,0.0,0.0
2021-02-03 00:00:00-05:00,85.54153205179159,86.56198710269842,85.2275464581285,86.03213500976562,14600,0.0,0.0,0.0
2021-02-04 00:00:00-05:00,86.97408570621818,89.28973210473806,86.97408570621818,89.16217803955078,55600,0.0,0.0,0.0
2021-02-05 00:00:00-05:00,91.13439609161223,92.16466522216797,90.74191974283528,92.16466522216797,65600,0.0,0.0,0.0
2021-02-08 00:00:00-05:00,93.32247763570636,93.97006952517569,92.35108605849956,93.08699035644531,52100,0.0,0.0,0.0
2021-02-09 00:00:00-05:00,92.83187919334652,95.30451445840944,92.83187919334652,94.41162109375,19200,0.0,0.0,0.0
2021-02-10 00:00:00-05:00,95.50076517949675,95.96193311711129,91.23252131847939,92.51789855957031,20900,0.0,0.0,0.0
2021-02-11 00:00:00-05:00,92.62583200649776,93.43042048902386,90.90872180108178,92.0076675415039,13200,0.0,0.0,0.0
2021-02-12 00:00:00-05:00,92.22353250813461,93.58740799287854,91.98804520848265,93.56778717041016,20900,0.0,0.0,0.0
2021-02-16 00:00:00-05:00,95.09847041207577,95.09847041207577,92.01748460221329,92.69451904296875,39800,0.0,0.0,0.0
2021-02-17 00:00:00-05:00,92.16465749374326,92.16465749374326,88.8678055356287,91.06570434570312,14300,0.0,0.0,0.0
2021-02-18 00:00:00-05:00,89.53503266039284,90.82040991183095,89.41728526494563,90.29055786132812,10400,0.0,0.0,0.0
2021-02-19 00:00:00-05:00,91.6544447557117,93.29305677709014,91.10496437295689,92.63565063476562,34200,0.0,0.0,0.0
2021-02-22 00:00:00-05:00,92.05673312235965,92.60620600626845,90.52605438232422,90.52605438232422,10600,0.0,0.0,0.0
2021-02-23 00:00:00-05:00,88.32813913116905,89.29953822250141,82.44090457718028,88.97573852539062,50000,0.0,0.0,0.0
2021-02-24 00:00:00-05:00,88.78932198804108,90.59474478135917,88.32815400588898,90.47699737548828,24300,0.0,0.0,0.0
2021-02-25 00:00:00-05:00,89.50559217380255,90.76153437057496,84.7467456526547,85.5120849609375,19700,0.0,0.0,0.0
2021-02-26 00:00:00-05:00,87.61185658524676,89.19159833829843,85.71812931217268,88.03377532958984,16600,0.0,0.0,0.0
2021-03-01 00:00:00-05:00,90.25130675310584,92.95942919040036,90.10412439572978,92.87112426757812,27200,0.0,0.0,0.0
2021-03-02 00:00:00-05:00,92.52771383261536,93.71497200231407,90.67323539136628,90.87928771972656,40600,0.0,0.0,0.0
2021-03-03 00:00:00-05:00,91.2619649235596,92.39035323133622,87.10164642333984,87.10164642333984,29600,0.0,0.0,0.0
2021-03-04 00:00:00-05:00,86.83670815168591,87.53336333006237,80.57661821379197,83.02963256835938,50900,0.0,0.0,0.0
2021-03-05 00:00:00-05:00,83.45155276172243,85.07053627457651,76.28874772967826,83.37305450439453,29500,0.0,0.0,0.0
2021-03-08 00:00:00-05:00,83.73608552447833,86.05173142823234,82.58807672505928,82.87262725830078,30600,0.0,0.0,0.0
2021-03-09 00:00:00-05:00,84.93316754926857,86.26760797168087,84.57012621185143,85.4924545288086,9600,0.0,0.0,0.0
2021-03-10 00:00:00-05:00,87.77867538925626,88.53420809406735,86.42461399661686,87.4156265258789,35200,0.0,0.0,0.0
2021-03-11 00:00:00-05:00,89.16217693140248,90.8302238566868,88.96593127277663,90.80078887939453,29700,0.0,0.0,0.0
2021-03-12 00:00:00-05:00,89.81957728332874,91.38950502160945,89.35840937264499,91.33063507080078,70300,0.0,0.0,0.0
2021-03-15 00:00:00-04:00,92.51788759169156,92.84168727367398,91.48761859847676,92.44920349121094,73300,0.0,0.0,0.0
2021-03-16 00:00:00-04:00,93.72476671711685,93.72476671711685,89.28972017375727,90.32979583740234,23900,0.0,0.0,0.0
2021-03-17 00:00:00-04:00,89.93731459781341,92.23333225426478,88.30850960514712,92.03709411621094,20400,0.0,0.0,0.0
2021-03-18 00:00:00-04:00,89.87845648360792,91.51706849513171,87.46469093397249,87.97492218017578,16200,0.0,0.0,0.0
2021-03-19 00:00:00-04:00,89.1130990557884,90.44753937194596,87.08200360907882,89.78031921386719,121100,0.0,0.0,0.0
2021-03-22 00:00:00-04:00,91.87152593420335,91.87152593420335,89.79111703013179,90.12476348876953,17500,0.011,0.0,0.0
2021-03-23 00:00:00-04:00,90.83133943878252,90.83133943878252,86.45463566367765,86.92567443847656,14400,0.0,0.0,0.0
2021-03-24 00:00:00-04:00,88.2798768607533,88.2798768607533,82.5489501953125,82.5489501953125,43100,0.0,0.0,0.0
2021-03-25 00:00:00-04:00,80.46855019618947,84.97282276589529,80.15452688514401,84.82563018798828,62200,0.0,0.0,0.0
2021-03-26 00:00:00-04:00,85.94435098503689,86.91585957260666,83.37327961113607,85.71864318847656,12900,0.0,0.0,0.0
2021-03-29 00:00:00-04:00,85.6793806607803,85.81676539716075,82.34288564936173,82.48027038574219,14500,0.0,0.0,0.0
2021-03-30 00:00:00-04:00,82.88260002800912,85.28684762067086,82.18586108914477,84.95319366455078,6300,0.0,0.0,0.0
2021-03-31 00:00:00-04:00,86.6116431598257,87.11211292155726,86.32705835126308,86.47425842285156,54200,0.0,0.0,0.0
2021-04-01 00:00:00-04:00,87.88733957567929,88.12286263120347,86.30740797433636,86.99433898925781,23900,0.0,0.0,0.0
2021-04-05 00:00:00-04:00,88.15230440697151,88.15230440697151,86.33685716975708,87.26911163330078,21000,0.0,0.0,0.0
2021-04-06 00:00:00-04:00,86.66070058322215,88.69204050757781,86.66070058322215,87.91679382324219,33600,0.0,0.0,0.0
2021-04-07 00:00:00-04:00,87.82848388157534,88.84906157594648,87.05323714776726,87.33782196044922,27200,0.0,0.0,0.0
2021-04-08 00:00:00-04:00,87.69108913757225,89.04531319008485,87.38688117699256,88.90792846679688,13200,0.0,0.0,0.0
2021-04-09 00:00:00-04:00,88.40745772870432,89.4869199004324,88.40745772870432,89.45748138427734,16700,0.0,0.0,0.0
2021-04-12 00:00:00-04:00,89.38878026294674,89.81074979129954,87.40650950525385,87.87754821777344,29600,0.0,0.0,0.0
2021-04-13 00:00:00-04:00,87.6223856396734,87.6223856396734,85.89525399753879,87.22003936767578,9200,0.0,0.0,0.0
2021-04-14 00:00:00-04:00,87.58315820006338,88.53504358232776,86.49388807055539,86.77847290039062,9200,0.0,0.0,0.0
2021-04-15 00:00:00-04:00,87.5929572582544,87.5929572582544,85.65974833383162,86.1209716796875,19000,0.0,0.0,0.0
2021-04-16 00:00:00-04:00,86.82752917191586,86.82752917191586,85.44385908308875,86.39574432373047,11900,0.0,0.0,0.0
2021-04-19 00:00:00-04:00,85.98358217639677,85.98358217639677,84.20738125260524,84.5115966796875,10300,0.0,0.0,0.0
2021-04-20 00:00:00-04:00,84.03074780134084,84.35458642715874,80.29190680824323,82.04847717285156,27000,0.0,0.0,0.0
2021-04-21 00:00:00-04:00,81.87184087578586,85.22796630859375,80.91014030521035,85.22796630859375,32800,0.0,0.0,0.0
2021-04-22 00:00:00-04:00,85.5125677625525,86.66071497858155,84.20740512198569,84.6784439086914,30500,0.0,0.0,0.0
2021-04-23 00:00:00-04:00,85.40461717156462,87.06305694580078,85.40461717156462,87.06305694580078,7700,0.0,0.0,0.0
2021-04-26 00:00:00-04:00,87.88734904781933,88.49577244313946,87.40650252638409,88.30931854248047,20200,0.0,0.0,0.0
2021-04-27 00:00:00-04:00,89.16308110980226,90.5565591096144,89.02569637668876,89.70281219482422,10000,0.0,0.0,0.0
2021-04-28 00:00:00-04:00,88.69205406113183,90.01684735560538,88.69205406113183,89.67337799072266,10300,0.0,0.0,0.0
2021-04-29 00:00:00-04:00,90.5958079875847,90.5958079875847,87.73034444434013,89.05513000488281,6300,0.0,0.0,0.0
2021-04-30 00:00:00-04:00,88.18175248651187,88.84905293381296,87.49482885851342,87.86772918701172,7900,0.0,0.0,0.0
2021-05-03 00:00:00-04:00,88.08361556310166,88.48595437848226,87.66164608146512,87.76959228515625,16300,0.0,0.0,0.0
2021-05-04 00:00:00-04:00,86.49387763725478,86.9551010131836,85.07096114662474,86.9551010131836,8900,0.0,0.0,0.0
2021-05-05 00:00:00-04:00,87.86772472855102,88.36820191035883,86.87658569823907,87.4261245727539,8400,0.0,0.0,0.0
2021-05-06 00:00:00-04:00,87.08266072111515,87.08266072111515,84.9826286580286,85.88544464111328,103700,0.0,0.0,0.0
2021-05-07 00:00:00-04:00,86.01303152303069,88.27007174348236,86.01303152303069,87.87754821777344,32000,0.0,0.0,0.0
2021-05-10 00:00:00-04:00,87.71073108298532,87.71073108298532,84.44292805204995,84.4527359008789,22400,0.0,0.0,0.0
2021-05-11 00:00:00-04:00,81.5970660756015,84.25645236907874,80.34097295408219,84.14850616455078,49400,0.0,0.0,0.0
2021-05-12 00:00:00-04:00,83.08867736718534,83.44195450445191,78.70215915188025,78.75122833251953,29900,0.0,0.0,0.0
2021-05-13 00:00:00-04:00,79.90920577496605,81.70503031553184,77.93674263226418,80.65501403808594,8600,0.0,0.0,0.0
2021-05-14 00:00:00-04:00,80.76296602320285,84.32516935213522,80.76296602320285,84.2761001586914,7200,0.0,0.0,0.0
2021-05-17 00:00:00-04:00,84.08963796065586,84.80600013468614,82.77466018886854,84.786376953125,8300,0.0,0.0,0.0
2021-05-18 00:00:00-04:00,84.78638778113299,85.86584259060484,84.11908721923828,84.11908721923828,11500,0.0,0.0,0.0
2021-05-19 00:00:00-04:00,81.79333469724048,82.3134350972137,80.92977247529495,82.28399658203125,8300,0.0,0.0,0.0
2021-05-20 00:00:00-04:00,82.08772518125409,83.16717970362508,81.86201744652213,82.89241027832031,6600,0.0,0.0,0.0
2021-05-21 00:00:00-04:00,83.60878984165267,83.69711288220667,82.87279694696592,83.00037384033203,10800,0.0,0.0,0.0
2021-05-24 00:00:00-04:00,83.94244851803114,84.87470324174639,83.69711753948427,84.59011840820312,17600,0.0,0.0,0.0
2021-05-25 00:00:00-04:00,85.2573986321951,85.87563734228048,84.39383648898911,84.6587905883789,8200,0.0,0.0,0.0
2021-05-26 00:00:00-04:00,85.45368356128036,88.25045506606486,85.45368356128036,88.1817626953125,18000,0.0,0.0,0.0
2021-05-27 00:00:00-04:00,88.72148952014828,89.15326690673828,87.7499735547811,89.15326690673828,9900,0.0,0.0,0.0
2021-05-28 00:00:00-04:00,89.66356483653293,89.66356483653293,87.58315553361325,88.12288665771484,12100,0.0,0.0,0.0
2021-06-01 00:00:00-04:00,88.58410464216963,89.32009756287759,88.20138892235408,89.17290496826172,5700,0.0,0.0,0.0
2021-06-02 00:00:00-04:00,88.68223566920256,89.15326690673828,87.7303503727615,89.15326690673828,9100,0.0,0.0,0.0
2021-06-03 00:00:00-04:00,88.03456184206946,88.5252237679445,86.84716087988072,87.52427673339844,12000,0.0,0.0,0.0
2021-06-04 00:00:00-04:00,87.50462411171935,87.50462411171935,86.4153543105855,87.22003936767578,9000,0.0,0.0,0.0
2021-06-07 00:00:00-04:00,86.93546373672504,88.93736500036535,86.93546373672504,88.55464935302734,8100,0.0,0.0,0.0
2021-06-08 00:00:00-04:00,88.50559925431618,90.90002432548543,88.50559925431618,90.67432403564453,46600,0.0,0.0,0.0
2021-06-09 00:00:00-04:00,89.95794135902636,90.3995415140927,89.62429489631039,89.820556640625,5600,0.0,0.0,0.0
2021-06-10 00:00:00-04:00,90.2817801614846,90.2817801614846,88.14249420166016,88.14249420166016,9600,0.0,0.0,0.0
2021-06-11 00:00:00-04:00,89.59485577377566,89.85980987548828,89.17288628815513,89.85980987548828,31200,0.0,0.0,0.0
2021-06-14 00:00:00-04:00,89.59487043657543,89.98739398677316,88.1032539929596,88.24063873291016,22100,0.0,0.0,0.0
2021-06-15 00:00:00-04:00,87.92661219311461,87.92661219311461,86.26818003937915,87.02379608154297,46600,0.0,0.0,0.0
2021-06-16 00:00:00-04:00,86.37610851643126,87.4261245727539,85.98358502715246,87.4261245727539,17900,0.0,0.0,0.0
2021-06-17 00:00:00-04:00,86.50369527923256,86.60182616277224,84.9630171982493,85.63031768798828,17800,0.0,0.0,0.0
2021-06-18 00:00:00-04:00,84.30553032463388,84.84525391655485,83.30457586697347,83.84430694580078,20600,0.0,0.0,0.0
2021-06-21 00:00:00-04:00,85.26838646187845,86.77001148339993,85.03284052213544,86.45594024658203,4300,0.011,0.0,0.0
2021-06-22 00:00:00-04:00,86.03391790474026,88.07532838742446,85.92595779653702,88.02626037597656,10000,0.0,0.0,0.0
2021-06-23 00:00:00-04:00,87.58459597380595,89.68489837646484,87.58459597380595,89.68489837646484,8600,0.0,0.0,0.0
2021-06-24 00:00:00-04:00,90.51915254476745,90.84302541033988,89.91065074325672,90.49951934814453,16800,0.0,0.0,0.0
2021-06-25 00:00:00-04:00,91.07855364263926,92.06000354185792,91.07855364263926,91.49076080322266,9100,0.0,0.0,0.0
2021-06-28 00:00:00-04:00,90.78414450554291,90.92154693603516,90.17564267916956,90.92154693603516,7800,0.0,0.0,0.0
2021-06-29 00:00:00-04:00,91.77540729947124,92.25631578515178,90.75469822628254,91.18653869628906,10300,0.0,0.0,0.0
2021-06-30 00:00:00-04:00,90.34249880465919,91.65763854980469,90.34249880465919,91.65763854980469,8200,0.0,0.0,0.0
2021-07-01 00:00:00-04:00,91.97168307918706,92.0502008800984,91.33373905055429,91.5791015625,13100,0.0,0.0,0.0
2021-07-02 00:00:00-04:00,91.21598600435513,91.39264734378263,90.65655967747988,91.01969146728516,7900,0.0,0.0,0.0
2021-07-06 00:00:00-04:00,90.17563272616385,90.17563272616385,88.75253307262221,89.41010284423828,4900,0.0,0.0,0.0
2021-07-07 00:00:00-04:00,89.31196409006184,89.31196409006184,87.29017916721854,87.77108764648438,10500,0.0,0.0,0.0
2021-07-08 00:00:00-04:00,84.65006385863187,88.21272472017957,84.65006385863187,87.25090789794922,7300,0.0,0.0,0.0
2021-07-09 00:00:00-04:00,89.15492129451825,89.70453842873637,89.05677778450888,89.40028381347656,10000,0.0,0.0,0.0
2021-07-12 00:00:00-04:00,89.98916706440224,90.03823507940615,89.81250573707314,89.9302749633789,26300,0.0,0.0,0.0
2021-07-13 00:00:00-04:00,89.01753476607504,89.01753476607504,88.31089687520236,88.36978149414062,4400,0.0,0.0,0.0
2021-07-14 00:00:00-04:00,88.74272594968113,88.74272594968113,86.63260650634766,86.63260650634766,5700,0.0,0.0,0.0
2021-07-15 00:00:00-04:00,85.63153051731392,85.63153051731392,84.07102828315348,84.81692504882812,5500,0.0,0.0,0.0
2021-07-16 00:00:00-04:00,85.54320101072192,85.54320101072192,82.99142456054688,82.99142456054688,10400,0.0,0.0,0.0
2021-07-19 00:00:00-04:00,80.86167157581637,82.49088230447921,80.06669940631238,81.51924133300781,12800,0.0,0.0,0.0
2021-07-20 00:00:00-04:00,81.75480970691005,85.51375851439977,81.75480970691005,85.33709716796875,5900,0.0,0.0,0.0
2021-07-21 00:00:00-04:00,86.68167440674748,87.2705429819062,86.50501308541284,87.13314056396484,4200,0.0,0.0,0.0
2021-07-22 00:00:00-04:00,87.25092396389198,87.3588840845335,86.51483631653834,87.19203186035156,4300,0.0,0.0,0.0
2021-07-23 00:00:00-04:00,87.85941213091176,87.85941213091176,87.16258343883781,87.76126861572266,3300,0.0,0.0,0.0
2021-07-26 00:00:00-04:00,87.47666934519756,88.97829471076997,87.47666934519756,88.94884490966797,4900,0.0,0.0,0.0
2021-07-27 00:00:00-04:00,88.33050189258256,88.33050189258256,85.9161357393963,87.22146606445312,5200,0.0,0.0,0.0
2021-07-28 00:00:00-04:00,86.75036041500249,87.9771728515625,86.49518133159472,87.9771728515625,2400,0.0,0.0,0.0
2021-07-29 00:00:00-04:00,88.35995036097641,89.3414004504914,88.13422103359513,88.15384674072266,4200,0.0,0.0,0.0
2021-07-30 00:00:00-04:00,87.299980936444,88.54642672147934,87.26072952287721,87.58460235595703,2400,0.0,0.0,0.0
2021-08-02 00:00:00-04:00,87.8692292243334,88.23236846923828,87.70238449878396,88.23236846923828,9600,0.0,0.0,0.0
2021-08-03 00:00:00-04:00,86.64241077497469,88.11458587646484,86.21057034908591,88.11458587646484,18800,0.0,0.0,0.0
2021-08-04 00:00:00-04:00,87.23128764492093,87.8594151491536,85.73948669433594,85.73948669433594,5400,0.0,0.0,0.0
2021-08-05 00:00:00-04:00,86.0928269921732,87.23130551892174,86.05356807913056,87.06446075439453,5300,0.0,0.0,0.0
2021-08-06 00:00:00-04:00,87.76126622154415,88.35995138209653,87.76126622154415,88.25199127197266,36100,0.0,0.0,0.0
2021-08-09 00:00:00-04:00,88.32069277182525,88.78197551881392,87.25091575252819,88.56605529785156,3600,0.0,0.0,0.0
2021-08-10 00:00:00-04:00,88.56605086319502,89.96952474130589,88.56605086319502,89.86156463623047,4100,0.0,0.0,0.0
2021-08-11 00:00:00-04:00,89.34140972672026,90.00879615639933,88.8016166141628,89.88121032714844,107200,0.0,0.0,0.0
2021-08-12 00:00:00-04:00,90.51913498399479,90.51913498399479,88.93899991657293,90.14617919921875,7900,0.0,0.0,0.0
2021-08-13 00:00:00-04:00,89.44936020821635,89.55732031666878,88.84085845947266,88.84085845947266,14200,0.0,0.0,0.0
2021-08-16 00:00:00-04:00,87.6140474988103,88.82123442152253,87.3490592653647,88.56605529785156,4900,0.0,0.0,0.0
2021-08-17 00:00:00-04:00,87.29998556206984,87.29998556206984,84.8071088356527,85.78855895996094,4100,0.0,0.0,0.0
2021-08-18 00:00:00-04:00,85.9946647034259,86.64241790771484,85.9946647034259,86.64241790771484,3000,0.0,0.0,0.0
2021-08-19 00:00:00-04:00,83.60975075148596,85.72967943729273,83.60975075148596,84.80712127685547,30500,0.0,0.0,0.0
2021-08-20 00:00:00-04:00,85.26837746388387,86.61296672510784,85.05246474316151,86.3872299194336,7200,0.0,0.0,0.0
2021-08-23 00:00:00-04:00,86.62280513494375,88.09498057747162,86.62280513494375,87.94776153564453,2800,0.0,0.0,0.0
2021-08-24 00:00:00-04:00,89.00771377953443,90.49951466728187,89.00771377953443,90.1363754272461,4600,0.0,0.0,0.0
2021-08-25 00:00:00-04:00,91.27488236512863,91.56932046468104,91.14729651552095,91.25525665283203,8600,0.0,0.0,0.0
2021-08-26 00:00:00-04:00,90.32285148258775,90.32285148258775,88.98807874788848,89.5965805053711,2600,0.0,0.0,0.0
2021-08-27 00:00:00-04:00,89.59659384350907,90.96080908623095,89.59659384350907,90.87247467041016,7400,0.0,0.0,0.0
2021-08-30 00:00:00-04:00,90.67618040617734,91.06876197088081,90.18545532226562,90.18545532226562,3500,0.0,0.0,0.0
2021-08-31 00:00:00-04:00,89.8517648395159,90.11675308715742,88.9095660997738,89.5867691040039,21700,0.0,0.0,0.0
2021-09-01 00:00:00-04:00,90.25415064532935,90.83321010025368,89.93027031399218,90.06767272949219,5400,0.0,0.0,0.0
2021-09-02 00:00:00-04:00,90.15602779094935,90.47990819650073,90.0873265674571,90.21491241455078,6300,0.0,0.0,0.0
2021-09-03 00:00:00-04:00,89.20399119991882,89.20399119991882,88.3501269918523,88.93900299072266,5100,0.0,0.0,0.0
2021-09-07 00:00:00-04:00,88.95864820630993,88.98809051513672,88.53662430809368,88.98809051513672,8300,0.0,0.0,0.0
2021-09-08 00:00:00-04:00,86.8681684904975,87.71221635083948,86.8681684904975,87.07427215576172,2500,0.0,0.0,0.0
2021-09-09 00:00:00-04:00,87.2410926379065,89.15491720279948,87.2410926379065,89.00770568847656,9800,0.0,0.0,0.0
2021-09-10 00:00:00-04:00,88.83105759309342,89.07642013727772,87.81034851074219,87.81034851074219,4700,0.0,0.0,0.0
2021-09-13 00:00:00-04:00,87.70239948170682,88.07534790039062,86.6424313597151,88.07534790039062,5100,0.0,0.0,0.0
2021-09-14 00:00:00-04:00,87.46682701538582,88.33050032291023,87.2509068165374,87.6532974243164,2600,0.0,0.0,0.0
2021-09-15 00:00:00-04:00,87.07424270920075,89.01750946044922,86.9859083180336,89.01750946044922,21200,0.0,0.0,0.0
2021-09-16 00:00:00-04:00,89.92046976831936,90.3915616697951,89.82231875829706,90.00879669189453,9300,0.0,0.0,0.0
2021-09-17 00:00:00-04:00,89.85175830577144,90.11674653414384,89.09603754687144,89.18437194824219,2800,0.0,0.0,0.0
2021-09-20 00:00:00-04:00,86.0194280174581,87.63038850550383,85.89173258041545,87.03118896484375,12300,0.078,0.0,0.0
2021-09-21 00:00:00-04:00,87.21781425280078,87.71878588392622,87.01153357982028,87.61073303222656,4300,0.0,0.0,0.0
2021-09-22 00:00:00-04:00,89.07436155130706,89.88966683294359,89.07436155130706,89.6735610961914,3900,0.0,0.0,0.0
2021-09-23 00:00:00-04:00,90.94073197971359,91.22559798761205,90.94073197971359,90.97019958496094,3400,0.0,0.0,0.0
2021-09-24 00:00:00-04:00,90.02718865772438,90.42010750370508,89.92896081980511,90.10577392578125,11500,0.0,0.0,0.0
2021-09-27 00:00:00-04:00,91.0782518163499,91.58904112369824,90.90143869182464,91.10771942138672,9600,0.0,0.0,0.0
2021-09-28 00:00:00-04:00,89.12346962523218,90.10576287253448,89.12346962523218,89.37886047363281,6200,0.0,0.0,0.0
2021-09-29 00:00:00-04:00,89.82091232673274,89.82091232673274,88.36711477405238,88.90737915039062,1300,0.0,0.0,0.0
2021-09-30 00:00:00-04:00,88.62250062040316,88.62250062040316,85.57739296158168,85.86225891113281,5700,0.0,0.0,0.0
2021-10-01 00:00:00-04:00,86.3435945297955,86.37306213378906,84.77192653093739,86.37306213378906,9200,0.0,0.0,0.0
2021-10-04 00:00:00-04:00,85.36130239287908,85.52829048092019,85.10590399720753,85.15502166748047,4800,0.0,0.0,0.0
2021-10-05 00:00:00-04:00,86.74631812626139,86.90348865008002,85.81314249757318,86.0587158203125,4800,0.0,0.0,0.0
2021-10-06 00:00:00-04:00,85.28270470572379,86.0783598870728,84.87014331497267,85.8327865600586,2000,0.0,0.0,0.0
2021-10-07 00:00:00-04:00,87.74827188878056,88.15100828880912,87.46340590129502,87.6303939819336,5200,0.0,0.0,0.0
2021-10-08 00:00:00-04:00,87.18835498534389,87.18835498534389,86.52039524479756,86.57933044433594,4000,0.0,0.0,0.0
2021-10-11 00:00:00-04:00,86.05871256188485,86.21587558544978,86.0390625,86.0390625,800,0.0,0.0,0.0
2021-10-12 00:00:00-04:00,85.49879459482085,85.73454284667969,85.48896956515537,85.73454284667969,2400,0.0,0.0,0.0
2021-10-13 00:00:00-04:00,86.38287090501106,86.47127370034995,85.8524316500694,86.4614486694336,21000,0.0,0.0,0.0
2021-10-14 00:00:00-04:00,87.42410291735655,88.00365236190277,87.42410291735655,87.8956069946289,4000,0.0,0.0,0.0
2021-10-15 00:00:00-04:00,88.41622349709381,89.23152125393874,88.23941040039062,88.23941040039062,4300,0.0,0.0,0.0
2021-10-18 00:00:00-04:00,87.59107738873023,90.21379827071074,87.59107738873023,90.16468811035156,5300,0.0,0.0,0.0
2021-10-19 00:00:00-04:00,90.75408508722654,90.75408508722654,89.40834045410156,89.40834045410156,3900,0.0,0.0,0.0
2021-10-20 00:00:00-04:00,89.76195852002225,89.95842167543091,89.43780742862835,89.54586029052734,3100,0.0,0.0,0.0
2021-10-21 00:00:00-04:00,89.92894990033027,91.45149993896484,89.92894990033027,91.45149993896484,4600,0.0,0.0,0.0
2021-10-22 00:00:00-04:00,91.45149970246852,91.84441849972362,91.45149970246852,91.63813781738281,2800,0.0,0.0,0.0
2021-10-25 00:00:00-04:00,92.4436346123475,93.09194437430895,92.4436346123475,92.7776107788086,7800,0.0,0.0,0.0
2021-10-26 00:00:00-04:00,93.17052809687249,93.17052809687249,91.8346084646429,92.06053924560547,6900,0.0,0.0,0.0
2021-10-27 00:00:00-04:00,91.93282403231733,91.93282403231733,90.6656723022461,90.6656723022461,48100,0.0,0.0,0.0
2021-10-28 00:00:00-04:00,90.8719568650477,91.27469322802862,90.5870909037669,91.25505065917969,3600,0.0,0.0,0.0
2021-10-29 00:00:00-04:00,91.5006297221103,92.32575256292856,91.5006297221103,91.66761779785156,3200,0.0,0.0,0.0
2021-11-01 00:00:00-04:00,92.56151383087409,94.47698303457544,92.56151383087409,94.15282440185547,6300,0.0,0.0,0.0
2021-11-02 00:00:00-04:00,94.0349451032196,94.48679914206922,93.72061153296319,94.4278564453125,5900,0.0,0.0,0.0
2021-11-03 00:00:00-04:00,95.0368782200424,96.97199724955452,95.0368782200424,96.76571655273438,5600,0.0,0.0,0.0
2021-11-04 00:00:00-04:00,98.63209175800813,98.63209175800813,97.6792658849236,98.32757568359375,7000,0.0,0.0,0.0
2021-11-05 00:00:00-04:00,99.2509160268338,99.2509160268338,98.33738295718251,98.40614318847656,5200,0.0,0.0,0.0
2021-11-08 00:00:00-05:00,99.4375462742488,99.4375462742488,97.92481381132285,97.93463134765625,7500,0.0,0.0,0.0
2021-11-09 00:00:00-05:00,97.26667936211446,98.9758751016576,97.26667936211446,98.40614318847656,6900,0.0,0.0,0.0
2021-11-10 00:00:00-05:00,97.66943961474658,97.66943961474658,95.17441331203032,95.30210876464844,5600,0.0,0.0,0.0
2021-11-11 00:00:00-05:00,96.47102705913895,97.1193442543333,96.42191688921122,96.53978729248047,8900,0.0,0.0,0.0
2021-11-12 00:00:00-05:00,96.4906835538395,97.33544897935336,96.40227325119149,97.28633880615234,7600,0.0,0.0,0.0
2021-11-15 00:00:00-05:00,98.02303936957627,98.12126719075815,97.45330751469808,97.82657623291016,6800,0.0,0.0,0.0
2021-11-16 00:00:00-05:00,98.05252093625292,99.98764001587612,98.05252093625292,99.70277404785156,7500,0.0,0.0,0.0
2021-11-17 00:00:00-05:00,99.94836142172588,99.94836142172588,97.69890845699655,98.32757568359375,4200,0.0,0.0,0.0
2021-11-18 00:00:00-05:00,99.54560385347581,100.67524269759357,99.54560385347581,100.45913696289062,6100,0.0,0.0,0.0
2021-11-19 00:00:00-05:00,100.17427713591643,100.89134707032883,99.79117584228516,99.79117584228516,5000,0.0,0.0,0.0
2021-11-22 00:00:00-05:00,100.53770818512967,101.34318831467728,98.63206446066967,100.18408203125,11200,0.0,0.0,0.0
2021-11-23 00:00:00-05:00,99.55543649708198,99.55543649708198,97.4729792455688,99.04464721679688,28300,0.0,0.0,0.0
2021-11-24 00:00:00-05:00,97.96411257918471,98.39631652832031,97.63012896535405,98.39631652832031,2000,0.0,0.0,0.0
2021-11-26 00:00:00-05:00,96.12722102225656,96.39243691047889,95.51819649044195,96.03881072998047,2900,0.0,0.0,0.0
2021-11-29 00:00:00-05:00,98.06234560470624,98.06234560470624,95.67537249667248,96.16651916503906,10400,0.0,0.0,0.0
2021-11-30 00:00:00-05:00,95.37083958599015,95.37083958599015,92.3650249057781,93.4259033203125,15600,0.0,0.0,0.0
2021-12-01 00:00:00-05:00,95.36102234832616,95.36102234832616,90.97999572753906,90.97999572753906,12300,0.0,0.0,0.0
2021-12-02 00:00:00-05:00,90.03700977333696,92.05070659315194,89.78161141041339,91.82478332519531,9200,0.0,0.0,0.0
2021-12-03 00:00:00-05:00,92.3945034177686,92.3945034177686,88.44568773397229,89.34939575195312,7000,0.0,0.0,0.0
2021-12-06 00:00:00-05:00,89.26097962477743,91.08804545029167,89.14310175095973,90.30220794677734,332200,0.0,0.0,0.0
2021-12-07 00:00:00-05:00,92.21769152210813,93.46520819931274,92.21769152210813,92.51238250732422,37800,0.0,0.0,0.0
2021-12-08 00:00:00-05:00,93.15087666114339,93.19998683020656,92.16858334824124,92.80707550048828,14400,0.0,0.0,0.0
2021-12-09 00:00:00-05:00,93.31787038238603,93.31787038238603,92.25699174151129,92.74813842773438,4900,0.0,0.0,0.0
2021-12-10 00:00:00-05:00,92.39449595673251,92.39449595673251,90.44955961832262,92.12928009033203,22600,0.0,0.0,0.0
2021-12-13 00:00:00-05:00,92.73830931139217,92.73830931139217,88.2492219652509,88.95647430419922,20200,0.0,0.0,0.0
2021-12-14 00:00:00-05:00,88.74039508122172,88.75022011505754,87.77775160585055,88.3180160522461,41500,0.0,0.0,0.0
2021-12-15 00:00:00-05:00,87.32587742999641,89.0252406725664,86.21588118479886,88.94666290283203,14900,0.0,0.0,0.0
2021-12-16 00:00:00-05:00,89.17258035993552,89.17258035993552,85.56756591796875,85.56756591796875,6500,0.0,0.0,0.0
2021-12-17 00:00:00-05:00,84.95854904920944,86.92313573316399,84.57545524538257,86.74632263183594,5000,0.0,0.0,0.0
2021-12-20 00:00:00-05:00,84.16758889596898,84.30527773473389,83.21359658204146,84.29544067382812,11000,0.108,0.0,0.0
2021-12-21 00:00:00-05:00,84.84620235492697,87.18692779541016,84.84620235492697,87.18692779541016,7100,0.0,0.0,0.0
2021-12-22 00:00:00-05:00,86.5083228346773,87.95406341552734,86.5083228346773,87.95406341552734,9200,0.0,0.0,0.0
2021-12-23 00:00:00-05:00,87.79668691665879,88.40645715387274,87.45246480834413,88.26876831054688,49400,0.0,0.0,0.0
2021-12-27 00:00:00-05:00,88.60315973666768,89.45880404192032,87.973722835153,89.44896697998047,9100,0.0,0.0,0.0
2021-12-28 00:00:00-05:00,88.49499144594688,89.90139131317338,88.34746551513672,88.34746551513672,7800,0.0,0.0,0.0
2021-12-29 00:00:00-05:00,88.80970420708975,89.69484472795054,88.75068933648033,89.40963745117188,3400,0.0,0.0,0.0
2021-12-30 00:00:00-05:00,90.15707883232818,90.60948610351812,90.07839734947449,90.16691589355469,6800,0.0,0.0,0.0
2021-12-31 00:00:00-05:00,89.67517169172945,89.89154202703227,89.29160882586697,89.83252716064453,3400,0.0,0.0,0.0
2022-01-03 00:00:00-05:00,89.79319933530606,90.1472585410632,88.57365873615149,89.0654067993164,28500,0.0,0.0,0.0
2022-01-04 00:00:00-05:00,89.51781122782401,90.37345553136785,89.4194631190612,90.11774444580078,7000,0.0,0.0,0.0
2022-01-05 00:00:00-05:00,90.39313210851547,90.47180609557313,87.19676971435547,87.19676971435547,4300,0.0,0.0,0.0
2022-01-06 00:00:00-05:00,87.35410422893203,87.7376670239064,86.78367481464466,87.21641540527344,8400,0.0,0.0,0.0
2022-01-07 00:00:00-05:00,87.16727070026178,87.23611513822597,85.29863381166804,85.71170043945312,12200,0.0,0.0,0.0
2022-01-10 00:00:00-05:00,84.64950902694302,84.64950902694302,82.19076877694064,84.04957580566406,17200,0.0,0.0,0.0
2022-01-11 00:00:00-05:00,83.63650871291757,84.97406400069595,83.21360509246588,84.8265380859375,28500,0.0,0.0,0.0
2022-01-12 00:00:00-05:00,85.63299430470019,85.73134240157516,84.20692814131606,84.54131317138672,37100,0.0,0.0,0.0
2022-01-13 00:00:00-05:00,85.05273656465222,85.92804739596708,84.54131444761587,84.59049224853516,26900,0.0,0.0,0.0
2022-01-14 00:00:00-05:00,83.66601213727118,83.72501950160078,81.86621249042147,82.66284942626953,19500,0.0,0.0,0.0
2022-01-18 00:00:00-05:00,81.74819637550854,81.79736667712282,80.96139651488421,81.19743347167969,9200,0.0,0.0,0.0
2022-01-19 00:00:00-05:00,80.52865863584309,81.00074006929661,79.62384401716032,79.77136993408203,11500,0.0,0.0,0.0
2022-01-20 00:00:00-05:00,80.036903922038,80.74502226155718,77.06674922403164,77.17493438720703,46800,0.0,0.0,0.0
2022-01-21 00:00:00-05:00,76.80122141917256,78.20762140915438,76.240628835948,76.5160140991211,27300,0.0,0.0,0.0
2022-01-24 00:00:00-05:00,74.78504362787564,78.97473907470703,74.01791787778251,78.97473907470703,364200,0.0,0.0,0.0
2022-01-25 00:00:00-05:00,77.46015265602738,78.58133757673379,76.21110844385895,78.1781005859375,26800,0.0,0.0,0.0
2022-01-26 00:00:00-05:00,77.98140311552373,78.82721032325563,75.61117402087334,75.85704803466797,30900,0.0,0.0,0.0
2022-01-27 00:00:00-05:00,76.30945957679997,77.39131130063446,75.22761535644531,75.22761535644531,10600,0.0,0.0,0.0
2022-01-28 00:00:00-05:00,74.33262642370845,76.23077392578125,73.87038212216282,76.23077392578125,11400,0.0,0.0,0.0
2022-01-31 00:00:00-05:00,76.44714782195848,78.18793245045674,76.44714782195848,78.08958435058594,6700,0.0,0.0,0.0
2022-02-01 00:00:00-05:00,78.48298995184203,79.51565633068125,77.87321968280392,79.48615264892578,12500,0.0,0.0,0.0
2022-02-02 00:00:00-05:00,80.01723619112177,80.01723619112177,78.76819205308239,79.5844955444336,15400,0.0,0.0,0.0
2022-02-03 00:00:00-05:00,79.09276516296025,79.66319477825722,77.70603937788947,77.89289855957031,26400,0.0,0.0,0.0
2022-02-04 00:00:00-05:00,76.62417994512379,77.31262417053759,75.55216536157454,76.66351318359375,8400,0.0,0.0,0.0
2022-02-07 00:00:00-05:00,77.13559423180888,77.40113485940654,75.92589080869247,76.77169799804688,403200,0.0,0.0,0.0
2022-02-08 00:00:00-05:00,76.60451744876734,78.24695428115719,76.60451744876734,78.11910247802734,81100,0.0,0.0,0.0
2022-02-09 00:00:00-05:00,79.00425293143475,80.03691945744457,79.00425293143475,80.00741577148438,55800,0.0,0.0,0.0
2022-02-10 00:00:00-05:00,79.20094122986644,80.5876743587552,78.10925993794805,78.51249694824219,22500,0.0,0.0,0.0
2022-02-11 00:00:00-05:00,78.67969637305075,79.1714444753823,76.95857801489025,77.12577056884766,12900,0.0,0.0,0.0
2022-02-14 00:00:00-05:00,77.44047699575226,77.57816584268679,76.44715138622169,77.00774383544922,8900,0.0,0.0,0.0
2022-02-15 00:00:00-05:00,78.40431675252802,79.08293151855469,78.40431675252802,79.08293151855469,7700,0.0,0.0,0.0
2022-02-16 00:00:00-05:00,78.55183176558144,79.18126863370388,78.18793552790969,79.01406860351562,7700,0.0,0.0,0.0
2022-02-17 00:00:00-05:00,78.44364092051245,78.44364092051245,76.92905622142287,76.94872283935547,4900,0.0,0.0,0.0
2022-02-18 00:00:00-05:00,77.01759458550438,77.58802425317991,76.45700198202503,76.8799057006836,19700,0.0,0.0,0.0
2022-02-22 00:00:00-05:00,76.33897884855334,76.66352689659873,74.34247523077494,74.74571228027344,9500,0.0,0.0,0.0
2022-02-23 00:00:00-05:00,75.36530763187187,75.36530763187187,72.61152290085612,72.65086364746094,7100,0.0,0.0,0.0
2022-02-24 00:00:00-05:00,70.34948181075471,75.00142212673468,70.34948181075471,74.696533203125,12400,0.0,0.0,0.0
2022-02-25 00:00:00-05:00,74.81455432169138,76.71270225453905,74.81455432169138,76.43732452392578,4200,0.0,0.0,0.0
2022-02-28 00:00:00-05:00,75.86689842637067,76.71270578271496,75.29646881330484,76.21112060546875,4200,0.0,0.0,0.0
2022-03-01 00:00:00-05:00,75.71935351144904,75.71935351144904,74.61784281444297,74.8342056274414,9200,0.0,0.0,0.0
2022-03-02 00:00:00-05:00,76.85038817541924,77.92240287535418,76.85038817541924,77.48966217041016,16400,0.0,0.0,0.0
2022-03-03 00:00:00-05:00,76.99792216988419,77.11594442091808,75.7193740458669,75.96524810791016,5600,0.0,0.0,0.0
2022-03-04 00:00:00-05:00,74.84405590155134,74.84405590155134,74.24412264666884,74.627685546875,9400,0.0,0.0,0.0
2022-03-07 00:00:00-05:00,74.76536683878109,74.76536683878109,71.31330108642578,71.31330108642578,13000,0.0,0.0,0.0
2022-03-08 00:00:00-05:00,71.80504815242396,73.56550696863515,71.7558703489151,72.01158142089844,11600,0.0,0.0,0.0
2022-03-09 00:00:00-05:00,73.71303137368423,75.09976450796111,73.71303137368423,74.15560913085938,9900,0.0,0.0,0.0
2022-03-10 00:00:00-05:00,72.85739180307851,74.42114697710439,72.85739180307851,74.35230255126953,6500,0.0,0.0,0.0
2022-03-11 00:00:00-05:00,74.89322857478233,74.89322857478233,73.68352508544922,73.68352508544922,2700,0.0,0.0,0.0
2022-03-14 00:00:00-04:00,73.72286837502202,73.72286837502202,72.33614274536987,72.73937225341797,2200,0.0,0.0,0.0
2022-03-15 00:00:00-04:00,73.32946467568298,74.6768569946289,73.10326478123046,74.6768569946289,5400,0.0,0.0,0.0
2022-03-16 00:00:00-04:00,76.46683982058087,76.50618057428255,74.68671386059849,76.28981018066406,4700,0.0,0.0,0.0
2022-03-17 00:00:00-04:00,76.15210193777486,77.29295349121094,76.10292413227761,77.29295349121094,3800,0.0,0.0,0.0
2022-03-18 00:00:00-04:00,76.91923917399787,78.43382426716073,76.91923917399787,78.37481689453125,6000,0.0,0.0,0.0
2022-03-21 00:00:00-04:00,77.89381207228737,77.89381207228737,76.02490997314453,76.02490997314453,3800,0.011,0.0,0.0
2022-03-22 00:00:00-04:00,76.54622769817132,77.58887502273845,76.54622769817132,77.2642822265625,4600,0.0,0.0,0.0
2022-03-23 00:00:00-04:00,76.49705498304354,76.49705498304354,75.32653804214931,75.43473815917969,4400,0.0,0.0,0.0
2022-03-24 00:00:00-04:00,74.92325789455444,75.2576967226817,74.79538841867739,75.1888427734375,2900,0.0,0.0,0.0
2022-03-25 00:00:00-04:00,75.00194171077732,75.00194171077732,74.25437927246094,74.25437927246094,2500,0.0,0.0,0.0
2022-03-28 00:00:00-04:00,74.15600087382367,74.6183090209961,73.76254665253765,74.6183090209961,5600,0.0,0.0,0.0
2022-03-29 00:00:00-04:00,74.62815475369132,77.08723449707031,74.62815475369132,77.08723449707031,6300,0.0,0.0,0.0
2022-03-30 00:00:00-04:00,76.4085338082496,76.44787998866187,74.92324739188219,75.26751708984375,12300,0.0,0.0,0.0
2022-03-31 00:00:00-04:00,75.05111754859618,75.05111754859618,73.64452362060547,73.64452362060547,6300,0.0,0.0,0.0
2022-04-01 00:00:00-04:00,73.74288549682723,73.74288549682723,72.84777685651827,73.10352325439453,3300,0.0,0.0,0.0
2022-04-04 00:00:00-04:00,73.31991577148438,73.31991577148438,73.09367715395818,73.31991577148438,1600,0.0,0.0,0.0
2022-04-05 00:00:00-04:00,72.52318512802145,72.61170839909862,72.04120008154793,72.11005401611328,7300,0.0,0.0,0.0
2022-04-06 00:00:00-04:00,70.91001398214311,71.15592193603516,70.35918256686979,71.15592193603516,2600,0.0,0.0,0.0
2022-04-07 00:00:00-04:00,70.48705541530038,71.31330249026185,69.78867026280207,71.16575622558594,4700,0.0,0.0,0.0
2022-04-08 00:00:00-04:00,71.028044750974,72.28709213679014,71.028044750974,72.12971496582031,2000,0.0,0.0,0.0
2022-04-11 00:00:00-04:00,70.90019185417545,72.45433211646748,70.90019185417545,71.65758514404297,5700,0.0,0.0,0.0
2022-04-12 00:00:00-04:00,71.48051389831863,72.95596144956542,71.36248289710807,71.50019073486328,3500,0.0,0.0,0.0
2022-04-13 00:00:00-04:00,72.35594711713965,73.41827117869174,72.34611620316352,73.38876342773438,4400,0.0,0.0,0.0
2022-04-14 00:00:00-04:00,72.9559787472183,73.93961068126578,72.9559787472183,73.6937026977539,4200,0.0,0.0,0.0
2022-04-18 00:00:00-04:00,73.29042057662242,73.54615948693379,72.91663562313957,73.18222045898438,5700,0.0,0.0,0.0
2022-04-19 00:00:00-04:00,74.9625867645877,75.3068564312845,74.9625867645877,75.13964080810547,1100,0.0,0.0,0.0
2022-04-20 00:00:00-04:00,75.76915885328854,75.84785120096862,75.40521987816999,75.51341247558594,1700,0.0,0.0,0.0
2022-04-21 00:00:00-04:00,75.9560570644126,75.9560570644126,73.52648505323533,73.75272369384766,1400,0.0,0.0,0.0
2022-04-22 00:00:00-04:00,72.68057815357898,72.68057815357898,71.28382231722114,71.56907653808594,2800,0.0,0.0,0.0
2022-04-25 00:00:00-04:00,70.8116531643614,72.6313705444336,70.8116531643614,72.6313705444336,2500,0.0,0.0,0.0
2022-04-26 00:00:00-04:00,71.696924717378,71.696924717378,70.66410827636719,70.66410827636719,2100,0.0,0.0,0.0
2022-04-27 00:00:00-04:00,71.16576331782412,71.30347117737472,70.26082381091574,70.86083984375,3800,0.0,0.0,0.0
2022-04-28 00:00:00-04:00,70.8608444155143,71.94283802658319,69.9263895888288,71.37232971191406,20300,0.0,0.0,0.0
2022-04-29 00:00:00-04:00,70.94935446511141,71.07723139376915,69.17882184179595,69.38538360595703,3200,0.0,0.0,0.0
2022-05-02 00:00:00-04:00,69.04112259498234,70.31000859382401,68.81488396539167,70.21163940429688,5600,0.0,0.0,0.0
2022-05-03 00:00:00-04:00,70.42803271761547,70.42803271761547,69.79850898976643,70.19196319580078,3700,0.0,0.0,0.0
2022-05-04 00:00:00-04:00,69.57228485140281,71.8149642944336,69.23784611621434,71.8149642944336,1600,0.0,0.0,0.0
2022-05-05 00:00:00-04:00,69.56244548082503,69.56244548082503,68.14601321847303,68.62799072265625,7300,0.0,0.0,0.0
2022-05-06 00:00:00-04:00,68.38207600799872,68.94274580572795,67.98862931132287,68.06731414794922,5100,0.0,0.0,0.0
2022-05-09 00:00:00-04:00,67.17222717524021,67.44764292219539,65.96235656738281,65.96235656738281,3900,0.0,0.0,0.0
2022-05-10 00:00:00-04:00,66.68040150076646,66.8869632809452,64.64428394813005,65.80496978759766,5500,0.0,0.0,0.0
2022-05-11 00:00:00-04:00,65.78529131676518,66.88696162156937,64.1327896118164,64.1327896118164,5200,0.0,0.0,0.0
2022-05-12 00:00:00-04:00,64.06393873880695,65.78529445077928,63.99508481050868,65.33282470703125,10400,0.0,0.0,0.0
2022-05-13 00:00:00-04:00,66.84763511501677,67.40830509925146,66.81812735340188,67.3296127319336,3500,0.0,0.0,0.0
2022-05-16 00:00:00-04:00,67.01485315277499,67.39846907645904,66.56238328136604,66.83779907226562,2200,0.0,0.0,0.0
2022-05-17 00:00:00-04:00,68.08699098549184,68.08699098549184,67.18205157591387,68.06731414794922,1200,0.0,0.0,0.0
2022-05-18 00:00:00-04:00,65.83448388510261,65.86399164161222,62.94260742716499,63.16884231567383,7100,0.0,0.0,0.0
2022-05-19 00:00:00-04:00,63.31637933768965,64.62460388011775,62.785217284693715,63.74917221069336,1300,0.0,0.0,0.0
2022-05-20 00:00:00-04:00,63.847551488573664,63.91640542274904,60.99501366923504,62.29341125488281,12100,0.0,0.0,0.0
2022-05-23 00:00:00-04:00,63.01146314313666,63.01146314313666,62.27374289979025,62.48030471801758,8400,0.0,0.0,0.0
2022-05-24 00:00:00-04:00,61.25076143574369,61.25076143574369,59.91302139519863,60.75894546508789,6100,0.0,0.0,0.0
2022-05-25 00:00:00-04:00,60.36548780049096,63.522949006648936,60.36548780049096,63.208187103271484,7900,0.0,0.0,0.0
2022-05-26 00:00:00-04:00,63.975419277661345,66.51319136492238,63.975419277661345,66.08039093017578,2100,0.0,0.0,0.0
2022-05-27 00:00:00-04:00,66.91647380263854,67.6541976928711,66.83778145326335,67.6541976928711,1300,0.0,0.0,0.0
2022-05-31 00:00:00-04:00,66.7394117287853,67.4082816088655,66.30661886839077,67.02466583251953,5300,0.0,0.0,0.0
2022-06-01 00:00:00-04:00,67.25091859398762,67.25091859398762,66.11974035948462,66.41482543945312,5000,0.0,0.0,0.0
2022-06-02 00:00:00-04:00,66.45415465919588,67.96894836425781,66.45415465919588,67.96894836425781,4300,0.0,0.0,0.0
2022-06-03 00:00:00-04:00,67.66403818917867,67.95912325161811,67.44763797401365,67.81158447265625,2200,0.0,0.0,0.0
2022-06-06 00:00:00-04:00,68.39192196544559,68.53946824522005,68.20502951076358,68.5001220703125,3700,0.0,0.0,0.0
2022-06-07 00:00:00-04:00,68.12634239637035,69.10997422275074,67.53616480144517,69.10013580322266,5100,0.0,0.0,0.0
2022-06-08 00:00:00-04:00,68.78538694119194,68.7952253625826,67.90995505034063,68.09684753417969,7300,0.0,0.0,0.0
2022-06-09 00:00:00-04:00,68.31323979915456,68.31323979915456,67.46731567382812,67.46731567382812,1000,0.0,0.0,0.0
2022-06-10 00:00:00-04:00,65.61807552109677,65.61807552109677,64.9196978538172,64.9983901977539,4600,0.0,0.0,0.0
2022-06-13 00:00:00-04:00,62.71637156237478,62.71637156237478,61.41797768687089,61.59503173828125,3300,0.0,0.0,0.0
2022-06-14 00:00:00-04:00,62.22455457888024,62.303246934791645,61.840938724457295,62.26390075683594,4800,0.0,0.0,0.0
2022-06-15 00:00:00-04:00,62.962274371001406,63.09998222428436,62.263892932947364,62.80488967895508,5200,0.0,0.0,0.0
2022-06-16 00:00:00-04:00,61.280267037368766,61.280267037368766,59.017914402395206,59.32284164428711,6100,0.0,0.0,0.0
2022-06-17 00:00:00-04:00,59.686781293627774,60.19827030877333,59.499892591890216,60.050724029541016,2100,0.0,0.0,0.0
2022-06-21 00:00:00-04:00,60.94697511416523,61.173250759109735,60.22879491422815,60.277984619140625,9000,0.011,0.0,0.0
2022-06-22 00:00:00-04:00,60.327178759335716,60.327178759335716,59.75657138511866,59.81559753417969,2600,0.0,0.0,0.0
2022-06-23 00:00:00-04:00,60.248473599803575,60.38620627942544,59.23514762999379,60.356689453125,2700,0.0,0.0,0.0
2022-06-24 00:00:00-04:00,61.340505362660046,62.99330520629883,61.340505362660046,62.99330520629883,5500,0.0,0.0,0.0
2022-06-27 00:00:00-04:00,63.003134923432924,63.27860026725306,62.668639683251115,62.776859283447266,2700,0.0,0.0,0.0
2022-06-28 00:00:00-04:00,63.052318260244995,63.052318260244995,61.497901916503906,61.497901916503906,7700,0.0,0.0,0.0
2022-06-29 00:00:00-04:00,61.6258001060397,61.6258001060397,60.40587894976322,60.799400329589844,2400,0.0,0.0,0.0
2022-06-30 00:00:00-04:00,59.38272080625201,60.297663614627524,59.38272080625201,59.73689270019531,7100,0.0,0.0,0.0
2022-07-01 00:00:00-04:00,59.88445869276571,60.25830720050462,58.851459891343836,60.14025115966797,9000,0.0,0.0,0.0
2022-07-05 00:00:00-04:00,59.60899716378596,60.91746139526367,59.00887297562319,60.91746139526367,4200,0.0,0.0,0.0
2022-07-06 00:00:00-04:00,59.87462475538287,60.30749942516398,59.48109959890257,60.11073684692383,1100,0.0,0.0,0.0
2022-07-07 00:00:00-04:00,60.93713858264597,61.58645248413086,60.93713858264597,61.58645248413086,3500,0.0,0.0,0.0
2022-07-08 00:00:00-04:00,61.59629111770249,61.59629111770249,61.22244259209181,61.31098556518555,1700,0.0,0.0,0.0
2022-07-11 00:00:00-04:00,61.09454230269326,61.09454230269326,60.799400329589844,60.799400329589844,700,0.0,0.0,0.0
2022-07-12 00:00:00-04:00,61.29130667296995,61.37001320301201,60.37636390236754,60.63215637207031,1400,0.0,0.0,0.0
2022-07-13 00:00:00-04:00,60.2681500096994,61.28147603885468,60.2681500096994,60.97649383544922,3900,0.0,0.0,0.0
2022-07-14 00:00:00-04:00,59.84511486192327,60.5731315612793,59.84511486192327,60.5731315612793,3700,0.0,0.0,0.0
2022-07-15 00:00:00-04:00,61.51758115225555,61.51758115225555,61.330658776346965,61.37984848022461,3500,0.0,0.0,0.0
2022-07-18 00:00:00-04:00,62.22592218394157,62.49155107681795,61.76353073120117,61.76353073120117,2500,0.0,0.0,0.0
2022-07-19 00:00:00-04:00,63.622933218891255,63.88856588136204,63.622933218891255,63.76066589355469,1100,0.0,0.0,0.0
2022-07-20 00:00:00-04:00,64.05580555878201,64.3017578125,63.87871963587038,64.3017578125,600,0.0,0.0,0.0
2022-07-21 00:00:00-04:00,64.05581912436365,64.21322469702723,63.52456124312028,64.1148452758789,3300,0.0,0.0,0.0
2022-07-22 00:00:00-04:00,63.898399025609685,64.41982416155976,63.51471407117683,63.65244674682617,2400,0.0,0.0,0.0
2022-07-25 00:00:00-04:00,63.54422811448375,63.613101959228516,63.54422811448375,63.613101959228516,400,0.0,0.0,0.0
2022-07-26 00:00:00-04:00,62.8358938660791,62.8358938660791,61.960304260253906,61.960304260253906,1400,0.0,0.0,0.0
2022-07-27 00:00:00-04:00,62.1177092710099,63.28844456403533,62.1177092710099,63.02281188964844,1600,0.0,0.0,0.0
2022-07-28 00:00:00-04:00,63.367144411696536,63.937747955322266,62.70799039772808,63.937747955322266,2100,0.0,0.0,0.0
2022-07-29 00:00:00-04:00,63.69180030242337,64.30176465869896,63.69180030242337,64.16403198242188,800,0.0,0.0,0.0
2022-08-01 00:00:00-04:00,63.81969488852204,65.01993560791016,63.81969488852204,65.01993560791016,3100,0.0,0.0,0.0
2022-08-02 00:00:00-04:00,64.22305120513577,64.76414916494802,64.22305120513577,64.39029693603516,1200,0.0,0.0,0.0
2022-08-03 00:00:00-04:00,65.09864901689735,65.29541534849227,64.97075653076172,64.97075653076172,2100,0.0,0.0,0.0
2022-08-04 00:00:00-04:00,64.92157154883236,65.17736406037301,64.92157154883236,64.93141174316406,1600,0.0,0.0,0.0
2022-08-05 00:00:00-04:00,64.8133460356393,64.94124603271484,64.74447969331722,64.94124603271484,1200,0.0,0.0,0.0
2022-08-08 00:00:00-04:00,66.06278300965647,66.38744181624419,66.06278300965647,66.37760162353516,1100,0.0,0.0,0.0
2022-08-09 00:00:00-04:00,65.42330178487154,65.42330178487154,65.18718971465923,65.33476257324219,4000,0.0,0.0,0.0
2022-08-10 00:00:00-04:00,66.85966324605947,67.07610244158757,66.67273712158203,66.67273712158203,900,0.0,0.0,0.0
2022-08-11 00:00:00-04:00,67.88281840796814,68.34520982125095,67.63686616735956,68.13861083984375,5200,0.0,0.0,0.0
2022-08-12 00:00:00-04:00,68.27635085782941,69.06339360914066,68.27635085782941,69.0240478515625,1000,0.0,0.0,0.0
2022-08-15 00:00:00-04:00,68.78793654519262,69.25032806396484,68.78793654519262,69.25032806396484,500,0.0,0.0,0.0
2022-08-16 00:00:00-04:00,71.07037361269943,71.32616610312621,70.8932876586914,70.8932876586914,2100,0.0,0.0,0.0
2022-08-17 00:00:00-04:00,70.13575160488371,70.58830288995489,69.968505859375,69.968505859375,500,0.0,0.0,0.0
2022-08-18 00:00:00-04:00,69.79142734921813,70.30300483283015,69.79142734921813,70.23413848876953,2800,0.0,0.0,0.0
2022-08-19 00:00:00-04:00,69.2208090580621,69.2208090580621,69.05356331203161,69.17161560058594,600,0.0,0.0,0.0
2022-08-22 00:00:00-04:00,67.87299276854161,67.87299276854161,67.54834144579237,67.55817413330078,3200,0.0,0.0,0.0
2022-08-23 00:00:00-04:00,68.05992401959948,68.05992401959948,67.67623901367188,67.67623901367188,1300,0.0,0.0,0.0
2022-08-24 00:00:00-04:00,67.09577693698054,67.09577693698054,67.03675079345703,67.03675079345703,300,0.0,0.0,0.0
2022-08-25 00:00:00-04:00,67.85330963134766,67.85330963134766,67.85330963134766,67.85330963134766,200,0.0,0.0,0.0
2022-08-26 00:00:00-04:00,67.23352213677262,67.23352213677262,65.95457458496094,65.95457458496094,1600,0.0,0.0,0.0
2022-08-29 00:00:00-04:00,65.29540999271615,66.0037462107532,65.29540999271615,65.82666778564453,2000,0.0,0.0,0.0
2022-08-30 00:00:00-04:00,65.2363816269494,65.2363816269494,65.14784240722656,65.14784240722656,400,0.0,0.0,0.0
2022-08-31 00:00:00-04:00,64.69528621397515,64.69528621397515,64.49851989746094,64.49851989746094,500,0.0,0.0,0.0
2022-09-01 00:00:00-04:00,63.357315393852026,64.29193115234375,63.357315393852026,64.29193115234375,400,0.0,0.0,0.0
2022-09-02 00:00:00-04:00,64.55755640558384,64.55755640558384,63.681966899438066,63.849212646484375,1100,0.0,0.0,0.0
2022-09-06 00:00:00-04:00,62.9932915366034,63.26875686645508,62.9932915366034,63.26875686645508,1000,0.0,0.0,0.0
2022-09-07 00:00:00-04:00,63.7114779609703,64.72480010986328,63.63277143336155,64.72480010986328,2600,0.0,0.0,0.0
2022-09-08 00:00:00-04:00,63.82954699434606,64.73465728759766,63.819714305215726,64.73465728759766,1400,0.0,0.0,0.0
2022-09-09 00:00:00-04:00,65.27574045291931,65.77748525835437,65.27574045291931,65.75780487060547,300,0.0,0.0,0.0
2022-09-12 00:00:00-04:00,66.1906831826124,66.20052337646484,66.13165703123514,66.20052337646484,700,0.0,0.0,0.0
2022-09-13 00:00:00-04:00,64.31160683861356,64.31160683861356,63.28844442189345,63.376983642578125,2200,0.0,0.0,0.0
2022-09-14 00:00:00-04:00,62.973630703363675,63.12120358854395,62.23577003039665,62.89492416381836,2900,0.0,0.0,0.0
2022-09-15 00:00:00-04:00,62.658807024943194,63.22941441331499,62.658807024943194,62.95395278930664,4900,0.0,0.0,0.0
2022-09-16 00:00:00-04:00,62.2751242748889,62.589942932128906,62.2751242748889,62.589942932128906,1500,0.0,0.0,0.0
2022-09-19 00:00:00-04:00,62.51204640684028,63.310699462890625,62.51204640684028,63.310699462890625,1400,0.141,0.0,0.0
2022-09-20 00:00:00-04:00,62.27539825439453,62.27539825439453,62.27539825439453,62.27539825439453,400,0.0,0.0,0.0
2022-09-21 00:00:00-04:00,62.70923914595623,62.797978787893534,61.575347900390625,61.575347900390625,900,0.0,0.0,0.0
2022-09-22 00:00:00-04:00,61.44717056744573,61.44717056744573,60.20481928122812,60.3724365234375,1100,0.0,0.0,0.0
2022-09-23 00:00:00-04:00,59.58364485985159,59.58364485985159,58.88358970369738,59.514625549316406,3700,0.0,0.0,0.0
2022-09-26 00:00:00-04:00,59.68223983437675,59.68223983437675,58.53848648071289,58.53848648071289,4400,0.0,0.0,0.0
2022-09-27 00:00:00-04:00,59.149799707969976,59.43573519638568,58.69623947143555,58.69623947143555,1400,0.0,0.0,0.0
2022-09-28 00:00:00-04:00,59.770977218169485,60.53019332885742,59.770977218169485,60.53019332885742,1700,0.0,0.0,0.0
2022-09-29 00:00:00-04:00,58.70611081590711,58.92302703857422,58.70611081590711,58.92302703857422,400,0.0,0.0,0.0
2022-09-30 00:00:00-04:00,58.22296539394207,59.5441979683709,57.90744750404294,58.70610427856445,5800,0.0,0.0,0.0
2022-10-03 00:00:00-04:00,58.844148025756965,59.938602447509766,58.844148025756965,59.938602447509766,1200,0.0,0.0,0.0
2022-10-04 00:00:00-04:00,61.68380788067732,61.703528219026715,61.575347900390625,61.575347900390625,1100,0.0,0.0,0.0
2022-10-05 00:00:00-04:00,61.48660928874459,61.67394686429802,61.407727934025246,61.42744827270508,900,0.0,0.0,0.0
2022-10-06 00:00:00-04:00,61.102073069495304,61.66408956645648,60.964034457788365,61.00347137451172,2300,0.0,0.0,0.0
2022-10-07 00:00:00-04:00,59.859713938282106,59.859713938282106,59.69209671020508,59.69209671020508,300,0.0,0.0,0.0
2022-10-10 00:00:00-04:00,59.830140163438436,59.830140163438436,59.475181579589844,59.475181579589844,300,0.0,0.0,0.0
2022-10-11 00:00:00-04:00,59.317421644173685,60.31327431123233,59.317421644173685,59.8991584777832,800,0.0,0.0,0.0
2022-10-12 00:00:00-04:00,59.83999860338338,60.09635925292969,59.83999860338338,60.09635925292969,600,0.0,0.0,0.0
2022-10-13 00:00:00-04:00,58.74554450815181,61.102070375961816,58.74554450815181,61.06262969970703,800,0.0,0.0,0.0
2022-10-14 00:00:00-04:00,60.9147337190589,60.9147337190589,60.08649826049805,60.08649826049805,500,0.0,0.0,0.0
2022-10-17 00:00:00-04:00,61.06262805243915,61.06262805243915,61.013329089085545,61.04290771484375,400,0.0,0.0,0.0
2022-10-18 00:00:00-04:00,61.289414607800296,61.83171080080103,61.289414607800296,61.69367218017578,4400,0.0,0.0,0.0
2022-10-19 00:00:00-04:00,61.1119313347163,61.1119313347163,60.76683480558245,60.86543273925781,200,0.0,0.0,0.0
2022-10-20 00:00:00-04:00,60.244258880615234,60.244258880615234,60.244258880615234,60.244258880615234,700,0.0,0.0,0.0
2022-10-21 00:00:00-04:00,60.49075551503825,61.417592667130926,60.49075551503825,61.29927062988281,700,0.0,0.0,0.0
2022-10-24 00:00:00-04:00,61.881001678296656,62.20638160830742,61.881001678296656,62.07820129394531,3400,0.0,0.0,0.0
2022-10-25 00:00:00-04:00,63.2811241289883,63.63608273294349,63.2811241289883,63.41916275024414,1900,0.0,0.0,0.0
2022-10-26 00:00:00-04:00,63.3797197911463,63.48817977859705,63.014902910760284,63.02476119995117,1500,0.0,0.0,0.0
2022-10-27 00:00:00-04:00,63.77412083349328,63.97131671295134,63.52762222290039,63.52762222290039,1200,0.0,0.0,0.0
2022-10-28 00:00:00-04:00,64.81927330459803,64.84885193461376,64.73053741455078,64.73053741455078,1000,0.0,0.0,0.0
2022-10-31 00:00:00-04:00,64.4741826587775,65.03619924820357,64.4741826587775,64.5037612915039,700,0.0,0.0,0.0
2022-11-01 00:00:00-04:00,64.83898703727071,65.02632083825898,64.48402848876522,64.85870361328125,2600,0.0,0.0,0.0
2022-11-02 00:00:00-04:00,63.92201140767566,63.92201140767566,62.78811647354251,62.85713577270508,700,0.0,0.0,0.0
2022-11-03 00:00:00-04:00,62.80784225463867,62.80784225463867,62.80784225463867,62.80784225463867,100,0.0,0.0,0.0
2022-11-04 00:00:00-04:00,63.458601140198326,63.458601140198326,62.34442639828589,62.95574188232422,1100,0.0,0.0,0.0
2022-11-07 00:00:00-05:00,62.40358587222597,63.14308166503906,62.40358587222597,63.14308166503906,1000,0.0,0.0,0.0
2022-11-08 00:00:00-05:00,63.55720624912274,63.55720624912274,63.13322830200195,63.13322830200195,1000,0.0,0.0,0.0
2022-11-09 00:00:00-05:00,63.32055355946694,63.32055355946694,62.265539985862574,62.344417572021484,700,0.0,0.0,0.0
2022-11-10 00:00:00-05:00,64.74039459228516,64.74039459228516,64.74039459228516,64.74039459228516,400,0.0,0.0,0.0
2022-11-11 00:00:00-05:00,64.61221537194709,64.73053741455078,64.50375538019556,64.73053741455078,1100,0.0,0.0,0.0
2022-11-14 00:00:00-05:00,64.27698622671002,64.28684075584297,64.19810485839844,64.19810485839844,300,0.0,0.0,0.0
2022-11-15 00:00:00-05:00,64.96717071533203,64.96717071533203,64.96717071533203,64.96717071533203,0,0.0,0.0,0.0
2022-11-16 00:00:00-05:00,64.39528552046923,64.60234342139047,64.39528552046923,64.47416687011719,400,0.0,0.0,0.0
2022-11-17 00:00:00-05:00,64.16852400902972,64.3558578491211,64.16852400902972,64.3558578491211,600,0.0,0.0,0.0
2022-11-18 00:00:00-05:00,65.15451813498677,65.29255676269531,64.76011883187338,65.29255676269531,1600,0.0,0.0,0.0
2022-11-21 00:00:00-05:00,65.00660705566406,65.00660705566406,65.00660705566406,65.00660705566406,200,0.0,0.0,0.0
2022-11-22 00:00:00-05:00,65.3812949016613,66.10107421875,65.3812949016613,66.10107421875,900,0.0,0.0,0.0
2022-11-23 00:00:00-05:00,66.10106660805418,66.3968604195837,66.10106660805418,66.23910522460938,600,0.0,0.0,0.0
2022-11-25 00:00:00-05:00,66.5743408203125,66.5743408203125,66.5743408203125,66.5743408203125,200,0.0,0.0,0.0
2022-11-28 00:00:00-05:00,66.58420335782377,66.58420335782377,66.18980407714844,66.18980407714844,700,0.0,0.0,0.0
2022-11-29 00:00:00-05:00,66.54476928710938,66.54476928710938,66.54476928710938,66.54476928710938,200,0.0,0.0,0.0
2022-11-30 00:00:00-05:00,66.40671033441822,67.49130249023438,66.31797446393773,67.49130249023438,1300,0.0,0.0,0.0
2022-12-01 00:00:00-05:00,66.63350021670433,66.69265747070312,66.63350021670433,66.69265747070312,400,0.0,0.0,0.0
2022-12-02 00:00:00-05:00,66.80112510496328,66.83070373535156,66.80112510496328,66.83070373535156,200,0.0,0.0,0.0
2022-12-05 00:00:00-05:00,65.86442498703187,65.86442498703187,65.6968002319336,65.6968002319336,1500,0.0,0.0,0.0
2022-12-06 00:00:00-05:00,64.94744001408903,65.16435241699219,64.85869662525432,65.16435241699219,400,0.0,0.0,0.0
2022-12-07 00:00:00-05:00,64.89814769625583,65.55876210412634,64.89814769625583,65.45030212402344,1000,0.0,0.0,0.0
2022-12-08 00:00:00-05:00,65.72639465332031,65.72639465332031,65.72639465332031,65.72639465332031,500,0.0,0.0,0.0
2022-12-09 00:00:00-05:00,65.13479232229605,65.13479232229605,65.0657730102539,65.0657730102539,300,0.0,0.0,0.0
2022-12-12 00:00:00-05:00,65.40101899931732,65.82499694824219,65.40101899931732,65.82499694824219,500,0.0,0.0,0.0
2022-12-13 00:00:00-05:00,66.0418936189456,66.10105086265204,65.0953325844107,65.13477325439453,1900,0.0,0.0,0.0
2022-12-14 00:00:00-05:00,65.4798970576129,65.4798970576129,65.00661639707813,65.2333984375,800,0.0,0.0,0.0
2022-12-15 00:00:00-05:00,64.46430627224149,64.46430627224149,63.74453462748135,63.872711181640625,1400,0.0,0.0,0.0
2022-12-16 00:00:00-05:00,63.29098077040309,63.330421447753906,63.29098077040309,63.330421447753906,600,0.0,0.0,0.0
2022-12-19 00:00:00-05:00,63.182269189728515,63.182269189728515,62.224212646484375,62.224212646484375,1200,0.11,0.0,0.0
2022-12-20 00:00:00-05:00,61.92790680941453,62.08593640302682,61.92790680941453,62.07605743408203,700,0.0,0.0,0.0
2022-12-21 00:00:00-05:00,62.42175289058559,63.04399609501534,62.42175289058559,62.98473358154297,700,0.0,0.0,0.0
2022-12-22 00:00:00-05:00,62.44150280484235,62.44150280484235,62.382240295410156,62.382240295410156,700,0.0,0.0,0.0
2022-12-23 00:00:00-05:00,62.66867499486482,62.95510482788086,62.66867499486482,62.95510482788086,1100,0.0,0.0,0.0
2022-12-27 00:00:00-05:00,63.31067487930111,63.32055384981687,63.0835075378418,63.0835075378418,2800,0.0,0.0,0.0
2022-12-28 00:00:00-05:00,62.263722993067795,62.313106536865234,62.263722993067795,62.313106536865234,700,0.0,0.0,0.0
2022-12-29 00:00:00-05:00,62.82670355662649,63.320546529066284,62.82670355662649,63.19214630126953,500,0.0,0.0,0.0
2022-12-30 00:00:00-05:00,63.10324942149768,63.25140380859375,62.905711494610436,63.25140380859375,4000,0.0,0.0,0.0
2023-01-03 00:00:00-05:00,62.75756198564979,63.02423762650765,62.75756198564979,62.945220947265625,5600,0.0,0.0,0.0
2023-01-04 00:00:00-05:00,63.32053926788357,63.587211126824755,63.32053926788357,63.54770278930664,800,0.0,0.0,0.0
2023-01-05 00:00:00-05:00,63.40943004481692,63.606971740722656,63.40943004481692,63.606971740722656,1100,0.0,0.0,0.0
2023-01-06 00:00:00-05:00,64.83169306707349,65.01935577392578,64.83169306707349,65.01935577392578,400,0.0,0.0,0.0
2023-01-09 00:00:00-05:00,65.43420602842714,65.58236045482622,65.02925109863281,65.02925109863281,400,0.0,0.0,0.0
2023-01-10 00:00:00-05:00,65.06875139983443,65.86878218925665,65.02924305531822,65.79964447021484,1200,0.0,0.0,0.0
2023-01-11 00:00:00-05:00,66.36262526794849,66.39225464250775,66.29348754882812,66.29348754882812,800,0.0,0.0,0.0
2023-01-12 00:00:00-05:00,66.1255752005819,66.29348754882812,66.1255752005819,66.29348754882812,400,0.0,0.0,0.0
2023-01-13 00:00:00-05:00,66.20459036275967,66.49102020263672,66.20459036275967,66.49102020263672,300,0.0,0.0,0.0
2023-01-17 00:00:00-05:00,66.20458221435547,66.20458221435547,66.20458221435547,66.20458221435547,300,0.0,0.0,0.0
2023-01-18 00:00:00-05:00,66.59965241136085,66.60953137908004,65.7304916381836,65.7304916381836,600,0.0,0.0,0.0
2023-01-19 00:00:00-05:00,64.86133269791708,65.07862480645746,64.76256561279297,64.76256561279297,1700,0.0,0.0,0.0
2023-01-20 00:00:00-05:00,65.40456543268644,65.70086669921875,65.40456543268644,65.70086669921875,300,0.0,0.0,0.0
2023-01-23 00:00:00-05:00,66.18483209351342,66.62928771972656,66.04655667489398,66.62928771972656,3200,0.0,0.0,0.0
2023-01-24 00:00:00-05:00,66.25397339831041,66.45150756835938,66.22434402634761,66.45150756835938,1300,0.0,0.0,0.0
2023-01-25 00:00:00-05:00,66.7774429321289,66.7774429321289,66.7774429321289,66.7774429321289,100,0.0,0.0,0.0
2023-01-26 00:00:00-05:00,66.92559540978596,67.38980896567757,66.77744102496703,67.18238830566406,3100,0.0,0.0,0.0
2023-01-27 00:00:00-05:00,67.46882213942368,67.51820944913018,67.36017608642578,67.36017608642578,900,0.0,0.0,0.0
2023-01-30 00:00:00-05:00,67.63673360273425,67.71574274762652,67.26140813885304,67.28116607666016,1400,0.0,0.0,0.0
2023-01-31 00:00:00-05:00,67.14289377372205,68.43675994873047,67.14289377372205,68.43675994873047,1000,0.0,0.0,0.0
2023-02-01 00:00:00-05:00,68.3676212260272,69.74050406480228,68.19971642656736,69.48370361328125,14000,0.0,0.0,0.0
2023-02-02 00:00:00-05:00,70.2837381848293,70.46151442778546,70.11582584073842,70.29360961914062,1300,0.0,0.0,0.0
2023-02-03 00:00:00-05:00,69.69111076427072,69.81951474671783,69.69111076427072,69.7800064086914,400,0.0,0.0,0.0
2023-02-06 00:00:00-05:00,69.08863685567682,69.28617858886719,69.08863685567682,69.28617858886719,500,0.0,0.0,0.0
2023-02-07 00:00:00-05:00,68.50590367663459,69.19728088378906,68.23922422855614,69.19728088378906,15400,0.0,0.0,0.0
2023-02-08 00:00:00-05:00,68.94046850843064,68.94046850843064,68.525634765625,68.525634765625,2000,0.0,0.0,0.0
2023-02-09 00:00:00-05:00,69.09850269740186,69.15776143837643,68.64416810055806,68.74293518066406,4100,0.0,0.0,0.0
2023-02-10 00:00:00-05:00,68.81207275390625,68.88121046338796,68.75281401304913,68.81207275390625,1700,0.0,0.0,0.0
2023-02-13 00:00:00-05:00,69.44419898416609,69.79976654052734,69.44419898416609,69.79976654052734,500,0.0,0.0,0.0
2023-02-14 00:00:00-05:00,69.3059199575154,70.16520943009397,69.3059199575154,69.97754669189453,900,0.0,0.0,0.0
2023-02-15 00:00:00-05:00,70.22445736588953,70.5108871459961,70.22445736588953,70.5108871459961,300,0.0,0.0,0.0
2023-02-16 00:00:00-05:00,70.72820138721549,70.72820138721549,70.36275482177734,70.36275482177734,300,0.0,0.0,0.0
2023-02-17 00:00:00-05:00,70.68866801483047,70.94546841680771,70.68866801483047,70.90596008300781,11400,0.0,0.0,0.0
2023-02-21 00:00:00-05:00,69.35530718178991,69.38493655400644,68.92072296142578,68.92072296142578,2200,0.0,0.0,0.0
2023-02-22 00:00:00-05:00,68.94047633143958,69.01948547363281,68.94047633143958,69.01948547363281,2500,0.0,0.0,0.0
2023-02-23 00:00:00-05:00,69.24666098576463,69.24666098576463,68.49601757087586,68.98986053466797,10200,0.0,0.0,0.0
2023-02-24 00:00:00-05:00,68.12070973214821,68.3083724975586,68.12070973214821,68.3083724975586,900,0.0,0.0,0.0
2023-02-27 00:00:00-05:00,68.41700201000526,68.43675994873047,68.41700201000526,68.43675994873047,300,0.0,0.0,0.0
2023-02-28 00:00:00-05:00,68.69356800982048,68.69356800982048,67.94292449951172,67.94292449951172,1100,0.0,0.0,0.0
2023-03-01 00:00:00-05:00,67.72562284827606,67.78488159179688,67.44907199791827,67.78488159179688,700,0.0,0.0,0.0
2023-03-02 00:00:00-05:00,68.3083724975586,68.3083724975586,68.3083724975586,68.3083724975586,300,0.0,0.0,0.0
2023-03-03 00:00:00-05:00,68.33799642147973,68.82196044921875,68.33799642147973,68.82196044921875,300,0.0,0.0,0.0
2023-03-06 00:00:00-05:00,68.99973828324431,68.99973828324431,68.48613739013672,68.48613739013672,300,0.0,0.0,0.0
2023-03-07 00:00:00-05:00,68.00218020089099,68.00218020089099,67.84415435791016,67.84415435791016,500,0.0,0.0,0.0
2023-03-08 00:00:00-05:00,67.55772407639907,68.05156707763672,67.55772407639907,68.05156707763672,600,0.0,0.0,0.0
2023-03-09 00:00:00-05:00,67.23178142864461,67.23178142864461,66.98485994440023,67.02436828613281,1400,0.0,0.0,0.0
2023-03-10 00:00:00-05:00,66.37249144710906,66.58978355726671,65.87864848236734,66.17495727539062,2700,0.0,0.0,0.0
2023-03-13 00:00:00-04:00,65.23665885079255,65.23665885079255,64.9798583984375,64.9798583984375,1400,0.0,0.0,0.0
2023-03-14 00:00:00-04:00,65.47370133647087,65.54283905029297,65.01936671200477,65.54283905029297,800,0.0,0.0,0.0
2023-03-15 00:00:00-04:00,64.33786542681058,64.95023345947266,64.33786542681058,64.95023345947266,1200,0.0,0.0,0.0
2023-03-16 00:00:00-04:00,65.89840505171365,66.30335235595703,65.89840505171365,66.30335235595703,1400,0.0,0.0,0.0
2023-03-17 00:00:00-04:00,64.70330754303005,64.9798583984375,64.65392023223058,64.9798583984375,3600,0.0,0.0,0.0
2023-03-20 00:00:00-04:00,65.64393593431699,65.7926025390625,65.64393593431699,65.7926025390625,700,0.23,0.0,0.0
2023-03-21 00:00:00-04:00,66.8927857918544,67.17030689065919,66.8134994506836,66.8134994506836,800,0.0,0.0,0.0
2023-03-22 00:00:00-04:00,65.95118585595473,66.04038581274636,65.6835708618164,65.6835708618164,1400,0.0,0.0,0.0
2023-03-23 00:00:00-04:00,64.56357232087917,64.9203872680664,64.56357232087917,64.9203872680664,300,0.0,0.0,0.0
2023-03-24 00:00:00-04:00,65.11861419677734,65.11861419677734,65.11861419677734,65.11861419677734,200,0.0,0.0,0.0
2023-03-27 00:00:00-04:00,65.7529525756836,65.7529525756836,65.7529525756836,65.7529525756836,200,0.0,0.0,0.0
2023-03-28 00:00:00-04:00,66.02056998465395,66.48641217351411,66.02056998465395,66.38729858398438,1800,0.0,0.0,0.0
2023-03-29 00:00:00-04:00,66.49630431265022,66.55577850341797,66.49630431265022,66.55577850341797,300,0.0,0.0,0.0
2023-03-30 00:00:00-04:00,66.9026915366194,67.25950649643192,66.87295821694867,67.01171875,1000,0.0,0.0,0.0
2023-03-31 00:00:00-04:00,67.91367015668064,68.12181854248047,67.91367015668064,68.12181854248047,200,0.0,0.0,0.0
2023-04-03 00:00:00-04:00,68.15154242417326,68.45879680331122,68.15154242417326,68.34976959228516,500,0.0,0.0,0.0
2023-04-04 00:00:00-04:00,68.42906922109289,68.42906922109289,67.219863733343,67.36853790283203,3200,0.0,0.0,0.0
2023-04-05 00:00:00-04:00,66.17914720799213,66.34764862060547,66.17914720799213,66.34764862060547,200,0.0,0.0,0.0
2023-04-06 00:00:00-04:00,66.19896711071887,66.19896711071887,65.6042781047244,66.05029296875,900,0.0,0.0,0.0
2023-04-10 00:00:00-04:00,66.57560848303392,66.89277648925781,66.57560848303392,66.89277648925781,400,0.0,0.0,0.0
2023-04-11 00:00:00-04:00,67.80464489290772,67.83437821359999,67.69561767578125,67.69561767578125,400,0.0,0.0,0.0
2023-04-12 00:00:00-04:00,68.17135892269695,68.17135892269695,67.00180053710938,67.00180053710938,400,0.0,0.0,0.0
2023-04-13 00:00:00-04:00,66.88287432335039,67.55685732110373,66.88287432335039,67.49738311767578,500,0.0,0.0,0.0
2023-04-14 00:00:00-04:00,67.32888295575356,68.26056724945644,67.32888295575356,67.7154312133789,700,0.0,0.0,0.0
2023-04-17 00:00:00-04:00,67.10092701773164,67.77491007395716,67.10092701773164,67.72535705566406,800,0.0,0.0,0.0
2023-04-18 00:00:00-04:00,68.38942202915551,68.87508392333984,68.38942202915551,68.87508392333984,900,0.0,0.0,0.0
2023-04-19 00:00:00-04:00,68.86517034598943,68.86517034598943,68.74622951141716,68.77596282958984,500,0.0,0.0,0.0
2023-04-20 00:00:00-04:00,69.14269922737977,69.14269922737977,68.6272964477539,68.6272964477539,500,0.0,0.0,0.0
2023-04-21 00:00:00-04:00,68.8651763839016,68.88499607712728,68.85526275634766,68.85526275634766,400,0.0,0.0,0.0
2023-04-24 00:00:00-04:00,69.21208190917969,69.21208190917969,69.21208190917969,69.21208190917969,100,0.0,0.0,0.0
2023-04-25 00:00:00-04:00,67.67578887939453,67.67578887939453,67.67578887939453,67.67578887939453,100,0.0,0.0,0.0
2023-04-26 00:00:00-04:00,67.73525619638293,67.83437734659987,67.08110046386719,67.08110046386719,400,0.0,0.0,0.0
2023-04-27 00:00:00-04:00,67.10091493885719,67.6658706665039,66.90268777760207,67.6658706665039,500,0.0,0.0,0.0
2023-04-28 00:00:00-04:00,67.6262427275113,68.3200454711914,67.6262427275113,68.3200454711914,300,0.0,0.0,0.0
2023-05-01 00:00:00-04:00,68.77596005784626,68.77596005784626,68.35967849644219,68.488525390625,700,0.0,0.0,0.0
2023-05-02 00:00:00-04:00,67.3982810788571,68.08217782137174,67.3982810788571,68.00288391113281,1100,0.0,0.0,0.0
2023-05-03 00:00:00-04:00,67.94340252427523,67.94340252427523,67.55685424804688,67.55685424804688,500,0.0,0.0,0.0
2023-05-04 00:00:00-04:00,66.39720769455029,66.39720769455029,66.37738800048828,66.37738800048828,1300,0.0,0.0,0.0
2023-05-05 00:00:00-04:00,66.10977044912923,67.24959564208984,66.10977044912923,67.24959564208984,400,0.0,0.0,0.0
2023-05-08 00:00:00-04:00,67.54694064770868,67.54694064770868,67.50729370117188,67.50729370117188,100,0.0,0.0,0.0
2023-05-09 00:00:00-04:00,67.66587697664357,67.66587697664357,67.49738311767578,67.49738311767578,200,0.0,0.0,0.0
2023-05-10 00:00:00-04:00,67.2595033243587,67.2595033243587,67.12074279785156,67.12074279785156,400,0.0,0.0,0.0
2023-05-11 00:00:00-04:00,66.94234466552734,67.26942633587478,66.8333174420782,66.94234466552734,1000,0.0,0.0,0.0
2023-05-12 00:00:00-04:00,66.99189146849554,67.061279296875,66.78375066900286,67.061279296875,500,0.0,0.0,0.0
2023-05-15 00:00:00-04:00,67.03153323711913,67.59648895263672,67.03153323711913,67.59648895263672,800,0.0,0.0,0.0
2023-05-16 00:00:00-04:00,66.57560925806236,66.57560925806236,66.198974609375,66.198974609375,600,0.0,0.0,0.0
2023-05-17 00:00:00-04:00,66.53596584686939,67.10092163085938,66.53596584686939,67.10092163085938,300,0.0,0.0,0.0
2023-05-18 00:00:00-04:00,67.35862370675876,67.8641128540039,67.35862370675876,67.8641128540039,200,0.0,0.0,0.0
2023-05-19 00:00:00-04:00,67.78481478292791,67.78481478292791,66.09986114501953,66.09986114501953,300,0.0,0.0,0.0
2023-05-22 00:00:00-04:00,65.99083709716797,65.99083709716797,65.99083709716797,65.99083709716797,100,0.0,0.0,0.0
2023-05-23 00:00:00-04:00,65.71330600866243,65.71330600866243,65.33666383672241,65.35649108886719,1900,0.0,0.0,0.0
2023-05-24 00:00:00-04:00,64.93030548095703,64.93030548095703,64.93030548095703,64.93030548095703,1300,0.0,0.0,0.0
2023-05-25 00:00:00-04:00,64.42481231689453,64.42481231689453,64.42481231689453,64.42481231689453,100,0.0,0.0,0.0
2023-05-26 00:00:00-04:00,64.18693183583625,64.69241333007812,64.18693183583625,64.69241333007812,2300,0.0,0.0,0.0
2023-05-30 00:00:00-04:00,64.78163187765114,64.78163187765114,64.43473052978516,64.43473052978516,300,0.0,0.0,0.0
2023-05-31 00:00:00-04:00,63.43366401205425,63.45348370482993,63.195786108395005,63.3543701171875,1000,0.0,0.0,0.0
2023-06-01 00:00:00-04:00,63.731007582381075,63.76074090026743,63.493125915527344,63.493125915527344,1100,0.0,0.0,0.0
2023-06-02 00:00:00-04:00,65.58446502685547,65.58446502685547,65.58446502685547,65.58446502685547,200,0.0,0.0,0.0
2023-06-05 00:00:00-04:00,65.02942657470703,65.02942657470703,65.02942657470703,65.02942657470703,100,0.0,0.0,0.0
2023-06-06 00:00:00-04:00,66.47648620605469,66.47648620605469,66.47648620605469,66.47648620605469,100,0.0,0.0,0.0
2023-06-07 00:00:00-04:00,67.13065944162571,67.16039276123047,67.13065944162571,67.16039276123047,300,0.0,0.0,0.0
2023-06-08 00:00:00-04:00,66.79366302490234,66.79366302490234,66.79366302490234,66.79366302490234,200,0.0,0.0,0.0
2023-06-09 00:00:00-04:00,66.26836395263672,66.26836395263672,66.26836395263672,66.26836395263672,400,0.0,0.0,0.0
2023-06-12 00:00:00-04:00,66.347653974276,66.97207641601562,66.347653974276,66.97207641601562,400,0.0,0.0,0.0
2023-06-13 00:00:00-04:00,67.56675862629699,67.68569946289062,67.54693893447221,67.68569946289062,600,0.0,0.0,0.0
2023-06-14 00:00:00-04:00,67.5568482295988,67.5568482295988,67.40817408386012,67.42799377441406,900,0.0,0.0,0.0
2023-06-15 00:00:00-04:00,67.28923589580451,67.81454467773438,67.14056174423078,67.81454467773438,500,0.0,0.0,0.0
2023-06-16 00:00:00-04:00,67.48746659505737,67.655968008679,67.15047889157783,67.3586196899414,700,0.0,0.0,0.0
2023-06-20 00:00:00-04:00,66.97423781424824,67.0239028930664,66.97423781424824,67.0239028930664,500,0.143,0.0,0.0
2023-06-21 00:00:00-04:00,67.39138793945312,67.39138793945312,67.39138793945312,67.39138793945312,0,0.0,0.0,0.0
2023-06-22 00:00:00-04:00,66.94443283339787,66.94443283339787,66.87490627905916,66.89476776123047,400,0.0,0.0,0.0
2023-06-23 00:00:00-04:00,66.82525634765625,66.82525634765625,66.82525634765625,66.82525634765625,300,0.0,0.0,0.0
2023-06-26 00:00:00-04:00,67.11328887939453,67.11328887939453,67.11328887939453,67.11328887939453,300,0.0,0.0,0.0
2023-06-27 00:00:00-04:00,67.69930887914126,68.20585632324219,67.69930887914126,68.20585632324219,400,0.0,0.0,0.0
2023-06-28 00:00:00-04:00,67.97741159205296,68.15619526235024,67.97741159205296,68.02706909179688,900,0.0,0.0,0.0
2023-06-29 00:00:00-04:00,68.03700717520854,68.20585632324219,68.03700717520854,68.20585632324219,400,0.0,0.0,0.0
2023-06-30 00:00:00-04:00,68.61308311085665,68.871320288521,68.61308311085665,68.75213623046875,1800,0.0,0.0,0.0
2023-07-03 00:00:00-04:00,68.80179595947266,68.80179595947266,68.80179595947266,68.80179595947266,100,0.0,0.0,0.0
2023-07-05 00:00:00-04:00,68.13632859113044,68.42436937992949,67.93768342953042,68.1462631225586,3400,0.0,0.0,0.0
2023-07-06 00:00:00-04:00,66.82524179503568,66.82524179503568,66.60672760009766,66.60672760009766,600,0.0,0.0,0.0
2023-07-07 00:00:00-04:00,67.12322560772452,67.79862976074219,67.12322560772452,67.79862976074219,600,0.0,0.0,0.0
2023-07-10 00:00:00-04:00,69.02031186273024,69.8447036743164,69.02031186273024,69.8447036743164,2100,0.0,0.0,0.0
2023-07-11 00:00:00-04:00,70.34133052367542,70.42079162597656,70.34133052367542,70.42079162597656,800,0.0,0.0,0.0
2023-07-12 00:00:00-04:00,71.61266483912237,72.08942378848737,71.61266483912237,71.88084411621094,3000,0.0,0.0,0.0
2023-07-13 00:00:00-04:00,71.51334653525502,71.84111785888672,71.3345628658038,71.84111785888672,800,0.0,0.0,0.0
2023-07-14 00:00:00-04:00,71.6722640991211,71.6722640991211,71.6722640991211,71.6722640991211,0,0.0,0.0,0.0
2023-07-17 00:00:00-04:00,72.27813686934418,72.27813686934418,72.0695571899414,72.0695571899414,200,0.0,0.0,0.0
2023-07-18 00:00:00-04:00,72.77476105163286,73.0230712890625,72.77476105163286,73.0230712890625,1100,0.0,0.0,0.0
2023-07-19 00:00:00-04:00,74.16529391850773,74.70164489746094,73.75806910241867,74.70164489746094,3500,0.0,0.0,0.0
2023-07-20 00:00:00-04:00,72.29800581787434,72.36753237756658,71.86097739819367,72.00003051757812,3500,0.0,0.0,0.0
2023-07-21 00:00:00-04:00,71.75171661376953,71.75171661376953,71.75171661376953,71.75171661376953,100,0.0,0.0,0.0
2023-07-24 00:00:00-04:00,71.45375306522688,71.64246368408203,71.45375306522688,71.64246368408203,600,0.0,0.0,0.0
2023-07-25 00:00:00-04:00,71.77159547781667,71.77159547781667,71.73186492919922,71.73186492919922,200,0.0,0.0,0.0
2023-07-26 00:00:00-04:00,71.5828739333265,71.69213104248047,71.5828739333265,71.69213104248047,300,0.0,0.0,0.0
2023-07-27 00:00:00-04:00,71.69213367038823,71.7616602353232,70.6094970703125,70.6094970703125,2600,0.0,0.0,0.0
2023-07-28 00:00:00-04:00,71.64246330035668,72.0695571899414,71.64246330035668,72.0695571899414,800,0.0,0.0,0.0
2023-07-31 00:00:00-04:00,72.39733289081495,72.73503875732422,72.39733289081495,72.73503875732422,300,0.0,0.0,0.0
2023-08-01 00:00:00-04:00,72.58604915190409,72.9734125092789,72.58604915190409,72.89395141601562,1500,0.0,0.0,0.0
2023-08-02 00:00:00-04:00,72.32780489461183,72.53638458251953,72.32780489461183,72.53638458251953,2100,0.0,0.0,0.0
2023-08-03 00:00:00-04:00,72.10929303297748,72.10929303297748,71.95037841796875,71.95037841796875,500,0.0,0.0,0.0
2023-08-04 00:00:00-04:00,71.24518585205078,71.24518585205078,71.24518585205078,71.24518585205078,100,0.0,0.0,0.0
2023-08-07 00:00:00-04:00,71.85103607177734,71.85103607177734,71.85103607177734,71.85103607177734,100,0.0,0.0,0.0
2023-08-08 00:00:00-04:00,71.42396545410156,71.42396545410156,71.42396545410156,71.42396545410156,100,0.0,0.0,0.0
2023-08-09 00:00:00-04:00,70.59956660644767,70.59956660644767,70.43071746826172,70.43071746826172,600,0.0,0.0,0.0
2023-08-10 00:00:00-04:00,69.32820892333984,69.32820892333984,69.32820892333984,69.32820892333984,300,0.0,0.0,0.0
2023-08-11 00:00:00-04:00,68.86139991444983,69.66592269447186,68.86139991444983,69.46727752685547,3000,0.0,0.0,0.0
2023-08-14 00:00:00-04:00,69.69572448730469,69.69572448730469,69.69572448730469,69.69572448730469,100,0.0,0.0,0.0
2023-08-15 00:00:00-04:00,69.2586898803711,69.2586898803711,69.2586898803711,69.2586898803711,200,0.0,0.0,0.0
2023-08-16 00:00:00-04:00,67.92774651448214,68.02706909179688,67.92774651448214,68.02706909179688,600,0.0,0.0,0.0
2023-08-17 00:00:00-04:00,67.84828098775684,67.84828098775684,66.02072143554688,66.02072143554688,3100,0.0,0.0,0.0
2023-08-18 00:00:00-04:00,66.0505225086526,66.46768188476562,66.0505225086526,66.46768188476562,1000,0.0,0.0,0.0
2023-08-21 00:00:00-04:00,66.05052382817398,66.59680938720703,66.05052382817398,66.59680938720703,600,0.0,0.0,0.0
2023-08-22 00:00:00-04:00,66.83518196685394,66.83518196685394,66.4875491627562,66.69612884521484,400,0.0,0.0,0.0
2023-08-23 00:00:00-04:00,67.68936920166016,67.68936920166016,67.68936920166016,67.68936920166016,200,0.0,0.0,0.0
2023-08-24 00:00:00-04:00,66.30877351943003,66.30877351943003,66.15978584883685,66.26904296875,400,0.0,0.0,0.0
2023-08-25 00:00:00-04:00,66.02072449975232,66.55707550048828,66.02072449975232,66.55707550048828,400,0.0,0.0,0.0
2023-08-28 00:00:00-04:00,67.2523422241211,67.2523422241211,67.2523422241211,67.2523422241211,100,0.0,0.0,0.0
2023-08-29 00:00:00-04:00,68.69254642865812,68.80179595947266,68.69254642865812,68.80179595947266,200,0.0,0.0,0.0
2023-08-30 00:00:00-04:00,69.72551515272981,69.91423336759092,69.72551515272981,69.7453842163086,2600,0.0,0.0,0.0
2023-08-31 00:00:00-04:00,69.72551097395518,69.8546371459961,69.72551097395518,69.8546371459961,400,0.0,0.0,0.0
2023-09-01 00:00:00-04:00,70.17246949017729,70.61942485378944,70.17246949017729,70.46051025390625,800,0.0,0.0,0.0
2023-09-05 00:00:00-04:00,68.62300109863281,68.62300109863281,68.62300109863281,68.62300109863281,100,0.0,0.0,0.0
2023-09-06 00:00:00-04:00,68.89119720458984,68.89119720458984,68.89119720458984,68.89119720458984,100,0.0,0.0,0.0
2023-09-07 00:00:00-04:00,68.67267608642578,68.67267608642578,68.67267608642578,68.67267608642578,200,0.0,0.0,0.0
2023-09-08 00:00:00-04:00,68.78192507150203,68.78192507150203,68.29523920361767,68.39456176757812,500,0.0,0.0,0.0
2023-09-11 00:00:00-04:00,69.37787510994444,69.43747471666086,69.31828308105469,69.31828308105469,800,0.0,0.0,0.0
2023-09-12 00:00:00-04:00,68.63294982910156,68.63294982910156,68.63294982910156,68.63294982910156,300,0.0,0.0,0.0
2023-09-13 00:00:00-04:00,67.7588882446289,67.7588882446289,67.7588882446289,67.7588882446289,100,0.0,0.0,0.0
2023-09-14 00:00:00-04:00,69.67584228515625,69.67584228515625,69.67584228515625,69.67584228515625,100,0.0,0.0,0.0
2023-09-15 00:00:00-04:00,68.1065279512851,68.1065279512851,67.7390260916629,67.97740936279297,600,0.0,0.0,0.0
2023-09-18 00:00:00-04:00,67.7426755040826,68.28971232580628,67.7426755040826,67.88191986083984,1300,0.094,0.0,0.0
2023-09-19 00:00:00-04:00,67.3846206665039,67.3846206665039,67.3846206665039,67.3846206665039,100,0.0,0.0,0.0
2023-09-20 00:00:00-04:00,66.34028625488281,66.34028625488281,66.34028625488281,66.34028625488281,100,0.0,0.0,0.0
2023-09-21 00:00:00-04:00,65.50481190553333,65.50481190553333,64.45053100585938,64.45053100585938,300,0.0,0.0,0.0
2023-09-22 00:00:00-04:00,64.2714977994204,64.2714977994204,64.09246826171875,64.09246826171875,500,0.0,0.0,0.0
2023-09-25 00:00:00-04:00,63.734422875452275,63.774208068847656,63.734422875452275,63.774208068847656,200,0.0,0.0,0.0
2023-09-26 00:00:00-04:00,62.988460540771484,62.988460540771484,62.988460540771484,62.988460540771484,100,0.0,0.0,0.0
2023-09-27 00:00:00-04:00,63.813990534617496,63.813990534617496,63.13765365817953,63.50565719604492,2900,0.0,0.0,0.0
2023-09-28 00:00:00-04:00,64.53009482490569,64.53009482490569,64.44058384365067,64.47042083740234,800,0.0,0.0,0.0
2023-09-29 00:00:00-04:00,64.86827226446898,64.86827226446898,64.29139836096462,64.46047973632812,400,0.0,0.0,0.0
2023-10-02 00:00:00-04:00,63.68468446123673,63.82392883300781,63.67473626661047,63.82392883300781,900,0.0,0.0,0.0
2023-10-03 00:00:00-04:00,62.670183274221436,62.670183274221436,61.5164393451323,61.69546890258789,1600,0.0,0.0,0.0
2023-10-04 00:00:00-04:00,61.914281584799824,62.45137023925781,61.914281584799824,62.45137023925781,2300,0.0,0.0,0.0
2023-10-05 00:00:00-04:00,61.51644368260141,61.705421447753906,61.51644368260141,61.705421447753906,200,0.0,0.0,0.0
2023-10-06 00:00:00-04:00,61.08875847102532,62.610509719982666,61.06886967039145,62.28228759765625,1100,0.0,0.0,0.0
2023-10-09 00:00:00-04:00,61.75514763555026,63.087921142578125,61.75514763555026,63.087921142578125,1000,0.0,0.0,0.0
2023-10-10 00:00:00-04:00,63.53549680881831,64.01290771793009,63.53549680881831,63.555389404296875,1400,0.0,0.0,0.0
2023-10-11 00:00:00-04:00,63.555386436515654,63.93333435058594,63.555386436515654,63.93333435058594,800,0.0,0.0,0.0
2023-10-12 00:00:00-04:00,61.7750404328789,61.93417739868164,61.7750404328789,61.93417739868164,800,0.0,0.0,0.0
2023-10-13 00:00:00-04:00,61.526385778075266,61.526385778075266,61.228004455566406,61.228004455566406,600,0.0,0.0,0.0
2023-10-16 00:00:00-04:00,62.41158414032634,62.41158414032634,62.361854553222656,62.361854553222656,200,0.0,0.0,0.0
2023-10-17 00:00:00-04:00,61.90434133147281,62.530941009521484,61.90434133147281,62.530941009521484,100,0.0,0.0,0.0
2023-10-18 00:00:00-04:00,61.90434282481502,61.90434282481502,61.039031982421875,61.039031982421875,600,0.0,0.0,0.0
2023-10-19 00:00:00-04:00,60.94951426543294,60.94951426543294,59.82561111450195,59.82561111450195,600,0.0,0.0,0.0
2023-10-20 00:00:00-04:00,59.218898236854194,59.218898236854194,59.20895004272461,59.20895004272461,300,0.0,0.0,0.0
2023-10-23 00:00:00-04:00,58.701701889600685,59.84549759092091,58.701701889600685,59.34819412231445,1200,0.0,0.0,0.0
2023-10-24 00:00:00-04:00,59.666473388671875,59.666473388671875,59.666473388671875,59.666473388671875,100,0.0,0.0,0.0
2023-10-25 00:00:00-04:00,59.19900958397216,59.19900958397216,58.632083892822266,58.632083892822266,2400,0.0,0.0,0.0
2023-10-26 00:00:00-04:00,58.612186431884766,58.612186431884766,58.612186431884766,58.612186431884766,200,0.0,0.0,0.0
2023-10-27 00:00:00-04:00,58.82105936774257,58.95035934448242,58.82105936774257,58.95035934448242,400,0.0,0.0,0.0
2023-10-30 00:00:00-04:00,59.40787087142031,59.57695602075104,59.26862650969164,59.328304290771484,2600,0.0,0.0,0.0
2023-10-31 00:00:00-04:00,60.08420377695717,60.19361114501953,60.08420377695717,60.19361114501953,1000,0.0,0.0,0.0
2023-11-01 00:00:00-04:00,60.08420710267607,61.486602783203125,60.08420710267607,61.486602783203125,1200,0.0,0.0,0.0
2023-11-02 00:00:00-04:00,62.550832858455074,63.67473602294922,62.550832858455074,63.67473602294922,1300,0.0,0.0,0.0
2023-11-03 00:00:00-04:00,65.42525333141177,66.28061603803329,65.42525333141177,66.1214828491211,2200,0.0,0.0,0.0
2023-11-06 00:00:00-05:00,66.18115293991555,66.18115293991555,65.45508646640879,65.90266418457031,800,0.0,0.0,0.0
2023-11-07 00:00:00-05:00,66.64862342578455,66.84754180908203,66.64862342578455,66.84754180908203,500,0.0,0.0,0.0
2023-11-08 00:00:00-05:00,66.61877886885705,66.68840105393714,66.55909729003906,66.55909729003906,600,0.0,0.0,0.0
2023-11-09 00:00:00-05:00,67.07629750968398,67.07629750968398,65.952386759936,66.13141632080078,1100,0.0,0.0,0.0
2023-11-10 00:00:00-05:00,65.64405784494944,66.72817576396876,65.64405784494944,66.64861297607422,1500,0.0,0.0,0.0
2023-11-13 00:00:00-05:00,66.79780784801802,66.9469928231432,66.79780784801802,66.83758544921875,500,0.0,0.0,0.0
2023-11-14 00:00:00-05:00,69.41362606952667,70.66683306169979,69.41362606952667,70.39828491210938,4200,0.0,0.0,0.0
2023-11-15 00:00:00-05:00,70.73645555145971,71.17407748988457,70.25904083251953,70.25904083251953,1300,0.0,0.0,0.0
2023-11-16 00:00:00-05:00,69.2146992686435,69.5130844116211,69.2146992686435,69.5130844116211,100,0.0,0.0,0.0
2023-11-17 00:00:00-05:00,69.74184506127379,70.62704467773438,69.74184506127379,70.62704467773438,400,0.0,0.0,0.0
2023-11-20 00:00:00-05:00,70.8756942349884,71.16413116455078,70.8756942349884,71.16413116455078,600,0.0,0.0,0.0
2023-11-21 00:00:00-05:00,70.74639398770896,70.74639398770896,70.5076904296875,70.5076904296875,700,0.0,0.0,0.0
2023-11-22 00:00:00-05:00,71.13429404554634,71.13429404554634,70.66683509849801,70.72650909423828,400,0.0,0.0,0.0
2023-11-24 00:00:00-05:00,70.8657455444336,70.8657455444336,70.8657455444336,70.8657455444336,100,0.0,0.0,0.0
2023-11-27 00:00:00-05:00,70.99504225392715,70.99504225392715,70.87569427490234,70.87569427490234,900,0.0,0.0,0.0
2023-11-28 00:00:00-05:00,70.58726501464844,70.58726501464844,70.58726501464844,70.58726501464844,100,0.0,0.0,0.0
2023-11-29 00:00:00-05:00,71.66143381711768,71.66143381711768,71.29342651367188,71.29342651367188,1000,0.0,0.0,0.0
2023-11-30 00:00:00-05:00,70.9154830783405,71.23375701904297,70.9154830783405,71.23375701904297,400,0.0,0.0,0.0
2023-12-01 00:00:00-05:00,71.9896586139014,73.4716286450712,71.9896586139014,73.37216186523438,3000,0.0,0.0,0.0
2023-12-04 00:00:00-05:00,73.73021775043787,74.42644723711952,73.49151418358254,73.88935852050781,340500,0.0,0.0,0.0
2023-12-05 00:00:00-05:00,73.3224268319019,73.78989332057894,73.27269344824516,73.63075256347656,36500,0.0,0.0,0.0
2023-12-06 00:00:00-05:00,74.7049362337895,74.94363980140307,74.0385513305664,74.0385513305664,7200,0.0,0.0,0.0
2023-12-07 00:00:00-05:00,74.21756581763769,74.84416540085228,74.12804725532244,74.76459503173828,2200,0.0,0.0,0.0
2023-12-08 00:00:00-05:00,74.86405235605046,75.73931121826172,74.86405235605046,75.73931121826172,3800,0.0,0.0,0.0
2023-12-11 00:00:00-05:00,75.75921571327517,76.28635622546825,75.75921571327517,76.03770446777344,5200,0.0,0.0,0.0
2023-12-12 00:00:00-05:00,76.01780800778701,76.32613372802734,76.01780800778701,76.32613372802734,2800,0.0,0.0,0.0
2023-12-13 00:00:00-05:00,75.86861575225828,78.176103536851,75.42104566701673,78.06669616699219,3100,0.0,0.0,0.0
2023-12-14 00:00:00-05:00,79.00162720624157,81.2693297481105,79.00162720624157,81.20965576171875,7000,0.0,0.0,0.0
2023-12-15 00:00:00-05:00,80.66262725326132,81.30912332949431,80.06586456298828,80.06586456298828,5900,0.0,0.0,0.0
2023-12-18 00:00:00-05:00,80.09770512758033,80.55540538878589,80.09770512758033,80.37630462646484,16300,0.032,0.0,0.0
2023-12-19 00:00:00-05:00,81.70960929653974,82.28670498610221,81.70960929653974,82.08770751953125,2200,0.0,0.0,0.0
2023-12-20 00:00:00-05:00,82.54540273327558,82.54540273327558,80.57530212402344,80.57530212402344,1100,0.0,0.0,0.0
2023-12-21 00:00:00-05:00,81.39119978996193,82.24690246582031,81.39119978996193,82.24690246582031,2500,0.0,0.0,0.0
2023-12-22 00:00:00-05:00,81.92850122196216,82.42600246598555,81.92850122196216,82.22700500488281,9200,0.0,0.0,0.0
2023-12-26 00:00:00-05:00,82.39615979139323,82.70461574790463,82.39615979139323,82.58521270751953,1900,0.0,0.0,0.0
2023-12-27 00:00:00-05:00,82.57525375527648,83.08270714603442,82.50560388527178,82.80410766601562,1200,0.0,0.0,0.0
2023-12-28 00:00:00-05:00,82.44590388133527,82.86380308978491,82.44590388133527,82.7444076538086,2200,0.0,0.0,0.0
2023-12-29 00:00:00-05:00,82.29665517863444,82.29665517863444,81.9384536743164,81.9384536743164,1800,0.0,0.0,0.0
2024-01-02 00:00:00-05:00,81.06285279141304,81.22204923983382,80.62504927353959,80.81410217285156,8500,0.0,0.0,0.0
2024-01-03 00:00:00-05:00,80.39620633800452,80.39620633800452,78.82410054065042,79.12259674072266,3400,0.0,0.0,0.0
2024-01-04 00:00:00-05:00,79.6599020842155,79.6599020842155,79.00320434570312,79.00320434570312,9600,0.0,0.0,0.0
2024-01-05 00:00:00-05:00,79.78925963977795,79.78925963977795,79.14250644192764,79.26190948486328,1600,0.0,0.0,0.0
2024-01-08 00:00:00-05:00,80.50565874849885,80.72455292952877,79.97830102829879,80.64495849609375,7800,0.0,0.0,0.0
2024-01-09 00:00:00-05:00,79.99819497446818,80.27679443359375,79.99819497446818,80.27679443359375,700,0.0,0.0,0.0
2024-01-10 00:00:00-05:00,80.96335946449672,81.19220579773376,80.8937095903028,81.15240478515625,1900,0.0,0.0,0.0
2024-01-11 00:00:00-05:00,80.27679740446209,81.27179984745678,80.27679740446209,81.24195098876953,14500,0.0,0.0,0.0
2024-01-12 00:00:00-05:00,81.371305616427,81.371305616427,80.25690764222891,80.33650207519531,4700,0.0,0.0,0.0
2024-01-16 00:00:00-05:00,80.28675112953407,80.32655213898661,79.88874862627482,80.19719696044922,5000,0.0,0.0,0.0
2024-01-17 00:00:00-05:00,79.80915038761833,80.09770202636719,79.689747353605,80.09770202636719,1400,0.0,0.0,0.0
2024-01-18 00:00:00-05:00,80.55540015301237,80.86384849369135,80.0280500513613,80.83399963378906,2700,0.0,0.0,0.0
2024-01-19 00:00:00-05:00,80.43600028254792,81.47080381699585,80.24695496531683,81.31160736083984,5000,0.0,0.0,0.0
2024-01-22 00:00:00-05:00,82.56531376150437,82.92350769042969,81.86880743167863,82.92350769042969,6000,0.0,0.0,0.0
2024-01-23 00:00:00-05:00,80.73450435790991,80.82405853271484,80.73450435790991,80.82405853271484,5200,0.0,0.0,0.0
2024-01-24 00:00:00-05:00,81.98820684803545,81.98820684803545,80.14745375633612,80.45590209960938,3500,0.0,0.0,0.0
2024-01-25 00:00:00-05:00,81.42105834250447,81.70960998535156,81.13250669965737,81.70960998535156,2700,0.0,0.0,0.0
2024-01-26 00:00:00-05:00,82.01805947408958,82.01805947408958,81.55040706683728,81.63996124267578,2500,0.0,0.0,0.0
2024-01-29 00:00:00-05:00,81.91855412798417,82.65485382080078,81.91855412798417,82.65485382080078,1600,0.0,0.0,0.0
2024-01-30 00:00:00-05:00,82.70460781116184,82.8737564086914,82.70460781116184,82.8737564086914,1100,0.0,0.0,0.0
2024-01-31 00:00:00-05:00,82.24690984318124,82.6946579292214,81.25190734863281,81.25190734863281,4700,0.0,0.0,0.0
2024-02-01 00:00:00-05:00,81.41110717615899,82.92350769042969,81.26185527753441,82.92350769042969,1600,0.0,0.0,0.0
2024-02-02 00:00:00-05:00,81.99815266567879,83.73940689196533,81.99815266567879,83.55035400390625,4200,0.0,0.0,0.0
2024-02-05 00:00:00-05:00,82.89365609392341,82.89365609392341,81.89865359094503,82.55535888671875,6800,0.0,0.0,0.0
2024-02-06 00:00:00-05:00,83.22200635241123,83.22200635241123,81.60015505197767,82.2966537475586,6800,0.0,0.0,0.0
2024-02-07 00:00:00-05:00,82.51555798016014,83.28170656826656,82.51555798016014,82.95336151123047,3600,0.0,0.0,0.0
2024-02-08 00:00:00-05:00,83.789157962541,84.08766174316406,83.3314577325144,84.08766174316406,17800,0.0,0.0,0.0
2024-02-09 00:00:00-05:00,84.39611596200992,84.85381622392045,84.10756431164451,84.73442077636719,12500,0.0,0.0,0.0
2024-02-12 00:00:00-05:00,85.1324068996435,86.32641439029172,85.09260589082861,86.08760833740234,9100,0.0,0.0,0.0
2024-02-13 00:00:00-05:00,83.36130241868665,84.59510330704093,83.36130241868665,84.07770538330078,10300,0.0,0.0,0.0
2024-02-14 00:00:00-05:00,84.64486456147702,85.86872100830078,84.6050635494952,85.86872100830078,4600,0.0,0.0,0.0
2024-02-15 00:00:00-05:00,85.97816679012242,86.72441864013672,85.88861262066219,86.72441864013672,2700,0.0,0.0,0.0
2024-02-16 00:00:00-05:00,86.08761251166153,86.61497021058003,85.89856719970703,85.89856719970703,4300,0.0,0.0,0.0
2024-02-20 00:00:00-05:00,85.38116452237162,85.39111667320913,85.09261287821883,85.18216705322266,4900,0.0,0.0,0.0
2024-02-21 00:00:00-05:00,85.81897344738928,85.81897344738928,84.97322276355253,85.12247467041016,1600,0.0,0.0,0.0
2024-02-22 00:00:00-05:00,86.25677387748915,87.10252453054778,86.25677387748915,86.92342376708984,2900,0.0,0.0,0.0
2024-02-23 00:00:00-05:00,86.86371605975096,88.08756481000033,86.86371605975096,87.9482650756836,3700,0.0,0.0,0.0
2024-02-26 00:00:00-05:00,88.49551658224193,88.80396489946637,88.46566772460938,88.46566772460938,5600,0.0,0.0,0.0
2024-02-27 00:00:00-05:00,89.44077142869173,89.44077142869173,88.96317449415983,89.20197296142578,1900,0.0,0.0,0.0
2024-02-28 00:00:00-05:00,88.86367757516001,88.87362972646832,88.63483123393952,88.75422668457031,1100,0.0,0.0,0.0
2024-02-29 00:00:00-05:00,90.13727585422978,90.74422800688717,89.97807939634929,90.73428344726562,3100,0.0,0.0,0.0
2024-03-01 00:00:00-05:00,90.31637490406565,91.58003234863281,90.21687617086563,91.58003234863281,3100,0.0,0.0,0.0
2024-03-04 00:00:00-05:00,92.4058827293307,92.4058827293307,91.39097595214844,91.39097595214844,4100,0.0,0.0,0.0
2024-03-05 00:00:00-05:00,90.76413262483625,90.83378249876414,90.44573211669922,90.44573211669922,1900,0.0,0.0,0.0
2024-03-06 00:00:00-05:00,90.8138751375479,90.90342931030506,90.04772655015145,90.56512451171875,5800,0.0,0.0,0.0
2024-03-07 00:00:00-05:00,91.22182878161519,91.22182878161519,90.91338043826194,91.03277587890625,1900,0.0,0.0,0.0
2024-03-08 00:00:00-05:00,91.70937685259354,91.77902672261344,90.01787567138672,90.01787567138672,3500,0.0,0.0,0.0
2024-03-11 00:00:00-04:00,88.63482640828961,89.47062488226965,88.63482640828961,89.32137298583984,900,0.0,0.0,0.0
2024-03-12 00:00:00-04:00,89.44077640605256,91.19198297641206,89.44077640605256,90.91338348388672,10100,0.0,0.0,0.0
2024-03-13 00:00:00-04:00,90.93327236740352,92.1969297170778,90.93327236740352,91.59992218017578,15400,0.0,0.0,0.0
2024-03-14 00:00:00-04:00,90.7939700760413,91.20192470868378,90.67456705377049,90.74421691894531,10600,0.0,0.0,0.0
2024-03-15 00:00:00-04:00,90.46562323034217,91.26162824707089,90.46562323034217,90.99297332763672,13800,0.0,0.0,0.0
2024-03-18 00:00:00-04:00,90.66022927121725,91.65649552694491,90.66022927121725,91.35761260986328,8000,0.116,0.0,0.0
2024-03-19 00:00:00-04:00,91.1982097187439,92.44354248046875,91.13843617847165,92.44354248046875,700,0.0,0.0,0.0
2024-03-20 00:00:00-04:00,91.96532596658868,94.29659271240234,91.96532596658868,94.29659271240234,3100,0.0,0.0,0.0
2024-03-21 00:00:00-04:00,94.53569524784507,96.03009448679413,94.53569524784507,95.7909927368164,7200,0.0,0.0,0.0
2024-03-22 00:00:00-04:00,94.87443586475685,95.15338919135753,94.59547493724807,94.7748031616211,18100,0.0,0.0,0.0
2024-03-25 00:00:00-04:00,94.92423892271718,94.92423892271718,94.18700408935547,94.18700408935547,13700,0.0,0.0,0.0
2024-03-26 00:00:00-04:00,94.94417189186817,95.24304719129668,94.61540222167969,94.61540222167969,2700,0.0,0.0,0.0
2024-03-27 00:00:00-04:00,95.24305274278137,95.39249420166016,94.85450951024153,95.39249420166016,2700,0.0,0.0,0.0
2024-03-28 00:00:00-04:00,95.97031993298148,96.17953491210938,95.75114016411202,96.17953491210938,3400,0.0,0.0,0.0
2024-04-01 00:00:00-04:00,96.1496571526158,96.1496571526158,95.78103590671456,95.88066101074219,1400,0.0,0.0,0.0
2024-04-02 00:00:00-04:00,92.62287784113295,93.20071411132812,92.42362002335433,93.20071411132812,3700,0.0,0.0,0.0
2024-04-03 00:00:00-04:00,92.94167032356103,94.16707343521752,92.94167032356103,93.91800689697266,6700,0.0,0.0,0.0
2024-04-04 00:00:00-04:00,94.56558145145229,94.56558145145229,92.41365051269531,92.41365051269531,1500,0.0,0.0,0.0
2024-04-05 00:00:00-04:00,93.13096964644215,93.5095480739447,93.13096964644215,93.37007141113281,5000,0.0,0.0,0.0
2024-04-08 00:00:00-04:00,93.36011193296697,93.57929173011667,93.2106704711914,93.2106704711914,1700,0.0,0.0,0.0
2024-04-09 00:00:00-04:00,91.41738295550337,92.05499267578125,91.20816797862227,92.05499267578125,3100,0.0,0.0,0.0
2024-04-10 00:00:00-04:00,90.73992060509747,90.73992060509747,90.10231089235579,90.2816390991211,2900,0.0,0.0,0.0
2024-04-11 00:00:00-04:00,90.55063478826139,91.14839299123747,90.23182990661363,91.03880310058594,5900,0.0,0.0,0.0
2024-04-12 00:00:00-04:00,90.71003749920055,90.71003749920055,89.07616159423095,89.48462677001953,5300,0.0,0.0,0.0
2024-04-15 00:00:00-04:00,89.38500852445172,89.53444998106053,87.91053114063733,88.17952728271484,4800,0.0,0.0,0.0
2024-04-16 00:00:00-04:00,86.97404626032629,87.98026969548636,86.89434313647948,87.80094146728516,22700,0.0,0.0,0.0
2024-04-17 00:00:00-04:00,87.35261857302342,87.35261857302342,86.65523529052734,86.65523529052734,2200,0.0,0.0,0.0
2024-04-18 00:00:00-04:00,86.96407349112224,87.67142154832366,86.03754566390478,86.39620208740234,4500,0.0,0.0,0.0
2024-04-19 00:00:00-04:00,85.70877884607076,85.70877884607076,85.45971229933643,85.6091537475586,1200,0.0,0.0,0.0
2024-04-22 00:00:00-04:00,86.12721368413708,87.32273773652008,86.08736972320838,86.86445617675781,2900,0.0,0.0,0.0
2024-04-23 00:00:00-04:00,87.32274037098726,89.63407782090265,87.20318568186961,89.55437469482422,5300,0.0,0.0,0.0
2024-04-24 00:00:00-04:00,90.30157677075103,90.30157677075103,89.04627910523581,89.05624389648438,1900,0.0,0.0,0.0
2024-04-25 00:00:00-04:00,88.16955540094027,89.43481008319849,87.49209410625267,89.39496612548828,1800,0.0,0.0,0.0
2024-04-26 00:00:00-04:00,90.50081433555063,91.59671319239278,90.50081433555063,91.27790832519531,2500,0.0,0.0,0.0
2024-04-29 00:00:00-04:00,92.01513960607329,92.04502637357841,91.4074166637783,91.88562774658203,1100,0.0,0.0,0.0
2024-04-30 00:00:00-04:00,91.23806006833904,91.23806006833904,89.73369598388672,89.73369598388672,3800,0.0,0.0,0.0
2024-05-01 00:00:00-04:00,89.63407621637444,89.96284590488138,88.5182552739759,89.57430267333984,6600,0.0,0.0,0.0
2024-05-02 00:00:00-04:00,90.45101667941374,91.32772827148438,90.421129907091,91.32772827148438,33100,0.0,0.0,0.0
2024-05-03 00:00:00-04:00,92.94167978525694,92.94167978525694,92.12474176068376,92.2044448852539,5100,0.0,0.0,0.0
2024-05-06 00:00:00-04:00,93.39995830117631,93.96782974361113,93.23059486767478,93.83831787109375,7100,0.0,0.0,0.0
2024-05-07 00:00:00-04:00,94.34641455853755,94.73495780330089,93.94791412353516,93.94791412353516,19200,0.0,0.0,0.0
2024-05-08 00:00:00-04:00,93.17080790365347,93.17080790365347,92.66271763489861,92.78226470947266,4200,0.0,0.0,0.0
2024-05-09 00:00:00-04:00,92.65276043538844,94.24678490119197,92.65276043538844,94.09734344482422,1600,0.0,0.0,0.0
2024-05-10 00:00:00-04:00,93.95786495313808,94.02760328463332,93.54939975463981,93.83831787109375,2500,0.0,0.0,0.0
2024-05-13 00:00:00-04:00,94.05749031390539,94.05749031390539,93.27043914794922,93.27043914794922,2100,0.0,0.0,0.0
2024-05-14 00:00:00-04:00,94.24677556449043,94.30655670166016,94.13718568073799,94.30655670166016,1800,0.0,0.0,0.0
2024-05-15 00:00:00-04:00,95.21315895655378,95.7611083984375,95.21315895655378,95.7611083984375,1800,0.0,0.0,0.0
2024-05-16 00:00:00-04:00,95.61166828971298,95.61166828971298,94.14715576171875,94.14715576171875,1400,0.0,0.0,0.0
2024-05-17 00:00:00-04:00,94.23682647037454,94.32649439060998,94.0774278134908,94.20693969726562,1800,0.0,0.0,0.0
2024-05-20 00:00:00-04:00,95.44230847818001,95.44230847818001,94.85450744628906,94.85450744628906,500,0.0,0.0,0.0
2024-05-21 00:00:00-04:00,94.12723458304453,94.20693010291556,94.00767990187603,94.13719177246094,1900,0.0,0.0,0.0
2024-05-22 00:00:00-04:00,92.63283257869053,92.63283257869053,91.91551971435547,91.91551971435547,1300,0.0,0.0,0.0
2024-05-23 00:00:00-04:00,91.92547850555671,92.26421296446627,91.89559173583984,91.89559173583984,1400,0.0,0.0,0.0
2024-05-24 00:00:00-04:00,93.68887917659941,94.02760605357737,93.68887917659941,93.8980941772461,2700,0.0,0.0,0.0
2024-05-28 00:00:00-04:00,94.51578001309322,94.51578001309322,93.55936534403116,93.82835388183594,1500,0.0,0.0,0.0
2024-05-29 00:00:00-04:00,92.66272115409213,95.19323820775175,92.66272115409213,94.99398040771484,29900,0.0,0.0,0.0
2024-05-30 00:00:00-04:00,95.32275296865497,95.52200317382812,95.26297942728463,95.52200317382812,5700,0.0,0.0,0.0
2024-05-31 00:00:00-04:00,96.26920906304724,96.47842407226562,95.07369255296828,96.47842407226562,1000,0.0,0.0,0.0
2024-06-03 00:00:00-04:00,97.09609936821032,97.09609936821032,95.94043457119356,96.53819274902344,4200,0.0,0.0,0.0
2024-06-04 00:00:00-04:00,95.94043657795419,95.94043657795419,94.78476415585692,95.10356903076172,95200,0.0,0.0,0.0
2024-06-05 00:00:00-04:00,95.18327187458587,97.11603069862018,95.18327187458587,96.98651123046875,6900,0.0,0.0,0.0
2024-06-06 00:00:00-04:00,97.18577308658959,97.18577308658959,95.96036228799363,96.27916717529297,13800,0.0,0.0,0.0
2024-06-07 00:00:00-04:00,96.09983860406537,96.09983860406537,95.45226404132194,95.53196716308594,3400,0.0,0.0,0.0
2024-06-10 00:00:00-04:00,95.82088148495447,96.53819435061376,95.78102992565032,96.51826477050781,2600,0.0,0.0,0.0
2024-06-11 00:00:00-04:00,95.50208257507394,95.88066101074219,95.37257069992886,95.88066101074219,1000,0.0,0.0,0.0
2024-06-12 00:00:00-04:00,98.49087430011413,98.99897217571747,98.0325927734375,98.0325927734375,3300,0.0,0.0,0.0
2024-06-13 00:00:00-04:00,98.4410691285153,98.4410691285153,97.28540419109264,97.61417388916016,2000,0.0,0.0,0.0
2024-06-14 00:00:00-04:00,96.23931479576261,96.23931479576261,95.46222836463629,95.631591796875,1600,0.0,0.0,0.0
2024-06-17 00:00:00-04:00,95.56185394819023,97.50457763671875,95.56185394819023,97.50457763671875,2200,0.0,0.0,0.0
2024-06-18 00:00:00-04:00,97.02636465182327,97.903076171875,97.02636465182327,97.903076171875,1700,0.0,0.0,0.0
2024-06-20 00:00:00-04:00,96.82711173226333,96.82711173226333,95.3725640326019,95.68140411376953,1900,0.0,0.0,0.0
2024-06-21 00:00:00-04:00,95.15338220775976,95.97032014752196,95.04379232308004,95.80095672607422,2400,0.0,0.0,0.0
2024-06-24 00:00:00-04:00,95.6415627068123,96.17954740914713,95.6415627068123,96.1197738647461,6600,0.0,0.0,0.0
2024-06-25 00:00:00-04:00,95.9304693910457,95.9304693910457,95.7909927368164,95.7909927368164,300,0.0,0.0,0.0
2024-06-26 00:00:00-04:00,95.54193184748485,95.74118205076564,95.432341955408,95.72126007080078,900,0.0,0.0,0.0
2024-06-27 00:00:00-04:00,95.30282812635548,95.65151977539062,95.30282812635548,95.65151977539062,800,0.0,0.0,0.0
2024-06-28 00:00:00-04:00,96.1297221223803,96.1297221223803,95.57181549072266,95.57181549072266,1100,0.0,0.0,0.0
2024-07-01 00:00:00-04:00,94.99398294706681,95.04379929863468,94.26671285998759,94.7748031616211,17700,0.0,0.0,0.0
2024-07-02 00:00:00-04:00,93.69884465379405,94.276673307043,93.64902830050491,94.07742309570312,21200,0.0,0.0,0.0
2024-07-03 00:00:00-04:00,94.35637584642937,94.75488386754456,94.34641105565171,94.36634063720703,3900,0.0,0.0,0.0
2024-07-05 00:00:00-04:00,95.12349974476987,95.12349974476987,93.66894440971475,93.86820220947266,2700,0.0,0.0,0.0
2024-07-08 00:00:00-04:00,94.08738752797592,94.10730950867064,93.53943804751701,93.98775482177734,1000,0.0,0.0,0.0
2024-07-09 00:00:00-04:00,94.03757414327268,94.03757414327268,93.14093296554026,93.20071411132812,1100,0.0,0.0,0.0
2024-07-10 00:00:00-04:00,92.49335215281666,92.99148526247441,92.2343284084484,92.90182495117188,1800,0.0,0.0,0.0
2024-07-11 00:00:00-04:00,93.70880032750988,95.5020826041866,93.70880032750988,95.22312927246094,5000,0.0,0.0,0.0
2024-07-12 00:00:00-04:00,96.48838519396278,96.48838519396278,95.96036529541016,95.96036529541016,1200,0.0,0.0,0.0
2024-07-15 00:00:00-04:00,96.25923929210016,96.25923929210016,96.0699462890625,96.0699462890625,1100,0.0,0.0,0.0
2024-07-16 00:00:00-04:00,97.84330505573907,99.18826293945312,97.84330505573907,99.18826293945312,1300,0.0,0.0,0.0
2024-07-17 00:00:00-04:00,97.30531828699489,97.34516984725013,96.02013397216797,96.02013397216797,1600,0.0,0.0,0.0
2024-07-18 00:00:00-04:00,95.4921142076641,95.4921142076641,95.17330932617188,95.17330932617188,900,0.0,0.0,0.0
2024-07-19 00:00:00-04:00,95.89062849554522,95.89062849554522,95.42238213246057,95.47219848632812,2400,0.0,0.0,0.0
2024-07-22 00:00:00-04:00,96.31901242189149,96.82711029052734,95.4821448970261,96.82711029052734,1200,0.0,0.0,0.0
2024-07-23 00:00:00-04:00,97.60420204157873,97.67394037240798,97.32524871826172,97.32524871826172,700,0.0,0.0,0.0
2024-07-24 00:00:00-04:00,95.7411836990994,95.7411836990994,93.72872924804688,93.72872924804688,2000,0.0,0.0,0.0
2024-07-25 00:00:00-04:00,94.24678190083857,94.24678190083857,93.75861358642578,93.75861358642578,500,0.0,0.0,0.0
2024-07-26 00:00:00-04:00,95.64155531997848,96.0699500905522,95.64155531997848,95.74118041992188,1000,0.0,0.0,0.0
2024-07-29 00:00:00-04:00,96.56808355274521,96.59797032274933,96.32898179180424,96.4883804321289,1500,0.0,0.0,0.0
2024-07-30 00:00:00-04:00,96.86695996924897,96.86695996924897,96.55811229776548,96.56807708740234,1300,0.0,0.0,0.0
2024-07-31 00:00:00-04:00,97.76359768613152,98.89934052533906,97.76359768613152,98.30158233642578,1300,0.0,0.0,0.0
2024-08-01 00:00:00-04:00,98.82960056072393,98.82960056072393,95.29286023433446,96.15960693359375,4900,0.0,0.0,0.0
2024-08-02 00:00:00-04:00,91.11849741443335,91.80592346191406,91.11849741443335,91.80592346191406,7800,0.0,0.0,0.0
2024-08-05 00:00:00-04:00,86.46594551935534,90.19197902690134,85.76855460986398,89.90306091308594,12800,0.0,0.0,0.0
2024-08-06 00:00:00-04:00,92.21439778878376,92.25424934921642,91.31776428222656,91.31776428222656,25900,0.0,0.0,0.0
2024-08-07 00:00:00-04:00,91.84578007199573,92.77230790835578,89.19570842788141,89.20567321777344,21500,0.0,0.0,0.0
2024-08-08 00:00:00-04:00,89.34515687407452,91.46720123291016,89.19571541761383,91.46720123291016,1500,0.0,0.0,0.0
2024-08-09 00:00:00-04:00,92.50331340132412,93.5095443725586,92.50331340132412,93.5095443725586,2000,0.0,0.0,0.0
2024-08-12 00:00:00-04:00,93.53943717299629,93.53943717299629,92.75238592701741,92.87194061279297,1900,0.0,0.0,0.0
2024-08-13 00:00:00-04:00,93.47965681948993,94.17704010009766,93.27044183530761,94.17704010009766,6400,0.0,0.0,0.0
2024-08-14 00:00:00-04:00,93.3302198501997,93.987751603326,93.15089162645468,93.37007141113281,35500,0.0,0.0,0.0
2024-08-15 00:00:00-04:00,95.13346477667797,96.43857876973246,95.13346477667797,96.1197738647461,3500,0.0,0.0,0.0
2024-08-16 00:00:00-04:00,95.94044433043645,96.46846423457914,95.94044433043645,96.22935485839844,1400,0.0,0.0,0.0
2024-08-19 00:00:00-04:00,96.47841520274201,97.28539599372054,96.47841520274201,97.24554443359375,2200,0.0,0.0,0.0
2024-08-20 00:00:00-04:00,96.2293464282334,96.46845578346694,95.87069759719853,96.23931121826172,6300,0.0,0.0,0.0
2024-08-21 00:00:00-04:00,97.524505211996,98.74991607666016,97.524505211996,98.74991607666016,3500,0.0,0.0,0.0
2024-08-22 00:00:00-04:00,98.50084116705008,98.70009136514295,97.91304016113281,97.91304016113281,4000,0.0,0.0,0.0
2024-08-23 00:00:00-04:00,99.04878087630975,101.6988525390625,99.04878087630975,101.6988525390625,2900,0.0,0.0,0.0
2024-08-26 00:00:00-04:00,101.94792569578082,101.94792569578082,100.11479187011719,100.11479187011719,3700,0.0,0.0,0.0
2024-08-27 00:00:00-04:00,99.95538677257623,100.28415643326332,99.95538677257623,100.19448852539062,1500,0.0,0.0,0.0
2024-08-28 00:00:00-04:00,99.39748228704948,99.39748228704948,98.10234069824219,98.10234069824219,1300,0.0,0.0,0.0
2024-08-29 00:00:00-04:00,98.30157759592812,99.07866396413192,98.17206573486328,98.17206573486328,2600,0.0,0.0,0.0
2024-08-30 00:00:00-04:00,98.58054256875607,99.43733215332031,98.17207735801728,99.43733215332031,3400,0.0,0.0,0.0
2024-09-03 00:00:00-04:00,98.89933594609785,98.89933594609785,96.28912353515625,96.28912353515625,7100,0.0,0.0,0.0
2024-09-04 00:00:00-04:00,95.3924907264418,96.16957716321166,95.3924907264418,95.81092071533203,2500,0.0,0.0,0.0
2024-09-05 00:00:00-04:00,95.54193090055762,95.54193090055762,94.49584834143118,94.60543823242188,2600,0.0,0.0,0.0
2024-09-06 00:00:00-04:00,95.46223036534627,95.46223036534627,93.0711898803711,93.0711898803711,700,0.0,0.0,0.0
2024-09-09 00:00:00-04:00,93.76857412454808,94.35636751307642,93.76857412454808,94.18700408935547,1100,0.0,0.0,0.0
2024-09-10 00:00:00-04:00,94.64529141406638,94.64529141406638,93.62910320854648,93.927978515625,1900,0.0,0.0,0.0
2024-09-11 00:00:00-04:00,93.2505191975052,95.78103637695312,93.24055440678104,95.78103637695312,26400,0.0,0.0,0.0
2024-09-12 00:00:00-04:00,97.73371217366181,97.73371217366181,97.42487208561501,97.53446197509766,2100,0.0,0.0,0.0
2024-09-13 00:00:00-04:00,99.67643898044835,100.22438084436173,99.58677106761024,99.65650939941406,2900,0.0,0.0,0.0
2024-09-16 00:00:00-04:00,99.91553810305163,100.06497955322266,99.91553810305163,100.06497955322266,800,0.0,0.0,0.0
2024-09-17 00:00:00-04:00,100.73248047737873,101.55938328361158,100.50333589699909,100.76236724853516,2000,0.0,0.0,0.0
2024-09-18 00:00:00-04:00,100.89187508502043,100.89187508502043,100.612921764183,100.81217956542969,3200,0.0,0.0,0.0
2024-09-19 00:00:00-04:00,102.45601309988024,102.87445068359375,102.45601309988024,102.87445068359375,3700,0.0,0.0,0.0
2024-09-20 00:00:00-04:00,102.11728368770592,102.90433488384693,102.11728368770592,102.43608856201172,3400,0.0,0.0,0.0
2024-09-23 00:00:00-04:00,103.21318366195311,103.36262512207031,102.89437876079366,103.36262512207031,1800,0.0,0.0,0.0
2024-09-24 00:00:00-04:00,103.52202871571319,103.7710952758789,103.44232559224218,103.7710952758789,1100,0.0,0.0,0.0
2024-09-25 00:00:00-04:00,103.26298806096835,103.26298806096835,102.43608533150353,102.47593688964844,2000,0.0,0.0,0.0
2024-09-26 00:00:00-04:00,103.74120484724993,103.91057589129089,103.03385670160095,103.25303649902344,2300,0.0,0.0,0.0
2024-09-27 00:00:00-04:00,103.38254362248209,103.78105163574219,103.11355508405371,103.78105163574219,1300,0.0,0.0,0.0
2024-09-30 00:00:00-04:00,103.35265811836152,103.67146301269531,103.35265811836152,103.67146301269531,800,0.0,0.0,0.0
2024-10-01 00:00:00-04:00,103.34269678506888,103.34269678506888,101.63907488578552,102.59549713134766,1200,0.0,0.0,0.0
2024-10-02 00:00:00-04:00,102.23684666617334,102.71505021600187,102.23684666617334,102.61542510986328,6600,0.0,0.0,0.0
2024-10-03 00:00:00-04:00,102.34643137928623,102.58553314208984,102.04754847510073,102.58553314208984,900,0.0,0.0,0.0
2024-10-04 00:00:00-04:00,103.70134668386241,103.73124105507887,102.60545536740717,103.52202606201172,1300,0.0,0.0,0.0
2024-10-07 00:00:00-04:00,103.2530312043723,103.2530312043723,101.81840540456028,102.09736633300781,4000,0.0,0.0,0.0
2024-10-08 00:00:00-04:00,102.81466850960666,103.67145804726238,102.81466850960666,103.26299285888672,2300,0.0,0.0,0.0
2024-10-09 00:00:00-04:00,103.62165033298982,103.7113106431967,103.3925057609479,103.531982421875,1000,0.0,0.0,0.0
2024-10-10 00:00:00-04:00,102.43609572018322,102.98404519911219,102.39624415799672,102.53572082519531,4100,0.0,0.0,0.0
2024-10-11 00:00:00-04:00,103.13347854642676,104.00023291765538,103.13347854642676,103.9504165649414,1800,0.0,0.0,0.0
2024-10-14 00:00:00-04:00,103.91056376710587,104.71753692626953,103.91056376710587,104.71753692626953,2800,0.0,0.0,0.0
2024-10-15 00:00:00-04:00,105.68392169021914,105.68392169021914,105.2156753540039,105.2156753540039,700,0.0,0.0,0.0
2024-10-16 00:00:00-04:00,106.21193532111742,106.30159562657143,106.03260710930185,106.23185729980469,1800,0.0,0.0,0.0
2024-10-17 00:00:00-04:00,105.61417908790017,106.28167559933898,105.61417908790017,105.6440658569336,6700,0.0,0.0,0.0
2024-10-18 00:00:00-04:00,106.74992300453349,106.74992300453349,106.43111813008177,106.57059478759766,1000,0.0,0.0,0.0
2024-10-21 00:00:00-04:00,106.540713841801,106.540713841801,104.32900157900231,104.3389663696289,4900,0.0,0.0,0.0
2024-10-22 00:00:00-04:00,103.23310956713655,103.23310956713655,102.84456634521484,102.84456634521484,800,0.0,0.0,0.0
2024-10-23 00:00:00-04:00,102.81467116039859,103.02389375600157,102.19699096679688,102.19699096679688,2300,0.0,0.0,0.0
2024-10-24 00:00:00-04:00,103.07369484456869,103.07369484456869,102.6851516546024,102.8545150756836,1600,0.0,0.0,0.0
2024-10-25 00:00:00-04:00,103.37258225059094,103.48217213982642,102.705078125,102.705078125,1100,0.0,0.0,0.0
2024-10-28 00:00:00-04:00,103.92052979367632,104.09985802217507,103.68142802264742,103.9504165649414,5100,0.0,0.0,0.0
2024-10-29 00:00:00-04:00,101.62911598212233,102.8047103881836,100.81217801187013,102.8047103881836,2700,0.0,0.0,0.0
2024-10-30 00:00:00-04:00,102.87444834325832,103.49212851308856,102.05751037597656,102.05751037597656,3300,0.0,0.0,0.0
2024-10-31 00:00:00-04:00,102.4161747972121,102.42613198718033,102.08740510645946,102.14717864990234,5000,0.0,0.0,0.0
2024-11-01 00:00:00-04:00,102.64530174643174,102.73496965373853,101.33023071289062,101.33023071289062,2700,0.0,0.0,0.0
2024-11-04 00:00:00-05:00,102.04754127872225,102.21690469872682,101.82836151123047,101.82836151123047,17600,0.0,0.0,0.0
2024-11-05 00:00:00-05:00,101.4597503006692,103.79101725629255,101.4597503006692,103.7710952758789,5800,0.0,0.0,0.0
2024-11-06 00:00:00-05:00,104.70757230573801,105.90309626296292,104.41865420609801,105.84331512451172,2600,0.0,0.0,0.0
2024-11-07 00:00:00-05:00,105.9230259925397,107.6963786778984,105.9230259925397,106.96910858154297,6300,0.0,0.0,0.0
2024-11-08 00:00:00-05:00,107.98529365606932,108.24432499835322,107.84581699504905,108.13473510742188,3500,0.0,0.0,0.0
2024-11-11 00:00:00-05:00,108.99152941021343,109.24059597303342,108.70261128523323,108.92179107666016,3600,0.0,0.0,0.0
2024-11-12 00:00:00-05:00,107.06873368504134,107.06873368504134,106.96910858154297,106.96910858154297,900,0.0,0.0,0.0
2024-11-13 00:00:00-05:00,108.13473685100537,108.25429153419672,106.6104507446289,106.6104507446289,2000,0.0,0.0,0.0
2024-11-14 00:00:00-05:00,107.21816776414235,107.21816776414235,105.74369049072266,105.74369049072266,1300,0.0,0.0,0.0
2024-11-15 00:00:00-05:00,105.46474595281202,105.46474595281202,105.16586303710938,105.16586303710938,1500,0.0,0.0,0.0
2024-11-18 00:00:00-05:00,105.91305843177729,105.91305843177729,104.93672180175781,104.93672180175781,1300,0.0,0.0,0.0
2024-11-19 00:00:00-05:00,104.23933044744413,106.52078097238721,104.23933044744413,106.3514175415039,3400,0.0,0.0,0.0
2024-11-20 00:00:00-05:00,105.65402962661295,106.03260803222656,105.65402962661295,106.03260803222656,2600,0.0,0.0,0.0
2024-11-21 00:00:00-05:00,106.60048572515963,107.74619340033128,106.60048572515963,107.64656829833984,2500,0.0,0.0,0.0
2024-11-22 00:00:00-05:00,108.98155871981787,109.4996213989472,108.98155871981787,109.37010192871094,3000,0.0,0.0,0.0
2024-11-25 00:00:00-05:00,111.64158896529011,112.99651161780956,111.53199907421074,111.89065551757812,5200,0.0,0.0,0.0
2024-11-26 00:00:00-05:00,111.03386746980256,111.4024887084961,110.77484372457711,111.4024887084961,3000,0.0,0.0,0.0
2024-11-27 00:00:00-05:00,111.96039291902845,111.96039291902845,110.73498974844944,110.77484130859375,2200,0.0,0.0,0.0
2024-11-29 00:00:00-05:00,111.31282320244584,111.37259674072266,111.17333894495374,111.37259674072266,2000,0.0,0.0,0.0
2024-12-02 00:00:00-05:00,111.45229878735559,111.78106084562457,111.10359954833984,111.10359954833984,3700,0.0,0.0,0.0
2024-12-03 00:00:00-05:00,110.63536441610576,110.79476305544023,110.48592296610553,110.49588775634766,2300,0.0,0.0,0.0
2024-12-04 00:00:00-05:00,110.30659474628683,110.76487628562175,110.30659474628683,110.49588775634766,2100,0.0,0.0,0.0
2024-12-05 00:00:00-05:00,111.19326579428716,111.19326579428716,110.43610139077525,110.46598815917969,2300,0.0,0.0,0.0
2024-12-06 00:00:00-05:00,111.29289766296358,111.38256557454197,110.19700634962464,110.66525268554688,3200,0.0,0.0,0.0
2024-12-09 00:00:00-05:00,110.6851710146377,110.6851710146377,109.30036163330078,109.30036163330078,2200,0.0,0.0,0.0
2024-12-10 00:00:00-05:00,109.23062560670898,109.37010226669608,108.14469909667969,108.14469909667969,2300,0.0,0.0,0.0
2024-12-11 00:00:00-05:00,109.36013747490152,109.36013747490152,108.7922660447026,108.80223083496094,1700,0.0,0.0,0.0
2024-12-12 00:00:00-05:00,108.34394483562139,108.52327304835113,107.44730377197266,107.44730377197266,2200,0.0,0.0,0.0
2024-12-13 00:00:00-05:00,107.5867859818228,107.5867859818228,105.73373022156251,106.25179290771484,2700,0.0,0.0,0.0
2024-12-16 00:00:00-05:00,106.80970222237312,106.80970222237312,106.50086212158203,106.50086212158203,1600,0.0,0.0,0.0
2024-12-17 00:00:00-05:00,106.19201337632187,106.19201337632187,104.91679382324219,104.91679382324219,2900,0.0,0.0,0.0
2024-12-18 00:00:00-05:00,104.67768894201451,104.74742727171974,99.93545971933563,99.97531127929688,4400,0.0,0.0,0.0
2024-12-19 00:00:00-05:00,100.30408396668268,100.30408396668268,99.50706794528928,99.65650939941406,2800,0.0,0.0,0.0
2024-12-20 00:00:00-05:00,100.49337282349148,100.55314636230469,100.49337282349148,100.55314636230469,1100,0.0,0.0,0.0
2024-12-23 00:00:00-05:00,99.42736979334033,100.1247530929279,99.42736979334033,100.06497955322266,6700,0.0,0.0,0.0
2024-12-24 00:00:00-05:00,100.38378721585052,100.78229522705078,99.95539243396915,100.78229522705078,18700,0.0,0.0,0.0
2024-12-26 00:00:00-05:00,100.29411033750795,101.25052491834886,100.29411033750795,101.08116149902344,3200,0.0,0.0,0.0
2024-12-27 00:00:00-05:00,100.57306806530549,100.57306806530549,99.26796179875075,99.61665344238281,2300,0.0,0.0,0.0
2024-12-30 00:00:00-05:00,98.26173101375629,98.58053588867188,97.41490627734683,98.58053588867188,2000,0.0,0.0,0.0
2024-12-31 00:00:00-05:00,98.72002113415517,98.75987269709984,98.38129425048828,98.38129425048828,900,0.0,0.0,0.0
2025-01-02 00:00:00-05:00,98.95911672965241,98.95911672965241,96.97654165404113,97.70381927490234,3600,0.0,0.0,0.0
2025-01-03 00:00:00-05:00,98.72001604000118,99.07867248708722,98.44106271469161,98.81964874267578,7500,0.0,0.0,0.0
2025-01-06 00:00:00-05:00,99.72624830952621,99.72624830952621,99.13845488104377,99.36759185791016,4700,0.0,0.0,0.0
2025-01-07 00:00:00-05:00,98.78975870516393,98.78975870516393,98.20195770263672,98.20195770263672,1800,0.0,0.0,0.0
2025-01-08 00:00:00-05:00,98.01267332098944,98.77980260864408,97.94293498583069,98.47095489501953,2700,0.0,0.0,0.0
2025-01-10 00:00:00-05:00,97.4647228452211,97.78352772085076,97.05625006033836,97.54442596435547,3600,0.0,0.0,0.0
2025-01-13 00:00:00-05:00,96.27916935720529,96.62786102294922,96.27916935720529,96.62786102294922,1600,0.0,0.0,0.0
2025-01-14 00:00:00-05:00,97.58427406765638,97.74368031269547,96.9367070996824,97.3053207397461,15700,0.0,0.0,0.0
2025-01-15 00:00:00-05:00,99.12849717362305,99.18827071952741,98.7299891321403,98.99898529052734,5600,0.0,0.0,0.0
2025-01-16 00:00:00-05:00,99.87569173637411,99.87569173637411,99.42737496345694,99.43733215332031,6800,0.0,0.0,0.0
2025-01-17 00:00:00-05:00,100.11479256092308,100.72251557680147,100.03509703822897,100.29412078857422,8000,0.0,0.0,0.0
2025-01-21 00:00:00-05:00,101.47968081423876,102.25676727294922,101.05128602278194,102.25676727294922,6300,0.0,0.0,0.0
2025-01-22 00:00:00-05:00,102.60545755172289,102.83460213047917,101.89810943603516,101.89810943603516,3000,0.0,0.0,0.0
2025-01-23 00:00:00-05:00,102.30657693103518,102.79474523324537,102.0475455947795,102.71504211425781,4200,0.0,0.0,0.0
2025-01-24 00:00:00-05:00,102.83460060536314,102.90433893683587,102.38627624511719,102.38627624511719,1200,0.0,0.0,0.0
2025-01-27 00:00:00-05:00,102.04754026819599,102.21690368652344,101.60918073755327,102.21690368652344,3000,0.0,0.0,0.0
2025-01-28 00:00:00-05:00,103.79100768856186,104.48839095237594,103.20320670828357,104.35887908935547,3500,0.0,0.0,0.0
2025-01-29 00:00:00-05:00,104.8072035977465,104.82713317871094,104.39873839887245,104.82713317871094,5900,0.0,0.0,0.0
2025-01-30 00:00:00-05:00,106.1422032262558,106.48093009017973,105.62414053907943,105.87320709228516,2100,0.0,0.0,0.0
2025-01-31 00:00:00-05:00,106.49089019492388,106.49089019492388,104.84704949591416,104.89686584472656,2000,0.0,0.0,0.0
2025-02-03 00:00:00-05:00,102.09736142556677,104.18951888245833,102.09736142556677,103.6614990234375,8700,0.0,0.0,0.0
2025-02-04 00:00:00-05:00,104.06997308373157,104.86698913574219,104.06997308373157,104.86698913574219,3600,0.0,0.0,0.0
2025-02-05 00:00:00-05:00,104.74742912253924,105.26549181028149,104.48839777866812,105.02638244628906,4200,0.0,0.0,0.0
2025-02-06 00:00:00-05:00,106.79973881495944,107.11854371049124,106.0126951673249,106.8595199584961,4500,0.0,0.0,0.0
2025-02-07 00:00:00-05:00,105.6540358602933,105.6540358602933,104.88690661301302,105.01642608642578,4300,0.0,0.0,0.0
2025-02-10 00:00:00-05:00,105.18579009734823,105.18579009734823,104.72750854492188,104.72750854492188,600,0.0,0.0,0.0
2025-02-11 00:00:00-05:00,104.32899404630976,104.42861914265818,103.64156795996264,104.14966583251953,2200,0.0,0.0,0.0
2025-02-12 00:00:00-05:00,103.69138798923359,104.667724609375,103.69138798923359,104.667724609375,2900,0.0,0.0,0.0
2025-02-13 00:00:00-05:00,104.74743163431405,106.12227630615234,104.74743163431405,106.12227630615234,800,0.0,0.0,0.0
2025-02-14 00:00:00-05:00,106.75989532470703,106.75989532470703,106.75989532470703,106.75989532470703,800,0.0,0.0,0.0
2025-02-18 00:00:00-05:00,107.29787157577903,107.4273910522461,106.5905234537426,107.4273910522461,1700,0.0,0.0,0.0
2025-02-19 00:00:00-05:00,106.97905857571435,106.97905857571435,106.08242510362956,106.86946868896484,2200,0.0,0.0,0.0
2025-02-20 00:00:00-05:00,103.92052807610804,103.92052807610804,103.29288308719012,103.5020980834961,1300,0.0,0.0,0.0
2025-02-21 00:00:00-05:00,101.90806416085704,101.90806416085704,98.7698243061995,98.91926574707031,4000,0.0,0.0,0.0
2025-02-24 00:00:00-05:00,97.52449698977877,99.77606071340679,97.52449698977877,99.22811126708984,1400,0.0,0.0,0.0
2025-02-25 00:00:00-05:00,97.92300554782643,98.28166198730469,96.77729789954358,98.28166198730469,2100,0.0,0.0,0.0
2025-02-26 00:00:00-05:00,100.31405146183276,100.5332312536708,99.248046875,99.248046875,1700,0.0,0.0,0.0
2025-02-27 00:00:00-05:00,98.36136399070095,98.36136399070095,96.0400619506836,96.0400619506836,1300,0.0,0.0,0.0
2025-02-28 00:00:00-05:00,96.17954253097822,97.49461364746094,96.17954253097822,97.49461364746094,2300,0.0,0.0,0.0
2025-03-03 00:00:00-05:00,98.43110407688157,98.43110407688157,94.30656259698674,94.51577758789062,3400,0.0,0.0,0.0
2025-03-04 00:00:00-05:00,92.64279268198155,93.94790658488661,90.35138496095259,92.44354248046875,3600,0.0,0.0,0.0
2025-03-05 00:00:00-05:00,92.50331613736678,93.56932067871094,91.56683106798641,93.56932067871094,3900,0.0,0.0,0.0
2025-03-06 00:00:00-05:00,92.38377420143298,92.38377420143298,88.71751403808594,88.71751403808594,3400,0.0,0.0,0.0
2025-03-07 00:00:00-05:00,87.34266427671216,87.95038732486204,84.80218978447563,87.8407974243164,12700,0.0,0.0,0.0
2025-03-10 00:00:00-04:00,84.09483774049282,84.13468170166016,83.0387903477598,84.13468170166016,47300,0.0,0.0,0.0
2025-03-11 00:00:00-04:00,84.57304069968879,85.60915850377648,83.30778591638365,84.42359924316406,17700,0.0,0.0,0.0
2025-03-12 00:00:00-04:00,86.02758580131315,86.08736694259171,84.6726631462546,85.4896011352539,4100,0.0,0.0,0.0
2025-03-13 00:00:00-04:00,83.08860431448204,83.86569075036978,81.80341997785692,82.19196319580078,9100,0.0,0.0,0.0
2025-03-14 00:00:00-04:00,83.96531130563822,85.16083526611328,83.96531130563822,85.16083526611328,6800,0.0,0.0,0.0
2025-03-17 00:00:00-04:00,85.14091258762946,86.74490185395837,85.14091258762946,86.29658508300781,15700,0.0,0.0,0.0
2025-03-18 00:00:00-04:00,85.21064651706844,85.21064651706844,83.25796568526181,83.6265869140625,2400,0.0,0.0,0.0
2025-03-19 00:00:00-04:00,84.05498161678678,86.75486209339475,84.05498161678678,86.44601440429688,2600,0.0,0.0,0.0
2025-03-20 00:00:00-04:00,85.87814254344538,87.66145993577493,85.87814254344538,86.54564666748047,2300,0.0,0.0,0.0
2025-03-21 00:00:00-04:00,84.70254992761087,87.07366837473002,84.70254992761087,86.80467224121094,2300,0.0,0.0,0.0
2025-03-24 00:00:00-04:00,89.98276427960818,90.83955383300781,89.98276427960818,90.83955383300781,3800,0.0,0.0,0.0
2025-03-25 00:00:00-04:00,91.10853319649387,91.10853319649387,90.5605913936673,90.67018127441406,3100,0.0,0.0,0.0
2025-03-26 00:00:00-04:00,89.21564064180058,89.21564064180058,88.79720306396484,88.79720306396484,1400,0.0,0.0,0.0
2025-03-27 00:00:00-04:00,89.25548530451955,89.25548530451955,88.31900024414062,88.31900024414062,1300,0.0,0.0,0.0
2025-03-28 00:00:00-04:00,85.9379292162835,85.94788640617159,85.21065150631159,85.35012817382812,1300,0.0,0.0,0.0
2025-03-31 00:00:00-04:00,83.676404284092,85.9777846022815,83.676404284092,85.67890167236328,1600,0.0,0.0,0.0
2025-04-01 00:00:00-04:00,85.3501239288836,86.4360580444336,85.3501239288836,86.4360580444336,1400,0.0,0.0,0.0
2025-04-02 00:00:00-04:00,85.9478858850117,88.07990264892578,85.9478858850117,88.07990264892578,4500,0.0,0.0,0.0
2025-04-03 00:00:00-04:00,82.17204190065613,82.17204190065613,81.71375274658203,81.71375274658203,2700,0.0,0.0,0.0
2025-04-04 00:00:00-04:00,78.83454930496447,81.40491817412797,78.72495940427783,78.9242172241211,4800,0.0,0.0,0.0
2025-04-07 00:00:00-04:00,77.97775547790941,79.1035411968309,76.71250069397976,78.03753662109375,13200,0.0,0.0,0.0
2025-04-08 00:00:00-04:00,80.90677690387969,80.90677690387969,75.94537550192703,76.67264556884766,8600,0.0,0.0,0.0
2025-04-09 00:00:00-04:00,77.25048398705579,83.95535142379451,76.36380765501104,83.5967025756836,35700,0.0,0.0,0.0
2025-04-10 00:00:00-04:00,81.48461240548585,81.56431552472108,80.62782287597656,80.62782287597656,2700,0.0,0.0,0.0
2025-04-11 00:00:00-04:00,80.42857839511575,81.73368476149271,79.61164036716166,81.68386840820312,1600,0.0,0.0,0.0
2025-04-14 00:00:00-04:00,82.30155552435562,82.30155552435562,82.16207885742188,82.16207885742188,700,0.0,0.0,0.0
2025-04-15 00:00:00-04:00,82.5306870549692,82.5306870549692,82.35136643867538,82.5107650756836,600,0.0,0.0,0.0
2025-04-16 00:00:00-04:00,80.94662546156525,81.1259536743164,80.84700036579407,81.1259536743164,1100,0.0,0.0,0.0
2025-04-17 00:00:00-04:00,81.45472005335529,82.22184162092194,81.45472005335529,82.01262664794922,6500,0.0,0.0,0.0
2025-04-21 00:00:00-04:00,80.06991564417173,80.25920104980469,78.90427843657257,80.25920104980469,2700,0.0,0.0,0.0
2025-04-22 00:00:00-04:00,82.32147667431012,82.82957458496094,82.32147667431012,82.82957458496094,400,0.0,0.0,0.0
2025-04-23 00:00:00-04:00,85.14091359350294,85.14091359350294,83.4671859741211,83.4671859741211,2200,0.0,0.0,0.0
2025-04-24 00:00:00-04:00,84.6128954786946,85.04129028320312,84.6128954786946,85.04129028320312,500,0.0,0.0,0.0
2025-04-25 00:00:00-04:00,85.47964477539062,85.47964477539062,85.47964477539062,85.47964477539062,400,0.0,0.0,0.0
2025-04-28 00:00:00-04:00,85.68885803222656,85.68885803222656,85.68885803222656,85.68885803222656,200,0.0,0.0,0.0
2025-04-29 00:00:00-04:00,85.45971507428027,86.32646942138672,85.45971507428027,86.32646942138672,1900,0.0,0.0,0.0
2025-04-30 00:00:00-04:00,85.00143635721633,86.19695281982422,85.00143635721633,86.19695281982422,1000,0.0,0.0,0.0
2025-05-01 00:00:00-04:00,87.33268987915312,87.33268987915312,86.26667785644531,86.26667785644531,1200,0.0,0.0,0.0
2025-05-02 00:00:00-04:00,87.45224624414065,88.48836400927645,87.45224624414065,88.40866088867188,2000,0.0,0.0,0.0
2025-05-05 00:00:00-04:00,87.82086564996543,88.65772559618674,87.7909788805872,88.1496353149414,225600,0.0,0.0,0.0
2025-05-06 00:00:00-04:00,87.34265715535943,87.84079026234915,87.23306726374905,87.74116516113281,39300,0.0,0.0,0.0
2025-05-07 00:00:00-04:00,88.34889254117653,88.44851764733352,88.16956430973056,88.43855285644531,3000,0.0,0.0,0.0
2025-05-08 00:00:00-04:00,89.31526866895975,89.68388230794854,88.99646378071934,89.32523345947266,3200,0.0,0.0,0.0
2025-05-09 00:00:00-04:00,89.11600934041633,89.27541558226663,88.956610699474,89.1558609008789,1800,0.0,0.0,0.0
2025-05-12 00:00:00-04:00,91.92547549308019,91.92547549308019,91.1982054507767,91.5568618774414,21500,0.0,0.0,0.0
2025-05-13 00:00:00-04:00,92.1147696847446,92.59298079343655,92.1147696847446,92.29409790039062,500,0.0,0.0,0.0
2025-05-14 00:00:00-04:00,92.55313030264816,92.70257175089613,92.50331395292956,92.56309509277344,1400,0.0,0.0,0.0
2025-05-15 00:00:00-04:00,92.56310166497339,92.95164489746094,92.29410551884611,92.95164489746094,4000,0.0,0.0,0.0
2025-05-16 00:00:00-04:00,93.12100118103324,94.2965955789881,93.1110363909662,94.16707611083984,10200,0.0,0.0,0.0
2025-05-19 00:00:00-04:00,93.66894785937852,94.19697534750237,93.66894785937852,94.10730743408203,1000,0.0,0.0,0.0
2025-05-20 00:00:00-04:00,93.80843292366363,94.09734344482422,93.63906188596248,94.09734344482422,1000,0.0,0.0,0.0
2025-05-21 00:00:00-04:00,92.77231400769836,92.77231400769836,92.04503631591797,92.04503631591797,1200,0.0,0.0,0.0
2025-05-22 00:00:00-04:00,92.11477074802951,92.56309509277344,92.11477074802951,92.56309509277344,400,0.0,0.0,0.0
2025-05-23 00:00:00-04:00,91.57678824557293,92.2542495727539,91.57678824557293,92.2542495727539,700,0.0,0.0,0.0
2025-05-27 00:00:00-04:00,93.23059566378568,93.83831867239408,92.88190400333202,93.82835388183594,6400,0.0,0.0,0.0
2025-05-28 00:00:00-04:00,93.70879293520088,93.81838282129202,93.479655974034,93.52946472167969,1400,0.0,0.0,0.0
2025-05-29 00:00:00-04:00,94.30656430678383,94.30656430678383,92.99148559570312,92.99148559570312,1000,0.0,0.0,0.0
2025-05-30 00:00:00-04:00,92.7922293102657,93.28039759923281,92.7922293102657,93.16085052490234,700,0.0,0.0,0.0
2025-06-02 00:00:00-04:00,92.1845083050139,93.99771244633057,92.1845083050139,93.88812255859375,1500,0.0,0.0,0.0
2025-06-03 00:00:00-04:00,93.80842568323084,94.35636751307642,93.6091678898171,94.18700408935547,900,0.0,0.0,0.0
2025-06-04 00:00:00-04:00,93.93793871150037,94.37629826153112,93.70879414646399,94.26670837402344,2800,0.0,0.0,0.0
2025-06-05 00:00:00-04:00,93.93794157142139,94.13719177246094,93.8582384506424,94.13719177246094,1600,0.0,0.0,0.0
2025-06-06 00:00:00-04:00,94.31652161064738,94.7748031616211,94.31652161064738,94.7748031616211,500,0.0,0.0,0.0
2025-06-09 00:00:00-04:00,94.24677368270264,94.24677368270264,94.04752349853516,94.04752349853516,400,0.0,0.0,0.0
2025-06-10 00:00:00-04:00,94.05749879678235,94.57555389404297,93.8183894279776,94.57555389404297,1700,0.0,0.0,0.0
2025-06-11 00:00:00-04:00,93.96782370704686,94.21689024651644,93.8183822631836,93.8183822631836,400,0.0,0.0,0.0
2025-06-12 00:00:00-04:00,93.55936581225154,93.90805747445022,93.55936581225154,93.72872924804688,2100,0.0,0.0,0.0
2025-06-13 00:00:00-04:00,93.19074072730474,93.44977206607798,92.08488464355469,92.08488464355469,2700,0.0,0.0,0.0
2025-06-16 00:00:00-04:00,94.0973447090456,94.64529418945312,94.0973447090456,94.64529418945312,700,0.0,0.0,0.0
2025-06-17 00:00:00-04:00,93.6888656616211,93.6888656616211,93.6888656616211,93.6888656616211,200,0.0,0.0,0.0
2025-06-18 00:00:00-04:00,94.74491119384766,94.74491119384766,94.74491119384766,94.74491119384766,200,0.0,0.0,0.0
2025-06-20 00:00:00-04:00,95.16334128685756,95.16334128685756,94.55562591552734,94.55562591552734,400,0.0,0.0,0.0
2025-06-23 00:00:00-04:00,94.17358697217605,95.91920471191406,94.17358697217605,95.91920471191406,2500,0.117,0.0,0.0
2025-06-24 00:00:00-04:00,96.94662117486206,97.00646848876568,96.64736938476562,96.64736938476562,1500,0.0,0.0,0.0
2025-06-25 00:00:00-04:00,96.33815310300183,96.4678248266021,95.9990005493164,95.9990005493164,800,0.0,0.0,0.0
2025-06-26 00:00:00-04:00,96.85684425931734,97.25584411621094,96.85684425931734,97.25584411621094,2200,0.0,0.0,0.0
2025-06-27 00:00:00-04:00,98.73214562390855,98.73214562390855,98.02391685153019,98.5126953125,600,0.0,0.0,0.0
2025-06-30 00:00:00-04:00,98.77203571820652,99.24085998535156,98.19349390902802,99.24085998535156,1200,0.0,0.0,0.0
2025-07-01 00:00:00-04:00,99.35058415002315,99.35058415002315,99.17103459439697,99.20095825195312,500,0.0,0.0,0.0
2025-07-02 00:00:00-04:00,98.4428662812223,99.02140808105469,98.4428662812223,99.02140808105469,1400,0.0,0.0,0.0
2025-07-03 00:00:00-04:00,100.08873553903756,100.08873553903756,100.00894165039062,100.00894165039062,300,0.0,0.0,0.0
2025-07-07 00:00:00-04:00,99.5600578498085,99.88923330511356,99.25083657316459,99.83935546875,3600,0.0,0.0,0.0
2025-07-08 00:00:00-04:00,98.90171813964844,98.90171813964844,98.69224491783837,98.90171813964844,800,0.0,0.0,0.0
2025-07-09 00:00:00-04:00,98.96156278987795,99.490234375,98.96156278987795,99.490234375,2500,0.0,0.0,0.0
2025-07-10 00:00:00-04:00,99.49023277275688,99.79946165760047,99.27078247070312,99.27078247070312,800,0.0,0.0,0.0
2025-07-11 00:00:00-04:00,99.04136573228124,99.04136573228124,98.54261779785156,98.54261779785156,500,0.0,0.0,0.0
2025-07-14 00:00:00-04:00,99.490234375,99.490234375,99.490234375,99.490234375,300,0.0,0.0,0.0
2025-07-15 00:00:00-04:00,97.90422058105469,97.90422058105469,97.90422058105469,97.90422058105469,100,0.0,0.0,0.0
2025-07-16 00:00:00-04:00,98.09373966911494,98.33314415602077,97.91419771936982,98.29324340820312,600,0.0,0.0,0.0
2025-07-17 00:00:00-04:00,98.22341477185022,98.66231536865234,98.22341477185022,98.66231536865234,300,0.0,0.0,0.0
2025-07-18 00:00:00-04:00,98.80196380615234,98.80196380615234,98.80196380615234,98.80196380615234,100,0.0,0.0,0.0
2025-07-21 00:00:00-04:00,99.23089050625995,99.26081416411357,99.23089050625995,99.24085998535156,1000,0.0,0.0,0.0
2025-07-22 00:00:00-04:00,99.1411096002491,99.30071258544922,99.1411096002491,99.30071258544922,500,0.0,0.0,0.0
2025-07-23 00:00:00-04:00,99.71966040897323,99.71966040897323,99.58998107910156,99.58998107910156,1300,0.0,0.0,0.0
2025-07-24 00:00:00-04:00,98.40296936035156,98.40296936035156,98.40296936035156,98.40296936035156,100,0.0,0.0,0.0
2025-07-25 00:00:00-04:00,98.8817659281118,98.98152160644531,98.4628194761542,98.98152160644531,1300,0.0,0.0,0.0
2025-07-28 00:00:00-04:00,98.92166550441922,99.10121506888485,98.75209302972658,99.01144409179688,2200,0.0,0.0,0.0
2025-07-29 00:00:00-04:00,98.373041137033,98.373041137033,98.06381225585938,98.06381225585938,500,0.0,0.0,0.0
2025-07-30 00:00:00-04:00,99.47029208590551,99.54011649429756,98.92166629833251,99.12117004394531,600,0.0,0.0,0.0
2025-07-31 00:00:00-04:00,99.72964078923424,99.72964078923424,99.18101501464844,99.18101501464844,400,0.0,0.0,0.0
2025-08-01 00:00:00-04:00,96.9067248545561,97.44537353515625,96.9067248545561,97.44537353515625,2800,0.0,0.0,0.0
2025-08-04 00:00:00-04:00,97.86431766245501,99.13113403320312,97.86431766245501,99.13113403320312,8900,0.0,0.0,0.0
2025-08-05 00:00:00-04:00,98.75208590391696,98.75208590391696,98.4129409790039,98.4129409790039,1300,0.0,0.0,0.0
2025-08-06 00:00:00-04:00,98.72217016300947,99.12117004394531,98.41294887017182,99.12117004394531,8700,0.0,0.0,0.0
2025-08-07 00:00:00-04:00,100.5176589637866,100.5176589637866,98.13364436047888,98.84186553955078,1300,0.0,0.0,0.0
2025-08-08 00:00:00-04:00,98.16357338035044,98.16357338035044,97.66482543945312,97.66482543945312,300,0.0,0.0,0.0
2025-08-11 00:00:00-04:00,97.92416257969366,97.92416257969366,97.5650634765625,97.5650634765625,900,0.0,0.0,0.0
2025-08-12 00:00:00-04:00,98.05384895141005,99.01144409179688,98.05384895141005,99.01144409179688,600,0.0,0.0,0.0
2025-08-13 00:00:00-04:00,100.14859008789062,100.14859008789062,100.14859008789062,100.14859008789062,300,0.0,0.0,0.0
2025-08-14 00:00:00-04:00,98.77203129629818,98.77203129629818,98.44286346435547,98.44286346435547,3000,0.0,0.0,0.0
2025-08-15 00:00:00-04:00,98.37304635289688,99.09123699332498,98.37304635289688,98.97154235839844,1600,0.0,0.0,0.0
2025-08-18 00:00:00-04:00,98.77203874378255,100.13861083984375,98.77203874378255,100.13861083984375,1400,0.0,0.0,0.0
2025-08-19 00:00:00-04:00,99.27078247070312,99.27078247070312,99.27078247070312,99.27078247070312,500,0.0,0.0,0.0
2025-08-20 00:00:00-04:00,98.562564646638,99.25083923339844,98.562564646638,99.25083923339844,800,0.0,0.0,0.0
2025-08-21 00:00:00-04:00,98.48276721214508,98.95158386230469,98.48276721214508,98.95158386230469,1000,0.0,0.0,0.0
2025-08-22 00:00:00-04:00,100.92663101844303,100.92663101844303,100.4677838378998,100.65731048583984,2200,0.0,0.0,0.0
2025-08-25 00:00:00-04:00,100.66727910939076,100.66727910939076,100.15856170654297,100.15856170654297,500,0.0,0.0,0.0
2025-08-26 00:00:00-04:00,100.97650970512711,101.15605926513672,100.79696014511751,101.15605926513672,700,0.0,0.0,0.0
2025-08-27 00:00:00-04:00,101.34557619864124,101.53510284423828,101.05630149073129,101.53510284423828,1500,0.0,0.0,0.0
2025-08-28 00:00:00-04:00,101.91415405273438,101.91415405273438,101.91415405273438,101.91415405273438,300,0.0,0.0,0.0
2025-08-29 00:00:00-04:00,102.17350458565674,102.17350458565674,100.49771118164062,100.49771118164062,800,0.0,0.0,0.0
2025-09-02 00:00:00-04:00,99.98898179553372,100.16853135280597,99.52015752875118,100.08872985839844,212500,0.0,0.0,0.0
2025-09-03 00:00:00-04:00,100.5874843189905,100.91665979709371,100.21841570138072,100.5076904296875,6300,0.0,0.0,0.0
2025-09-04 00:00:00-04:00,101.315651801027,101.81439971923828,101.1859800819962,101.81439971923828,2200,0.0,0.0,0.0
2025-09-05 00:00:00-04:00,102.46277881074255,102.46277881074255,100.77700832509615,101.4852294921875,5200,0.0,0.0,0.0
2025-09-08 00:00:00-04:00,101.62487424528236,101.88422529661976,101.62487424528236,101.78447723388672,10400,0.0,0.0,0.0
2025-09-09 00:00:00-04:00,101.13610586422081,101.43535766996906,101.13610586422081,101.26577758789062,1800,0.0,0.0,0.0
2025-09-10 00:00:00-04:00,99.97901587410722,100.38798522949219,99.72964190292699,100.38798522949219,12400,0.0,0.0,0.0
2025-09-11 00:00:00-04:00,100.47776629261632,101.99395672622933,100.47776629261632,101.88423156738281,5400,0.0,0.0,0.0
2025-09-12 00:00:00-04:00,101.65481263942848,101.65481263942848,100.34808781206847,100.3680419921875,2900,0.0,0.0,0.0
2025-09-15 00:00:00-04:00,101.1261263970878,101.50517969016245,100.93660736083984,100.93660736083984,8000,0.0,0.0,0.0
2025-09-16 00:00:00-04:00,100.12863632111228,100.58748352471329,100.09871266157371,100.39796447753906,2400,0.0,0.0,0.0
2025-09-17 00:00:00-04:00,100.7570628152243,100.86678797285728,99.7196661677878,100.28823852539062,3100,0.0,0.0,0.0
2025-09-18 00:00:00-04:00,100.50768559847789,101.08622741699219,100.50768559847789,101.08622741699219,3200,0.0,0.0,0.0
2025-09-19 00:00:00-04:00,100.5475832365536,101.0363540649414,100.5475832365536,101.0363540649414,1200,0.0,0.0,0.0
2025-09-22 00:00:00-04:00,100.25831686028013,100.75706481933594,100.25831686028013,100.75706481933594,2400,0.0,0.0,0.0
2025-09-23 00:00:00-04:00,100.56753267995737,100.9665325475196,100.56753267995737,100.76702880859375,1100,0.0,0.0,0.0
2025-09-24 00:00:00-04:00,100.94657930992113,100.94657930992113,100.41790771484375,100.41790771484375,900,0.0,0.0,0.0
2025-09-25 00:00:00-04:00,99.26081791451601,99.64984070189038,99.26081791451601,99.47029113769531,3100,0.0,0.0,0.0
2025-09-26 00:00:00-04:00,99.77950998553948,100.37800598144531,99.77950998553948,100.37800598144531,1200,0.0,0.0,0.0
2025-09-29 00:00:00-04:00,101.11616516113281,101.11616516113281,101.11616516113281,101.11616516113281,200,0.0,0.0,0.0
2025-09-30 00:00:00-04:00,99.87925903015466,100.42788480445547,99.87925903015466,100.41790771484375,1600,0.0,0.0,0.0
2025-10-01 00:00:00-04:00,100.15856454349361,101.12612915039062,100.15856454349361,101.12612915039062,3700,0.0,0.0,0.0
2025-10-02 00:00:00-04:00,100.7371023300713,101.51514786437612,100.7371023300713,101.42537689208984,1800,0.0,0.0,0.0
2025-10-03 00:00:00-04:00,102.25330262698688,102.25330262698688,101.2657762472649,101.36553192138672,1700,0.0,0.0,0.0
2025-10-06 00:00:00-04:00,100.57751154740575,101.09620605720309,100.57751154740575,100.91665649414062,1400,0.0,0.0,0.0
2025-10-07 00:00:00-04:00,99.97900961492601,99.97900961492601,98.92165886832025,99.05133819580078,3900,0.0,0.0,0.0
2025-10-08 00:00:00-04:00,99.48026803859047,99.58998558456113,99.18101622873692,99.54011535644531,4000,0.0,0.0,0.0
2025-10-09 00:00:00-04:00,98.33313831694488,98.44286346435547,98.25333682604825,98.44286346435547,1500,0.0,0.0,0.0
2025-10-10 00:00:00-04:00,98.75208487274988,99.00145882444875,95.05137634277344,95.05137634277344,3300,0.0,0.0,0.0
2025-10-13 00:00:00-04:00,97.73465085093638,98.10371946040702,97.73465085093638,98.09374237060547,2600,0.0,0.0,0.0
2025-10-14 00:00:00-04:00,96.83690141746455,99.43038917163847,96.83690141746455,99.11119079589844,1800,0.0,0.0,0.0
2025-10-15 00:00:00-04:00,99.4802614005838,99.62987968523736,99.4802614005838,99.58000946044922,1600,0.0,0.0,0.0
2025-10-16 00:00:00-04:00,97.99399287493587,97.99399287493587,96.9466267697323,97.41545104980469,1400,0.0,0.0,0.0
2025-10-17 00:00:00-04:00,97.17604534122178,97.20596899952528,97.05635070800781,97.05635070800781,5700,0.0,0.0,0.0
2025-10-20 00:00:00-04:00,98.16356842075619,98.70220947265625,98.16356842075619,98.70220947265625,700,0.0,0.0,0.0
2025-10-21 00:00:00-04:00,99.86929321289062,99.86929321289062,99.86929321289062,99.86929321289062,600,0.0,0.0,0.0
2025-10-22 00:00:00-04:00,98.46282155131072,98.5326459614419,97.7146996097809,98.21344757080078,3100,0.0,0.0,0.0
2025-10-23 00:00:00-04:00,98.58252172398056,99.40046805840292,98.58252172398056,98.98152160644531,2000,0.0,0.0,0.0
2025-10-24 00:00:00-04:00,99.73960876464844,99.73960876464844,99.73960876464844,99.73960876464844,500,0.0,0.0,0.0
2025-10-27 00:00:00-04:00,101.08622106915954,101.27574770710841,100.53760294343287,100.59745025634766,1900,0.0,0.0,0.0
2025-10-28 00:00:00-04:00,100.74708652263875,100.74708652263875,100.35806372805769,100.39796447753906,1000,0.0,0.0,0.0
2025-10-29 00:00:00-04:00,100.43786294354672,100.57751175841166,99.22091674804688,99.22091674804688,1500,0.0,0.0,0.0
2025-10-30 00:00:00-04:00,98.73214585794929,98.73214585794929,97.18602419502555,97.20597076416016,2100,0.0,0.0,0.0
2025-10-31 00:00:00-04:00,97.5949925284969,98.48277085663418,97.48527498397027,98.40296936035156,2500,0.0,0.0,0.0
2025-11-03 00:00:00-05:00,98.3131873281471,98.3131873281471,96.90672215434442,97.64486694335938,181600,0.0,0.0,0.0
2025-11-04 00:00:00-05:00,95.679803532708,96.2882766318262,95.679803532708,95.89925384521484,4800,0.0,0.0,0.0
2025-11-05 00:00:00-05:00,95.8992515493501,97.43539608983245,94.70225955924695,96.3481216430664,12300,0.0,0.0,0.0
2025-11-06 00:00:00-05:00,94.85187530966184,94.85187530966184,93.27583767397479,93.61498260498047,5700,0.0,0.0,0.0
2025-11-07 00:00:00-05:00,94.15363261052515,96.4179524502925,94.15363261052515,95.98902893066406,4100,0.0,0.0,0.0
2025-11-10 00:00:00-05:00,97.00647893858194,97.2259292602539,97.00647893858194,97.2259292602539,1900,0.0,0.0,0.0
2025-11-11 00:00:00-05:00,97.14611699255533,97.3456131118063,96.73714766500409,97.17604064941406,1000,0.0,0.0,0.0
2025-11-12 00:00:00-05:00,97.4553431540675,97.4553431540675,96.98652648925781,96.98652648925781,500,0.0,0.0,0.0
2025-11-13 00:00:00-05:00,94.85188293457031,94.85188293457031,94.85188293457031,94.85188293457031,400,0.0,0.0,0.0
2025-11-14 00:00:00-05:00,93.96411212083301,94.07383728027344,93.96411212083301,94.07383728027344,700,0.0,0.0,0.0
2025-11-17 00:00:00-05:00,93.32571243635611,93.33568952607342,92.01899526410433,92.32821655273438,22600,0.0,0.0,0.0
2025-11-18 00:00:00-05:00,92.83694238382584,92.83694238382584,92.43794250488281,92.43794250488281,600,0.0,0.0,0.0
2025-11-19 00:00:00-05:00,92.86686661475659,92.86686661475659,92.22846984863281,92.22846984863281,400,0.0,0.0,0.0
2025-11-20 00:00:00-05:00,91.34069480309726,91.34069480309726,90.58259582519531,90.58259582519531,2400,0.0,0.0,0.0
2025-11-21 00:00:00-05:00,93.72470533997294,93.85437705549363,93.21598034628724,93.28580474853516,2500,0.0,0.0,0.0
2025-11-24 00:00:00-05:00,93.66486540636,94.76210936111497,93.66486540636,94.2035140991211,1800,0.0,0.0,0.0
2025-11-25 00:00:00-05:00,96.07880412897967,97.5052235606727,96.07880412897967,97.2458724975586,2000,0.0,0.0,0.0
2025-11-26 00:00:00-05:00,97.66482087175925,98.87178991904719,97.66482087175925,98.56256103515625,3100,0.0,0.0,0.0
2025-11-28 00:00:00-05:00,98.33313875366333,98.6922378540039,98.33313875366333,98.6922378540039,200,0.0,0.0,0.0
2025-12-01 00:00:00-05:00,98.18352142942427,98.92166626219762,98.18352142942427,98.73214721679688,1700,0.0,0.0,0.0
2025-12-02 00:00:00-05:00,98.37303986566491,98.5525894165039,98.26331471735836,98.5525894165039,3400,0.0,0.0,0.0
2025-12-03 00:00:00-05:00,99.53013709360071,99.57003784179688,99.53013709360071,99.57003784179688,1000,0.0,0.0,0.0
2025-12-04 00:00:00-05:00,99.18102067815902,99.18102067815902,98.84186810442408,99.1012191772461,1800,0.0,0.0,0.0
2025-12-05 00:00:00-05:00,99.26081025725958,100.31815338134766,99.26081025725958,100.31815338134766,500,0.0,0.0,0.0
2025-12-08 00:00:00-05:00,100.79695892333984,100.79695892333984,100.79695892333984,100.79695892333984,100,0.0,0.0,0.0
2025-12-09 00:00:00-05:00,100.84682875612863,102.17350006103516,100.84682875612863,102.17350006103516,400,0.0,0.0,0.0
2025-12-10 00:00:00-05:00,103.73956723793881,104.69716232997737,103.73956723793881,104.60739135742188,1200,0.0,0.0,0.0
2025-12-11 00:00:00-05:00,105.44528505272993,106.34303283691406,105.44528505272993,106.34303283691406,1500,0.0,0.0,0.0
2025-12-12 00:00:00-05:00,105.98394028331096,106.41286382839854,105.52509307861328,105.52509307861328,1700,0.0,0.0,0.0
2025-12-15 00:00:00-05:00,105.26573944091797,105.26573944091797,105.26573944091797,105.26573944091797,400,0.0,0.0,0.0
2025-12-16 00:00:00-05:00,105.28569380925676,105.28569380925676,105.19591522216797,105.19591522216797,1000,0.0,0.0,0.0
2025-12-17 00:00:00-05:00,104.557514189608,104.557514189608,103.9390640258789,103.9390640258789,1100,0.0,0.0,0.0
2025-12-18 00:00:00-05:00,106.04378581405301,106.04378581405301,105.3754653930664,105.3754653930664,1100,0.0,0.0,0.0
2025-12-19 00:00:00-05:00,106.13355796000006,106.13355796000006,105.73455810546875,105.73455810546875,200,0.0,0.0,0.0
2025-12-22 00:00:00-05:00,106.40287978047901,106.48268127441406,106.35300955448662,106.48268127441406,900,0.0,0.0,0.0
2025-12-23 00:00:00-05:00,105.66474151611328,105.66474151611328,105.66474151611328,105.66474151611328,300,0.0,0.0,0.0
2025-12-24 00:00:00-05:00,105.96399064342208,106.35301342766122,105.96399064342208,106.25325775146484,1000,0.0,0.0,0.0
2025-12-26 00:00:00-05:00,105.98393484056082,105.98393484056082,105.81436237128538,105.92408752441406,1300,0.0,0.0,0.0
2025-12-29 00:00:00-05:00,105.11611274046923,105.15601348876953,104.94654026791018,105.15601348876953,600,0.0,0.0,0.0
2025-12-30 00:00:00-05:00,104.78694502924273,104.87671600532478,104.6971664428711,104.6971664428711,700,0.0,0.0,0.0
2025-12-31 00:00:00-05:00,104.03882143465552,104.19841681520035,103.69966888427734,103.69966888427734,700,0.0,0.0,0.0
2026-01-02 00:00:00-05:00,104.35801696777344,104.35801696777344,104.35801696777344,104.35801696777344,200,0.0,0.0,0.0
2026-01-05 00:00:00-05:00,105.90413273241286,105.94403347970952,105.7245831747226,105.74453735351562,10200,0.0,0.0,0.0
2026-01-06 00:00:00-05:00,105.95401341371918,108.33802795410156,105.95401341371918,108.33802795410156,1600,0.0,0.0,0.0
2026-01-07 00:00:00-05:00,107.69963073730469,107.69963073730469,107.69963073730469,107.69963073730469,200,0.0,0.0,0.0
2026-01-08 00:00:00-05:00,109.5150728706303,109.5150728706303,108.9365234375,108.9365234375,1600,0.0,0.0,0.0
2026-01-09 00:00:00-05:00,109.54499035549878,110.15346341289727,109.54499035549878,109.61481475830078,1000,0.0,0.0,0.0
2026-01-12 00:00:00-05:00,109.38539627350121,109.38539627350121,109.12604522705078,109.12604522705078,700,0.0,0.0,0.0
2026-01-13 00:00:00-05:00,109.75446904177463,109.75446904177463,109.60484313964844,109.60484313964844,1400,0.0,0.0,0.0
2026-01-14 00:00:00-05:00,108.23827871637867,108.36795043945312,107.97892765994024,108.36795043945312,3000,0.0,0.0,0.0
2026-01-15 00:00:00-05:00,109.29562335985989,109.29562335985989,109.04624938964844,109.04624938964844,400,0.0,0.0,0.0
2026-01-16 00:00:00-05:00,108.86669534113457,108.86669534113457,107.85922241210938,107.85922241210938,500,0.0,0.0,0.0
2026-01-20 00:00:00-05:00,107.04128055683998,107.04128055683998,105.64479241164528,105.7944107055664,1000,0.0,0.0,0.0
2026-01-21 00:00:00-05:00,106.68217896696895,107.93902587890625,106.68217896696895,107.93902587890625,1300,0.0,0.0,0.0
2026-01-22 00:00:00-05:00,108.67717615968691,108.68715324965056,107.54003143310547,107.54003143310547,1300,0.0,0.0,0.0
2026-01-23 00:00:00-05:00,106.16348328007724,106.34303283691406,106.16348328007724,106.34303283691406,300,0.0,0.0,0.0
2026-01-26 00:00:00-05:00,105.71461486816406,105.71461486816406,105.71461486816406,105.71461486816406,100,0.0,0.0,0.0
2026-01-27 00:00:00-05:00,105.96398784545974,105.96398784545974,105.58493455061739,105.67471313476562,900,0.0,0.0,0.0
2026-01-28 00:00:00-05:00,104.69716127933226,104.71711545767054,104.178466796875,104.178466796875,3000,0.0,0.0,0.0
2026-01-29 00:00:00-05:00,103.48021697998047,103.48021697998047,103.48021697998047,103.48021697998047,200,0.0,0.0,0.0
2026-01-30 00:00:00-05:00,102.55254894185862,102.6124038696289,102.55254894185862,102.6124038696289,1200,0.0,0.0,0.0
2026-02-02 00:00:00-05:00,104.68718604153355,104.71711730957031,104.68718604153355,104.71711730957031,600,0.0,0.0,0.0
2026-02-03 00:00:00-05:00,105.28568999310593,105.75450664988043,104.57746124267578,104.57746124267578,800,0.0,0.0,0.0
2026-02-04 00:00:00-05:00,102.48271944237966,103.76948997630257,102.48271944237966,103.71961975097656,2900,0.0,0.0,0.0
2026-02-05 00:00:00-05:00,102.78197931167146,103.31065092546116,102.78197931167146,103.12112426757812,600,0.0,0.0,0.0
2026-02-06 00:00:00-05:00,106.34303166483753,106.37295532226562,106.34303166483753,106.37295532226562,600,0.0,0.0,0.0
2026-02-09 00:00:00-05:00,106.52259063720703,106.52259063720703,106.52259063720703,106.52259063720703,300,0.0,0.0,0.0
2026-02-10 00:00:00-05:00,105.97395497407184,105.97395497407184,105.73455810546875,105.73455810546875,600,0.0,0.0,0.0
2026-02-11 00:00:00-05:00,104.56748968629158,104.95651245117188,104.56748968629158,104.95651245117188,500,0.0,0.0,0.0
2026-02-12 00:00:00-05:00,104.0787115392843,104.0787115392843,103.1909408569336,103.1909408569336,500,0.0,0.0,0.0
2026-02-13 00:00:00-05:00,104.66724395751953,104.66724395751953,104.66724395751953,104.66724395751953,100,0.0,0.0,0.0
2026-02-17 00:00:00-05:00,104.93656449907441,104.93656449907441,104.66724395751953,104.66724395751953,400,0.0,0.0,0.0
2026-02-18 00:00:00-05:00,106.27320547178549,106.27320547178549,105.88418271119023,106.22332763671875,900,0.0,0.0,0.0
2026-02-19 00:00:00-05:00,103.97897011204783,104.38794708251953,103.90914570370995,104.38794708251953,400,0.0,0.0,0.0
2026-02-20 00:00:00-05:00,104.83681162546176,105.24578857421875,104.83681162546176,105.24578857421875,2600,0.0,0.0,0.0
2026-02-23 00:00:00-05:00,101.72463579938326,102.02388000488281,101.72463579938326,102.02388000488281,900,0.0,0.0,0.0
2026-02-24 00:00:00-05:00,103.19094498588449,103.28072357177734,103.04132669321231,103.28072357177734,900,0.0,0.0,0.0
2026-02-25 00:00:00-05:00,102.54257861620303,103.73957061767578,102.54257861620303,103.73957061767578,700,0.0,0.0,0.0
2026-02-26 00:00:00-05:00,105.85426530025484,106.32308197021484,105.85426530025484,106.32308197021484,900,0.0,0.0,0.0
2026-02-27 00:00:00-05:00,103.91912013005772,104.9764633178711,103.91912013005772,104.9764633178711,400,0.0,0.0,0.0
2026-03-02 00:00:00-05:00,103.94904660605144,103.94904660605144,103.9291000366211,103.9291000366211,400,0.0,0.0,0.0
2026-03-03 00:00:00-05:00,103.39045050849411,103.43035125732422,103.39045050849411,103.43035125732422,1100,0.0,0.0,0.0
2026-03-04 00:00:00-05:00,103.89917755126953,103.89917755126953,103.89917755126953,103.89917755126953,400,0.0,0.0,0.0
2026-03-05 00:00:00-05:00,101.50518035888672,101.50518035888672,101.50518035888672,101.50518035888672,600,0.0,0.0,0.0
2026-03-06 00:00:00-05:00,99.04136060414292,99.2508338125226,98.4129409790039,98.4129409790039,1300,0.0,0.0,0.0
2026-03-09 00:00:00-04:00,94.95163239653675,99.24085998535156,94.95163239653675,99.24085998535156,1400,0.0,0.0,0.0
2026-03-10 00:00:00-04:00,100.4677811677786,100.4677811677786,98.77203369140625,98.77203369140625,2100,0.0,0.0,0.0
2026-03-11 00:00:00-04:00,98.27328843019743,98.69224247373181,98.18351745605469,98.18351745605469,800,0.0,0.0,0.0
2026-03-12 00:00:00-04:00,96.67729228267255,96.67729228267255,95.68977355957031,95.68977355957031,500,0.0,0.0,0.0
2026-03-13 00:00:00-04:00,96.8069766655319,96.8069766655319,94.85187807462887,95.0414047241211,1500,0.0,0.0,0.0
2026-03-16 00:00:00-04:00,97.20596634721174,97.21594343647051,96.40797424316406,96.40797424316406,1700,0.0,0.0,0.0
2026-03-17 00:00:00-04:00,98.13363932645949,98.13363932645949,97.47529602050781,97.47529602050781,300,0.0,0.0,0.0
2026-03-18 00:00:00-04:00,97.02642264412333,97.02642264412333,95.86933135986328,95.86933135986328,300,0.0,0.0,0.0
2026-03-19 00:00:00-04:00,96.62742614746094,96.62742614746094,96.62742614746094,96.62742614746094,200,0.0,0.0,0.0
2026-03-20 00:00:00-04:00,96.12868322858817,96.12868322858817,93.22596648835372,93.964111328125,2100,0.0,0.0,0.0
2026-03-23 00:00:00-04:00,96.09897770420056,97.37710090539986,96.09897770420056,96.1988296508789,2000,0.098,0.0,0.0
2026-03-24 00:00:00-04:00,95.92922973632812,95.92922973632812,95.92922973632812,95.92922973632812,100,0.0,0.0,0.0
2026-03-25 00:00:00-04:00,96.97769236819522,97.21733856201172,96.72805869432362,97.21733856201172,1100,0.0,0.0,0.0
2026-03-26 00:00:00-04:00,96.64817426183494,96.64817426183494,94.9506607055664,94.9506607055664,400,0.0,0.0,0.0
2026-03-27 00:00:00-04:00,93.8223168491218,93.94214375229645,93.1033706665039,93.1033706665039,1100,0.0,0.0,0.0
2026-03-30 00:00:00-04:00,92.92363156492893,92.92363156492893,92.21467288162965,92.26460266113281,300,0.0,0.0,0.0
2026-03-31 00:00:00-04:00,96.08899180618717,96.2986831665039,96.08899180618717,96.2986831665039,900,0.0,0.0,0.0
2026-04-01 00:00:00-04:00,97.37710100636124,97.37710100636124,97.07754516601562,97.07754516601562,400,0.0,0.0,0.0
2026-04-02 00:00:00-04:00,97.06755828857422,97.06755828857422,97.06755828857422,97.06755828857422,500,0.0,0.0,0.0
2026-04-06 00:00:00-04:00,97.12746321345874,97.3970718383789,97.12746321345874,97.3970718383789,300,0.0,0.0,0.0
2026-04-07 00:00:00-04:00,96.1289291381836,96.1289291381836,96.1289291381836,96.1289291381836,100,0.0,0.0,0.0
2026-04-08 00:00:00-04:00,100.07314590696363,100.07314590696363,99.7735824584961,99.7735824584961,700,0.0,0.0,0.0
2026-04-09 00:00:00-04:00,100.50251926927396,100.85200489129382,100.50251926927396,100.60237121582031,500,0.0,0.0,0.0
2026-04-10 00:00:00-04:00,99.80353715794756,99.80353715794756,99.5239486694336,99.5239486694336,400,0.0,0.0,0.0
2026-04-13 00:00:00-04:00,99.7735824584961,99.7735824584961,99.7735824584961,99.7735824584961,100,0.0,0.0,0.0
2026-04-14 00:00:00-04:00,100.95185089111328,100.95185089111328,100.95185089111328,100.95185089111328,300,0.0,0.0,0.0
2026-04-15 00:00:00-04:00,100.87197149497125,100.9917984008789,100.7122099053095,100.9917984008789,3400,0.0,0.0,0.0
2026-04-16 00:00:00-04:00,100.9917984008789,100.9917984008789,100.9917984008789,100.9917984008789,100,0.0,0.0,0.0
2026-04-17 00:00:00-04:00,103.4881362915039,103.4881362915039,103.4881362915039,103.4881362915039,100,0.0,0.0,0.0
2026-04-20 00:00:00-04:00,102.76918912418182,103.3782958984375,102.76918912418182,103.3782958984375,500,0.0,0.0,0.0
2026-04-21 00:00:00-04:00,103.89753651730119,103.89753651730119,102.39973449707031,102.39973449707031,400,0.0,0.0,0.0
2026-04-22 00:00:00-04:00,102.58945273770922,102.58945273770922,101.7406997680664,101.7406997680664,300,0.0,0.0,0.0
2026-04-23 00:00:00-04:00,102.12014167322475,102.12014167322475,101.5909194946289,101.5909194946289,1100,0.0,0.0,0.0
2026-04-24 00:00:00-04:00,101.95038786578284,101.95038786578284,101.21147434610953,101.2913589477539,700,0.0,0.0,0.0
2026-04-27 00:00:00-04:00,101.12159995206429,101.27138167216829,100.95185089111328,100.95185089111328,1200,0.0,0.0,0.0
2026-04-28 00:00:00-04:00,99.89341190129143,99.9832763671875,99.89341190129143,99.9832763671875,200,0.0,0.0,0.0
2026-04-29 00:00:00-04:00,99.76359967802784,99.76359967802784,99.44406127929688,99.44406127929688,300,0.0,0.0,0.0
2026-04-30 00:00:00-04:00,100.4925314159541,101.11162567138672,100.4925314159541,101.11162567138672,200,0.0,0.0,0.0
2026-05-01 00:00:00-04:00,100.6423110961914,100.6423110961914,100.6423110961914,100.6423110961914,200,0.0,0.0,0.0
2026-05-04 00:00:00-04:00,98.35566711425781,98.35566711425781,98.35566711425781,98.35566711425781,200,0.0,0.0,0.0
2026-05-05 00:00:00-04:00,99.264336589518,99.3741683959961,99.07461256173619,99.3741683959961,600,0.0,0.0,0.0
2026-05-06 00:00:00-04:00,100.68225436586359,100.94186789949065,100.68225436586359,100.75215148925781,500,0.0,0.0,0.0
2026-05-07 00:00:00-04:00,99.85346999499106,99.85346999499106,98.8449478149414,98.8449478149414,300,0.0,0.0,0.0
2026-05-08 00:00:00-04:00,98.5953140258789,98.5953140258789,98.5953140258789,98.5953140258789,100,0.0,0.0,0.0
2026-05-11 00:00:00-04:00,98.8349674124909,98.8349674124909,96.33863067626953,96.33863067626953,300,0.0,0.0,0.0
2026-05-12 00:00:00-04:00,95.79941958069685,95.85932922363281,95.76946475922887,95.85932922363281,1100,0.0,0.0,0.0
2026-05-13 00:00:00-04:00,94.68105739590877,95.240234375,94.68105739590877,95.240234375,600,0.0,0.0,0.0
2026-05-14 00:00:00-04:00,96.34860617348014,96.44845811476264,96.15888977050781,96.15888977050781,600,0.0,0.0,0.0
2026-05-15 00:00:00-04:00,95.4898650138051,95.4898650138051,95.2901611328125,95.2901611328125,400,0.0,0.0,0.0
2026-05-18 00:00:00-04:00,96.30866775438383,96.30866775438383,95.87929753317293,95.96916961669922,500,0.0,0.0,0.0
2026-05-19 00:00:00-04:00,95.19031524658203,95.19031524658203,95.19031524658203,95.19031524658203,100,0.0,0.0,0.0
2026-05-20 00:00:00-04:00,96.9976577758789,96.9976577758789,96.9976577758789,96.9976577758789,300,0.0,0.0,0.0
2026-05-21 00:00:00-04:00,98.1859130859375,98.1859130859375,98.1859130859375,98.1859130859375,100,0.0,0.0,0.0
2026-05-22 00:00:00-04:00,98.16594103582993,98.51543426513672,98.16594103582993,98.51543426513672,500,0.0,0.0,0.0
2026-05-26 00:00:00-04:00,99.1445106499536,99.4840087890625,99.1445106499536,99.4840087890625,500,0.0,0.0,0.0
2026-05-27 00:00:00-04:00,100.21294403076172,100.21294403076172,100.21294403076172,100.21294403076172,100,0.0,0.0,0.0
2026-05-28 00:00:00-04:00,99.54392302793062,100.16300964355469,99.54392302793062,100.16300964355469,400,0.0,0.0,0.0
2026-05-29 00:00:00-04:00,99.75361864246936,99.75361864246936,99.46404266357422,99.46404266357422,1800,0.0,0.0,0.0
2026-06-01 00:00:00-04:00,99.1445083618164,99.1445083618164,99.1445083618164,99.1445083618164,200,0.0,0.0,0.0
2026-06-02 00:00:00-04:00,98.7950250485799,98.85493469238281,98.7950250485799,98.85493469238281,300,0.0,0.0,0.0
2026-06-03 00:00:00-04:00,99.12453134159375,99.30426788330078,99.12453134159375,99.30426788330078,200,0.0,0.0,0.0
2026-06-04 00:00:00-04:00,99.6437759399414,99.6437759399414,99.6437759399414,99.6437759399414,100,0.0,0.0,0.0
2026-06-05 00:00:00-04:00,99.30426788330078,99.30426788330078,99.30426788330078,99.30426788330078,100,0.0,0.0,0.0
2026-06-08 00:00:00-04:00,99.46404266357422,99.46404266357422,99.46404266357422,99.46404266357422,100,0.0,0.0,0.0
2026-06-09 00:00:00-04:00,101.01177215576172,101.01177215576172,101.01177215576172,101.01177215576172,100,0.0,0.0,0.0
2026-06-10 00:00:00-04:00,100.31278991699219,100.31278991699219,100.31278991699219,100.31278991699219,200,0.0,0.0,0.0
2026-06-11 00:00:00-04:00,100.94186870739014,102.49958801269531,100.94186870739014,102.49958801269531,400,0.0,0.0,0.0
2026-06-12 00:00:00-04:00,102.73923129805786,103.42822265625,102.73923129805786,103.42822265625,500,0.0,0.0,0.0
2026-06-15 00:00:00-04:00,103.50811004638672,103.50811004638672,103.50811004638672,103.50811004638672,200,0.0,0.0,0.0
2026-06-16 00:00:00-04:00,103.75774018496244,103.86757198881283,103.18856811523438,103.18856811523438,500,0.0,0.0,0.0
2026-06-17 00:00:00-04:00,103.61793917905234,103.61793917905234,101.7906265258789,101.7906265258789,1600,0.0,0.0,0.0
2026-06-18 00:00:00-04:00,102.89900207519531,102.89900207519531,102.89900207519531,102.89900207519531,500,0.0,0.0,0.0
2026-06-22 00:00:00-04:00,102.77999877929688,102.80000305175781,102.58999633789062,102.58999633789062,300,0.151,0.0,0.0
2026-06-23 00:00:00-04:00,102.47000122070312,102.47000122070312,102.47000122070312,102.47000122070312,100,0.0,0.0,0.0
2026-06-24 00:00:00-04:00,103.62000274658203,103.62000274658203,103.62000274658203,103.62000274658203,100,0.0,0.0,0.0
2026-06-25 00:00:00-04:00,103.22000122070312,103.22000122070312,103.22000122070312,103.22000122070312,100,0.0,0.0,0.0
2026-06-26 00:00:00-04:00,104.12999725341797,104.54000091552734,103.97000122070312,104.54000091552734,1600,0.0,0.0,0.0
2026-06-29 00:00:00-04:00,103.83999633789062,103.83999633789062,103.55000305175781,103.55000305175781,700,0.0,0.0,0.0
2026-06-30 00:00:00-04:00,103.27999877929688,103.44000244140625,103.27999877929688,103.44000244140625,400,0.0,0.0,0.0
2026-07-01 00:00:00-04:00,102.44999694824219,102.44999694824219,102.44999694824219,102.44999694824219,100,0.0,0.0,0.0
2026-07-02 00:00:00-04:00,101.9000015258789,101.9000015258789,101.9000015258789,101.9000015258789,100,0.0,0.0,0.0
