Date,Open,High,Low,Close,Volume,Dividends,Stock Splits
2000-09-14 00:00:00+09:00,1607.9993896484375,1607.9993896484375,1607.9993896484375,1607.9993896484375,16100,0.0,0.0
2000-09-15 00:00:00+09:00,1541.9993896484375,1541.9993896484375,1541.9993896484375,1541.9993896484375,36600,0.0,0.0
2000-09-18 00:00:00+09:00,1357.99951171875,1357.99951171875,1357.99951171875,1357.99951171875,24500,0.0,0.0
2000-09-19 00:00:00+09:00,1213.99951171875,1213.99951171875,1213.99951171875,1213.99951171875,21750,0.0,0.0
2000-09-20 00:00:00+09:00,1339.99951171875,1339.99951171875,1339.99951171875,1339.99951171875,78650,0.0,0.0
2000-09-21 00:00:00+09:00,1229.99951171875,1229.99951171875,1229.99951171875,1229.99951171875,60350,0.0,0.0
2000-09-22 00:00:00+09:00,1375.99951171875,1375.99951171875,1375.99951171875,1375.99951171875,68350,0.0,0.0
2000-09-25 00:00:00+09:00,1295.99951171875,1295.99951171875,1295.99951171875,1295.99951171875,102600,0.0,0.0
2000-09-26 00:00:00+09:00,1319.99951171875,1319.99951171875,1319.99951171875,1319.99951171875,85700,0.0,0.0
2000-09-27 00:00:00+09:00,1407.99951171875,1407.99951171875,1407.99951171875,1407.99951171875,86250,0.0,0.0
2000-09-28 00:00:00+09:00,1399.99951171875,1399.99951171875,1399.99951171875,1399.99951171875,111850,0.0,0.0
2000-09-29 00:00:00+09:00,1449.99951171875,1449.99951171875,1449.99951171875,1449.99951171875,56400,0.0,0.0
2000-10-02 00:00:00+09:00,1579.9993896484375,1579.9993896484375,1579.9993896484375,1579.9993896484375,63350,0.0,0.0
2000-10-03 00:00:00+09:00,1579.9993896484375,1579.9993896484375,1579.9993896484375,1579.9993896484375,0,0.0,0.0
2000-10-04 00:00:00+09:00,1561.9993896484375,1561.9993896484375,1561.9993896484375,1561.9993896484375,25800,0.0,0.0
2000-10-05 00:00:00+09:00,1593.9993896484375,1593.9993896484375,1593.9993896484375,1593.9993896484375,19500,0.0,0.0
2000-10-06 00:00:00+09:00,1503.99951171875,1503.99951171875,1503.99951171875,1503.99951171875,44150,0.0,0.0
2000-10-09 00:00:00+09:00,1459.99951171875,1459.99951171875,1459.99951171875,1459.99951171875,75000,0.0,0.0
2000-10-10 00:00:00+09:00,1459.99951171875,1459.99951171875,1459.99951171875,1459.99951171875,34600,0.0,0.0
2000-10-11 00:00:00+09:00,1427.99951171875,1427.99951171875,1427.99951171875,1427.99951171875,29300,0.0,0.0
2000-10-12 00:00:00+09:00,1429.99951171875,1429.99951171875,1429.99951171875,1429.99951171875,35150,0.0,0.0
2000-10-13 00:00:00+09:00,1389.99951171875,1389.99951171875,1389.99951171875,1389.99951171875,17800,0.0,0.0
2000-10-16 00:00:00+09:00,1447.99951171875,1447.99951171875,1447.99951171875,1447.99951171875,44100,0.0,0.0
2000-10-17 00:00:00+09:00,1379.99951171875,1379.99951171875,1379.99951171875,1379.99951171875,29300,0.0,0.0
2000-10-18 00:00:00+09:00,1339.99951171875,1339.99951171875,1339.99951171875,1339.99951171875,28250,0.0,0.0
2000-10-19 00:00:00+09:00,1455.99951171875,1455.99951171875,1455.99951171875,1455.99951171875,45300,0.0,0.0
2000-10-20 00:00:00+09:00,1441.99951171875,1441.99951171875,1441.99951171875,1441.99951171875,57150,0.0,0.0
2000-10-23 00:00:00+09:00,1415.99951171875,1415.99951171875,1415.99951171875,1415.99951171875,14500,0.0,0.0
2000-10-24 00:00:00+09:00,1419.99951171875,1419.99951171875,1419.99951171875,1419.99951171875,49800,0.0,0.0
2000-10-25 00:00:00+09:00,1415.99951171875,1415.99951171875,1415.99951171875,1415.99951171875,54500,0.0,0.0
2000-10-26 00:00:00+09:00,1583.9993896484375,1583.9993896484375,1583.9993896484375,1583.9993896484375,83300,0.0,0.0
2000-10-27 00:00:00+09:00,1773.9993896484375,1773.9993896484375,1773.9993896484375,1773.9993896484375,99200,0.0,0.0
2000-10-30 00:00:00+09:00,1985.999267578125,1985.999267578125,1985.999267578125,1985.999267578125,42900,0.0,0.0
2000-10-31 00:00:00+09:00,2219.999267578125,2219.999267578125,2219.999267578125,2219.999267578125,92150,0.0,0.0
2000-11-01 00:00:00+09:00,2479.9990234375,2479.9990234375,2479.9990234375,2479.9990234375,8950,0.0,0.0
2000-11-02 00:00:00+09:00,2769.9990234375,2769.9990234375,2769.9990234375,2769.9990234375,4650,0.0,0.0
2000-11-03 00:00:00+09:00,3099.998779296875,3099.998779296875,3099.998779296875,3099.998779296875,250,0.0,0.0
2000-11-06 00:00:00+09:00,3469.998779296875,3469.998779296875,3469.998779296875,3469.998779296875,69250,0.0,0.0
2000-11-07 00:00:00+09:00,3879.99853515625,3879.99853515625,3879.99853515625,3879.99853515625,257300,0.0,0.0
2000-11-08 00:00:00+09:00,4339.99853515625,4339.99853515625,4339.99853515625,4339.99853515625,20400,0.0,0.0
2000-11-09 00:00:00+09:00,4859.998046875,4859.998046875,4859.998046875,4859.998046875,63400,0.0,0.0
2000-11-10 00:00:00+09:00,5439.998046875,5439.998046875,5439.998046875,5439.998046875,531200,0.0,0.0
2000-11-13 00:00:00+09:00,4789.998046875,4789.998046875,4789.998046875,4789.998046875,94700,0.0,0.0
2000-11-14 00:00:00+09:00,4759.99853515625,4759.99853515625,4759.99853515625,4759.99853515625,2983500,0.0,0.0
2000-11-15 00:00:00+09:00,4189.99853515625,4189.99853515625,4189.99853515625,4189.99853515625,993550,0.0,0.0
2000-11-16 00:00:00+09:00,3859.99853515625,3859.99853515625,3859.99853515625,3859.99853515625,1064300,0.0,0.0
2000-11-17 00:00:00+09:00,3659.998779296875,3659.998779296875,3659.998779296875,3659.998779296875,974950,0.0,0.0
2000-11-20 00:00:00+09:00,3379.998779296875,3379.998779296875,3379.998779296875,3379.998779296875,572950,0.0,0.0
2000-11-21 00:00:00+09:00,3779.99853515625,3779.99853515625,3779.99853515625,3779.99853515625,1064600,0.0,0.0
2000-11-22 00:00:00+09:00,3329.998779296875,3329.998779296875,3329.998779296875,3329.998779296875,1010550,0.0,0.0
2000-11-23 00:00:00+09:00,2939.9990234375,2939.9990234375,2939.9990234375,2939.9990234375,741150,0.0,0.0
2000-11-24 00:00:00+09:00,2659.9990234375,2659.9990234375,2659.9990234375,2659.9990234375,530350,0.0,0.0
2000-11-27 00:00:00+09:00,2709.9990234375,2709.9990234375,2709.9990234375,2709.9990234375,452900,0.0,0.0
2000-11-28 00:00:00+09:00,2389.9990234375,2389.9990234375,2389.9990234375,2389.9990234375,375250,0.0,0.0
2000-11-29 00:00:00+09:00,2449.9990234375,2449.9990234375,2449.9990234375,2449.9990234375,1207050,0.0,0.0
2000-11-30 00:00:00+09:00,2199.999267578125,2199.999267578125,2199.999267578125,2199.999267578125,431900,0.0,0.0
2000-12-01 00:00:00+09:00,2139.999267578125,2139.999267578125,2139.999267578125,2139.999267578125,440850,0.0,0.0
2000-12-04 00:00:00+09:00,2159.999267578125,2159.999267578125,2159.999267578125,2159.999267578125,499750,0.0,0.0
2000-12-05 00:00:00+09:00,2119.999267578125,2119.999267578125,2119.999267578125,2119.999267578125,255250,0.0,0.0
2000-12-06 00:00:00+09:00,1919.999267578125,1919.999267578125,1919.999267578125,1919.999267578125,284000,0.0,0.0
2000-12-07 00:00:00+09:00,2149.999267578125,2149.999267578125,2149.999267578125,2149.999267578125,599950,0.0,0.0
2000-12-08 00:00:00+09:00,2399.9990234375,2399.9990234375,2399.9990234375,2399.9990234375,679100,0.0,0.0
2000-12-11 00:00:00+09:00,2679.9990234375,2679.9990234375,2679.9990234375,2679.9990234375,621650,0.0,0.0
2000-12-12 00:00:00+09:00,2999.9990234375,2999.9990234375,2999.9990234375,2999.9990234375,574200,0.0,0.0
2000-12-13 00:00:00+09:00,3359.998779296875,3359.998779296875,3359.998779296875,3359.998779296875,91350,0.0,0.0
2000-12-14 00:00:00+09:00,3759.99853515625,3759.99853515625,3759.99853515625,3759.99853515625,48600,0.0,0.0
2000-12-15 00:00:00+09:00,3309.998779296875,3309.998779296875,3309.998779296875,3309.998779296875,1893900,0.0,0.0
2000-12-18 00:00:00+09:00,3359.998779296875,3359.998779296875,3359.998779296875,3359.998779296875,1043700,0.0,0.0
2000-12-19 00:00:00+09:00,3759.99853515625,3759.99853515625,3759.99853515625,3759.99853515625,1264250,0.0,0.0
2000-12-20 00:00:00+09:00,3359.998779296875,3359.998779296875,3359.998779296875,3359.998779296875,1765800,0.0,0.0
2000-12-21 00:00:00+09:00,2959.9990234375,2959.9990234375,2959.9990234375,2959.9990234375,930900,0.0,0.0
2000-12-22 00:00:00+09:00,2609.9990234375,2609.9990234375,2609.9990234375,2609.9990234375,815250,0.0,0.0
2000-12-25 00:00:00+09:00,2609.9990234375,2609.9990234375,2609.9990234375,2609.9990234375,0,0.0,0.0
2000-12-26 00:00:00+09:00,2299.999267578125,2299.999267578125,2299.999267578125,2299.999267578125,281700,0.0,0.0
2000-12-27 00:00:00+09:00,2299.999267578125,2299.999267578125,2299.999267578125,2299.999267578125,0,0.0,0.0
2000-12-28 00:00:00+09:00,2299.999267578125,2299.999267578125,2299.999267578125,2299.999267578125,0,0.0,0.0
2000-12-29 00:00:00+09:00,2299.999267578125,2299.999267578125,2299.999267578125,2299.999267578125,0,0.0,0.0
2001-01-01 00:00:00+09:00,2299.999267578125,2299.999267578125,2299.999267578125,2299.999267578125,0,0.0,0.0
2001-01-02 00:00:00+09:00,2539.9990234375,2539.9990234375,2539.9990234375,2539.9990234375,686850,0.0,0.0
2001-01-03 00:00:00+09:00,2619.9990234375,2619.9990234375,2619.9990234375,2619.9990234375,392300,0.0,0.0
2001-01-04 00:00:00+09:00,2579.9990234375,2579.9990234375,2579.9990234375,2579.9990234375,334950,0.0,0.0
2001-01-05 00:00:00+09:00,2589.9990234375,2589.9990234375,2589.9990234375,2589.9990234375,311100,0.0,0.0
2001-01-08 00:00:00+09:00,2899.9990234375,2899.9990234375,2899.9990234375,2899.9990234375,222200,0.0,0.0
2001-01-09 00:00:00+09:00,3239.998779296875,3239.998779296875,3239.998779296875,3239.998779296875,278150,0.0,0.0
2001-01-10 00:00:00+09:00,2859.9990234375,2859.9990234375,2859.9990234375,2859.9990234375,1235800,0.0,0.0
2001-01-11 00:00:00+09:00,2879.9990234375,2879.9990234375,2879.9990234375,2879.9990234375,393700,0.0,0.0
2001-01-12 00:00:00+09:00,2849.9990234375,2849.9990234375,2849.9990234375,2849.9990234375,380000,0.0,0.0
2001-01-15 00:00:00+09:00,2769.9990234375,2769.9990234375,2769.9990234375,2769.9990234375,384550,0.0,0.0
2001-01-16 00:00:00+09:00,3099.998779296875,3099.998779296875,3099.998779296875,3099.998779296875,700000,0.0,0.0
2001-01-17 00:00:00+09:00,2839.9990234375,2839.9990234375,2839.9990234375,2839.9990234375,1087850,0.0,0.0
2001-01-18 00:00:00+09:00,2799.9990234375,2799.9990234375,2799.9990234375,2799.9990234375,543950,0.0,0.0
2001-01-19 00:00:00+09:00,2779.9990234375,2779.9990234375,2779.9990234375,2779.9990234375,592100,0.0,0.0
2001-01-22 00:00:00+09:00,2799.9990234375,2799.9990234375,2799.9990234375,2799.9990234375,260100,0.0,0.0
2001-01-23 00:00:00+09:00,2799.9990234375,2799.9990234375,2799.9990234375,2799.9990234375,0,0.0,0.0
2001-01-24 00:00:00+09:00,2799.9990234375,2799.9990234375,2799.9990234375,2799.9990234375,0,0.0,0.0
2001-01-25 00:00:00+09:00,2799.9990234375,2799.9990234375,2799.9990234375,2799.9990234375,0,0.0,0.0
2001-01-26 00:00:00+09:00,2819.9990234375,2819.9990234375,2819.9990234375,2819.9990234375,429700,0.0,0.0
2001-01-29 00:00:00+09:00,2809.9990234375,2809.9990234375,2809.9990234375,2809.9990234375,300100,0.0,0.0
2001-01-30 00:00:00+09:00,3139.998779296875,3139.998779296875,3139.998779296875,3139.998779296875,659700,0.0,0.0
2001-01-31 00:00:00+09:00,2829.9990234375,2829.9990234375,2829.9990234375,2829.9990234375,464350,0.0,0.0
2001-02-01 00:00:00+09:00,2999.9990234375,2999.9990234375,2999.9990234375,2999.9990234375,636850,0.0,0.0
2001-02-02 00:00:00+09:00,2979.9990234375,2979.9990234375,2979.9990234375,2979.9990234375,391900,0.0,0.0
2001-02-05 00:00:00+09:00,3329.998779296875,3329.998779296875,3329.998779296875,3329.998779296875,580700,0.0,0.0
2001-02-06 00:00:00+09:00,3099.998779296875,3099.998779296875,3099.998779296875,3099.998779296875,747500,0.0,0.0
2001-02-07 00:00:00+09:00,3199.998779296875,3199.998779296875,3199.998779296875,3199.998779296875,969800,0.0,0.0
2001-02-08 00:00:00+09:00,3209.998779296875,3209.998779296875,3209.998779296875,3209.998779296875,653250,0.0,0.0
2001-02-09 00:00:00+09:00,3119.998779296875,3119.998779296875,3119.998779296875,3119.998779296875,363650,0.0,0.0
2001-02-12 00:00:00+09:00,3039.9990234375,3039.9990234375,3039.9990234375,3039.9990234375,220350,0.0,0.0
2001-02-13 00:00:00+09:00,3009.9990234375,3009.9990234375,3009.9990234375,3009.9990234375,500950,0.0,0.0
2001-02-14 00:00:00+09:00,3049.9990234375,3049.9990234375,3049.9990234375,3049.9990234375,469700,0.0,0.0
2001-02-15 00:00:00+09:00,3029.9990234375,3029.9990234375,3029.9990234375,3029.9990234375,331750,0.0,0.0
2001-02-16 00:00:00+09:00,3059.9990234375,3059.9990234375,3059.9990234375,3059.9990234375,567050,0.0,0.0
2001-02-19 00:00:00+09:00,3079.998779296875,3079.998779296875,3079.998779296875,3079.998779296875,312650,0.0,0.0
2001-02-20 00:00:00+09:00,2999.9990234375,2999.9990234375,2999.9990234375,2999.9990234375,284800,0.0,0.0
2001-02-21 00:00:00+09:00,3029.9990234375,3029.9990234375,3029.9990234375,3029.9990234375,860450,0.0,0.0
2001-02-22 00:00:00+09:00,2679.9990234375,2679.9990234375,2679.9990234375,2679.9990234375,358100,0.0,0.0
2001-02-23 00:00:00+09:00,2599.9990234375,2599.9990234375,2599.9990234375,2599.9990234375,262300,0.0,0.0
2001-02-26 00:00:00+09:00,2589.9990234375,2589.9990234375,2589.9990234375,2589.9990234375,192950,0.0,0.0
2001-02-27 00:00:00+09:00,2899.9990234375,2899.9990234375,2899.9990234375,2899.9990234375,573650,0.0,0.0
2001-02-28 00:00:00+09:00,2719.9990234375,2719.9990234375,2719.9990234375,2719.9990234375,801350,0.0,0.0
2001-03-01 00:00:00+09:00,2719.9990234375,2719.9990234375,2719.9990234375,2719.9990234375,0,0.0,0.0
2001-03-02 00:00:00+09:00,2669.9990234375,2669.9990234375,2669.9990234375,2669.9990234375,338000,0.0,0.0
2001-03-05 00:00:00+09:00,2729.9990234375,2729.9990234375,2729.9990234375,2729.9990234375,354450,0.0,0.0
2001-03-06 00:00:00+09:00,3049.9990234375,3049.9990234375,3049.9990234375,3049.9990234375,679700,0.0,0.0
2001-03-07 00:00:00+09:00,3019.9990234375,3019.9990234375,3019.9990234375,3019.9990234375,860700,0.0,0.0
2001-03-08 00:00:00+09:00,3049.9990234375,3049.9990234375,3049.9990234375,3049.9990234375,409150,0.0,0.0
2001-03-09 00:00:00+09:00,3259.998779296875,3259.998779296875,3259.998779296875,3259.998779296875,1624750,0.0,0.0
2001-03-12 00:00:00+09:00,2919.9990234375,2919.9990234375,2919.9990234375,2919.9990234375,1494650,0.0,0.0
2001-03-13 00:00:00+09:00,2679.9990234375,2679.9990234375,2679.9990234375,2679.9990234375,775800,0.0,0.0
2001-03-14 00:00:00+09:00,2769.9990234375,2769.9990234375,2769.9990234375,2769.9990234375,484500,0.0,0.0
2001-03-15 00:00:00+09:00,2679.9990234375,2679.9990234375,2679.9990234375,2679.9990234375,383600,0.0,0.0
2001-03-16 00:00:00+09:00,2689.9990234375,2689.9990234375,2689.9990234375,2689.9990234375,338550,0.0,0.0
2001-03-19 00:00:00+09:00,2649.9990234375,2649.9990234375,2649.9990234375,2649.9990234375,172050,0.0,0.0
2001-03-20 00:00:00+09:00,2649.9990234375,2649.9990234375,2649.9990234375,2649.9990234375,175400,0.0,0.0
2001-03-21 00:00:00+09:00,2669.9990234375,2669.9990234375,2669.9990234375,2669.9990234375,412100,0.0,0.0
2001-03-22 00:00:00+09:00,2659.9990234375,2659.9990234375,2659.9990234375,2659.9990234375,178450,0.0,0.0
2001-03-23 00:00:00+09:00,2729.9990234375,2729.9990234375,2729.9990234375,2729.9990234375,651200,0.0,0.0
2001-03-26 00:00:00+09:00,2679.9990234375,2679.9990234375,2679.9990234375,2679.9990234375,239600,0.0,0.0
2001-03-27 00:00:00+09:00,2649.9990234375,2649.9990234375,2649.9990234375,2649.9990234375,237500,0.0,0.0
2001-03-28 00:00:00+09:00,2569.9990234375,2569.9990234375,2569.9990234375,2569.9990234375,175300,0.0,0.0
2001-03-29 00:00:00+09:00,2559.9990234375,2559.9990234375,2559.9990234375,2559.9990234375,242950,0.0,0.0
2001-03-30 00:00:00+09:00,2399.9990234375,2399.9990234375,2399.9990234375,2399.9990234375,216400,0.0,0.0
2001-04-02 00:00:00+09:00,2289.999267578125,2289.999267578125,2289.999267578125,2289.999267578125,136550,0.0,0.0
2001-04-03 00:00:00+09:00,2259.999267578125,2259.999267578125,2259.999267578125,2259.999267578125,363650,0.0,0.0
2001-04-04 00:00:00+09:00,2089.999267578125,2089.999267578125,2089.999267578125,2089.999267578125,163300,0.0,0.0
2001-04-05 00:00:00+09:00,2089.999267578125,2089.999267578125,2089.999267578125,2089.999267578125,0,0.0,0.0
2001-04-06 00:00:00+09:00,2099.999267578125,2099.999267578125,2099.999267578125,2099.999267578125,159350,0.0,0.0
2001-04-09 00:00:00+09:00,2159.999267578125,2159.999267578125,2159.999267578125,2159.999267578125,216050,0.0,0.0
2001-04-10 00:00:00+09:00,2099.999267578125,2099.999267578125,2099.999267578125,2099.999267578125,216600,0.0,0.0
2001-04-11 00:00:00+09:00,2119.999267578125,2119.999267578125,2119.999267578125,2119.999267578125,68500,0.0,0.0
2001-04-12 00:00:00+09:00,2169.999267578125,2169.999267578125,2169.999267578125,2169.999267578125,95950,0.0,0.0
2001-04-13 00:00:00+09:00,2299.999267578125,2299.999267578125,2299.999267578125,2299.999267578125,433200,0.0,0.0
2001-04-16 00:00:00+09:00,2219.999267578125,2219.999267578125,2219.999267578125,2219.999267578125,143100,0.0,0.0
2001-04-17 00:00:00+09:00,2139.999267578125,2139.999267578125,2139.999267578125,2139.999267578125,59500,0.0,0.0
2001-04-18 00:00:00+09:00,2179.999267578125,2179.999267578125,2179.999267578125,2179.999267578125,148800,0.0,0.0
2001-04-19 00:00:00+09:00,2199.999267578125,2199.999267578125,2199.999267578125,2199.999267578125,131850,0.0,0.0
2001-04-20 00:00:00+09:00,2259.999267578125,2259.999267578125,2259.999267578125,2259.999267578125,163250,0.0,0.0
2001-04-23 00:00:00+09:00,2359.999267578125,2359.999267578125,2359.999267578125,2359.999267578125,654400,0.0,0.0
2001-04-24 00:00:00+09:00,2639.9990234375,2639.9990234375,2639.9990234375,2639.9990234375,440600,0.0,0.0
2001-04-25 00:00:00+09:00,2949.9990234375,2949.9990234375,2949.9990234375,2949.9990234375,148000,0.0,0.0
2001-04-26 00:00:00+09:00,2949.9990234375,2949.9990234375,2949.9990234375,2949.9990234375,0,0.0,0.0
2001-04-27 00:00:00+09:00,,,,,0,0.0,2.0
2001-04-30 00:00:00+09:00,2670.0,2670.0,2670.0,2670.0,0,0.0,0.0
2001-05-01 00:00:00+09:00,2670.0,2670.0,2670.0,2670.0,0,0.0,0.0
2001-05-02 00:00:00+09:00,2670.0,2670.0,2670.0,2670.0,561135,0.0,0.0
2001-05-03 00:00:00+09:00,2600.0,2600.0,2600.0,2600.0,662150,0.0,0.0
2001-05-04 00:00:00+09:00,2480.0,2480.0,2480.0,2480.0,317290,0.0,0.0
2001-05-07 00:00:00+09:00,2470.0,2470.0,2470.0,2470.0,300275,0.0,0.0
2001-05-08 00:00:00+09:00,2760.0,2760.0,2760.0,2760.0,636315,0.0,0.0
2001-05-09 00:00:00+09:00,2740.0,2740.0,2740.0,2740.0,1225680,0.0,0.0
2001-05-10 00:00:00+09:00,2600.0,2600.0,2600.0,2600.0,461665,0.0,0.0
2001-05-11 00:00:00+09:00,2590.0,2590.0,2590.0,2590.0,250985,0.0,0.0
2001-05-14 00:00:00+09:00,2650.0,2650.0,2650.0,2650.0,347075,0.0,0.0
2001-05-15 00:00:00+09:00,2560.0,2560.0,2560.0,2560.0,239165,0.0,0.0
2001-05-16 00:00:00+09:00,2470.0,2470.0,2470.0,2470.0,149150,0.0,0.0
2001-05-17 00:00:00+09:00,2470.0,2470.0,2470.0,2470.0,199200,0.0,0.0
2001-05-18 00:00:00+09:00,2470.0,2470.0,2470.0,2470.0,128560,0.0,0.0
2001-05-21 00:00:00+09:00,2520.0,2520.0,2520.0,2520.0,202840,0.0,0.0
2001-05-22 00:00:00+09:00,2460.0,2460.0,2460.0,2460.0,140495,0.0,0.0
2001-05-23 00:00:00+09:00,2460.0,2460.0,2460.0,2460.0,193290,0.0,0.0
2001-05-24 00:00:00+09:00,2440.0,2440.0,2440.0,2440.0,200330,0.0,0.0
2001-05-25 00:00:00+09:00,2420.0,2420.0,2420.0,2420.0,157960,0.0,0.0
2001-05-28 00:00:00+09:00,2390.0,2390.0,2390.0,2390.0,95820,0.0,0.0
2001-05-29 00:00:00+09:00,2370.0,2370.0,2370.0,2370.0,103140,0.0,0.0
2001-05-30 00:00:00+09:00,2440.0,2440.0,2440.0,2440.0,289945,0.0,0.0
2001-05-31 00:00:00+09:00,2320.0,2320.0,2320.0,2320.0,132335,0.0,0.0
2001-06-01 00:00:00+09:00,2590.0,2590.0,2590.0,2590.0,663180,0.0,0.0
2001-06-04 00:00:00+09:00,2580.0,2580.0,2580.0,2580.0,744125,0.0,0.0
2001-06-05 00:00:00+09:00,2420.0,2420.0,2420.0,2420.0,268265,0.0,0.0
2001-06-06 00:00:00+09:00,2420.0,2420.0,2420.0,2420.0,0,0.0,0.0
2001-06-07 00:00:00+09:00,2530.0,2530.0,2530.0,2530.0,579750,0.0,0.0
2001-06-08 00:00:00+09:00,2430.0,2430.0,2430.0,2430.0,304675,0.0,0.0
2001-06-11 00:00:00+09:00,2500.0,2500.0,2500.0,2500.0,251050,0.0,0.0
2001-06-12 00:00:00+09:00,2430.0,2430.0,2430.0,2430.0,160065,0.0,0.0
2001-06-13 00:00:00+09:00,2440.0,2440.0,2440.0,2440.0,214610,0.0,0.0
2001-06-14 00:00:00+09:00,2420.0,2420.0,2420.0,2420.0,180805,0.0,0.0
2001-06-15 00:00:00+09:00,2420.0,2420.0,2420.0,2420.0,119180,0.0,0.0
2001-06-18 00:00:00+09:00,2400.0,2400.0,2400.0,2400.0,120115,0.0,0.0
2001-06-19 00:00:00+09:00,2360.0,2360.0,2360.0,2360.0,116990,0.0,0.0
2001-06-20 00:00:00+09:00,2360.0,2360.0,2360.0,2360.0,235200,0.0,0.0
2001-06-21 00:00:00+09:00,2340.0,2340.0,2340.0,2340.0,98895,0.0,0.0
2001-06-22 00:00:00+09:00,2240.0,2240.0,2240.0,2240.0,112840,0.0,0.0
2001-06-25 00:00:00+09:00,2170.0,2170.0,2170.0,2170.0,107450,0.0,0.0
2001-06-26 00:00:00+09:00,2100.0,2100.0,2100.0,2100.0,177655,0.0,0.0
2001-06-27 00:00:00+09:00,2060.0,2060.0,2060.0,2060.0,97750,0.0,0.0
2001-06-28 00:00:00+09:00,2100.0,2100.0,2100.0,2100.0,85500,0.0,0.0
2001-06-29 00:00:00+09:00,2180.0,2180.0,2180.0,2180.0,198200,0.0,0.0
2001-07-02 00:00:00+09:00,2160.0,2160.0,2160.0,2160.0,60765,0.0,0.0
2001-07-03 00:00:00+09:00,2110.0,2110.0,2110.0,2110.0,74525,0.0,0.0
2001-07-04 00:00:00+09:00,2070.0,2070.0,2070.0,2070.0,60150,0.0,0.0
2001-07-05 00:00:00+09:00,2080.0,2080.0,2080.0,2080.0,54185,0.0,0.0
2001-07-06 00:00:00+09:00,2090.0,2090.0,2090.0,2090.0,215920,0.0,0.0
2001-07-09 00:00:00+09:00,1990.0,1990.0,1990.0,1990.0,92885,0.0,0.0
2001-07-10 00:00:00+09:00,2040.0,2040.0,2040.0,2040.0,36385,0.0,0.0
2001-07-11 00:00:00+09:00,1960.0,1960.0,1960.0,1960.0,61370,0.0,0.0
2001-07-12 00:00:00+09:00,1972.0,1972.0,1972.0,1972.0,47495,0.0,0.0
2001-07-13 00:00:00+09:00,1976.0,1976.0,1976.0,1976.0,89695,0.0,0.0
2001-07-16 00:00:00+09:00,1940.0,1940.0,1940.0,1940.0,27700,0.0,0.0
2001-07-17 00:00:00+09:00,1940.0,1940.0,1940.0,1940.0,0,0.0,0.0
2001-07-18 00:00:00+09:00,1880.0,1880.0,1880.0,1880.0,38990,0.0,0.0
2001-07-19 00:00:00+09:00,1700.0,1700.0,1700.0,1700.0,56115,0.0,0.0
2001-07-20 00:00:00+09:00,1680.0,1680.0,1680.0,1680.0,69535,0.0,0.0
2001-07-23 00:00:00+09:00,1480.0,1480.0,1480.0,1480.0,80050,0.0,0.0
2001-07-24 00:00:00+09:00,1434.0,1434.0,1434.0,1434.0,81155,0.0,0.0
2001-07-25 00:00:00+09:00,1440.0,1440.0,1440.0,1440.0,34510,0.0,0.0
2001-07-26 00:00:00+09:00,1460.0,1460.0,1460.0,1460.0,51315,0.0,0.0
2001-07-27 00:00:00+09:00,1582.0,1582.0,1582.0,1582.0,82795,0.0,0.0
2001-07-30 00:00:00+09:00,1552.0,1552.0,1552.0,1552.0,102970,0.0,0.0
2001-07-31 00:00:00+09:00,1560.0,1560.0,1560.0,1560.0,42055,0.0,0.0
2001-08-01 00:00:00+09:00,1570.0,1570.0,1570.0,1570.0,63885,0.0,0.0
2001-08-02 00:00:00+09:00,1580.0,1580.0,1580.0,1580.0,208025,0.0,0.0
2001-08-03 00:00:00+09:00,1586.0,1586.0,1586.0,1586.0,102500,0.0,0.0
2001-08-06 00:00:00+09:00,1572.0,1572.0,1572.0,1572.0,14020,0.0,0.0
2001-08-07 00:00:00+09:00,1600.0,1600.0,1600.0,1600.0,38895,0.0,0.0
2001-08-08 00:00:00+09:00,1564.0,1564.0,1564.0,1564.0,17095,0.0,0.0
2001-08-09 00:00:00+09:00,1750.0,1750.0,1750.0,1750.0,352440,0.0,0.0
2001-08-10 00:00:00+09:00,1960.0,1960.0,1960.0,1960.0,391985,0.0,0.0
2001-08-13 00:00:00+09:00,2190.0,2190.0,2190.0,2190.0,276335,0.0,0.0
2001-08-14 00:00:00+09:00,2100.0,2100.0,2100.0,2100.0,1154800,0.0,0.0
2001-08-15 00:00:00+09:00,2100.0,2100.0,2100.0,2100.0,0,0.0,0.0
2001-08-16 00:00:00+09:00,2350.0,2350.0,2350.0,2350.0,360305,0.0,0.0
2001-08-17 00:00:00+09:00,2370.0,2370.0,2370.0,2370.0,1310120,0.0,0.0
2001-08-20 00:00:00+09:00,2200.0,2200.0,2200.0,2200.0,289500,0.0,0.0
2001-08-21 00:00:00+09:00,2050.0,2050.0,2050.0,2050.0,259090,0.0,0.0
2001-08-22 00:00:00+09:00,1898.0,1898.0,1898.0,1898.0,287290,0.0,0.0
2001-08-23 00:00:00+09:00,2120.0,2120.0,2120.0,2120.0,414985,0.0,0.0
2001-08-24 00:00:00+09:00,2030.0,2030.0,2030.0,2030.0,716915,0.0,0.0
2001-08-27 00:00:00+09:00,2080.0,2080.0,2080.0,2080.0,497145,0.0,0.0
2001-08-28 00:00:00+09:00,2320.0,2320.0,2320.0,2320.0,1066865,0.0,0.0
2001-08-29 00:00:00+09:00,2590.0,2590.0,2590.0,2590.0,1583815,0.0,0.0
2001-08-30 00:00:00+09:00,2280.0,2280.0,2280.0,2280.0,1955530,0.0,0.0
2001-08-31 00:00:00+09:00,2010.0,2010.0,2010.0,2010.0,669175,0.0,0.0
2001-09-03 00:00:00+09:00,2120.0,2120.0,2120.0,2120.0,550770,0.0,0.0
2001-09-04 00:00:00+09:00,2020.0,2020.0,2020.0,2020.0,409430,0.0,0.0
2001-09-05 00:00:00+09:00,2150.0,2150.0,2150.0,2150.0,776240,0.0,0.0
2001-09-06 00:00:00+09:00,2130.0,2130.0,2130.0,2130.0,468995,0.0,0.0
2001-09-07 00:00:00+09:00,2160.0,2160.0,2160.0,2160.0,590095,0.0,0.0
2001-09-10 00:00:00+09:00,2100.0,2100.0,2100.0,2100.0,223030,0.0,0.0
2001-09-11 00:00:00+09:00,1996.0,1996.0,1996.0,1996.0,320850,0.0,0.0
2001-09-12 00:00:00+09:00,1758.0,1758.0,1758.0,1758.0,6780,0.0,0.0
2001-09-13 00:00:00+09:00,1548.0,1548.0,1548.0,1548.0,524340,0.0,0.0
2001-09-14 00:00:00+09:00,1380.0,1380.0,1380.0,1380.0,476025,0.0,0.0
2001-09-17 00:00:00+09:00,1216.0,1216.0,1216.0,1216.0,108885,0.0,0.0
2001-09-18 00:00:00+09:00,1300.0,1300.0,1300.0,1300.0,452135,0.0,0.0
2001-09-19 00:00:00+09:00,1264.0,1264.0,1264.0,1264.0,263975,0.0,0.0
2001-09-20 00:00:00+09:00,1160.0,1160.0,1160.0,1160.0,225345,0.0,0.0
2001-09-21 00:00:00+09:00,1064.0,1064.0,1064.0,1064.0,139905,0.0,0.0
2001-09-24 00:00:00+09:00,1190.0,1190.0,1190.0,1190.0,276800,0.0,0.0
2001-09-25 00:00:00+09:00,1144.0,1144.0,1144.0,1144.0,310915,0.0,0.0
2001-09-26 00:00:00+09:00,1164.0,1164.0,1164.0,1164.0,96550,0.0,0.0
2001-09-27 00:00:00+09:00,1196.0,1196.0,1196.0,1196.0,121515,0.0,0.0
2001-09-28 00:00:00+09:00,1220.0,1220.0,1220.0,1220.0,129070,0.0,0.0
2001-10-01 00:00:00+09:00,1220.0,1220.0,1220.0,1220.0,0,0.0,0.0
2001-10-02 00:00:00+09:00,1220.0,1220.0,1220.0,1220.0,0,0.0,0.0
2001-10-03 00:00:00+09:00,1220.0,1220.0,1220.0,1220.0,0,0.0,0.0
2001-10-04 00:00:00+09:00,1350.0,1350.0,1350.0,1350.0,123965,0.0,0.0
2001-10-05 00:00:00+09:00,1286.0,1286.0,1286.0,1286.0,137265,0.0,0.0
2001-10-08 00:00:00+09:00,1220.0,1220.0,1220.0,1220.0,75015,0.0,0.0
2001-10-09 00:00:00+09:00,1366.0,1366.0,1366.0,1366.0,105580,0.0,0.0
2001-10-10 00:00:00+09:00,1528.0,1528.0,1528.0,1528.0,532535,0.0,0.0
2001-10-11 00:00:00+09:00,1620.0,1620.0,1620.0,1620.0,423185,0.0,0.0
2001-10-12 00:00:00+09:00,1510.0,1510.0,1510.0,1510.0,163970,0.0,0.0
2001-10-15 00:00:00+09:00,1538.0,1538.0,1538.0,1538.0,144645,0.0,0.0
2001-10-16 00:00:00+09:00,1572.0,1572.0,1572.0,1572.0,411895,0.0,0.0
2001-10-17 00:00:00+09:00,1660.0,1660.0,1660.0,1660.0,356745,0.0,0.0
2001-10-18 00:00:00+09:00,1696.0,1696.0,1696.0,1696.0,372715,0.0,0.0
2001-10-19 00:00:00+09:00,1720.0,1720.0,1720.0,1720.0,412110,0.0,0.0
2001-10-22 00:00:00+09:00,1680.0,1680.0,1680.0,1680.0,165595,0.0,0.0
2001-10-23 00:00:00+09:00,1636.0,1636.0,1636.0,1636.0,270130,0.0,0.0
2001-10-24 00:00:00+09:00,1580.0,1580.0,1580.0,1580.0,158730,0.0,0.0
2001-10-25 00:00:00+09:00,1768.0,1768.0,1768.0,1768.0,370415,0.0,0.0
2001-10-26 00:00:00+09:00,1814.0,1814.0,1814.0,1814.0,613475,0.0,0.0
2001-10-29 00:00:00+09:00,1734.0,1734.0,1734.0,1734.0,178030,0.0,0.0
2001-10-30 00:00:00+09:00,1672.0,1672.0,1672.0,1672.0,166435,0.0,0.0
2001-10-31 00:00:00+09:00,1690.0,1690.0,1690.0,1690.0,175075,0.0,0.0
2001-11-01 00:00:00+09:00,1700.0,1700.0,1700.0,1700.0,118580,0.0,0.0
2001-11-02 00:00:00+09:00,1662.0,1662.0,1662.0,1662.0,140540,0.0,0.0
2001-11-05 00:00:00+09:00,1690.0,1690.0,1690.0,1690.0,83975,0.0,0.0
2001-11-06 00:00:00+09:00,1710.0,1710.0,1710.0,1710.0,82645,0.0,0.0
2001-11-07 00:00:00+09:00,1740.0,1740.0,1740.0,1740.0,318560,0.0,0.0
2001-11-08 00:00:00+09:00,1742.0,1742.0,1742.0,1742.0,162795,0.0,0.0
2001-11-09 00:00:00+09:00,1720.0,1720.0,1720.0,1720.0,131930,0.0,0.0
2001-11-12 00:00:00+09:00,1844.0,1844.0,1844.0,1844.0,595655,0.0,0.0
2001-11-13 00:00:00+09:00,1740.0,1740.0,1740.0,1740.0,186175,0.0,0.0
2001-11-14 00:00:00+09:00,1744.0,1744.0,1744.0,1744.0,147310,0.0,0.0
2001-11-15 00:00:00+09:00,1720.0,1720.0,1720.0,1720.0,124120,0.0,0.0
2001-11-16 00:00:00+09:00,1800.0,1800.0,1800.0,1800.0,302325,0.0,0.0
2001-11-19 00:00:00+09:00,1720.0,1720.0,1720.0,1720.0,205745,0.0,0.0
2001-11-20 00:00:00+09:00,1796.0,1796.0,1796.0,1796.0,415750,0.0,0.0
2001-11-21 00:00:00+09:00,1874.0,1874.0,1874.0,1874.0,615600,0.0,0.0
2001-11-22 00:00:00+09:00,1798.0,1798.0,1798.0,1798.0,189915,0.0,0.0
2001-11-23 00:00:00+09:00,1760.0,1760.0,1760.0,1760.0,142425,0.0,0.0
2001-11-26 00:00:00+09:00,1740.0,1740.0,1740.0,1740.0,113910,0.0,0.0
2001-11-27 00:00:00+09:00,1736.0,1736.0,1736.0,1736.0,165585,0.0,0.0
2001-11-28 00:00:00+09:00,1600.0,1600.0,1600.0,1600.0,125710,0.0,0.0
2001-11-29 00:00:00+09:00,1620.0,1620.0,1620.0,1620.0,103500,0.0,0.0
2001-11-30 00:00:00+09:00,1642.0,1642.0,1642.0,1642.0,126280,0.0,0.0
2001-12-03 00:00:00+09:00,1620.0,1620.0,1620.0,1620.0,66875,0.0,0.0
2001-12-04 00:00:00+09:00,1576.0,1576.0,1576.0,1576.0,112640,0.0,0.0
2001-12-05 00:00:00+09:00,1600.0,1600.0,1600.0,1600.0,76185,0.0,0.0
2001-12-06 00:00:00+09:00,1588.0,1588.0,1588.0,1588.0,63880,0.0,0.0
2001-12-07 00:00:00+09:00,1600.0,1600.0,1600.0,1600.0,72175,0.0,0.0
2001-12-10 00:00:00+09:00,1564.0,1564.0,1564.0,1564.0,42240,0.0,0.0
2001-12-11 00:00:00+09:00,1570.0,1570.0,1570.0,1570.0,53680,0.0,0.0
2001-12-12 00:00:00+09:00,1576.0,1576.0,1576.0,1576.0,35505,0.0,0.0
2001-12-13 00:00:00+09:00,1560.0,1560.0,1560.0,1560.0,55485,0.0,0.0
2001-12-14 00:00:00+09:00,1570.0,1570.0,1570.0,1570.0,47475,0.0,0.0
2001-12-17 00:00:00+09:00,1570.0,1570.0,1570.0,1570.0,236390,0.0,0.0
2001-12-18 00:00:00+09:00,1548.0,1548.0,1548.0,1548.0,68165,0.0,0.0
2001-12-19 00:00:00+09:00,1460.0,1460.0,1460.0,1460.0,53895,0.0,0.0
2001-12-20 00:00:00+09:00,1478.0,1478.0,1478.0,1478.0,47300,0.0,0.0
2001-12-21 00:00:00+09:00,1350.0,1350.0,1350.0,1350.0,32250,0.0,0.0
2001-12-24 00:00:00+09:00,1360.0,1360.0,1360.0,1360.0,27780,0.0,0.0
2001-12-25 00:00:00+09:00,1360.0,1360.0,1360.0,1360.0,0,0.0,0.0
2001-12-26 00:00:00+09:00,1342.0,1342.0,1342.0,1342.0,37605,0.0,0.0
2001-12-27 00:00:00+09:00,1350.0,1350.0,1350.0,1350.0,30710,0.0,0.0
2001-12-28 00:00:00+09:00,1398.0,1398.0,1398.0,1398.0,44195,0.0,0.0
2001-12-31 00:00:00+09:00,1398.0,1398.0,1398.0,1398.0,0,0.0,0.0
2002-01-01 00:00:00+09:00,1398.0,1398.0,1398.0,1398.0,0,0.0,0.0
2002-01-02 00:00:00+09:00,1434.0,1434.0,1434.0,1434.0,59410,0.0,0.0
2002-01-03 00:00:00+09:00,1460.0,1460.0,1460.0,1460.0,90760,0.0,0.0
2002-01-04 00:00:00+09:00,1450.0,1450.0,1450.0,1450.0,39835,0.0,0.0
2002-01-07 00:00:00+09:00,1420.0,1420.0,1420.0,1420.0,33895,0.0,0.0
2002-01-08 00:00:00+09:00,1402.0,1402.0,1402.0,1402.0,30585,0.0,0.0
2002-01-09 00:00:00+09:00,1378.0,1378.0,1378.0,1378.0,34355,0.0,0.0
2002-01-10 00:00:00+09:00,1398.0,1398.0,1398.0,1398.0,44820,0.0,0.0
2002-01-11 00:00:00+09:00,1330.0,1330.0,1330.0,1330.0,27730,0.0,0.0
2002-01-14 00:00:00+09:00,1358.0,1358.0,1358.0,1358.0,39495,0.0,0.0
2002-01-15 00:00:00+09:00,1336.0,1336.0,1336.0,1336.0,30540,0.0,0.0
2002-01-16 00:00:00+09:00,1334.0,1334.0,1334.0,1334.0,36425,0.0,0.0
2002-01-17 00:00:00+09:00,1306.0,1306.0,1306.0,1306.0,44520,0.0,0.0
2002-01-18 00:00:00+09:00,1310.0,1310.0,1310.0,1310.0,36370,0.0,0.0
2002-01-21 00:00:00+09:00,1332.0,1332.0,1332.0,1332.0,31000,0.0,0.0
2002-01-22 00:00:00+09:00,1314.0,1314.0,1314.0,1314.0,23750,0.0,0.0
2002-01-23 00:00:00+09:00,1270.0,1270.0,1270.0,1270.0,44260,0.0,0.0
2002-01-24 00:00:00+09:00,1250.0,1250.0,1250.0,1250.0,47360,0.0,0.0
2002-01-25 00:00:00+09:00,1258.0,1258.0,1258.0,1258.0,25020,0.0,0.0
2002-01-28 00:00:00+09:00,1270.0,1270.0,1270.0,1270.0,29430,0.0,0.0
2002-01-29 00:00:00+09:00,1296.0,1296.0,1296.0,1296.0,50710,0.0,0.0
2002-01-30 00:00:00+09:00,1370.0,1370.0,1370.0,1370.0,134340,0.0,0.0
2002-01-31 00:00:00+09:00,1320.0,1320.0,1320.0,1320.0,67550,0.0,0.0
2002-02-01 00:00:00+09:00,1326.0,1326.0,1326.0,1326.0,34235,0.0,0.0
2002-02-04 00:00:00+09:00,1326.0,1326.0,1326.0,1326.0,28015,0.0,0.0
2002-02-05 00:00:00+09:00,1280.0,1280.0,1280.0,1280.0,20395,0.0,0.0
2002-02-06 00:00:00+09:00,1316.0,1316.0,1316.0,1316.0,29390,0.0,0.0
2002-02-07 00:00:00+09:00,1320.0,1320.0,1320.0,1320.0,23320,0.0,0.0
2002-02-08 00:00:00+09:00,1360.0,1360.0,1360.0,1360.0,119785,0.0,0.0
2002-02-11 00:00:00+09:00,1360.0,1360.0,1360.0,1360.0,0,0.0,0.0
2002-02-12 00:00:00+09:00,1360.0,1360.0,1360.0,1360.0,0,0.0,0.0
2002-02-13 00:00:00+09:00,1360.0,1360.0,1360.0,1360.0,0,0.0,0.0
2002-02-14 00:00:00+09:00,1320.0,1320.0,1320.0,1320.0,40150,0.0,0.0
2002-02-15 00:00:00+09:00,1282.0,1282.0,1282.0,1282.0,35055,0.0,0.0
2002-02-18 00:00:00+09:00,1262.0,1262.0,1262.0,1262.0,11755,0.0,0.0
2002-02-19 00:00:00+09:00,1226.0,1226.0,1226.0,1226.0,28565,0.0,0.0
2002-02-20 00:00:00+09:00,1200.0,1200.0,1200.0,1200.0,44820,0.0,0.0
2002-02-21 00:00:00+09:00,1150.0,1150.0,1150.0,1150.0,52835,0.0,0.0
2002-02-22 00:00:00+09:00,1150.0,1150.0,1150.0,1150.0,60815,0.0,0.0
2002-02-25 00:00:00+09:00,1122.0,1122.0,1122.0,1122.0,25030,0.0,0.0
2002-02-26 00:00:00+09:00,1140.0,1140.0,1140.0,1140.0,35795,0.0,0.0
2002-02-27 00:00:00+09:00,1160.0,1160.0,1160.0,1160.0,30500,0.0,0.0
2002-02-28 00:00:00+09:00,1160.0,1160.0,1160.0,1160.0,28825,0.0,0.0
2002-03-01 00:00:00+09:00,1160.0,1160.0,1160.0,1160.0,0,0.0,0.0
2002-03-04 00:00:00+09:00,1196.0,1196.0,1196.0,1196.0,38905,0.0,0.0
2002-03-05 00:00:00+09:00,1210.0,1210.0,1210.0,1210.0,48365,0.0,0.0
2002-03-06 00:00:00+09:00,1178.0,1178.0,1178.0,1178.0,54000,0.0,0.0
2002-03-07 00:00:00+09:00,1196.0,1196.0,1196.0,1196.0,61225,0.0,0.0
2002-03-08 00:00:00+09:00,1184.0,1184.0,1184.0,1184.0,41520,0.0,0.0
2002-03-11 00:00:00+09:00,1208.0,1208.0,1208.0,1208.0,22995,0.0,0.0
2002-03-12 00:00:00+09:00,1260.0,1260.0,1260.0,1260.0,201635,0.0,0.0
2002-03-13 00:00:00+09:00,1218.0,1218.0,1218.0,1218.0,83360,0.0,0.0
2002-03-14 00:00:00+09:00,1190.0,1190.0,1190.0,1190.0,29795,0.0,0.0
2002-03-15 00:00:00+09:00,1200.0,1200.0,1200.0,1200.0,49095,0.0,0.0
2002-03-18 00:00:00+09:00,1234.0,1234.0,1234.0,1234.0,86185,0.0,0.0
2002-03-19 00:00:00+09:00,1224.0,1224.0,1224.0,1224.0,90820,0.0,0.0
2002-03-20 00:00:00+09:00,1262.0,1262.0,1262.0,1262.0,171950,0.0,0.0
2002-03-21 00:00:00+09:00,1214.0,1214.0,1214.0,1214.0,83140,0.0,0.0
2002-03-22 00:00:00+09:00,1194.0,1194.0,1194.0,1194.0,45090,0.0,0.0
2002-03-25 00:00:00+09:00,1182.0,1182.0,1182.0,1182.0,36650,0.0,0.0
2002-03-26 00:00:00+09:00,1164.0,1164.0,1164.0,1164.0,40420,0.0,0.0
2002-03-27 00:00:00+09:00,1158.0,1158.0,1158.0,1158.0,13810,0.0,0.0
2002-03-28 00:00:00+09:00,1130.0,1130.0,1130.0,1130.0,38620,0.0,0.0
2002-03-29 00:00:00+09:00,1128.0,1128.0,1128.0,1128.0,37605,0.0,0.0
2002-04-01 00:00:00+09:00,1060.0,1060.0,1060.0,1060.0,29830,0.0,0.0
2002-04-02 00:00:00+09:00,1062.0,1062.0,1062.0,1062.0,19895,0.0,0.0
2002-04-03 00:00:00+09:00,1066.0,1066.0,1066.0,1066.0,40700,0.0,0.0
2002-04-04 00:00:00+09:00,1070.0,1070.0,1070.0,1070.0,25185,0.0,0.0
2002-04-05 00:00:00+09:00,1070.0,1070.0,1070.0,1070.0,0,0.0,0.0
2002-04-08 00:00:00+09:00,1068.0,1068.0,1068.0,1068.0,18165,0.0,0.0
2002-04-09 00:00:00+09:00,1070.0,1070.0,1070.0,1070.0,18140,0.0,0.0
2002-04-10 00:00:00+09:00,1140.0,1140.0,1140.0,1140.0,280885,0.0,0.0
2002-04-11 00:00:00+09:00,1076.0,1076.0,1076.0,1076.0,103095,0.0,0.0
2002-04-12 00:00:00+09:00,1094.0,1094.0,1094.0,1094.0,42650,0.0,0.0
2002-04-15 00:00:00+09:00,1040.0,1040.0,1040.0,1040.0,109450,0.0,0.0
2002-04-16 00:00:00+09:00,1040.0,1040.0,1040.0,1040.0,25895,0.0,0.0
2002-04-17 00:00:00+09:00,1044.0,1044.0,1044.0,1044.0,42380,0.0,0.0
2002-04-18 00:00:00+09:00,1114.0,1114.0,1114.0,1114.0,108425,0.0,0.0
2002-04-19 00:00:00+09:00,1246.0,1246.0,1246.0,1246.0,835825,0.0,0.0
2002-04-22 00:00:00+09:00,1394.0,1394.0,1394.0,1394.0,161630,0.0,0.0
2002-04-23 00:00:00+09:00,1560.0,1560.0,1560.0,1560.0,298840,0.0,0.0
2002-04-24 00:00:00+09:00,1374.0,1374.0,1374.0,1374.0,924580,0.0,0.0
2002-04-25 00:00:00+09:00,1210.0,1210.0,1210.0,1210.0,91875,0.0,0.0
2002-04-26 00:00:00+09:00,1100.0,1100.0,1100.0,1100.0,503080,0.0,0.0
2002-04-29 00:00:00+09:00,1010.0,1010.0,1010.0,1010.0,325400,0.0,0.0
2002-04-30 00:00:00+09:00,968.0,968.0,968.0,968.0,234015,0.0,0.0
2002-05-01 00:00:00+09:00,968.0,968.0,968.0,968.0,0,0.0,0.0
2002-05-02 00:00:00+09:00,970.0,970.0,970.0,970.0,163125,0.0,0.0
2002-05-03 00:00:00+09:00,994.0,994.0,994.0,994.0,279385,0.0,0.0
2002-05-06 00:00:00+09:00,1112.0,1112.0,1112.0,1112.0,142150,0.0,0.0
2002-05-07 00:00:00+09:00,1060.0,1060.0,1060.0,1060.0,584275,0.0,0.0
2002-05-08 00:00:00+09:00,1130.0,1130.0,1130.0,1130.0,179090,0.0,0.0
2002-05-09 00:00:00+09:00,1056.0,1056.0,1056.0,1056.0,145835,0.0,0.0
2002-05-10 00:00:00+09:00,1048.0,1048.0,1048.0,1048.0,77850,0.0,0.0
2002-05-13 00:00:00+09:00,1060.0,1060.0,1060.0,1060.0,134110,0.0,0.0
2002-05-14 00:00:00+09:00,1020.0,1020.0,1020.0,1020.0,65535,0.0,0.0
2002-05-15 00:00:00+09:00,1030.0,1030.0,1030.0,1030.0,80640,0.0,0.0
2002-05-16 00:00:00+09:00,1038.0,1038.0,1038.0,1038.0,44460,0.0,0.0
2002-05-17 00:00:00+09:00,1030.0,1030.0,1030.0,1030.0,53355,0.0,0.0
2002-05-20 00:00:00+09:00,1038.0,1038.0,1038.0,1038.0,111020,0.0,0.0
2002-05-21 00:00:00+09:00,1020.0,1020.0,1020.0,1020.0,100650,0.0,0.0
2002-05-22 00:00:00+09:00,1024.0,1024.0,1024.0,1024.0,69425,0.0,0.0
2002-05-23 00:00:00+09:00,1000.0,1000.0,1000.0,1000.0,92615,0.0,0.0
2002-05-24 00:00:00+09:00,996.0,996.0,996.0,996.0,26965,0.0,0.0
2002-05-27 00:00:00+09:00,986.0,986.0,986.0,986.0,45290,0.0,0.0
2002-05-28 00:00:00+09:00,970.0,970.0,970.0,970.0,75460,0.0,0.0
2002-05-29 00:00:00+09:00,970.0,970.0,970.0,970.0,36220,0.0,0.0
2002-05-30 00:00:00+09:00,932.0,932.0,932.0,932.0,21255,0.0,0.0
2002-05-31 00:00:00+09:00,930.0,930.0,930.0,930.0,25425,0.0,0.0
2002-06-03 00:00:00+09:00,880.0,880.0,880.0,880.0,34975,0.0,0.0
2002-06-04 00:00:00+09:00,856.0,856.0,856.0,856.0,38785,0.0,0.0
2002-06-05 00:00:00+09:00,896.0,896.0,896.0,896.0,49830,0.0,0.0
2002-06-06 00:00:00+09:00,896.0,896.0,896.0,896.0,0,0.0,0.0
2002-06-07 00:00:00+09:00,878.0,878.0,878.0,878.0,6485,0.0,0.0
2002-06-10 00:00:00+09:00,870.0,870.0,870.0,870.0,7715,0.0,0.0
2002-06-11 00:00:00+09:00,888.0,888.0,888.0,888.0,38235,0.0,0.0
2002-06-12 00:00:00+09:00,860.0,860.0,860.0,860.0,7920,0.0,0.0
2002-06-13 00:00:00+09:00,860.0,860.0,860.0,860.0,0,0.0,0.0
2002-06-14 00:00:00+09:00,884.0,884.0,884.0,884.0,9495,0.0,0.0
2002-06-17 00:00:00+09:00,878.0,878.0,878.0,878.0,11980,0.0,0.0
2002-06-18 00:00:00+09:00,870.0,870.0,870.0,870.0,29140,0.0,0.0
2002-06-19 00:00:00+09:00,814.0,814.0,814.0,814.0,14870,0.0,0.0
2002-06-20 00:00:00+09:00,832.0,832.0,832.0,832.0,5665,0.0,0.0
2002-06-21 00:00:00+09:00,846.0,846.0,846.0,846.0,26905,0.0,0.0
2002-06-24 00:00:00+09:00,840.0,840.0,840.0,840.0,17880,0.0,0.0
2002-06-25 00:00:00+09:00,818.0,818.0,818.0,818.0,14965,0.0,0.0
2002-06-26 00:00:00+09:00,726.0,726.0,726.0,726.0,29350,0.0,0.0
2002-06-27 00:00:00+09:00,740.0,740.0,740.0,740.0,16485,0.0,0.0
2002-06-28 00:00:00+09:00,768.0,768.0,768.0,768.0,23645,0.0,0.0
2002-07-01 00:00:00+09:00,768.0,768.0,768.0,768.0,0,0.0,0.0
2002-07-02 00:00:00+09:00,816.0,816.0,816.0,816.0,45995,0.0,0.0
2002-07-03 00:00:00+09:00,828.0,828.0,828.0,828.0,21170,0.0,0.0
2002-07-04 00:00:00+09:00,830.0,830.0,830.0,830.0,13965,0.0,0.0
2002-07-05 00:00:00+09:00,810.0,810.0,810.0,810.0,52525,0.0,0.0
2002-07-08 00:00:00+09:00,840.0,840.0,840.0,840.0,80515,0.0,0.0
2002-07-09 00:00:00+09:00,846.0,846.0,846.0,846.0,28280,0.0,0.0
2002-07-10 00:00:00+09:00,814.0,814.0,814.0,814.0,62370,0.0,0.0
2002-07-11 00:00:00+09:00,800.0,800.0,800.0,800.0,53925,0.0,0.0
2002-07-12 00:00:00+09:00,788.0,788.0,788.0,788.0,24980,0.0,0.0
2002-07-15 00:00:00+09:00,780.0,780.0,780.0,780.0,10580,0.0,0.0
2002-07-16 00:00:00+09:00,792.0,792.0,792.0,792.0,26740,0.0,0.0
2002-07-17 00:00:00+09:00,792.0,792.0,792.0,792.0,0,0.0,0.0
2002-07-18 00:00:00+09:00,774.0,774.0,774.0,774.0,23940,0.0,0.0
2002-07-19 00:00:00+09:00,778.0,778.0,778.0,778.0,12685,0.0,0.0
2002-07-22 00:00:00+09:00,706.0,706.0,706.0,706.0,19800,0.0,0.0
2002-07-23 00:00:00+09:00,720.0,720.0,720.0,720.0,44685,0.0,0.0
2002-07-24 00:00:00+09:00,650.0,650.0,650.0,650.0,138865,0.0,0.0
2002-07-25 00:00:00+09:00,660.0,660.0,660.0,660.0,89205,0.0,0.0
2002-07-26 00:00:00+09:00,660.0,660.0,660.0,660.0,47560,0.0,0.0
2002-07-29 00:00:00+09:00,674.0,674.0,674.0,674.0,20770,0.0,0.0
2002-07-30 00:00:00+09:00,686.0,686.0,686.0,686.0,28825,0.0,0.0
2002-07-31 00:00:00+09:00,660.0,660.0,660.0,660.0,26615,0.0,0.0
2002-08-01 00:00:00+09:00,660.0,660.0,660.0,660.0,20805,0.0,0.0
2002-08-02 00:00:00+09:00,622.0,622.0,622.0,622.0,24500,0.0,0.0
2002-08-05 00:00:00+09:00,630.0,630.0,630.0,630.0,16935,0.0,0.0
2002-08-06 00:00:00+09:00,640.0,640.0,640.0,640.0,14955,0.0,0.0
2002-08-07 00:00:00+09:00,646.0,646.0,646.0,646.0,24635,0.0,0.0
2002-08-08 00:00:00+09:00,636.0,636.0,636.0,636.0,9985,0.0,0.0
2002-08-09 00:00:00+09:00,642.0,642.0,642.0,642.0,10875,0.0,0.0
2002-08-12 00:00:00+09:00,666.0,666.0,666.0,666.0,38150,0.0,0.0
2002-08-13 00:00:00+09:00,686.0,686.0,686.0,686.0,42015,0.0,0.0
2002-08-14 00:00:00+09:00,768.0,768.0,768.0,768.0,88760,0.0,0.0
2002-08-15 00:00:00+09:00,768.0,768.0,768.0,768.0,0,0.0,0.0
2002-08-16 00:00:00+09:00,860.0,860.0,860.0,860.0,472275,0.0,0.0
2002-08-19 00:00:00+09:00,784.0,784.0,784.0,784.0,200035,0.0,0.0
2002-08-20 00:00:00+09:00,746.0,746.0,746.0,746.0,123570,0.0,0.0
2002-08-21 00:00:00+09:00,714.0,714.0,714.0,714.0,189890,0.0,0.0
2002-08-22 00:00:00+09:00,720.0,720.0,720.0,720.0,113910,0.0,0.0
2002-08-23 00:00:00+09:00,806.0,806.0,806.0,806.0,207150,0.0,0.0
2002-08-26 00:00:00+09:00,902.0,902.0,902.0,902.0,324705,0.0,0.0
2002-08-27 00:00:00+09:00,806.0,806.0,806.0,806.0,315585,0.0,0.0
2002-08-28 00:00:00+09:00,902.0,902.0,902.0,902.0,298445,0.0,0.0
2002-08-29 00:00:00+09:00,1010.0,1010.0,1010.0,1010.0,197330,0.0,0.0
2002-08-30 00:00:00+09:00,1130.0,1130.0,1130.0,1130.0,62700,0.0,0.0
2002-09-02 00:00:00+09:00,1264.0,1264.0,1264.0,1264.0,45580,0.0,0.0
2002-09-03 00:00:00+09:00,1414.0,1414.0,1414.0,1414.0,1716215,0.0,0.0
2002-09-04 00:00:00+09:00,1582.0,1582.0,1582.0,1582.0,927025,0.0,0.0
2002-09-05 00:00:00+09:00,1500.0,1500.0,1500.0,1500.0,941090,0.0,0.0
2002-09-06 00:00:00+09:00,1492.0,1492.0,1492.0,1492.0,899415,0.0,0.0
2002-09-09 00:00:00+09:00,1314.0,1314.0,1314.0,1314.0,797980,0.0,0.0
2002-09-10 00:00:00+09:00,1158.0,1158.0,1158.0,1158.0,849575,0.0,0.0
2002-09-11 00:00:00+09:00,1170.0,1170.0,1170.0,1170.0,764055,0.0,0.0
2002-09-12 00:00:00+09:00,1310.0,1310.0,1310.0,1310.0,616020,0.0,0.0
2002-09-13 00:00:00+09:00,1198.0,1198.0,1198.0,1198.0,538875,0.0,0.0
2002-09-16 00:00:00+09:00,1164.0,1164.0,1164.0,1164.0,430720,0.0,0.0
2002-09-17 00:00:00+09:00,1200.0,1200.0,1200.0,1200.0,450510,0.0,0.0
2002-09-18 00:00:00+09:00,1286.0,1286.0,1286.0,1286.0,714840,0.0,0.0
2002-09-19 00:00:00+09:00,1216.0,1216.0,1216.0,1216.0,286315,0.0,0.0
2002-09-20 00:00:00+09:00,1216.0,1216.0,1216.0,1216.0,0,0.0,0.0
2002-09-23 00:00:00+09:00,1072.0,1072.0,1072.0,1072.0,428900,0.0,0.0
2002-09-24 00:00:00+09:00,960.0,960.0,960.0,960.0,278145,0.0,0.0
2002-09-25 00:00:00+09:00,846.0,846.0,846.0,846.0,197885,0.0,0.0
2002-09-26 00:00:00+09:00,776.0,776.0,776.0,776.0,326105,0.0,0.0
2002-09-27 00:00:00+09:00,762.0,762.0,762.0,762.0,368725,0.0,0.0
2002-09-30 00:00:00+09:00,672.0,672.0,672.0,672.0,123565,0.0,0.0
2002-10-01 00:00:00+09:00,752.0,752.0,752.0,752.0,555380,0.0,0.0
2002-10-02 00:00:00+09:00,842.0,842.0,842.0,842.0,248430,0.0,0.0
2002-10-03 00:00:00+09:00,842.0,842.0,842.0,842.0,0,0.0,0.0
2002-10-04 00:00:00+09:00,790.0,790.0,790.0,790.0,409835,0.0,0.0
2002-10-07 00:00:00+09:00,884.0,884.0,884.0,884.0,204025,0.0,0.0
2002-10-08 00:00:00+09:00,940.0,940.0,940.0,940.0,542315,0.0,0.0
2002-10-09 00:00:00+09:00,860.0,860.0,860.0,860.0,329715,0.0,0.0
2002-10-10 00:00:00+09:00,762.0,762.0,762.0,762.0,214260,0.0,0.0
2002-10-11 00:00:00+09:00,778.0,778.0,778.0,778.0,116520,0.0,0.0
2002-10-14 00:00:00+09:00,790.0,790.0,790.0,790.0,162455,0.0,0.0
2002-10-15 00:00:00+09:00,820.0,820.0,820.0,820.0,192855,0.0,0.0
2002-10-16 00:00:00+09:00,800.0,800.0,800.0,800.0,124915,0.0,0.0
2002-10-17 00:00:00+09:00,826.0,826.0,826.0,826.0,123605,0.0,0.0
2002-10-18 00:00:00+09:00,826.0,826.0,826.0,826.0,124030,0.0,0.0
2002-10-21 00:00:00+09:00,820.0,820.0,820.0,820.0,123440,0.0,0.0
2002-10-22 00:00:00+09:00,802.0,802.0,802.0,802.0,94240,0.0,0.0
2002-10-23 00:00:00+09:00,898.0,898.0,898.0,898.0,204265,0.0,0.0
2002-10-24 00:00:00+09:00,850.0,850.0,850.0,850.0,540250,0.0,0.0
2002-10-25 00:00:00+09:00,840.0,840.0,840.0,840.0,138795,0.0,0.0
2002-10-28 00:00:00+09:00,860.0,860.0,860.0,860.0,103800,0.0,0.0
2002-10-29 00:00:00+09:00,824.0,824.0,824.0,824.0,95365,0.0,0.0
2002-10-30 00:00:00+09:00,820.0,820.0,820.0,820.0,103440,0.0,0.0
2002-10-31 00:00:00+09:00,798.0,798.0,798.0,798.0,59435,0.0,0.0
2002-11-01 00:00:00+09:00,866.0,866.0,866.0,866.0,201840,0.0,0.0
2002-11-04 00:00:00+09:00,850.0,850.0,850.0,850.0,90550,0.0,0.0
2002-11-05 00:00:00+09:00,820.0,820.0,820.0,820.0,46580,0.0,0.0
2002-11-06 00:00:00+09:00,822.0,822.0,822.0,822.0,42485,0.0,0.0
2002-11-07 00:00:00+09:00,806.0,806.0,806.0,806.0,67690,0.0,0.0
2002-11-08 00:00:00+09:00,818.0,818.0,818.0,818.0,97350,0.0,0.0
2002-11-11 00:00:00+09:00,792.0,792.0,792.0,792.0,31710,0.0,0.0
2002-11-12 00:00:00+09:00,808.0,808.0,808.0,808.0,222995,0.0,0.0
2002-11-13 00:00:00+09:00,790.0,790.0,790.0,790.0,89365,0.0,0.0
2002-11-14 00:00:00+09:00,774.0,774.0,774.0,774.0,43820,0.0,0.0
2002-11-15 00:00:00+09:00,780.0,780.0,780.0,780.0,34905,0.0,0.0
2002-11-18 00:00:00+09:00,770.0,770.0,770.0,770.0,21430,0.0,0.0
2002-11-19 00:00:00+09:00,754.0,754.0,754.0,754.0,60910,0.0,0.0
2002-11-20 00:00:00+09:00,740.0,740.0,740.0,740.0,47270,0.0,0.0
2002-11-21 00:00:00+09:00,740.0,740.0,740.0,740.0,54350,0.0,0.0
2002-11-22 00:00:00+09:00,734.0,734.0,734.0,734.0,46930,0.0,0.0
2002-11-25 00:00:00+09:00,744.0,744.0,744.0,744.0,53355,0.0,0.0
2002-11-26 00:00:00+09:00,746.0,746.0,746.0,746.0,59240,0.0,0.0
2002-11-27 00:00:00+09:00,746.0,746.0,746.0,746.0,66080,0.0,0.0
2002-11-28 00:00:00+09:00,760.0,760.0,760.0,760.0,57740,0.0,0.0
2002-11-29 00:00:00+09:00,850.0,850.0,850.0,850.0,127940,0.0,0.0
2002-12-02 00:00:00+09:00,952.0,952.0,952.0,952.0,618275,0.0,0.0
2002-12-03 00:00:00+09:00,940.0,940.0,940.0,940.0,208345,0.0,0.0
2002-12-04 00:00:00+09:00,828.0,828.0,828.0,828.0,300135,0.0,0.0
2002-12-05 00:00:00+09:00,840.0,840.0,840.0,840.0,272615,0.0,0.0
2002-12-06 00:00:00+09:00,824.0,824.0,824.0,824.0,131985,0.0,0.0
2002-12-09 00:00:00+09:00,864.0,864.0,864.0,864.0,206970,0.0,0.0
2002-12-10 00:00:00+09:00,818.0,818.0,818.0,818.0,139260,0.0,0.0
2002-12-11 00:00:00+09:00,810.0,810.0,810.0,810.0,118750,0.0,0.0
2002-12-12 00:00:00+09:00,810.0,810.0,810.0,810.0,75325,0.0,0.0
2002-12-13 00:00:00+09:00,906.0,906.0,906.0,906.0,281455,0.0,0.0
2002-12-16 00:00:00+09:00,1014.0,1014.0,1014.0,1014.0,870295,0.0,0.0
2002-12-17 00:00:00+09:00,966.0,966.0,966.0,966.0,308070,0.0,0.0
2002-12-18 00:00:00+09:00,1080.0,1080.0,1080.0,1080.0,434915,0.0,0.0
2002-12-19 00:00:00+09:00,1080.0,1080.0,1080.0,1080.0,0,0.0,0.0
2002-12-20 00:00:00+09:00,962.0,962.0,962.0,962.0,633740,0.0,0.0
2002-12-23 00:00:00+09:00,848.0,848.0,848.0,848.0,313930,0.0,0.0
2002-12-24 00:00:00+09:00,838.0,838.0,838.0,838.0,155995,0.0,0.0
2002-12-25 00:00:00+09:00,838.0,838.0,838.0,838.0,0,0.0,0.0
2002-12-26 00:00:00+09:00,836.0,836.0,836.0,836.0,115745,0.0,0.0
2002-12-27 00:00:00+09:00,836.0,836.0,836.0,836.0,68585,0.0,0.0
2002-12-30 00:00:00+09:00,762.0,762.0,762.0,762.0,121130,0.0,0.0
2002-12-31 00:00:00+09:00,762.0,762.0,762.0,762.0,0,0.0,0.0
2003-01-01 00:00:00+09:00,762.0,762.0,762.0,762.0,0,0.0,0.0
2003-01-02 00:00:00+09:00,822.0,822.0,822.0,822.0,74680,0.0,0.0
2003-01-03 00:00:00+09:00,864.0,864.0,864.0,864.0,231510,0.0,0.0
2003-01-06 00:00:00+09:00,870.0,870.0,870.0,870.0,87245,0.0,0.0
2003-01-07 00:00:00+09:00,974.0,974.0,974.0,974.0,479495,0.0,0.0
2003-01-08 00:00:00+09:00,960.0,960.0,960.0,960.0,399550,0.0,0.0
2003-01-09 00:00:00+09:00,980.0,980.0,980.0,980.0,564710,0.0,0.0
2003-01-10 00:00:00+09:00,900.0,900.0,900.0,900.0,252840,0.0,0.0
2003-01-13 00:00:00+09:00,906.0,906.0,906.0,906.0,108935,0.0,0.0
2003-01-14 00:00:00+09:00,906.0,906.0,906.0,906.0,141610,0.0,0.0
2003-01-15 00:00:00+09:00,958.0,958.0,958.0,958.0,223485,0.0,0.0
2003-01-16 00:00:00+09:00,914.0,914.0,914.0,914.0,90845,0.0,0.0
2003-01-17 00:00:00+09:00,840.0,840.0,840.0,840.0,177950,0.0,0.0
2003-01-20 00:00:00+09:00,860.0,860.0,860.0,860.0,75445,0.0,0.0
2003-01-21 00:00:00+09:00,850.0,850.0,850.0,850.0,99200,0.0,0.0
2003-01-22 00:00:00+09:00,840.0,840.0,840.0,840.0,21605,0.0,0.0
2003-01-23 00:00:00+09:00,840.0,840.0,840.0,840.0,47455,0.0,0.0
2003-01-24 00:00:00+09:00,794.0,794.0,794.0,794.0,45310,0.0,0.0
2003-01-27 00:00:00+09:00,740.0,740.0,740.0,740.0,65495,0.0,0.0
2003-01-28 00:00:00+09:00,764.0,764.0,764.0,764.0,41385,0.0,0.0
2003-01-29 00:00:00+09:00,772.0,772.0,772.0,772.0,34805,0.0,0.0
2003-01-30 00:00:00+09:00,770.0,770.0,770.0,770.0,41055,0.0,0.0
2003-01-31 00:00:00+09:00,770.0,770.0,770.0,770.0,0,0.0,0.0
2003-02-03 00:00:00+09:00,778.0,778.0,778.0,778.0,57510,0.0,0.0
2003-02-04 00:00:00+09:00,788.0,788.0,788.0,788.0,72790,0.0,0.0
2003-02-05 00:00:00+09:00,776.0,776.0,776.0,776.0,53440,0.0,0.0
2003-02-06 00:00:00+09:00,760.0,760.0,760.0,760.0,34685,0.0,0.0
2003-02-07 00:00:00+09:00,750.0,750.0,750.0,750.0,20235,0.0,0.0
2003-02-10 00:00:00+09:00,710.0,748.0,682.0,710.0,39330,0.0,0.0
2003-02-11 00:00:00+09:00,720.0,736.0,704.0,720.0,22395,0.0,0.0
2003-02-12 00:00:00+09:00,700.0,740.0,700.0,700.0,18185,0.0,0.0
2003-02-13 00:00:00+09:00,702.0,720.0,680.0,702.0,62310,0.0,0.0
2003-02-14 00:00:00+09:00,720.0,728.0,694.0,720.0,15215,0.0,0.0
2003-02-17 00:00:00+09:00,788.0,800.0,710.0,788.0,80515,0.0,0.0
2003-02-18 00:00:00+09:00,764.0,800.0,748.0,764.0,53325,0.0,0.0
2003-02-19 00:00:00+09:00,742.0,774.0,730.0,742.0,58735,0.0,0.0
2003-02-20 00:00:00+09:00,748.0,750.0,728.0,748.0,49110,0.0,0.0
2003-02-21 00:00:00+09:00,748.0,760.0,736.0,748.0,39930,0.0,0.0
2003-02-24 00:00:00+09:00,800.0,836.0,780.0,800.0,384220,0.0,0.0
2003-02-25 00:00:00+09:00,748.0,788.0,732.0,748.0,47865,0.0,0.0
2003-02-26 00:00:00+09:00,708.0,752.0,684.0,708.0,55475,0.0,0.0
2003-02-27 00:00:00+09:00,700.0,714.0,682.0,700.0,29515,0.0,0.0
2003-02-28 00:00:00+09:00,716.0,740.0,702.0,716.0,37255,0.0,0.0
2003-03-03 00:00:00+09:00,744.0,748.0,710.0,744.0,10590,0.0,0.0
2003-03-04 00:00:00+09:00,720.0,744.0,720.0,720.0,8370,0.0,0.0
2003-03-05 00:00:00+09:00,708.0,710.0,680.0,708.0,34260,0.0,0.0
2003-03-06 00:00:00+09:00,676.0,708.0,676.0,676.0,33015,0.0,0.0
2003-03-07 00:00:00+09:00,664.0,670.0,620.0,664.0,10185,0.0,0.0
2003-03-10 00:00:00+09:00,638.0,640.0,600.0,638.0,10245,0.0,0.0
2003-03-11 00:00:00+09:00,602.0,626.0,584.0,602.0,40790,0.0,0.0
2003-03-12 00:00:00+09:00,620.0,672.0,572.0,620.0,12775,0.0,0.0
2003-03-13 00:00:00+09:00,638.0,674.0,600.0,638.0,13980,0.0,0.0
2003-03-14 00:00:00+09:00,648.0,682.0,646.0,648.0,12175,0.0,0.0
2003-03-17 00:00:00+09:00,634.0,650.0,586.0,634.0,3510,0.0,0.0
2003-03-18 00:00:00+09:00,648.0,656.0,624.0,648.0,22370,0.0,0.0
2003-03-19 00:00:00+09:00,626.0,654.0,626.0,626.0,8950,0.0,0.0
2003-03-20 00:00:00+09:00,644.0,644.0,622.0,644.0,22635,0.0,0.0
2003-03-21 00:00:00+09:00,690.0,692.0,634.0,690.0,43785,0.0,0.0
2003-03-24 00:00:00+09:00,678.0,718.0,660.0,678.0,20430,0.0,0.0
2003-03-25 00:00:00+09:00,646.0,660.0,622.0,646.0,13515,0.0,0.0
2003-03-26 00:00:00+09:00,634.0,650.0,618.0,634.0,52155,0.0,0.0
2003-03-27 00:00:00+09:00,680.0,700.0,624.0,680.0,45600,0.0,0.0
2003-03-28 00:00:00+09:00,680.0,720.0,660.0,680.0,26875,0.0,0.0
2003-03-31 00:00:00+09:00,646.0,700.0,624.0,646.0,17270,0.0,0.0
2003-04-01 00:00:00+09:00,648.0,680.0,620.0,648.0,17835,0.0,0.0
2003-04-02 00:00:00+09:00,634.0,654.0,632.0,634.0,24400,0.0,0.0
2003-04-03 00:00:00+09:00,648.0,670.0,628.0,648.0,17650,0.0,0.0
2003-04-04 00:00:00+09:00,648.0,666.0,630.0,648.0,6015,0.0,0.0
2003-04-07 00:00:00+09:00,666.0,680.0,634.0,666.0,23990,0.0,0.0
2003-04-08 00:00:00+09:00,648.0,670.0,640.0,648.0,10415,0.0,0.0
2003-04-09 00:00:00+09:00,658.0,664.0,644.0,658.0,20700,0.0,0.0
2003-04-10 00:00:00+09:00,640.0,650.0,626.0,640.0,20255,0.0,0.0
2003-04-11 00:00:00+09:00,628.0,648.0,622.0,628.0,28365,0.0,0.0
2003-04-14 00:00:00+09:00,622.0,646.0,622.0,622.0,41730,0.0,0.0
2003-04-15 00:00:00+09:00,636.0,658.0,636.0,636.0,43245,0.0,0.0
2003-04-16 00:00:00+09:00,680.0,710.0,640.0,680.0,125675,0.0,0.0
2003-04-17 00:00:00+09:00,726.0,758.0,664.0,726.0,239605,0.0,0.0
2003-04-18 00:00:00+09:00,750.0,762.0,704.0,750.0,152125,0.0,0.0
2003-04-21 00:00:00+09:00,754.0,754.0,716.0,754.0,27845,0.0,0.0
2003-04-22 00:00:00+09:00,740.0,776.0,724.0,740.0,28100,0.0,0.0
2003-04-23 00:00:00+09:00,756.0,772.0,704.0,756.0,166405,0.0,0.0
2003-04-24 00:00:00+09:00,846.0,846.0,770.0,846.0,359135,0.0,0.0
2003-04-25 00:00:00+09:00,746.0,906.0,746.0,746.0,357775,0.0,0.0
2003-04-28 00:00:00+09:00,660.0,736.0,660.0,660.0,115975,0.0,0.0
2003-04-29 00:00:00+09:00,670.0,730.0,662.0,670.0,74470,0.0,0.0
2003-04-30 00:00:00+09:00,672.0,718.0,670.0,672.0,102755,0.0,0.0
2003-05-01 00:00:00+09:00,672.0,672.0,672.0,672.0,0,0.0,0.0
2003-05-02 00:00:00+09:00,664.0,686.0,650.0,664.0,88745,0.0,0.0
2003-05-05 00:00:00+09:00,664.0,664.0,664.0,664.0,0,0.0,0.0
2003-05-06 00:00:00+09:00,662.0,674.0,650.0,662.0,101285,0.0,0.0
2003-05-07 00:00:00+09:00,674.0,696.0,662.0,674.0,56230,0.0,0.0
2003-05-08 00:00:00+09:00,674.0,674.0,674.0,674.0,0,0.0,0.0
2003-05-09 00:00:00+09:00,674.0,688.0,664.0,674.0,42205,0.0,0.0
2003-05-12 00:00:00+09:00,700.0,708.0,682.0,700.0,38605,0.0,0.0
2003-05-13 00:00:00+09:00,738.0,766.0,700.0,738.0,233220,0.0,0.0
2003-05-14 00:00:00+09:00,702.0,742.0,700.0,702.0,32260,0.0,0.0
2003-05-15 00:00:00+09:00,702.0,716.0,688.0,702.0,28205,0.0,0.0
2003-05-16 00:00:00+09:00,694.0,730.0,686.0,694.0,34175,0.0,0.0
2003-05-19 00:00:00+09:00,676.0,700.0,676.0,676.0,34055,0.0,0.0
2003-05-20 00:00:00+09:00,666.0,682.0,646.0,666.0,6965,0.0,0.0
2003-05-21 00:00:00+09:00,678.0,744.0,666.0,678.0,275585,0.0,0.0
2003-05-22 00:00:00+09:00,676.0,694.0,668.0,676.0,82385,0.0,0.0
2003-05-23 00:00:00+09:00,678.0,696.0,666.0,678.0,58680,0.0,0.0
2003-05-26 00:00:00+09:00,674.0,716.0,666.0,674.0,33000,0.0,0.0
2003-05-27 00:00:00+09:00,680.0,688.0,650.0,680.0,88740,0.0,0.0
2003-05-28 00:00:00+09:00,696.0,712.0,674.0,696.0,93255,0.0,0.0
2003-05-29 00:00:00+09:00,694.0,714.0,666.0,694.0,49295,0.0,0.0
2003-05-30 00:00:00+09:00,676.0,696.0,666.0,676.0,31845,0.0,0.0
2003-06-02 00:00:00+09:00,680.0,696.0,672.0,680.0,30630,0.0,0.0
2003-06-03 00:00:00+09:00,676.0,688.0,666.0,676.0,23945,0.0,0.0
2003-06-04 00:00:00+09:00,688.0,688.0,674.0,688.0,8490,0.0,0.0
2003-06-05 00:00:00+09:00,668.0,700.0,668.0,668.0,41905,0.0,0.0
2003-06-06 00:00:00+09:00,668.0,668.0,668.0,668.0,0,0.0,0.0
2003-06-09 00:00:00+09:00,668.0,674.0,660.0,668.0,35130,0.0,0.0
2003-06-10 00:00:00+09:00,668.0,682.0,668.0,668.0,22870,0.0,0.0
2003-06-11 00:00:00+09:00,676.0,678.0,658.0,676.0,41085,0.0,0.0
2003-06-12 00:00:00+09:00,682.0,688.0,668.0,682.0,22540,0.0,0.0
2003-06-13 00:00:00+09:00,684.0,698.0,672.0,684.0,22885,0.0,0.0
2003-06-16 00:00:00+09:00,680.0,684.0,670.0,680.0,26610,0.0,0.0
2003-06-17 00:00:00+09:00,680.0,680.0,670.0,680.0,56325,0.0,0.0
2003-06-18 00:00:00+09:00,674.0,678.0,670.0,674.0,22950,0.0,0.0
2003-06-19 00:00:00+09:00,688.0,700.0,660.0,688.0,88835,0.0,0.0
2003-06-20 00:00:00+09:00,692.0,704.0,686.0,692.0,40775,0.0,0.0
2003-06-23 00:00:00+09:00,662.0,688.0,660.0,662.0,26200,0.0,0.0
2003-06-24 00:00:00+09:00,668.0,690.0,650.0,668.0,34145,0.0,0.0
2003-06-25 00:00:00+09:00,668.0,688.0,656.0,668.0,31275,0.0,0.0
2003-06-26 00:00:00+09:00,648.0,664.0,638.0,648.0,48430,0.0,0.0
2003-06-27 00:00:00+09:00,654.0,678.0,646.0,654.0,8155,0.0,0.0
2003-06-30 00:00:00+09:00,652.0,658.0,644.0,652.0,8345,0.0,0.0
2003-07-01 00:00:00+09:00,642.0,660.0,642.0,642.0,13865,0.0,0.0
2003-07-02 00:00:00+09:00,642.0,658.0,640.0,642.0,23110,0.0,0.0
2003-07-03 00:00:00+09:00,656.0,662.0,642.0,656.0,23700,0.0,0.0
2003-07-04 00:00:00+09:00,690.0,702.0,646.0,690.0,33145,0.0,0.0
2003-07-07 00:00:00+09:00,666.0,688.0,662.0,666.0,33785,0.0,0.0
2003-07-08 00:00:00+09:00,676.0,700.0,668.0,676.0,49270,0.0,0.0
2003-07-09 00:00:00+09:00,670.0,688.0,664.0,670.0,32645,0.0,0.0
2003-07-10 00:00:00+09:00,750.0,750.0,684.0,750.0,421845,0.0,0.0
2003-07-11 00:00:00+09:00,716.0,800.0,712.0,716.0,378280,0.0,0.0
2003-07-14 00:00:00+09:00,672.0,706.0,670.0,672.0,200560,0.0,0.0
2003-07-15 00:00:00+09:00,668.0,688.0,668.0,668.0,79065,0.0,0.0
2003-07-16 00:00:00+09:00,668.0,690.0,660.0,668.0,97775,0.0,0.0
2003-07-17 00:00:00+09:00,668.0,668.0,668.0,668.0,0,0.0,0.0
2003-07-18 00:00:00+09:00,638.0,656.0,632.0,638.0,45215,0.0,0.0
2003-07-21 00:00:00+09:00,638.0,650.0,630.0,638.0,44910,0.0,0.0
2003-07-22 00:00:00+09:00,622.0,647.0,604.0,622.0,106910,0.0,0.0
2003-07-23 00:00:00+09:00,648.0,696.0,620.0,648.0,32600,0.0,0.0
2003-07-24 00:00:00+09:00,628.0,668.0,624.0,628.0,60840,0.0,0.0
2003-07-25 00:00:00+09:00,656.0,700.0,620.0,656.0,23600,0.0,0.0
2003-07-28 00:00:00+09:00,644.0,659.0,640.0,644.0,11245,0.0,0.0
2003-07-29 00:00:00+09:00,655.0,658.0,641.0,655.0,9645,0.0,0.0
2003-07-30 00:00:00+09:00,640.0,663.0,640.0,640.0,8000,0.0,0.0
2003-07-31 00:00:00+09:00,649.0,678.0,640.0,649.0,24635,0.0,0.0
2003-08-01 00:00:00+09:00,640.0,649.0,634.0,640.0,20035,0.0,0.0
2003-08-04 00:00:00+09:00,641.0,667.0,640.0,641.0,30115,0.0,0.0
2003-08-05 00:00:00+09:00,650.0,660.0,642.0,650.0,15185,0.0,0.0
2003-08-06 00:00:00+09:00,657.0,664.0,634.0,657.0,6490,0.0,0.0
2003-08-07 00:00:00+09:00,657.0,657.0,657.0,657.0,0,0.0,0.0
2003-08-08 00:00:00+09:00,657.0,657.0,657.0,657.0,0,0.0,0.0
2003-08-11 00:00:00+09:00,657.0,657.0,657.0,657.0,0,0.0,0.0
2003-08-12 00:00:00+09:00,579.0,579.0,579.0,579.0,1260,0.0,0.0
2003-08-13 00:00:00+09:00,510.0,510.0,510.0,510.0,10,0.0,0.0
2003-08-14 00:00:00+09:00,449.0,510.0,449.0,449.0,162430,0.0,0.0
2003-08-15 00:00:00+09:00,449.0,449.0,449.0,449.0,0,0.0,0.0
2003-08-18 00:00:00+09:00,396.0,396.0,396.0,396.0,99810,0.0,0.0
2003-08-19 00:00:00+09:00,349.0,349.0,349.0,349.0,12170,0.0,0.0
2003-08-20 00:00:00+09:00,347.0,376.0,309.0,347.0,812240,0.0,0.0
2003-08-21 00:00:00+09:00,308.0,351.0,306.0,308.0,194425,0.0,0.0
2003-08-22 00:00:00+09:00,272.0,304.0,272.0,272.0,173750,0.0,0.0
2003-08-25 00:00:00+09:00,284.0,286.0,251.0,284.0,62295,0.0,0.0
2003-08-26 00:00:00+09:00,318.0,318.0,260.0,318.0,262520,0.0,0.0
2003-08-27 00:00:00+09:00,280.0,326.0,280.0,280.0,110015,0.0,0.0
2003-08-28 00:00:00+09:00,312.0,312.0,270.0,312.0,72275,0.0,0.0
2003-08-29 00:00:00+09:00,297.0,312.0,290.0,297.0,103980,0.0,0.0
2003-09-01 00:00:00+09:00,299.0,309.0,279.0,299.0,23005,0.0,0.0
2003-09-02 00:00:00+09:00,292.0,319.0,279.0,292.0,34915,0.0,0.0
2003-09-03 00:00:00+09:00,289.0,314.0,281.0,289.0,7895,0.0,0.0
2003-09-04 00:00:00+09:00,300.0,300.0,283.0,300.0,1195,0.0,0.0
2003-09-05 00:00:00+09:00,306.0,329.0,290.0,306.0,35335,0.0,0.0
2003-09-08 00:00:00+09:00,306.0,306.0,290.0,306.0,6460,0.0,0.0
2003-09-09 00:00:00+09:00,294.0,306.0,290.0,294.0,8465,0.0,0.0
2003-09-10 00:00:00+09:00,294.0,294.0,294.0,294.0,0,0.0,0.0
2003-09-11 00:00:00+09:00,294.0,294.0,294.0,294.0,0,0.0,0.0
2003-09-12 00:00:00+09:00,294.0,294.0,294.0,294.0,0,0.0,0.0
2003-09-15 00:00:00+09:00,298.0,305.0,290.0,298.0,23305,0.0,0.0
2003-09-16 00:00:00+09:00,316.0,329.0,263.0,316.0,32455,0.0,0.0
2003-09-17 00:00:00+09:00,292.0,308.0,287.0,292.0,5355,0.0,0.0
2003-09-18 00:00:00+09:00,295.0,326.0,284.0,295.0,24745,0.0,0.0
2003-09-19 00:00:00+09:00,293.0,317.0,292.0,293.0,5355,0.0,0.0
2003-09-22 00:00:00+09:00,290.0,310.0,290.0,290.0,3015,0.0,0.0
2003-09-23 00:00:00+09:00,300.0,307.0,266.0,300.0,2840,0.0,0.0
2003-09-24 00:00:00+09:00,336.0,336.0,291.0,336.0,68175,0.0,0.0
2003-09-25 00:00:00+09:00,374.0,376.0,328.0,374.0,89935,0.0,0.0
2003-09-26 00:00:00+09:00,332.0,384.0,331.0,332.0,40155,0.0,0.0
2003-09-29 00:00:00+09:00,314.0,320.0,293.0,314.0,67145,0.0,0.0
2003-09-30 00:00:00+09:00,326.0,338.0,292.0,326.0,12310,0.0,0.0
2003-10-01 00:00:00+09:00,329.0,338.0,293.0,329.0,9145,0.0,0.0
2003-10-02 00:00:00+09:00,320.0,324.0,304.0,320.0,29585,0.0,0.0
2003-10-03 00:00:00+09:00,320.0,320.0,320.0,320.0,0,0.0,0.0
2003-10-06 00:00:00+09:00,308.0,356.0,307.0,308.0,16050,0.0,0.0
2003-10-07 00:00:00+09:00,320.0,328.0,290.0,320.0,38910,0.0,0.0
2003-10-08 00:00:00+09:00,301.0,324.0,301.0,301.0,3410,0.0,0.0
2003-10-09 00:00:00+09:00,319.0,331.0,298.0,319.0,21420,0.0,0.0
2003-10-10 00:00:00+09:00,340.0,348.0,306.0,340.0,26465,0.0,0.0
2003-10-13 00:00:00+09:00,366.0,368.0,305.0,366.0,10555,0.0,0.0
2003-10-14 00:00:00+09:00,354.0,396.0,354.0,354.0,33160,0.0,0.0
2003-10-15 00:00:00+09:00,356.0,373.0,313.0,356.0,18610,0.0,0.0
2003-10-16 00:00:00+09:00,354.0,375.0,324.0,354.0,5765,0.0,0.0
2003-10-17 00:00:00+09:00,373.0,375.0,320.0,373.0,28120,0.0,0.0
2003-10-20 00:00:00+09:00,417.0,417.0,417.0,417.0,31870,0.0,0.0
2003-10-21 00:00:00+09:00,467.0,467.0,467.0,467.0,55,0.0,0.0
2003-10-22 00:00:00+09:00,523.0,523.0,523.0,523.0,13360,0.0,0.0
2003-10-23 00:00:00+09:00,585.0,585.0,529.0,585.0,977255,0.0,0.0
2003-10-24 00:00:00+09:00,655.0,655.0,605.0,655.0,423805,0.0,0.0
2003-10-27 00:00:00+09:00,620.0,726.0,577.0,620.0,1050775,0.0,0.0
2003-10-28 00:00:00+09:00,652.0,658.0,578.0,652.0,524745,0.0,0.0
2003-10-29 00:00:00+09:00,730.0,730.0,652.0,730.0,204305,0.0,0.0
2003-10-30 00:00:00+09:00,706.0,810.0,666.0,706.0,426740,0.0,0.0
2003-10-31 00:00:00+09:00,663.0,740.0,655.0,663.0,238555,0.0,0.0
2003-11-03 00:00:00+09:00,671.0,698.0,631.0,671.0,191915,0.0,0.0
2003-11-04 00:00:00+09:00,632.0,688.0,591.0,632.0,315330,0.0,0.0
2003-11-05 00:00:00+09:00,707.0,707.0,660.0,707.0,136630,0.0,0.0
2003-11-06 00:00:00+09:00,632.0,714.0,626.0,632.0,334765,0.0,0.0
2003-11-07 00:00:00+09:00,591.0,652.0,586.0,591.0,80065,0.0,0.0
2003-11-10 00:00:00+09:00,552.0,635.0,550.0,552.0,79315,0.0,0.0
2003-11-11 00:00:00+09:00,561.0,618.0,512.0,561.0,227680,0.0,0.0
2003-11-12 00:00:00+09:00,510.0,596.0,510.0,510.0,142995,0.0,0.0
2003-11-13 00:00:00+09:00,468.0,510.0,460.0,468.0,209750,0.0,0.0
2003-11-14 00:00:00+09:00,488.0,502.0,460.0,488.0,84415,0.0,0.0
2003-11-17 00:00:00+09:00,454.0,499.0,454.0,454.0,78245,0.0,0.0
2003-11-18 00:00:00+09:00,463.0,470.0,430.0,463.0,127230,0.0,0.0
2003-11-19 00:00:00+09:00,440.0,499.0,429.0,440.0,94350,0.0,0.0
2003-11-20 00:00:00+09:00,450.0,470.0,410.0,450.0,74465,0.0,0.0
2003-11-21 00:00:00+09:00,438.0,459.0,427.0,438.0,65460,0.0,0.0
2003-11-24 00:00:00+09:00,404.0,451.0,402.0,404.0,42015,0.0,0.0
2003-11-25 00:00:00+09:00,406.0,416.0,391.0,406.0,20655,0.0,0.0
2003-11-26 00:00:00+09:00,398.0,430.0,372.0,398.0,80630,0.0,0.0
2003-11-27 00:00:00+09:00,445.0,445.0,386.0,445.0,312490,0.0,0.0
2003-11-28 00:00:00+09:00,429.0,497.0,429.0,429.0,212835,0.0,0.0
2003-12-01 00:00:00+09:00,480.0,480.0,422.0,480.0,120390,0.0,0.0
2003-12-02 00:00:00+09:00,479.0,529.0,423.0,479.0,245315,0.0,0.0
2003-12-03 00:00:00+09:00,473.0,518.0,458.0,473.0,69215,0.0,0.0
2003-12-04 00:00:00+09:00,446.0,502.0,440.0,446.0,97400,0.0,0.0
2003-12-05 00:00:00+09:00,460.0,468.0,432.0,460.0,95390,0.0,0.0
2003-12-08 00:00:00+09:00,454.0,466.0,430.0,454.0,29910,0.0,0.0
2003-12-09 00:00:00+09:00,457.0,466.0,436.0,457.0,102880,0.0,0.0
2003-12-10 00:00:00+09:00,452.0,457.0,432.0,452.0,65340,0.0,0.0
2003-12-11 00:00:00+09:00,442.0,466.0,437.0,442.0,33365,0.0,0.0
2003-12-12 00:00:00+09:00,439.0,460.0,430.0,439.0,95815,0.0,0.0
2003-12-15 00:00:00+09:00,439.0,458.0,430.0,439.0,93180,0.0,0.0
2003-12-16 00:00:00+09:00,439.0,463.0,422.0,439.0,133770,0.0,0.0
2003-12-17 00:00:00+09:00,423.0,446.0,422.0,423.0,67600,0.0,0.0
2003-12-18 00:00:00+09:00,444.0,454.0,422.0,444.0,127250,0.0,0.0
2003-12-19 00:00:00+09:00,422.0,448.0,422.0,422.0,111860,0.0,0.0
2003-12-22 00:00:00+09:00,424.0,441.0,392.0,424.0,42195,0.0,0.0
2003-12-23 00:00:00+09:00,417.0,440.0,403.0,417.0,9260,0.0,0.0
2003-12-24 00:00:00+09:00,370.0,416.0,367.0,370.0,98880,0.0,0.0
2003-12-25 00:00:00+09:00,370.0,370.0,370.0,370.0,0,0.0,0.0
2003-12-26 00:00:00+09:00,366.0,378.0,341.0,366.0,14130,0.0,0.0
2003-12-29 00:00:00+09:00,362.0,399.0,360.0,362.0,12365,0.0,0.0
2003-12-30 00:00:00+09:00,362.0,378.0,358.0,362.0,29075,0.0,0.0
2003-12-31 00:00:00+09:00,362.0,362.0,362.0,362.0,0,0.0,0.0
2004-01-01 00:00:00+09:00,362.0,362.0,362.0,362.0,0,0.0,0.0
2004-01-02 00:00:00+09:00,378.0,390.0,361.0,378.0,23095,0.0,0.0
2004-01-05 00:00:00+09:00,367.0,380.0,365.0,367.0,13030,0.0,0.0
2004-01-06 00:00:00+09:00,368.0,369.0,367.0,368.0,7770,0.0,0.0
2004-01-07 00:00:00+09:00,380.0,387.0,362.0,380.0,12445,0.0,0.0
2004-01-08 00:00:00+09:00,376.0,397.0,370.0,376.0,7150,0.0,0.0
2004-01-09 00:00:00+09:00,380.0,420.0,379.0,380.0,14225,0.0,0.0
2004-01-12 00:00:00+09:00,384.0,404.0,369.0,384.0,11345,0.0,0.0
2004-01-13 00:00:00+09:00,385.0,400.0,371.0,385.0,19520,0.0,0.0
2004-01-14 00:00:00+09:00,373.0,380.0,364.0,373.0,8955,0.0,0.0
2004-01-15 00:00:00+09:00,378.0,409.0,372.0,378.0,40210,0.0,0.0
2004-01-16 00:00:00+09:00,388.0,391.0,373.0,388.0,23030,0.0,0.0
2004-01-19 00:00:00+09:00,383.0,388.0,360.0,383.0,20290,0.0,0.0
2004-01-20 00:00:00+09:00,386.0,386.0,368.0,386.0,13665,0.0,0.0
2004-01-21 00:00:00+09:00,386.0,386.0,386.0,386.0,0,0.0,0.0
2004-01-22 00:00:00+09:00,386.0,386.0,386.0,386.0,0,0.0,0.0
2004-01-23 00:00:00+09:00,386.0,386.0,386.0,386.0,0,0.0,0.0
2004-01-26 00:00:00+09:00,379.0,400.0,376.0,379.0,18445,0.0,0.0
2004-01-27 00:00:00+09:00,385.0,388.0,374.0,385.0,2210,0.0,0.0
2004-01-28 00:00:00+09:00,372.0,401.0,372.0,372.0,7545,0.0,0.0
2004-01-29 00:00:00+09:00,416.0,416.0,374.0,416.0,62525,0.0,0.0
2004-01-30 00:00:00+09:00,465.0,465.0,416.0,465.0,110460,0.0,0.0
2004-02-02 00:00:00+09:00,418.0,520.0,415.0,418.0,237150,0.0,0.0
2004-02-03 00:00:00+09:00,410.0,436.0,391.0,410.0,109040,0.0,0.0
2004-02-04 00:00:00+09:00,416.0,438.0,400.0,416.0,106530,0.0,0.0
2004-02-05 00:00:00+09:00,418.0,428.0,410.0,418.0,47520,0.0,0.0
2004-02-06 00:00:00+09:00,429.0,440.0,385.0,429.0,41780,0.0,0.0
2004-02-09 00:00:00+09:00,380.0,434.0,380.0,380.0,138115,0.0,0.0
2004-02-10 00:00:00+09:00,381.0,396.0,366.0,381.0,31900,0.0,0.0
2004-02-11 00:00:00+09:00,381.0,398.0,380.0,381.0,29885,0.0,0.0
2004-02-12 00:00:00+09:00,382.0,400.0,375.0,382.0,9285,0.0,0.0
2004-02-13 00:00:00+09:00,391.0,396.0,351.0,391.0,19225,0.0,0.0
2004-02-16 00:00:00+09:00,390.0,391.0,370.0,390.0,5275,0.0,0.0
2004-02-17 00:00:00+09:00,390.0,398.0,370.0,390.0,8245,0.0,0.0
2004-02-18 00:00:00+09:00,386.0,390.0,377.0,386.0,7635,0.0,0.0
2004-02-19 00:00:00+09:00,388.0,390.0,372.0,388.0,3015,0.0,0.0
2004-02-20 00:00:00+09:00,388.0,388.0,374.0,388.0,17930,0.0,0.0
2004-02-23 00:00:00+09:00,388.0,388.0,359.0,388.0,5220,0.0,0.0
2004-02-24 00:00:00+09:00,380.0,384.0,370.0,380.0,2280,0.0,0.0
2004-02-25 00:00:00+09:00,382.0,386.0,362.0,382.0,8445,0.0,0.0
2004-02-26 00:00:00+09:00,370.0,384.0,346.0,370.0,35355,0.0,0.0
2004-02-27 00:00:00+09:00,367.0,370.0,350.0,367.0,11840,0.0,0.0
2004-03-01 00:00:00+09:00,367.0,367.0,367.0,367.0,0,0.0,0.0
2004-03-02 00:00:00+09:00,358.0,380.0,355.0,358.0,4655,0.0,0.0
2004-03-03 00:00:00+09:00,374.0,378.0,355.0,374.0,1735,0.0,0.0
2004-03-04 00:00:00+09:00,369.0,370.0,342.0,369.0,28925,0.0,0.0
2004-03-05 00:00:00+09:00,358.0,369.0,358.0,358.0,14815,0.0,0.0
2004-03-08 00:00:00+09:00,352.0,362.0,349.0,352.0,1730,0.0,0.0
2004-03-09 00:00:00+09:00,350.0,370.0,347.0,350.0,1350,0.0,0.0
2004-03-10 00:00:00+09:00,354.0,359.0,349.0,354.0,6280,0.0,0.0
2004-03-11 00:00:00+09:00,346.0,354.0,345.0,346.0,2190,0.0,0.0
2004-03-12 00:00:00+09:00,356.0,359.0,338.0,356.0,12585,0.0,0.0
2004-03-15 00:00:00+09:00,359.0,379.0,343.0,359.0,2255,0.0,0.0
2004-03-16 00:00:00+09:00,358.0,368.0,321.0,358.0,16390,0.0,0.0
2004-03-17 00:00:00+09:00,347.0,359.0,321.0,347.0,6885,0.0,0.0
2004-03-18 00:00:00+09:00,360.0,362.0,344.0,360.0,12480,0.0,0.0
2004-03-19 00:00:00+09:00,360.0,368.0,355.0,360.0,645,0.0,0.0
2004-03-22 00:00:00+09:00,360.0,396.0,327.0,360.0,13725,0.0,0.0
2004-03-23 00:00:00+09:00,379.0,385.0,350.0,379.0,1775,0.0,0.0
2004-03-24 00:00:00+09:00,360.0,399.0,360.0,360.0,3230,0.0,0.0
2004-03-25 00:00:00+09:00,350.0,375.0,350.0,350.0,2050,0.0,0.0
2004-03-26 00:00:00+09:00,351.0,368.0,350.0,351.0,70,0.0,0.0
2004-03-29 00:00:00+09:00,352.0,386.0,343.0,352.0,880,0.0,0.0
2004-03-30 00:00:00+09:00,372.0,379.0,322.0,372.0,14505,0.0,0.0
2004-03-31 00:00:00+09:00,369.0,380.0,356.0,369.0,5215,0.0,0.0
2004-04-01 00:00:00+09:00,350.0,369.0,347.0,350.0,2235,0.0,0.0
2004-04-02 00:00:00+09:00,341.0,369.0,321.0,341.0,50860,0.0,0.0
2004-04-05 00:00:00+09:00,341.0,341.0,341.0,341.0,0,0.0,0.0
2004-04-06 00:00:00+09:00,350.0,363.0,322.0,350.0,51920,0.0,0.0
2004-04-07 00:00:00+09:00,336.0,352.0,332.0,336.0,45705,0.0,0.0
2004-04-08 00:00:00+09:00,329.0,340.0,329.0,329.0,15500,0.0,0.0
2004-04-09 00:00:00+09:00,342.0,344.0,328.0,342.0,8475,0.0,0.0
2004-04-12 00:00:00+09:00,334.0,343.0,333.0,334.0,6160,0.0,0.0
2004-04-13 00:00:00+09:00,322.0,338.0,314.0,322.0,33145,0.0,0.0
2004-04-14 00:00:00+09:00,308.0,339.0,293.0,308.0,192160,0.0,0.0
2004-04-15 00:00:00+09:00,308.0,308.0,308.0,308.0,0,0.0,0.0
2004-04-16 00:00:00+09:00,308.0,320.0,302.0,308.0,12430,0.0,0.0
2004-04-19 00:00:00+09:00,308.0,334.0,308.0,308.0,33975,0.0,0.0
2004-04-20 00:00:00+09:00,308.0,318.0,296.0,308.0,12740,0.0,0.0
2004-04-21 00:00:00+09:00,312.0,319.0,299.0,312.0,38100,0.0,0.0
2004-04-22 00:00:00+09:00,322.0,326.0,303.0,322.0,33965,0.0,0.0
2004-04-23 00:00:00+09:00,318.0,341.0,314.0,318.0,6350,0.0,0.0
2004-04-26 00:00:00+09:00,340.0,340.0,303.0,340.0,25975,0.0,0.0
2004-04-27 00:00:00+09:00,326.0,339.0,324.0,326.0,5940,0.0,0.0
2004-04-28 00:00:00+09:00,329.0,356.0,320.0,329.0,16125,0.0,0.0
2004-04-29 00:00:00+09:00,334.0,335.0,329.0,334.0,4335,0.0,0.0
2004-04-30 00:00:00+09:00,332.0,341.0,316.0,332.0,13505,0.0,0.0
2004-05-03 00:00:00+09:00,334.0,339.0,307.0,334.0,4680,0.0,0.0
2004-05-04 00:00:00+09:00,315.0,331.0,300.0,315.0,28445,0.0,0.0
2004-05-05 00:00:00+09:00,315.0,315.0,315.0,315.0,0,0.0,0.0
2004-05-06 00:00:00+09:00,310.0,312.0,301.0,304.0,10250,0.0,0.0
2004-05-07 00:00:00+09:00,302.0,311.0,302.0,311.0,260,0.0,0.0
2004-05-10 00:00:00+09:00,320.0,320.0,279.0,279.0,11100,0.0,0.0
2004-05-11 00:00:00+09:00,296.0,301.0,262.0,278.0,990,0.0,0.0
2004-05-12 00:00:00+09:00,277.0,300.0,277.0,296.0,1255,0.0,0.0
2004-05-13 00:00:00+09:00,328.0,328.0,273.0,319.0,3275,0.0,0.0
2004-05-14 00:00:00+09:00,327.0,327.0,298.0,322.0,715,0.0,0.0
2004-05-17 00:00:00+09:00,322.0,322.0,322.0,322.0,0,0.0,0.0
2004-05-18 00:00:00+09:00,322.0,322.0,322.0,322.0,0,0.0,0.0
2004-05-19 00:00:00+09:00,322.0,322.0,322.0,322.0,0,0.0,0.0
2004-05-20 00:00:00+09:00,284.0,284.0,284.0,284.0,5965,0.0,0.0
2004-05-21 00:00:00+09:00,250.0,317.0,250.0,282.0,46790,0.0,0.0
2004-05-24 00:00:00+09:00,282.0,283.0,249.0,254.0,54840,0.0,0.0
2004-05-25 00:00:00+09:00,238.0,268.0,228.0,254.0,13985,0.0,0.0
2004-05-26 00:00:00+09:00,254.0,254.0,254.0,254.0,0,0.0,0.0
2004-05-27 00:00:00+09:00,250.0,265.0,229.0,237.0,11620,0.0,0.0
2004-05-28 00:00:00+09:00,234.0,265.0,230.0,260.0,159275,0.0,0.0
2004-05-31 00:00:00+09:00,250.0,271.0,230.0,254.0,64085,0.0,0.0
2004-06-01 00:00:00+09:00,242.0,257.0,224.0,227.0,56260,0.0,0.0
2004-06-02 00:00:00+09:00,236.0,236.0,210.0,229.0,51925,0.0,0.0
2004-06-03 00:00:00+09:00,233.0,256.0,223.0,247.0,7205,0.0,0.0
2004-06-04 00:00:00+09:00,236.0,249.0,218.0,232.0,42845,0.0,0.0
2004-06-07 00:00:00+09:00,238.0,259.0,225.0,259.0,21580,0.0,0.0
2004-06-08 00:00:00+09:00,257.0,286.0,247.0,282.0,3875,0.0,0.0
2004-06-09 00:00:00+09:00,305.0,305.0,249.0,270.0,35380,0.0,0.0
2004-06-10 00:00:00+09:00,294.0,294.0,238.0,240.0,38735,0.0,0.0
2004-06-11 00:00:00+09:00,254.0,254.0,212.0,212.0,29580,0.0,0.0
2004-06-14 00:00:00+09:00,224.0,237.0,223.0,237.0,106360,0.0,0.0
2004-06-15 00:00:00+09:00,237.0,256.0,209.0,220.0,28055,0.0,0.0
2004-06-16 00:00:00+09:00,236.0,236.0,207.0,211.0,31635,0.0,0.0
2004-06-17 00:00:00+09:00,201.0,214.0,201.0,204.0,15525,0.0,0.0
2004-06-18 00:00:00+09:00,217.0,217.0,188.0,208.0,13080,0.0,0.0
2004-06-21 00:00:00+09:00,188.0,204.0,188.0,196.0,27535,0.0,0.0
2004-06-22 00:00:00+09:00,181.0,195.0,173.0,185.0,58765,0.0,0.0
2004-06-23 00:00:00+09:00,194.0,194.0,181.0,182.0,18800,0.0,0.0
2004-06-24 00:00:00+09:00,182.0,197.0,180.0,190.0,10495,0.0,0.0
2004-06-25 00:00:00+09:00,197.0,197.0,184.0,194.0,8905,0.0,0.0
2004-06-28 00:00:00+09:00,182.0,198.0,182.0,185.0,23365,0.0,0.0
2004-06-29 00:00:00+09:00,198.0,199.0,172.0,186.0,5890,0.0,0.0
2004-06-30 00:00:00+09:00,196.0,196.0,195.0,196.0,370,0.0,0.0
2004-07-01 00:00:00+09:00,203.0,203.0,185.0,198.0,23115,0.0,0.0
2004-07-02 00:00:00+09:00,198.0,200.0,181.0,196.0,15330,0.0,0.0
2004-07-05 00:00:00+09:00,198.0,198.0,183.0,198.0,9935,0.0,0.0
2004-07-06 00:00:00+09:00,200.0,218.0,185.0,186.0,22745,0.0,0.0
2004-07-07 00:00:00+09:00,197.0,198.0,180.0,197.0,2235,0.0,0.0
2004-07-08 00:00:00+09:00,199.0,199.0,199.0,199.0,35,0.0,0.0
2004-07-09 00:00:00+09:00,199.0,216.0,188.0,214.0,4120,0.0,0.0
2004-07-12 00:00:00+09:00,224.0,224.0,193.0,214.0,370,0.0,0.0
2004-07-13 00:00:00+09:00,195.0,198.0,189.0,189.0,17785,0.0,0.0
2004-07-14 00:00:00+09:00,198.0,206.0,187.0,202.0,3760,0.0,0.0
2004-07-15 00:00:00+09:00,195.0,195.0,182.0,190.0,15300,0.0,0.0
2004-07-16 00:00:00+09:00,208.0,212.0,178.0,196.0,15270,0.0,0.0
2004-07-19 00:00:00+09:00,196.0,200.0,176.0,194.0,22750,0.0,0.0
2004-07-20 00:00:00+09:00,206.0,215.0,182.0,215.0,2460,0.0,0.0
2004-07-21 00:00:00+09:00,216.0,216.0,193.0,194.0,640,0.0,0.0
2004-07-22 00:00:00+09:00,194.0,194.0,194.0,194.0,0,0.0,0.0
2004-07-23 00:00:00+09:00,204.0,209.0,199.0,200.0,10180,0.0,0.0
2004-07-26 00:00:00+09:00,200.0,200.0,200.0,200.0,45,0.0,0.0
2004-07-27 00:00:00+09:00,184.0,200.0,182.0,200.0,13000,0.0,0.0
2004-07-28 00:00:00+09:00,177.0,199.0,177.0,196.0,2960,0.0,0.0
2004-07-29 00:00:00+09:00,189.0,196.0,177.0,196.0,1575,0.0,0.0
2004-07-30 00:00:00+09:00,176.0,196.0,176.0,196.0,735,0.0,0.0
2004-08-02 00:00:00+09:00,183.0,183.0,176.0,180.0,9345,0.0,0.0
2004-08-03 00:00:00+09:00,201.0,201.0,164.0,190.0,1965,0.0,0.0
2004-08-04 00:00:00+09:00,199.0,199.0,199.0,199.0,500,0.0,0.0
2004-08-05 00:00:00+09:00,218.0,218.0,210.0,211.0,1535,0.0,0.0
2004-08-06 00:00:00+09:00,188.0,216.0,188.0,196.0,5875,0.0,0.0
2004-08-09 00:00:00+09:00,199.0,199.0,177.0,198.0,6550,0.0,0.0
2004-08-10 00:00:00+09:00,190.0,206.0,177.0,204.0,10700,0.0,0.0
2004-08-11 00:00:00+09:00,188.0,202.0,186.0,186.0,6280,0.0,0.0
2004-08-12 00:00:00+09:00,190.0,196.0,182.0,196.0,515,0.0,0.0
2004-08-13 00:00:00+09:00,196.0,203.0,185.0,203.0,40,0.0,0.0
2004-08-16 00:00:00+09:00,199.0,199.0,184.0,190.0,1105,0.0,0.0
2004-08-17 00:00:00+09:00,208.0,208.0,190.0,190.0,2510,0.0,0.0
2004-08-18 00:00:00+09:00,190.0,190.0,190.0,190.0,5540,0.0,0.0
2004-08-19 00:00:00+09:00,186.0,186.0,186.0,186.0,5750,0.0,0.0
2004-08-20 00:00:00+09:00,190.0,190.0,186.0,186.0,525,0.0,0.0
2004-08-23 00:00:00+09:00,186.0,186.0,175.0,186.0,580,0.0,0.0
2004-08-24 00:00:00+09:00,190.0,190.0,180.0,189.0,3805,0.0,0.0
2004-08-25 00:00:00+09:00,192.0,192.0,170.0,170.0,4870,0.0,0.0
2004-08-26 00:00:00+09:00,185.0,186.0,172.0,184.0,2085,0.0,0.0
2004-08-27 00:00:00+09:00,173.0,188.0,163.0,188.0,5520,0.0,0.0
2004-08-30 00:00:00+09:00,180.0,190.0,171.0,173.0,435,0.0,0.0
2004-08-31 00:00:00+09:00,180.0,180.0,170.0,180.0,10510,0.0,0.0
2004-09-01 00:00:00+09:00,180.0,200.0,180.0,192.0,6070,0.0,0.0
2004-09-02 00:00:00+09:00,200.0,200.0,173.0,197.0,235,0.0,0.0
2004-09-03 00:00:00+09:00,174.0,206.0,174.0,175.0,2520,0.0,0.0
2004-09-06 00:00:00+09:00,184.0,184.0,184.0,184.0,250,0.0,0.0
2004-09-07 00:00:00+09:00,166.0,200.0,166.0,193.0,4110,0.0,0.0
2004-09-08 00:00:00+09:00,193.0,195.0,172.0,195.0,2905,0.0,0.0
2004-09-09 00:00:00+09:00,180.0,195.0,174.0,195.0,545,0.0,0.0
2004-09-10 00:00:00+09:00,199.0,199.0,174.0,180.0,1300,0.0,0.0
2004-09-13 00:00:00+09:00,198.0,198.0,180.0,180.0,60,0.0,0.0
2004-09-14 00:00:00+09:00,162.0,197.0,162.0,182.0,3525,0.0,0.0
2004-09-15 00:00:00+09:00,184.0,184.0,170.0,182.0,845,0.0,0.0
2004-09-16 00:00:00+09:00,199.0,199.0,166.0,194.0,4265,0.0,0.0
2004-09-17 00:00:00+09:00,200.0,200.0,175.0,176.0,12165,0.0,0.0
2004-09-20 00:00:00+09:00,170.0,189.0,170.0,171.0,1115,0.0,0.0
2004-09-21 00:00:00+09:00,179.0,191.0,171.0,191.0,33275,0.0,0.0
2004-09-22 00:00:00+09:00,208.0,213.0,181.0,184.0,94505,0.0,0.0
2004-09-23 00:00:00+09:00,200.0,200.0,172.0,190.0,1970,0.0,0.0
2004-09-24 00:00:00+09:00,208.0,212.0,171.0,212.0,10980,0.0,0.0
2004-09-27 00:00:00+09:00,212.0,212.0,212.0,212.0,0,0.0,0.0
2004-09-28 00:00:00+09:00,212.0,212.0,212.0,212.0,0,0.0,0.0
2004-09-29 00:00:00+09:00,212.0,212.0,212.0,212.0,0,0.0,0.0
2004-09-30 00:00:00+09:00,236.0,236.0,192.0,211.0,9540,0.0,0.0
2004-10-01 00:00:00+09:00,235.0,235.0,194.0,200.0,39320,0.0,0.0
2004-10-04 00:00:00+09:00,200.0,217.0,197.0,206.0,10565,0.0,0.0
2004-10-05 00:00:00+09:00,200.0,218.0,197.0,200.0,12275,0.0,0.0
2004-10-06 00:00:00+09:00,198.0,224.0,198.0,214.0,4230,0.0,0.0
2004-10-07 00:00:00+09:00,200.0,214.0,198.0,200.0,7275,0.0,0.0
2004-10-08 00:00:00+09:00,200.0,212.0,200.0,200.0,8930,0.0,0.0
2004-10-11 00:00:00+09:00,208.0,208.0,196.0,197.0,19475,0.0,0.0
2004-10-12 00:00:00+09:00,214.0,214.0,200.0,200.0,5480,0.0,0.0
2004-10-13 00:00:00+09:00,207.0,224.0,196.0,224.0,39155,0.0,0.0
2004-10-14 00:00:00+09:00,234.0,250.0,224.0,250.0,26525,0.0,0.0
2004-10-15 00:00:00+09:00,280.0,280.0,280.0,280.0,38710,0.0,0.0
2004-10-18 00:00:00+09:00,313.0,313.0,313.0,313.0,3055,0.0,0.0
2004-10-19 00:00:00+09:00,350.0,350.0,349.0,350.0,84780,0.0,0.0
2004-10-20 00:00:00+09:00,336.0,348.0,308.0,308.0,219460,0.0,0.0
2004-10-21 00:00:00+09:00,311.0,344.0,311.0,344.0,138320,0.0,0.0
2004-10-22 00:00:00+09:00,384.0,385.0,382.0,385.0,103325,0.0,0.0
2004-10-25 00:00:00+09:00,431.0,431.0,431.0,431.0,20570,0.0,0.0
2004-10-26 00:00:00+09:00,480.0,480.0,380.0,390.0,336080,0.0,0.0
2004-10-27 00:00:00+09:00,390.0,416.0,344.0,344.0,126360,0.0,0.0
2004-10-28 00:00:00+09:00,314.0,337.0,303.0,304.0,126825,0.0,0.0
2004-10-29 00:00:00+09:00,304.0,340.0,272.0,337.0,107440,0.0,0.0
2004-11-01 00:00:00+09:00,320.0,355.0,297.0,330.0,94470,0.0,0.0
2004-11-02 00:00:00+09:00,310.0,339.0,291.0,291.0,147195,0.0,0.0
2004-11-03 00:00:00+09:00,271.0,298.0,257.0,258.0,157640,0.0,0.0
2004-11-04 00:00:00+09:00,261.0,275.0,250.0,265.0,72710,0.0,0.0
2004-11-05 00:00:00+09:00,275.0,275.0,256.0,266.0,56730,0.0,0.0
2004-11-08 00:00:00+09:00,257.0,270.0,247.0,251.0,53080,0.0,0.0
2004-11-09 00:00:00+09:00,274.0,274.0,248.0,270.0,25940,0.0,0.0
2004-11-10 00:00:00+09:00,260.0,274.0,241.0,251.0,69955,0.0,0.0
2004-11-11 00:00:00+09:00,260.0,260.0,240.0,250.0,14095,0.0,0.0
2004-11-12 00:00:00+09:00,242.0,278.0,242.0,269.0,40785,0.0,0.0
2004-11-15 00:00:00+09:00,276.0,296.0,256.0,284.0,10330,0.0,0.0
2004-11-16 00:00:00+09:00,270.0,289.0,250.0,250.0,97165,0.0,0.0
2004-11-17 00:00:00+09:00,242.0,253.0,236.0,248.0,45975,0.0,0.0
2004-11-18 00:00:00+09:00,247.0,248.0,224.0,246.0,27725,0.0,0.0
2004-11-19 00:00:00+09:00,250.0,255.0,233.0,255.0,3240,0.0,0.0
2004-11-22 00:00:00+09:00,255.0,255.0,233.0,233.0,20540,0.0,0.0
2004-11-23 00:00:00+09:00,233.0,260.0,233.0,248.0,55255,0.0,0.0
2004-11-24 00:00:00+09:00,256.0,256.0,227.0,236.0,46850,0.0,0.0
2004-11-25 00:00:00+09:00,226.0,256.0,226.0,253.0,12110,0.0,0.0
2004-11-26 00:00:00+09:00,260.0,269.0,240.0,254.0,9190,0.0,0.0
2004-11-29 00:00:00+09:00,234.0,256.0,234.0,250.0,32275,0.0,0.0
2004-11-30 00:00:00+09:00,254.0,254.0,238.0,244.0,33970,0.0,0.0
2004-12-01 00:00:00+09:00,244.0,250.0,234.0,240.0,29265,0.0,0.0
2004-12-02 00:00:00+09:00,247.0,247.0,233.0,245.0,15455,0.0,0.0
2004-12-03 00:00:00+09:00,248.0,270.0,240.0,260.0,7690,0.0,0.0
2004-12-06 00:00:00+09:00,246.0,282.0,246.0,278.0,10070,0.0,0.0
2004-12-07 00:00:00+09:00,296.0,296.0,253.0,256.0,15760,0.0,0.0
2004-12-08 00:00:00+09:00,255.0,272.0,250.0,269.0,7645,0.0,0.0
2004-12-09 00:00:00+09:00,252.0,276.0,244.0,256.0,5085,0.0,0.0
2004-12-10 00:00:00+09:00,278.0,278.0,244.0,246.0,4140,0.0,0.0
2004-12-13 00:00:00+09:00,246.0,270.0,246.0,248.0,11600,0.0,0.0
2004-12-14 00:00:00+09:00,252.0,270.0,249.0,267.0,13875,0.0,0.0
2004-12-15 00:00:00+09:00,275.0,275.0,252.0,272.0,70,0.0,0.0
2004-12-16 00:00:00+09:00,261.0,290.0,258.0,280.0,39645,0.0,0.0
2004-12-17 00:00:00+09:00,276.0,313.0,273.0,313.0,62660,0.0,0.0
2004-12-20 00:00:00+09:00,346.0,346.0,290.0,294.0,54910,0.0,0.0
2004-12-21 00:00:00+09:00,314.0,314.0,264.0,286.0,14495,0.0,0.0
2004-12-22 00:00:00+09:00,264.0,308.0,261.0,270.0,5275,0.0,0.0
2004-12-23 00:00:00+09:00,261.0,276.0,252.0,271.0,30975,0.0,0.0
2004-12-24 00:00:00+09:00,283.0,283.0,252.0,272.0,165,0.0,0.0
2004-12-27 00:00:00+09:00,276.0,276.0,244.0,260.0,2785,0.0,0.0
2004-12-28 00:00:00+09:00,254.0,272.0,242.0,251.0,11175,0.0,0.0
2004-12-29 00:00:00+09:00,241.0,281.0,241.0,281.0,26270,0.0,0.0
2004-12-30 00:00:00+09:00,290.0,290.0,264.0,288.0,2330,0.0,0.0
2005-01-03 00:00:00+09:00,288.0,288.0,258.0,288.0,780,0.0,0.0
2005-01-04 00:00:00+09:00,299.0,299.0,260.0,273.0,21485,0.0,0.0
2005-01-05 00:00:00+09:00,272.0,272.0,243.0,261.0,25445,0.0,0.0
2005-01-06 00:00:00+09:00,246.0,275.0,246.0,255.0,23080,0.0,0.0
2005-01-07 00:00:00+09:00,262.0,272.0,254.0,267.0,19705,0.0,0.0
2005-01-10 00:00:00+09:00,241.0,273.0,241.0,260.0,6250,0.0,0.0
2005-01-11 00:00:00+09:00,237.0,267.0,237.0,260.0,32920,0.0,0.0
2005-01-12 00:00:00+09:00,279.0,291.0,255.0,280.0,50495,0.0,0.0
2005-01-13 00:00:00+09:00,295.0,295.0,256.0,256.0,10005,0.0,0.0
2005-01-14 00:00:00+09:00,260.0,274.0,256.0,266.0,970,0.0,0.0
2005-01-17 00:00:00+09:00,247.0,280.0,247.0,280.0,31055,0.0,0.0
2005-01-18 00:00:00+09:00,284.0,284.0,262.0,282.0,1100,0.0,0.0
2005-01-19 00:00:00+09:00,279.0,292.0,262.0,271.0,7965,0.0,0.0
2005-01-20 00:00:00+09:00,272.0,286.0,255.0,255.0,7410,0.0,0.0
2005-01-21 00:00:00+09:00,276.0,276.0,254.0,260.0,9520,0.0,0.0
2005-01-24 00:00:00+09:00,263.0,280.0,262.0,274.0,12755,0.0,0.0
2005-01-25 00:00:00+09:00,302.0,306.0,275.0,282.0,28410,0.0,0.0
2005-01-26 00:00:00+09:00,258.0,315.0,258.0,315.0,70110,0.0,0.0
2005-01-27 00:00:00+09:00,339.0,352.0,291.0,342.0,119955,0.0,0.0
2005-01-28 00:00:00+09:00,310.0,360.0,301.0,321.0,34910,0.0,0.0
2005-01-31 00:00:00+09:00,304.0,305.0,290.0,292.0,16350,0.0,0.0
2005-02-01 00:00:00+09:00,292.0,292.0,282.0,282.0,3575,0.0,0.0
2005-02-02 00:00:00+09:00,272.0,292.0,270.0,287.0,12755,0.0,0.0
2005-02-03 00:00:00+09:00,282.0,282.0,275.0,281.0,1480,0.0,0.0
2005-02-04 00:00:00+09:00,280.0,281.0,260.0,278.0,8935,0.0,0.0
2005-02-07 00:00:00+09:00,274.0,298.0,262.0,290.0,0,0.0,0.0
2005-02-11 00:00:00+09:00,280.0,293.0,272.0,284.0,14690,0.0,0.0
2005-02-14 00:00:00+09:00,274.0,297.0,274.0,284.0,9850,0.0,0.0
2005-02-15 00:00:00+09:00,279.0,288.0,276.0,278.0,22405,0.0,0.0
2005-02-16 00:00:00+09:00,280.0,300.0,280.0,280.0,51125,0.0,0.0
2005-02-17 00:00:00+09:00,282.0,300.0,282.0,285.0,22440,0.0,0.0
2005-02-18 00:00:00+09:00,290.0,318.0,287.0,314.0,57625,0.0,0.0
2005-02-21 00:00:00+09:00,328.0,338.0,300.0,329.0,47820,0.0,0.0
2005-02-22 00:00:00+09:00,329.0,330.0,308.0,315.0,32475,0.0,0.0
2005-02-23 00:00:00+09:00,278.0,324.0,278.0,307.0,40935,0.0,0.0
2005-02-24 00:00:00+09:00,297.0,308.0,284.0,303.0,35310,0.0,0.0
2005-02-25 00:00:00+09:00,304.0,317.0,294.0,298.0,36730,0.0,0.0
2005-02-28 00:00:00+09:00,291.0,310.0,291.0,299.0,29585,0.0,0.0
2005-03-02 00:00:00+09:00,297.0,319.0,296.0,298.0,57485,0.0,0.0
2005-03-03 00:00:00+09:00,316.0,316.0,274.0,300.0,30110,0.0,0.0
2005-03-04 00:00:00+09:00,296.0,313.0,294.0,301.0,23590,0.0,0.0
2005-03-07 00:00:00+09:00,301.0,318.0,296.0,301.0,12710,0.0,0.0
2005-03-08 00:00:00+09:00,300.0,316.0,296.0,312.0,5780,0.0,0.0
2005-03-09 00:00:00+09:00,312.0,312.0,284.0,306.0,2830,0.0,0.0
2005-03-10 00:00:00+09:00,315.0,315.0,292.0,310.0,1070,0.0,0.0
2005-03-11 00:00:00+09:00,334.0,334.0,299.0,306.0,12885,0.0,0.0
2005-03-14 00:00:00+09:00,303.0,309.0,291.0,300.0,59475,0.0,0.0
2005-03-15 00:00:00+09:00,299.0,312.0,287.0,298.0,18150,0.0,0.0
2005-03-16 00:00:00+09:00,308.0,314.0,287.0,310.0,67425,0.0,0.0
2005-03-17 00:00:00+09:00,301.0,309.0,288.0,298.0,35050,0.0,0.0
2005-03-18 00:00:00+09:00,298.0,300.0,289.0,296.0,24525,0.0,0.0
2005-03-21 00:00:00+09:00,298.0,315.0,298.0,310.0,39635,0.0,0.0
2005-03-22 00:00:00+09:00,298.0,317.0,298.0,308.0,7975,0.0,0.0
2005-03-23 00:00:00+09:00,320.0,329.0,311.0,325.0,22230,0.0,0.0
2005-03-24 00:00:00+09:00,331.0,364.0,331.0,364.0,66860,0.0,0.0
2005-03-25 00:00:00+09:00,407.0,407.0,369.0,382.0,368525,0.0,0.0
2005-03-28 00:00:00+09:00,382.0,397.0,369.0,388.0,62000,0.0,0.0
2005-03-29 00:00:00+09:00,400.0,408.0,369.0,382.0,60790,0.0,0.0
2005-03-30 00:00:00+09:00,378.0,439.0,375.0,439.0,90010,0.0,0.0
2005-03-31 00:00:00+09:00,504.0,504.0,460.0,504.0,188290,0.0,0.0
2005-04-01 00:00:00+09:00,556.0,579.0,542.0,579.0,238580,0.0,0.0
2005-04-04 00:00:00+09:00,617.0,665.0,582.0,665.0,163640,0.0,0.0
2005-04-06 00:00:00+09:00,764.0,764.0,730.0,764.0,239840,0.0,0.0
2005-04-07 00:00:00+09:00,766.0,869.0,720.0,760.0,442620,0.0,0.0
2005-04-08 00:00:00+09:00,757.0,798.0,646.0,646.0,334565,0.0,0.0
2005-04-11 00:00:00+09:00,585.0,672.0,550.0,550.0,541510,0.0,0.0
2005-04-12 00:00:00+09:00,550.0,632.0,544.0,632.0,768965,0.0,0.0
2005-04-13 00:00:00+09:00,698.0,698.0,539.0,551.0,482075,0.0,0.0
2005-04-14 00:00:00+09:00,513.0,630.0,506.0,560.0,353980,0.0,0.0
2005-04-15 00:00:00+09:00,598.0,644.0,573.0,644.0,241545,0.0,0.0
2005-04-18 00:00:00+09:00,644.0,740.0,614.0,740.0,700080,0.0,0.0
2005-04-19 00:00:00+09:00,740.0,847.0,641.0,641.0,535585,0.0,0.0
2005-04-20 00:00:00+09:00,634.0,670.0,560.0,560.0,488920,0.0,0.0
2005-04-21 00:00:00+09:00,580.0,620.0,517.0,517.0,267345,0.0,0.0
2005-04-22 00:00:00+09:00,530.0,584.0,520.0,533.0,196945,0.0,0.0
2005-04-25 00:00:00+09:00,520.0,570.0,509.0,520.0,221865,0.0,0.0
2005-04-26 00:00:00+09:00,512.0,549.0,485.0,491.0,333745,0.0,0.0
2005-04-27 00:00:00+09:00,480.0,520.0,472.0,490.0,103455,0.0,0.0
2005-04-28 00:00:00+09:00,475.0,520.0,472.0,473.0,130595,0.0,0.0
2005-04-29 00:00:00+09:00,466.0,500.0,412.0,421.0,104790,0.0,0.0
2005-05-02 00:00:00+09:00,422.0,468.0,422.0,450.0,112055,0.0,0.0
2005-05-03 00:00:00+09:00,438.0,465.0,411.0,415.0,67600,0.0,0.0
2005-05-04 00:00:00+09:00,404.0,435.0,370.0,404.0,214740,0.0,0.0
2005-05-06 00:00:00+09:00,395.0,436.0,393.0,401.0,163170,0.0,0.0
2005-05-09 00:00:00+09:00,397.0,410.0,387.0,403.0,62015,0.0,0.0
2005-05-10 00:00:00+09:00,416.0,463.0,406.0,463.0,194720,0.0,0.0
2005-05-11 00:00:00+09:00,493.0,526.0,448.0,470.0,496605,0.0,0.0
2005-05-12 00:00:00+09:00,455.0,460.0,424.0,431.0,138995,0.0,0.0
2005-05-13 00:00:00+09:00,449.0,449.0,420.0,429.0,33840,0.0,0.0
2005-05-16 00:00:00+09:00,430.0,493.0,417.0,493.0,156075,0.0,0.0
2005-05-17 00:00:00+09:00,501.0,538.0,470.0,480.0,292020,0.0,0.0
2005-05-18 00:00:00+09:00,490.0,540.0,476.0,509.0,331555,0.0,0.0
2005-05-19 00:00:00+09:00,509.0,520.0,461.0,480.0,122250,0.0,0.0
2005-05-20 00:00:00+09:00,476.0,510.0,462.0,500.0,154725,0.0,0.0
2005-05-23 00:00:00+09:00,484.0,547.0,473.0,478.0,103160,0.0,0.0
2005-05-24 00:00:00+09:00,478.0,498.0,471.0,482.0,109555,0.0,0.0
2005-05-25 00:00:00+09:00,469.0,482.0,469.0,481.0,66075,0.0,0.0
2005-05-26 00:00:00+09:00,490.0,490.0,475.0,484.0,17455,0.0,0.0
2005-05-27 00:00:00+09:00,481.0,493.0,470.0,474.0,83470,0.0,0.0
2005-05-30 00:00:00+09:00,471.0,483.0,470.0,482.0,43125,0.0,0.0
2005-05-31 00:00:00+09:00,482.0,530.0,482.0,503.0,59920,0.0,0.0
2005-06-01 00:00:00+09:00,497.0,519.0,493.0,499.0,54780,0.0,0.0
2005-06-02 00:00:00+09:00,500.0,516.0,480.0,501.0,57405,0.0,0.0
2005-06-03 00:00:00+09:00,509.0,576.0,509.0,576.0,130530,0.0,0.0
2005-06-07 00:00:00+09:00,656.0,656.0,560.0,629.0,257355,0.0,0.0
2005-06-08 00:00:00+09:00,640.0,656.0,564.0,587.0,249290,0.0,0.0
2005-06-09 00:00:00+09:00,562.0,598.0,545.0,560.0,218470,0.0,0.0
2005-06-10 00:00:00+09:00,580.0,628.0,560.0,570.0,107920,0.0,0.0
2005-06-13 00:00:00+09:00,564.0,598.0,556.0,568.0,49385,0.0,0.0
2005-06-14 00:00:00+09:00,580.0,608.0,554.0,577.0,81360,0.0,0.0
2005-06-15 00:00:00+09:00,584.0,650.0,580.0,615.0,166360,0.0,0.0
2005-06-16 00:00:00+09:00,624.0,637.0,587.0,614.0,35400,0.0,0.0
2005-06-17 00:00:00+09:00,614.0,628.0,584.0,598.0,29310,0.0,0.0
2005-06-20 00:00:00+09:00,598.0,598.0,582.0,595.0,51295,0.0,0.0
2005-06-21 00:00:00+09:00,599.0,672.0,565.0,640.0,41545,0.0,0.0
2005-06-22 00:00:00+09:00,622.0,636.0,610.0,625.0,7340,0.0,0.0
2005-06-23 00:00:00+09:00,620.0,718.0,620.0,718.0,189255,0.0,0.0
2005-06-24 00:00:00+09:00,820.0,825.0,750.0,825.0,219005,0.0,0.0
2005-06-27 00:00:00+09:00,896.0,948.0,778.0,948.0,301845,0.0,0.0
2005-06-28 00:00:00+09:00,1012.0,1090.0,984.0,1090.0,143715,0.0,0.0
2005-06-29 00:00:00+09:00,1234.0,1252.0,1034.0,1100.0,544515,0.0,0.0
2005-06-30 00:00:00+09:00,1104.0,1130.0,936.0,936.0,395360,0.0,0.0
2005-07-01 00:00:00+09:00,960.0,1072.0,900.0,1020.0,706810,0.0,0.0
2005-07-04 00:00:00+09:00,974.0,1044.0,889.0,940.0,352670,0.0,0.0
2005-07-05 00:00:00+09:00,940.0,1018.0,883.0,936.0,268355,0.0,0.0
2005-07-06 00:00:00+09:00,936.0,1076.0,936.0,1076.0,263305,0.0,0.0
2005-07-07 00:00:00+09:00,1082.0,1236.0,980.0,980.0,428125,0.0,0.0
2005-07-08 00:00:00+09:00,984.0,1118.0,972.0,1006.0,391970,0.0,0.0
2005-07-11 00:00:00+09:00,1022.0,1024.0,901.0,938.0,280060,0.0,0.0
2005-07-12 00:00:00+09:00,924.0,1026.0,880.0,975.0,210390,0.0,0.0
2005-07-13 00:00:00+09:00,954.0,1030.0,910.0,918.0,153745,0.0,0.0
2005-07-14 00:00:00+09:00,912.0,938.0,880.0,914.0,135550,0.0,0.0
2005-07-15 00:00:00+09:00,914.0,980.0,890.0,980.0,113150,0.0,0.0
2005-07-18 00:00:00+09:00,952.0,977.0,922.0,941.0,61095,0.0,0.0
2005-07-19 00:00:00+09:00,977.0,980.0,877.0,918.0,218760,0.0,0.0
2005-07-20 00:00:00+09:00,914.0,935.0,860.0,877.0,72265,0.0,0.0
2005-07-21 00:00:00+09:00,877.0,877.0,820.0,830.0,51305,0.0,0.0
2005-07-22 00:00:00+09:00,781.0,828.0,729.0,772.0,88640,0.0,0.0
2005-07-25 00:00:00+09:00,760.0,792.0,744.0,789.0,50850,0.0,0.0
2005-07-26 00:00:00+09:00,761.0,880.0,761.0,853.0,73565,0.0,0.0
2005-07-27 00:00:00+09:00,840.0,855.0,773.0,784.0,56880,0.0,0.0
2005-07-28 00:00:00+09:00,766.0,799.0,766.0,780.0,51890,0.0,0.0
2005-07-29 00:00:00+09:00,838.0,868.0,782.0,840.0,97140,0.0,0.0
2005-08-01 00:00:00+09:00,840.0,896.0,798.0,830.0,74475,0.0,0.0
2005-08-02 00:00:00+09:00,802.0,838.0,782.0,792.0,22725,0.0,0.0
2005-08-03 00:00:00+09:00,796.0,838.0,787.0,810.0,37945,0.0,0.0
2005-08-04 00:00:00+09:00,810.0,837.0,758.0,821.0,51010,0.0,0.0
2005-08-05 00:00:00+09:00,846.0,858.0,771.0,799.0,22530,0.0,0.0
2005-08-08 00:00:00+09:00,705.0,800.0,705.0,750.0,28540,0.0,0.0
2005-08-09 00:00:00+09:00,754.0,862.0,754.0,862.0,125040,0.0,0.0
2005-08-10 00:00:00+09:00,880.0,991.0,872.0,991.0,299080,0.0,0.0
2005-08-11 00:00:00+09:00,1058.0,1138.0,1030.0,1138.0,451610,0.0,0.0
2005-08-12 00:00:00+09:00,1166.0,1200.0,970.0,1094.0,221250,0.0,0.0
2005-08-16 00:00:00+09:00,1058.0,1100.0,930.0,930.0,221000,0.0,0.0
2005-08-17 00:00:00+09:00,916.0,1012.0,902.0,938.0,158275,0.0,0.0
2005-08-18 00:00:00+09:00,904.0,936.0,798.0,802.0,338805,0.0,0.0
2005-08-19 00:00:00+09:00,786.0,850.0,774.0,830.0,185385,0.0,0.0
2005-08-22 00:00:00+09:00,814.0,859.0,800.0,800.0,62540,0.0,0.0
2005-08-23 00:00:00+09:00,790.0,827.0,785.0,812.0,68170,0.0,0.0
2005-08-24 00:00:00+09:00,812.0,826.0,786.0,789.0,75685,0.0,0.0
2005-08-25 00:00:00+09:00,786.0,805.0,780.0,788.0,42465,0.0,0.0
2005-08-26 00:00:00+09:00,785.0,800.0,744.0,744.0,37675,0.0,0.0
2005-08-29 00:00:00+09:00,744.0,855.0,742.0,855.0,97980,0.0,0.0
2005-08-30 00:00:00+09:00,950.0,983.0,920.0,983.0,389515,0.0,0.0
2005-08-31 00:00:00+09:00,1000.0,1020.0,847.0,853.0,365695,0.0,0.0
2005-09-01 00:00:00+09:00,880.0,928.0,816.0,860.0,160130,0.0,0.0
2005-09-02 00:00:00+09:00,848.0,872.0,800.0,817.0,130280,0.0,0.0
2005-09-05 00:00:00+09:00,781.0,859.0,781.0,818.0,85055,0.0,0.0
2005-09-06 00:00:00+09:00,818.0,940.0,808.0,940.0,196350,0.0,0.0
2005-09-07 00:00:00+09:00,980.0,1036.0,910.0,940.0,194190,0.0,0.0
2005-09-08 00:00:00+09:00,940.0,980.0,870.0,936.0,171995,0.0,0.0
2005-09-09 00:00:00+09:00,936.0,1076.0,906.0,1076.0,392515,0.0,0.0
2005-09-12 00:00:00+09:00,1072.0,1100.0,980.0,983.0,172000,0.0,0.0
2005-09-13 00:00:00+09:00,1022.0,1130.0,944.0,1060.0,320640,0.0,0.0
2005-09-14 00:00:00+09:00,1060.0,1092.0,1002.0,1034.0,71795,0.0,0.0
2005-09-15 00:00:00+09:00,1018.0,1100.0,1018.0,1058.0,27070,0.0,0.0
2005-09-16 00:00:00+09:00,1000.0,1082.0,966.0,966.0,51820,0.0,0.0
2005-09-20 00:00:00+09:00,962.0,1076.0,945.0,1026.0,106290,0.0,0.0
2005-09-21 00:00:00+09:00,990.0,1160.0,990.0,1118.0,92425,0.0,0.0
2005-09-22 00:00:00+09:00,1082.0,1284.0,1082.0,1284.0,292965,0.0,0.0
2005-09-23 00:00:00+09:00,1280.0,1470.0,1160.0,1398.0,210660,0.0,0.0
2005-09-26 00:00:00+09:00,1398.0,1540.0,1300.0,1440.0,155480,0.0,0.0
2005-09-27 00:00:00+09:00,1406.0,1458.0,1246.0,1270.0,204975,0.0,0.0
2005-09-28 00:00:00+09:00,1200.0,1286.0,1200.0,1224.0,129995,0.0,0.0
2005-09-29 00:00:00+09:00,1112.0,1398.0,1112.0,1350.0,280160,0.0,0.0
2005-09-30 00:00:00+09:00,1330.0,1448.0,1250.0,1300.0,201025,0.0,0.0
2005-10-04 00:00:00+09:00,1282.0,1400.0,1240.0,1294.0,93645,0.0,0.0
2005-10-05 00:00:00+09:00,1300.0,1398.0,1272.0,1290.0,157005,0.0,0.0
2005-10-06 00:00:00+09:00,1262.0,1364.0,1224.0,1290.0,169210,0.0,0.0
2005-10-07 00:00:00+09:00,1292.0,1350.0,1284.0,1320.0,87945,0.0,0.0
2005-10-10 00:00:00+09:00,1330.0,1360.0,1270.0,1320.0,97875,0.0,0.0
2005-10-11 00:00:00+09:00,1284.0,1354.0,1262.0,1282.0,146710,0.0,0.0
2005-10-12 00:00:00+09:00,1282.0,1320.0,1162.0,1290.0,64600,0.0,0.0
2005-10-13 00:00:00+09:00,1250.0,1276.0,1182.0,1230.0,120900,0.0,0.0
2005-10-14 00:00:00+09:00,1206.0,1270.0,1104.0,1230.0,300260,0.0,0.0
2005-10-17 00:00:00+09:00,1190.0,1268.0,1150.0,1196.0,90435,0.0,0.0
2005-10-18 00:00:00+09:00,1170.0,1220.0,1122.0,1180.0,77965,0.0,0.0
2005-10-19 00:00:00+09:00,1150.0,1176.0,1040.0,1054.0,129100,0.0,0.0
2005-10-20 00:00:00+09:00,1058.0,1138.0,1058.0,1096.0,58100,0.0,0.0
2005-10-21 00:00:00+09:00,1096.0,1170.0,1002.0,1150.0,85810,0.0,0.0
2005-10-24 00:00:00+09:00,1122.0,1168.0,1102.0,1136.0,34180,0.0,0.0
2005-10-25 00:00:00+09:00,1114.0,1160.0,1066.0,1100.0,146665,0.0,0.0
2005-10-26 00:00:00+09:00,1080.0,1108.0,1042.0,1064.0,48845,0.0,0.0
2005-10-27 00:00:00+09:00,1046.0,1222.0,1046.0,1222.0,504985,0.0,0.0
2005-10-28 00:00:00+09:00,1240.0,1360.0,1180.0,1226.0,462770,0.0,0.0
2005-10-31 00:00:00+09:00,1220.0,1276.0,1132.0,1210.0,193850,0.0,0.0
2005-11-01 00:00:00+09:00,1214.0,1330.0,1204.0,1270.0,403170,0.0,0.0
2005-11-02 00:00:00+09:00,1230.0,1310.0,1206.0,1210.0,156020,0.0,0.0
2005-11-03 00:00:00+09:00,1200.0,1278.0,1134.0,1134.0,183485,0.0,0.0
2005-11-04 00:00:00+09:00,1136.0,1172.0,1106.0,1160.0,84090,0.0,0.0
2005-11-07 00:00:00+09:00,1124.0,1180.0,1118.0,1140.0,123705,0.0,0.0
2005-11-08 00:00:00+09:00,1142.0,1240.0,1128.0,1196.0,91480,0.0,0.0
2005-11-09 00:00:00+09:00,1182.0,1294.0,1182.0,1238.0,95530,0.0,0.0
2005-11-10 00:00:00+09:00,1224.0,1284.0,1144.0,1196.0,102705,0.0,0.0
2005-11-11 00:00:00+09:00,1220.0,1220.0,1150.0,1150.0,61795,0.0,0.0
2005-11-14 00:00:00+09:00,1106.0,1188.0,1106.0,1158.0,101200,0.0,0.0
2005-11-15 00:00:00+09:00,1170.0,1230.0,1160.0,1196.0,127140,0.0,0.0
2005-11-16 00:00:00+09:00,1196.0,1214.0,1166.0,1196.0,89740,0.0,0.0
2005-11-17 00:00:00+09:00,1200.0,1218.0,1164.0,1182.0,63200,0.0,0.0
2005-11-18 00:00:00+09:00,1150.0,1200.0,1140.0,1150.0,85770,0.0,0.0
2005-11-21 00:00:00+09:00,1150.0,1168.0,1134.0,1142.0,43300,0.0,0.0
2005-11-22 00:00:00+09:00,1142.0,1234.0,1140.0,1228.0,55620,0.0,0.0
2005-11-23 00:00:00+09:00,1248.0,1288.0,1186.0,1216.0,116315,0.0,0.0
2005-11-24 00:00:00+09:00,1260.0,1260.0,1210.0,1240.0,58925,0.0,0.0
2005-11-25 00:00:00+09:00,1226.0,1388.0,1226.0,1320.0,256135,0.0,0.0
2005-11-28 00:00:00+09:00,1320.0,1374.0,1270.0,1310.0,124550,0.0,0.0
2005-11-29 00:00:00+09:00,1320.0,1356.0,1284.0,1330.0,111615,0.0,0.0
2005-11-30 00:00:00+09:00,1338.0,1380.0,1306.0,1360.0,57710,0.0,0.0
2005-12-01 00:00:00+09:00,1380.0,1528.0,1380.0,1482.0,330385,0.0,0.0
2005-12-02 00:00:00+09:00,1482.0,1704.0,1482.0,1704.0,578080,0.0,0.0
2005-12-05 00:00:00+09:00,1740.0,1952.0,1634.0,1706.0,464655,0.0,0.0
2005-12-06 00:00:00+09:00,1730.0,1740.0,1506.0,1520.0,227105,0.0,0.0
2005-12-07 00:00:00+09:00,1480.0,1698.0,1448.0,1688.0,295625,0.0,0.0
2005-12-08 00:00:00+09:00,1710.0,1710.0,1544.0,1580.0,171330,0.0,0.0
2005-12-09 00:00:00+09:00,1582.0,1638.0,1548.0,1596.0,47390,0.0,0.0
2005-12-12 00:00:00+09:00,1610.0,1756.0,1606.0,1730.0,110615,0.0,0.0
2005-12-13 00:00:00+09:00,1760.0,1890.0,1692.0,1858.0,127575,0.0,0.0
2005-12-14 00:00:00+09:00,1886.0,1990.0,1864.0,1956.0,129015,0.0,0.0
2005-12-15 00:00:00+09:00,1882.0,2030.0,1856.0,1892.0,96850,0.0,0.0
2005-12-16 00:00:00+09:00,1940.0,1940.0,1660.0,1678.0,315765,0.0,0.0
2005-12-19 00:00:00+09:00,1626.0,1710.0,1560.0,1560.0,94760,0.0,0.0
2005-12-20 00:00:00+09:00,1560.0,1690.0,1560.0,1600.0,90110,0.0,0.0
2005-12-21 00:00:00+09:00,1600.0,1650.0,1524.0,1544.0,92960,0.0,0.0
2005-12-22 00:00:00+09:00,1544.0,1600.0,1332.0,1384.0,103580,0.0,0.0
2005-12-23 00:00:00+09:00,1320.0,1456.0,1250.0,1440.0,84705,0.0,0.0
2005-12-26 00:00:00+09:00,1396.0,1638.0,1396.0,1500.0,341225,0.0,0.0
2005-12-27 00:00:00+09:00,1504.0,1600.0,1470.0,1514.0,63770,0.0,0.0
2005-12-28 00:00:00+09:00,1490.0,1532.0,1450.0,1450.0,25995,0.0,0.0
2005-12-29 00:00:00+09:00,1440.0,1508.0,1440.0,1488.0,34985,0.0,0.0
2006-01-02 00:00:00+09:00,1476.0,1680.0,1476.0,1648.0,79750,0.0,0.0
2006-01-03 00:00:00+09:00,1618.0,1710.0,1516.0,1530.0,180285,0.0,0.0
2006-01-04 00:00:00+09:00,1566.0,1626.0,1492.0,1516.0,139465,0.0,0.0
2006-01-05 00:00:00+09:00,1520.0,1550.0,1480.0,1520.0,74245,0.0,0.0
2006-01-06 00:00:00+09:00,1540.0,1540.0,1482.0,1512.0,22240,0.0,0.0
2006-01-09 00:00:00+09:00,1512.0,1560.0,1462.0,1496.0,63005,0.0,0.0
2006-01-10 00:00:00+09:00,1474.0,1516.0,1452.0,1452.0,26470,0.0,0.0
2006-01-11 00:00:00+09:00,1452.0,1560.0,1436.0,1504.0,53160,0.0,0.0
2006-01-12 00:00:00+09:00,1488.0,1600.0,1440.0,1520.0,70825,0.0,0.0
2006-01-13 00:00:00+09:00,1506.0,1526.0,1436.0,1436.0,59970,0.0,0.0
2006-01-16 00:00:00+09:00,1450.0,1496.0,1416.0,1476.0,65890,0.0,0.0
2006-01-17 00:00:00+09:00,1430.0,1494.0,1388.0,1390.0,109470,0.0,0.0
2006-01-18 00:00:00+09:00,1344.0,1366.0,1272.0,1292.0,72400,0.0,0.0
2006-01-19 00:00:00+09:00,1256.0,1292.0,1226.0,1246.0,49075,0.0,0.0
2006-01-20 00:00:00+09:00,1258.0,1342.0,1246.0,1246.0,19410,0.0,0.0
2006-01-23 00:00:00+09:00,1154.0,1310.0,1144.0,1216.0,33115,0.0,0.0
2006-01-24 00:00:00+09:00,1162.0,1398.0,1162.0,1260.0,55330,0.0,0.0
2006-01-25 00:00:00+09:00,1262.0,1350.0,1240.0,1240.0,94695,0.0,0.0
2006-01-26 00:00:00+09:00,1282.0,1282.0,1160.0,1198.0,57455,0.0,0.0
2006-01-27 00:00:00+09:00,1186.0,1230.0,1186.0,1204.0,58300,0.0,0.0
2006-01-31 00:00:00+09:00,1230.0,1230.0,1182.0,1212.0,24195,0.0,0.0
2006-02-01 00:00:00+09:00,1192.0,1298.0,1180.0,1180.0,55080,0.0,0.0
2006-02-02 00:00:00+09:00,1188.0,1224.0,1164.0,1164.0,35800,0.0,0.0
2006-02-03 00:00:00+09:00,1100.0,1100.0,1016.0,1030.0,68680,0.0,0.0
2006-02-06 00:00:00+09:00,1002.0,1114.0,947.0,1014.0,24395,0.0,0.0
2006-02-07 00:00:00+09:00,980.0,1020.0,980.0,1010.0,9215,0.0,0.0
2006-02-08 00:00:00+09:00,1000.0,1046.0,943.0,991.0,21085,0.0,0.0
2006-02-09 00:00:00+09:00,982.0,1138.0,982.0,1138.0,74730,0.0,0.0
2006-02-10 00:00:00+09:00,1184.0,1298.0,1138.0,1278.0,80460,0.0,0.0
2006-02-13 00:00:00+09:00,1258.0,1258.0,1128.0,1134.0,29025,0.0,0.0
2006-02-14 00:00:00+09:00,1064.0,1130.0,1054.0,1092.0,8715,0.0,0.0
2006-02-15 00:00:00+09:00,1062.0,1092.0,1058.0,1092.0,33460,0.0,0.0
2006-02-16 00:00:00+09:00,1068.0,1192.0,1068.0,1094.0,11865,0.0,0.0
2006-02-17 00:00:00+09:00,1074.0,1100.0,1074.0,1098.0,4815,0.0,0.0
2006-02-20 00:00:00+09:00,1070.0,1156.0,1070.0,1080.0,6590,0.0,0.0
2006-02-21 00:00:00+09:00,1132.0,1166.0,1088.0,1098.0,9775,0.0,0.0
2006-02-22 00:00:00+09:00,1100.0,1240.0,1100.0,1230.0,29040,0.0,0.0
2006-02-23 00:00:00+09:00,1232.0,1270.0,1148.0,1150.0,46025,0.0,0.0
2006-02-24 00:00:00+09:00,1216.0,1216.0,1126.0,1160.0,10715,0.0,0.0
2006-02-27 00:00:00+09:00,1128.0,1190.0,1126.0,1184.0,8120,0.0,0.0
2006-02-28 00:00:00+09:00,1184.0,1216.0,1124.0,1170.0,11935,0.0,0.0
2006-03-02 00:00:00+09:00,1120.0,1196.0,1120.0,1158.0,6985,0.0,0.0
2006-03-03 00:00:00+09:00,1140.0,1152.0,1020.0,1136.0,11680,0.0,0.0
2006-03-06 00:00:00+09:00,1140.0,1166.0,1088.0,1090.0,2935,0.0,0.0
2006-03-07 00:00:00+09:00,1104.0,1178.0,1070.0,1090.0,19540,0.0,0.0
2006-03-08 00:00:00+09:00,1090.0,1196.0,1050.0,1092.0,12115,0.0,0.0
2006-03-09 00:00:00+09:00,1082.0,1120.0,1054.0,1094.0,9245,0.0,0.0
2006-03-10 00:00:00+09:00,1066.0,1090.0,1050.0,1088.0,11780,0.0,0.0
2006-03-13 00:00:00+09:00,1068.0,1138.0,1062.0,1076.0,10650,0.0,0.0
2006-03-14 00:00:00+09:00,1066.0,1082.0,1064.0,1082.0,5380,0.0,0.0
2006-03-15 00:00:00+09:00,1062.0,1110.0,1062.0,1068.0,1920,0.0,0.0
2006-03-16 00:00:00+09:00,1026.0,1072.0,1026.0,1072.0,2040,0.0,0.0
2006-03-17 00:00:00+09:00,1056.0,1072.0,1030.0,1068.0,5560,0.0,0.0
2006-03-20 00:00:00+09:00,1024.0,1096.0,1024.0,1058.0,10640,0.0,0.0
2006-03-21 00:00:00+09:00,1086.0,1086.0,1030.0,1060.0,7655,0.0,0.0
2006-03-22 00:00:00+09:00,1074.0,1074.0,1040.0,1070.0,4455,0.0,0.0
2006-03-23 00:00:00+09:00,1070.0,1230.0,1070.0,1138.0,344640,0.0,0.0
2006-03-24 00:00:00+09:00,1102.0,1200.0,1022.0,1060.0,72005,0.0,0.0
2006-03-27 00:00:00+09:00,1086.0,1086.0,970.0,970.0,34330,0.0,0.0
2006-03-28 00:00:00+09:00,974.0,1018.0,932.0,954.0,22105,0.0,0.0
2006-03-29 00:00:00+09:00,974.0,1068.0,954.0,1030.0,22380,0.0,0.0
2006-03-30 00:00:00+09:00,1036.0,1042.0,990.0,996.0,14100,0.0,0.0
2006-03-31 00:00:00+09:00,1040.0,1060.0,1000.0,1060.0,5550,0.0,0.0
2006-04-06 00:00:00+09:00,924.0,996.0,924.0,961.0,49225,0.0,0.0
2006-04-07 00:00:00+09:00,961.0,1008.0,961.0,1008.0,26720,0.0,0.0
2006-04-10 00:00:00+09:00,1008.0,1018.0,964.0,1000.0,4590,0.0,0.0
2006-04-11 00:00:00+09:00,971.0,1000.0,968.0,1000.0,4110,0.0,0.0
2006-04-12 00:00:00+09:00,1048.0,1100.0,966.0,1068.0,19620,0.0,0.0
2006-04-13 00:00:00+09:00,1040.0,1198.0,980.0,1040.0,56500,0.0,0.0
2006-04-14 00:00:00+09:00,1020.0,1068.0,1020.0,1030.0,8750,0.0,0.0
2006-04-17 00:00:00+09:00,1020.0,1052.0,1006.0,1030.0,6760,0.0,0.0
2006-04-18 00:00:00+09:00,1048.0,1080.0,1016.0,1028.0,6915,0.0,0.0
2006-04-19 00:00:00+09:00,1076.0,1076.0,982.0,1000.0,9145,0.0,0.0
2006-04-20 00:00:00+09:00,1000.0,1038.0,982.0,1010.0,29230,0.0,0.0
2006-04-21 00:00:00+09:00,980.0,1020.0,976.0,1010.0,50315,0.0,0.0
2006-04-24 00:00:00+09:00,1084.0,1084.0,1012.0,1016.0,21315,0.0,0.0
2006-04-25 00:00:00+09:00,1074.0,1168.0,999.0,1044.0,248645,0.0,0.0
2006-04-26 00:00:00+09:00,1022.0,1086.0,1010.0,1068.0,12230,0.0,0.0
2006-04-27 00:00:00+09:00,1064.0,1228.0,1064.0,1228.0,485475,0.0,0.0
2006-04-28 00:00:00+09:00,1184.0,1258.0,1100.0,1110.0,301285,0.0,0.0
2006-05-02 00:00:00+09:00,1122.0,1130.0,1050.0,1066.0,39715,0.0,0.0
2006-05-03 00:00:00+09:00,1054.0,1080.0,1040.0,1058.0,24750,0.0,0.0
2006-05-04 00:00:00+09:00,1056.0,1088.0,1002.0,1058.0,13600,0.0,0.0
2006-05-08 00:00:00+09:00,1090.0,1090.0,1010.0,1012.0,21595,0.0,0.0
2006-05-09 00:00:00+09:00,1012.0,1162.0,1010.0,1058.0,44705,0.0,0.0
2006-05-10 00:00:00+09:00,1030.0,1080.0,1030.0,1078.0,5280,0.0,0.0
2006-05-11 00:00:00+09:00,1078.0,1090.0,1050.0,1080.0,7025,0.0,0.0
2006-05-12 00:00:00+09:00,1100.0,1100.0,1030.0,1058.0,3790,0.0,0.0
2006-05-15 00:00:00+09:00,1100.0,1100.0,1016.0,1030.0,2265,0.0,0.0
2006-05-16 00:00:00+09:00,1032.0,1046.0,970.0,1030.0,11550,0.0,0.0
2006-05-17 00:00:00+09:00,992.0,1018.0,992.0,1010.0,20725,0.0,0.0
2006-05-18 00:00:00+09:00,1026.0,1148.0,990.0,1108.0,93220,0.0,0.0
2006-05-19 00:00:00+09:00,1150.0,1150.0,992.0,1054.0,16310,0.0,0.0
2006-05-22 00:00:00+09:00,1040.0,1040.0,940.0,1002.0,29675,0.0,0.0
2006-05-23 00:00:00+09:00,1036.0,1040.0,966.0,1006.0,4390,0.0,0.0
2006-05-24 00:00:00+09:00,1006.0,1006.0,960.0,979.0,23945,0.0,0.0
2006-05-25 00:00:00+09:00,989.0,1038.0,949.0,998.0,13460,0.0,0.0
2006-05-26 00:00:00+09:00,1000.0,1020.0,961.0,988.0,10485,0.0,0.0
2006-05-29 00:00:00+09:00,998.0,998.0,954.0,998.0,485,0.0,0.0
2006-05-30 00:00:00+09:00,988.0,1010.0,976.0,976.0,2090,0.0,0.0
2006-06-01 00:00:00+09:00,945.0,985.0,940.0,976.0,8050,0.0,0.0
2006-06-02 00:00:00+09:00,978.0,978.0,907.0,959.0,625,0.0,0.0
2006-06-05 00:00:00+09:00,949.0,949.0,863.0,882.0,2830,0.0,0.0
2006-06-07 00:00:00+09:00,874.0,900.0,804.0,804.0,12780,0.0,0.0
2006-06-08 00:00:00+09:00,819.0,819.0,736.0,736.0,3685,0.0,0.0
2006-06-09 00:00:00+09:00,797.0,846.0,732.0,842.0,14485,0.0,0.0
2006-06-12 00:00:00+09:00,898.0,962.0,840.0,950.0,15550,0.0,0.0
2006-06-13 00:00:00+09:00,940.0,1000.0,880.0,1000.0,19175,0.0,0.0
2006-06-14 00:00:00+09:00,1032.0,1040.0,925.0,925.0,35,0.0,0.0
2006-06-15 00:00:00+09:00,1018.0,1018.0,922.0,1006.0,760,0.0,0.0
2006-06-16 00:00:00+09:00,1010.0,1010.0,971.0,1004.0,295,0.0,0.0
2006-06-19 00:00:00+09:00,999.0,999.0,999.0,999.0,5,0.0,0.0
2006-06-20 00:00:00+09:00,1016.0,1016.0,903.0,960.0,290,0.0,0.0
2006-06-21 00:00:00+09:00,1056.0,1056.0,874.0,1046.0,20,0.0,0.0
2006-06-22 00:00:00+09:00,1046.0,1098.0,906.0,1038.0,635,0.0,0.0
2006-06-23 00:00:00+09:00,1038.0,1038.0,980.0,980.0,75,0.0,0.0
2006-06-26 00:00:00+09:00,1020.0,1020.0,998.0,998.0,75,0.0,0.0
2006-06-27 00:00:00+09:00,1014.0,1014.0,900.0,970.0,1130,0.0,0.0
2006-06-28 00:00:00+09:00,1018.0,1018.0,1018.0,1018.0,5,0.0,0.0
2006-06-29 00:00:00+09:00,1026.0,1026.0,948.0,996.0,1660,0.0,0.0
2006-06-30 00:00:00+09:00,939.0,1070.0,939.0,1070.0,19730,0.0,0.0
2006-07-03 00:00:00+09:00,1024.0,1090.0,970.0,1020.0,3425,0.0,0.0
2006-07-04 00:00:00+09:00,1030.0,1058.0,971.0,1042.0,3330,0.0,0.0
2006-07-05 00:00:00+09:00,1010.0,1010.0,942.0,1006.0,585,0.0,0.0
2006-07-06 00:00:00+09:00,1010.0,1020.0,906.0,906.0,3690,0.0,0.0
2006-07-07 00:00:00+09:00,917.0,962.0,870.0,962.0,5040,0.0,0.0
2006-07-10 00:00:00+09:00,978.0,1060.0,940.0,972.0,2355,0.0,0.0
2006-07-11 00:00:00+09:00,1008.0,1060.0,900.0,1030.0,2245,0.0,0.0
2006-07-12 00:00:00+09:00,1048.0,1048.0,940.0,990.0,1850,0.0,0.0
2006-07-13 00:00:00+09:00,1000.0,1000.0,960.0,960.0,3100,0.0,0.0
2006-07-14 00:00:00+09:00,998.0,998.0,979.0,986.0,115,0.0,0.0
2006-07-18 00:00:00+09:00,1034.0,1034.0,952.0,993.0,170,0.0,0.0
2006-07-19 00:00:00+09:00,960.0,1004.0,926.0,971.0,235,0.0,0.0
2006-07-20 00:00:00+09:00,1030.0,1030.0,994.0,994.0,80,0.0,0.0
2006-07-21 00:00:00+09:00,990.0,990.0,990.0,990.0,5,0.0,0.0
2006-07-24 00:00:00+09:00,960.0,973.0,960.0,973.0,405,0.0,0.0
2006-07-25 00:00:00+09:00,986.0,986.0,980.0,980.0,50,0.0,0.0
2006-07-26 00:00:00+09:00,950.0,975.0,884.0,940.0,110,0.0,0.0
2006-07-27 00:00:00+09:00,1000.0,1000.0,938.0,938.0,65,0.0,0.0
2006-07-28 00:00:00+09:00,958.0,960.0,860.0,870.0,8895,0.0,0.0
2006-07-31 00:00:00+09:00,880.0,940.0,840.0,872.0,6910,0.0,0.0
2006-08-01 00:00:00+09:00,896.0,896.0,849.0,888.0,7715,0.0,0.0
2006-08-02 00:00:00+09:00,978.0,978.0,878.0,908.0,3515,0.0,0.0
2006-08-03 00:00:00+09:00,970.0,1044.0,920.0,1044.0,170845,0.0,0.0
2006-08-04 00:00:00+09:00,1060.0,1100.0,942.0,998.0,215120,0.0,0.0
2006-08-07 00:00:00+09:00,998.0,1020.0,870.0,878.0,53090,0.0,0.0
2006-08-08 00:00:00+09:00,880.0,919.0,879.0,904.0,39535,0.0,0.0
2006-08-09 00:00:00+09:00,844.0,924.0,844.0,874.0,3175,0.0,0.0
2006-08-10 00:00:00+09:00,874.0,1004.0,874.0,1004.0,166210,0.0,0.0
2006-08-11 00:00:00+09:00,964.0,1008.0,883.0,889.0,271270,0.0,0.0
2006-08-14 00:00:00+09:00,860.0,930.0,840.0,880.0,19855,0.0,0.0
2006-08-16 00:00:00+09:00,906.0,928.0,878.0,928.0,1225,0.0,0.0
2006-08-17 00:00:00+09:00,900.0,910.0,855.0,893.0,5070,0.0,0.0
2006-08-18 00:00:00+09:00,889.0,889.0,851.0,878.0,8565,0.0,0.0
2006-08-21 00:00:00+09:00,910.0,910.0,841.0,841.0,21115,0.0,0.0
2006-08-22 00:00:00+09:00,840.0,858.0,810.0,851.0,10080,0.0,0.0
2006-08-23 00:00:00+09:00,870.0,872.0,844.0,868.0,29790,0.0,0.0
2006-08-24 00:00:00+09:00,886.0,886.0,850.0,871.0,1575,0.0,0.0
2006-08-25 00:00:00+09:00,878.0,878.0,820.0,863.0,5620,0.0,0.0
2006-08-28 00:00:00+09:00,840.0,872.0,840.0,861.0,4645,0.0,0.0
2006-08-29 00:00:00+09:00,800.0,896.0,800.0,860.0,7755,0.0,0.0
2006-08-30 00:00:00+09:00,895.0,895.0,820.0,856.0,8015,0.0,0.0
2006-08-31 00:00:00+09:00,859.0,865.0,828.0,828.0,3895,0.0,0.0
2006-09-01 00:00:00+09:00,847.0,847.0,830.0,843.0,2435,0.0,0.0
2006-09-04 00:00:00+09:00,860.0,860.0,860.0,860.0,5,0.0,0.0
2006-09-05 00:00:00+09:00,840.0,860.0,828.0,846.0,285,0.0,0.0
2006-09-06 00:00:00+09:00,820.0,856.0,743.0,847.0,9225,0.0,0.0
2006-09-07 00:00:00+09:00,855.0,860.0,820.0,832.0,2825,0.0,0.0
2006-09-08 00:00:00+09:00,862.0,862.0,708.0,840.0,19625,0.0,0.0
2006-09-11 00:00:00+09:00,854.0,854.0,772.0,840.0,1825,0.0,0.0
2006-09-12 00:00:00+09:00,842.0,842.0,801.0,838.0,320,0.0,0.0
2006-09-13 00:00:00+09:00,836.0,837.0,820.0,836.0,3145,0.0,0.0
2006-09-14 00:00:00+09:00,842.0,842.0,784.0,830.0,1070,0.0,0.0
2006-09-15 00:00:00+09:00,840.0,840.0,810.0,827.0,1230,0.0,0.0
2006-09-18 00:00:00+09:00,837.0,837.0,791.0,819.0,3590,0.0,0.0
2006-09-19 00:00:00+09:00,808.0,808.0,786.0,798.0,6400,0.0,0.0
2006-09-20 00:00:00+09:00,800.0,849.0,772.0,843.0,17130,0.0,0.0
2006-09-21 00:00:00+09:00,820.0,850.0,820.0,839.0,9965,0.0,0.0
2006-09-22 00:00:00+09:00,850.0,855.0,832.0,849.0,7540,0.0,0.0
2006-09-25 00:00:00+09:00,848.0,879.0,812.0,873.0,22995,0.0,0.0
2006-09-26 00:00:00+09:00,885.0,885.0,804.0,848.0,5250,0.0,0.0
2006-09-27 00:00:00+09:00,824.0,863.0,824.0,860.0,8250,0.0,0.0
2006-09-28 00:00:00+09:00,870.0,870.0,816.0,852.0,10540,0.0,0.0
2006-09-29 00:00:00+09:00,824.0,880.0,820.0,880.0,6100,0.0,0.0
2006-10-02 00:00:00+09:00,860.0,880.0,833.0,860.0,500,0.0,0.0
2006-10-04 00:00:00+09:00,880.0,880.0,877.0,877.0,165,0.0,0.0
2006-10-09 00:00:00+09:00,868.0,868.0,770.0,839.0,3635,0.0,0.0
2006-10-10 00:00:00+09:00,800.0,835.0,800.0,831.0,7595,0.0,0.0
2006-10-11 00:00:00+09:00,828.0,906.0,789.0,874.0,1310,0.0,0.0
2006-10-12 00:00:00+09:00,880.0,880.0,767.0,847.0,890,0.0,0.0
2006-10-13 00:00:00+09:00,847.0,847.0,796.0,845.0,18495,0.0,0.0
2006-10-16 00:00:00+09:00,850.0,850.0,812.0,835.0,6810,0.0,0.0
2006-10-17 00:00:00+09:00,820.0,842.0,811.0,834.0,4740,0.0,0.0
2006-10-18 00:00:00+09:00,860.0,860.0,807.0,841.0,875,0.0,0.0
2006-10-19 00:00:00+09:00,810.0,848.0,796.0,822.0,6575,0.0,0.0
2006-10-20 00:00:00+09:00,833.0,856.0,820.0,856.0,1095,0.0,0.0
2006-10-23 00:00:00+09:00,880.0,880.0,828.0,828.0,895,0.0,0.0
2006-10-24 00:00:00+09:00,828.0,878.0,823.0,855.0,1825,0.0,0.0
2006-10-25 00:00:00+09:00,830.0,859.0,821.0,829.0,9525,0.0,0.0
2006-10-26 00:00:00+09:00,829.0,860.0,821.0,860.0,1650,0.0,0.0
2006-10-27 00:00:00+09:00,869.0,869.0,840.0,858.0,250,0.0,0.0
2006-10-30 00:00:00+09:00,832.0,920.0,827.0,899.0,14275,0.0,0.0
2006-10-31 00:00:00+09:00,866.0,877.0,832.0,877.0,3160,0.0,0.0
2006-11-01 00:00:00+09:00,877.0,877.0,834.0,835.0,8870,0.0,0.0
2006-11-02 00:00:00+09:00,850.0,855.0,840.0,853.0,230,0.0,0.0
2006-11-03 00:00:00+09:00,853.0,880.0,842.0,880.0,5265,0.0,0.0
2006-11-06 00:00:00+09:00,880.0,890.0,854.0,854.0,6765,0.0,0.0
2006-11-07 00:00:00+09:00,866.0,878.0,854.0,870.0,4955,0.0,0.0
2006-11-08 00:00:00+09:00,855.0,970.0,855.0,968.0,23230,0.0,0.0
2006-11-09 00:00:00+09:00,968.0,1032.0,968.0,1020.0,17700,0.0,0.0
2006-11-10 00:00:00+09:00,981.0,1172.0,981.0,1172.0,61840,0.0,0.0
2006-11-13 00:00:00+09:00,1172.0,1172.0,1100.0,1170.0,8640,0.0,0.0
2006-11-14 00:00:00+09:00,1070.0,1118.0,1000.0,1000.0,16265,0.0,0.0
2006-11-15 00:00:00+09:00,965.0,1074.0,965.0,1000.0,8095,0.0,0.0
2006-11-16 00:00:00+09:00,970.0,1020.0,952.0,996.0,9655,0.0,0.0
2006-11-17 00:00:00+09:00,996.0,1142.0,902.0,1140.0,30460,0.0,0.0
2006-11-20 00:00:00+09:00,1100.0,1100.0,1002.0,1044.0,11105,0.0,0.0
2006-11-21 00:00:00+09:00,1044.0,1150.0,1000.0,1004.0,10710,0.0,0.0
2006-11-22 00:00:00+09:00,1030.0,1030.0,1000.0,1000.0,2600,0.0,0.0
2006-11-23 00:00:00+09:00,1008.0,1096.0,1008.0,1076.0,19625,0.0,0.0
2006-11-24 00:00:00+09:00,1026.0,1160.0,1026.0,1038.0,6660,0.0,0.0
2006-11-27 00:00:00+09:00,1050.0,1074.0,1020.0,1064.0,2040,0.0,0.0
2006-11-28 00:00:00+09:00,1032.0,1134.0,1032.0,1120.0,460,0.0,0.0
2006-11-29 00:00:00+09:00,1120.0,1120.0,998.0,998.0,26420,0.0,0.0
2006-11-30 00:00:00+09:00,1012.0,1030.0,1000.0,1000.0,18295,0.0,0.0
2006-12-04 00:00:00+09:00,1002.0,1068.0,1002.0,1068.0,4045,0.0,0.0
2006-12-05 00:00:00+09:00,1050.0,1058.0,1024.0,1036.0,1970,0.0,0.0
2006-12-06 00:00:00+09:00,1048.0,1140.0,1040.0,1040.0,5620,0.0,0.0
2006-12-07 00:00:00+09:00,1058.0,1070.0,1040.0,1070.0,2780,0.0,0.0
2006-12-08 00:00:00+09:00,1118.0,1118.0,986.0,1024.0,8650,0.0,0.0
2006-12-11 00:00:00+09:00,1000.0,1026.0,981.0,1024.0,4550,0.0,0.0
2006-12-12 00:00:00+09:00,992.0,1024.0,990.0,1000.0,7830,0.0,0.0
2006-12-13 00:00:00+09:00,1000.0,1094.0,1000.0,1070.0,1985,0.0,0.0
2006-12-14 00:00:00+09:00,1050.0,1050.0,1000.0,1000.0,12205,0.0,0.0
2006-12-15 00:00:00+09:00,1010.0,1012.0,990.0,1006.0,11205,0.0,0.0
2006-12-18 00:00:00+09:00,1004.0,1026.0,964.0,1022.0,10955,0.0,0.0
2006-12-19 00:00:00+09:00,1022.0,1030.0,1000.0,1028.0,24610,0.0,0.0
2006-12-20 00:00:00+09:00,1028.0,1142.0,979.0,994.0,11335,0.0,0.0
2006-12-21 00:00:00+09:00,995.0,1008.0,988.0,988.0,7085,0.0,0.0
2006-12-22 00:00:00+09:00,1000.0,1008.0,1000.0,1008.0,10505,0.0,0.0
2006-12-26 00:00:00+09:00,992.0,1016.0,992.0,1012.0,6905,0.0,0.0
2006-12-27 00:00:00+09:00,990.0,1028.0,964.0,1026.0,2005,0.0,0.0
2006-12-28 00:00:00+09:00,1176.0,1176.0,972.0,1120.0,15420,0.0,0.0
2007-01-02 00:00:00+09:00,1118.0,1118.0,1022.0,1058.0,5110,0.0,0.0
2007-01-03 00:00:00+09:00,1056.0,1098.0,1014.0,1044.0,3880,0.0,0.0
2007-01-04 00:00:00+09:00,1058.0,1072.0,1058.0,1072.0,1705,0.0,0.0
2007-01-05 00:00:00+09:00,1072.0,1090.0,1072.0,1090.0,16920,0.0,0.0
2007-01-08 00:00:00+09:00,1088.0,1088.0,1080.0,1080.0,405,0.0,0.0
2007-01-09 00:00:00+09:00,1000.0,1074.0,1000.0,1066.0,5405,0.0,0.0
2007-01-10 00:00:00+09:00,1030.0,1066.0,1028.0,1064.0,5015,0.0,0.0
2007-01-11 00:00:00+09:00,1026.0,1060.0,1026.0,1030.0,6455,0.0,0.0
2007-01-12 00:00:00+09:00,1040.0,1080.0,1034.0,1070.0,7615,0.0,0.0
2007-01-15 00:00:00+09:00,1080.0,1124.0,1028.0,1120.0,3845,0.0,0.0
2007-01-16 00:00:00+09:00,1120.0,1180.0,1120.0,1172.0,60,0.0,0.0
2007-01-17 00:00:00+09:00,1100.0,1134.0,1052.0,1116.0,1995,0.0,0.0
2007-01-18 00:00:00+09:00,1116.0,1160.0,1066.0,1098.0,4825,0.0,0.0
2007-01-19 00:00:00+09:00,1098.0,1120.0,1074.0,1096.0,175,0.0,0.0
2007-01-22 00:00:00+09:00,1096.0,1140.0,1000.0,1098.0,1825,0.0,0.0
2007-01-23 00:00:00+09:00,1094.0,1094.0,1014.0,1020.0,2515,0.0,0.0
2007-01-24 00:00:00+09:00,1094.0,1096.0,1020.0,1058.0,10125,0.0,0.0
2007-01-25 00:00:00+09:00,1046.0,1080.0,1020.0,1080.0,3775,0.0,0.0
2007-01-26 00:00:00+09:00,1024.0,1100.0,1024.0,1048.0,1590,0.0,0.0
2007-01-29 00:00:00+09:00,1048.0,1086.0,1024.0,1042.0,1090,0.0,0.0
2007-01-30 00:00:00+09:00,1078.0,1078.0,1034.0,1070.0,190,0.0,0.0
2007-01-31 00:00:00+09:00,1070.0,1070.0,1070.0,1070.0,10,0.0,0.0
2007-02-01 00:00:00+09:00,1080.0,1080.0,1050.0,1076.0,2290,0.0,0.0
2007-02-02 00:00:00+09:00,1080.0,1200.0,1042.0,1132.0,665,0.0,0.0
2007-02-05 00:00:00+09:00,1140.0,1140.0,1072.0,1128.0,6770,0.0,0.0
2007-02-06 00:00:00+09:00,1022.0,1130.0,1022.0,1120.0,6315,0.0,0.0
2007-02-07 00:00:00+09:00,1074.0,1108.0,1028.0,1040.0,26790,0.0,0.0
2007-02-08 00:00:00+09:00,1054.0,1098.0,1046.0,1060.0,270,0.0,0.0
2007-02-09 00:00:00+09:00,1030.0,1140.0,1030.0,1140.0,2270,0.0,0.0
2007-02-12 00:00:00+09:00,1140.0,1140.0,1120.0,1120.0,3365,0.0,0.0
2007-02-13 00:00:00+09:00,1120.0,1140.0,1100.0,1140.0,2080,0.0,0.0
2007-02-14 00:00:00+09:00,1138.0,1138.0,1080.0,1100.0,5665,0.0,0.0
2007-02-15 00:00:00+09:00,1080.0,1138.0,1080.0,1118.0,5975,0.0,0.0
2007-02-16 00:00:00+09:00,1080.0,1128.0,1080.0,1128.0,8590,0.0,0.0
2007-02-20 00:00:00+09:00,1128.0,1128.0,1050.0,1120.0,1270,0.0,0.0
2007-02-21 00:00:00+09:00,1114.0,1190.0,1080.0,1136.0,2905,0.0,0.0
2007-02-22 00:00:00+09:00,1084.0,1128.0,1060.0,1068.0,2300,0.0,0.0
2007-02-23 00:00:00+09:00,1086.0,1118.0,1086.0,1118.0,1515,0.0,0.0
2007-02-26 00:00:00+09:00,1118.0,1126.0,1118.0,1120.0,1125,0.0,0.0
2007-02-27 00:00:00+09:00,1120.0,1120.0,1120.0,1120.0,5,0.0,0.0
2007-02-28 00:00:00+09:00,1080.0,1108.0,1032.0,1108.0,3085,0.0,0.0
2007-03-05 00:00:00+09:00,1174.0,1334.0,1124.0,1334.0,156985,0.0,0.0
2007-03-06 00:00:00+09:00,1334.0,1334.0,1134.0,1134.0,96255,0.0,0.0
2007-03-07 00:00:00+09:00,1134.0,1160.0,1102.0,1134.0,26700,0.0,0.0
2007-03-08 00:00:00+09:00,1260.0,1260.0,1120.0,1196.0,29280,0.0,0.0
2007-03-09 00:00:00+09:00,1080.0,1200.0,1080.0,1164.0,25970,0.0,0.0
2007-03-12 00:00:00+09:00,1140.0,1338.0,1140.0,1234.0,251265,0.0,0.0
2007-03-13 00:00:00+09:00,1254.0,1348.0,1220.0,1220.0,54350,0.0,0.0
2007-03-14 00:00:00+09:00,1214.0,1214.0,1140.0,1168.0,31310,0.0,0.0
2007-03-15 00:00:00+09:00,1150.0,1180.0,1150.0,1170.0,13955,0.0,0.0
2007-03-16 00:00:00+09:00,1200.0,1200.0,1148.0,1168.0,159220,0.0,0.0
2007-03-19 00:00:00+09:00,1200.0,1342.0,1172.0,1342.0,159220,0.0,0.0
2007-03-20 00:00:00+09:00,1388.0,1456.0,1206.0,1260.0,141895,0.0,0.0
2007-03-21 00:00:00+09:00,1254.0,1290.0,1208.0,1212.0,23295,0.0,0.0
2007-03-22 00:00:00+09:00,1230.0,1286.0,1210.0,1210.0,19265,0.0,0.0
2007-03-23 00:00:00+09:00,1256.0,1258.0,1220.0,1220.0,11810,0.0,0.0
2007-03-26 00:00:00+09:00,1200.0,1234.0,1200.0,1212.0,3350,0.0,0.0
2007-03-27 00:00:00+09:00,1280.0,1280.0,1226.0,1226.0,16620,0.0,0.0
2007-03-28 00:00:00+09:00,1260.0,1260.0,1170.0,1242.0,11645,0.0,0.0
2007-03-29 00:00:00+09:00,1260.0,1340.0,1260.0,1280.0,17550,0.0,0.0
2007-03-30 00:00:00+09:00,1298.0,1320.0,1254.0,1286.0,16400,0.0,0.0
2007-04-02 00:00:00+09:00,1380.0,1478.0,1302.0,1478.0,338355,0.0,0.0
2007-04-03 00:00:00+09:00,1476.0,1476.0,1400.0,1430.0,188965,0.0,0.0
2007-04-04 00:00:00+09:00,1406.0,1460.0,1322.0,1360.0,75510,0.0,0.0
2007-04-05 00:00:00+09:00,1342.0,1444.0,1342.0,1394.0,46660,0.0,0.0
2007-04-06 00:00:00+09:00,1436.0,1436.0,1340.0,1388.0,28020,0.0,0.0
2007-04-09 00:00:00+09:00,1342.0,1388.0,1342.0,1358.0,35730,0.0,0.0
2007-04-10 00:00:00+09:00,1362.0,1410.0,1322.0,1350.0,35785,0.0,0.0
2007-04-11 00:00:00+09:00,1350.0,1360.0,1330.0,1358.0,42140,0.0,0.0
2007-04-12 00:00:00+09:00,1358.0,1390.0,1320.0,1320.0,23295,0.0,0.0
2007-04-13 00:00:00+09:00,1314.0,1400.0,1314.0,1346.0,23240,0.0,0.0
2007-04-16 00:00:00+09:00,1360.0,1430.0,1348.0,1390.0,24395,0.0,0.0
2007-04-17 00:00:00+09:00,1398.0,1414.0,1348.0,1410.0,7245,0.0,0.0
2007-04-18 00:00:00+09:00,1376.0,1450.0,1376.0,1382.0,6905,0.0,0.0
2007-04-19 00:00:00+09:00,1400.0,1400.0,1340.0,1378.0,9145,0.0,0.0
2007-04-20 00:00:00+09:00,1378.0,1378.0,1304.0,1364.0,12615,0.0,0.0
2007-04-23 00:00:00+09:00,1362.0,1446.0,1300.0,1350.0,12955,0.0,0.0
2007-04-24 00:00:00+09:00,1420.0,1420.0,1322.0,1348.0,3215,0.0,0.0
2007-04-25 00:00:00+09:00,1372.0,1372.0,1310.0,1314.0,6650,0.0,0.0
2007-04-26 00:00:00+09:00,1300.0,1388.0,1264.0,1352.0,10550,0.0,0.0
2007-04-27 00:00:00+09:00,1314.0,1410.0,1314.0,1334.0,1880,0.0,0.0
2007-04-30 00:00:00+09:00,1370.0,1398.0,1334.0,1342.0,170,0.0,0.0
2007-05-02 00:00:00+09:00,1342.0,1380.0,1340.0,1348.0,5885,0.0,0.0
2007-05-03 00:00:00+09:00,1358.0,1358.0,1242.0,1346.0,22745,0.0,0.0
2007-05-04 00:00:00+09:00,1338.0,1408.0,1320.0,1394.0,12585,0.0,0.0
2007-05-07 00:00:00+09:00,1342.0,1410.0,1342.0,1366.0,5980,0.0,0.0
2007-05-08 00:00:00+09:00,1400.0,1408.0,1366.0,1380.0,7145,0.0,0.0
2007-05-09 00:00:00+09:00,1386.0,1438.0,1374.0,1400.0,9305,0.0,0.0
2007-05-10 00:00:00+09:00,1410.0,1480.0,1400.0,1424.0,67880,0.0,0.0
2007-05-11 00:00:00+09:00,1438.0,1438.0,1386.0,1422.0,8540,0.0,0.0
2007-05-14 00:00:00+09:00,1382.0,1436.0,1382.0,1426.0,280,0.0,0.0
2007-05-15 00:00:00+09:00,1390.0,1426.0,1390.0,1396.0,7110,0.0,0.0
2007-05-16 00:00:00+09:00,1400.0,1400.0,1346.0,1390.0,290,0.0,0.0
2007-05-17 00:00:00+09:00,1388.0,1390.0,1370.0,1390.0,2020,0.0,0.0
2007-05-18 00:00:00+09:00,1390.0,1460.0,1376.0,1426.0,34140,0.0,0.0
2007-05-21 00:00:00+09:00,1426.0,1478.0,1398.0,1410.0,57175,0.0,0.0
2007-05-22 00:00:00+09:00,1456.0,1620.0,1264.0,1328.0,492645,0.0,0.0
2007-05-23 00:00:00+09:00,1282.0,1400.0,1232.0,1342.0,17290,0.0,0.0
2007-05-25 00:00:00+09:00,1360.0,1396.0,1330.0,1364.0,202305,0.0,0.0
2007-05-28 00:00:00+09:00,1360.0,1568.0,1360.0,1568.0,202305,0.0,0.0
2007-05-29 00:00:00+09:00,1600.0,1640.0,1416.0,1416.0,207705,0.0,0.0
2007-05-30 00:00:00+09:00,1418.0,1456.0,1380.0,1390.0,27435,0.0,0.0
2007-05-31 00:00:00+09:00,1408.0,1460.0,1350.0,1386.0,25295,0.0,0.0
2007-06-01 00:00:00+09:00,1362.0,1418.0,1360.0,1364.0,14555,0.0,0.0
2007-06-04 00:00:00+09:00,1376.0,1420.0,1360.0,1412.0,4200,0.0,0.0
2007-06-05 00:00:00+09:00,1370.0,1430.0,1370.0,1428.0,2355,0.0,0.0
2007-06-07 00:00:00+09:00,1400.0,1400.0,1338.0,1360.0,37995,0.0,0.0
2007-06-08 00:00:00+09:00,1370.0,1420.0,1364.0,1396.0,4485,0.0,0.0
2007-06-11 00:00:00+09:00,1396.0,1396.0,1342.0,1378.0,4225,0.0,0.0
2007-06-12 00:00:00+09:00,1370.0,1416.0,1370.0,1402.0,13250,0.0,0.0
2007-06-13 00:00:00+09:00,1418.0,1454.0,1380.0,1420.0,18300,0.0,0.0
2007-06-14 00:00:00+09:00,1438.0,1460.0,1402.0,1460.0,2260,0.0,0.0
2007-06-15 00:00:00+09:00,1458.0,1458.0,1402.0,1450.0,7590,0.0,0.0
2007-06-18 00:00:00+09:00,1450.0,1458.0,1424.0,1458.0,7175,0.0,0.0
2007-06-19 00:00:00+09:00,1470.0,1480.0,1440.0,1456.0,1435,0.0,0.0
2007-06-20 00:00:00+09:00,1440.0,1460.0,1440.0,1446.0,35990,0.0,0.0
2007-06-21 00:00:00+09:00,1404.0,1460.0,1404.0,1448.0,2465,0.0,0.0
2007-06-22 00:00:00+09:00,1420.0,1440.0,1420.0,1440.0,7835,0.0,0.0
2007-06-25 00:00:00+09:00,1480.0,1480.0,1430.0,1468.0,2830,0.0,0.0
2007-06-26 00:00:00+09:00,1468.0,1468.0,1440.0,1440.0,12275,0.0,0.0
2007-06-27 00:00:00+09:00,1576.0,1480.0,1424.0,1424.0,1321105,0.0,0.0
2007-06-28 00:00:00+09:00,1442.0,1636.0,1442.0,1636.0,377530,0.0,0.0
2007-06-29 00:00:00+09:00,1576.0,1710.0,1392.0,1392.0,1321105,0.0,0.0
2007-07-02 00:00:00+09:00,1360.0,1380.0,1280.0,1306.0,142550,0.0,0.0
2007-07-03 00:00:00+09:00,1320.0,1342.0,1240.0,1260.0,44795,0.0,0.0
2007-07-04 00:00:00+09:00,1280.0,1282.0,1080.0,1250.0,40255,0.0,0.0
2007-07-05 00:00:00+09:00,1250.0,1280.0,1218.0,1266.0,9870,0.0,0.0
2007-07-06 00:00:00+09:00,1314.0,1314.0,1244.0,1278.0,5060,0.0,0.0
2007-07-09 00:00:00+09:00,1290.0,1298.0,1222.0,1270.0,19405,0.0,0.0
2007-07-10 00:00:00+09:00,1300.0,1300.0,1250.0,1270.0,730,0.0,0.0
2007-07-11 00:00:00+09:00,1290.0,1298.0,1240.0,1290.0,3075,0.0,0.0
2007-07-12 00:00:00+09:00,1288.0,1290.0,1244.0,1280.0,7325,0.0,0.0
2007-07-13 00:00:00+09:00,1278.0,1288.0,1200.0,1254.0,24600,0.0,0.0
2007-07-16 00:00:00+09:00,1210.0,1270.0,1092.0,1160.0,16975,0.0,0.0
2007-07-18 00:00:00+09:00,1188.0,1188.0,1102.0,1158.0,2450,0.0,0.0
2007-07-19 00:00:00+09:00,1220.0,1220.0,1140.0,1170.0,160,0.0,0.0
2007-07-20 00:00:00+09:00,1218.0,1218.0,1120.0,1166.0,4595,0.0,0.0
2007-07-23 00:00:00+09:00,1184.0,1240.0,1134.0,1188.0,4740,0.0,0.0
2007-07-24 00:00:00+09:00,1162.0,1236.0,1162.0,1214.0,3645,0.0,0.0
2007-07-25 00:00:00+09:00,1240.0,1240.0,1122.0,1148.0,2025,0.0,0.0
2007-07-26 00:00:00+09:00,1152.0,1188.0,1150.0,1180.0,2605,0.0,0.0
2007-07-27 00:00:00+09:00,1070.0,1214.0,1070.0,1160.0,2755,0.0,0.0
2007-07-30 00:00:00+09:00,1218.0,1218.0,1164.0,1216.0,1455,0.0,0.0
2007-07-31 00:00:00+09:00,1246.0,1288.0,1206.0,1254.0,1015,0.0,0.0
2007-08-01 00:00:00+09:00,1286.0,1286.0,1140.0,1240.0,3295,0.0,0.0
2007-08-02 00:00:00+09:00,1202.0,1280.0,1188.0,1236.0,185,0.0,0.0
2007-08-03 00:00:00+09:00,1238.0,1256.0,1202.0,1254.0,2315,0.0,0.0
2007-08-06 00:00:00+09:00,1250.0,1250.0,1160.0,1196.0,2690,0.0,0.0
2007-08-07 00:00:00+09:00,1196.0,1206.0,1152.0,1206.0,2440,0.0,0.0
2007-08-08 00:00:00+09:00,1204.0,1204.0,1102.0,1148.0,10585,0.0,0.0
2007-08-09 00:00:00+09:00,1160.0,1194.0,1150.0,1180.0,4495,0.0,0.0
2007-08-10 00:00:00+09:00,1204.0,1206.0,1122.0,1184.0,1935,0.0,0.0
2007-08-13 00:00:00+09:00,1182.0,1184.0,1120.0,1138.0,5330,0.0,0.0
2007-08-14 00:00:00+09:00,1152.0,1200.0,1128.0,1194.0,2995,0.0,0.0
2007-08-16 00:00:00+09:00,1054.0,1178.0,1054.0,1082.0,4930,0.0,0.0
2007-08-17 00:00:00+09:00,1156.0,1156.0,1080.0,1116.0,1620,0.0,0.0
2007-08-20 00:00:00+09:00,1228.0,1228.0,982.0,1114.0,2860,0.0,0.0
2007-08-21 00:00:00+09:00,1120.0,1170.0,1078.0,1134.0,310,0.0,0.0
2007-08-22 00:00:00+09:00,1092.0,1160.0,1092.0,1146.0,575,0.0,0.0
2007-08-23 00:00:00+09:00,1166.0,1166.0,1120.0,1144.0,805,0.0,0.0
2007-08-24 00:00:00+09:00,1096.0,1180.0,1096.0,1174.0,1600,0.0,0.0
2007-08-27 00:00:00+09:00,1130.0,1216.0,1100.0,1172.0,290,0.0,0.0
2007-08-28 00:00:00+09:00,1142.0,1178.0,1140.0,1168.0,1205,0.0,0.0
2007-08-29 00:00:00+09:00,1118.0,1176.0,1118.0,1158.0,1105,0.0,0.0
2007-08-30 00:00:00+09:00,1126.0,1150.0,1124.0,1148.0,4385,0.0,0.0
2007-08-31 00:00:00+09:00,1132.0,1146.0,1126.0,1146.0,5430,0.0,0.0
2007-09-03 00:00:00+09:00,1180.0,1180.0,1108.0,1142.0,3475,0.0,0.0
2007-09-04 00:00:00+09:00,1120.0,1120.0,1104.0,1120.0,3020,0.0,0.0
2007-09-05 00:00:00+09:00,2560.0,1152.0,1118.0,1136.0,56670,0.0,0.0
2007-09-06 00:00:00+09:00,1118.0,1168.0,1118.0,1136.0,1755,0.0,0.0
2007-09-07 00:00:00+09:00,1136.0,1306.0,1136.0,1306.0,89745,0.0,0.0
2007-09-10 00:00:00+09:00,1296.0,1500.0,1262.0,1500.0,133940,0.0,0.0
2007-09-11 00:00:00+09:00,1724.0,1724.0,1724.0,1724.0,67790,0.0,0.0
2007-09-12 00:00:00+09:00,1982.0,1982.0,1744.0,1982.0,399700,0.0,0.0
2007-09-13 00:00:00+09:00,1900.0,2270.0,1846.0,2270.0,275335,0.0,0.0
2007-09-14 00:00:00+09:00,2560.0,2610.0,2420.0,2610.0,56670,0.0,0.0
2007-09-17 00:00:00+09:00,1982.0,3000.0,2230.0,2440.0,464220,0.0,0.0
2007-09-18 00:00:00+09:00,2460.0,2540.0,2080.0,2080.0,244845,0.0,0.0
2007-09-19 00:00:00+09:00,1982.0,2040.0,1770.0,1770.0,464220,0.0,0.0
2007-09-20 00:00:00+09:00,1706.0,1900.0,1582.0,1662.0,964715,0.0,0.0
2007-09-21 00:00:00+09:00,1674.0,1772.0,1468.0,1528.0,328975,0.0,0.0
2007-09-27 00:00:00+09:00,1560.0,1572.0,1498.0,1512.0,71760,0.0,0.0
2007-09-28 00:00:00+09:00,1520.0,1620.0,1462.0,1590.0,183805,0.0,0.0
2007-10-01 00:00:00+09:00,1522.0,1560.0,1442.0,1442.0,84425,0.0,0.0
2007-10-02 00:00:00+09:00,1486.0,1486.0,1370.0,1400.0,84080,0.0,0.0
2007-10-04 00:00:00+09:00,2090.0,1464.0,1390.0,1420.0,305850,0.0,0.0
2007-10-05 00:00:00+09:00,1400.0,1632.0,1400.0,1632.0,125425,0.0,0.0
2007-10-08 00:00:00+09:00,1730.0,1876.0,1730.0,1876.0,502900,0.0,0.0
2007-10-09 00:00:00+09:00,2090.0,2150.0,1980.0,2150.0,305850,0.0,0.0
2007-10-10 00:00:00+09:00,2140.0,2390.0,1884.0,1980.0,527130,0.0,0.0
2007-10-11 00:00:00+09:00,1980.0,1980.0,1708.0,1882.0,203275,0.0,0.0
2007-10-12 00:00:00+09:00,1938.0,1938.0,1764.0,1784.0,49365,0.0,0.0
2007-10-15 00:00:00+09:00,1740.0,1820.0,1696.0,1696.0,108810,0.0,0.0
2007-10-16 00:00:00+09:00,1740.0,1950.0,1720.0,1950.0,108810,0.0,0.0
2007-10-17 00:00:00+09:00,2100.0,2200.0,1722.0,1740.0,104355,0.0,0.0
2007-10-18 00:00:00+09:00,1740.0,1836.0,1680.0,1750.0,52980,0.0,0.0
2007-10-19 00:00:00+09:00,1760.0,1790.0,1500.0,1640.0,162105,0.0,0.0
2007-10-22 00:00:00+09:00,1858.0,1886.0,1600.0,1690.0,153135,0.0,0.0
2007-10-23 00:00:00+09:00,1708.0,1728.0,1562.0,1616.0,45745,0.0,0.0
2007-10-24 00:00:00+09:00,1598.0,1738.0,1490.0,1520.0,55175,0.0,0.0
2007-10-25 00:00:00+09:00,1484.0,1674.0,1482.0,1500.0,59300,0.0,0.0
2007-10-26 00:00:00+09:00,1570.0,1576.0,1480.0,1498.0,20385,0.0,0.0
2007-10-29 00:00:00+09:00,1520.0,1680.0,1500.0,1560.0,13125,0.0,0.0
2007-10-30 00:00:00+09:00,1530.0,1670.0,1520.0,1522.0,33415,0.0,0.0
2007-10-31 00:00:00+09:00,1530.0,1552.0,1470.0,1552.0,33415,0.0,0.0
2007-11-01 00:00:00+09:00,1558.0,1558.0,1474.0,1482.0,10890,0.0,0.0
2007-11-02 00:00:00+09:00,1482.0,1600.0,1480.0,1552.0,33555,0.0,0.0
2007-11-05 00:00:00+09:00,1636.0,1636.0,1472.0,1482.0,14660,0.0,0.0
2007-11-06 00:00:00+09:00,1504.0,1504.0,1440.0,1492.0,7725,0.0,0.0
2007-11-07 00:00:00+09:00,1500.0,1500.0,1424.0,1466.0,22405,0.0,0.0
2007-11-08 00:00:00+09:00,1382.0,1672.0,1382.0,1456.0,6805,0.0,0.0
2007-11-09 00:00:00+09:00,1456.0,1558.0,1420.0,1420.0,8750,0.0,0.0
2007-11-12 00:00:00+09:00,1420.0,1430.0,1380.0,1380.0,8820,0.0,0.0
2007-11-13 00:00:00+09:00,1400.0,1540.0,1356.0,1524.0,16885,0.0,0.0
2007-11-14 00:00:00+09:00,1660.0,1660.0,1466.0,1548.0,8750,0.0,0.0
2007-11-15 00:00:00+09:00,1548.0,1548.0,1424.0,1428.0,12810,0.0,0.0
2007-11-16 00:00:00+09:00,1504.0,1504.0,1394.0,1420.0,6250,0.0,0.0
2007-11-19 00:00:00+09:00,1508.0,1508.0,1404.0,1460.0,33815,0.0,0.0
2007-11-20 00:00:00+09:00,1362.0,1450.0,1362.0,1438.0,34970,0.0,0.0
2007-11-21 00:00:00+09:00,1438.0,1486.0,1370.0,1436.0,28260,0.0,0.0
2007-11-22 00:00:00+09:00,1478.0,1502.0,1320.0,1370.0,17985,0.0,0.0
2007-11-23 00:00:00+09:00,1400.0,1400.0,1260.0,1338.0,12150,0.0,0.0
2007-11-26 00:00:00+09:00,1242.0,1514.0,1242.0,1480.0,9025,0.0,0.0
2007-11-27 00:00:00+09:00,1478.0,1478.0,1378.0,1464.0,55,0.0,0.0
2007-11-28 00:00:00+09:00,1376.0,1492.0,1376.0,1440.0,585,0.0,0.0
2007-11-29 00:00:00+09:00,1446.0,1500.0,1446.0,1500.0,55,0.0,0.0
2007-11-30 00:00:00+09:00,1500.0,1500.0,1432.0,1470.0,2330,0.0,0.0
2007-12-03 00:00:00+09:00,1500.0,1600.0,1400.0,1490.0,2065,0.0,0.0
2007-12-04 00:00:00+09:00,1426.0,1480.0,1426.0,1428.0,3315,0.0,0.0
2007-12-05 00:00:00+09:00,1450.0,1510.0,1432.0,1480.0,255,0.0,0.0
2007-12-06 00:00:00+09:00,1480.0,1502.0,1356.0,1476.0,1985,0.0,0.0
2007-12-07 00:00:00+09:00,1476.0,1598.0,1460.0,1538.0,515,0.0,0.0
2007-12-10 00:00:00+09:00,1538.0,1538.0,1440.0,1532.0,640,0.0,0.0
2007-12-11 00:00:00+09:00,1540.0,1540.0,1460.0,1498.0,105,0.0,0.0
2007-12-12 00:00:00+09:00,1500.0,1540.0,1340.0,1540.0,5615,0.0,0.0
2007-12-13 00:00:00+09:00,1570.0,1570.0,1408.0,1500.0,655,0.0,0.0
2007-12-14 00:00:00+09:00,1520.0,1522.0,1276.0,1458.0,14960,0.0,0.0
2007-12-17 00:00:00+09:00,1426.0,1426.0,1354.0,1420.0,250,0.0,0.0
2007-12-18 00:00:00+09:00,1420.0,1442.0,1364.0,1400.0,4220,0.0,0.0
2007-12-20 00:00:00+09:00,1458.0,1458.0,1380.0,1436.0,480,0.0,0.0
2007-12-21 00:00:00+09:00,1460.0,1460.0,1350.0,1426.0,7320,0.0,0.0
2007-12-24 00:00:00+09:00,1442.0,1444.0,1358.0,1444.0,15575,0.0,0.0
2007-12-26 00:00:00+09:00,1454.0,1454.0,1376.0,1388.0,6845,0.0,0.0
2007-12-27 00:00:00+09:00,1388.0,1444.0,1384.0,1444.0,3940,0.0,0.0
2007-12-28 00:00:00+09:00,1466.0,1466.0,1398.0,1460.0,615,0.0,0.0
2008-01-02 00:00:00+09:00,1452.0,1452.0,1436.0,1436.0,20,0.0,0.0
2008-01-03 00:00:00+09:00,1442.0,1466.0,1344.0,1354.0,8625,0.0,0.0
2008-01-04 00:00:00+09:00,1354.0,1356.0,1312.0,1320.0,4570,0.0,0.0
2008-01-07 00:00:00+09:00,1396.0,1396.0,1250.0,1308.0,16515,0.0,0.0
2008-01-08 00:00:00+09:00,1272.0,1316.0,1226.0,1236.0,10235,0.0,0.0
2008-01-09 00:00:00+09:00,1276.0,1276.0,1202.0,1256.0,5890,0.0,0.0
2008-01-10 00:00:00+09:00,1272.0,1272.0,1070.0,1250.0,8530,0.0,0.0
2008-01-11 00:00:00+09:00,1260.0,1262.0,1190.0,1256.0,2375,0.0,0.0
2008-01-14 00:00:00+09:00,1250.0,1260.0,1250.0,1260.0,2455,0.0,0.0
2008-01-15 00:00:00+09:00,1288.0,1312.0,1288.0,1300.0,340,0.0,0.0
2008-01-16 00:00:00+09:00,1494.0,1494.0,1200.0,1360.0,17915,0.0,0.0
2008-01-17 00:00:00+09:00,1240.0,1360.0,1240.0,1330.0,2765,0.0,0.0
2008-01-18 00:00:00+09:00,1418.0,1418.0,1238.0,1366.0,155,0.0,0.0
2008-01-21 00:00:00+09:00,1268.0,1398.0,1262.0,1262.0,500,0.0,0.0
2008-01-22 00:00:00+09:00,1110.0,1390.0,1106.0,1294.0,4800,0.0,0.0
2008-01-23 00:00:00+09:00,1130.0,1280.0,1130.0,1220.0,17685,0.0,0.0
2008-01-24 00:00:00+09:00,1220.0,1300.0,1166.0,1166.0,3495,0.0,0.0
2008-01-25 00:00:00+09:00,1140.0,1222.0,1140.0,1212.0,3760,0.0,0.0
2008-01-28 00:00:00+09:00,1212.0,1244.0,1212.0,1244.0,10,0.0,0.0
2008-01-29 00:00:00+09:00,1294.0,1318.0,1238.0,1238.0,255,0.0,0.0
2008-01-30 00:00:00+09:00,1294.0,1294.0,1180.0,1288.0,255,0.0,0.0
2008-01-31 00:00:00+09:00,1200.0,1360.0,1156.0,1360.0,3280,0.0,0.0
2008-02-01 00:00:00+09:00,1350.0,1400.0,1276.0,1330.0,535,0.0,0.0
2008-02-04 00:00:00+09:00,1310.0,1310.0,1260.0,1310.0,1490,0.0,0.0
2008-02-05 00:00:00+09:00,1376.0,1376.0,1252.0,1252.0,1845,0.0,0.0
2008-02-11 00:00:00+09:00,1200.0,1400.0,1200.0,1326.0,1275,0.0,0.0
2008-02-12 00:00:00+09:00,1360.0,1408.0,1300.0,1408.0,3940,0.0,0.0
2008-02-13 00:00:00+09:00,1310.0,1398.0,1310.0,1380.0,110,0.0,0.0
2008-02-14 00:00:00+09:00,1310.0,1334.0,1184.0,1290.0,10230,0.0,0.0
2008-02-15 00:00:00+09:00,1688.0,1290.0,1234.0,1278.0,12980,0.0,0.0
2008-02-18 00:00:00+09:00,1276.0,1468.0,1276.0,1468.0,49500,0.0,0.0
2008-02-19 00:00:00+09:00,1688.0,1688.0,1688.0,1688.0,12980,0.0,0.0
2008-02-20 00:00:00+09:00,1940.0,1940.0,1748.0,1914.0,242435,0.0,0.0
2008-02-21 00:00:00+09:00,1852.0,1900.0,1644.0,1644.0,108520,0.0,0.0
2008-02-22 00:00:00+09:00,1650.0,1690.0,1502.0,1554.0,50765,0.0,0.0
2008-02-25 00:00:00+09:00,1502.0,1578.0,1446.0,1454.0,23405,0.0,0.0
2008-02-26 00:00:00+09:00,1446.0,1494.0,1444.0,1476.0,11390,0.0,0.0
2008-02-27 00:00:00+09:00,1476.0,1584.0,1476.0,1556.0,17350,0.0,0.0
2008-02-28 00:00:00+09:00,1578.0,1578.0,1498.0,1516.0,32715,0.0,0.0
2008-02-29 00:00:00+09:00,1486.0,1590.0,1486.0,1558.0,8655,0.0,0.0
2008-03-03 00:00:00+09:00,1506.0,1740.0,1506.0,1600.0,53320,0.0,0.0
2008-03-04 00:00:00+09:00,1600.0,1640.0,1524.0,1552.0,22225,0.0,0.0
2008-03-05 00:00:00+09:00,1510.0,1616.0,1504.0,1540.0,16860,0.0,0.0
2008-03-06 00:00:00+09:00,1540.0,1600.0,1460.0,1500.0,20290,0.0,0.0
2008-03-07 00:00:00+09:00,1500.0,1520.0,1500.0,1520.0,1255,0.0,0.0
2008-03-10 00:00:00+09:00,1480.0,1540.0,1480.0,1512.0,3480,0.0,0.0
2008-03-11 00:00:00+09:00,1432.0,1600.0,1432.0,1566.0,3200,0.0,0.0
2008-03-12 00:00:00+09:00,1596.0,1596.0,1484.0,1560.0,705,0.0,0.0
2008-03-13 00:00:00+09:00,1518.0,1594.0,1470.0,1532.0,3155,0.0,0.0
2008-03-14 00:00:00+09:00,1596.0,1596.0,1472.0,1540.0,740,0.0,0.0
2008-03-17 00:00:00+09:00,1540.0,1580.0,1502.0,1538.0,540,0.0,0.0
2008-03-18 00:00:00+09:00,1440.0,1580.0,1308.0,1308.0,67700,0.0,0.0
2008-03-19 00:00:00+09:00,1288.0,1380.0,1200.0,1294.0,10100,0.0,0.0
2008-03-20 00:00:00+09:00,1300.0,1380.0,1294.0,1320.0,25190,0.0,0.0
2008-03-21 00:00:00+09:00,1300.0,1368.0,1244.0,1300.0,2510,0.0,0.0
2008-03-24 00:00:00+09:00,1262.0,1318.0,1262.0,1318.0,1325,0.0,0.0
2008-03-25 00:00:00+09:00,1358.0,1358.0,1296.0,1302.0,2875,0.0,0.0
2008-03-26 00:00:00+09:00,1302.0,1338.0,1280.0,1318.0,21460,0.0,0.0
2008-03-27 00:00:00+09:00,1318.0,1330.0,1280.0,1326.0,6870,0.0,0.0
2008-03-28 00:00:00+09:00,1240.0,1330.0,1240.0,1320.0,10755,0.0,0.0
2008-03-31 00:00:00+09:00,1260.0,1330.0,1200.0,1318.0,30655,0.0,0.0
2008-04-01 00:00:00+09:00,1276.0,1336.0,1276.0,1330.0,2945,0.0,0.0
2008-04-02 00:00:00+09:00,1330.0,1460.0,1304.0,1380.0,14480,0.0,0.0
2008-04-03 00:00:00+09:00,1376.0,1420.0,1300.0,1378.0,3095,0.0,0.0
2008-04-04 00:00:00+09:00,1378.0,1420.0,1312.0,1400.0,415,0.0,0.0
2008-04-07 00:00:00+09:00,1380.0,1418.0,1380.0,1398.0,45,0.0,0.0
2008-04-08 00:00:00+09:00,1380.0,1418.0,1380.0,1410.0,375,0.0,0.0
2008-04-10 00:00:00+09:00,1420.0,1590.0,1330.0,1426.0,7700,0.0,0.0
2008-04-11 00:00:00+09:00,1430.0,1430.0,1380.0,1418.0,5980,0.0,0.0
2008-04-14 00:00:00+09:00,1380.0,1446.0,1360.0,1446.0,445,0.0,0.0
2008-04-15 00:00:00+09:00,1446.0,1460.0,1362.0,1460.0,3810,0.0,0.0
2008-04-16 00:00:00+09:00,1450.0,1450.0,1390.0,1430.0,2540,0.0,0.0
2008-04-17 00:00:00+09:00,1458.0,1498.0,1390.0,1440.0,2390,0.0,0.0
2008-04-18 00:00:00+09:00,1440.0,1500.0,1388.0,1400.0,10540,0.0,0.0
2008-04-21 00:00:00+09:00,1366.0,1466.0,1342.0,1342.0,6870,0.0,0.0
2008-04-22 00:00:00+09:00,1380.0,1400.0,1320.0,1330.0,4770,0.0,0.0
2008-04-23 00:00:00+09:00,1340.0,1340.0,1268.0,1268.0,12670,0.0,0.0
2008-04-24 00:00:00+09:00,1240.0,1298.0,1224.0,1224.0,14650,0.0,0.0
2008-04-25 00:00:00+09:00,1280.0,1300.0,1240.0,1252.0,7455,0.0,0.0
2008-04-28 00:00:00+09:00,1252.0,1302.0,1252.0,1280.0,4770,0.0,0.0
2008-04-29 00:00:00+09:00,1300.0,1300.0,1294.0,1296.0,355,0.0,0.0
2008-04-30 00:00:00+09:00,1260.0,1380.0,1260.0,1292.0,775,0.0,0.0
2008-05-02 00:00:00+09:00,1298.0,1316.0,1236.0,1276.0,10665,0.0,0.0
2008-05-06 00:00:00+09:00,1260.0,1450.0,1200.0,1264.0,59110,0.0,0.0
2008-05-07 00:00:00+09:00,1240.0,1272.0,1214.0,1214.0,16060,0.0,0.0
2008-05-08 00:00:00+09:00,1216.0,1238.0,1212.0,1238.0,3440,0.0,0.0
2008-05-09 00:00:00+09:00,1238.0,1260.0,1190.0,1232.0,8380,0.0,0.0
2008-05-13 00:00:00+09:00,1238.0,1256.0,1186.0,1232.0,760,0.0,0.0
2008-05-14 00:00:00+09:00,1220.0,1274.0,1180.0,1198.0,2785,0.0,0.0
2008-05-15 00:00:00+09:00,1270.0,1268.0,1220.0,1238.0,3360,0.0,0.0
2008-05-16 00:00:00+09:00,1270.0,1270.0,1202.0,1238.0,3360,0.0,0.0
2008-05-19 00:00:00+09:00,1252.0,1252.0,1238.0,1238.0,1505,0.0,0.0
2008-05-20 00:00:00+09:00,1340.0,1340.0,1212.0,1242.0,9715,0.0,0.0
2008-05-21 00:00:00+09:00,1238.0,1316.0,1238.0,1278.0,5600,0.0,0.0
2008-05-22 00:00:00+09:00,1278.0,1278.0,1206.0,1252.0,5580,0.0,0.0
2008-05-23 00:00:00+09:00,1240.0,1270.0,1240.0,1262.0,800,0.0,0.0
2008-05-26 00:00:00+09:00,1230.0,1266.0,1180.0,1198.0,5890,0.0,0.0
2008-05-27 00:00:00+09:00,1206.0,1210.0,1160.0,1196.0,3175,0.0,0.0
2008-05-28 00:00:00+09:00,1200.0,1220.0,1150.0,1200.0,3380,0.0,0.0
2008-05-29 00:00:00+09:00,1170.0,1230.0,1020.0,1150.0,16530,0.0,0.0
2008-05-30 00:00:00+09:00,1200.0,1200.0,1150.0,1190.0,10240,0.0,0.0
2008-06-02 00:00:00+09:00,1190.0,1196.0,1150.0,1194.0,7730,0.0,0.0
2008-06-03 00:00:00+09:00,1144.0,1300.0,1144.0,1208.0,2305,0.0,0.0
2008-06-04 00:00:00+09:00,1220.0,1300.0,1200.0,1282.0,23095,0.0,0.0
2008-06-05 00:00:00+09:00,1288.0,1324.0,1226.0,1270.0,2745,0.0,0.0
2008-06-09 00:00:00+09:00,1270.0,1270.0,1160.0,1254.0,2805,0.0,0.0
2008-06-10 00:00:00+09:00,1290.0,1290.0,1204.0,1274.0,10335,0.0,0.0
2008-06-11 00:00:00+09:00,1296.0,1298.0,1270.0,1280.0,270,0.0,0.0
2008-06-12 00:00:00+09:00,1270.0,1274.0,1250.0,1254.0,295,0.0,0.0
2008-06-13 00:00:00+09:00,1270.0,1412.0,1264.0,1298.0,6400,0.0,0.0
2008-06-16 00:00:00+09:00,1374.0,1374.0,1242.0,1250.0,1360,0.0,0.0
2008-06-17 00:00:00+09:00,1240.0,1354.0,1240.0,1270.0,2815,0.0,0.0
2008-06-18 00:00:00+09:00,1270.0,1320.0,1226.0,1320.0,2035,0.0,0.0
2008-06-19 00:00:00+09:00,1320.0,1320.0,1208.0,1308.0,895,0.0,0.0
2008-06-20 00:00:00+09:00,1380.0,1380.0,1200.0,1200.0,4520,0.0,0.0
2008-06-23 00:00:00+09:00,1180.0,1260.0,1180.0,1190.0,6305,0.0,0.0
2008-06-24 00:00:00+09:00,1200.0,1260.0,1180.0,1182.0,2030,0.0,0.0
2008-06-25 00:00:00+09:00,1258.0,1258.0,1184.0,1184.0,375,0.0,0.0
2008-06-26 00:00:00+09:00,1276.0,1276.0,1188.0,1192.0,515,0.0,0.0
2008-06-27 00:00:00+09:00,1198.0,1260.0,1198.0,1238.0,420,0.0,0.0
2008-06-30 00:00:00+09:00,1202.0,1268.0,1202.0,1264.0,205,0.0,0.0
2008-07-01 00:00:00+09:00,1172.0,1286.0,1102.0,1102.0,52615,0.0,0.0
2008-07-02 00:00:00+09:00,1172.0,1266.0,1146.0,1266.0,52615,0.0,0.0
2008-07-03 00:00:00+09:00,1300.0,1440.0,1086.0,1180.0,64145,0.0,0.0
2008-07-04 00:00:00+09:00,1256.0,1286.0,1060.0,1060.0,15855,0.0,0.0
2008-07-07 00:00:00+09:00,1080.0,1156.0,1022.0,1146.0,9735,0.0,0.0
2008-07-08 00:00:00+09:00,1170.0,1170.0,1100.0,1144.0,3820,0.0,0.0
2008-07-09 00:00:00+09:00,1170.0,1254.0,1092.0,1150.0,7370,0.0,0.0
2008-07-10 00:00:00+09:00,1158.0,1158.0,1062.0,1124.0,6525,0.0,0.0
2008-07-11 00:00:00+09:00,1102.0,1144.0,1102.0,1130.0,5505,0.0,0.0
2008-07-14 00:00:00+09:00,1260.0,1260.0,1084.0,1118.0,3030,0.0,0.0
2008-07-15 00:00:00+09:00,1160.0,1200.0,1100.0,1178.0,7335,0.0,0.0
2008-07-16 00:00:00+09:00,1176.0,1208.0,1160.0,1160.0,1355,0.0,0.0
2008-07-17 00:00:00+09:00,1128.0,1222.0,1128.0,1200.0,1185,0.0,0.0
2008-07-18 00:00:00+09:00,1200.0,1250.0,1180.0,1250.0,785,0.0,0.0
2008-07-21 00:00:00+09:00,1276.0,1276.0,1180.0,1276.0,4375,0.0,0.0
2008-07-22 00:00:00+09:00,1276.0,1276.0,1180.0,1180.0,4375,0.0,0.0
2008-07-23 00:00:00+09:00,1260.0,1260.0,1184.0,1184.0,385,0.0,0.0
2008-07-24 00:00:00+09:00,1256.0,1256.0,1200.0,1244.0,7255,0.0,0.0
2008-07-25 00:00:00+09:00,1170.0,1252.0,1170.0,1246.0,1655,0.0,0.0
2008-07-28 00:00:00+09:00,1220.0,1246.0,1200.0,1200.0,780,0.0,0.0
2008-07-29 00:00:00+09:00,1240.0,1248.0,1180.0,1240.0,1255,0.0,0.0
2008-07-30 00:00:00+09:00,1236.0,1236.0,1236.0,1236.0,5,0.0,0.0
2008-07-31 00:00:00+09:00,1180.0,1248.0,1180.0,1216.0,1770,0.0,0.0
2008-08-01 00:00:00+09:00,1122.0,1216.0,1122.0,1206.0,130,0.0,0.0
2008-08-04 00:00:00+09:00,1140.0,1260.0,1140.0,1238.0,235,0.0,0.0
2008-08-05 00:00:00+09:00,1180.0,1244.0,1180.0,1242.0,70,0.0,0.0
2008-08-06 00:00:00+09:00,1238.0,1238.0,1120.0,1168.0,5305,0.0,0.0
2008-08-07 00:00:00+09:00,1250.0,1250.0,1170.0,1196.0,2155,0.0,0.0
2008-08-08 00:00:00+09:00,1180.0,1220.0,1168.0,1220.0,3220,0.0,0.0
2008-08-11 00:00:00+09:00,1182.0,1190.0,1140.0,1140.0,18625,0.0,0.0
2008-08-12 00:00:00+09:00,1150.0,1182.0,972.0,1174.0,2580,0.0,0.0
2008-08-13 00:00:00+09:00,1070.0,1170.0,1070.0,1116.0,1455,0.0,0.0
2008-08-14 00:00:00+09:00,1100.0,1150.0,1100.0,1148.0,780,0.0,0.0
2008-08-18 00:00:00+09:00,1164.0,1164.0,1164.0,1164.0,10,0.0,0.0
2008-08-19 00:00:00+09:00,1220.0,1220.0,1082.0,1160.0,2680,0.0,0.0
2008-08-20 00:00:00+09:00,1190.0,1190.0,1190.0,1190.0,45,0.0,0.0
2008-08-21 00:00:00+09:00,1198.0,1200.0,1100.0,1180.0,695,0.0,0.0
2008-08-22 00:00:00+09:00,1180.0,1180.0,1084.0,1174.0,2090,0.0,0.0
2008-08-25 00:00:00+09:00,1198.0,1198.0,1190.0,1190.0,10,0.0,0.0
2008-08-26 00:00:00+09:00,1140.0,1188.0,1140.0,1188.0,255,0.0,0.0
2008-08-27 00:00:00+09:00,1258.0,1258.0,1110.0,1188.0,235,0.0,0.0
2008-08-28 00:00:00+09:00,1124.0,1186.0,1124.0,1184.0,115,0.0,0.0
2008-08-29 00:00:00+09:00,1122.0,1186.0,1122.0,1186.0,150,0.0,0.0
2008-09-01 00:00:00+09:00,1180.0,1186.0,1010.0,1122.0,955,0.0,0.0
2008-09-02 00:00:00+09:00,1220.0,1220.0,1140.0,1192.0,2320,0.0,0.0
2008-09-03 00:00:00+09:00,1180.0,1190.0,1180.0,1190.0,40,0.0,0.0
2008-09-04 00:00:00+09:00,1180.0,1180.0,1180.0,1180.0,845,0.0,0.0
2008-09-05 00:00:00+09:00,1220.0,1228.0,1220.0,1228.0,30,0.0,0.0
2008-09-08 00:00:00+09:00,1152.0,1188.0,1152.0,1188.0,480,0.0,0.0
2008-09-10 00:00:00+09:00,1180.0,1180.0,1180.0,1180.0,500,0.0,0.0
2008-09-11 00:00:00+09:00,1214.0,1214.0,1170.0,1182.0,1945,0.0,0.0
2008-09-12 00:00:00+09:00,1170.0,1180.0,1170.0,1180.0,460,0.0,0.0
2008-09-16 00:00:00+09:00,1160.0,1160.0,1120.0,1158.0,1185,0.0,0.0
2008-09-17 00:00:00+09:00,1228.0,1228.0,1140.0,1168.0,860,0.0,0.0
2008-09-18 00:00:00+09:00,1122.0,1156.0,1002.0,1156.0,1955,0.0,0.0
2008-09-19 00:00:00+09:00,1208.0,1208.0,1122.0,1156.0,330,0.0,0.0
2008-09-22 00:00:00+09:00,1198.0,1198.0,1082.0,1090.0,1715,0.0,0.0
2008-09-23 00:00:00+09:00,1110.0,1160.0,1100.0,1130.0,2620,0.0,0.0
2008-09-24 00:00:00+09:00,1174.0,1174.0,1080.0,1120.0,2290,0.0,0.0
2008-09-25 00:00:00+09:00,1140.0,1158.0,1120.0,1152.0,860,0.0,0.0
2008-09-26 00:00:00+09:00,1170.0,1188.0,1170.0,1188.0,70,0.0,0.0
2008-09-29 00:00:00+09:00,1160.0,1160.0,1142.0,1160.0,50,0.0,0.0
2008-09-30 00:00:00+09:00,1080.0,1118.0,1060.0,1116.0,2205,0.0,0.0
2008-10-02 00:00:00+09:00,1116.0,1174.0,1100.0,1140.0,5265,0.0,0.0
2008-10-06 00:00:00+09:00,1100.0,1138.0,1080.0,1120.0,2795,0.0,0.0
2008-10-07 00:00:00+09:00,1100.0,1128.0,1090.0,1128.0,110,0.0,0.0
2008-10-08 00:00:00+09:00,1150.0,1150.0,1028.0,1114.0,1415,0.0,0.0
2008-10-10 00:00:00+09:00,1140.0,1140.0,998.0,1132.0,2990,0.0,0.0
2008-10-13 00:00:00+09:00,1198.0,1198.0,1080.0,1080.0,950,0.0,0.0
2008-10-14 00:00:00+09:00,1148.0,1148.0,1080.0,1140.0,1875,0.0,0.0
2008-10-16 00:00:00+09:00,1114.0,1174.0,1044.0,1044.0,4305,0.0,0.0
2008-10-17 00:00:00+09:00,1154.0,1154.0,994.0,994.0,660,0.0,0.0
2008-10-20 00:00:00+09:00,1050.0,1106.0,846.0,941.0,11415,0.0,0.0
2008-10-21 00:00:00+09:00,1000.0,1000.0,920.0,920.0,555,0.0,0.0
2008-10-22 00:00:00+09:00,958.0,1056.0,954.0,1018.0,1140,0.0,0.0
2008-10-23 00:00:00+09:00,1018.0,1018.0,940.0,940.0,815,0.0,0.0
2008-10-24 00:00:00+09:00,990.0,990.0,860.0,894.0,4425,0.0,0.0
2008-10-27 00:00:00+09:00,900.0,900.0,766.0,893.0,4595,0.0,0.0
2008-10-28 00:00:00+09:00,1000.0,1000.0,800.0,950.0,4720,0.0,0.0
2008-10-29 00:00:00+09:00,1040.0,1090.0,841.0,978.0,4355,0.0,0.0
2008-10-30 00:00:00+09:00,978.0,1020.0,978.0,978.0,1855,0.0,0.0
2008-10-31 00:00:00+09:00,1040.0,1040.0,940.0,1000.0,4970,0.0,0.0
2008-11-03 00:00:00+09:00,1018.0,1036.0,996.0,996.0,9285,0.0,0.0
2008-11-04 00:00:00+09:00,1020.0,1020.0,962.0,1016.0,2880,0.0,0.0
2008-11-05 00:00:00+09:00,1016.0,1040.0,972.0,972.0,4025,0.0,0.0
2008-11-06 00:00:00+09:00,1038.0,1038.0,938.0,957.0,4880,0.0,0.0
2008-11-07 00:00:00+09:00,1018.0,1018.0,916.0,956.0,6535,0.0,0.0
2008-11-10 00:00:00+09:00,938.0,1058.0,938.0,973.0,10555,0.0,0.0
2008-11-11 00:00:00+09:00,978.0,1002.0,970.0,970.0,2350,0.0,0.0
2008-11-12 00:00:00+09:00,978.0,1018.0,921.0,962.0,15475,0.0,0.0
2008-11-13 00:00:00+09:00,971.0,978.0,940.0,976.0,54260,0.0,0.0
2008-11-14 00:00:00+09:00,956.0,998.0,944.0,950.0,8700,0.0,0.0
2008-11-17 00:00:00+09:00,938.0,981.0,921.0,921.0,1760,0.0,0.0
2008-11-18 00:00:00+09:00,940.0,981.0,940.0,940.0,6420,0.0,0.0
2008-11-19 00:00:00+09:00,954.0,1000.0,940.0,941.0,10560,0.0,0.0
2008-11-20 00:00:00+09:00,876.0,980.0,876.0,876.0,4135,0.0,0.0
2008-11-21 00:00:00+09:00,980.0,980.0,814.0,976.0,8080,0.0,0.0
2008-11-24 00:00:00+09:00,1038.0,1038.0,940.0,1010.0,8030,0.0,0.0
2008-11-25 00:00:00+09:00,1040.0,1100.0,978.0,1030.0,3020,0.0,0.0
2008-11-26 00:00:00+09:00,1060.0,1060.0,902.0,942.0,11235,0.0,0.0
2008-11-27 00:00:00+09:00,1018.0,1018.0,930.0,1004.0,15775,0.0,0.0
2008-11-28 00:00:00+09:00,956.0,1020.0,942.0,1014.0,10560,0.0,0.0
2008-12-01 00:00:00+09:00,1020.0,1020.0,944.0,1014.0,4955,0.0,0.0
2008-12-02 00:00:00+09:00,940.0,1016.0,910.0,984.0,20205,0.0,0.0
2008-12-03 00:00:00+09:00,960.0,1014.0,921.0,975.0,16585,0.0,0.0
2008-12-04 00:00:00+09:00,950.0,999.0,940.0,940.0,7955,0.0,0.0
2008-12-05 00:00:00+09:00,960.0,960.0,860.0,958.0,8780,0.0,0.0
2008-12-08 00:00:00+09:00,941.0,981.0,936.0,966.0,8955,0.0,0.0
2008-12-09 00:00:00+09:00,958.0,981.0,940.0,942.0,4090,0.0,0.0
2008-12-10 00:00:00+09:00,971.0,980.0,938.0,938.0,6580,0.0,0.0
2008-12-11 00:00:00+09:00,938.0,970.0,920.0,920.0,10575,0.0,0.0
2008-12-12 00:00:00+09:00,952.0,952.0,918.0,920.0,10340,0.0,0.0
2008-12-15 00:00:00+09:00,952.0,970.0,913.0,957.0,10340,0.0,0.0
2008-12-16 00:00:00+09:00,936.0,968.0,884.0,968.0,8155,0.0,0.0
2008-12-17 00:00:00+09:00,960.0,1036.0,936.0,1036.0,2540,0.0,0.0
2008-12-18 00:00:00+09:00,1000.0,1016.0,940.0,949.0,17055,0.0,0.0
2008-12-19 00:00:00+09:00,924.0,979.0,924.0,970.0,6865,0.0,0.0
2008-12-22 00:00:00+09:00,960.0,980.0,932.0,980.0,2855,0.0,0.0
2008-12-23 00:00:00+09:00,948.0,962.0,940.0,940.0,1005,0.0,0.0
2008-12-24 00:00:00+09:00,1074.0,1074.0,916.0,1038.0,7860,0.0,0.0
2008-12-26 00:00:00+09:00,1130.0,1130.0,926.0,1030.0,10200,0.0,0.0
2008-12-29 00:00:00+09:00,1040.0,1058.0,945.0,945.0,5590,0.0,0.0
2008-12-30 00:00:00+09:00,945.0,1012.0,942.0,1008.0,7670,0.0,0.0
2009-01-02 00:00:00+09:00,960.0,1088.0,944.0,946.0,13740,0.0,0.0
2009-01-05 00:00:00+09:00,938.0,962.0,938.0,960.0,1485,0.0,0.0
2009-01-06 00:00:00+09:00,936.0,980.0,932.0,966.0,3415,0.0,0.0
2009-01-07 00:00:00+09:00,958.0,982.0,920.0,920.0,28200,0.0,0.0
2009-01-08 00:00:00+09:00,1038.0,981.0,918.0,958.0,6845,0.0,0.0
2009-01-09 00:00:00+09:00,1038.0,1038.0,925.0,989.0,6845,0.0,0.0
2009-01-12 00:00:00+09:00,1032.0,1032.0,956.0,986.0,5400,0.0,0.0
2009-01-13 00:00:00+09:00,1078.0,1078.0,930.0,979.0,22845,0.0,0.0
2009-01-14 00:00:00+09:00,1074.0,1074.0,935.0,1020.0,44455,0.0,0.0
2009-01-15 00:00:00+09:00,999.0,1018.0,950.0,974.0,7045,0.0,0.0
2009-01-16 00:00:00+09:00,974.0,1038.0,831.0,1018.0,7420,0.0,0.0
2009-01-19 00:00:00+09:00,980.0,1026.0,980.0,1026.0,4510,0.0,0.0
2009-01-20 00:00:00+09:00,988.0,1024.0,913.0,1024.0,4425,0.0,0.0
2009-01-21 00:00:00+09:00,1070.0,1070.0,932.0,1008.0,7130,0.0,0.0
2009-01-22 00:00:00+09:00,960.0,1016.0,953.0,957.0,4865,0.0,0.0
2009-01-23 00:00:00+09:00,932.0,999.0,932.0,947.0,2010,0.0,0.0
2009-01-28 00:00:00+09:00,942.0,981.0,913.0,940.0,11840,0.0,0.0
2009-01-29 00:00:00+09:00,949.0,1010.0,932.0,970.0,4025,0.0,0.0
2009-01-30 00:00:00+09:00,956.0,976.0,880.0,970.0,8580,0.0,0.0
2009-02-02 00:00:00+09:00,960.0,990.0,884.0,968.0,6220,0.0,0.0
2009-02-03 00:00:00+09:00,998.0,998.0,915.0,960.0,7670,0.0,0.0
2009-02-04 00:00:00+09:00,1000.0,1040.0,936.0,990.0,5015,0.0,0.0
2009-02-05 00:00:00+09:00,980.0,988.0,953.0,980.0,3255,0.0,0.0
2009-02-06 00:00:00+09:00,972.0,1026.0,962.0,1026.0,805,0.0,0.0
2009-02-09 00:00:00+09:00,1010.0,1020.0,958.0,991.0,3265,0.0,0.0
2009-02-10 00:00:00+09:00,1020.0,1020.0,947.0,1012.0,5385,0.0,0.0
2009-02-11 00:00:00+09:00,978.0,1016.0,953.0,997.0,9165,0.0,0.0
2009-02-12 00:00:00+09:00,1010.0,1010.0,965.0,966.0,2575,0.0,0.0
2009-02-13 00:00:00+09:00,951.0,979.0,920.0,970.0,5780,0.0,0.0
2009-02-16 00:00:00+09:00,943.0,1008.0,943.0,975.0,4225,0.0,0.0
2009-02-17 00:00:00+09:00,974.0,976.0,928.0,975.0,2310,0.0,0.0
2009-02-18 00:00:00+09:00,991.0,991.0,896.0,960.0,5710,0.0,0.0
2009-02-19 00:00:00+09:00,960.0,960.0,943.0,960.0,370,0.0,0.0
2009-02-20 00:00:00+09:00,942.0,959.0,920.0,958.0,3880,0.0,0.0
2009-02-23 00:00:00+09:00,959.0,1012.0,877.0,1000.0,11470,0.0,0.0
2009-02-24 00:00:00+09:00,1018.0,1018.0,926.0,947.0,10380,0.0,0.0
2009-02-25 00:00:00+09:00,910.0,986.0,895.0,959.0,7915,0.0,0.0
2009-02-26 00:00:00+09:00,1004.0,1004.0,924.0,959.0,4635,0.0,0.0
2009-02-27 00:00:00+09:00,997.0,997.0,872.0,984.0,6635,0.0,0.0
2009-03-02 00:00:00+09:00,962.0,986.0,933.0,976.0,9675,0.0,0.0
2009-03-03 00:00:00+09:00,971.0,971.0,856.0,960.0,9235,0.0,0.0
2009-03-04 00:00:00+09:00,1000.0,1000.0,924.0,960.0,6860,0.0,0.0
2009-03-05 00:00:00+09:00,956.0,999.0,934.0,970.0,9590,0.0,0.0
2009-03-06 00:00:00+09:00,940.0,1002.0,906.0,970.0,5995,0.0,0.0
2009-03-09 00:00:00+09:00,961.0,988.0,942.0,978.0,4250,0.0,0.0
2009-03-10 00:00:00+09:00,960.0,977.0,920.0,977.0,1415,0.0,0.0
2009-03-11 00:00:00+09:00,980.0,1040.0,952.0,992.0,2085,0.0,0.0
2009-03-12 00:00:00+09:00,971.0,977.0,941.0,975.0,2110,0.0,0.0
2009-03-13 00:00:00+09:00,978.0,978.0,946.0,960.0,865,0.0,0.0
2009-03-16 00:00:00+09:00,940.0,975.0,940.0,975.0,2165,0.0,0.0
2009-03-17 00:00:00+09:00,968.0,968.0,942.0,968.0,775,0.0,0.0
2009-03-18 00:00:00+09:00,956.0,956.0,942.0,956.0,2130,0.0,0.0
2009-03-19 00:00:00+09:00,940.0,953.0,930.0,944.0,865,0.0,0.0
2009-03-20 00:00:00+09:00,932.0,970.0,916.0,970.0,3190,0.0,0.0
2009-03-23 00:00:00+09:00,981.0,996.0,928.0,996.0,2090,0.0,0.0
2009-03-24 00:00:00+09:00,977.0,988.0,944.0,988.0,3275,0.0,0.0
2009-03-25 00:00:00+09:00,975.0,992.0,940.0,965.0,3400,0.0,0.0
2009-03-26 00:00:00+09:00,994.0,994.0,926.0,938.0,3070,0.0,0.0
2009-03-27 00:00:00+09:00,941.0,950.0,926.0,945.0,3890,0.0,0.0
2009-03-30 00:00:00+09:00,930.0,948.0,921.0,940.0,1790,0.0,0.0
2009-03-31 00:00:00+09:00,922.0,944.0,922.0,941.0,1030,0.0,0.0
2009-04-01 00:00:00+09:00,940.0,952.0,923.0,928.0,1395,0.0,0.0
2009-04-02 00:00:00+09:00,926.0,948.0,926.0,946.0,870,0.0,0.0
2009-04-03 00:00:00+09:00,956.0,959.0,910.0,926.0,3460,0.0,0.0
2009-04-06 00:00:00+09:00,926.0,931.0,884.0,914.0,2640,0.0,0.0
2009-04-07 00:00:00+09:00,936.0,936.0,895.0,916.0,2695,0.0,0.0
2009-04-08 00:00:00+09:00,933.0,933.0,889.0,932.0,4705,0.0,0.0
2009-04-09 00:00:00+09:00,918.0,947.0,906.0,907.0,9585,0.0,0.0
2009-04-10 00:00:00+09:00,938.0,938.0,889.0,910.0,5995,0.0,0.0
2009-04-13 00:00:00+09:00,900.0,1000.0,900.0,990.0,4710,0.0,0.0
2009-04-14 00:00:00+09:00,981.0,1016.0,956.0,1000.0,4360,0.0,0.0
2009-04-15 00:00:00+09:00,1000.0,1040.0,976.0,999.0,8145,0.0,0.0
2009-04-16 00:00:00+09:00,1014.0,1050.0,978.0,989.0,3995,0.0,0.0
2009-04-17 00:00:00+09:00,1034.0,1034.0,964.0,973.0,2450,0.0,0.0
2009-04-20 00:00:00+09:00,1018.0,1018.0,957.0,968.0,35,0.0,0.0
2009-04-21 00:00:00+09:00,944.0,990.0,944.0,978.0,2275,0.0,0.0
2009-04-22 00:00:00+09:00,972.0,995.0,928.0,994.0,6420,0.0,0.0
2009-04-23 00:00:00+09:00,1038.0,1038.0,948.0,964.0,6115,0.0,0.0
2009-04-24 00:00:00+09:00,964.0,964.0,951.0,964.0,2360,0.0,0.0
2009-04-27 00:00:00+09:00,1000.0,1040.0,944.0,985.0,3915,0.0,0.0
2009-04-28 00:00:00+09:00,1036.0,1036.0,945.0,978.0,6625,0.0,0.0
2009-04-29 00:00:00+09:00,977.0,990.0,952.0,990.0,3020,0.0,0.0
2009-04-30 00:00:00+09:00,988.0,988.0,948.0,948.0,5510,0.0,0.0
2009-05-04 00:00:00+09:00,966.0,966.0,945.0,960.0,2230,0.0,0.0
2009-05-06 00:00:00+09:00,950.0,978.0,950.0,968.0,3810,0.0,0.0
2009-05-07 00:00:00+09:00,970.0,970.0,954.0,966.0,890,0.0,0.0
2009-05-08 00:00:00+09:00,976.0,990.0,954.0,972.0,3690,0.0,0.0
2009-05-11 00:00:00+09:00,960.0,987.0,960.0,980.0,555,0.0,0.0
2009-05-12 00:00:00+09:00,984.0,984.0,962.0,980.0,4135,0.0,0.0
2009-05-13 00:00:00+09:00,980.0,1008.0,970.0,992.0,9290,0.0,0.0
2009-05-14 00:00:00+09:00,1020.0,1020.0,966.0,997.0,7080,0.0,0.0
2009-05-15 00:00:00+09:00,1000.0,1012.0,960.0,1012.0,6325,0.0,0.0
2009-05-18 00:00:00+09:00,998.0,1080.0,998.0,1040.0,7475,0.0,0.0
2009-05-19 00:00:00+09:00,1040.0,1076.0,951.0,1018.0,16845,0.0,0.0
2009-05-20 00:00:00+09:00,984.0,1044.0,983.0,1042.0,2585,0.0,0.0
2009-05-21 00:00:00+09:00,1064.0,1064.0,997.0,1040.0,2925,0.0,0.0
2009-05-22 00:00:00+09:00,1032.0,1056.0,962.0,1016.0,7440,0.0,0.0
2009-05-25 00:00:00+09:00,1002.0,1028.0,978.0,1022.0,11165,0.0,0.0
2009-05-26 00:00:00+09:00,1018.0,1018.0,912.0,992.0,25395,0.0,0.0
2009-05-27 00:00:00+09:00,981.0,1000.0,940.0,940.0,3410,0.0,0.0
2009-05-28 00:00:00+09:00,940.0,956.0,912.0,942.0,2225,0.0,0.0
2009-05-29 00:00:00+09:00,938.0,955.0,922.0,955.0,2160,0.0,0.0
2009-06-01 00:00:00+09:00,970.0,990.0,953.0,988.0,13850,0.0,0.0
2009-06-02 00:00:00+09:00,964.0,1014.0,964.0,994.0,3540,0.0,0.0
2009-06-03 00:00:00+09:00,990.0,990.0,934.0,984.0,1320,0.0,0.0
2009-06-04 00:00:00+09:00,1008.0,1008.0,951.0,1000.0,1015,0.0,0.0
2009-06-05 00:00:00+09:00,1008.0,1008.0,964.0,1006.0,2165,0.0,0.0
2009-06-08 00:00:00+09:00,974.0,1024.0,957.0,1012.0,1415,0.0,0.0
2009-06-09 00:00:00+09:00,1018.0,1036.0,972.0,1020.0,2920,0.0,0.0
2009-06-10 00:00:00+09:00,988.0,1028.0,971.0,1010.0,1885,0.0,0.0
2009-06-11 00:00:00+09:00,1020.0,1038.0,985.0,1034.0,1625,0.0,0.0
2009-06-12 00:00:00+09:00,1050.0,1070.0,982.0,1030.0,8030,0.0,0.0
2009-06-15 00:00:00+09:00,1064.0,1064.0,1004.0,1050.0,1165,0.0,0.0
2009-06-16 00:00:00+09:00,1038.0,1058.0,1010.0,1040.0,630,0.0,0.0
2009-06-17 00:00:00+09:00,1058.0,1118.0,970.0,1090.0,10515,0.0,0.0
2009-06-18 00:00:00+09:00,1096.0,1120.0,1032.0,1100.0,3925,0.0,0.0
2009-06-19 00:00:00+09:00,1100.0,1178.0,1042.0,1178.0,54650,0.0,0.0
2009-06-22 00:00:00+09:00,1192.0,1354.0,1192.0,1354.0,54650,0.0,0.0
2009-06-23 00:00:00+09:00,1448.0,1556.0,1270.0,1310.0,236765,0.0,0.0
2009-06-24 00:00:00+09:00,1314.0,1370.0,1152.0,1218.0,75175,0.0,0.0
2009-06-25 00:00:00+09:00,1218.0,1258.0,1172.0,1236.0,35095,0.0,0.0
2009-06-26 00:00:00+09:00,1274.0,1274.0,1200.0,1240.0,13795,0.0,0.0
2009-06-29 00:00:00+09:00,1360.0,1426.0,1272.0,1376.0,74270,0.0,0.0
2009-06-30 00:00:00+09:00,1400.0,1582.0,1400.0,1500.0,196595,0.0,0.0
2009-07-01 00:00:00+09:00,1446.0,1480.0,1300.0,1378.0,60155,0.0,0.0
2009-07-02 00:00:00+09:00,1400.0,1400.0,1312.0,1370.0,60975,0.0,0.0
2009-07-03 00:00:00+09:00,1328.0,1450.0,1324.0,1450.0,36815,0.0,0.0
2009-07-06 00:00:00+09:00,1520.0,1520.0,1350.0,1390.0,67725,0.0,0.0
2009-07-07 00:00:00+09:00,1400.0,1480.0,1300.0,1412.0,30745,0.0,0.0
2009-07-08 00:00:00+09:00,1438.0,1470.0,1218.0,1360.0,26575,0.0,0.0
2009-07-09 00:00:00+09:00,1350.0,1416.0,1290.0,1400.0,36485,0.0,0.0
2009-07-10 00:00:00+09:00,1420.0,1420.0,1312.0,1400.0,24425,0.0,0.0
2009-07-13 00:00:00+09:00,1418.0,1418.0,1342.0,1396.0,3985,0.0,0.0
2009-07-14 00:00:00+09:00,1418.0,1418.0,1226.0,1300.0,15890,0.0,0.0
2009-07-15 00:00:00+09:00,1310.0,1340.0,1244.0,1308.0,6530,0.0,0.0
2009-07-16 00:00:00+09:00,1350.0,1350.0,1224.0,1268.0,11850,0.0,0.0
2009-07-17 00:00:00+09:00,1240.0,1358.0,1158.0,1358.0,33475,0.0,0.0
2009-07-20 00:00:00+09:00,1356.0,1400.0,1284.0,1400.0,5155,0.0,0.0
2009-07-21 00:00:00+09:00,1410.0,1414.0,1326.0,1408.0,4775,0.0,0.0
2009-07-22 00:00:00+09:00,1410.0,1460.0,1356.0,1414.0,7360,0.0,0.0
2009-07-23 00:00:00+09:00,1380.0,1380.0,1302.0,1320.0,6515,0.0,0.0
2009-07-24 00:00:00+09:00,1380.0,1420.0,1284.0,1342.0,14885,0.0,0.0
2009-07-27 00:00:00+09:00,1336.0,1360.0,1310.0,1360.0,1715,0.0,0.0
2009-07-28 00:00:00+09:00,1304.0,1376.0,1304.0,1362.0,3665,0.0,0.0
2009-07-29 00:00:00+09:00,1386.0,1390.0,1322.0,1376.0,2490,0.0,0.0
2009-07-30 00:00:00+09:00,1380.0,1392.0,1326.0,1380.0,3145,0.0,0.0
2009-07-31 00:00:00+09:00,1348.0,1400.0,1322.0,1350.0,6415,0.0,0.0
2009-08-03 00:00:00+09:00,1324.0,1388.0,1290.0,1310.0,2935,0.0,0.0
2009-08-04 00:00:00+09:00,1284.0,1400.0,1282.0,1360.0,5435,0.0,0.0
2009-08-05 00:00:00+09:00,1394.0,1394.0,1324.0,1346.0,1830,0.0,0.0
2009-08-06 00:00:00+09:00,1322.0,1376.0,1290.0,1330.0,4775,0.0,0.0
2009-08-07 00:00:00+09:00,1292.0,1346.0,1252.0,1324.0,6090,0.0,0.0
2009-08-10 00:00:00+09:00,1324.0,1388.0,1304.0,1336.0,2820,0.0,0.0
2009-08-11 00:00:00+09:00,1338.0,1460.0,1338.0,1400.0,9115,0.0,0.0
2009-08-12 00:00:00+09:00,1438.0,1438.0,1362.0,1416.0,5175,0.0,0.0
2009-08-13 00:00:00+09:00,1488.0,1488.0,1388.0,1460.0,2980,0.0,0.0
2009-08-14 00:00:00+09:00,1514.0,1514.0,1420.0,1478.0,1945,0.0,0.0
2009-08-17 00:00:00+09:00,1370.0,1480.0,1364.0,1400.0,11135,0.0,0.0
2009-08-18 00:00:00+09:00,1368.0,1430.0,1344.0,1400.0,2280,0.0,0.0
2009-08-19 00:00:00+09:00,1400.0,1490.0,1398.0,1490.0,7960,0.0,0.0
2009-08-20 00:00:00+09:00,1486.0,1486.0,1440.0,1480.0,1025,0.0,0.0
2009-08-21 00:00:00+09:00,1508.0,1508.0,1412.0,1488.0,2555,0.0,0.0
2009-08-24 00:00:00+09:00,1496.0,1496.0,1424.0,1468.0,775,0.0,0.0
2009-08-25 00:00:00+09:00,1484.0,1500.0,1456.0,1480.0,14100,0.0,0.0
2009-08-26 00:00:00+09:00,1496.0,1580.0,1272.0,1480.0,10405,0.0,0.0
2009-08-27 00:00:00+09:00,1518.0,1518.0,1432.0,1482.0,1210,0.0,0.0
2009-08-28 00:00:00+09:00,1468.0,1536.0,1372.0,1536.0,3430,0.0,0.0
2009-08-31 00:00:00+09:00,1500.0,1540.0,1424.0,1512.0,9250,0.0,0.0
2009-09-01 00:00:00+09:00,1478.0,1512.0,1450.0,1512.0,2535,0.0,0.0
2009-09-02 00:00:00+09:00,1500.0,1512.0,1430.0,1512.0,4375,0.0,0.0
2009-09-03 00:00:00+09:00,1500.0,1580.0,1500.0,1580.0,1775,0.0,0.0
2009-09-04 00:00:00+09:00,1532.0,1532.0,1480.0,1532.0,4085,0.0,0.0
2009-09-07 00:00:00+09:00,1540.0,1540.0,1454.0,1520.0,1330,0.0,0.0
2009-09-08 00:00:00+09:00,1520.0,1520.0,1462.0,1520.0,995,0.0,0.0
2009-09-09 00:00:00+09:00,1520.0,1580.0,1494.0,1580.0,115,0.0,0.0
2009-09-10 00:00:00+09:00,1580.0,1580.0,1550.0,1570.0,820,0.0,0.0
2009-09-11 00:00:00+09:00,1570.0,1570.0,1462.0,1462.0,1060,0.0,0.0
2009-09-14 00:00:00+09:00,1538.0,1538.0,1466.0,1536.0,1465,0.0,0.0
2009-09-15 00:00:00+09:00,1540.0,1580.0,1536.0,1580.0,3540,0.0,0.0
2009-09-16 00:00:00+09:00,1560.0,1580.0,1510.0,1580.0,820,0.0,0.0
2009-09-17 00:00:00+09:00,1570.0,1570.0,1542.0,1560.0,1440,0.0,0.0
2009-09-18 00:00:00+09:00,1512.0,1540.0,1512.0,1540.0,85,0.0,0.0
2009-09-21 00:00:00+09:00,1570.0,1570.0,1504.0,1534.0,780,0.0,0.0
2009-09-22 00:00:00+09:00,1570.0,1570.0,1500.0,1520.0,6740,0.0,0.0
2009-09-23 00:00:00+09:00,1510.0,1532.0,1500.0,1526.0,4080,0.0,0.0
2009-09-24 00:00:00+09:00,1530.0,1754.0,1506.0,1692.0,8395,0.0,0.0
2009-09-25 00:00:00+09:00,1690.0,1690.0,1530.0,1530.0,8695,0.0,0.0
2009-09-28 00:00:00+09:00,1470.0,1598.0,1470.0,1560.0,5575,0.0,0.0
2009-09-29 00:00:00+09:00,1540.0,1568.0,1514.0,1560.0,640,0.0,0.0
2009-09-30 00:00:00+09:00,1472.0,1596.0,1472.0,1520.0,2205,0.0,0.0
2009-10-01 00:00:00+09:00,1472.0,1596.0,1472.0,1520.0,3715,0.0,0.0
2009-10-05 00:00:00+09:00,1580.0,1580.0,1474.0,1516.0,3420,0.0,0.0
2009-10-06 00:00:00+09:00,1488.0,1516.0,1442.0,1516.0,2970,0.0,0.0
2009-10-07 00:00:00+09:00,1460.0,1500.0,1460.0,1500.0,1225,0.0,0.0
2009-10-08 00:00:00+09:00,1500.0,1500.0,1474.0,1500.0,425,0.0,0.0
2009-10-09 00:00:00+09:00,1600.0,1600.0,1464.0,1532.0,5500,0.0,0.0
2009-10-12 00:00:00+09:00,1598.0,1598.0,1504.0,1538.0,1350,0.0,0.0
2009-10-13 00:00:00+09:00,1510.0,1520.0,1480.0,1520.0,870,0.0,0.0
2009-10-14 00:00:00+09:00,1540.0,1540.0,1512.0,1520.0,230,0.0,0.0
2009-10-15 00:00:00+09:00,1560.0,1560.0,1480.0,1520.0,910,0.0,0.0
2009-10-16 00:00:00+09:00,1510.0,1600.0,1460.0,1600.0,1210,0.0,0.0
2009-10-19 00:00:00+09:00,1730.0,1730.0,1502.0,1568.0,2050,0.0,0.0
2009-10-20 00:00:00+09:00,1576.0,1576.0,1462.0,1568.0,6450,0.0,0.0
2009-10-21 00:00:00+09:00,1528.0,1578.0,1500.0,1556.0,3090,0.0,0.0
2009-10-22 00:00:00+09:00,1528.0,1556.0,1502.0,1556.0,655,0.0,0.0
2009-10-23 00:00:00+09:00,1550.0,1578.0,1550.0,1570.0,295,0.0,0.0
2009-10-26 00:00:00+09:00,1518.0,1650.0,1490.0,1650.0,925,0.0,0.0
2009-10-27 00:00:00+09:00,1570.0,1600.0,1482.0,1534.0,9325,0.0,0.0
2009-10-28 00:00:00+09:00,1350.0,1560.0,1350.0,1532.0,3935,0.0,0.0
2009-10-29 00:00:00+09:00,1534.0,1534.0,1468.0,1532.0,3090,0.0,0.0
2009-10-30 00:00:00+09:00,1528.0,1554.0,1528.0,1552.0,1065,0.0,0.0
2009-11-02 00:00:00+09:00,1530.0,1552.0,1482.0,1552.0,1530,0.0,0.0
2009-11-03 00:00:00+09:00,1530.0,1530.0,1502.0,1528.0,35,0.0,0.0
2009-11-04 00:00:00+09:00,1558.0,1558.0,1418.0,1520.0,2385,0.0,0.0
2009-11-05 00:00:00+09:00,1498.0,1522.0,1472.0,1520.0,1155,0.0,0.0
2009-11-06 00:00:00+09:00,1508.0,1558.0,1442.0,1556.0,2295,0.0,0.0
2009-11-09 00:00:00+09:00,1508.0,1554.0,1454.0,1554.0,605,0.0,0.0
2009-11-10 00:00:00+09:00,1550.0,1552.0,1480.0,1552.0,5895,0.0,0.0
2009-11-11 00:00:00+09:00,1540.0,1540.0,1492.0,1518.0,850,0.0,0.0
2009-11-12 00:00:00+09:00,1518.0,1550.0,1496.0,1516.0,690,0.0,0.0
2009-11-13 00:00:00+09:00,1488.0,1538.0,1444.0,1528.0,3530,0.0,0.0
2009-11-16 00:00:00+09:00,1678.0,1678.0,1470.0,1500.0,7410,0.0,0.0
2009-11-17 00:00:00+09:00,1538.0,1538.0,1496.0,1536.0,645,0.0,0.0
2009-11-18 00:00:00+09:00,1554.0,1554.0,1526.0,1554.0,365,0.0,0.0
2009-11-19 00:00:00+09:00,1490.0,1546.0,1490.0,1546.0,765,0.0,0.0
2009-11-20 00:00:00+09:00,1534.0,1540.0,1508.0,1540.0,265,0.0,0.0
2009-11-23 00:00:00+09:00,1522.0,1550.0,1488.0,1550.0,1665,0.0,0.0
2009-11-24 00:00:00+09:00,1524.0,1550.0,1524.0,1550.0,560,0.0,0.0
2009-11-25 00:00:00+09:00,1550.0,1550.0,1550.0,1550.0,5,0.0,0.0
2009-11-26 00:00:00+09:00,1550.0,1550.0,1448.0,1550.0,1070,0.0,0.0
2009-11-27 00:00:00+09:00,1654.0,1684.0,1524.0,1550.0,1945,0.0,0.0
2009-11-30 00:00:00+09:00,1488.0,1558.0,1488.0,1556.0,730,0.0,0.0
2009-12-01 00:00:00+09:00,1560.0,1560.0,1442.0,1530.0,1705,0.0,0.0
2009-12-02 00:00:00+09:00,1548.0,1660.0,1452.0,1658.0,3315,0.0,0.0
2009-12-03 00:00:00+09:00,1680.0,1708.0,1592.0,1654.0,1375,0.0,0.0
2009-12-04 00:00:00+09:00,1634.0,1634.0,1610.0,1634.0,190,0.0,0.0
2009-12-07 00:00:00+09:00,1612.0,1638.0,1590.0,1616.0,1070,0.0,0.0
2009-12-08 00:00:00+09:00,1640.0,1640.0,1544.0,1616.0,475,0.0,0.0
2009-12-09 00:00:00+09:00,1544.0,1660.0,1520.0,1608.0,5165,0.0,0.0
2009-12-10 00:00:00+09:00,1576.0,1750.0,1554.0,1634.0,3390,0.0,0.0
2009-12-11 00:00:00+09:00,1678.0,1678.0,1514.0,1584.0,4920,0.0,0.0
2009-12-14 00:00:00+09:00,1640.0,1640.0,1508.0,1600.0,3265,0.0,0.0
2009-12-15 00:00:00+09:00,1620.0,1752.0,1534.0,1612.0,1345,0.0,0.0
2009-12-16 00:00:00+09:00,1570.0,1744.0,1544.0,1652.0,3950,0.0,0.0
2009-12-17 00:00:00+09:00,1668.0,1668.0,1550.0,1620.0,5395,0.0,0.0
2009-12-18 00:00:00+09:00,1594.0,1660.0,1566.0,1618.0,4305,0.0,0.0
2009-12-21 00:00:00+09:00,1618.0,1668.0,1610.0,1660.0,10710,0.0,0.0
2009-12-22 00:00:00+09:00,1666.0,1800.0,1632.0,1738.0,12840,0.0,0.0
2009-12-23 00:00:00+09:00,1740.0,1740.0,1524.0,1740.0,3260,0.0,0.0
2009-12-24 00:00:00+09:00,1714.0,1746.0,1558.0,1746.0,7115,0.0,0.0
2009-12-28 00:00:00+09:00,1692.0,1692.0,1662.0,1692.0,215,0.0,0.0
2009-12-29 00:00:00+09:00,1472.0,1776.0,1472.0,1538.0,9570,0.0,0.0
2009-12-30 00:00:00+09:00,1578.0,1580.0,1486.0,1580.0,2105,0.0,0.0
2010-01-04 00:00:00+09:00,1578.0,1578.0,1504.0,1570.0,1240,0.0,0.0
2010-01-05 00:00:00+09:00,1620.0,1620.0,1510.0,1560.0,2590,0.0,0.0
2010-01-06 00:00:00+09:00,1536.0,1600.0,1464.0,1600.0,5395,0.0,0.0
2010-01-07 00:00:00+09:00,1598.0,1698.0,1506.0,1602.0,2955,0.0,0.0
2010-01-08 00:00:00+09:00,1630.0,1630.0,1524.0,1600.0,1410,0.0,0.0
2010-01-11 00:00:00+09:00,1600.0,1660.0,1526.0,1660.0,1815,0.0,0.0
2010-01-12 00:00:00+09:00,1760.0,1760.0,1560.0,1668.0,7095,0.0,0.0
2010-01-13 00:00:00+09:00,1640.0,1700.0,1592.0,1700.0,1130,0.0,0.0
2010-01-14 00:00:00+09:00,1740.0,1740.0,1640.0,1700.0,815,0.0,0.0
2010-01-15 00:00:00+09:00,1662.0,1698.0,1632.0,1698.0,2410,0.0,0.0
2010-01-18 00:00:00+09:00,1740.0,1740.0,1528.0,1660.0,12195,0.0,0.0
2010-01-19 00:00:00+09:00,1708.0,1740.0,1604.0,1678.0,3005,0.0,0.0
2010-01-20 00:00:00+09:00,1884.0,1884.0,1582.0,1854.0,7645,0.0,0.0
2010-01-21 00:00:00+09:00,1820.0,1820.0,1576.0,1576.0,45015,0.0,0.0
2010-01-22 00:00:00+09:00,1480.0,1550.0,1414.0,1522.0,19835,0.0,0.0
2010-01-25 00:00:00+09:00,1498.0,1558.0,1472.0,1482.0,8435,0.0,0.0
2010-01-26 00:00:00+09:00,1586.0,1586.0,1480.0,1556.0,7025,0.0,0.0
2010-01-27 00:00:00+09:00,1530.0,1554.0,1452.0,1554.0,5895,0.0,0.0
2010-01-28 00:00:00+09:00,1592.0,1624.0,1504.0,1574.0,1435,0.0,0.0
2010-01-29 00:00:00+09:00,1524.0,1676.0,1496.0,1676.0,25320,0.0,0.0
2010-02-01 00:00:00+09:00,1622.0,1674.0,1560.0,1674.0,3025,0.0,0.0
2010-02-02 00:00:00+09:00,1724.0,1724.0,1600.0,1654.0,1625,0.0,0.0
2010-02-03 00:00:00+09:00,1720.0,1720.0,1582.0,1606.0,2035,0.0,0.0
2010-02-04 00:00:00+09:00,1630.0,1646.0,1564.0,1646.0,300,0.0,0.0
2010-02-05 00:00:00+09:00,1680.0,1680.0,1598.0,1630.0,815,0.0,0.0
2010-02-08 00:00:00+09:00,1610.0,1660.0,1572.0,1660.0,940,0.0,0.0
2010-02-09 00:00:00+09:00,1612.0,1612.0,1532.0,1578.0,835,0.0,0.0
2010-02-10 00:00:00+09:00,1540.0,1568.0,1506.0,1568.0,1285,0.0,0.0
2010-02-11 00:00:00+09:00,1564.0,1594.0,1510.0,1592.0,2480,0.0,0.0
2010-02-12 00:00:00+09:00,1700.0,1700.0,1564.0,1590.0,670,0.0,0.0
2010-02-16 00:00:00+09:00,1568.0,1620.0,1540.0,1540.0,650,0.0,0.0
2010-02-17 00:00:00+09:00,1538.0,1764.0,1520.0,1570.0,2075,0.0,0.0
2010-02-18 00:00:00+09:00,1640.0,1640.0,1464.0,1546.0,3520,0.0,0.0
2010-02-19 00:00:00+09:00,1532.0,1628.0,1410.0,1516.0,7945,0.0,0.0
2010-02-22 00:00:00+09:00,1466.0,1580.0,1442.0,1504.0,3800,0.0,0.0
2010-02-23 00:00:00+09:00,1486.0,1518.0,1460.0,1518.0,2840,0.0,0.0
2010-02-24 00:00:00+09:00,1490.0,1530.0,1428.0,1520.0,2410,0.0,0.0
2010-02-25 00:00:00+09:00,1520.0,1730.0,1494.0,1730.0,3300,0.0,0.0
2010-02-26 00:00:00+09:00,1698.0,1698.0,1612.0,1642.0,570,0.0,0.0
2010-03-02 00:00:00+09:00,1612.0,1612.0,1582.0,1584.0,420,0.0,0.0
2010-03-03 00:00:00+09:00,1560.0,1578.0,1560.0,1560.0,260,0.0,0.0
2010-03-04 00:00:00+09:00,1570.0,1570.0,1558.0,1558.0,65,0.0,0.0
2010-03-05 00:00:00+09:00,1596.0,1596.0,1558.0,1560.0,140,0.0,0.0
2010-03-08 00:00:00+09:00,1538.0,1538.0,1402.0,1472.0,4325,0.0,0.0
2010-03-09 00:00:00+09:00,1490.0,1506.0,1448.0,1500.0,720,0.0,0.0
2010-03-10 00:00:00+09:00,1500.0,1540.0,1480.0,1522.0,1540,0.0,0.0
2010-03-11 00:00:00+09:00,1522.0,1700.0,1496.0,1638.0,9540,0.0,0.0
2010-03-12 00:00:00+09:00,1566.0,1588.0,1452.0,1576.0,12770,0.0,0.0
2010-03-15 00:00:00+09:00,1542.0,1594.0,1532.0,1594.0,715,0.0,0.0
2010-03-16 00:00:00+09:00,1560.0,1586.0,1534.0,1576.0,5765,0.0,0.0
2010-03-17 00:00:00+09:00,1586.0,1586.0,1340.0,1442.0,42415,0.0,0.0
2010-03-18 00:00:00+09:00,1486.0,1658.0,1486.0,1658.0,155960,0.0,0.0
2010-03-19 00:00:00+09:00,1736.0,1736.0,1512.0,1610.0,42785,0.0,0.0
2010-03-22 00:00:00+09:00,1560.0,1578.0,1456.0,1502.0,15040,0.0,0.0
2010-03-23 00:00:00+09:00,1536.0,1536.0,1400.0,1502.0,12140,0.0,0.0
2010-03-24 00:00:00+09:00,1482.0,1598.0,1444.0,1578.0,6005,0.0,0.0
2010-03-25 00:00:00+09:00,1580.0,1616.0,1402.0,1456.0,21305,0.0,0.0
2010-03-26 00:00:00+09:00,1424.0,1496.0,1424.0,1496.0,1605,0.0,0.0
2010-03-29 00:00:00+09:00,1500.0,1500.0,1404.0,1488.0,3500,0.0,0.0
2010-03-30 00:00:00+09:00,1462.0,1486.0,1412.0,1486.0,1615,0.0,0.0
2010-03-31 00:00:00+09:00,1530.0,1540.0,1448.0,1476.0,2850,0.0,0.0
2010-04-01 00:00:00+09:00,1500.0,1696.0,1448.0,1610.0,466435,0.0,0.0
2010-04-02 00:00:00+09:00,1582.0,1650.0,1466.0,1600.0,14825,0.0,0.0
2010-04-05 00:00:00+09:00,1696.0,1696.0,1528.0,1646.0,6955,0.0,0.0
2010-04-06 00:00:00+09:00,1674.0,1680.0,1514.0,1640.0,5280,0.0,0.0
2010-04-07 00:00:00+09:00,1596.0,1640.0,1570.0,1636.0,2045,0.0,0.0
2010-04-08 00:00:00+09:00,1564.0,1670.0,1522.0,1626.0,6585,0.0,0.0
2010-04-09 00:00:00+09:00,1660.0,1660.0,1548.0,1626.0,4255,0.0,0.0
2010-04-12 00:00:00+09:00,1588.0,1608.0,1532.0,1602.0,5590,0.0,0.0
2010-04-13 00:00:00+09:00,1608.0,1630.0,1500.0,1554.0,14010,0.0,0.0
2010-04-14 00:00:00+09:00,1508.0,1560.0,1446.0,1508.0,7485,0.0,0.0
2010-04-15 00:00:00+09:00,1558.0,1558.0,1462.0,1508.0,12905,0.0,0.0
2010-04-16 00:00:00+09:00,1502.0,1550.0,1480.0,1518.0,10025,0.0,0.0
2010-04-19 00:00:00+09:00,1500.0,1524.0,1470.0,1520.0,2765,0.0,0.0
2010-04-20 00:00:00+09:00,1512.0,1520.0,1486.0,1518.0,2475,0.0,0.0
2010-04-21 00:00:00+09:00,1522.0,1522.0,1498.0,1516.0,5540,0.0,0.0
2010-04-22 00:00:00+09:00,1516.0,1554.0,1312.0,1508.0,17090,0.0,0.0
2010-04-23 00:00:00+09:00,1548.0,1548.0,1494.0,1516.0,2085,0.0,0.0
2010-04-26 00:00:00+09:00,1524.0,1546.0,1520.0,1542.0,1065,0.0,0.0
2010-04-27 00:00:00+09:00,1536.0,1536.0,1520.0,1536.0,1635,0.0,0.0
2010-04-28 00:00:00+09:00,1530.0,1618.0,1484.0,1600.0,5410,0.0,0.0
2010-04-29 00:00:00+09:00,1588.0,1588.0,1536.0,1560.0,1050,0.0,0.0
2010-04-30 00:00:00+09:00,1580.0,1616.0,1522.0,1600.0,8060,0.0,0.0
2010-05-03 00:00:00+09:00,1616.0,1616.0,1532.0,1608.0,4605,0.0,0.0
2010-05-04 00:00:00+09:00,1608.0,1608.0,1558.0,1608.0,1470,0.0,0.0
2010-05-06 00:00:00+09:00,1596.0,1598.0,1540.0,1598.0,3680,0.0,0.0
2010-05-07 00:00:00+09:00,1604.0,1604.0,1550.0,1596.0,6305,0.0,0.0
2010-05-10 00:00:00+09:00,1602.0,1640.0,1518.0,1640.0,8745,0.0,0.0
2010-05-11 00:00:00+09:00,1760.0,1760.0,1534.0,1590.0,15115,0.0,0.0
2010-05-12 00:00:00+09:00,1578.0,1590.0,1508.0,1590.0,8515,0.0,0.0
2010-05-13 00:00:00+09:00,1620.0,1624.0,1582.0,1610.0,1535,0.0,0.0
2010-05-14 00:00:00+09:00,1562.0,1620.0,1560.0,1620.0,1460,0.0,0.0
2010-05-17 00:00:00+09:00,1562.0,1600.0,1542.0,1600.0,2645,0.0,0.0
2010-05-18 00:00:00+09:00,1560.0,1600.0,1496.0,1598.0,2940,0.0,0.0
2010-05-19 00:00:00+09:00,1600.0,1600.0,1550.0,1598.0,600,0.0,0.0
2010-05-20 00:00:00+09:00,1622.0,1622.0,1512.0,1580.0,5015,0.0,0.0
2010-05-24 00:00:00+09:00,1568.0,1570.0,1464.0,1568.0,3185,0.0,0.0
2010-05-25 00:00:00+09:00,1532.0,1532.0,1360.0,1518.0,7615,0.0,0.0
2010-05-26 00:00:00+09:00,1490.0,1588.0,1452.0,1576.0,6120,0.0,0.0
2010-05-27 00:00:00+09:00,1574.0,1584.0,1548.0,1576.0,560,0.0,0.0
2010-05-28 00:00:00+09:00,1550.0,1576.0,1524.0,1554.0,2285,0.0,0.0
2010-05-31 00:00:00+09:00,1530.0,1590.0,1530.0,1580.0,2285,0.0,0.0
2010-06-01 00:00:00+09:00,1572.0,1618.0,1544.0,1594.0,2855,0.0,0.0
2010-06-03 00:00:00+09:00,1600.0,1600.0,1522.0,1588.0,8340,0.0,0.0
2010-06-04 00:00:00+09:00,1584.0,1586.0,1550.0,1578.0,1030,0.0,0.0
2010-06-07 00:00:00+09:00,1560.0,1570.0,1522.0,1568.0,2165,0.0,0.0
2010-06-08 00:00:00+09:00,1548.0,1572.0,1492.0,1544.0,1495,0.0,0.0
2010-06-09 00:00:00+09:00,1546.0,1546.0,1400.0,1518.0,24095,0.0,0.0
2010-06-10 00:00:00+09:00,1528.0,1528.0,1390.0,1402.0,43250,0.0,0.0
2010-06-11 00:00:00+09:00,1408.0,1446.0,1378.0,1406.0,11995,0.0,0.0
2010-06-14 00:00:00+09:00,1390.0,1472.0,1390.0,1426.0,1920,0.0,0.0
2010-06-15 00:00:00+09:00,1428.0,1470.0,1394.0,1440.0,4165,0.0,0.0
2010-06-16 00:00:00+09:00,1458.0,1458.0,1360.0,1420.0,19825,0.0,0.0
2010-06-17 00:00:00+09:00,1404.0,1404.0,1352.0,1364.0,16765,0.0,0.0
2010-06-18 00:00:00+09:00,1334.0,1340.0,1208.0,1336.0,34200,0.0,0.0
2010-06-21 00:00:00+09:00,1250.0,1340.0,1250.0,1302.0,8335,0.0,0.0
2010-06-22 00:00:00+09:00,1264.0,1320.0,1264.0,1314.0,1465,0.0,0.0
2010-06-23 00:00:00+09:00,1300.0,1314.0,1280.0,1314.0,2655,0.0,0.0
2010-06-24 00:00:00+09:00,1286.0,1320.0,1280.0,1320.0,3740,0.0,0.0
2010-06-25 00:00:00+09:00,1300.0,1320.0,1280.0,1298.0,5610,0.0,0.0
2010-06-28 00:00:00+09:00,1310.0,1310.0,1260.0,1294.0,4985,0.0,0.0
2010-06-29 00:00:00+09:00,1280.0,1304.0,1276.0,1294.0,3095,0.0,0.0
2010-06-30 00:00:00+09:00,1262.0,1294.0,1260.0,1290.0,1565,0.0,0.0
2010-07-01 00:00:00+09:00,1290.0,1290.0,1264.0,1278.0,2190,0.0,0.0
2010-07-02 00:00:00+09:00,1286.0,1298.0,1272.0,1298.0,5400,0.0,0.0
2010-07-05 00:00:00+09:00,1276.0,1300.0,1276.0,1296.0,955,0.0,0.0
2010-07-06 00:00:00+09:00,1282.0,1332.0,1268.0,1292.0,610,0.0,0.0
2010-07-07 00:00:00+09:00,1292.0,1378.0,1262.0,1290.0,2445,0.0,0.0
2010-07-08 00:00:00+09:00,1280.0,1288.0,1248.0,1264.0,5170,0.0,0.0
2010-07-09 00:00:00+09:00,1264.0,1298.0,1236.0,1288.0,7575,0.0,0.0
2010-07-12 00:00:00+09:00,1270.0,1286.0,1268.0,1286.0,280,0.0,0.0
2010-07-13 00:00:00+09:00,1266.0,1276.0,1254.0,1274.0,2925,0.0,0.0
2010-07-14 00:00:00+09:00,1260.0,1288.0,1252.0,1274.0,2865,0.0,0.0
2010-07-15 00:00:00+09:00,1278.0,1278.0,1256.0,1276.0,2635,0.0,0.0
2010-07-16 00:00:00+09:00,1260.0,1300.0,1256.0,1298.0,1690,0.0,0.0
2010-07-19 00:00:00+09:00,1276.0,1300.0,1276.0,1300.0,25,0.0,0.0
2010-07-20 00:00:00+09:00,1294.0,1310.0,1270.0,1310.0,1545,0.0,0.0
2010-07-21 00:00:00+09:00,1308.0,1358.0,1282.0,1330.0,3320,0.0,0.0
2010-07-22 00:00:00+09:00,1328.0,1380.0,1306.0,1340.0,12500,0.0,0.0
2010-07-23 00:00:00+09:00,1294.0,1368.0,1284.0,1358.0,4045,0.0,0.0
2010-07-26 00:00:00+09:00,1340.0,1378.0,1292.0,1344.0,3450,0.0,0.0
2010-07-27 00:00:00+09:00,1352.0,1352.0,1300.0,1346.0,2855,0.0,0.0
2010-07-28 00:00:00+09:00,1310.0,1356.0,1304.0,1328.0,1585,0.0,0.0
2010-07-29 00:00:00+09:00,1304.0,1338.0,1244.0,1330.0,3635,0.0,0.0
2010-07-30 00:00:00+09:00,1302.0,1322.0,1254.0,1318.0,4085,0.0,0.0
2010-08-02 00:00:00+09:00,1302.0,1312.0,1246.0,1298.0,5160,0.0,0.0
2010-08-03 00:00:00+09:00,1326.0,1326.0,1246.0,1280.0,4585,0.0,0.0
2010-08-04 00:00:00+09:00,1266.0,1268.0,1242.0,1268.0,1495,0.0,0.0
2010-08-05 00:00:00+09:00,1276.0,1318.0,1244.0,1318.0,2910,0.0,0.0
2010-08-06 00:00:00+09:00,1292.0,1292.0,1246.0,1278.0,6680,0.0,0.0
2010-08-09 00:00:00+09:00,1278.0,1278.0,1278.0,1278.0,20,0.0,0.0
2010-08-10 00:00:00+09:00,1278.0,1370.0,1260.0,1262.0,940,0.0,0.0
2010-08-11 00:00:00+09:00,1262.0,1318.0,1200.0,1256.0,8925,0.0,0.0
2010-08-12 00:00:00+09:00,1240.0,1252.0,1210.0,1248.0,3570,0.0,0.0
2010-08-13 00:00:00+09:00,1254.0,1260.0,1192.0,1260.0,9135,0.0,0.0
2010-08-16 00:00:00+09:00,1276.0,1284.0,1216.0,1260.0,2060,0.0,0.0
2010-08-17 00:00:00+09:00,1252.0,1252.0,1220.0,1236.0,1220,0.0,0.0
2010-08-18 00:00:00+09:00,1222.0,1234.0,1194.0,1234.0,5365,0.0,0.0
2010-08-19 00:00:00+09:00,1232.0,1242.0,1206.0,1230.0,1910,0.0,0.0
2010-08-20 00:00:00+09:00,1222.0,1242.0,1222.0,1242.0,265,0.0,0.0
2010-08-23 00:00:00+09:00,1246.0,1250.0,1210.0,1236.0,890,0.0,0.0
2010-08-24 00:00:00+09:00,1236.0,1236.0,1220.0,1236.0,680,0.0,0.0
2010-08-25 00:00:00+09:00,1236.0,1238.0,1174.0,1228.0,5965,0.0,0.0
2010-08-26 00:00:00+09:00,1222.0,1222.0,1184.0,1206.0,1740,0.0,0.0
2010-08-27 00:00:00+09:00,1192.0,1200.0,1112.0,1182.0,12730,0.0,0.0
2010-08-30 00:00:00+09:00,1164.0,1172.0,1154.0,1172.0,2380,0.0,0.0
2010-08-31 00:00:00+09:00,1180.0,1180.0,1180.0,1180.0,770,0.0,0.0
2010-09-01 00:00:00+09:00,1158.0,1180.0,1120.0,1180.0,3020,0.0,0.0
2010-09-02 00:00:00+09:00,1150.0,1296.0,1150.0,1202.0,9470,0.0,0.0
2010-09-03 00:00:00+09:00,1208.0,1222.0,1164.0,1184.0,535,0.0,0.0
2010-09-06 00:00:00+09:00,1198.0,1200.0,1140.0,1164.0,5705,0.0,0.0
2010-09-07 00:00:00+09:00,1170.0,1170.0,1134.0,1146.0,5635,0.0,0.0
2010-09-08 00:00:00+09:00,1132.0,1168.0,1102.0,1166.0,7235,0.0,0.0
2010-09-09 00:00:00+09:00,1162.0,1166.0,1114.0,1144.0,3470,0.0,0.0
2010-09-10 00:00:00+09:00,1150.0,1150.0,1094.0,1134.0,6615,0.0,0.0
2010-09-13 00:00:00+09:00,1120.0,1160.0,1100.0,1132.0,8015,0.0,0.0
2010-09-14 00:00:00+09:00,1118.0,1118.0,1080.0,1080.0,8525,0.0,0.0
2010-09-15 00:00:00+09:00,1080.0,1080.0,1030.0,1038.0,3745,0.0,0.0
2010-09-16 00:00:00+09:00,1022.0,1040.0,1018.0,1032.0,4040,0.0,0.0
2010-09-17 00:00:00+09:00,1024.0,1038.0,1012.0,1036.0,6035,0.0,0.0
2010-09-20 00:00:00+09:00,1030.0,1032.0,1018.0,1024.0,6535,0.0,0.0
2010-09-24 00:00:00+09:00,1026.0,1040.0,1020.0,1024.0,1390,0.0,0.0
2010-09-27 00:00:00+09:00,1030.0,1058.0,1024.0,1038.0,1560,0.0,0.0
2010-09-28 00:00:00+09:00,1038.0,1038.0,1010.0,1036.0,3135,0.0,0.0
2010-09-29 00:00:00+09:00,1038.0,1038.0,1028.0,1028.0,1850,0.0,0.0
2010-09-30 00:00:00+09:00,1028.0,1048.0,1014.0,1048.0,6240,0.0,0.0
2010-10-01 00:00:00+09:00,1058.0,1068.0,1030.0,1030.0,7335,0.0,0.0
2010-10-04 00:00:00+09:00,1012.0,1040.0,1012.0,1030.0,975,0.0,0.0
2010-10-05 00:00:00+09:00,1026.0,1032.0,1016.0,1032.0,1590,0.0,0.0
2010-10-06 00:00:00+09:00,1040.0,1040.0,1010.0,1028.0,4675,0.0,0.0
2010-10-07 00:00:00+09:00,1030.0,1030.0,1018.0,1030.0,65,0.0,0.0
2010-10-08 00:00:00+09:00,1038.0,1038.0,1014.0,1028.0,310,0.0,0.0
2010-10-11 00:00:00+09:00,1014.0,1028.0,966.0,1026.0,12085,0.0,0.0
2010-10-12 00:00:00+09:00,1002.0,1028.0,985.0,1028.0,750,0.0,0.0
2010-10-13 00:00:00+09:00,1028.0,1028.0,1008.0,1012.0,5325,0.0,0.0
2010-10-14 00:00:00+09:00,1034.0,1034.0,1000.0,1018.0,3880,0.0,0.0
2010-10-15 00:00:00+09:00,1002.0,1024.0,982.0,1024.0,2350,0.0,0.0
2010-10-18 00:00:00+09:00,1024.0,1024.0,1024.0,1024.0,1000,0.0,0.0
2010-10-19 00:00:00+09:00,1034.0,1040.0,1016.0,1026.0,1250,0.0,0.0
2010-10-20 00:00:00+09:00,1024.0,1024.0,979.0,997.0,7005,0.0,0.0
2010-10-21 00:00:00+09:00,1000.0,1004.0,996.0,1000.0,2370,0.0,0.0
2010-10-22 00:00:00+09:00,995.0,1000.0,976.0,1000.0,4040,0.0,0.0
2010-10-25 00:00:00+09:00,994.0,1000.0,994.0,998.0,1250,0.0,0.0
2010-10-26 00:00:00+09:00,998.0,1146.0,978.0,1070.0,40040,0.0,0.0
2010-10-27 00:00:00+09:00,1060.0,1060.0,1000.0,1026.0,14395,0.0,0.0
2010-10-28 00:00:00+09:00,1026.0,1038.0,996.0,1026.0,10665,0.0,0.0
2010-10-29 00:00:00+09:00,1022.0,1022.0,1006.0,1020.0,2000,0.0,0.0
2010-11-01 00:00:00+09:00,1004.0,1026.0,985.0,1016.0,2570,0.0,0.0
2010-11-02 00:00:00+09:00,1006.0,1006.0,987.0,1000.0,3925,0.0,0.0
2010-11-03 00:00:00+09:00,1012.0,1012.0,984.0,1010.0,6615,0.0,0.0
2010-11-04 00:00:00+09:00,1000.0,1024.0,988.0,1008.0,17320,0.0,0.0
2010-11-05 00:00:00+09:00,1020.0,1020.0,980.0,1014.0,13125,0.0,0.0
2010-11-08 00:00:00+09:00,1000.0,1028.0,988.0,996.0,1300,0.0,0.0
2010-11-09 00:00:00+09:00,1004.0,1004.0,984.0,999.0,550,0.0,0.0
2010-11-10 00:00:00+09:00,998.0,998.0,982.0,982.0,3435,0.0,0.0
2010-11-11 00:00:00+09:00,988.0,996.0,969.0,996.0,3750,0.0,0.0
2010-11-12 00:00:00+09:00,996.0,996.0,971.0,985.0,765,0.0,0.0
2010-11-15 00:00:00+09:00,985.0,1000.0,962.0,998.0,1565,0.0,0.0
2010-11-16 00:00:00+09:00,998.0,999.0,970.0,996.0,220,0.0,0.0
2010-11-17 00:00:00+09:00,950.0,995.0,943.0,994.0,510,0.0,0.0
2010-11-18 00:00:00+09:00,994.0,997.0,969.0,994.0,1590,0.0,0.0
2010-11-19 00:00:00+09:00,1012.0,1012.0,1012.0,1012.0,5,0.0,0.0
2010-11-22 00:00:00+09:00,1010.0,1010.0,950.0,989.0,4470,0.0,0.0
2010-11-23 00:00:00+09:00,962.0,962.0,926.0,926.0,18565,0.0,0.0
2010-11-24 00:00:00+09:00,925.0,926.0,861.0,910.0,7595,0.0,0.0
2010-11-25 00:00:00+09:00,866.0,904.0,850.0,850.0,4920,0.0,0.0
2010-11-26 00:00:00+09:00,840.0,860.0,830.0,853.0,1425,0.0,0.0
2010-11-29 00:00:00+09:00,859.0,859.0,819.0,846.0,2735,0.0,0.0
2010-11-30 00:00:00+09:00,846.0,910.0,806.0,906.0,2155,0.0,0.0
2010-12-01 00:00:00+09:00,826.0,928.0,813.0,902.0,12005,0.0,0.0
2010-12-02 00:00:00+09:00,904.0,904.0,884.0,884.0,35,0.0,0.0
2010-12-03 00:00:00+09:00,903.0,903.0,836.0,902.0,1280,0.0,0.0
2010-12-06 00:00:00+09:00,900.0,909.0,863.0,895.0,22290,0.0,0.0
2010-12-07 00:00:00+09:00,896.0,897.0,872.0,897.0,840,0.0,0.0
2010-12-08 00:00:00+09:00,848.0,900.0,848.0,900.0,175,0.0,0.0
2010-12-09 00:00:00+09:00,909.0,909.0,864.0,904.0,1430,0.0,0.0
2010-12-10 00:00:00+09:00,910.0,910.0,874.0,899.0,2015,0.0,0.0
2010-12-13 00:00:00+09:00,904.0,904.0,864.0,868.0,1645,0.0,0.0
2010-12-14 00:00:00+09:00,864.0,894.0,841.0,860.0,5130,0.0,0.0
2010-12-15 00:00:00+09:00,844.0,880.0,844.0,880.0,1985,0.0,0.0
2010-12-16 00:00:00+09:00,880.0,890.0,853.0,890.0,2395,0.0,0.0
2010-12-17 00:00:00+09:00,894.0,910.0,859.0,894.0,7675,0.0,0.0
2010-12-20 00:00:00+09:00,862.0,907.0,862.0,907.0,145,0.0,0.0
2010-12-21 00:00:00+09:00,905.0,905.0,905.0,905.0,50,0.0,0.0
2010-12-22 00:00:00+09:00,912.0,912.0,860.0,897.0,125,0.0,0.0
2010-12-23 00:00:00+09:00,906.0,906.0,810.0,825.0,31485,0.0,0.0
2010-12-24 00:00:00+09:00,830.0,860.0,824.0,860.0,7680,0.0,0.0
2010-12-27 00:00:00+09:00,847.0,880.0,847.0,872.0,3420,0.0,0.0
2010-12-28 00:00:00+09:00,878.0,880.0,834.0,834.0,1690,0.0,0.0
2010-12-29 00:00:00+09:00,842.0,862.0,838.0,861.0,2515,0.0,0.0
2010-12-30 00:00:00+09:00,861.0,862.0,823.0,860.0,575,0.0,0.0
2011-01-03 00:00:00+09:00,880.0,880.0,831.0,837.0,11705,0.0,0.0
2011-01-04 00:00:00+09:00,837.0,877.0,837.0,861.0,1665,0.0,0.0
2011-01-05 00:00:00+09:00,874.0,874.0,825.0,864.0,20870,0.0,0.0
2011-01-06 00:00:00+09:00,864.0,872.0,847.0,856.0,7440,0.0,0.0
2011-01-07 00:00:00+09:00,856.0,856.0,844.0,854.0,810,0.0,0.0
2011-01-10 00:00:00+09:00,854.0,854.0,836.0,852.0,2260,0.0,0.0
2011-01-11 00:00:00+09:00,838.0,869.0,838.0,865.0,2970,0.0,0.0
2011-01-12 00:00:00+09:00,870.0,896.0,860.0,861.0,1185,0.0,0.0
2011-01-13 00:00:00+09:00,850.0,861.0,840.0,860.0,4420,0.0,0.0
2011-01-14 00:00:00+09:00,840.0,899.0,840.0,899.0,915,0.0,0.0
2011-01-17 00:00:00+09:00,899.0,899.0,859.0,868.0,3885,0.0,0.0
2011-01-18 00:00:00+09:00,854.0,868.0,854.0,868.0,150,0.0,0.0
2011-01-19 00:00:00+09:00,866.0,868.0,841.0,865.0,3245,0.0,0.0
2011-01-20 00:00:00+09:00,845.0,860.0,836.0,860.0,3100,0.0,0.0
2011-01-21 00:00:00+09:00,874.0,874.0,852.0,863.0,33180,0.0,0.0
2011-01-24 00:00:00+09:00,920.0,992.0,920.0,992.0,23795,0.0,0.0
2011-01-25 00:00:00+09:00,1140.0,1140.0,1140.0,1140.0,8550,0.0,0.0
2011-01-26 00:00:00+09:00,1310.0,1310.0,1310.0,1310.0,47030,0.0,0.0
2011-01-27 00:00:00+09:00,1506.0,1506.0,1506.0,1506.0,131030,0.0,0.0
2011-01-28 00:00:00+09:00,1450.0,1730.0,1440.0,1530.0,1085665,0.0,0.0
2011-01-31 00:00:00+09:00,1488.0,1496.0,1302.0,1302.0,745930,0.0,0.0
2011-02-01 00:00:00+09:00,1304.0,1340.0,1120.0,1170.0,351645,0.0,0.0
2011-02-07 00:00:00+09:00,1162.0,1180.0,1086.0,1154.0,181915,0.0,0.0
2011-02-08 00:00:00+09:00,1150.0,1216.0,1104.0,1136.0,239450,0.0,0.0
2011-02-09 00:00:00+09:00,1150.0,1168.0,1082.0,1140.0,155805,0.0,0.0
2011-02-10 00:00:00+09:00,1162.0,1162.0,1102.0,1148.0,98140,0.0,0.0
2011-02-11 00:00:00+09:00,1172.0,1172.0,1050.0,1082.0,102080,0.0,0.0
2011-02-14 00:00:00+09:00,1102.0,1244.0,1102.0,1244.0,191015,0.0,0.0
2011-02-15 00:00:00+09:00,1244.0,1430.0,1140.0,1424.0,481465,0.0,0.0
2011-02-16 00:00:00+09:00,1376.0,1586.0,1304.0,1340.0,241670,0.0,0.0
2011-02-17 00:00:00+09:00,1302.0,1470.0,1160.0,1254.0,167660,0.0,0.0
2011-02-18 00:00:00+09:00,1254.0,1320.0,1222.0,1306.0,59710,0.0,0.0
2011-02-21 00:00:00+09:00,1300.0,1300.0,1202.0,1220.0,128710,0.0,0.0
2011-02-22 00:00:00+09:00,1224.0,1340.0,1130.0,1276.0,82360,0.0,0.0
2011-02-23 00:00:00+09:00,1284.0,1466.0,1236.0,1466.0,148615,0.0,0.0
2011-02-24 00:00:00+09:00,1500.0,1684.0,1430.0,1684.0,343645,0.0,0.0
2011-02-25 00:00:00+09:00,1788.0,1838.0,1510.0,1554.0,247615,0.0,0.0
2011-02-28 00:00:00+09:00,1474.0,1626.0,1334.0,1340.0,128380,0.0,0.0
2011-03-02 00:00:00+09:00,1340.0,1368.0,1244.0,1292.0,63520,0.0,0.0
2011-03-03 00:00:00+09:00,1270.0,1476.0,1270.0,1424.0,88655,0.0,0.0
2011-03-04 00:00:00+09:00,1516.0,1516.0,1342.0,1410.0,54530,0.0,0.0
2011-03-07 00:00:00+09:00,1416.0,1440.0,1312.0,1334.0,33870,0.0,0.0
2011-03-08 00:00:00+09:00,1334.0,1488.0,1324.0,1424.0,59985,0.0,0.0
2011-03-09 00:00:00+09:00,1400.0,1446.0,1324.0,1324.0,60565,0.0,0.0
2011-03-10 00:00:00+09:00,1324.0,1360.0,1252.0,1252.0,57905,0.0,0.0
2011-03-11 00:00:00+09:00,1252.0,1252.0,1146.0,1250.0,86235,0.0,0.0
2011-03-14 00:00:00+09:00,1212.0,1266.0,1104.0,1158.0,33480,0.0,0.0
2011-03-15 00:00:00+09:00,1160.0,1200.0,1050.0,1132.0,51765,0.0,0.0
2011-03-16 00:00:00+09:00,1132.0,1180.0,1098.0,1146.0,17175,0.0,0.0
2011-03-17 00:00:00+09:00,1096.0,1168.0,1086.0,1148.0,19990,0.0,0.0
2011-03-18 00:00:00+09:00,1144.0,1170.0,1102.0,1168.0,20250,0.0,0.0
2011-03-21 00:00:00+09:00,1146.0,1168.0,1126.0,1168.0,10935,0.0,0.0
2011-03-22 00:00:00+09:00,1168.0,1342.0,1168.0,1342.0,66350,0.0,0.0
2011-03-23 00:00:00+09:00,1380.0,1542.0,1358.0,1410.0,293055,0.0,0.0
2011-03-24 00:00:00+09:00,1368.0,1386.0,1240.0,1260.0,104710,0.0,0.0
2011-03-25 00:00:00+09:00,1256.0,1308.0,1200.0,1230.0,33170,0.0,0.0
2011-03-28 00:00:00+09:00,1218.0,1330.0,1212.0,1240.0,40160,0.0,0.0
2011-03-29 00:00:00+09:00,1240.0,1290.0,1220.0,1266.0,40090,0.0,0.0
2011-03-30 00:00:00+09:00,1292.0,1400.0,1266.0,1318.0,45525,0.0,0.0
2011-03-31 00:00:00+09:00,1320.0,1326.0,1254.0,1270.0,32470,0.0,0.0
2011-04-01 00:00:00+09:00,1280.0,1460.0,1280.0,1460.0,201095,0.0,0.0
2011-04-04 00:00:00+09:00,1540.0,1678.0,1460.0,1460.0,361350,0.0,0.0
2011-04-05 00:00:00+09:00,1446.0,1456.0,1340.0,1376.0,120880,0.0,0.0
2011-04-06 00:00:00+09:00,1490.0,1490.0,1380.0,1380.0,91210,0.0,0.0
2011-04-07 00:00:00+09:00,1392.0,1470.0,1380.0,1380.0,51585,0.0,0.0
2011-04-08 00:00:00+09:00,1392.0,1458.0,1340.0,1358.0,56075,0.0,0.0
2011-04-11 00:00:00+09:00,1358.0,1396.0,1270.0,1292.0,87840,0.0,0.0
2011-04-12 00:00:00+09:00,1298.0,1484.0,1292.0,1484.0,241020,0.0,0.0
2011-04-13 00:00:00+09:00,1490.0,1520.0,1344.0,1344.0,146890,0.0,0.0
2011-04-14 00:00:00+09:00,1378.0,1378.0,1290.0,1332.0,51975,0.0,0.0
2011-04-15 00:00:00+09:00,1354.0,1472.0,1330.0,1396.0,99995,0.0,0.0
2011-04-18 00:00:00+09:00,1396.0,1456.0,1334.0,1396.0,32135,0.0,0.0
2011-04-19 00:00:00+09:00,1344.0,1396.0,1322.0,1362.0,31185,0.0,0.0
2011-04-20 00:00:00+09:00,1440.0,1566.0,1362.0,1566.0,424500,0.0,0.0
2011-04-21 00:00:00+09:00,1558.0,1634.0,1452.0,1500.0,209700,0.0,0.0
2011-04-22 00:00:00+09:00,1502.0,1716.0,1496.0,1650.0,225180,0.0,0.0
2011-04-25 00:00:00+09:00,1698.0,1892.0,1652.0,1880.0,256400,0.0,0.0
2011-04-26 00:00:00+09:00,1860.0,1878.0,1612.0,1612.0,205085,0.0,0.0
2011-04-27 00:00:00+09:00,1602.0,1672.0,1474.0,1520.0,71850,0.0,0.0
2011-04-28 00:00:00+09:00,1572.0,1572.0,1446.0,1500.0,51800,0.0,0.0
2011-04-29 00:00:00+09:00,1500.0,1584.0,1490.0,1556.0,31720,0.0,0.0
2011-05-02 00:00:00+09:00,1506.0,1552.0,1426.0,1476.0,36455,0.0,0.0
2011-05-03 00:00:00+09:00,1452.0,1588.0,1430.0,1446.0,71390,0.0,0.0
2011-05-04 00:00:00+09:00,1454.0,1502.0,1388.0,1402.0,53415,0.0,0.0
2011-05-06 00:00:00+09:00,1410.0,1458.0,1370.0,1400.0,23525,0.0,0.0
2011-05-09 00:00:00+09:00,1400.0,1476.0,1380.0,1382.0,31495,0.0,0.0
2011-05-11 00:00:00+09:00,1366.0,1428.0,1364.0,1400.0,14910,0.0,0.0
2011-05-12 00:00:00+09:00,1428.0,1428.0,1364.0,1386.0,12510,0.0,0.0
2011-05-13 00:00:00+09:00,1418.0,1418.0,1370.0,1414.0,30535,0.0,0.0
2011-05-16 00:00:00+09:00,1440.0,1458.0,1390.0,1438.0,20505,0.0,0.0
2011-05-17 00:00:00+09:00,1404.0,1424.0,1388.0,1424.0,19490,0.0,0.0
2011-05-18 00:00:00+09:00,1410.0,1442.0,1394.0,1430.0,15870,0.0,0.0
2011-05-19 00:00:00+09:00,1454.0,1454.0,1406.0,1420.0,12620,0.0,0.0
2011-05-20 00:00:00+09:00,1420.0,1632.0,1420.0,1632.0,340315,0.0,0.0
2011-05-23 00:00:00+09:00,1642.0,1672.0,1388.0,1388.0,412385,0.0,0.0
2011-05-24 00:00:00+09:00,1330.0,1376.0,1278.0,1348.0,85225,0.0,0.0
2011-05-25 00:00:00+09:00,1348.0,1420.0,1328.0,1398.0,36430,0.0,0.0
2011-05-26 00:00:00+09:00,1340.0,1436.0,1320.0,1412.0,49555,0.0,0.0
2011-05-27 00:00:00+09:00,1412.0,1456.0,1380.0,1414.0,17075,0.0,0.0
2011-05-30 00:00:00+09:00,1400.0,1446.0,1360.0,1374.0,18620,0.0,0.0
2011-05-31 00:00:00+09:00,1390.0,1416.0,1282.0,1366.0,27185,0.0,0.0
2011-06-01 00:00:00+09:00,1404.0,1570.0,1360.0,1570.0,422410,0.0,0.0
2011-06-02 00:00:00+09:00,1616.0,1804.0,1612.0,1804.0,1667805,0.0,0.0
2011-06-03 00:00:00+09:00,1682.0,1720.0,1534.0,1534.0,889870,0.0,0.0
2011-06-07 00:00:00+09:00,1380.0,1442.0,1340.0,1380.0,358170,0.0,0.0
2011-06-08 00:00:00+09:00,1380.0,1438.0,1350.0,1376.0,186865,0.0,0.0
2011-06-09 00:00:00+09:00,1376.0,1400.0,1320.0,1400.0,75510,0.0,0.0
2011-06-10 00:00:00+09:00,1418.0,1418.0,1340.0,1358.0,53515,0.0,0.0
2011-06-13 00:00:00+09:00,1370.0,1558.0,1360.0,1420.0,225590,0.0,0.0
2011-06-14 00:00:00+09:00,1400.0,1458.0,1386.0,1436.0,61750,0.0,0.0
2011-06-15 00:00:00+09:00,1436.0,1490.0,1402.0,1454.0,88440,0.0,0.0
2011-06-16 00:00:00+09:00,1430.0,1456.0,1340.0,1400.0,123160,0.0,0.0
2011-06-17 00:00:00+09:00,1400.0,1454.0,1384.0,1412.0,36345,0.0,0.0
2011-06-20 00:00:00+09:00,1400.0,1434.0,1380.0,1410.0,31610,0.0,0.0
2011-06-21 00:00:00+09:00,1400.0,1436.0,1380.0,1408.0,22720,0.0,0.0
2011-06-22 00:00:00+09:00,1400.0,1420.0,1360.0,1372.0,95460,0.0,0.0
2011-06-23 00:00:00+09:00,1364.0,1384.0,1310.0,1348.0,78615,0.0,0.0
2011-06-24 00:00:00+09:00,1348.0,1434.0,1320.0,1398.0,41480,0.0,0.0
2011-06-27 00:00:00+09:00,1388.0,1388.0,1346.0,1360.0,30215,0.0,0.0
2011-06-28 00:00:00+09:00,1346.0,1368.0,1310.0,1366.0,74175,0.0,0.0
2011-06-29 00:00:00+09:00,1366.0,1366.0,1324.0,1356.0,10180,0.0,0.0
2011-06-30 00:00:00+09:00,1340.0,1400.0,1330.0,1354.0,16855,0.0,0.0
2011-07-01 00:00:00+09:00,1340.0,1376.0,1324.0,1360.0,18880,0.0,0.0
2011-07-04 00:00:00+09:00,1352.0,1420.0,1334.0,1350.0,9655,0.0,0.0
2011-07-05 00:00:00+09:00,1350.0,1372.0,1350.0,1366.0,25830,0.0,0.0
2011-07-06 00:00:00+09:00,1364.0,1364.0,1334.0,1352.0,19045,0.0,0.0
2011-07-07 00:00:00+09:00,1378.0,1378.0,1340.0,1340.0,14970,0.0,0.0
2011-07-08 00:00:00+09:00,1340.0,1390.0,1330.0,1370.0,13260,0.0,0.0
2011-07-11 00:00:00+09:00,1350.0,1368.0,1330.0,1348.0,17410,0.0,0.0
2011-07-12 00:00:00+09:00,1348.0,1354.0,1314.0,1314.0,24335,0.0,0.0
2011-07-13 00:00:00+09:00,1314.0,1318.0,1274.0,1292.0,20075,0.0,0.0
2011-07-14 00:00:00+09:00,1292.0,1318.0,1242.0,1256.0,27365,0.0,0.0
2011-07-15 00:00:00+09:00,1254.0,1304.0,1254.0,1288.0,16985,0.0,0.0
2011-07-18 00:00:00+09:00,1272.0,1434.0,1260.0,1362.0,73475,0.0,0.0
2011-07-19 00:00:00+09:00,1354.0,1400.0,1320.0,1352.0,34520,0.0,0.0
2011-07-20 00:00:00+09:00,1346.0,1368.0,1302.0,1348.0,7010,0.0,0.0
2011-07-21 00:00:00+09:00,1350.0,1400.0,1346.0,1392.0,38650,0.0,0.0
2011-07-22 00:00:00+09:00,1360.0,1372.0,1340.0,1360.0,13920,0.0,0.0
2011-07-25 00:00:00+09:00,1370.0,1370.0,1320.0,1330.0,48945,0.0,0.0
2011-07-26 00:00:00+09:00,1300.0,1346.0,1282.0,1338.0,14640,0.0,0.0
2011-07-27 00:00:00+09:00,1344.0,1344.0,1322.0,1332.0,3565,0.0,0.0
2011-07-28 00:00:00+09:00,1328.0,1384.0,1326.0,1330.0,21920,0.0,0.0
2011-07-29 00:00:00+09:00,1364.0,1366.0,1300.0,1304.0,16640,0.0,0.0
2011-08-01 00:00:00+09:00,1344.0,1376.0,1272.0,1328.0,3460,0.0,0.0
2011-08-02 00:00:00+09:00,1324.0,1330.0,1300.0,1320.0,18750,0.0,0.0
2011-08-03 00:00:00+09:00,1384.0,1384.0,1308.0,1312.0,14645,0.0,0.0
2011-08-04 00:00:00+09:00,1312.0,1324.0,1282.0,1298.0,7350,0.0,0.0
2011-08-05 00:00:00+09:00,1182.0,1298.0,1160.0,1190.0,23530,0.0,0.0
2011-08-08 00:00:00+09:00,1200.0,1200.0,1012.0,1012.0,36345,0.0,0.0
2011-08-09 00:00:00+09:00,862.0,970.0,862.0,880.0,66000,0.0,0.0
2011-08-10 00:00:00+09:00,980.0,1012.0,903.0,1010.0,45830,0.0,0.0
2011-08-11 00:00:00+09:00,1002.0,1160.0,946.0,1020.0,21045,0.0,0.0
2011-08-12 00:00:00+09:00,1030.0,1078.0,1020.0,1020.0,21090,0.0,0.0
2011-08-16 00:00:00+09:00,1128.0,1128.0,1036.0,1120.0,24270,0.0,0.0
2011-08-17 00:00:00+09:00,1152.0,1154.0,1086.0,1122.0,34535,0.0,0.0
2011-08-18 00:00:00+09:00,1100.0,1140.0,1070.0,1078.0,15910,0.0,0.0
2011-08-19 00:00:00+09:00,1028.0,1114.0,966.0,966.0,15865,0.0,0.0
2011-08-22 00:00:00+09:00,923.0,1054.0,923.0,959.0,11765,0.0,0.0
2011-08-23 00:00:00+09:00,1000.0,1056.0,976.0,993.0,7865,0.0,0.0
2011-08-24 00:00:00+09:00,988.0,996.0,953.0,956.0,8165,0.0,0.0
2011-08-25 00:00:00+09:00,994.0,994.0,958.0,958.0,55875,0.0,0.0
2011-08-26 00:00:00+09:00,920.0,998.0,902.0,934.0,42075,0.0,0.0
2011-08-29 00:00:00+09:00,942.0,1074.0,942.0,1074.0,147685,0.0,0.0
2011-08-30 00:00:00+09:00,1086.0,1086.0,997.0,997.0,117550,0.0,0.0
2011-08-31 00:00:00+09:00,1036.0,1036.0,992.0,994.0,45270,0.0,0.0
2011-09-01 00:00:00+09:00,989.0,1090.0,989.0,1012.0,27635,0.0,0.0
2011-09-02 00:00:00+09:00,1018.0,1048.0,992.0,1022.0,13200,0.0,0.0
2011-09-05 00:00:00+09:00,984.0,1036.0,967.0,980.0,7570,0.0,0.0
2011-09-06 00:00:00+09:00,1020.0,1020.0,918.0,936.0,6970,0.0,0.0
2011-09-07 00:00:00+09:00,940.0,990.0,931.0,980.0,6080,0.0,0.0
2011-09-08 00:00:00+09:00,990.0,994.0,953.0,965.0,3745,0.0,0.0
2011-09-09 00:00:00+09:00,958.0,1038.0,945.0,980.0,4600,0.0,0.0
2011-09-14 00:00:00+09:00,981.0,981.0,932.0,954.0,3205,0.0,0.0
2011-09-15 00:00:00+09:00,940.0,1034.0,940.0,966.0,20045,0.0,0.0
2011-09-16 00:00:00+09:00,951.0,1018.0,951.0,1008.0,5285,0.0,0.0
2011-09-19 00:00:00+09:00,982.0,1006.0,966.0,972.0,12615,0.0,0.0
2011-09-20 00:00:00+09:00,950.0,1028.0,950.0,990.0,4080,0.0,0.0
2011-09-21 00:00:00+09:00,1056.0,1056.0,961.0,982.0,3890,0.0,0.0
2011-09-22 00:00:00+09:00,982.0,1036.0,978.0,1012.0,10970,0.0,0.0
2011-09-23 00:00:00+09:00,1012.0,1012.0,938.0,992.0,19895,0.0,0.0
2011-09-26 00:00:00+09:00,1060.0,1060.0,944.0,978.0,22905,0.0,0.0
2011-09-27 00:00:00+09:00,958.0,1018.0,944.0,996.0,22945,0.0,0.0
2011-09-28 00:00:00+09:00,996.0,996.0,951.0,974.0,4225,0.0,0.0
2011-09-29 00:00:00+09:00,978.0,996.0,976.0,976.0,3545,0.0,0.0
2011-09-30 00:00:00+09:00,1074.0,1074.0,960.0,970.0,7910,0.0,0.0
2011-10-04 00:00:00+09:00,974.0,980.0,960.0,960.0,740,0.0,0.0
2011-10-05 00:00:00+09:00,1018.0,1018.0,923.0,925.0,6625,0.0,0.0
2011-10-06 00:00:00+09:00,896.0,994.0,896.0,961.0,11190,0.0,0.0
2011-10-07 00:00:00+09:00,938.0,1002.0,938.0,1000.0,6715,0.0,0.0
2011-10-10 00:00:00+09:00,1000.0,1022.0,960.0,996.0,1110,0.0,0.0
2011-10-11 00:00:00+09:00,1000.0,1002.0,968.0,985.0,7595,0.0,0.0
2011-10-12 00:00:00+09:00,989.0,1002.0,980.0,985.0,1715,0.0,0.0
2011-10-13 00:00:00+09:00,1030.0,1030.0,957.0,998.0,4400,0.0,0.0
2011-10-14 00:00:00+09:00,1064.0,1138.0,975.0,1078.0,19185,0.0,0.0
2011-10-17 00:00:00+09:00,1078.0,1078.0,1000.0,1004.0,26675,0.0,0.0
2011-10-18 00:00:00+09:00,1018.0,1018.0,978.0,1004.0,6585,0.0,0.0
2011-10-19 00:00:00+09:00,1046.0,1046.0,990.0,1020.0,6595,0.0,0.0
2011-10-20 00:00:00+09:00,1002.0,1002.0,930.0,986.0,9835,0.0,0.0
2011-10-21 00:00:00+09:00,996.0,1012.0,962.0,962.0,4355,0.0,0.0
2011-10-24 00:00:00+09:00,954.0,1000.0,954.0,982.0,4245,0.0,0.0
2011-10-25 00:00:00+09:00,980.0,1010.0,960.0,994.0,4700,0.0,0.0
2011-10-26 00:00:00+09:00,982.0,1010.0,982.0,1008.0,2015,0.0,0.0
2011-10-27 00:00:00+09:00,1050.0,1050.0,983.0,1038.0,9085,0.0,0.0
2011-10-28 00:00:00+09:00,1094.0,1094.0,1012.0,1012.0,640,0.0,0.0
2011-10-31 00:00:00+09:00,1000.0,1040.0,986.0,1028.0,5450,0.0,0.0
2011-11-01 00:00:00+09:00,1028.0,1050.0,1006.0,1020.0,4770,0.0,0.0
2011-11-02 00:00:00+09:00,1018.0,1034.0,978.0,1034.0,9375,0.0,0.0
2011-11-03 00:00:00+09:00,983.0,1176.0,983.0,1040.0,38295,0.0,0.0
2011-11-04 00:00:00+09:00,1098.0,1134.0,1002.0,1120.0,19740,0.0,0.0
2011-11-07 00:00:00+09:00,1126.0,1164.0,1050.0,1052.0,17220,0.0,0.0
2011-11-08 00:00:00+09:00,1026.0,1080.0,1000.0,1000.0,12480,0.0,0.0
2011-11-09 00:00:00+09:00,1040.0,1040.0,1004.0,1018.0,4945,0.0,0.0
2011-11-10 00:00:00+09:00,972.0,994.0,936.0,979.0,22120,0.0,0.0
2011-11-11 00:00:00+09:00,979.0,995.0,949.0,982.0,5745,0.0,0.0
2011-11-14 00:00:00+09:00,982.0,1026.0,966.0,1002.0,2675,0.0,0.0
2011-11-15 00:00:00+09:00,1036.0,1036.0,970.0,1000.0,7080,0.0,0.0
2011-11-16 00:00:00+09:00,989.0,1024.0,989.0,1014.0,2965,0.0,0.0
2011-11-17 00:00:00+09:00,1034.0,1034.0,1004.0,1020.0,2570,0.0,0.0
2011-11-18 00:00:00+09:00,1096.0,1096.0,1010.0,1034.0,20850,0.0,0.0
2011-11-21 00:00:00+09:00,1060.0,1060.0,962.0,991.0,11510,0.0,0.0
2011-11-22 00:00:00+09:00,1010.0,1010.0,951.0,975.0,11905,0.0,0.0
2011-11-23 00:00:00+09:00,980.0,1120.0,980.0,1120.0,194715,0.0,0.0
2011-11-24 00:00:00+09:00,1180.0,1276.0,1074.0,1074.0,184020,0.0,0.0
2011-11-25 00:00:00+09:00,1024.0,1140.0,1000.0,1000.0,61925,0.0,0.0
2011-11-28 00:00:00+09:00,1006.0,1040.0,963.0,970.0,42130,0.0,0.0
2011-11-29 00:00:00+09:00,1000.0,1000.0,962.0,962.0,29740,0.0,0.0
2011-11-30 00:00:00+09:00,981.0,1038.0,970.0,980.0,18065,0.0,0.0
2011-12-01 00:00:00+09:00,1048.0,1048.0,980.0,982.0,17770,0.0,0.0
2011-12-02 00:00:00+09:00,984.0,1016.0,980.0,996.0,3200,0.0,0.0
2011-12-05 00:00:00+09:00,1002.0,1038.0,980.0,980.0,30325,0.0,0.0
2011-12-06 00:00:00+09:00,985.0,1112.0,909.0,928.0,407030,0.0,0.0
2011-12-07 00:00:00+09:00,932.0,960.0,920.0,931.0,21190,0.0,0.0
2011-12-08 00:00:00+09:00,914.0,950.0,914.0,942.0,37520,0.0,0.0
2011-12-09 00:00:00+09:00,942.0,946.0,909.0,940.0,26690,0.0,0.0
2011-12-12 00:00:00+09:00,945.0,1020.0,931.0,980.0,53860,0.0,0.0
2011-12-13 00:00:00+09:00,980.0,980.0,930.0,940.0,20270,0.0,0.0
2011-12-14 00:00:00+09:00,968.0,968.0,935.0,949.0,12935,0.0,0.0
2011-12-15 00:00:00+09:00,949.0,990.0,940.0,970.0,15230,0.0,0.0
2011-12-16 00:00:00+09:00,973.0,980.0,947.0,965.0,9930,0.0,0.0
2011-12-19 00:00:00+09:00,988.0,988.0,913.0,960.0,18225,0.0,0.0
2011-12-20 00:00:00+09:00,951.0,956.0,940.0,943.0,14715,0.0,0.0
2011-12-21 00:00:00+09:00,942.0,1020.0,921.0,954.0,22965,0.0,0.0
2011-12-22 00:00:00+09:00,952.0,974.0,943.0,962.0,3725,0.0,0.0
2011-12-23 00:00:00+09:00,980.0,980.0,962.0,970.0,2290,0.0,0.0
2011-12-26 00:00:00+09:00,962.0,979.0,942.0,956.0,7390,0.0,0.0
2011-12-27 00:00:00+09:00,956.0,974.0,940.0,952.0,4680,0.0,0.0
2011-12-28 00:00:00+09:00,952.0,962.0,927.0,942.0,2670,0.0,0.0
2011-12-29 00:00:00+09:00,982.0,982.0,934.0,950.0,3725,0.0,0.0
2012-01-02 00:00:00+09:00,952.0,952.0,936.0,948.0,6505,0.0,0.0
2012-01-03 00:00:00+09:00,960.0,969.0,939.0,964.0,7925,0.0,0.0
2012-01-04 00:00:00+09:00,992.0,992.0,942.0,962.0,4085,0.0,0.0
2012-01-05 00:00:00+09:00,969.0,969.0,947.0,952.0,2585,0.0,0.0
2012-01-06 00:00:00+09:00,952.0,962.0,918.0,922.0,12365,0.0,0.0
2012-01-09 00:00:00+09:00,940.0,940.0,880.0,900.0,16120,0.0,0.0
2012-01-10 00:00:00+09:00,886.0,918.0,886.0,908.0,4330,0.0,0.0
2012-01-11 00:00:00+09:00,903.0,916.0,903.0,916.0,6580,0.0,0.0
2012-01-12 00:00:00+09:00,906.0,1028.0,905.0,993.0,32455,0.0,0.0
2012-01-13 00:00:00+09:00,1000.0,1000.0,846.0,928.0,35130,0.0,0.0
2012-01-16 00:00:00+09:00,927.0,938.0,901.0,928.0,5100,0.0,0.0
2012-01-17 00:00:00+09:00,920.0,946.0,920.0,930.0,9495,0.0,0.0
2012-01-18 00:00:00+09:00,922.0,978.0,905.0,963.0,8385,0.0,0.0
2012-01-19 00:00:00+09:00,974.0,974.0,922.0,970.0,9510,0.0,0.0
2012-01-20 00:00:00+09:00,976.0,1002.0,941.0,1000.0,15635,0.0,0.0
2012-01-25 00:00:00+09:00,1014.0,1014.0,960.0,960.0,12455,0.0,0.0
2012-01-26 00:00:00+09:00,942.0,1002.0,942.0,957.0,17175,0.0,0.0
2012-01-27 00:00:00+09:00,961.0,961.0,938.0,947.0,3630,0.0,0.0
2012-01-30 00:00:00+09:00,960.0,960.0,922.0,926.0,5310,0.0,0.0
2012-01-31 00:00:00+09:00,1040.0,1040.0,930.0,958.0,855,0.0,0.0
2012-02-01 00:00:00+09:00,999.0,999.0,956.0,976.0,3565,0.0,0.0
2012-02-02 00:00:00+09:00,976.0,1000.0,960.0,989.0,15400,0.0,0.0
2012-02-03 00:00:00+09:00,1000.0,1002.0,975.0,981.0,2545,0.0,0.0
2012-02-06 00:00:00+09:00,1020.0,1020.0,962.0,1000.0,240,0.0,0.0
2012-02-07 00:00:00+09:00,1050.0,1050.0,978.0,1010.0,3020,0.0,0.0
2012-02-08 00:00:00+09:00,993.0,1036.0,964.0,1020.0,14790,0.0,0.0
2012-02-09 00:00:00+09:00,1020.0,1172.0,1020.0,1160.0,341615,0.0,0.0
2012-02-10 00:00:00+09:00,1120.0,1120.0,1016.0,1016.0,125310,0.0,0.0
2012-02-13 00:00:00+09:00,993.0,1052.0,990.0,993.0,35410,0.0,0.0
2012-02-14 00:00:00+09:00,1008.0,1008.0,970.0,1004.0,16080,0.0,0.0
2012-02-15 00:00:00+09:00,999.0,1000.0,980.0,986.0,10260,0.0,0.0
2012-02-16 00:00:00+09:00,970.0,1120.0,970.0,1068.0,55700,0.0,0.0
2012-02-17 00:00:00+09:00,1038.0,1100.0,1004.0,1020.0,26775,0.0,0.0
2012-02-20 00:00:00+09:00,1020.0,1064.0,1020.0,1062.0,12740,0.0,0.0
2012-02-21 00:00:00+09:00,1082.0,1160.0,1034.0,1120.0,54830,0.0,0.0
2012-02-22 00:00:00+09:00,1190.0,1200.0,1074.0,1074.0,68985,0.0,0.0
2012-02-23 00:00:00+09:00,1082.0,1234.0,1074.0,1234.0,250390,0.0,0.0
2012-02-24 00:00:00+09:00,1254.0,1410.0,1090.0,1146.0,485685,0.0,0.0
2012-02-27 00:00:00+09:00,1160.0,1230.0,1080.0,1146.0,133025,0.0,0.0
2012-02-28 00:00:00+09:00,1110.0,1234.0,1084.0,1106.0,346755,0.0,0.0
2012-02-29 00:00:00+09:00,1076.0,1126.0,1064.0,1108.0,80540,0.0,0.0
2012-03-02 00:00:00+09:00,1108.0,1274.0,1080.0,1274.0,620595,0.0,0.0
2012-03-05 00:00:00+09:00,1280.0,1280.0,1164.0,1190.0,280510,0.0,0.0
2012-03-06 00:00:00+09:00,1194.0,1216.0,1112.0,1170.0,66165,0.0,0.0
2012-03-07 00:00:00+09:00,1170.0,1196.0,1120.0,1196.0,63810,0.0,0.0
2012-03-08 00:00:00+09:00,1200.0,1240.0,1184.0,1230.0,56600,0.0,0.0
2012-03-09 00:00:00+09:00,1236.0,1238.0,1140.0,1154.0,45330,0.0,0.0
2012-03-12 00:00:00+09:00,1178.0,1178.0,1080.0,1100.0,69615,0.0,0.0
2012-03-13 00:00:00+09:00,1100.0,1114.0,1100.0,1114.0,20185,0.0,0.0
2012-03-14 00:00:00+09:00,1120.0,1132.0,1064.0,1116.0,36510,0.0,0.0
2012-03-15 00:00:00+09:00,1112.0,1216.0,1106.0,1136.0,207030,0.0,0.0
2012-03-16 00:00:00+09:00,1158.0,1178.0,1110.0,1116.0,50830,0.0,0.0
2012-03-19 00:00:00+09:00,1106.0,1136.0,1100.0,1100.0,8635,0.0,0.0
2012-03-20 00:00:00+09:00,1104.0,1108.0,1050.0,1078.0,54895,0.0,0.0
2012-03-21 00:00:00+09:00,1070.0,1126.0,1070.0,1072.0,5565,0.0,0.0
2012-03-22 00:00:00+09:00,1070.0,1114.0,1050.0,1096.0,23300,0.0,0.0
2012-03-23 00:00:00+09:00,1064.0,1094.0,1064.0,1074.0,7490,0.0,0.0
2012-03-26 00:00:00+09:00,1090.0,1234.0,1050.0,1234.0,406675,0.0,0.0
2012-03-27 00:00:00+09:00,1242.0,1284.0,1116.0,1160.0,587435,0.0,0.0
2012-03-28 00:00:00+09:00,1178.0,1220.0,1126.0,1154.0,94980,0.0,0.0
2012-03-29 00:00:00+09:00,1154.0,1154.0,1080.0,1102.0,41975,0.0,0.0
2012-03-30 00:00:00+09:00,1070.0,1130.0,1070.0,1126.0,10200,0.0,0.0
2012-04-02 00:00:00+09:00,1090.0,1138.0,1076.0,1084.0,24000,0.0,0.0
2012-04-03 00:00:00+09:00,1104.0,1104.0,1064.0,1068.0,6470,0.0,0.0
2012-04-04 00:00:00+09:00,1060.0,1190.0,1060.0,1100.0,36060,0.0,0.0
2012-04-05 00:00:00+09:00,1136.0,1136.0,1070.0,1096.0,11225,0.0,0.0
2012-04-06 00:00:00+09:00,1128.0,1148.0,1090.0,1090.0,8195,0.0,0.0
2012-04-09 00:00:00+09:00,1132.0,1138.0,1066.0,1108.0,10440,0.0,0.0
2012-04-10 00:00:00+09:00,1102.0,1130.0,1070.0,1072.0,6210,0.0,0.0
2012-04-12 00:00:00+09:00,1072.0,1098.0,1052.0,1092.0,17540,0.0,0.0
2012-04-13 00:00:00+09:00,1092.0,1098.0,1050.0,1068.0,33615,0.0,0.0
2012-04-16 00:00:00+09:00,1066.0,1096.0,1030.0,1030.0,16670,0.0,0.0
2012-04-17 00:00:00+09:00,1040.0,1084.0,1020.0,1038.0,34405,0.0,0.0
2012-04-18 00:00:00+09:00,1050.0,1064.0,1006.0,1010.0,28135,0.0,0.0
2012-04-19 00:00:00+09:00,1010.0,1026.0,973.0,1012.0,24705,0.0,0.0
2012-04-20 00:00:00+09:00,1006.0,1028.0,1002.0,1016.0,9805,0.0,0.0
2012-04-23 00:00:00+09:00,1022.0,1168.0,1020.0,1168.0,501885,0.0,0.0
2012-04-24 00:00:00+09:00,1178.0,1226.0,1000.0,1000.0,654155,0.0,0.0
2012-04-25 00:00:00+09:00,1002.0,1014.0,940.0,956.0,101045,0.0,0.0
2012-04-26 00:00:00+09:00,970.0,984.0,930.0,956.0,55820,0.0,0.0
2012-04-27 00:00:00+09:00,956.0,991.0,953.0,991.0,13000,0.0,0.0
2012-04-30 00:00:00+09:00,978.0,1026.0,968.0,982.0,37105,0.0,0.0
2012-05-02 00:00:00+09:00,1008.0,1008.0,977.0,996.0,16435,0.0,0.0
2012-05-03 00:00:00+09:00,1012.0,1046.0,984.0,1030.0,12625,0.0,0.0
2012-05-04 00:00:00+09:00,1008.0,1050.0,984.0,1024.0,16300,0.0,0.0
2012-05-07 00:00:00+09:00,1052.0,1052.0,992.0,1026.0,22910,0.0,0.0
2012-05-08 00:00:00+09:00,1040.0,1040.0,988.0,988.0,25660,0.0,0.0
2012-05-09 00:00:00+09:00,980.0,1008.0,970.0,982.0,15325,0.0,0.0
2012-05-10 00:00:00+09:00,976.0,1028.0,973.0,1020.0,6875,0.0,0.0
2012-05-11 00:00:00+09:00,1008.0,1020.0,984.0,985.0,10965,0.0,0.0
2012-05-14 00:00:00+09:00,990.0,1010.0,983.0,984.0,13815,0.0,0.0
2012-05-15 00:00:00+09:00,1000.0,1000.0,960.0,991.0,7680,0.0,0.0
2012-05-16 00:00:00+09:00,998.0,1024.0,973.0,991.0,13025,0.0,0.0
2012-05-17 00:00:00+09:00,981.0,1022.0,981.0,1010.0,2940,0.0,0.0
2012-05-18 00:00:00+09:00,1036.0,1036.0,906.0,969.0,21080,0.0,0.0
2012-05-21 00:00:00+09:00,930.0,1030.0,928.0,965.0,10720,0.0,0.0
2012-05-22 00:00:00+09:00,1010.0,1048.0,979.0,986.0,3870,0.0,0.0
2012-05-23 00:00:00+09:00,1032.0,1032.0,971.0,984.0,1380,0.0,0.0
2012-05-24 00:00:00+09:00,1002.0,1002.0,971.0,992.0,1515,0.0,0.0
2012-05-25 00:00:00+09:00,995.0,1022.0,980.0,996.0,4080,0.0,0.0
2012-05-29 00:00:00+09:00,1000.0,1000.0,976.0,984.0,15705,0.0,0.0
2012-05-30 00:00:00+09:00,1012.0,1020.0,999.0,1008.0,9740,0.0,0.0
2012-05-31 00:00:00+09:00,1000.0,1016.0,990.0,1016.0,1690,0.0,0.0
2012-06-01 00:00:00+09:00,1040.0,1040.0,993.0,1016.0,5790,0.0,0.0
2012-06-04 00:00:00+09:00,1036.0,1036.0,974.0,999.0,665,0.0,0.0
2012-06-05 00:00:00+09:00,1036.0,1036.0,982.0,999.0,2085,0.0,0.0
2012-06-07 00:00:00+09:00,1020.0,1020.0,983.0,997.0,14060,0.0,0.0
2012-06-08 00:00:00+09:00,996.0,996.0,962.0,992.0,38995,0.0,0.0
2012-06-11 00:00:00+09:00,991.0,1010.0,964.0,1010.0,8560,0.0,0.0
2012-06-12 00:00:00+09:00,1024.0,1026.0,975.0,1004.0,2185,0.0,0.0
2012-06-13 00:00:00+09:00,1014.0,1060.0,980.0,980.0,35155,0.0,0.0
2012-06-14 00:00:00+09:00,1018.0,1018.0,980.0,983.0,2775,0.0,0.0
2012-06-15 00:00:00+09:00,1006.0,1006.0,981.0,984.0,985,0.0,0.0
2012-06-18 00:00:00+09:00,1010.0,1130.0,999.0,1130.0,433040,0.0,0.0
2012-06-19 00:00:00+09:00,1138.0,1216.0,1042.0,1060.0,660175,0.0,0.0
2012-06-20 00:00:00+09:00,1078.0,1078.0,1002.0,1010.0,78160,0.0,0.0
2012-06-21 00:00:00+09:00,1010.0,1030.0,987.0,1010.0,43750,0.0,0.0
2012-06-22 00:00:00+09:00,1046.0,1046.0,990.0,1006.0,44040,0.0,0.0
2012-06-25 00:00:00+09:00,1006.0,1010.0,990.0,1006.0,31755,0.0,0.0
2012-06-26 00:00:00+09:00,1000.0,1016.0,991.0,1000.0,16520,0.0,0.0
2012-06-27 00:00:00+09:00,1024.0,1024.0,990.0,990.0,14070,0.0,0.0
2012-06-28 00:00:00+09:00,995.0,1004.0,982.0,995.0,18635,0.0,0.0
2012-06-29 00:00:00+09:00,1008.0,1034.0,992.0,1008.0,12770,0.0,0.0
2012-07-02 00:00:00+09:00,1026.0,1026.0,997.0,1008.0,20340,0.0,0.0
2012-07-03 00:00:00+09:00,1010.0,1020.0,1002.0,1008.0,19430,0.0,0.0
2012-07-04 00:00:00+09:00,1028.0,1080.0,1010.0,1026.0,44530,0.0,0.0
2012-07-05 00:00:00+09:00,1060.0,1060.0,996.0,1002.0,16825,0.0,0.0
2012-07-06 00:00:00+09:00,1020.0,1020.0,997.0,997.0,12750,0.0,0.0
2012-07-09 00:00:00+09:00,997.0,1012.0,990.0,998.0,19805,0.0,0.0
2012-07-10 00:00:00+09:00,1006.0,1024.0,994.0,1024.0,24890,0.0,0.0
2012-07-11 00:00:00+09:00,1080.0,1094.0,1034.0,1034.0,111810,0.0,0.0
2012-07-12 00:00:00+09:00,1034.0,1086.0,1034.0,1066.0,22335,0.0,0.0
2012-07-13 00:00:00+09:00,1098.0,1224.0,1046.0,1224.0,280320,0.0,0.0
2012-07-16 00:00:00+09:00,1182.0,1202.0,1104.0,1118.0,185100,0.0,0.0
2012-07-17 00:00:00+09:00,1120.0,1178.0,1062.0,1120.0,62540,0.0,0.0
2012-07-18 00:00:00+09:00,1120.0,1288.0,1116.0,1230.0,181080,0.0,0.0
2012-07-19 00:00:00+09:00,1260.0,1280.0,1152.0,1200.0,68160,0.0,0.0
2012-07-20 00:00:00+09:00,1260.0,1260.0,1140.0,1140.0,26170,0.0,0.0
2012-07-23 00:00:00+09:00,1122.0,1156.0,1060.0,1070.0,63545,0.0,0.0
2012-07-24 00:00:00+09:00,1096.0,1228.0,1068.0,1138.0,136155,0.0,0.0
2012-07-25 00:00:00+09:00,1162.0,1190.0,1080.0,1106.0,50850,0.0,0.0
2012-07-26 00:00:00+09:00,1080.0,1140.0,1074.0,1140.0,29100,0.0,0.0
2012-07-27 00:00:00+09:00,1190.0,1190.0,1108.0,1140.0,23475,0.0,0.0
2012-07-30 00:00:00+09:00,1172.0,1172.0,1100.0,1104.0,15180,0.0,0.0
2012-07-31 00:00:00+09:00,1104.0,1150.0,1100.0,1102.0,9620,0.0,0.0
2012-08-01 00:00:00+09:00,1106.0,1144.0,1102.0,1110.0,9205,0.0,0.0
2012-08-02 00:00:00+09:00,1148.0,1176.0,1116.0,1140.0,9350,0.0,0.0
2012-08-03 00:00:00+09:00,1190.0,1190.0,1118.0,1150.0,20700,0.0,0.0
2012-08-06 00:00:00+09:00,1178.0,1184.0,1136.0,1160.0,12850,0.0,0.0
2012-08-07 00:00:00+09:00,1180.0,1180.0,1114.0,1114.0,35220,0.0,0.0
2012-08-08 00:00:00+09:00,1114.0,1124.0,1076.0,1094.0,34575,0.0,0.0
2012-08-09 00:00:00+09:00,1118.0,1118.0,1080.0,1092.0,7685,0.0,0.0
2012-08-10 00:00:00+09:00,1082.0,1094.0,1078.0,1090.0,16570,0.0,0.0
2012-08-13 00:00:00+09:00,1092.0,1092.0,1056.0,1084.0,4580,0.0,0.0
2012-08-14 00:00:00+09:00,1064.0,1078.0,1060.0,1068.0,2725,0.0,0.0
2012-08-16 00:00:00+09:00,1074.0,1120.0,1074.0,1088.0,320,0.0,0.0
2012-08-17 00:00:00+09:00,1088.0,1088.0,1058.0,1084.0,12615,0.0,0.0
2012-08-20 00:00:00+09:00,1080.0,1088.0,1060.0,1074.0,22905,0.0,0.0
2012-08-21 00:00:00+09:00,1074.0,1090.0,1066.0,1086.0,8175,0.0,0.0
2012-08-22 00:00:00+09:00,1086.0,1086.0,1068.0,1084.0,6640,0.0,0.0
2012-08-23 00:00:00+09:00,1072.0,1086.0,1060.0,1086.0,8120,0.0,0.0
2012-08-24 00:00:00+09:00,1076.0,1082.0,1072.0,1074.0,5495,0.0,0.0
2012-08-27 00:00:00+09:00,1074.0,1086.0,1070.0,1086.0,4070,0.0,0.0
2012-08-28 00:00:00+09:00,1112.0,1130.0,1076.0,1128.0,14810,0.0,0.0
2012-08-29 00:00:00+09:00,1128.0,1152.0,1098.0,1104.0,11980,0.0,0.0
2012-08-30 00:00:00+09:00,1110.0,1130.0,1092.0,1130.0,2750,0.0,0.0
2012-08-31 00:00:00+09:00,1094.0,1152.0,1070.0,1096.0,62590,0.0,0.0
2012-09-03 00:00:00+09:00,1130.0,1130.0,1090.0,1102.0,3500,0.0,0.0
2012-09-04 00:00:00+09:00,1102.0,1140.0,1090.0,1120.0,13980,0.0,0.0
2012-09-05 00:00:00+09:00,1098.0,1124.0,1090.0,1090.0,3100,0.0,0.0
2012-09-06 00:00:00+09:00,1092.0,1252.0,1092.0,1252.0,730465,0.0,0.0
2012-09-07 00:00:00+09:00,1280.0,1342.0,1100.0,1124.0,1115210,0.0,0.0
2012-09-10 00:00:00+09:00,1136.0,1138.0,1102.0,1106.0,143275,0.0,0.0
2012-09-11 00:00:00+09:00,1108.0,1108.0,1072.0,1088.0,131985,0.0,0.0
2012-09-12 00:00:00+09:00,1098.0,1098.0,1066.0,1084.0,49925,0.0,0.0
2012-09-13 00:00:00+09:00,1084.0,1096.0,1068.0,1080.0,45180,0.0,0.0
2012-09-14 00:00:00+09:00,1088.0,1098.0,1072.0,1080.0,34510,0.0,0.0
2012-09-17 00:00:00+09:00,1100.0,1104.0,1080.0,1082.0,21660,0.0,0.0
2012-09-18 00:00:00+09:00,1082.0,1100.0,1080.0,1080.0,16235,0.0,0.0
2012-09-19 00:00:00+09:00,1100.0,1102.0,1066.0,1084.0,24095,0.0,0.0
2012-09-20 00:00:00+09:00,1078.0,1100.0,1070.0,1076.0,29355,0.0,0.0
2012-09-21 00:00:00+09:00,1076.0,1096.0,1070.0,1074.0,22265,0.0,0.0
2012-09-24 00:00:00+09:00,1074.0,1100.0,1074.0,1090.0,18150,0.0,0.0
2012-09-25 00:00:00+09:00,1084.0,1098.0,1074.0,1092.0,15120,0.0,0.0
2012-09-26 00:00:00+09:00,1080.0,1096.0,1078.0,1092.0,15945,0.0,0.0
2012-09-27 00:00:00+09:00,1100.0,1100.0,1072.0,1090.0,25325,0.0,0.0
2012-09-28 00:00:00+09:00,1098.0,1116.0,1084.0,1102.0,21510,0.0,0.0
2012-10-02 00:00:00+09:00,1120.0,1134.0,1100.0,1130.0,30735,0.0,0.0
2012-10-04 00:00:00+09:00,1120.0,1200.0,1120.0,1156.0,37155,0.0,0.0
2012-10-05 00:00:00+09:00,1150.0,1188.0,1132.0,1146.0,29140,0.0,0.0
2012-10-08 00:00:00+09:00,1130.0,1150.0,1116.0,1116.0,5270,0.0,0.0
2012-10-09 00:00:00+09:00,1120.0,1120.0,1082.0,1086.0,19290,0.0,0.0
2012-10-10 00:00:00+09:00,1090.0,1112.0,1086.0,1098.0,23180,0.0,0.0
2012-10-11 00:00:00+09:00,1096.0,1118.0,1080.0,1102.0,10035,0.0,0.0
2012-10-12 00:00:00+09:00,1120.0,1156.0,1084.0,1090.0,23005,0.0,0.0
2012-10-15 00:00:00+09:00,1100.0,1112.0,1082.0,1100.0,43420,0.0,0.0
2012-10-16 00:00:00+09:00,1128.0,1128.0,1100.0,1102.0,15465,0.0,0.0
2012-10-17 00:00:00+09:00,1106.0,1124.0,1104.0,1106.0,12935,0.0,0.0
2012-10-18 00:00:00+09:00,1106.0,1164.0,1100.0,1126.0,31275,0.0,0.0
2012-10-19 00:00:00+09:00,1160.0,1160.0,1100.0,1120.0,27265,0.0,0.0
2012-10-22 00:00:00+09:00,1146.0,1146.0,1080.0,1100.0,53850,0.0,0.0
2012-10-23 00:00:00+09:00,1114.0,1118.0,1092.0,1100.0,14350,0.0,0.0
2012-10-24 00:00:00+09:00,1114.0,1120.0,1088.0,1106.0,8680,0.0,0.0
2012-10-25 00:00:00+09:00,1120.0,1120.0,1086.0,1110.0,8515,0.0,0.0
2012-10-26 00:00:00+09:00,1120.0,1120.0,1078.0,1096.0,18340,0.0,0.0
2012-10-29 00:00:00+09:00,1080.0,1110.0,1072.0,1090.0,11555,0.0,0.0
2012-10-30 00:00:00+09:00,1102.0,1102.0,1060.0,1088.0,805,0.0,0.0
2012-10-31 00:00:00+09:00,1098.0,1100.0,1060.0,1100.0,11105,0.0,0.0
2012-11-01 00:00:00+09:00,1110.0,1110.0,1078.0,1100.0,1220,0.0,0.0
2012-11-02 00:00:00+09:00,1098.0,1120.0,1074.0,1102.0,1580,0.0,0.0
2012-11-05 00:00:00+09:00,1086.0,1134.0,1086.0,1090.0,12285,0.0,0.0
2012-11-06 00:00:00+09:00,1116.0,1116.0,1072.0,1072.0,6190,0.0,0.0
2012-11-07 00:00:00+09:00,1080.0,1088.0,1060.0,1072.0,10320,0.0,0.0
2012-11-08 00:00:00+09:00,1060.0,1072.0,1038.0,1048.0,5830,0.0,0.0
2012-11-09 00:00:00+09:00,1088.0,1088.0,1038.0,1066.0,3940,0.0,0.0
2012-11-12 00:00:00+09:00,1082.0,1086.0,1070.0,1084.0,3290,0.0,0.0
2012-11-13 00:00:00+09:00,1094.0,1094.0,1062.0,1080.0,4750,0.0,0.0
2012-11-14 00:00:00+09:00,1086.0,1086.0,1052.0,1076.0,725,0.0,0.0
2012-11-15 00:00:00+09:00,1074.0,1074.0,984.0,1020.0,21460,0.0,0.0
2012-11-16 00:00:00+09:00,1040.0,1040.0,970.0,970.0,25255,0.0,0.0
2012-11-19 00:00:00+09:00,1034.0,1034.0,960.0,1008.0,3620,0.0,0.0
2012-11-20 00:00:00+09:00,980.0,1004.0,960.0,998.0,14480,0.0,0.0
2012-11-21 00:00:00+09:00,1036.0,1036.0,1006.0,1024.0,1075,0.0,0.0
2012-11-22 00:00:00+09:00,1050.0,1050.0,990.0,1032.0,12295,0.0,0.0
2012-11-23 00:00:00+09:00,1058.0,1058.0,961.0,1026.0,15630,0.0,0.0
2012-11-26 00:00:00+09:00,974.0,1166.0,974.0,1058.0,7795,0.0,0.0
2012-11-27 00:00:00+09:00,1098.0,1098.0,1024.0,1034.0,8150,0.0,0.0
2012-11-28 00:00:00+09:00,1056.0,1056.0,1012.0,1012.0,2180,0.0,0.0
2012-11-29 00:00:00+09:00,1012.0,1094.0,1012.0,1042.0,3970,0.0,0.0
2012-11-30 00:00:00+09:00,1034.0,1066.0,1034.0,1064.0,2500,0.0,0.0
2012-12-03 00:00:00+09:00,1064.0,1080.0,1056.0,1056.0,1085,0.0,0.0
2012-12-04 00:00:00+09:00,1054.0,1054.0,1030.0,1054.0,945,0.0,0.0
2012-12-05 00:00:00+09:00,1140.0,1140.0,1034.0,1040.0,9330,0.0,0.0
2012-12-06 00:00:00+09:00,1042.0,1044.0,981.0,1012.0,18240,0.0,0.0
2012-12-07 00:00:00+09:00,1016.0,1024.0,1004.0,1020.0,1255,0.0,0.0
2012-12-10 00:00:00+09:00,1030.0,1036.0,994.0,1020.0,2690,0.0,0.0
2012-12-11 00:00:00+09:00,1052.0,1052.0,1000.0,1030.0,3305,0.0,0.0
2012-12-12 00:00:00+09:00,1046.0,1046.0,990.0,1034.0,1985,0.0,0.0
2012-12-13 00:00:00+09:00,1046.0,1046.0,1044.0,1044.0,10,0.0,0.0
2012-12-14 00:00:00+09:00,1050.0,1050.0,1000.0,1016.0,7615,0.0,0.0
2012-12-17 00:00:00+09:00,988.0,1008.0,988.0,1006.0,4345,0.0,0.0
2012-12-18 00:00:00+09:00,1028.0,1028.0,984.0,984.0,3375,0.0,0.0
2012-12-20 00:00:00+09:00,1000.0,1000.0,972.0,996.0,12795,0.0,0.0
2012-12-21 00:00:00+09:00,968.0,995.0,962.0,995.0,10735,0.0,0.0
2012-12-24 00:00:00+09:00,1008.0,1010.0,967.0,999.0,54715,0.0,0.0
2012-12-26 00:00:00+09:00,998.0,1006.0,977.0,1000.0,3065,0.0,0.0
2012-12-27 00:00:00+09:00,1016.0,1016.0,944.0,988.0,13875,0.0,0.0
2012-12-28 00:00:00+09:00,988.0,999.0,988.0,999.0,130,0.0,0.0
2013-01-02 00:00:00+09:00,999.0,1000.0,972.0,989.0,14030,0.0,0.0
2013-01-03 00:00:00+09:00,989.0,992.0,960.0,988.0,9815,0.0,0.0
2013-01-04 00:00:00+09:00,1006.0,1006.0,968.0,991.0,7145,0.0,0.0
2013-01-07 00:00:00+09:00,1016.0,1016.0,1000.0,1014.0,4075,0.0,0.0
2013-01-08 00:00:00+09:00,1014.0,1050.0,996.0,1012.0,5225,0.0,0.0
2013-01-09 00:00:00+09:00,1036.0,1036.0,984.0,1008.0,2800,0.0,0.0
2013-01-10 00:00:00+09:00,1008.0,1008.0,988.0,1004.0,2820,0.0,0.0
2013-01-11 00:00:00+09:00,954.0,1014.0,954.0,1000.0,13020,0.0,0.0
2013-01-14 00:00:00+09:00,1000.0,1006.0,980.0,999.0,915,0.0,0.0
2013-01-15 00:00:00+09:00,999.0,1060.0,999.0,1046.0,16120,0.0,0.0
2013-01-16 00:00:00+09:00,1040.0,1040.0,1018.0,1036.0,8390,0.0,0.0
2013-01-17 00:00:00+09:00,1058.0,1058.0,984.0,1016.0,11770,0.0,0.0
2013-01-18 00:00:00+09:00,1038.0,1038.0,1002.0,1020.0,2035,0.0,0.0
2013-01-21 00:00:00+09:00,1002.0,1030.0,1000.0,1020.0,3790,0.0,0.0
2013-01-22 00:00:00+09:00,1008.0,1018.0,1004.0,1004.0,2345,0.0,0.0
2013-01-23 00:00:00+09:00,1010.0,1024.0,1000.0,1024.0,2410,0.0,0.0
2013-01-24 00:00:00+09:00,1028.0,1034.0,997.0,1022.0,275,0.0,0.0
2013-01-25 00:00:00+09:00,1072.0,1072.0,986.0,1022.0,10410,0.0,0.0
2013-01-28 00:00:00+09:00,1060.0,1060.0,1018.0,1032.0,2395,0.0,0.0
2013-01-29 00:00:00+09:00,1004.0,1046.0,1004.0,1044.0,6805,0.0,0.0
2013-01-30 00:00:00+09:00,1020.0,1044.0,1014.0,1040.0,5030,0.0,0.0
2013-01-31 00:00:00+09:00,1040.0,1040.0,1016.0,1038.0,70,0.0,0.0
2013-02-01 00:00:00+09:00,1006.0,1034.0,1006.0,1012.0,15,0.0,0.0
2013-02-04 00:00:00+09:00,1012.0,1030.0,1012.0,1026.0,7570,0.0,0.0
2013-02-05 00:00:00+09:00,1010.0,1038.0,998.0,1020.0,3145,0.0,0.0
2013-02-06 00:00:00+09:00,1036.0,1036.0,1000.0,1020.0,2050,0.0,0.0
2013-02-07 00:00:00+09:00,1006.0,1016.0,1000.0,1006.0,3255,0.0,0.0
2013-02-08 00:00:00+09:00,1008.0,1008.0,1000.0,1000.0,125,0.0,0.0
2013-02-12 00:00:00+09:00,1000.0,1006.0,1000.0,1006.0,5015,0.0,0.0
2013-02-13 00:00:00+09:00,1000.0,1010.0,985.0,1008.0,110,0.0,0.0
2013-02-14 00:00:00+09:00,1000.0,1018.0,1000.0,1016.0,60,0.0,0.0
2013-02-15 00:00:00+09:00,1018.0,1032.0,1000.0,1016.0,685,0.0,0.0
2013-02-18 00:00:00+09:00,1000.0,1016.0,994.0,1006.0,1895,0.0,0.0
2013-02-19 00:00:00+09:00,990.0,1008.0,990.0,1008.0,4130,0.0,0.0
2013-02-20 00:00:00+09:00,1008.0,1008.0,980.0,1006.0,7455,0.0,0.0
2013-02-21 00:00:00+09:00,1000.0,1012.0,993.0,1006.0,395,0.0,0.0
2013-02-22 00:00:00+09:00,1006.0,1058.0,1000.0,1046.0,24570,0.0,0.0
2013-02-25 00:00:00+09:00,1044.0,1078.0,1016.0,1054.0,2845,0.0,0.0
2013-02-26 00:00:00+09:00,1044.0,1070.0,1010.0,1054.0,7710,0.0,0.0
2013-02-27 00:00:00+09:00,1032.0,1072.0,1010.0,1028.0,6620,0.0,0.0
2013-02-28 00:00:00+09:00,1010.0,1036.0,998.0,1012.0,20790,0.0,0.0
2013-03-04 00:00:00+09:00,1008.0,1036.0,1008.0,1026.0,275,0.0,0.0
2013-03-05 00:00:00+09:00,1004.0,1056.0,1004.0,1018.0,15105,0.0,0.0
2013-03-06 00:00:00+09:00,1018.0,1026.0,1010.0,1024.0,4980,0.0,0.0
2013-03-07 00:00:00+09:00,1038.0,1040.0,1012.0,1016.0,10945,0.0,0.0
2013-03-08 00:00:00+09:00,1016.0,1046.0,1008.0,1014.0,11870,0.0,0.0
2013-03-11 00:00:00+09:00,1012.0,1058.0,1010.0,1022.0,1960,0.0,0.0
2013-03-12 00:00:00+09:00,1022.0,1036.0,1016.0,1028.0,1890,0.0,0.0
2013-03-13 00:00:00+09:00,1052.0,1052.0,1012.0,1036.0,1410,0.0,0.0
2013-03-14 00:00:00+09:00,1016.0,1038.0,1012.0,1024.0,2600,0.0,0.0
2013-03-15 00:00:00+09:00,1036.0,1084.0,1020.0,1020.0,48970,0.0,0.0
2013-03-18 00:00:00+09:00,1048.0,1048.0,1020.0,1040.0,1990,0.0,0.0
2013-03-19 00:00:00+09:00,1074.0,1074.0,1024.0,1030.0,3405,0.0,0.0
2013-03-20 00:00:00+09:00,1048.0,1048.0,1024.0,1030.0,1125,0.0,0.0
2013-03-21 00:00:00+09:00,1024.0,1102.0,1024.0,1048.0,7715,0.0,0.0
2013-03-22 00:00:00+09:00,1036.0,1076.0,1026.0,1030.0,5365,0.0,0.0
2013-03-25 00:00:00+09:00,1030.0,1048.0,1026.0,1040.0,7425,0.0,0.0
2013-03-26 00:00:00+09:00,1038.0,1048.0,1022.0,1036.0,14480,0.0,0.0
2013-03-27 00:00:00+09:00,1036.0,1052.0,1024.0,1052.0,9620,0.0,0.0
2013-03-28 00:00:00+09:00,1040.0,1046.0,1024.0,1046.0,15530,0.0,0.0
2013-03-29 00:00:00+09:00,1044.0,1044.0,1030.0,1040.0,475,0.0,0.0
2013-04-01 00:00:00+09:00,1026.0,1052.0,1026.0,1052.0,2790,0.0,0.0
2013-04-02 00:00:00+09:00,1070.0,1076.0,1042.0,1044.0,2355,0.0,0.0
2013-04-03 00:00:00+09:00,1098.0,1098.0,1044.0,1060.0,19070,0.0,0.0
2013-04-04 00:00:00+09:00,1044.0,1074.0,1044.0,1060.0,8770,0.0,0.0
2013-04-05 00:00:00+09:00,1096.0,1096.0,1056.0,1060.0,14520,0.0,0.0
2013-04-08 00:00:00+09:00,1060.0,1116.0,1060.0,1080.0,38025,0.0,0.0
2013-04-09 00:00:00+09:00,1088.0,1114.0,1074.0,1096.0,13405,0.0,0.0
2013-04-10 00:00:00+09:00,1094.0,1126.0,1080.0,1100.0,7590,0.0,0.0
2013-04-11 00:00:00+09:00,1100.0,1110.0,1074.0,1088.0,7185,0.0,0.0
2013-04-12 00:00:00+09:00,1088.0,1108.0,1074.0,1076.0,8840,0.0,0.0
2013-04-15 00:00:00+09:00,1074.0,1074.0,1042.0,1052.0,17720,0.0,0.0
2013-04-16 00:00:00+09:00,1044.0,1060.0,1024.0,1046.0,11130,0.0,0.0
2013-04-17 00:00:00+09:00,1054.0,1054.0,1006.0,1026.0,35415,0.0,0.0
2013-04-18 00:00:00+09:00,1048.0,1170.0,1030.0,1066.0,415395,0.0,0.0
2013-04-19 00:00:00+09:00,1078.0,1078.0,1020.0,1022.0,42325,0.0,0.0
2013-04-22 00:00:00+09:00,1022.0,1032.0,999.0,1018.0,7660,0.0,0.0
2013-04-23 00:00:00+09:00,1004.0,1046.0,1004.0,1016.0,1405,0.0,0.0
2013-04-24 00:00:00+09:00,1008.0,1030.0,1008.0,1022.0,7035,0.0,0.0
2013-04-25 00:00:00+09:00,1020.0,1036.0,1014.0,1016.0,6365,0.0,0.0
2013-04-26 00:00:00+09:00,1030.0,1038.0,1018.0,1022.0,3650,0.0,0.0
2013-04-29 00:00:00+09:00,1022.0,1056.0,1020.0,1024.0,8245,0.0,0.0
2013-04-30 00:00:00+09:00,1024.0,1068.0,1018.0,1038.0,3385,0.0,0.0
2013-05-02 00:00:00+09:00,1044.0,1044.0,1002.0,1026.0,6300,0.0,0.0
2013-05-03 00:00:00+09:00,1010.0,1028.0,1010.0,1026.0,275,0.0,0.0
2013-05-06 00:00:00+09:00,1012.0,1030.0,1012.0,1018.0,20,0.0,0.0
2013-05-07 00:00:00+09:00,1014.0,1030.0,1002.0,1030.0,8750,0.0,0.0
2013-05-08 00:00:00+09:00,1012.0,1026.0,1012.0,1020.0,2810,0.0,0.0
2013-05-09 00:00:00+09:00,1022.0,1060.0,1010.0,1060.0,9860,0.0,0.0
2013-05-10 00:00:00+09:00,1150.0,1150.0,1016.0,1060.0,12145,0.0,0.0
2013-05-13 00:00:00+09:00,1040.0,1058.0,1026.0,1040.0,2080,0.0,0.0
2013-05-14 00:00:00+09:00,1016.0,1042.0,1016.0,1024.0,3060,0.0,0.0
2013-05-15 00:00:00+09:00,1028.0,1056.0,1022.0,1046.0,4890,0.0,0.0
2013-05-16 00:00:00+09:00,1090.0,1090.0,1030.0,1052.0,27510,0.0,0.0
2013-05-20 00:00:00+09:00,1040.0,1076.0,1040.0,1068.0,3480,0.0,0.0
2013-05-21 00:00:00+09:00,1086.0,1086.0,1046.0,1046.0,16275,0.0,0.0
2013-05-22 00:00:00+09:00,1050.0,1088.0,1042.0,1048.0,17095,0.0,0.0
2013-05-23 00:00:00+09:00,1074.0,1074.0,1036.0,1052.0,1550,0.0,0.0
2013-05-24 00:00:00+09:00,1052.0,1064.0,1036.0,1038.0,3960,0.0,0.0
2013-05-27 00:00:00+09:00,1026.0,1054.0,1026.0,1038.0,1475,0.0,0.0
2013-05-28 00:00:00+09:00,1036.0,1048.0,1032.0,1034.0,3790,0.0,0.0
2013-05-29 00:00:00+09:00,1026.0,1046.0,1026.0,1046.0,1060,0.0,0.0
2013-05-30 00:00:00+09:00,1046.0,1046.0,1032.0,1034.0,2630,0.0,0.0
2013-05-31 00:00:00+09:00,1028.0,1046.0,1028.0,1046.0,1625,0.0,0.0
2013-06-03 00:00:00+09:00,1050.0,1050.0,1034.0,1040.0,1220,0.0,0.0
2013-06-04 00:00:00+09:00,1040.0,1040.0,1022.0,1034.0,2410,0.0,0.0
2013-06-05 00:00:00+09:00,1028.0,1040.0,1028.0,1040.0,735,0.0,0.0
2013-06-07 00:00:00+09:00,1026.0,1034.0,1026.0,1028.0,2820,0.0,0.0
2013-06-10 00:00:00+09:00,1020.0,1080.0,1020.0,1036.0,12410,0.0,0.0
2013-06-11 00:00:00+09:00,1054.0,1084.0,1022.0,1026.0,23495,0.0,0.0
2013-06-12 00:00:00+09:00,1044.0,1066.0,1028.0,1050.0,3230,0.0,0.0
2013-06-13 00:00:00+09:00,1034.0,1096.0,1028.0,1044.0,4625,0.0,0.0
2013-06-14 00:00:00+09:00,1032.0,1044.0,1022.0,1036.0,2575,0.0,0.0
2013-06-17 00:00:00+09:00,1026.0,1034.0,1012.0,1034.0,10785,0.0,0.0
2013-06-18 00:00:00+09:00,1014.0,1030.0,1014.0,1026.0,14425,0.0,0.0
2013-06-19 00:00:00+09:00,1020.0,1048.0,1020.0,1048.0,2590,0.0,0.0
2013-06-20 00:00:00+09:00,1034.0,1044.0,1022.0,1036.0,2075,0.0,0.0
2013-06-21 00:00:00+09:00,1034.0,1034.0,1030.0,1032.0,900,0.0,0.0
2013-06-24 00:00:00+09:00,1028.0,1028.0,1020.0,1024.0,1130,0.0,0.0
2013-06-25 00:00:00+09:00,1022.0,1022.0,984.0,1018.0,2730,0.0,0.0
2013-06-26 00:00:00+09:00,1012.0,1014.0,980.0,1010.0,9560,0.0,0.0
2013-06-27 00:00:00+09:00,1010.0,1020.0,1008.0,1016.0,3560,0.0,0.0
2013-06-28 00:00:00+09:00,1030.0,1030.0,980.0,1010.0,2540,0.0,0.0
2013-07-01 00:00:00+09:00,1028.0,1028.0,997.0,1018.0,15430,0.0,0.0
2013-07-02 00:00:00+09:00,1018.0,1042.0,1010.0,1040.0,8300,0.0,0.0
2013-07-03 00:00:00+09:00,1046.0,1050.0,1002.0,1022.0,3305,0.0,0.0
2013-07-04 00:00:00+09:00,1010.0,1028.0,962.0,998.0,25810,0.0,0.0
2013-07-05 00:00:00+09:00,990.0,1004.0,990.0,1002.0,435,0.0,0.0
2013-07-08 00:00:00+09:00,1002.0,1008.0,981.0,1008.0,2300,0.0,0.0
2013-07-09 00:00:00+09:00,1014.0,1016.0,1000.0,1014.0,1090,0.0,0.0
2013-07-10 00:00:00+09:00,1006.0,1016.0,998.0,1016.0,310,0.0,0.0
2013-07-11 00:00:00+09:00,1000.0,1010.0,1000.0,1010.0,1470,0.0,0.0
2013-07-12 00:00:00+09:00,1014.0,1014.0,994.0,1008.0,595,0.0,0.0
2013-07-15 00:00:00+09:00,995.0,1016.0,995.0,1012.0,1025,0.0,0.0
2013-07-16 00:00:00+09:00,1000.0,1010.0,994.0,1006.0,2305,0.0,0.0
2013-07-17 00:00:00+09:00,996.0,1016.0,996.0,996.0,10010,0.0,0.0
2013-07-18 00:00:00+09:00,1010.0,1012.0,996.0,1012.0,1210,0.0,0.0
2013-07-19 00:00:00+09:00,1002.0,1020.0,1000.0,1008.0,3940,0.0,0.0
2013-07-22 00:00:00+09:00,1012.0,1016.0,1002.0,1016.0,2765,0.0,0.0
2013-07-23 00:00:00+09:00,1008.0,1022.0,997.0,1010.0,5315,0.0,0.0
2013-07-24 00:00:00+09:00,1004.0,1022.0,1004.0,1018.0,10125,0.0,0.0
2013-07-25 00:00:00+09:00,1018.0,1024.0,999.0,1010.0,1460,0.0,0.0
2013-07-26 00:00:00+09:00,1002.0,1014.0,997.0,1010.0,7690,0.0,0.0
2013-07-29 00:00:00+09:00,1004.0,1028.0,972.0,1008.0,14535,0.0,0.0
2013-07-30 00:00:00+09:00,993.0,1010.0,993.0,1010.0,1885,0.0,0.0
2013-07-31 00:00:00+09:00,1002.0,1018.0,1002.0,1018.0,2480,0.0,0.0
2013-08-01 00:00:00+09:00,1018.0,1018.0,1000.0,1016.0,535,0.0,0.0
2013-08-02 00:00:00+09:00,1004.0,1024.0,1004.0,1016.0,750,0.0,0.0
2013-08-05 00:00:00+09:00,1014.0,1014.0,986.0,1006.0,4725,0.0,0.0
2013-08-06 00:00:00+09:00,1020.0,1020.0,995.0,1010.0,585,0.0,0.0
2013-08-07 00:00:00+09:00,1000.0,1074.0,995.0,1012.0,8035,0.0,0.0
2013-08-08 00:00:00+09:00,1004.0,1016.0,1000.0,1012.0,750,0.0,0.0
2013-08-09 00:00:00+09:00,1006.0,1010.0,992.0,1010.0,8850,0.0,0.0
2013-08-12 00:00:00+09:00,1004.0,1016.0,1004.0,1012.0,65,0.0,0.0
2013-08-13 00:00:00+09:00,1012.0,1012.0,992.0,1004.0,3235,0.0,0.0
2013-08-14 00:00:00+09:00,1002.0,1006.0,992.0,1002.0,1225,0.0,0.0
2013-08-16 00:00:00+09:00,990.0,996.0,987.0,996.0,2280,0.0,0.0
2013-08-19 00:00:00+09:00,1010.0,1010.0,993.0,998.0,4025,0.0,0.0
2013-08-20 00:00:00+09:00,1024.0,1024.0,980.0,998.0,10180,0.0,0.0
2013-08-21 00:00:00+09:00,995.0,1000.0,983.0,989.0,5120,0.0,0.0
2013-08-22 00:00:00+09:00,989.0,989.0,931.0,931.0,9400,0.0,0.0
2013-08-23 00:00:00+09:00,932.0,984.0,932.0,981.0,3550,0.0,0.0
2013-08-26 00:00:00+09:00,978.0,980.0,955.0,979.0,5025,0.0,0.0
2013-08-27 00:00:00+09:00,978.0,978.0,960.0,970.0,7415,0.0,0.0
2013-08-28 00:00:00+09:00,938.0,985.0,938.0,984.0,1750,0.0,0.0
2013-08-29 00:00:00+09:00,985.0,1020.0,974.0,999.0,325,0.0,0.0
2013-08-30 00:00:00+09:00,1030.0,1030.0,962.0,976.0,4380,0.0,0.0
2013-09-02 00:00:00+09:00,1000.0,1000.0,980.0,995.0,275,0.0,0.0
2013-09-03 00:00:00+09:00,982.0,994.0,982.0,994.0,185,0.0,0.0
2013-09-04 00:00:00+09:00,999.0,1038.0,980.0,994.0,1665,0.0,0.0
2013-09-05 00:00:00+09:00,994.0,1010.0,978.0,994.0,1020,0.0,0.0
2013-09-06 00:00:00+09:00,980.0,1010.0,980.0,1008.0,1560,0.0,0.0
2013-09-09 00:00:00+09:00,999.0,1012.0,978.0,990.0,2095,0.0,0.0
2013-09-10 00:00:00+09:00,980.0,1064.0,936.0,978.0,4275,0.0,0.0
2013-09-11 00:00:00+09:00,971.0,989.0,971.0,989.0,315,0.0,0.0
2013-09-12 00:00:00+09:00,960.0,985.0,955.0,984.0,27185,0.0,0.0
2013-09-13 00:00:00+09:00,960.0,990.0,960.0,982.0,6230,0.0,0.0
2013-09-16 00:00:00+09:00,988.0,994.0,970.0,977.0,7005,0.0,0.0
2013-09-17 00:00:00+09:00,988.0,988.0,967.0,985.0,1025,0.0,0.0
2013-09-23 00:00:00+09:00,1064.0,1064.0,980.0,995.0,1720,0.0,0.0
2013-09-24 00:00:00+09:00,994.0,1008.0,960.0,996.0,4295,0.0,0.0
2013-09-25 00:00:00+09:00,1026.0,1026.0,963.0,992.0,12915,0.0,0.0
2013-09-26 00:00:00+09:00,973.0,995.0,971.0,981.0,4810,0.0,0.0
2013-09-27 00:00:00+09:00,968.0,982.0,967.0,982.0,2060,0.0,0.0
2013-09-30 00:00:00+09:00,979.0,1018.0,969.0,992.0,17210,0.0,0.0
2013-10-01 00:00:00+09:00,972.0,993.0,970.0,992.0,5640,0.0,0.0
2013-10-02 00:00:00+09:00,973.0,985.0,970.0,982.0,4520,0.0,0.0
2013-10-04 00:00:00+09:00,981.0,985.0,964.0,985.0,1470,0.0,0.0
2013-10-07 00:00:00+09:00,980.0,984.0,980.0,982.0,615,0.0,0.0
2013-10-08 00:00:00+09:00,969.0,979.0,968.0,976.0,55,0.0,0.0
2013-10-10 00:00:00+09:00,966.0,984.0,966.0,982.0,1105,0.0,0.0
2013-10-11 00:00:00+09:00,970.0,1000.0,970.0,985.0,110,0.0,0.0
2013-10-14 00:00:00+09:00,1000.0,1050.0,978.0,990.0,540,0.0,0.0
2013-10-15 00:00:00+09:00,970.0,1002.0,966.0,996.0,4975,0.0,0.0
2013-10-16 00:00:00+09:00,977.0,995.0,958.0,972.0,7950,0.0,0.0
2013-10-17 00:00:00+09:00,980.0,980.0,970.0,971.0,1620,0.0,0.0
2013-10-18 00:00:00+09:00,998.0,998.0,954.0,954.0,6545,0.0,0.0
2013-10-21 00:00:00+09:00,956.0,970.0,956.0,970.0,1865,0.0,0.0
2013-10-22 00:00:00+09:00,956.0,969.0,956.0,966.0,3125,0.0,0.0
2013-10-23 00:00:00+09:00,956.0,986.0,940.0,986.0,7375,0.0,0.0
2013-10-24 00:00:00+09:00,970.0,982.0,948.0,982.0,1405,0.0,0.0
2013-10-25 00:00:00+09:00,960.0,970.0,955.0,955.0,5345,0.0,0.0
2013-10-28 00:00:00+09:00,956.0,968.0,948.0,950.0,25450,0.0,0.0
2013-10-29 00:00:00+09:00,942.0,954.0,942.0,949.0,75,0.0,0.0
2013-10-30 00:00:00+09:00,941.0,964.0,941.0,964.0,895,0.0,0.0
2013-10-31 00:00:00+09:00,968.0,968.0,954.0,958.0,2695,0.0,0.0
2013-11-01 00:00:00+09:00,962.0,977.0,945.0,962.0,910,0.0,0.0
2013-11-04 00:00:00+09:00,946.0,960.0,946.0,959.0,45,0.0,0.0
2013-11-05 00:00:00+09:00,951.0,962.0,950.0,962.0,115,0.0,0.0
2013-11-06 00:00:00+09:00,952.0,963.0,941.0,950.0,5530,0.0,0.0
2013-11-07 00:00:00+09:00,943.0,955.0,943.0,955.0,2735,0.0,0.0
2013-11-08 00:00:00+09:00,948.0,952.0,924.0,949.0,13490,0.0,0.0
2013-11-11 00:00:00+09:00,947.0,947.0,924.0,930.0,22570,0.0,0.0
2013-11-12 00:00:00+09:00,930.0,930.0,930.0,930.0,105,0.0,0.0
2013-11-13 00:00:00+09:00,930.0,936.0,922.0,936.0,5915,0.0,0.0
2013-11-14 00:00:00+09:00,936.0,939.0,926.0,926.0,920,0.0,0.0
2013-11-15 00:00:00+09:00,927.0,935.0,924.0,935.0,12495,0.0,0.0
2013-11-18 00:00:00+09:00,935.0,935.0,930.0,935.0,1605,0.0,0.0
2013-11-19 00:00:00+09:00,935.0,936.0,933.0,936.0,3510,0.0,0.0
2013-11-20 00:00:00+09:00,933.0,933.0,921.0,930.0,5330,0.0,0.0
2013-11-21 00:00:00+09:00,928.0,932.0,928.0,932.0,5100,0.0,0.0
2013-11-22 00:00:00+09:00,900.0,933.0,900.0,918.0,4555,0.0,0.0
2013-11-25 00:00:00+09:00,928.0,928.0,912.0,926.0,205,0.0,0.0
2013-11-26 00:00:00+09:00,905.0,932.0,905.0,908.0,4320,0.0,0.0
2013-11-27 00:00:00+09:00,890.0,932.0,890.0,926.0,10875,0.0,0.0
2013-11-28 00:00:00+09:00,907.0,926.0,905.0,926.0,5625,0.0,0.0
2013-11-29 00:00:00+09:00,930.0,930.0,911.0,926.0,180,0.0,0.0
2013-12-02 00:00:00+09:00,931.0,931.0,923.0,924.0,200,0.0,0.0
2013-12-03 00:00:00+09:00,910.0,922.0,910.0,919.0,1635,0.0,0.0
2013-12-04 00:00:00+09:00,918.0,918.0,911.0,917.0,400,0.0,0.0
2013-12-05 00:00:00+09:00,924.0,924.0,917.0,917.0,1150,0.0,0.0
2013-12-06 00:00:00+09:00,919.0,919.0,905.0,917.0,2660,0.0,0.0
2013-12-09 00:00:00+09:00,912.0,915.0,912.0,915.0,3945,0.0,0.0
2013-12-10 00:00:00+09:00,920.0,920.0,900.0,915.0,705,0.0,0.0
2013-12-11 00:00:00+09:00,903.0,934.0,902.0,919.0,5620,0.0,0.0
2013-12-12 00:00:00+09:00,920.0,929.0,904.0,927.0,1230,0.0,0.0
2013-12-13 00:00:00+09:00,920.0,934.0,889.0,925.0,10935,0.0,0.0
2013-12-16 00:00:00+09:00,921.0,921.0,910.0,910.0,2110,0.0,0.0
2013-12-17 00:00:00+09:00,910.0,918.0,904.0,918.0,510,0.0,0.0
2013-12-18 00:00:00+09:00,910.0,920.0,906.0,919.0,20,0.0,0.0
2013-12-19 00:00:00+09:00,919.0,919.0,919.0,919.0,5,0.0,0.0
2013-12-20 00:00:00+09:00,924.0,924.0,924.0,924.0,5,0.0,0.0
2013-12-23 00:00:00+09:00,922.0,922.0,922.0,922.0,5,0.0,0.0
2013-12-24 00:00:00+09:00,924.0,924.0,912.0,922.0,35,0.0,0.0
2013-12-26 00:00:00+09:00,924.0,924.0,907.0,907.0,2575,0.0,0.0
2013-12-27 00:00:00+09:00,922.0,926.0,911.0,925.0,295,0.0,0.0
2013-12-30 00:00:00+09:00,912.0,925.0,912.0,925.0,10,0.0,0.0
2014-01-02 00:00:00+09:00,925.0,925.0,909.0,924.0,180,0.0,0.0
2014-01-03 00:00:00+09:00,902.0,925.0,902.0,925.0,10,0.0,0.0
2014-01-06 00:00:00+09:00,925.0,925.0,895.0,924.0,1820,0.0,0.0
2014-01-07 00:00:00+09:00,924.0,924.0,907.0,924.0,55,0.0,0.0
2014-01-08 00:00:00+09:00,926.0,926.0,926.0,926.0,5,0.0,0.0
2014-01-09 00:00:00+09:00,926.0,926.0,925.0,926.0,2010,0.0,0.0
2014-01-10 00:00:00+09:00,925.0,926.0,925.0,926.0,8910,0.0,0.0
2014-01-13 00:00:00+09:00,925.0,928.0,905.0,927.0,7010,0.0,0.0
2014-01-14 00:00:00+09:00,926.0,926.0,905.0,926.0,1540,0.0,0.0
2014-01-15 00:00:00+09:00,927.0,928.0,924.0,926.0,120,0.0,0.0
2014-01-16 00:00:00+09:00,925.0,925.0,918.0,918.0,80,0.0,0.0
2014-01-17 00:00:00+09:00,928.0,928.0,928.0,928.0,10,0.0,0.0
2014-01-20 00:00:00+09:00,928.0,928.0,922.0,922.0,20,0.0,0.0
2014-01-21 00:00:00+09:00,909.0,994.0,909.0,927.0,15005,0.0,0.0
2014-01-22 00:00:00+09:00,950.0,950.0,920.0,936.0,13655,0.0,0.0
2014-01-23 00:00:00+09:00,920.0,953.0,920.0,934.0,5845,0.0,0.0
2014-01-24 00:00:00+09:00,999.0,1000.0,944.0,962.0,1940,0.0,0.0
2014-01-27 00:00:00+09:00,1012.0,1012.0,929.0,940.0,11205,0.0,0.0
2014-01-28 00:00:00+09:00,940.0,954.0,928.0,953.0,1575,0.0,0.0
2014-01-29 00:00:00+09:00,964.0,964.0,920.0,939.0,6005,0.0,0.0
2014-02-03 00:00:00+09:00,936.0,939.0,936.0,938.0,1775,0.0,0.0
2014-02-04 00:00:00+09:00,937.0,940.0,937.0,940.0,915,0.0,0.0
2014-02-05 00:00:00+09:00,939.0,939.0,923.0,939.0,3240,0.0,0.0
2014-02-06 00:00:00+09:00,930.0,959.0,923.0,951.0,905,0.0,0.0
2014-02-07 00:00:00+09:00,956.0,956.0,938.0,940.0,740,0.0,0.0
2014-02-10 00:00:00+09:00,920.0,984.0,920.0,982.0,4360,0.0,0.0
2014-02-11 00:00:00+09:00,942.0,982.0,931.0,960.0,6845,0.0,0.0
2014-02-12 00:00:00+09:00,970.0,970.0,931.0,970.0,330,0.0,0.0
2014-02-13 00:00:00+09:00,970.0,970.0,930.0,945.0,4290,0.0,0.0
2014-02-14 00:00:00+09:00,949.0,949.0,940.0,940.0,345,0.0,0.0
2014-02-17 00:00:00+09:00,942.0,969.0,942.0,949.0,420,0.0,0.0
2014-02-18 00:00:00+09:00,969.0,969.0,942.0,948.0,315,0.0,0.0
2014-02-19 00:00:00+09:00,949.0,949.0,931.0,946.0,270,0.0,0.0
2014-02-20 00:00:00+09:00,949.0,1000.0,940.0,949.0,2390,0.0,0.0
2014-02-21 00:00:00+09:00,949.0,976.0,949.0,949.0,85,0.0,0.0
2014-02-24 00:00:00+09:00,950.0,970.0,931.0,957.0,2300,0.0,0.0
2014-02-25 00:00:00+09:00,957.0,978.0,932.0,944.0,9065,0.0,0.0
2014-02-26 00:00:00+09:00,948.0,948.0,933.0,945.0,890,0.0,0.0
2014-02-27 00:00:00+09:00,980.0,980.0,937.0,937.0,510,0.0,0.0
2014-02-28 00:00:00+09:00,950.0,1020.0,902.0,929.0,24085,0.0,0.0
2014-03-03 00:00:00+09:00,945.0,948.0,930.0,948.0,6335,0.0,0.0
2014-03-04 00:00:00+09:00,959.0,959.0,937.0,946.0,130,0.0,0.0
2014-03-05 00:00:00+09:00,938.0,946.0,931.0,946.0,1135,0.0,0.0
2014-03-06 00:00:00+09:00,958.0,958.0,915.0,920.0,42080,0.0,0.0
2014-03-07 00:00:00+09:00,920.0,948.0,919.0,929.0,20495,0.0,0.0
2014-03-10 00:00:00+09:00,929.0,937.0,924.0,931.0,12410,0.0,0.0
2014-03-11 00:00:00+09:00,936.0,936.0,923.0,929.0,265,0.0,0.0
2014-03-12 00:00:00+09:00,918.0,931.0,918.0,931.0,985,0.0,0.0
2014-03-13 00:00:00+09:00,925.0,940.0,925.0,940.0,1215,0.0,0.0
2014-03-14 00:00:00+09:00,923.0,934.0,922.0,933.0,1255,0.0,0.0
2014-03-18 00:00:00+09:00,934.0,934.0,930.0,932.0,1140,0.0,0.0
2014-03-19 00:00:00+09:00,932.0,938.0,918.0,938.0,1335,0.0,0.0
2014-03-20 00:00:00+09:00,920.0,934.0,913.0,934.0,4450,0.0,0.0
2014-03-21 00:00:00+09:00,920.0,931.0,920.0,931.0,3005,0.0,0.0
2014-03-24 00:00:00+09:00,930.0,930.0,930.0,930.0,70,0.0,0.0
2014-03-25 00:00:00+09:00,930.0,930.0,916.0,929.0,615,0.0,0.0
2014-03-26 00:00:00+09:00,917.0,926.0,917.0,924.0,645,0.0,0.0
2014-03-27 00:00:00+09:00,927.0,927.0,918.0,927.0,1465,0.0,0.0
2014-03-28 00:00:00+09:00,927.0,936.0,916.0,927.0,1785,0.0,0.0
2014-03-31 00:00:00+09:00,926.0,934.0,903.0,930.0,3540,0.0,0.0
2014-04-01 00:00:00+09:00,913.0,934.0,913.0,934.0,15075,0.0,0.0
2014-04-02 00:00:00+09:00,934.0,934.0,921.0,923.0,5285,0.0,0.0
2014-04-03 00:00:00+09:00,918.0,942.0,918.0,935.0,27505,0.0,0.0
2014-04-04 00:00:00+09:00,935.0,935.0,923.0,930.0,85,0.0,0.0
2014-04-07 00:00:00+09:00,939.0,939.0,939.0,939.0,5,0.0,0.0
2014-04-08 00:00:00+09:00,957.0,957.0,920.0,930.0,2010,0.0,0.0
2014-04-09 00:00:00+09:00,928.0,928.0,914.0,918.0,16645,0.0,0.0
2014-04-10 00:00:00+09:00,924.0,924.0,914.0,920.0,31200,0.0,0.0
2014-04-11 00:00:00+09:00,920.0,929.0,919.0,919.0,13075,0.0,0.0
2014-04-14 00:00:00+09:00,915.0,928.0,915.0,926.0,140,0.0,0.0
2014-04-15 00:00:00+09:00,927.0,933.0,921.0,921.0,1625,0.0,0.0
2014-04-16 00:00:00+09:00,930.0,960.0,917.0,950.0,22150,0.0,0.0
2014-04-17 00:00:00+09:00,940.0,958.0,929.0,957.0,7935,0.0,0.0
2014-04-18 00:00:00+09:00,991.0,991.0,927.0,940.0,6755,0.0,0.0
2014-04-21 00:00:00+09:00,941.0,949.0,928.0,949.0,5330,0.0,0.0
2014-04-22 00:00:00+09:00,944.0,955.0,932.0,950.0,875,0.0,0.0
2014-04-23 00:00:00+09:00,951.0,970.0,937.0,947.0,385,0.0,0.0
2014-04-24 00:00:00+09:00,931.0,948.0,931.0,948.0,135,0.0,0.0
2014-04-25 00:00:00+09:00,982.0,982.0,935.0,945.0,760,0.0,0.0
2014-04-28 00:00:00+09:00,949.0,949.0,928.0,944.0,1910,0.0,0.0
2014-04-29 00:00:00+09:00,928.0,980.0,928.0,940.0,2720,0.0,0.0
2014-04-30 00:00:00+09:00,940.0,940.0,939.0,939.0,30,0.0,0.0
2014-05-02 00:00:00+09:00,940.0,940.0,927.0,939.0,690,0.0,0.0
2014-05-07 00:00:00+09:00,935.0,935.0,935.0,935.0,250,0.0,0.0
2014-05-08 00:00:00+09:00,930.0,938.0,920.0,936.0,1245,0.0,0.0
2014-05-09 00:00:00+09:00,935.0,940.0,935.0,940.0,525,0.0,0.0
2014-05-12 00:00:00+09:00,938.0,944.0,938.0,944.0,1475,0.0,0.0
2014-05-13 00:00:00+09:00,944.0,944.0,930.0,931.0,3040,0.0,0.0
2014-05-14 00:00:00+09:00,931.0,939.0,931.0,932.0,275,0.0,0.0
2014-05-15 00:00:00+09:00,929.0,943.0,928.0,937.0,2335,0.0,0.0
2014-05-16 00:00:00+09:00,940.0,940.0,940.0,940.0,5,0.0,0.0
2014-05-19 00:00:00+09:00,935.0,935.0,923.0,934.0,2285,0.0,0.0
2014-05-20 00:00:00+09:00,922.0,938.0,915.0,933.0,4120,0.0,0.0
2014-05-21 00:00:00+09:00,936.0,1044.0,925.0,938.0,3235,0.0,0.0
2014-05-22 00:00:00+09:00,940.0,996.0,915.0,932.0,61170,0.0,0.0
2014-05-23 00:00:00+09:00,937.0,937.0,937.0,937.0,5,0.0,0.0
2014-05-26 00:00:00+09:00,945.0,945.0,918.0,936.0,6780,0.0,0.0
2014-05-27 00:00:00+09:00,922.0,934.0,922.0,934.0,10,0.0,0.0
2014-05-28 00:00:00+09:00,932.0,932.0,930.0,932.0,965,0.0,0.0
2014-05-29 00:00:00+09:00,932.0,932.0,920.0,929.0,310,0.0,0.0
2014-05-30 00:00:00+09:00,928.0,935.0,919.0,930.0,60,0.0,0.0
2014-06-02 00:00:00+09:00,930.0,935.0,917.0,934.0,1055,0.0,0.0
2014-06-03 00:00:00+09:00,933.0,933.0,921.0,926.0,20,0.0,0.0
2014-06-05 00:00:00+09:00,926.0,940.0,926.0,940.0,75,0.0,0.0
2014-06-09 00:00:00+09:00,929.0,929.0,910.0,927.0,705,0.0,0.0
2014-06-10 00:00:00+09:00,926.0,926.0,910.0,923.0,5420,0.0,0.0
2014-06-11 00:00:00+09:00,928.0,929.0,913.0,926.0,1020,0.0,0.0
2014-06-12 00:00:00+09:00,911.0,926.0,900.0,926.0,10760,0.0,0.0
2014-06-13 00:00:00+09:00,912.0,928.0,901.0,924.0,10940,0.0,0.0
2014-06-16 00:00:00+09:00,922.0,922.0,902.0,920.0,1885,0.0,0.0
2014-06-17 00:00:00+09:00,915.0,920.0,905.0,920.0,1265,0.0,0.0
2014-06-18 00:00:00+09:00,919.0,920.0,907.0,920.0,40,0.0,0.0
2014-06-19 00:00:00+09:00,925.0,925.0,925.0,925.0,5,0.0,0.0
2014-06-20 00:00:00+09:00,921.0,925.0,903.0,925.0,1145,0.0,0.0
2014-06-23 00:00:00+09:00,924.0,924.0,907.0,924.0,15,0.0,0.0
2014-06-24 00:00:00+09:00,924.0,924.0,907.0,924.0,15,0.0,0.0
2014-06-25 00:00:00+09:00,922.0,937.0,922.0,937.0,2960,0.0,0.0
2014-06-26 00:00:00+09:00,934.0,940.0,919.0,935.0,5900,0.0,0.0
2014-06-27 00:00:00+09:00,933.0,934.0,904.0,922.0,7300,0.0,0.0
2014-06-30 00:00:00+09:00,921.0,921.0,880.0,914.0,50570,0.0,0.0
2014-07-01 00:00:00+09:00,910.0,910.0,852.0,878.0,69890,0.0,0.0
2014-07-02 00:00:00+09:00,873.0,873.0,811.0,831.0,180920,0.0,0.0
2014-07-03 00:00:00+09:00,826.0,843.0,823.0,838.0,15345,0.0,0.0
2014-07-04 00:00:00+09:00,838.0,846.0,830.0,846.0,12600,0.0,0.0
2014-07-07 00:00:00+09:00,846.0,846.0,827.0,843.0,6395,0.0,0.0
2014-07-08 00:00:00+09:00,843.0,843.0,820.0,842.0,15880,0.0,0.0
2014-07-09 00:00:00+09:00,839.0,842.0,826.0,841.0,3335,0.0,0.0
2014-07-10 00:00:00+09:00,838.0,838.0,824.0,837.0,2160,0.0,0.0
2014-07-11 00:00:00+09:00,829.0,837.0,829.0,836.0,185,0.0,0.0
2014-07-14 00:00:00+09:00,839.0,839.0,820.0,838.0,6955,0.0,0.0
2014-07-15 00:00:00+09:00,840.0,840.0,819.0,828.0,9210,0.0,0.0
2014-07-16 00:00:00+09:00,824.0,838.0,824.0,834.0,2615,0.0,0.0
2014-07-17 00:00:00+09:00,840.0,840.0,824.0,836.0,10025,0.0,0.0
2014-07-18 00:00:00+09:00,828.0,849.0,821.0,848.0,16240,0.0,0.0
2014-07-21 00:00:00+09:00,846.0,846.0,821.0,840.0,18400,0.0,0.0
2014-07-22 00:00:00+09:00,837.0,857.0,828.0,857.0,2630,0.0,0.0
2014-07-23 00:00:00+09:00,837.0,864.0,837.0,855.0,10510,0.0,0.0
2014-07-24 00:00:00+09:00,854.0,860.0,840.0,853.0,29010,0.0,0.0
2014-07-25 00:00:00+09:00,852.0,866.0,851.0,865.0,390,0.0,0.0
2014-07-28 00:00:00+09:00,864.0,864.0,862.0,862.0,1325,0.0,0.0
2014-07-29 00:00:00+09:00,862.0,878.0,853.0,864.0,5575,0.0,0.0
2014-07-30 00:00:00+09:00,862.0,862.0,849.0,861.0,5810,0.0,0.0
2014-07-31 00:00:00+09:00,860.0,860.0,848.0,858.0,4560,0.0,0.0
2014-08-01 00:00:00+09:00,854.0,858.0,838.0,856.0,3355,0.0,0.0
2014-08-04 00:00:00+09:00,854.0,860.0,854.0,860.0,105,0.0,0.0
2014-08-05 00:00:00+09:00,858.0,871.0,849.0,871.0,980,0.0,0.0
2014-08-06 00:00:00+09:00,836.0,870.0,836.0,864.0,10595,0.0,0.0
2014-08-07 00:00:00+09:00,840.0,860.0,828.0,860.0,4455,0.0,0.0
2014-08-08 00:00:00+09:00,856.0,857.0,832.0,857.0,3885,0.0,0.0
2014-08-11 00:00:00+09:00,842.0,856.0,842.0,856.0,3980,0.0,0.0
2014-08-12 00:00:00+09:00,855.0,855.0,855.0,855.0,5,0.0,0.0
2014-08-13 00:00:00+09:00,840.0,855.0,840.0,855.0,345,0.0,0.0
2014-08-14 00:00:00+09:00,855.0,871.0,855.0,870.0,2560,0.0,0.0
2014-08-18 00:00:00+09:00,858.0,866.0,856.0,864.0,545,0.0,0.0
2014-08-19 00:00:00+09:00,856.0,866.0,825.0,866.0,2785,0.0,0.0
2014-08-20 00:00:00+09:00,844.0,859.0,839.0,858.0,4430,0.0,0.0
2014-08-21 00:00:00+09:00,851.0,851.0,826.0,838.0,21705,0.0,0.0
2014-08-22 00:00:00+09:00,837.0,847.0,818.0,842.0,14035,0.0,0.0
2014-08-25 00:00:00+09:00,840.0,846.0,825.0,846.0,710,0.0,0.0
2014-08-26 00:00:00+09:00,839.0,855.0,831.0,855.0,2330,0.0,0.0
2014-08-27 00:00:00+09:00,849.0,856.0,849.0,855.0,525,0.0,0.0
2014-08-28 00:00:00+09:00,849.0,860.0,849.0,855.0,150,0.0,0.0
2014-08-29 00:00:00+09:00,860.0,860.0,860.0,860.0,5,0.0,0.0
2014-09-01 00:00:00+09:00,860.0,864.0,860.0,864.0,15,0.0,0.0
2014-09-02 00:00:00+09:00,860.0,860.0,830.0,854.0,10680,0.0,0.0
2014-09-03 00:00:00+09:00,846.0,846.0,822.0,845.0,16425,0.0,0.0
2014-09-04 00:00:00+09:00,832.0,832.0,780.0,813.0,57615,0.0,0.0
2014-09-05 00:00:00+09:00,810.0,825.0,788.0,825.0,22405,0.0,0.0
2014-09-11 00:00:00+09:00,825.0,842.0,797.0,819.0,20285,0.0,0.0
2014-09-12 00:00:00+09:00,800.0,822.0,795.0,819.0,2860,0.0,0.0
2014-09-15 00:00:00+09:00,810.0,826.0,802.0,826.0,2190,0.0,0.0
2014-09-16 00:00:00+09:00,824.0,824.0,792.0,824.0,4880,0.0,0.0
2014-09-17 00:00:00+09:00,807.0,839.0,780.0,818.0,19740,0.0,0.0
2014-09-18 00:00:00+09:00,800.0,822.0,794.0,820.0,7870,0.0,0.0
2014-09-19 00:00:00+09:00,806.0,818.0,786.0,818.0,8990,0.0,0.0
2014-09-22 00:00:00+09:00,817.0,817.0,790.0,808.0,18970,0.0,0.0
2014-09-23 00:00:00+09:00,802.0,821.0,788.0,796.0,12175,0.0,0.0
2014-09-24 00:00:00+09:00,791.0,799.0,791.0,799.0,240,0.0,0.0
2014-09-25 00:00:00+09:00,790.0,796.0,790.0,796.0,40,0.0,0.0
2014-09-26 00:00:00+09:00,794.0,794.0,785.0,792.0,1345,0.0,0.0
2014-09-29 00:00:00+09:00,818.0,818.0,768.0,804.0,7570,0.0,0.0
2014-09-30 00:00:00+09:00,804.0,804.0,782.0,798.0,7145,0.0,0.0
2014-10-01 00:00:00+09:00,798.0,798.0,777.0,792.0,315,0.0,0.0
2014-10-02 00:00:00+09:00,789.0,792.0,788.0,792.0,700,0.0,0.0
2014-10-06 00:00:00+09:00,790.0,792.0,781.0,790.0,200,0.0,0.0
2014-10-07 00:00:00+09:00,782.0,788.0,780.0,788.0,120,0.0,0.0
2014-10-08 00:00:00+09:00,779.0,779.0,740.0,758.0,17380,0.0,0.0
2014-10-10 00:00:00+09:00,758.0,758.0,732.0,748.0,1900,0.0,0.0
2014-10-13 00:00:00+09:00,753.0,753.0,694.0,728.0,4860,0.0,0.0
2014-10-14 00:00:00+09:00,720.0,720.0,694.0,699.0,16570,0.0,0.0
2014-10-15 00:00:00+09:00,688.0,738.0,688.0,738.0,5645,0.0,0.0
2014-10-16 00:00:00+09:00,736.0,736.0,694.0,709.0,15945,0.0,0.0
2014-10-17 00:00:00+09:00,699.0,740.0,699.0,731.0,1055,0.0,0.0
2014-10-20 00:00:00+09:00,721.0,760.0,696.0,708.0,12765,0.0,0.0
2014-10-21 00:00:00+09:00,712.0,726.0,696.0,700.0,22195,0.0,0.0
2014-10-22 00:00:00+09:00,700.0,717.0,699.0,717.0,235,0.0,0.0
2014-10-23 00:00:00+09:00,708.0,720.0,700.0,714.0,1935,0.0,0.0
2014-10-24 00:00:00+09:00,732.0,732.0,689.0,717.0,1495,0.0,0.0
2014-10-27 00:00:00+09:00,720.0,720.0,690.0,714.0,8660,0.0,0.0
2014-10-28 00:00:00+09:00,719.0,719.0,693.0,703.0,1865,0.0,0.0
2014-10-29 00:00:00+09:00,709.0,715.0,695.0,715.0,875,0.0,0.0
2014-10-30 00:00:00+09:00,709.0,714.0,698.0,714.0,410,0.0,0.0
2014-10-31 00:00:00+09:00,698.0,718.0,694.0,716.0,2080,0.0,0.0
2014-11-03 00:00:00+09:00,709.0,731.0,698.0,716.0,4020,0.0,0.0
2014-11-04 00:00:00+09:00,726.0,726.0,698.0,720.0,245,0.0,0.0
2014-11-05 00:00:00+09:00,701.0,722.0,696.0,719.0,4855,0.0,0.0
2014-11-06 00:00:00+09:00,698.0,718.0,694.0,718.0,1045,0.0,0.0
2014-11-07 00:00:00+09:00,697.0,717.0,685.0,710.0,11055,0.0,0.0
2014-11-10 00:00:00+09:00,685.0,688.0,677.0,680.0,60845,0.0,0.0
2014-11-11 00:00:00+09:00,690.0,690.0,675.0,686.0,8810,0.0,0.0
2014-11-12 00:00:00+09:00,684.0,699.0,674.0,684.0,6905,0.0,0.0
2014-11-13 00:00:00+09:00,684.0,686.0,672.0,686.0,4455,0.0,0.0
2014-11-14 00:00:00+09:00,682.0,688.0,682.0,688.0,1020,0.0,0.0
2014-11-17 00:00:00+09:00,688.0,708.0,681.0,708.0,3295,0.0,0.0
2014-11-18 00:00:00+09:00,708.0,708.0,687.0,688.0,7305,0.0,0.0
2014-11-19 00:00:00+09:00,683.0,698.0,683.0,691.0,1455,0.0,0.0
2014-11-20 00:00:00+09:00,685.0,693.0,684.0,691.0,1340,0.0,0.0
2014-11-21 00:00:00+09:00,690.0,699.0,680.0,694.0,1300,0.0,0.0
2014-11-24 00:00:00+09:00,690.0,699.0,688.0,688.0,3635,0.0,0.0
2014-11-25 00:00:00+09:00,681.0,688.0,681.0,684.0,2935,0.0,0.0
2014-11-26 00:00:00+09:00,684.0,691.0,684.0,688.0,1095,0.0,0.0
2014-11-27 00:00:00+09:00,688.0,706.0,684.0,690.0,3165,0.0,0.0
2014-11-28 00:00:00+09:00,714.0,714.0,690.0,696.0,9495,0.0,0.0
2014-12-01 00:00:00+09:00,696.0,698.0,686.0,697.0,6395,0.0,0.0
2014-12-02 00:00:00+09:00,696.0,696.0,688.0,694.0,80,0.0,0.0
2014-12-03 00:00:00+09:00,700.0,700.0,687.0,693.0,1365,0.0,0.0
2014-12-04 00:00:00+09:00,693.0,700.0,689.0,694.0,1175,0.0,0.0
2014-12-05 00:00:00+09:00,692.0,706.0,687.0,694.0,855,0.0,0.0
2014-12-08 00:00:00+09:00,694.0,694.0,689.0,693.0,145,0.0,0.0
2014-12-09 00:00:00+09:00,695.0,708.0,686.0,699.0,4960,0.0,0.0
2014-12-10 00:00:00+09:00,697.0,700.0,686.0,700.0,1120,0.0,0.0
2014-12-11 00:00:00+09:00,699.0,703.0,686.0,692.0,1965,0.0,0.0
2014-12-12 00:00:00+09:00,691.0,695.0,683.0,687.0,1910,0.0,0.0
2014-12-15 00:00:00+09:00,688.0,711.0,686.0,695.0,850,0.0,0.0
2014-12-16 00:00:00+09:00,699.0,710.0,688.0,697.0,5955,0.0,0.0
2014-12-17 00:00:00+09:00,694.0,727.0,689.0,698.0,2335,0.0,0.0
2014-12-18 00:00:00+09:00,696.0,700.0,687.0,695.0,2140,0.0,0.0
2014-12-19 00:00:00+09:00,695.0,756.0,693.0,697.0,6395,0.0,0.0
2014-12-22 00:00:00+09:00,690.0,707.0,690.0,691.0,1540,0.0,0.0
2014-12-23 00:00:00+09:00,688.0,698.0,688.0,696.0,1830,0.0,0.0
2014-12-24 00:00:00+09:00,696.0,700.0,696.0,698.0,775,0.0,0.0
2014-12-26 00:00:00+09:00,698.0,702.0,686.0,699.0,15650,0.0,0.0
2014-12-29 00:00:00+09:00,698.0,703.0,689.0,702.0,3765,0.0,0.0
2014-12-30 00:00:00+09:00,702.0,756.0,686.0,705.0,5410,0.0,0.0
2015-01-02 00:00:00+09:00,705.0,710.0,696.0,698.0,7440,0.0,0.0
2015-01-05 00:00:00+09:00,692.0,707.0,688.0,693.0,6215,0.0,0.0
2015-01-06 00:00:00+09:00,690.0,704.0,687.0,704.0,16775,0.0,0.0
2015-01-07 00:00:00+09:00,700.0,716.0,700.0,702.0,8840,0.0,0.0
2015-01-08 00:00:00+09:00,690.0,778.0,690.0,728.0,20550,0.0,0.0
2015-01-09 00:00:00+09:00,711.0,762.0,711.0,746.0,24260,0.0,0.0
2015-01-12 00:00:00+09:00,739.0,857.0,726.0,857.0,55930,0.0,0.0
2015-01-13 00:00:00+09:00,880.0,985.0,880.0,985.0,304225,0.0,0.0
2015-01-14 00:00:00+09:00,1132.0,1132.0,1132.0,1132.0,75070,0.0,0.0
2015-01-15 00:00:00+09:00,1300.0,1300.0,1200.0,1300.0,1141625,0.0,0.0
2015-01-16 00:00:00+09:00,1270.0,1494.0,1252.0,1494.0,1324535,0.0,0.0
2015-01-19 00:00:00+09:00,1718.0,1718.0,1718.0,1718.0,90665,0.0,0.0
2015-01-21 00:00:00+09:00,1974.0,1974.0,1974.0,1974.0,44095,0.0,0.0
2015-01-22 00:00:00+09:00,2270.0,2270.0,2270.0,2270.0,205855,0.0,0.0
2015-01-23 00:00:00+09:00,2610.0,2610.0,2610.0,2610.0,55115,0.0,0.0
2015-01-26 00:00:00+09:00,3000.0,3000.0,3000.0,3000.0,16810,0.0,0.0
2015-01-27 00:00:00+09:00,3450.0,3450.0,3450.0,3450.0,85275,0.0,0.0
2015-01-28 00:00:00+09:00,3400.0,3960.0,2940.0,2940.0,607695,0.0,0.0
2015-01-29 00:00:00+09:00,2500.0,3380.0,2500.0,3380.0,3773130,0.0,0.0
2015-01-30 00:00:00+09:00,3800.0,3880.0,3300.0,3880.0,1146820,0.0,0.0
2015-02-02 00:00:00+09:00,4460.0,4460.0,3450.0,3550.0,2392385,0.0,0.0
2015-02-03 00:00:00+09:00,3470.0,4080.0,3350.0,4080.0,1936715,0.0,0.0
2015-02-04 00:00:00+09:00,4220.0,4690.0,4120.0,4690.0,1296020,0.0,0.0
2015-02-05 00:00:00+09:00,4900.0,5390.0,4480.0,5390.0,1567300,0.0,0.0
2015-02-09 00:00:00+09:00,5600.0,6190.0,5600.0,6190.0,144660,0.0,0.0
2015-02-10 00:00:00+09:00,6800.0,7110.0,6800.0,7110.0,123450,0.0,0.0
2015-02-11 00:00:00+09:00,8170.0,8170.0,6080.0,6080.0,1018520,0.0,0.0
2015-02-12 00:00:00+09:00,5690.0,6990.0,5690.0,6990.0,2137715,0.0,0.0
2015-02-13 00:00:00+09:00,7270.0,8030.0,7270.0,8030.0,981815,0.0,0.0
2015-02-16 00:00:00+09:00,8590.0,9230.0,8500.0,9230.0,550640,0.0,0.0
2015-02-23 00:00:00+09:00,8500.0,8500.0,7850.0,7850.0,329725,0.0,0.0
2015-02-24 00:00:00+09:00,6680.0,6680.0,6680.0,6680.0,10945,0.0,0.0
2015-02-25 00:00:00+09:00,5680.0,7680.0,5680.0,7680.0,921435,0.0,0.0
2015-02-26 00:00:00+09:00,7940.0,8830.0,7850.0,8830.0,1083895,0.0,0.0
2015-02-27 00:00:00+09:00,9540.0,10100.0,7600.0,7650.0,1431695,0.0,0.0
2015-03-02 00:00:00+09:00,8100.0,8450.0,7500.0,7720.0,1766115,0.0,0.0
2015-03-03 00:00:00+09:00,7960.0,8240.0,6570.0,6570.0,1746390,0.0,0.0
2015-03-04 00:00:00+09:00,6830.0,7550.0,6260.0,7550.0,2395140,0.0,0.0
2015-03-05 00:00:00+09:00,7990.0,8590.0,6500.0,7100.0,1920935,0.0,0.0
2015-03-06 00:00:00+09:00,7420.0,7690.0,6760.0,7380.0,1215775,0.0,0.0
2015-03-09 00:00:00+09:00,7000.0,7560.0,6870.0,6940.0,996275,0.0,0.0
2015-03-10 00:00:00+09:00,6760.0,7130.0,6360.0,6360.0,1319200,0.0,0.0
2015-03-11 00:00:00+09:00,6280.0,6280.0,5410.0,5410.0,1361120,0.0,0.0
2015-03-12 00:00:00+09:00,5380.0,5570.0,4600.0,4600.0,2283430,0.0,0.0
2015-03-13 00:00:00+09:00,4760.0,5180.0,4500.0,4800.0,2924040,0.0,0.0
2015-03-16 00:00:00+09:00,4800.0,4800.0,4260.0,4380.0,1275155,0.0,0.0
2015-03-17 00:00:00+09:00,4490.0,4610.0,3940.0,4090.0,1215030,0.0,0.0
2015-03-18 00:00:00+09:00,4120.0,4660.0,3980.0,4140.0,2616620,0.0,0.0
2015-03-19 00:00:00+09:00,4100.0,4760.0,4060.0,4760.0,1799380,0.0,0.0
2015-03-20 00:00:00+09:00,4920.0,5360.0,4720.0,5020.0,2654960,0.0,0.0
2015-03-23 00:00:00+09:00,4880.0,4970.0,4290.0,4340.0,1137310,0.0,0.0
2015-03-24 00:00:00+09:00,4220.0,4670.0,4220.0,4390.0,705050,0.0,0.0
2015-03-25 00:00:00+09:00,4400.0,4560.0,4240.0,4320.0,445010,0.0,0.0
2015-03-26 00:00:00+09:00,4340.0,4420.0,4050.0,4070.0,435830,0.0,0.0
2015-03-27 00:00:00+09:00,4100.0,4130.0,3750.0,3860.0,664655,0.0,0.0
2015-03-30 00:00:00+09:00,3890.0,3890.0,3640.0,3750.0,391315,0.0,0.0
2015-03-31 00:00:00+09:00,3700.0,4300.0,3700.0,4150.0,2058015,0.0,0.0
2015-04-01 00:00:00+09:00,4080.0,4080.0,3620.0,3730.0,1307680,0.0,0.0
2015-04-02 00:00:00+09:00,3730.0,3950.0,3630.0,3700.0,749530,0.0,0.0
2015-04-03 00:00:00+09:00,3730.0,3850.0,3660.0,3810.0,718705,0.0,0.0
2015-04-06 00:00:00+09:00,3790.0,3790.0,3610.0,3670.0,590115,0.0,0.0
2015-04-07 00:00:00+09:00,3670.0,4000.0,3650.0,3760.0,1660385,0.0,0.0
2015-04-08 00:00:00+09:00,3810.0,3820.0,3650.0,3780.0,648815,0.0,0.0
2015-04-09 00:00:00+09:00,3800.0,3830.0,3660.0,3680.0,482455,0.0,0.0
2015-04-10 00:00:00+09:00,3660.0,4080.0,3630.0,3790.0,2540620,0.0,0.0
2015-04-13 00:00:00+09:00,3810.0,4180.0,3770.0,3940.0,2032780,0.0,0.0
2015-04-14 00:00:00+09:00,4060.0,4530.0,4020.0,4530.0,2287020,0.0,0.0
2015-04-15 00:00:00+09:00,5140.0,5200.0,4210.0,4340.0,4255270,0.0,0.0
2015-04-16 00:00:00+09:00,3850.0,4140.0,3700.0,3780.0,2483320,0.0,0.0
2015-04-17 00:00:00+09:00,3760.0,3830.0,3580.0,3770.0,942270,0.0,0.0
2015-04-20 00:00:00+09:00,3670.0,4190.0,3670.0,3880.0,1547065,0.0,0.0
2015-04-21 00:00:00+09:00,3900.0,4030.0,3760.0,3830.0,607395,0.0,0.0
2015-04-22 00:00:00+09:00,3860.0,3930.0,3380.0,3650.0,775930,0.0,0.0
2015-04-23 00:00:00+09:00,3750.0,3750.0,3540.0,3660.0,274200,0.0,0.0
2015-04-24 00:00:00+09:00,3610.0,3930.0,3450.0,3670.0,956145,0.0,0.0
2015-04-27 00:00:00+09:00,3680.0,3730.0,3580.0,3600.0,261745,0.0,0.0
2015-04-28 00:00:00+09:00,3620.0,3620.0,3440.0,3480.0,312585,0.0,0.0
2015-04-29 00:00:00+09:00,3430.0,3630.0,3420.0,3530.0,300005,0.0,0.0
2015-04-30 00:00:00+09:00,3560.0,3600.0,3390.0,3410.0,189680,0.0,0.0
2015-05-04 00:00:00+09:00,3430.0,3580.0,3250.0,3410.0,310335,0.0,0.0
2015-05-06 00:00:00+09:00,3380.0,3490.0,3260.0,3260.0,265650,0.0,0.0
2015-05-07 00:00:00+09:00,3330.0,3330.0,3090.0,3180.0,192350,0.0,0.0
2015-05-08 00:00:00+09:00,3170.0,3310.0,3130.0,3280.0,202620,0.0,0.0
2015-05-11 00:00:00+09:00,3230.0,3440.0,3230.0,3340.0,111120,0.0,0.0
2015-05-12 00:00:00+09:00,3350.0,3360.0,3210.0,3220.0,98500,0.0,0.0
2015-05-13 00:00:00+09:00,3300.0,3300.0,3030.0,3050.0,255915,0.0,0.0
2015-05-14 00:00:00+09:00,3040.0,3500.0,2990.0,3500.0,1169645,0.0,0.0
2015-05-15 00:00:00+09:00,3440.0,3890.0,3330.0,3400.0,1618420,0.0,0.0
2015-05-18 00:00:00+09:00,3360.0,3400.0,3120.0,3130.0,533090,0.0,0.0
2015-05-19 00:00:00+09:00,3200.0,3360.0,3130.0,3190.0,330850,0.0,0.0
2015-05-20 00:00:00+09:00,3190.0,3520.0,3120.0,3300.0,456320,0.0,0.0
2015-05-21 00:00:00+09:00,3300.0,3410.0,3230.0,3250.0,257185,0.0,0.0
2015-05-22 00:00:00+09:00,3260.0,3500.0,3200.0,3300.0,352350,0.0,0.0
2015-05-26 00:00:00+09:00,3300.0,3740.0,3300.0,3600.0,918960,0.0,0.0
2015-05-27 00:00:00+09:00,3600.0,3740.0,3310.0,3340.0,476540,0.0,0.0
2015-05-28 00:00:00+09:00,3420.0,3420.0,3260.0,3300.0,183010,0.0,0.0
2015-05-29 00:00:00+09:00,3280.0,3320.0,3210.0,3220.0,194855,0.0,0.0
2015-06-01 00:00:00+09:00,3200.0,3340.0,3140.0,3240.0,138670,0.0,0.0
2015-06-02 00:00:00+09:00,3210.0,3460.0,3180.0,3240.0,533930,0.0,0.0
2015-06-03 00:00:00+09:00,3270.0,3280.0,3160.0,3260.0,190175,0.0,0.0
2015-06-04 00:00:00+09:00,3260.0,3340.0,3200.0,3300.0,170840,0.0,0.0
2015-06-05 00:00:00+09:00,3240.0,3700.0,3240.0,3550.0,1028905,0.0,0.0
2015-06-08 00:00:00+09:00,3750.0,4080.0,3650.0,4080.0,684090,0.0,0.0
2015-06-09 00:00:00+09:00,4690.0,4690.0,3950.0,4520.0,3403905,0.0,0.0
2015-06-10 00:00:00+09:00,4300.0,4860.0,3960.0,4380.0,2511480,0.0,0.0
2015-06-11 00:00:00+09:00,4230.0,4440.0,3990.0,4240.0,993585,0.0,0.0
2015-06-12 00:00:00+09:00,4440.0,4870.0,4000.0,4000.0,3301285,0.0,0.0
2015-06-15 00:00:00+09:00,4100.0,4280.0,3340.0,3770.0,2776905,0.0,0.0
2015-06-16 00:00:00+09:00,3800.0,3940.0,3460.0,3560.0,1240140,0.0,0.0
2015-06-17 00:00:00+09:00,3540.0,3730.0,3420.0,3600.0,590510,0.0,0.0
2015-06-18 00:00:00+09:00,3660.0,3800.0,3520.0,3620.0,374880,0.0,0.0
2015-06-19 00:00:00+09:00,3670.0,3730.0,3520.0,3550.0,385535,0.0,0.0
2015-06-22 00:00:00+09:00,3560.0,3800.0,3500.0,3620.0,717630,0.0,0.0
2015-06-23 00:00:00+09:00,3660.0,4700.0,3630.0,4700.0,4051495,0.0,0.0
2015-06-24 00:00:00+09:00,4720.0,5880.0,4720.0,5080.0,5896220,0.0,0.0
2015-06-25 00:00:00+09:00,4850.0,5660.0,4500.0,4930.0,3289230,0.0,0.0
2015-06-26 00:00:00+09:00,5090.0,5590.0,4800.0,5060.0,1645915,0.0,0.0
2015-06-29 00:00:00+09:00,5000.0,5480.0,4870.0,5140.0,1454275,0.0,0.0
2015-06-30 00:00:00+09:00,5190.0,5190.0,4700.0,4800.0,885815,0.0,0.0
2015-07-01 00:00:00+09:00,4850.0,4900.0,4530.0,4700.0,793950,0.0,0.0
2015-07-02 00:00:00+09:00,4760.0,4870.0,4600.0,4750.0,853350,0.0,0.0
2015-07-03 00:00:00+09:00,4750.0,4860.0,4460.0,4630.0,612905,0.0,0.0
2015-07-06 00:00:00+09:00,4600.0,4650.0,4300.0,4300.0,305090,0.0,0.0
2015-07-07 00:00:00+09:00,4360.0,4640.0,4200.0,4540.0,583020,0.0,0.0
2015-07-08 00:00:00+09:00,4520.0,4590.0,4300.0,4460.0,248930,0.0,0.0
2015-07-09 00:00:00+09:00,4510.0,4520.0,4170.0,4280.0,222115,0.0,0.0
2015-07-10 00:00:00+09:00,4350.0,4410.0,4100.0,4190.0,183180,0.0,0.0
2015-07-13 00:00:00+09:00,4340.0,4340.0,4120.0,4190.0,137560,0.0,0.0
2015-07-14 00:00:00+09:00,4280.0,5340.0,4220.0,5040.0,1951265,0.0,0.0
2015-07-15 00:00:00+09:00,4840.0,4880.0,4450.0,4520.0,944335,0.0,0.0
2015-07-16 00:00:00+09:00,4560.0,4560.0,4170.0,4210.0,587785,0.0,0.0
2015-07-17 00:00:00+09:00,4130.0,4300.0,4050.0,4160.0,326200,0.0,0.0
2015-07-20 00:00:00+09:00,4140.0,4270.0,4060.0,4190.0,210780,0.0,0.0
2015-07-21 00:00:00+09:00,4220.0,4220.0,4000.0,4060.0,243375,0.0,0.0
2015-07-22 00:00:00+09:00,4060.0,4100.0,3890.0,4000.0,214385,0.0,0.0
2015-07-23 00:00:00+09:00,4040.0,4040.0,3900.0,3900.0,95890,0.0,0.0
2015-07-24 00:00:00+09:00,3830.0,4360.0,3830.0,4080.0,546995,0.0,0.0
2015-07-27 00:00:00+09:00,4050.0,4110.0,3840.0,3870.0,134440,0.0,0.0
2015-07-28 00:00:00+09:00,3800.0,3870.0,3600.0,3720.0,133620,0.0,0.0
2015-07-29 00:00:00+09:00,3780.0,3790.0,3570.0,3690.0,102815,0.0,0.0
2015-07-30 00:00:00+09:00,3700.0,3700.0,3390.0,3390.0,182815,0.0,0.0
2015-07-31 00:00:00+09:00,3400.0,3510.0,3280.0,3500.0,105015,0.0,0.0
2015-08-03 00:00:00+09:00,3420.0,3500.0,3360.0,3360.0,63775,0.0,0.0
2015-08-04 00:00:00+09:00,3470.0,3740.0,3370.0,3480.0,125605,0.0,0.0
2015-08-05 00:00:00+09:00,3530.0,3550.0,3440.0,3520.0,49425,0.0,0.0
2015-08-06 00:00:00+09:00,3550.0,3580.0,3440.0,3500.0,61715,0.0,0.0
2015-08-07 00:00:00+09:00,3530.0,3530.0,3380.0,3430.0,106305,0.0,0.0
2015-08-10 00:00:00+09:00,3430.0,3550.0,3380.0,3450.0,59480,0.0,0.0
2015-08-11 00:00:00+09:00,3430.0,3700.0,3430.0,3490.0,170430,0.0,0.0
2015-08-12 00:00:00+09:00,3500.0,3500.0,3240.0,3300.0,133920,0.0,0.0
2015-08-13 00:00:00+09:00,3340.0,3360.0,3240.0,3330.0,73760,0.0,0.0
2015-08-17 00:00:00+09:00,3400.0,3400.0,3120.0,3200.0,85510,0.0,0.0
2015-08-18 00:00:00+09:00,3270.0,3270.0,2920.0,2960.0,172400,0.0,0.0
2015-08-19 00:00:00+09:00,2960.0,3110.0,2660.0,2780.0,308455,0.0,0.0
2015-08-20 00:00:00+09:00,2700.0,3040.0,2700.0,2770.0,391930,0.0,0.0
2015-08-21 00:00:00+09:00,2560.0,2700.0,2460.0,2560.0,79385,0.0,0.0
2015-08-24 00:00:00+09:00,2500.0,2680.0,2460.0,2520.0,60160,0.0,0.0
2015-08-25 00:00:00+09:00,2560.0,2780.0,2540.0,2660.0,71510,0.0,0.0
2015-08-26 00:00:00+09:00,2660.0,3450.0,2660.0,3450.0,745235,0.0,0.0
2015-08-27 00:00:00+09:00,3680.0,4140.0,3310.0,3370.0,2079790,0.0,0.0
2015-08-28 00:00:00+09:00,3450.0,3450.0,3210.0,3310.0,327050,0.0,0.0
2015-08-31 00:00:00+09:00,3380.0,3880.0,3260.0,3480.0,1167875,0.0,0.0
2015-09-01 00:00:00+09:00,3420.0,3600.0,3340.0,3480.0,242095,0.0,0.0
2015-09-02 00:00:00+09:00,3450.0,3620.0,3300.0,3350.0,381340,0.0,0.0
2015-09-03 00:00:00+09:00,3400.0,3690.0,3310.0,3320.0,696115,0.0,0.0
2015-09-04 00:00:00+09:00,3320.0,3400.0,3120.0,3120.0,143130,0.0,0.0
2015-09-07 00:00:00+09:00,3120.0,3190.0,3000.0,3100.0,59020,0.0,0.0
2015-09-08 00:00:00+09:00,3100.0,3140.0,3010.0,3010.0,56550,0.0,0.0
2015-09-09 00:00:00+09:00,3010.0,3460.0,3010.0,3140.0,303475,0.0,0.0
2015-09-10 00:00:00+09:00,3140.0,3260.0,3120.0,3200.0,89080,0.0,0.0
2015-09-11 00:00:00+09:00,3190.0,3280.0,3120.0,3200.0,66700,0.0,0.0
2015-09-14 00:00:00+09:00,3260.0,3260.0,3000.0,3020.0,146435,0.0,0.0
2015-09-15 00:00:00+09:00,3040.0,3100.0,3000.0,3010.0,43205,0.0,0.0
2015-09-16 00:00:00+09:00,3030.0,3140.0,3020.0,3050.0,86975,0.0,0.0
2015-09-17 00:00:00+09:00,3080.0,3080.0,2960.0,3010.0,66995,0.0,0.0
2015-09-18 00:00:00+09:00,3020.0,3040.0,2970.0,3030.0,78565,0.0,0.0
2015-09-21 00:00:00+09:00,3040.0,3040.0,2900.0,2970.0,72800,0.0,0.0
2015-09-22 00:00:00+09:00,2970.0,3020.0,2940.0,2970.0,27605,0.0,0.0
2015-09-23 00:00:00+09:00,2980.0,3010.0,2820.0,2820.0,106780,0.0,0.0
2015-09-24 00:00:00+09:00,2870.0,2870.0,2720.0,2760.0,83325,0.0,0.0
2015-09-25 00:00:00+09:00,2800.0,2800.0,2680.0,2770.0,68000,0.0,0.0
2015-09-30 00:00:00+09:00,2760.0,2760.0,2640.0,2680.0,49620,0.0,0.0
2015-10-01 00:00:00+09:00,2720.0,3480.0,2720.0,3480.0,2125315,0.0,0.0
2015-10-02 00:00:00+09:00,3470.0,3480.0,3080.0,3080.0,653530,0.0,0.0
2015-10-05 00:00:00+09:00,3160.0,3170.0,2940.0,3000.0,198185,0.0,0.0
2015-10-06 00:00:00+09:00,3040.0,3280.0,3000.0,3080.0,296800,0.0,0.0
2015-10-07 00:00:00+09:00,3050.0,3050.0,2900.0,2910.0,127390,0.0,0.0
2015-10-08 00:00:00+09:00,2940.0,2970.0,2880.0,2920.0,62635,0.0,0.0
2015-10-12 00:00:00+09:00,2920.0,2980.0,2840.0,2930.0,62935,0.0,0.0
2015-10-13 00:00:00+09:00,2920.0,3070.0,2860.0,2980.0,110605,0.0,0.0
2015-10-14 00:00:00+09:00,2990.0,3320.0,2950.0,3060.0,510545,0.0,0.0
2015-10-15 00:00:00+09:00,3100.0,3160.0,3020.0,3080.0,119015,0.0,0.0
2015-10-16 00:00:00+09:00,3090.0,3120.0,3040.0,3040.0,64870,0.0,0.0
2015-10-19 00:00:00+09:00,3080.0,3140.0,2930.0,2930.0,102775,0.0,0.0
2015-10-20 00:00:00+09:00,2990.0,2990.0,2900.0,2940.0,73500,0.0,0.0
2015-10-21 00:00:00+09:00,3000.0,3480.0,2930.0,3050.0,596905,0.0,0.0
2015-10-22 00:00:00+09:00,3080.0,3120.0,2970.0,2990.0,105045,0.0,0.0
2015-10-23 00:00:00+09:00,3010.0,3080.0,2960.0,2960.0,97700,0.0,0.0
2015-10-26 00:00:00+09:00,3000.0,3010.0,2960.0,2990.0,40150,0.0,0.0
2015-10-27 00:00:00+09:00,2970.0,3010.0,2940.0,2960.0,38610,0.0,0.0
2015-10-28 00:00:00+09:00,2990.0,3050.0,2950.0,2980.0,68780,0.0,0.0
2015-10-29 00:00:00+09:00,2980.0,3140.0,2970.0,3030.0,70200,0.0,0.0
2015-10-30 00:00:00+09:00,3030.0,3030.0,2920.0,2950.0,57240,0.0,0.0
2015-11-02 00:00:00+09:00,2940.0,2980.0,2860.0,2970.0,34290,0.0,0.0
2015-11-03 00:00:00+09:00,2970.0,2990.0,2910.0,2970.0,34725,0.0,0.0
2015-11-04 00:00:00+09:00,2970.0,3060.0,2920.0,2990.0,19855,0.0,0.0
2015-11-05 00:00:00+09:00,2990.0,3010.0,2880.0,2980.0,29530,0.0,0.0
2015-11-06 00:00:00+09:00,2950.0,3040.0,2940.0,2980.0,25370,0.0,0.0
2015-11-09 00:00:00+09:00,2990.0,3020.0,2890.0,2920.0,42930,0.0,0.0
2015-11-10 00:00:00+09:00,2910.0,2910.0,2680.0,2800.0,48640,0.0,0.0
2015-11-11 00:00:00+09:00,2860.0,2940.0,2800.0,2900.0,27800,0.0,0.0
2015-11-12 00:00:00+09:00,2830.0,2970.0,2790.0,2800.0,34130,0.0,0.0
2015-11-13 00:00:00+09:00,2800.0,2840.0,2730.0,2770.0,48000,0.0,0.0
2015-11-16 00:00:00+09:00,2800.0,2900.0,2660.0,2760.0,20945,0.0,0.0
2015-11-17 00:00:00+09:00,2800.0,3030.0,2770.0,2840.0,73850,0.0,0.0
2015-11-18 00:00:00+09:00,2840.0,2860.0,2760.0,2810.0,30445,0.0,0.0
2015-11-19 00:00:00+09:00,2810.0,2900.0,2760.0,2840.0,41785,0.0,0.0
2015-11-20 00:00:00+09:00,2840.0,2880.0,2750.0,2810.0,36830,0.0,0.0
2015-11-23 00:00:00+09:00,2770.0,2810.0,2750.0,2800.0,25875,0.0,0.0
2015-11-24 00:00:00+09:00,2800.0,2830.0,2710.0,2770.0,29140,0.0,0.0
2015-11-25 00:00:00+09:00,2800.0,2990.0,2720.0,2880.0,90495,0.0,0.0
2015-11-26 00:00:00+09:00,2950.0,2950.0,2800.0,2920.0,46700,0.0,0.0
2015-11-27 00:00:00+09:00,2960.0,2970.0,2870.0,2900.0,27165,0.0,0.0
2015-11-30 00:00:00+09:00,2860.0,2900.0,2770.0,2830.0,24820,0.0,0.0
2015-12-01 00:00:00+09:00,2840.0,2870.0,2760.0,2780.0,28250,0.0,0.0
2015-12-02 00:00:00+09:00,2830.0,2830.0,2750.0,2780.0,35980,0.0,0.0
2015-12-03 00:00:00+09:00,2760.0,2810.0,2740.0,2800.0,20915,0.0,0.0
2015-12-04 00:00:00+09:00,2750.0,2790.0,2710.0,2770.0,16050,0.0,0.0
2015-12-07 00:00:00+09:00,2720.0,2790.0,2700.0,2710.0,34260,0.0,0.0
2015-12-08 00:00:00+09:00,2710.0,2730.0,2560.0,2600.0,61075,0.0,0.0
2015-12-09 00:00:00+09:00,2690.0,2690.0,2470.0,2470.0,46305,0.0,0.0
2015-12-10 00:00:00+09:00,2410.0,3210.0,2310.0,2380.0,1463780,0.0,0.0
2015-12-11 00:00:00+09:00,2420.0,2420.0,2140.0,2160.0,241190,0.0,0.0
2015-12-14 00:00:00+09:00,2110.0,2160.0,2000.0,2020.0,81550,0.0,0.0
2015-12-15 00:00:00+09:00,2000.0,2620.0,2000.0,2620.0,492010,0.0,0.0
2015-12-16 00:00:00+09:00,3000.0,3130.0,2450.0,2460.0,2042385,0.0,0.0
2015-12-17 00:00:00+09:00,2470.0,2680.0,2390.0,2480.0,329330,0.0,0.0
2015-12-18 00:00:00+09:00,2550.0,2960.0,2440.0,2660.0,650630,0.0,0.0
2015-12-21 00:00:00+09:00,2690.0,2690.0,2490.0,2540.0,220725,0.0,0.0
2015-12-22 00:00:00+09:00,2540.0,2540.0,2420.0,2440.0,192025,0.0,0.0
2015-12-23 00:00:00+09:00,2440.0,2440.0,2270.0,2360.0,154965,0.0,0.0
2015-12-24 00:00:00+09:00,2360.0,2480.0,2340.0,2350.0,72625,0.0,0.0
2015-12-28 00:00:00+09:00,2330.0,2390.0,2250.0,2300.0,38825,0.0,0.0
2015-12-29 00:00:00+09:00,2360.0,2380.0,2300.0,2360.0,26380,0.0,0.0
2015-12-30 00:00:00+09:00,2380.0,2800.0,2330.0,2570.0,464860,0.0,0.0
2016-01-04 00:00:00+09:00,2500.0,2540.0,2420.0,2530.0,149685,0.0,0.0
2016-01-05 00:00:00+09:00,2520.0,2560.0,2440.0,2450.0,56815,0.0,0.0
2016-01-06 00:00:00+09:00,2470.0,2500.0,2390.0,2410.0,63410,0.0,0.0
2016-01-07 00:00:00+09:00,2410.0,2440.0,2360.0,2410.0,49530,0.0,0.0
2016-01-08 00:00:00+09:00,2360.0,2420.0,2310.0,2410.0,38890,0.0,0.0
2016-01-11 00:00:00+09:00,2410.0,2720.0,2340.0,2550.0,205095,0.0,0.0
2016-01-12 00:00:00+09:00,2550.0,2610.0,2430.0,2440.0,76420,0.0,0.0
2016-01-13 00:00:00+09:00,2500.0,2640.0,2420.0,2560.0,145310,0.0,0.0
2016-01-14 00:00:00+09:00,2560.0,2660.0,2520.0,2550.0,131190,0.0,0.0
2016-01-15 00:00:00+09:00,2560.0,2590.0,2480.0,2520.0,70255,0.0,0.0
2016-01-18 00:00:00+09:00,2420.0,2510.0,2400.0,2480.0,70535,0.0,0.0
2016-01-19 00:00:00+09:00,2500.0,2540.0,2410.0,2410.0,54830,0.0,0.0
2016-01-20 00:00:00+09:00,2420.0,2460.0,2370.0,2450.0,41670,0.0,0.0
2016-01-21 00:00:00+09:00,2460.0,2460.0,2360.0,2410.0,28435,0.0,0.0
2016-01-22 00:00:00+09:00,2460.0,2470.0,2370.0,2400.0,65240,0.0,0.0
2016-01-25 00:00:00+09:00,2380.0,2550.0,2380.0,2490.0,87300,0.0,0.0
2016-01-26 00:00:00+09:00,2520.0,2520.0,2420.0,2500.0,15130,0.0,0.0
2016-01-27 00:00:00+09:00,2500.0,2520.0,2430.0,2480.0,31200,0.0,0.0
2016-01-28 00:00:00+09:00,2490.0,2490.0,2380.0,2430.0,75135,0.0,0.0
2016-01-29 00:00:00+09:00,2440.0,2480.0,2380.0,2480.0,78905,0.0,0.0
2016-02-01 00:00:00+09:00,2430.0,2630.0,2430.0,2530.0,97855,0.0,0.0
2016-02-02 00:00:00+09:00,2550.0,2550.0,2490.0,2530.0,22415,0.0,0.0
2016-02-03 00:00:00+09:00,2500.0,2980.0,2470.0,2510.0,372975,0.0,0.0
2016-02-04 00:00:00+09:00,2480.0,2540.0,2460.0,2530.0,75160,0.0,0.0
2016-02-05 00:00:00+09:00,2540.0,2620.0,2500.0,2610.0,66660,0.0,0.0
2016-02-11 00:00:00+09:00,2500.0,2940.0,2500.0,2630.0,261805,0.0,0.0
2016-02-12 00:00:00+09:00,2700.0,3360.0,2640.0,2760.0,1351680,0.0,0.0
2016-02-15 00:00:00+09:00,2800.0,3060.0,2710.0,3040.0,262155,0.0,0.0
2016-02-16 00:00:00+09:00,3080.0,3240.0,2870.0,3030.0,236300,0.0,0.0
2016-02-17 00:00:00+09:00,3040.0,3040.0,2730.0,2730.0,209580,0.0,0.0
2016-02-18 00:00:00+09:00,2760.0,2780.0,2690.0,2740.0,84325,0.0,0.0
2016-02-19 00:00:00+09:00,2740.0,2770.0,2650.0,2770.0,64840,0.0,0.0
2016-02-22 00:00:00+09:00,2720.0,2790.0,2710.0,2730.0,58010,0.0,0.0
2016-02-23 00:00:00+09:00,2740.0,2760.0,2650.0,2660.0,94250,0.0,0.0
2016-02-24 00:00:00+09:00,2660.0,2720.0,2630.0,2650.0,59925,0.0,0.0
2016-02-25 00:00:00+09:00,2660.0,2680.0,2610.0,2680.0,39140,0.0,0.0
2016-02-26 00:00:00+09:00,2650.0,2710.0,2620.0,2660.0,28910,0.0,0.0
2016-02-29 00:00:00+09:00,2660.0,2840.0,2660.0,2780.0,117570,0.0,0.0
2016-03-02 00:00:00+09:00,2750.0,2830.0,2730.0,2790.0,45870,0.0,0.0
2016-03-03 00:00:00+09:00,2810.0,2860.0,2760.0,2860.0,50310,0.0,0.0
2016-03-04 00:00:00+09:00,2820.0,3230.0,2820.0,3100.0,430535,0.0,0.0
2016-03-07 00:00:00+09:00,3100.0,3240.0,3080.0,3160.0,137185,0.0,0.0
2016-03-08 00:00:00+09:00,3140.0,3290.0,3130.0,3200.0,100380,0.0,0.0
2016-03-09 00:00:00+09:00,3190.0,3250.0,3140.0,3200.0,94070,0.0,0.0
2016-03-10 00:00:00+09:00,3200.0,3410.0,3170.0,3300.0,218150,0.0,0.0
2016-03-11 00:00:00+09:00,3300.0,4160.0,3300.0,4000.0,1984000,0.0,0.0
2016-03-14 00:00:00+09:00,4480.0,4960.0,4130.0,4900.0,3533860,0.0,0.0
2016-03-15 00:00:00+09:00,,,,,0,0.0,5.0
2016-04-01 00:00:00+09:00,5830.0,5980.0,4130.0,4165.0,4083231,0.0,0.0
2016-04-04 00:00:00+09:00,3970.0,4145.0,3630.0,3665.0,1420287,0.0,0.0
2016-04-05 00:00:00+09:00,3750.0,4335.0,3595.0,3740.0,2630980,0.0,0.0
2016-04-06 00:00:00+09:00,3690.0,4055.0,3675.0,3850.0,1135163,0.0,0.0
2016-04-07 00:00:00+09:00,3900.0,4170.0,3750.0,3850.0,2355033,0.0,0.0
2016-04-08 00:00:00+09:00,3950.0,4010.0,3800.0,4010.0,614477,0.0,0.0
2016-04-11 00:00:00+09:00,4155.0,4180.0,3925.0,4000.0,794464,0.0,0.0
2016-04-12 00:00:00+09:00,3730.0,3860.0,3650.0,3740.0,1044204,0.0,0.0
2016-04-14 00:00:00+09:00,3545.0,3775.0,3430.0,3565.0,616245,0.0,0.0
2016-04-15 00:00:00+09:00,3620.0,3620.0,3450.0,3480.0,439436,0.0,0.0
2016-04-18 00:00:00+09:00,3480.0,3590.0,3380.0,3415.0,457882,0.0,0.0
2016-04-19 00:00:00+09:00,3430.0,3570.0,3330.0,3400.0,458377,0.0,0.0
2016-04-20 00:00:00+09:00,3420.0,3450.0,3345.0,3390.0,368456,0.0,0.0
2016-04-21 00:00:00+09:00,3380.0,3425.0,3255.0,3270.0,344509,0.0,0.0
2016-04-22 00:00:00+09:00,3250.0,3785.0,3200.0,3695.0,775879,0.0,0.0
2016-04-25 00:00:00+09:00,3690.0,3705.0,3440.0,3440.0,665664,0.0,0.0
2016-04-26 00:00:00+09:00,3460.0,3495.0,3280.0,3380.0,348635,0.0,0.0
2016-04-27 00:00:00+09:00,3350.0,3525.0,3320.0,3395.0,294680,0.0,0.0
2016-04-28 00:00:00+09:00,3350.0,3385.0,3305.0,3325.0,186273,0.0,0.0
2016-04-29 00:00:00+09:00,3365.0,3460.0,3295.0,3320.0,209938,0.0,0.0
2016-05-02 00:00:00+09:00,3375.0,3375.0,3210.0,3210.0,200976,0.0,0.0
2016-05-03 00:00:00+09:00,3210.0,3340.0,3165.0,3245.0,275946,0.0,0.0
2016-05-04 00:00:00+09:00,3205.0,3245.0,3110.0,3130.0,185719,0.0,0.0
2016-05-09 00:00:00+09:00,3115.0,3165.0,3040.0,3040.0,124488,0.0,0.0
2016-05-10 00:00:00+09:00,3040.0,3195.0,3030.0,3140.0,157029,0.0,0.0
2016-05-11 00:00:00+09:00,3140.0,3160.0,3055.0,3145.0,115680,0.0,0.0
2016-05-12 00:00:00+09:00,3150.0,3170.0,3080.0,3110.0,128408,0.0,0.0
2016-05-13 00:00:00+09:00,3115.0,3140.0,3040.0,3050.0,147309,0.0,0.0
2016-05-16 00:00:00+09:00,3040.0,3130.0,2930.0,3050.0,266076,0.0,0.0
2016-05-17 00:00:00+09:00,3050.0,3050.0,2935.0,2950.0,155664,0.0,0.0
2016-05-18 00:00:00+09:00,2985.0,2985.0,2800.0,2840.0,300798,0.0,0.0
2016-05-19 00:00:00+09:00,2815.0,2905.0,2775.0,2900.0,130523,0.0,0.0
2016-05-20 00:00:00+09:00,2885.0,2985.0,2850.0,2970.0,136261,0.0,0.0
2016-05-23 00:00:00+09:00,2990.0,2990.0,2905.0,2940.0,85828,0.0,0.0
2016-05-24 00:00:00+09:00,2950.0,2965.0,2800.0,2810.0,177649,0.0,0.0
2016-05-25 00:00:00+09:00,2800.0,2840.0,2750.0,2795.0,150872,0.0,0.0
2016-05-26 00:00:00+09:00,2825.0,2825.0,2750.0,2760.0,114348,0.0,0.0
2016-05-27 00:00:00+09:00,3080.0,3585.0,3070.0,3400.0,3877543,0.0,0.0
2016-05-30 00:00:00+09:00,3235.0,3330.0,3005.0,3025.0,1232645,0.0,0.0
2016-05-31 00:00:00+09:00,2960.0,3025.0,2835.0,2900.0,607494,0.0,0.0
2016-06-01 00:00:00+09:00,2960.0,2960.0,2845.0,2920.0,185247,0.0,0.0
2016-06-02 00:00:00+09:00,2900.0,2920.0,2825.0,2850.0,230150,0.0,0.0
2016-06-03 00:00:00+09:00,2850.0,2895.0,2820.0,2865.0,164012,0.0,0.0
2016-06-07 00:00:00+09:00,2845.0,2925.0,2825.0,2915.0,154088,0.0,0.0
2016-06-08 00:00:00+09:00,2905.0,2915.0,2850.0,2895.0,134202,0.0,0.0
2016-06-09 00:00:00+09:00,2900.0,3065.0,2835.0,2905.0,532248,0.0,0.0
2016-06-10 00:00:00+09:00,2890.0,2955.0,2880.0,2930.0,140852,0.0,0.0
2016-06-13 00:00:00+09:00,2850.0,2925.0,2845.0,2845.0,139247,0.0,0.0
2016-06-14 00:00:00+09:00,2810.0,2875.0,2740.0,2795.0,122270,0.0,0.0
2016-06-15 00:00:00+09:00,2780.0,2845.0,2760.0,2835.0,74952,0.0,0.0
2016-06-16 00:00:00+09:00,2845.0,2845.0,2660.0,2720.0,159407,0.0,0.0
2016-06-17 00:00:00+09:00,2705.0,2800.0,2625.0,2655.0,111013,0.0,0.0
2016-06-20 00:00:00+09:00,2665.0,2760.0,2630.0,2720.0,76247,0.0,0.0
2016-06-21 00:00:00+09:00,2700.0,2800.0,2635.0,2720.0,50595,0.0,0.0
2016-06-22 00:00:00+09:00,2760.0,2770.0,2690.0,2730.0,62438,0.0,0.0
2016-06-23 00:00:00+09:00,2730.0,2730.0,2660.0,2680.0,67139,0.0,0.0
2016-06-24 00:00:00+09:00,2730.0,2735.0,2315.0,2430.0,208143,0.0,0.0
2016-06-27 00:00:00+09:00,2370.0,2460.0,2280.0,2450.0,75172,0.0,0.0
2016-06-28 00:00:00+09:00,2455.0,2515.0,2415.0,2515.0,59267,0.0,0.0
2016-06-29 00:00:00+09:00,2515.0,2645.0,2510.0,2555.0,91824,0.0,0.0
2016-06-30 00:00:00+09:00,2565.0,2610.0,2540.0,2545.0,59469,0.0,0.0
2016-07-01 00:00:00+09:00,2555.0,2670.0,2545.0,2660.0,74048,0.0,0.0
2016-07-04 00:00:00+09:00,2670.0,2720.0,2620.0,2685.0,77726,0.0,0.0
2016-07-05 00:00:00+09:00,2680.0,2710.0,2635.0,2695.0,60336,0.0,0.0
2016-07-06 00:00:00+09:00,2680.0,2695.0,2605.0,2650.0,84955,0.0,0.0
2016-07-07 00:00:00+09:00,2640.0,2695.0,2630.0,2695.0,39797,0.0,0.0
2016-07-08 00:00:00+09:00,2710.0,2735.0,2650.0,2725.0,52965,0.0,0.0
2016-07-11 00:00:00+09:00,2730.0,2810.0,2695.0,2810.0,88165,0.0,0.0
2016-07-12 00:00:00+09:00,2810.0,3480.0,2800.0,2985.0,4188741,0.0,0.0
2016-07-13 00:00:00+09:00,2970.0,3035.0,2850.0,2930.0,480607,0.0,0.0
2016-07-14 00:00:00+09:00,2950.0,2950.0,2760.0,2760.0,281653,0.0,0.0
2016-07-15 00:00:00+09:00,2730.0,2790.0,2700.0,2745.0,166558,0.0,0.0
2016-07-18 00:00:00+09:00,2725.0,2930.0,2725.0,2845.0,156122,0.0,0.0
2016-07-19 00:00:00+09:00,2915.0,2915.0,2795.0,2870.0,130710,0.0,0.0
2016-07-20 00:00:00+09:00,2880.0,2880.0,2830.0,2865.0,58761,0.0,0.0
2016-07-21 00:00:00+09:00,2870.0,2920.0,2855.0,2890.0,99944,0.0,0.0
2016-07-22 00:00:00+09:00,2985.0,2985.0,2815.0,2860.0,91838,0.0,0.0
2016-07-25 00:00:00+09:00,2880.0,2880.0,2780.0,2780.0,69057,0.0,0.0
2016-07-26 00:00:00+09:00,2780.0,2795.0,2735.0,2770.0,40313,0.0,0.0
2016-07-27 00:00:00+09:00,2750.0,2830.0,2750.0,2780.0,57153,0.0,0.0
2016-07-28 00:00:00+09:00,2810.0,2835.0,2770.0,2790.0,32921,0.0,0.0
2016-07-29 00:00:00+09:00,2800.0,2820.0,2760.0,2790.0,33967,0.0,0.0
2016-08-01 00:00:00+09:00,2825.0,2915.0,2785.0,2900.0,102256,0.0,0.0
2016-08-02 00:00:00+09:00,2930.0,2930.0,2840.0,2900.0,108960,0.0,0.0
2016-08-03 00:00:00+09:00,3000.0,3500.0,2875.0,2875.0,2405250,0.0,0.0
2016-08-04 00:00:00+09:00,2880.0,2910.0,2800.0,2825.0,322244,0.0,0.0
2016-08-05 00:00:00+09:00,2825.0,2840.0,2785.0,2820.0,83177,0.0,0.0
2016-08-08 00:00:00+09:00,2800.0,2800.0,2745.0,2755.0,98793,0.0,0.0
2016-08-09 00:00:00+09:00,2750.0,2760.0,2705.0,2750.0,62961,0.0,0.0
2016-08-10 00:00:00+09:00,2750.0,2770.0,2700.0,2750.0,74433,0.0,0.0
2016-08-11 00:00:00+09:00,2760.0,2770.0,2705.0,2725.0,49223,0.0,0.0
2016-08-12 00:00:00+09:00,2730.0,2765.0,2720.0,2730.0,53677,0.0,0.0
2016-08-16 00:00:00+09:00,2715.0,2755.0,2700.0,2705.0,60456,0.0,0.0
2016-08-17 00:00:00+09:00,2710.0,2730.0,2625.0,2640.0,92028,0.0,0.0
2016-08-18 00:00:00+09:00,2640.0,2675.0,2625.0,2650.0,38721,0.0,0.0
2016-08-19 00:00:00+09:00,2670.0,2685.0,2625.0,2655.0,53702,0.0,0.0
2016-08-22 00:00:00+09:00,2640.0,2655.0,2610.0,2610.0,62372,0.0,0.0
2016-08-23 00:00:00+09:00,2610.0,2635.0,2550.0,2560.0,66269,0.0,0.0
2016-08-24 00:00:00+09:00,2585.0,2585.0,2545.0,2560.0,54835,0.0,0.0
2016-08-25 00:00:00+09:00,2560.0,2580.0,2535.0,2535.0,49894,0.0,0.0
2016-08-26 00:00:00+09:00,2540.0,2555.0,2495.0,2495.0,44004,0.0,0.0
2016-08-29 00:00:00+09:00,2525.0,2530.0,2410.0,2455.0,59628,0.0,0.0
2016-08-30 00:00:00+09:00,2455.0,2635.0,2415.0,2505.0,66615,0.0,0.0
2016-08-31 00:00:00+09:00,2510.0,2510.0,2430.0,2460.0,41070,0.0,0.0
2016-09-01 00:00:00+09:00,2450.0,2490.0,2440.0,2480.0,21406,0.0,0.0
2016-09-02 00:00:00+09:00,2475.0,2520.0,2465.0,2490.0,36980,0.0,0.0
2016-09-05 00:00:00+09:00,2485.0,2770.0,2480.0,2625.0,426529,0.0,0.0
2016-09-06 00:00:00+09:00,2625.0,2635.0,2540.0,2560.0,101709,0.0,0.0
2016-09-07 00:00:00+09:00,2565.0,2625.0,2550.0,2575.0,56105,0.0,0.0
2016-09-08 00:00:00+09:00,2575.0,2660.0,2530.0,2530.0,110195,0.0,0.0
2016-09-09 00:00:00+09:00,2550.0,2550.0,2435.0,2450.0,54818,0.0,0.0
2016-09-12 00:00:00+09:00,2455.0,2455.0,2370.0,2370.0,61505,0.0,0.0
2016-09-13 00:00:00+09:00,2380.0,2450.0,2375.0,2410.0,18210,0.0,0.0
2016-09-19 00:00:00+09:00,2420.0,2430.0,2335.0,2405.0,70391,0.0,0.0
2016-09-20 00:00:00+09:00,2355.0,2455.0,2355.0,2420.0,53326,0.0,0.0
2016-09-21 00:00:00+09:00,2430.0,2505.0,2375.0,2430.0,86810,0.0,0.0
2016-09-22 00:00:00+09:00,2440.0,2560.0,2410.0,2505.0,118758,0.0,0.0
2016-09-23 00:00:00+09:00,2545.0,2545.0,2485.0,2500.0,40238,0.0,0.0
2016-09-26 00:00:00+09:00,2530.0,2535.0,2315.0,2460.0,108904,0.0,0.0
2016-09-27 00:00:00+09:00,2405.0,2615.0,2385.0,2505.0,317117,0.0,0.0
2016-09-28 00:00:00+09:00,2535.0,2565.0,2485.0,2510.0,78856,0.0,0.0
2016-09-29 00:00:00+09:00,2510.0,2900.0,2475.0,2690.0,942526,0.0,0.0
2016-09-30 00:00:00+09:00,2655.0,2680.0,2530.0,2575.0,179652,0.0,0.0
2016-10-04 00:00:00+09:00,2600.0,2855.0,2600.0,2695.0,386509,0.0,0.0
2016-10-05 00:00:00+09:00,2705.0,2705.0,2635.0,2690.0,86191,0.0,0.0
2016-10-06 00:00:00+09:00,2690.0,2920.0,2685.0,2730.0,500456,0.0,0.0
2016-10-07 00:00:00+09:00,2755.0,2895.0,2640.0,2640.0,374269,0.0,0.0
2016-10-10 00:00:00+09:00,2650.0,2650.0,2530.0,2575.0,84875,0.0,0.0
2016-10-11 00:00:00+09:00,2600.0,2620.0,2565.0,2570.0,40341,0.0,0.0
2016-10-12 00:00:00+09:00,2535.0,2695.0,2535.0,2675.0,78712,0.0,0.0
2016-10-13 00:00:00+09:00,2715.0,2715.0,2585.0,2625.0,43728,0.0,0.0
2016-10-14 00:00:00+09:00,2650.0,2650.0,2540.0,2575.0,61138,0.0,0.0
2016-10-17 00:00:00+09:00,2580.0,2590.0,2535.0,2545.0,39028,0.0,0.0
2016-10-18 00:00:00+09:00,2510.0,2580.0,2510.0,2580.0,19465,0.0,0.0
2016-10-19 00:00:00+09:00,2580.0,2630.0,2560.0,2590.0,45019,0.0,0.0
2016-10-20 00:00:00+09:00,2590.0,2615.0,2520.0,2555.0,41730,0.0,0.0
2016-10-21 00:00:00+09:00,2575.0,2575.0,2500.0,2515.0,40564,0.0,0.0
2016-10-24 00:00:00+09:00,2490.0,2580.0,2445.0,2450.0,48490,0.0,0.0
2016-10-25 00:00:00+09:00,2470.0,2495.0,2330.0,2420.0,59535,0.0,0.0
2016-10-26 00:00:00+09:00,2415.0,2460.0,2330.0,2400.0,63766,0.0,0.0
2016-10-27 00:00:00+09:00,2400.0,2430.0,2380.0,2430.0,8160,0.0,0.0
2016-10-28 00:00:00+09:00,2400.0,2430.0,2355.0,2375.0,29757,0.0,0.0
2016-10-31 00:00:00+09:00,2375.0,2380.0,2210.0,2320.0,52081,0.0,0.0
2016-11-01 00:00:00+09:00,2340.0,2395.0,2275.0,2395.0,38297,0.0,0.0
2016-11-02 00:00:00+09:00,2350.0,2420.0,2265.0,2410.0,74535,0.0,0.0
2016-11-03 00:00:00+09:00,2405.0,2415.0,2340.0,2415.0,29845,0.0,0.0
2016-11-04 00:00:00+09:00,2415.0,2415.0,2340.0,2415.0,36623,0.0,0.0
2016-11-07 00:00:00+09:00,2390.0,2450.0,2390.0,2450.0,28159,0.0,0.0
2016-11-08 00:00:00+09:00,2450.0,2850.0,2425.0,2675.0,2227607,0.0,0.0
2016-11-09 00:00:00+09:00,2625.0,2715.0,2350.0,2490.0,925015,0.0,0.0
2016-11-10 00:00:00+09:00,2515.0,2635.0,2515.0,2570.0,242748,0.0,0.0
2016-11-11 00:00:00+09:00,2555.0,2625.0,2485.0,2490.0,164101,0.0,0.0
2016-11-14 00:00:00+09:00,2510.0,2630.0,2480.0,2630.0,198196,0.0,0.0
2016-11-15 00:00:00+09:00,2625.0,2810.0,2585.0,2620.0,478090,0.0,0.0
2016-11-16 00:00:00+09:00,2620.0,2690.0,2590.0,2650.0,83557,0.0,0.0
2016-11-17 00:00:00+09:00,2615.0,2645.0,2550.0,2565.0,89433,0.0,0.0
2016-11-18 00:00:00+09:00,2570.0,2655.0,2515.0,2560.0,197278,0.0,0.0
2016-11-21 00:00:00+09:00,2590.0,2590.0,2500.0,2505.0,50962,0.0,0.0
2016-11-22 00:00:00+09:00,2500.0,2590.0,2320.0,2370.0,309404,0.0,0.0
2016-11-23 00:00:00+09:00,2360.0,2405.0,2355.0,2400.0,58769,0.0,0.0
2016-11-24 00:00:00+09:00,2400.0,2410.0,2370.0,2410.0,56364,0.0,0.0
2016-11-25 00:00:00+09:00,2390.0,2420.0,2370.0,2420.0,64657,0.0,0.0
2016-11-28 00:00:00+09:00,2425.0,2445.0,2395.0,2410.0,32935,0.0,0.0
2016-11-29 00:00:00+09:00,2410.0,2530.0,2400.0,2510.0,106237,0.0,0.0
2016-11-30 00:00:00+09:00,2505.0,2530.0,2445.0,2530.0,61665,0.0,0.0
2016-12-01 00:00:00+09:00,2585.0,2690.0,2460.0,2560.0,190566,0.0,0.0
2016-12-02 00:00:00+09:00,2545.0,2550.0,2430.0,2430.0,93033,0.0,0.0
2016-12-05 00:00:00+09:00,2405.0,2460.0,2325.0,2380.0,67776,0.0,0.0
2016-12-06 00:00:00+09:00,2380.0,2495.0,2355.0,2395.0,55486,0.0,0.0
2016-12-07 00:00:00+09:00,2405.0,2470.0,2350.0,2395.0,32556,0.0,0.0
2016-12-08 00:00:00+09:00,2395.0,2430.0,2325.0,2375.0,21236,0.0,0.0
2016-12-09 00:00:00+09:00,2345.0,2400.0,2345.0,2375.0,23168,0.0,0.0
2016-12-12 00:00:00+09:00,2380.0,2440.0,2370.0,2440.0,29782,0.0,0.0
2016-12-13 00:00:00+09:00,2440.0,2485.0,2400.0,2485.0,69223,0.0,0.0
2016-12-14 00:00:00+09:00,2490.0,2500.0,2455.0,2485.0,37405,0.0,0.0
2016-12-15 00:00:00+09:00,2465.0,2495.0,2450.0,2480.0,37031,0.0,0.0
2016-12-16 00:00:00+09:00,2470.0,2560.0,2450.0,2520.0,74183,0.0,0.0
2016-12-19 00:00:00+09:00,2570.0,2570.0,2495.0,2525.0,29947,0.0,0.0
2016-12-20 00:00:00+09:00,2530.0,2540.0,2485.0,2525.0,27278,0.0,0.0
2016-12-21 00:00:00+09:00,2525.0,2540.0,2400.0,2540.0,58155,0.0,0.0
2016-12-22 00:00:00+09:00,2510.0,2540.0,2510.0,2520.0,24742,0.0,0.0
2016-12-23 00:00:00+09:00,2530.0,2530.0,2495.0,2520.0,27136,0.0,0.0
2016-12-26 00:00:00+09:00,2520.0,2550.0,2480.0,2515.0,34693,0.0,0.0
2016-12-27 00:00:00+09:00,2510.0,2520.0,2465.0,2465.0,36649,0.0,0.0
2016-12-28 00:00:00+09:00,2475.0,2515.0,2460.0,2515.0,43798,0.0,0.0
2016-12-29 00:00:00+09:00,2515.0,2520.0,2485.0,2515.0,22086,0.0,0.0
2017-01-02 00:00:00+09:00,2530.0,2530.0,2505.0,2525.0,17219,0.0,0.0
2017-01-03 00:00:00+09:00,2525.0,2550.0,2495.0,2520.0,40569,0.0,0.0
2017-01-04 00:00:00+09:00,2525.0,2525.0,2480.0,2520.0,46003,0.0,0.0
2017-01-05 00:00:00+09:00,2515.0,2560.0,2500.0,2555.0,75713,0.0,0.0
2017-01-06 00:00:00+09:00,2555.0,2700.0,2550.0,2640.0,268897,0.0,0.0
2017-01-09 00:00:00+09:00,2655.0,2670.0,2595.0,2655.0,100217,0.0,0.0
2017-01-10 00:00:00+09:00,2655.0,2680.0,2615.0,2670.0,155653,0.0,0.0
2017-01-11 00:00:00+09:00,2680.0,2685.0,2650.0,2670.0,87124,0.0,0.0
2017-01-12 00:00:00+09:00,2685.0,2685.0,2615.0,2660.0,91766,0.0,0.0
2017-01-13 00:00:00+09:00,2660.0,2665.0,2590.0,2605.0,53942,0.0,0.0
2017-01-16 00:00:00+09:00,2610.0,2620.0,2555.0,2585.0,62178,0.0,0.0
2017-01-17 00:00:00+09:00,2585.0,2645.0,2580.0,2645.0,34736,0.0,0.0
2017-01-18 00:00:00+09:00,2640.0,2820.0,2640.0,2695.0,255253,0.0,0.0
2017-01-19 00:00:00+09:00,2665.0,2705.0,2660.0,2690.0,74998,0.0,0.0
2017-01-20 00:00:00+09:00,2670.0,2700.0,2655.0,2680.0,69913,0.0,0.0
2017-01-23 00:00:00+09:00,2670.0,2910.0,2610.0,2700.0,826334,0.0,0.0
2017-01-24 00:00:00+09:00,2700.0,2700.0,2595.0,2595.0,143689,0.0,0.0
2017-01-25 00:00:00+09:00,2775.0,2850.0,2570.0,2615.0,281241,0.0,0.0
2017-01-26 00:00:00+09:00,2620.0,2620.0,2550.0,2580.0,70763,0.0,0.0
2017-01-31 00:00:00+09:00,2580.0,2585.0,2480.0,2490.0,88226,0.0,0.0
2017-02-01 00:00:00+09:00,2490.0,2500.0,2455.0,2490.0,52422,0.0,0.0
2017-02-02 00:00:00+09:00,2490.0,2490.0,2430.0,2455.0,86473,0.0,0.0
2017-02-03 00:00:00+09:00,2455.0,2465.0,2395.0,2430.0,49653,0.0,0.0
2017-02-06 00:00:00+09:00,2445.0,2450.0,2420.0,2445.0,36121,0.0,0.0
2017-02-07 00:00:00+09:00,2450.0,2455.0,2410.0,2445.0,30790,0.0,0.0
2017-02-08 00:00:00+09:00,2445.0,2445.0,2420.0,2445.0,39560,0.0,0.0
2017-02-09 00:00:00+09:00,2450.0,2495.0,2445.0,2490.0,40271,0.0,0.0
2017-02-10 00:00:00+09:00,2490.0,2505.0,2450.0,2475.0,47735,0.0,0.0
2017-02-13 00:00:00+09:00,2480.0,2480.0,2435.0,2455.0,34082,0.0,0.0
2017-02-14 00:00:00+09:00,2450.0,2455.0,2405.0,2440.0,56674,0.0,0.0
2017-02-15 00:00:00+09:00,2440.0,2450.0,2425.0,2440.0,27099,0.0,0.0
2017-02-16 00:00:00+09:00,2440.0,2470.0,2440.0,2470.0,20232,0.0,0.0
2017-02-17 00:00:00+09:00,2475.0,2480.0,2430.0,2475.0,19469,0.0,0.0
2017-02-20 00:00:00+09:00,2475.0,2475.0,2420.0,2450.0,44614,0.0,0.0
2017-02-21 00:00:00+09:00,2385.0,2460.0,2380.0,2460.0,85855,0.0,0.0
2017-02-22 00:00:00+09:00,2470.0,2480.0,2435.0,2475.0,20166,0.0,0.0
2017-02-23 00:00:00+09:00,2475.0,2475.0,2420.0,2465.0,42654,0.0,0.0
2017-02-24 00:00:00+09:00,2465.0,2465.0,2425.0,2460.0,21430,0.0,0.0
2017-02-27 00:00:00+09:00,2460.0,2465.0,2415.0,2465.0,18354,0.0,0.0
2017-02-28 00:00:00+09:00,2440.0,2460.0,2415.0,2440.0,15797,0.0,0.0
2017-03-02 00:00:00+09:00,2425.0,2435.0,2400.0,2430.0,28406,0.0,0.0
2017-03-03 00:00:00+09:00,2385.0,2420.0,2310.0,2385.0,111579,0.0,0.0
2017-03-06 00:00:00+09:00,2385.0,2390.0,2340.0,2390.0,23881,0.0,0.0
2017-03-07 00:00:00+09:00,2390.0,2420.0,2345.0,2420.0,26487,0.0,0.0
2017-03-08 00:00:00+09:00,2420.0,2420.0,2375.0,2420.0,27682,0.0,0.0
2017-03-09 00:00:00+09:00,2405.0,2415.0,2375.0,2410.0,39105,0.0,0.0
2017-03-10 00:00:00+09:00,2410.0,2410.0,2350.0,2380.0,42295,0.0,0.0
2017-03-13 00:00:00+09:00,2400.0,2400.0,2335.0,2375.0,69064,0.0,0.0
2017-03-14 00:00:00+09:00,2370.0,2370.0,2300.0,2365.0,108260,0.0,0.0
2017-03-15 00:00:00+09:00,2360.0,2360.0,2305.0,2355.0,123113,0.0,0.0
2017-03-16 00:00:00+09:00,2355.0,2360.0,2315.0,2340.0,54152,0.0,0.0
2017-03-17 00:00:00+09:00,2335.0,2335.0,2250.0,2285.0,147132,0.0,0.0
2017-03-20 00:00:00+09:00,2275.0,2275.0,2225.0,2240.0,36114,0.0,0.0
2017-03-21 00:00:00+09:00,2240.0,2260.0,2205.0,2240.0,51839,0.0,0.0
2017-03-22 00:00:00+09:00,2235.0,2235.0,2200.0,2230.0,47620,0.0,0.0
2017-03-23 00:00:00+09:00,2240.0,2240.0,2200.0,2230.0,21219,0.0,0.0
2017-03-24 00:00:00+09:00,2230.0,2240.0,2195.0,2240.0,25790,0.0,0.0
2017-03-27 00:00:00+09:00,2230.0,2235.0,2165.0,2170.0,58060,0.0,0.0
2017-03-28 00:00:00+09:00,2170.0,2175.0,2115.0,2145.0,85268,0.0,0.0
2017-03-29 00:00:00+09:00,2145.0,2155.0,2120.0,2150.0,14214,0.0,0.0
2017-03-30 00:00:00+09:00,2140.0,2330.0,2130.0,2240.0,195124,0.0,0.0
2017-03-31 00:00:00+09:00,2230.0,2235.0,2110.0,2235.0,29697,0.0,0.0
2017-04-03 00:00:00+09:00,2210.0,2225.0,2170.0,2205.0,31511,0.0,0.0
2017-04-04 00:00:00+09:00,2180.0,2200.0,2155.0,2160.0,35789,0.0,0.0
2017-04-05 00:00:00+09:00,2130.0,2180.0,2130.0,2175.0,17059,0.0,0.0
2017-04-06 00:00:00+09:00,2160.0,2200.0,2150.0,2175.0,15185,0.0,0.0
2017-04-07 00:00:00+09:00,2160.0,2190.0,2150.0,2165.0,15439,0.0,0.0
2017-04-10 00:00:00+09:00,2165.0,2185.0,2115.0,2140.0,36932,0.0,0.0
2017-04-11 00:00:00+09:00,2130.0,2130.0,2040.0,2100.0,49607,0.0,0.0
2017-04-12 00:00:00+09:00,2100.0,2100.0,2015.0,2060.0,65662,0.0,0.0
2017-04-13 00:00:00+09:00,2055.0,2060.0,1970.0,2000.0,112022,0.0,0.0
2017-04-14 00:00:00+09:00,1970.0,2025.0,1960.0,2000.0,48924,0.0,0.0
2017-04-17 00:00:00+09:00,2000.0,2030.0,1990.0,2030.0,45898,0.0,0.0
2017-04-18 00:00:00+09:00,2020.0,2045.0,2000.0,2025.0,42357,0.0,0.0
2017-04-19 00:00:00+09:00,2025.0,2050.0,2015.0,2045.0,26960,0.0,0.0
2017-04-20 00:00:00+09:00,2045.0,2060.0,2020.0,2050.0,26168,0.0,0.0
2017-04-21 00:00:00+09:00,2050.0,2050.0,2000.0,2045.0,57126,0.0,0.0
2017-04-24 00:00:00+09:00,2035.0,2040.0,1985.0,1995.0,74114,0.0,0.0
2017-04-25 00:00:00+09:00,1980.0,2010.0,1970.0,1995.0,29559,0.0,0.0
2017-04-26 00:00:00+09:00,2010.0,2015.0,1975.0,2010.0,42691,0.0,0.0
2017-04-27 00:00:00+09:00,2000.0,2020.0,1995.0,2020.0,48874,0.0,0.0
2017-04-28 00:00:00+09:00,2020.0,2020.0,1990.0,2010.0,30767,0.0,0.0
2017-05-02 00:00:00+09:00,2010.0,2010.0,1970.0,1995.0,37833,0.0,0.0
2017-05-04 00:00:00+09:00,1995.0,2055.0,1990.0,2015.0,39343,0.0,0.0
2017-05-08 00:00:00+09:00,2020.0,2020.0,1980.0,2000.0,25557,0.0,0.0
2017-05-10 00:00:00+09:00,2015.0,2015.0,1885.0,1990.0,100165,0.0,0.0
2017-05-11 00:00:00+09:00,1970.0,1990.0,1950.0,1985.0,43690,0.0,0.0
2017-05-12 00:00:00+09:00,1985.0,1990.0,1945.0,1990.0,34773,0.0,0.0
2017-05-15 00:00:00+09:00,1990.0,2250.0,1960.0,2040.0,1135311,0.0,0.0
2017-05-16 00:00:00+09:00,2045.0,2070.0,1990.0,2060.0,147322,0.0,0.0
2017-05-17 00:00:00+09:00,2060.0,2075.0,2020.0,2020.0,79700,0.0,0.0
2017-05-18 00:00:00+09:00,2020.0,2055.0,1980.0,2025.0,54694,0.0,0.0
2017-05-19 00:00:00+09:00,2030.0,2030.0,1985.0,2005.0,91342,0.0,0.0
2017-05-22 00:00:00+09:00,2005.0,2015.0,1990.0,2005.0,33211,0.0,0.0
2017-05-23 00:00:00+09:00,2005.0,2020.0,1990.0,2020.0,33329,0.0,0.0
2017-05-24 00:00:00+09:00,2035.0,2180.0,1995.0,2050.0,578347,0.0,0.0
2017-05-25 00:00:00+09:00,2040.0,2105.0,2040.0,2075.0,145632,0.0,0.0
2017-05-26 00:00:00+09:00,2080.0,2135.0,2070.0,2070.0,93219,0.0,0.0
2017-05-29 00:00:00+09:00,2070.0,2090.0,1970.0,2055.0,99054,0.0,0.0
2017-05-30 00:00:00+09:00,2055.0,2055.0,1925.0,2045.0,83613,0.0,0.0
2017-05-31 00:00:00+09:00,2020.0,2050.0,2005.0,2050.0,27881,0.0,0.0
2017-06-01 00:00:00+09:00,2050.0,2050.0,1995.0,2000.0,59881,0.0,0.0
2017-06-02 00:00:00+09:00,2005.0,2040.0,1990.0,2005.0,53593,0.0,0.0
2017-06-05 00:00:00+09:00,2005.0,2045.0,1990.0,2045.0,46826,0.0,0.0
2017-06-07 00:00:00+09:00,2045.0,2045.0,2010.0,2045.0,35152,0.0,0.0
2017-06-08 00:00:00+09:00,2045.0,2045.0,2010.0,2030.0,28177,0.0,0.0
2017-06-09 00:00:00+09:00,2030.0,2030.0,2005.0,2030.0,36913,0.0,0.0
2017-06-12 00:00:00+09:00,2030.0,2035.0,2010.0,2030.0,37424,0.0,0.0
2017-06-13 00:00:00+09:00,2030.0,2030.0,2005.0,2020.0,56027,0.0,0.0
2017-06-14 00:00:00+09:00,2020.0,2095.0,2010.0,2075.0,107760,0.0,0.0
2017-06-15 00:00:00+09:00,2070.0,2100.0,2050.0,2075.0,86487,0.0,0.0
2017-06-16 00:00:00+09:00,2085.0,2130.0,2055.0,2100.0,68410,0.0,0.0
2017-06-19 00:00:00+09:00,2115.0,2155.0,2105.0,2105.0,89989,0.0,0.0
2017-06-20 00:00:00+09:00,2105.0,2120.0,2060.0,2105.0,48351,0.0,0.0
2017-06-21 00:00:00+09:00,2095.0,2115.0,2065.0,2075.0,31511,0.0,0.0
2017-06-22 00:00:00+09:00,2075.0,2120.0,2060.0,2075.0,35312,0.0,0.0
2017-06-23 00:00:00+09:00,2075.0,2075.0,2040.0,2065.0,52751,0.0,0.0
2017-06-26 00:00:00+09:00,2060.0,2100.0,2020.0,2060.0,35577,0.0,0.0
2017-06-27 00:00:00+09:00,2060.0,2060.0,2030.0,2055.0,30502,0.0,0.0
2017-06-28 00:00:00+09:00,2055.0,2055.0,2015.0,2030.0,25118,0.0,0.0
2017-06-29 00:00:00+09:00,2035.0,2040.0,2015.0,2030.0,18964,0.0,0.0
2017-06-30 00:00:00+09:00,2030.0,2030.0,1995.0,2020.0,34340,0.0,0.0
2017-07-03 00:00:00+09:00,2025.0,2025.0,1970.0,1975.0,48325,0.0,0.0
2017-07-04 00:00:00+09:00,1980.0,1990.0,1945.0,1970.0,38881,0.0,0.0
2017-07-05 00:00:00+09:00,1970.0,1975.0,1925.0,1950.0,44069,0.0,0.0
2017-07-06 00:00:00+09:00,1950.0,1960.0,1825.0,1920.0,57667,0.0,0.0
2017-07-07 00:00:00+09:00,1925.0,1950.0,1900.0,1940.0,37256,0.0,0.0
2017-07-10 00:00:00+09:00,1940.0,1940.0,1880.0,1915.0,29615,0.0,0.0
2017-07-11 00:00:00+09:00,1920.0,1920.0,1840.0,1860.0,98759,0.0,0.0
2017-07-12 00:00:00+09:00,1860.0,1870.0,1765.0,1795.0,110639,0.0,0.0
2017-07-13 00:00:00+09:00,1800.0,1850.0,1780.0,1800.0,28800,0.0,0.0
2017-07-14 00:00:00+09:00,1785.0,1810.0,1700.0,1745.0,87182,0.0,0.0
2017-07-17 00:00:00+09:00,1745.0,1745.0,1700.0,1705.0,41272,0.0,0.0
2017-07-18 00:00:00+09:00,1710.0,1715.0,1580.0,1615.0,161809,0.0,0.0
2017-07-19 00:00:00+09:00,1615.0,2095.0,1585.0,2095.0,3930941,0.0,0.0
2017-07-20 00:00:00+09:00,2245.0,2290.0,1930.0,1990.0,2767466,0.0,0.0
2017-07-21 00:00:00+09:00,1970.0,2585.0,1950.0,2275.0,11590330,0.0,0.0
2017-07-24 00:00:00+09:00,2310.0,2845.0,2190.0,2675.0,11932350,0.0,0.0
2017-07-25 00:00:00+09:00,2685.0,3135.0,2590.0,2675.0,9369492,0.0,0.0
2017-07-26 00:00:00+09:00,2770.0,3175.0,2700.0,2845.0,7842147,0.0,0.0
2017-07-27 00:00:00+09:00,2945.0,3235.0,2650.0,2740.0,4236406,0.0,0.0
2017-07-28 00:00:00+09:00,2905.0,2945.0,2615.0,2650.0,1966586,0.0,0.0
2017-07-31 00:00:00+09:00,2625.0,2740.0,2460.0,2580.0,2189915,0.0,0.0
2017-08-01 00:00:00+09:00,2820.0,3000.0,2660.0,2705.0,6586594,0.0,0.0
2017-08-02 00:00:00+09:00,2705.0,2705.0,2495.0,2520.0,1115728,0.0,0.0
2017-08-03 00:00:00+09:00,2470.0,2570.0,2405.0,2525.0,1312334,0.0,0.0
2017-08-04 00:00:00+09:00,2475.0,2585.0,2440.0,2570.0,1385450,0.0,0.0
2017-08-07 00:00:00+09:00,2530.0,2560.0,2365.0,2380.0,1132095,0.0,0.0
2017-08-08 00:00:00+09:00,2590.0,3090.0,2555.0,3090.0,11797490,0.0,0.0
2017-08-09 00:00:00+09:00,3300.0,3350.0,2980.0,3090.0,8984218,0.0,0.0
2017-08-10 00:00:00+09:00,3070.0,3450.0,3010.0,3050.0,8665790,0.0,0.0
2017-08-11 00:00:00+09:00,3205.0,3300.0,2650.0,2770.0,3556488,0.0,0.0
2017-08-14 00:00:00+09:00,2775.0,3090.0,2625.0,2850.0,4645037,0.0,0.0
2017-08-16 00:00:00+09:00,2850.0,2960.0,2740.0,2750.0,1484728,0.0,0.0
2017-08-17 00:00:00+09:00,2790.0,3520.0,2775.0,3310.0,19451550,0.0,0.0
2017-08-18 00:00:00+09:00,3355.0,3900.0,3250.0,3450.0,18181550,0.0,0.0
2017-08-21 00:00:00+09:00,3450.0,3625.0,3355.0,3400.0,4754613,0.0,0.0
2017-08-22 00:00:00+09:00,3405.0,3495.0,3180.0,3190.0,1626906,0.0,0.0
2017-08-23 00:00:00+09:00,3235.0,3690.0,3220.0,3330.0,9262932,0.0,0.0
2017-08-24 00:00:00+09:00,3355.0,3360.0,3145.0,3210.0,1700884,0.0,0.0
2017-08-25 00:00:00+09:00,3300.0,3310.0,3090.0,3110.0,1773871,0.0,0.0
2017-08-28 00:00:00+09:00,3050.0,3240.0,3045.0,3120.0,1410491,0.0,0.0
2017-08-29 00:00:00+09:00,3080.0,3725.0,3055.0,3340.0,18552790,0.0,0.0
2017-08-30 00:00:00+09:00,3360.0,3630.0,3280.0,3405.0,6546261,0.0,0.0
2017-08-31 00:00:00+09:00,3420.0,3440.0,3190.0,3225.0,1822428,0.0,0.0
2017-09-01 00:00:00+09:00,3240.0,3270.0,3100.0,3140.0,1105793,0.0,0.0
2017-09-04 00:00:00+09:00,3070.0,3480.0,3050.0,3185.0,7190002,0.0,0.0
2017-09-05 00:00:00+09:00,3215.0,3280.0,3040.0,3095.0,1490240,0.0,0.0
2017-09-06 00:00:00+09:00,3100.0,3180.0,3035.0,3070.0,588453,0.0,0.0
2017-09-07 00:00:00+09:00,3120.0,3240.0,3065.0,3065.0,1256579,0.0,0.0
2017-09-08 00:00:00+09:00,3150.0,3150.0,2845.0,2920.0,909543,0.0,0.0
2017-09-11 00:00:00+09:00,2920.0,2955.0,2800.0,2820.0,643527,0.0,0.0
2017-09-12 00:00:00+09:00,2820.0,2870.0,2785.0,2815.0,415167,0.0,0.0
2017-09-13 00:00:00+09:00,2800.0,2940.0,2775.0,2815.0,892320,0.0,0.0
2017-09-14 00:00:00+09:00,2820.0,2875.0,2775.0,2790.0,475692,0.0,0.0
2017-09-15 00:00:00+09:00,2820.0,2820.0,2655.0,2665.0,559401,0.0,0.0
2017-09-18 00:00:00+09:00,2650.0,2740.0,2645.0,2680.0,218501,0.0,0.0
2017-09-19 00:00:00+09:00,2730.0,3195.0,2685.0,2815.0,6925978,0.0,0.0
2017-09-20 00:00:00+09:00,2815.0,2860.0,2685.0,2710.0,1028270,0.0,0.0
2017-09-21 00:00:00+09:00,2800.0,3095.0,2735.0,2735.0,5863617,0.0,0.0
2017-09-25 00:00:00+09:00,2935.0,3000.0,2750.0,2775.0,1711923,0.0,0.0
2017-09-26 00:00:00+09:00,2725.0,2835.0,2670.0,2705.0,635126,0.0,0.0
2017-09-27 00:00:00+09:00,2710.0,2725.0,2520.0,2600.0,742414,0.0,0.0
2017-09-28 00:00:00+09:00,2600.0,2720.0,2565.0,2575.0,531731,0.0,0.0
2017-09-29 00:00:00+09:00,2580.0,2640.0,2490.0,2600.0,299133,0.0,0.0
2017-10-10 00:00:00+09:00,2590.0,2640.0,2535.0,2640.0,246548,0.0,0.0
2017-10-11 00:00:00+09:00,2750.0,2870.0,2640.0,2685.0,2826978,0.0,0.0
2017-10-12 00:00:00+09:00,2685.0,2765.0,2645.0,2665.0,409838,0.0,0.0
2017-10-13 00:00:00+09:00,2695.0,2695.0,2530.0,2550.0,353222,0.0,0.0
2017-10-16 00:00:00+09:00,2600.0,2655.0,2535.0,2535.0,481534,0.0,0.0
2017-10-17 00:00:00+09:00,2520.0,2550.0,2475.0,2500.0,226492,0.0,0.0
2017-10-18 00:00:00+09:00,2520.0,2650.0,2420.0,2440.0,790879,0.0,0.0
2017-10-19 00:00:00+09:00,2490.0,2540.0,2440.0,2455.0,296817,0.0,0.0
2017-10-20 00:00:00+09:00,2465.0,2675.0,2440.0,2495.0,2223004,0.0,0.0
2017-10-23 00:00:00+09:00,2550.0,2610.0,2485.0,2500.0,956971,0.0,0.0
2017-10-24 00:00:00+09:00,2500.0,2520.0,2470.0,2500.0,251716,0.0,0.0
2017-10-25 00:00:00+09:00,2520.0,2540.0,2475.0,2525.0,334746,0.0,0.0
2017-10-26 00:00:00+09:00,2530.0,2535.0,2455.0,2455.0,351566,0.0,0.0
2017-10-27 00:00:00+09:00,2485.0,2510.0,2460.0,2475.0,241644,0.0,0.0
2017-10-30 00:00:00+09:00,2465.0,2490.0,2455.0,2455.0,150495,0.0,0.0
2017-10-31 00:00:00+09:00,2485.0,2490.0,2445.0,2465.0,219496,0.0,0.0
2017-11-01 00:00:00+09:00,2455.0,2515.0,2455.0,2485.0,314574,0.0,0.0
2017-11-02 00:00:00+09:00,2490.0,2490.0,2455.0,2460.0,160986,0.0,0.0
2017-11-03 00:00:00+09:00,2465.0,2480.0,2335.0,2360.0,394415,0.0,0.0
2017-11-06 00:00:00+09:00,2390.0,2390.0,2290.0,2305.0,206423,0.0,0.0
2017-11-07 00:00:00+09:00,2305.0,2365.0,2305.0,2340.0,182399,0.0,0.0
2017-11-08 00:00:00+09:00,2340.0,2430.0,2325.0,2370.0,358265,0.0,0.0
2017-11-09 00:00:00+09:00,2370.0,2385.0,2340.0,2355.0,103926,0.0,0.0
2017-11-10 00:00:00+09:00,2355.0,2395.0,2340.0,2380.0,153117,0.0,0.0
2017-11-13 00:00:00+09:00,2385.0,2390.0,2335.0,2340.0,116323,0.0,0.0
2017-11-14 00:00:00+09:00,2340.0,2370.0,2300.0,2315.0,165840,0.0,0.0
2017-11-15 00:00:00+09:00,2315.0,2315.0,2190.0,2210.0,259701,0.0,0.0
2017-11-16 00:00:00+09:00,2250.0,2275.0,2215.0,2250.0,107793,0.0,0.0
2017-11-17 00:00:00+09:00,2245.0,2435.0,2245.0,2290.0,480335,0.0,0.0
2017-11-20 00:00:00+09:00,2265.0,2300.0,2250.0,2285.0,129542,0.0,0.0
2017-11-21 00:00:00+09:00,2275.0,2295.0,2245.0,2245.0,144882,0.0,0.0
2017-11-22 00:00:00+09:00,2245.0,2250.0,2210.0,2215.0,91979,0.0,0.0
2017-11-23 00:00:00+09:00,2215.0,2260.0,2215.0,2245.0,62731,0.0,0.0
2017-11-24 00:00:00+09:00,2260.0,2290.0,2230.0,2275.0,191858,0.0,0.0
2017-11-27 00:00:00+09:00,2305.0,2405.0,2265.0,2285.0,482862,0.0,0.0
2017-11-28 00:00:00+09:00,2280.0,2320.0,2250.0,2260.0,122705,0.0,0.0
2017-11-29 00:00:00+09:00,2250.0,2285.0,2210.0,2220.0,103940,0.0,0.0
2017-11-30 00:00:00+09:00,2225.0,2250.0,2215.0,2220.0,65222,0.0,0.0
2017-12-01 00:00:00+09:00,2220.0,2320.0,2220.0,2235.0,217663,0.0,0.0
2017-12-04 00:00:00+09:00,2250.0,2315.0,2235.0,2245.0,133426,0.0,0.0
2017-12-05 00:00:00+09:00,2260.0,2915.0,2250.0,2915.0,11078980,0.0,0.0
2017-12-06 00:00:00+09:00,3040.0,3585.0,2945.0,3390.0,14464430,0.0,0.0
2017-12-07 00:00:00+09:00,3285.0,3285.0,2960.0,3065.0,3128334,0.0,0.0
2017-12-08 00:00:00+09:00,3130.0,3700.0,2720.0,2885.0,12379230,0.0,0.0
2017-12-11 00:00:00+09:00,2840.0,3120.0,2730.0,2940.0,2817988,0.0,0.0
2017-12-12 00:00:00+09:00,2960.0,2965.0,2715.0,2770.0,1488524,0.0,0.0
2017-12-13 00:00:00+09:00,2810.0,3020.0,2740.0,2835.0,2995240,0.0,0.0
2017-12-14 00:00:00+09:00,2875.0,3340.0,2875.0,3060.0,12238490,0.0,0.0
2017-12-15 00:00:00+09:00,3115.0,3235.0,2980.0,3080.0,2640287,0.0,0.0
2017-12-18 00:00:00+09:00,3145.0,3350.0,3030.0,3110.0,2888261,0.0,0.0
2017-12-19 00:00:00+09:00,3090.0,3140.0,2815.0,2870.0,1178419,0.0,0.0
2017-12-21 00:00:00+09:00,2795.0,2845.0,2640.0,2655.0,525742,0.0,0.0
2017-12-22 00:00:00+09:00,2690.0,2770.0,2615.0,2640.0,417952,0.0,0.0
2017-12-26 00:00:00+09:00,2660.0,2670.0,2500.0,2560.0,357599,0.0,0.0
2017-12-27 00:00:00+09:00,2540.0,2620.0,2540.0,2580.0,242706,0.0,0.0
2017-12-28 00:00:00+09:00,2620.0,2655.0,2575.0,2580.0,382591,0.0,0.0
2018-01-02 00:00:00+09:00,2610.0,2835.0,2560.0,2715.0,1039686,0.0,0.0
2018-01-03 00:00:00+09:00,2715.0,2745.0,2680.0,2720.0,381072,0.0,0.0
2018-01-04 00:00:00+09:00,2735.0,3170.0,2710.0,2965.0,5407599,0.0,0.0
2018-01-05 00:00:00+09:00,2955.0,2980.0,2865.0,2930.0,698260,0.0,0.0
2018-01-08 00:00:00+09:00,2930.0,3025.0,2870.0,2990.0,1051212,0.0,0.0
2018-01-09 00:00:00+09:00,3165.0,3225.0,2830.0,2850.0,2378013,0.0,0.0
2018-01-10 00:00:00+09:00,2890.0,2930.0,2750.0,2800.0,442616,0.0,0.0
2018-01-11 00:00:00+09:00,2830.0,3190.0,2800.0,3065.0,3837198,0.0,0.0
2018-01-12 00:00:00+09:00,3000.0,3065.0,2945.0,3035.0,803010,0.0,0.0
2018-01-15 00:00:00+09:00,3070.0,3100.0,2900.0,2935.0,756072,0.0,0.0
2018-01-16 00:00:00+09:00,2925.0,3040.0,2920.0,2925.0,900711,0.0,0.0
2018-01-17 00:00:00+09:00,2945.0,3070.0,2905.0,2905.0,1116252,0.0,0.0
2018-01-18 00:00:00+09:00,2915.0,2980.0,2880.0,2895.0,488114,0.0,0.0
2018-01-19 00:00:00+09:00,2915.0,3080.0,2875.0,3005.0,952529,0.0,0.0
2018-01-22 00:00:00+09:00,2990.0,3150.0,2970.0,3145.0,1510471,0.0,0.0
2018-01-23 00:00:00+09:00,3100.0,3160.0,3065.0,3150.0,597110,0.0,0.0
2018-01-24 00:00:00+09:00,3130.0,3190.0,3075.0,3115.0,770182,0.0,0.0
2018-01-25 00:00:00+09:00,3110.0,3155.0,3035.0,3070.0,474842,0.0,0.0
2018-01-26 00:00:00+09:00,3100.0,3290.0,3065.0,3105.0,1134249,0.0,0.0
2018-01-29 00:00:00+09:00,3125.0,3850.0,3110.0,3650.0,10403970,0.0,0.0
2018-01-30 00:00:00+09:00,3720.0,3740.0,3460.0,3580.0,1939955,0.0,0.0
2018-01-31 00:00:00+09:00,3630.0,4635.0,3625.0,4235.0,23097490,0.0,0.0
2018-02-01 00:00:00+09:00,4180.0,4265.0,3960.0,4070.0,4091796,0.0,0.0
2018-02-02 00:00:00+09:00,4115.0,4750.0,3740.0,3840.0,11867380,0.0,0.0
2018-02-05 00:00:00+09:00,3765.0,4035.0,3595.0,3600.0,2430620,0.0,0.0
2018-02-07 00:00:00+09:00,3450.0,3540.0,3120.0,3120.0,2052886,0.0,0.0
2018-02-08 00:00:00+09:00,3160.0,3845.0,3110.0,3455.0,10440110,0.0,0.0
2018-02-09 00:00:00+09:00,3400.0,3895.0,3290.0,3510.0,7399515,0.0,0.0
2018-02-12 00:00:00+09:00,3520.0,3615.0,3450.0,3455.0,1667012,0.0,0.0
2018-02-13 00:00:00+09:00,3515.0,3670.0,3325.0,3395.0,1763206,0.0,0.0
2018-02-14 00:00:00+09:00,3405.0,3515.0,3230.0,3265.0,849615,0.0,0.0
2018-02-19 00:00:00+09:00,3300.0,3595.0,3265.0,3420.0,1857989,0.0,0.0
2018-02-20 00:00:00+09:00,3430.0,3535.0,3390.0,3395.0,999416,0.0,0.0
2018-02-21 00:00:00+09:00,3420.0,3525.0,3385.0,3415.0,711851,0.0,0.0
2018-02-22 00:00:00+09:00,3495.0,3525.0,3320.0,3355.0,883657,0.0,0.0
2018-02-23 00:00:00+09:00,3370.0,3415.0,3260.0,3270.0,517041,0.0,0.0
2018-02-26 00:00:00+09:00,3275.0,3350.0,3180.0,3195.0,577716,0.0,0.0
2018-02-27 00:00:00+09:00,3230.0,3250.0,3140.0,3145.0,321688,0.0,0.0
2018-02-28 00:00:00+09:00,3160.0,3475.0,3130.0,3215.0,1582086,0.0,0.0
2018-03-07 00:00:00+09:00,3165.0,3215.0,3050.0,3050.0,487519,0.0,0.0
2018-03-08 00:00:00+09:00,3060.0,3145.0,3020.0,3045.0,391784,0.0,0.0
2018-03-09 00:00:00+09:00,3095.0,3140.0,3050.0,3090.0,306450,0.0,0.0
2018-03-12 00:00:00+09:00,3120.0,3285.0,3080.0,3255.0,955238,0.0,0.0
2018-03-13 00:00:00+09:00,3280.0,3340.0,3195.0,3200.0,510363,0.0,0.0
2018-03-14 00:00:00+09:00,3230.0,3265.0,3140.0,3170.0,317444,0.0,0.0
2018-03-15 00:00:00+09:00,3185.0,3280.0,3130.0,3245.0,364197,0.0,0.0
2018-03-16 00:00:00+09:00,3250.0,3350.0,3200.0,3225.0,523451,0.0,0.0
2018-03-19 00:00:00+09:00,3225.0,3255.0,3160.0,3170.0,215198,0.0,0.0
2018-03-20 00:00:00+09:00,3170.0,3200.0,3145.0,3170.0,199027,0.0,0.0
2018-03-21 00:00:00+09:00,3175.0,3300.0,3145.0,3170.0,406550,0.0,0.0
2018-03-22 00:00:00+09:00,3145.0,3185.0,3075.0,3110.0,288872,0.0,0.0
2018-03-23 00:00:00+09:00,3045.0,3250.0,2975.0,3000.0,925899,0.0,0.0
2018-03-26 00:00:00+09:00,3045.0,3045.0,2910.0,2985.0,182642,0.0,0.0
2018-03-27 00:00:00+09:00,3045.0,3045.0,2945.0,2965.0,311462,0.0,0.0
2018-03-28 00:00:00+09:00,2955.0,2995.0,2905.0,2925.0,225461,0.0,0.0
2018-03-29 00:00:00+09:00,2935.0,2970.0,2885.0,2965.0,337683,0.0,0.0
2018-03-30 00:00:00+09:00,2965.0,3000.0,2945.0,2960.0,190263,0.0,0.0
2018-04-02 00:00:00+09:00,2955.0,2985.0,2900.0,2920.0,171826,0.0,0.0
2018-04-03 00:00:00+09:00,2890.0,2950.0,2885.0,2950.0,91792,0.0,0.0
2018-04-04 00:00:00+09:00,2945.0,2980.0,2875.0,2900.0,134336,0.0,0.0
2018-04-05 00:00:00+09:00,2900.0,2930.0,2790.0,2790.0,222676,0.0,0.0
2018-04-06 00:00:00+09:00,2835.0,2835.0,2750.0,2765.0,119007,0.0,0.0
2018-04-09 00:00:00+09:00,2785.0,2825.0,2760.0,2795.0,90369,0.0,0.0
2018-04-10 00:00:00+09:00,2815.0,2820.0,2690.0,2740.0,109149,0.0,0.0
2018-04-11 00:00:00+09:00,2735.0,2790.0,2735.0,2780.0,83015,0.0,0.0
2018-04-12 00:00:00+09:00,2780.0,2920.0,2775.0,2890.0,237759,0.0,0.0
2018-04-13 00:00:00+09:00,2905.0,2925.0,2825.0,2865.0,113134,0.0,0.0
2018-04-16 00:00:00+09:00,2865.0,2915.0,2845.0,2880.0,87753,0.0,0.0
2018-04-17 00:00:00+09:00,2880.0,2945.0,2855.0,2945.0,162995,0.0,0.0
2018-04-18 00:00:00+09:00,2965.0,3175.0,2910.0,3030.0,849925,0.0,0.0
2018-04-19 00:00:00+09:00,3045.0,3045.0,2960.0,2970.0,235321,0.0,0.0
2018-04-20 00:00:00+09:00,2990.0,3015.0,2960.0,2960.0,143379,0.0,0.0
2018-04-23 00:00:00+09:00,3000.0,3000.0,2910.0,2940.0,97479,0.0,0.0
2018-04-24 00:00:00+09:00,2950.0,3175.0,2925.0,3140.0,330215,0.0,0.0
2018-04-25 00:00:00+09:00,3400.0,4080.0,3195.0,3195.0,16932960,0.0,0.0
2018-04-26 00:00:00+09:00,3115.0,3125.0,3010.0,3010.0,1315222,0.0,0.0
2018-04-27 00:00:00+09:00,3060.0,3060.0,2935.0,2945.0,756395,0.0,0.0
2018-04-30 00:00:00+09:00,2920.0,2960.0,2780.0,2800.0,750711,0.0,0.0
2018-05-02 00:00:00+09:00,2810.0,2960.0,2790.0,2905.0,689103,0.0,0.0
2018-05-03 00:00:00+09:00,2905.0,3095.0,2875.0,2965.0,931583,0.0,0.0
2018-05-04 00:00:00+09:00,2960.0,3030.0,2930.0,3015.0,384697,0.0,0.0
2018-05-08 00:00:00+09:00,3050.0,3080.0,2980.0,3025.0,359441,0.0,0.0
2018-05-09 00:00:00+09:00,3055.0,3060.0,2930.0,3000.0,292193,0.0,0.0
2018-05-10 00:00:00+09:00,3000.0,3110.0,2965.0,3100.0,450456,0.0,0.0
2018-05-11 00:00:00+09:00,3140.0,3140.0,3040.0,3060.0,227014,0.0,0.0
2018-05-14 00:00:00+09:00,3075.0,3095.0,3025.0,3025.0,248445,0.0,0.0
2018-05-15 00:00:00+09:00,3040.0,3485.0,3025.0,3250.0,2498925,0.0,0.0
2018-05-16 00:00:00+09:00,3195.0,3915.0,3130.0,3390.0,16581000,0.0,0.0
2018-05-17 00:00:00+09:00,3350.0,3445.0,3115.0,3175.0,2101790,0.0,0.0
2018-05-18 00:00:00+09:00,3235.0,3390.0,3200.0,3225.0,1301459,0.0,0.0
2018-05-21 00:00:00+09:00,3235.0,3680.0,3190.0,3440.0,3338031,0.0,0.0
2018-05-23 00:00:00+09:00,3440.0,3870.0,3400.0,3555.0,6918334,0.0,0.0
2018-05-24 00:00:00+09:00,3495.0,3620.0,3430.0,3530.0,1461639,0.0,0.0
2018-05-25 00:00:00+09:00,3485.0,3940.0,3255.0,3285.0,5796241,0.0,0.0
2018-05-28 00:00:00+09:00,3320.0,3570.0,3285.0,3455.0,1170457,0.0,0.0
2018-05-29 00:00:00+09:00,3550.0,3670.0,3410.0,3430.0,1400798,0.0,0.0
2018-05-30 00:00:00+09:00,3400.0,3575.0,3395.0,3405.0,826144,0.0,0.0
2018-05-31 00:00:00+09:00,3435.0,3480.0,3295.0,3410.0,441381,0.0,0.0
2018-06-01 00:00:00+09:00,3495.0,3580.0,3305.0,3365.0,903515,0.0,0.0
2018-06-04 00:00:00+09:00,3430.0,3635.0,3375.0,3570.0,1576985,0.0,0.0
2018-06-05 00:00:00+09:00,3605.0,3635.0,3385.0,3400.0,722137,0.0,0.0
2018-06-07 00:00:00+09:00,3440.0,3460.0,3325.0,3335.0,366010,0.0,0.0
2018-06-08 00:00:00+09:00,3325.0,3330.0,3195.0,3220.0,302006,0.0,0.0
2018-06-11 00:00:00+09:00,3220.0,3330.0,3220.0,3315.0,239580,0.0,0.0
2018-06-12 00:00:00+09:00,3350.0,3410.0,3275.0,3290.0,315136,0.0,0.0
2018-06-14 00:00:00+09:00,3330.0,3545.0,3310.0,3400.0,826075,0.0,0.0
2018-06-15 00:00:00+09:00,3430.0,3485.0,3240.0,3315.0,301956,0.0,0.0
2018-06-18 00:00:00+09:00,3260.0,3310.0,3115.0,3160.0,292527,0.0,0.0
2018-06-19 00:00:00+09:00,3105.0,3200.0,2970.0,2970.0,280402,0.0,0.0
2018-06-20 00:00:00+09:00,2970.0,3060.0,2930.0,2975.0,116273,0.0,0.0
2018-06-21 00:00:00+09:00,3000.0,3110.0,3000.0,3040.0,157782,0.0,0.0
2018-06-22 00:00:00+09:00,3025.0,3050.0,2890.0,2965.0,176736,0.0,0.0
2018-06-25 00:00:00+09:00,2940.0,3040.0,2940.0,3020.0,59317,0.0,0.0
2018-06-26 00:00:00+09:00,3020.0,3080.0,2935.0,2980.0,103851,0.0,0.0
2018-06-27 00:00:00+09:00,2990.0,3020.0,2935.0,2950.0,60935,0.0,0.0
2018-06-28 00:00:00+09:00,2950.0,2970.0,2840.0,2880.0,82043,0.0,0.0
2018-06-29 00:00:00+09:00,2880.0,2950.0,2780.0,2810.0,83625,0.0,0.0
2018-07-02 00:00:00+09:00,2800.0,2860.0,2610.0,2620.0,161994,0.0,0.0
2018-07-03 00:00:00+09:00,2580.0,2715.0,2580.0,2675.0,96670,0.0,0.0
2018-07-04 00:00:00+09:00,2675.0,2715.0,2650.0,2700.0,69409,0.0,0.0
2018-07-05 00:00:00+09:00,2700.0,2745.0,2610.0,2660.0,66616,0.0,0.0
2018-07-06 00:00:00+09:00,2645.0,2720.0,2610.0,2690.0,59041,0.0,0.0
2018-07-09 00:00:00+09:00,2670.0,2695.0,2625.0,2635.0,60740,0.0,0.0
2018-07-10 00:00:00+09:00,2640.0,2800.0,2640.0,2785.0,73979,0.0,0.0
2018-07-11 00:00:00+09:00,2825.0,2860.0,2745.0,2765.0,112339,0.0,0.0
2018-07-12 00:00:00+09:00,2800.0,2800.0,2725.0,2780.0,29146,0.0,0.0
2018-07-13 00:00:00+09:00,2790.0,2945.0,2775.0,2865.0,159700,0.0,0.0
2018-07-16 00:00:00+09:00,2935.0,2950.0,2840.0,2860.0,67709,0.0,0.0
2018-07-17 00:00:00+09:00,2890.0,2890.0,2820.0,2835.0,67119,0.0,0.0
2018-07-18 00:00:00+09:00,2865.0,2865.0,2745.0,2775.0,82327,0.0,0.0
2018-07-19 00:00:00+09:00,2785.0,2800.0,2715.0,2730.0,55616,0.0,0.0
2018-07-20 00:00:00+09:00,2730.0,3285.0,2730.0,2810.0,3334345,0.0,0.0
2018-07-23 00:00:00+09:00,2805.0,2805.0,2670.0,2670.0,183166,0.0,0.0
2018-07-24 00:00:00+09:00,2670.0,2730.0,2605.0,2630.0,178102,0.0,0.0
2018-07-25 00:00:00+09:00,2595.0,3045.0,2595.0,2730.0,1951971,0.0,0.0
2018-07-26 00:00:00+09:00,2690.0,2830.0,2690.0,2810.0,191157,0.0,0.0
2018-07-27 00:00:00+09:00,2810.0,2860.0,2760.0,2860.0,128987,0.0,0.0
2018-07-30 00:00:00+09:00,2875.0,2880.0,2835.0,2860.0,89357,0.0,0.0
2018-07-31 00:00:00+09:00,2880.0,3100.0,2810.0,2930.0,963306,0.0,0.0
2018-08-01 00:00:00+09:00,2900.0,2965.0,2870.0,2900.0,176018,0.0,0.0
2018-08-02 00:00:00+09:00,2900.0,3035.0,2835.0,2865.0,298589,0.0,0.0
2018-08-03 00:00:00+09:00,2850.0,2900.0,2830.0,2845.0,87474,0.0,0.0
2018-08-06 00:00:00+09:00,2885.0,2910.0,2845.0,2880.0,63980,0.0,0.0
2018-08-07 00:00:00+09:00,2880.0,2910.0,2835.0,2865.0,72903,0.0,0.0
2018-08-08 00:00:00+09:00,2885.0,2950.0,2860.0,2880.0,149477,0.0,0.0
2018-08-09 00:00:00+09:00,2880.0,2885.0,2820.0,2830.0,71906,0.0,0.0
2018-08-10 00:00:00+09:00,2835.0,2850.0,2770.0,2770.0,73219,0.0,0.0
2018-08-13 00:00:00+09:00,2790.0,2900.0,2685.0,2685.0,243113,0.0,0.0
2018-08-14 00:00:00+09:00,2720.0,2775.0,2700.0,2755.0,49575,0.0,0.0
2018-08-16 00:00:00+09:00,2690.0,2735.0,2635.0,2725.0,78797,0.0,0.0
2018-08-17 00:00:00+09:00,2725.0,2790.0,2695.0,2755.0,40026,0.0,0.0
2018-08-20 00:00:00+09:00,2730.0,2780.0,2700.0,2725.0,52767,0.0,0.0
2018-08-21 00:00:00+09:00,2725.0,2765.0,2700.0,2735.0,43880,0.0,0.0
2018-08-22 00:00:00+09:00,2740.0,2860.0,2705.0,2750.0,106770,0.0,0.0
2018-08-23 00:00:00+09:00,2750.0,2810.0,2750.0,2810.0,58967,0.0,0.0
2018-08-24 00:00:00+09:00,2785.0,2835.0,2760.0,2785.0,58781,0.0,0.0
2018-08-27 00:00:00+09:00,2790.0,2970.0,2725.0,2950.0,330989,0.0,0.0
2018-08-28 00:00:00+09:00,3090.0,3155.0,2830.0,2835.0,756560,0.0,0.0
2018-08-29 00:00:00+09:00,2835.0,2840.0,2790.0,2820.0,115058,0.0,0.0
2018-08-30 00:00:00+09:00,2820.0,2850.0,2785.0,2785.0,82101,0.0,0.0
2018-08-31 00:00:00+09:00,2785.0,2810.0,2770.0,2790.0,57217,0.0,0.0
2018-09-03 00:00:00+09:00,2765.0,2820.0,2755.0,2755.0,70875,0.0,0.0
2018-09-04 00:00:00+09:00,2755.0,2810.0,2745.0,2760.0,66021,0.0,0.0
2018-09-05 00:00:00+09:00,2785.0,2785.0,2750.0,2775.0,62328,0.0,0.0
2018-09-06 00:00:00+09:00,2765.0,2815.0,2730.0,2755.0,100372,0.0,0.0
2018-09-07 00:00:00+09:00,2815.0,2850.0,2740.0,2760.0,118212,0.0,0.0
2018-09-10 00:00:00+09:00,2735.0,2780.0,2730.0,2760.0,79988,0.0,0.0
2018-09-11 00:00:00+09:00,2760.0,2845.0,2750.0,2805.0,154021,0.0,0.0
2018-09-12 00:00:00+09:00,2820.0,2840.0,2780.0,2805.0,94031,0.0,0.0
2018-09-13 00:00:00+09:00,2800.0,2870.0,2795.0,2835.0,130141,0.0,0.0
2018-09-14 00:00:00+09:00,2840.0,2900.0,2835.0,2855.0,146753,0.0,0.0
2018-09-17 00:00:00+09:00,2850.0,2850.0,2725.0,2760.0,148665,0.0,0.0
2018-09-18 00:00:00+09:00,2765.0,2770.0,2730.0,2740.0,121523,0.0,0.0
2018-09-19 00:00:00+09:00,2750.0,2750.0,2695.0,2695.0,86267,0.0,0.0
2018-09-20 00:00:00+09:00,2695.0,2710.0,2675.0,2695.0,78011,0.0,0.0
2018-09-21 00:00:00+09:00,2685.0,2740.0,2685.0,2740.0,39266,0.0,0.0
2018-09-27 00:00:00+09:00,2740.0,2740.0,2710.0,2730.0,37631,0.0,0.0
2018-09-28 00:00:00+09:00,2730.0,2740.0,2700.0,2710.0,38998,0.0,0.0
2018-10-01 00:00:00+09:00,2720.0,2720.0,2680.0,2690.0,35749,0.0,0.0
2018-10-02 00:00:00+09:00,2690.0,2710.0,2610.0,2610.0,79856,0.0,0.0
2018-10-04 00:00:00+09:00,2645.0,2645.0,2540.0,2560.0,41713,0.0,0.0
2018-10-05 00:00:00+09:00,2565.0,2620.0,2550.0,2550.0,40223,0.0,0.0
2018-10-08 00:00:00+09:00,2520.0,2590.0,2520.0,2535.0,28373,0.0,0.0
2018-10-10 00:00:00+09:00,2535.0,2610.0,2305.0,2305.0,110488,0.0,0.0
2018-10-11 00:00:00+09:00,2215.0,2380.0,2160.0,2160.0,83707,0.0,0.0
2018-10-12 00:00:00+09:00,2155.0,2270.0,2140.0,2265.0,73786,0.0,0.0
2018-10-15 00:00:00+09:00,2265.0,2290.0,2245.0,2290.0,32535,0.0,0.0
2018-10-16 00:00:00+09:00,2280.0,2325.0,2255.0,2315.0,27096,0.0,0.0
2018-10-17 00:00:00+09:00,2315.0,2375.0,2280.0,2320.0,45742,0.0,0.0
2018-10-18 00:00:00+09:00,2345.0,2765.0,2340.0,2450.0,2108460,0.0,0.0
2018-10-19 00:00:00+09:00,2390.0,2410.0,2345.0,2390.0,126540,0.0,0.0
2018-10-22 00:00:00+09:00,2355.0,2415.0,2350.0,2350.0,77472,0.0,0.0
2018-10-23 00:00:00+09:00,2350.0,2820.0,2330.0,2400.0,3962391,0.0,0.0
2018-10-24 00:00:00+09:00,2365.0,2650.0,2365.0,2560.0,3158615,0.0,0.0
2018-10-25 00:00:00+09:00,2500.0,2780.0,2450.0,2535.0,2801919,0.0,0.0
2018-10-26 00:00:00+09:00,2535.0,2675.0,2420.0,2480.0,1223614,0.0,0.0
2018-10-29 00:00:00+09:00,2465.0,2475.0,2105.0,2120.0,498452,0.0,0.0
2018-10-30 00:00:00+09:00,2010.0,2280.0,2000.0,2140.0,311062,0.0,0.0
2018-10-31 00:00:00+09:00,2165.0,2315.0,2105.0,2225.0,253986,0.0,0.0
2018-11-01 00:00:00+09:00,2235.0,2295.0,2220.0,2230.0,121620,0.0,0.0
2018-11-02 00:00:00+09:00,2255.0,2325.0,2220.0,2300.0,231617,0.0,0.0
2018-11-05 00:00:00+09:00,2270.0,2325.0,2250.0,2305.0,120108,0.0,0.0
2018-11-06 00:00:00+09:00,2320.0,2320.0,2220.0,2245.0,142539,0.0,0.0
2018-11-07 00:00:00+09:00,2255.0,2380.0,2235.0,2250.0,222209,0.0,0.0
2018-11-08 00:00:00+09:00,2300.0,2325.0,2260.0,2325.0,84936,0.0,0.0
2018-11-09 00:00:00+09:00,2345.0,2345.0,2260.0,2265.0,60505,0.0,0.0
2018-11-12 00:00:00+09:00,2245.0,2300.0,2245.0,2255.0,58455,0.0,0.0
2018-11-13 00:00:00+09:00,2215.0,2405.0,2215.0,2310.0,1104400,0.0,0.0
2018-11-14 00:00:00+09:00,2305.0,2350.0,2295.0,2300.0,121382,0.0,0.0
2018-11-15 00:00:00+09:00,2310.0,2350.0,2285.0,2325.0,111088,0.0,0.0
2018-11-16 00:00:00+09:00,2350.0,2375.0,2295.0,2295.0,112542,0.0,0.0
2018-11-19 00:00:00+09:00,2330.0,2360.0,2295.0,2350.0,86802,0.0,0.0
2018-11-20 00:00:00+09:00,2350.0,2570.0,2350.0,2380.0,1516330,0.0,0.0
2018-11-21 00:00:00+09:00,2420.0,2480.0,2365.0,2430.0,240561,0.0,0.0
2018-11-22 00:00:00+09:00,2460.0,2480.0,2400.0,2415.0,178467,0.0,0.0
2018-11-23 00:00:00+09:00,2400.0,2455.0,2335.0,2370.0,123142,0.0,0.0
2018-11-26 00:00:00+09:00,2325.0,2410.0,2325.0,2350.0,104217,0.0,0.0
2018-11-27 00:00:00+09:00,2365.0,2385.0,2340.0,2365.0,50392,0.0,0.0
2018-11-28 00:00:00+09:00,2395.0,2395.0,2320.0,2335.0,107360,0.0,0.0
2018-11-29 00:00:00+09:00,2370.0,2380.0,2325.0,2345.0,75457,0.0,0.0
2018-11-30 00:00:00+09:00,2365.0,2365.0,2290.0,2320.0,53814,0.0,0.0
2018-12-03 00:00:00+09:00,2320.0,2370.0,2295.0,2345.0,57883,0.0,0.0
2018-12-04 00:00:00+09:00,2360.0,2365.0,2315.0,2365.0,38855,0.0,0.0
2018-12-05 00:00:00+09:00,2440.0,2620.0,2350.0,2360.0,626475,0.0,0.0
2018-12-06 00:00:00+09:00,2365.0,2365.0,2285.0,2285.0,148656,0.0,0.0
2018-12-07 00:00:00+09:00,2295.0,2315.0,2275.0,2290.0,59866,0.0,0.0
2018-12-10 00:00:00+09:00,2275.0,2300.0,2255.0,2270.0,50281,0.0,0.0
2018-12-11 00:00:00+09:00,2255.0,2290.0,2230.0,2230.0,47020,0.0,0.0
2018-12-12 00:00:00+09:00,2230.0,2300.0,2165.0,2295.0,66198,0.0,0.0
2018-12-13 00:00:00+09:00,2300.0,2320.0,2275.0,2315.0,53687,0.0,0.0
2018-12-14 00:00:00+09:00,2285.0,2370.0,2275.0,2305.0,143531,0.0,0.0
2018-12-17 00:00:00+09:00,2315.0,2320.0,2245.0,2270.0,65251,0.0,0.0
2018-12-18 00:00:00+09:00,2290.0,2290.0,2240.0,2255.0,57460,0.0,0.0
2018-12-19 00:00:00+09:00,2240.0,2270.0,2235.0,2255.0,32930,0.0,0.0
2018-12-20 00:00:00+09:00,2260.0,2310.0,2235.0,2245.0,58476,0.0,0.0
2018-12-21 00:00:00+09:00,2245.0,2265.0,2230.0,2260.0,45620,0.0,0.0
2018-12-24 00:00:00+09:00,2245.0,2275.0,2230.0,2245.0,28265,0.0,0.0
2018-12-26 00:00:00+09:00,2225.0,2245.0,2135.0,2135.0,94248,0.0,0.0
2018-12-27 00:00:00+09:00,2205.0,2210.0,2130.0,2130.0,25368,0.0,0.0
2018-12-28 00:00:00+09:00,2115.0,2170.0,2115.0,2160.0,17200,0.0,0.0
2019-01-02 00:00:00+09:00,2160.0,2190.0,2145.0,2165.0,28760,0.0,0.0
2019-01-03 00:00:00+09:00,2165.0,2300.0,2145.0,2180.0,67696,0.0,0.0
2019-01-04 00:00:00+09:00,2230.0,2230.0,2140.0,2160.0,31597,0.0,0.0
2019-01-07 00:00:00+09:00,2160.0,2190.0,2155.0,2165.0,29011,0.0,0.0
2019-01-08 00:00:00+09:00,2165.0,2200.0,2150.0,2160.0,22145,0.0,0.0
2019-01-09 00:00:00+09:00,2185.0,2235.0,2165.0,2210.0,75606,0.0,0.0
2019-01-10 00:00:00+09:00,2210.0,2240.0,2200.0,2205.0,30402,0.0,0.0
2019-01-11 00:00:00+09:00,2215.0,2290.0,2205.0,2250.0,108204,0.0,0.0
2019-01-14 00:00:00+09:00,2260.0,2325.0,2250.0,2325.0,58171,0.0,0.0
2019-01-15 00:00:00+09:00,2305.0,2340.0,2305.0,2340.0,38829,0.0,0.0
2019-01-16 00:00:00+09:00,2330.0,2350.0,2305.0,2320.0,55923,0.0,0.0
2019-01-17 00:00:00+09:00,2320.0,2340.0,2295.0,2320.0,36721,0.0,0.0
2019-01-18 00:00:00+09:00,2325.0,2350.0,2295.0,2330.0,66687,0.0,0.0
2019-01-21 00:00:00+09:00,2335.0,2350.0,2320.0,2345.0,43795,0.0,0.0
2019-01-22 00:00:00+09:00,2360.0,2480.0,2340.0,2385.0,264648,0.0,0.0
2019-01-23 00:00:00+09:00,2385.0,2435.0,2360.0,2390.0,80707,0.0,0.0
2019-01-24 00:00:00+09:00,2430.0,2430.0,2375.0,2410.0,29836,0.0,0.0
2019-01-25 00:00:00+09:00,2410.0,2445.0,2385.0,2400.0,38160,0.0,0.0
2019-01-28 00:00:00+09:00,2380.0,2400.0,2350.0,2350.0,53498,0.0,0.0
2019-01-29 00:00:00+09:00,2370.0,2485.0,2370.0,2420.0,106443,0.0,0.0
2019-01-30 00:00:00+09:00,2405.0,2455.0,2375.0,2415.0,47966,0.0,0.0
2019-01-31 00:00:00+09:00,2415.0,2430.0,2350.0,2405.0,38028,0.0,0.0
2019-02-01 00:00:00+09:00,2395.0,2410.0,2350.0,2400.0,32690,0.0,0.0
2019-02-07 00:00:00+09:00,2380.0,2425.0,2375.0,2400.0,24783,0.0,0.0
2019-02-08 00:00:00+09:00,2400.0,2415.0,2370.0,2410.0,26045,0.0,0.0
2019-02-11 00:00:00+09:00,2420.0,2440.0,2400.0,2425.0,68736,0.0,0.0
2019-02-12 00:00:00+09:00,2425.0,2450.0,2405.0,2450.0,61864,0.0,0.0
2019-02-13 00:00:00+09:00,2450.0,2470.0,2425.0,2430.0,39650,0.0,0.0
2019-02-14 00:00:00+09:00,2435.0,2450.0,2415.0,2440.0,55748,0.0,0.0
2019-02-15 00:00:00+09:00,2420.0,2455.0,2415.0,2450.0,36506,0.0,0.0
2019-02-18 00:00:00+09:00,2445.0,2470.0,2430.0,2455.0,32144,0.0,0.0
2019-02-19 00:00:00+09:00,2460.0,2460.0,2425.0,2450.0,23777,0.0,0.0
2019-02-20 00:00:00+09:00,2450.0,2465.0,2370.0,2370.0,72497,0.0,0.0
2019-02-21 00:00:00+09:00,2400.0,2435.0,2360.0,2415.0,48881,0.0,0.0
2019-02-22 00:00:00+09:00,2430.0,2435.0,2370.0,2385.0,36433,0.0,0.0
2019-02-25 00:00:00+09:00,2385.0,2410.0,2370.0,2395.0,22545,0.0,0.0
2019-02-26 00:00:00+09:00,2395.0,2410.0,2375.0,2400.0,15039,0.0,0.0
2019-02-27 00:00:00+09:00,2440.0,2440.0,2375.0,2400.0,21632,0.0,0.0
2019-02-28 00:00:00+09:00,2400.0,2405.0,2275.0,2290.0,75414,0.0,0.0
2019-03-04 00:00:00+09:00,2290.0,2345.0,2290.0,2305.0,54979,0.0,0.0
2019-03-05 00:00:00+09:00,2265.0,2320.0,2255.0,2300.0,37062,0.0,0.0
2019-03-06 00:00:00+09:00,2325.0,2325.0,2280.0,2310.0,11827,0.0,0.0
2019-03-07 00:00:00+09:00,2310.0,2320.0,2250.0,2310.0,25589,0.0,0.0
2019-03-08 00:00:00+09:00,2300.0,2305.0,2255.0,2270.0,28003,0.0,0.0
2019-03-11 00:00:00+09:00,2260.0,2330.0,2235.0,2260.0,57662,0.0,0.0
2019-03-12 00:00:00+09:00,2270.0,2270.0,2180.0,2250.0,34872,0.0,0.0
2019-03-13 00:00:00+09:00,2250.0,2260.0,2180.0,2195.0,60190,0.0,0.0
2019-03-14 00:00:00+09:00,2195.0,2235.0,2195.0,2205.0,20120,0.0,0.0
2019-03-15 00:00:00+09:00,2200.0,2230.0,2180.0,2210.0,23102,0.0,0.0
2019-03-18 00:00:00+09:00,2200.0,2275.0,2195.0,2240.0,28029,0.0,0.0
2019-03-19 00:00:00+09:00,2240.0,2260.0,2215.0,2255.0,21161,0.0,0.0
2019-03-20 00:00:00+09:00,2255.0,2255.0,2205.0,2225.0,34531,0.0,0.0
2019-03-21 00:00:00+09:00,2235.0,2265.0,2215.0,2255.0,37430,0.0,0.0
2019-03-22 00:00:00+09:00,2255.0,2285.0,2230.0,2275.0,52008,0.0,0.0
2019-03-25 00:00:00+09:00,2275.0,2275.0,2145.0,2190.0,44433,0.0,0.0
2019-03-26 00:00:00+09:00,2200.0,2240.0,2185.0,2230.0,19292,0.0,0.0
2019-03-27 00:00:00+09:00,2230.0,2235.0,2180.0,2190.0,15609,0.0,0.0
2019-03-28 00:00:00+09:00,2205.0,2280.0,2180.0,2200.0,44686,0.0,0.0
2019-03-29 00:00:00+09:00,2200.0,2205.0,2165.0,2190.0,10906,0.0,0.0
2019-04-01 00:00:00+09:00,2195.0,2220.0,2175.0,2190.0,43272,0.0,0.0
2019-04-02 00:00:00+09:00,2190.0,2200.0,2165.0,2170.0,34436,0.0,0.0
2019-04-03 00:00:00+09:00,2170.0,2220.0,2140.0,2170.0,47226,0.0,0.0
2019-04-04 00:00:00+09:00,2170.0,2200.0,2155.0,2170.0,67863,0.0,0.0
2019-04-05 00:00:00+09:00,2190.0,2205.0,2155.0,2175.0,42325,0.0,0.0
2019-04-08 00:00:00+09:00,2180.0,2205.0,2140.0,2150.0,37859,0.0,0.0
2019-04-09 00:00:00+09:00,2150.0,2420.0,2100.0,2230.0,997611,0.0,0.0
2019-04-10 00:00:00+09:00,2250.0,2280.0,2190.0,2230.0,131969,0.0,0.0
2019-04-11 00:00:00+09:00,2230.0,2270.0,2210.0,2255.0,72035,0.0,0.0
2019-04-12 00:00:00+09:00,2255.0,2275.0,2235.0,2255.0,61295,0.0,0.0
2019-04-15 00:00:00+09:00,2265.0,2430.0,2230.0,2430.0,341406,0.0,0.0
2019-04-16 00:00:00+09:00,2480.0,2780.0,2335.0,2355.0,2453304,0.0,0.0
2019-04-17 00:00:00+09:00,2375.0,2415.0,2330.0,2415.0,227590,0.0,0.0
2019-04-18 00:00:00+09:00,2430.0,2575.0,2310.0,2310.0,550591,0.0,0.0
2019-04-19 00:00:00+09:00,2310.0,2395.0,2310.0,2355.0,129751,0.0,0.0
2019-04-22 00:00:00+09:00,2355.0,2395.0,2320.0,2320.0,83992,0.0,0.0
2019-04-23 00:00:00+09:00,2320.0,2360.0,2295.0,2295.0,67843,0.0,0.0
2019-04-24 00:00:00+09:00,2315.0,2425.0,2285.0,2385.0,316448,0.0,0.0
2019-04-25 00:00:00+09:00,2390.0,2420.0,2305.0,2350.0,137640,0.0,0.0
2019-04-26 00:00:00+09:00,2650.0,2695.0,2350.0,2370.0,2857822,0.0,0.0
2019-04-29 00:00:00+09:00,2350.0,2380.0,2310.0,2365.0,210101,0.0,0.0
2019-04-30 00:00:00+09:00,2340.0,2480.0,2330.0,2435.0,989738,0.0,0.0
2019-05-02 00:00:00+09:00,2410.0,2490.0,2400.0,2450.0,380927,0.0,0.0
2019-05-03 00:00:00+09:00,2460.0,2465.0,2395.0,2440.0,285152,0.0,0.0
2019-05-07 00:00:00+09:00,2415.0,2450.0,2380.0,2415.0,143955,0.0,0.0
2019-05-08 00:00:00+09:00,2425.0,2470.0,2360.0,2435.0,187039,0.0,0.0
2019-05-09 00:00:00+09:00,2420.0,2440.0,2355.0,2370.0,179270,0.0,0.0
2019-05-10 00:00:00+09:00,2370.0,2400.0,2280.0,2280.0,186813,0.0,0.0
2019-05-13 00:00:00+09:00,2285.0,2380.0,2260.0,2295.0,242287,0.0,0.0
2019-05-14 00:00:00+09:00,2290.0,2315.0,2240.0,2285.0,136086,0.0,0.0
2019-05-15 00:00:00+09:00,2290.0,2335.0,2285.0,2305.0,80407,0.0,0.0
2019-05-16 00:00:00+09:00,2320.0,2335.0,2280.0,2285.0,87567,0.0,0.0
2019-05-17 00:00:00+09:00,2285.0,2325.0,2285.0,2325.0,86773,0.0,0.0
2019-05-20 00:00:00+09:00,2335.0,2350.0,2265.0,2275.0,110552,0.0,0.0
2019-05-21 00:00:00+09:00,2255.0,2290.0,2240.0,2280.0,83013,0.0,0.0
2019-05-22 00:00:00+09:00,2280.0,2295.0,2245.0,2270.0,67751,0.0,0.0
2019-05-23 00:00:00+09:00,2270.0,2270.0,2185.0,2195.0,122424,0.0,0.0
2019-05-24 00:00:00+09:00,2170.0,2190.0,2120.0,2175.0,97679,0.0,0.0
2019-05-27 00:00:00+09:00,2180.0,2240.0,2150.0,2160.0,52534,0.0,0.0
2019-05-28 00:00:00+09:00,2145.0,2215.0,2145.0,2185.0,44317,0.0,0.0
2019-05-29 00:00:00+09:00,2185.0,2205.0,2155.0,2160.0,34329,0.0,0.0
2019-05-30 00:00:00+09:00,2150.0,2180.0,2150.0,2170.0,40132,0.0,0.0
2019-05-31 00:00:00+09:00,2155.0,2200.0,2155.0,2195.0,32241,0.0,0.0
2019-06-03 00:00:00+09:00,2190.0,2200.0,2165.0,2170.0,22516,0.0,0.0
2019-06-04 00:00:00+09:00,2170.0,2190.0,2160.0,2170.0,24637,0.0,0.0
2019-06-05 00:00:00+09:00,2165.0,2225.0,2165.0,2205.0,43517,0.0,0.0
2019-06-07 00:00:00+09:00,2205.0,2230.0,2190.0,2225.0,44378,0.0,0.0
2019-06-10 00:00:00+09:00,2245.0,2245.0,2210.0,2235.0,20697,0.0,0.0
2019-06-11 00:00:00+09:00,2250.0,2250.0,2230.0,2230.0,21892,0.0,0.0
2019-06-12 00:00:00+09:00,2245.0,2245.0,2190.0,2210.0,45412,0.0,0.0
2019-06-13 00:00:00+09:00,2230.0,2230.0,2205.0,2225.0,27811,0.0,0.0
2019-06-14 00:00:00+09:00,2240.0,2240.0,2175.0,2215.0,43243,0.0,0.0
2019-06-17 00:00:00+09:00,2215.0,2260.0,2215.0,2240.0,79377,0.0,0.0
2019-06-18 00:00:00+09:00,2255.0,2255.0,2205.0,2220.0,33104,0.0,0.0
2019-06-19 00:00:00+09:00,2220.0,2240.0,2210.0,2230.0,39358,0.0,0.0
2019-06-20 00:00:00+09:00,2245.0,2260.0,2235.0,2260.0,28661,0.0,0.0
2019-06-21 00:00:00+09:00,2265.0,2320.0,2260.0,2295.0,145953,0.0,0.0
2019-06-24 00:00:00+09:00,2295.0,2325.0,2285.0,2300.0,32961,0.0,0.0
2019-06-25 00:00:00+09:00,2310.0,2325.0,2260.0,2265.0,58143,0.0,0.0
2019-06-26 00:00:00+09:00,2265.0,2300.0,2250.0,2270.0,17771,0.0,0.0
2019-06-27 00:00:00+09:00,2270.0,2290.0,2230.0,2265.0,104020,0.0,0.0
2019-06-28 00:00:00+09:00,2280.0,2280.0,2220.0,2220.0,34249,0.0,0.0
2019-07-01 00:00:00+09:00,2260.0,2260.0,2210.0,2220.0,21095,0.0,0.0
2019-07-02 00:00:00+09:00,2250.0,2250.0,2195.0,2220.0,57735,0.0,0.0
2019-07-03 00:00:00+09:00,2230.0,2255.0,2200.0,2230.0,77690,0.0,0.0
2019-07-04 00:00:00+09:00,2230.0,2250.0,2115.0,2140.0,107809,0.0,0.0
2019-07-05 00:00:00+09:00,2180.0,2240.0,2130.0,2170.0,68585,0.0,0.0
2019-07-08 00:00:00+09:00,2170.0,2190.0,2080.0,2085.0,56706,0.0,0.0
2019-07-09 00:00:00+09:00,2085.0,2105.0,2050.0,2050.0,54433,0.0,0.0
2019-07-10 00:00:00+09:00,2040.0,2090.0,2030.0,2085.0,33010,0.0,0.0
2019-07-11 00:00:00+09:00,2085.0,2125.0,2080.0,2105.0,28712,0.0,0.0
2019-07-12 00:00:00+09:00,2105.0,2145.0,2085.0,2100.0,46066,0.0,0.0
2019-07-15 00:00:00+09:00,2100.0,2425.0,2100.0,2405.0,3277099,0.0,0.0
2019-07-16 00:00:00+09:00,2495.0,2740.0,2285.0,2320.0,4708258,0.0,0.0
2019-07-17 00:00:00+09:00,2320.0,2535.0,2235.0,2310.0,4486518,0.0,0.0
2019-07-18 00:00:00+09:00,2335.0,2470.0,2305.0,2370.0,1992023,0.0,0.0
2019-07-19 00:00:00+09:00,2430.0,2440.0,2265.0,2330.0,731538,0.0,0.0
2019-07-22 00:00:00+09:00,2325.0,2325.0,2270.0,2280.0,434208,0.0,0.0
2019-07-23 00:00:00+09:00,2425.0,2475.0,2275.0,2300.0,2157666,0.0,0.0
2019-07-24 00:00:00+09:00,2295.0,2330.0,2210.0,2235.0,439338,0.0,0.0
2019-07-25 00:00:00+09:00,2215.0,2250.0,2135.0,2140.0,321831,0.0,0.0
2019-07-26 00:00:00+09:00,2115.0,2180.0,2080.0,2115.0,162925,0.0,0.0
2019-07-29 00:00:00+09:00,2060.0,2100.0,1975.0,1990.0,235475,0.0,0.0
2019-07-30 00:00:00+09:00,1990.0,2500.0,1990.0,2200.0,8739365,0.0,0.0
2019-07-31 00:00:00+09:00,2180.0,2195.0,2030.0,2105.0,933067,0.0,0.0
2019-08-01 00:00:00+09:00,2065.0,2120.0,1980.0,2005.0,407969,0.0,0.0
2019-08-02 00:00:00+09:00,1955.0,2135.0,1955.0,2035.0,435709,0.0,0.0
2019-08-05 00:00:00+09:00,2005.0,2195.0,1975.0,1995.0,1359748,0.0,0.0
2019-08-06 00:00:00+09:00,1995.0,2125.0,1920.0,2045.0,847819,0.0,0.0
2019-08-07 00:00:00+09:00,2060.0,2260.0,2050.0,2145.0,1615781,0.0,0.0
2019-08-08 00:00:00+09:00,2140.0,2220.0,2110.0,2145.0,448875,0.0,0.0
2019-08-09 00:00:00+09:00,2160.0,2205.0,2125.0,2140.0,380458,0.0,0.0
2019-08-12 00:00:00+09:00,2165.0,2180.0,2115.0,2155.0,215296,0.0,0.0
2019-08-13 00:00:00+09:00,2160.0,2165.0,2070.0,2075.0,213783,0.0,0.0
2019-08-14 00:00:00+09:00,2085.0,2110.0,2045.0,2075.0,190182,0.0,0.0
2019-08-16 00:00:00+09:00,2050.0,2080.0,1995.0,2040.0,208868,0.0,0.0
2019-08-19 00:00:00+09:00,2035.0,2080.0,2035.0,2070.0,60397,0.0,0.0
2019-08-20 00:00:00+09:00,2085.0,2100.0,2055.0,2075.0,77968,0.0,0.0
2019-08-21 00:00:00+09:00,2105.0,2105.0,2030.0,2070.0,92073,0.0,0.0
2019-08-22 00:00:00+09:00,2060.0,2070.0,2010.0,2020.0,113863,0.0,0.0
2019-08-23 00:00:00+09:00,2030.0,2045.0,1975.0,1990.0,146376,0.0,0.0
2019-08-26 00:00:00+09:00,1975.0,1995.0,1955.0,1965.0,73310,0.0,0.0
2019-08-27 00:00:00+09:00,1980.0,2035.0,1950.0,1970.0,87512,0.0,0.0
2019-08-28 00:00:00+09:00,1990.0,1990.0,1940.0,1970.0,64791,0.0,0.0
2019-08-29 00:00:00+09:00,1960.0,1990.0,1940.0,1940.0,60951,0.0,0.0
2019-08-30 00:00:00+09:00,1960.0,1965.0,1935.0,1960.0,44386,0.0,0.0
2019-09-02 00:00:00+09:00,1965.0,2000.0,1950.0,1980.0,45092,0.0,0.0
2019-09-03 00:00:00+09:00,1995.0,2010.0,1980.0,2010.0,59998,0.0,0.0
2019-09-04 00:00:00+09:00,2010.0,2025.0,1990.0,2025.0,72544,0.0,0.0
2019-09-05 00:00:00+09:00,2025.0,2045.0,2000.0,2020.0,48957,0.0,0.0
2019-09-06 00:00:00+09:00,2030.0,2040.0,1985.0,2005.0,26485,0.0,0.0
2019-09-09 00:00:00+09:00,2005.0,2010.0,1960.0,1970.0,45083,0.0,0.0
2019-09-10 00:00:00+09:00,1960.0,2000.0,1955.0,1980.0,45148,0.0,0.0
2019-09-11 00:00:00+09:00,1980.0,1995.0,1960.0,1990.0,19994,0.0,0.0
2019-09-16 00:00:00+09:00,1990.0,2010.0,1980.0,2000.0,41485,0.0,0.0
2019-09-17 00:00:00+09:00,2000.0,2030.0,2000.0,2015.0,60157,0.0,0.0
2019-09-18 00:00:00+09:00,2025.0,2030.0,2000.0,2025.0,96861,0.0,0.0
2019-09-19 00:00:00+09:00,2025.0,2070.0,2025.0,2060.0,126023,0.0,0.0
2019-09-20 00:00:00+09:00,2065.0,2070.0,2045.0,2055.0,30791,0.0,0.0
2019-09-23 00:00:00+09:00,2055.0,2080.0,2030.0,2055.0,45679,0.0,0.0
2019-09-24 00:00:00+09:00,2060.0,2060.0,2020.0,2045.0,70491,0.0,0.0
2019-09-25 00:00:00+09:00,2025.0,2060.0,1980.0,2005.0,75822,0.0,0.0
2019-09-26 00:00:00+09:00,2005.0,2035.0,1960.0,1985.0,79884,0.0,0.0
2019-09-27 00:00:00+09:00,1980.0,2000.0,1960.0,1975.0,25730,0.0,0.0
2019-09-30 00:00:00+09:00,1960.0,2000.0,1950.0,1950.0,42272,0.0,0.0
2019-10-01 00:00:00+09:00,1960.0,1995.0,1930.0,1960.0,44051,0.0,0.0
2019-10-02 00:00:00+09:00,1985.0,1985.0,1940.0,1940.0,42542,0.0,0.0
2019-10-04 00:00:00+09:00,1955.0,1980.0,1920.0,1940.0,59699,0.0,0.0
2019-10-07 00:00:00+09:00,1960.0,1965.0,1905.0,1910.0,85673,0.0,0.0
2019-10-08 00:00:00+09:00,1895.0,1950.0,1895.0,1900.0,70153,0.0,0.0
2019-10-10 00:00:00+09:00,1920.0,1935.0,1890.0,1905.0,54650,0.0,0.0
2019-10-11 00:00:00+09:00,1895.0,1925.0,1895.0,1900.0,29093,0.0,0.0
2019-10-14 00:00:00+09:00,1980.0,1985.0,1920.0,1935.0,51788,0.0,0.0
2019-10-15 00:00:00+09:00,1950.0,1955.0,1890.0,1890.0,91102,0.0,0.0
2019-10-16 00:00:00+09:00,1820.0,1920.0,1820.0,1890.0,94613,0.0,0.0
2019-10-17 00:00:00+09:00,1890.0,1920.0,1885.0,1900.0,38624,0.0,0.0
2019-10-18 00:00:00+09:00,1890.0,1910.0,1880.0,1880.0,46715,0.0,0.0
2019-10-21 00:00:00+09:00,1880.0,1915.0,1875.0,1895.0,68620,0.0,0.0
2019-10-22 00:00:00+09:00,1905.0,1915.0,1875.0,1880.0,85293,0.0,0.0
2019-10-23 00:00:00+09:00,1895.0,1905.0,1850.0,1870.0,49773,0.0,0.0
2019-10-24 00:00:00+09:00,1870.0,1870.0,1845.0,1865.0,16845,0.0,0.0
2019-10-25 00:00:00+09:00,1865.0,1890.0,1825.0,1845.0,24819,0.0,0.0
2019-10-28 00:00:00+09:00,1845.0,1885.0,1840.0,1850.0,34467,0.0,0.0
2019-10-29 00:00:00+09:00,1850.0,1915.0,1850.0,1870.0,113548,0.0,0.0
2019-10-30 00:00:00+09:00,1900.0,1905.0,1870.0,1890.0,27491,0.0,0.0
2019-10-31 00:00:00+09:00,1890.0,1895.0,1865.0,1865.0,25886,0.0,0.0
2019-11-01 00:00:00+09:00,1860.0,1910.0,1840.0,1880.0,57753,0.0,0.0
2019-11-04 00:00:00+09:00,1880.0,1960.0,1870.0,1935.0,244795,0.0,0.0
2019-11-05 00:00:00+09:00,1950.0,1950.0,1890.0,1910.0,46171,0.0,0.0
2019-11-06 00:00:00+09:00,1940.0,1980.0,1910.0,1940.0,188759,0.0,0.0
2019-11-07 00:00:00+09:00,1930.0,1970.0,1915.0,1950.0,103346,0.0,0.0
2019-11-08 00:00:00+09:00,1935.0,1960.0,1930.0,1940.0,52258,0.0,0.0
2019-11-11 00:00:00+09:00,1975.0,1975.0,1895.0,1920.0,90751,0.0,0.0
2019-11-12 00:00:00+09:00,1935.0,1935.0,1910.0,1915.0,20261,0.0,0.0
2019-11-13 00:00:00+09:00,1915.0,1930.0,1890.0,1910.0,25556,0.0,0.0
2019-11-14 00:00:00+09:00,1910.0,1930.0,1880.0,1895.0,30601,0.0,0.0
2019-11-15 00:00:00+09:00,1895.0,1925.0,1880.0,1885.0,27435,0.0,0.0
2019-11-18 00:00:00+09:00,1910.0,1925.0,1885.0,1915.0,34845,0.0,0.0
2019-11-19 00:00:00+09:00,1920.0,1930.0,1885.0,1900.0,32713,0.0,0.0
2019-11-20 00:00:00+09:00,1900.0,2155.0,1895.0,1970.0,1191280,0.0,0.0
2019-11-21 00:00:00+09:00,1975.0,2470.0,1940.0,2290.0,19469810,0.0,0.0
2019-11-22 00:00:00+09:00,2300.0,2355.0,2100.0,2100.0,3239487,0.0,0.0
2019-11-25 00:00:00+09:00,2090.0,2150.0,2070.0,2140.0,1067870,0.0,0.0
2019-11-26 00:00:00+09:00,2125.0,2240.0,2070.0,2150.0,1982492,0.0,0.0
2019-11-27 00:00:00+09:00,2130.0,2200.0,2100.0,2200.0,699929,0.0,0.0
2019-11-28 00:00:00+09:00,2215.0,2220.0,2090.0,2100.0,664053,0.0,0.0
2019-11-29 00:00:00+09:00,2090.0,2100.0,1980.0,2030.0,593550,0.0,0.0
2019-12-02 00:00:00+09:00,2030.0,2070.0,2015.0,2070.0,201512,0.0,0.0
2019-12-03 00:00:00+09:00,2070.0,2180.0,2055.0,2055.0,587617,0.0,0.0
2019-12-04 00:00:00+09:00,2130.0,2155.0,2055.0,2085.0,633242,0.0,0.0
2019-12-05 00:00:00+09:00,2085.0,2085.0,1920.0,1980.0,432108,0.0,0.0
2019-12-06 00:00:00+09:00,1980.0,2005.0,1950.0,1980.0,164444,0.0,0.0
2019-12-09 00:00:00+09:00,1980.0,1990.0,1955.0,1980.0,74478,0.0,0.0
2019-12-10 00:00:00+09:00,1995.0,2005.0,1970.0,1975.0,127168,0.0,0.0
2019-12-11 00:00:00+09:00,1990.0,2125.0,1980.0,2035.0,599072,0.0,0.0
2019-12-12 00:00:00+09:00,2040.0,2075.0,2010.0,2015.0,127122,0.0,0.0
2019-12-13 00:00:00+09:00,2035.0,2040.0,2000.0,2040.0,202903,0.0,0.0
2019-12-16 00:00:00+09:00,2060.0,2090.0,2035.0,2090.0,196526,0.0,0.0
2019-12-17 00:00:00+09:00,2090.0,2095.0,2045.0,2075.0,149386,0.0,0.0
2019-12-18 00:00:00+09:00,2080.0,2080.0,1995.0,1995.0,187435,0.0,0.0
2019-12-19 00:00:00+09:00,2000.0,2030.0,2000.0,2025.0,88897,0.0,0.0
2019-12-20 00:00:00+09:00,2015.0,2110.0,1995.0,2055.0,462184,0.0,0.0
2019-12-23 00:00:00+09:00,2055.0,2070.0,2010.0,2025.0,103722,0.0,0.0
2019-12-24 00:00:00+09:00,2010.0,2030.0,1985.0,1990.0,97187,0.0,0.0
2019-12-26 00:00:00+09:00,1990.0,2015.0,1985.0,2000.0,81295,0.0,0.0
2019-12-27 00:00:00+09:00,2020.0,2040.0,2000.0,2020.0,68818,0.0,0.0
2019-12-30 00:00:00+09:00,2005.0,2050.0,2000.0,2000.0,130567,0.0,0.0
2020-01-02 00:00:00+09:00,2005.0,2035.0,2000.0,2035.0,63456,0.0,0.0
2020-01-03 00:00:00+09:00,2050.0,2075.0,2030.0,2045.0,85434,0.0,0.0
2020-01-06 00:00:00+09:00,2045.0,2245.0,2025.0,2170.0,2215463,0.0,0.0
2020-01-07 00:00:00+09:00,2180.0,2180.0,2055.0,2080.0,604319,0.0,0.0
2020-01-08 00:00:00+09:00,2080.0,2095.0,1950.0,1995.0,596705,0.0,0.0
2020-01-09 00:00:00+09:00,2020.0,2065.0,2015.0,2040.0,234686,0.0,0.0
2020-01-10 00:00:00+09:00,2040.0,2060.0,2015.0,2050.0,172603,0.0,0.0
2020-01-13 00:00:00+09:00,2050.0,2075.0,2045.0,2060.0,183082,0.0,0.0
2020-01-14 00:00:00+09:00,2080.0,2140.0,2045.0,2130.0,437242,0.0,0.0
2020-01-15 00:00:00+09:00,2130.0,2370.0,2110.0,2230.0,2265509,0.0,0.0
2020-01-16 00:00:00+09:00,2220.0,2250.0,2150.0,2230.0,345392,0.0,0.0
2020-01-17 00:00:00+09:00,2250.0,2340.0,2230.0,2240.0,802731,0.0,0.0
2020-01-20 00:00:00+09:00,2200.0,2295.0,2160.0,2225.0,323615,0.0,0.0
2020-01-21 00:00:00+09:00,2215.0,2530.0,2200.0,2230.0,3131325,0.0,0.0
2020-01-22 00:00:00+09:00,2230.0,2335.0,2230.0,2300.0,671607,0.0,0.0
2020-01-23 00:00:00+09:00,2345.0,2370.0,2270.0,2280.0,351261,0.0,0.0
2020-01-28 00:00:00+09:00,2265.0,2265.0,2155.0,2230.0,310417,0.0,0.0
2020-01-29 00:00:00+09:00,2270.0,2295.0,2215.0,2265.0,182898,0.0,0.0
2020-01-30 00:00:00+09:00,2280.0,2285.0,2205.0,2225.0,218239,0.0,0.0
2020-01-31 00:00:00+09:00,2205.0,2250.0,2060.0,2095.0,249729,0.0,0.0
2020-02-03 00:00:00+09:00,2050.0,2130.0,2040.0,2065.0,196965,0.0,0.0
2020-02-04 00:00:00+09:00,2090.0,2205.0,2090.0,2165.0,178788,0.0,0.0
2020-02-05 00:00:00+09:00,2155.0,2210.0,2140.0,2160.0,91662,0.0,0.0
2020-02-06 00:00:00+09:00,2185.0,2185.0,2130.0,2145.0,79925,0.0,0.0
2020-02-07 00:00:00+09:00,2145.0,2160.0,2085.0,2095.0,136182,0.0,0.0
2020-02-10 00:00:00+09:00,2090.0,2200.0,2080.0,2195.0,171990,0.0,0.0
2020-02-11 00:00:00+09:00,2190.0,2255.0,2180.0,2230.0,204308,0.0,0.0
2020-02-12 00:00:00+09:00,2230.0,2260.0,2170.0,2185.0,253856,0.0,0.0
2020-02-13 00:00:00+09:00,2185.0,2250.0,2165.0,2240.0,106679,0.0,0.0
2020-02-14 00:00:00+09:00,2255.0,2270.0,2195.0,2255.0,256004,0.0,0.0
2020-02-17 00:00:00+09:00,2250.0,2275.0,2200.0,2225.0,130441,0.0,0.0
2020-02-18 00:00:00+09:00,2240.0,2240.0,2170.0,2170.0,163836,0.0,0.0
2020-02-19 00:00:00+09:00,2170.0,2230.0,2170.0,2230.0,199877,0.0,0.0
2020-02-20 00:00:00+09:00,2270.0,2410.0,2230.0,2320.0,1315465,0.0,0.0
2020-02-21 00:00:00+09:00,2285.0,2385.0,2265.0,2380.0,535477,0.0,0.0
2020-02-24 00:00:00+09:00,2340.0,2435.0,2250.0,2375.0,1353609,0.0,0.0
2020-02-25 00:00:00+09:00,2375.0,2380.0,2260.0,2350.0,477366,0.0,0.0
2020-02-26 00:00:00+09:00,2340.0,2340.0,2190.0,2190.0,388706,0.0,0.0
2020-02-27 00:00:00+09:00,2165.0,2220.0,2030.0,2080.0,359832,0.0,0.0
2020-02-28 00:00:00+09:00,2005.0,2035.0,1850.0,1890.0,413052,0.0,0.0
2020-03-02 00:00:00+09:00,1890.0,1975.0,1865.0,1900.0,158516,0.0,0.0
2020-03-03 00:00:00+09:00,1940.0,1960.0,1900.0,1900.0,186909,0.0,0.0
2020-03-04 00:00:00+09:00,1895.0,2030.0,1885.0,1970.0,204500,0.0,0.0
2020-03-05 00:00:00+09:00,1960.0,2030.0,1960.0,2005.0,71701,0.0,0.0
2020-03-06 00:00:00+09:00,1970.0,1995.0,1920.0,1960.0,152879,0.0,0.0
2020-03-09 00:00:00+09:00,1960.0,1985.0,1850.0,1865.0,163015,0.0,0.0
2020-03-10 00:00:00+09:00,1800.0,1885.0,1700.0,1880.0,171793,0.0,0.0
2020-03-11 00:00:00+09:00,1885.0,1890.0,1765.0,1795.0,137789,0.0,0.0
2020-03-12 00:00:00+09:00,1795.0,1840.0,1635.0,1655.0,365137,0.0,0.0
2020-03-13 00:00:00+09:00,1520.0,1580.0,1330.0,1545.0,216434,0.0,0.0
2020-03-16 00:00:00+09:00,1645.0,1645.0,1405.0,1405.0,93361,0.0,0.0
2020-03-17 00:00:00+09:00,1225.0,1365.0,1215.0,1305.0,417955,0.0,0.0
2020-03-18 00:00:00+09:00,1350.0,1350.0,1215.0,1235.0,172600,0.0,0.0
2020-03-19 00:00:00+09:00,1225.0,1250.0,950.0,989.0,264696,0.0,0.0
2020-03-20 00:00:00+09:00,1000.0,1075.0,990.0,1075.0,140055,0.0,0.0
2020-03-23 00:00:00+09:00,986.0,1025.0,966.0,997.0,128924,0.0,0.0
2020-03-24 00:00:00+09:00,1000.0,1065.0,993.0,1040.0,147403,0.0,0.0
2020-03-25 00:00:00+09:00,1080.0,1120.0,1045.0,1110.0,215664,0.0,0.0
2020-03-26 00:00:00+09:00,1150.0,1185.0,1085.0,1135.0,253206,0.0,0.0
2020-03-27 00:00:00+09:00,1180.0,1290.0,1065.0,1150.0,315295,0.0,0.0
2020-03-30 00:00:00+09:00,1095.0,1270.0,1090.0,1270.0,207211,0.0,0.0
2020-03-31 00:00:00+09:00,1300.0,1365.0,1250.0,1350.0,279255,0.0,0.0
2020-04-01 00:00:00+09:00,1380.0,1385.0,1275.0,1350.0,191306,0.0,0.0
2020-04-02 00:00:00+09:00,1350.0,1740.0,1270.0,1475.0,1598334,0.0,0.0
2020-04-03 00:00:00+09:00,1505.0,1530.0,1400.0,1450.0,215534,0.0,0.0
2020-04-06 00:00:00+09:00,1450.0,1630.0,1435.0,1550.0,534096,0.0,0.0
2020-04-07 00:00:00+09:00,1590.0,1590.0,1495.0,1545.0,241603,0.0,0.0
2020-04-08 00:00:00+09:00,1540.0,1595.0,1505.0,1565.0,130647,0.0,0.0
2020-04-09 00:00:00+09:00,1590.0,1605.0,1550.0,1600.0,155095,0.0,0.0
2020-04-10 00:00:00+09:00,1600.0,1630.0,1530.0,1600.0,158708,0.0,0.0
2020-04-13 00:00:00+09:00,1605.0,1605.0,1515.0,1530.0,150112,0.0,0.0
2020-04-14 00:00:00+09:00,1530.0,1575.0,1530.0,1560.0,107207,0.0,0.0
2020-04-16 00:00:00+09:00,1580.0,1655.0,1535.0,1625.0,138155,0.0,0.0
2020-04-17 00:00:00+09:00,1670.0,1695.0,1620.0,1650.0,135176,0.0,0.0
2020-04-20 00:00:00+09:00,1690.0,1705.0,1660.0,1690.0,95656,0.0,0.0
2020-04-21 00:00:00+09:00,1670.0,1705.0,1550.0,1620.0,237175,0.0,0.0
2020-04-22 00:00:00+09:00,1595.0,1635.0,1570.0,1595.0,93501,0.0,0.0
2020-04-23 00:00:00+09:00,1620.0,1675.0,1570.0,1670.0,130034,0.0,0.0
2020-04-24 00:00:00+09:00,1660.0,1665.0,1550.0,1585.0,213725,0.0,0.0
2020-04-27 00:00:00+09:00,1585.0,1640.0,1565.0,1610.0,129444,0.0,0.0
2020-04-28 00:00:00+09:00,1670.0,1675.0,1585.0,1605.0,102575,0.0,0.0
2020-04-29 00:00:00+09:00,1605.0,1655.0,1605.0,1640.0,56986,0.0,0.0
2020-05-04 00:00:00+09:00,1640.0,1675.0,1615.0,1635.0,58111,0.0,0.0
2020-05-06 00:00:00+09:00,1650.0,1750.0,1635.0,1735.0,255631,0.0,0.0
2020-05-07 00:00:00+09:00,1730.0,1830.0,1720.0,1760.0,121236,0.0,0.0
2020-05-08 00:00:00+09:00,1770.0,1815.0,1770.0,1785.0,75893,0.0,0.0
2020-05-11 00:00:00+09:00,1800.0,1800.0,1750.0,1750.0,95121,0.0,0.0
2020-05-12 00:00:00+09:00,1750.0,1775.0,1700.0,1740.0,113360,0.0,0.0
2020-05-13 00:00:00+09:00,1735.0,1835.0,1710.0,1750.0,72552,0.0,0.0
2020-05-14 00:00:00+09:00,1750.0,1765.0,1705.0,1705.0,52343,0.0,0.0
2020-05-15 00:00:00+09:00,1705.0,1735.0,1615.0,1670.0,162622,0.0,0.0
2020-05-18 00:00:00+09:00,1670.0,1695.0,1590.0,1625.0,107605,0.0,0.0
2020-05-19 00:00:00+09:00,1640.0,1690.0,1625.0,1665.0,84528,0.0,0.0
2020-05-20 00:00:00+09:00,1665.0,1700.0,1665.0,1695.0,32198,0.0,0.0
2020-05-21 00:00:00+09:00,1705.0,1720.0,1695.0,1720.0,42964,0.0,0.0
2020-05-22 00:00:00+09:00,1720.0,1760.0,1610.0,1680.0,99988,0.0,0.0
2020-05-25 00:00:00+09:00,1660.0,1700.0,1660.0,1700.0,52984,0.0,0.0
2020-05-26 00:00:00+09:00,1710.0,1770.0,1680.0,1705.0,150423,0.0,0.0
2020-05-27 00:00:00+09:00,1705.0,1745.0,1685.0,1735.0,108099,0.0,0.0
2020-05-28 00:00:00+09:00,1750.0,1800.0,1660.0,1750.0,293691,0.0,0.0
2020-05-29 00:00:00+09:00,1740.0,1740.0,1690.0,1725.0,82673,0.0,0.0
2020-06-01 00:00:00+09:00,1705.0,1760.0,1705.0,1755.0,73832,0.0,0.0
2020-06-02 00:00:00+09:00,1755.0,1785.0,1735.0,1775.0,130850,0.0,0.0
2020-06-03 00:00:00+09:00,1775.0,2100.0,1770.0,1895.0,1443769,0.0,0.0
2020-06-04 00:00:00+09:00,1885.0,2050.0,1840.0,1920.0,739163,0.0,0.0
2020-06-05 00:00:00+09:00,1905.0,1955.0,1895.0,1925.0,253084,0.0,0.0
2020-06-08 00:00:00+09:00,1985.0,1985.0,1910.0,1910.0,191678,0.0,0.0
2020-06-09 00:00:00+09:00,1915.0,2055.0,1895.0,1970.0,755371,0.0,0.0
2020-06-10 00:00:00+09:00,1970.0,1985.0,1935.0,1965.0,205826,0.0,0.0
2020-06-11 00:00:00+09:00,1965.0,1980.0,1865.0,1935.0,311184,0.0,0.0
2020-06-12 00:00:00+09:00,1870.0,1930.0,1810.0,1910.0,294828,0.0,0.0
2020-06-15 00:00:00+09:00,1885.0,1910.0,1710.0,1790.0,281595,0.0,0.0
2020-06-16 00:00:00+09:00,1790.0,1835.0,1775.0,1790.0,160376,0.0,0.0
2020-06-17 00:00:00+09:00,1795.0,2090.0,1740.0,1895.0,1846318,0.0,0.0
2020-06-18 00:00:00+09:00,1915.0,2460.0,1915.0,2460.0,18193680,0.0,0.0
2020-06-19 00:00:00+09:00,2845.0,3195.0,2720.0,2930.0,20593590,0.0,0.0
2020-06-22 00:00:00+09:00,2800.0,2895.0,2505.0,2605.0,4161300,0.0,0.0
2020-06-23 00:00:00+09:00,2610.0,2685.0,2465.0,2685.0,3877819,0.0,0.0
2020-06-24 00:00:00+09:00,2580.0,2620.0,2505.0,2565.0,1446088,0.0,0.0
2020-06-25 00:00:00+09:00,2535.0,2720.0,2500.0,2500.0,1893591,0.0,0.0
2020-06-26 00:00:00+09:00,2500.0,2575.0,2470.0,2545.0,758042,0.0,0.0
2020-06-29 00:00:00+09:00,2470.0,2510.0,2375.0,2430.0,844949,0.0,0.0
2020-06-30 00:00:00+09:00,2440.0,2550.0,2410.0,2410.0,883682,0.0,0.0
2020-07-01 00:00:00+09:00,2415.0,2445.0,2300.0,2350.0,623031,0.0,0.0
2020-07-02 00:00:00+09:00,2350.0,2425.0,2310.0,2425.0,629264,0.0,0.0
2020-07-03 00:00:00+09:00,2495.0,2520.0,2405.0,2415.0,1245840,0.0,0.0
2020-07-06 00:00:00+09:00,2395.0,2465.0,2330.0,2465.0,472712,0.0,0.0
2020-07-07 00:00:00+09:00,2465.0,2465.0,2350.0,2410.0,413547,0.0,0.0
2020-07-08 00:00:00+09:00,2410.0,2520.0,2385.0,2450.0,841834,0.0,0.0
2020-07-09 00:00:00+09:00,2485.0,2515.0,2440.0,2505.0,684306,0.0,0.0
2020-07-10 00:00:00+09:00,2505.0,2505.0,2410.0,2420.0,470966,0.0,0.0
2020-07-13 00:00:00+09:00,2430.0,2445.0,2345.0,2425.0,386895,0.0,0.0
2020-07-14 00:00:00+09:00,2385.0,2475.0,2375.0,2425.0,393370,0.0,0.0
2020-07-15 00:00:00+09:00,2440.0,2445.0,2365.0,2410.0,201601,0.0,0.0
2020-07-16 00:00:00+09:00,2410.0,2440.0,2355.0,2385.0,225479,0.0,0.0
2020-07-17 00:00:00+09:00,2385.0,2410.0,2360.0,2380.0,130220,0.0,0.0
2020-07-20 00:00:00+09:00,2375.0,2375.0,2225.0,2335.0,412983,0.0,0.0
2020-07-21 00:00:00+09:00,2340.0,2430.0,2290.0,2390.0,357294,0.0,0.0
2020-07-22 00:00:00+09:00,2390.0,2450.0,2350.0,2430.0,348320,0.0,0.0
2020-07-23 00:00:00+09:00,2455.0,2460.0,2350.0,2355.0,247703,0.0,0.0
2020-07-24 00:00:00+09:00,2340.0,2450.0,2330.0,2350.0,281988,0.0,0.0
2020-07-27 00:00:00+09:00,2340.0,2445.0,2320.0,2415.0,412720,0.0,0.0
2020-07-28 00:00:00+09:00,2450.0,2470.0,2370.0,2375.0,301910,0.0,0.0
2020-07-29 00:00:00+09:00,2375.0,2515.0,2365.0,2515.0,974044,0.0,0.0
2020-07-30 00:00:00+09:00,2565.0,2590.0,2385.0,2400.0,1348588,0.0,0.0
2020-07-31 00:00:00+09:00,2430.0,2430.0,2280.0,2300.0,550376,0.0,0.0
2020-08-03 00:00:00+09:00,2290.0,2310.0,2140.0,2260.0,428642,0.0,0.0
2020-08-04 00:00:00+09:00,2275.0,2315.0,2230.0,2310.0,193163,0.0,0.0
2020-08-05 00:00:00+09:00,2310.0,2350.0,2255.0,2255.0,173381,0.0,0.0
2020-08-06 00:00:00+09:00,2255.0,2315.0,2245.0,2245.0,143365,0.0,0.0
2020-08-07 00:00:00+09:00,2265.0,2275.0,2225.0,2255.0,105676,0.0,0.0
2020-08-10 00:00:00+09:00,2245.0,2285.0,2230.0,2240.0,115485,0.0,0.0
2020-08-11 00:00:00+09:00,2270.0,2270.0,2210.0,2210.0,160650,0.0,0.0
2020-08-12 00:00:00+09:00,2240.0,2240.0,2130.0,2165.0,207703,0.0,0.0
2020-08-13 00:00:00+09:00,2165.0,2210.0,2165.0,2170.0,188045,0.0,0.0
2020-08-14 00:00:00+09:00,2200.0,2200.0,2095.0,2105.0,172854,0.0,0.0
2020-08-18 00:00:00+09:00,2080.0,2115.0,1960.0,1980.0,311859,0.0,0.0
2020-08-19 00:00:00+09:00,1980.0,2055.0,1980.0,2055.0,168573,0.0,0.0
2020-08-20 00:00:00+09:00,2080.0,2090.0,1885.0,1920.0,320868,0.0,0.0
2020-08-21 00:00:00+09:00,1915.0,2005.0,1895.0,1990.0,204437,0.0,0.0
2020-08-24 00:00:00+09:00,1960.0,1995.0,1915.0,1970.0,105993,0.0,0.0
2020-08-25 00:00:00+09:00,1970.0,2045.0,1965.0,2035.0,117874,0.0,0.0
2020-08-26 00:00:00+09:00,2060.0,2060.0,1970.0,2035.0,100164,0.0,0.0
2020-08-27 00:00:00+09:00,2015.0,2035.0,1975.0,1980.0,100776,0.0,0.0
2020-08-28 00:00:00+09:00,1980.0,2015.0,1950.0,1985.0,97132,0.0,0.0
2020-08-31 00:00:00+09:00,1990.0,2065.0,1990.0,2045.0,141424,0.0,0.0
2020-09-01 00:00:00+09:00,2060.0,2085.0,2035.0,2085.0,136991,0.0,0.0
2020-09-02 00:00:00+09:00,2085.0,2110.0,2065.0,2110.0,121492,0.0,0.0
2020-09-03 00:00:00+09:00,2130.0,2150.0,2080.0,2095.0,92112,0.0,0.0
2020-09-04 00:00:00+09:00,1995.0,2080.0,1990.0,2040.0,144470,0.0,0.0
2020-09-07 00:00:00+09:00,2065.0,2140.0,2020.0,2125.0,150933,0.0,0.0
2020-09-08 00:00:00+09:00,2150.0,2160.0,2090.0,2090.0,151971,0.0,0.0
2020-09-09 00:00:00+09:00,2060.0,2135.0,2060.0,2120.0,110608,0.0,0.0
2020-09-10 00:00:00+09:00,2130.0,2280.0,2100.0,2170.0,610269,0.0,0.0
2020-09-11 00:00:00+09:00,2165.0,2205.0,2110.0,2170.0,157918,0.0,0.0
2020-09-14 00:00:00+09:00,2175.0,2245.0,2175.0,2230.0,193113,0.0,0.0
2020-09-15 00:00:00+09:00,2275.0,2275.0,2175.0,2180.0,313708,0.0,0.0
2020-09-16 00:00:00+09:00,2200.0,2230.0,2150.0,2190.0,201234,0.0,0.0
2020-09-17 00:00:00+09:00,2175.0,2220.0,2095.0,2145.0,238647,0.0,0.0
2020-09-18 00:00:00+09:00,2130.0,2160.0,2105.0,2160.0,519819,0.0,0.0
2020-09-21 00:00:00+09:00,2555.0,2750.0,2170.0,2205.0,18246940,0.0,0.0
2020-09-22 00:00:00+09:00,2230.0,2235.0,1995.0,2010.0,1979561,0.0,0.0
2020-09-23 00:00:00+09:00,2015.0,2055.0,1890.0,1915.0,1209846,0.0,0.0
2020-09-24 00:00:00+09:00,1845.0,1895.0,1830.0,1840.0,651548,0.0,0.0
2020-09-25 00:00:00+09:00,1845.0,1875.0,1795.0,1795.0,424219,0.0,0.0
2020-09-28 00:00:00+09:00,1795.0,1850.0,1785.0,1845.0,287814,0.0,0.0
2020-09-29 00:00:00+09:00,1845.0,1910.0,1835.0,1880.0,183135,0.0,0.0
2020-10-05 00:00:00+09:00,1880.0,1895.0,1805.0,1885.0,136915,0.0,0.0
2020-10-06 00:00:00+09:00,1890.0,1930.0,1865.0,1920.0,218346,0.0,0.0
2020-10-07 00:00:00+09:00,1930.0,1930.0,1890.0,1925.0,141347,0.0,0.0
2020-10-08 00:00:00+09:00,1945.0,1945.0,1865.0,1895.0,254590,0.0,0.0
2020-10-12 00:00:00+09:00,1920.0,1930.0,1890.0,1920.0,176075,0.0,0.0
2020-10-13 00:00:00+09:00,1920.0,1950.0,1900.0,1935.0,226798,0.0,0.0
2020-10-14 00:00:00+09:00,1935.0,1950.0,1915.0,1920.0,165659,0.0,0.0
2020-10-15 00:00:00+09:00,1935.0,2340.0,1880.0,2075.0,10820120,0.0,0.0
2020-10-16 00:00:00+09:00,2035.0,2680.0,1985.0,2245.0,28934790,0.0,0.0
2020-10-19 00:00:00+09:00,2205.0,2340.0,2155.0,2235.0,4872593,0.0,0.0
2020-10-20 00:00:00+09:00,2205.0,2650.0,2170.0,2445.0,24010100,0.0,0.0
2020-10-21 00:00:00+09:00,2420.0,2535.0,2315.0,2315.0,3459876,0.0,0.0
2020-10-22 00:00:00+09:00,2385.0,2795.0,2380.0,2730.0,35138980,0.0,0.0
2020-10-23 00:00:00+09:00,2680.0,2765.0,2460.0,2525.0,5051695,0.0,0.0
2020-10-26 00:00:00+09:00,2485.0,2525.0,2265.0,2300.0,2545311,0.0,0.0
2020-10-27 00:00:00+09:00,2280.0,2565.0,2265.0,2375.0,9376446,0.0,0.0
2020-10-28 00:00:00+09:00,2325.0,2390.0,2290.0,2340.0,1260115,0.0,0.0
2020-10-29 00:00:00+09:00,2410.0,2645.0,2350.0,2360.0,12516300,0.0,0.0
2020-10-30 00:00:00+09:00,2350.0,2405.0,2255.0,2300.0,1486660,0.0,0.0
2020-11-02 00:00:00+09:00,2255.0,2325.0,2245.0,2255.0,899556,0.0,0.0
2020-11-03 00:00:00+09:00,2280.0,2450.0,2250.0,2410.0,3063122,0.0,0.0
2020-11-04 00:00:00+09:00,2390.0,2470.0,2290.0,2325.0,1430119,0.0,0.0
2020-11-05 00:00:00+09:00,2350.0,2365.0,2305.0,2330.0,660118,0.0,0.0
2020-11-06 00:00:00+09:00,2335.0,2345.0,2255.0,2275.0,687357,0.0,0.0
2020-11-09 00:00:00+09:00,2275.0,2330.0,2270.0,2315.0,456468,0.0,0.0
2020-11-10 00:00:00+09:00,2300.0,2335.0,2285.0,2335.0,446150,0.0,0.0
2020-11-11 00:00:00+09:00,2355.0,2590.0,2325.0,2405.0,4924152,0.0,0.0
2020-11-12 00:00:00+09:00,2410.0,2480.0,2350.0,2460.0,1682228,0.0,0.0
2020-11-13 00:00:00+09:00,2500.0,2530.0,2400.0,2470.0,1268265,0.0,0.0
2020-11-16 00:00:00+09:00,2460.0,2475.0,2375.0,2390.0,702636,0.0,0.0
2020-11-17 00:00:00+09:00,2395.0,2395.0,2270.0,2275.0,597426,0.0,0.0
2020-11-18 00:00:00+09:00,2275.0,2335.0,2275.0,2310.0,242836,0.0,0.0
2020-11-19 00:00:00+09:00,2325.0,2360.0,2255.0,2275.0,564035,0.0,0.0
2020-11-20 00:00:00+09:00,2275.0,2315.0,2275.0,2300.0,276318,0.0,0.0
2020-11-23 00:00:00+09:00,2305.0,2305.0,2240.0,2265.0,298671,0.0,0.0
2020-11-24 00:00:00+09:00,2285.0,2285.0,2230.0,2250.0,288402,0.0,0.0
2020-11-25 00:00:00+09:00,2245.0,2300.0,2215.0,2290.0,479198,0.0,0.0
2020-11-26 00:00:00+09:00,2285.0,2305.0,2230.0,2250.0,205716,0.0,0.0
2020-11-27 00:00:00+09:00,2270.0,2315.0,2225.0,2290.0,401835,0.0,0.0
2020-11-30 00:00:00+09:00,2270.0,2295.0,2245.0,2275.0,202940,0.0,0.0
2020-12-01 00:00:00+09:00,2270.0,2295.0,2235.0,2275.0,217600,0.0,0.0
2020-12-02 00:00:00+09:00,2295.0,2335.0,2270.0,2305.0,304080,0.0,0.0
2020-12-03 00:00:00+09:00,2310.0,2330.0,2265.0,2300.0,178787,0.0,0.0
2020-12-04 00:00:00+09:00,2300.0,2315.0,2185.0,2215.0,429464,0.0,0.0
2020-12-07 00:00:00+09:00,2215.0,2225.0,2135.0,2145.0,284972,0.0,0.0
2020-12-08 00:00:00+09:00,2125.0,2185.0,2125.0,2165.0,201174,0.0,0.0
2020-12-09 00:00:00+09:00,2165.0,2180.0,2145.0,2175.0,134600,0.0,0.0
2020-12-10 00:00:00+09:00,2180.0,2185.0,2140.0,2175.0,67918,0.0,0.0
2020-12-11 00:00:00+09:00,2175.0,2175.0,2145.0,2160.0,105072,0.0,0.0
2020-12-14 00:00:00+09:00,2150.0,2150.0,2100.0,2100.0,183527,0.0,0.0
2020-12-15 00:00:00+09:00,2100.0,2160.0,2070.0,2150.0,160452,0.0,0.0
2020-12-16 00:00:00+09:00,2130.0,2155.0,2120.0,2120.0,102950,0.0,0.0
2020-12-17 00:00:00+09:00,2140.0,2145.0,2100.0,2100.0,107460,0.0,0.0
2020-12-18 00:00:00+09:00,2100.0,2140.0,2085.0,2105.0,71544,0.0,0.0
2020-12-21 00:00:00+09:00,2100.0,2125.0,2080.0,2090.0,129857,0.0,0.0
2020-12-22 00:00:00+09:00,2100.0,2125.0,2045.0,2125.0,232027,0.0,0.0
2020-12-23 00:00:00+09:00,2120.0,2125.0,2040.0,2065.0,183472,0.0,0.0
2020-12-24 00:00:00+09:00,2045.0,2070.0,2030.0,2035.0,147968,0.0,0.0
2020-12-28 00:00:00+09:00,2040.0,2040.0,1965.0,1965.0,252120,0.0,0.0
2020-12-29 00:00:00+09:00,1950.0,2040.0,1950.0,2030.0,104174,0.0,0.0
2020-12-30 00:00:00+09:00,2045.0,2100.0,2030.0,2100.0,93854,0.0,0.0
2021-01-04 00:00:00+09:00,2110.0,2115.0,2055.0,2090.0,95736,0.0,0.0
2021-01-05 00:00:00+09:00,2090.0,2125.0,2075.0,2080.0,141420,0.0,0.0
2021-01-06 00:00:00+09:00,2115.0,2135.0,2075.0,2105.0,239412,0.0,0.0
2021-01-07 00:00:00+09:00,2150.0,2150.0,2090.0,2100.0,181619,0.0,0.0
2021-01-08 00:00:00+09:00,2105.0,2145.0,2065.0,2065.0,136078,0.0,0.0
2021-01-11 00:00:00+09:00,2060.0,2455.0,2010.0,2205.0,9384759,0.0,0.0
2021-01-12 00:00:00+09:00,2190.0,2385.0,2180.0,2205.0,4141364,0.0,0.0
2021-01-13 00:00:00+09:00,2215.0,2300.0,2205.0,2270.0,985729,0.0,0.0
2021-01-14 00:00:00+09:00,2295.0,2325.0,2225.0,2250.0,676034,0.0,0.0
2021-01-15 00:00:00+09:00,2240.0,2390.0,2220.0,2320.0,1842750,0.0,0.0
2021-01-18 00:00:00+09:00,2310.0,2385.0,2245.0,2385.0,1072802,0.0,0.0
2021-01-19 00:00:00+09:00,2370.0,2390.0,2270.0,2270.0,843791,0.0,0.0
2021-01-20 00:00:00+09:00,2275.0,2325.0,2235.0,2305.0,526172,0.0,0.0
2021-01-21 00:00:00+09:00,2310.0,2340.0,2275.0,2305.0,392038,0.0,0.0
2021-01-22 00:00:00+09:00,2340.0,2360.0,2275.0,2320.0,635013,0.0,0.0
2021-01-25 00:00:00+09:00,2325.0,2385.0,2300.0,2300.0,588946,0.0,0.0
2021-01-26 00:00:00+09:00,2315.0,2325.0,2250.0,2285.0,307298,0.0,0.0
2021-01-27 00:00:00+09:00,2295.0,2580.0,2260.0,2350.0,3074509,0.0,0.0
2021-01-28 00:00:00+09:00,2390.0,3055.0,2355.0,3055.0,32848450,0.0,0.0
2021-01-29 00:00:00+09:00,3150.0,3850.0,3055.0,3150.0,67631530,0.0,0.0
2021-02-01 00:00:00+09:00,3280.0,3605.0,2980.0,3120.0,26300810,0.0,0.0
2021-02-02 00:00:00+09:00,3090.0,3870.0,3085.0,3415.0,44630020,0.0,0.0
2021-02-03 00:00:00+09:00,3300.0,3415.0,3270.0,3300.0,2360049,0.0,0.0
2021-02-04 00:00:00+09:00,3345.0,3400.0,3300.0,3300.0,1514782,0.0,0.0
2021-02-05 00:00:00+09:00,3240.0,3405.0,3190.0,3405.0,1474287,0.0,0.0
2021-02-08 00:00:00+09:00,3575.0,3750.0,3115.0,3115.0,9682577,0.0,0.0
2021-02-09 00:00:00+09:00,3020.0,3270.0,2880.0,3080.0,11033880,0.0,0.0
2021-02-10 00:00:00+09:00,3105.0,3455.0,2985.0,3070.0,19778460,0.0,0.0
2021-02-15 00:00:00+09:00,3040.0,3070.0,2935.0,2945.0,2349429,0.0,0.0
2021-02-16 00:00:00+09:00,2945.0,3115.0,2865.0,2990.0,5725006,0.0,0.0
2021-02-17 00:00:00+09:00,2930.0,3100.0,2915.0,2925.0,3959135,0.0,0.0
2021-02-18 00:00:00+09:00,2960.0,3295.0,2885.0,3135.0,15531690,0.0,0.0
2021-02-19 00:00:00+09:00,3100.0,3510.0,2800.0,2835.0,15472370,0.0,0.0
2021-02-22 00:00:00+09:00,2835.0,3020.0,2760.0,2850.0,3877490,0.0,0.0
2021-02-23 00:00:00+09:00,2935.0,3135.0,2815.0,2830.0,5680092,0.0,0.0
2021-02-24 00:00:00+09:00,2850.0,3130.0,2830.0,2935.0,7706826,0.0,0.0
2021-02-25 00:00:00+09:00,2875.0,2885.0,2755.0,2815.0,2065374,0.0,0.0
2021-02-26 00:00:00+09:00,2960.0,3040.0,2485.0,2575.0,5280011,0.0,0.0
2021-03-02 00:00:00+09:00,2645.0,2735.0,2525.0,2675.0,1642184,0.0,0.0
2021-03-03 00:00:00+09:00,2645.0,2730.0,2595.0,2685.0,1147015,0.0,0.0
2021-03-04 00:00:00+09:00,2760.0,2820.0,2690.0,2745.0,1540057,0.0,0.0
2021-03-05 00:00:00+09:00,2800.0,2830.0,2555.0,2580.0,1653405,0.0,0.0
2021-03-08 00:00:00+09:00,2580.0,2690.0,2580.0,2650.0,905958,0.0,0.0
2021-03-09 00:00:00+09:00,2630.0,2655.0,2485.0,2630.0,790182,0.0,0.0
2021-03-10 00:00:00+09:00,2600.0,2795.0,2565.0,2640.0,1372123,0.0,0.0
2021-03-11 00:00:00+09:00,2625.0,2710.0,2625.0,2700.0,496770,0.0,0.0
2021-03-12 00:00:00+09:00,2700.0,2815.0,2680.0,2815.0,699814,0.0,0.0
2021-03-15 00:00:00+09:00,2900.0,2940.0,2765.0,2780.0,862536,0.0,0.0
2021-03-16 00:00:00+09:00,2770.0,2835.0,2750.0,2810.0,658270,0.0,0.0
2021-03-17 00:00:00+09:00,2795.0,2900.0,2795.0,2885.0,921662,0.0,0.0
2021-03-18 00:00:00+09:00,2875.0,2885.0,2615.0,2720.0,1049281,0.0,0.0
2021-03-19 00:00:00+09:00,2735.0,2800.0,2665.0,2675.0,638865,0.0,0.0
2021-03-22 00:00:00+09:00,2655.0,2690.0,2625.0,2645.0,368666,0.0,0.0
2021-03-23 00:00:00+09:00,2655.0,2680.0,2550.0,2550.0,388620,0.0,0.0
2021-03-24 00:00:00+09:00,2595.0,2625.0,2555.0,2570.0,259231,0.0,0.0
2021-03-25 00:00:00+09:00,2610.0,2615.0,2500.0,2515.0,303576,0.0,0.0
2021-03-26 00:00:00+09:00,2510.0,2550.0,2505.0,2530.0,135465,0.0,0.0
2021-03-29 00:00:00+09:00,2555.0,2585.0,2525.0,2575.0,232081,0.0,0.0
2021-03-30 00:00:00+09:00,2575.0,2595.0,2550.0,2575.0,149691,0.0,0.0
2021-03-31 00:00:00+09:00,2590.0,2640.0,2560.0,2640.0,430940,0.0,0.0
2021-04-01 00:00:00+09:00,2630.0,2650.0,2605.0,2620.0,224050,0.0,0.0
2021-04-02 00:00:00+09:00,2640.0,2685.0,2590.0,2680.0,586406,0.0,0.0
2021-04-05 00:00:00+09:00,2810.0,2825.0,2645.0,2645.0,1275718,0.0,0.0
2021-04-06 00:00:00+09:00,2645.0,2660.0,2595.0,2635.0,273328,0.0,0.0
2021-04-07 00:00:00+09:00,2630.0,2715.0,2630.0,2705.0,415071,0.0,0.0
2021-04-08 00:00:00+09:00,2725.0,2735.0,2675.0,2700.0,303848,0.0,0.0
2021-04-09 00:00:00+09:00,2735.0,2840.0,2725.0,2820.0,1028451,0.0,0.0
2021-04-12 00:00:00+09:00,2820.0,2940.0,2765.0,2940.0,1024064,0.0,0.0
2021-04-13 00:00:00+09:00,2970.0,2995.0,2835.0,2870.0,1297457,0.0,0.0
2021-04-14 00:00:00+09:00,2895.0,3050.0,2800.0,2930.0,1328334,0.0,0.0
2021-04-15 00:00:00+09:00,2930.0,2940.0,2850.0,2850.0,433151,0.0,0.0
2021-04-16 00:00:00+09:00,2875.0,2880.0,2820.0,2825.0,272425,0.0,0.0
2021-04-19 00:00:00+09:00,2850.0,2870.0,2805.0,2845.0,186612,0.0,0.0
2021-04-20 00:00:00+09:00,2845.0,2950.0,2840.0,2890.0,429319,0.0,0.0
2021-04-21 00:00:00+09:00,2900.0,3755.0,2900.0,3360.0,37355960,0.0,0.0
2021-04-22 00:00:00+09:00,3175.0,3420.0,3085.0,3300.0,8456903,0.0,0.0
2021-04-23 00:00:00+09:00,3405.0,3675.0,3145.0,3180.0,14120040,0.0,0.0
2021-04-26 00:00:00+09:00,3175.0,3270.0,3145.0,3215.0,1494530,0.0,0.0
2021-04-27 00:00:00+09:00,3210.0,3530.0,3165.0,3360.0,10831350,0.0,0.0
2021-04-28 00:00:00+09:00,3360.0,3850.0,3185.0,3190.0,23425350,0.0,0.0
2021-04-29 00:00:00+09:00,3220.0,3610.0,3140.0,3335.0,13410060,0.0,0.0
2021-04-30 00:00:00+09:00,3335.0,3760.0,3320.0,3400.0,22848150,0.0,0.0
2021-05-03 00:00:00+09:00,3405.0,3595.0,3300.0,3450.0,9517008,0.0,0.0
2021-05-04 00:00:00+09:00,3550.0,4050.0,3475.0,3695.0,34110300,0.0,0.0
2021-05-06 00:00:00+09:00,3790.0,3905.0,3620.0,3665.0,7662114,0.0,0.0
2021-05-07 00:00:00+09:00,3655.0,3670.0,3350.0,3360.0,3446431,0.0,0.0
2021-05-10 00:00:00+09:00,3335.0,3420.0,3275.0,3320.0,1864315,0.0,0.0
2021-05-11 00:00:00+09:00,3420.0,3685.0,3400.0,3410.0,11349540,0.0,0.0
2021-05-12 00:00:00+09:00,3465.0,3600.0,3365.0,3465.0,6523653,0.0,0.0
2021-05-13 00:00:00+09:00,3775.0,4055.0,3500.0,3535.0,9941920,0.0,0.0
2021-05-14 00:00:00+09:00,3450.0,3575.0,3405.0,3405.0,2378824,0.0,0.0
2021-05-17 00:00:00+09:00,3360.0,3520.0,3305.0,3390.0,2334565,0.0,0.0
2021-05-18 00:00:00+09:00,3340.0,3370.0,3090.0,3125.0,2131479,0.0,0.0
2021-05-20 00:00:00+09:00,3175.0,3290.0,3110.0,3120.0,1349809,0.0,0.0
2021-05-21 00:00:00+09:00,3115.0,3290.0,3070.0,3085.0,1686376,0.0,0.0
2021-05-24 00:00:00+09:00,3070.0,3155.0,2945.0,2960.0,889862,0.0,0.0
2021-05-25 00:00:00+09:00,2950.0,3015.0,2940.0,2990.0,423195,0.0,0.0
2021-05-26 00:00:00+09:00,3015.0,3080.0,3000.0,3055.0,374628,0.0,0.0
2021-05-27 00:00:00+09:00,3080.0,3235.0,3040.0,3090.0,1639673,0.0,0.0
2021-05-28 00:00:00+09:00,3100.0,3120.0,3045.0,3090.0,326599,0.0,0.0
2021-05-31 00:00:00+09:00,3065.0,3085.0,3025.0,3030.0,412924,0.0,0.0
2021-06-01 00:00:00+09:00,3025.0,3100.0,3015.0,3090.0,322311,0.0,0.0
2021-06-02 00:00:00+09:00,3095.0,3245.0,3070.0,3190.0,1322794,0.0,0.0
2021-06-03 00:00:00+09:00,3175.0,3205.0,3060.0,3125.0,564505,0.0,0.0
2021-06-04 00:00:00+09:00,3160.0,3230.0,3145.0,3155.0,793746,0.0,0.0
2021-06-07 00:00:00+09:00,3155.0,3170.0,3095.0,3120.0,348666,0.0,0.0
2021-06-08 00:00:00+09:00,3120.0,3220.0,3110.0,3215.0,518301,0.0,0.0
2021-06-09 00:00:00+09:00,3215.0,3400.0,3170.0,3340.0,3038228,0.0,0.0
2021-06-10 00:00:00+09:00,3310.0,3315.0,3205.0,3225.0,1077815,0.0,0.0
2021-06-11 00:00:00+09:00,3210.0,3230.0,3165.0,3180.0,487700,0.0,0.0
2021-06-14 00:00:00+09:00,3180.0,3205.0,3135.0,3145.0,357066,0.0,0.0
2021-06-15 00:00:00+09:00,3155.0,3220.0,3135.0,3205.0,336703,0.0,0.0
2021-06-16 00:00:00+09:00,3230.0,3250.0,3185.0,3250.0,446314,0.0,0.0
2021-06-17 00:00:00+09:00,3285.0,3345.0,3205.0,3225.0,1000427,0.0,0.0
2021-06-18 00:00:00+09:00,3185.0,3245.0,3180.0,3230.0,339117,0.0,0.0
2021-06-21 00:00:00+09:00,3270.0,3450.0,3230.0,3250.0,2358980,0.0,0.0
2021-06-22 00:00:00+09:00,3215.0,3250.0,3130.0,3195.0,526128,0.0,0.0
2021-06-23 00:00:00+09:00,3175.0,3180.0,3060.0,3065.0,618670,0.0,0.0
2021-06-24 00:00:00+09:00,3060.0,3130.0,3030.0,3090.0,322547,0.0,0.0
2021-06-25 00:00:00+09:00,3065.0,3125.0,3060.0,3110.0,172565,0.0,0.0
2021-06-28 00:00:00+09:00,3095.0,3160.0,3095.0,3145.0,235577,0.0,0.0
2021-06-29 00:00:00+09:00,3125.0,3245.0,3125.0,3215.0,602819,0.0,0.0
2021-06-30 00:00:00+09:00,3215.0,3265.0,3190.0,3220.0,285810,0.0,0.0
2021-07-01 00:00:00+09:00,3220.0,3340.0,3215.0,3295.0,1218674,0.0,0.0
2021-07-02 00:00:00+09:00,3305.0,3395.0,3285.0,3370.0,793117,0.0,0.0
2021-07-05 00:00:00+09:00,3345.0,3360.0,3240.0,3310.0,462471,0.0,0.0
2021-07-06 00:00:00+09:00,3295.0,3350.0,3260.0,3310.0,358644,0.0,0.0
2021-07-07 00:00:00+09:00,3330.0,3545.0,3300.0,3300.0,5522111,0.0,0.0
2021-07-08 00:00:00+09:00,3300.0,3685.0,3255.0,3465.0,16824470,0.0,0.0
2021-07-09 00:00:00+09:00,3560.0,3775.0,3380.0,3380.0,11305830,0.0,0.0
2021-07-12 00:00:00+09:00,3320.0,3540.0,3280.0,3525.0,1843930,0.0,0.0
2021-07-13 00:00:00+09:00,3500.0,3515.0,3335.0,3400.0,1421736,0.0,0.0
2021-07-14 00:00:00+09:00,3420.0,3515.0,3340.0,3340.0,1463478,0.0,0.0
2021-07-15 00:00:00+09:00,3305.0,3375.0,3280.0,3350.0,652386,0.0,0.0
2021-07-16 00:00:00+09:00,3390.0,3545.0,3320.0,3330.0,3072788,0.0,0.0
2021-07-19 00:00:00+09:00,3390.0,3465.0,3345.0,3365.0,1481326,0.0,0.0
2021-07-20 00:00:00+09:00,3520.0,3745.0,3370.0,3370.0,11017810,0.0,0.0
2021-07-21 00:00:00+09:00,3350.0,3545.0,3330.0,3470.0,2937256,0.0,0.0
2021-07-22 00:00:00+09:00,3415.0,3435.0,3350.0,3380.0,1212744,0.0,0.0
2021-07-23 00:00:00+09:00,3425.0,3485.0,3395.0,3405.0,1412517,0.0,0.0
2021-07-26 00:00:00+09:00,3370.0,3435.0,3350.0,3430.0,964348,0.0,0.0
2021-07-27 00:00:00+09:00,3375.0,3390.0,3200.0,3285.0,1124224,0.0,0.0
2021-07-28 00:00:00+09:00,3330.0,3395.0,3220.0,3220.0,2135758,0.0,0.0
2021-07-29 00:00:00+09:00,3200.0,3230.0,3155.0,3160.0,498972,0.0,0.0
2021-07-30 00:00:00+09:00,3170.0,3330.0,3170.0,3215.0,1111328,0.0,0.0
2021-08-02 00:00:00+09:00,3160.0,3220.0,3080.0,3105.0,671187,0.0,0.0
2021-08-03 00:00:00+09:00,3130.0,3180.0,3070.0,3095.0,363017,0.0,0.0
2021-08-04 00:00:00+09:00,3110.0,3135.0,3060.0,3095.0,304218,0.0,0.0
2021-08-05 00:00:00+09:00,3105.0,3160.0,3095.0,3155.0,288264,0.0,0.0
2021-08-06 00:00:00+09:00,3155.0,3180.0,3130.0,3150.0,204759,0.0,0.0
2021-08-09 00:00:00+09:00,3155.0,3190.0,3100.0,3100.0,216875,0.0,0.0
2021-08-10 00:00:00+09:00,3095.0,3190.0,3065.0,3085.0,410938,0.0,0.0
2021-08-11 00:00:00+09:00,3080.0,3110.0,2950.0,3040.0,522965,0.0,0.0
2021-08-12 00:00:00+09:00,3040.0,3075.0,2995.0,3000.0,278784,0.0,0.0
2021-08-13 00:00:00+09:00,2995.0,3445.0,2970.0,3120.0,8670998,0.0,0.0
2021-08-17 00:00:00+09:00,3300.0,3400.0,3020.0,3020.0,5140951,0.0,0.0
2021-08-18 00:00:00+09:00,3000.0,3000.0,2790.0,2885.0,832485,0.0,0.0
2021-08-19 00:00:00+09:00,2885.0,3195.0,2885.0,3000.0,5209262,0.0,0.0
2021-08-20 00:00:00+09:00,2960.0,3140.0,2815.0,2830.0,5052117,0.0,0.0
2021-08-23 00:00:00+09:00,2775.0,2810.0,2675.0,2800.0,725009,0.0,0.0
2021-08-24 00:00:00+09:00,2800.0,2915.0,2775.0,2885.0,558872,0.0,0.0
2021-08-25 00:00:00+09:00,2900.0,3030.0,2855.0,2975.0,955029,0.0,0.0
2021-08-26 00:00:00+09:00,2975.0,3080.0,2975.0,3015.0,811027,0.0,0.0
2021-08-27 00:00:00+09:00,3040.0,3075.0,2905.0,2915.0,567875,0.0,0.0
2021-08-30 00:00:00+09:00,2910.0,2940.0,2885.0,2900.0,247909,0.0,0.0
2021-08-31 00:00:00+09:00,2910.0,2965.0,2875.0,2875.0,361726,0.0,0.0
2021-09-01 00:00:00+09:00,2910.0,2935.0,2875.0,2930.0,280905,0.0,0.0
2021-09-02 00:00:00+09:00,2940.0,2950.0,2885.0,2890.0,237089,0.0,0.0
2021-09-03 00:00:00+09:00,2890.0,2915.0,2840.0,2855.0,253941,0.0,0.0
2021-09-06 00:00:00+09:00,2895.0,2920.0,2870.0,2895.0,160664,0.0,0.0
2021-09-07 00:00:00+09:00,2890.0,2925.0,2850.0,2865.0,290713,0.0,0.0
2021-09-08 00:00:00+09:00,2875.0,2980.0,2875.0,2945.0,750766,0.0,0.0
2021-09-09 00:00:00+09:00,2950.0,2960.0,2800.0,2815.0,674851,0.0,0.0
2021-09-10 00:00:00+09:00,2790.0,2865.0,2790.0,2825.0,344167,0.0,0.0
2021-09-13 00:00:00+09:00,2840.0,2870.0,2800.0,2800.0,295702,0.0,0.0
2021-09-14 00:00:00+09:00,2815.0,2815.0,2765.0,2785.0,162384,0.0,0.0
2021-09-15 00:00:00+09:00,2785.0,2795.0,2695.0,2725.0,283220,0.0,0.0
2021-09-16 00:00:00+09:00,2700.0,2795.0,2700.0,2795.0,269656,0.0,0.0
2021-09-17 00:00:00+09:00,2790.0,2860.0,2720.0,2735.0,425960,0.0,0.0
2021-09-23 00:00:00+09:00,2735.0,2755.0,2685.0,2710.0,149118,0.0,0.0
2021-09-24 00:00:00+09:00,2660.0,2925.0,2635.0,2670.0,1232697,0.0,0.0
2021-09-27 00:00:00+09:00,2665.0,2765.0,2625.0,2715.0,220674,0.0,0.0
2021-09-28 00:00:00+09:00,2695.0,2795.0,2685.0,2685.0,396459,0.0,0.0
2021-09-29 00:00:00+09:00,2900.0,3150.0,2730.0,2730.0,6627319,0.0,0.0
2021-09-30 00:00:00+09:00,2720.0,2775.0,2705.0,2730.0,461460,0.0,0.0
2021-10-01 00:00:00+09:00,2775.0,2970.0,2730.0,2890.0,4036059,0.0,0.0
2021-10-05 00:00:00+09:00,2875.0,2995.0,2815.0,2845.0,1533417,0.0,0.0
2021-10-06 00:00:00+09:00,2835.0,2995.0,2810.0,2880.0,2756789,0.0,0.0
2021-10-07 00:00:00+09:00,2910.0,2935.0,2805.0,2855.0,788127,0.0,0.0
2021-10-08 00:00:00+09:00,2855.0,2915.0,2830.0,2840.0,652541,0.0,0.0
2021-10-12 00:00:00+09:00,2845.0,2880.0,2620.0,2620.0,678386,0.0,0.0
2021-10-13 00:00:00+09:00,2645.0,2660.0,2545.0,2545.0,369339,0.0,0.0
2021-10-14 00:00:00+09:00,2540.0,2585.0,2530.0,2565.0,226452,0.0,0.0
2021-10-15 00:00:00+09:00,2585.0,2620.0,2560.0,2600.0,198814,0.0,0.0
2021-10-18 00:00:00+09:00,2600.0,2635.0,2555.0,2570.0,182479,0.0,0.0
2021-10-19 00:00:00+09:00,2595.0,2600.0,2570.0,2600.0,111427,0.0,0.0
2021-10-20 00:00:00+09:00,2595.0,2635.0,2570.0,2595.0,254636,0.0,0.0
2021-10-21 00:00:00+09:00,2595.0,2620.0,2550.0,2565.0,242702,0.0,0.0
2021-10-22 00:00:00+09:00,2575.0,2600.0,2505.0,2520.0,194380,0.0,0.0
2021-10-25 00:00:00+09:00,2510.0,2540.0,2510.0,2535.0,97478,0.0,0.0
2021-10-26 00:00:00+09:00,2535.0,2550.0,2520.0,2525.0,109677,0.0,0.0
2021-10-27 00:00:00+09:00,2540.0,2550.0,2505.0,2505.0,118403,0.0,0.0
2021-10-28 00:00:00+09:00,2505.0,2550.0,2480.0,2550.0,126112,0.0,0.0
2021-10-29 00:00:00+09:00,2520.0,2530.0,2500.0,2510.0,138819,0.0,0.0
2021-11-01 00:00:00+09:00,2510.0,2515.0,2450.0,2455.0,127646,0.0,0.0
2021-11-02 00:00:00+09:00,2445.0,2475.0,2435.0,2465.0,71975,0.0,0.0
2021-11-03 00:00:00+09:00,2465.0,2520.0,2465.0,2465.0,112480,0.0,0.0
2021-11-04 00:00:00+09:00,2480.0,2505.0,2420.0,2430.0,80373,0.0,0.0
2021-11-05 00:00:00+09:00,2405.0,2460.0,2405.0,2410.0,81778,0.0,0.0
2021-11-08 00:00:00+09:00,2375.0,2450.0,2375.0,2405.0,103401,0.0,0.0
2021-11-09 00:00:00+09:00,2410.0,2415.0,2285.0,2325.0,196272,0.0,0.0
2021-11-10 00:00:00+09:00,2340.0,2380.0,2290.0,2290.0,187445,0.0,0.0
2021-11-11 00:00:00+09:00,2310.0,2340.0,2190.0,2225.0,186499,0.0,0.0
2021-11-12 00:00:00+09:00,2240.0,2280.0,2225.0,2270.0,77790,0.0,0.0
2021-11-15 00:00:00+09:00,2290.0,2365.0,2275.0,2365.0,116463,0.0,0.0
2021-11-16 00:00:00+09:00,2375.0,2385.0,2255.0,2300.0,144814,0.0,0.0
2021-11-17 00:00:00+09:00,2305.0,2350.0,2285.0,2315.0,103165,0.0,0.0
2021-11-18 00:00:00+09:00,2320.0,2350.0,2315.0,2330.0,103231,0.0,0.0
2021-11-19 00:00:00+09:00,2330.0,2340.0,2290.0,2320.0,56414,0.0,0.0
2021-11-22 00:00:00+09:00,2320.0,2335.0,2225.0,2240.0,97075,0.0,0.0
2021-11-23 00:00:00+09:00,2220.0,2290.0,2220.0,2290.0,70584,0.0,0.0
2021-11-24 00:00:00+09:00,2290.0,2300.0,2230.0,2240.0,55364,0.0,0.0
2021-11-25 00:00:00+09:00,2205.0,2315.0,2205.0,2235.0,126685,0.0,0.0
2021-11-26 00:00:00+09:00,2200.0,2240.0,2190.0,2200.0,165476,0.0,0.0
2021-11-29 00:00:00+09:00,2170.0,2170.0,2055.0,2095.0,111065,0.0,0.0
2021-11-30 00:00:00+09:00,2090.0,2180.0,2010.0,2010.0,166404,0.0,0.0
2021-12-01 00:00:00+09:00,2005.0,2360.0,2000.0,2270.0,886752,0.0,0.0
2021-12-02 00:00:00+09:00,2220.0,2320.0,2200.0,2265.0,176750,0.0,0.0
2021-12-03 00:00:00+09:00,2300.0,2300.0,2245.0,2255.0,91299,0.0,0.0
2021-12-06 00:00:00+09:00,2280.0,2315.0,2235.0,2250.0,83645,0.0,0.0
2021-12-07 00:00:00+09:00,2275.0,2275.0,2235.0,2250.0,61326,0.0,0.0
2021-12-08 00:00:00+09:00,2255.0,2330.0,2255.0,2330.0,145774,0.0,0.0
2021-12-09 00:00:00+09:00,2330.0,2335.0,2290.0,2300.0,67150,0.0,0.0
2021-12-10 00:00:00+09:00,2300.0,2315.0,2270.0,2295.0,43059,0.0,0.0
2021-12-13 00:00:00+09:00,2285.0,2290.0,2250.0,2250.0,58578,0.0,0.0
2021-12-14 00:00:00+09:00,2250.0,2265.0,2195.0,2200.0,27044,0.0,0.0
2021-12-15 00:00:00+09:00,2200.0,2245.0,2200.0,2235.0,26839,0.0,0.0
2021-12-16 00:00:00+09:00,2235.0,2235.0,2175.0,2175.0,49313,0.0,0.0
2021-12-17 00:00:00+09:00,2200.0,2235.0,2160.0,2160.0,59736,0.0,0.0
2021-12-20 00:00:00+09:00,2150.0,2155.0,2080.0,2155.0,38204,0.0,0.0
2021-12-21 00:00:00+09:00,2130.0,2155.0,2105.0,2145.0,43015,0.0,0.0
2021-12-22 00:00:00+09:00,2145.0,2205.0,2140.0,2155.0,55951,0.0,0.0
2021-12-23 00:00:00+09:00,2170.0,2200.0,2165.0,2185.0,41910,0.0,0.0
2021-12-24 00:00:00+09:00,2195.0,2275.0,2185.0,2275.0,109182,0.0,0.0
2021-12-27 00:00:00+09:00,2260.0,2260.0,2195.0,2205.0,97203,0.0,0.0
2021-12-28 00:00:00+09:00,2225.0,2245.0,2200.0,2215.0,42444,0.0,0.0
2021-12-29 00:00:00+09:00,2215.0,2235.0,2210.0,2220.0,30528,0.0,0.0
2021-12-30 00:00:00+09:00,2215.0,2275.0,2210.0,2255.0,46922,0.0,0.0
2022-01-04 00:00:00+09:00,2280.0,2310.0,2265.0,2290.0,76352,0.0,0.0
2022-01-05 00:00:00+09:00,2290.0,2315.0,2250.0,2310.0,87665,0.0,0.0
2022-01-06 00:00:00+09:00,2330.0,2660.0,2320.0,2515.0,3953635,0.0,0.0
2022-01-07 00:00:00+09:00,2460.0,2500.0,2440.0,2480.0,311388,0.0,0.0
2022-01-10 00:00:00+09:00,2505.0,2550.0,2400.0,2400.0,518681,0.0,0.0
2022-01-11 00:00:00+09:00,2365.0,2495.0,2360.0,2490.0,417252,0.0,0.0
2022-01-12 00:00:00+09:00,2460.0,2470.0,2380.0,2440.0,214821,0.0,0.0
2022-01-13 00:00:00+09:00,2445.0,2565.0,2430.0,2430.0,564043,0.0,0.0
2022-01-14 00:00:00+09:00,2580.0,2960.0,2515.0,2515.0,6013781,0.0,0.0
2022-01-17 00:00:00+09:00,2495.0,2720.0,2460.0,2465.0,1756854,0.0,0.0
2022-01-18 00:00:00+09:00,2465.0,2650.0,2335.0,2360.0,1728498,0.0,0.0
2022-01-19 00:00:00+09:00,2550.0,2695.0,2385.0,2510.0,8692343,0.0,0.0
2022-01-20 00:00:00+09:00,2490.0,2595.0,2400.0,2470.0,1083736,0.0,0.0
2022-01-21 00:00:00+09:00,2580.0,2645.0,2485.0,2525.0,2660803,0.0,0.0
2022-01-24 00:00:00+09:00,2515.0,2850.0,2495.0,2660.0,7345770,0.0,0.0
2022-01-25 00:00:00+09:00,2675.0,2785.0,2410.0,2425.0,3028032,0.0,0.0
2022-01-26 00:00:00+09:00,2385.0,2475.0,2320.0,2405.0,527550,0.0,0.0
2022-01-27 00:00:00+09:00,2390.0,2630.0,2245.0,2250.0,2683742,0.0,0.0
2022-01-28 00:00:00+09:00,2215.0,2275.0,2150.0,2215.0,370085,0.0,0.0
2022-02-03 00:00:00+09:00,2220.0,2265.0,2210.0,2215.0,315145,0.0,0.0
2022-02-04 00:00:00+09:00,2255.0,2340.0,2250.0,2300.0,412609,0.0,0.0
2022-02-07 00:00:00+09:00,2310.0,2375.0,2300.0,2340.0,154615,0.0,0.0
2022-02-08 00:00:00+09:00,2340.0,2480.0,2315.0,2330.0,680275,0.0,0.0
2022-02-09 00:00:00+09:00,2320.0,2370.0,2305.0,2355.0,182156,0.0,0.0
2022-02-10 00:00:00+09:00,2355.0,2455.0,2355.0,2440.0,546590,0.0,0.0
2022-02-11 00:00:00+09:00,2430.0,2490.0,2375.0,2405.0,309651,0.0,0.0
2022-02-14 00:00:00+09:00,2405.0,2445.0,2225.0,2230.0,379417,0.0,0.0
2022-02-15 00:00:00+09:00,2210.0,2250.0,2100.0,2130.0,323211,0.0,0.0
2022-02-16 00:00:00+09:00,2150.0,2230.0,2145.0,2220.0,115473,0.0,0.0
2022-02-17 00:00:00+09:00,2240.0,2300.0,2145.0,2235.0,193764,0.0,0.0
2022-02-18 00:00:00+09:00,2175.0,2290.0,2170.0,2280.0,122419,0.0,0.0
2022-02-21 00:00:00+09:00,2245.0,2310.0,2230.0,2295.0,93524,0.0,0.0
2022-02-22 00:00:00+09:00,2275.0,2325.0,2200.0,2240.0,128906,0.0,0.0
2022-02-23 00:00:00+09:00,2220.0,2290.0,2220.0,2270.0,56180,0.0,0.0
2022-02-24 00:00:00+09:00,2295.0,2300.0,2105.0,2165.0,195745,0.0,0.0
2022-02-25 00:00:00+09:00,2185.0,2280.0,2165.0,2215.0,97967,0.0,0.0
2022-02-28 00:00:00+09:00,2225.0,2280.0,2200.0,2215.0,67571,0.0,0.0
2022-03-02 00:00:00+09:00,2240.0,2300.0,2200.0,2275.0,127892,0.0,0.0
2022-03-03 00:00:00+09:00,2290.0,2320.0,2250.0,2310.0,118358,0.0,0.0
2022-03-04 00:00:00+09:00,2310.0,2320.0,2270.0,2280.0,79425,0.0,0.0
2022-03-07 00:00:00+09:00,2280.0,2300.0,2195.0,2195.0,105585,0.0,0.0
2022-03-08 00:00:00+09:00,2170.0,2235.0,2150.0,2160.0,105776,0.0,0.0
2022-03-10 00:00:00+09:00,2165.0,2195.0,2140.0,2170.0,89565,0.0,0.0
2022-03-11 00:00:00+09:00,2180.0,2220.0,2175.0,2220.0,51600,0.0,0.0
2022-03-14 00:00:00+09:00,2220.0,2230.0,2180.0,2200.0,85684,0.0,0.0
2022-03-15 00:00:00+09:00,2185.0,2235.0,2150.0,2225.0,91878,0.0,0.0
2022-03-16 00:00:00+09:00,2225.0,2245.0,2200.0,2230.0,99933,0.0,0.0
2022-03-17 00:00:00+09:00,2265.0,2300.0,2235.0,2255.0,85033,0.0,0.0
2022-03-18 00:00:00+09:00,2265.0,2295.0,2260.0,2280.0,70692,0.0,0.0
2022-03-21 00:00:00+09:00,2280.0,2370.0,2280.0,2365.0,225402,0.0,0.0
2022-03-22 00:00:00+09:00,2370.0,2370.0,2330.0,2345.0,123278,0.0,0.0
2022-03-23 00:00:00+09:00,2345.0,2395.0,2340.0,2360.0,126589,0.0,0.0
2022-03-24 00:00:00+09:00,2365.0,2380.0,2330.0,2370.0,85006,0.0,0.0
2022-03-25 00:00:00+09:00,2375.0,2390.0,2345.0,2385.0,110494,0.0,0.0
2022-03-28 00:00:00+09:00,2325.0,2385.0,2320.0,2350.0,102360,0.0,0.0
2022-03-29 00:00:00+09:00,2355.0,2390.0,2330.0,2370.0,100467,0.0,0.0
2022-03-30 00:00:00+09:00,2395.0,2395.0,2345.0,2370.0,73168,0.0,0.0
2022-03-31 00:00:00+09:00,2370.0,2490.0,2360.0,2450.0,182967,0.0,0.0
2022-04-01 00:00:00+09:00,2450.0,2450.0,2385.0,2415.0,125971,0.0,0.0
2022-04-04 00:00:00+09:00,2390.0,2465.0,2360.0,2405.0,183021,0.0,0.0
2022-04-05 00:00:00+09:00,2415.0,2460.0,2390.0,2450.0,148487,0.0,0.0
2022-04-06 00:00:00+09:00,2435.0,2640.0,2405.0,2455.0,1779177,0.0,0.0
2022-04-07 00:00:00+09:00,2510.0,2650.0,2465.0,2490.0,2055798,0.0,0.0
2022-04-08 00:00:00+09:00,2490.0,2545.0,2420.0,2425.0,439533,0.0,0.0
2022-04-11 00:00:00+09:00,2410.0,2470.0,2370.0,2420.0,218552,0.0,0.0
2022-04-12 00:00:00+09:00,2465.0,2590.0,2425.0,2445.0,813827,0.0,0.0
2022-04-13 00:00:00+09:00,2475.0,2485.0,2385.0,2440.0,327932,0.0,0.0
2022-04-14 00:00:00+09:00,2435.0,2475.0,2375.0,2385.0,232679,0.0,0.0
2022-04-15 00:00:00+09:00,2400.0,2425.0,2315.0,2330.0,230263,0.0,0.0
2022-04-18 00:00:00+09:00,2330.0,2375.0,2315.0,2340.0,100547,0.0,0.0
2022-04-19 00:00:00+09:00,2330.0,2380.0,2325.0,2380.0,93549,0.0,0.0
2022-04-20 00:00:00+09:00,2395.0,2420.0,2365.0,2410.0,101759,0.0,0.0
2022-04-21 00:00:00+09:00,2410.0,2425.0,2390.0,2405.0,66586,0.0,0.0
2022-04-22 00:00:00+09:00,2400.0,2475.0,2390.0,2455.0,248602,0.0,0.0
2022-04-25 00:00:00+09:00,2445.0,2610.0,2440.0,2490.0,828292,0.0,0.0
2022-04-26 00:00:00+09:00,2475.0,2515.0,2440.0,2510.0,174922,0.0,0.0
2022-04-27 00:00:00+09:00,2620.0,2780.0,2405.0,2420.0,3457675,0.0,0.0
2022-04-28 00:00:00+09:00,2420.0,2465.0,2345.0,2425.0,331030,0.0,0.0
2022-04-29 00:00:00+09:00,2420.0,2455.0,2390.0,2420.0,193316,0.0,0.0
2022-05-03 00:00:00+09:00,2460.0,2515.0,2435.0,2515.0,209190,0.0,0.0
2022-05-04 00:00:00+09:00,2500.0,2635.0,2435.0,2455.0,775985,0.0,0.0
2022-05-06 00:00:00+09:00,2530.0,2535.0,2430.0,2430.0,402672,0.0,0.0
2022-05-10 00:00:00+09:00,2215.0,2295.0,2165.0,2255.0,262399,0.0,0.0
2022-05-11 00:00:00+09:00,2255.0,2325.0,2240.0,2310.0,88431,0.0,0.0
2022-05-12 00:00:00+09:00,2320.0,2320.0,2175.0,2175.0,129272,0.0,0.0
2022-05-13 00:00:00+09:00,2175.0,2270.0,2175.0,2220.0,113224,0.0,0.0
2022-05-16 00:00:00+09:00,2250.0,2285.0,2235.0,2245.0,61051,0.0,0.0
2022-05-17 00:00:00+09:00,2245.0,2285.0,2240.0,2280.0,50871,0.0,0.0
2022-05-18 00:00:00+09:00,2280.0,2285.0,2220.0,2235.0,70013,0.0,0.0
2022-05-19 00:00:00+09:00,2280.0,2340.0,2205.0,2215.0,339516,0.0,0.0
2022-05-20 00:00:00+09:00,2205.0,2215.0,2165.0,2180.0,138922,0.0,0.0
2022-05-23 00:00:00+09:00,2200.0,2230.0,2145.0,2230.0,92796,0.0,0.0
2022-05-24 00:00:00+09:00,2205.0,2230.0,2180.0,2180.0,63227,0.0,0.0
2022-05-25 00:00:00+09:00,2160.0,2175.0,2145.0,2150.0,79089,0.0,0.0
2022-05-26 00:00:00+09:00,2150.0,2175.0,2145.0,2155.0,43233,0.0,0.0
2022-05-27 00:00:00+09:00,2180.0,2180.0,2145.0,2155.0,47205,0.0,0.0
2022-05-30 00:00:00+09:00,2155.0,2200.0,2155.0,2185.0,34446,0.0,0.0
2022-05-31 00:00:00+09:00,2180.0,2230.0,2180.0,2205.0,64233,0.0,0.0
2022-06-02 00:00:00+09:00,2205.0,2215.0,2180.0,2185.0,40189,0.0,0.0
2022-06-03 00:00:00+09:00,2200.0,2230.0,2185.0,2230.0,52224,0.0,0.0
2022-06-07 00:00:00+09:00,2230.0,2230.0,2175.0,2195.0,58237,0.0,0.0
2022-06-08 00:00:00+09:00,2195.0,2200.0,2110.0,2200.0,78407,0.0,0.0
2022-06-09 00:00:00+09:00,2170.0,2245.0,2165.0,2225.0,50832,0.0,0.0
2022-06-10 00:00:00+09:00,2215.0,2235.0,2180.0,2195.0,65118,0.0,0.0
2022-06-13 00:00:00+09:00,2185.0,2460.0,2180.0,2260.0,2570199,0.0,0.0
2022-06-14 00:00:00+09:00,2395.0,2480.0,2185.0,2185.0,2084691,0.0,0.0
2022-06-15 00:00:00+09:00,2190.0,2300.0,2165.0,2200.0,546305,0.0,0.0
2022-06-16 00:00:00+09:00,2195.0,2195.0,2100.0,2135.0,353114,0.0,0.0
2022-06-17 00:00:00+09:00,2165.0,2200.0,1995.0,2035.0,378282,0.0,0.0
2022-06-20 00:00:00+09:00,2015.0,2025.0,1890.0,1925.0,258114,0.0,0.0
2022-06-21 00:00:00+09:00,1915.0,1940.0,1870.0,1905.0,159858,0.0,0.0
2022-06-22 00:00:00+09:00,1900.0,1910.0,1730.0,1730.0,256177,0.0,0.0
2022-06-23 00:00:00+09:00,1750.0,1770.0,1585.0,1590.0,252419,0.0,0.0
2022-06-24 00:00:00+09:00,1545.0,1715.0,1545.0,1715.0,374183,0.0,0.0
2022-06-27 00:00:00+09:00,1745.0,1800.0,1720.0,1780.0,86851,0.0,0.0
2022-06-28 00:00:00+09:00,1780.0,1845.0,1730.0,1765.0,97856,0.0,0.0
2022-06-29 00:00:00+09:00,1715.0,1785.0,1690.0,1785.0,99132,0.0,0.0
2022-06-30 00:00:00+09:00,1760.0,1780.0,1700.0,1700.0,79894,0.0,0.0
2022-07-01 00:00:00+09:00,1700.0,1725.0,1635.0,1675.0,53193,0.0,0.0
2022-07-04 00:00:00+09:00,1660.0,1700.0,1600.0,1605.0,87900,0.0,0.0
2022-07-05 00:00:00+09:00,1610.0,1740.0,1610.0,1740.0,125985,0.0,0.0
2022-07-06 00:00:00+09:00,1785.0,1785.0,1705.0,1740.0,68230,0.0,0.0
2022-07-07 00:00:00+09:00,1725.0,1775.0,1720.0,1770.0,26025,0.0,0.0
2022-07-08 00:00:00+09:00,1785.0,1800.0,1755.0,1765.0,38632,0.0,0.0
2022-07-11 00:00:00+09:00,1765.0,1850.0,1760.0,1795.0,129406,0.0,0.0
2022-07-12 00:00:00+09:00,1780.0,1815.0,1715.0,1745.0,63558,0.0,0.0
2022-07-13 00:00:00+09:00,1715.0,1760.0,1695.0,1740.0,61958,0.0,0.0
2022-07-14 00:00:00+09:00,1740.0,1775.0,1720.0,1775.0,22706,0.0,0.0
2022-07-15 00:00:00+09:00,1760.0,1805.0,1700.0,1710.0,38800,0.0,0.0
2022-07-18 00:00:00+09:00,1730.0,2040.0,1725.0,1860.0,2474379,0.0,0.0
2022-07-19 00:00:00+09:00,1855.0,2315.0,1800.0,2140.0,9399498,0.0,0.0
2022-07-20 00:00:00+09:00,2200.0,2355.0,2125.0,2155.0,9149892,0.0,0.0
2022-07-21 00:00:00+09:00,2155.0,2240.0,2035.0,2035.0,4478452,0.0,0.0
2022-07-22 00:00:00+09:00,2125.0,2220.0,2000.0,2000.0,3116058,0.0,0.0
2022-07-25 00:00:00+09:00,1975.0,2075.0,1965.0,2000.0,631119,0.0,0.0
2022-07-26 00:00:00+09:00,1985.0,2005.0,1935.0,1945.0,315978,0.0,0.0
2022-07-27 00:00:00+09:00,1940.0,2040.0,1925.0,1925.0,630082,0.0,0.0
2022-07-28 00:00:00+09:00,1935.0,1995.0,1925.0,1935.0,486405,0.0,0.0
2022-07-29 00:00:00+09:00,1960.0,1965.0,1930.0,1935.0,153510,0.0,0.0
2022-08-01 00:00:00+09:00,1955.0,1970.0,1930.0,1940.0,124771,0.0,0.0
2022-08-02 00:00:00+09:00,1930.0,1950.0,1930.0,1945.0,95232,0.0,0.0
2022-08-03 00:00:00+09:00,1945.0,1970.0,1940.0,1965.0,102294,0.0,0.0
2022-08-04 00:00:00+09:00,1975.0,1995.0,1950.0,1980.0,118805,0.0,0.0
2022-08-05 00:00:00+09:00,1970.0,1990.0,1940.0,1960.0,102799,0.0,0.0
2022-08-08 00:00:00+09:00,1960.0,1970.0,1935.0,1970.0,100355,0.0,0.0
2022-08-09 00:00:00+09:00,1955.0,1990.0,1940.0,1975.0,92099,0.0,0.0
2022-08-10 00:00:00+09:00,1970.0,2365.0,1945.0,2115.0,14745440,0.0,0.0
2022-08-11 00:00:00+09:00,2090.0,2285.0,2080.0,2115.0,2736795,0.0,0.0
2022-08-12 00:00:00+09:00,2105.0,2110.0,2040.0,2065.0,433167,0.0,0.0
2022-08-16 00:00:00+09:00,2075.0,2075.0,2000.0,2025.0,240102,0.0,0.0
2022-08-17 00:00:00+09:00,2005.0,2255.0,2000.0,2085.0,5445049,0.0,0.0
2022-08-18 00:00:00+09:00,2070.0,2160.0,2055.0,2110.0,1287198,0.0,0.0
2022-08-19 00:00:00+09:00,2130.0,2245.0,2080.0,2090.0,2064124,0.0,0.0
2022-08-22 00:00:00+09:00,2105.0,2225.0,2090.0,2150.0,1579574,0.0,0.0
2022-08-23 00:00:00+09:00,2160.0,2350.0,2095.0,2165.0,2684011,0.0,0.0
2022-08-24 00:00:00+09:00,2160.0,2280.0,2140.0,2195.0,1285662,0.0,0.0
2022-08-25 00:00:00+09:00,2195.0,2220.0,2165.0,2165.0,267672,0.0,0.0
2022-08-26 00:00:00+09:00,2165.0,2195.0,2150.0,2165.0,208280,0.0,0.0
2022-08-29 00:00:00+09:00,2210.0,2450.0,2180.0,2245.0,13204090,0.0,0.0
2022-08-30 00:00:00+09:00,2230.0,2300.0,2195.0,2200.0,1020207,0.0,0.0
2022-08-31 00:00:00+09:00,2230.0,2350.0,2210.0,2265.0,2804040,0.0,0.0
2022-09-01 00:00:00+09:00,2260.0,2525.0,2255.0,2370.0,10908270,0.0,0.0
2022-09-02 00:00:00+09:00,2330.0,2415.0,2240.0,2270.0,3907088,0.0,0.0
2022-09-05 00:00:00+09:00,2325.0,2415.0,2270.0,2315.0,2043044,0.0,0.0
2022-09-06 00:00:00+09:00,2340.0,2355.0,2170.0,2170.0,766498,0.0,0.0
2022-09-07 00:00:00+09:00,2210.0,2340.0,2150.0,2170.0,1798226,0.0,0.0
2022-09-08 00:00:00+09:00,2200.0,2205.0,2055.0,2060.0,530590,0.0,0.0
2022-09-13 00:00:00+09:00,2075.0,2090.0,2030.0,2075.0,250170,0.0,0.0
2022-09-14 00:00:00+09:00,2280.0,2340.0,2115.0,2125.0,1792201,0.0,0.0
2022-09-15 00:00:00+09:00,2105.0,2315.0,2080.0,2205.0,3371640,0.0,0.0
2022-09-16 00:00:00+09:00,2265.0,2330.0,2150.0,2230.0,2715761,0.0,0.0
2022-09-19 00:00:00+09:00,2220.0,2425.0,2190.0,2355.0,2814160,0.0,0.0
2022-09-20 00:00:00+09:00,2240.0,2620.0,2175.0,2475.0,9341237,0.0,0.0
2022-09-21 00:00:00+09:00,2450.0,2570.0,2295.0,2410.0,2501482,0.0,0.0
2022-09-22 00:00:00+09:00,2400.0,2475.0,2330.0,2340.0,873584,0.0,0.0
2022-09-23 00:00:00+09:00,2365.0,2380.0,2220.0,2220.0,921456,0.0,0.0
2022-09-26 00:00:00+09:00,2245.0,2250.0,2020.0,2020.0,506809,0.0,0.0
2022-09-27 00:00:00+09:00,2095.0,2285.0,2005.0,2170.0,784677,0.0,0.0
2022-09-28 00:00:00+09:00,2135.0,2255.0,2055.0,2090.0,357316,0.0,0.0
2022-09-29 00:00:00+09:00,2180.0,2200.0,2035.0,2040.0,297225,0.0,0.0
2022-09-30 00:00:00+09:00,2030.0,2195.0,1975.0,2005.0,892463,0.0,0.0
2022-10-04 00:00:00+09:00,2005.0,2045.0,2000.0,2040.0,144581,0.0,0.0
2022-10-05 00:00:00+09:00,2060.0,2080.0,2005.0,2005.0,157984,0.0,0.0
2022-10-06 00:00:00+09:00,2010.0,2070.0,1995.0,2065.0,133975,0.0,0.0
2022-10-07 00:00:00+09:00,2035.0,2235.0,2020.0,2130.0,1213443,0.0,0.0
2022-10-11 00:00:00+09:00,2115.0,2240.0,2000.0,2000.0,835563,0.0,0.0
2022-10-12 00:00:00+09:00,2005.0,2025.0,1875.0,1885.0,316792,0.0,0.0
2022-10-13 00:00:00+09:00,1890.0,1890.0,1755.0,1755.0,404956,0.0,0.0
2022-10-14 00:00:00+09:00,1770.0,1870.0,1770.0,1830.0,143820,0.0,0.0
2022-10-17 00:00:00+09:00,1780.0,1880.0,1765.0,1880.0,100388,0.0,0.0
2022-10-18 00:00:00+09:00,1870.0,1985.0,1870.0,1935.0,156059,0.0,0.0
2022-10-19 00:00:00+09:00,1935.0,1990.0,1925.0,1950.0,148568,0.0,0.0
2022-10-20 00:00:00+09:00,1955.0,1990.0,1900.0,1920.0,161979,0.0,0.0
2022-10-21 00:00:00+09:00,1920.0,1940.0,1840.0,1880.0,112821,0.0,0.0
2022-10-24 00:00:00+09:00,1880.0,1935.0,1880.0,1925.0,88303,0.0,0.0
2022-10-25 00:00:00+09:00,1930.0,1980.0,1905.0,1980.0,107983,0.0,0.0
2022-10-26 00:00:00+09:00,1975.0,1995.0,1930.0,1945.0,86056,0.0,0.0
2022-10-27 00:00:00+09:00,1945.0,1955.0,1900.0,1920.0,84045,0.0,0.0
2022-10-28 00:00:00+09:00,1920.0,1930.0,1850.0,1865.0,81029,0.0,0.0
2022-10-31 00:00:00+09:00,1870.0,1905.0,1850.0,1900.0,38427,0.0,0.0
2022-11-01 00:00:00+09:00,1890.0,1900.0,1870.0,1900.0,49806,0.0,0.0
2022-11-02 00:00:00+09:00,1900.0,1905.0,1865.0,1880.0,40732,0.0,0.0
2022-11-03 00:00:00+09:00,1860.0,1870.0,1835.0,1870.0,44570,0.0,0.0
2022-11-04 00:00:00+09:00,1870.0,1870.0,1830.0,1870.0,38743,0.0,0.0
2022-11-07 00:00:00+09:00,1860.0,1890.0,1850.0,1880.0,21010,0.0,0.0
2022-11-08 00:00:00+09:00,1880.0,1920.0,1875.0,1920.0,64874,0.0,0.0
2022-11-09 00:00:00+09:00,1905.0,1935.0,1885.0,1920.0,77013,0.0,0.0
2022-11-10 00:00:00+09:00,1930.0,1930.0,1900.0,1920.0,69444,0.0,0.0
2022-11-11 00:00:00+09:00,1975.0,1975.0,1915.0,1925.0,71658,0.0,0.0
2022-11-14 00:00:00+09:00,1925.0,1960.0,1905.0,1940.0,60896,0.0,0.0
2022-11-15 00:00:00+09:00,1945.0,1965.0,1935.0,1950.0,43442,0.0,0.0
2022-11-16 00:00:00+09:00,1955.0,1970.0,1925.0,1945.0,59995,0.0,0.0
2022-11-17 00:00:00+09:00,1945.0,1960.0,1925.0,1930.0,56481,0.0,0.0
2022-11-18 00:00:00+09:00,1930.0,1930.0,1890.0,1915.0,75680,0.0,0.0
2022-11-21 00:00:00+09:00,1925.0,1925.0,1865.0,1865.0,53909,0.0,0.0
2022-11-22 00:00:00+09:00,1840.0,1930.0,1835.0,1855.0,114703,0.0,0.0
2022-11-23 00:00:00+09:00,1855.0,1870.0,1825.0,1845.0,53444,0.0,0.0
2022-11-24 00:00:00+09:00,1860.0,1880.0,1855.0,1865.0,54480,0.0,0.0
2022-11-25 00:00:00+09:00,1880.0,1885.0,1850.0,1875.0,46861,0.0,0.0
2022-11-28 00:00:00+09:00,1895.0,1895.0,1825.0,1840.0,33196,0.0,0.0
2022-11-29 00:00:00+09:00,1825.0,1880.0,1825.0,1875.0,27612,0.0,0.0
2022-11-30 00:00:00+09:00,1890.0,1890.0,1850.0,1860.0,37235,0.0,0.0
2022-12-01 00:00:00+09:00,1890.0,1890.0,1865.0,1890.0,46973,0.0,0.0
2022-12-02 00:00:00+09:00,1900.0,1900.0,1865.0,1880.0,36766,0.0,0.0
2022-12-05 00:00:00+09:00,1895.0,1900.0,1870.0,1895.0,37778,0.0,0.0
2022-12-06 00:00:00+09:00,1890.0,1890.0,1845.0,1845.0,39229,0.0,0.0
2022-12-07 00:00:00+09:00,1830.0,1845.0,1800.0,1820.0,39602,0.0,0.0
2022-12-08 00:00:00+09:00,1820.0,1945.0,1785.0,1825.0,301941,0.0,0.0
2022-12-09 00:00:00+09:00,1945.0,1995.0,1855.0,1915.0,367004,0.0,0.0
2022-12-12 00:00:00+09:00,1955.0,1960.0,1890.0,1900.0,113843,0.0,0.0
2022-12-13 00:00:00+09:00,1900.0,1945.0,1870.0,1930.0,96665,0.0,0.0
2022-12-14 00:00:00+09:00,1930.0,1950.0,1925.0,1950.0,104328,0.0,0.0
2022-12-15 00:00:00+09:00,1960.0,1985.0,1930.0,1940.0,108823,0.0,0.0
2022-12-16 00:00:00+09:00,1980.0,2290.0,1960.0,2000.0,5382266,0.0,0.0
2022-12-19 00:00:00+09:00,2005.0,2035.0,1990.0,1990.0,317750,0.0,0.0
2022-12-20 00:00:00+09:00,2010.0,2175.0,1985.0,2045.0,2468535,0.0,0.0
2022-12-21 00:00:00+09:00,2015.0,2125.0,1975.0,2050.0,968340,0.0,0.0
2022-12-22 00:00:00+09:00,2050.0,2055.0,1990.0,1995.0,341856,0.0,0.0
2022-12-23 00:00:00+09:00,2020.0,2175.0,1985.0,1985.0,3757552,0.0,0.0
2022-12-26 00:00:00+09:00,1970.0,1985.0,1890.0,1910.0,365390,0.0,0.0
2022-12-27 00:00:00+09:00,1910.0,1995.0,1900.0,1925.0,145503,0.0,0.0
2022-12-28 00:00:00+09:00,1930.0,2010.0,1930.0,1995.0,257758,0.0,0.0
2022-12-29 00:00:00+09:00,1980.0,2070.0,1925.0,1945.0,318807,0.0,0.0
2023-01-02 00:00:00+09:00,1915.0,2000.0,1915.0,1980.0,153286,0.0,0.0
2023-01-03 00:00:00+09:00,2015.0,2015.0,1950.0,1965.0,167244,0.0,0.0
2023-01-04 00:00:00+09:00,1970.0,2025.0,1965.0,2025.0,226133,0.0,0.0
2023-01-05 00:00:00+09:00,2050.0,2115.0,1995.0,1995.0,531854,0.0,0.0
2023-01-06 00:00:00+09:00,2000.0,2040.0,2000.0,2025.0,113250,0.0,0.0
2023-01-09 00:00:00+09:00,2020.0,2060.0,2020.0,2035.0,147378,0.0,0.0
2023-01-10 00:00:00+09:00,2050.0,2050.0,2010.0,2015.0,80563,0.0,0.0
2023-01-11 00:00:00+09:00,2015.0,2035.0,2005.0,2030.0,77983,0.0,0.0
2023-01-12 00:00:00+09:00,2030.0,2030.0,2010.0,2015.0,68333,0.0,0.0
2023-01-13 00:00:00+09:00,2025.0,2035.0,2010.0,2030.0,84085,0.0,0.0
2023-01-16 00:00:00+09:00,2025.0,2035.0,2000.0,2010.0,102126,0.0,0.0
2023-01-17 00:00:00+09:00,2015.0,2035.0,2000.0,2035.0,87309,0.0,0.0
2023-01-18 00:00:00+09:00,2035.0,2100.0,2030.0,2080.0,322313,0.0,0.0
2023-01-19 00:00:00+09:00,2070.0,2085.0,2015.0,2040.0,145210,0.0,0.0
2023-01-20 00:00:00+09:00,2015.0,2060.0,2015.0,2050.0,64720,0.0,0.0
2023-01-25 00:00:00+09:00,2060.0,2065.0,2030.0,2050.0,336951,0.0,0.0
2023-01-26 00:00:00+09:00,2070.0,2085.0,2050.0,2055.0,129813,0.0,0.0
2023-01-27 00:00:00+09:00,2055.0,2135.0,2055.0,2135.0,209121,0.0,0.0
2023-01-30 00:00:00+09:00,2120.0,2120.0,2065.0,2085.0,167731,0.0,0.0
2023-01-31 00:00:00+09:00,2065.0,2130.0,2065.0,2125.0,157447,0.0,0.0
2023-02-01 00:00:00+09:00,2110.0,2130.0,2090.0,2115.0,103413,0.0,0.0
2023-02-02 00:00:00+09:00,2110.0,2120.0,2080.0,2105.0,122033,0.0,0.0
2023-02-03 00:00:00+09:00,2100.0,2115.0,2050.0,2070.0,150675,0.0,0.0
2023-02-06 00:00:00+09:00,2065.0,2075.0,2020.0,2025.0,114853,0.0,0.0
2023-02-07 00:00:00+09:00,2040.0,2040.0,2025.0,2025.0,59925,0.0,0.0
2023-02-08 00:00:00+09:00,2020.0,2045.0,2000.0,2030.0,120406,0.0,0.0
2023-02-09 00:00:00+09:00,2030.0,2060.0,2025.0,2045.0,83298,0.0,0.0
2023-02-10 00:00:00+09:00,2040.0,2060.0,2015.0,2040.0,117154,0.0,0.0
2023-02-13 00:00:00+09:00,2015.0,2050.0,2000.0,2000.0,107317,0.0,0.0
2023-02-14 00:00:00+09:00,2010.0,2015.0,1997.0,2015.0,89315,0.0,0.0
2023-02-15 00:00:00+09:00,2015.0,2140.0,2005.0,2120.0,496234,0.0,0.0
2023-02-16 00:00:00+09:00,2060.0,2145.0,2020.0,2060.0,613959,0.0,0.0
2023-02-17 00:00:00+09:00,2090.0,2160.0,2070.0,2110.0,499439,0.0,0.0
2023-02-20 00:00:00+09:00,2090.0,2135.0,2075.0,2080.0,147102,0.0,0.0
2023-02-21 00:00:00+09:00,2070.0,2100.0,2055.0,2080.0,89718,0.0,0.0
2023-02-22 00:00:00+09:00,2120.0,2135.0,2050.0,2050.0,210383,0.0,0.0
2023-02-23 00:00:00+09:00,2050.0,2080.0,2030.0,2050.0,120799,0.0,0.0
2023-02-24 00:00:00+09:00,2050.0,2065.0,2020.0,2020.0,89252,0.0,0.0
2023-02-27 00:00:00+09:00,2020.0,2035.0,1960.0,1961.0,181826,0.0,0.0
2023-02-28 00:00:00+09:00,1962.0,1975.0,1930.0,1954.0,76136,0.0,0.0
2023-03-02 00:00:00+09:00,1954.0,1954.0,1888.0,1892.0,181282,0.0,0.0
2023-03-03 00:00:00+09:00,1877.0,1909.0,1877.0,1898.0,69444,0.0,0.0
2023-03-06 00:00:00+09:00,1899.0,1940.0,1885.0,1940.0,48008,0.0,0.0
2023-03-07 00:00:00+09:00,1940.0,1940.0,1903.0,1927.0,56196,0.0,0.0
2023-03-08 00:00:00+09:00,1927.0,1948.0,1897.0,1897.0,79697,0.0,0.0
2023-03-09 00:00:00+09:00,1910.0,2000.0,1879.0,1883.0,181952,0.0,0.0
2023-03-10 00:00:00+09:00,1920.0,1966.0,1840.0,1850.0,191110,0.0,0.0
2023-03-13 00:00:00+09:00,1868.0,1868.0,1830.0,1843.0,71915,0.0,0.0
2023-03-14 00:00:00+09:00,1847.0,1960.0,1802.0,1846.0,341066,0.0,0.0
2023-03-15 00:00:00+09:00,1830.0,1870.0,1820.0,1839.0,73093,0.0,0.0
2023-03-16 00:00:00+09:00,1855.0,1856.0,1821.0,1836.0,54981,0.0,0.0
2023-03-17 00:00:00+09:00,1838.0,1855.0,1834.0,1853.0,40944,0.0,0.0
2023-03-20 00:00:00+09:00,1835.0,1865.0,1835.0,1864.0,31507,0.0,0.0
2023-03-21 00:00:00+09:00,1849.0,1874.0,1849.0,1864.0,20946,0.0,0.0
2023-03-22 00:00:00+09:00,1864.0,1890.0,1811.0,1821.0,80684,0.0,0.0
2023-03-23 00:00:00+09:00,1805.0,1832.0,1773.0,1775.0,86160,0.0,0.0
2023-03-24 00:00:00+09:00,1762.0,1792.0,1762.0,1790.0,78215,0.0,0.0
2023-03-27 00:00:00+09:00,1790.0,1806.0,1757.0,1775.0,40107,0.0,0.0
2023-03-28 00:00:00+09:00,1775.0,1783.0,1763.0,1780.0,21289,0.0,0.0
2023-03-29 00:00:00+09:00,1780.0,1810.0,1765.0,1801.0,32539,0.0,0.0
2023-03-30 00:00:00+09:00,1797.0,1822.0,1796.0,1821.0,31993,0.0,0.0
2023-03-31 00:00:00+09:00,1805.0,1821.0,1792.0,1795.0,45999,0.0,0.0
2023-04-03 00:00:00+09:00,1795.0,1805.0,1717.0,1780.0,35505,0.0,0.0
2023-04-04 00:00:00+09:00,1769.0,1793.0,1738.0,1791.0,38862,0.0,0.0
2023-04-05 00:00:00+09:00,1809.0,1810.0,1791.0,1808.0,29763,0.0,0.0
2023-04-06 00:00:00+09:00,1807.0,1807.0,1771.0,1786.0,43346,0.0,0.0
2023-04-07 00:00:00+09:00,1785.0,1785.0,1762.0,1775.0,34891,0.0,0.0
2023-04-10 00:00:00+09:00,1765.0,1772.0,1747.0,1760.0,37260,0.0,0.0
2023-04-11 00:00:00+09:00,1760.0,1760.0,1733.0,1757.0,30212,0.0,0.0
2023-04-12 00:00:00+09:00,1741.0,1786.0,1741.0,1777.0,35806,0.0,0.0
2023-04-13 00:00:00+09:00,1753.0,1797.0,1751.0,1784.0,41327,0.0,0.0
2023-04-14 00:00:00+09:00,1784.0,1800.0,1780.0,1797.0,52738,0.0,0.0
2023-04-17 00:00:00+09:00,1797.0,1850.0,1797.0,1831.0,79275,0.0,0.0
2023-04-18 00:00:00+09:00,1831.0,1860.0,1810.0,1821.0,42838,0.0,0.0
2023-04-19 00:00:00+09:00,1821.0,1885.0,1817.0,1845.0,58427,0.0,0.0
2023-04-20 00:00:00+09:00,1855.0,2395.0,1818.0,2395.0,12275110,0.0,0.0
2023-04-21 00:00:00+09:00,2400.0,2530.0,2040.0,2115.0,11748900,0.0,0.0
2023-04-24 00:00:00+09:00,2070.0,2405.0,2045.0,2100.0,7311635,0.0,0.0
2023-04-25 00:00:00+09:00,2040.0,2240.0,1956.0,2040.0,3781752,0.0,0.0
2023-04-26 00:00:00+09:00,2090.0,2130.0,1999.0,2015.0,765851,0.0,0.0
2023-04-27 00:00:00+09:00,2000.0,2000.0,1911.0,1939.0,487584,0.0,0.0
2023-04-28 00:00:00+09:00,1952.0,2070.0,1900.0,1991.0,958797,0.0,0.0
2023-05-02 00:00:00+09:00,1991.0,2010.0,1914.0,2010.0,287980,0.0,0.0
2023-05-03 00:00:00+09:00,2020.0,2080.0,2010.0,2055.0,458986,0.0,0.0
2023-05-04 00:00:00+09:00,2075.0,2075.0,1973.0,1978.0,278029,0.0,0.0
2023-05-08 00:00:00+09:00,1978.0,2015.0,1962.0,2010.0,163895,0.0,0.0
2023-05-09 00:00:00+09:00,2015.0,2125.0,1985.0,2020.0,626237,0.0,0.0
2023-05-10 00:00:00+09:00,2020.0,2190.0,2005.0,2125.0,890946,0.0,0.0
2023-05-11 00:00:00+09:00,2125.0,2195.0,2085.0,2160.0,643578,0.0,0.0
2023-05-12 00:00:00+09:00,2160.0,2160.0,2025.0,2025.0,458211,0.0,0.0
2023-05-15 00:00:00+09:00,2030.0,2035.0,1960.0,2010.0,151321,0.0,0.0
2023-05-16 00:00:00+09:00,1990.0,2105.0,1971.0,2065.0,204849,0.0,0.0
2023-05-17 00:00:00+09:00,2075.0,2125.0,2045.0,2080.0,256833,0.0,0.0
2023-05-18 00:00:00+09:00,2100.0,2115.0,2035.0,2050.0,247488,0.0,0.0
2023-05-19 00:00:00+09:00,2070.0,2075.0,2030.0,2070.0,180445,0.0,0.0
2023-05-22 00:00:00+09:00,2075.0,2145.0,2050.0,2140.0,156633,0.0,0.0
2023-05-23 00:00:00+09:00,2140.0,2145.0,2085.0,2145.0,209031,0.0,0.0
2023-05-24 00:00:00+09:00,2140.0,2350.0,2105.0,2140.0,4181597,0.0,0.0
2023-05-25 00:00:00+09:00,2150.0,2250.0,2115.0,2125.0,1480963,0.0,0.0
2023-05-26 00:00:00+09:00,2090.0,2180.0,2025.0,2025.0,762809,0.0,0.0
2023-05-30 00:00:00+09:00,2030.0,2070.0,2025.0,2045.0,116005,0.0,0.0
2023-05-31 00:00:00+09:00,2065.0,2070.0,2020.0,2040.0,90878,0.0,0.0
2023-06-01 00:00:00+09:00,2045.0,2090.0,2025.0,2090.0,106073,0.0,0.0
2023-06-02 00:00:00+09:00,2100.0,2105.0,2045.0,2075.0,69235,0.0,0.0
2023-06-05 00:00:00+09:00,2055.0,2125.0,2055.0,2115.0,102648,0.0,0.0
2023-06-07 00:00:00+09:00,2115.0,2120.0,2080.0,2090.0,64566,0.0,0.0
2023-06-08 00:00:00+09:00,2125.0,2165.0,2090.0,2130.0,225404,0.0,0.0
2023-06-09 00:00:00+09:00,2115.0,2140.0,2070.0,2100.0,106131,0.0,0.0
2023-06-12 00:00:00+09:00,2100.0,2125.0,2080.0,2100.0,79369,0.0,0.0
2023-06-13 00:00:00+09:00,2095.0,2130.0,2080.0,2105.0,49594,0.0,0.0
2023-06-14 00:00:00+09:00,2120.0,2300.0,2030.0,2040.0,2532507,0.0,0.0
2023-06-15 00:00:00+09:00,2055.0,2165.0,2000.0,2100.0,554853,0.0,0.0
2023-06-16 00:00:00+09:00,2080.0,2130.0,2065.0,2120.0,137821,0.0,0.0
2023-06-19 00:00:00+09:00,2110.0,2200.0,2105.0,2155.0,441595,0.0,0.0
2023-06-20 00:00:00+09:00,2145.0,2200.0,2125.0,2185.0,266060,0.0,0.0
2023-06-21 00:00:00+09:00,2170.0,2185.0,2110.0,2140.0,209713,0.0,0.0
2023-06-22 00:00:00+09:00,2135.0,2160.0,2115.0,2125.0,152878,0.0,0.0
2023-06-23 00:00:00+09:00,2110.0,2170.0,2080.0,2140.0,109845,0.0,0.0
2023-06-26 00:00:00+09:00,2140.0,2170.0,2125.0,2130.0,93589,0.0,0.0
2023-06-27 00:00:00+09:00,2150.0,2185.0,2105.0,2135.0,179904,0.0,0.0
2023-06-28 00:00:00+09:00,2130.0,2150.0,2115.0,2130.0,120119,0.0,0.0
2023-06-29 00:00:00+09:00,2125.0,2150.0,2065.0,2065.0,132172,0.0,0.0
2023-06-30 00:00:00+09:00,2060.0,2085.0,2010.0,2020.0,117157,0.0,0.0
2023-07-03 00:00:00+09:00,2040.0,2055.0,2020.0,2045.0,68403,0.0,0.0
2023-07-04 00:00:00+09:00,2045.0,2050.0,2015.0,2050.0,62763,0.0,0.0
2023-07-05 00:00:00+09:00,2050.0,2060.0,2005.0,2005.0,97775,0.0,0.0
2023-07-06 00:00:00+09:00,2020.0,2025.0,1921.0,1945.0,198968,0.0,0.0
2023-07-07 00:00:00+09:00,1944.0,1962.0,1920.0,1921.0,92838,0.0,0.0
2023-07-10 00:00:00+09:00,1921.0,1965.0,1890.0,1956.0,57773,0.0,0.0
2023-07-14 00:00:00+09:00,1909.0,1918.0,1894.0,1916.0,42774,0.0,0.0
2023-07-17 00:00:00+09:00,1900.0,1928.0,1891.0,1928.0,25143,0.0,0.0
2023-07-18 00:00:00+09:00,1928.0,1930.0,1888.0,1920.0,51469,0.0,0.0
2023-07-19 00:00:00+09:00,1920.0,1922.0,1875.0,1880.0,76575,0.0,0.0
2023-07-20 00:00:00+09:00,1890.0,1890.0,1860.0,1880.0,28290,0.0,0.0
2023-07-21 00:00:00+09:00,1920.0,1920.0,1872.0,1874.0,63735,0.0,0.0
2023-07-24 00:00:00+09:00,1878.0,1878.0,1802.0,1810.0,131151,0.0,0.0
2023-07-25 00:00:00+09:00,1810.0,1810.0,1771.0,1772.0,80472,0.0,0.0
2023-07-26 00:00:00+09:00,1770.0,2230.0,1730.0,1905.0,8375469,0.0,0.0
2023-07-27 00:00:00+09:00,1905.0,1999.0,1832.0,1914.0,1681009,0.0,0.0
2023-07-28 00:00:00+09:00,1930.0,1960.0,1890.0,1929.0,294917,0.0,0.0
2023-07-31 00:00:00+09:00,1913.0,1970.0,1912.0,1957.0,221438,0.0,0.0
2023-08-01 00:00:00+09:00,1957.0,2010.0,1940.0,1945.0,232280,0.0,0.0
2023-08-02 00:00:00+09:00,1965.0,2120.0,1935.0,2040.0,2662280,0.0,0.0
2023-08-03 00:00:00+09:00,2020.0,2075.0,1910.0,1965.0,1167486,0.0,0.0
2023-08-04 00:00:00+09:00,1965.0,1980.0,1923.0,1935.0,186156,0.0,0.0
2023-08-07 00:00:00+09:00,1921.0,1950.0,1910.0,1915.0,122360,0.0,0.0
2023-08-08 00:00:00+09:00,1901.0,1925.0,1890.0,1907.0,156352,0.0,0.0
2023-08-09 00:00:00+09:00,1906.0,1915.0,1872.0,1915.0,58170,0.0,0.0
2023-08-10 00:00:00+09:00,1915.0,1962.0,1911.0,1938.0,81509,0.0,0.0
2023-08-11 00:00:00+09:00,1937.0,1965.0,1928.0,1955.0,51009,0.0,0.0
2023-08-14 00:00:00+09:00,1947.0,1966.0,1947.0,1947.0,65979,0.0,0.0
2023-08-16 00:00:00+09:00,1920.0,1990.0,1915.0,1947.0,311539,0.0,0.0
2023-08-17 00:00:00+09:00,1943.0,2100.0,1936.0,1948.0,2141661,0.0,0.0
2023-08-18 00:00:00+09:00,2000.0,2045.0,1947.0,1965.0,531008,0.0,0.0
2023-08-21 00:00:00+09:00,1965.0,1965.0,1855.0,1895.0,230286,0.0,0.0
2023-08-22 00:00:00+09:00,1860.0,1897.0,1860.0,1880.0,123531,0.0,0.0
2023-08-23 00:00:00+09:00,1902.0,1908.0,1868.0,1881.0,114943,0.0,0.0
2023-08-24 00:00:00+09:00,1810.0,1876.0,1750.0,1844.0,298508,0.0,0.0
2023-08-25 00:00:00+09:00,1899.0,1899.0,1852.0,1863.0,77613,0.0,0.0
2023-08-28 00:00:00+09:00,1860.0,1915.0,1832.0,1889.0,66945,0.0,0.0
2023-08-29 00:00:00+09:00,1874.0,1899.0,1874.0,1894.0,38571,0.0,0.0
2023-08-30 00:00:00+09:00,1897.0,1940.0,1894.0,1894.0,92873,0.0,0.0
2023-08-31 00:00:00+09:00,1894.0,1916.0,1884.0,1905.0,49679,0.0,0.0
2023-09-01 00:00:00+09:00,1900.0,1920.0,1882.0,1888.0,25062,0.0,0.0
2023-09-04 00:00:00+09:00,1888.0,1903.0,1880.0,1882.0,25599,0.0,0.0
2023-09-05 00:00:00+09:00,1853.0,1883.0,1853.0,1868.0,31028,0.0,0.0
2023-09-06 00:00:00+09:00,1900.0,1901.0,1866.0,1878.0,46334,0.0,0.0
2023-09-07 00:00:00+09:00,1901.0,1918.0,1878.0,1897.0,87637,0.0,0.0
2023-09-08 00:00:00+09:00,1896.0,1915.0,1884.0,1909.0,46473,0.0,0.0
2023-09-11 00:00:00+09:00,1909.0,1912.0,1890.0,1894.0,21672,0.0,0.0
2023-09-12 00:00:00+09:00,1887.0,1954.0,1887.0,1892.0,98626,0.0,0.0
2023-09-13 00:00:00+09:00,1909.0,1937.0,1884.0,1896.0,99054,0.0,0.0
2023-09-14 00:00:00+09:00,1881.0,1896.0,1876.0,1878.0,59037,0.0,0.0
2023-09-15 00:00:00+09:00,1865.0,1892.0,1865.0,1876.0,22306,0.0,0.0
2023-09-18 00:00:00+09:00,1877.0,1891.0,1870.0,1886.0,28262,0.0,0.0
2023-09-19 00:00:00+09:00,1870.0,1886.0,1870.0,1875.0,37674,0.0,0.0
2023-09-20 00:00:00+09:00,1860.0,1882.0,1857.0,1875.0,53497,0.0,0.0
2023-09-21 00:00:00+09:00,1875.0,1899.0,1850.0,1855.0,84204,0.0,0.0
2023-09-22 00:00:00+09:00,1857.0,1899.0,1836.0,1837.0,92508,0.0,0.0
2023-09-25 00:00:00+09:00,1834.0,1844.0,1800.0,1800.0,16529,0.0,0.0
2023-09-26 00:00:00+09:00,1772.0,1840.0,1772.0,1774.0,44268,0.0,0.0
2023-09-27 00:00:00+09:00,1762.0,1799.0,1761.0,1797.0,17105,0.0,0.0
2023-10-04 00:00:00+09:00,1799.0,1859.0,1796.0,1821.0,70004,0.0,0.0
2023-10-05 00:00:00+09:00,1821.0,1840.0,1798.0,1810.0,54634,0.0,0.0
2023-10-06 00:00:00+09:00,1811.0,1835.0,1800.0,1825.0,25215,0.0,0.0
2023-10-10 00:00:00+09:00,1825.0,1830.0,1790.0,1801.0,33315,0.0,0.0
2023-10-11 00:00:00+09:00,1801.0,1801.0,1775.0,1796.0,28835,0.0,0.0
2023-10-12 00:00:00+09:00,1796.0,1804.0,1784.0,1794.0,22890,0.0,0.0
2023-10-13 00:00:00+09:00,1790.0,1810.0,1787.0,1806.0,25982,0.0,0.0
2023-10-16 00:00:00+09:00,1800.0,1806.0,1763.0,1780.0,31669,0.0,0.0
2023-10-17 00:00:00+09:00,1776.0,1800.0,1776.0,1791.0,25903,0.0,0.0
2023-10-18 00:00:00+09:00,1796.0,1798.0,1666.0,1760.0,37226,0.0,0.0
2023-10-19 00:00:00+09:00,1760.0,2075.0,1721.0,1760.0,6358415,0.0,0.0
2023-10-20 00:00:00+09:00,1815.0,1901.0,1715.0,1717.0,1356790,0.0,0.0
2023-10-23 00:00:00+09:00,1703.0,1712.0,1610.0,1656.0,194978,0.0,0.0
2023-10-24 00:00:00+09:00,1655.0,1735.0,1598.0,1665.0,241891,0.0,0.0
2023-10-25 00:00:00+09:00,1675.0,1719.0,1675.0,1708.0,51483,0.0,0.0
2023-10-26 00:00:00+09:00,1740.0,1843.0,1665.0,1666.0,477621,0.0,0.0
2023-10-27 00:00:00+09:00,1666.0,1692.0,1654.0,1671.0,53990,0.0,0.0
2023-10-30 00:00:00+09:00,1686.0,1686.0,1593.0,1664.0,44577,0.0,0.0
2023-10-31 00:00:00+09:00,1661.0,1735.0,1651.0,1661.0,120436,0.0,0.0
2023-11-01 00:00:00+09:00,1680.0,1682.0,1660.0,1676.0,23602,0.0,0.0
2023-11-02 00:00:00+09:00,1687.0,1690.0,1666.0,1688.0,30063,0.0,0.0
2023-11-03 00:00:00+09:00,1676.0,1699.0,1675.0,1694.0,29313,0.0,0.0
2023-11-06 00:00:00+09:00,1695.0,1714.0,1683.0,1711.0,50372,0.0,0.0
2023-11-07 00:00:00+09:00,1701.0,1725.0,1700.0,1720.0,42008,0.0,0.0
2023-11-08 00:00:00+09:00,1720.0,1730.0,1697.0,1699.0,64787,0.0,0.0
2023-11-09 00:00:00+09:00,1699.0,1723.0,1693.0,1694.0,24086,0.0,0.0
2023-11-10 00:00:00+09:00,1694.0,1709.0,1669.0,1680.0,56293,0.0,0.0
2023-11-13 00:00:00+09:00,1680.0,1688.0,1650.0,1660.0,39643,0.0,0.0
2023-11-14 00:00:00+09:00,1645.0,1670.0,1645.0,1660.0,11240,0.0,0.0
2023-11-15 00:00:00+09:00,1660.0,1696.0,1654.0,1695.0,42205,0.0,0.0
2023-11-16 00:00:00+09:00,1698.0,1713.0,1680.0,1707.0,14729,0.0,0.0
2023-11-17 00:00:00+09:00,1707.0,1714.0,1685.0,1707.0,27161,0.0,0.0
2023-11-20 00:00:00+09:00,1707.0,1715.0,1693.0,1709.0,22787,0.0,0.0
2023-11-21 00:00:00+09:00,1709.0,1714.0,1700.0,1711.0,30006,0.0,0.0
2023-11-22 00:00:00+09:00,1711.0,1716.0,1701.0,1711.0,26499,0.0,0.0
2023-11-23 00:00:00+09:00,1706.0,1741.0,1700.0,1709.0,40121,0.0,0.0
2023-11-24 00:00:00+09:00,1712.0,1724.0,1703.0,1719.0,24387,0.0,0.0
2023-11-27 00:00:00+09:00,1725.0,1725.0,1701.0,1709.0,23207,0.0,0.0
2023-11-28 00:00:00+09:00,1710.0,1729.0,1700.0,1701.0,28996,0.0,0.0
2023-11-29 00:00:00+09:00,1701.0,1721.0,1671.0,1701.0,28054,0.0,0.0
2023-11-30 00:00:00+09:00,1692.0,1707.0,1681.0,1699.0,33222,0.0,0.0
2023-12-01 00:00:00+09:00,1700.0,1718.0,1674.0,1705.0,17711,0.0,0.0
2023-12-04 00:00:00+09:00,1690.0,1717.0,1690.0,1698.0,19148,0.0,0.0
2023-12-05 00:00:00+09:00,1699.0,1707.0,1674.0,1687.0,38064,0.0,0.0
2023-12-06 00:00:00+09:00,1680.0,1695.0,1680.0,1691.0,12900,0.0,0.0
2023-12-07 00:00:00+09:00,1691.0,1698.0,1674.0,1691.0,13240,0.0,0.0
2023-12-08 00:00:00+09:00,1691.0,1697.0,1677.0,1688.0,20660,0.0,0.0
2023-12-11 00:00:00+09:00,1688.0,1711.0,1688.0,1704.0,29450,0.0,0.0
2023-12-12 00:00:00+09:00,1698.0,1713.0,1668.0,1708.0,36075,0.0,0.0
2023-12-13 00:00:00+09:00,1692.0,1710.0,1692.0,1705.0,8922,0.0,0.0
2023-12-14 00:00:00+09:00,1705.0,1713.0,1687.0,1702.0,21897,0.0,0.0
2023-12-15 00:00:00+09:00,1702.0,1703.0,1693.0,1702.0,22066,0.0,0.0
2023-12-18 00:00:00+09:00,1686.0,1701.0,1686.0,1701.0,14427,0.0,0.0
2023-12-19 00:00:00+09:00,1683.0,1706.0,1683.0,1702.0,14633,0.0,0.0
2023-12-20 00:00:00+09:00,1702.0,1707.0,1691.0,1705.0,26489,0.0,0.0
2023-12-21 00:00:00+09:00,1748.0,1748.0,1696.0,1705.0,24800,0.0,0.0
2023-12-22 00:00:00+09:00,1705.0,1705.0,1692.0,1705.0,15124,0.0,0.0
2023-12-26 00:00:00+09:00,1695.0,1713.0,1536.0,1616.0,60558,0.0,0.0
2023-12-27 00:00:00+09:00,1660.0,1661.0,1536.0,1616.0,74520,0.0,0.0
2023-12-28 00:00:00+09:00,1604.0,1639.0,1604.0,1639.0,20791,0.0,0.0
2024-01-02 00:00:00+09:00,1640.0,1670.0,1639.0,1642.0,18896,0.0,0.0
2024-01-03 00:00:00+09:00,1642.0,1687.0,1642.0,1662.0,27901,0.0,0.0
2024-01-04 00:00:00+09:00,1643.0,1668.0,1631.0,1638.0,19719,0.0,0.0
2024-01-05 00:00:00+09:00,1638.0,1641.0,1630.0,1640.0,11603,0.0,0.0
2024-01-08 00:00:00+09:00,1640.0,1645.0,1617.0,1629.0,27318,0.0,0.0
2024-01-09 00:00:00+09:00,1629.0,1636.0,1624.0,1631.0,11798,0.0,0.0
2024-01-10 00:00:00+09:00,1631.0,1643.0,1631.0,1642.0,17653,0.0,0.0
2024-01-11 00:00:00+09:00,1642.0,1647.0,1632.0,1640.0,14983,0.0,0.0
2024-01-12 00:00:00+09:00,1641.0,1643.0,1621.0,1625.0,20038,0.0,0.0
2024-01-15 00:00:00+09:00,1605.0,1645.0,1605.0,1614.0,19783,0.0,0.0
2024-01-16 00:00:00+09:00,1614.0,1634.0,1613.0,1625.0,24791,0.0,0.0
2024-01-17 00:00:00+09:00,1620.0,1747.0,1613.0,1631.0,279506,0.0,0.0
2024-01-18 00:00:00+09:00,1631.0,1631.0,1571.0,1601.0,75372,0.0,0.0
2024-01-19 00:00:00+09:00,1601.0,1601.0,1583.0,1590.0,84617,0.0,0.0
2024-01-22 00:00:00+09:00,1606.0,1606.0,1550.0,1570.0,48772,0.0,0.0
2024-01-23 00:00:00+09:00,1551.0,1571.0,1550.0,1571.0,23810,0.0,0.0
2024-01-24 00:00:00+09:00,1570.0,1587.0,1560.0,1569.0,18711,0.0,0.0
2024-01-25 00:00:00+09:00,1569.0,1569.0,1548.0,1560.0,38343,0.0,0.0
2024-01-26 00:00:00+09:00,1559.0,1559.0,1542.0,1558.0,17326,0.0,0.0
2024-01-29 00:00:00+09:00,1566.0,1566.0,1539.0,1550.0,24669,0.0,0.0
2024-01-30 00:00:00+09:00,1539.0,1561.0,1536.0,1553.0,47398,0.0,0.0
2024-01-31 00:00:00+09:00,1554.0,1640.0,1540.0,1565.0,140363,0.0,0.0
2024-02-01 00:00:00+09:00,1565.0,1592.0,1560.0,1583.0,34003,0.0,0.0
2024-02-02 00:00:00+09:00,1583.0,1595.0,1570.0,1592.0,21104,0.0,0.0
2024-02-05 00:00:00+09:00,1592.0,1624.0,1562.0,1611.0,52465,0.0,0.0
2024-02-06 00:00:00+09:00,1610.0,1610.0,1589.0,1602.0,24428,0.0,0.0
2024-02-07 00:00:00+09:00,1602.0,1608.0,1592.0,1605.0,23934,0.0,0.0
2024-02-08 00:00:00+09:00,1605.0,1618.0,1593.0,1616.0,18397,0.0,0.0
2024-02-13 00:00:00+09:00,1594.0,1616.0,1583.0,1602.0,33245,0.0,0.0
2024-02-14 00:00:00+09:00,1602.0,1604.0,1588.0,1597.0,26365,0.0,0.0
2024-02-15 00:00:00+09:00,1597.0,1602.0,1581.0,1601.0,36196,0.0,0.0
2024-02-16 00:00:00+09:00,1601.0,1601.0,1582.0,1599.0,29847,0.0,0.0
2024-02-19 00:00:00+09:00,1599.0,1600.0,1585.0,1599.0,15555,0.0,0.0
2024-02-20 00:00:00+09:00,1599.0,1614.0,1589.0,1597.0,7539,0.0,0.0
2024-02-21 00:00:00+09:00,1597.0,1610.0,1586.0,1601.0,15004,0.0,0.0
2024-02-22 00:00:00+09:00,1601.0,1607.0,1586.0,1599.0,16034,0.0,0.0
2024-02-23 00:00:00+09:00,1596.0,1596.0,1569.0,1587.0,20790,0.0,0.0
2024-02-26 00:00:00+09:00,1578.0,1587.0,1576.0,1586.0,31062,0.0,0.0
2024-02-27 00:00:00+09:00,1590.0,1591.0,1560.0,1589.0,52915,0.0,0.0
2024-02-28 00:00:00+09:00,1589.0,1589.0,1563.0,1573.0,26856,0.0,0.0
2024-02-29 00:00:00+09:00,1573.0,1576.0,1551.0,1567.0,31982,0.0,0.0
2024-03-04 00:00:00+09:00,1567.0,1575.0,1555.0,1555.0,20773,0.0,0.0
2024-03-05 00:00:00+09:00,1569.0,1569.0,1525.0,1526.0,48605,0.0,0.0
2024-03-06 00:00:00+09:00,1528.0,1549.0,1518.0,1518.0,11894,0.0,0.0
2024-03-07 00:00:00+09:00,1518.0,1518.0,1414.0,1434.0,134093,0.0,0.0
2024-03-08 00:00:00+09:00,1434.0,1440.0,1343.0,1399.0,57378,0.0,0.0
2024-03-11 00:00:00+09:00,1399.0,1422.0,1378.0,1422.0,47979,0.0,0.0
2024-03-12 00:00:00+09:00,1430.0,1430.0,1396.0,1412.0,31014,0.0,0.0
2024-03-13 00:00:00+09:00,1421.0,1440.0,1412.0,1440.0,37100,0.0,0.0
2024-03-14 00:00:00+09:00,1412.0,1444.0,1412.0,1440.0,16894,0.0,0.0
2024-03-15 00:00:00+09:00,1421.0,1457.0,1421.0,1456.0,24822,0.0,0.0
2024-03-18 00:00:00+09:00,1456.0,1469.0,1420.0,1455.0,52764,0.0,0.0
2024-03-19 00:00:00+09:00,1455.0,1460.0,1420.0,1422.0,29486,0.0,0.0
2024-03-20 00:00:00+09:00,1400.0,1434.0,1396.0,1434.0,37387,0.0,0.0
2024-03-21 00:00:00+09:00,1431.0,1435.0,1417.0,1423.0,17402,0.0,0.0
2024-03-22 00:00:00+09:00,1428.0,1438.0,1415.0,1432.0,12316,0.0,0.0
2024-03-25 00:00:00+09:00,1433.0,1443.0,1419.0,1432.0,21294,0.0,0.0
2024-03-26 00:00:00+09:00,1418.0,1433.0,1400.0,1430.0,29314,0.0,0.0
2024-03-27 00:00:00+09:00,1420.0,1448.0,1419.0,1441.0,31701,0.0,0.0
2024-03-28 00:00:00+09:00,1441.0,1520.0,1428.0,1444.0,50360,0.0,0.0
2024-03-29 00:00:00+09:00,1456.0,1459.0,1437.0,1450.0,24537,0.0,0.0
2024-04-01 00:00:00+09:00,1450.0,1480.0,1441.0,1456.0,51824,0.0,0.0
2024-04-02 00:00:00+09:00,1438.0,1468.0,1437.0,1465.0,50355,0.0,0.0
2024-04-03 00:00:00+09:00,1455.0,1469.0,1449.0,1467.0,33784,0.0,0.0
2024-04-04 00:00:00+09:00,1467.0,1467.0,1449.0,1466.0,19092,0.0,0.0
2024-04-05 00:00:00+09:00,1466.0,1499.0,1452.0,1496.0,68429,0.0,0.0
2024-04-08 00:00:00+09:00,1488.0,1530.0,1449.0,1515.0,138572,0.0,0.0
2024-04-09 00:00:00+09:00,1490.0,1530.0,1406.0,1406.0,69311,0.0,0.0
2024-04-11 00:00:00+09:00,1413.0,1510.0,1331.0,1499.0,121327,0.0,0.0
2024-04-12 00:00:00+09:00,1499.0,1499.0,1430.0,1490.0,80308,0.0,0.0
2024-04-15 00:00:00+09:00,1494.0,1545.0,1455.0,1455.0,92942,0.0,0.0
2024-04-16 00:00:00+09:00,1479.0,1479.0,1407.0,1411.0,23801,0.0,0.0
2024-04-17 00:00:00+09:00,1350.0,1396.0,1350.0,1351.0,106967,0.0,0.0
2024-04-18 00:00:00+09:00,1352.0,1365.0,1333.0,1357.0,19126,0.0,0.0
2024-04-19 00:00:00+09:00,1337.0,1373.0,1330.0,1364.0,34787,0.0,0.0
2024-04-22 00:00:00+09:00,1364.0,1364.0,1338.0,1350.0,27084,0.0,0.0
2024-04-23 00:00:00+09:00,1350.0,1350.0,1330.0,1331.0,32526,0.0,0.0
2024-04-24 00:00:00+09:00,1325.0,1339.0,1321.0,1329.0,23404,0.0,0.0
2024-04-25 00:00:00+09:00,1330.0,1338.0,1316.0,1332.0,15152,0.0,0.0
2024-04-26 00:00:00+09:00,1339.0,1339.0,1301.0,1330.0,38659,0.0,0.0
2024-04-29 00:00:00+09:00,1315.0,1325.0,1314.0,1325.0,18269,0.0,0.0
2024-04-30 00:00:00+09:00,1325.0,1338.0,1319.0,1332.0,14806,0.0,0.0
2024-05-02 00:00:00+09:00,1336.0,1339.0,1330.0,1336.0,21309,0.0,0.0
2024-05-03 00:00:00+09:00,1347.0,1367.0,1338.0,1361.0,16639,0.0,0.0
2024-05-07 00:00:00+09:00,1354.0,1369.0,1338.0,1354.0,20864,0.0,0.0
2024-05-08 00:00:00+09:00,1354.0,1369.0,1341.0,1348.0,18770,0.0,0.0
2024-05-09 00:00:00+09:00,1358.0,1358.0,1331.0,1343.0,21207,0.0,0.0
2024-05-10 00:00:00+09:00,1333.0,1356.0,1333.0,1344.0,27099,0.0,0.0
2024-05-13 00:00:00+09:00,1344.0,1355.0,1321.0,1330.0,19433,0.0,0.0
2024-05-14 00:00:00+09:00,1330.0,1343.0,1329.0,1340.0,30456,0.0,0.0
2024-05-16 00:00:00+09:00,1352.0,1357.0,1320.0,1336.0,20641,0.0,0.0
2024-05-17 00:00:00+09:00,1341.0,1365.0,1336.0,1364.0,34267,0.0,0.0
2024-05-20 00:00:00+09:00,1364.0,1368.0,1348.0,1354.0,24139,0.0,0.0
2024-05-21 00:00:00+09:00,1354.0,1354.0,1320.0,1320.0,19255,0.0,0.0
2024-05-22 00:00:00+09:00,1320.0,1333.0,1307.0,1319.0,18934,0.0,0.0
2024-05-23 00:00:00+09:00,1322.0,1323.0,1300.0,1319.0,29297,0.0,0.0
2024-05-24 00:00:00+09:00,1325.0,1327.0,1309.0,1320.0,14061,0.0,0.0
2024-05-27 00:00:00+09:00,1320.0,1332.0,1309.0,1326.0,26116,0.0,0.0
2024-05-28 00:00:00+09:00,1336.0,1340.0,1323.0,1339.0,15228,0.0,0.0
2024-05-29 00:00:00+09:00,1342.0,1342.0,1322.0,1322.0,12028,0.0,0.0
2024-05-30 00:00:00+09:00,1329.0,1329.0,1308.0,1320.0,11864,0.0,0.0
2024-05-31 00:00:00+09:00,1319.0,1319.0,1305.0,1317.0,10427,0.0,0.0
2024-06-03 00:00:00+09:00,1317.0,1325.0,1300.0,1304.0,39694,0.0,0.0
2024-06-04 00:00:00+09:00,1305.0,1320.0,1305.0,1310.0,11922,0.0,0.0
2024-06-05 00:00:00+09:00,1316.0,1316.0,1280.0,1305.0,16609,0.0,0.0
2024-06-07 00:00:00+09:00,1300.0,1311.0,1297.0,1308.0,15779,0.0,0.0
2024-06-10 00:00:00+09:00,1301.0,1313.0,1300.0,1311.0,5889,0.0,0.0
2024-06-11 00:00:00+09:00,1311.0,1317.0,1309.0,1312.0,12679,0.0,0.0
2024-06-12 00:00:00+09:00,1302.0,1313.0,1298.0,1312.0,18285,0.0,0.0
2024-06-13 00:00:00+09:00,1309.0,1309.0,1292.0,1298.0,19185,0.0,0.0
2024-06-14 00:00:00+09:00,1291.0,1303.0,1270.0,1298.0,21294,0.0,0.0
2024-06-17 00:00:00+09:00,1298.0,1298.0,1272.0,1281.0,12213,0.0,0.0
2024-06-18 00:00:00+09:00,1274.0,1287.0,1269.0,1287.0,14897,0.0,0.0
2024-06-19 00:00:00+09:00,1281.0,1290.0,1267.0,1285.0,25972,0.0,0.0
2024-06-20 00:00:00+09:00,1285.0,1291.0,1255.0,1282.0,9497,0.0,0.0
2024-06-21 00:00:00+09:00,1275.0,1275.0,1250.0,1250.0,16819,0.0,0.0
2024-06-24 00:00:00+09:00,1250.0,1257.0,1210.0,1223.0,26082,0.0,0.0
2024-06-25 00:00:00+09:00,1223.0,1245.0,1199.0,1245.0,38213,0.0,0.0
2024-06-26 00:00:00+09:00,1245.0,1256.0,1228.0,1248.0,18558,0.0,0.0
2024-06-27 00:00:00+09:00,1248.0,1258.0,1203.0,1209.0,16248,0.0,0.0
2024-06-28 00:00:00+09:00,1209.0,1247.0,1209.0,1227.0,17809,0.0,0.0
2024-07-01 00:00:00+09:00,1227.0,1227.0,1218.0,1222.0,15544,0.0,0.0
2024-07-02 00:00:00+09:00,1222.0,1320.0,1210.0,1231.0,81441,0.0,0.0
2024-07-03 00:00:00+09:00,1222.0,1238.0,1219.0,1227.0,11749,0.0,0.0
2024-07-04 00:00:00+09:00,1220.0,1236.0,1202.0,1205.0,11821,0.0,0.0
2024-07-05 00:00:00+09:00,1212.0,1226.0,1201.0,1220.0,16445,0.0,0.0
2024-07-08 00:00:00+09:00,1215.0,1215.0,1191.0,1199.0,14909,0.0,0.0
2024-07-09 00:00:00+09:00,1199.0,1205.0,1198.0,1202.0,8231,0.0,0.0
2024-07-10 00:00:00+09:00,1191.0,1222.0,1156.0,1156.0,23277,0.0,0.0
2024-07-11 00:00:00+09:00,1156.0,1244.0,1156.0,1243.0,72101,0.0,0.0
2024-07-12 00:00:00+09:00,1243.0,1254.0,1190.0,1190.0,37311,0.0,0.0
2024-07-15 00:00:00+09:00,1190.0,1238.0,1176.0,1193.0,22366,0.0,0.0
2024-07-16 00:00:00+09:00,1199.0,1224.0,1185.0,1205.0,10029,0.0,0.0
2024-07-17 00:00:00+09:00,1196.0,1204.0,1192.0,1193.0,6731,0.0,0.0
2024-07-18 00:00:00+09:00,1179.0,1218.0,1179.0,1205.0,9583,0.0,0.0
2024-07-19 00:00:00+09:00,1205.0,1210.0,1196.0,1205.0,4366,0.0,0.0
2024-07-22 00:00:00+09:00,1205.0,1205.0,1179.0,1199.0,5395,0.0,0.0
2024-07-23 00:00:00+09:00,1187.0,1209.0,1187.0,1200.0,11046,0.0,0.0
2024-07-24 00:00:00+09:00,1200.0,1209.0,1187.0,1200.0,2701,0.0,0.0
2024-07-25 00:00:00+09:00,1215.0,1480.0,1215.0,1284.0,3612167,0.0,0.0
2024-07-26 00:00:00+09:00,1263.0,1447.0,1248.0,1292.0,1267115,0.0,0.0
2024-07-29 00:00:00+09:00,1304.0,1304.0,1247.0,1288.0,107732,0.0,0.0
2024-07-30 00:00:00+09:00,1288.0,1303.0,1249.0,1265.0,115637,0.0,0.0
2024-07-31 00:00:00+09:00,1265.0,1280.0,1237.0,1266.0,78244,0.0,0.0
2024-08-01 00:00:00+09:00,1263.0,1263.0,1235.0,1252.0,64923,0.0,0.0
2024-08-02 00:00:00+09:00,1347.0,1393.0,1260.0,1271.0,741879,0.0,0.0
2024-08-05 00:00:00+09:00,1271.0,1440.0,1106.0,1121.0,1003600,0.0,0.0
2024-08-06 00:00:00+09:00,1121.0,1175.0,1107.0,1123.0,165726,0.0,0.0
2024-08-07 00:00:00+09:00,1120.0,1135.0,1112.0,1129.0,67169,0.0,0.0
2024-08-08 00:00:00+09:00,1149.0,1198.0,1128.0,1134.0,86794,0.0,0.0
2024-08-09 00:00:00+09:00,1129.0,1175.0,1129.0,1150.0,36212,0.0,0.0
2024-08-12 00:00:00+09:00,1150.0,1154.0,1136.0,1151.0,18707,0.0,0.0
2024-08-13 00:00:00+09:00,1151.0,1160.0,1140.0,1147.0,32432,0.0,0.0
2024-08-14 00:00:00+09:00,1160.0,1160.0,1128.0,1140.0,24293,0.0,0.0
2024-08-16 00:00:00+09:00,1129.0,1141.0,1113.0,1121.0,51875,0.0,0.0
2024-08-19 00:00:00+09:00,1125.0,1125.0,1103.0,1112.0,26491,0.0,0.0
2024-08-20 00:00:00+09:00,1100.0,1112.0,1080.0,1100.0,35330,0.0,0.0
2024-08-21 00:00:00+09:00,1097.0,1124.0,1056.0,1072.0,104962,0.0,0.0
2024-08-22 00:00:00+09:00,1072.0,1083.0,1057.0,1069.0,83716,0.0,0.0
2024-08-23 00:00:00+09:00,1078.0,1078.0,1021.0,1033.0,94134,0.0,0.0
2024-08-26 00:00:00+09:00,1032.0,1038.0,1001.0,1032.0,30831,0.0,0.0
2024-08-28 00:00:00+09:00,1016.0,1039.0,1016.0,1035.0,35568,0.0,0.0
2024-08-29 00:00:00+09:00,1046.0,1048.0,1000.0,1013.0,47445,0.0,0.0
2024-08-30 00:00:00+09:00,1013.0,1026.0,1005.0,1020.0,24829,0.0,0.0
2024-09-02 00:00:00+09:00,1020.0,1020.0,1002.0,1007.0,29052,0.0,0.0
2024-09-03 00:00:00+09:00,1002.0,1015.0,984.0,998.0,23490,0.0,0.0
2024-09-04 00:00:00+09:00,1084.0,1297.0,1084.0,1297.0,5359864,0.0,0.0
2024-09-05 00:00:00+09:00,1440.0,1576.0,1212.0,1299.0,18232900,0.0,0.0
2024-09-06 00:00:00+09:00,1290.0,1636.0,1257.0,1348.0,15228030,0.0,0.0
2024-09-09 00:00:00+09:00,1530.0,1577.0,1273.0,1309.0,4690979,0.0,0.0
2024-09-10 00:00:00+09:00,1285.0,1430.0,1213.0,1344.0,4081629,0.0,0.0
2024-09-11 00:00:00+09:00,1309.0,1430.0,1275.0,1337.0,4351746,0.0,0.0
2024-09-12 00:00:00+09:00,1295.0,1330.0,1285.0,1289.0,671953,0.0,0.0
2024-09-13 00:00:00+09:00,1290.0,1325.0,1245.0,1245.0,561431,0.0,0.0
2024-09-19 00:00:00+09:00,1257.0,1281.0,1153.0,1163.0,1110208,0.0,0.0
2024-09-20 00:00:00+09:00,1153.0,1155.0,1124.0,1129.0,393418,0.0,0.0
2024-09-23 00:00:00+09:00,1127.0,1139.0,1110.0,1122.0,176192,0.0,0.0
2024-09-24 00:00:00+09:00,1120.0,1130.0,1090.0,1110.0,211914,0.0,0.0
2024-09-25 00:00:00+09:00,1103.0,1153.0,1101.0,1153.0,334200,0.0,0.0
2024-09-26 00:00:00+09:00,1140.0,1170.0,1110.0,1125.0,157508,0.0,0.0
2024-09-27 00:00:00+09:00,1125.0,1133.0,1113.0,1120.0,117324,0.0,0.0
2024-09-30 00:00:00+09:00,1120.0,1170.0,1115.0,1118.0,204317,0.0,0.0
2024-10-02 00:00:00+09:00,1150.0,1150.0,1090.0,1090.0,139215,0.0,0.0
2024-10-04 00:00:00+09:00,1084.0,1101.0,1050.0,1063.0,164269,0.0,0.0
2024-10-07 00:00:00+09:00,1062.0,1063.0,1035.0,1063.0,90066,0.0,0.0
2024-10-08 00:00:00+09:00,1068.0,1090.0,1065.0,1090.0,101919,0.0,0.0
2024-10-10 00:00:00+09:00,1088.0,1088.0,1035.0,1057.0,78960,0.0,0.0
2024-10-11 00:00:00+09:00,1057.0,1071.0,1051.0,1070.0,66869,0.0,0.0
2024-10-14 00:00:00+09:00,1070.0,1093.0,1050.0,1056.0,63250,0.0,0.0
2024-10-15 00:00:00+09:00,1056.0,1061.0,1046.0,1049.0,30551,0.0,0.0
2024-10-16 00:00:00+09:00,1054.0,1060.0,1031.0,1034.0,72423,0.0,0.0
2024-10-17 00:00:00+09:00,1003.0,1069.0,1003.0,1020.0,90589,0.0,0.0
2024-10-18 00:00:00+09:00,1020.0,1035.0,1010.0,1018.0,80016,0.0,0.0
2024-10-21 00:00:00+09:00,1018.0,1024.0,1009.0,1024.0,87646,0.0,0.0
2024-10-22 00:00:00+09:00,1029.0,1160.0,1020.0,1090.0,1369221,0.0,0.0
2024-10-23 00:00:00+09:00,1090.0,1150.0,1050.0,1070.0,390181,0.0,0.0
2024-10-24 00:00:00+09:00,1135.0,1145.0,1059.0,1093.0,353687,0.0,0.0
2024-10-25 00:00:00+09:00,1081.0,1093.0,1050.0,1050.0,140862,0.0,0.0
2024-10-28 00:00:00+09:00,1075.0,1080.0,1036.0,1044.0,68012,0.0,0.0
2024-10-29 00:00:00+09:00,1059.0,1059.0,1004.0,1020.0,100486,0.0,0.0
2024-10-30 00:00:00+09:00,1025.0,1039.0,1006.0,1013.0,50167,0.0,0.0
2024-10-31 00:00:00+09:00,1018.0,1056.0,1014.0,1036.0,104653,0.0,0.0
2024-11-01 00:00:00+09:00,1070.0,1098.0,1031.0,1032.0,242608,0.0,0.0
2024-11-04 00:00:00+09:00,1032.0,1045.0,1011.0,1031.0,71323,0.0,0.0
2024-11-06 00:00:00+09:00,1041.0,1054.0,1020.0,1041.0,85547,0.0,0.0
2024-11-07 00:00:00+09:00,1041.0,1054.0,1021.0,1026.0,30306,0.0,0.0
2024-11-08 00:00:00+09:00,1016.0,1026.0,1015.0,1019.0,32496,0.0,0.0
2024-11-11 00:00:00+09:00,1010.0,1035.0,1007.0,1023.0,50515,0.0,0.0
2024-11-12 00:00:00+09:00,1015.0,1055.0,1000.0,1054.0,105897,0.0,0.0
2024-11-13 00:00:00+09:00,1096.0,1096.0,1010.0,1024.0,254703,0.0,0.0
2024-11-14 00:00:00+09:00,1020.0,1025.0,1000.0,1000.0,69990,0.0,0.0
2024-11-15 00:00:00+09:00,1000.0,1017.0,945.0,991.0,174292,0.0,0.0
2024-11-18 00:00:00+09:00,990.0,1010.0,960.0,1001.0,159936,0.0,0.0
2024-11-19 00:00:00+09:00,996.0,1008.0,991.0,1001.0,40503,0.0,0.0
2024-11-20 00:00:00+09:00,990.0,1006.0,947.0,1001.0,91623,0.0,0.0
2024-11-21 00:00:00+09:00,1001.0,1001.0,969.0,970.0,64903,0.0,0.0
2024-11-22 00:00:00+09:00,962.0,977.0,923.0,942.0,140867,0.0,0.0
2024-11-25 00:00:00+09:00,945.0,957.0,940.0,951.0,43716,0.0,0.0
2024-11-26 00:00:00+09:00,972.0,972.0,940.0,953.0,23354,0.0,0.0
2024-11-27 00:00:00+09:00,954.0,968.0,948.0,960.0,56798,0.0,0.0
2024-11-28 00:00:00+09:00,961.0,969.0,951.0,953.0,54001,0.0,0.0
2024-11-29 00:00:00+09:00,953.0,961.0,931.0,933.0,57161,0.0,0.0
2024-12-02 00:00:00+09:00,931.0,1050.0,927.0,950.0,84546,0.0,0.0
2024-12-03 00:00:00+09:00,941.0,959.0,922.0,951.0,43719,0.0,0.0
2024-12-04 00:00:00+09:00,936.0,1029.0,931.0,941.0,118253,0.0,0.0
2024-12-05 00:00:00+09:00,936.0,975.0,936.0,939.0,36585,0.0,0.0
2024-12-06 00:00:00+09:00,932.0,1053.0,932.0,965.0,1171347,0.0,0.0
2024-12-09 00:00:00+09:00,1000.0,1069.0,983.0,1003.0,1091084,0.0,0.0
2024-12-10 00:00:00+09:00,988.0,1047.0,955.0,1011.0,253870,0.0,0.0
2024-12-11 00:00:00+09:00,1065.0,1065.0,1021.0,1044.0,123669,0.0,0.0
2024-12-12 00:00:00+09:00,1052.0,1067.0,1032.0,1032.0,135959,0.0,0.0
2024-12-13 00:00:00+09:00,1043.0,1055.0,1032.0,1042.0,67324,0.0,0.0
2024-12-16 00:00:00+09:00,1042.0,1059.0,1031.0,1033.0,93550,0.0,0.0
2024-12-17 00:00:00+09:00,1033.0,1043.0,1026.0,1035.0,24313,0.0,0.0
2024-12-18 00:00:00+09:00,1035.0,1039.0,998.0,999.0,65202,0.0,0.0
2024-12-19 00:00:00+09:00,1040.0,1076.0,985.0,988.0,593709,0.0,0.0
2024-12-20 00:00:00+09:00,980.0,1020.0,961.0,987.0,87920,0.0,0.0
2024-12-23 00:00:00+09:00,982.0,1002.0,961.0,1000.0,61847,0.0,0.0
2024-12-24 00:00:00+09:00,1000.0,1012.0,979.0,1000.0,29568,0.0,0.0
2024-12-26 00:00:00+09:00,999.0,1016.0,993.0,1003.0,67105,0.0,0.0
2024-12-27 00:00:00+09:00,992.0,1091.0,992.0,1013.0,1489050,0.0,0.0
2024-12-30 00:00:00+09:00,1053.0,1053.0,962.0,984.0,191862,0.0,0.0
2025-01-02 00:00:00+09:00,984.0,1000.0,981.0,999.0,51027,0.0,0.0
2025-01-03 00:00:00+09:00,999.0,1024.0,985.0,1008.0,89256,0.0,0.0
2025-01-06 00:00:00+09:00,1005.0,1018.0,995.0,1013.0,38573,0.0,0.0
2025-01-07 00:00:00+09:00,1013.0,1018.0,998.0,1011.0,45595,0.0,0.0
2025-01-08 00:00:00+09:00,1011.0,1015.0,1003.0,1011.0,12270,0.0,0.0
2025-01-09 00:00:00+09:00,1012.0,1014.0,1005.0,1013.0,11763,0.0,0.0
2025-01-10 00:00:00+09:00,1014.0,1016.0,999.0,1002.0,29312,0.0,0.0
2025-01-13 00:00:00+09:00,1002.0,1017.0,985.0,1004.0,39686,0.0,0.0
2025-01-14 00:00:00+09:00,996.0,1012.0,996.0,1006.0,13495,0.0,0.0
2025-01-15 00:00:00+09:00,1011.0,1011.0,999.0,1007.0,35876,0.0,0.0
2025-01-16 00:00:00+09:00,997.0,1006.0,984.0,989.0,26931,0.0,0.0
2025-01-17 00:00:00+09:00,980.0,996.0,980.0,989.0,9874,0.0,0.0
2025-01-20 00:00:00+09:00,988.0,992.0,970.0,984.0,49092,0.0,0.0
2025-01-21 00:00:00+09:00,982.0,988.0,971.0,976.0,20144,0.0,0.0
2025-01-22 00:00:00+09:00,972.0,976.0,940.0,944.0,62628,0.0,0.0
2025-01-23 00:00:00+09:00,943.0,960.0,925.0,929.0,37106,0.0,0.0
2025-01-24 00:00:00+09:00,929.0,938.0,924.0,933.0,20224,0.0,0.0
2025-01-31 00:00:00+09:00,933.0,957.0,931.0,931.0,27434,0.0,0.0
