Date,Open,High,Low,Close,Volume,Dividends,Stock Splits
2007-11-29 00:00:00+08:00,0.33378145836743495,0.3356357216835022,0.33378145836743495,0.3356357216835022,290489,0.0,0.0
2007-11-30 00:00:00+08:00,0.3356357216835022,0.3356357216835022,0.33378145836743495,0.3356357216835022,220517,0.0,0.0
2007-12-03 00:00:00+08:00,0.3319271580750355,0.3337814211845398,0.3337814211845398,0.3337814211845398,57249,0.0,0.0
2007-12-04 00:00:00+08:00,0.3337814211845398,0.3337814211845398,0.3319271580750355,0.3337814211845398,272466,0.0,0.0
2007-12-05 00:00:00+08:00,0.3319271580750355,0.3337814211845398,0.3337814211845398,0.3337814211845398,1188461,0.0,0.0
2007-12-06 00:00:00+08:00,0.33378145836743495,0.33749000843536164,0.33378145836743495,0.3356357216835022,667913,0.0,0.0
2007-12-07 00:00:00+08:00,0.3356357216835022,0.3356357216835022,0.3356357216835022,0.3356357216835022,0,0.0,0.0
2007-12-10 00:00:00+08:00,0.34676177129775965,0.3560335338115692,0.34676177129775965,0.3560335338115692,1367632,0.0,0.0
2007-12-11 00:00:00+08:00,0.35232505202293396,0.35232505202293396,0.3449075749486815,0.35232505202293396,131462,0.0,0.0
2007-12-12 00:00:00+08:00,0.3486161231994629,0.3486161231994629,0.34676183597108723,0.3486161231994629,392266,0.0,0.0
2007-12-13 00:00:00+08:00,0.34861607268512357,0.34861607268512357,0.3449075222015381,0.3449075222015381,577798,0.0,0.0
2007-12-14 00:00:00+08:00,0.3449075449534327,0.3449075449534327,0.3411989942252119,0.34305328130722046,338197,0.0,0.0
2007-12-17 00:00:00+08:00,0.3449075449534327,0.3449075449534327,0.34305328130722046,0.34305328130722046,2509446,0.0,0.0
2007-12-18 00:00:00+08:00,0.34305328130722046,0.34305328130722046,0.34305328130722046,0.34305328130722046,0,0.0,0.0
2007-12-19 00:00:00+08:00,0.3449075222015381,0.3449075222015381,0.3430532586776428,0.3449075222015381,245961,0.0,0.0
2007-12-21 00:00:00+08:00,0.34490749969296913,0.3467617630958557,0.34490749969296913,0.3467617630958557,670033,0.0,0.0
2007-12-24 00:00:00+08:00,0.3467617630958557,0.3467617630958557,0.3467617630958557,0.3467617630958557,0,0.0,0.0
2007-12-26 00:00:00+08:00,0.3486161231994629,0.3486161231994629,0.3486161231994629,0.3486161231994629,34985,0.0,0.0
2007-12-27 00:00:00+08:00,0.34861604993453565,0.34861604993453565,0.3467617630958557,0.3467617630958557,226878,0.0,0.0
2007-12-28 00:00:00+08:00,0.3449075222015381,0.3467617857254334,0.3449075222015381,0.3449075222015381,315933,0.0,0.0
2007-12-31 00:00:00+08:00,0.3449075222015381,0.3449075222015381,0.3449075222015381,0.3449075222015381,0,0.0,0.0
2008-01-02 00:00:00+08:00,0.3449075222015381,0.3504703362090189,0.3430532586776428,0.3449075222015381,392266,0.0,0.0
2008-01-03 00:00:00+08:00,0.3449075615168966,0.3449075615168966,0.34119901061058044,0.34119901061058044,206735,0.0,0.0
2008-01-04 00:00:00+08:00,0.3411989717179526,0.3449075222015381,0.3411989717179526,0.3449075222015381,104957,0.0,0.0
2008-01-07 00:00:00+08:00,0.34490753530883533,0.34490753530883533,0.3374900590870653,0.339344322681427,874648,0.0,0.0
2008-01-08 00:00:00+08:00,0.3393442339488423,0.3393442339488423,0.3319271580750355,0.3337814211845398,1019893,0.0,0.0
2008-01-09 00:00:00+08:00,0.3337814211845398,0.3337814211845398,0.33007249655710785,0.3337814211845398,449516,0.0,0.0
2008-01-10 00:00:00+08:00,0.3337814211845398,0.337489970839338,0.3337814211845398,0.3337814211845398,59370,0.0,0.0
2008-01-11 00:00:00+08:00,0.3337814135550196,0.3411988876677024,0.3319271504878998,0.3319271504878998,511006,0.0,0.0
2008-01-14 00:00:00+08:00,0.33192727373453984,0.33192727373453984,0.32636406062332163,0.3300726115703583,644589,0.0,0.0
2008-01-15 00:00:00+08:00,0.3319273205548082,0.3319273205548082,0.3245098192058914,0.32821837067604065,635047,0.0,0.0
2008-01-16 00:00:00+08:00,0.3282182039847983,0.3282182039847983,0.3170921802520752,0.3170921802520752,1626316,0.0,0.0
2008-01-17 00:00:00+08:00,0.3170923224741755,0.3170923224741755,0.3133837946599188,0.3152380585670471,2215776,0.0,0.0
2008-01-18 00:00:00+08:00,0.31338372826576233,0.3152379917800424,0.31338372826576233,0.31338372826576233,1901963,0.0,0.0
2008-01-21 00:00:00+08:00,0.31338369704256264,0.31338369704256264,0.30411193511483126,0.30596619844436646,626566,0.0,0.0
2008-01-22 00:00:00+08:00,0.3004033838983772,0.3004033838983772,0.2892769837099741,0.2911316454410553,2038726,0.0,0.0
2008-01-23 00:00:00+08:00,0.2966944319748556,0.29854869512953824,0.28742267092142904,0.28927695751190186,2435233,0.0,0.0
2008-01-24 00:00:00+08:00,0.2948401955220718,0.2948401955220718,0.2892769837099741,0.2911316454410553,1118490,0.0,0.0
2008-01-25 00:00:00+08:00,0.29113165276841413,0.2948402029427694,0.29113165276841413,0.2929859161376953,1780042,0.0,0.0
2008-01-28 00:00:00+08:00,0.2929859161376953,0.2929859161376953,0.2892769909906538,0.2929859161376953,900092,0.0,0.0
2008-01-29 00:00:00+08:00,0.2929859087636674,0.2929859087636674,0.2911316454410553,0.2911316454410553,473900,0.0,0.0
2008-01-30 00:00:00+08:00,0.29113161907501756,0.29113161907501756,0.28742267092142904,0.28927695751190186,749547,0.0,0.0
2008-01-31 00:00:00+08:00,0.28927697350827253,0.29113163517394686,0.28742268681526184,0.28742268681526184,276707,0.0,0.0
2008-02-01 00:00:00+08:00,0.29113163517394686,0.29113163517394686,0.28742268681526184,0.28742268681526184,268225,0.0,0.0
2008-02-04 00:00:00+08:00,0.28927695751190186,0.29113161907501756,0.28742267092142904,0.28927695751190186,367882,0.0,0.0
2008-02-05 00:00:00+08:00,0.29113161907501756,0.29113161907501756,0.28742267092142904,0.28927695751190186,169628,0.0,0.0
2008-02-06 00:00:00+08:00,0.28927695751190186,0.28927695751190186,0.28927695751190186,0.28927695751190186,0,0.0,0.0
2008-02-11 00:00:00+08:00,0.28742270418557975,0.2929859161376953,0.28742270418557975,0.2929859161376953,517367,0.0,0.0
2008-02-12 00:00:00+08:00,0.2929858984311661,0.29484018512417687,0.2837141603008233,0.28742268681526184,1586029,0.0,0.0
2008-02-13 00:00:00+08:00,0.28742268681526184,0.29113163517394686,0.2855684235580426,0.28742268681526184,1340067,0.0,0.0
2008-02-14 00:00:00+08:00,0.2929859087636674,0.2948401955220718,0.2911316454410553,0.2911316454410553,1308262,0.0,0.0
2008-02-15 00:00:00+08:00,0.2929859087636674,0.29854872216729594,0.2911316454410553,0.2911316454410553,1643279,0.0,0.0
2008-02-18 00:00:00+08:00,0.2948402464389801,0.2966945100818109,0.29298595936035293,0.2948402464389801,1582849,0.0,0.0
2008-02-19 00:00:00+08:00,0.2966944588446839,0.2966944588446839,0.2911316454410553,0.2911316454410553,1999499,0.0,0.0
2008-02-20 00:00:00+08:00,0.2948401955220718,0.29854872216729594,0.2892769837099741,0.2911316454410553,3084064,0.0,0.0
2008-02-21 00:00:00+08:00,0.2929859161376953,0.2966944663120506,0.2929859161376953,0.2929859161376953,2087494,0.0,0.0
2008-02-22 00:00:00+08:00,0.2929859161376953,0.2966944663120506,0.29113165276841413,0.2929859161376953,1310382,0.0,0.0
2008-02-25 00:00:00+08:00,0.2956247627735138,0.2956247627735138,0.2956247627735138,0.2956247627735138,609603,0.016,0.0
2008-02-26 00:00:00+08:00,0.29372960428768585,0.29372960428768585,0.2899397015571594,0.2899397015571594,807857,0.0,0.0
2008-02-27 00:00:00+08:00,0.29183465292242267,0.29183465292242267,0.2899397015571594,0.2899397015571594,420891,0.0,0.0
2008-02-28 00:00:00+08:00,0.29183465292242267,0.29372960428768585,0.288044726241853,0.2899397015571594,2502025,0.0,0.0
2008-02-29 00:00:00+08:00,0.2899398161617615,0.2899398161617615,0.28804484009742737,0.28804484009742737,1155596,0.0,0.0
2008-03-03 00:00:00+08:00,0.28804484009742737,0.28804484009742737,0.28804484009742737,0.28804484009742737,692297,0.0,0.0
2008-03-04 00:00:00+08:00,0.28804484009742737,0.2918347682760431,0.28804484009742737,0.28804484009742737,834361,0.0,0.0
2008-03-05 00:00:00+08:00,0.2880448113535911,0.2880448113535911,0.28614985942840576,0.28614985942840576,430433,0.0,0.0
2008-03-06 00:00:00+08:00,0.2899398084235732,0.2899398084235732,0.2842545211315155,0.2842545211315155,2115059,0.0,0.0
2008-03-07 00:00:00+08:00,0.2880448562361386,0.2880448562361386,0.2747797356419434,0.27667468786239624,1519238,0.0,0.0
2008-03-10 00:00:00+08:00,0.27477960317297523,0.27477960317297523,0.2671993668445615,0.269094318151474,1011411,0.0,0.0
2008-03-11 00:00:00+08:00,0.2690944386495192,0.2690944386495192,0.26530453433860945,0.26719948649406433,1820329,0.0,0.0
2008-03-12 00:00:00+08:00,0.2709892934084289,0.2709892934084289,0.2671993668445615,0.269094318151474,726223,0.0,0.0
2008-03-13 00:00:00+08:00,0.27098938563047875,0.27098938563047875,0.2653045058250427,0.2653045058250427,969004,0.0,0.0
2008-03-14 00:00:00+08:00,0.2671994577768379,0.269094409728633,0.2653045058250427,0.2653045058250427,677455,0.0,0.0
2008-03-17 00:00:00+08:00,0.26719948649406433,0.26719948649406433,0.26530453433860945,0.26719948649406433,300030,0.0,0.0
2008-03-18 00:00:00+08:00,0.26719948649406433,0.26719948649406433,0.26530453433860945,0.26719948649406433,337137,0.0,0.0
2008-03-19 00:00:00+08:00,0.2671994577768379,0.269094409728633,0.2653045058250427,0.2653045058250427,4618144,0.0,0.0
2008-03-20 00:00:00+08:00,0.2671994577768379,0.2671994577768379,0.2653045058250427,0.2653045058250427,877829,0.0,0.0
2008-03-24 00:00:00+08:00,0.2671993668445615,0.269094318151474,0.265304415537649,0.269094318151474,852384,0.0,0.0
2008-03-25 00:00:00+08:00,0.2690944386495192,0.2690944386495192,0.26530453433860945,0.26719948649406433,2236980,0.0,0.0
2008-03-26 00:00:00+08:00,0.269094409728633,0.269094409728633,0.2653045058250427,0.2653045058250427,437854,0.0,0.0
2008-03-27 00:00:00+08:00,0.26530453433860945,0.2690944386495192,0.26530453433860945,0.26719948649406433,641409,0.0,0.0
2008-03-28 00:00:00+08:00,0.26909444060793913,0.2728843688964844,0.2671994884386931,0.2728843688964844,1804426,0.0,0.0
2008-03-31 00:00:00+08:00,0.2728843702081395,0.2728843702081395,0.27098941802978516,0.27098941802978516,7603612,0.0,0.0
2008-04-01 00:00:00+08:00,0.27098941475502725,0.27288436691048207,0.26719948649406433,0.26719948649406433,2018583,0.0,0.0
2008-04-02 00:00:00+08:00,0.269094318151474,0.269094318151474,0.2671993668445615,0.269094318151474,4260864,0.0,0.0
2008-04-03 00:00:00+08:00,0.2709893372115127,0.2785695747652063,0.2709893372115127,0.27477964758872986,988087,0.0,0.0
2008-04-04 00:00:00+08:00,0.27477964758872986,0.27477964758872986,0.27477964758872986,0.27477964758872986,252322,0.0,0.0
2008-04-07 00:00:00+08:00,0.27667468786239624,0.278569664032903,0.27667468786239624,0.27667468786239624,1732334,0.0,0.0
2008-04-08 00:00:00+08:00,0.27856960892677307,0.28046456077237,0.27856960892677307,0.27856960892677307,1957092,0.0,0.0
2008-04-09 00:00:00+08:00,0.2785695747652063,0.2785695747652063,0.27477964758872986,0.27477964758872986,883130,0.0,0.0
2008-04-10 00:00:00+08:00,0.2747797356419434,0.27667468786239624,0.27288437627057305,0.27667468786239624,548113,0.0,0.0
2008-04-11 00:00:00+08:00,0.27667463313112695,0.27856960892677307,0.27667463313112695,0.27856960892677307,310632,0.0,0.0
2008-04-14 00:00:00+08:00,0.28046461625335584,0.28046461625335584,0.2747797356419434,0.27667468786239624,759089,0.0,0.0
2008-04-15 00:00:00+08:00,0.27667459920194487,0.2785695747652063,0.27477964758872986,0.27477964758872986,498284,0.0,0.0
2008-04-16 00:00:00+08:00,0.27477964758872986,0.27667459920194487,0.2728842888247277,0.27477964758872986,703959,0.0,0.0
2008-04-17 00:00:00+08:00,0.2804645884300287,0.2823595404624939,0.27667466041504674,0.2823595404624939,361521,0.0,0.0
2008-04-18 00:00:00+08:00,0.2823595404624939,0.2823595404624939,0.2823595404624939,0.2823595404624939,117680,0.0,0.0
2008-04-21 00:00:00+08:00,0.2842545003523663,0.2880448113535911,0.2842545003523663,0.28614985942840576,400748,0.0,0.0
2008-04-22 00:00:00+08:00,0.2956247627735138,0.2956247627735138,0.289939881205301,0.2956247627735138,1450326,0.0,0.0
2008-04-23 00:00:00+08:00,0.29372978628407087,0.2956247627735138,0.29372978628407087,0.2956247627735138,316993,0.0,0.0
2008-04-24 00:00:00+08:00,0.2956247627735138,0.2994150750032697,0.2956247627735138,0.2956247627735138,413470,0.0,0.0
2008-04-25 00:00:00+08:00,0.2994149923324585,0.3013099682986838,0.2975200403162846,0.2994149923324585,759089,0.0,0.0
2008-04-28 00:00:00+08:00,0.3013100326061249,0.3032049850267312,0.3013100326061249,0.3013100326061249,499344,0.0,0.0
2008-04-29 00:00:00+08:00,0.3013099125976668,0.3050998159294022,0.3013099125976668,0.30320486426353455,433613,0.0,0.0
2008-04-30 00:00:00+08:00,0.30509990407137866,0.30509990407137866,0.29752007126808167,0.29752007126808167,430433,0.0,0.0
2008-05-02 00:00:00+08:00,0.3013100326061249,0.3032049850267312,0.29941505623546205,0.3013100326061249,479201,0.0,0.0
2008-05-05 00:00:00+08:00,0.3013099996447571,0.3013099996447571,0.29752007126808167,0.29752007126808167,706080,0.0,0.0
2008-05-06 00:00:00+08:00,0.29941502348139243,0.29941502348139243,0.29562471190385486,0.29752007126808167,1093045,0.0,0.0
2008-05-07 00:00:00+08:00,0.29752007126808167,0.29941502348139243,0.29752007126808167,0.29752007126808167,197193,0.0,0.0
2008-05-08 00:00:00+08:00,0.2975200403162846,0.2994149923324585,0.2975200403162846,0.2994149923324585,163267,0.0,0.0
2008-05-09 00:00:00+08:00,0.3013099003268213,0.31646996808726147,0.3013099003268213,0.3145750164985657,1085624,0.0,0.0
2008-05-12 00:00:00+08:00,0.31457508392848665,0.3183653950691223,0.31457508392848665,0.3183653950691223,533270,0.0,0.0
2008-05-13 00:00:00+08:00,0.3183653974935497,0.32405027747154236,0.3183653974935497,0.32405027747154236,541752,0.0,0.0
2008-05-14 00:00:00+08:00,0.3240502963520671,0.3240502963520671,0.31647005677223206,0.31647005677223206,418771,0.0,0.0
2008-05-15 00:00:00+08:00,0.3202604353427887,0.3221553877182993,0.31836545901722213,0.3202604353427887,406049,0.0,0.0
2008-05-16 00:00:00+08:00,0.32026037101405674,0.32026037101405674,0.3183653950691223,0.3183653950691223,85874,0.0,0.0
2008-05-20 00:00:00+08:00,0.3202603921126239,0.3202603921126239,0.31647005677223206,0.31647005677223206,279887,0.0,0.0
2008-05-21 00:00:00+08:00,0.31836545901722213,0.3202604353427887,0.3164700994907606,0.3202604353427887,188712,0.0,0.0
2008-05-22 00:00:00+08:00,0.31836532682673907,0.31836532682673907,0.3145750164985657,0.3145750164985657,506766,0.0,0.0
2008-05-23 00:00:00+08:00,0.31457510128600596,0.31457510128600596,0.3107851731370689,0.31268012523651123,196133,0.0,0.0
2008-05-26 00:00:00+08:00,0.3107851315714547,0.3107851315714547,0.30509984493255615,0.30509984493255615,1025194,0.0,0.0
2008-05-27 00:00:00+08:00,0.3069952130317688,0.30889018888400793,0.30509985397873046,0.3069952130317688,205674,0.0,0.0
2008-05-28 00:00:00+08:00,0.30699524498813185,0.31268012523651123,0.30699524498813185,0.31268012523651123,359401,0.0,0.0
2008-05-29 00:00:00+08:00,0.3126802182361864,0.3126802182361864,0.30889031291007996,0.30889031291007996,4344618,0.0,0.0
2008-05-30 00:00:00+08:00,0.30889031291007996,0.30889031291007996,0.30889031291007996,0.30889031291007996,0,0.0,0.0
2008-06-02 00:00:00+08:00,0.3069952130317688,0.3069952130317688,0.30509985397873046,0.3069952130317688,654131,0.0,0.0
2008-06-03 00:00:00+08:00,0.30699520392939733,0.30699520392939733,0.30509984493255615,0.30509984493255615,884190,0.0,0.0
2008-06-04 00:00:00+08:00,0.3032049850267312,0.30509993744733754,0.29941505623546205,0.3013100326061249,2209415,0.0,0.0
2008-06-05 00:00:00+08:00,0.3032049203148577,0.3032049203148577,0.2994149923324585,0.2994149923324585,729403,0.0,0.0
2008-06-06 00:00:00+08:00,0.2994149369817522,0.3050998159294022,0.2994149369817522,0.30320486426353455,1523478,0.0,0.0
2008-06-09 00:00:00+08:00,0.2994149923324585,0.3050998723310316,0.2975200403162846,0.2994149923324585,1421701,0.0,0.0
2008-06-10 00:00:00+08:00,0.30404857792506235,0.30404857792506235,0.3001750707626343,0.3001750707626343,418771,0.016,0.0
2008-06-11 00:00:00+08:00,0.30017503155156566,0.3040485382080078,0.30017503155156566,0.3040485382080078,139943,0.0,0.0
2008-06-12 00:00:00+08:00,0.3021116670293409,0.3021116670293409,0.2982385754585266,0.2982385754585266,633987,0.0,0.0
2008-06-13 00:00:00+08:00,0.30017510900613625,0.3021116670293409,0.2982385754585266,0.2982385754585266,294730,0.0,0.0
2008-06-16 00:00:00+08:00,0.2982385871662007,0.3021116788890574,0.2943654954433441,0.2943654954433441,830121,0.0,0.0
2008-06-17 00:00:00+08:00,0.29436548388771233,0.30017510900613625,0.29436548388771233,0.2982385754585266,380604,0.0,0.0
2008-06-18 00:00:00+08:00,0.29436548388771233,0.2982385754585266,0.29436548388771233,0.2982385754585266,164327,0.0,0.0
2008-06-19 00:00:00+08:00,0.2963020419109169,0.2982385754585266,0.2963020419109169,0.2982385754585266,294730,0.0,0.0
2008-06-20 00:00:00+08:00,0.2982385754585266,0.3021116670293409,0.2982385754585266,0.2982385754585266,1476831,0.0,0.0
2008-06-23 00:00:00+08:00,0.30017510900613625,0.3021116670293409,0.2982385754585266,0.2982385754585266,114499,0.0,0.0
2008-06-24 00:00:00+08:00,0.29823853746174667,0.3021116285391137,0.29823853746174667,0.3001750707626343,548113,0.0,0.0
2008-06-25 00:00:00+08:00,0.3021116670293409,0.3021116670293409,0.2963020419109169,0.2982385754585266,732584,0.0,0.0
2008-06-26 00:00:00+08:00,0.2982385754585266,0.30017510900613625,0.2963020419109169,0.2982385754585266,6034545,0.0,0.0
2008-06-27 00:00:00+08:00,0.2963019609451294,0.30017502698201676,0.2963019609451294,0.2963019609451294,451636,0.0,0.0
2008-06-30 00:00:00+08:00,0.2982385871662007,0.2982385871662007,0.2943654954433441,0.2943654954433441,506766,0.0,0.0
2008-07-01 00:00:00+08:00,0.2963020535425704,0.2982385871662007,0.2943654954433441,0.2943654954433441,270345,0.0,0.0
2008-07-02 00:00:00+08:00,0.2963019785521709,0.2963019785521709,0.2904919385910034,0.2904919385910034,1332646,0.0,0.0
2008-07-03 00:00:00+08:00,0.2963020535425704,0.2963020535425704,0.290492012110953,0.2943654954433441,165388,0.0,0.0
2008-07-04 00:00:00+08:00,0.29436550401694733,0.29436550401694733,0.29242897033691406,0.29242897033691406,288369,0.0,0.0
2008-07-07 00:00:00+08:00,0.29242896181971373,0.2963020535425704,0.29242896181971373,0.2943654954433441,4013842,0.0,0.0
2008-07-08 00:00:00+08:00,0.29823851168568843,0.29823851168568843,0.28855538098189615,0.2904919385910034,1290239,0.0,0.0
2008-07-09 00:00:00+08:00,0.29049202057173823,0.2963020621725772,0.29049202057173823,0.29242897033691406,416650,0.0,0.0
2008-07-10 00:00:00+08:00,0.29242897033691406,0.29242897033691406,0.29242897033691406,0.29242897033691406,8392386,0.0,0.0
2008-07-11 00:00:00+08:00,0.29242896181971373,0.2943654954433441,0.29242896181971373,0.2943654954433441,1305081,0.0,0.0
2008-07-14 00:00:00+08:00,0.29242897033691406,0.29242897033691406,0.29242897033691406,0.29242897033691406,402868,0.0,0.0
2008-07-15 00:00:00+08:00,0.2924289509509149,0.2924289509509149,0.28855544328689575,0.28855544328689575,584159,0.0,0.0
2008-07-16 00:00:00+08:00,0.28855546241610835,0.29436550401694733,0.28855546241610835,0.29242897033691406,1093045,0.0,0.0
2008-07-17 00:00:00+08:00,0.29436550401694733,0.29436550401694733,0.29049202057173823,0.29242897033691406,1053819,0.0,0.0
2008-07-18 00:00:00+08:00,0.2924288683479998,0.2924288683479998,0.28661882877349854,0.28661882877349854,943560,0.0,0.0
2008-07-21 00:00:00+08:00,0.28855538098189615,0.29242888780954607,0.28855538098189615,0.2904919385910034,1306141,0.0,0.0
2008-07-22 00:00:00+08:00,0.29242888780954607,0.29242888780954607,0.2904919385910034,0.2904919385910034,340317,0.0,0.0
2008-07-23 00:00:00+08:00,0.29049202057173823,0.2963020621725772,0.29049202057173823,0.29242897033691406,551293,0.0,0.0
2008-07-24 00:00:00+08:00,0.29436550401694733,0.29436550401694733,0.29242897033691406,0.29242897033691406,502525,0.0,0.0
2008-07-25 00:00:00+08:00,0.29242887043265375,0.2963019609451294,0.2904919213292097,0.2963019609451294,597941,0.0,0.0
2008-07-28 00:00:00+08:00,0.2963020535425704,0.2963020535425704,0.29242896181971373,0.2943654954433441,663672,0.0,0.0
2008-07-29 00:00:00+08:00,0.29242887043265375,0.2963019609451294,0.2904919213292097,0.2963019609451294,233239,0.0,0.0
2008-07-30 00:00:00+08:00,0.2963020535425704,0.2963020535425704,0.2943654954433441,0.2943654954433441,94356,0.0,0.0
2008-07-31 00:00:00+08:00,0.2963020419109169,0.2982385754585266,0.2963020419109169,0.2982385754585266,74212,0.0,0.0
2008-08-01 00:00:00+08:00,0.2963020126532312,0.3079216778278351,0.2963020126532312,0.3079216778278351,396507,0.0,0.0
2008-08-04 00:00:00+08:00,0.3021116695092755,0.30598515272140503,0.3021116695092755,0.30598515272140503,63610,0.0,0.0
2008-08-05 00:00:00+08:00,0.30598515272140503,0.30598515272140503,0.3021116695092755,0.30598515272140503,167508,0.0,0.0
2008-08-06 00:00:00+08:00,0.3059851199958516,0.3079216778278351,0.3040485866394606,0.3079216778278351,114499,0.0,0.0
2008-08-07 00:00:00+08:00,0.3059850712559312,0.3059850712559312,0.30017503155156566,0.3040485382080078,121920,0.0,0.0
2008-08-08 00:00:00+08:00,0.3021116285391137,0.3021116285391137,0.3001750707626343,0.3001750707626343,345618,0.0,0.0
2008-08-11 00:00:00+08:00,0.30017510900613625,0.3021116670293409,0.2982385754585266,0.2982385754585266,97536,0.0,0.0
2008-08-12 00:00:00+08:00,0.29436548388771233,0.2982385754585266,0.29436548388771233,0.2982385754585266,54069,0.0,0.0
2008-08-13 00:00:00+08:00,0.29823853746174667,0.3001750707626343,0.29823853746174667,0.3001750707626343,225818,0.0,0.0
2008-08-14 00:00:00+08:00,0.3021116285391137,0.30404857792506235,0.3001750707626343,0.3001750707626343,271406,0.0,0.0
2008-08-15 00:00:00+08:00,0.30211163719799666,0.3079216778278351,0.30211163719799666,0.3079216778278351,821639,0.0,0.0
2008-08-18 00:00:00+08:00,0.3079217107605062,0.3079217107605062,0.30598515272140503,0.30598515272140503,332896,0.0,0.0
2008-08-19 00:00:00+08:00,0.3021116695092755,0.31373172753614176,0.3021116695092755,0.30598515272140503,414530,0.0,0.0
2008-08-20 00:00:00+08:00,0.30598515272140503,0.30598515272140503,0.304048619157899,0.30598515272140503,115559,0.0,0.0
2008-08-21 00:00:00+08:00,0.30598515272140503,0.30598515272140503,0.304048619157899,0.30598515272140503,1058059,0.0,0.0
2008-08-22 00:00:00+08:00,0.3079217107605062,0.3098582443240122,0.30598515272140503,0.30598515272140503,394387,0.0,0.0
2008-08-25 00:00:00+08:00,0.3098582111842261,0.3098582111842261,0.3079216778278351,0.3079216778278351,327595,0.0,0.0
2008-08-26 00:00:00+08:00,0.30734777328050816,0.30734777328050816,0.303382159504526,0.3053649663925171,364701,0.0175,0.0
2008-08-27 00:00:00+08:00,0.3033820688724518,0.3053648751681011,0.3033820688724518,0.3033820688724518,133582,0.0,0.0
2008-08-28 00:00:00+08:00,0.3013992375163722,0.3053648751681011,0.3013992375163722,0.3033820688724518,37106,0.0,0.0
2008-08-29 00:00:00+08:00,0.30338216071382595,0.30734777450561523,0.30338216071382595,0.30734777450561523,73152,0.0,0.0
2008-09-01 00:00:00+08:00,0.30734777328050816,0.30734777328050816,0.303382159504526,0.3053649663925171,46647,0.0,0.0
2008-09-02 00:00:00+08:00,0.30536498820248714,0.30536498820248714,0.29941654205322266,0.29941654205322266,363641,0.0,0.0
2008-09-03 00:00:00+08:00,0.29941648391705905,0.30338212226672756,0.2954504195400027,0.301399290561676,195073,0.0,0.0
2008-09-04 00:00:00+08:00,0.301399290561676,0.30536492891134454,0.301399290561676,0.301399290561676,87994,0.0,0.0
2008-09-05 00:00:00+08:00,0.301399290561676,0.301399290561676,0.2974332512450542,0.301399290561676,564015,0.0,0.0
2008-09-08 00:00:00+08:00,0.30338212226672756,0.30338212226672756,0.301399290561676,0.301399290561676,131462,0.0,0.0
2008-09-09 00:00:00+08:00,0.301399290561676,0.30338212226672756,0.301399290561676,0.301399290561676,522668,0.0,0.0
2008-09-10 00:00:00+08:00,0.3013993266974118,0.3013993266974118,0.2974332869052887,0.2974332869052887,183411,0.0,0.0
2008-09-11 00:00:00+08:00,0.2974332869052887,0.2994165198150697,0.29545045496250905,0.2974332869052887,617024,0.0,0.0
2008-09-12 00:00:00+08:00,0.2954504477104425,0.29743327960455196,0.29346764087677,0.29346764087677,141003,0.0,0.0
2008-09-15 00:00:00+08:00,0.29743327960455196,0.29743327960455196,0.29346764087677,0.29346764087677,1299780,0.0,0.0
2008-09-16 00:00:00+08:00,0.29148479668591537,0.29148479668591537,0.2855359258594497,0.28950196504592896,523729,0.0,0.0
2008-09-17 00:00:00+08:00,0.28950206061084055,0.28950206061084055,0.28355321288108826,0.28355321288108826,495104,0.0,0.0
2008-09-18 00:00:00+08:00,0.27760472893714905,0.27760472893714905,0.27363866391223274,0.27760472893714905,1100467,0.0,0.0
2008-09-19 00:00:00+08:00,0.28157034516334534,0.28553598419304493,0.27958753817871496,0.28157034516334534,648830,0.0,0.0
2008-09-22 00:00:00+08:00,0.28950206061084055,0.28950206061084055,0.28157038058656697,0.28355321288108826,575677,0.0,0.0
2008-09-23 00:00:00+08:00,0.28355317720841455,0.28355317720841455,0.28157034516334534,0.28157034516334534,312753,0.0,0.0
2008-09-24 00:00:00+08:00,0.28553598419304493,0.28553598419304493,0.27958753817871496,0.28157034516334534,393326,0.0,0.0
2008-09-25 00:00:00+08:00,0.281570352064962,0.285535991191864,0.2795875450317307,0.285535991191864,247021,0.0,0.0
2008-09-26 00:00:00+08:00,0.28355321288108826,0.28355321288108826,0.28355321288108826,0.28355321288108826,479201,0.0,0.0
2008-09-29 00:00:00+08:00,0.28355317490311793,0.28553598187162804,0.27760472893714905,0.27760472893714905,335016,0.0,0.0
2008-09-30 00:00:00+08:00,0.2696730065760953,0.29346764087677,0.2696730065760953,0.29346764087677,499344,0.0,0.0
2008-10-02 00:00:00+08:00,0.28950206061084055,0.28950206061084055,0.28157038058656697,0.28355321288108826,441034,0.0,0.0
2008-10-03 00:00:00+08:00,0.28355321288108826,0.28355321288108826,0.28355321288108826,0.28355321288108826,1060,0.0,0.0
2008-10-06 00:00:00+08:00,0.28157034516334534,0.28355317720841455,0.28157034516334534,0.28157034516334534,447396,0.0,0.0
2008-10-07 00:00:00+08:00,0.27760467183301435,0.27958747839365505,0.2756214141845703,0.2756214141845703,927657,0.0,0.0
2008-10-08 00:00:00+08:00,0.27562144263913596,0.27760470049232727,0.265707383751993,0.27363863587379456,983847,0.0,0.0
2008-10-09 00:00:00+08:00,0.273638604496352,0.27562141103433,0.2696729663599628,0.271655797958374,594761,0.0,0.0
2008-10-10 00:00:00+08:00,0.2676900938450298,0.2676900938450298,0.2062203120797205,0.23794659972190857,3919486,0.0,0.0
2008-10-13 00:00:00+08:00,0.23992951964266537,0.23992951964266537,0.22406656416813286,0.2359638810157776,583099,0.0,0.0
2008-10-14 00:00:00+08:00,0.241912379860878,0.24984405983362964,0.241912379860878,0.241912379860878,459058,0.0,0.0
2008-10-15 00:00:00+08:00,0.23794671849126176,0.23794671849126176,0.21216927468776703,0.21216927468776703,983847,0.0,0.0
2008-10-16 00:00:00+08:00,0.21018652520584505,0.21018652520584505,0.19432314984393406,0.20027202367782593,2919736,0.0,0.0
2008-10-17 00:00:00+08:00,0.20622039972155196,0.20622039972155196,0.2022547734074218,0.20423758029937744,541752,0.0,0.0
2008-10-20 00:00:00+08:00,0.20423757272937118,0.21018644427262367,0.20423757272937118,0.20820321142673492,255503,0.0,0.0
2008-10-21 00:00:00+08:00,0.2101864516735077,0.2161348973987859,0.2101864516735077,0.2101864516735077,271406,0.0,0.0
2008-10-22 00:00:00+08:00,0.21415209051050574,0.21415209051050574,0.2101864516735077,0.2101864516735077,226878,0.0,0.0
2008-10-23 00:00:00+08:00,0.20820318228785875,0.21613485953950448,0.2062203632166804,0.21415205299854279,128281,0.0,0.0
2008-10-24 00:00:00+08:00,0.21415209090747214,0.21415209090747214,0.20423758029937744,0.20423758029937744,497224,0.0,0.0
2008-10-27 00:00:00+08:00,0.20423758029937744,0.20423758029937744,0.20423758029937744,0.20423758029937744,0,0.0,0.0
2008-10-29 00:00:00+08:00,0.2042376138391765,0.2101864865798431,0.19432311413314643,0.19828875362873077,453757,0.0,0.0
2008-10-30 00:00:00+08:00,0.19828879006828456,0.20225484379000117,0.19828879006828456,0.20027202367782593,406049,0.0,0.0
2008-10-31 00:00:00+08:00,0.20423758385692423,0.20622040331363678,0.19828872451977617,0.20622040331363678,804676,0.0,0.0
2008-11-03 00:00:00+08:00,0.20820322277034936,0.21018645572429134,0.20622040331363678,0.20622040331363678,637168,0.0,0.0
2008-11-04 00:00:00+08:00,0.20622040331363678,0.20820322277034936,0.20622040331363678,0.20622040331363678,308512,0.0,0.0
2008-11-05 00:00:00+08:00,0.21216925109108717,0.21216925109108717,0.19828871371633705,0.20820321142673492,776051,0.0,0.0
2008-11-06 00:00:00+08:00,0.20225480662160522,0.20225480662160522,0.19828875362873077,0.19828875362873077,954162,0.0,0.0
2008-11-07 00:00:00+08:00,0.20027198687381306,0.20027198687381306,0.19828875362873077,0.19828875362873077,441034,0.0,0.0
2008-11-10 00:00:00+08:00,0.20225484379000117,0.20225484379000117,0.19828879006828456,0.20027202367782593,787713,0.0,0.0
2008-11-11 00:00:00+08:00,0.20225484379000117,0.2042376513719532,0.20027202367782593,0.20027202367782593,467539,0.0,0.0
2008-11-12 00:00:00+08:00,0.19828870525969222,0.2022547572851181,0.1963058859955739,0.2022547572851181,1692047,0.0,0.0
2008-11-13 00:00:00+08:00,0.19828869012257902,0.20225474184524142,0.19630587100982666,0.19630587100982666,1272216,0.0,0.0
2008-11-14 00:00:00+08:00,0.19828879006828456,0.20027202367782593,0.19828879006828456,0.20027202367782593,485562,0.0,0.0
2008-11-17 00:00:00+08:00,0.2022547734074218,0.20423758029937744,0.2022547734074218,0.20423758029937744,386965,0.0,0.0
2008-11-18 00:00:00+08:00,0.20423756401901855,0.20423756401901855,0.2022547572851181,0.2022547572851181,400748,0.0,0.0
2008-11-19 00:00:00+08:00,0.20622047148412848,0.20622047148412848,0.20027202367782593,0.20027202367782593,1012472,0.0,0.0
2008-11-20 00:00:00+08:00,0.20027202367782593,0.20225484379000117,0.20027202367782593,0.20027202367782593,1142874,0.0,0.0
2008-11-21 00:00:00+08:00,0.19828870525969222,0.20423756401901855,0.19828870525969222,0.2022547572851181,2400247,0.0,0.0
2008-11-24 00:00:00+08:00,0.1982887128022545,0.1982887128022545,0.19234025478363037,0.19234025478363037,222637,0.0,0.0
2008-11-25 00:00:00+08:00,0.1943230518970743,0.19630587100982666,0.1943230518970743,0.19630587100982666,42407,0.0,0.0
2008-11-26 00:00:00+08:00,0.19630591222813545,0.19630591222813545,0.1943230926990509,0.1943230926990509,179170,0.0,0.0
2008-11-27 00:00:00+08:00,0.19828869012257902,0.19828869012257902,0.1943230518970743,0.19630587100982666,56189,0.0,0.0
2008-11-28 00:00:00+08:00,0.1943230518970743,0.19630587100982666,0.1943230518970743,0.19630587100982666,134642,0.0,0.0
2008-12-01 00:00:00+08:00,0.19630587100982666,0.19630587100982666,0.19630587100982666,0.19630587100982666,129341,0.0,0.0
2008-12-02 00:00:00+08:00,0.19630587100982666,0.19630587100982666,0.1943230518970743,0.19630587100982666,72092,0.0,0.0
2008-12-03 00:00:00+08:00,0.19828875362873077,0.19828875362873077,0.19630593388093862,0.19828875362873077,103897,0.0,0.0
2008-12-04 00:00:00+08:00,0.19828873175721998,0.19828873175721998,0.1943230926990509,0.1943230926990509,107078,0.0,0.0
2008-12-05 00:00:00+08:00,0.19630587100982666,0.19630587100982666,0.19630587100982666,0.19630587100982666,69971,0.0,0.0
2008-12-09 00:00:00+08:00,0.19828875362873077,0.19828875362873077,0.19630593388093862,0.19828875362873077,289429,0.0,0.0
2008-12-10 00:00:00+08:00,0.19828869012257902,0.19828869012257902,0.1943230518970743,0.19630587100982666,572497,0.0,0.0
2008-12-11 00:00:00+08:00,0.19828875362873077,0.19828875362873077,0.19630593388093862,0.19828875362873077,389086,0.0,0.0
2008-12-12 00:00:00+08:00,0.19630591222813545,0.19630591222813545,0.1943230926990509,0.1943230926990509,345618,0.0,0.0
2008-12-15 00:00:00+08:00,0.19630587100982666,0.19828869012257902,0.1943230518970743,0.19630587100982666,206735,0.0,0.0
2008-12-16 00:00:00+08:00,0.19630591222813545,0.19828873175721998,0.1943230926990509,0.1943230926990509,89055,0.0,0.0
2008-12-17 00:00:00+08:00,0.1943230926990509,0.19630591222813545,0.1943230926990509,0.1943230926990509,257623,0.0,0.0
2008-12-18 00:00:00+08:00,0.19432307412317174,0.19630589346271313,0.19234025478363037,0.19234025478363037,1068661,0.0,0.0
2008-12-19 00:00:00+08:00,0.19035746617110136,0.19630591222813545,0.19035746617110136,0.1943230926990509,188712,0.0,0.0
2008-12-22 00:00:00+08:00,0.19630587100982666,0.19630587100982666,0.19630587100982666,0.19630587100982666,137823,0.0,0.0
2008-12-23 00:00:00+08:00,0.19630591222813545,0.19630591222813545,0.1943230926990509,0.1943230926990509,135703,0.0,0.0
2008-12-24 00:00:00+08:00,0.1943230518970743,0.19630587100982666,0.1943230518970743,0.19630587100982666,119800,0.0,0.0
2008-12-26 00:00:00+08:00,0.19630587100982666,0.19630587100982666,0.19630587100982666,0.19630587100982666,115559,0.0,0.0
2008-12-29 00:00:00+08:00,0.19630593388093862,0.19828875362873077,0.19630593388093862,0.19828875362873077,19083,0.0,0.0
2008-12-30 00:00:00+08:00,0.19630587100982666,0.19630587100982666,0.19630587100982666,0.19630587100982666,34985,0.0,0.0
2008-12-31 00:00:00+08:00,0.19828875362873077,0.19828875362873077,0.19828875362873077,0.19828875362873077,68911,0.0,0.0
2009-01-02 00:00:00+08:00,0.19828879006828456,0.20027202367782593,0.19828879006828456,0.20027202367782593,294730,0.0,0.0
2009-01-05 00:00:00+08:00,0.2022547734074218,0.20622039972155196,0.2022547734074218,0.20423758029937744,520548,0.0,0.0
2009-01-06 00:00:00+08:00,0.20423757272937118,0.20820321142673492,0.20423757272937118,0.20820321142673492,146304,0.0,0.0
2009-01-07 00:00:00+08:00,0.21018644427262367,0.21018644427262367,0.20622039207805304,0.20820321142673492,350919,0.0,0.0
2009-01-08 00:00:00+08:00,0.20622038328313688,0.20622038328313688,0.2022547572851181,0.2022547572851181,172809,0.0,0.0
2009-01-09 00:00:00+08:00,0.20622040331363678,0.20622040331363678,0.20423758385692423,0.20622040331363678,57249,0.0,0.0
2009-01-12 00:00:00+08:00,0.20622039207805304,0.21216925109108717,0.20622039207805304,0.20820321142673492,286248,0.0,0.0
2009-01-13 00:00:00+08:00,0.2101864516735077,0.2101864516735077,0.2101864516735077,0.2101864516735077,38166,0.0,0.0
2009-01-14 00:00:00+08:00,0.20820321875778725,0.2101864516735077,0.20820321875778725,0.2101864516735077,169628,0.0,0.0
2009-01-15 00:00:00+08:00,0.20622040331363678,0.20820322277034936,0.20622040331363678,0.20622040331363678,146304,0.0,0.0
2009-01-16 00:00:00+08:00,0.21018645572429134,0.21018645572429134,0.20423758385692423,0.20622040331363678,287308,0.0,0.0
2009-01-19 00:00:00+08:00,0.20622039972155196,0.20622039972155196,0.20423758029937744,0.20423758029937744,107078,0.0,0.0
2009-01-20 00:00:00+08:00,0.20622039972155196,0.20622039972155196,0.2022547734074218,0.20423758029937744,82694,0.0,0.0
2009-01-21 00:00:00+08:00,0.2022547769304307,0.20622040331363678,0.2022547769304307,0.20622040331363678,13782,0.0,0.0
2009-01-22 00:00:00+08:00,0.20622039972155196,0.20622039972155196,0.20423758029937744,0.20423758029937744,124041,0.0,0.0
2009-01-23 00:00:00+08:00,0.20820322277034936,0.20820322277034936,0.20423758385692423,0.20622040331363678,130402,0.0,0.0
2009-01-28 00:00:00+08:00,0.20423758029937744,0.20423758029937744,0.20423758029937744,0.20423758029937744,12722,0.0,0.0
2009-01-29 00:00:00+08:00,0.20622040331363678,0.20820322277034936,0.20423758385692423,0.20622040331363678,165388,0.0,0.0
2009-01-30 00:00:00+08:00,0.20820322277034936,0.20820322277034936,0.20423758385692423,0.20622040331363678,20143,0.0,0.0
2009-02-02 00:00:00+08:00,0.20820321914372644,0.20820321914372644,0.20423758029937744,0.20423758029937744,159027,0.0,0.0
2009-02-03 00:00:00+08:00,0.20622039972155196,0.20622039972155196,0.20423758029937744,0.20423758029937744,185531,0.0,0.0
2009-02-04 00:00:00+08:00,0.20622040331363678,0.20622040331363678,0.20622040331363678,0.20622040331363678,115559,0.0,0.0
2009-02-05 00:00:00+08:00,0.20622040331363678,0.20622040331363678,0.20622040331363678,0.20622040331363678,284128,0.0,0.0
2009-02-06 00:00:00+08:00,0.20622039972155196,0.20622039972155196,0.20423758029937744,0.20423758029937744,718802,0.0,0.0
2009-02-09 00:00:00+08:00,0.20820322277034936,0.20820322277034936,0.20622040331363678,0.20622040331363678,151605,0.0,0.0
2009-02-10 00:00:00+08:00,0.20622040331363678,0.20622040331363678,0.20423758385692423,0.20622040331363678,454817,0.0,0.0
2009-02-11 00:00:00+08:00,0.20622039972155196,0.20622039972155196,0.2022547734074218,0.20423758029937744,600061,0.0,0.0
2009-02-12 00:00:00+08:00,0.20622040331363678,0.20622040331363678,0.20622040331363678,0.20622040331363678,98596,0.0,0.0
2009-02-13 00:00:00+08:00,0.20622040331363678,0.20820322277034936,0.20622040331363678,0.20622040331363678,75272,0.0,0.0
2009-02-16 00:00:00+08:00,0.20820322277034936,0.20820322277034936,0.20622040331363678,0.20622040331363678,389086,0.0,0.0
2009-02-17 00:00:00+08:00,0.2062203993392882,0.2101864516735077,0.2062203993392882,0.2101864516735077,251262,0.0,0.0
2009-02-18 00:00:00+08:00,0.21018641485618608,0.21415205299854279,0.21018641485618608,0.21415205299854279,329716,0.0,0.0
2009-02-19 00:00:00+08:00,0.21415205299854279,0.21415205299854279,0.2121692213971478,0.21415205299854279,149485,0.0,0.0
2009-02-20 00:00:00+08:00,0.21415209051050574,0.21415209051050574,0.2101864516735077,0.2101864516735077,160087,0.0,0.0
2009-02-23 00:00:00+08:00,0.20820321875778725,0.2101864516735077,0.20820321875778725,0.2101864516735077,64670,0.0,0.0
2009-02-24 00:00:00+08:00,0.2101864516735077,0.2101864516735077,0.20820321875778725,0.2101864516735077,103897,0.0,0.0
2009-02-25 00:00:00+08:00,0.2101864676487831,0.21216927468776703,0.2101864676487831,0.21216927468776703,527969,0.0,0.0
2009-02-26 00:00:00+08:00,0.2042376513719532,0.2042376513719532,0.20027202367782593,0.20027202367782593,307452,0.0,0.0
2009-02-27 00:00:00+08:00,0.20027193802099977,0.2022547572851181,0.20027193802099977,0.2022547572851181,24384,0.0,0.0
2009-03-02 00:00:00+08:00,0.20027198687381306,0.20027198687381306,0.19828875362873077,0.19828875362873077,761209,0.0,0.0
2009-03-03 00:00:00+08:00,0.2042376513719532,0.2042376513719532,0.19630596995610933,0.20027202367782593,122980,0.0,0.0
2009-03-04 00:00:00+08:00,0.19828875362873077,0.20027198687381306,0.19828875362873077,0.19828875362873077,30745,0.0,0.0
2009-03-05 00:00:00+08:00,0.20423759131149857,0.20423759131149857,0.1943230926990509,0.1943230926990509,108138,0.0,0.0
2009-03-06 00:00:00+08:00,0.19630587100982666,0.19630587100982666,0.1943230518970743,0.19630587100982666,201434,0.0,0.0
2009-03-09 00:00:00+08:00,0.19432307412317174,0.19432307412317174,0.19234025478363037,0.19234025478363037,591580,0.0,0.0
2009-03-10 00:00:00+08:00,0.19035744797430734,0.19432307412317174,0.19035744797430734,0.19234025478363037,223698,0.0,0.0
2009-03-11 00:00:00+08:00,0.19234027316996635,0.19828873175721998,0.19234027316996635,0.1943230926990509,101777,0.0,0.0
2009-03-12 00:00:00+08:00,0.19432307412317174,0.19432307412317174,0.19234025478363037,0.19234025478363037,104957,0.0,0.0
2009-03-13 00:00:00+08:00,0.19234027316996635,0.1943230926990509,0.19035746617110136,0.1943230926990509,672154,0.0,0.0
2009-03-16 00:00:00+08:00,0.19035738706588745,0.19234019324077442,0.18837456836078617,0.19035738706588745,398627,0.0,0.0
2009-03-17 00:00:00+08:00,0.19234029438535427,0.20027198687381306,0.19234029438535427,0.19828875362873077,332896,0.0,0.0
2009-03-18 00:00:00+08:00,0.19828872451977617,0.20820322277034936,0.19828872451977617,0.20622040331363678,544932,0.0,0.0
2009-03-19 00:00:00+08:00,0.20225484379000117,0.20225484379000117,0.20027202367782593,0.20027202367782593,316993,0.0,0.0
2009-03-20 00:00:00+08:00,0.19828875362873077,0.20027198687381306,0.19828875362873077,0.19828875362873077,416650,0.0,0.0
2009-03-23 00:00:00+08:00,0.19828879006828456,0.20027202367782593,0.19630596995610933,0.20027202367782593,436794,0.0,0.0
2009-03-24 00:00:00+08:00,0.20027202367782593,0.20027202367782593,0.19828879006828456,0.20027202367782593,326535,0.0,0.0
2009-03-25 00:00:00+08:00,0.20225484379000117,0.20225484379000117,0.19828879006828456,0.20027202367782593,120860,0.0,0.0
2009-03-26 00:00:00+08:00,0.20027193802099977,0.2022547572851181,0.20027193802099977,0.2022547572851181,435734,0.0,0.0
2009-03-27 00:00:00+08:00,0.20027202367782593,0.20225484379000117,0.19828879006828456,0.20027202367782593,377424,0.0,0.0
2009-03-30 00:00:00+08:00,0.20027192273248906,0.20027192273248906,0.19630587100982666,0.19630587100982666,385905,0.0,0.0
2009-03-31 00:00:00+08:00,0.19828872451977617,0.20622040331363678,0.194323085606351,0.20622040331363678,672154,0.0,0.0
2009-04-01 00:00:00+08:00,0.20027198687381306,0.20027198687381306,0.19630593388093862,0.19828875362873077,635047,0.0,0.0
2009-04-02 00:00:00+08:00,0.20027192273248906,0.20027192273248906,0.19630587100982666,0.19630587100982666,330776,0.0,0.0
2009-04-03 00:00:00+08:00,0.20027198687381306,0.20027198687381306,0.19828875362873077,0.19828875362873077,896912,0.0,0.0
2009-04-06 00:00:00+08:00,0.20027198687381306,0.20027198687381306,0.19630593388093862,0.19828875362873077,351979,0.0,0.0
2009-04-07 00:00:00+08:00,0.19828870525969222,0.2022547572851181,0.1963058859955739,0.2022547572851181,116619,0.0,0.0
2009-04-08 00:00:00+08:00,0.19828875362873077,0.19828875362873077,0.19828875362873077,0.19828875362873077,49828,0.0,0.0
2009-04-09 00:00:00+08:00,0.20027198687381306,0.20027198687381306,0.19828875362873077,0.19828875362873077,164327,0.0,0.0
2009-04-13 00:00:00+08:00,0.2022547572851181,0.20423756401901855,0.2022547572851181,0.2022547572851181,445275,0.0,0.0
2009-04-14 00:00:00+08:00,0.2022547572851181,0.2022547572851181,0.2022547572851181,0.2022547572851181,125101,0.0,0.0
2009-04-15 00:00:00+08:00,0.2022547734074218,0.20423758029937744,0.2022547734074218,0.20423758029937744,414530,0.0,0.0
2009-04-16 00:00:00+08:00,0.20622040331363678,0.21018645572429134,0.20622040331363678,0.20622040331363678,447396,0.0,0.0
2009-04-17 00:00:00+08:00,0.20820321142673492,0.20820321142673492,0.20622039207805304,0.20820321142673492,272466,0.0,0.0
2009-04-20 00:00:00+08:00,0.20622039972155196,0.20622039972155196,0.20423758029937744,0.20423758029937744,199313,0.0,0.0
2009-04-21 00:00:00+08:00,0.20423758029937744,0.20423758029937744,0.20423758029937744,0.20423758029937744,39226,0.0,0.0
2009-04-22 00:00:00+08:00,0.20423756401901855,0.20423756401901855,0.2022547572851181,0.2022547572851181,254443,0.0,0.0
2009-04-23 00:00:00+08:00,0.2022547734074218,0.20622039972155196,0.2022547734074218,0.20423758029937744,294730,0.0,0.0
2009-04-24 00:00:00+08:00,0.20622039972155196,0.20622039972155196,0.20423758029937744,0.20423758029937744,361521,0.0,0.0
2009-04-27 00:00:00+08:00,0.20423756401901855,0.20423756401901855,0.2022547572851181,0.2022547572851181,386965,0.0,0.0
2009-04-28 00:00:00+08:00,0.20027202367782593,0.20225484379000117,0.19828879006828456,0.20027202367782593,814218,0.0,0.0
2009-04-29 00:00:00+08:00,0.2022547572851181,0.2022547572851181,0.20027193802099977,0.2022547572851181,234299,0.0,0.0
2009-04-30 00:00:00+08:00,0.2022547734074218,0.20820321914372644,0.2022547734074218,0.20423758029937744,531150,0.0,0.0
2009-05-01 00:00:00+08:00,0.20423758029937744,0.20423758029937744,0.20423758029937744,0.20423758029937744,0,0.0,0.0
2009-05-04 00:00:00+08:00,0.2022547572851181,0.20423756401901855,0.2022547572851181,0.2022547572851181,1184221,0.0,0.0
2009-05-05 00:00:00+08:00,0.20423758385692423,0.20622040331363678,0.2022547769304307,0.20622040331363678,1586029,0.0,0.0
2009-05-06 00:00:00+08:00,0.20622040331363678,0.20820322277034936,0.20423758385692423,0.20622040331363678,1298720,0.0,0.0
2009-05-07 00:00:00+08:00,0.20820315509365897,0.21613483130931854,0.20820315509365897,0.21613483130931854,1558464,0.0,0.0
2009-05-08 00:00:00+08:00,0.21811769902706146,0.22208376379585637,0.2141520853461336,0.21811769902706146,1835171,0.0,0.0
2009-05-11 00:00:00+08:00,0.22208379993542873,0.2260494393221199,0.21811773452123823,0.22010056674480438,1808667,0.0,0.0
2009-05-12 00:00:00+08:00,0.21811769902706146,0.21811769902706146,0.21613489218659754,0.21811769902706146,497224,0.0,0.0
2009-05-13 00:00:00+08:00,0.21811773452123823,0.22406660709855375,0.2161349273581132,0.22010056674480438,1428062,0.0,0.0
2009-05-14 00:00:00+08:00,0.2141520853461336,0.22208376379585637,0.2141520853461336,0.21811769902706146,488743,0.0,0.0
2009-05-15 00:00:00+08:00,0.22010053092796245,0.22010053092796245,0.21613489218659754,0.21811769902706146,259744,0.0,0.0
2009-05-18 00:00:00+08:00,0.21613485953950448,0.21613485953950448,0.2121692213971478,0.21415205299854279,484502,0.0,0.0
2009-05-19 00:00:00+08:00,0.21613489218659754,0.21811769902706146,0.21613489218659754,0.21811769902706146,543872,0.0,0.0
2009-05-20 00:00:00+08:00,0.21613483130931854,0.21811763759129846,0.21613483130931854,0.21613483130931854,495104,0.0,0.0
2009-05-21 00:00:00+08:00,0.21613485953950448,0.21613485953950448,0.2121692213971478,0.21415205299854279,1134392,0.0,0.0
2009-05-22 00:00:00+08:00,0.21613483130931854,0.21613483130931854,0.21415202502733865,0.21613483130931854,630807,0.0,0.0
2009-05-25 00:00:00+08:00,0.2181176660804662,0.2181176660804662,0.21415205299854279,0.21415205299854279,1720672,0.0,0.0
2009-05-26 00:00:00+08:00,0.21811773452123823,0.22406660709855375,0.21811773452123823,0.22010056674480438,3892981,0.0,0.0
2009-05-27 00:00:00+08:00,0.224066530117544,0.24587835371494293,0.224066530117544,0.24587835371494293,2683316,0.0,0.0
2009-05-28 00:00:00+08:00,0.24984401464462277,0.25182684656763155,0.24191233610646493,0.2498440146446228,2683316,0.0,0.0
2009-05-29 00:00:00+08:00,0.2518267333507538,0.2577755772914071,0.2518267333507538,0.2518267333507538,1327345,0.0,0.0
2009-06-01 00:00:00+08:00,0.2538096613739655,0.2676902120221447,0.2538096613739655,0.2617413401603699,1992078,0.0,0.0
2009-06-02 00:00:00+08:00,0.265707403421402,0.27562146304244883,0.265707403421402,0.265707403421402,1892421,0.0,0.0
2009-06-03 00:00:00+08:00,0.26769018173217773,0.27363862689341967,0.26769018173217773,0.26769018173217773,894792,0.0,0.0
2009-06-04 00:00:00+08:00,0.26769021033352375,0.26769021033352375,0.2597585315971533,0.265707403421402,1467289,0.0,0.0
2009-06-05 00:00:00+08:00,0.26769015355142217,0.2716557915949175,0.26769015355142217,0.2696729600429535,1569066,0.0,0.0
2009-06-08 00:00:00+08:00,0.26570742742569314,0.26570742742569314,0.25579291582107544,0.25579291582107544,799375,0.0,0.0
2009-06-09 00:00:00+08:00,0.25380969047546387,0.25777573080691224,0.24984405111107144,0.25380969047546387,604302,0.0,0.0
2009-06-10 00:00:00+08:00,0.2518268833234881,0.25380969047546387,0.24984405111107144,0.25380969047546387,746366,0.0,0.0
2009-06-11 00:00:00+08:00,0.24984405111107144,0.25380969047546387,0.24984405111107144,0.25380969047546387,237480,0.0,0.0
2009-06-12 00:00:00+08:00,0.25777573080691224,0.25777573080691224,0.2518268833234881,0.25380969047546387,454817,0.0,0.0
2009-06-15 00:00:00+08:00,0.25182684749479983,0.2597585260621603,0.24984401556449073,0.2577756941318512,1313563,0.0,0.0
2009-06-16 00:00:00+08:00,0.2617412142941065,0.2617412142941065,0.249843902319191,0.2518267333507538,1007171,0.0,0.0
2009-06-17 00:00:00+08:00,0.2518267982210926,0.2518267982210926,0.24587835371494293,0.24587835371494293,424072,0.0,0.0
2009-06-18 00:00:00+08:00,0.24786116019684865,0.24786116019684865,0.24587835371494293,0.24587835371494293,350919,0.0,0.0
2009-06-19 00:00:00+08:00,0.24786116509384476,0.26570735101958703,0.24786116509384476,0.26372411847114563,1241470,0.0,0.0
2009-06-22 00:00:00+08:00,0.261741332932032,0.2637241648623411,0.2577756941318512,0.2577756941318512,255503,0.0,0.0
2009-06-23 00:00:00+08:00,0.25182687561109024,0.25579291582107544,0.2498440434593993,0.25579291582107544,416650,0.0,0.0
2009-06-24 00:00:00+08:00,0.2597585260621603,0.2597585260621603,0.2557928872619795,0.2577756941318512,138883,0.0,0.0
2009-06-25 00:00:00+08:00,0.25777573080691224,0.26174137017130467,0.25380969047546387,0.25380969047546387,595821,0.0,0.0
2009-06-26 00:00:00+08:00,0.259758555064017,0.259758555064017,0.25579291582107544,0.25579291582107544,205674,0.0,0.0
2009-06-29 00:00:00+08:00,0.2557928872619795,0.2597585260621603,0.2557928872619795,0.2577756941318512,96476,0.0,0.0
2009-06-30 00:00:00+08:00,0.2577757000712761,0.25975853204727173,0.2557928931557184,0.25975853204727173,311692,0.0,0.0
2009-07-01 00:00:00+08:00,0.25579291582107544,0.25777572291232614,0.2538096827023409,0.25579291582107544,312753,0.0,0.0
2009-07-02 00:00:00+08:00,0.2577755772914071,0.25975840832296987,0.2518267333507538,0.2518267333507538,1107888,0.0,0.0
2009-07-03 00:00:00+08:00,0.2518268833234881,0.25380969047546387,0.2518268833234881,0.25380969047546387,166448,0.0,0.0
2009-07-06 00:00:00+08:00,0.25380969047546387,0.25380969047546387,0.25380969047546387,0.25380969047546387,214156,0.0,0.0
2009-07-07 00:00:00+08:00,0.25777573080691224,0.25777573080691224,0.25380969047546387,0.25380969047546387,248082,0.0,0.0
2009-07-08 00:00:00+08:00,0.25777569318278065,0.25777569318278065,0.24984401464462277,0.2498440146446228,1785343,0.0,0.0
2009-07-09 00:00:00+08:00,0.2557928863202092,0.2557928863202092,0.24984401464462277,0.2498440146446228,409229,0.0,0.0
2009-07-10 00:00:00+08:00,0.2557927713202704,0.2557927713202704,0.2518267333507538,0.2518267333507538,354100,0.0,0.0
2009-07-13 00:00:00+08:00,0.249843902319191,0.2518267333507538,0.249843902319191,0.2518267333507538,115559,0.0,0.0
2009-07-14 00:00:00+08:00,0.2518268833234881,0.2557929236549365,0.2518268833234881,0.25380969047546387,245961,0.0,0.0
2009-07-15 00:00:00+08:00,0.2538096543646715,0.2597585260621603,0.2538096543646715,0.2577756941318512,316993,0.0,0.0
2009-07-16 00:00:00+08:00,0.2617413401603699,0.26570740509751517,0.25975853323574033,0.2617413401603699,824820,0.0,0.0
2009-07-17 00:00:00+08:00,0.26174128688963255,0.26570735101958703,0.2597584803685525,0.26372411847114563,282007,0.0,0.0
2009-07-20 00:00:00+08:00,0.2657073532840068,0.273638604496352,0.2657073532840068,0.271655797958374,978546,0.0,0.0
2009-07-21 00:00:00+08:00,0.273638604496352,0.27760466866010625,0.2696729663599628,0.271655797958374,1202244,0.0,0.0
2009-07-22 00:00:00+08:00,0.2736385980864488,0.2756214045779802,0.2696729600429535,0.2696729600429535,362581,0.0,0.0
2009-07-23 00:00:00+08:00,0.27363863587379456,0.27562144263913596,0.27363863587379456,0.27363863587379456,293669,0.0,0.0
2009-07-24 00:00:00+08:00,0.2756214141845703,0.27760467183301435,0.27363860762392966,0.2756214141845703,470720,0.0,0.0
2009-07-27 00:00:00+08:00,0.27760473119408463,0.28553598419304493,0.27760473119408463,0.28157034516334534,488743,0.0,0.0
2009-07-28 00:00:00+08:00,0.28157034516334534,0.28355317720841455,0.27760473119408463,0.28157034516334534,338197,0.0,0.0
2009-07-29 00:00:00+08:00,0.2835531253845685,0.2934676095835904,0.2835531253845685,0.2914848029613495,1324165,0.0,0.0
2009-07-30 00:00:00+08:00,0.29346764087677,0.2954504477104425,0.2895020021489881,0.29346764087677,464358,0.0,0.0
2009-07-31 00:00:00+08:00,0.29743327960455196,0.29743327960455196,0.29346764087677,0.29346764087677,811037,0.0,0.0
2009-08-03 00:00:00+08:00,0.2974332869052887,0.3013993266974118,0.29545045496250905,0.2974332869052887,560835,0.0,0.0
2009-08-04 00:00:00+08:00,0.295450359582901,0.3013992293973428,0.29346755334066404,0.295450359582901,1110008,0.0,0.0
2009-08-05 00:00:00+08:00,0.29743319088556747,0.29743319088556747,0.29346755334066404,0.295450359582901,408169,0.0,0.0
2009-08-06 00:00:00+08:00,0.2974332512450542,0.301399290561676,0.2954504195400027,0.301399290561676,612784,0.0,0.0
2009-08-07 00:00:00+08:00,0.301399349082831,0.301399349082831,0.29941654205322266,0.29941654205322266,137823,0.0,0.0
2009-08-11 00:00:00+08:00,0.3013992375163722,0.3053648751681011,0.3013992375163722,0.3033820688724518,325475,0.0,0.0
2009-08-12 00:00:00+08:00,0.3053649663925171,0.30734777328050816,0.303382159504526,0.3053649663925171,605362,0.0,0.0
2009-08-13 00:00:00+08:00,0.30933061242103577,0.3113138453825783,0.3073477804265052,0.30933061242103577,1854255,0.0,0.0
2009-08-14 00:00:00+08:00,0.3113138372574362,0.3172622829649,0.291484841197825,0.2974332869052887,5323164,0.0,0.0
2009-08-17 00:00:00+08:00,0.29346760326546806,0.29941647409193367,0.2875191584663763,0.28950196504592896,11237909,0.0,0.0
2009-08-18 00:00:00+08:00,0.2914847470984271,0.29743319088556747,0.2914847470984271,0.295450359582901,2612283,0.0,0.0
2009-08-19 00:00:00+08:00,0.2974333089961437,0.3033821811728788,0.2974333089961437,0.29941654205322266,3095726,0.0,0.0
2009-08-20 00:00:00+08:00,0.30139932875749353,0.30933060646194765,0.30139932875749353,0.30734777450561523,6720482,0.0,0.0
2009-08-21 00:00:00+08:00,0.30933060606559604,0.31527947783353727,0.30933060606559604,0.3132966458797455,3741375,0.0,0.0
2009-08-24 00:00:00+08:00,0.3113137860181064,0.31726223074651194,0.3113137860181064,0.31527942419052124,5827810,0.0,0.0
2009-08-25 00:00:00+08:00,0.253809653430203,0.253809653430203,0.24191233610646493,0.2498440146446228,2760709,0.0,0.0
2009-08-26 00:00:00+08:00,0.24984401464462277,0.25182684656763155,0.24786120778205134,0.2498440146446228,2804176,0.0,0.0
2009-08-27 00:00:00+08:00,0.24984407346555432,0.24984407346555432,0.24587845880678452,0.24786126613616943,1359150,0.0,0.0
2009-08-28 00:00:00+08:00,0.24786116019684865,0.2498439666787544,0.24587835371494293,0.24587835371494293,1340067,0.0,0.0
2009-08-31 00:00:00+08:00,0.24786125261243014,0.24786125261243014,0.241912379860878,0.241912379860878,1027314,0.0,0.0
2009-09-01 00:00:00+08:00,0.2419123264258911,0.2419123264258911,0.2359638810157776,0.2359638810157776,2217896,0.0,0.0
2009-09-02 00:00:00+08:00,0.23596380464807085,0.23596380464807085,0.23001493513584137,0.23001493513584137,1790644,0.0,0.0
2009-09-03 00:00:00+08:00,0.23001497823930026,0.23199780981280665,0.22604936521315333,0.2280321717262268,3256873,0.0,0.0
2009-09-04 00:00:00+08:00,0.2280322091383952,0.2280322091383952,0.2240665704011917,0.2240665704011917,2500965,0.0,0.0
2009-09-07 00:00:00+08:00,0.22604932285282708,0.23199776633777675,0.2240664916508917,0.23001493513584137,5086744,0.0,0.0
2009-09-08 00:00:00+08:00,0.23199780981280665,0.23199780981280665,0.2280321717262268,0.2280321717262268,3469969,0.0,0.0
2009-09-09 00:00:00+08:00,0.23001503043477442,0.23398109544870138,0.23001503043477442,0.23199786245822906,3395757,0.0,0.0
2009-09-10 00:00:00+08:00,0.2339809985065637,0.2339809985065637,0.23001493513584137,0.23001493513584137,1739755,0.0,0.0
2009-09-11 00:00:00+08:00,0.23199775554680738,0.23794659972190857,0.23199775554680738,0.23794659972190857,3768940,0.0,0.0
2009-09-14 00:00:00+08:00,0.23794659972190857,0.24191223688089641,0.23794659972190857,0.23794659972190857,2094916,0.0,0.0
2009-09-15 00:00:00+08:00,0.23992951964266537,0.23992951964266537,0.2359638810157776,0.2359638810157776,1390956,0.0,0.0
2009-09-16 00:00:00+08:00,0.23596379367262818,0.23992943083161603,0.23596379367262818,0.23794659972190857,1306141,0.0,0.0
2009-09-17 00:00:00+08:00,0.23794665080542157,0.24191228881577134,0.23794665080542157,0.23992948234081268,746366,0.0,0.0
2009-09-18 00:00:00+08:00,0.2399295488389637,0.2399295488389637,0.23398110270500183,0.23398110270500183,1068661,0.0,0.0
2009-09-21 00:00:00+08:00,0.23398110270500183,0.23398110270500183,0.23398110270500183,0.23398110270500183,0,0.0,0.0
2009-09-22 00:00:00+08:00,0.23199784142190844,0.2359638810157776,0.2300150095782464,0.2359638810157776,1454567,0.0,0.0
2009-09-23 00:00:00+08:00,0.23596390972950934,0.23596390972950934,0.23398110270500183,0.23398110270500183,820579,0.0,0.0
2009-09-24 00:00:00+08:00,0.23398109544870138,0.23398109544870138,0.23199786245822906,0.23199786245822906,1587089,0.0,0.0
2009-09-25 00:00:00+08:00,0.22604932285282708,0.23001493513584137,0.22604932285282708,0.23001493513584137,3624756,0.0,0.0
2009-09-28 00:00:00+08:00,0.2280321717262268,0.23001497823930026,0.2280321717262268,0.2280321717262268,1912565,0.0,0.0
2009-09-29 00:00:00+08:00,0.22803212899433423,0.23199776633777675,0.22803212899433423,0.23001493513584137,2118240,0.0,0.0
2009-09-30 00:00:00+08:00,0.2280321717262268,0.23001497823930026,0.2280321717262268,0.2280321717262268,1251012,0.0,0.0
2009-10-01 00:00:00+08:00,0.2280321717262268,0.23001497823930026,0.22604936521315333,0.2280321717262268,1530900,0.0,0.0
2009-10-02 00:00:00+08:00,0.22604936521315333,0.2280321717262268,0.22604936521315333,0.2280321717262268,2334516,0.0,0.0
2009-10-05 00:00:00+08:00,0.2280322091383952,0.2280322091383952,0.22208376356280848,0.2240665704011917,1987837,0.0,0.0
2009-10-06 00:00:00+08:00,0.2240665704011917,0.22604940230001197,0.2240665704011917,0.2240665704011917,917055,0.0,0.0
2009-10-07 00:00:00+08:00,0.22604937851428986,0.23001499177378035,0.22604937851428986,0.22604937851428986,1119550,0.0,0.0
2009-10-08 00:00:00+08:00,0.2280321851440351,0.2280321851440351,0.22604937851428986,0.22604937851428986,558714,0.0,0.0
2009-10-09 00:00:00+08:00,0.2280321717262268,0.23001497823930026,0.22604936521315333,0.2280321717262268,1252072,0.0,0.0
2009-10-12 00:00:00+08:00,0.23199776633777675,0.2339809985065637,0.22803212899433423,0.23001493513584137,1134392,0.0,0.0
2009-10-13 00:00:00+08:00,0.23001493513584137,0.23199776633777675,0.22803212899433423,0.23001493513584137,1178920,0.0,0.0
2009-10-14 00:00:00+08:00,0.23001493513584137,0.23199776633777675,0.23001493513584137,0.23001493513584137,801496,0.0,0.0
2009-10-15 00:00:00+08:00,0.23199776633777675,0.2339809985065637,0.23001493513584137,0.23001493513584137,1389896,0.0,0.0
2009-10-16 00:00:00+08:00,0.23199776633777675,0.23199776633777675,0.23001493513584137,0.23001493513584137,355160,0.0,0.0
2009-10-19 00:00:00+08:00,0.23001503756807792,0.23398110270500183,0.23001503756807792,0.23398110270500183,590520,0.0,0.0
2009-10-20 00:00:00+08:00,0.23398109544870138,0.23398109544870138,0.23001503043477442,0.23199786245822906,803616,0.0,0.0
2009-10-21 00:00:00+08:00,0.23199776633777675,0.23199776633777675,0.23001493513584137,0.23001493513584137,1182100,0.0,0.0
2009-10-22 00:00:00+08:00,0.23001493513584137,0.23199776633777675,0.23001493513584137,0.23001493513584137,444215,0.0,0.0
2009-10-23 00:00:00+08:00,0.23199786245822906,0.23199786245822906,0.23001503043477442,0.23199786245822906,776051,0.0,0.0
2009-10-26 00:00:00+08:00,0.23001493513584137,0.23199776633777675,0.23001493513584137,0.23001493513584137,282007,0.0,0.0
2009-10-27 00:00:00+08:00,0.23001493513584137,0.23199776633777675,0.22803212899433423,0.23001493513584137,1425942,0.0,0.0
2009-10-28 00:00:00+08:00,0.23001497823930026,0.23001497823930026,0.2280321717262268,0.2280321717262268,836482,0.0,0.0
2009-10-29 00:00:00+08:00,0.2280321717262268,0.2280321717262268,0.22604936521315333,0.2280321717262268,799375,0.0,0.0
2009-10-30 00:00:00+08:00,0.23001497823930026,0.23199780981280665,0.2280321717262268,0.2280321717262268,934018,0.0,0.0
2009-11-02 00:00:00+08:00,0.22604937851428986,0.2280321851440351,0.22604937851428986,0.22604937851428986,586279,0.0,0.0
2009-11-03 00:00:00+08:00,0.22604936521315333,0.23001497823930026,0.22604936521315333,0.2280321717262268,530090,0.0,0.0
2009-11-04 00:00:00+08:00,0.2280321717262268,0.2280321717262268,0.22604936521315333,0.2280321717262268,375303,0.0,0.0
2009-11-05 00:00:00+08:00,0.23001497823930026,0.23001497823930026,0.2280321717262268,0.2280321717262268,302151,0.0,0.0
2009-11-06 00:00:00+08:00,0.22604937851428986,0.23001499177378035,0.22604937851428986,0.22604937851428986,340317,0.0,0.0
2009-11-09 00:00:00+08:00,0.22604932285282708,0.23001493513584137,0.22604932285282708,0.23001493513584137,491923,0.0,0.0
2009-11-10 00:00:00+08:00,0.23001493513584137,0.23001493513584137,0.22803212899433423,0.23001493513584137,388025,0.0,0.0
2009-11-11 00:00:00+08:00,0.22803212899433423,0.23001493513584137,0.22803212899433423,0.23001493513584137,645649,0.0,0.0
2009-11-12 00:00:00+08:00,0.23001497823930026,0.23001497823930026,0.22604936521315333,0.2280321717262268,4200433,0.0,0.0
2009-11-13 00:00:00+08:00,0.22604932285282708,0.23001493513584137,0.22604932285282708,0.23001493513584137,2224258,0.0,0.0
2009-11-17 00:00:00+08:00,0.23398107423255185,0.23794668779900333,0.23398107423255185,0.2359638810157776,2041907,0.0,0.0
2009-11-18 00:00:00+08:00,0.23398110270500183,0.23794671675401682,0.23398110270500183,0.23398110270500183,765450,0.0,0.0
2009-11-19 00:00:00+08:00,0.23398110270500183,0.23596390972950934,0.23398110270500183,0.23398110270500183,1335827,0.0,0.0
2009-11-20 00:00:00+08:00,0.23398107423255185,0.2359638810157776,0.23398107423255185,0.2359638810157776,1221327,0.0,0.0
2009-11-23 00:00:00+08:00,0.23794668779900333,0.23794668779900333,0.23398107423255185,0.2359638810157776,731524,0.0,0.0
2009-11-24 00:00:00+08:00,0.2359639024117174,0.23794670937473342,0.23199786245822906,0.23199786245822906,3600371,0.0,0.0
2009-11-25 00:00:00+08:00,0.23001497823930026,0.23001497823930026,0.22604936521315333,0.2280321717262268,1993138,0.0,0.0
2009-11-26 00:00:00+08:00,0.23001497823930026,0.23001497823930026,0.22604936521315333,0.2280321717262268,860866,0.0,0.0
2009-11-30 00:00:00+08:00,0.22604937851428986,0.2280321851440351,0.22406654682411023,0.22604937851428986,665793,0.0,0.0
2009-12-01 00:00:00+08:00,0.22604932285282708,0.23001493513584137,0.22604932285282708,0.23001493513584137,471780,0.0,0.0
2009-12-02 00:00:00+08:00,0.23001497823930026,0.23001497823930026,0.2280321717262268,0.2280321717262268,162207,0.0,0.0
2009-12-03 00:00:00+08:00,0.22803212899433423,0.23001493513584137,0.22803212899433423,0.23001493513584137,547052,0.0,0.0
2009-12-04 00:00:00+08:00,0.2280321717262268,0.2280321717262268,0.22604936521315333,0.2280321717262268,349859,0.0,0.0
2009-12-07 00:00:00+08:00,0.2280321717262268,0.23001497823930026,0.2280321717262268,0.2280321717262268,748487,0.0,0.0
2009-12-08 00:00:00+08:00,0.22803212899433423,0.23001493513584137,0.22803212899433423,0.23001493513584137,638228,0.0,0.0
2009-12-09 00:00:00+08:00,0.23001497823930026,0.23001497823930026,0.2280321717262268,0.2280321717262268,509946,0.0,0.0
2009-12-10 00:00:00+08:00,0.2280321717262268,0.23001497823930026,0.2280321717262268,0.2280321717262268,1582849,0.0,0.0
2009-12-11 00:00:00+08:00,0.2280321717262268,0.23001497823930026,0.2280321717262268,0.2280321717262268,840722,0.0,0.0
2009-12-14 00:00:00+08:00,0.23001497823930026,0.23001497823930026,0.2280321717262268,0.2280321717262268,703959,0.0,0.0
2009-12-15 00:00:00+08:00,0.23001497823930026,0.23001497823930026,0.2280321717262268,0.2280321717262268,638228,0.0,0.0
2009-12-16 00:00:00+08:00,0.2280321717262268,0.23001497823930026,0.2280321717262268,0.2280321717262268,713501,0.0,0.0
2009-12-17 00:00:00+08:00,0.23001493513584137,0.23001493513584137,0.22803212899433423,0.23001493513584137,1138633,0.0,0.0
2009-12-18 00:00:00+08:00,0.23001499177378035,0.23001499177378035,0.22604937851428986,0.22604937851428986,1040036,0.0,0.0
2009-12-21 00:00:00+08:00,0.2280321717262268,0.23001497823930026,0.2280321717262268,0.2280321717262268,578858,0.0,0.0
2009-12-22 00:00:00+08:00,0.22803212899433423,0.23001493513584137,0.22803212899433423,0.23001493513584137,1383535,0.0,0.0
2009-12-23 00:00:00+08:00,0.23001493513584137,0.23199776633777675,0.23001493513584137,0.23001493513584137,769690,0.0,0.0
2009-12-28 00:00:00+08:00,0.23001493513584137,0.23199776633777675,0.23001493513584137,0.23001493513584137,831181,0.0,0.0
2009-12-29 00:00:00+08:00,0.23199776633777675,0.23199776633777675,0.23001493513584137,0.23001493513584137,812098,0.0,0.0
2009-12-30 00:00:00+08:00,0.23199786245822906,0.23398109544870138,0.23199786245822906,0.23199786245822906,455877,0.0,0.0
2010-01-04 00:00:00+08:00,0.23398107423255185,0.2359638810157776,0.23398107423255185,0.2359638810157776,1477891,0.0,0.0
2010-01-05 00:00:00+08:00,0.23596379367262818,0.24191223688089641,0.23596379367262818,0.23794659972190857,2103397,0.0,0.0
2010-01-06 00:00:00+08:00,0.23992957263967848,0.241912379860878,0.23992957263967848,0.241912379860878,1856375,0.0,0.0
2010-01-07 00:00:00+08:00,0.24389552217260468,0.24786116019684865,0.24389552217260468,0.24587835371494293,2838102,0.0,0.0
2010-01-08 00:00:00+08:00,0.24786116019684865,0.24786116019684865,0.24587835371494293,0.24587835371494293,2023883,0.0,0.0
2010-01-11 00:00:00+08:00,0.2478610963480543,0.2518267333507538,0.24587829037691764,0.2518267333507538,1975115,0.0,0.0
2010-01-12 00:00:00+08:00,0.2518269058553825,0.2518269058553825,0.2478612661361694,0.24786126613616943,1001870,0.0,0.0
2010-01-13 00:00:00+08:00,0.2478612661361694,0.2478612661361694,0.24587845880678452,0.24786126613616943,1701589,0.0,0.0
2010-01-14 00:00:00+08:00,0.2478612661361694,0.24984407346555432,0.2478612661361694,0.24786126613616943,555534,0.0,0.0
2010-01-15 00:00:00+08:00,0.2478612661361694,0.24984407346555432,0.24587845880678452,0.24786126613616943,1273276,0.0,0.0
2010-01-18 00:00:00+08:00,0.2498439666787544,0.2498439666787544,0.24587835371494293,0.24587835371494293,840722,0.0,0.0
2010-01-19 00:00:00+08:00,0.2478612661361694,0.24984407346555432,0.24587845880678452,0.24786126613616943,1067601,0.0,0.0
2010-01-20 00:00:00+08:00,0.24786116019684865,0.24786116019684865,0.24587835371494293,0.24587835371494293,851324,0.0,0.0
2010-01-21 00:00:00+08:00,0.24587845880678452,0.24984407346555432,0.24587845880678452,0.24786126613616943,1060180,0.0,0.0
2010-01-22 00:00:00+08:00,0.24587843680712002,0.25380969047546387,0.24191237141523067,0.25380969047546387,7278136,0.0,0.0
2010-01-25 00:00:00+08:00,0.253809653430203,0.253809653430203,0.24786120778205134,0.2498440146446228,836482,0.0,0.0
2010-01-26 00:00:00+08:00,0.24984405983362964,0.24984405983362964,0.241912379860878,0.241912379860878,1750357,0.0,0.0
2010-01-27 00:00:00+08:00,0.24191228966334602,0.24786116019684865,0.24191228966334602,0.24587835371494293,1645399,0.0,0.0
2010-01-28 00:00:00+08:00,0.24587845880678452,0.2478612661361694,0.24587845880678452,0.24786126613616943,686996,0.0,0.0
2010-01-29 00:00:00+08:00,0.2419123720220422,0.24587843742388,0.2419123720220422,0.24389560520648956,1218147,0.0,0.0
2010-02-01 00:00:00+08:00,0.24389561310958927,0.24389561310958927,0.241912379860878,0.241912379860878,560835,0.0,0.0
2010-02-02 00:00:00+08:00,0.24389560520648954,0.24389560520648954,0.2419123720220422,0.24389560520648956,450576,0.0,0.0
2010-02-03 00:00:00+08:00,0.24389560520648954,0.24587843742388,0.24389560520648954,0.24389560520648956,267165,0.0,0.0
2010-02-04 00:00:00+08:00,0.24389561310958927,0.24389561310958927,0.241912379860878,0.241912379860878,538571,0.0,0.0
2010-02-05 00:00:00+08:00,0.23992948234081268,0.23992948234081268,0.23794665080542157,0.23992948234081268,1596631,0.0,0.0
2010-02-08 00:00:00+08:00,0.23992956486509281,0.24587843742388,0.23992956486509281,0.24389560520648956,944620,0.0,0.0
2010-02-09 00:00:00+08:00,0.241912379860878,0.241912379860878,0.23992957263967848,0.241912379860878,253383,0.0,0.0
2010-02-10 00:00:00+08:00,0.24389561310958927,0.24587844539123063,0.241912379860878,0.241912379860878,522668,0.0,0.0
2010-02-11 00:00:00+08:00,0.241912379860878,0.24587844539123063,0.241912379860878,0.241912379860878,261864,0.0,0.0
2010-02-12 00:00:00+08:00,0.2419123720220422,0.24389560520648954,0.2419123720220422,0.24389560520648956,618085,0.0,0.0
2010-02-17 00:00:00+08:00,0.24587835371494293,0.24587835371494293,0.24389552217260468,0.24587835371494293,579918,0.0,0.0
2010-02-18 00:00:00+08:00,0.24587843742388,0.24587843742388,0.24389560520648954,0.24389560520648956,1090925,0.0,0.0
2010-02-19 00:00:00+08:00,0.24389561310958927,0.24389561310958927,0.241912379860878,0.241912379860878,551293,0.0,0.0
2010-02-22 00:00:00+08:00,0.24389552217260468,0.24587835371494293,0.24389552217260468,0.24587835371494293,946740,0.0,0.0
2010-02-23 00:00:00+08:00,0.24587835371494293,0.24587835371494293,0.24389552217260468,0.24587835371494293,574617,0.0,0.0
2010-02-24 00:00:00+08:00,0.24587835371494293,0.24587835371494293,0.24389552217260468,0.24587835371494293,241721,0.0,0.0
2010-02-25 00:00:00+08:00,0.24389560520648954,0.24587843742388,0.24389560520648954,0.24389560520648956,1531960,0.0,0.0
2010-02-26 00:00:00+08:00,0.24191223688089641,0.24191223688089641,0.23794659972190857,0.23794659972190857,831181,0.0,0.0
2010-03-01 00:00:00+08:00,0.241912379860878,0.241912379860878,0.23992957263967848,0.241912379860878,351979,0.0,0.0
2010-03-02 00:00:00+08:00,0.241912379860878,0.241912379860878,0.23992957263967848,0.241912379860878,446335,0.0,0.0
2010-03-03 00:00:00+08:00,0.241912379860878,0.24389561310958927,0.23992957263967848,0.241912379860878,120860,0.0,0.0
2010-03-04 00:00:00+08:00,0.241912379860878,0.241912379860878,0.23992957263967848,0.241912379860878,846023,0.0,0.0
2010-03-05 00:00:00+08:00,0.24191228966334602,0.24786116019684865,0.24191228966334602,0.24587835371494293,2426752,0.0,0.0
2010-03-08 00:00:00+08:00,0.24587843742388,0.24587843742388,0.2419123720220422,0.24389560520648956,826940,0.0,0.0
2010-03-09 00:00:00+08:00,0.24587843742388,0.24587843742388,0.2419123720220422,0.24389560520648956,665793,0.0,0.0
2010-03-10 00:00:00+08:00,0.24389561310958927,0.24389561310958927,0.241912379860878,0.241912379860878,674274,0.0,0.0
2010-03-11 00:00:00+08:00,0.24389560520648954,0.24389560520648954,0.2419123720220422,0.24389560520648956,257623,0.0,0.0
2010-03-12 00:00:00+08:00,0.24389561310958927,0.24389561310958927,0.241912379860878,0.241912379860878,478141,0.0,0.0
2010-03-15 00:00:00+08:00,0.24389561310958927,0.24389561310958927,0.241912379860878,0.241912379860878,113439,0.0,0.0
2010-03-16 00:00:00+08:00,0.24389561310958927,0.24389561310958927,0.241912379860878,0.241912379860878,366822,0.0,0.0
2010-03-17 00:00:00+08:00,0.241912379860878,0.24389561310958927,0.241912379860878,0.241912379860878,338197,0.0,0.0
2010-03-18 00:00:00+08:00,0.24389560520648954,0.24389560520648954,0.2419123720220422,0.24389560520648956,861926,0.0,0.0
2010-03-19 00:00:00+08:00,0.2438955689964711,0.24984401464462277,0.2438955689964711,0.2498440146446228,3420141,0.0,0.0
2010-03-22 00:00:00+08:00,0.2478612661361694,0.24984407346555432,0.24587845880678452,0.24786126613616943,1322044,0.0,0.0
2010-03-23 00:00:00+08:00,0.24786124458082937,0.24786124458082937,0.24389560520648954,0.24389560520648956,592640,0.0,0.0
2010-03-24 00:00:00+08:00,0.24786125261243014,0.24786125261243014,0.241912379860878,0.241912379860878,1273276,0.0,0.0
2010-03-25 00:00:00+08:00,0.24389560520648954,0.24389560520648954,0.2419123720220422,0.24389560520648956,288369,0.0,0.0
2010-03-26 00:00:00+08:00,0.24389560520648954,0.24587843742388,0.24389560520648954,0.24389560520648956,170689,0.0,0.0
2010-03-29 00:00:00+08:00,0.24389561310958927,0.24389561310958927,0.241912379860878,0.241912379860878,1544682,0.0,0.0
2010-03-30 00:00:00+08:00,0.24389561310958927,0.24587844539123063,0.241912379860878,0.241912379860878,1628436,0.0,0.0
2010-03-31 00:00:00+08:00,0.24389552131808148,0.24389552131808148,0.23992948234081268,0.23992948234081268,2597441,0.0,0.0
2010-04-01 00:00:00+08:00,0.24191228881577134,0.24191228881577134,0.23992948234081268,0.23992948234081268,2525349,0.0,0.0
2010-04-05 00:00:00+08:00,0.24191228881577134,0.24191228881577134,0.23992948234081268,0.23992948234081268,1122730,0.0,0.0
2010-04-06 00:00:00+08:00,0.241912379860878,0.24389561310958927,0.241912379860878,0.241912379860878,2074772,0.0,0.0
2010-04-07 00:00:00+08:00,0.241912379860878,0.24389561310958927,0.241912379860878,0.241912379860878,836482,0.0,0.0
2010-04-08 00:00:00+08:00,0.24389561310958927,0.24389561310958927,0.241912379860878,0.241912379860878,314873,0.0,0.0
2010-04-09 00:00:00+08:00,0.2419123720220422,0.24389560520648954,0.2419123720220422,0.24389560520648956,571437,0.0,0.0
2010-04-12 00:00:00+08:00,0.24389561310958927,0.24389561310958927,0.241912379860878,0.241912379860878,638228,0.0,0.0
2010-04-13 00:00:00+08:00,0.241912379860878,0.24389561310958927,0.241912379860878,0.241912379860878,354100,0.0,0.0
2010-04-14 00:00:00+08:00,0.24389561310958927,0.24389561310958927,0.241912379860878,0.241912379860878,1630557,0.0,0.0
2010-04-15 00:00:00+08:00,0.24389561310958927,0.24389561310958927,0.241912379860878,0.241912379860878,1513937,0.0,0.0
2010-04-16 00:00:00+08:00,0.24191228881577134,0.24389552131808148,0.23992948234081268,0.23992948234081268,919176,0.0,0.0
2010-04-19 00:00:00+08:00,0.24191228881577134,0.24191228881577134,0.23992948234081268,0.23992948234081268,758028,0.0,0.0
2010-04-20 00:00:00+08:00,0.241912379860878,0.241912379860878,0.241912379860878,0.241912379860878,781352,0.0,0.0
2010-04-21 00:00:00+08:00,0.241912379860878,0.241912379860878,0.23992957263967848,0.241912379860878,884190,0.0,0.0
2010-04-22 00:00:00+08:00,0.23992948234081268,0.24191228881577134,0.23992948234081268,0.23992948234081268,1309322,0.0,0.0
2010-04-23 00:00:00+08:00,0.241912379860878,0.241912379860878,0.23992957263967848,0.241912379860878,414530,0.0,0.0
2010-04-26 00:00:00+08:00,0.241912379860878,0.241912379860878,0.23992957263967848,0.241912379860878,767570,0.0,0.0
2010-04-27 00:00:00+08:00,0.24191228881577134,0.24191228881577134,0.23992948234081268,0.23992948234081268,349859,0.0,0.0
2010-04-28 00:00:00+08:00,0.23992948234081268,0.24191228881577134,0.23992948234081268,0.23992948234081268,575677,0.0,0.0
2010-04-29 00:00:00+08:00,0.24191228881577134,0.24191228881577134,0.23992948234081268,0.23992948234081268,569316,0.0,0.0
2010-04-30 00:00:00+08:00,0.24191228881577134,0.24389552131808148,0.23992948234081268,0.23992948234081268,570376,0.0,0.0
2010-05-03 00:00:00+08:00,0.24191228881577134,0.24191228881577134,0.23992948234081268,0.23992948234081268,589460,0.0,0.0
2010-05-04 00:00:00+08:00,0.241912379860878,0.241912379860878,0.23992957263967848,0.241912379860878,812098,0.0,0.0
2010-05-05 00:00:00+08:00,0.23992948234081268,0.23992948234081268,0.23794665080542157,0.23992948234081268,733644,0.0,0.0
2010-05-06 00:00:00+08:00,0.23992943083161603,0.23992943083161603,0.23596379367262818,0.23794659972190857,1763079,0.0,0.0
2010-05-07 00:00:00+08:00,0.2359639024117174,0.2359639024117174,0.23199786245822906,0.23199786245822906,2937759,0.0,0.0
2010-05-10 00:00:00+08:00,0.23794659972190857,0.23794659972190857,0.23596379367262818,0.23794659972190857,913875,0.0,0.0
2010-05-11 00:00:00+08:00,0.23794668779900333,0.23992951964266537,0.2359638810157776,0.2359638810157776,254443,0.0,0.0
2010-05-12 00:00:00+08:00,0.23794665080542157,0.23992948234081268,0.23794665080542157,0.23992948234081268,350919,0.0,0.0
2010-05-13 00:00:00+08:00,0.23992943083161603,0.23992943083161603,0.23794659972190857,0.23794659972190857,308512,0.0,0.0
2010-05-14 00:00:00+08:00,0.23794665080542157,0.23992948234081268,0.23794665080542157,0.23992948234081268,375303,0.0,0.0
2010-05-17 00:00:00+08:00,0.23794668779900333,0.23794668779900333,0.2359638810157776,0.2359638810157776,610663,0.0,0.0
2010-05-18 00:00:00+08:00,0.23794668779900333,0.23794668779900333,0.2359638810157776,0.2359638810157776,186591,0.0,0.0
2010-05-19 00:00:00+08:00,0.2359638810157776,0.2359638810157776,0.23398107423255185,0.2359638810157776,404988,0.0,0.0
2010-05-20 00:00:00+08:00,0.23596390972950934,0.23596390972950934,0.23398110270500183,0.23398110270500183,1205424,0.0,0.0
2010-05-21 00:00:00+08:00,0.23398109544870138,0.23398109544870138,0.23001503043477442,0.23199786245822906,1355970,0.0,0.0
2010-05-24 00:00:00+08:00,0.23398107423255185,0.23794668779900333,0.23398107423255185,0.2359638810157776,630807,0.0,0.0
2010-05-25 00:00:00+08:00,0.2359639024117174,0.2359639024117174,0.23199786245822906,0.23199786245822906,1170438,0.0,0.0
2010-05-26 00:00:00+08:00,0.23199786245822906,0.23398109544870138,0.23001503043477442,0.23199786245822906,1516057,0.0,0.0
2010-05-27 00:00:00+08:00,0.23199786965302482,0.23596390972950934,0.23199786965302482,0.23398110270500183,639288,0.0,0.0
2010-05-31 00:00:00+08:00,0.2359638810157776,0.2359638810157776,0.23398107423255185,0.2359638810157776,495104,0.0,0.0
2010-06-01 00:00:00+08:00,0.2359638810157776,0.2359638810157776,0.23398107423255185,0.2359638810157776,177050,0.0,0.0
2010-06-02 00:00:00+08:00,0.23794659972190857,0.23794659972190857,0.23596379367262818,0.23794659972190857,224758,0.0,0.0
2010-06-03 00:00:00+08:00,0.23794659972190857,0.23992943083161603,0.23596379367262818,0.23794659972190857,1172559,0.0,0.0
2010-06-04 00:00:00+08:00,0.24042451884958585,0.24042451884958585,0.23638350563608204,0.23840422928333282,665793,0.0105,0.0
2010-06-07 00:00:00+08:00,0.23638354241847992,0.2384042663801649,0.23638354241847992,0.23638354241847992,248082,0.0,0.0
2010-06-08 00:00:00+08:00,0.23638354241847992,0.2384042663801649,0.23638354241847992,0.23638354241847992,361521,0.0,0.0
2010-06-09 00:00:00+08:00,0.23840422928333282,0.24042451884958585,0.23638350563608204,0.23840422928333282,261864,0.0,0.0
2010-06-10 00:00:00+08:00,0.24042446453698688,0.24244475364685059,0.23840417542712317,0.24244475364685059,374243,0.0,0.0
2010-06-11 00:00:00+08:00,0.24244480841583885,0.24244480841583885,0.23840422928333282,0.23840422928333282,275646,0.0,0.0
2010-06-14 00:00:00+08:00,0.24042446453698688,0.24244475364685059,0.23840417542712317,0.24244475364685059,270345,0.0,0.0
2010-06-15 00:00:00+08:00,0.24042451884958585,0.24244480841583885,0.23840422928333282,0.23840422928333282,181290,0.0,0.0
2010-06-16 00:00:00+08:00,0.24042451884958585,0.24244480841583885,0.23840422928333282,0.23840422928333282,595821,0.0,0.0
2010-06-17 00:00:00+08:00,0.24042451884958585,0.24042451884958585,0.23840422928333282,0.23840422928333282,324415,0.0,0.0
2010-06-18 00:00:00+08:00,0.24042449354360912,0.24446509778499603,0.23840420419000247,0.24446509778499603,2209415,0.0,0.0
2010-06-21 00:00:00+08:00,0.24446506829088485,0.24446506829088485,0.24042446453698688,0.24244475364685059,596881,0.0,0.0
2010-06-22 00:00:00+08:00,0.24042446453698688,0.24244475364685059,0.24042446453698688,0.24244475364685059,155846,0.0,0.0
2010-06-23 00:00:00+08:00,0.24042452871799472,0.24042452871799472,0.24042452871799472,0.2404245287179947,276707,0.0,0.0
2010-06-24 00:00:00+08:00,0.24042446453698688,0.24244475364685059,0.24042446453698688,0.24244475364685059,253383,0.0,0.0
2010-06-25 00:00:00+08:00,0.24244481836717205,0.24244481836717205,0.24042452871799472,0.2404245287179947,316993,0.0,0.0
2010-06-28 00:00:00+08:00,0.24446506829088485,0.24446506829088485,0.24042446453698688,0.24244475364685059,428312,0.0,0.0
2010-06-29 00:00:00+08:00,0.24446513355052676,0.24446513355052676,0.24042452871799472,0.2404245287179947,544932,0.0,0.0
2010-06-30 00:00:00+08:00,0.24042451884958585,0.24042451884958585,0.23840422928333282,0.23840422928333282,585219,0.0,0.0
2010-07-01 00:00:00+08:00,0.24042451884958585,0.24042451884958585,0.23840422928333282,0.23840422928333282,279887,0.0,0.0
2010-07-02 00:00:00+08:00,0.23840422928333282,0.23840422928333282,0.23840422928333282,0.23840422928333282,124041,0.0,0.0
2010-07-05 00:00:00+08:00,0.24042451884958585,0.24042451884958585,0.23840422928333282,0.23840422928333282,187651,0.0,0.0
2010-07-06 00:00:00+08:00,0.23840423906881736,0.24042452871799472,0.23840423906881736,0.2404245287179947,376363,0.0,0.0
2010-07-07 00:00:00+08:00,0.24042452871799472,0.24042452871799472,0.24042452871799472,0.2404245287179947,367882,0.0,0.0
2010-07-08 00:00:00+08:00,0.24042452871799472,0.24244481836717205,0.24042452871799472,0.2404245287179947,108138,0.0,0.0
2010-07-09 00:00:00+08:00,0.24244481836717205,0.24244481836717205,0.24042452871799472,0.2404245287179947,278827,0.0,0.0
2010-07-12 00:00:00+08:00,0.24042446453698688,0.24244475364685059,0.24042446453698688,0.24244475364685059,116619,0.0,0.0
2010-07-13 00:00:00+08:00,0.24244475364685059,0.24244475364685059,0.24042446453698688,0.24244475364685059,41347,0.0,0.0
2010-07-14 00:00:00+08:00,0.24244481836717205,0.24244481836717205,0.23840423906881736,0.2404245287179947,2226378,0.0,0.0
2010-07-15 00:00:00+08:00,0.24042452871799472,0.24042452871799472,0.24042452871799472,0.2404245287179947,733644,0.0,0.0
2010-07-16 00:00:00+08:00,0.24244481836717205,0.24244481836717205,0.24042452871799472,0.2404245287179947,76332,0.0,0.0
2010-07-19 00:00:00+08:00,0.24244481836717205,0.24244481836717205,0.24042452871799472,0.2404245287179947,491923,0.0,0.0
2010-07-20 00:00:00+08:00,0.24244475364685059,0.24244475364685059,0.24042446453698688,0.24244475364685059,494043,0.0,0.0
2010-07-21 00:00:00+08:00,0.24244475364685059,0.24446506829088485,0.24244475364685059,0.24244475364685059,103897,0.0,0.0
2010-07-22 00:00:00+08:00,0.24244475364685059,0.24446506829088485,0.24244475364685059,0.24244475364685059,129341,0.0,0.0
2010-07-23 00:00:00+08:00,0.24244475364685059,0.24446506829088485,0.24244475364685059,0.24244475364685059,198253,0.0,0.0
2010-07-26 00:00:00+08:00,0.24244478289721574,0.24446509778499603,0.24244478289721574,0.24446509778499603,309572,0.0,0.0
2010-07-27 00:00:00+08:00,0.24446509778499603,0.24446509778499603,0.24446509778499603,0.24446509778499603,444215,0.0,0.0
2010-07-28 00:00:00+08:00,0.24648547172546387,0.24648547172546387,0.24244486609745508,0.24648547172546387,410289,0.0,0.0
2010-07-29 00:00:00+08:00,0.24446508638593334,0.248506098985672,0.24446508638593334,0.248506098985672,991268,0.0,0.0
2010-07-30 00:00:00+08:00,0.248506098985672,0.248506098985672,0.24648537564533674,0.248506098985672,1429122,0.0,0.0
2010-08-02 00:00:00+08:00,0.24648537564533674,0.25052641377924784,0.24648537564533674,0.248506098985672,866167,0.0,0.0
2010-08-03 00:00:00+08:00,0.24850619585347813,0.24850619585347813,0.24648547172546387,0.24648547172546387,198253,0.0,0.0
2010-08-04 00:00:00+08:00,0.24648537564533674,0.248506098985672,0.24648537564533674,0.248506098985672,222637,0.0,0.0
2010-08-05 00:00:00+08:00,0.24648537564533674,0.248506098985672,0.24648537564533674,0.248506098985672,469659,0.0,0.0
2010-08-06 00:00:00+08:00,0.24648537564533674,0.25052641377924784,0.24648537564533674,0.248506098985672,1170438,0.0,0.0
2010-08-10 00:00:00+08:00,0.24648547172546387,0.24648547172546387,0.2444651816785507,0.24648547172546387,1112129,0.0,0.0
2010-08-11 00:00:00+08:00,0.24850619585347813,0.24850619585347813,0.2444651816785507,0.24648547172546387,471780,0.0,0.0
2010-08-12 00:00:00+08:00,0.24648547172546387,0.24648547172546387,0.2444651816785507,0.24648547172546387,570376,0.0,0.0
2010-08-13 00:00:00+08:00,0.24648547172546387,0.24850619585347813,0.2444651816785507,0.24648547172546387,752727,0.0,0.0
2010-08-16 00:00:00+08:00,0.24648537564533674,0.248506098985672,0.24648537564533674,0.248506098985672,467539,0.0,0.0
2010-08-17 00:00:00+08:00,0.24850619585347813,0.24850619585347813,0.24648547172546387,0.24648547172546387,289429,0.0,0.0
2010-08-18 00:00:00+08:00,0.248506098985672,0.248506098985672,0.24648537564533674,0.248506098985672,206735,0.0,0.0
2010-08-19 00:00:00+08:00,0.248506098985672,0.248506098985672,0.24648537564533674,0.248506098985672,143124,0.0,0.0
2010-08-20 00:00:00+08:00,0.2485062019985692,0.2505265176296234,0.24648547782058622,0.2505265176296234,781352,0.0,0.0
2010-08-23 00:00:00+08:00,0.248506098985672,0.25052641377924784,0.248506098985672,0.248506098985672,732584,0.0,0.0
2010-08-24 00:00:00+08:00,0.248506098985672,0.248506098985672,0.248506098985672,0.248506098985672,379544,0.0,0.0
2010-08-25 00:00:00+08:00,0.2489716112613678,0.2489716112613678,0.24691405352644577,0.2489716112613678,552353,0.0105,0.0
2010-08-26 00:00:00+08:00,0.2469140738248825,0.2489716317289533,0.2469140738248825,0.2469140738248825,838602,0.0,0.0
2010-08-27 00:00:00+08:00,0.24691406824106074,0.24897162609860102,0.24485653638839722,0.24485653638839722,569316,0.0,0.0
2010-08-30 00:00:00+08:00,0.2489716317289533,0.2489716317289533,0.24485654192568906,0.2469140738248825,180230,0.0,0.0
2010-08-31 00:00:00+08:00,0.24691406824106074,0.24691406824106074,0.24485653638839722,0.24485653638839722,1086684,0.0,0.0
2010-09-01 00:00:00+08:00,0.24485654192568906,0.2469140738248825,0.24485654192568906,0.2469140738248825,141003,0.0,0.0
2010-09-02 00:00:00+08:00,0.2469140738248825,0.2469140738248825,0.2469140738248825,0.2469140738248825,536451,0.0,0.0
2010-09-03 00:00:00+08:00,0.2469140738248825,0.2469140738248825,0.2469140738248825,0.2469140738248825,394387,0.0,0.0
2010-09-06 00:00:00+08:00,0.24691405352644577,0.2489716112613678,0.24691405352644577,0.2489716112613678,233239,0.0,0.0
2010-09-07 00:00:00+08:00,0.2489716112613678,0.2489716112613678,0.24691405352644577,0.2489716112613678,61490,0.0,0.0
2010-09-08 00:00:00+08:00,0.2469140738248825,0.2469140738248825,0.2469140738248825,0.2469140738248825,64670,0.0,0.0
2010-09-09 00:00:00+08:00,0.24691405352644577,0.2489716112613678,0.24691405352644577,0.2489716112613678,467539,0.0,0.0
2010-09-13 00:00:00+08:00,0.2489716112613678,0.25102914299141466,0.24691405352644577,0.2489716112613678,358340,0.0,0.0
2010-09-14 00:00:00+08:00,0.25102916362814676,0.25102916362814676,0.2469140738248825,0.2469140738248825,306392,0.0,0.0
2010-09-15 00:00:00+08:00,0.25102916362814676,0.25102916362814676,0.2469140738248825,0.2469140738248825,580978,0.0,0.0
2010-09-16 00:00:00+08:00,0.2489716317289533,0.2489716317289533,0.2469140738248825,0.2469140738248825,660492,0.0,0.0
2010-09-17 00:00:00+08:00,0.24691413242378088,0.25102922320365906,0.24691413242378088,0.25102922320365906,570376,0.0,0.0
2010-09-20 00:00:00+08:00,0.25102914299141466,0.25102914299141466,0.24691405352644577,0.2489716112613678,672154,0.0,0.0
2010-09-21 00:00:00+08:00,0.24897169081616172,0.25102922320365906,0.24691413242378088,0.25102922320365906,395447,0.0,0.0
2010-09-22 00:00:00+08:00,0.2489716317289533,0.25102916362814676,0.2469140738248825,0.2469140738248825,2324975,0.0,0.0
2010-09-23 00:00:00+08:00,0.24691405352644577,0.2489716112613678,0.24691405352644577,0.2489716112613678,487682,0.0,0.0
2010-09-24 00:00:00+08:00,0.2489716112613678,0.2489716112613678,0.24691405352644577,0.2489716112613678,421951,0.0,0.0
2010-09-27 00:00:00+08:00,0.2489716112613678,0.25102914299141466,0.2489716112613678,0.2489716112613678,262924,0.0,0.0
2010-09-28 00:00:00+08:00,0.2489716112613678,0.25102914299141466,0.2489716112613678,0.2489716112613678,339257,0.0,0.0
2010-09-29 00:00:00+08:00,0.25102922320365906,0.25102922320365906,0.24897169081616172,0.25102922320365906,891611,0.0,0.0
2010-09-30 00:00:00+08:00,0.25102922320365906,0.25102922320365906,0.24897169081616172,0.25102922320365906,2766010,0.0,0.0
2010-10-01 00:00:00+08:00,0.2489716112613678,0.25102914299141466,0.2489716112613678,0.2489716112613678,411349,0.0,0.0
2010-10-04 00:00:00+08:00,0.25102916362814676,0.25102916362814676,0.2469140738248825,0.2469140738248825,1543622,0.0,0.0
2010-10-05 00:00:00+08:00,0.24691405352644577,0.2489716112613678,0.24691405352644577,0.2489716112613678,479201,0.0,0.0
2010-10-06 00:00:00+08:00,0.2489716112613678,0.2489716112613678,0.24691405352644577,0.2489716112613678,1046397,0.0,0.0
2010-10-07 00:00:00+08:00,0.2489716317289533,0.2489716317289533,0.2469140738248825,0.2469140738248825,289429,0.0,0.0
2010-10-08 00:00:00+08:00,0.2489716112613678,0.2489716112613678,0.24691405352644577,0.2489716112613678,345618,0.0,0.0
2010-10-11 00:00:00+08:00,0.24897169081616172,0.25102922320365906,0.24691413242378088,0.25102922320365906,747427,0.0,0.0
2010-10-12 00:00:00+08:00,0.2489716112613678,0.25102914299141466,0.2489716112613678,0.2489716112613678,1054879,0.0,0.0
2010-10-13 00:00:00+08:00,0.2489716112613678,0.25102914299141466,0.2489716112613678,0.2489716112613678,174929,0.0,0.0
2010-10-14 00:00:00+08:00,0.25102914299141466,0.25102914299141466,0.24691405352644577,0.2489716112613678,1329465,0.0,0.0
2010-10-15 00:00:00+08:00,0.2489716112613678,0.25102914299141466,0.2489716112613678,0.2489716112613678,953101,0.0,0.0
2010-10-18 00:00:00+08:00,0.2489716112613678,0.25102914299141466,0.2489716112613678,0.2489716112613678,452696,0.0,0.0
2010-10-19 00:00:00+08:00,0.24897169081616172,0.25102922320365906,0.24897169081616172,0.25102922320365906,684876,0.0,0.0
2010-10-20 00:00:00+08:00,0.2489716317289533,0.2489716317289533,0.2469140738248825,0.2469140738248825,1063360,0.0,0.0
2010-10-21 00:00:00+08:00,0.2469140738248825,0.25102916362814676,0.2469140738248825,0.2469140738248825,4498344,0.0,0.0
2010-10-22 00:00:00+08:00,0.2469140738248825,0.2489716317289533,0.2469140738248825,0.2469140738248825,2019643,0.0,0.0
2010-10-25 00:00:00+08:00,0.24691406824106074,0.24897162609860102,0.24485653638839722,0.24485653638839722,2318614,0.0,0.0
2010-10-26 00:00:00+08:00,0.24485654192568906,0.2469140738248825,0.24485654192568906,0.2469140738248825,654131,0.0,0.0
2010-10-27 00:00:00+08:00,0.24691405352644577,0.2489716112613678,0.24691405352644577,0.2489716112613678,593700,0.0,0.0
2010-10-28 00:00:00+08:00,0.2489716112613678,0.2489716112613678,0.24691405352644577,0.2489716112613678,201434,0.0,0.0
2010-10-29 00:00:00+08:00,0.24897169081616172,0.25102922320365906,0.24691413242378088,0.25102922320365906,684876,0.0,0.0
2010-11-01 00:00:00+08:00,0.25102914299141466,0.25102914299141466,0.2489716112613678,0.2489716112613678,205674,0.0,0.0
2010-11-02 00:00:00+08:00,0.24897169081616172,0.25102922320365906,0.24897169081616172,0.25102922320365906,524789,0.0,0.0
2010-11-03 00:00:00+08:00,0.25102914299141466,0.25102914299141466,0.2489716112613678,0.2489716112613678,160087,0.0,0.0
2010-11-04 00:00:00+08:00,0.2489716112613678,0.25102914299141466,0.2489716112613678,0.2489716112613678,90115,0.0,0.0
2010-11-08 00:00:00+08:00,0.25102922320365906,0.2530871976741759,0.25102922320365906,0.25102922320365906,1231929,0.0,0.0
2010-11-09 00:00:00+08:00,0.2530871629714966,0.2530871629714966,0.251029188783164,0.2530871629714966,1755658,0.0,0.0
2010-11-10 00:00:00+08:00,0.2551447560665568,0.2551447560665568,0.25102922320365906,0.25102922320365906,668973,0.0,0.0
2010-11-11 00:00:00+08:00,0.25102914299141466,0.2530871168043397,0.2489716112613678,0.2489716112613678,1559525,0.0,0.0
2010-11-12 00:00:00+08:00,0.25102916362814676,0.25102916362814676,0.2469140738248825,0.2469140738248825,5499154,0.0,0.0
2010-11-15 00:00:00+08:00,0.24691405352644577,0.2489716112613678,0.24485652179639894,0.2489716112613678,3544182,0.0,0.0
2010-11-16 00:00:00+08:00,0.2489716112613678,0.2530871168043397,0.2489716112613678,0.2489716112613678,3095726,0.0,0.0
2010-11-18 00:00:00+08:00,0.25102922320365906,0.25102922320365906,0.24897169081616172,0.25102922320365906,555534,0.0,0.0
2010-11-19 00:00:00+08:00,0.25102914299141466,0.25102914299141466,0.2489716112613678,0.2489716112613678,653070,0.0,0.0
2010-11-22 00:00:00+08:00,0.2489716112613678,0.25102914299141466,0.2489716112613678,0.2489716112613678,1717491,0.0,0.0
2010-11-23 00:00:00+08:00,0.25102922320365906,0.25102922320365906,0.24897169081616172,0.25102922320365906,471780,0.0,0.0
2010-11-24 00:00:00+08:00,0.2489716112613678,0.25102914299141466,0.2489716112613678,0.2489716112613678,1820329,0.0,0.0
2010-11-25 00:00:00+08:00,0.2515423893928528,0.2515423893928528,0.24944628979772723,0.2515423893928528,1498034,0.0105,0.0
2010-11-26 00:00:00+08:00,0.25363855885416003,0.25363855885416003,0.2494463324546814,0.2494463324546814,2275146,0.0,0.0
2010-11-29 00:00:00+08:00,0.24735023250110905,0.25154243240825375,0.24735023250110905,0.2494463324546814,718802,0.0,0.0
2010-11-30 00:00:00+08:00,0.24944631725675195,0.24944631725675195,0.24315754091717812,0.24525366723537445,4522728,0.0,0.0
2010-12-01 00:00:00+08:00,0.24315759265648032,0.24735027006231203,0.23896539211273193,0.23896539211273193,6100276,0.0,0.0
2010-12-02 00:00:00+08:00,0.2389653879179212,0.2389653879179212,0.2305804836231922,0.23267661035060883,7775361,0.0,0.0
2010-12-03 00:00:00+08:00,0.2305804342031479,0.23267656048130417,0.22848433441732346,0.2305804342031479,3663982,0.0,0.0
2010-12-06 00:00:00+08:00,0.23058050630824073,0.23267663324187923,0.22638830542564392,0.22638830542564392,3782722,0.0,0.0
2010-12-07 00:00:00+08:00,0.22638830542564392,0.22848440586694233,0.22429217849200542,0.22638830542564392,3051198,0.0,0.0
2010-12-08 00:00:00+08:00,0.2284843474626541,0.23058044736815553,0.22429212115931793,0.2284843474626541,1564825,0.0,0.0
2010-12-09 00:00:00+08:00,0.22848440586694233,0.22848440586694233,0.22638830542564392,0.22638830542564392,993388,0.0,0.0
2010-12-10 00:00:00+08:00,0.2263882475571527,0.2284843474626541,0.22429212115931793,0.2284843474626541,874648,0.0,0.0
2010-12-13 00:00:00+08:00,0.22848433441732346,0.2305804342031479,0.22848433441732346,0.2305804342031479,547052,0.0,0.0
2010-12-14 00:00:00+08:00,0.2305804342031479,0.2305804342031479,0.22848433441732346,0.2305804342031479,934018,0.0,0.0
2010-12-15 00:00:00+08:00,0.2305804342031479,0.23267656048130417,0.2305804342031479,0.2305804342031479,443155,0.0,0.0
2010-12-16 00:00:00+08:00,0.2305804836231922,0.23267661035060883,0.2305804836231922,0.23267661035060883,137823,0.0,0.0
2010-12-17 00:00:00+08:00,0.23267661443502602,0.23896539211273193,0.23267661443502602,0.23896539211273193,1480011,0.0,0.0
2010-12-20 00:00:00+08:00,0.24106147245712703,0.24106147245712703,0.23686924576759338,0.23686924576759338,429372,0.0,0.0
2010-12-21 00:00:00+08:00,0.23686924576759338,0.23896537235852808,0.23686924576759338,0.23686924576759338,304271,0.0,0.0
2010-12-22 00:00:00+08:00,0.23896537235852808,0.23896537235852808,0.23686924576759338,0.23686924576759338,454817,0.0,0.0
2010-12-23 00:00:00+08:00,0.23896539211273193,0.23896539211273193,0.23686926534851976,0.23896539211273193,146304,0.0,0.0
2010-12-24 00:00:00+08:00,0.23896539211273193,0.23896539211273193,0.23686926534851976,0.23896539211273193,0,0.0,0.0
2010-12-27 00:00:00+08:00,0.23686926534851976,0.23896539211273193,0.23686926534851976,0.23896539211273193,476020,0.0,0.0
2010-12-28 00:00:00+08:00,0.23686926534851976,0.23896539211273193,0.23686926534851976,0.23896539211273193,307452,0.0,0.0
2010-12-29 00:00:00+08:00,0.23896539211273193,0.23896539211273193,0.23686926534851976,0.23896539211273193,178110,0.0,0.0
2010-12-30 00:00:00+08:00,0.23896539211273193,0.23896539211273193,0.23686926534851976,0.23896539211273193,267165,0.0,0.0
2010-12-31 00:00:00+08:00,0.23896539211273193,0.23896539211273193,0.23686926534851976,0.23896539211273193,0,0.0,0.0
2011-01-03 00:00:00+08:00,0.23896539211273193,0.23896539211273193,0.23686926534851976,0.23896539211273193,215216,0.0,0.0
2011-01-04 00:00:00+08:00,0.23896537235852808,0.23896537235852808,0.23686924576759338,0.23686924576759338,566136,0.0,0.0
2011-01-05 00:00:00+08:00,0.23896539211273193,0.2410614923846061,0.23686926534851976,0.23896539211273193,321234,0.0,0.0
2011-01-06 00:00:00+08:00,0.23896537869901083,0.2410614788532257,0.23896537869901083,0.2410614788532257,400748,0.0,0.0
2011-01-07 00:00:00+08:00,0.2410614788532257,0.2410614788532257,0.23896537869901083,0.2410614788532257,200374,0.0,0.0
2011-01-10 00:00:00+08:00,0.2410614923846061,0.2410614923846061,0.23896539211273193,0.23896539211273193,374243,0.0,0.0
2011-01-11 00:00:00+08:00,0.23896539211273193,0.23896539211273193,0.23686926534851976,0.23896539211273193,198253,0.0,0.0
2011-01-12 00:00:00+08:00,0.23896537235852808,0.23896537235852808,0.23686924576759338,0.23686924576759338,542812,0.0,0.0
2011-01-13 00:00:00+08:00,0.23686924576759338,0.23686924576759338,0.23477314566899446,0.23686924576759338,965824,0.0,0.0
2011-01-14 00:00:00+08:00,0.23686926534851976,0.23896539211273193,0.23686926534851976,0.23896539211273193,497224,0.0,0.0
2011-01-17 00:00:00+08:00,0.23896537235852808,0.23896537235852808,0.23477314566899446,0.23686924576759338,357280,0.0,0.0
2011-01-18 00:00:00+08:00,0.23686924576759338,0.23686924576759338,0.23477314566899446,0.23686924576759338,432553,0.0,0.0
2011-01-19 00:00:00+08:00,0.23686924576759338,0.23896537235852808,0.23686924576759338,0.23686924576759338,483442,0.0,0.0
2011-01-20 00:00:00+08:00,0.23686924576759338,0.23896537235852808,0.23686924576759338,0.23686924576759338,268225,0.0,0.0
2011-01-21 00:00:00+08:00,0.23686927427916393,0.23686927427916393,0.23267662320759533,0.2347731739282608,1228748,0.0,0.0
2011-01-24 00:00:00+08:00,0.23477314566899446,0.23896537235852808,0.23477314566899446,0.23686924576759338,612784,0.0,0.0
2011-01-25 00:00:00+08:00,0.23686927427916393,0.23686927427916393,0.2347731739282608,0.2347731739282608,205674,0.0,0.0
2011-01-26 00:00:00+08:00,0.23477314566899446,0.23896537235852808,0.23477314566899446,0.23686924576759338,157966,0.0,0.0
2011-01-27 00:00:00+08:00,0.23686924576759338,0.23896537235852808,0.23686924576759338,0.23686924576759338,460118,0.0,0.0
2011-01-28 00:00:00+08:00,0.23686924576759338,0.23686924576759338,0.23686924576759338,0.23686924576759338,684876,0.0,0.0
2011-01-31 00:00:00+08:00,0.23686924576759338,0.23686924576759338,0.23477314566899446,0.23686924576759338,103897,0.0,0.0
2011-02-01 00:00:00+08:00,0.23686924576759338,0.23686924576759338,0.23686924576759338,0.23686924576759338,201434,0.0,0.0
2011-02-02 00:00:00+08:00,0.23686926534851976,0.23896539211273193,0.23686926534851976,0.23896539211273193,103897,0.0,0.0
2011-02-07 00:00:00+08:00,0.23896539211273193,0.23896539211273193,0.23686926534851976,0.23896539211273193,301091,0.0,0.0
2011-02-08 00:00:00+08:00,0.23686924576759338,0.23686924576759338,0.23686924576759338,0.23686924576759338,326535,0.0,0.0
2011-02-09 00:00:00+08:00,0.23686926534851976,0.23896539211273193,0.23686926534851976,0.23896539211273193,452696,0.0,0.0
2011-02-10 00:00:00+08:00,0.23896537235852808,0.23896537235852808,0.23477314566899446,0.23686924576759338,368942,0.0,0.0
2011-02-11 00:00:00+08:00,0.23686926534851976,0.23896539211273193,0.23477316507664558,0.23896539211273193,555534,0.0,0.0
2011-02-14 00:00:00+08:00,0.23896539211273193,0.23896539211273193,0.23686926534851976,0.23896539211273193,861926,0.0,0.0
2011-02-15 00:00:00+08:00,0.23896539211273193,0.23896539211273193,0.23686926534851976,0.23896539211273193,308512,0.0,0.0
2011-02-16 00:00:00+08:00,0.23896539211273193,0.23896539211273193,0.23686926534851976,0.23896539211273193,367882,0.0,0.0
2011-02-17 00:00:00+08:00,0.23896539211273193,0.23896539211273193,0.23896539211273193,0.23896539211273193,578858,0.0,0.0
2011-02-18 00:00:00+08:00,0.23896539211273193,0.23896539211273193,0.23686926534851976,0.23896539211273193,407109,0.0,0.0
2011-02-21 00:00:00+08:00,0.23896539211273193,0.23896539211273193,0.23686926534851976,0.23896539211273193,539631,0.0,0.0
2011-02-22 00:00:00+08:00,0.23686927427916393,0.23896540112240602,0.2347731739282608,0.2347731739282608,1464108,0.0,0.0
2011-02-23 00:00:00+08:00,0.2373956366106516,0.2373956366106516,0.23311838507652283,0.23311838507652283,1230869,0.0105,0.0
2011-02-24 00:00:00+08:00,0.23311838507652283,0.23311838507652283,0.23097977282427912,0.23311838507652283,698658,0.0,0.0
2011-02-25 00:00:00+08:00,0.23097977282427912,0.23311838507652283,0.23097977282427912,0.23311838507652283,624446,0.0,0.0
2011-02-28 00:00:00+08:00,0.23311838507652283,0.23311838507652283,0.23097977282427912,0.23311838507652283,359401,0.0,0.0
2011-03-01 00:00:00+08:00,0.2331183976911121,0.2352570100590812,0.230979785323143,0.230979785323143,2004800,0.0,0.0
2011-03-02 00:00:00+08:00,0.230979785323143,0.2331183976911121,0.230979785323143,0.230979785323143,252322,0.0,0.0
2011-03-03 00:00:00+08:00,0.2331183976911121,0.2331183976911121,0.230979785323143,0.230979785323143,490863,0.0,0.0
2011-03-04 00:00:00+08:00,0.23097977282427912,0.23311838507652283,0.23097977282427912,0.23311838507652283,201434,0.0,0.0
2011-03-07 00:00:00+08:00,0.230979785323143,0.2331183976911121,0.2288411459255311,0.230979785323143,1117429,0.0,0.0
2011-03-08 00:00:00+08:00,0.23097977282427912,0.23311838507652283,0.23097977282427912,0.23311838507652283,539631,0.0,0.0
2011-03-09 00:00:00+08:00,0.23311838507652283,0.23311838507652283,0.23097977282427912,0.23311838507652283,309572,0.0,0.0
2011-03-10 00:00:00+08:00,0.23311838507652283,0.23311838507652283,0.23097977282427912,0.23311838507652283,269285,0.0,0.0
2011-03-11 00:00:00+08:00,0.23097977282427912,0.23311838507652283,0.22884113354239408,0.23311838507652283,256563,0.0,0.0
2011-03-14 00:00:00+08:00,0.2309797501357696,0.23311836217794332,0.22884111106395721,0.22884111106395721,736825,0.0,0.0
2011-03-15 00:00:00+08:00,0.2288411385104104,0.23097977783872417,0.22456345440915407,0.2267025262117386,1991018,0.0,0.0
2011-03-16 00:00:00+08:00,0.2267025262117386,0.2288411385104104,0.2267025262117386,0.2267025262117386,702899,0.0,0.0
2011-03-17 00:00:00+08:00,0.2267025262117386,0.2267025262117386,0.22456345440915407,0.2267025262117386,614904,0.0,0.0
2011-03-18 00:00:00+08:00,0.22670258155058445,0.22670258155058445,0.22456350922584534,0.22456350922584534,429372,0.0,0.0
2011-03-21 00:00:00+08:00,0.22670249902178352,0.22884111106395721,0.22670249902178352,0.22884111106395721,453757,0.0,0.0
2011-03-22 00:00:00+08:00,0.22884113354239408,0.23311838507652283,0.22884113354239408,0.23311838507652283,730464,0.0,0.0
2011-03-23 00:00:00+08:00,0.23097977282427912,0.23311838507652283,0.23097977282427912,0.23311838507652283,872528,0.0,0.0
2011-03-24 00:00:00+08:00,0.23097977282427912,0.23311838507652283,0.23097977282427912,0.23311838507652283,241721,0.0,0.0
2011-03-25 00:00:00+08:00,0.23525699973106384,0.23525699973106384,0.23311838745698196,0.23525699973106384,121920,0.0,0.0
2011-03-28 00:00:00+08:00,0.23525699732876657,0.23525699732876657,0.23097977282427912,0.23311838507652283,485562,0.0,0.0
2011-03-29 00:00:00+08:00,0.23311838507652283,0.23311838507652283,0.23311838507652283,0.23311838507652283,113439,0.0,0.0
2011-03-30 00:00:00+08:00,0.23311838507652283,0.23525699732876657,0.23311838507652283,0.23311838507652283,332896,0.0,0.0
2011-03-31 00:00:00+08:00,0.23097977282427912,0.23311838507652283,0.22884113354239408,0.23311838507652283,719862,0.0,0.0
2011-04-01 00:00:00+08:00,0.2331183976911121,0.2352570100590812,0.230979785323143,0.230979785323143,292609,0.0,0.0
2011-04-04 00:00:00+08:00,0.23311838507652283,0.23311838507652283,0.23311838507652283,0.23311838507652283,143124,0.0,0.0
2011-04-05 00:00:00+08:00,0.23311838507652283,0.23525699732876657,0.23311838507652283,0.23311838507652283,744246,0.0,0.0
2011-04-06 00:00:00+08:00,0.2331183976911121,0.2331183976911121,0.230979785323143,0.230979785323143,490863,0.0,0.0
2011-04-07 00:00:00+08:00,0.23311838507652283,0.23311838507652283,0.23097977282427912,0.23311838507652283,590520,0.0,0.0
2011-04-08 00:00:00+08:00,0.23311838507652283,0.23311838507652283,0.23311838507652283,0.23311838507652283,294730,0.0,0.0
2011-04-11 00:00:00+08:00,0.23311838507652283,0.23525699732876657,0.23311838507652283,0.23311838507652283,223698,0.0,0.0
2011-04-12 00:00:00+08:00,0.23311838507652283,0.23311838507652283,0.23097977282427912,0.23311838507652283,187651,0.0,0.0
2011-04-13 00:00:00+08:00,0.23311838507652283,0.23311838507652283,0.23097977282427912,0.23311838507652283,953101,0.0,0.0
2011-04-14 00:00:00+08:00,0.23311838507652283,0.23311838507652283,0.23097977282427912,0.23311838507652283,490863,0.0,0.0
2011-04-15 00:00:00+08:00,0.23311838507652283,0.23525699732876657,0.23311838507652283,0.23311838507652283,680635,0.0,0.0
2011-04-18 00:00:00+08:00,0.23311838745698196,0.23525699973106384,0.23311838745698196,0.23525699973106384,168568,0.0,0.0
2011-04-19 00:00:00+08:00,0.23311838507652283,0.23311838507652283,0.23311838507652283,0.23311838507652283,681695,0.0,0.0
2011-04-20 00:00:00+08:00,0.2331183976911121,0.2331183976911121,0.230979785323143,0.230979785323143,73152,0.0,0.0
2011-04-21 00:00:00+08:00,0.23311838507652283,0.23311838507652283,0.23097977282427912,0.23311838507652283,153726,0.0,0.0
2011-04-25 00:00:00+08:00,0.23525699732876657,0.23525699732876657,0.23311838507652283,0.23311838507652283,64670,0.0,0.0
2011-04-26 00:00:00+08:00,0.23311838507652283,0.23311838507652283,0.23097977282427912,0.23311838507652283,110258,0.0,0.0
2011-04-27 00:00:00+08:00,0.230979785323143,0.2331183976911121,0.230979785323143,0.230979785323143,172809,0.0,0.0
2011-04-28 00:00:00+08:00,0.23525699732876657,0.23525699732876657,0.23311838507652283,0.23311838507652283,419831,0.0,0.0
2011-04-29 00:00:00+08:00,0.23525699732876657,0.23525699732876657,0.23097977282427912,0.23311838507652283,852384,0.0,0.0
2011-05-03 00:00:00+08:00,0.2331183976911121,0.2331183976911121,0.2288411459255311,0.230979785323143,1335827,0.0,0.0
2011-05-04 00:00:00+08:00,0.230979785323143,0.230979785323143,0.2288411459255311,0.230979785323143,459058,0.0,0.0
2011-05-05 00:00:00+08:00,0.2309797501357696,0.2309797501357696,0.22884111106395721,0.22884111106395721,963703,0.0,0.0
2011-05-06 00:00:00+08:00,0.2288411385104104,0.2288411385104104,0.2267025262117386,0.2267025262117386,989148,0.0,0.0
2011-05-09 00:00:00+08:00,0.22670253355756198,0.230979785323143,0.22670253355756198,0.230979785323143,332896,0.0,0.0
2011-05-10 00:00:00+08:00,0.2309797501357696,0.2309797501357696,0.22884111106395721,0.22884111106395721,67851,0.0,0.0
2011-05-11 00:00:00+08:00,0.22884111106395721,0.2309797501357696,0.22884111106395721,0.22884111106395721,263984,0.0,0.0
2011-05-12 00:00:00+08:00,0.22884111106395721,0.2309797501357696,0.22884111106395721,0.22884111106395721,119800,0.0,0.0
2011-05-13 00:00:00+08:00,0.230979785323143,0.230979785323143,0.2288411459255311,0.230979785323143,194012,0.0,0.0
2011-05-16 00:00:00+08:00,0.230979785323143,0.230979785323143,0.2288411459255311,0.230979785323143,170689,0.0,0.0
2011-05-18 00:00:00+08:00,0.230979785323143,0.230979785323143,0.2288411459255311,0.230979785323143,114499,0.0,0.0
2011-05-19 00:00:00+08:00,0.230979785323143,0.230979785323143,0.2288411459255311,0.230979785323143,378484,0.0,0.0
2011-05-20 00:00:00+08:00,0.230979785323143,0.230979785323143,0.2288411459255311,0.230979785323143,984907,0.0,0.0
2011-05-23 00:00:00+08:00,0.2309797501357696,0.2309797501357696,0.22884111106395721,0.22884111106395721,320174,0.0,0.0
2011-05-24 00:00:00+08:00,0.22884111106395721,0.2309797501357696,0.22884111106395721,0.22884111106395721,119800,0.0,0.0
2011-05-25 00:00:00+08:00,0.22884111106395721,0.2309797501357696,0.22670249902178352,0.22884111106395721,215216,0.0,0.0
2011-05-26 00:00:00+08:00,0.23097977518290008,0.23525699973106384,0.23097977518290008,0.23525699973106384,431493,0.0,0.0
2011-05-27 00:00:00+08:00,0.23311838507652283,0.2373956366106516,0.23097977282427912,0.23311838507652283,1344308,0.0,0.0
2011-05-30 00:00:00+08:00,0.23311838745698196,0.23525699973106384,0.23311838745698196,0.23525699973106384,703959,0.0,0.0
2011-05-31 00:00:00+08:00,0.23525699973106384,0.23525699973106384,0.23525699973106384,0.23525699973106384,865107,0.0,0.0
2011-06-01 00:00:00+08:00,0.23793413739099334,0.23793413739099334,0.2335685265283273,0.23575134575366974,535390,0.0105,0.0
2011-06-02 00:00:00+08:00,0.2335685265283273,0.23575134575366974,0.2335685265283273,0.23575134575366974,190832,0.0,0.0
2011-06-03 00:00:00+08:00,0.2357513359038638,0.23793412744998932,0.23356851676972062,0.23793412744998932,373183,0.0,0.0
2011-06-06 00:00:00+08:00,0.2357513359038638,0.23793412744998932,0.2357513359038638,0.23793412744998932,181290,0.0,0.0
2011-06-07 00:00:00+08:00,0.2335685265283273,0.23575134575366974,0.2335685265283273,0.23575134575366974,199313,0.0,0.0
2011-06-08 00:00:00+08:00,0.23575133851215996,0.23575133851215996,0.23356851935386658,0.23356851935386658,717741,0.0,0.0
2011-06-09 00:00:00+08:00,0.23356851935386658,0.23575133851215996,0.23356851935386658,0.23356851935386658,219457,0.0,0.0
2011-06-10 00:00:00+08:00,0.23575134575366974,0.23575134575366974,0.2335685265283273,0.23575134575366974,296850,0.0,0.0
2011-06-13 00:00:00+08:00,0.23356851935386658,0.23356851935386658,0.23356851935386658,0.23356851935386658,413470,0.0,0.0
2011-06-14 00:00:00+08:00,0.2335685265283273,0.23575134575366974,0.2313857348910037,0.23575134575366974,300030,0.0,0.0
2011-06-15 00:00:00+08:00,0.23356851935386658,0.23356851935386658,0.23138572778359118,0.23356851935386658,375303,0.0,0.0
2011-06-16 00:00:00+08:00,0.23356855940443338,0.23356855940443338,0.23138576745986938,0.23138576745986938,474960,0.0,0.0
2011-06-17 00:00:00+08:00,0.23138576745986938,0.23356855940443338,0.23138576745986938,0.23138576745986938,1425942,0.0,0.0
2011-06-20 00:00:00+08:00,0.23138576745986938,0.23138576745986938,0.23138576745986938,0.23138576745986938,322294,0.0,0.0
2011-06-21 00:00:00+08:00,0.23138572778359118,0.23356851935386658,0.23138572778359118,0.23356851935386658,184471,0.0,0.0
2011-06-22 00:00:00+08:00,0.23356855940443338,0.23356855940443338,0.23138576745986938,0.23138576745986938,331836,0.0,0.0
2011-06-23 00:00:00+08:00,0.23356855940443338,0.23356855940443338,0.23138576745986938,0.23138576745986938,200374,0.0,0.0
2011-06-24 00:00:00+08:00,0.23356855940443338,0.23356855940443338,0.23138576745986938,0.23138576745986938,196133,0.0,0.0
2011-06-27 00:00:00+08:00,0.23356851935386658,0.23356851935386658,0.23356851935386658,0.23356851935386658,269285,0.0,0.0
2011-06-28 00:00:00+08:00,0.23575134575366974,0.23575134575366974,0.2313857348910037,0.23575134575366974,238540,0.0,0.0
2011-06-29 00:00:00+08:00,0.23575134575366974,0.23575134575366974,0.2335685265283273,0.23575134575366974,170689,0.0,0.0
2011-06-30 00:00:00+08:00,0.23356851935386658,0.23356851935386658,0.23356851935386658,0.23356851935386658,23323,0.0,0.0
2011-07-01 00:00:00+08:00,0.2270196411648749,0.22920244633024456,0.22047123946277364,0.2226540446281433,7220887,0.0,0.0
2011-07-04 00:00:00+08:00,0.22265406832955187,0.22483685993327082,0.218288002331792,0.22047126293182373,3074522,0.0,0.0
2011-07-05 00:00:00+08:00,0.22047119800709297,0.22047119800709297,0.2161051332950592,0.2161051332950592,2167008,0.0,0.0
2011-07-06 00:00:00+08:00,0.2161051332950592,0.2161051332950592,0.21392232854012708,0.2161051332950592,1984657,0.0,0.0
2011-07-07 00:00:00+08:00,0.2161051332950592,0.2161051332950592,0.21392232854012708,0.2161051332950592,1695228,0.0,0.0
2011-07-08 00:00:00+08:00,0.21392232854012708,0.2161051332950592,0.21392232854012708,0.2161051332950592,1135452,0.0,0.0
2011-07-11 00:00:00+08:00,0.2161051332950592,0.2161051332950592,0.21392232854012708,0.2161051332950592,1756718,0.0,0.0
2011-07-12 00:00:00+08:00,0.2139224410057068,0.21610524690820684,0.21173963510320676,0.2139224410057068,1050638,0.0,0.0
2011-07-13 00:00:00+08:00,0.21392236007799473,0.21392236007799473,0.21173955500125885,0.21173955500125885,379544,0.0,0.0
2011-07-14 00:00:00+08:00,0.2117396098566475,0.2139224154988829,0.20955681800842285,0.20955681800842285,3045897,0.0,0.0
2011-07-15 00:00:00+08:00,0.20955681800842285,0.2117396098566475,0.20955681800842285,0.20955681800842285,650950,0.0,0.0
2011-07-18 00:00:00+08:00,0.20955681800842285,0.2117396098566475,0.20955681800842285,0.20955681800842285,332896,0.0,0.0
2011-07-19 00:00:00+08:00,0.20955681800842285,0.20955681800842285,0.20955681800842285,0.20955681800842285,174929,0.0,0.0
2011-07-20 00:00:00+08:00,0.20955681800842285,0.2117396098566475,0.20737401236618744,0.20955681800842285,1184221,0.0,0.0
2011-07-21 00:00:00+08:00,0.20955681800842285,0.2117396098566475,0.20955681800842285,0.20955681800842285,2059930,0.0,0.0
2011-07-22 00:00:00+08:00,0.20955676371853016,0.21173955500125885,0.20955676371853016,0.21173955500125885,768630,0.0,0.0
2011-07-25 00:00:00+08:00,0.2117396098566475,0.2117396098566475,0.20955681800842285,0.20955681800842285,788774,0.0,0.0
2011-07-26 00:00:00+08:00,0.21173963510320676,0.2139224410057068,0.2095568429947191,0.2139224410057068,956282,0.0,0.0
2011-07-27 00:00:00+08:00,0.21173963510320676,0.2139224410057068,0.21173963510320676,0.2139224410057068,801496,0.0,0.0
2011-07-28 00:00:00+08:00,0.21392236007799473,0.21392236007799473,0.20955676371853016,0.21173955500125885,875708,0.0,0.0
2011-07-29 00:00:00+08:00,0.21173963510320676,0.2139224410057068,0.21173963510320676,0.2139224410057068,990208,0.0,0.0
2011-08-01 00:00:00+08:00,0.21392236007799473,0.21392236007799473,0.20955676371853016,0.21173955500125885,1254193,0.0,0.0
2011-08-02 00:00:00+08:00,0.21173955500125885,0.21173955500125885,0.20955676371853016,0.21173955500125885,1380354,0.0,0.0
2011-08-03 00:00:00+08:00,0.21173963510320676,0.2139224410057068,0.21173963510320676,0.2139224410057068,1101527,0.0,0.0
2011-08-04 00:00:00+08:00,0.21392236007799473,0.21392236007799473,0.21173955500125885,0.21173955500125885,919176,0.0,0.0
2011-08-05 00:00:00+08:00,0.21224553942184696,0.21224553942184696,0.20777690747479496,0.21001099050045013,2506265,0.0105,0.0
2011-08-08 00:00:00+08:00,0.2033087549542613,0.2033087549542613,0.1943719569817137,0.19660604000091553,1933768,0.0,0.0
2011-08-10 00:00:00+08:00,0.19660604914272956,0.19884013226581207,0.19213789701461792,0.19213789701461792,3052258,0.0,0.0
2011-08-11 00:00:00+08:00,0.1825227177310182,0.18714341521263123,0.18021236899021167,0.18714341521263123,4353983,0.0,0.0
2011-08-12 00:00:00+08:00,0.18945374683835325,0.18945374683835325,0.18483304977416992,0.18483304977416992,689953,0.0,0.0
2011-08-15 00:00:00+08:00,0.1848330664718247,0.18714341521263123,0.1848330664718247,0.18714341521263123,2033977,0.0,0.0
2011-08-16 00:00:00+08:00,0.18714341521263123,0.18945376395343774,0.18714341521263123,0.18714341521263123,979056,0.0,0.0
2011-08-17 00:00:00+08:00,0.1871433983062616,0.1871433983062616,0.18483304977416992,0.18483304977416992,1005711,0.0,0.0
2011-08-18 00:00:00+08:00,0.18252265453338623,0.18483300247424536,0.18252265453338623,0.18252265453338623,1543936,0.0,0.0
2011-08-19 00:00:00+08:00,0.1802123065925271,0.18252265453338623,0.1802123065925271,0.18252265453338623,2415348,0.0,0.0
2011-08-22 00:00:00+08:00,0.18021239340305328,0.18252274245683597,0.17790157845346702,0.18021239340305328,2022700,0.0,0.0
2011-08-23 00:00:00+08:00,0.1802123065925271,0.18252265453338623,0.1779014927560888,0.18252265453338623,392647,0.0,0.0
2011-08-24 00:00:00+08:00,0.18252265453338623,0.18252265453338623,0.1802123065925271,0.18252265453338623,1182044,0.0,0.0
2011-08-25 00:00:00+08:00,0.1802123065925271,0.18252265453338623,0.1802123065925271,0.18252265453338623,517721,0.0,0.0
2011-08-26 00:00:00+08:00,0.18021239340305328,0.18252274245683597,0.18021239340305328,0.18021239340305328,877563,0.0,0.0
2011-08-29 00:00:00+08:00,0.18021239340305328,0.18252274245683597,0.18021239340305328,0.18021239340305328,118922,0.0,0.0
2011-08-31 00:00:00+08:00,0.18252265453338623,0.18252265453338623,0.1802123065925271,0.18252265453338623,794522,0.0,0.0
2011-09-01 00:00:00+08:00,0.18252274245683597,0.18252274245683597,0.18021239340305328,0.18021239340305328,415202,0.0,0.0
2011-09-02 00:00:00+08:00,0.18252274245683597,0.18252274245683597,0.18021239340305328,0.18021239340305328,1078500,0.0,0.0
2011-09-05 00:00:00+08:00,0.1802123065925271,0.18252265453338623,0.1802123065925271,0.18252265453338623,836555,0.0,0.0
2011-09-06 00:00:00+08:00,0.18252265453338623,0.18252265453338623,0.18252265453338623,0.18252265453338623,719683,0.0,0.0
2011-09-07 00:00:00+08:00,0.18252270124207826,0.18483304977416992,0.18252270124207826,0.18483304977416992,1569566,0.0,0.0
2011-09-08 00:00:00+08:00,0.18483304977416992,0.18483304977416992,0.18483304977416992,0.18483304977416992,130199,0.0,0.0
2011-09-09 00:00:00+08:00,0.18483304977416992,0.18483304977416992,0.18483304977416992,0.18483304977416992,1113356,0.0,0.0
2011-09-12 00:00:00+08:00,0.18483309151061866,0.18483309151061866,0.18021239340305328,0.18021239340305328,1401435,0.0,0.0
2011-09-13 00:00:00+08:00,0.18252265453338623,0.18252265453338623,0.18252265453338623,0.18252265453338623,1207674,0.0,0.0
2011-09-14 00:00:00+08:00,0.18252270124207826,0.18483304977416992,0.18252270124207826,0.18483304977416992,963679,0.0,0.0
2011-09-15 00:00:00+08:00,0.18483300247424536,0.18483300247424536,0.18252265453338623,0.18252265453338623,91241,0.0,0.0
2011-09-16 00:00:00+08:00,0.18483304977416992,0.18483304977416992,0.18483304977416992,0.18483304977416992,1162565,0.0,0.0
2011-09-19 00:00:00+08:00,0.18483304977416992,0.18483304977416992,0.18252270124207826,0.18483304977416992,383421,0.0,0.0
2011-09-20 00:00:00+08:00,0.18483304977416992,0.18483304977416992,0.18252270124207826,0.18483304977416992,409050,0.0,0.0
2011-09-21 00:00:00+08:00,0.18483304977416992,0.18483304977416992,0.18252270124207826,0.18483304977416992,323960,0.0,0.0
2011-09-22 00:00:00+08:00,0.18252265453338623,0.18483300247424536,0.18252265453338623,0.18252265453338623,745313,0.0,0.0
2011-09-23 00:00:00+08:00,0.18252274245683597,0.18252274245683597,0.18021239340305328,0.18021239340305328,2380492,0.0,0.0
2011-09-26 00:00:00+08:00,0.1802123053432076,0.1802123053432076,0.177901491522789,0.177901491522789,1533684,0.0,0.0
2011-09-27 00:00:00+08:00,0.18021239340305328,0.18021239340305328,0.17790157845346702,0.18021239340305328,408025,0.0,0.0
2011-09-28 00:00:00+08:00,0.1802123053432076,0.1802123053432076,0.177901491522789,0.177901491522789,206063,0.0,0.0
2011-09-29 00:00:00+08:00,0.177901491522789,0.177901491522789,0.1755911435979463,0.177901491522789,711482,0.0,0.0
2011-09-30 00:00:00+08:00,0.18021239340305328,0.18021239340305328,0.17790157845346702,0.18021239340305328,168131,0.0,0.0
2011-10-03 00:00:00+08:00,0.18021239442195253,0.18021239442195253,0.17559123039245605,0.17559123039245605,1611599,0.0,0.0
2011-10-04 00:00:00+08:00,0.17790157639916843,0.17790157639916843,0.17097052931785583,0.17097052931785583,1981693,0.0,0.0
2011-10-05 00:00:00+08:00,0.17097052931785583,0.17328087834496003,0.16866018029075164,0.17097052931785583,1046719,0.0,0.0
2011-10-06 00:00:00+08:00,0.1709705161054319,0.17328086495399475,0.1709705161054319,0.17328086495399475,1112331,0.0,0.0
2011-10-07 00:00:00+08:00,0.1709705161054319,0.17328086495399475,0.1709705161054319,0.17328086495399475,2721880,0.0,0.0
2011-10-10 00:00:00+08:00,0.17328086495399475,0.17328086495399475,0.1709705161054319,0.17328086495399475,2607059,0.0,0.0
2011-10-11 00:00:00+08:00,0.17328087834496003,0.17328087834496003,0.17097052931785583,0.17097052931785583,5002929,0.0,0.0
2011-10-12 00:00:00+08:00,0.17097052931785583,0.17328087834496003,0.16866018029075164,0.17097052931785583,1846367,0.0,0.0
2011-10-13 00:00:00+08:00,0.17097052931785583,0.17328087834496003,0.16866018029075164,0.17097052931785583,1910954,0.0,0.0
2011-10-14 00:00:00+08:00,0.17097052931785583,0.17328087834496003,0.17097052931785583,0.17097052931785583,945225,0.0,0.0
2011-10-17 00:00:00+08:00,0.17328087834496003,0.17328087834496003,0.17097052931785583,0.17097052931785583,5205917,0.0,0.0
2011-10-18 00:00:00+08:00,0.17097052931785583,0.17097052931785583,0.17097052931785583,0.17097052931785583,336262,0.0,0.0
2011-10-19 00:00:00+08:00,0.17097052931785583,0.17097052931785583,0.16866018029075164,0.17097052931785583,271675,0.0,0.0
2011-10-20 00:00:00+08:00,0.17097052931785583,0.17097052931785583,0.17097052931785583,0.17097052931785583,1336848,0.0,0.0
2011-10-21 00:00:00+08:00,0.1709705126816919,0.1709705126816919,0.16866016387939453,0.16866016387939453,3489748,0.0,0.0
2011-10-24 00:00:00+08:00,0.17097052931785583,0.17097052931785583,0.17097052931785583,0.17097052931785583,403925,0.0,0.0
2011-10-25 00:00:00+08:00,0.1709705161054319,0.17328086495399475,0.16866016725686908,0.17328086495399475,2461482,0.0,0.0
2011-10-27 00:00:00+08:00,0.1709705322587658,0.17559123039245605,0.1709705322587658,0.17559123039245605,2293351,0.0,0.0
2011-10-28 00:00:00+08:00,0.17559123039245605,0.17559123039245605,0.17328088132561092,0.17559123039245605,4200205,0.0,0.0
2011-10-31 00:00:00+08:00,0.17559121380255757,0.17559121380255757,0.17328086495399475,0.17328086495399475,3381078,0.0,0.0
2011-11-01 00:00:00+08:00,0.17328087834496003,0.17559122737206423,0.17097052931785583,0.17097052931785583,1723345,0.0,0.0
2011-11-02 00:00:00+08:00,0.1709705161054319,0.17328086495399475,0.16866016725686908,0.17328086495399475,2459431,0.0,0.0
2011-11-03 00:00:00+08:00,0.17328087834496003,0.17328087834496003,0.17097052931785583,0.17097052931785583,4600029,0.0,0.0
2011-11-04 00:00:00+08:00,0.17328086495399475,0.17328086495399475,0.17328086495399475,0.17328086495399475,2851054,0.0,0.0
2011-11-08 00:00:00+08:00,0.17328086495399475,0.17559121380255757,0.17328086495399475,0.17328086495399475,30546574,0.0,0.0
2011-11-09 00:00:00+08:00,0.17328086495399475,0.17328086495399475,0.17328086495399475,0.17328086495399475,5518600,0.0,0.0
2011-11-10 00:00:00+08:00,0.17252779006958008,0.17252779006958008,0.17016446156341727,0.17252779006958008,1274311,0.0082,0.0
2011-11-11 00:00:00+08:00,0.17252777936257016,0.17252777936257016,0.17016445100307465,0.17016445100307465,478763,0.0,0.0
2011-11-14 00:00:00+08:00,0.17252777936257016,0.17252777936257016,0.17016445100307465,0.17016445100307465,155828,0.0,0.0
2011-11-15 00:00:00+08:00,0.17016445100307465,0.17252777936257016,0.17016445100307465,0.17016445100307465,1277387,0.0,0.0
2011-11-16 00:00:00+08:00,0.17016447036732749,0.17016447036732749,0.1678011417388916,0.1678011417388916,1580843,0.0,0.0
2011-11-17 00:00:00+08:00,0.1678011417388916,0.17016447036732749,0.1678011417388916,0.1678011417388916,320884,0.0,0.0
2011-11-18 00:00:00+08:00,0.1678011417388916,0.1678011417388916,0.1654373365310018,0.1678011417388916,511570,0.0,0.0
2011-11-21 00:00:00+08:00,0.16780111999242756,0.16780111999242756,0.1607106584465661,0.16307398676872253,3021236,0.0,0.0
2011-11-22 00:00:00+08:00,0.1607106626033783,0.16307399098666267,0.15834733422009392,0.1607106626033783,899092,0.0,0.0
2011-11-23 00:00:00+08:00,0.16307399098666267,0.16307399098666267,0.15834733422009392,0.1607106626033783,2272847,0.0,0.0
2011-11-24 00:00:00+08:00,0.15834733843803406,0.16071066688427105,0.15834733843803406,0.15834733843803406,1540861,0.0,0.0
2011-11-25 00:00:00+08:00,0.15834733843803406,0.15834733843803406,0.15834733843803406,0.15834733843803406,1076449,0.0,0.0
2011-11-28 00:00:00+08:00,0.1583473276568569,0.16071065594218523,0.15598399937152863,0.15598399937152863,568980,0.0,0.0
2011-11-29 00:00:00+08:00,0.15834733843803406,0.15834733843803406,0.15598400999179707,0.15834733843803406,1040568,0.0,0.0
2011-11-30 00:00:00+08:00,0.15834733843803406,0.16071066688427105,0.15834733843803406,0.15834733843803406,555653,0.0,0.0
2011-12-01 00:00:00+08:00,0.1607106626033783,0.1607106626033783,0.1607106626033783,0.1607106626033783,347539,0.0,0.0
2011-12-02 00:00:00+08:00,0.16071066688427105,0.16071066688427105,0.15598400999179707,0.15834733843803406,2439953,0.0,0.0
2011-12-05 00:00:00+08:00,0.15834733422009392,0.1607106626033783,0.15598400583680955,0.1607106626033783,311657,0.0,0.0
2011-12-06 00:00:00+08:00,0.16071065594218523,0.16071065594218523,0.15598399937152863,0.15598399937152863,630492,0.0,0.0
2011-12-07 00:00:00+08:00,0.15834733843803406,0.15834733843803406,0.15598400999179707,0.15834733843803406,410076,0.0,0.0
2011-12-08 00:00:00+08:00,0.1583473276568569,0.1583473276568569,0.15598399937152863,0.15598399937152863,4872730,0.0,0.0
2011-12-09 00:00:00+08:00,0.15598399937152863,0.15598399937152863,0.15598399937152863,0.15598399937152863,2065758,0.0,0.0
2011-12-12 00:00:00+08:00,0.15598399937152863,0.1583473276568569,0.15598399937152863,0.15598399937152863,101493,0.0,0.0
2011-12-13 00:00:00+08:00,0.15598399937152863,0.15598399937152863,0.15598399937152863,0.15598399937152863,734036,0.0,0.0
2011-12-14 00:00:00+08:00,0.15598403381570197,0.15598403381570197,0.15362070500850677,0.15362070500850677,4628734,0.0,0.0
2011-12-15 00:00:00+08:00,0.15362069847291035,0.15362069847291035,0.1488935500383377,0.1488935500383377,1513181,0.0,0.0
2011-12-16 00:00:00+08:00,0.14889355465288884,0.15125737445407123,0.14653022587299347,0.14653022587299347,5018307,0.0,0.0
2011-12-19 00:00:00+08:00,0.1465302176269458,0.15125736594200134,0.1465302176269458,0.15125736594200134,719683,0.0,0.0
2011-12-20 00:00:00+08:00,0.15125736594200134,0.15125736594200134,0.14889354627384388,0.15125736594200134,296280,0.0,0.0
2011-12-21 00:00:00+08:00,0.15125736594200134,0.15362069458889943,0.14889354627384388,0.15125736594200134,670474,0.0,0.0
2011-12-22 00:00:00+08:00,0.15362070500850677,0.15362070500850677,0.15125737620131155,0.15362070500850677,268599,0.0,0.0
2011-12-23 00:00:00+08:00,0.15362067108620034,0.15598399937152863,0.15362067108620034,0.15598399937152863,462360,0.0,0.0
2011-12-27 00:00:00+08:00,0.15598399937152863,0.15598399937152863,0.15598399937152863,0.15598399937152863,198886,0.0,0.0
2011-12-28 00:00:00+08:00,0.15598399937152863,0.15598399937152863,0.15362067108620034,0.15598399937152863,680726,0.0,0.0
2011-12-29 00:00:00+08:00,0.15598399937152863,0.1583473276568569,0.15598399937152863,0.15598399937152863,1115407,0.0,0.0
2011-12-30 00:00:00+08:00,0.15598400999179707,0.15834733843803406,0.15598400999179707,0.15834733843803406,391622,0.0,0.0
2012-01-03 00:00:00+08:00,0.15598400180225325,0.16307398676872253,0.15598400180225325,0.16307398676872253,1447568,0.0,0.0
2012-01-04 00:00:00+08:00,0.16307398676872253,0.16543731509087897,0.1607106584465661,0.16307398676872253,924721,0.0,0.0
2012-01-05 00:00:00+08:00,0.1607106626033783,0.1607106626033783,0.1607106626033783,0.1607106626033783,595635,0.0,0.0
2012-01-06 00:00:00+08:00,0.1607106626033783,0.1607106626033783,0.15834733422009392,0.1607106626033783,271675,0.0,0.0
2012-01-09 00:00:00+08:00,0.16071066688427105,0.16071066688427105,0.15834733843803406,0.15834733843803406,722759,0.0,0.0
2012-01-10 00:00:00+08:00,0.1607106626033783,0.16307399098666267,0.15834733422009392,0.1607106626033783,629466,0.0,0.0
2012-01-11 00:00:00+08:00,0.16307398676872253,0.16307398676872253,0.1607106584465661,0.16307398676872253,59461,0.0,0.0
2012-01-12 00:00:00+08:00,0.1607106584465661,0.16307398676872253,0.1607106584465661,0.16307398676872253,858084,0.0,0.0
2012-01-13 00:00:00+08:00,0.16307398676872253,0.16543731509087897,0.1607106584465661,0.16307398676872253,870386,0.0,0.0
2012-01-16 00:00:00+08:00,0.1654373365310018,0.1678011417388916,0.1630740079025659,0.1678011417388916,1434241,0.0,0.0
2012-01-17 00:00:00+08:00,0.16780112264357913,0.17016445100307465,0.16780112264357913,0.17016445100307465,422378,0.0,0.0
2012-01-18 00:00:00+08:00,0.16780112264357913,0.17016445100307465,0.16780112264357913,0.17016445100307465,1167691,0.0,0.0
2012-01-19 00:00:00+08:00,0.17016446156341727,0.17489111857574288,0.16780113305725447,0.17252779006958008,818101,0.0,0.0
2012-01-20 00:00:00+08:00,0.17252779006958008,0.17489111857574288,0.17016446156341727,0.17252779006958008,1369654,0.0,0.0
2012-01-25 00:00:00+08:00,0.17252779006958008,0.17252779006958008,0.17252779006958008,0.17252779006958008,544376,0.0,0.0
2012-01-26 00:00:00+08:00,0.17016445100307465,0.1748911077220657,0.17016445100307465,0.17016445100307465,445957,0.0,0.0
2012-01-27 00:00:00+08:00,0.17252779006958008,0.17252779006958008,0.17016446156341727,0.17252779006958008,811950,0.0,0.0
2012-01-30 00:00:00+08:00,0.1725278004872193,0.1748911291360855,0.1725278004872193,0.1748911291360855,994434,0.0,0.0
2012-01-31 00:00:00+08:00,0.1748911291360855,0.1748911291360855,0.1725278004872193,0.1748911291360855,590509,0.0,0.0
2012-02-01 00:00:00+08:00,0.1748911291360855,0.1748911291360855,0.1725278004872193,0.1748911291360855,511570,0.0,0.0
2012-02-02 00:00:00+08:00,0.1748911291360855,0.1748911291360855,0.1725278004872193,0.1748911291360855,748389,0.0,0.0
2012-02-03 00:00:00+08:00,0.17489113941482665,0.17725446820259094,0.17252781062706232,0.17725446820259094,1174868,0.0,0.0
2012-02-06 00:00:00+08:00,0.17725446820259094,0.17961779699035524,0.17725446820259094,0.17725446820259094,573081,0.0,0.0
2012-02-07 00:00:00+08:00,0.17961782217025757,0.17961782217025757,0.17725449305118765,0.17961782217025757,1499853,0.0,0.0
2012-02-08 00:00:00+08:00,0.17961782217025757,0.18198115128932751,0.17725449305118765,0.17961782217025757,1375805,0.0,0.0
2012-02-09 00:00:00+08:00,0.17961782217025757,0.18198115128932751,0.17961782217025757,0.17961782217025757,1128734,0.0,0.0
2012-02-10 00:00:00+08:00,0.17961782217025757,0.17961782217025757,0.17725449305118765,0.17961782217025757,1649531,0.0,0.0
2012-02-13 00:00:00+08:00,0.17725449305118765,0.17961782217025757,0.17725449305118765,0.17961782217025757,1030316,0.0,0.0
2012-02-14 00:00:00+08:00,0.17961779699035524,0.18198112577811953,0.17725446820259094,0.17725446820259094,2132396,0.0,0.0
2012-02-15 00:00:00+08:00,0.18131919605195976,0.18131919605195976,0.17890167236328125,0.17890167236328125,1320445,0.0082,0.0
2012-02-16 00:00:00+08:00,0.17890167236328125,0.17890167236328125,0.17890167236328125,0.17890167236328125,1437316,0.0,0.0
2012-02-17 00:00:00+08:00,0.18131919605195976,0.18131919605195976,0.17890167236328125,0.17890167236328125,725834,0.0,0.0
2012-02-20 00:00:00+08:00,0.18131919605195976,0.18131919605195976,0.17890167236328125,0.17890167236328125,634592,0.0,0.0
2012-02-21 00:00:00+08:00,0.17890167236328125,0.17890167236328125,0.17890167236328125,0.17890167236328125,894991,0.0,0.0
2012-02-22 00:00:00+08:00,0.17890169782151072,0.1813192218542099,0.17890169782151072,0.1813192218542099,923696,0.0,0.0
2012-02-23 00:00:00+08:00,0.18131918485221918,0.18131918485221918,0.1764841377735138,0.1764841377735138,2063708,0.0,0.0
2012-02-24 00:00:00+08:00,0.1764841377735138,0.17890166131286647,0.1764841377735138,0.1764841377735138,405975,0.0,0.0
2012-02-27 00:00:00+08:00,0.1764841377735138,0.17890166131286647,0.1764841377735138,0.1764841377735138,221441,0.0,0.0
2012-02-28 00:00:00+08:00,0.17648414867460274,0.17890167236328125,0.17648414867460274,0.17890167236328125,1237404,0.0,0.0
2012-02-29 00:00:00+08:00,0.17890166131286647,0.18131918485221918,0.1764841377735138,0.1764841377735138,1062097,0.0,0.0
2012-03-01 00:00:00+08:00,0.1764841377735138,0.17890166131286647,0.1764841377735138,0.1764841377735138,494141,0.0,0.0
2012-03-02 00:00:00+08:00,0.17890169782151072,0.1813192218542099,0.17890169782151072,0.1813192218542099,718658,0.0,0.0
2012-03-05 00:00:00+08:00,0.1813192322723731,0.18373675644397736,0.17890170810076883,0.18373675644397736,1957088,0.0,0.0
2012-03-06 00:00:00+08:00,0.18373674588690908,0.18373674588690908,0.1813192218542099,0.1813192218542099,594610,0.0,0.0
2012-03-07 00:00:00+08:00,0.1813192218542099,0.1813192218542099,0.17890169782151072,0.1813192218542099,650995,0.0,0.0
2012-03-08 00:00:00+08:00,0.18373675644397736,0.18373675644397736,0.1813192322723731,0.18373675644397736,290128,0.0,0.0
2012-03-09 00:00:00+08:00,0.18373675644397736,0.18373675644397736,0.18373675644397736,0.18373675644397736,1087727,0.0,0.0
2012-03-12 00:00:00+08:00,0.1837366784809749,0.1885722122806852,0.1837366784809749,0.18615420162677765,1049795,0.0,0.0
2012-03-13 00:00:00+08:00,0.18373675182943344,0.18857228755950928,0.18373675182943344,0.18857228755950928,582308,0.0,0.0
2012-03-14 00:00:00+08:00,0.1885722122806852,0.1885722122806852,0.18615420162677765,0.18615420162677765,2331283,0.0,0.0
2012-03-15 00:00:00+08:00,0.18373675644397736,0.18373675644397736,0.18373675644397736,0.18373675644397736,1042618,0.0,0.0
2012-03-16 00:00:00+08:00,0.1837366784809749,0.18615420162677765,0.1837366784809749,0.18615420162677765,483889,0.0,0.0
2012-03-19 00:00:00+08:00,0.18615427594032166,0.18857228755950928,0.18615427594032166,0.18857228755950928,960603,0.0,0.0
2012-03-20 00:00:00+08:00,0.1885722122806852,0.1885722122806852,0.18615420162677765,0.18615420162677765,301405,0.0,0.0
2012-03-21 00:00:00+08:00,0.18615420162677765,0.18615420162677765,0.1837366784809749,0.18615420162677765,2521968,0.0,0.0
2012-03-22 00:00:00+08:00,0.1837366784809749,0.18615420162677765,0.1837366784809749,0.18615420162677765,1116432,0.0,0.0
2012-03-23 00:00:00+08:00,0.1861542806155816,0.1861542806155816,0.18373675644397736,0.18373675644397736,178383,0.0,0.0
2012-03-26 00:00:00+08:00,0.18373675644397736,0.1861542806155816,0.18373675644397736,0.18373675644397736,1176918,0.0,0.0
2012-03-27 00:00:00+08:00,0.18615420162677765,0.18615420162677765,0.1837366784809749,0.18615420162677765,314733,0.0,0.0
2012-03-28 00:00:00+08:00,0.18615420162677765,0.18615420162677765,0.1837366784809749,0.18615420162677765,470562,0.0,0.0
2012-03-29 00:00:00+08:00,0.18615420162677765,0.18615420162677765,0.1837366784809749,0.18615420162677765,430579,0.0,0.0
2012-03-30 00:00:00+08:00,0.18615420162677765,0.18615420162677765,0.1837366784809749,0.18615420162677765,289103,0.0,0.0
2012-04-02 00:00:00+08:00,0.18373675644397736,0.1861542806155816,0.18373675644397736,0.18373675644397736,637668,0.0,0.0
2012-04-03 00:00:00+08:00,0.18615420162677765,0.18615420162677765,0.1837366784809749,0.18615420162677765,674575,0.0,0.0
2012-04-04 00:00:00+08:00,0.1861542806155816,0.18857229229549752,0.18373675644397736,0.18373675644397736,686877,0.0,0.0
2012-04-05 00:00:00+08:00,0.18615427594032166,0.18857228755950928,0.18373675182943344,0.18857228755950928,426479,0.0,0.0
2012-04-09 00:00:00+08:00,0.1885722122806852,0.1885722122806852,0.18615420162677765,0.18615420162677765,670474,0.0,0.0
2012-04-10 00:00:00+08:00,0.1885722122806852,0.1885722122806852,0.18615420162677765,0.18615420162677765,254247,0.0,0.0
2012-04-11 00:00:00+08:00,0.18615420162677765,0.1885722122806852,0.18615420162677765,0.18615420162677765,692003,0.0,0.0
2012-04-12 00:00:00+08:00,0.18615427594032166,0.18857228755950928,0.18615427594032166,0.18857228755950928,1074399,0.0,0.0
2012-04-13 00:00:00+08:00,0.18857228755950928,0.18857228755950928,0.18857228755950928,0.18857228755950928,1105155,0.0,0.0
2012-04-16 00:00:00+08:00,0.1885722122806852,0.1885722122806852,0.18615420162677765,0.18615420162677765,246045,0.0,0.0
2012-04-17 00:00:00+08:00,0.18615420162677765,0.1885722122806852,0.18615420162677765,0.18615420162677765,473637,0.0,0.0
2012-04-18 00:00:00+08:00,0.18857228755950928,0.19098981167039747,0.18857228755950928,0.18857228755950928,1409636,0.0,0.0
2012-04-19 00:00:00+08:00,0.18857228755950928,0.18857228755950928,0.18857228755950928,0.18857228755950928,750439,0.0,0.0
2012-04-20 00:00:00+08:00,0.1885722122806852,0.1885722122806852,0.18615420162677765,0.18615420162677765,343438,0.0,0.0
2012-04-23 00:00:00+08:00,0.18857218020539435,0.19098970293998718,0.18857218020539435,0.19098970293998718,919595,0.0,0.0
2012-04-24 00:00:00+08:00,0.18857228755950928,0.19098981167039747,0.18857228755950928,0.18857228755950928,151728,0.0,0.0
2012-04-25 00:00:00+08:00,0.19098981167039747,0.19098981167039747,0.18857228755950928,0.18857228755950928,482864,0.0,0.0
2012-04-26 00:00:00+08:00,0.19098981167039747,0.19098981167039747,0.18857228755950928,0.18857228755950928,433655,0.0,0.0
2012-04-27 00:00:00+08:00,0.19098981167039747,0.19098981167039747,0.18857228755950928,0.18857228755950928,705331,0.0,0.0
2012-04-30 00:00:00+08:00,0.18857218020539435,0.19098970293998718,0.18857218020539435,0.19098970293998718,803749,0.0,0.0
2012-05-02 00:00:00+08:00,0.19098972936187814,0.19340725243091583,0.19098972936187814,0.19340725243091583,3811658,0.0,0.0
2012-05-03 00:00:00+08:00,0.19340725243091583,0.19582477549995353,0.19340725243091583,0.19340725243091583,1409636,0.0,0.0
2012-05-04 00:00:00+08:00,0.19340722567458005,0.1958247484091729,0.19098970293998718,0.19098970293998718,1224077,0.0,0.0
2012-05-07 00:00:00+08:00,0.19098970293998718,0.19340722567458005,0.19098970293998718,0.19098970293998718,1196397,0.0,0.0
2012-05-08 00:00:00+08:00,0.19098970293998718,0.19340722567458005,0.19098970293998718,0.19098970293998718,1300966,0.0,0.0
2012-05-09 00:00:00+08:00,0.1926727373502672,0.1926727373502672,0.19020214676856995,0.19020214676856995,941124,0.0082,0.0
2012-05-10 00:00:00+08:00,0.190202227271778,0.19267281889915464,0.190202227271778,0.19267281889915466,1029291,0.0,0.0
2012-05-11 00:00:00+08:00,0.19514291241729426,0.19514291241729426,0.190202227271778,0.19267281889915466,215289,0.0,0.0
2012-05-14 00:00:00+08:00,0.1926727373502672,0.1926727373502672,0.19020214676856995,0.19020214676856995,1409636,0.0,0.0
2012-05-15 00:00:00+08:00,0.19020214676856995,0.19020214676856995,0.19020214676856995,0.19020214676856995,1722319,0.0,0.0
2012-05-16 00:00:00+08:00,0.18773213028907776,0.19020222376163226,0.18773213028907776,0.18773213028907776,1426039,0.0,0.0
2012-05-17 00:00:00+08:00,0.18773213028907776,0.18773213028907776,0.18526203681652326,0.18773213028907776,561804,0.0,0.0
2012-05-18 00:00:00+08:00,0.18526201165321185,0.18526201165321185,0.18032182537910627,0.18279191851615906,1644405,0.0,0.0
2012-05-21 00:00:00+08:00,0.18279193109557815,0.1852620244026184,0.18279193109557815,0.1852620244026184,368043,0.0,0.0
2012-05-22 00:00:00+08:00,0.18526203681652326,0.18773213028907776,0.18526203681652326,0.18773213028907776,234768,0.0,0.0
2012-05-23 00:00:00+08:00,0.18526201165321185,0.18526201165321185,0.18279191851615906,0.18279191851615906,618189,0.0,0.0
2012-05-24 00:00:00+08:00,0.1852620244026184,0.18773211770965867,0.1852620244026184,0.1852620244026184,307557,0.0,0.0
2012-05-25 00:00:00+08:00,0.1852620244026184,0.1852620244026184,0.1852620244026184,0.1852620244026184,428529,0.0,0.0
2012-05-28 00:00:00+08:00,0.18773213028907776,0.18773213028907776,0.18526203681652326,0.18773213028907776,117896,0.0,0.0
2012-05-29 00:00:00+08:00,0.18773213028907776,0.18773213028907776,0.18526203681652326,0.18773213028907776,471587,0.0,0.0
2012-05-30 00:00:00+08:00,0.18773211770965867,0.18773211770965867,0.1852620244026184,0.1852620244026184,411101,0.0,0.0
2012-05-31 00:00:00+08:00,0.1852620244026184,0.18773211770965867,0.18279193109557815,0.1852620244026184,664323,0.0,0.0
2012-06-01 00:00:00+08:00,0.18526203681652326,0.18773213028907776,0.18526203681652326,0.18773213028907776,119947,0.0,0.0
2012-06-04 00:00:00+08:00,0.1852620244026184,0.1852620244026184,0.18279193109557815,0.1852620244026184,534124,0.0,0.0
2012-06-05 00:00:00+08:00,0.1852620244026184,0.1852620244026184,0.18279193109557815,0.1852620244026184,144551,0.0,0.0
2012-06-06 00:00:00+08:00,0.1852620244026184,0.1852620244026184,0.18279193109557815,0.1852620244026184,483889,0.0,0.0
2012-06-07 00:00:00+08:00,0.18526203681652326,0.18773213028907776,0.18526203681652326,0.18773213028907776,78939,0.0,0.0
2012-06-08 00:00:00+08:00,0.18773213028907776,0.18773213028907776,0.18526203681652326,0.18773213028907776,47158,0.0,0.0
2012-06-11 00:00:00+08:00,0.18773211770965867,0.18773211770965867,0.1852620244026184,0.1852620244026184,232718,0.0,0.0
2012-06-12 00:00:00+08:00,0.18773213028907776,0.18773213028907776,0.18526203681652326,0.18773213028907776,762741,0.0,0.0
2012-06-13 00:00:00+08:00,0.1877320542958989,0.19020214676856995,0.1877320542958989,0.19020214676856995,828353,0.0,0.0
2012-06-14 00:00:00+08:00,0.18773213028907776,0.19020222376163226,0.18773213028907776,0.18773213028907776,324985,0.0,0.0
2012-06-15 00:00:00+08:00,0.190202227271778,0.19267281889915464,0.190202227271778,0.19267281889915466,646895,0.0,0.0
2012-06-18 00:00:00+08:00,0.1951428298229382,0.1951428298229382,0.19020214676856995,0.19020214676856995,807850,0.0,0.0
2012-06-19 00:00:00+08:00,0.190202227271778,0.19267281889915464,0.190202227271778,0.19267281889915466,241944,0.0,0.0
2012-06-20 00:00:00+08:00,0.19267281889915464,0.19267281889915464,0.190202227271778,0.19267281889915466,441857,0.0,0.0
2012-06-21 00:00:00+08:00,0.19267281889915464,0.19267281889915464,0.19267281889915464,0.19267281889915466,372144,0.0,0.0
2012-06-22 00:00:00+08:00,0.19267272812310818,0.19514282047748566,0.19267272812310818,0.19514282047748566,676625,0.0,0.0
2012-06-25 00:00:00+08:00,0.1926727373502672,0.1926727373502672,0.19020214676856995,0.19020214676856995,591534,0.0,0.0
2012-06-26 00:00:00+08:00,0.19267281889915464,0.19267281889915464,0.190202227271778,0.19267281889915466,457234,0.0,0.0
2012-06-27 00:00:00+08:00,0.19267281889915464,0.19514291241729426,0.19267281889915464,0.19267281889915466,589484,0.0,0.0
2012-06-28 00:00:00+08:00,0.19267281889915464,0.19514291241729426,0.19267281889915464,0.19267281889915466,486965,0.0,0.0
2012-06-29 00:00:00+08:00,0.19514289270002874,0.20008307923715082,0.19514289270002874,0.19761298596858978,3672232,0.0,0.0
2012-07-02 00:00:00+08:00,0.19761298596858978,0.20008307923715082,0.19761298596858978,0.19761298596858978,1647481,0.0,0.0
2012-07-03 00:00:00+08:00,0.20008307923715082,0.20008307923715082,0.19761298596858978,0.19761298596858978,741212,0.0,0.0
2012-07-04 00:00:00+08:00,0.19761298596858978,0.20008307923715082,0.19514289270002874,0.19761298596858978,1818687,0.0,0.0
2012-07-05 00:00:00+08:00,0.19761298596858978,0.19761298596858978,0.19761298596858978,0.19761298596858978,947275,0.0,0.0
2012-07-06 00:00:00+08:00,0.19761298596858978,0.20008307923715082,0.19761298596858978,0.19761298596858978,575131,0.0,0.0
2012-07-09 00:00:00+08:00,0.19761298596858978,0.20008307923715082,0.19761298596858978,0.19761298596858978,772993,0.0,0.0
2012-07-10 00:00:00+08:00,0.19761298596858978,0.20008307923715082,0.19761298596858978,0.19761298596858978,415202,0.0,0.0
2012-07-11 00:00:00+08:00,0.19761298596858978,0.20008307923715082,0.19761298596858978,0.19761298596858978,1870972,0.0,0.0
2012-07-12 00:00:00+08:00,0.2000830769538879,0.2000830769538879,0.2000830769538879,0.20008307695388794,629466,0.0,0.0
2012-07-13 00:00:00+08:00,0.20008308944575756,0.2025531828403473,0.19761299605116783,0.2025531828403473,1053895,0.0,0.0
2012-07-16 00:00:00+08:00,0.20502327382564545,0.20749336719120834,0.20255318046008253,0.20502327382564545,603837,0.0,0.0
2012-07-17 00:00:00+08:00,0.20502327623493702,0.20502327623493702,0.2025531828403473,0.2025531828403473,817076,0.0,0.0
2012-07-18 00:00:00+08:00,0.20502327382564545,0.20749336719120834,0.20255318046008253,0.20502327382564545,1500878,0.0,0.0
2012-07-19 00:00:00+08:00,0.20502327382564545,0.20749336719120834,0.20502327382564545,0.20502327382564545,411101,0.0,0.0
2012-07-20 00:00:00+08:00,0.20749336719120834,0.20749336719120834,0.20502327382564545,0.20502327382564545,190685,0.0,0.0
2012-07-23 00:00:00+08:00,0.20502327623493702,0.20502327623493702,0.2025531828403473,0.2025531828403473,1968365,0.0,0.0
2012-07-24 00:00:00+08:00,0.2025531828403473,0.2025531828403473,0.20008308944575756,0.2025531828403473,1074399,0.0,0.0
2012-07-25 00:00:00+08:00,0.2025531828403473,0.2025531828403473,0.2025531828403473,0.2025531828403473,522847,0.0,0.0
2012-07-26 00:00:00+08:00,0.20255318046008253,0.20502327382564545,0.20255318046008253,0.20502327382564545,1095928,0.0,0.0
2012-07-27 00:00:00+08:00,0.20502327382564545,0.20749336719120834,0.20502327382564545,0.20502327382564545,1684387,0.0,0.0
2012-07-30 00:00:00+08:00,0.20502327382564545,0.20502327382564545,0.20255318046008253,0.20502327382564545,683802,0.0,0.0
2012-07-31 00:00:00+08:00,0.20502322730240302,0.20749332010746005,0.20502322730240302,0.20749332010746002,250146,0.0,0.0
2012-08-01 00:00:00+08:00,0.20749332010746005,0.20749332010746005,0.20502322730240302,0.20749332010746002,526947,0.0,0.0
2012-08-02 00:00:00+08:00,0.20749336962952677,0.20749336962952677,0.2025531828403473,0.2025531828403473,490041,0.0,0.0
2012-08-03 00:00:00+08:00,0.20502322730240302,0.20749332010746005,0.20255313449734602,0.20749332010746002,752489,0.0,0.0
2012-08-06 00:00:00+08:00,0.20749332010746005,0.20996392611582526,0.20502322730240302,0.20749332010746002,1685413,0.0,0.0
2012-08-07 00:00:00+08:00,0.20749332010746005,0.20749332010746005,0.20502322730240302,0.20749332010746002,1089777,0.0,0.0
2012-08-08 00:00:00+08:00,0.2066901892213935,0.2066901892213935,0.2016491025895959,0.2041696459054947,1339923,0.0082,0.0
2012-08-10 00:00:00+08:00,0.20416964590549472,0.2066901892213935,0.20416964590549472,0.2041696459054947,777094,0.0,0.0
2012-08-13 00:00:00+08:00,0.20416967304162,0.20669021669252344,0.20164912939071655,0.20164912939071655,911394,0.0,0.0
2012-08-14 00:00:00+08:00,0.20416964590549472,0.20416964590549472,0.20416964590549472,0.2041696459054947,484915,0.0,0.0
2012-08-15 00:00:00+08:00,0.2041696930284314,0.2066902369260788,0.2041696930284314,0.2066902369260788,560779,0.0,0.0
2012-08-16 00:00:00+08:00,0.2066902369260788,0.2066902369260788,0.2041696930284314,0.2066902369260788,200937,0.0,0.0
2012-08-17 00:00:00+08:00,0.2066902369260788,0.2066902369260788,0.2041696930284314,0.2066902369260788,172231,0.0,0.0
2012-08-21 00:00:00+08:00,0.2066902369260788,0.2066902369260788,0.20164914913078402,0.2066902369260788,532073,0.0,0.0
2012-08-22 00:00:00+08:00,0.20416964590549472,0.2066901892213935,0.20416964590549472,0.2041696459054947,304481,0.0,0.0
2012-08-23 00:00:00+08:00,0.2066902369260788,0.2066902369260788,0.2041696930284314,0.2066902369260788,300380,0.0,0.0
2012-08-24 00:00:00+08:00,0.20416964590549472,0.2066901892213935,0.20416964590549472,0.2041696459054947,292179,0.0,0.0
2012-08-27 00:00:00+08:00,0.20416964590549472,0.20416964590549472,0.20416964590549472,0.2041696459054947,126098,0.0,0.0
2012-08-28 00:00:00+08:00,0.2066901892213935,0.2066901892213935,0.20416964590549472,0.2041696459054947,586408,0.0,0.0
2012-08-29 00:00:00+08:00,0.20416964590549472,0.2066901892213935,0.20416964590549472,0.2041696459054947,673550,0.0,0.0
2012-08-30 00:00:00+08:00,0.2066902245947487,0.20921076834201813,0.20416968084747927,0.20921076834201813,439806,0.0,0.0
2012-08-31 00:00:00+08:00,0.20921076834201813,0.21173131208928755,0.20416968084747927,0.20921076834201813,1120533,0.0,0.0
2012-09-03 00:00:00+08:00,0.2117312848567963,0.2117312848567963,0.20669019801063282,0.21173128485679626,1192296,0.0,0.0
2012-09-04 00:00:00+08:00,0.20921076834201813,0.21173131208928755,0.2066902245947487,0.20921076834201813,306531,0.0,0.0
2012-09-05 00:00:00+08:00,0.20921076834201813,0.21173131208928755,0.2066902245947487,0.20921076834201813,243995,0.0,0.0
2012-09-06 00:00:00+08:00,0.2066902369260788,0.2092107808237262,0.2041696930284314,0.2066902369260788,1380931,0.0,0.0
2012-09-07 00:00:00+08:00,0.20921076834201813,0.20921076834201813,0.20416968084747927,0.20921076834201813,505418,0.0,0.0
2012-09-10 00:00:00+08:00,0.2066902245947487,0.20921076834201813,0.2066902245947487,0.20921076834201813,354715,0.0,0.0
2012-09-11 00:00:00+08:00,0.2066902245947487,0.21173131208928755,0.2066902245947487,0.20921076834201813,531048,0.0,0.0
2012-09-12 00:00:00+08:00,0.20921074143371454,0.2117312848567963,0.20921074143371454,0.21173128485679626,2069859,0.0,0.0
2012-09-13 00:00:00+08:00,0.21173131504901072,0.21425238251686096,0.21173131504901072,0.21425238251686096,927797,0.0,0.0
2012-09-14 00:00:00+08:00,0.21425238251686096,0.21425238251686096,0.21173131504901072,0.21425238251686096,403925,0.0,0.0
2012-09-17 00:00:00+08:00,0.21425238251686096,0.21425238251686096,0.21173131504901072,0.21425238251686096,1370679,0.0,0.0
2012-09-18 00:00:00+08:00,0.21425235835229473,0.21929344534873962,0.2117312911687844,0.21929344534873962,2195957,0.0,0.0
2012-09-19 00:00:00+08:00,0.21929344534873962,0.21929344534873962,0.21929344534873962,0.21929344534873962,734036,0.0,0.0
2012-09-20 00:00:00+08:00,0.21929348772036159,0.21929348772036159,0.2142523997498838,0.21677294373512268,729935,0.0,0.0
2012-09-21 00:00:00+08:00,0.21929344534873962,0.22181398884696207,0.21677290185051717,0.21929344534873962,892940,0.0,0.0
2012-09-24 00:00:00+08:00,0.2192934481355859,0.22181399166584018,0.2192934481355859,0.22181399166584015,522847,0.0,0.0
2012-09-25 00:00:00+08:00,0.21929344534873962,0.22181398884696207,0.21677290185051717,0.21929344534873962,581282,0.0,0.0
2012-09-26 00:00:00+08:00,0.21929348772036159,0.21929348772036159,0.2167729437351227,0.21677294373512268,479789,0.0,0.0
2012-09-27 00:00:00+08:00,0.21929344534873962,0.21929344534873962,0.21677290185051717,0.21929344534873962,225541,0.0,0.0
2012-09-28 00:00:00+08:00,0.21929344534873962,0.21929344534873962,0.21677290185051717,0.21929344534873962,547451,0.0,0.0
2012-10-01 00:00:00+08:00,0.21929348772036159,0.21929348772036159,0.2167729437351227,0.21677294373512268,274751,0.0,0.0
2012-10-02 00:00:00+08:00,0.21677293609601916,0.22433456778526306,0.21677293609601916,0.22433456778526306,2023725,0.0,0.0
2012-10-03 00:00:00+08:00,0.22181402388884844,0.2268550962791668,0.22181402388884844,0.22433456778526306,1341974,0.0,0.0
2012-10-04 00:00:00+08:00,0.22433456778526306,0.22433456778526306,0.22181402388884844,0.22433456778526306,868336,0.0,0.0
2012-10-05 00:00:00+08:00,0.22181402388884844,0.22433456778526306,0.22181402388884844,0.22433456778526306,192735,0.0,0.0
2012-10-08 00:00:00+08:00,0.2218140317056005,0.2218140317056005,0.2167729437351227,0.21677294373512268,3289836,0.0,0.0
2012-10-09 00:00:00+08:00,0.2167729437351227,0.21929348772036159,0.2167729437351227,0.21677294373512268,885764,0.0,0.0
2012-10-10 00:00:00+08:00,0.2167729437351227,0.2167729437351227,0.2142523997498838,0.21677294373512268,1215875,0.0,0.0
2012-10-11 00:00:00+08:00,0.2142523610750774,0.22181399166584018,0.2142523610750774,0.22181399166584015,891915,0.0,0.0
2012-10-12 00:00:00+08:00,0.21929344534873962,0.22181398884696207,0.21929344534873962,0.21929344534873962,896016,0.0,0.0
2012-10-15 00:00:00+08:00,0.21929344534873962,0.22181398884696207,0.21929344534873962,0.21929344534873962,1510105,0.0,0.0
2012-10-16 00:00:00+08:00,0.22181399166584018,0.22181399166584018,0.2192934481355859,0.22181399166584015,497217,0.0,0.0
2012-10-17 00:00:00+08:00,0.2218139684658148,0.22937558286318252,0.2218139684658148,0.22685503959655762,2335383,0.0,0.0
2012-10-18 00:00:00+08:00,0.22937558286318252,0.22937558286318252,0.2218139684658148,0.22685503959655762,609988,0.0,0.0
2012-10-19 00:00:00+08:00,0.2243345117324397,0.22937558286318252,0.2243345117324397,0.22685503959655762,1251757,0.0,0.0
2012-10-22 00:00:00+08:00,0.22433453519609442,0.22685506332384,0.22181399166584018,0.22181399166584015,710456,0.0,0.0
2012-10-23 00:00:00+08:00,0.22433453519609442,0.22685506332384,0.22181399166584018,0.22181399166584015,234768,0.0,0.0
2012-10-24 00:00:00+08:00,0.22433453519609442,0.22433453519609442,0.22181399166584018,0.22181399166584015,183509,0.0,0.0
2012-10-25 00:00:00+08:00,0.2218139684658148,0.2268550395965576,0.2218139684658148,0.22685503959655762,379320,0.0,0.0
2012-10-29 00:00:00+08:00,0.2268550395965576,0.2268550395965576,0.2218139684658148,0.22685503959655762,856034,0.0,0.0
2012-10-30 00:00:00+08:00,0.2268550395965576,0.2268550395965576,0.2243345117324397,0.22685503959655762,894991,0.0,0.0
2012-10-31 00:00:00+08:00,0.2268550962791668,0.2268550962791668,0.22433456778526306,0.22433456778526306,129173,0.0,0.0
2012-11-01 00:00:00+08:00,0.2243345117324397,0.2268550395965576,0.2243345117324397,0.22685503959655762,234768,0.0,0.0
2012-11-02 00:00:00+08:00,0.2268550395965576,0.23189664981504723,0.2243345117324397,0.22685503959655762,2112917,0.0,0.0
2012-11-05 00:00:00+08:00,0.22937557101249695,0.23189663783411077,0.22685502787609582,0.22937557101249695,969830,0.0,0.0
2012-11-06 00:00:00+08:00,0.22937557101249695,0.22937557101249695,0.22685502787609582,0.22937557101249695,378295,0.0,0.0
2012-11-07 00:00:00+08:00,0.23112538239812427,0.23112538239812427,0.22598941762140543,0.22855740785598755,1032366,0.0082,0.0
2012-11-08 00:00:00+08:00,0.22598934689403397,0.2311253100633621,0.22598934689403397,0.23112531006336212,1195372,0.0,0.0
2012-11-09 00:00:00+08:00,0.22855740785598758,0.23112538239812427,0.22598941762140543,0.22855740785598755,802724,0.0,0.0
2012-11-12 00:00:00+08:00,0.2285573363249183,0.2311253100633621,0.22598934689403397,0.23112531006336212,410076,0.0,0.0
2012-11-14 00:00:00+08:00,0.22855740785598758,0.23112538239812427,0.22598941762140543,0.22855740785598755,1240480,0.0,0.0
2012-11-15 00:00:00+08:00,0.22855740357231938,0.22855740357231938,0.2208534330129623,0.22085343301296234,1961189,0.0,0.0
2012-11-16 00:00:00+08:00,0.22085340496466307,0.2234213948249817,0.22085340496466307,0.2234213948249817,623315,0.0,0.0
2012-11-19 00:00:00+08:00,0.22342139655907328,0.22598938643932343,0.22342139655907328,0.22598938643932343,609988,0.0,0.0
2012-11-20 00:00:00+08:00,0.22598938643932343,0.22598938643932343,0.22342139655907328,0.22598938643932343,464411,0.0,0.0
2012-11-21 00:00:00+08:00,0.22342139655907328,0.22598938643932343,0.22342139655907328,0.22598938643932343,294229,0.0,0.0
2012-11-22 00:00:00+08:00,0.22598938643932343,0.22598938643932343,0.22598938643932343,0.22598938643932343,591534,0.0,0.0
2012-11-23 00:00:00+08:00,0.2259893846853003,0.2259893846853003,0.2234213948249817,0.2234213948249817,89191,0.0,0.0
2012-11-26 00:00:00+08:00,0.22342139655907328,0.22598938643932343,0.22342139655907328,0.22598938643932343,1431165,0.0,0.0
2012-11-27 00:00:00+08:00,0.22598938643932343,0.22598938643932343,0.22598938643932343,0.22598938643932343,653046,0.0,0.0
2012-11-28 00:00:00+08:00,0.22598941762140543,0.22855740785598758,0.2234214273868233,0.22855740785598755,194786,0.0,0.0
2012-11-29 00:00:00+08:00,0.22855740785598758,0.22855740785598758,0.22598941762140543,0.22855740785598755,1183069,0.0,0.0
2012-11-30 00:00:00+08:00,0.22855740785598758,0.22855740785598758,0.22855740785598758,0.22855740785598755,947275,0.0,0.0
2012-12-03 00:00:00+08:00,0.22855740785598758,0.22855740785598758,0.22598941762140543,0.22855740785598755,2509666,0.0,0.0
2012-12-04 00:00:00+08:00,0.22855737631957357,0.22855737631957357,0.22598938643932343,0.22598938643932343,558728,0.0,0.0
2012-12-05 00:00:00+08:00,0.22598941762140543,0.22855740785598758,0.22598941762140543,0.22855740785598755,293204,0.0,0.0
2012-12-06 00:00:00+08:00,0.2259893846853003,0.2259893846853003,0.2234213948249817,0.2234213948249817,1751025,0.0,0.0
2012-12-07 00:00:00+08:00,0.22342139655907328,0.22598938643932343,0.22342139655907328,0.22598938643932343,209138,0.0,0.0
2012-12-10 00:00:00+08:00,0.2259893846853003,0.2259893846853003,0.2234213948249817,0.2234213948249817,1950937,0.0,0.0
2012-12-11 00:00:00+08:00,0.2234213948249817,0.2259893846853003,0.2234213948249817,0.2234213948249817,2869508,0.0,0.0
2012-12-12 00:00:00+08:00,0.2234213948249817,0.2259893846853003,0.2234213948249817,0.2234213948249817,2444054,0.0,0.0
2012-12-13 00:00:00+08:00,0.22598938643932343,0.22598938643932343,0.22342139655907328,0.22598938643932343,231693,0.0,0.0
2012-12-14 00:00:00+08:00,0.2234213948249817,0.2234213948249817,0.22085340496466307,0.2234213948249817,2418424,0.0,0.0
2012-12-17 00:00:00+08:00,0.2208534330129623,0.2234214231994147,0.2208534330129623,0.22085343301296234,2540421,0.0,0.0
2012-12-18 00:00:00+08:00,0.22085340496466307,0.2234213948249817,0.22085340496466307,0.2234213948249817,831429,0.0,0.0
2012-12-19 00:00:00+08:00,0.22342139655907328,0.22598938643932343,0.22342139655907328,0.22598938643932343,1717193,0.0,0.0
2012-12-20 00:00:00+08:00,0.22598938643932343,0.22598938643932343,0.22342139655907328,0.22598938643932343,3468219,0.0,0.0
2012-12-21 00:00:00+08:00,0.22598938643932343,0.22598938643932343,0.22342139655907328,0.22598938643932343,140451,0.0,0.0
2012-12-24 00:00:00+08:00,0.22598938643932343,0.22598938643932343,0.22342139655907328,0.22598938643932343,269625,0.0,0.0
2012-12-26 00:00:00+08:00,0.2234213948249817,0.2259893846853003,0.2234213948249817,0.2234213948249817,838605,0.0,0.0
2012-12-27 00:00:00+08:00,0.2234213948249817,0.2259893846853003,0.2234213948249817,0.2234213948249817,1428090,0.0,0.0
2012-12-28 00:00:00+08:00,0.22342139655907328,0.22598938643932343,0.22342139655907328,0.22598938643932343,2596807,0.0,0.0
2012-12-31 00:00:00+08:00,0.22598938643932343,0.22598938643932343,0.22342139655907328,0.22598938643932343,674575,0.0,0.0
2013-01-02 00:00:00+08:00,0.22598938643932343,0.22855737631957357,0.22342139655907328,0.22598938643932343,3028412,0.0,0.0
2013-01-03 00:00:00+08:00,0.22598941762140543,0.22855740785598758,0.22598941762140543,0.22855740785598755,982132,0.0,0.0
2013-01-04 00:00:00+08:00,0.22855737454561892,0.22855737454561892,0.2234213948249817,0.2234213948249817,3698887,0.0,0.0
2013-01-07 00:00:00+08:00,0.2234214273868233,0.22855740785598758,0.2234214273868233,0.22855740785598755,2208260,0.0,0.0
2013-01-08 00:00:00+08:00,0.22855737631957357,0.22855737631957357,0.22598938643932343,0.22598938643932343,1498828,0.0,0.0
2013-01-09 00:00:00+08:00,0.22598938643932343,0.22855737631957357,0.22342139655907328,0.22598938643932343,2103690,0.0,0.0
2013-01-10 00:00:00+08:00,0.22855740785598758,0.22855740785598758,0.22598941762140543,0.22855740785598755,2312829,0.0,0.0
2013-01-11 00:00:00+08:00,0.22855737631957357,0.22855737631957357,0.22598938643932343,0.22598938643932343,283977,0.0,0.0
2013-01-14 00:00:00+08:00,0.22598941762140543,0.22855740785598758,0.22598941762140543,0.22855740785598755,632542,0.0,0.0
2013-01-15 00:00:00+08:00,0.22598941762140543,0.22855740785598758,0.22598941762140543,0.22855740785598755,4033099,0.0,0.0
2013-01-16 00:00:00+08:00,0.22855740785598758,0.22855740785598758,0.22855740785598758,0.22855740785598755,279876,0.0,0.0
2013-01-17 00:00:00+08:00,0.2259893846853003,0.2259893846853003,0.2234213948249817,0.2234213948249817,4845050,0.0,0.0
2013-01-18 00:00:00+08:00,0.22598938643932343,0.22855737631957357,0.22598938643932343,0.22598938643932343,903192,0.0,0.0
2013-01-21 00:00:00+08:00,0.22855740785598758,0.22855740785598758,0.22598941762140543,0.22855740785598755,211189,0.0,0.0
2013-01-22 00:00:00+08:00,0.22855737631957357,0.22855737631957357,0.22598938643932343,0.22598938643932343,3147334,0.0,0.0
2013-01-23 00:00:00+08:00,0.22598941762140543,0.22855740785598758,0.22598941762140543,0.22855740785598755,495166,0.0,0.0
2013-01-24 00:00:00+08:00,0.22855737631957357,0.22855737631957357,0.22598938643932343,0.22598938643932343,513620,0.0,0.0
2013-01-25 00:00:00+08:00,0.22855740785598758,0.22855740785598758,0.22598941762140543,0.22855740785598755,1681312,0.0,0.0
2013-01-28 00:00:00+08:00,0.2285573363249183,0.2311253100633621,0.2285573363249183,0.23112531006336212,1123608,0.0,0.0
2013-01-29 00:00:00+08:00,0.2311253100633621,0.2311253100633621,0.2285573363249183,0.23112531006336212,401874,0.0,0.0
2013-01-30 00:00:00+08:00,0.23112528274799302,0.23369327187538147,0.23112528274799302,0.23369327187538147,1196397,0.0,0.0
2013-01-31 00:00:00+08:00,0.23112528274799302,0.23369327187538147,0.23112528274799302,0.23369327187538147,832454,0.0,0.0
2013-02-01 00:00:00+08:00,0.23369327187538147,0.23369327187538147,0.23112528274799302,0.23369327187538147,1337873,0.0,0.0
2013-02-04 00:00:00+08:00,0.23369330668099655,0.23626182973384854,0.23369330668099655,0.23626182973384857,2527094,0.0,0.0
2013-02-05 00:00:00+08:00,0.23626182973384854,0.23626182973384854,0.23369330668099655,0.23626182973384857,938049,0.0,0.0
2013-02-06 00:00:00+08:00,0.23626182973384854,0.23626182973384854,0.23369330668099655,0.23626182973384857,1707967,0.0,0.0
2013-02-07 00:00:00+08:00,0.23626179454568497,0.23626179454568497,0.23369327187538147,0.23369327187538147,1313268,0.0,0.0
2013-02-08 00:00:00+08:00,0.23369327187538147,0.23626179454568497,0.23369327187538147,0.23369327187538147,981107,0.0,0.0
2013-02-13 00:00:00+08:00,0.23626174337007533,0.241397720512371,0.23626174337007533,0.23882973194122314,3183216,0.0,0.0
2013-02-14 00:00:00+08:00,0.241397720512371,0.241397720512371,0.23626174337007533,0.23882973194122314,2718805,0.0,0.0
2013-02-15 00:00:00+08:00,0.23882973194122317,0.241397720512371,0.23882973194122317,0.23882973194122314,2504540,0.0,0.0
2013-02-18 00:00:00+08:00,0.2406117323329861,0.2406117323329861,0.23538064956665042,0.2353806495666504,1221001,0.0082,0.0
2013-02-19 00:00:00+08:00,0.23799598217010498,0.23799598217010498,0.23538071177883382,0.23799598217010498,1374780,0.0,0.0
2013-02-20 00:00:00+08:00,0.23799598217010498,0.24061179592776866,0.23538071177883382,0.23799598217010498,1672085,0.0,0.0
2013-02-21 00:00:00+08:00,0.23799599263915003,0.24061180651187897,0.23799599263915003,0.24061180651187897,604862,0.0,0.0
2013-02-22 00:00:00+08:00,0.24061179592776866,0.24061179592776866,0.23799598217010498,0.23799598217010498,672524,0.0,0.0
2013-02-25 00:00:00+08:00,0.23799599263915003,0.24061180651187897,0.23799599263915003,0.24061180651187897,1134885,0.0,0.0
2013-02-26 00:00:00+08:00,0.24061179592776866,0.24061179592776866,0.23799598217010498,0.23799598217010498,774018,0.0,0.0
2013-02-27 00:00:00+08:00,0.23799598217010498,0.24061179592776866,0.23799598217010498,0.23799598217010498,733011,0.0,0.0
2013-02-28 00:00:00+08:00,0.24061180651187897,0.24061180651187897,0.23799599263915003,0.24061180651187897,454159,0.0,0.0
2013-03-01 00:00:00+08:00,0.23799598217010498,0.24061179592776866,0.23799598217010498,0.23799598217010498,1331722,0.0,0.0
2013-03-04 00:00:00+08:00,0.23799598217010498,0.24061179592776866,0.23799598217010498,0.23799598217010498,990333,0.0,0.0
2013-03-05 00:00:00+08:00,0.2379959192666938,0.2379959192666938,0.23538064956665042,0.2353806495666504,4282220,0.0,0.0
2013-03-06 00:00:00+08:00,0.23799598217010498,0.23799598217010498,0.23538071177883382,0.23799598217010498,681751,0.0,0.0
2013-03-07 00:00:00+08:00,0.23799598217010498,0.23799598217010498,0.23538071177883382,0.23799598217010498,954452,0.0,0.0
2013-03-08 00:00:00+08:00,0.2379959192666938,0.2379959192666938,0.23538064956665042,0.2353806495666504,1500878,0.0,0.0
2013-03-11 00:00:00+08:00,0.23799598217010498,0.23799598217010498,0.23538071177883382,0.23799598217010498,1167691,0.0,0.0
2013-03-12 00:00:00+08:00,0.23799598217010498,0.24061179592776866,0.23799598217010498,0.23799598217010498,1053895,0.0,0.0
2013-03-13 00:00:00+08:00,0.23799598217010498,0.24061179592776866,0.23538071177883382,0.23799598217010498,1589045,0.0,0.0
2013-03-14 00:00:00+08:00,0.23799599263915003,0.24061180651187897,0.23538072213283748,0.24061180651187897,856034,0.0,0.0
2013-03-15 00:00:00+08:00,0.24061180651187897,0.24061180651187897,0.23799599263915003,0.24061180651187897,1203573,0.0,0.0
2013-03-18 00:00:00+08:00,0.23799598217010498,0.23799598217010498,0.23538071177883382,0.23799598217010498,1658758,0.0,0.0
2013-03-19 00:00:00+08:00,0.23799598217010498,0.24061179592776866,0.23799598217010498,0.23799598217010498,557703,0.0,0.0
2013-03-20 00:00:00+08:00,0.23799598217010498,0.23799598217010498,0.23799598217010498,0.23799598217010498,702255,0.0,0.0
2013-03-21 00:00:00+08:00,0.23799599263915003,0.24061180651187897,0.23799599263915003,0.24061180651187897,1194346,0.0,0.0
2013-03-22 00:00:00+08:00,0.23799599263915003,0.24061180651187897,0.23799599263915003,0.24061180651187897,1135911,0.0,0.0
2013-03-25 00:00:00+08:00,0.24061180651187897,0.24061180651187897,0.23799599263915003,0.24061180651187897,737111,0.0,0.0
2013-03-26 00:00:00+08:00,0.24061180651187897,0.24061180651187897,0.23799599263915003,0.24061180651187897,929847,0.0,0.0
2013-03-27 00:00:00+08:00,0.24061169105007027,0.24322696030139923,0.24061169105007027,0.24322696030139923,1958113,0.0,0.0
2013-03-28 00:00:00+08:00,0.24322696030139923,0.2458422295527282,0.24061169105007027,0.24322696030139923,1908904,0.0,0.0
2013-04-01 00:00:00+08:00,0.24322706720751305,0.24584233760833743,0.24322706720751305,0.2458423376083374,431605,0.0,0.0
2013-04-02 00:00:00+08:00,0.24584241390053257,0.2510729563253738,0.24584241390053257,0.24845768511295319,1540861,0.0,0.0
2013-04-03 00:00:00+08:00,0.24845768511295319,0.2510729563253738,0.24584241390053257,0.24845768511295319,1265084,0.0,0.0
2013-04-04 00:00:00+08:00,0.2510729563253738,0.2510729563253738,0.24584241390053257,0.24845768511295319,849882,0.0,0.0
2013-04-05 00:00:00+08:00,0.24845768511295319,0.2510729563253738,0.24845768511295319,0.24845768511295319,1771529,0.0,0.0
2013-04-08 00:00:00+08:00,0.24845760800916178,0.24845760800916178,0.24584233760833743,0.2458423376083374,725834,0.0,0.0
2013-04-09 00:00:00+08:00,0.25107279763832363,0.2536880671977997,0.25107279763832363,0.2536880671977997,2494288,0.0,0.0
2013-04-10 00:00:00+08:00,0.253688112011667,0.2615344494610068,0.253688112011667,0.2589191794395447,3173989,0.0,0.0
2013-04-11 00:00:00+08:00,0.25891925760197054,0.2615345284129294,0.25630345940589905,0.25630345940589905,1565465,0.0,0.0
2013-04-12 00:00:00+08:00,0.25891918238711975,0.26414972248958923,0.25891918238711975,0.2615344524383545,3519478,0.0,0.0
2013-04-15 00:00:00+08:00,0.2615345143712629,0.26676505571235526,0.2615345143712629,0.2641497850418091,2772114,0.0,0.0
2013-04-16 00:00:00+08:00,0.2615344494610068,0.2615344494610068,0.25630338203312913,0.2589191794395447,2422525,0.0,0.0
2013-04-17 00:00:00+08:00,0.25891918238711975,0.2615344524383545,0.25891918238711975,0.2615344524383545,1398359,0.0,0.0
2013-04-18 00:00:00+08:00,0.2615344524383545,0.26414972248958923,0.25891918238711975,0.2615344524383545,1463971,0.0,0.0
2013-04-19 00:00:00+08:00,0.2615344494610068,0.2615344494610068,0.2589191794395447,0.2589191794395447,1304042,0.0,0.0
2013-04-22 00:00:00+08:00,0.2615344494610068,0.2615344494610068,0.2589191794395447,0.2589191794395447,1279437,0.0,0.0
2013-04-23 00:00:00+08:00,0.2589191794395447,0.2615344494610068,0.2589191794395447,0.2589191794395447,632542,0.0,0.0
2013-04-24 00:00:00+08:00,0.2615344494610068,0.2615344494610068,0.2589191794395447,0.2589191794395447,2009373,0.0,0.0
2013-04-25 00:00:00+08:00,0.2589191794395447,0.2615344494610068,0.2589191794395447,0.2589191794395447,1016988,0.0,0.0
2013-04-26 00:00:00+08:00,0.2589191794395447,0.2615344494610068,0.25630338203312913,0.2589191794395447,870386,0.0,0.0
2013-04-29 00:00:00+08:00,0.2589191794395447,0.2615344494610068,0.2589191794395447,0.2589191794395447,1219976,0.0,0.0
2013-04-30 00:00:00+08:00,0.2589191794395447,0.2615344494610068,0.2589191794395447,0.2589191794395447,944200,0.0,0.0
2013-05-02 00:00:00+08:00,0.2589191794395447,0.2589191794395447,0.25630338203312913,0.2589191794395447,1430140,0.0,0.0
2013-05-03 00:00:00+08:00,0.25630338203312913,0.2589191794395447,0.25630338203312913,0.2589191794395447,852958,0.0,0.0
2013-05-06 00:00:00+08:00,0.25891918238711975,0.2615344524383545,0.2563033849509256,0.2615344524383545,2836701,0.0,0.0
2013-05-07 00:00:00+08:00,0.2615344524383545,0.26414972248958923,0.25891918238711975,0.2615344524383545,1472173,0.0,0.0
2013-05-08 00:00:00+08:00,0.2615344524383545,0.26414972248958923,0.2615344524383545,0.2615344524383545,745313,0.0,0.0
2013-05-09 00:00:00+08:00,0.26334691047668457,0.26334691047668457,0.2606863807820379,0.26334691047668457,884739,0.0082,0.0
2013-05-10 00:00:00+08:00,0.26334691047668457,0.26334691047668457,0.2606863807820379,0.26334691047668457,548476,0.0,0.0
2013-05-13 00:00:00+08:00,0.2633468230807305,0.2633468230807305,0.2580263018608093,0.2580263018608093,2892062,0.0,0.0
2013-05-14 00:00:00+08:00,0.26068629426902384,0.26068629426902384,0.2580263018608093,0.2580263018608093,1423989,0.0,0.0
2013-05-15 00:00:00+08:00,0.2606863807820379,0.26334691047668457,0.2580263874910614,0.26334691047668457,1361452,0.0,0.0
2013-05-16 00:00:00+08:00,0.26334691047668457,0.26334691047668457,0.2606863807820379,0.26334691047668457,373169,0.0,0.0
2013-05-17 00:00:00+08:00,0.26334692741829385,0.26334692741829385,0.2580264040903913,0.26068639755249023,2126244,0.0,0.0
2013-05-20 00:00:00+08:00,0.2606863807820379,0.26334691047668457,0.2606863807820379,0.26334691047668457,619215,0.0,0.0
2013-05-21 00:00:00+08:00,0.26334692741829385,0.26334692741829385,0.26068639755249023,0.26068639755249023,1169742,0.0,0.0
2013-05-22 00:00:00+08:00,0.26068639755249023,0.26334692741829385,0.26068639755249023,0.26068639755249023,874487,0.0,0.0
2013-05-23 00:00:00+08:00,0.2606863105266258,0.2633468395042553,0.25536632537841797,0.25536632537841797,3495899,0.0,0.0
2013-05-27 00:00:00+08:00,0.2580264040903913,0.26068639755249023,0.2553664106282923,0.26068639755249023,2157000,0.0,0.0
2013-05-28 00:00:00+08:00,0.26068639755249023,0.26068639755249023,0.2580264040903913,0.26068639755249023,555653,0.0,0.0
2013-05-29 00:00:00+08:00,0.26068639755249023,0.26068639755249023,0.2580264040903913,0.26068639755249023,1855594,0.0,0.0
2013-05-30 00:00:00+08:00,0.2580263179525219,0.2580263179525219,0.2473863476561062,0.25536632537841797,4093585,0.0,0.0
2013-05-31 00:00:00+08:00,0.25536632537841797,0.25536632537841797,0.2500463402302101,0.25536632537841797,1144112,0.0,0.0
2013-06-03 00:00:00+08:00,0.2553664319875792,0.2553664319875792,0.25004644461840836,0.2527064383029938,718658,0.0,0.0
2013-06-04 00:00:00+08:00,0.25270633280431404,0.25536632537841797,0.2500463402302101,0.25536632537841797,592560,0.0,0.0
2013-06-05 00:00:00+08:00,0.2527064383029938,0.2553664319875792,0.2527064383029938,0.2527064383029938,777094,0.0,0.0
2013-06-06 00:00:00+08:00,0.2527063653301064,0.25536635824657755,0.25004637241363525,0.25004637241363525,1924282,0.0,0.0
2013-06-07 00:00:00+08:00,0.25270633280431404,0.25536632537841797,0.2500463402302101,0.25536632537841797,637668,0.0,0.0
2013-06-10 00:00:00+08:00,0.2527064383029938,0.2527064383029938,0.2527064383029938,0.2527064383029938,513620,0.0,0.0
2013-06-11 00:00:00+08:00,0.2527063653301064,0.2527063653301064,0.25004637241363525,0.25004637241363525,1311218,0.0,0.0
2013-06-12 00:00:00+08:00,0.25004628359473136,0.25004628359473136,0.24472629965149978,0.24738629162311554,2342560,0.0,0.0
2013-06-13 00:00:00+08:00,0.24738641272257603,0.24738641272257603,0.24206587351680584,0.24472641944885254,3836262,0.0,0.0
2013-06-14 00:00:00+08:00,0.24206575502183128,0.25004628359473136,0.24206575502183128,0.24738629162311554,837580,0.0,0.0
2013-06-17 00:00:00+08:00,0.2473863794971641,0.25004637241363525,0.2473863794971641,0.25004637241363525,528998,0.0,0.0
2013-06-18 00:00:00+08:00,0.25004637241363525,0.2527063653301064,0.2473863794971641,0.25004637241363525,1225102,0.0,0.0
2013-06-19 00:00:00+08:00,0.2527064383029938,0.2527064383029938,0.25004644461840836,0.2527064383029938,1381956,0.0,0.0
2013-06-20 00:00:00+08:00,0.24738641272257603,0.2500464059962995,0.24472641944885257,0.24472641944885254,1212800,0.0,0.0
2013-06-21 00:00:00+08:00,0.24472641944885257,0.2500464059962995,0.24206587351680584,0.24472641944885254,2195957,0.0,0.0
2013-06-24 00:00:00+08:00,0.24738641599856262,0.24738641599856262,0.2420658767223358,0.24206587672233582,477738,0.0,0.0
2013-06-25 00:00:00+08:00,0.24206587351680584,0.24472641944885257,0.24206587351680584,0.24472641944885254,560779,0.0,0.0
2013-06-26 00:00:00+08:00,0.24472641944885257,0.24738641272257603,0.24472641944885257,0.24472641944885254,165055,0.0,0.0
2013-06-27 00:00:00+08:00,0.24738629162311554,0.24738629162311554,0.24472629965149978,0.24738629162311554,584358,0.0,0.0
2013-06-28 00:00:00+08:00,0.2473863794971641,0.25004637241363525,0.24472638658069296,0.25004637241363525,752489,0.0,0.0
2013-07-01 00:00:00+08:00,0.24738629162311554,0.24738629162311554,0.24472629965149978,0.24738629162311554,388547,0.0,0.0
2013-07-02 00:00:00+08:00,0.24738629162311554,0.25004628359473136,0.24472629965149978,0.24738629162311554,565905,0.0,0.0
2013-07-03 00:00:00+08:00,0.24738641272257603,0.2500464059962995,0.24472641944885257,0.24472641944885254,439806,0.0,0.0
2013-07-04 00:00:00+08:00,0.24738629162311554,0.25004628359473136,0.24472629965149978,0.24738629162311554,127123,0.0,0.0
2013-07-05 00:00:00+08:00,0.24738629162311554,0.25004628359473136,0.24738629162311554,0.24738629162311554,159929,0.0,0.0
2013-07-08 00:00:00+08:00,0.2473863794971641,0.25004637241363525,0.24472638658069296,0.25004637241363525,609988,0.0,0.0
2013-07-09 00:00:00+08:00,0.25004637241363525,0.25004637241363525,0.2473863794971641,0.25004637241363525,365992,0.0,0.0
2013-07-10 00:00:00+08:00,0.25004628359473136,0.25004628359473136,0.24472629965149978,0.24738629162311554,606912,0.0,0.0
2013-07-11 00:00:00+08:00,0.2473863794971641,0.25004637241363525,0.2473863794971641,0.25004637241363525,968804,0.0,0.0
2013-07-12 00:00:00+08:00,0.25004628359473136,0.25004628359473136,0.24738629162311554,0.24738629162311554,522847,0.0,0.0
2013-07-15 00:00:00+08:00,0.24738629162311554,0.25004628359473136,0.24738629162311554,0.24738629162311554,441857,0.0,0.0
2013-07-16 00:00:00+08:00,0.25004628359473136,0.25004628359473136,0.24738629162311554,0.24738629162311554,265524,0.0,0.0
2013-07-17 00:00:00+08:00,0.25004637241363525,0.25004637241363525,0.2473863794971641,0.25004637241363525,372144,0.0,0.0
2013-07-18 00:00:00+08:00,0.25004637241363525,0.25004637241363525,0.2473863794971641,0.25004637241363525,485940,0.0,0.0
2013-07-19 00:00:00+08:00,0.25004637241363525,0.25004637241363525,0.2473863794971641,0.25004637241363525,540275,0.0,0.0
2013-07-22 00:00:00+08:00,0.2527064383029938,0.2527064383029938,0.25004644461840836,0.2527064383029938,253222,0.0,0.0
2013-07-23 00:00:00+08:00,0.2553664319875792,0.2553664319875792,0.25004644461840836,0.2527064383029938,278851,0.0,0.0
2013-07-24 00:00:00+08:00,0.25270633280431404,0.25536632537841797,0.25270633280431404,0.25536632537841797,943175,0.0,0.0
2013-07-25 00:00:00+08:00,0.25536630945259486,0.2580263018608093,0.25536630945259486,0.2580263018608093,1568541,0.0,0.0
2013-07-26 00:00:00+08:00,0.2580263179525219,0.2580263179525219,0.25270633280431404,0.25536632537841797,471587,0.0,0.0
2013-07-29 00:00:00+08:00,0.2553664319875792,0.2580264256721646,0.2527064383029938,0.2527064383029938,1527533,0.0,0.0
2013-07-30 00:00:00+08:00,0.25536630945259486,0.2580263018608093,0.25536630945259486,0.2580263018608093,1478324,0.0,0.0
2013-07-31 00:00:00+08:00,0.2580264040903913,0.26068639755249023,0.2580264040903913,0.26068639755249023,689953,0.0,0.0
2013-08-01 00:00:00+08:00,0.26068639755249023,0.26068639755249023,0.2580264040903913,0.26068639755249023,759666,0.0,0.0
2013-08-02 00:00:00+08:00,0.2580263018608093,0.26068629426902384,0.2580263018608093,0.2580263018608093,91241,0.0,0.0
2013-08-05 00:00:00+08:00,0.25536630945259486,0.26068629426902384,0.25536630945259486,0.2580263018608093,56385,0.0,0.0
2013-08-06 00:00:00+08:00,0.2580263018608093,0.2580263018608093,0.2580263018608093,0.2580263018608093,1325571,0.0,0.0
2013-08-07 00:00:00+08:00,0.2580263179525219,0.2580263179525219,0.25270633280431404,0.25536632537841797,1328646,0.0,0.0
2013-08-12 00:00:00+08:00,0.25536632537841797,0.2580263179525219,0.25536632537841797,0.25536632537841797,416227,0.0,0.0
2013-08-13 00:00:00+08:00,0.25536630945259486,0.2580263018608093,0.25536630945259486,0.2580263018608093,53309,0.0,0.0
2013-08-14 00:00:00+08:00,0.25536632537841797,0.2580263179525219,0.25270633280431404,0.25536632537841797,1201523,0.0,0.0
2013-08-15 00:00:00+08:00,0.25536632537841797,0.25536632537841797,0.25270633280431404,0.25536632537841797,881663,0.0,0.0
2013-08-16 00:00:00+08:00,0.25536632537841797,0.25536632537841797,0.25536632537841797,0.25536632537841797,2141622,0.0,0.0
2013-08-19 00:00:00+08:00,0.25721107696762635,0.25721107696762635,0.25450366735458374,0.25450366735458374,902167,0.0082,0.0
2013-08-20 00:00:00+08:00,0.2517961859703064,0.2572110036529682,0.2517961859703064,0.2517961859703064,445957,0.0,0.0
2013-08-21 00:00:00+08:00,0.2517962775379163,0.2517962775379163,0.24638089537620542,0.24638089537620544,2159051,0.0,0.0
2013-08-22 00:00:00+08:00,0.2463808814152756,0.249088853597641,0.24367347174278742,0.249088853597641,2531195,0.0,0.0
2013-08-23 00:00:00+08:00,0.249088853597641,0.249088853597641,0.2463808814152756,0.249088853597641,1015963,0.0,0.0
2013-08-26 00:00:00+08:00,0.24908877712897545,0.2517961859703064,0.24908877712897545,0.2517961859703064,397773,0.0,0.0
2013-08-27 00:00:00+08:00,0.24638089537620542,0.2490888677120154,0.24638089537620542,0.24638089537620544,1395284,0.0,0.0
2013-08-28 00:00:00+08:00,0.24367348555030457,0.24638089537620542,0.24367348555030457,0.24638089537620544,1710017,0.0,0.0
2013-08-29 00:00:00+08:00,0.2463808814152756,0.249088853597641,0.24367347174278742,0.249088853597641,430579,0.0,0.0
2013-08-30 00:00:00+08:00,0.2490888677120154,0.2490888677120154,0.24638089537620542,0.24638089537620544,135325,0.0,0.0
2013-09-02 00:00:00+08:00,0.2463808814152756,0.249088853597641,0.2463808814152756,0.249088853597641,579232,0.0,0.0
2013-09-03 00:00:00+08:00,0.24908877712897545,0.2517961859703064,0.24908877712897545,0.2517961859703064,709431,0.0,0.0
2013-09-04 00:00:00+08:00,0.249088853597641,0.25179626327012916,0.249088853597641,0.249088853597641,547451,0.0,0.0
2013-09-05 00:00:00+08:00,0.2517961859703064,0.2517961859703064,0.24908877712897545,0.2517961859703064,114821,0.0,0.0
2013-09-06 00:00:00+08:00,0.2517961859703064,0.2517961859703064,0.24908877712897545,0.2517961859703064,120972,0.0,0.0
2013-09-09 00:00:00+08:00,0.2517961859703064,0.2517961859703064,0.2517961859703064,0.2517961859703064,115846,0.0,0.0
2013-09-10 00:00:00+08:00,0.25179626327012916,0.25179626327012916,0.249088853597641,0.249088853597641,239894,0.0,0.0
2013-09-11 00:00:00+08:00,0.24908877712897545,0.2517961859703064,0.24908877712897545,0.2517961859703064,468512,0.0,0.0
2013-09-12 00:00:00+08:00,0.2517961859703064,0.25450359481163726,0.2517961859703064,0.2517961859703064,465436,0.0,0.0
2013-09-13 00:00:00+08:00,0.2517961859703064,0.25450359481163726,0.2517961859703064,0.2517961859703064,1137961,0.0,0.0
2013-09-16 00:00:00+08:00,0.2517961859703064,0.25450359481163726,0.2517961859703064,0.2517961859703064,923696,0.0,0.0
2013-09-17 00:00:00+08:00,0.25179626327012916,0.25179626327012916,0.249088853597641,0.249088853597641,717633,0.0,0.0
2013-09-18 00:00:00+08:00,0.24908877712897545,0.2517961859703064,0.24908877712897545,0.2517961859703064,915495,0.0,0.0
2013-09-19 00:00:00+08:00,0.2517962577415411,0.25450366735458374,0.2517962577415411,0.25450366735458374,437756,0.0,0.0
2013-09-20 00:00:00+08:00,0.25450359481163726,0.2572110036529682,0.2517961859703064,0.2517961859703064,2144698,0.0,0.0
2013-09-23 00:00:00+08:00,0.2517961859703064,0.2517961859703064,0.2517961859703064,0.2517961859703064,411101,0.0,0.0
2013-09-24 00:00:00+08:00,0.2517961859703064,0.2517961859703064,0.2517961859703064,0.2517961859703064,839630,0.0,0.0
2013-09-25 00:00:00+08:00,0.2517961859703064,0.25450359481163726,0.2517961859703064,0.2517961859703064,912419,0.0,0.0
2013-09-26 00:00:00+08:00,0.2517962577415411,0.25450366735458374,0.2517962577415411,0.25450366735458374,596660,0.0,0.0
2013-09-27 00:00:00+08:00,0.2517961859703064,0.25450359481163726,0.2517961859703064,0.2517961859703064,1490626,0.0,0.0
2013-09-30 00:00:00+08:00,0.2517962577415411,0.25450366735458374,0.2490888481284984,0.25450366735458374,567955,0.0,0.0
2013-10-01 00:00:00+08:00,0.25450366735458374,0.25450366735458374,0.2517962577415411,0.25450366735458374,220415,0.0,0.0
2013-10-02 00:00:00+08:00,0.25450366735458374,0.25450366735458374,0.2517962577415411,0.25450366735458374,489015,0.0,0.0
2013-10-03 00:00:00+08:00,0.2517962577415411,0.25450366735458374,0.2517962577415411,0.25450366735458374,175307,0.0,0.0
2013-10-04 00:00:00+08:00,0.25450366735458374,0.25450366735458374,0.2517962577415411,0.25450366735458374,238869,0.0,0.0
2013-10-07 00:00:00+08:00,0.25450366735458374,0.25450366735458374,0.2517962577415411,0.25450366735458374,341388,0.0,0.0
2013-10-08 00:00:00+08:00,0.2517962577415411,0.25450366735458374,0.2517962577415411,0.25450366735458374,400849,0.0,0.0
2013-10-09 00:00:00+08:00,0.2517961859703064,0.2517961859703064,0.2517961859703064,0.2517961859703064,453134,0.0,0.0
2013-10-10 00:00:00+08:00,0.2517961859703064,0.2517961859703064,0.2517961859703064,0.2517961859703064,20503,0.0,0.0
2013-10-11 00:00:00+08:00,0.2517962577415411,0.25450366735458374,0.2517962577415411,0.25450366735458374,298330,0.0,0.0
2013-10-14 00:00:00+08:00,0.25450359481163726,0.25450359481163726,0.2517961859703064,0.2517961859703064,506444,0.0,0.0
2013-10-16 00:00:00+08:00,0.2517962577415411,0.25450366735458374,0.2517962577415411,0.25450366735458374,346514,0.0,0.0
2013-10-17 00:00:00+08:00,0.2517961859703064,0.25450359481163726,0.2517961859703064,0.2517961859703064,635618,0.0,0.0
2013-10-18 00:00:00+08:00,0.25450366735458374,0.25450366735458374,0.2517962577415411,0.25450366735458374,171206,0.0,0.0
2013-10-21 00:00:00+08:00,0.25450366199937846,0.2599184811115265,0.25450366199937846,0.2599184811115265,706356,0.0,0.0
2013-10-22 00:00:00+08:00,0.2599184811115265,0.2599184811115265,0.2572110715554525,0.2599184811115265,279876,0.0,0.0
2013-10-23 00:00:00+08:00,0.2572110715554525,0.2599184811115265,0.2572110715554525,0.2599184811115265,212214,0.0,0.0
2013-10-24 00:00:00+08:00,0.2599185289913471,0.2599185289913471,0.2572111189365387,0.2572111189365387,478763,0.0,0.0
2013-10-25 00:00:00+08:00,0.2572111189365387,0.2599185289913471,0.2572111189365387,0.2572111189365387,542325,0.0,0.0
2013-10-28 00:00:00+08:00,0.2572110715554525,0.2599184811115265,0.2572110715554525,0.2599184811115265,267574,0.0,0.0
2013-10-29 00:00:00+08:00,0.2599184811115265,0.2599184811115265,0.2572110715554525,0.2599184811115265,379320,0.0,0.0
2013-10-30 00:00:00+08:00,0.2599184811115265,0.26262589066760045,0.2572110715554525,0.2599184811115265,1236379,0.0,0.0
2013-10-31 00:00:00+08:00,0.2599184811115265,0.2599184811115265,0.2572110715554525,0.2599184811115265,483889,0.0,0.0
2013-11-01 00:00:00+08:00,0.2599184637139821,0.26262587308883667,0.2599184637139821,0.26262587308883667,742237,0.0,0.0
2013-11-05 00:00:00+08:00,0.2599184811115265,0.26262589066760045,0.2572110715554525,0.2599184811115265,2208260,0.0,0.0
2013-11-06 00:00:00+08:00,0.2599184811115265,0.2599184811115265,0.2572110715554525,0.2599184811115265,332161,0.0,0.0
2013-11-07 00:00:00+08:00,0.2599185289913471,0.2599185289913471,0.2572111189365387,0.2572111189365387,660222,0.0,0.0
2013-11-08 00:00:00+08:00,0.25908906334648846,0.25908906334648846,0.2563328742980957,0.2563328742980957,592560,0.0082,0.0
2013-11-11 00:00:00+08:00,0.2563328742980957,0.25908906334648846,0.2563328742980957,0.2563328742980957,562829,0.0,0.0
2013-11-12 00:00:00+08:00,0.2563328742980957,0.2563328742980957,0.2563328742980957,0.2563328742980957,265524,0.0,0.0
2013-11-13 00:00:00+08:00,0.2563329152096487,0.2563329152096487,0.25357672572135925,0.25357672572135925,227592,0.0,0.0
2013-11-14 00:00:00+08:00,0.2563328742980957,0.2563328742980957,0.2535766852497029,0.2563328742980957,523872,0.0,0.0
2013-11-15 00:00:00+08:00,0.2563328742980957,0.25908906334648846,0.2563328742980957,0.2563328742980957,908318,0.0,0.0
2013-11-18 00:00:00+08:00,0.2563328742980957,0.2563328742980957,0.2563328742980957,0.2563328742980957,176332,0.0,0.0
2013-11-19 00:00:00+08:00,0.25908905267715454,0.25908905267715454,0.25633286374226216,0.25908905267715454,31780,0.0,0.0
2013-11-20 00:00:00+08:00,0.25908905267715454,0.25908905267715454,0.25908905267715454,0.25908905267715454,114821,0.0,0.0
2013-11-21 00:00:00+08:00,0.25908905267715454,0.25908905267715454,0.25633286374226216,0.25908905267715454,638693,0.0,0.0
2013-11-22 00:00:00+08:00,0.25908905267715454,0.25908905267715454,0.25633286374226216,0.25908905267715454,1442442,0.0,0.0
2013-11-25 00:00:00+08:00,0.25908906334648846,0.25908906334648846,0.2563328742980957,0.2563328742980957,1050820,0.0,0.0
2013-11-26 00:00:00+08:00,0.25633286374226216,0.25908905267715454,0.25633286374226216,0.25908905267715454,158904,0.0,0.0
2013-11-27 00:00:00+08:00,0.26184529066085815,0.26184529066085815,0.2590891012096768,0.26184529066085815,2617311,0.0,0.0
2013-11-28 00:00:00+08:00,0.26184529066085815,0.26184529066085815,0.2590891012096768,0.26184529066085815,766842,0.0,0.0
2013-11-29 00:00:00+08:00,0.261845241612047,0.261845241612047,0.25908905267715454,0.25908905267715454,61511,0.0,0.0
2013-12-02 00:00:00+08:00,0.2590891012096768,0.26184529066085815,0.2590891012096768,0.26184529066085815,99443,0.0,0.0
2013-12-03 00:00:00+08:00,0.25908905267715454,0.261845241612047,0.25908905267715454,0.25908905267715454,326010,0.0,0.0
2013-12-04 00:00:00+08:00,0.2590891012096768,0.26184529066085815,0.2590891012096768,0.26184529066085815,206063,0.0,0.0
2013-12-05 00:00:00+08:00,0.25908906334648846,0.25908906334648846,0.2563328742980957,0.2563328742980957,421353,0.0,0.0
2013-12-06 00:00:00+08:00,0.25633286374226216,0.261845241612047,0.25633286374226216,0.25908905267715454,471587,0.0,0.0
2013-12-09 00:00:00+08:00,0.25908905267715454,0.25908905267715454,0.25633286374226216,0.25908905267715454,1236379,0.0,0.0
2013-12-10 00:00:00+08:00,0.25908906334648846,0.25908906334648846,0.2563328742980957,0.2563328742980957,881663,0.0,0.0
2013-12-11 00:00:00+08:00,0.2563328742980957,0.2563328742980957,0.2563328742980957,0.2563328742980957,269625,0.0,0.0
2013-12-12 00:00:00+08:00,0.2563328742980957,0.2563328742980957,0.2535766852497029,0.2563328742980957,334212,0.0,0.0
2013-12-13 00:00:00+08:00,0.2563329152096487,0.2563329152096487,0.25357672572135925,0.25357672572135925,486965,0.0,0.0
2013-12-16 00:00:00+08:00,0.2535766852497029,0.2563328742980957,0.2535766852497029,0.2563328742980957,321909,0.0,0.0
2013-12-17 00:00:00+08:00,0.2563329152096487,0.2563329152096487,0.25357672572135925,0.25357672572135925,318834,0.0,0.0
2013-12-18 00:00:00+08:00,0.25633286374226216,0.25908905267715454,0.25357667480736973,0.25908905267715454,527973,0.0,0.0
2013-12-19 00:00:00+08:00,0.25908905267715454,0.25908905267715454,0.25633286374226216,0.25908905267715454,148652,0.0,0.0
2013-12-20 00:00:00+08:00,0.25908906334648846,0.25908906334648846,0.2563328742980957,0.2563328742980957,540275,0.0,0.0
2013-12-23 00:00:00+08:00,0.25908906334648846,0.25908906334648846,0.2563328742980957,0.2563328742980957,467486,0.0,0.0
2013-12-24 00:00:00+08:00,0.25633286374226216,0.25908905267715454,0.25633286374226216,0.25908905267715454,53309,0.0,0.0
2013-12-26 00:00:00+08:00,0.25908905267715454,0.25908905267715454,0.25633286374226216,0.25908905267715454,125073,0.0,0.0
2013-12-27 00:00:00+08:00,0.25908905267715454,0.25908905267715454,0.25633286374226216,0.25908905267715454,257322,0.0,0.0
2013-12-30 00:00:00+08:00,0.25908905267715454,0.25908905267715454,0.25633286374226216,0.25908905267715454,288078,0.0,0.0
2013-12-31 00:00:00+08:00,0.25908905267715454,0.25908905267715454,0.25908905267715454,0.25908905267715454,70738,0.0,0.0
2014-01-02 00:00:00+08:00,0.25633286374226216,0.25908905267715454,0.25633286374226216,0.25908905267715454,208113,0.0,0.0
2014-01-03 00:00:00+08:00,0.25908905267715454,0.25908905267715454,0.25633286374226216,0.25908905267715454,150702,0.0,0.0
2014-01-06 00:00:00+08:00,0.25908905267715454,0.25908905267715454,0.25633286374226216,0.25908905267715454,54335,0.0,0.0
2014-01-07 00:00:00+08:00,0.25908905267715454,0.25908905267715454,0.25633286374226216,0.25908905267715454,146602,0.0,0.0
2014-01-08 00:00:00+08:00,0.2590891012096768,0.26184529066085815,0.25633291175849554,0.26184529066085815,931898,0.0,0.0
2014-01-09 00:00:00+08:00,0.25908905267715454,0.25908905267715454,0.25633286374226216,0.25908905267715454,310632,0.0,0.0
2014-01-10 00:00:00+08:00,0.25908905267715454,0.25908905267715454,0.25908905267715454,0.25908905267715454,297305,0.0,0.0
2014-01-13 00:00:00+08:00,0.25908905267715454,0.25908905267715454,0.25633286374226216,0.25908905267715454,423403,0.0,0.0
2014-01-14 00:00:00+08:00,0.25633286374226216,0.261845241612047,0.25633286374226216,0.25908905267715454,1406561,0.0,0.0
2014-01-15 00:00:00+08:00,0.25908905267715454,0.25908905267715454,0.25633286374226216,0.25908905267715454,561804,0.0,0.0
2014-01-16 00:00:00+08:00,0.25908905267715454,0.261845241612047,0.25908905267715454,0.25908905267715454,229642,0.0,0.0
2014-01-17 00:00:00+08:00,0.2590891012096768,0.26184529066085815,0.2590891012096768,0.26184529066085815,161980,0.0,0.0
2014-01-20 00:00:00+08:00,0.26184529066085815,0.26184529066085815,0.2590891012096768,0.26184529066085815,96367,0.0,0.0
2014-01-21 00:00:00+08:00,0.2590891012096768,0.26184529066085815,0.2590891012096768,0.26184529066085815,93292,0.0,0.0
2014-01-22 00:00:00+08:00,0.2618452797040671,0.264601469039917,0.2590890903682172,0.264601469039917,961628,0.0,0.0
2014-01-23 00:00:00+08:00,0.2618452797040671,0.264601469039917,0.2618452797040671,0.264601469039917,427504,0.0,0.0
2014-01-24 00:00:00+08:00,0.26460148011203943,0.26460148011203943,0.26184529066085815,0.26184529066085815,317809,0.0,0.0
2014-01-27 00:00:00+08:00,0.25908905267715454,0.25908905267715454,0.25633286374226216,0.25908905267715454,1071324,0.0,0.0
2014-01-28 00:00:00+08:00,0.2563328742980957,0.25908906334648846,0.2563328742980957,0.2563328742980957,251171,0.0,0.0
2014-01-29 00:00:00+08:00,0.25908905267715454,0.25908905267715454,0.25908905267715454,0.25908905267715454,291154,0.0,0.0
2014-01-30 00:00:00+08:00,0.25908905267715454,0.25908905267715454,0.25633286374226216,0.25908905267715454,71763,0.0,0.0
2014-02-03 00:00:00+08:00,0.25633286374226216,0.25908905267715454,0.25633286374226216,0.25908905267715454,299355,0.0,0.0
2014-02-04 00:00:00+08:00,0.25908906334648846,0.25908906334648846,0.2535766852497029,0.2563328742980957,1775629,0.0,0.0
2014-02-05 00:00:00+08:00,0.2563328742980957,0.25908906334648846,0.2535766852497029,0.2563328742980957,1172817,0.0,0.0
2014-02-06 00:00:00+08:00,0.2563328742980957,0.25908906334648846,0.2535766852497029,0.2563328742980957,1138986,0.0,0.0
2014-02-07 00:00:00+08:00,0.2563329152096487,0.2563329152096487,0.25357672572135925,0.25357672572135925,1092853,0.0,0.0
2014-02-10 00:00:00+08:00,0.25633286374226216,0.25908905267715454,0.25633286374226216,0.25908905267715454,214264,0.0,0.0
2014-02-11 00:00:00+08:00,0.25908906334648846,0.25908906334648846,0.2563328742980957,0.2563328742980957,304481,0.0,0.0
2014-02-12 00:00:00+08:00,0.2590891012096768,0.26184529066085815,0.25633291175849554,0.26184529066085815,1243556,0.0,0.0
2014-02-13 00:00:00+08:00,0.261845241612047,0.261845241612047,0.25908905267715454,0.25908905267715454,1151288,0.0,0.0
2014-02-14 00:00:00+08:00,0.2610011696815491,0.26380755402637335,0.2610011696815491,0.2610011696815491,453134,0.0082,0.0
2014-02-17 00:00:00+08:00,0.2610011696815491,0.2610011696815491,0.2581947853367248,0.2610011696815491,300380,0.0,0.0
2014-02-18 00:00:00+08:00,0.26380755402637335,0.26380755402637335,0.2581947853367248,0.2610011696815491,796572,0.0,0.0
2014-02-19 00:00:00+08:00,0.2610011696815491,0.26380755402637335,0.2610011696815491,0.2610011696815491,171206,0.0,0.0
2014-02-20 00:00:00+08:00,0.2610011696815491,0.26380755402637335,0.2610011696815491,0.2610011696815491,575131,0.0,0.0
2014-02-21 00:00:00+08:00,0.2610012489938547,0.2610012489938547,0.25819486379623413,0.25819486379623413,751464,0.0,0.0
2014-02-24 00:00:00+08:00,0.2610012489938547,0.2610012489938547,0.25819486379623413,0.25819486379623413,2275922,0.0,0.0
2014-02-25 00:00:00+08:00,0.25819486379623413,0.2610012489938547,0.25819486379623413,0.25819486379623413,268599,0.0,0.0
2014-02-26 00:00:00+08:00,0.25819486379623413,0.2610012489938547,0.25819486379623413,0.25819486379623413,151728,0.0,0.0
2014-02-27 00:00:00+08:00,0.25819486379623413,0.2610012489938547,0.25819486379623413,0.25819486379623413,844756,0.0,0.0
2014-02-28 00:00:00+08:00,0.2610012489938547,0.2610012489938547,0.25819486379623413,0.25819486379623413,859109,0.0,0.0
2014-03-03 00:00:00+08:00,0.2581947853367248,0.2610011696815491,0.2581947853367248,0.2610011696815491,649970,0.0,0.0
2014-03-04 00:00:00+08:00,0.2581947853367248,0.2610011696815491,0.2581947853367248,0.2610011696815491,399824,0.0,0.0
2014-03-05 00:00:00+08:00,0.2610011696815491,0.2610011696815491,0.2581947853367248,0.2610011696815491,521821,0.0,0.0
2014-03-06 00:00:00+08:00,0.2610011696815491,0.2610011696815491,0.2610011696815491,0.2610011696815491,1405536,0.0,0.0
2014-03-07 00:00:00+08:00,0.26100120999783316,0.26380759477615356,0.26100120999783316,0.26380759477615356,796572,0.0,0.0
2014-03-10 00:00:00+08:00,0.26380759477615356,0.26380759477615356,0.26100120999783316,0.26380759477615356,193760,0.0,0.0
2014-03-11 00:00:00+08:00,0.26380759477615356,0.26380759477615356,0.26100120999783316,0.26380759477615356,114821,0.0,0.0
2014-03-12 00:00:00+08:00,0.2610011696815491,0.2610011696815491,0.2610011696815491,0.2610011696815491,306531,0.0,0.0
2014-03-13 00:00:00+08:00,0.2610011696815491,0.26380755402637335,0.2610011696815491,0.2610011696815491,424428,0.0,0.0
2014-03-14 00:00:00+08:00,0.2610011696815491,0.2610011696815491,0.2610011696815491,0.2610011696815491,157879,0.0,0.0
2014-03-17 00:00:00+08:00,0.2610011696815491,0.2610011696815491,0.2581947853367248,0.2610011696815491,467486,0.0,0.0
2014-03-18 00:00:00+08:00,0.2610011696815491,0.2610011696815491,0.2610011696815491,0.2610011696815491,407000,0.0,0.0
2014-03-19 00:00:00+08:00,0.26100120999783316,0.26380759477615356,0.26100120999783316,0.26380759477615356,506444,0.0,0.0
2014-03-20 00:00:00+08:00,0.2610011696815491,0.26380755402637335,0.2610011696815491,0.2610011696815491,212214,0.0,0.0
2014-03-21 00:00:00+08:00,0.2638076341914752,0.2638076341914752,0.25819486379623413,0.25819486379623413,1300966,0.0,0.0
2014-03-24 00:00:00+08:00,0.2610011696815491,0.26380755402637335,0.2610011696815491,0.2610011696815491,675600,0.0,0.0
2014-03-25 00:00:00+08:00,0.2610011696815491,0.2610011696815491,0.2610011696815491,0.2610011696815491,417252,0.0,0.0
2014-03-26 00:00:00+08:00,0.2610011696815491,0.26380755402637335,0.2610011696815491,0.2610011696815491,379320,0.0,0.0
2014-03-27 00:00:00+08:00,0.2610011696815491,0.26380755402637335,0.2610011696815491,0.2610011696815491,133274,0.0,0.0
2014-03-28 00:00:00+08:00,0.26100120999783316,0.26380759477615356,0.26100120999783316,0.26380759477615356,565905,0.0,0.0
2014-03-31 00:00:00+08:00,0.26380759477615356,0.26380759477615356,0.26100120999783316,0.26380759477615356,79964,0.0,0.0
2014-04-01 00:00:00+08:00,0.26380755402637335,0.26380755402637335,0.2610011696815491,0.2610011696815491,158904,0.0,0.0
2014-04-02 00:00:00+08:00,0.26380759477615356,0.26380759477615356,0.26100120999783316,0.26380759477615356,181458,0.0,0.0
2014-04-03 00:00:00+08:00,0.26380759477615356,0.26380759477615356,0.26100120999783316,0.26380759477615356,112770,0.0,0.0
2014-04-04 00:00:00+08:00,0.26380759477615356,0.26380759477615356,0.26100120999783316,0.26380759477615356,952401,0.0,0.0
2014-04-07 00:00:00+08:00,0.26100120999783316,0.26380759477615356,0.26100120999783316,0.26380759477615356,236818,0.0,0.0
2014-04-08 00:00:00+08:00,0.26380755402637335,0.26380755402637335,0.2610011696815491,0.2610011696815491,56385,0.0,0.0
2014-04-09 00:00:00+08:00,0.26100120999783316,0.26380759477615356,0.26100120999783316,0.26380759477615356,586408,0.0,0.0
2014-04-10 00:00:00+08:00,0.26380755402637335,0.26380755402637335,0.2610011696815491,0.2610011696815491,150702,0.0,0.0
2014-04-11 00:00:00+08:00,0.26100120999783316,0.26380759477615356,0.26100120999783316,0.26380759477615356,67662,0.0,0.0
2014-04-14 00:00:00+08:00,0.26380759477615356,0.26380759477615356,0.26100120999783316,0.26380759477615356,127123,0.0,0.0
2014-04-15 00:00:00+08:00,0.26380759477615356,0.26380759477615356,0.26100120999783316,0.26380759477615356,329086,0.0,0.0
2014-04-16 00:00:00+08:00,0.26380759477615356,0.26380759477615356,0.26100120999783316,0.26380759477615356,2333333,0.0,0.0
2014-04-17 00:00:00+08:00,0.2638076936453125,0.26661407947540283,0.2610013078152221,0.26661407947540283,572056,0.0,0.0
2014-04-21 00:00:00+08:00,0.26661407947540283,0.26661407947540283,0.2638076936453125,0.26661407947540283,45108,0.0,0.0
2014-04-22 00:00:00+08:00,0.26661407947540283,0.26661407947540283,0.2638076936453125,0.26661407947540283,154803,0.0,0.0
2014-04-23 00:00:00+08:00,0.26661397955447397,0.26661397955447397,0.26380759477615356,0.26380759477615356,50234,0.0,0.0
2014-04-24 00:00:00+08:00,0.26661407947540283,0.26661407947540283,0.2638076936453125,0.26661407947540283,747363,0.0,0.0
2014-04-25 00:00:00+08:00,0.26661397955447397,0.26661397955447397,0.26380759477615356,0.26380759477615356,185559,0.0,0.0
2014-04-28 00:00:00+08:00,0.2638076936453125,0.26661407947540283,0.2638076936453125,0.26661407947540283,462360,0.0,0.0
2014-04-29 00:00:00+08:00,0.26380759477615356,0.26661397955447397,0.26380759477615356,0.26380759477615356,147627,0.0,0.0
2014-04-30 00:00:00+08:00,0.2638076936453125,0.26661407947540283,0.2638076936453125,0.26661407947540283,219390,0.0,0.0
2014-05-02 00:00:00+08:00,0.26661397955447397,0.26661397955447397,0.26380759477615356,0.26380759477615356,308582,0.0,0.0
2014-05-05 00:00:00+08:00,0.26380759477615356,0.26661397955447397,0.26380759477615356,0.26380759477615356,377270,0.0,0.0
2014-05-06 00:00:00+08:00,0.2638076936453125,0.26661407947540283,0.2638076936453125,0.26661407947540283,798623,0.0,0.0
2014-05-07 00:00:00+08:00,0.26661407947540283,0.2694204653054932,0.26661407947540283,0.26661407947540283,1005711,0.0,0.0
2014-05-08 00:00:00+08:00,0.2694203853607178,0.2694203853607178,0.2666140003633626,0.2694203853607178,573081,0.0,0.0
2014-05-09 00:00:00+08:00,0.26851021478170295,0.2713666260242462,0.26851021478170295,0.2713666260242462,644844,0.0082,0.0
2014-05-12 00:00:00+08:00,0.2713666337589566,0.2713666337589566,0.26851022243499756,0.26851022243499756,269625,0.0,0.0
2014-05-14 00:00:00+08:00,0.26851021478170295,0.2713666260242462,0.2656538035391596,0.2713666260242462,269625,0.0,0.0
2014-05-15 00:00:00+08:00,0.26851022243499756,0.26851022243499756,0.26851022243499756,0.26851022243499756,319859,0.0,0.0
2014-05-16 00:00:00+08:00,0.26851021478170295,0.2713666260242462,0.26851021478170295,0.2713666260242462,334212,0.0,0.0
2014-05-19 00:00:00+08:00,0.2713666337589566,0.2713666337589566,0.26851022243499756,0.26851022243499756,168131,0.0,0.0
2014-05-20 00:00:00+08:00,0.26851022243499756,0.26851022243499756,0.26851022243499756,0.26851022243499756,74838,0.0,0.0
2014-05-21 00:00:00+08:00,0.2713666260242462,0.2713666260242462,0.26851021478170295,0.2713666260242462,315758,0.0,0.0
2014-05-22 00:00:00+08:00,0.2713666337589566,0.2713666337589566,0.26851022243499756,0.26851022243499756,94317,0.0,0.0
2014-05-23 00:00:00+08:00,0.26851022243499756,0.2713666337589566,0.26851022243499756,0.26851022243499756,234768,0.0,0.0
2014-05-26 00:00:00+08:00,0.2713666337589566,0.2713666337589566,0.26851022243499756,0.26851022243499756,636643,0.0,0.0
2014-05-27 00:00:00+08:00,0.26851021478170295,0.2713666260242462,0.26851021478170295,0.2713666260242462,409050,0.0,0.0
2014-05-28 00:00:00+08:00,0.2713666260242462,0.2713666260242462,0.26851021478170295,0.2713666260242462,159929,0.0,0.0
2014-05-29 00:00:00+08:00,0.2713666402211064,0.2770794630050659,0.2713666402211064,0.2770794630050659,2766988,0.0,0.0
2014-05-30 00:00:00+08:00,0.2770794257837271,0.28564923482100835,0.2770794257837271,0.2799358367919922,4606180,0.0,0.0
2014-06-02 00:00:00+08:00,0.2799358367919922,0.2827928238127433,0.2799358367919922,0.2799358367919922,737111,0.0,0.0
2014-06-03 00:00:00+08:00,0.2799358367919922,0.2827928238127433,0.2770794257837271,0.2799358367919922,458260,0.0,0.0
2014-06-04 00:00:00+08:00,0.2770794257837271,0.2799358367919922,0.2770794257837271,0.2799358367919922,324985,0.0,0.0
2014-06-05 00:00:00+08:00,0.2799358367919922,0.2799358367919922,0.2770794257837271,0.2799358367919922,516695,0.0,0.0
2014-06-06 00:00:00+08:00,0.2799358367919922,0.2799358367919922,0.2799358367919922,0.2799358367919922,54335,0.0,0.0
2014-06-09 00:00:00+08:00,0.2799358367919922,0.2799358367919922,0.2770794257837271,0.2799358367919922,246045,0.0,0.0
2014-06-10 00:00:00+08:00,0.2770794257837271,0.2799358367919922,0.2770794257837271,0.2799358367919922,444932,0.0,0.0
2014-06-11 00:00:00+08:00,0.27707950100182793,0.27707950100182793,0.27422308921813965,0.27422308921813965,391622,0.0,0.0
2014-06-12 00:00:00+08:00,0.27422303726678954,0.2770794485093328,0.2713666260242462,0.2713666260242462,1266110,0.0,0.0
2014-06-13 00:00:00+08:00,0.2713666260242462,0.27422303726678954,0.2713666260242462,0.2713666260242462,423403,0.0,0.0
2014-06-16 00:00:00+08:00,0.2713666260242462,0.27422303726678954,0.2713666260242462,0.2713666260242462,609988,0.0,0.0
2014-06-17 00:00:00+08:00,0.2713666260242462,0.27422303726678954,0.2713666260242462,0.2713666260242462,316783,0.0,0.0
2014-06-18 00:00:00+08:00,0.27422303726678954,0.27422303726678954,0.2713666260242462,0.2713666260242462,456209,0.0,0.0
2014-06-19 00:00:00+08:00,0.27422303726678954,0.27422303726678954,0.2713666260242462,0.2713666260242462,1020064,0.0,0.0
2014-06-20 00:00:00+08:00,0.27422303726678954,0.27422303726678954,0.2713666260242462,0.2713666260242462,3248828,0.0,0.0
2014-06-23 00:00:00+08:00,0.27422303726678954,0.27422303726678954,0.2713666260242462,0.2713666260242462,473637,0.0,0.0
2014-06-24 00:00:00+08:00,0.27422303726678954,0.27422303726678954,0.2713666260242462,0.2713666260242462,481839,0.0,0.0
2014-06-25 00:00:00+08:00,0.2713666260242462,0.27422303726678954,0.2713666260242462,0.2713666260242462,1238430,0.0,0.0
2014-06-26 00:00:00+08:00,0.27136667743445136,0.27422308921813965,0.27136667743445136,0.27422308921813965,907293,0.0,0.0
2014-06-27 00:00:00+08:00,0.27422308921813965,0.27422308921813965,0.27136667743445136,0.27422308921813965,331136,0.0,0.0
2014-06-30 00:00:00+08:00,0.27422303726678954,0.27422303726678954,0.2713666260242462,0.2713666260242462,597686,0.0,0.0
2014-07-01 00:00:00+08:00,0.27422303726678954,0.27422303726678954,0.2713666260242462,0.2713666260242462,2286174,0.0,0.0
2014-07-02 00:00:00+08:00,0.27422305161308613,0.2770794630050659,0.27422305161308613,0.2770794630050659,240919,0.0,0.0
2014-07-03 00:00:00+08:00,0.2770794630050659,0.27993587439704565,0.2770794630050659,0.2770794630050659,1210749,0.0,0.0
2014-07-04 00:00:00+08:00,0.27707950100182793,0.27707950100182793,0.27422308921813965,0.27422308921813965,648945,0.0,0.0
2014-07-07 00:00:00+08:00,0.27707950100182793,0.27707950100182793,0.27422308921813965,0.27422308921813965,148652,0.0,0.0
2014-07-08 00:00:00+08:00,0.27422308921813965,0.27707950100182793,0.27422308921813965,0.27422308921813965,373169,0.0,0.0
2014-07-09 00:00:00+08:00,0.2770794630050659,0.2827928618015888,0.27422305161308613,0.2770794630050659,1235354,0.0,0.0
2014-07-10 00:00:00+08:00,0.2770794630050659,0.27993587439704565,0.2770794630050659,0.2770794630050659,1015963,0.0,0.0
2014-07-11 00:00:00+08:00,0.2799358367919922,0.2799358367919922,0.2770794257837271,0.2799358367919922,145577,0.0,0.0
2014-07-14 00:00:00+08:00,0.2799358492794918,0.2827928364276886,0.2799358492794918,0.2827928364276886,612038,0.0,0.0
2014-07-15 00:00:00+08:00,0.2827928364276886,0.2827928364276886,0.2799358492794918,0.2827928364276886,479789,0.0,0.0
2014-07-16 00:00:00+08:00,0.2799358492794918,0.28564924756337373,0.2799358492794918,0.2827928364276886,1291739,0.0,0.0
2014-07-17 00:00:00+08:00,0.28564924756337373,0.28564924756337373,0.2799358492794918,0.2827928364276886,365992,0.0,0.0
2014-07-18 00:00:00+08:00,0.28279276994809904,0.2856491804122925,0.28279276994809904,0.2856491804122925,1641329,0.0,0.0
2014-07-21 00:00:00+08:00,0.28564924756337373,0.28564924756337373,0.2827928364276886,0.2827928364276886,365992,0.0,0.0
2014-07-22 00:00:00+08:00,0.2827928364276886,0.28564924756337373,0.2827928364276886,0.2827928364276886,259373,0.0,0.0
2014-07-23 00:00:00+08:00,0.28279276994809904,0.2856491804122925,0.28279276994809904,0.2856491804122925,383421,0.0,0.0
2014-07-24 00:00:00+08:00,0.2827928238127433,0.28564923482100835,0.2799358367919922,0.2799358367919922,521821,0.0,0.0
2014-07-25 00:00:00+08:00,0.2827928364276886,0.28564924756337373,0.2827928364276886,0.2827928364276886,581282,0.0,0.0
2014-07-29 00:00:00+08:00,0.28564929163444736,0.2885057032108307,0.2827928800580641,0.2885057032108307,746338,0.0,0.0
2014-07-30 00:00:00+08:00,0.28564924756337373,0.2885056586990588,0.2827928364276886,0.2827928364276886,644844,0.0,0.0
2014-07-31 00:00:00+08:00,0.28279276994809904,0.2885055908764859,0.28279276994809904,0.2856491804122925,1616725,0.0,0.0
2014-08-01 00:00:00+08:00,0.28564924756337373,0.2885056586990588,0.2827928364276886,0.2827928364276886,1035442,0.0,0.0
2014-08-04 00:00:00+08:00,0.2827928364276886,0.28564924756337373,0.2827928364276886,0.2827928364276886,224516,0.0,0.0
2014-08-05 00:00:00+08:00,0.2827928364276886,0.28564924756337373,0.2827928364276886,0.2827928364276886,370093,0.0,0.0
2014-08-06 00:00:00+08:00,0.28564924756337373,0.28564924756337373,0.2827928364276886,0.2827928364276886,579232,0.0,0.0
2014-08-07 00:00:00+08:00,0.28564929163444736,0.29136211478721397,0.28564929163444736,0.2885057032108307,2325131,0.0,0.0
2014-08-08 00:00:00+08:00,0.2885055908764859,0.2913620013406793,0.2856491804122925,0.2856491804122925,1827914,0.0,0.0
2014-08-11 00:00:00+08:00,0.2913621664047241,0.2913621664047241,0.2885057543223009,0.2913621664047241,765817,0.0,0.0
2014-08-12 00:00:00+08:00,0.29136211478721397,0.29136211478721397,0.2885057032108307,0.2885057032108307,513620,0.0,0.0
2014-08-13 00:00:00+08:00,0.2885057032108307,0.29136211478721397,0.2885057032108307,0.2885057032108307,1221001,0.0,0.0
2014-08-14 00:00:00+08:00,0.2885057543223009,0.2913621664047241,0.2885057543223009,0.2913621664047241,615114,0.0,0.0
2014-08-15 00:00:00+08:00,0.2913621664047241,0.2913621664047241,0.2885057543223009,0.2913621664047241,1165641,0.0,0.0
2014-08-18 00:00:00+08:00,0.29136211478721397,0.29136211478721397,0.2885057032108307,0.2885057032108307,2154950,0.0,0.0
2014-08-19 00:00:00+08:00,0.29048487544059753,0.29048487544059753,0.2875801094031077,0.29048487544059753,676625,0.0082,0.0
2014-08-20 00:00:00+08:00,0.2904848525877907,0.29338961839675903,0.2904848525877907,0.29338961839675903,870386,0.0,0.0
2014-08-21 00:00:00+08:00,0.2904848525877907,0.29338961839675903,0.2904848525877907,0.29338961839675903,792472,0.0,0.0
2014-08-22 00:00:00+08:00,0.29338961839675903,0.29338961839675903,0.2904848525877907,0.29338961839675903,1159490,0.0,0.0
2014-08-25 00:00:00+08:00,0.29338964147808744,0.29338964147808744,0.2875801094031077,0.29048487544059753,1238430,0.0,0.0
2014-08-26 00:00:00+08:00,0.29048487544059753,0.29048487544059753,0.29048487544059753,0.29048487544059753,474663,0.0,0.0
2014-08-27 00:00:00+08:00,0.29048487544059753,0.29048487544059753,0.29048487544059753,0.29048487544059753,359841,0.0,0.0
2014-08-28 00:00:00+08:00,0.29338961839675903,0.29338961839675903,0.2904848525877907,0.29338961839675903,1860720,0.0,0.0
2014-08-29 00:00:00+08:00,0.29338964147808744,0.29338964147808744,0.29048487544059753,0.29048487544059753,743263,0.0,0.0
2014-09-01 00:00:00+08:00,0.2904848525877907,0.29629438420572735,0.2904848525877907,0.29338961839675903,675600,0.0,0.0
2014-09-02 00:00:00+08:00,0.29629438420572735,0.29629438420572735,0.29338961839675903,0.29338961839675903,250146,0.0,0.0
2014-09-03 00:00:00+08:00,0.29629438420572735,0.29629438420572735,0.2904848525877907,0.29338961839675903,807850,0.0,0.0
2014-09-04 00:00:00+08:00,0.29048487544059753,0.29338964147808744,0.29048487544059753,0.29048487544059753,1203573,0.0,0.0
2014-09-05 00:00:00+08:00,0.29338961839675903,0.29629438420572735,0.2904848525877907,0.29338961839675903,1210749,0.0,0.0
2014-09-08 00:00:00+08:00,0.293389625278144,0.2962943911552429,0.293389625278144,0.2962943911552429,254247,0.0,0.0
2014-09-09 00:00:00+08:00,0.29629440751557734,0.29629440751557734,0.29048487544059753,0.29048487544059753,660222,0.0,0.0
2014-09-10 00:00:00+08:00,0.29338961839675903,0.29338961839675903,0.2904848525877907,0.29338961839675903,397773,0.0,0.0
2014-09-11 00:00:00+08:00,0.29338964147808744,0.29338964147808744,0.29048487544059753,0.29048487544059753,317809,0.0,0.0
2014-09-12 00:00:00+08:00,0.293389625278144,0.2962943911552429,0.293389625278144,0.2962943911552429,451083,0.0,0.0
2014-09-15 00:00:00+08:00,0.29338964147808744,0.29338964147808744,0.29048487544059753,0.29048487544059753,845782,0.0,0.0
2014-09-16 00:00:00+08:00,0.2933896346213197,0.2933896346213197,0.28758010268211365,0.28758010268211365,4196104,0.0,0.0
2014-09-17 00:00:00+08:00,0.29048486865171663,0.2933896346213197,0.28758010268211365,0.28758010268211365,855008,0.0,0.0
2014-09-18 00:00:00+08:00,0.29048486865171663,0.2933896346213197,0.28758010268211365,0.28758010268211365,2510691,0.0,0.0
2014-09-19 00:00:00+08:00,0.29048487544059753,0.29048487544059753,0.28467475760204886,0.29048487544059753,8154364,0.0,0.0
2014-09-22 00:00:00+08:00,0.2904848525877907,0.29338961839675903,0.2875800867788224,0.29338961839675903,2671646,0.0,0.0
2014-09-23 00:00:00+08:00,0.29048487544059753,0.29338964147808744,0.29048487544059753,0.29048487544059753,655096,0.0,0.0
2014-09-24 00:00:00+08:00,0.29048486865171663,0.2933896346213197,0.28758010268211365,0.28758010268211365,1815612,0.0,0.0
2014-09-25 00:00:00+08:00,0.29048487544059753,0.29048487544059753,0.29048487544059753,0.29048487544059753,1231253,0.0,0.0
2014-09-26 00:00:00+08:00,0.29048486865171663,0.2933896346213197,0.28758010268211365,0.28758010268211365,752489,0.0,0.0
2014-09-29 00:00:00+08:00,0.29048487544059753,0.29338964147808744,0.29048487544059753,0.29048487544059753,1420913,0.0,0.0
2014-09-30 00:00:00+08:00,0.29048486865171663,0.2933896346213197,0.28758010268211365,0.28758010268211365,1441417,0.0,0.0
2014-10-01 00:00:00+08:00,0.28758010268211365,0.2933896346213197,0.28758010268211365,0.28758010268211365,634592,0.0,0.0
2014-10-02 00:00:00+08:00,0.29048486865171663,0.2933896346213197,0.2846747509489554,0.28758010268211365,4619508,0.0,0.0
2014-10-03 00:00:00+08:00,0.2875801094031077,0.29048487544059753,0.2875801094031077,0.29048487544059753,168131,0.0,0.0
2014-10-07 00:00:00+08:00,0.29048486865171663,0.29048486865171663,0.28758010268211365,0.28758010268211365,259373,0.0,0.0
2014-10-08 00:00:00+08:00,0.28758010268211365,0.29048486865171663,0.2846747509489554,0.28758010268211365,2296426,0.0,0.0
2014-10-09 00:00:00+08:00,0.28467475760204886,0.29048487544059753,0.28467475760204886,0.29048487544059753,1293790,0.0,0.0
2014-10-10 00:00:00+08:00,0.2875801094031077,0.29048487544059753,0.28467475760204886,0.29048487544059753,3641476,0.0,0.0
2014-10-13 00:00:00+08:00,0.2875801757555505,0.29048494246324785,0.28467482328414917,0.28467482328414917,781195,0.0,0.0
2014-10-14 00:00:00+08:00,0.28467475760204886,0.29048487544059753,0.28467475760204886,0.29048487544059753,1095928,0.0,0.0
2014-10-15 00:00:00+08:00,0.29048487544059753,0.29048487544059753,0.2875801094031077,0.29048487544059753,707381,0.0,0.0
2014-10-16 00:00:00+08:00,0.29048487544059753,0.29048487544059753,0.28467475760204886,0.29048487544059753,984182,0.0,0.0
2014-10-17 00:00:00+08:00,0.29048487544059753,0.29048487544059753,0.2875801094031077,0.29048487544059753,536174,0.0,0.0
2014-10-20 00:00:00+08:00,0.2875801094031077,0.29048487544059753,0.2875801094031077,0.29048487544059753,410076,0.0,0.0
2014-10-21 00:00:00+08:00,0.2875801094031077,0.29048487544059753,0.2875801094031077,0.29048487544059753,328060,0.0,0.0
2014-10-22 00:00:00+08:00,0.29048487544059753,0.29048487544059753,0.29048487544059753,0.29048487544059753,0,0.0,0.0
2014-10-24 00:00:00+08:00,0.29338964147808744,0.29338964147808744,0.2875801094031077,0.29048487544059753,403925,0.0,0.0
2014-10-27 00:00:00+08:00,0.2904848525877907,0.29338961839675903,0.2904848525877907,0.29338961839675903,91241,0.0,0.0
2014-10-28 00:00:00+08:00,0.29338961839675903,0.29338961839675903,0.2904848525877907,0.29338961839675903,143526,0.0,0.0
2014-10-29 00:00:00+08:00,0.29048485940104507,0.2962943911552429,0.29048485940104507,0.2962943911552429,1685413,0.0,0.0
2014-10-30 00:00:00+08:00,0.293389625278144,0.2962943911552429,0.293389625278144,0.2962943911552429,211189,0.0,0.0
2014-10-31 00:00:00+08:00,0.293389625278144,0.2962943911552429,0.29048485940104507,0.2962943911552429,590509,0.0,0.0
2014-11-03 00:00:00+08:00,0.29629438420572735,0.29629438420572735,0.29338961839675903,0.29338961839675903,664323,0.0,0.0
2014-11-04 00:00:00+08:00,0.2962943911552429,0.29919917478275204,0.293389625278144,0.2962943911552429,1980667,0.0,0.0
2014-11-05 00:00:00+08:00,0.29629438420572735,0.29629438420572735,0.29338961839675903,0.29338961839675903,330111,0.0,0.0
2014-11-06 00:00:00+08:00,0.29338961839675903,0.29629438420572735,0.29338961839675903,0.29338961839675903,586408,0.0,0.0
2014-11-07 00:00:00+08:00,0.29540228843688965,0.2983562272040863,0.292448349669693,0.29540228843688965,1333772,0.0082,0.0
2014-11-10 00:00:00+08:00,0.298356294631958,0.298356294631958,0.2954023551971775,0.298356294631958,1050820,0.0,0.0
2014-11-11 00:00:00+08:00,0.29835624269714783,0.3013101816177368,0.29835624269714783,0.3013101816177368,1416813,0.0,0.0
2014-11-12 00:00:00+08:00,0.3013101816177368,0.3013101816177368,0.29835624269714783,0.3013101816177368,711482,0.0,0.0
2014-11-13 00:00:00+08:00,0.3013102340667385,0.3013102340667385,0.298356294631958,0.298356294631958,975981,0.0,0.0
2014-11-14 00:00:00+08:00,0.3013101418244743,0.304264098405838,0.3013101418244743,0.304264098405838,1811511,0.0,0.0
2014-11-17 00:00:00+08:00,0.304264098405838,0.304264098405838,0.304264098405838,0.304264098405838,0,0.0,0.0
2014-11-18 00:00:00+08:00,0.304264098405838,0.304264098405838,0.304264098405838,0.304264098405838,0,0.0,0.0
2014-11-19 00:00:00+08:00,0.3072180257292979,0.3308501482299006,0.3072180257292979,0.3219883143901825,25880932,0.0,0.0
2014-11-20 00:00:00+08:00,0.32198837833877064,0.324942335572611,0.3190344572067261,0.3190344572067261,1887375,0.0,0.0
2014-11-21 00:00:00+08:00,0.3190344572067261,0.32198837833877064,0.3160804999728857,0.3190344572067261,2242091,0.0,0.0
2014-11-24 00:00:00+08:00,0.3190343777070842,0.3190343777070842,0.3160804212093353,0.3160804212093353,1554188,0.0,0.0
2014-11-25 00:00:00+08:00,0.3190343777070842,0.3190343777070842,0.3160804212093353,0.3160804212093353,1688488,0.0,0.0
2014-11-26 00:00:00+08:00,0.31608051510163115,0.31608051510163115,0.3131265938282013,0.3131265938282013,1524458,0.0,0.0
2014-11-27 00:00:00+08:00,0.3131265008133732,0.3160804212093353,0.3131265008133732,0.3160804212093353,1356326,0.0,0.0
2014-11-28 00:00:00+08:00,0.3160804999728857,0.3190344572067261,0.3131265788408411,0.3190344572067261,1425014,0.0,0.0
2014-12-01 00:00:00+08:00,0.3190343777070842,0.3190343777070842,0.3131265008133732,0.3160804212093353,741212,0.0,0.0
2014-12-02 00:00:00+08:00,0.3131265861226102,0.3131265861226102,0.31017205119132996,0.31017205119132996,1941710,0.0,0.0
2014-12-03 00:00:00+08:00,0.3131265861226102,0.3131265861226102,0.31017205119132996,0.31017205119132996,550527,0.0,0.0
2014-12-04 00:00:00+08:00,0.3101720588242143,0.3131265938282013,0.3101720588242143,0.3131265938282013,183509,0.0,0.0
2014-12-05 00:00:00+08:00,0.3101720588242143,0.3131265938282013,0.3101720588242143,0.3131265938282013,821177,0.0,0.0
2014-12-08 00:00:00+08:00,0.31608051510163115,0.31608051510163115,0.3101720588242143,0.3131265938282013,1275336,0.0,0.0
2014-12-09 00:00:00+08:00,0.3101720588242143,0.31608051510163115,0.3101720588242143,0.3131265938282013,629466,0.0,0.0
2014-12-10 00:00:00+08:00,0.3101719666870362,0.3160804212093353,0.3101719666870362,0.3160804212093353,607937,0.0,0.0
2014-12-11 00:00:00+08:00,0.3101719666870362,0.3160804212093353,0.3101719666870362,0.3160804212093353,426479,0.0,0.0
2014-12-12 00:00:00+08:00,0.3131265938282013,0.31608051510163115,0.3131265938282013,0.3131265938282013,97393,0.0,0.0
2014-12-15 00:00:00+08:00,0.3131265938282013,0.31608051510163115,0.3101720588242143,0.3131265938282013,536174,0.0,0.0
2014-12-16 00:00:00+08:00,0.3131265008133732,0.3160804212093353,0.3101719666870362,0.3160804212093353,600761,0.0,0.0
2014-12-17 00:00:00+08:00,0.3131265861226102,0.3131265861226102,0.31017205119132996,0.31017205119132996,1253807,0.0,0.0
2014-12-18 00:00:00+08:00,0.3131265938282013,0.3131265938282013,0.3101720588242143,0.3131265938282013,153778,0.0,0.0
2014-12-19 00:00:00+08:00,0.3131265861226102,0.3131265861226102,0.31017205119132996,0.31017205119132996,1123608,0.0,0.0
2014-12-22 00:00:00+08:00,0.31017205119132996,0.31017205119132996,0.30721809388879523,0.31017205119132996,1129759,0.0,0.0
2014-12-23 00:00:00+08:00,0.31017205119132996,0.3131265861226102,0.31017205119132996,0.31017205119132996,659197,0.0,0.0
2014-12-24 00:00:00+08:00,0.3131265938282013,0.3131265938282013,0.3101720588242143,0.3131265938282013,277826,0.0,0.0
2014-12-26 00:00:00+08:00,0.3131265938282013,0.3131265938282013,0.3101720588242143,0.3131265938282013,491066,0.0,0.0
2014-12-29 00:00:00+08:00,0.31017205119132996,0.3131265861226102,0.31017205119132996,0.31017205119132996,664323,0.0,0.0
2014-12-30 00:00:00+08:00,0.3101720588242143,0.3131265938282013,0.3101720588242143,0.3131265938282013,337287,0.0,0.0
2014-12-31 00:00:00+08:00,0.3131265938282013,0.3131265938282013,0.3101720588242143,0.3131265938282013,259373,0.0,0.0
2015-01-02 00:00:00+08:00,0.3131265861226102,0.3131265861226102,0.31017205119132996,0.31017205119132996,489015,0.0,0.0
2015-01-05 00:00:00+08:00,0.3131265938282013,0.31608051510163115,0.3101720588242143,0.3131265938282013,717633,0.0,0.0
2015-01-06 00:00:00+08:00,0.3131265938282013,0.3131265938282013,0.3131265938282013,0.3131265938282013,721734,0.0,0.0
2015-01-07 00:00:00+08:00,0.3160804212093353,0.3160804212093353,0.3131265008133732,0.3160804212093353,535149,0.0,0.0
2015-01-08 00:00:00+08:00,0.3160804212093353,0.3160804212093353,0.3131265008133732,0.3160804212093353,360867,0.0,0.0
2015-01-09 00:00:00+08:00,0.31608051510163115,0.31608051510163115,0.3131265938282013,0.3131265938282013,273725,0.0,0.0
2015-01-12 00:00:00+08:00,0.3160804212093353,0.3160804212093353,0.3131265008133732,0.3160804212093353,477738,0.0,0.0
2015-01-13 00:00:00+08:00,0.31608051510163115,0.31608051510163115,0.3131265938282013,0.3131265938282013,784270,0.0,0.0
2015-01-14 00:00:00+08:00,0.31608051510163115,0.31608051510163115,0.3131265938282013,0.3131265938282013,496192,0.0,0.0
2015-01-15 00:00:00+08:00,0.3160804371976333,0.3249422710373514,0.3160804371976333,0.3219883143901825,2773140,0.0,0.0
2015-01-16 00:00:00+08:00,0.3190344572067261,0.3190344572067261,0.3190344572067261,0.3190344572067261,1451669,0.0,0.0
2015-01-19 00:00:00+08:00,0.3190344572067261,0.32198837833877064,0.3190344572067261,0.3190344572067261,364967,0.0,0.0
2015-01-20 00:00:00+08:00,0.3190344572067261,0.3190344572067261,0.3160804999728857,0.3190344572067261,320372,0.0,0.0
2015-01-21 00:00:00+08:00,0.3190343938448022,0.3219883143901825,0.3190343938448022,0.3219883143901825,787653,0.0,0.0
2015-01-22 00:00:00+08:00,0.32198837833877064,0.324942335572611,0.3190344572067261,0.3190344572067261,684724,0.0,0.0
2015-01-23 00:00:00+08:00,0.3219883143901825,0.3249422710373514,0.3190343938448022,0.3219883143901825,545811,0.0,0.0
2015-01-26 00:00:00+08:00,0.3219883143901825,0.3249422710373514,0.3219883143901825,0.3219883143901825,876537,0.0,0.0
2015-01-27 00:00:00+08:00,0.32494229078292847,0.32494229078292847,0.3219883339562582,0.32494229078292847,326113,0.0,0.0
2015-01-28 00:00:00+08:00,0.32198837833877064,0.32198837833877064,0.3190344572067261,0.3190344572067261,1860823,0.0,0.0
2015-01-29 00:00:00+08:00,0.3190343938448022,0.3219883143901825,0.3190343938448022,0.3219883143901825,888122,0.0,0.0
2015-01-30 00:00:00+08:00,0.3219883143901825,0.3219883143901825,0.3190343938448022,0.3219883143901825,777504,0.0,0.0
2015-02-02 00:00:00+08:00,0.32403263449668884,0.32403263449668884,0.31803219991058,0.32403263449668884,833377,0.0082,0.0
2015-02-03 00:00:00+08:00,0.3240325804210108,0.3240325804210108,0.3210323452949524,0.3210323452949524,753104,0.0,0.0
2015-02-04 00:00:00+08:00,0.3210323452949524,0.3240325804210108,0.3210323452949524,0.3210323452949524,1583919,0.0,0.0
2015-02-05 00:00:00+08:00,0.3210323452949524,0.3210323452949524,0.3210323452949524,0.3210323452949524,241432,0.0,0.0
2015-02-06 00:00:00+08:00,0.32403263449668884,0.32403263449668884,0.32103239886994084,0.32403263449668884,984285,0.0,0.0
2015-02-09 00:00:00+08:00,0.32403263449668884,0.32403263449668884,0.32103239886994084,0.32403263449668884,264396,0.0,0.0
2015-02-10 00:00:00+08:00,0.3210323452949524,0.3240325804210108,0.3210323452949524,0.3210323452949524,133069,0.0,0.0
2015-02-11 00:00:00+08:00,0.3210323452949524,0.3240325804210108,0.3210323452949524,0.3210323452949524,637873,0.0,0.0
2015-02-12 00:00:00+08:00,0.32403263449668884,0.32403263449668884,0.32103239886994084,0.32403263449668884,656121,0.0,0.0
2015-02-13 00:00:00+08:00,0.32403263449668884,0.32403263449668884,0.32103239886994084,0.32403263449668884,299458,0.0,0.0
2015-02-16 00:00:00+08:00,0.3210323452949524,0.3240325804210108,0.3210323452949524,0.3210323452949524,502753,0.0,0.0
2015-02-17 00:00:00+08:00,0.3210323452949524,0.3240325804210108,0.3210323452949524,0.3210323452949524,247173,0.0,0.0
2015-02-18 00:00:00+08:00,0.32103239886994084,0.32403263449668884,0.32103239886994084,0.32403263449668884,35266,0.0,0.0
2015-02-23 00:00:00+08:00,0.32403263449668884,0.32403263449668884,0.32103239886994084,0.32403263449668884,429657,0.0,0.0
2015-02-24 00:00:00+08:00,0.32403263449668884,0.32403263449668884,0.32103239886994084,0.32403263449668884,56487,0.0,0.0
2015-02-25 00:00:00+08:00,0.32403263449668884,0.32703283345604967,0.32103239886994084,0.32403263449668884,1085881,0.0,0.0
2015-02-26 00:00:00+08:00,0.32403263449668884,0.33003306908279767,0.32403263449668884,0.32403263449668884,1295738,0.0,0.0
2015-02-27 00:00:00+08:00,0.32703283345604967,0.32703283345604967,0.32403263449668884,0.32403263449668884,298843,0.0,0.0
2015-03-02 00:00:00+08:00,0.32403263449668884,0.32703283345604967,0.32403263449668884,0.32403263449668884,297510,0.0,0.0
2015-03-03 00:00:00+08:00,0.32703283345604967,0.32703283345604967,0.32403263449668884,0.32403263449668884,387829,0.0,0.0
2015-03-04 00:00:00+08:00,0.3270327150821686,0.3270327150821686,0.32403251720876963,0.3270327150821686,186584,0.0,0.0
2015-03-05 00:00:00+08:00,0.32703283345604967,0.32703283345604967,0.32403263449668884,0.32403263449668884,301611,0.0,0.0
2015-03-06 00:00:00+08:00,0.32403251720876963,0.3270327150821686,0.32403251720876963,0.3270327150821686,549297,0.0,0.0
2015-03-09 00:00:00+08:00,0.3270327150821686,0.3270327150821686,0.32403251720876963,0.3270327150821686,361174,0.0,0.0
2015-03-10 00:00:00+08:00,0.32703283345604967,0.32703283345604967,0.32403263449668884,0.32403263449668884,226772,0.0,0.0
2015-03-11 00:00:00+08:00,0.3270327788796881,0.3270327788796881,0.3210323452949524,0.3210323452949524,1861233,0.0,0.0
2015-03-12 00:00:00+08:00,0.32403263449668884,0.32403263449668884,0.32103239886994084,0.32403263449668884,417149,0.0,0.0
2015-03-13 00:00:00+08:00,0.32403263449668884,0.32703283345604967,0.32403263449668884,0.32403263449668884,709431,0.0,0.0
2015-03-16 00:00:00+08:00,0.3210323452949524,0.3240325804210108,0.3210323452949524,0.3210323452949524,870489,0.0,0.0
2015-03-17 00:00:00+08:00,0.3210323452949524,0.3240325804210108,0.3210323452949524,0.3210323452949524,188019,0.0,0.0
2015-03-18 00:00:00+08:00,0.3210323452949524,0.3240325804210108,0.3210323452949524,0.3210323452949524,898681,0.0,0.0
2015-03-19 00:00:00+08:00,0.3210323452949524,0.3240325804210108,0.3210323452949524,0.3210323452949524,49824,0.0,0.0
2015-03-20 00:00:00+08:00,0.3210323452949524,0.3210323452949524,0.3210323452949524,0.3210323452949524,797803,0.0,0.0
2015-03-23 00:00:00+08:00,0.3210323452949524,0.3240325804210108,0.3210323452949524,0.3210323452949524,889967,0.0,0.0
2015-03-24 00:00:00+08:00,0.32403263449668884,0.32403263449668884,0.32103239886994084,0.32403263449668884,140963,0.0,0.0
2015-03-25 00:00:00+08:00,0.32403263449668884,0.32703283345604967,0.32103239886994084,0.32403263449668884,351640,0.0,0.0
2015-03-26 00:00:00+08:00,0.32403263449668884,0.32403263449668884,0.32403263449668884,0.32403263449668884,82117,0.0,0.0
2015-03-27 00:00:00+08:00,0.32403265865735625,0.3300330936908722,0.32103242280690325,0.3300330936908722,1375908,0.0,0.0
2015-03-30 00:00:00+08:00,0.33003294962294144,0.33003294962294144,0.3270327150821686,0.3270327150821686,455594,0.0,0.0
2015-03-31 00:00:00+08:00,0.33003306908279767,0.33003306908279767,0.32403263449668884,0.32403263449668884,946660,0.0,0.0
2015-04-01 00:00:00+08:00,0.33003306908279767,0.33003306908279767,0.32403263449668884,0.32403263449668884,1206239,0.0,0.0
2015-04-02 00:00:00+08:00,0.3300330936908722,0.3330332928739351,0.32403265865735625,0.3300330936908722,1464176,0.0,0.0
2015-04-06 00:00:00+08:00,0.33003294962294144,0.33003294962294144,0.3270327150821686,0.3270327150821686,479994,0.0,0.0
2015-04-07 00:00:00+08:00,0.3270327150821686,0.33003294962294144,0.32403251720876963,0.3270327150821686,771148,0.0,0.0
2015-04-08 00:00:00+08:00,0.3270328578404192,0.3300330936908722,0.3270328578404192,0.3300330936908722,375117,0.0,0.0
2015-04-09 00:00:00+08:00,0.3300330936908722,0.3300330936908722,0.3270328578404192,0.3300330936908722,896118,0.0,0.0
2015-04-10 00:00:00+08:00,0.3300330647632258,0.3330332636833191,0.3270328291757457,0.3330332636833191,1975131,0.0,0.0
2015-04-13 00:00:00+08:00,0.33303314749634033,0.33303314749634033,0.3270327150821686,0.3270327150821686,2092823,0.0,0.0
2015-04-14 00:00:00+08:00,0.3300330647632258,0.3330332636833191,0.3270328291757457,0.3330332636833191,1348638,0.0,0.0
2015-04-15 00:00:00+08:00,0.3270328578404192,0.3330332928739351,0.3270328578404192,0.3300330936908722,1919771,0.0,0.0
2015-04-16 00:00:00+08:00,0.3300330936908722,0.3330332928739351,0.3270328578404192,0.3300330936908722,550834,0.0,0.0
2015-04-17 00:00:00+08:00,0.3300330647632258,0.3330332636833191,0.3270328291757457,0.3330332636833191,1169229,0.0,0.0
2015-04-20 00:00:00+08:00,0.3330332928739351,0.3330332928739351,0.3300330936908722,0.3300330936908722,580462,0.0,0.0
2015-04-21 00:00:00+08:00,0.3330332928739351,0.3330332928739351,0.3270328578404192,0.3300330936908722,3073213,0.0,0.0
2015-04-22 00:00:00+08:00,0.3330332577464152,0.33603349328041077,0.3300330588798057,0.33603349328041077,2030287,0.0,0.0
2015-04-23 00:00:00+08:00,0.3330332577464152,0.33903431549258417,0.3330332577464152,0.33603349328041077,1354276,0.0,0.0
2015-04-24 00:00:00+08:00,0.33903431549258417,0.33903431549258417,0.3330332577464152,0.33603349328041077,261013,0.0,0.0
2015-04-27 00:00:00+08:00,0.33903440843659255,0.34203460812568665,0.33603358540176365,0.34203460812568665,1540041,0.0,0.0
2015-04-28 00:00:00+08:00,0.3390343487262726,0.3420345478869752,0.3390343487262726,0.3390343487262726,139425,0.0,0.0
2015-04-29 00:00:00+08:00,0.3420345137211685,0.35103518363897945,0.33903431486015556,0.34803494811058044,1419171,0.0,0.0
2015-04-30 00:00:00+08:00,0.34803494811058044,0.35103518363897945,0.3450347492495675,0.34803494811058044,2004759,0.0,0.0
2015-05-04 00:00:00+08:00,0.34803494811058044,0.35103518363897945,0.3450347492495675,0.34803494811058044,1779628,0.0,0.0
2015-05-05 00:00:00+08:00,0.34803494811058044,0.35103518363897945,0.34803494811058044,0.34803494811058044,774941,0.0,0.0
2015-05-06 00:00:00+08:00,0.34803494811058044,0.35103518363897945,0.34803494811058044,0.34803494811058044,168233,0.0,0.0
2015-05-07 00:00:00+08:00,0.35103526733308565,0.35403546690940857,0.35103526733308565,0.35403546690940857,2021265,0.0,0.0
2015-05-08 00:00:00+08:00,0.3540354666890952,0.3540354666890952,0.34803503087278864,0.3510352671146393,2696353,0.0,0.0
2015-05-11 00:00:00+08:00,0.35103518363897945,0.3540353824999924,0.34803494811058044,0.34803494811058044,4918043,0.0,0.0
2015-05-12 00:00:00+08:00,0.34803503108936795,0.35403546690940857,0.34803503108936795,0.35403546690940857,2682923,0.0,0.0
2015-05-13 00:00:00+08:00,0.3378470143938209,0.3408906161785125,0.33480344980651616,0.3408906161785126,1674341,0.0082,0.0
2015-05-14 00:00:00+08:00,0.33784702672691336,0.3408906286227116,0.3348034620285034,0.3348034620285034,648227,0.0,0.0
2015-05-15 00:00:00+08:00,0.33784702672691336,0.33784702672691336,0.3348034620285034,0.3348034620285034,536482,0.0,0.0
2015-05-18 00:00:00+08:00,0.3348034620285034,0.3348034620285034,0.3348034620285034,0.3348034620285034,0,0.0,0.0
2015-05-19 00:00:00+08:00,0.33784705151835687,0.35306558287752887,0.334803486596608,0.35002201795578003,3734666,0.0,0.0
2015-05-20 00:00:00+08:00,0.3530655801296234,0.3530655801296234,0.3500220152315626,0.3530655801296234,406385,0.0,0.0
2015-05-21 00:00:00+08:00,0.3530655801296234,0.3530655801296234,0.3530655801296234,0.3530655801296234,0,0.0,0.0
2015-05-22 00:00:00+08:00,0.3469784288415943,0.35002203107481006,0.337847064181062,0.3439348638057709,20685062,0.0,0.0
2015-05-25 00:00:00+08:00,0.34393485091489145,0.35306558287752887,0.34393485091489145,0.35002201795578003,8572847,0.0,0.0
2015-05-26 00:00:00+08:00,0.3410479401262007,0.34719323412849895,0.3379758894443512,0.3379758894443512,5567624,0.001092,0.0
2015-05-27 00:00:00+08:00,0.3379758894443512,0.34412058712734983,0.3379758894443512,0.3379758894443512,3879306,0.0,0.0
2015-05-28 00:00:00+08:00,0.3410479681948952,0.3441206154489272,0.33490327000617987,0.3349032700061798,6521068,0.0,0.0
2015-05-29 00:00:00+08:00,0.3349032432068139,0.3349032432068139,0.32568589850164975,0.3287579119205475,17814954,0.0,0.0
2015-06-02 00:00:00+08:00,0.32875796202051566,0.32875796202051566,0.32568594813346863,0.32568594813346863,6239512,0.0,0.0
2015-06-03 00:00:00+08:00,0.32568594813346863,0.32875796202051566,0.32568594813346863,0.32568594813346863,5014891,0.0,0.0
2015-06-04 00:00:00+08:00,0.32568594813346863,0.32875796202051566,0.32568594813346863,0.32568594813346863,2353897,0.0,0.0
2015-06-05 00:00:00+08:00,0.32568589850164975,0.3287579119205475,0.32568589850164975,0.3287579119205475,3065164,0.0,0.0
2015-06-08 00:00:00+08:00,0.32875796202051566,0.32875796202051566,0.32568594813346863,0.32568594813346863,4730283,0.0,0.0
2015-06-09 00:00:00+08:00,0.3256858861802402,0.328757899482917,0.3226132392883301,0.3226132392883301,3422426,0.0,0.0
2015-06-10 00:00:00+08:00,0.3256858861802402,0.3256858861802402,0.3226132392883301,0.3226132392883301,1600605,0.0,0.0
2015-06-11 00:00:00+08:00,0.3226132392883301,0.328757899482917,0.3226132392883301,0.3226132392883301,2329883,0.0,0.0
2015-06-12 00:00:00+08:00,0.32568594813346863,0.32875796202051566,0.3226133006570677,0.32568594813346863,1660234,0.0,0.0
2015-06-15 00:00:00+08:00,0.32568594813346863,0.32875796202051566,0.32568594813346863,0.32568594813346863,2250921,0.0,0.0
2015-06-16 00:00:00+08:00,0.3256858861802402,0.328757899482917,0.3226132392883301,0.3226132392883301,1477685,0.0,0.0
2015-06-17 00:00:00+08:00,0.32568594813346863,0.3318306467668785,0.3226133006570677,0.32568594813346863,3189000,0.0,0.0
2015-06-18 00:00:00+08:00,0.32875796202051566,0.32875796202051566,0.32568594813346863,0.32568594813346863,482115,0.0,0.0
2015-06-19 00:00:00+08:00,0.32875791117094755,0.3379758894443512,0.32568589775905427,0.3379758894443512,6520254,0.0,0.0
2015-06-22 00:00:00+08:00,0.33490327000617987,0.33797591726021187,0.3318306227521478,0.3349032700061798,3405738,0.0,0.0
2015-06-23 00:00:00+08:00,0.33797591726021187,0.33797591726021187,0.33490327000617987,0.3349032700061798,1506090,0.0,0.0
2015-06-24 00:00:00+08:00,0.33490327000617987,0.33797591726021187,0.3318306227521478,0.3349032700061798,3168039,0.0,0.0
2015-06-25 00:00:00+08:00,0.3349032424432021,0.3379758894443512,0.3349032424432021,0.3379758894443512,1573538,0.0,0.0
2015-06-26 00:00:00+08:00,0.33797591726021187,0.33797591726021187,0.33490327000617987,0.3349032700061798,880078,0.0,0.0
2015-06-29 00:00:00+08:00,0.3349031777664765,0.3349031777664765,0.33183053135871887,0.33183053135871887,1034644,0.0,0.0
2015-06-30 00:00:00+08:00,0.3318306227521478,0.33490327000617987,0.3318306227521478,0.3349032700061798,2078955,0.0,0.0
2015-07-01 00:00:00+08:00,0.3349031777664765,0.3349031777664765,0.33183053135871887,0.33183053135871887,1184834,0.0,0.0
2015-07-02 00:00:00+08:00,0.33797582417423405,0.33797582417423405,0.33183053135871887,0.33183053135871887,2025941,0.0,0.0
2015-07-03 00:00:00+08:00,0.3349032424432021,0.3379758894443512,0.3318305954420529,0.3379758894443512,2586611,0.0,0.0
2015-07-06 00:00:00+08:00,0.33490327000617987,0.33797591726021187,0.3318306227521478,0.3349032700061798,2134005,0.0,0.0
2015-07-07 00:00:00+08:00,0.3349031777664765,0.3349031777664765,0.33183053135871887,0.33183053135871887,7738770,0.0,0.0
2015-07-08 00:00:00+08:00,0.3318305961986589,0.3318305961986589,0.32568589850164975,0.3287579119205475,2611846,0.0,0.0
2015-07-09 00:00:00+08:00,0.32875784768101224,0.33183053135871887,0.3256858348623881,0.33183053135871887,2012102,0.0,0.0
2015-07-10 00:00:00+08:00,0.3287579119205475,0.3318305961986589,0.32568589850164975,0.3287579119205475,1567026,0.0,0.0
2015-07-13 00:00:00+08:00,0.32875796202051566,0.3318306467668785,0.32568594813346863,0.32568594813346863,2519452,0.0,0.0
2015-07-14 00:00:00+08:00,0.32875796202051566,0.32875796202051566,0.32568594813346863,0.32568594813346863,2740770,0.0,0.0
2015-07-15 00:00:00+08:00,0.3256858348623881,0.3349031777664765,0.3256858348623881,0.33183053135871887,4895024,0.0,0.0
2015-07-16 00:00:00+08:00,0.3318305961986589,0.3318305961986589,0.3287579119205475,0.3287579119205475,1180866,0.0,0.0
2015-07-20 00:00:00+08:00,0.33183053135871887,0.33183053135871887,0.32875784768101224,0.33183053135871887,939503,0.0,0.0
2015-07-21 00:00:00+08:00,0.3318305961986589,0.3318305961986589,0.3287579119205475,0.3287579119205475,1748150,0.0,0.0
2015-07-22 00:00:00+08:00,0.3318305961986589,0.3318305961986589,0.3287579119205475,0.3287579119205475,492901,0.0,0.0
2015-07-23 00:00:00+08:00,0.3318305961986589,0.3318305961986589,0.3287579119205475,0.3287579119205475,4771799,0.0,0.0
2015-07-24 00:00:00+08:00,0.32875784768101224,0.33183053135871887,0.32875784768101224,0.33183053135871887,7040527,0.0,0.0
2015-07-27 00:00:00+08:00,0.3287579119205475,0.3318305961986589,0.32568589850164975,0.3287579119205475,1947895,0.0,0.0
2015-07-28 00:00:00+08:00,0.3287579119205475,0.3287579119205475,0.32568589850164975,0.3287579119205475,1568756,0.0,0.0
2015-07-29 00:00:00+08:00,0.3256858861802402,0.3256858861802402,0.31954055512646506,0.3226132392883301,6085659,0.0,0.0
2015-07-30 00:00:00+08:00,0.3226131842788037,0.3226131842788037,0.31954050064086914,0.31954050064086914,1835150,0.0,0.0
2015-07-31 00:00:00+08:00,0.31954050064086914,0.3226131842788037,0.31954050064086914,0.31954050064086914,1959088,0.0,0.0
2015-08-03 00:00:00+08:00,0.32417944541907395,0.32417944541907395,0.3149173531741842,0.3180042803287506,2612965,0.002469,0.0
2015-08-04 00:00:00+08:00,0.31800431305035665,0.32109187718777304,0.3149173855781555,0.3149173855781555,2706987,0.0,0.0
2015-08-05 00:00:00+08:00,0.3149173855781555,0.31800431305035665,0.3118298027152916,0.3149173855781555,6179477,0.0,0.0
2015-08-06 00:00:00+08:00,0.3149173692434135,0.3210918605327606,0.31182978654070237,0.3210918605327606,1787427,0.0,0.0
2015-08-07 00:00:00+08:00,0.3210918605327606,0.3210918605327606,0.3210918605327606,0.3210918605327606,0,0.0,0.0
2015-08-11 00:00:00+08:00,0.3210918441484667,0.32417944541907395,0.3149173531741842,0.3180042803287506,1799536,0.0,0.0
2015-08-12 00:00:00+08:00,0.31800431305035665,0.31800431305035665,0.30874223857787525,0.3149173855781555,4213876,0.0,0.0
2015-08-13 00:00:00+08:00,0.3149173581659259,0.3149173581659259,0.3087422117031662,0.3118297755718231,3558472,0.0,0.0
2015-08-14 00:00:00+08:00,0.3149173581659259,0.3149173581659259,0.3118297755718231,0.3118297755718231,425539,0.0,0.0
2015-08-17 00:00:00+08:00,0.3118297755718231,0.3149173581659259,0.3118297755718231,0.3118297755718231,1840238,0.0,0.0
2015-08-18 00:00:00+08:00,0.31182981927382764,0.31491740230064585,0.3087422549724579,0.3087422549724579,864103,0.0,0.0
2015-08-19 00:00:00+08:00,0.31182981927382764,0.31182981927382764,0.3087422549724579,0.3087422549724579,1313554,0.0,0.0
2015-08-20 00:00:00+08:00,0.30565470872640615,0.30565470872640615,0.27786780637361475,0.28404295444488525,10783991,0.0,0.0
2015-08-21 00:00:00+08:00,0.28404291605114107,0.29330500960350037,0.27786776881455794,0.29330500960350037,6258235,0.0,0.0
2015-08-24 00:00:00+08:00,0.28713047557401883,0.28713047557401883,0.27478081796964793,0.27786776423454285,6755308,0.0,0.0
2015-08-25 00:00:00+08:00,0.27786780637361475,0.28713051911779514,0.2716932762422191,0.28404295444488525,7222669,0.0,0.0
2015-08-26 00:00:00+08:00,0.2840429113693428,0.2840429113693428,0.27478081796964793,0.27786776423454285,4231378,0.0,0.0
2015-08-27 00:00:00+08:00,0.28404291605114107,0.29639257385906786,0.27786776881455794,0.29330500960350037,7678022,0.0,0.0
2015-08-28 00:00:00+08:00,0.2963925302028656,0.2994801127291056,0.2933049664020711,0.2963925302028656,2645527,0.0,0.0
2015-08-31 00:00:00+08:00,0.29330500960350037,0.29639257385906786,0.2902174266224847,0.29330500960350037,2593937,0.0,0.0
2015-09-01 00:00:00+08:00,0.29330504924919076,0.29639261392210065,0.28404295444488525,0.28404295444488525,2461350,0.0,0.0
2015-09-02 00:00:00+08:00,0.2840429108452711,0.2902174213034498,0.28095532792084393,0.2871304750442505,1236322,0.0,0.0
2015-09-03 00:00:00+08:00,0.2902173838758311,0.2994801127291056,0.2871304380147369,0.2963925302028656,3622375,0.0,0.0
2015-09-04 00:00:00+08:00,0.2994801453799463,0.3149173855781555,0.29639256251708246,0.3149173855781555,11874906,0.0,0.0
2015-09-07 00:00:00+08:00,0.31182981927382764,0.31182981927382764,0.30565467194563967,0.3087422549724579,2189054,0.0,0.0
2015-09-08 00:00:00+08:00,0.3118297706290225,0.3180042803287506,0.3118297706290225,0.3180042803287506,5372662,0.0,0.0
2015-09-09 00:00:00+08:00,0.3149173531741842,0.3210918441484667,0.3149173531741842,0.3180042803287506,3446847,0.0,0.0
2015-09-10 00:00:00+08:00,0.3149173531741842,0.3180042803287506,0.3118297706290225,0.3180042803287506,4734251,0.0,0.0
2015-09-14 00:00:00+08:00,0.3180042803287506,0.3180042803287506,0.3149173531741842,0.3180042803287506,1349576,0.0,0.0
2015-09-15 00:00:00+08:00,0.3149173531741842,0.3210918441484667,0.3149173531741842,0.3180042803287506,3604262,0.0,0.0
2015-09-16 00:00:00+08:00,0.3210918441484667,0.3210918441484667,0.3149173531741842,0.3180042803287506,4129216,0.0,0.0
2015-09-17 00:00:00+08:00,0.31800430497026844,0.324179470539093,0.3149173775765022,0.324179470539093,6513131,0.0,0.0
2015-09-18 00:00:00+08:00,0.32417954557413065,0.3272671103477478,0.3210919433496107,0.3272671103477478,28435018,0.0,0.0
2015-09-21 00:00:00+08:00,0.3272670345980583,0.33035396199182454,0.324179470539093,0.324179470539093,4636159,0.0,0.0
2015-09-22 00:00:00+08:00,0.3272671103477478,0.33035403845601863,0.3210919433496107,0.3272671103477478,4995558,0.0,0.0
2015-09-23 00:00:00+08:00,0.327267025938183,0.33035395325026545,0.318004296555496,0.3210918605327606,6230660,0.0,0.0
2015-09-25 00:00:00+08:00,0.3210918690292337,0.3272670345980583,0.3210918690292337,0.324179470539093,5145239,0.0,0.0
2015-09-28 00:00:00+08:00,0.324179470539093,0.33035396199182454,0.3210918690292337,0.324179470539093,3935576,0.0,0.0
2015-09-29 00:00:00+08:00,0.32417944541907395,0.32417944541907395,0.3180042803287506,0.3180042803287506,11267734,0.0,0.0
2015-09-30 00:00:00+08:00,0.3210918690292337,0.324179470539093,0.31800430497026844,0.324179470539093,5652081,0.0,0.0
2015-10-01 00:00:00+08:00,0.3210918605327606,0.32417946196091835,0.3210918605327606,0.3210918605327606,1180255,0.0,0.0
2015-10-02 00:00:00+08:00,0.3210918605327606,0.32417946196091835,0.318004296555496,0.3210918605327606,1777964,0.0,0.0
2015-10-05 00:00:00+08:00,0.3210918690292337,0.33035396199182454,0.3210918690292337,0.324179470539093,6697511,0.0,0.0
2015-10-06 00:00:00+08:00,0.324179470539093,0.3272670345980583,0.3210918690292337,0.324179470539093,4486885,0.0,0.0
2015-10-07 00:00:00+08:00,0.32417946196091835,0.32417946196091835,0.318004296555496,0.3210918605327606,2749826,0.0,0.0
2015-10-08 00:00:00+08:00,0.32417946196091835,0.32417946196091835,0.318004296555496,0.3210918605327606,8414932,0.0,0.0
2015-10-09 00:00:00+08:00,0.3210918605327606,0.32417946196091835,0.318004296555496,0.3210918605327606,1204880,0.0,0.0
2015-10-12 00:00:00+08:00,0.3180042803287506,0.3210918441484667,0.3149173531741842,0.3180042803287506,4388895,0.0,0.0
2015-10-13 00:00:00+08:00,0.3149173692434135,0.3210918605327606,0.3149173692434135,0.3210918605327606,1297986,0.0,0.0
2015-10-14 00:00:00+08:00,0.3210918441484667,0.32417944541907395,0.3149173531741842,0.3180042803287506,3025785,0.0,0.0
2015-10-15 00:00:00+08:00,0.3210918441484667,0.3210918441484667,0.3180042803287506,0.3180042803287506,770692,0.0,0.0
2015-10-16 00:00:00+08:00,0.3210918441484667,0.3210918441484667,0.3149173531741842,0.3180042803287506,2980097,0.0,0.0
2015-10-19 00:00:00+08:00,0.3149173531741842,0.3180042803287506,0.3149173531741842,0.3180042803287506,1065679,0.0,0.0
2015-10-20 00:00:00+08:00,0.318004296555496,0.3210918605327606,0.318004296555496,0.3210918605327606,1671935,0.0,0.0
2015-10-21 00:00:00+08:00,0.3210918441484667,0.32417944541907395,0.3180042803287506,0.3180042803287506,2051176,0.0,0.0
2015-10-22 00:00:00+08:00,0.3210918605327606,0.32417946196091835,0.318004296555496,0.3210918605327606,2197093,0.0,0.0
2015-10-23 00:00:00+08:00,0.3238239166662015,0.3269679844379425,0.31753641037102714,0.3269679844379425,3593781,0.009184,0.0
2015-10-26 00:00:00+08:00,0.3238239166662015,0.3269679844379425,0.3238239166662015,0.3269679844379425,1482061,0.0,0.0
2015-10-27 00:00:00+08:00,0.3238239288330078,0.3269679967228787,0.3238239288330078,0.3238239288330078,1134771,0.0,0.0
2015-10-28 00:00:00+08:00,0.3238239288330078,0.3269679967228787,0.3238239288330078,0.3238239288330078,2473561,0.0,0.0
2015-10-29 00:00:00+08:00,0.3238239166662015,0.3269679844379425,0.3238239166662015,0.3269679844379425,899819,0.0,0.0
2015-10-30 00:00:00+08:00,0.3238239166662015,0.3269679844379425,0.3206804972108987,0.3269679844379425,2818307,0.0,0.0
2015-11-02 00:00:00+08:00,0.3269679844379425,0.3269679844379425,0.3238239166662015,0.3269679844379425,3052547,0.0,0.0
2015-11-03 00:00:00+08:00,0.3269679936509283,0.330112099647522,0.32382392579059677,0.330112099647522,1394958,0.0,0.0
2015-11-04 00:00:00+08:00,0.33011210274901204,0.33011210274901204,0.3238239288330078,0.3238239288330078,6242361,0.0,0.0
2015-11-05 00:00:00+08:00,0.32382392579059677,0.330112099647522,0.32382392579059677,0.330112099647522,3150639,0.0,0.0
2015-11-06 00:00:00+08:00,0.3269679936509283,0.330112099647522,0.32382392579059677,0.330112099647522,560771,0.0,0.0
2015-11-09 00:00:00+08:00,0.3269679967228787,0.3269679967228787,0.3175364223015975,0.3238239288330078,7013155,0.0,0.0
2015-11-11 00:00:00+08:00,0.3206805092595996,0.3269679967228787,0.3206805092595996,0.3238239288330078,1339095,0.0,0.0
2015-11-12 00:00:00+08:00,0.3269679844379425,0.3269679844379425,0.3206804972108987,0.3269679844379425,587227,0.0,0.0
2015-11-13 00:00:00+08:00,0.32068049907684326,0.3269679863404721,0.32068049907684326,0.32068049907684326,2939293,0.0,0.0
2015-11-16 00:00:00+08:00,0.32068049907684326,0.3238239185504367,0.3175364122186772,0.32068049907684326,2321844,0.0,0.0
2015-11-17 00:00:00+08:00,0.3206805092595996,0.3269679967228787,0.3206805092595996,0.3238239288330078,3264401,0.0,0.0
2015-11-18 00:00:00+08:00,0.32068049907684326,0.3238239185504367,0.32068049907684326,0.32068049907684326,1813884,0.0,0.0
2015-11-19 00:00:00+08:00,0.3238239288330078,0.3238239288330078,0.3206805092595996,0.3238239288330078,224878,0.0,0.0
2015-11-20 00:00:00+08:00,0.3206805092595996,0.3269679967228787,0.3206805092595996,0.3238239288330078,1833013,0.0,0.0
2015-11-23 00:00:00+08:00,0.3269679967228787,0.3269679967228787,0.3238239288330078,0.3238239288330078,207783,0.0,0.0
2015-11-24 00:00:00+08:00,0.3238239288330078,0.3269679967228787,0.3206805092595996,0.3238239288330078,650824,0.0,0.0
2015-11-25 00:00:00+08:00,0.3238239166662015,0.3269679844379425,0.3238239166662015,0.3269679844379425,797758,0.0,0.0
2015-11-26 00:00:00+08:00,0.3269679863404721,0.3269679863404721,0.32068049907684326,0.32068049907684326,1077585,0.0,0.0
2015-11-27 00:00:00+08:00,0.3206805092595996,0.3238239288330078,0.3206805092595996,0.3238239288330078,350240,0.0,0.0
2015-11-30 00:00:00+08:00,0.32068049907684326,0.3238239185504367,0.32068049907684326,0.32068049907684326,1150645,0.0,0.0
2015-12-01 00:00:00+08:00,0.32068049907684326,0.3238239185504367,0.3175364122186772,0.32068049907684326,1733599,0.0,0.0
2015-12-02 00:00:00+08:00,0.32068049907684326,0.3238239185504367,0.32068049907684326,0.32068049907684326,972268,0.0,0.0
2015-12-03 00:00:00+08:00,0.3206805092595996,0.3238239288330078,0.3206805092595996,0.3238239288330078,383209,0.0,0.0
2015-12-04 00:00:00+08:00,0.3238239288330078,0.3238239288330078,0.3206805092595996,0.3238239288330078,3311310,0.0,0.0
2015-12-07 00:00:00+08:00,0.3238239166662015,0.3269679844379425,0.3206804972108987,0.3269679844379425,2326016,0.0,0.0
2015-12-08 00:00:00+08:00,0.3238239166662015,0.3269679844379425,0.3238239166662015,0.3269679844379425,1327291,0.0,0.0
2015-12-09 00:00:00+08:00,0.3238239288330078,0.3269679967228787,0.3206805092595996,0.3238239288330078,1282926,0.0,0.0
2015-12-10 00:00:00+08:00,0.3269679967228787,0.3269679967228787,0.3206805092595996,0.3238239288330078,901752,0.0,0.0
2015-12-11 00:00:00+08:00,0.3238239185504367,0.3238239185504367,0.32068049907684326,0.32068049907684326,1831080,0.0,0.0
2015-12-14 00:00:00+08:00,0.32068049907684326,0.3238239185504367,0.32068049907684326,0.32068049907684326,480893,0.0,0.0
2015-12-15 00:00:00+08:00,0.3206805092595996,0.3238239288330078,0.3206805092595996,0.3238239288330078,883029,0.0,0.0
2015-12-16 00:00:00+08:00,0.32068049907684326,0.3238239185504367,0.32068049907684326,0.32068049907684326,1225638,0.0,0.0
2015-12-17 00:00:00+08:00,0.32068049907684326,0.3238239185504367,0.32068049907684326,0.32068049907684326,1014293,0.0,0.0
2015-12-18 00:00:00+08:00,0.3206805092595996,0.3238239288330078,0.3175364223015975,0.3238239288330078,1343674,0.0,0.0
2015-12-21 00:00:00+08:00,0.32068049907684326,0.3238239185504367,0.3175364122186772,0.32068049907684326,757056,0.0,0.0
2015-12-22 00:00:00+08:00,0.32068044034729826,0.3238238592452047,0.3175363540649414,0.3175363540649414,567283,0.0,0.0
2015-12-23 00:00:00+08:00,0.32068051298558653,0.32068051298558653,0.3143923580646515,0.3143923580646515,3015711,0.0,0.0
2015-12-24 00:00:00+08:00,0.3175363540649414,0.32068044034729826,0.31439228685071174,0.3175363540649414,670768,0.0,0.0
2015-12-28 00:00:00+08:00,0.31439228685071174,0.32068044034729826,0.31439228685071174,0.3175363540649414,1500376,0.0,0.0
2015-12-29 00:00:00+08:00,0.3175363540649414,0.32068044034729826,0.31439228685071174,0.3175363540649414,1087150,0.0,0.0
2015-12-30 00:00:00+08:00,0.3175364122186772,0.32068049907684326,0.3143923444286418,0.32068049907684326,866138,0.0,0.0
2015-12-31 00:00:00+08:00,0.32068049907684326,0.32068049907684326,0.3175364122186772,0.32068049907684326,85270,0.0,0.0
2016-01-04 00:00:00+08:00,0.32068049907684326,0.32068049907684326,0.3175364122186772,0.32068049907684326,512743,0.0,0.0
2016-01-05 00:00:00+08:00,0.32068044034729826,0.32068044034729826,0.31439228685071174,0.3175363540649414,1571401,0.0,0.0
2016-01-06 00:00:00+08:00,0.3175363540649414,0.32068044034729826,0.31439228685071174,0.3175363540649414,2924234,0.0,0.0
2016-01-07 00:00:00+08:00,0.3143923580646515,0.31753642599105325,0.30810420314371645,0.3143923580646515,3495995,0.0,0.0
2016-01-08 00:00:00+08:00,0.31439228685071174,0.3175363540649414,0.3112482005683549,0.3175363540649414,2182644,0.0,0.0
2016-01-11 00:00:00+08:00,0.31753642599105325,0.31753642599105325,0.30810420314371645,0.3143923580646515,2994852,0.0,0.0
2016-01-12 00:00:00+08:00,0.31439237225726085,0.31439237225726085,0.3081042170524597,0.3081042170524597,1521236,0.0,0.0
2016-01-13 00:00:00+08:00,0.31124832478823883,0.3143924123254078,0.30496081709861755,0.30496081709861755,4270757,0.0,0.0
2016-01-14 00:00:00+08:00,0.30496081709861755,0.3081042563192046,0.30181672956144856,0.30496081709861755,1400046,0.0,0.0
2016-01-15 00:00:00+08:00,0.30496081709861755,0.30496081709861755,0.30181672956144856,0.30496081709861755,2136549,0.0,0.0
2016-01-18 00:00:00+08:00,0.304960741118996,0.304960741118996,0.2986725866794586,0.2986725866794586,3174246,0.0,0.0
2016-01-19 00:00:00+08:00,0.30181672956144856,0.3081042563192046,0.2986726610924143,0.30496081709861755,3822425,0.0,0.0
2016-01-20 00:00:00+08:00,0.304960741118996,0.3081041795564092,0.29552849992562497,0.2986725866794586,7420480,0.0,0.0
2016-01-21 00:00:00+08:00,0.2986726273661242,0.30181669548012846,0.2892410332043552,0.2923851013183594,11933517,0.0,0.0
2016-01-22 00:00:00+08:00,0.29196459346185943,0.2951731636640382,0.28554813412973373,0.28875604271888733,10485238,0.009184,0.0
2016-01-25 00:00:00+08:00,0.28875604271888733,0.29196459346185943,0.28554813412973373,0.28875604271888733,2470508,0.0,0.0
2016-01-26 00:00:00+08:00,0.2887560000109713,0.30158957839012146,0.2855480918962774,0.30158957839012146,2917721,0.0,0.0
2016-01-27 00:00:00+08:00,0.2983816505159065,0.30158955841816537,0.2919645309448242,0.2919645309448242,1419278,0.0,0.0
2016-01-28 00:00:00+08:00,0.2919645389743448,0.29517310857772827,0.28875598883016435,0.29517310857772827,876313,0.0,0.0
2016-01-29 00:00:00+08:00,0.29517310857772827,0.29517310857772827,0.28875598883016435,0.29517310857772827,1443801,0.0,0.0
2016-02-01 00:00:00+08:00,0.2951731652527136,0.2983817160129547,0.2919645950332658,0.2983817160129547,1605082,0.0,0.0
2016-02-02 00:00:00+08:00,0.29838165872190875,0.29838165872190875,0.29517310857772827,0.29517310857772827,789109,0.0,0.0
2016-02-03 00:00:00+08:00,0.2951731004599666,0.2983816505159065,0.2887559808888843,0.2919645309448242,2970023,0.0,0.0
2016-02-04 00:00:00+08:00,0.29517310857772827,0.29517310857772827,0.2919645389743448,0.29517310857772827,2344230,0.0,0.0
2016-02-05 00:00:00+08:00,0.2951731636640382,0.2951731636640382,0.28554813412973373,0.28875604271888733,13796345,0.0,0.0
2016-02-10 00:00:00+08:00,0.2855480808396825,0.29517310857772827,0.2855480808396825,0.29517310857772827,1208950,0.0,0.0
2016-02-11 00:00:00+08:00,0.28875598883016435,0.29517310857772827,0.28875598883016435,0.29517310857772827,466139,0.0,0.0
2016-02-12 00:00:00+08:00,0.2919645309448242,0.2919645309448242,0.2887559808888843,0.2919645309448242,821569,0.0,0.0
2016-02-15 00:00:00+08:00,0.29196459346185943,0.2951731636640382,0.28875604271888733,0.28875604271888733,939910,0.0,0.0
2016-02-16 00:00:00+08:00,0.2919645309448242,0.2951731004599666,0.2887559808888843,0.2919645309448242,2360206,0.0,0.0
2016-02-17 00:00:00+08:00,0.2919645309448242,0.2951731004599666,0.2887559808888843,0.2919645309448242,1876565,0.0,0.0
2016-02-18 00:00:00+08:00,0.2951731652527136,0.2983817160129547,0.2919645950332658,0.2983817160129547,2226703,0.0,0.0
2016-02-19 00:00:00+08:00,0.2951731652527136,0.2983817160129547,0.2951731652527136,0.2983817160129547,464104,0.0,0.0
2016-02-22 00:00:00+08:00,0.29517312000701,0.30158957839012146,0.29517312000701,0.30158957839012146,2197093,0.0,0.0
2016-02-23 00:00:00+08:00,0.30158962461937383,0.30158962461937383,0.2983817160129547,0.2983817160129547,698140,0.0,0.0
2016-02-24 00:00:00+08:00,0.2983816702754275,0.30158957839012146,0.2983816702754275,0.30158957839012146,528311,0.0,0.0
2016-02-25 00:00:00+08:00,0.30158962461937383,0.30158962461937383,0.2951731652527136,0.2983817160129547,416890,0.0,0.0
2016-02-26 00:00:00+08:00,0.2983817160129547,0.2983817160129547,0.2951731652527136,0.2983817160129547,797250,0.0,0.0
2016-02-29 00:00:00+08:00,0.2983817160129547,0.30800674559906277,0.2983817160129547,0.2983817160129547,1967941,0.0,0.0
2016-03-01 00:00:00+08:00,0.30479819483882165,0.30479819483882165,0.2983817160129547,0.2983817160129547,2703324,0.0,0.0
2016-03-02 00:00:00+08:00,0.2983816702754275,0.30158957839012146,0.29517312000701,0.30158957839012146,1993074,0.0,0.0
2016-03-03 00:00:00+08:00,0.30158957839012146,0.30479814811774264,0.2983816702754275,0.30158957839012146,2146826,0.0,0.0
2016-03-04 00:00:00+08:00,0.30158962461937383,0.30479819483882165,0.2983817160129547,0.2983817160129547,1522050,0.0,0.0
2016-03-07 00:00:00+08:00,0.30158958374365774,0.3080067038536072,0.29838167557202,0.3080067038536072,1731971,0.0,0.0
2016-03-08 00:00:00+08:00,0.3047981904025446,0.31442321984856225,0.3047981904025446,0.3112153112888336,3678950,0.0,0.0
2016-03-09 00:00:00+08:00,0.3080067038536072,0.3112152736381839,0.3080067038536072,0.3080067038536072,2313704,0.0,0.0
2016-03-10 00:00:00+08:00,0.3112153066152701,0.3112153066152701,0.3047981858253479,0.3047981858253479,1133550,0.0,0.0
2016-03-11 00:00:00+08:00,0.3080067411160859,0.3112153112888336,0.3047981904025446,0.3112153112888336,1527036,0.0,0.0
2016-03-14 00:00:00+08:00,0.3112152655774501,0.31442317366600037,0.3112152655774501,0.31442317366600037,2155475,0.0,0.0
2016-03-15 00:00:00+08:00,0.3112153112888336,0.31763177056210357,0.3112153112888336,0.3112153112888336,1721999,0.0,0.0
2016-03-16 00:00:00+08:00,0.3112152924147691,0.3176317512989044,0.30800672243660937,0.3176317512989044,2568091,0.0,0.0
2016-03-17 00:00:00+08:00,0.31763178537907594,0.3240489065647125,0.31763178537907594,0.3240489065647125,2460638,0.0,0.0
2016-03-18 00:00:00+08:00,0.3240489096276732,0.3240489096276732,0.31763178838138095,0.32084035873413086,3550128,0.0,0.0
2016-03-21 00:00:00+08:00,0.32084032127706413,0.3240488717960186,0.3176317512989044,0.3176317512989044,427065,0.0,0.0
2016-03-22 00:00:00+08:00,0.3176317512989044,0.32084032127706413,0.3176317512989044,0.3176317512989044,1904344,0.0,0.0
2016-03-23 00:00:00+08:00,0.31763178838138095,0.32084035873413086,0.3144232374878386,0.32084035873413086,3722705,0.0,0.0
2016-03-24 00:00:00+08:00,0.3176317512989044,0.32084032127706413,0.3176317512989044,0.3176317512989044,1057844,0.0,0.0
2016-03-28 00:00:00+08:00,0.3176317512989044,0.32084032127706413,0.3144232007799499,0.3176317512989044,864510,0.0,0.0
2016-03-29 00:00:00+08:00,0.31763178838138095,0.32084035873413086,0.31763178838138095,0.32084035873413086,1692083,0.0,0.0
2016-03-30 00:00:00+08:00,0.32084035873413086,0.3240489096276732,0.31763178838138095,0.32084035873413086,2052499,0.0,0.0
2016-03-31 00:00:00+08:00,0.32084032127706413,0.32084032127706413,0.3144232007799499,0.3176317512989044,3451223,0.0,0.0
2016-04-01 00:00:00+08:00,0.3176317512989044,0.32084032127706413,0.3144232007799499,0.3176317512989044,2279514,0.0,0.0
2016-04-04 00:00:00+08:00,0.32084035873413086,0.32084035873413086,0.31763178838138095,0.32084035873413086,255710,0.0,0.0
2016-04-05 00:00:00+08:00,0.32084035873413086,0.32084035873413086,0.31763178838138095,0.32084035873413086,107554,0.0,0.0
2016-04-06 00:00:00+08:00,0.31763178838138095,0.32084035873413086,0.31763178838138095,0.32084035873413086,802032,0.0,0.0
2016-04-07 00:00:00+08:00,0.32084035570149794,0.3240489065647125,0.31763178537907594,0.3240489065647125,3046848,0.0,0.0
2016-04-08 00:00:00+08:00,0.3240489096276732,0.3240489096276732,0.31763178838138095,0.32084035873413086,605543,0.0,0.0
2016-04-11 00:00:00+08:00,0.3240489096276732,0.3240489096276732,0.31763178838138095,0.32084035873413086,804576,0.0,0.0
2016-04-12 00:00:00+08:00,0.32084032127706413,0.3240488717960186,0.3176317512989044,0.3176317512989044,2565344,0.0,0.0
2016-04-13 00:00:00+08:00,0.32084035570149794,0.3240489065647125,0.31763178537907594,0.3240489065647125,1378678,0.0,0.0
2016-04-14 00:00:00+08:00,0.32084035873413086,0.3240489096276732,0.31763178838138095,0.32084035873413086,2853310,0.0,0.0
2016-04-15 00:00:00+08:00,0.32084035873413086,0.32084035873413086,0.31763178838138095,0.32084035873413086,1454180,0.0,0.0
2016-04-18 00:00:00+08:00,0.32084035873413086,0.3240489096276732,0.31763178838138095,0.32084035873413086,4422881,0.0,0.0
2016-04-19 00:00:00+08:00,0.3236814628927905,0.3236814628927905,0.3204118013381958,0.3204118013381958,1604268,0.009184,0.0
2016-04-20 00:00:00+08:00,0.32368147373199463,0.32368147373199463,0.3204118120679079,0.32368147373199463,1042988,0.0,0.0
2016-04-21 00:00:00+08:00,0.32368147373199463,0.32695115522591317,0.3204118120679079,0.32368147373199463,3607518,0.0,0.0
2016-04-22 00:00:00+08:00,0.3236814628927905,0.3236814628927905,0.3204118013381958,0.3204118013381958,1083283,0.0,0.0
2016-04-25 00:00:00+08:00,0.32368147373199463,0.32368147373199463,0.3204118120679079,0.32368147373199463,2187324,0.0,0.0
2016-04-26 00:00:00+08:00,0.3204118013381958,0.3269511442772164,0.3204118013381958,0.3204118013381958,1472292,0.0,0.0
2016-04-27 00:00:00+08:00,0.32368149422716447,0.32695117592811584,0.32041183235604626,0.32695117592811584,991602,0.0,0.0
2016-04-28 00:00:00+08:00,0.32695115522591317,0.32695115522591317,0.32368147373199463,0.32368147373199463,1435762,0.0,0.0
2016-04-29 00:00:00+08:00,0.3236814628927905,0.3269511442772164,0.3204118013381958,0.3204118013381958,1161939,0.0,0.0
2016-05-03 00:00:00+08:00,0.3236814628927905,0.3236814628927905,0.3204118013381958,0.3204118013381958,388805,0.0,0.0
2016-05-04 00:00:00+08:00,0.3236814628927905,0.3236814628927905,0.3204118013381958,0.3204118013381958,1448074,0.0,0.0
2016-05-05 00:00:00+08:00,0.32368147373199463,0.32695115522591317,0.32368147373199463,0.32368147373199463,1901596,0.0,0.0
2016-05-06 00:00:00+08:00,0.32368147373199463,0.32695115522591317,0.32368147373199463,0.32368147373199463,468581,0.0,0.0
2016-05-09 00:00:00+08:00,0.32695115522591317,0.32695115522591317,0.32368147373199463,0.32368147373199463,760618,0.0,0.0
2016-05-10 00:00:00+08:00,0.32368147373199463,0.32695115522591317,0.32368147373199463,0.32368147373199463,454335,0.0,0.0
2016-05-11 00:00:00+08:00,0.32368149422716447,0.32695117592811584,0.32368149422716447,0.32695117592811584,4114869,0.0,0.0
2016-05-12 00:00:00+08:00,0.32368149422716447,0.32695117592811584,0.32368149422716447,0.32695117592811584,103383,0.0,0.0
2016-05-13 00:00:00+08:00,0.32695115522591317,0.32695115522591317,0.32368147373199463,0.32368147373199463,4023594,0.0,0.0
2016-05-16 00:00:00+08:00,0.32368147373199463,0.32695115522591317,0.3204118120679079,0.32368147373199463,2215307,0.0,0.0
2016-05-17 00:00:00+08:00,0.32368149422716447,0.32695117592811584,0.32368149422716447,0.32695117592811584,384023,0.0,0.0
2016-05-18 00:00:00+08:00,0.32368147373199463,0.32695115522591317,0.32368147373199463,0.32368147373199463,512132,0.0,0.0
2016-05-19 00:00:00+08:00,0.32368149422716447,0.32695117592811584,0.32041183235604626,0.32695117592811584,1294831,0.0,0.0
2016-05-20 00:00:00+08:00,0.32368149422716447,0.32695117592811584,0.32368149422716447,0.32695117592811584,312387,0.0,0.0
2016-05-23 00:00:00+08:00,0.32368149422716447,0.32695117592811584,0.32041183235604626,0.32695117592811584,1999993,0.0,0.0
2016-05-24 00:00:00+08:00,0.32695117592811584,0.33349051950018543,0.32695117592811584,0.32695117592811584,7721980,0.0,0.0
2016-05-25 00:00:00+08:00,0.32695118634660675,0.3302208483219147,0.32695118634660675,0.3302208483219147,2358985,0.0,0.0
2016-05-26 00:00:00+08:00,0.32695118634660675,0.3302208483219147,0.32695118634660675,0.3302208483219147,438258,0.0,0.0
2016-05-27 00:00:00+08:00,0.3302208483219147,0.3334905301270564,0.32695118634660675,0.3302208483219147,11964755,0.0,0.0
2016-05-30 00:00:00+08:00,0.32695117592811584,0.33022083779923406,0.32695117592811584,0.32695117592811584,694070,0.0,0.0
2016-05-31 00:00:00+08:00,0.3302208094927167,0.3334904909133911,0.3269511479018738,0.3334904909133911,1334211,0.0,0.0
2016-06-01 00:00:00+08:00,0.3302208094927167,0.3367594782899642,0.3302208094927167,0.3334904909133911,3207621,0.0,0.0
2016-06-02 00:00:00+08:00,0.3302208094927167,0.3367594782899642,0.3302208094927167,0.3334904909133911,2024516,0.0,0.0
2016-06-03 00:00:00+08:00,0.3334905301270564,0.3334905301270564,0.32695118634660675,0.3302208483219147,1683535,0.0,0.0
2016-06-06 00:00:00+08:00,0.32695117592811584,0.33022083779923406,0.32368149422716447,0.32695117592811584,3296555,0.0,0.0
2016-06-07 00:00:00+08:00,0.32695117592811584,0.32695117592811584,0.32041183235604626,0.32695117592811584,3921636,0.0,0.0
2016-06-08 00:00:00+08:00,0.32695115522591317,0.32695115522591317,0.32368147373199463,0.32368147373199463,1301344,0.0,0.0
2016-06-09 00:00:00+08:00,0.32695117592811584,0.32695117592811584,0.32041183235604626,0.32695117592811584,4047812,0.0,0.0
2016-06-10 00:00:00+08:00,0.32368149422716447,0.32695117592811584,0.32368149422716447,0.32695117592811584,714014,0.0,0.0
2016-06-13 00:00:00+08:00,0.32368147373199463,0.32695115522591317,0.32368147373199463,0.32368147373199463,17596180,0.0,0.0
2016-06-14 00:00:00+08:00,0.32368149422716447,0.32695117592811584,0.32368149422716447,0.32695117592811584,11707824,0.0,0.0
2016-06-15 00:00:00+08:00,0.32368147373199463,0.32695115522591317,0.32368147373199463,0.32368147373199463,1451738,0.0,0.0
2016-06-16 00:00:00+08:00,0.3236814628927905,0.3236814628927905,0.3204118013381958,0.3204118013381958,2470508,0.0,0.0
2016-06-17 00:00:00+08:00,0.3236814628927905,0.3269511442772164,0.3204118013381958,0.3204118013381958,4983551,0.0,0.0
2016-06-20 00:00:00+08:00,0.3204118013381958,0.3236814628927905,0.3204118013381958,0.3204118013381958,1059676,0.0,0.0
2016-06-21 00:00:00+08:00,0.3236814628927905,0.3236814628927905,0.3204118013381958,0.3204118013381958,594961,0.0,0.0
2016-06-22 00:00:00+08:00,0.3236814628927905,0.3236814628927905,0.3204118013381958,0.3204118013381958,2002537,0.0,0.0
2016-06-23 00:00:00+08:00,0.3236814628927905,0.3236814628927905,0.3204118013381958,0.3204118013381958,954359,0.0,0.0
2016-06-24 00:00:00+08:00,0.3236814628927905,0.3236814628927905,0.31714279416803215,0.3204118013381958,5014891,0.0,0.0
2016-06-27 00:00:00+08:00,0.3204118217764977,0.32368148353965626,0.3171428143978119,0.3171428143978119,1791294,0.0,0.0
2016-06-28 00:00:00+08:00,0.3171428143978119,0.3204118217764977,0.3171428143978119,0.3171428143978119,2640337,0.0,0.0
2016-06-29 00:00:00+08:00,0.31714279416803215,0.3236814628927905,0.31714279416803215,0.3204118013381958,3931201,0.0,0.0
2016-06-30 00:00:00+08:00,0.3204118120679079,0.32695115522591317,0.3204118120679079,0.32368147373199463,1903123,0.0,0.0
2016-07-01 00:00:00+08:00,0.32695118634660675,0.3302208483219147,0.32368150454146505,0.3302208483219147,2967480,0.0,0.0
2016-07-04 00:00:00+08:00,0.33022083779923406,0.33022083779923406,0.32368149422716447,0.32695117592811584,4559640,0.0,0.0
2016-07-05 00:00:00+08:00,0.32695117592811584,0.33022083779923406,0.32368149422716447,0.32695117592811584,1174557,0.0,0.0
2016-07-07 00:00:00+08:00,0.32695118634660675,0.3302208483219147,0.32368150454146505,0.3302208483219147,7973620,0.0,0.0
2016-07-08 00:00:00+08:00,0.32695117592811584,0.33349051950018543,0.32695117592811584,0.32695117592811584,6442513,0.0,0.0
2016-07-11 00:00:00+08:00,0.3302208094927167,0.3334904909133911,0.3269511479018738,0.3334904909133911,5744678,0.0,0.0
2016-07-12 00:00:00+08:00,0.3334905301270564,0.3334905301270564,0.32695118634660675,0.3302208483219147,3115635,0.0,0.0
2016-07-13 00:00:00+08:00,0.3334905301270564,0.3334905301270564,0.3302208483219147,0.3302208483219147,5892121,0.0,0.0
2016-07-14 00:00:00+08:00,0.3302208094927167,0.3334904909133911,0.3302208094927167,0.3334904909133911,32052,0.0,0.0
2016-07-15 00:00:00+08:00,0.3302208483219147,0.3334905301270564,0.32695118634660675,0.3302208483219147,2197398,0.0,0.0
2016-07-18 00:00:00+08:00,0.3302208094927167,0.3334904909133911,0.3269511479018738,0.3334904909133911,1395467,0.0,0.0
2016-07-19 00:00:00+08:00,0.3334904909133911,0.3334904909133911,0.3302208094927167,0.3334904909133911,4437534,0.0,0.0
2016-07-20 00:00:00+08:00,0.3334904909133911,0.3367594782899642,0.3302208094927167,0.3334904909133911,7517962,0.0,0.0
2016-07-21 00:00:00+08:00,0.3334904909133911,0.3334904909133911,0.3302208094927167,0.3334904909133911,6442717,0.0,0.0
2016-07-22 00:00:00+08:00,0.33638471364974976,0.33638471364974976,0.3297233072115366,0.33638471364974976,6327836,0.009184,0.0
2016-07-25 00:00:00+08:00,0.33638471364974976,0.33638471364974976,0.3297233072115366,0.33638471364974976,3244864,0.0,0.0
2016-07-26 00:00:00+08:00,0.33638472917486323,0.33638472917486323,0.3297233224292072,0.3330540359020233,3975464,0.0,0.0
2016-07-27 00:00:00+08:00,0.33638471364974976,0.33638471364974976,0.3330540205306308,0.33638471364974976,1127139,0.0,0.0
2016-07-28 00:00:00+08:00,0.33638471364974976,0.33638471364974976,0.3297233072115366,0.33638471364974976,2852802,0.0,0.0
2016-07-29 00:00:00+08:00,0.3330540205306308,0.33638471364974976,0.3330540205306308,0.33638471364974976,2422378,0.0,0.0
2016-08-01 00:00:00+08:00,0.3330540205306308,0.33638471364974976,0.3297233072115366,0.33638471364974976,2231486,0.0,0.0
2016-08-02 00:00:00+08:00,0.33638472917486323,0.33638472917486323,0.3297233224292072,0.3330540359020233,3805940,0.0,0.0
2016-08-03 00:00:00+08:00,0.3330540205306308,0.33638471364974976,0.3297233072115366,0.33638471364974976,1533956,0.0,0.0
2016-08-04 00:00:00+08:00,0.33638471364974976,0.33638471364974976,0.3330540205306308,0.33638471364974976,1008391,0.0,0.0
2016-08-05 00:00:00+08:00,0.33638472917486323,0.33638472917486323,0.3330540359020233,0.3330540359020233,1894677,0.0,0.0
2016-08-08 00:00:00+08:00,0.3330540205306308,0.33638471364974976,0.3330540205306308,0.33638471364974976,2353694,0.0,0.0
2016-08-10 00:00:00+08:00,0.33638471364974976,0.33638471364974976,0.3330540205306308,0.33638471364974976,412819,0.0,0.0
2016-08-11 00:00:00+08:00,0.33638472917486323,0.33638472917486323,0.3330540359020233,0.3330540359020233,1428436,0.0,0.0
2016-08-12 00:00:00+08:00,0.3330540148747094,0.3430454274632089,0.3330540148747094,0.3397154211997986,7866676,0.0,0.0
2016-08-15 00:00:00+08:00,0.33638470793726655,0.3397154211997986,0.33638470793726655,0.3397154211997986,2112534,0.0,0.0
2016-08-16 00:00:00+08:00,0.33971542696884394,0.33971542696884394,0.33638471364974976,0.33638471364974976,16843499,0.0,0.0
2016-08-17 00:00:00+08:00,0.33638471364974976,0.33971542696884394,0.3330540205306308,0.33638471364974976,7059963,0.0,0.0
2016-08-18 00:00:00+08:00,0.3397154211997986,0.3397154211997986,0.33638470793726655,0.3397154211997986,2704443,0.0,0.0
2016-08-19 00:00:00+08:00,0.33638470793726655,0.3397154211997986,0.3330540148747094,0.3397154211997986,895850,0.0,0.0
2016-08-22 00:00:00+08:00,0.33971542696884394,0.33971542696884394,0.3330540205306308,0.33638471364974976,2320216,0.0,0.0
2016-08-23 00:00:00+08:00,0.33638471364974976,0.33971542696884394,0.33638471364974976,0.33638471364974976,530753,0.0,0.0
2016-08-24 00:00:00+08:00,0.33638471364974976,0.33971542696884394,0.3330540205306308,0.33638471364974976,631186,0.0,0.0
2016-08-25 00:00:00+08:00,0.33638471364974976,0.33971542696884394,0.3330540205306308,0.33638471364974976,1137824,0.0,0.0
2016-08-26 00:00:00+08:00,0.33638472917486323,0.33971544264767933,0.3330540359020233,0.3330540359020233,1657893,0.0,0.0
2016-08-29 00:00:00+08:00,0.33638472917486323,0.33638472917486323,0.3330540359020233,0.3330540359020233,4488615,0.0,0.0
2016-08-30 00:00:00+08:00,0.3330540359020233,0.33638472917486323,0.3330540359020233,0.3330540359020233,1294424,0.0,0.0
2016-08-31 00:00:00+08:00,0.3330540359020233,0.33638472917486323,0.3330540359020233,0.3330540359020233,1574149,0.0,0.0
2016-09-01 00:00:00+08:00,0.33638472917486323,0.33971544264767933,0.3330540359020233,0.3330540359020233,3528251,0.0,0.0
2016-09-02 00:00:00+08:00,0.33638471364974976,0.33638471364974976,0.3330540205306308,0.33638471364974976,5372255,0.0,0.0
2016-09-05 00:00:00+08:00,0.33638470793726655,0.3397154211997986,0.33638470793726655,0.3397154211997986,568199,0.0,0.0
2016-09-06 00:00:00+08:00,0.33638471364974976,0.33971542696884394,0.3330540205306308,0.33638471364974976,4923821,0.0,0.0
2016-09-07 00:00:00+08:00,0.3397154211997986,0.3397154211997986,0.3330540148747094,0.3397154211997986,2212051,0.0,0.0
2016-09-08 00:00:00+08:00,0.33638471364974976,0.33971542696884394,0.3330540205306308,0.33638471364974976,3537918,0.0,0.0
2016-09-09 00:00:00+08:00,0.33638471364974976,0.33971542696884394,0.33638471364974976,0.33638471364974976,1306940,0.0,0.0
2016-09-13 00:00:00+08:00,0.33638472917486323,0.33638472917486323,0.3297233224292072,0.3330540359020233,5388841,0.0,0.0
2016-09-14 00:00:00+08:00,0.3330540205306308,0.33638471364974976,0.3330540205306308,0.33638471364974976,1959495,0.0,0.0
2016-09-15 00:00:00+08:00,0.33638472917486323,0.33638472917486323,0.3330540359020233,0.3330540359020233,4609703,0.0,0.0
2016-09-16 00:00:00+08:00,0.3330540359020233,0.33638472917486323,0.3330540359020233,0.3330540359020233,3192358,0.0,0.0
2016-09-19 00:00:00+08:00,0.3330540359020233,0.33638472917486323,0.3330540359020233,0.3330540359020233,2806300,0.0,0.0
2016-09-20 00:00:00+08:00,0.3330540359020233,0.33638472917486323,0.3297233224292072,0.3330540359020233,3445016,0.0,0.0
2016-09-21 00:00:00+08:00,0.3330540205306308,0.33638471364974976,0.3330540205306308,0.33638471364974976,1406660,0.0,0.0
2016-09-22 00:00:00+08:00,0.3330540359020233,0.33638472917486323,0.3330540359020233,0.3330540359020233,350952,0.0,0.0
2016-09-23 00:00:00+08:00,0.3330540205306308,0.33638471364974976,0.3330540205306308,0.33638471364974976,1031897,0.0,0.0
2016-09-26 00:00:00+08:00,0.3330540359020233,0.33638472917486323,0.3297233224292072,0.3330540359020233,9410502,0.0,0.0
2016-09-27 00:00:00+08:00,0.3330539816778762,0.3330539816778762,0.3297232687473297,0.3297232687473297,3162849,0.0,0.0
2016-09-28 00:00:00+08:00,0.3297233224292072,0.3330540359020233,0.3297233224292072,0.3330540359020233,4294364,0.0,0.0
2016-09-29 00:00:00+08:00,0.3330540205306308,0.33638471364974976,0.3297233072115366,0.33638471364974976,3066284,0.0,0.0
2016-09-30 00:00:00+08:00,0.3330540205306308,0.33638471364974976,0.3330540205306308,0.33638471364974976,1634490,0.0,0.0
2016-10-03 00:00:00+08:00,0.33638471364974976,0.33638471364974976,0.3330540205306308,0.33638471364974976,351359,0.0,0.0
2016-10-04 00:00:00+08:00,0.33638471364974976,0.33638471364974976,0.3330540205306308,0.33638471364974976,1407576,0.0,0.0
2016-10-05 00:00:00+08:00,0.33638470793726655,0.3397154211997986,0.3330540148747094,0.3397154211997986,3285260,0.0,0.0
2016-10-06 00:00:00+08:00,0.3397154211997986,0.3397154211997986,0.33638470793726655,0.3397154211997986,558634,0.0,0.0
2016-10-07 00:00:00+08:00,0.33638471364974976,0.33971542696884394,0.33638471364974976,0.33638471364974976,1032711,0.0,0.0
2016-10-10 00:00:00+08:00,0.33638471364974976,0.33971542696884394,0.33638471364974976,0.33638471364974976,1408593,0.0,0.0
2016-10-11 00:00:00+08:00,0.3397154211997986,0.3397154211997986,0.33638470793726655,0.3397154211997986,702821,0.0,0.0
2016-10-12 00:00:00+08:00,0.33638470793726655,0.3397154211997986,0.33638470793726655,0.3397154211997986,171660,0.0,0.0
2016-10-13 00:00:00+08:00,0.33638470793726655,0.3397154211997986,0.33638470793726655,0.3397154211997986,808341,0.0,0.0
2016-10-14 00:00:00+08:00,0.33971542696884394,0.33971542696884394,0.3330540205306308,0.33638471364974976,4937150,0.0,0.0
2016-10-17 00:00:00+08:00,0.33638471364974976,0.33971542696884394,0.33638471364974976,0.33638471364974976,3809298,0.0,0.0
2016-10-18 00:00:00+08:00,0.33638471364974976,0.33971542696884394,0.33638471364974976,0.33638471364974976,2942244,0.0,0.0
2016-10-19 00:00:00+08:00,0.3397154211997986,0.3430454274632089,0.33638470793726655,0.3397154211997986,2897777,0.0,0.0
2016-10-20 00:00:00+08:00,0.3430454274632089,0.3430454274632089,0.3397154211997986,0.3397154211997986,1334618,0.0,0.0
2016-10-21 00:00:00+08:00,0.34266361594200134,0.34266361594200134,0.3392707526474499,0.34266361594200134,2748096,0.009184,0.0
2016-10-24 00:00:00+08:00,0.34266361594200134,0.34266361594200134,0.3392707526474499,0.34266361594200134,1217396,0.0,0.0
2016-10-25 00:00:00+08:00,0.34266361594200134,0.34266361594200134,0.3392707526474499,0.34266361594200134,738130,0.0,0.0
2016-10-26 00:00:00+08:00,0.33927077054977417,0.3426636340233571,0.33927077054977417,0.33927077054977417,1224926,0.0,0.0
2016-10-27 00:00:00+08:00,0.3426636340233571,0.3426636340233571,0.33927077054977417,0.33927077054977417,1832301,0.0,0.0
2016-10-28 00:00:00+08:00,0.33927077054977417,0.3426636340233571,0.33927077054977417,0.33927077054977417,1354358,0.0,0.0
2016-10-31 00:00:00+08:00,0.3392707526474499,0.34266361594200134,0.3392707526474499,0.34266361594200134,1485317,0.0,0.0
2016-11-01 00:00:00+08:00,0.3392707526474499,0.34266361594200134,0.3392707526474499,0.34266361594200134,2234742,0.0,0.0
2016-11-02 00:00:00+08:00,0.33927077054977417,0.3426636340233571,0.33927077054977417,0.33927077054977417,1674784,0.0,0.0
2016-11-03 00:00:00+08:00,0.3426636340233571,0.3426636340233571,0.33927077054977417,0.33927077054977417,538080,0.0,0.0
2016-11-04 00:00:00+08:00,0.3392707526474499,0.34266361594200134,0.3392707526474499,0.34266361594200134,1025588,0.0,0.0
2016-11-07 00:00:00+08:00,0.3426636340233571,0.3426636340233571,0.33927077054977417,0.33927077054977417,1089388,0.0,0.0
2016-11-08 00:00:00+08:00,0.3392707526474499,0.34266361594200134,0.3392707526474499,0.34266361594200134,1088879,0.0,0.0
2016-11-09 00:00:00+08:00,0.34266361594200134,0.34266361594200134,0.3392707526474499,0.34266361594200134,4806497,0.0,0.0
2016-11-10 00:00:00+08:00,0.34266361594200134,0.34266361594200134,0.3392707526474499,0.34266361594200134,1192975,0.0,0.0
2016-11-11 00:00:00+08:00,0.33927077054977417,0.3426636340233571,0.33927077054977417,0.33927077054977417,3077985,0.0,0.0
2016-11-14 00:00:00+08:00,0.3392707980369597,0.3392707980369597,0.32909286525643594,0.33248504996299744,15392778,0.0,0.0
2016-11-15 00:00:00+08:00,0.3324850022909075,0.3358778655529022,0.3324850022909075,0.3358778655529022,2886890,0.0,0.0
2016-11-16 00:00:00+08:00,0.3358778655529022,0.3392707493919214,0.3324850022909075,0.3358778655529022,13978717,0.0,0.0
2016-11-17 00:00:00+08:00,0.33587791371146486,0.33587791371146486,0.32909286525643594,0.33248504996299744,4772002,0.0,0.0
2016-11-18 00:00:00+08:00,0.33248504996299744,0.33587791371146486,0.32909286525643594,0.33248504996299744,4681847,0.0,0.0
2016-11-21 00:00:00+08:00,0.3290928602218628,0.33248504487652947,0.3290928602218628,0.3290928602218628,2113348,0.0,0.0
2016-11-22 00:00:00+08:00,0.3290928602218628,0.33248504487652947,0.3290928602218628,0.3290928602218628,4081798,0.0,0.0
2016-11-23 00:00:00+08:00,0.3290928602218628,0.33248504487652947,0.3290928602218628,0.3290928602218628,2961578,0.0,0.0
2016-11-24 00:00:00+08:00,0.3324849932983616,0.3324849932983616,0.32569992542266846,0.32569992542266846,6726715,0.0,0.0
2016-11-25 00:00:00+08:00,0.3290928602218628,0.3290928602218628,0.3256999759482734,0.3290928602218628,2909784,0.0,0.0
2016-11-28 00:00:00+08:00,0.3290928602218628,0.3290928602218628,0.3256999759482734,0.3290928602218628,2433368,0.0,0.0
2016-11-29 00:00:00+08:00,0.3290928602218628,0.3290928602218628,0.3256999759482734,0.3290928602218628,1610984,0.0,0.0
2016-11-30 00:00:00+08:00,0.32569992542266846,0.3290928091699221,0.3223070622524387,0.32569992542266846,3564679,0.0,0.0
2016-12-01 00:00:00+08:00,0.3256999759482734,0.3290928602218628,0.3256999759482734,0.3290928602218628,5072688,0.0,0.0
2016-12-02 00:00:00+08:00,0.3290928091699221,0.3290928091699221,0.32569992542266846,0.32569992542266846,1036984,0.0,0.0
2016-12-05 00:00:00+08:00,0.3256999759482734,0.3290928602218628,0.32230711225171116,0.3290928602218628,6670343,0.0,0.0
2016-12-06 00:00:00+08:00,0.3290928602218628,0.3290928602218628,0.32230711225171116,0.3290928602218628,4931452,0.0,0.0
2016-12-07 00:00:00+08:00,0.3256999759482734,0.3290928602218628,0.32230711225171116,0.3290928602218628,4721735,0.0,0.0
2016-12-08 00:00:00+08:00,0.32569992542266846,0.3290928091699221,0.3223070622524387,0.32569992542266846,6023181,0.0,0.0
2016-12-09 00:00:00+08:00,0.3256999759482734,0.3290928602218628,0.32230711225171116,0.3290928602218628,4941119,0.0,0.0
2016-12-12 00:00:00+08:00,0.3290928091699221,0.3290928091699221,0.3223070622524387,0.32569992542266846,3741123,0.0,0.0
2016-12-13 00:00:00+08:00,0.3256999735038621,0.32909285775198754,0.32230710983276367,0.32230710983276367,2375266,0.0,0.0
2016-12-14 00:00:00+08:00,0.32230710983276367,0.3256999735038621,0.32230710983276367,0.32230710983276367,5018554,0.0,0.0
2016-12-15 00:00:00+08:00,0.32569992542266846,0.32569992542266846,0.3223070622524387,0.32569992542266846,3772667,0.0,0.0
2016-12-16 00:00:00+08:00,0.32230710983276367,0.3256999735038621,0.3189142255846382,0.32230710983276367,4902554,0.0,0.0
2016-12-19 00:00:00+08:00,0.32230710983276367,0.32230710983276367,0.3189142255846382,0.32230710983276367,1566415,0.0,0.0
2016-12-20 00:00:00+08:00,0.32230708886327414,0.32230708886327414,0.3189142048358917,0.3189142048358917,886183,0.0,0.0
2016-12-21 00:00:00+08:00,0.32230710983276367,0.32230710983276367,0.3189142255846382,0.32230710983276367,1323933,0.0,0.0
2016-12-22 00:00:00+08:00,0.32230710983276367,0.32230710983276367,0.3189142255846382,0.32230710983276367,1332379,0.0,0.0
2016-12-23 00:00:00+08:00,0.32230710983276367,0.32230710983276367,0.3189142255846382,0.32230710983276367,1520524,0.0,0.0
2016-12-27 00:00:00+08:00,0.32230710983276367,0.32230710983276367,0.3189142255846382,0.32230710983276367,2012102,0.0,0.0
2016-12-28 00:00:00+08:00,0.32230710983276367,0.32230710983276367,0.3189142255846382,0.32230710983276367,2583762,0.0,0.0
2016-12-29 00:00:00+08:00,0.32230710983276367,0.3256999735038621,0.3189142255846382,0.32230710983276367,3100168,0.0,0.0
2016-12-30 00:00:00+08:00,0.32230710983276367,0.3256999735038621,0.3189142255846382,0.32230710983276367,4962589,0.0,0.0
2017-01-03 00:00:00+08:00,0.3223070622524387,0.32569992542266846,0.3223070622524387,0.32569992542266846,1096002,0.0,0.0
2017-01-04 00:00:00+08:00,0.32569992542266846,0.3290928091699221,0.3223070622524387,0.32569992542266846,3886327,0.0,0.0
2017-01-05 00:00:00+08:00,0.3256999759482734,0.3290928602218628,0.3256999759482734,0.3290928602218628,1267459,0.0,0.0
2017-01-06 00:00:00+08:00,0.3290928602218628,0.3290928602218628,0.3256999759482734,0.3290928602218628,3760049,0.0,0.0
2017-01-09 00:00:00+08:00,0.3290928602218628,0.3290928602218628,0.3256999759482734,0.3290928602218628,1381832,0.0,0.0
2017-01-10 00:00:00+08:00,0.32909286525643594,0.33248504996299744,0.3256999809309411,0.33248504996299744,3574448,0.0,0.0
2017-01-11 00:00:00+08:00,0.33248504487652947,0.33248504487652947,0.3290928602218628,0.3290928602218628,1235814,0.0,0.0
2017-01-12 00:00:00+08:00,0.32909286525643594,0.33587791371146486,0.32909286525643594,0.33248504996299744,4920768,0.0,0.0
2017-01-13 00:00:00+08:00,0.3324850022909075,0.3358778655529022,0.3324850022909075,0.3358778655529022,4830308,0.0,0.0
2017-01-16 00:00:00+08:00,0.3290928602218628,0.33248504487652947,0.3256999759482734,0.3290928602218628,5866784,0.0,0.0
2017-01-17 00:00:00+08:00,0.32909286525643594,0.33587791371146486,0.32909286525643594,0.33248504996299744,5934349,0.0,0.0
2017-01-18 00:00:00+08:00,0.33248504996299744,0.33587791371146486,0.33248504996299744,0.33248504996299744,7638032,0.0,0.0
2017-01-19 00:00:00+08:00,0.3324850022909075,0.3358778655529022,0.3324850022909075,0.3358778655529022,311064,0.0,0.0
2017-01-20 00:00:00+08:00,0.33587791371146486,0.33587791371146486,0.32909286525643594,0.33248504996299744,2711566,0.0,0.0
2017-01-23 00:00:00+08:00,0.3324850022909075,0.3358778655529022,0.3290928180707214,0.3358778655529022,2708106,0.0,0.0
2017-01-24 00:00:00+08:00,0.33587788649916545,0.33927077054977417,0.33587788649916545,0.33927077054977417,2681243,0.0,0.0
2017-01-25 00:00:00+08:00,0.3392707493919214,0.3392707493919214,0.3358778655529022,0.3358778655529022,2409150,0.0,0.0
2017-01-26 00:00:00+08:00,0.3392707493919214,0.3392707493919214,0.3358778655529022,0.3358778655529022,2632197,0.0,0.0
2017-01-27 00:00:00+08:00,0.3388828351168355,0.34234098544983155,0.33542537689208984,0.33542537689208984,4877827,0.009184,0.0
2017-01-31 00:00:00+08:00,0.338882825762295,0.34234097599983215,0.33542536763298925,0.34234097599983215,1847768,0.0,0.0
2017-02-01 00:00:00+08:00,0.3388828933238983,0.3423410442508719,0.3388828933238983,0.3388828933238983,267717,0.0,0.0
2017-02-02 00:00:00+08:00,0.338882825762295,0.34234097599983215,0.338882825762295,0.34234097599983215,526378,0.0,0.0
2017-02-03 00:00:00+08:00,0.34234097599983215,0.34234097599983215,0.338882825762295,0.34234097599983215,657744,0.0,0.0
2017-02-06 00:00:00+08:00,0.3423410442508719,0.3423410442508719,0.3388828933238983,0.3388828933238983,612971,0.0,0.0
2017-02-07 00:00:00+08:00,0.3423410442508719,0.3423410442508719,0.3354254345052941,0.3388828933238983,5996623,0.0,0.0
2017-02-08 00:00:00+08:00,0.3388828933238983,0.3388828933238983,0.3354254345052941,0.3388828933238983,3303067,0.0,0.0
2017-02-09 00:00:00+08:00,0.338882825762295,0.34234097599983215,0.33542536763298925,0.34234097599983215,426556,0.0,0.0
2017-02-10 00:00:00+08:00,0.34234097599983215,0.34234097599983215,0.338882825762295,0.34234097599983215,750341,0.0,0.0
2017-02-13 00:00:00+08:00,0.3423410442508719,0.3423410442508719,0.3354254345052941,0.3388828933238983,3636111,0.0,0.0
2017-02-14 00:00:00+08:00,0.3388828933238983,0.3423410442508719,0.3388828933238983,0.3388828933238983,4162897,0.0,0.0
2017-02-15 00:00:00+08:00,0.33542537689208984,0.3388828351168355,0.33542537689208984,0.33542537689208984,593841,0.0,0.0
2017-02-16 00:00:00+08:00,0.3388828351168355,0.3388828351168355,0.33542537689208984,0.33542537689208984,2165752,0.0,0.0
2017-02-17 00:00:00+08:00,0.3388828933238983,0.3388828933238983,0.3354254345052941,0.3388828933238983,3818660,0.0,0.0
2017-02-20 00:00:00+08:00,0.3388828351168355,0.3388828351168355,0.33542537689208984,0.33542537689208984,6790414,0.0,0.0
2017-02-21 00:00:00+08:00,0.3388828933238983,0.3388828933238983,0.3354254345052941,0.3388828933238983,3528251,0.0,0.0
2017-02-22 00:00:00+08:00,0.3388828933238983,0.3423410442508719,0.3354254345052941,0.3388828933238983,3072898,0.0,0.0
2017-02-23 00:00:00+08:00,0.3388828933238983,0.3388828933238983,0.3354254345052941,0.3388828933238983,4256613,0.0,0.0
2017-02-24 00:00:00+08:00,0.3388828933238983,0.3423410442508719,0.3354254345052941,0.3388828933238983,1206101,0.0,0.0
2017-02-27 00:00:00+08:00,0.3388828933238983,0.3388828933238983,0.3354254345052941,0.3388828933238983,6753578,0.0,0.0
2017-02-28 00:00:00+08:00,0.338882825762295,0.34234097599983215,0.338882825762295,0.34234097599983215,937468,0.0,0.0
2017-03-01 00:00:00+08:00,0.3423410442508719,0.3423410442508719,0.3354254345052941,0.3388828933238983,5172204,0.0,0.0
2017-03-02 00:00:00+08:00,0.3388828933238983,0.3388828933238983,0.3354254345052941,0.3388828933238983,3188084,0.0,0.0
2017-03-03 00:00:00+08:00,0.3388828933238983,0.3423410442508719,0.3354254345052941,0.3388828933238983,3262569,0.0,0.0
2017-03-06 00:00:00+08:00,0.338882825762295,0.34234097599983215,0.33542536763298925,0.34234097599983215,1380306,0.0,0.0
2017-03-07 00:00:00+08:00,0.34234097599983215,0.34234097599983215,0.338882825762295,0.34234097599983215,6661388,0.0,0.0
2017-03-08 00:00:00+08:00,0.34234097599983215,0.34234097599983215,0.338882825762295,0.34234097599983215,694986,0.0,0.0
2017-03-09 00:00:00+08:00,0.3388828933238983,0.3423410442508719,0.3388828933238983,0.3388828933238983,3262162,0.0,0.0
2017-03-10 00:00:00+08:00,0.338882825762295,0.34234097599983215,0.338882825762295,0.34234097599983215,1148304,0.0,0.0
2017-03-13 00:00:00+08:00,0.34234097599983215,0.34234097599983215,0.338882825762295,0.34234097599983215,3784267,0.0,0.0
2017-03-14 00:00:00+08:00,0.3423410442508719,0.3423410442508719,0.3388828933238983,0.3388828933238983,941945,0.0,0.0
2017-03-15 00:00:00+08:00,0.3423410442508719,0.3423410442508719,0.3388828933238983,0.3388828933238983,3530897,0.0,0.0
2017-03-16 00:00:00+08:00,0.34234100636777864,0.34579917788505554,0.34234100636777864,0.34579917788505554,3370531,0.0,0.0
2017-03-17 00:00:00+08:00,0.34579917788505554,0.34579917788505554,0.34234100636777864,0.34579917788505554,2022074,0.0,0.0
2017-03-20 00:00:00+08:00,0.34234100636777864,0.34579917788505554,0.34234100636777864,0.34579917788505554,984886,0.0,0.0
2017-03-21 00:00:00+08:00,0.34234100636777864,0.34579917788505554,0.34234100636777864,0.34579917788505554,1548710,0.0,0.0
2017-03-22 00:00:00+08:00,0.34234100636777864,0.34579917788505554,0.3388828558234803,0.34579917788505554,1984323,0.0,0.0
2017-03-23 00:00:00+08:00,0.345799147210346,0.345799147210346,0.34234097599983215,0.34234097599983215,767028,0.0,0.0
2017-03-24 00:00:00+08:00,0.345799147210346,0.345799147210346,0.34234097599983215,0.34234097599983215,4174192,0.0,0.0
2017-03-27 00:00:00+08:00,0.3423409690555561,0.3527154615036777,0.3423409690555561,0.34925729036331177,20680984,0.0,0.0
2017-03-28 00:00:00+08:00,0.34579914019592206,0.34925729036331177,0.34579914019592206,0.34925729036331177,1299003,0.0,0.0
2017-03-29 00:00:00+08:00,0.34579917788505554,0.34925732842935386,0.34579917788505554,0.34579917788505554,5033411,0.0,0.0
2017-03-30 00:00:00+08:00,0.34925729036331177,0.34925729036331177,0.34579914019592206,0.34925729036331177,1360463,0.0,0.0
2017-03-31 00:00:00+08:00,0.34579917033791024,0.35271549224853516,0.34579917033791024,0.35271549224853516,9578703,0.0,0.0
2017-04-03 00:00:00+08:00,0.3561728894710541,0.3561728894710541,0.3527154524733761,0.3561728894710541,3102814,0.0,0.0
2017-04-04 00:00:00+08:00,0.3561728894710541,0.3561728894710541,0.3527154524733761,0.3561728894710541,4771697,0.0,0.0
2017-04-05 00:00:00+08:00,0.35617291126351464,0.3596310615539551,0.35271547405429315,0.3596310615539551,5454269,0.0,0.0
2017-04-06 00:00:00+08:00,0.3630892336368561,0.3665473837353498,0.35963104159241066,0.3630892336368561,13381795,0.0,0.0
2017-04-07 00:00:00+08:00,0.3630892336368561,0.3630892336368561,0.35963104159241066,0.3630892336368561,4211231,0.0,0.0
2017-04-10 00:00:00+08:00,0.3596311216419679,0.36654746532440186,0.3596311216419679,0.36654746532440186,6004764,0.0,0.0
2017-04-11 00:00:00+08:00,0.36308921615935363,0.370004802942276,0.36308921615935363,0.370004802942276,13512855,0.0,0.0
2017-04-12 00:00:00+08:00,0.3665473660913873,0.370004802942276,0.3665473660913873,0.370004802942276,4304743,0.0,0.0
2017-04-13 00:00:00+08:00,0.36654746532440186,0.3700049031113002,0.36654746532440186,0.36654746532440186,2686025,0.0,0.0
2017-04-17 00:00:00+08:00,0.3700049031113002,0.3700049031113002,0.36308931445616544,0.36654746532440186,9684732,0.0,0.0
2017-04-18 00:00:00+08:00,0.3665473837353498,0.3665473837353498,0.3630892336368561,0.3630892336368561,3000448,0.0,0.0
2017-04-19 00:00:00+08:00,0.36654746532440186,0.3700049031113002,0.36308931445616544,0.36654746532440186,5931805,0.0,0.0
2017-04-20 00:00:00+08:00,0.3665473660913873,0.370004802942276,0.3665473660913873,0.370004802942276,5348648,0.0,0.0
2017-04-21 00:00:00+08:00,0.3695443272590637,0.37306395723792135,0.36602465458852845,0.3695443272590637,3797088,0.009184,0.0
2017-04-24 00:00:00+08:00,0.3660246729850769,0.36954434583251233,0.3625050428293212,0.3660246729850769,2928813,0.0,0.0
2017-04-25 00:00:00+08:00,0.3625050428293212,0.36954434583251233,0.3625050428293212,0.3660246729850769,6772301,0.0,0.0
2017-04-26 00:00:00+08:00,0.36602467842523556,0.37306398153305054,0.36602467842523556,0.37306398153305054,4164830,0.0,0.0
2017-04-27 00:00:00+08:00,0.36954434583251233,0.37306397598826796,0.3660246729850769,0.3660246729850769,6585988,0.0,0.0
2017-04-28 00:00:00+08:00,0.3660246729850769,0.36954434583251233,0.3625050428293212,0.3660246729850769,2108769,0.0,0.0
2017-05-02 00:00:00+08:00,0.36602467842523556,0.37306398153305054,0.3625050482171683,0.37306398153305054,4080882,0.0,0.0
2017-05-03 00:00:00+08:00,0.37306398153305054,0.37658288598255085,0.36954435132498326,0.37306398153305054,4919140,0.0,0.0
2017-05-04 00:00:00+08:00,0.37306398153305054,0.37658288598255085,0.37306398153305054,0.37306398153305054,8134291,0.0,0.0
2017-05-05 00:00:00+08:00,0.37658288598255085,0.37658288598255085,0.36954435132498326,0.37306398153305054,6634830,0.0,0.0
2017-05-08 00:00:00+08:00,0.37306395723792135,0.37658286145825925,0.3695443272590637,0.3695443272590637,3008080,0.0,0.0
2017-05-09 00:00:00+08:00,0.37306398153305054,0.37658288598255085,0.36954435132498326,0.37306398153305054,3687905,0.0,0.0
2017-05-11 00:00:00+08:00,0.3695443272590637,0.37306395723792135,0.3695443272590637,0.3695443272590637,1527443,0.0,0.0
2017-05-12 00:00:00+08:00,0.37306395723792135,0.37306395723792135,0.3695443272590637,0.3695443272590637,908468,0.0,0.0
2017-05-15 00:00:00+08:00,0.3730639862549384,0.37658289074897766,0.3730639862549384,0.37658289074897766,3749466,0.0,0.0
2017-05-16 00:00:00+08:00,0.37658289074897766,0.38010256369327405,0.3730639862549384,0.37658289074897766,5429136,0.0,0.0
2017-05-17 00:00:00+08:00,0.37658289600184985,0.38362219929695135,0.37658289600184985,0.3836221992969513,5146562,0.0,0.0
2017-05-18 00:00:00+08:00,0.38010257482528687,0.3836222051809812,0.38010257482528687,0.38010257482528687,2520165,0.0,0.0
2017-05-19 00:00:00+08:00,0.38010256899524136,0.38362219929695135,0.38010256899524136,0.3836221992969513,5208938,0.0,0.0
2017-05-22 00:00:00+08:00,0.3836222051809812,0.3836222051809812,0.38010257482528687,0.38010257482528687,916608,0.0,0.0
2017-05-23 00:00:00+08:00,0.38362219929695135,0.38362219929695135,0.38010256899524136,0.3836221992969513,2279311,0.0,0.0
2017-05-24 00:00:00+08:00,0.38362219929695135,0.3871418295986613,0.38010256899524136,0.3836221992969513,2964936,0.0,0.0
2017-05-25 00:00:00+08:00,0.3836222051809812,0.3871418355366756,0.38010257482528687,0.38010257482528687,2645018,0.0,0.0
2017-05-26 00:00:00+08:00,0.3836222051809812,0.3871418355366756,0.3765829017779103,0.38010257482528687,8186594,0.0,0.0
2017-05-29 00:00:00+08:00,0.38010257482528687,0.3836222051809812,0.38010257482528687,0.38010257482528687,2718994,0.0,0.0
2017-05-30 00:00:00+08:00,0.38010256369327405,0.3836221939458894,0.37658289074897766,0.37658289074897766,2143977,0.0,0.0
2017-05-31 00:00:00+08:00,0.38010256899524136,0.38362219929695135,0.38010256899524136,0.3836221992969513,1581170,0.0,0.0
2017-06-01 00:00:00+08:00,0.3836221939458894,0.3836221939458894,0.37658289074897766,0.37658289074897766,5795962,0.0,0.0
2017-06-02 00:00:00+08:00,0.38010257482528687,0.3836222051809812,0.38010257482528687,0.38010257482528687,3949618,0.0,0.0
2017-06-05 00:00:00+08:00,0.38010256899524136,0.38362219929695135,0.38010256899524136,0.3836221992969513,503788,0.0,0.0
2017-06-06 00:00:00+08:00,0.38010257482528687,0.3836222051809812,0.38010257482528687,0.38010257482528687,2866233,0.0,0.0
2017-06-07 00:00:00+08:00,0.38010256899524136,0.38362219929695135,0.38010256899524136,0.3836221992969513,9055784,0.0,0.0
2017-06-08 00:00:00+08:00,0.38362219929695135,0.38362219929695135,0.38010256899524136,0.3836221992969513,4121381,0.0,0.0
2017-06-09 00:00:00+08:00,0.38362219929695135,0.38362219929695135,0.38010256899524136,0.3836221992969513,1994804,0.0,0.0
2017-06-12 00:00:00+08:00,0.38362216398852866,0.3871417939662934,0.380102534010764,0.38714179396629333,4210620,0.0,0.0
2017-06-13 00:00:00+08:00,0.3871417939662934,0.3871417939662934,0.38362216398852866,0.38714179396629333,2304444,0.0,0.0
2017-06-14 00:00:00+08:00,0.3871418295986613,0.3871418295986613,0.38362219929695135,0.3836221992969513,3647508,0.0,0.0
2017-06-15 00:00:00+08:00,0.38362219929695135,0.3871418295986613,0.38362219929695135,0.3836221992969513,2319199,0.0,0.0
2017-06-16 00:00:00+08:00,0.38362216398852866,0.3977000008327456,0.38362216398852866,0.38714179396629333,14775024,0.0,0.0
2017-06-19 00:00:00+08:00,0.38714183934710167,0.3977000474511882,0.38714183934710167,0.39418041706085205,4736897,0.0,0.0
2017-06-20 00:00:00+08:00,0.39066075158178065,0.3977000117301941,0.39066075158178065,0.3977000117301941,6601556,0.0,0.0
2017-06-21 00:00:00+08:00,0.3941803816559874,0.3977000117301941,0.3941803816559874,0.3977000117301941,3622273,0.0,0.0
2017-06-22 00:00:00+08:00,0.39418041706085205,0.3977000474511882,0.39418041706085205,0.39418041706085205,1633065,0.0,0.0
2017-06-23 00:00:00+08:00,0.3941803816559874,0.3977000117301941,0.3941803816559874,0.3977000117301941,1998772,0.0,0.0
2017-06-27 00:00:00+08:00,0.3977000117301941,0.3977000117301941,0.3941803816559874,0.3977000117301941,2374859,0.0,0.0
2017-06-28 00:00:00+08:00,0.3977000117301941,0.3977000117301941,0.3941803816559874,0.3977000117301941,1380814,0.0,0.0
2017-06-29 00:00:00+08:00,0.3977000117301941,0.3977000117301941,0.3941803816559874,0.3977000117301941,6578153,0.0,0.0
2017-06-30 00:00:00+08:00,0.3977000117301941,0.4012196418044008,0.3977000117301941,0.3977000117301941,4573987,0.0,0.0
2017-07-03 00:00:00+08:00,0.3977000357176858,0.4012196660041809,0.3977000357176858,0.4012196660041809,926071,0.0,0.0
2017-07-04 00:00:00+08:00,0.4012196418044008,0.4012196418044008,0.3977000117301941,0.3977000117301941,960261,0.0,0.0
2017-07-05 00:00:00+08:00,0.4012196660041809,0.4012196660041809,0.3977000357176858,0.4012196660041809,1735023,0.0,0.0
2017-07-06 00:00:00+08:00,0.4012196874173526,0.4047386348247528,0.4012196874173526,0.4047386348247528,2980606,0.0,0.0
2017-07-07 00:00:00+08:00,0.4012196660041809,0.40473861322377425,0.4012196660041809,0.4012196660041809,1267358,0.0,0.0
2017-07-10 00:00:00+08:00,0.4012196660041809,0.40473861322377425,0.3977000357176858,0.4012196660041809,4639924,0.0,0.0
2017-07-11 00:00:00+08:00,0.4012196874173526,0.4047386348247528,0.39770005694301414,0.4047386348247528,2884753,0.0,0.0
2017-07-12 00:00:00+08:00,0.40473861322377425,0.40473861322377425,0.3977000357176858,0.4012196660041809,1063339,0.0,0.0
2017-07-13 00:00:00+08:00,0.4012196874173526,0.4047386348247528,0.39770005694301414,0.4047386348247528,2034997,0.0,0.0
2017-07-14 00:00:00+08:00,0.4047386348247528,0.4047386348247528,0.4012196874173526,0.4047386348247528,1102108,0.0,0.0
2017-07-17 00:00:00+08:00,0.4047386348247528,0.4047386348247528,0.4012196874173526,0.4047386348247528,1194399,0.0,0.0
2017-07-18 00:00:00+08:00,0.3977000117301941,0.4012196418044008,0.3941803816559874,0.3977000117301941,7761461,0.0,0.0
2017-07-19 00:00:00+08:00,0.3977000117301941,0.3977000117301941,0.3941803816559874,0.3977000117301941,3634789,0.0,0.0
2017-07-20 00:00:00+08:00,0.3977000117301941,0.4012196418044008,0.3941803816559874,0.3977000117301941,5789247,0.0,0.0
2017-07-21 00:00:00+08:00,0.4008098100554181,0.4043886341855832,0.39365285634994507,0.39365285634994507,8075477,0.009184,0.0
2017-07-24 00:00:00+08:00,0.39365295893579166,0.39723108944355945,0.39007413387298584,0.39007413387298584,7676292,0.0,0.0
2017-07-25 00:00:00+08:00,0.39365285634994507,0.39365285634994507,0.39007403221978,0.39365285634994507,1937211,0.0,0.0
2017-07-26 00:00:00+08:00,0.39365285634994507,0.3972309859252531,0.39007403221978,0.39365285634994507,9193357,0.0,0.0
2017-07-27 00:00:00+08:00,0.39365287050390096,0.4008098244667053,0.39365287050390096,0.4008098244667053,3079715,0.0,0.0
2017-07-28 00:00:00+08:00,0.3972310002078621,0.4008098244667053,0.3972310002078621,0.4008098244667053,815667,0.0,0.0
2017-07-31 00:00:00+08:00,0.4008098100554181,0.4008098100554181,0.39365285634994507,0.39365285634994507,5157755,0.0,0.0
2017-08-01 00:00:00+08:00,0.39365285634994507,0.3972309859252531,0.39365285634994507,0.39365285634994507,986310,0.0,0.0
2017-08-02 00:00:00+08:00,0.3972310423851013,0.4008098670239374,0.3936529123012211,0.3972310423851013,3729115,0.0,0.0
2017-08-03 00:00:00+08:00,0.4008098244667053,0.4008098244667053,0.3972310002078621,0.4008098244667053,1378474,0.0,0.0
2017-08-04 00:00:00+08:00,0.4008098670239374,0.4008098670239374,0.3936529123012211,0.3972310423851013,1852042,0.0,0.0
2017-08-07 00:00:00+08:00,0.3972309859252531,0.4008098100554181,0.39365285634994507,0.39365285634994507,1098241,0.0,0.0
2017-08-08 00:00:00+08:00,0.3972310423851013,0.4008098670239374,0.3936529123012211,0.3972310423851013,925766,0.0,0.0
2017-08-10 00:00:00+08:00,0.3972310423851013,0.4008098670239374,0.3936529123012211,0.3972310423851013,2409964,0.0,0.0
2017-08-11 00:00:00+08:00,0.3972309859252531,0.3972309859252531,0.39365285634994507,0.39365285634994507,4692023,0.0,0.0
2017-08-14 00:00:00+08:00,0.39365285634994507,0.3972309859252531,0.39365285634994507,0.39365285634994507,1099767,0.0,0.0
2017-08-15 00:00:00+08:00,0.3972309859252531,0.3972309859252531,0.39365285634994507,0.39365285634994507,4959028,0.0,0.0
2017-08-16 00:00:00+08:00,0.39365285634994507,0.3972309859252531,0.39007403221978,0.39365285634994507,2553439,0.0,0.0
2017-08-17 00:00:00+08:00,0.3972309859252531,0.3972309859252531,0.39365285634994507,0.39365285634994507,1599995,0.0,0.0
2017-08-18 00:00:00+08:00,0.39365285634994507,0.3972309859252531,0.39365285634994507,0.39365285634994507,1693609,0.0,0.0
2017-08-21 00:00:00+08:00,0.39365285634994507,0.3972309859252531,0.39007403221978,0.39365285634994507,5346205,0.0,0.0
2017-08-22 00:00:00+08:00,0.39365285634994507,0.3972309859252531,0.39365285634994507,0.39365285634994507,890152,0.0,0.0
2017-08-23 00:00:00+08:00,0.3972309859252531,0.4008098100554181,0.39365285634994507,0.39365285634994507,3640690,0.0,0.0
2017-08-24 00:00:00+08:00,0.4008098670239374,0.4008098670239374,0.3972310423851013,0.3972310423851013,4158623,0.0,0.0
2017-08-25 00:00:00+08:00,0.3972310423851013,0.4008098670239374,0.3972310423851013,0.3972310423851013,853418,0.0,0.0
2017-08-28 00:00:00+08:00,0.3972310423851013,0.4008098670239374,0.3936529123012211,0.3972310423851013,5119190,0.0,0.0
2017-08-29 00:00:00+08:00,0.3936529123012211,0.3972310423851013,0.3936529123012211,0.3972310423851013,511827,0.0,0.0
2017-08-30 00:00:00+08:00,0.3972310002078621,0.4008098244667053,0.39365287050390096,0.4008098244667053,1182290,0.0,0.0
2017-08-31 00:00:00+08:00,0.4008098244667053,0.4008098244667053,0.3972310002078621,0.4008098244667053,664459,0.0,0.0
2017-09-04 00:00:00+08:00,0.4008099145063653,0.4008099145063653,0.39007413387298584,0.39007413387298584,7111145,0.0,0.0
2017-09-05 00:00:00+08:00,0.39365295893579166,0.39723108944355945,0.39007413387298584,0.39007413387298584,6209495,0.0,0.0
2017-09-06 00:00:00+08:00,0.39365285634994507,0.39365285634994507,0.39007403221978,0.39365285634994507,1815613,0.0,0.0
2017-09-07 00:00:00+08:00,0.3936529123012211,0.3972310423851013,0.39007408766238505,0.3972310423851013,2023499,0.0,0.0
2017-09-08 00:00:00+08:00,0.39365295893579166,0.39723108944355945,0.39007413387298584,0.39007413387298584,2799177,0.0,0.0
2017-09-11 00:00:00+08:00,0.39007413387298584,0.39365295893579166,0.39007413387298584,0.39007413387298584,1088574,0.0,0.0
2017-09-12 00:00:00+08:00,0.39007413387298584,0.39365295893579166,0.39007413387298584,0.39007413387298584,2124643,0.0,0.0
2017-09-13 00:00:00+08:00,0.39365295893579166,0.39723108944355945,0.39007413387298584,0.39007413387298584,1836270,0.0,0.0
2017-09-14 00:00:00+08:00,0.39365295893579166,0.39365295893579166,0.39007413387298584,0.39007413387298584,2147233,0.0,0.0
2017-09-15 00:00:00+08:00,0.39007403221978,0.39365285634994507,0.3864952080896149,0.39365285634994507,14899572,0.0,0.0
2017-09-18 00:00:00+08:00,0.39365285634994507,0.3972309859252531,0.39007403221978,0.39365285634994507,5798303,0.0,0.0
2017-09-19 00:00:00+08:00,0.39365295893579166,0.39723108944355945,0.39007413387298584,0.39007413387298584,1297579,0.0,0.0
2017-09-20 00:00:00+08:00,0.3936529123012211,0.3972310423851013,0.39007408766238505,0.3972310423851013,1230014,0.0,0.0
2017-09-21 00:00:00+08:00,0.3972310423851013,0.3972310423851013,0.39007408766238505,0.3972310423851013,6729971,0.0,0.0
2017-09-22 00:00:00+08:00,0.39365285634994507,0.3972309859252531,0.39365285634994507,0.39365285634994507,2673713,0.0,0.0
2017-09-25 00:00:00+08:00,0.39365285634994507,0.39365285634994507,0.39007403221978,0.39365285634994507,971149,0.0,0.0
2017-09-26 00:00:00+08:00,0.3936529123012211,0.3972310423851013,0.39007408766238505,0.3972310423851013,1499664,0.0,0.0
2017-09-27 00:00:00+08:00,0.3972309859252531,0.3972309859252531,0.39007403221978,0.39365285634994507,1331972,0.0,0.0
2017-09-28 00:00:00+08:00,0.39365285634994507,0.39365285634994507,0.39007403221978,0.39365285634994507,3203348,0.0,0.0
2017-09-29 00:00:00+08:00,0.39365285634994507,0.39365285634994507,0.39007403221978,0.39365285634994507,1294933,0.0,0.0
2017-10-02 00:00:00+08:00,0.39365295893579166,0.39365295893579166,0.39007413387298584,0.39007413387298584,4682661,0.0,0.0
2017-10-03 00:00:00+08:00,0.39365295893579166,0.39365295893579166,0.38649530881018,0.39007413387298584,9743139,0.0,0.0
2017-10-04 00:00:00+08:00,0.39007413387298584,0.39365295893579166,0.38649530881018,0.39007413387298584,4664345,0.0,0.0
2017-10-05 00:00:00+08:00,0.39007403221978,0.39365285634994507,0.39007403221978,0.39365285634994507,1256368,0.0,0.0
2017-10-06 00:00:00+08:00,0.39365285634994507,0.39365285634994507,0.39007403221978,0.39365285634994507,685930,0.0,0.0
2017-10-09 00:00:00+08:00,0.39365295893579166,0.39365295893579166,0.39007413387298584,0.39007413387298584,1203964,0.0,0.0
2017-10-10 00:00:00+08:00,0.39365295893579166,0.39723108944355945,0.39007413387298584,0.39007413387298584,7210560,0.0,0.0
2017-10-11 00:00:00+08:00,0.39365295893579166,0.39365295893579166,0.39007413387298584,0.39007413387298584,1934667,0.0,0.0
2017-10-12 00:00:00+08:00,0.39365285634994507,0.39365285634994507,0.39007403221978,0.39365285634994507,2341585,0.0,0.0
2017-10-13 00:00:00+08:00,0.39365285634994507,0.39365285634994507,0.39007403221978,0.39365285634994507,2279514,0.0,0.0
2017-10-16 00:00:00+08:00,0.39365285634994507,0.39365285634994507,0.39007403221978,0.39365285634994507,8975805,0.0,0.0
2017-10-17 00:00:00+08:00,0.3936529123012211,0.3972310423851013,0.39007408766238505,0.3972310423851013,16583922,0.0,0.0
2017-10-19 00:00:00+08:00,0.3972310002078621,0.4008098244667053,0.3972310002078621,0.4008098244667053,4228325,0.0,0.0
2017-10-20 00:00:00+08:00,0.4008098244667053,0.4043886487255485,0.3972310002078621,0.4008098244667053,2298237,0.0,0.0
2017-10-23 00:00:00+08:00,0.40397246784388624,0.40397246784388624,0.39669405212838,0.40033361315727234,6346965,0.009184,0.0
2017-10-24 00:00:00+08:00,0.40033361315727234,0.40397246784388624,0.39669405212838,0.40033361315727234,2388087,0.0,0.0
2017-10-25 00:00:00+08:00,0.4003335924203629,0.40397244691848755,0.4003335924203629,0.40397244691848755,7436863,0.0,0.0
2017-10-26 00:00:00+08:00,0.40397244691848755,0.407612007758854,0.4003335924203629,0.40397244691848755,10948427,0.0,0.0
2017-10-27 00:00:00+08:00,0.40397246784388624,0.40397246784388624,0.39669405212838,0.40033361315727234,6449026,0.0,0.0
2017-10-30 00:00:00+08:00,0.4003335924203629,0.40397244691848755,0.4003335924203629,0.40397244691848755,1096613,0.0,0.0
2017-10-31 00:00:00+08:00,0.4003335924203629,0.40397244691848755,0.4003335924203629,0.40397244691848755,1404218,0.0,0.0
2017-11-01 00:00:00+08:00,0.40397244691848755,0.40397244691848755,0.4003335924203629,0.40397244691848755,1281502,0.0,0.0
2017-11-02 00:00:00+08:00,0.40397246784388624,0.40397246784388624,0.39669405212838,0.40033361315727234,6720610,0.0,0.0
2017-11-03 00:00:00+08:00,0.4003335924203629,0.40397244691848755,0.4003335924203629,0.40397244691848755,807730,0.0,0.0
2017-11-06 00:00:00+08:00,0.4039724352006447,0.40761199593544006,0.4003335808080707,0.40761199593544006,5658797,0.0,0.0
2017-11-07 00:00:00+08:00,0.407612007758854,0.407612007758854,0.40397244691848755,0.40397244691848755,2844356,0.0,0.0
2017-11-08 00:00:00+08:00,0.4039724352006447,0.40761199593544006,0.4039724352006447,0.40761199593544006,980103,0.0,0.0
2017-11-09 00:00:00+08:00,0.4039724352006447,0.4112515566702355,0.4039724352006447,0.40761199593544006,4609906,0.0,0.0
2017-11-10 00:00:00+08:00,0.40761199593544006,0.40761199593544006,0.4039724352006447,0.40761199593544006,838155,0.0,0.0
2017-11-13 00:00:00+08:00,0.40397244691848755,0.407612007758854,0.40397244691848755,0.40397244691848755,3086533,0.0,0.0
2017-11-14 00:00:00+08:00,0.407612069117488,0.41853004693984985,0.4039725077292513,0.41853004693984985,16811344,0.0,0.0
2017-11-15 00:00:00+08:00,0.41489106258190295,0.4221694767475128,0.411251502328034,0.4221694767475128,8312159,0.0,0.0
2017-11-16 00:00:00+08:00,0.4185299481563735,0.4185299481563735,0.4112515334401352,0.4148910939693451,4654068,0.0,0.0
2017-11-17 00:00:00+08:00,0.4148911174050309,0.4148911174050309,0.40761199593544006,0.40761199593544006,4837024,0.0,0.0
2017-11-20 00:00:00+08:00,0.41125163050572466,0.41853004693984985,0.41125163050572466,0.41853004693984985,4021050,0.0,0.0
2017-11-21 00:00:00+08:00,0.41489119189396134,0.41853004693984985,0.41125163050572466,0.41853004693984985,4099911,0.0,0.0
2017-11-22 00:00:00+08:00,0.41852991649364385,0.4221694767475128,0.41489106258190295,0.4221694767475128,4601257,0.0,0.0
2017-11-23 00:00:00+08:00,0.4185299481563735,0.4185299481563735,0.4148910939693451,0.4148910939693451,3222274,0.0,0.0
2017-11-24 00:00:00+08:00,0.41853004693984985,0.41853004693984985,0.41489119189396134,0.41853004693984985,2915686,0.0,0.0
2017-11-27 00:00:00+08:00,0.41852991649364385,0.4221694767475128,0.41489106258190295,0.4221694767475128,4690496,0.0,0.0
2017-11-28 00:00:00+08:00,0.4185299295426071,0.4221694899099506,0.41125151515007013,0.4112515151500702,5517764,0.0,0.0
2017-11-29 00:00:00+08:00,0.41489119189396134,0.41853004693984985,0.41489119189396134,0.41853004693984985,6293137,0.0,0.0
2017-11-30 00:00:00+08:00,0.4185299481563735,0.4221695086855834,0.4148910939693451,0.4148910939693451,44867020,0.0,0.0
2017-12-01 00:00:00+08:00,0.4148910939693451,0.4185299481563735,0.4112515334401352,0.4148910939693451,7938220,0.0,0.0
2017-12-04 00:00:00+08:00,0.4148910939693451,0.4185299481563735,0.4112515334401352,0.4148910939693451,4613264,0.0,0.0
2017-12-05 00:00:00+08:00,0.41489119189396134,0.41853004693984985,0.41125163050572466,0.41853004693984985,3049901,0.0,0.0
2017-12-06 00:00:00+08:00,0.4148910939693451,0.4185299481563735,0.4112515334401352,0.4148910939693451,2400908,0.0,0.0
2017-12-07 00:00:00+08:00,0.4185299481563735,0.4221695086855834,0.4148910939693451,0.4148910939693451,5412448,0.0,0.0
2017-12-08 00:00:00+08:00,0.42216960832808653,0.42216960832808653,0.41853004693984985,0.41853004693984985,2372925,0.0,0.0
2017-12-11 00:00:00+08:00,0.41852991649364385,0.4221694767475128,0.41852991649364385,0.4221694767475128,4448218,0.0,0.0
2017-12-12 00:00:00+08:00,0.42216958379700287,0.4258091449737549,0.4185300226202508,0.4258091449737549,6473956,0.0,0.0
2017-12-13 00:00:00+08:00,0.4221695086855834,0.4221695086855834,0.4148910939693451,0.4148910939693451,3191137,0.0,0.0
2017-12-14 00:00:00+08:00,0.41853004693984985,0.42216960832808653,0.41853004693984985,0.41853004693984985,2034387,0.0,0.0
2017-12-15 00:00:00+08:00,0.42216960832808653,0.4258091697163232,0.41853004693984985,0.41853004693984985,3641708,0.0,0.0
2017-12-18 00:00:00+08:00,0.41852991649364385,0.4221694767475128,0.41489106258190295,0.4221694767475128,1828740,0.0,0.0
2017-12-19 00:00:00+08:00,0.4185300226202508,0.4258091449737549,0.4185300226202508,0.4258091449737549,5060986,0.0,0.0
2017-12-20 00:00:00+08:00,0.42216960832808653,0.42216960832808653,0.41853004693984985,0.41853004693984985,1119202,0.0,0.0
2017-12-21 00:00:00+08:00,0.41852991649364385,0.4221694767475128,0.41852991649364385,0.4221694767475128,752274,0.0,0.0
2017-12-22 00:00:00+08:00,0.4221694767475128,0.4221694767475128,0.41852991649364385,0.4221694767475128,427676,0.0,0.0
2017-12-26 00:00:00+08:00,0.41853004693984985,0.42216960832808653,0.41853004693984985,0.41853004693984985,928107,0.0,0.0
2017-12-27 00:00:00+08:00,0.41852991649364385,0.4258090370013818,0.41852991649364385,0.4221694767475128,1833624,0.0,0.0
2017-12-28 00:00:00+08:00,0.41852991649364385,0.4221694767475128,0.41852991649364385,0.4221694767475128,576747,0.0,0.0
2017-12-29 00:00:00+08:00,0.42216960832808653,0.4258091697163232,0.41853004693984985,0.41853004693984985,2524845,0.0,0.0
2018-01-02 00:00:00+08:00,0.4221694767475128,0.4258090370013818,0.41852991649364385,0.4221694767475128,2083127,0.0,0.0
2018-01-03 00:00:00+08:00,0.42216958379700287,0.4258091449737549,0.4185300226202508,0.4258091449737549,1330954,0.0,0.0
2018-01-04 00:00:00+08:00,0.4221695132489603,0.4294486343860626,0.4221695132489603,0.4294486343860626,2238609,0.0,0.0
2018-01-05 00:00:00+08:00,0.42944870615050695,0.42944870615050695,0.4258091449737549,0.4258091449737549,3959590,0.0,0.0
2018-01-08 00:00:00+08:00,0.42580907381751143,0.4294486343860626,0.42580907381751143,0.4294486343860626,728667,0.0,0.0
2018-01-09 00:00:00+08:00,0.4294486343860626,0.4294486343860626,0.42580907381751143,0.4294486343860626,1520829,0.0,0.0
2018-01-10 00:00:00+08:00,0.4258091449737549,0.42944870615050695,0.4258091449737549,0.4258091449737549,1863845,0.0,0.0
2018-01-11 00:00:00+08:00,0.4258091449737549,0.42944870615050695,0.4258091449737549,0.4258091449737549,2021871,0.0,0.0
2018-01-12 00:00:00+08:00,0.42580907381751143,0.4294486343860626,0.42580907381751143,0.4294486343860626,1629707,0.0,0.0
2018-01-15 00:00:00+08:00,0.4294486343860626,0.4294486343860626,0.42580907381751143,0.4294486343860626,1829350,0.0,0.0
2018-01-16 00:00:00+08:00,0.42944870615050695,0.42944870615050695,0.4258091449737549,0.4258091449737549,2027671,0.0,0.0
2018-01-17 00:00:00+08:00,0.42944870615050695,0.42944870615050695,0.42216958379700287,0.4258091449737549,12038324,0.0,0.0
2018-01-18 00:00:00+08:00,0.4258090370013818,0.4258090370013818,0.41852991649364385,0.4221694767475128,5843787,0.0,0.0
2018-01-19 00:00:00+08:00,0.41852991649364385,0.4221694767475128,0.41489106258190295,0.4221694767475128,5168338,0.0,0.0
2018-01-22 00:00:00+08:00,0.42216958379700287,0.4258091449737549,0.4185300226202508,0.4258091449737549,4115276,0.0,0.0
2018-01-23 00:00:00+08:00,0.4258090370013818,0.42944859725525075,0.4221694767475128,0.4221694767475128,5410515,0.0,0.0
2018-01-24 00:00:00+08:00,0.4258091449737549,0.42944870615050695,0.42216958379700287,0.4258091449737549,7218293,0.0,0.0
2018-01-25 00:00:00+08:00,0.42580907381751143,0.4294486343860626,0.42580907381751143,0.4294486343860626,6694560,0.0,0.0
2018-01-26 00:00:00+08:00,0.4289639548827989,0.43266209093129304,0.4252658188343048,0.4252658188343048,4058089,0.009184,0.0
2018-01-29 00:00:00+08:00,0.42896395921707153,0.43266209530293176,0.42526582313121125,0.42896395921707153,4668009,0.0,0.0
2018-01-30 00:00:00+08:00,0.4289640389504632,0.4289640389504632,0.42156848311424255,0.42156848311424255,7013053,0.0,0.0
2018-01-31 00:00:00+08:00,0.42156848311424255,0.4252659021772143,0.42156848311424255,0.42156848311424255,3838502,0.0,0.0
2018-02-01 00:00:00+08:00,0.42156848311424255,0.4252659021772143,0.4178703463409937,0.42156848311424255,9340698,0.0,0.0
2018-02-02 00:00:00+08:00,0.42156848311424255,0.4252659021772143,0.4178703463409937,0.42156848311424255,2206251,0.0,0.0
2018-02-05 00:00:00+08:00,0.41787034273147583,0.4215684794727806,0.41417220599017107,0.41787034273147583,8618442,0.0,0.0
2018-02-06 00:00:00+08:00,0.4141721923680111,0.41787032898768384,0.40307850021924024,0.40677663683891296,20450814,0.0,0.0
2018-02-07 00:00:00+08:00,0.4104740951761368,0.4141722321510315,0.4104740951761368,0.4141722321510315,4387674,0.0,0.0
2018-02-08 00:00:00+08:00,0.4141722321510315,0.4178703691259261,0.4104740951761368,0.4141722321510315,4287954,0.0,0.0
2018-02-09 00:00:00+08:00,0.4104740619659424,0.4104740619659424,0.40677664300051075,0.4104740619659424,8579266,0.0,0.0
2018-02-12 00:00:00+08:00,0.4104740951761368,0.4141722321510315,0.40677667591155836,0.4141722321510315,1384071,0.0,0.0
2018-02-13 00:00:00+08:00,0.41417220599017107,0.41787034273147583,0.4104740692488663,0.41787034273147583,4779634,0.0,0.0
2018-02-14 00:00:00+08:00,0.41417220599017107,0.41787034273147583,0.41417220599017107,0.41787034273147583,3175161,0.0,0.0
2018-02-15 00:00:00+08:00,0.41787034273147583,0.41787034273147583,0.41417220599017107,0.41787034273147583,835815,0.0,0.0
2018-02-19 00:00:00+08:00,0.4178703463409937,0.42156848311424255,0.4141722095677448,0.42156848311424255,2612864,0.0,0.0
2018-02-20 00:00:00+08:00,0.42156848311424255,0.42156848311424255,0.4178703463409937,0.42156848311424255,867868,0.0,0.0
2018-02-21 00:00:00+08:00,0.41787034273147583,0.4215684794727806,0.41787034273147583,0.41787034273147583,1624009,0.0,0.0
2018-02-22 00:00:00+08:00,0.4178703691259261,0.42156850610082075,0.4141722321510315,0.4141722321510315,974812,0.0,0.0
2018-02-23 00:00:00+08:00,0.4141722321510315,0.4178703691259261,0.4141722321510315,0.4141722321510315,526581,0.0,0.0
2018-02-26 00:00:00+08:00,0.4178703463409937,0.42156848311424255,0.4141722095677448,0.42156848311424255,1772062,0.0,0.0
2018-02-27 00:00:00+08:00,0.4178703463409937,0.42156848311424255,0.4178703463409937,0.42156848311424255,437749,0.0,0.0
2018-02-28 00:00:00+08:00,0.41787034273147583,0.4215684794727806,0.41787034273147583,0.41787034273147583,1627977,0.0,0.0
2018-03-01 00:00:00+08:00,0.4215684794727806,0.4215684794727806,0.41787034273147583,0.41787034273147583,3510139,0.0,0.0
2018-03-02 00:00:00+08:00,0.41787034273147583,0.4215684794727806,0.41787034273147583,0.41787034273147583,4083833,0.0,0.0
2018-03-05 00:00:00+08:00,0.4252658188343048,0.4289639548827989,0.42156840049594707,0.4252658188343048,6562584,0.0,0.0
2018-03-06 00:00:00+08:00,0.42156848311424255,0.42156848311424255,0.4178703463409937,0.42156848311424255,4599934,0.0,0.0
2018-03-07 00:00:00+08:00,0.4178703463409937,0.42156848311424255,0.4178703463409937,0.42156848311424255,3945854,0.0,0.0
2018-03-08 00:00:00+08:00,0.42156848311424255,0.42156848311424255,0.4178703463409937,0.42156848311424255,2555575,0.0,0.0
2018-03-09 00:00:00+08:00,0.42156848311424255,0.42156848311424255,0.4178703463409937,0.42156848311424255,2586916,0.0,0.0
2018-03-12 00:00:00+08:00,0.42156848311424255,0.42156848311424255,0.4178703463409937,0.42156848311424255,2275444,0.0,0.0
2018-03-13 00:00:00+08:00,0.42156840049594707,0.4252658188343048,0.42156840049594707,0.4252658188343048,3101898,0.0,0.0
2018-03-14 00:00:00+08:00,0.4252658188343048,0.4252658188343048,0.42156840049594707,0.4252658188343048,3553792,0.0,0.0
2018-03-15 00:00:00+08:00,0.4289639548827989,0.4289639548827989,0.4252658188343048,0.4252658188343048,4966558,0.0,0.0
2018-03-16 00:00:00+08:00,0.4252658188343048,0.4289639548827989,0.4252658188343048,0.4252658188343048,1546166,0.0,0.0
2018-03-19 00:00:00+08:00,0.42526582313121125,0.42896395921707153,0.42526582313121125,0.42896395921707153,1336653,0.0,0.0
2018-03-20 00:00:00+08:00,0.42896395921707153,0.42896395921707153,0.42526582313121125,0.42896395921707153,1130701,0.0,0.0
2018-03-21 00:00:00+08:00,0.4252658188343048,0.4289639548827989,0.4252658188343048,0.4252658188343048,1147388,0.0,0.0
2018-03-22 00:00:00+08:00,0.4252658188343048,0.4252658188343048,0.4252658188343048,0.4252658188343048,0,0.0,0.0
2018-03-23 00:00:00+08:00,0.4178703463409937,0.42156848311424255,0.4141722095677448,0.42156848311424255,6146101,0.0,0.0
2018-03-26 00:00:00+08:00,0.4215684794727806,0.4215684794727806,0.41417220599017107,0.41787034273147583,4646945,0.0,0.0
2018-03-27 00:00:00+08:00,0.4178703691259261,0.4178703691259261,0.4141722321510315,0.4141722321510315,3025582,0.0,0.0
2018-03-28 00:00:00+08:00,0.4141722154691855,0.4178703522951282,0.3956822041928662,0.3993803858757019,26172699,0.0,0.0
2018-03-29 00:00:00+08:00,0.39938039748091037,0.40677667134771694,0.3956822156906128,0.3956822156906128,15625492,0.0,0.0
2018-04-02 00:00:00+08:00,0.39938039748091037,0.4030785344143136,0.3956822156906128,0.3956822156906128,12386021,0.0,0.0
2018-04-03 00:00:00+08:00,0.3956821644509857,0.39938034576238013,0.3919847905635834,0.3919847905635834,5566403,0.0,0.0
2018-04-04 00:00:00+08:00,0.3956821644509857,0.39938034576238013,0.3919847905635834,0.3919847905635834,5913693,0.0,0.0
2018-04-05 00:00:00+08:00,0.3956822156906128,0.39938039748091037,0.3956822156906128,0.3956822156906128,7011832,0.0,0.0
2018-04-06 00:00:00+08:00,0.39938035987099885,0.40307849645614624,0.3956821784289615,0.40307849645614624,6021553,0.0,0.0
2018-04-09 00:00:00+08:00,0.4030785227016446,0.4030785227016446,0.3993803858757019,0.3993803858757019,4451270,0.0,0.0
2018-04-10 00:00:00+08:00,0.4030785227016446,0.4030785227016446,0.3993803858757019,0.3993803858757019,5025677,0.0,0.0
2018-04-11 00:00:00+08:00,0.4067766330412936,0.4067766330412936,0.40307849645614624,0.40307849645614624,5338777,0.0,0.0
2018-04-12 00:00:00+08:00,0.40677665952758735,0.40677665952758735,0.3993803858757019,0.3993803858757019,5063835,0.0,0.0
2018-04-13 00:00:00+08:00,0.4030785227016446,0.4030785227016446,0.3956822041928662,0.3993803858757019,4782890,0.0,0.0
2018-04-16 00:00:00+08:00,0.39938039748091037,0.4030785344143136,0.3956822156906128,0.3956822156906128,5051218,0.0,0.0
2018-04-17 00:00:00+08:00,0.39938035987099885,0.40307849645614624,0.3956821784289615,0.40307849645614624,5543000,0.0,0.0
2018-04-18 00:00:00+08:00,0.39938035987099885,0.4067766330412936,0.39938035987099885,0.40307849645614624,5216061,0.0,0.0
2018-04-19 00:00:00+08:00,0.40677663683891296,0.4104740557483384,0.40307850021924024,0.40677663683891296,9551840,0.0,0.0
2018-04-20 00:00:00+08:00,0.4062836251367124,0.41004568378814354,0.4025215208530426,0.4025215208530426,3510241,0.009184,0.0
2018-04-23 00:00:00+08:00,0.40252154233750476,0.4062836468219757,0.40252154233750476,0.4062836468219757,2399992,0.0,0.0
2018-04-24 00:00:00+08:00,0.4062836468219757,0.4062836468219757,0.40252154233750476,0.4062836468219757,779748,0.0,0.0
2018-04-25 00:00:00+08:00,0.4062836251367124,0.4062836251367124,0.4025215208530426,0.4025215208530426,3934864,0.0,0.0
2018-04-26 00:00:00+08:00,0.40252154233750476,0.4062836468219757,0.40252154233750476,0.4062836468219757,2599534,0.0,0.0
2018-04-27 00:00:00+08:00,0.4062836251367124,0.4062836251367124,0.4025215208530426,0.4025215208530426,3117772,0.0,0.0
2018-04-30 00:00:00+08:00,0.4062836468219757,0.4062836468219757,0.40252154233750476,0.4062836468219757,3270709,0.0,0.0
2018-05-02 00:00:00+08:00,0.4062836468219757,0.4062836468219757,0.40252154233750476,0.4062836468219757,2373027,0.0,0.0
2018-05-03 00:00:00+08:00,0.4062836251367124,0.4062836251367124,0.4025215208530426,0.4025215208530426,1762192,0.0,0.0
2018-05-04 00:00:00+08:00,0.4062836251367124,0.4062836251367124,0.4025215208530426,0.4025215208530426,2107141,0.0,0.0
2018-05-07 00:00:00+08:00,0.4025215208530426,0.4062836251367124,0.39876023794966864,0.4025215208530426,5877163,0.0,0.0
2018-05-08 00:00:00+08:00,0.40252148208795524,0.4062835860093132,0.39876019954681396,0.39876019954681396,1718539,0.0,0.0
2018-05-09 00:00:00+08:00,0.4025215208530426,0.4025215208530426,0.39876023794966864,0.4025215208530426,2444968,0.0,0.0
2018-05-10 00:00:00+08:00,0.40252148208795524,0.40252148208795524,0.39876019954681396,0.39876019954681396,1121237,0.0,0.0
2018-05-11 00:00:00+08:00,0.40252148208795524,0.40252148208795524,0.39876019954681396,0.39876019954681396,1816529,0.0,0.0
2018-05-14 00:00:00+08:00,0.39876019954681396,0.40252148208795524,0.39876019954681396,0.39876019954681396,2785135,0.0,0.0
2018-05-15 00:00:00+08:00,0.39876019954681396,0.40252148208795524,0.39876019954681396,0.39876019954681396,2139398,0.0,0.0
2018-05-16 00:00:00+08:00,0.39876019954681396,0.40252148208795524,0.39876019954681396,0.39876019954681396,4181620,0.0,0.0
2018-05-17 00:00:00+08:00,0.40252148208795524,0.40252148208795524,0.3949981412576903,0.39876019954681396,4608177,0.0,0.0
2018-05-18 00:00:00+08:00,0.39876023794966864,0.4025215208530426,0.39876023794966864,0.4025215208530426,3394342,0.0,0.0
2018-05-21 00:00:00+08:00,0.40252148208795524,0.40252148208795524,0.39876019954681396,0.39876019954681396,2129934,0.0,0.0
2018-05-22 00:00:00+08:00,0.39876019954681396,0.40252148208795524,0.39876019954681396,0.39876019954681396,2070815,0.0,0.0
2018-05-23 00:00:00+08:00,0.39876019954681396,0.40252148208795524,0.39876019954681396,0.39876019954681396,4807311,0.0,0.0
2018-05-24 00:00:00+08:00,0.3987602515670734,0.3987602515670734,0.3949981927871704,0.3949981927871704,2013934,0.0,0.0
2018-05-25 00:00:00+08:00,0.39499823120089134,0.39876029034665594,0.3912361264228821,0.3912361264228821,5193878,0.0,0.0
2018-05-28 00:00:00+08:00,0.3912360804109407,0.3912360804109407,0.3837127387523651,0.3837127387523651,10282367,0.0,0.0
2018-05-30 00:00:00+08:00,0.38371272396016676,0.3874740067704225,0.37618858402746075,0.3799506425857544,7793718,0.0,0.0
2018-05-31 00:00:00+08:00,0.37995065723292376,0.387474021707619,0.37995065723292376,0.3837127387523651,4238297,0.0,0.0
2018-06-01 00:00:00+08:00,0.387474021707619,0.387474021707619,0.3837127387523651,0.3837127387523651,1137111,0.0,0.0
2018-06-04 00:00:00+08:00,0.3837127177050085,0.387474000453949,0.3837127177050085,0.387474000453949,2465217,0.0,0.0
2018-06-05 00:00:00+08:00,0.3837127387523651,0.387474021707619,0.3837127387523651,0.3837127387523651,7289318,0.0,0.0
2018-06-06 00:00:00+08:00,0.387474021707619,0.387474021707619,0.3837127387523651,0.3837127387523651,2014036,0.0,0.0
2018-06-07 00:00:00+08:00,0.387474021707619,0.387474021707619,0.3837127387523651,0.3837127387523651,2043748,0.0,0.0
2018-06-08 00:00:00+08:00,0.387474000453949,0.39499816308011737,0.3837127177050085,0.387474000453949,13355237,0.0,0.0
2018-06-11 00:00:00+08:00,0.3874740672771175,0.39499823120089134,0.3874740672771175,0.3912361264228821,3217186,0.0,0.0
2018-06-12 00:00:00+08:00,0.3912360883750272,0.3949981927871704,0.3874740295951242,0.3949981927871704,3522406,0.0,0.0
2018-06-13 00:00:00+08:00,0.3912361264228821,0.39499823120089134,0.3912361264228821,0.3912361264228821,1644767,0.0,0.0
2018-06-14 00:00:00+08:00,0.3912361264228821,0.39499823120089134,0.3874740672771175,0.3912361264228821,2908055,0.0,0.0
2018-06-18 00:00:00+08:00,0.3912360589509148,0.39499816308011737,0.387474000453949,0.387474000453949,3384777,0.0,0.0
2018-06-19 00:00:00+08:00,0.387474021707619,0.3912360804109407,0.3837127387523651,0.3837127387523651,3620746,0.0,0.0
2018-06-20 00:00:00+08:00,0.3837127177050085,0.387474000453949,0.3837127177050085,0.387474000453949,2567379,0.0,0.0
2018-06-21 00:00:00+08:00,0.387474021707619,0.387474021707619,0.3837127387523651,0.3837127387523651,1948607,0.0,0.0
2018-06-22 00:00:00+08:00,0.38371274656330484,0.3949981927871704,0.38371274656330484,0.3949981927871704,4357147,0.0,0.0
2018-06-25 00:00:00+08:00,0.39499823120089134,0.39499823120089134,0.3874740672771175,0.3912361264228821,2958627,0.0,0.0
2018-06-26 00:00:00+08:00,0.3912361264228821,0.39499823120089134,0.3874740672771175,0.3912361264228821,1657486,0.0,0.0
2018-06-27 00:00:00+08:00,0.3912360589509148,0.39499816308011737,0.3837127177050085,0.387474000453949,2326322,0.0,0.0
2018-06-28 00:00:00+08:00,0.387474000453949,0.3912360589509148,0.387474000453949,0.387474000453949,1191550,0.0,0.0
2018-06-29 00:00:00+08:00,0.3912361264228821,0.39499823120089134,0.3874740672771175,0.3912361264228821,2406810,0.0,0.0
2018-07-02 00:00:00+08:00,0.3912360883750272,0.3949981927871704,0.3912360883750272,0.3949981927871704,952121,0.0,0.0
2018-07-03 00:00:00+08:00,0.3912360883750272,0.3949981927871704,0.3912360883750272,0.3949981927871704,518543,0.0,0.0
2018-07-04 00:00:00+08:00,0.3912360883750272,0.3949981927871704,0.3912360883750272,0.3949981927871704,1045532,0.0,0.0
2018-07-05 00:00:00+08:00,0.39499823120089134,0.39499823120089134,0.3912361264228821,0.3912361264228821,665172,0.0,0.0
2018-07-06 00:00:00+08:00,0.3912361264228821,0.39499823120089134,0.3912361264228821,0.3912361264228821,2069696,0.0,0.0
2018-07-09 00:00:00+08:00,0.3912360883750272,0.3949981927871704,0.3912360883750272,0.3949981927871704,1707855,0.0,0.0
2018-07-10 00:00:00+08:00,0.3949981927871704,0.3949981927871704,0.3912360883750272,0.3949981927871704,786057,0.0,0.0
2018-07-11 00:00:00+08:00,0.3949981927871704,0.3949981927871704,0.3912360883750272,0.3949981927871704,666800,0.0,0.0
2018-07-12 00:00:00+08:00,0.39499823120089134,0.39499823120089134,0.3912361264228821,0.3912361264228821,2575926,0.0,0.0
2018-07-13 00:00:00+08:00,0.3949981927871704,0.3987602515670734,0.3912360883750272,0.3949981927871704,6702294,0.0,0.0
2018-07-16 00:00:00+08:00,0.3987602515670734,0.3987602515670734,0.3912360883750272,0.3949981927871704,2737615,0.0,0.0
2018-07-17 00:00:00+08:00,0.3949981927871704,0.3949981927871704,0.3912360883750272,0.3949981927871704,2188545,0.0,0.0
2018-07-18 00:00:00+08:00,0.3949981412576903,0.39876019954681396,0.39123603733633233,0.39876019954681396,1949726,0.0,0.0
2018-07-19 00:00:00+08:00,0.3949981412576903,0.39876019954681396,0.3949981412576903,0.39876019954681396,2021871,0.0,0.0
2018-07-20 00:00:00+08:00,0.3987602515670734,0.3987602515670734,0.3949981927871704,0.3949981927871704,4307491,0.0,0.0
2018-07-23 00:00:00+08:00,0.3944961428642273,0.39832638067255477,0.3944961428642273,0.3944961428642273,1845529,0.009184,0.0
2018-07-24 00:00:00+08:00,0.39832639640355255,0.40215668082237244,0.3944961584439585,0.40215668082237244,5036972,0.0,0.0
2018-07-25 00:00:00+08:00,0.39832638067255477,0.40215666494010627,0.3944961428642273,0.3944961428642273,5510947,0.0,0.0
2018-07-26 00:00:00+08:00,0.3944961428642273,0.39832638067255477,0.3944961428642273,0.3944961428642273,1454180,0.0,0.0
2018-07-27 00:00:00+08:00,0.39832638067255477,0.39832638067255477,0.3944961428642273,0.3944961428642273,837545,0.0,0.0
2018-07-30 00:00:00+08:00,0.3944961428642273,0.39832638067255477,0.3944961428642273,0.3944961428642273,1969569,0.0,0.0
2018-07-31 00:00:00+08:00,0.39449624752461093,0.39832648634910583,0.39449624752461093,0.39832648634910583,2698134,0.0,0.0
2018-08-01 00:00:00+08:00,0.3944961428642273,0.39832638067255477,0.3944961428642273,0.3944961428642273,5052642,0.0,0.0
2018-08-02 00:00:00+08:00,0.39449624752461093,0.39832648634910583,0.39449624752461093,0.39832648634910583,5049183,0.0,0.0
2018-08-03 00:00:00+08:00,0.39449624752461093,0.39832648634910583,0.39449624752461093,0.39832648634910583,666902,0.0,0.0
2018-08-06 00:00:00+08:00,0.39832648634910583,0.39832648634910583,0.39449624752461093,0.39832648634910583,1049704,0.0,0.0
2018-08-07 00:00:00+08:00,0.39832638067255477,0.39832638067255477,0.3906666948627087,0.3944961428642273,2459621,0.0,0.0
2018-08-08 00:00:00+08:00,0.3944961428642273,0.39832638067255477,0.3944961428642273,0.3944961428642273,886387,0.0,0.0
2018-08-10 00:00:00+08:00,0.39449624752461093,0.39832648634910583,0.39449624752461093,0.39832648634910583,1373692,0.0,0.0
2018-08-13 00:00:00+08:00,0.39832638067255477,0.39832638067255477,0.3906666948627087,0.3944961428642273,2848630,0.0,0.0
2018-08-14 00:00:00+08:00,0.3944961715311364,0.3944961715311364,0.3906667232513428,0.3906667232513428,2369160,0.0,0.0
2018-08-15 00:00:00+08:00,0.3906667232513428,0.3944961715311364,0.3906667232513428,0.3906667232513428,2299763,0.0,0.0
2018-08-16 00:00:00+08:00,0.3906667232513428,0.3944961715311364,0.3906667232513428,0.3906667232513428,1058353,0.0,0.0
2018-08-17 00:00:00+08:00,0.3944961428642273,0.39832638067255477,0.3906666948627087,0.3944961428642273,1521236,0.0,0.0
2018-08-20 00:00:00+08:00,0.39449624752461093,0.39832648634910583,0.39066679850713437,0.39832648634910583,1910551,0.0,0.0
2018-08-21 00:00:00+08:00,0.3944961428642273,0.39832638067255477,0.3944961428642273,0.3944961428642273,512641,0.0,0.0
2018-08-23 00:00:00+08:00,0.3944961428642273,0.39832638067255477,0.3944961428642273,0.3944961428642273,4075489,0.0,0.0
2018-08-24 00:00:00+08:00,0.39449624752461093,0.39832648634910583,0.39449624752461093,0.39832648634910583,2799075,0.0,0.0
2018-08-27 00:00:00+08:00,0.3944961428642273,0.39832638067255477,0.3906666948627087,0.3944961428642273,3009708,0.0,0.0
2018-08-28 00:00:00+08:00,0.3944961428642273,0.39832638067255477,0.3944961428642273,0.3944961428642273,912538,0.0,0.0
2018-08-29 00:00:00+08:00,0.3944961428642273,0.39832638067255477,0.3944961428642273,0.3944961428642273,1745809,0.0,0.0
2018-08-30 00:00:00+08:00,0.3944961428642273,0.39832638067255477,0.3944961428642273,0.3944961428642273,1648023,0.0,0.0
2018-08-31 00:00:00+08:00,0.39832648634910583,0.39832648634910583,0.39449624752461093,0.39832648634910583,1430064,0.0,0.0
2018-09-03 00:00:00+08:00,0.3944961584439585,0.40215668082237244,0.3944961584439585,0.40215668082237244,5575561,0.0,0.0
2018-09-04 00:00:00+08:00,0.39832648634910583,0.4021567716328372,0.39449624752461093,0.39832648634910583,1116760,0.0,0.0
2018-09-05 00:00:00+08:00,0.39832638067255477,0.40215666494010627,0.3944961428642273,0.3944961428642273,2721233,0.0,0.0
2018-09-06 00:00:00+08:00,0.39449624752461093,0.39832648634910583,0.39449624752461093,0.39832648634910583,1940975,0.0,0.0
2018-09-07 00:00:00+08:00,0.39832648634910583,0.39832648634910583,0.39449624752461093,0.39832648634910583,779239,0.0,0.0
2018-09-10 00:00:00+08:00,0.3944961715311364,0.3944961715311364,0.3906667232513428,0.3906667232513428,4838346,0.0,0.0
2018-09-11 00:00:00+08:00,0.3944961715311364,0.3944961715311364,0.38683646193506915,0.3906667232513428,7634268,0.0,0.0
2018-09-12 00:00:00+08:00,0.38683646193506915,0.3906667232513428,0.38300622384840927,0.3906667232513428,8267692,0.0,0.0
2018-09-13 00:00:00+08:00,0.3906667232513428,0.3906667232513428,0.38683646193506915,0.3906667232513428,5417739,0.0,0.0
2018-09-14 00:00:00+08:00,0.39066673056137563,0.39066673056137563,0.3830062310151013,0.3868364691734314,3577297,0.0,0.0
2018-09-17 00:00:00+08:00,0.3868364691734314,0.39066673056137563,0.3830062310151013,0.3868364691734314,1827620,0.0,0.0
2018-09-18 00:00:00+08:00,0.3868364831950063,0.3868364831950063,0.3791759833710635,0.3830062448978424,9775599,0.0,0.0
2018-09-19 00:00:00+08:00,0.3830062310151013,0.39066673056137563,0.37917596962715705,0.3868364691734314,9111343,0.0,0.0
2018-09-20 00:00:00+08:00,0.3868364831950063,0.3906667447217852,0.3830062448978424,0.3830062448978424,2381981,0.0,0.0
2018-09-21 00:00:00+08:00,0.3830062310151013,0.3868364691734314,0.3830062310151013,0.3868364691734314,4020643,0.0,0.0
2018-09-24 00:00:00+08:00,0.3868364691734314,0.3868364691734314,0.3830062310151013,0.3868364691734314,1387327,0.0,0.0
2018-09-25 00:00:00+08:00,0.3868364831950063,0.3868364831950063,0.3830062448978424,0.3830062448978424,3475949,0.0,0.0
2018-09-26 00:00:00+08:00,0.3868364603899441,0.3868364603899441,0.36768599015116166,0.37917596101760864,15836837,0.0,0.0
2018-09-27 00:00:00+08:00,0.37917596101760864,0.3830062223185832,0.37917596101760864,0.37917596101760864,3881544,0.0,0.0
2018-09-28 00:00:00+08:00,0.3830062223185832,0.3830062223185832,0.37917596101760864,0.37917596101760864,5662969,0.0,0.0
2018-10-01 00:00:00+08:00,0.3830062223185832,0.3830062223185832,0.37917596101760864,0.37917596101760864,2405385,0.0,0.0
2018-10-02 00:00:00+08:00,0.3830062448978424,0.3830062448978424,0.3791759833710635,0.3830062448978424,6199014,0.0,0.0
2018-10-03 00:00:00+08:00,0.3830062448978424,0.3830062448978424,0.3791759833710635,0.3830062448978424,1390888,0.0,0.0
2018-10-04 00:00:00+08:00,0.3830062223185832,0.3830062223185832,0.37917596101760864,0.37917596101760864,7227655,0.0,0.0
2018-10-05 00:00:00+08:00,0.37917596101760864,0.3830062223185832,0.37917596101760864,0.37917596101760864,2514975,0.0,0.0
2018-10-08 00:00:00+08:00,0.37917596101760864,0.3830062223185832,0.37917596101760864,0.37917596101760864,1007374,0.0,0.0
2018-10-09 00:00:00+08:00,0.3830062223185832,0.3830062223185832,0.3753457229462477,0.37917596101760864,4842111,0.0,0.0
2018-10-10 00:00:00+08:00,0.3791759749541604,0.3791759749541604,0.37534573674201965,0.37534573674201965,4974495,0.0,0.0
2018-10-11 00:00:00+08:00,0.37534573674201965,0.3791759749541604,0.3715162651071566,0.37534573674201965,6248365,0.0,0.0
2018-10-12 00:00:00+08:00,0.37534575919070895,0.37534575919070895,0.37151628732681274,0.37151628732681274,3533034,0.0,0.0
2018-10-15 00:00:00+08:00,0.37534573674201965,0.37534573674201965,0.3715162651071566,0.37534573674201965,2129324,0.0,0.0
2018-10-16 00:00:00+08:00,0.3753457229462477,0.37917596101760864,0.37151625145213624,0.37917596101760864,1430166,0.0,0.0
2018-10-17 00:00:00+08:00,0.3791759749541604,0.3791759749541604,0.37534573674201965,0.37534573674201965,3666027,0.0,0.0
2018-10-18 00:00:00+08:00,0.37917596101760864,0.3830062223185832,0.3753457229462477,0.37917596101760864,6791126,0.0,0.0
2018-10-19 00:00:00+08:00,0.37917596101760864,0.3830062223185832,0.37917596101760864,0.37917596101760864,2766106,0.0,0.0
2018-10-22 00:00:00+08:00,0.38256826996803284,0.38256826996803284,0.37476114564320573,0.38256826996803284,4960249,0.009184,0.0
2018-10-23 00:00:00+08:00,0.3786651892718618,0.3786651892718618,0.3747612237930298,0.3747612237930298,1655655,0.0,0.0
2018-10-24 00:00:00+08:00,0.3786651892718618,0.3786651892718618,0.3708572819908095,0.3747612237930298,5652488,0.0,0.0
2018-10-25 00:00:00+08:00,0.3747611596915727,0.3747611596915727,0.3630500939396201,0.3669532537460327,11068701,0.0,0.0
2018-10-26 00:00:00+08:00,0.3669532537460327,0.37085721855710657,0.3630500939396201,0.3669532537460327,4499197,0.0,0.0
2018-10-29 00:00:00+08:00,0.3669533510081845,0.3669533510081845,0.3552422821521759,0.3552422821521759,10718054,0.0,0.0
2018-10-30 00:00:00+08:00,0.3552422821521759,0.35914624799800826,0.35133833998295744,0.3552422821521759,10511491,0.0,0.0
2018-10-31 00:00:00+08:00,0.35524227164301103,0.35914623737335205,0.35524227164301103,0.35914623737335205,4128911,0.0,0.0
2018-11-01 00:00:00+08:00,0.35914624799800826,0.35914624799800826,0.3552422821521759,0.3552422821521759,1530903,0.0,0.0
2018-11-02 00:00:00+08:00,0.35914623737335205,0.36695334015257003,0.35914623737335205,0.35914623737335205,7114707,0.0,0.0
2018-11-05 00:00:00+08:00,0.35914624799800826,0.35914624799800826,0.3552422821521759,0.3552422821521759,4663124,0.0,0.0
2018-11-07 00:00:00+08:00,0.35914623737335205,0.3630501794270798,0.35524227164301103,0.35914623737335205,4232599,0.0,0.0
2018-11-08 00:00:00+08:00,0.3552422821521759,0.35914624799800826,0.3552422821521759,0.3552422821521759,4045166,0.0,0.0
2018-11-09 00:00:00+08:00,0.35524227164301103,0.3630501794270798,0.35524227164301103,0.35914623737335205,8417170,0.0,0.0
2018-11-12 00:00:00+08:00,0.35914623737335205,0.3630501794270798,0.35914623737335205,0.35914623737335205,11121512,0.0,0.0
2018-11-13 00:00:00+08:00,0.35914624799800826,0.35914624799800826,0.3552422821521759,0.3552422821521759,2536547,0.0,0.0
2018-11-14 00:00:00+08:00,0.35914623737335205,0.35914623737335205,0.35524227164301103,0.35914623737335205,769267,0.0,0.0
2018-11-15 00:00:00+08:00,0.35914623737335205,0.35914623737335205,0.35524227164301103,0.35914623737335205,1526527,0.0,0.0
2018-11-16 00:00:00+08:00,0.3591461914355029,0.37476120000149743,0.3591461914355029,0.3630501329898834,11592129,0.0,0.0
2018-11-19 00:00:00+08:00,0.3591461914355029,0.3669532932161263,0.3591461914355029,0.3630501329898834,9266010,0.0,0.0
2018-11-20 00:00:00+08:00,0.35914623737335205,0.3630501794270798,0.35914623737335205,0.35914623737335205,804474,0.0,0.0
2018-11-21 00:00:00+08:00,0.35914624799800826,0.3630501901672267,0.3474351791419997,0.3552422821521759,12651296,0.0,0.0
2018-11-22 00:00:00+08:00,0.35133829712867737,0.3552422388217148,0.35133829712867737,0.35133829712867737,8376977,0.0,0.0
2018-11-23 00:00:00+08:00,0.3552422388217148,0.35914620419136334,0.35133829712867737,0.35133829712867737,5454269,0.0,0.0
2018-11-26 00:00:00+08:00,0.35524227164301103,0.35914623737335205,0.35524227164301103,0.35914623737335205,5711200,0.0,0.0
2018-11-27 00:00:00+08:00,0.35914623737335205,0.35914623737335205,0.35524227164301103,0.35914623737335205,5170983,0.0,0.0
2018-11-28 00:00:00+08:00,0.35914623737335205,0.35914623737335205,0.35524227164301103,0.35914623737335205,1809203,0.0,0.0
2018-11-29 00:00:00+08:00,0.35914623737335205,0.35914623737335205,0.35524227164301103,0.35914623737335205,6456963,0.0,0.0
2018-11-30 00:00:00+08:00,0.35914623737335205,0.35914623737335205,0.35524227164301103,0.35914623737335205,3440030,0.0,0.0
2018-12-03 00:00:00+08:00,0.3591461723793033,0.3747611801167697,0.3591461723793033,0.37085723876953125,10958704,0.0,0.0
2018-12-04 00:00:00+08:00,0.37085723876953125,0.37085723876953125,0.36305011372654167,0.37085723876953125,7592650,0.0,0.0
2018-12-05 00:00:00+08:00,0.3669532737456839,0.37085723876953125,0.3669532737456839,0.37085723876953125,3384166,0.0,0.0
2018-12-06 00:00:00+08:00,0.37085723876953125,0.37085723876953125,0.36305011372654167,0.37085723876953125,9285140,0.0,0.0
2018-12-07 00:00:00+08:00,0.37085721855710657,0.37085721855710657,0.3630500939396201,0.3669532537460327,4918428,0.0,0.0
2018-12-10 00:00:00+08:00,0.3669532537460327,0.3669532537460327,0.3630500939396201,0.3669532537460327,1010223,0.0,0.0
2018-12-11 00:00:00+08:00,0.3630501329898834,0.3669532932161263,0.3630501329898834,0.3630501329898834,4199834,0.0,0.0
2018-12-12 00:00:00+08:00,0.3669532737456839,0.37085723876953125,0.36305011372654167,0.37085723876953125,2402740,0.0,0.0
2018-12-13 00:00:00+08:00,0.37085723876953125,0.37085723876953125,0.3669532737456839,0.37085723876953125,477943,0.0,0.0
2018-12-14 00:00:00+08:00,0.37085721855710657,0.37085721855710657,0.3669532537460327,0.3669532537460327,1234898,0.0,0.0
2018-12-17 00:00:00+08:00,0.3669532537460327,0.37085721855710657,0.3669532537460327,0.3669532537460327,3149723,0.0,0.0
2018-12-18 00:00:00+08:00,0.3669532537460327,0.37085721855710657,0.3669532537460327,0.3669532537460327,2116401,0.0,0.0
2018-12-19 00:00:00+08:00,0.3669532737456839,0.37085723876953125,0.36305011372654167,0.37085723876953125,6038037,0.0,0.0
2018-12-20 00:00:00+08:00,0.36305011372654167,0.37085723876953125,0.36305011372654167,0.37085723876953125,2859823,0.0,0.0
2018-12-21 00:00:00+08:00,0.37085723876953125,0.37085723876953125,0.36305011372654167,0.37085723876953125,4188030,0.0,0.0
2018-12-24 00:00:00+08:00,0.3669532737456839,0.37085723876953125,0.3669532737456839,0.37085723876953125,447111,0.0,0.0
2018-12-26 00:00:00+08:00,0.3630500939396201,0.37085721855710657,0.3630500939396201,0.3669532537460327,5343051,0.0,0.0
2018-12-27 00:00:00+08:00,0.3669532537460327,0.3747611596915727,0.3669532537460327,0.3669532537460327,4131862,0.0,0.0
2018-12-28 00:00:00+08:00,0.3708572427568501,0.37866514921188354,0.3708572427568501,0.37866514921188354,4654780,0.0,0.0
2018-12-31 00:00:00+08:00,0.37866514921188354,0.3825683092729911,0.37866514921188354,0.37866514921188354,1356902,0.0,0.0
2019-01-01 00:00:00+08:00,0.37866514921188354,0.37866514921188354,0.37866514921188354,0.37866514921188354,0,0.0,0.0
2019-01-02 00:00:00+08:00,0.38256826996803284,0.38647221095615514,0.3786651103079348,0.38256826996803284,2307802,0.0,0.0
2019-01-03 00:00:00+08:00,0.38256826996803284,0.38256826996803284,0.37476114564320573,0.38256826996803284,1298393,0.0,0.0
2019-01-04 00:00:00+08:00,0.3825683092729911,0.3825683092729911,0.37476118414606224,0.37866514921188354,3823442,0.0,0.0
2019-01-07 00:00:00+08:00,0.3786651534537552,0.38647225499153137,0.3786651534537552,0.38647225499153137,4007721,0.0,0.0
2019-01-08 00:00:00+08:00,0.3825683135585866,0.38647225499153137,0.3825683135585866,0.38647225499153137,3778772,0.0,0.0
2019-01-09 00:00:00+08:00,0.3864722156977585,0.39037618041038513,0.38256827466173904,0.39037618041038513,6441598,0.0,0.0
2019-01-10 00:00:00+08:00,0.3903761944550883,0.3942801356315613,0.3864722296020074,0.3942801356315613,5144731,0.0,0.0
2019-01-11 00:00:00+08:00,0.3942801356315613,0.3981841004846422,0.3903761944550883,0.3942801356315613,4876606,0.0,0.0
2019-01-14 00:00:00+08:00,0.3981840908527374,0.3981840908527374,0.39428012609409174,0.3981840908527374,3140870,0.0,0.0
2019-01-15 00:00:00+08:00,0.39428012609409174,0.3981840908527374,0.39428012609409174,0.3981840908527374,2117113,0.0,0.0
2019-01-16 00:00:00+08:00,0.3981841347062763,0.4020872712135315,0.39428016951767203,0.4020872712135315,5960907,0.0,0.0
2019-01-17 00:00:00+08:00,0.4020872712135315,0.40599121272552574,0.3981841347062763,0.4020872712135315,7615443,0.0,0.0
2019-01-18 00:00:00+08:00,0.40599119663238525,0.40599119663238525,0.39818411892260164,0.40599119663238525,12302989,0.0,0.0
2019-01-21 00:00:00+08:00,0.40599119298053626,0.4098951816558838,0.4020872516584064,0.4098951816558838,5733587,0.0,0.0
2019-01-22 00:00:00+08:00,0.40599121272552574,0.40599121272552574,0.4020872712135315,0.4020872712135315,2177454,0.0,0.0
2019-01-23 00:00:00+08:00,0.4020872552751399,0.40599119663238525,0.39818411892260164,0.40599119663238525,5334300,0.0,0.0
2019-01-24 00:00:00+08:00,0.40599119663238525,0.40989518534284874,0.4020872552751399,0.40599119663238525,7261234,0.0,0.0
2019-01-25 00:00:00+08:00,0.40599119663238525,0.41379912670009417,0.40599119663238525,0.40599119663238525,5230408,0.0,0.0
2019-01-28 00:00:00+08:00,0.40599119663238525,0.40989518534284874,0.4020872552751399,0.40599119663238525,3683733,0.0,0.0
2019-01-29 00:00:00+08:00,0.4134210072334113,0.4134210072334113,0.40149564745470573,0.4054710566997528,8480157,0.009184,0.0
2019-01-30 00:00:00+08:00,0.4054710566997528,0.4054710566997528,0.3975202623195596,0.4054710566997528,6958309,0.0,0.0
2019-01-31 00:00:00+08:00,0.4054710566997528,0.4094456220982652,0.40149564745470573,0.4054710566997528,6047908,0.0,0.0
2019-02-01 00:00:00+08:00,0.4054710566997528,0.4094456220982652,0.40149564745470573,0.4054710566997528,3579536,0.0,0.0
2019-02-04 00:00:00+08:00,0.4054710077393688,0.4054710077393688,0.3975202143192291,0.3975202143192291,2139092,0.0,0.0
2019-02-05 00:00:00+08:00,0.3975202143192291,0.3975202143192291,0.3975202143192291,0.3975202143192291,0,0.0,0.0
2019-02-07 00:00:00+08:00,0.40149566531181335,0.40149566531181335,0.3975202799998562,0.40149566531181335,4810466,0.0,0.0
2019-02-08 00:00:00+08:00,0.3975202799998562,0.40149566531181335,0.3935448705779969,0.40149566531181335,7341926,0.0,0.0
2019-02-11 00:00:00+08:00,0.4014955989743499,0.4014955989743499,0.3975202143192291,0.3975202143192291,3373075,0.0,0.0
2019-02-12 00:00:00+08:00,0.39354485273361206,0.3975202619752155,0.3895694676019095,0.39354485273361206,15345157,0.0,0.0
2019-02-13 00:00:00+08:00,0.3935448055542103,0.3975202143192291,0.3895694208990895,0.3975202143192291,10115461,0.0,0.0
2019-02-14 00:00:00+08:00,0.3975202143192291,0.3975202143192291,0.3935448055542103,0.3975202143192291,4557808,0.0,0.0
2019-02-15 00:00:00+08:00,0.3935448705779969,0.40547107473367267,0.3935448705779969,0.40149566531181335,14529591,0.0,0.0
2019-02-18 00:00:00+08:00,0.40149566531181335,0.40547107473367267,0.3975202799998562,0.40149566531181335,4755925,0.0,0.0
2019-02-19 00:00:00+08:00,0.3975202143192291,0.4014955989743499,0.3935448055542103,0.3975202143192291,4637177,0.0,0.0
2019-02-20 00:00:00+08:00,0.3975202799998562,0.40149566531181335,0.3975202799998562,0.40149566531181335,3453156,0.0,0.0
2019-02-21 00:00:00+08:00,0.3975202143192291,0.4014955989743499,0.3975202143192291,0.3975202143192291,3086635,0.0,0.0
2019-02-22 00:00:00+08:00,0.3975202799998562,0.40149566531181335,0.3975202799998562,0.40149566531181335,1779999,0.0,0.0
2019-02-25 00:00:00+08:00,0.4014955989743499,0.4014955989743499,0.3975202143192291,0.3975202143192291,2673102,0.0,0.0
2019-02-26 00:00:00+08:00,0.40149564745470573,0.4094456220982652,0.3975202623195596,0.4054710566997528,13487417,0.0,0.0
2019-02-27 00:00:00+08:00,0.4054710566997528,0.4094456220982652,0.40149564745470573,0.4054710566997528,6884435,0.0,0.0
2019-02-28 00:00:00+08:00,0.4094456136226654,0.4094456136226654,0.40149563914367187,0.4094456136226654,8255380,0.0,0.0
2019-03-01 00:00:00+08:00,0.4094456220982652,0.4094456220982652,0.40149564745470573,0.4054710566997528,2394599,0.0,0.0
2019-03-04 00:00:00+08:00,0.4054710566997528,0.4094456220982652,0.40149564745470573,0.4054710566997528,3322808,0.0,0.0
2019-03-05 00:00:00+08:00,0.40149566531181335,0.40547107473367267,0.3935448705779969,0.40149566531181335,15151314,0.0,0.0
2019-03-06 00:00:00+08:00,0.4014955989743499,0.4014955989743499,0.3935448055542103,0.3975202143192291,3503626,0.0,0.0
2019-03-07 00:00:00+08:00,0.3975202143192291,0.4014955989743499,0.3975202143192291,0.3975202143192291,7002369,0.0,0.0
2019-03-08 00:00:00+08:00,0.4014955989743499,0.4014955989743499,0.3975202143192291,0.3975202143192291,3365952,0.0,0.0
2019-03-11 00:00:00+08:00,0.3975202143192291,0.4014955989743499,0.3895694208990895,0.3975202143192291,11503297,0.0,0.0
2019-03-12 00:00:00+08:00,0.3975202251807305,0.3975202251807305,0.3895694315433502,0.3895694315433502,10957279,0.0,0.0
2019-03-13 00:00:00+08:00,0.39354484918543403,0.39354484918543403,0.3816194654146762,0.3855948746204376,22672939,0.0,0.0
2019-03-14 00:00:00+08:00,0.3855948746204376,0.3855948746204376,0.3855948746204376,0.3855948746204376,0,0.0,0.0
2019-03-15 00:00:00+08:00,0.3696940816439183,0.3895694640895734,0.36571869654805766,0.3855948746204376,46320183,0.0,0.0
2019-03-18 00:00:00+08:00,0.3855948780969391,0.39354485273361206,0.3855948780969391,0.39354485273361206,16707453,0.0,0.0
2019-03-19 00:00:00+08:00,0.3895694676019095,0.39354485273361206,0.3895694676019095,0.39354485273361206,4213062,0.0,0.0
2019-03-20 00:00:00+08:00,0.3895694208990895,0.4054710077393688,0.3895694208990895,0.3975202143192291,20778974,0.0,0.0
2019-03-21 00:00:00+08:00,0.3932971608778981,0.3973942082327581,0.3810067794979365,0.3851030170917511,34400964,0.008577,0.0
2019-03-22 00:00:00+08:00,0.3851030766625136,0.40968465298595313,0.3810068384350608,0.3973942697048187,25054903,0.0,0.0
2019-03-25 00:00:00+08:00,0.3932971608778981,0.3973942082327581,0.376909707604863,0.3851030170917511,75014983,0.0,0.0
2019-03-26 00:00:00+08:00,0.3851030751020287,0.3851030751020287,0.3769097643809353,0.3810068368911743,26387973,0.0,0.0
2019-03-27 00:00:00+08:00,0.3769097643809353,0.3810068368911743,0.3728126918706964,0.3810068368911743,77610480,0.0,0.0
2019-03-28 00:00:00+08:00,0.3769097643809353,0.3810068368911743,0.3769097643809353,0.3810068368911743,10859104,0.0,0.0
2019-03-29 00:00:00+08:00,0.3769097643809353,0.3810068368911743,0.3769097643809353,0.3810068368911743,9960844,0.0,0.0
2019-04-01 00:00:00+08:00,0.37690970301628113,0.381006774859476,0.37690970301628113,0.37690970301628113,7177450,0.0,0.0
2019-04-02 00:00:00+08:00,0.3769097643809353,0.3810068368911743,0.3769097643809353,0.3810068368911743,7271793,0.0,0.0
2019-04-03 00:00:00+08:00,0.381006774859476,0.381006774859476,0.3728126311730863,0.37690970301628113,28611967,0.0,0.0
2019-04-04 00:00:00+08:00,0.37690970301628113,0.381006774859476,0.3728126311730863,0.37690970301628113,20974599,0.0,0.0
2019-04-05 00:00:00+08:00,0.3769097643809353,0.3810068368911743,0.3728126918706964,0.3810068368911743,11619686,0.0,0.0
2019-04-08 00:00:00+08:00,0.3769097643809353,0.3810068368911743,0.3769097643809353,0.3810068368911743,4325996,0.0,0.0
2019-04-09 00:00:00+08:00,0.3769097643809353,0.3810068368911743,0.3769097643809353,0.3810068368911743,12100328,0.0,0.0
2019-04-10 00:00:00+08:00,0.3769097643809353,0.3810068368911743,0.3769097643809353,0.3810068368911743,8515831,0.0,0.0
2019-04-11 00:00:00+08:00,0.3810068368911743,0.3851030751020287,0.3769097643809353,0.3810068368911743,9874425,0.0,0.0
2019-04-12 00:00:00+08:00,0.3810067794979365,0.3932971608778981,0.3810067794979365,0.3851030170917511,22740771,0.0,0.0
2019-04-15 00:00:00+08:00,0.38510308010985916,0.3932972252368927,0.38100684184573785,0.3932972252368927,20764982,0.0,0.0
2019-04-16 00:00:00+08:00,0.3932971933961459,0.3932971933961459,0.3851030489324979,0.3892001211643219,27053403,0.0,0.0
2019-04-17 00:00:00+08:00,0.3892001211643219,0.3932971933961459,0.3892001211643219,0.3892001211643219,8646565,0.0,0.0
2019-04-18 00:00:00+08:00,0.3892000889848246,0.3932971608778981,0.3851030170917511,0.3851030170917511,12460175,0.0,0.0
2019-04-22 00:00:00+08:00,0.3892000889848246,0.3892000889848246,0.3851030170917511,0.3851030170917511,4047745,0.0,0.0
2019-04-23 00:00:00+08:00,0.38569927885920935,0.3898026943206787,0.38569927885920935,0.3898026943206787,6293691,0.000723,0.0
2019-04-24 00:00:00+08:00,0.3898026943206787,0.3939061097821481,0.38569927885920935,0.3898026943206787,20240938,0.0,0.0
2019-04-25 00:00:00+08:00,0.3898026943206787,0.3898026943206787,0.38569927885920935,0.3898026943206787,7891903,0.0,0.0
2019-04-26 00:00:00+08:00,0.3898026943206787,0.3898026943206787,0.38569927885920935,0.3898026943206787,968199,0.0,0.0
2019-04-29 00:00:00+08:00,0.3898026943206787,0.3898026943206787,0.38569927885920935,0.3898026943206787,2903190,0.0,0.0
2019-04-30 00:00:00+08:00,0.3898026943206787,0.3898026943206787,0.38569927885920935,0.3898026943206787,6556320,0.0,0.0
2019-05-02 00:00:00+08:00,0.3898026875459138,0.3898026875459138,0.3856992721557617,0.3856992721557617,2849932,0.0,0.0
2019-05-03 00:00:00+08:00,0.3898026875459138,0.3898026875459138,0.3815966923566143,0.3856992721557617,9114235,0.0,0.0
2019-05-06 00:00:00+08:00,0.38569926417007744,0.38569926417007744,0.37749326915067843,0.3815966844558716,11959444,0.0,0.0
2019-05-07 00:00:00+08:00,0.38159669898875914,0.3898026943206787,0.38159669898875914,0.3898026943206787,6274452,0.0,0.0
2019-05-08 00:00:00+08:00,0.38569926417007744,0.38569926417007744,0.3815966844558716,0.3815966844558716,3521190,0.0,0.0
2019-05-09 00:00:00+08:00,0.3815966844558716,0.38569926417007744,0.3815966844558716,0.3815966844558716,1637849,0.0,0.0
2019-05-10 00:00:00+08:00,0.3815966923566143,0.3856992721557617,0.3815966923566143,0.3856992721557617,2564346,0.0,0.0
2019-05-13 00:00:00+08:00,0.3856992721557617,0.3856992721557617,0.3815966923566143,0.3856992721557617,3620170,0.0,0.0
2019-05-14 00:00:00+08:00,0.3815966923566143,0.3856992721557617,0.3815966923566143,0.3856992721557617,1886958,0.0,0.0
2019-05-15 00:00:00+08:00,0.38569927885920935,0.3939061097821481,0.38159669898875914,0.3898026943206787,22791518,0.0,0.0
2019-05-16 00:00:00+08:00,0.3856992721557617,0.39390610293606587,0.3856992721557617,0.3856992721557617,6423878,0.0,0.0
2019-05-17 00:00:00+08:00,0.3856992721557617,0.3898026875459138,0.3856992721557617,0.3856992721557617,1965740,0.0,0.0
2019-05-21 00:00:00+08:00,0.3856992721557617,0.3898026875459138,0.3815966923566143,0.3856992721557617,4753370,0.0,0.0
2019-05-22 00:00:00+08:00,0.38569926417007744,0.38980267947527064,0.3815966844558716,0.3815966844558716,3667600,0.0,0.0
2019-05-23 00:00:00+08:00,0.3815966923566143,0.3856992721557617,0.3815966923566143,0.3856992721557617,2717690,0.0,0.0
2019-05-24 00:00:00+08:00,0.3856992721557617,0.3856992721557617,0.3815966923566143,0.3856992721557617,1281821,0.0,0.0
2019-05-27 00:00:00+08:00,0.3856992721557617,0.3856992721557617,0.3815966923566143,0.3856992721557617,2351010,0.0,0.0
2019-05-28 00:00:00+08:00,0.38569927885920935,0.3898026943206787,0.38159669898875914,0.3898026943206787,16227459,0.0,0.0
2019-05-29 00:00:00+08:00,0.38569926417007744,0.38980267947527064,0.3815966844558716,0.3815966844558716,3811599,0.0,0.0
2019-05-30 00:00:00+08:00,0.38159669898875914,0.3898026943206787,0.38159669898875914,0.3898026943206787,3898521,0.0,0.0
2019-05-31 00:00:00+08:00,0.38569926417007744,0.38980267947527064,0.3815966844558716,0.3815966844558716,4768544,0.0,0.0
2019-06-03 00:00:00+08:00,0.3815966844558716,0.38569926417007744,0.3815966844558716,0.3815966844558716,2674681,0.0,0.0
2019-06-04 00:00:00+08:00,0.38159669898875914,0.3898026943206787,0.38159669898875914,0.3898026943206787,5867176,0.0,0.0
2019-06-06 00:00:00+08:00,0.3898026943206787,0.3898026943206787,0.38569927885920935,0.3898026943206787,4193452,0.0,0.0
2019-06-07 00:00:00+08:00,0.3898026943206787,0.3898026943206787,0.38569927885920935,0.3898026943206787,6146331,0.0,0.0
2019-06-10 00:00:00+08:00,0.38980273044615926,0.3939061462879181,0.38569931460440043,0.3939061462879181,9675258,0.0,0.0
2019-06-11 00:00:00+08:00,0.39390611787858537,0.3980095088481903,0.3898027023327735,0.3980095088481903,20705091,0.0,0.0
2019-06-12 00:00:00+08:00,0.3980095088481903,0.40211211337917285,0.39390611787858537,0.3980095088481903,9243563,0.0,0.0
2019-06-13 00:00:00+08:00,0.3980095088481903,0.40211211337917285,0.39390611787858537,0.3980095088481903,8580043,0.0,0.0
2019-06-14 00:00:00+08:00,0.3980094921888194,0.40211209654808044,0.3980094921888194,0.40211209654808044,3776830,0.0,0.0
2019-06-17 00:00:00+08:00,0.40211209654808044,0.40621551192213684,0.40211209654808044,0.40211209654808044,7629730,0.0,0.0
2019-06-18 00:00:00+08:00,0.40621548891067505,0.410318879476075,0.40211207376907054,0.40621548891067505,18263240,0.0,0.0
2019-06-19 00:00:00+08:00,0.40621548891067505,0.40621548891067505,0.40211207376907054,0.40621548891067505,2946199,0.0,0.0
2019-06-20 00:00:00+08:00,0.40621548891067505,0.40621548891067505,0.40211207376907054,0.40621548891067505,3784869,0.0,0.0
2019-06-21 00:00:00+08:00,0.40621548891067505,0.40621548891067505,0.40211207376907054,0.40621548891067505,44152392,0.0,0.0
2019-06-24 00:00:00+08:00,0.40621548891067505,0.410318879476075,0.40211207376907054,0.40621548891067505,5949174,0.0,0.0
2019-06-25 00:00:00+08:00,0.40621548891067505,0.40621548891067505,0.40211207376907054,0.40621548891067505,2278458,0.0,0.0
2019-06-26 00:00:00+08:00,0.40621549068989693,0.41031888127326965,0.4021120755303195,0.41031888127326965,5729508,0.0,0.0
2019-06-27 00:00:00+08:00,0.41031894833863075,0.41442152857780457,0.4062155570845714,0.41442152857780457,10091780,0.0,0.0
2019-06-28 00:00:00+08:00,0.41031894833863075,0.41442152857780457,0.41031894833863075,0.41442152857780457,5369460,0.0,0.0
2019-07-01 00:00:00+08:00,0.4144214608418894,0.4144214608418894,0.41031888127326965,0.41031888127326965,1807472,0.0,0.0
2019-07-02 00:00:00+08:00,0.41442152857780457,0.4185249689842812,0.41442152857780457,0.41442152857780457,9613358,0.0,0.0
2019-07-03 00:00:00+08:00,0.41852495074272156,0.41852495074272156,0.4144215105150948,0.41852495074272156,2794764,0.0,0.0
2019-07-04 00:00:00+08:00,0.41852495074272156,0.41852495074272156,0.4144215105150948,0.41852495074272156,4063220,0.0,0.0
2019-07-05 00:00:00+08:00,0.4144214608418894,0.41852490057767144,0.41031888127326965,0.41031888127326965,9687015,0.0,0.0
2019-07-08 00:00:00+08:00,0.41031894833863075,0.41442152857780457,0.41031894833863075,0.41442152857780457,3499786,0.0,0.0
2019-07-09 00:00:00+08:00,0.41442145902672545,0.41442145902672545,0.40621548891067505,0.40621548891067505,14173088,0.0,0.0
2019-07-10 00:00:00+08:00,0.4062155570845714,0.41442152857780457,0.4062155570845714,0.41442152857780457,7052931,0.0,0.0
2019-07-11 00:00:00+08:00,0.41031894833863075,0.41442152857780457,0.41031894833863075,0.41442152857780457,3138130,0.0,0.0
2019-07-12 00:00:00+08:00,0.41442152857780457,0.41442152857780457,0.4062155570845714,0.41442152857780457,9015255,0.0,0.0
2019-07-15 00:00:00+08:00,0.41031894833863075,0.4185249689842812,0.41031894833863075,0.41442152857780457,7337813,0.0,0.0
2019-07-16 00:00:00+08:00,0.4144214608418894,0.41852490057767144,0.41031888127326965,0.41031888127326965,16204950,0.0,0.0
2019-07-17 00:00:00+08:00,0.41031894833863075,0.4185249689842812,0.41031894833863075,0.41442152857780457,10133985,0.0,0.0
2019-07-18 00:00:00+08:00,0.4144215105150948,0.41852495074272156,0.41031893045473344,0.41852495074272156,7093930,0.0,0.0
2019-07-19 00:00:00+08:00,0.4185249689842812,0.4185249689842812,0.41442152857780457,0.41442152857780457,5135525,0.0,0.0
2019-07-22 00:00:00+08:00,0.4180552661418915,0.4222351980721634,0.4180552661418915,0.4180552661418915,6664646,0.0093,0.0
2019-07-23 00:00:00+08:00,0.42223528027534485,0.42223528027534485,0.41805534753129964,0.42223528027534485,3999511,0.0,0.0
2019-07-24 00:00:00+08:00,0.42223528027534485,0.42223528027534485,0.41805534753129964,0.42223528027534485,2337042,0.0,0.0
2019-07-25 00:00:00+08:00,0.4180552985724886,0.4264160394668579,0.4180552985724886,0.4264160394668579,36348315,0.0,0.0
2019-07-26 00:00:00+08:00,0.42223528027534485,0.4264160894048024,0.42223528027534485,0.42223528027534485,4540235,0.0,0.0
2019-07-29 00:00:00+08:00,0.42223528027534485,0.43059684845509355,0.42223528027534485,0.42223528027534485,8313248,0.0,0.0
2019-07-30 00:00:00+08:00,0.4264160894048024,0.4264160894048024,0.42223528027534485,0.42223528027534485,4377747,0.0,0.0
2019-07-31 00:00:00+08:00,0.4264160394668579,0.4264160394668579,0.42223523082701836,0.4264160394668579,3426631,0.0,0.0
2019-08-01 00:00:00+08:00,0.42223528027534485,0.4264160894048024,0.41805534753129964,0.42223528027534485,11970297,0.0,0.0
2019-08-02 00:00:00+08:00,0.42223528027534485,0.42223528027534485,0.41805534753129964,0.42223528027534485,3337498,0.0,0.0
2019-08-05 00:00:00+08:00,0.42223528027534485,0.4264160894048024,0.41805534753129964,0.42223528027534485,9146090,0.0,0.0
2019-08-06 00:00:00+08:00,0.42223528027534485,0.42223528027534485,0.41805534753129964,0.42223528027534485,7124579,0.0,0.0
2019-08-07 00:00:00+08:00,0.42223528027534485,0.4264160894048024,0.41805534753129964,0.42223528027534485,6909434,0.0,0.0
2019-08-08 00:00:00+08:00,0.42223528027534485,0.42223528027534485,0.41387458848100844,0.42223528027534485,14992767,0.0,0.0
2019-08-13 00:00:00+08:00,0.4222351980721634,0.4222351980721634,0.41387450790553443,0.4180552661418915,8428507,0.0,0.0
2019-08-14 00:00:00+08:00,0.41805534753129964,0.42223528027534485,0.41805534753129964,0.42223528027534485,12420884,0.0,0.0
2019-08-15 00:00:00+08:00,0.4180552661418915,0.4222351980721634,0.41387450790553443,0.4180552661418915,9652749,0.0,0.0
2019-08-16 00:00:00+08:00,0.41805534753129964,0.42223528027534485,0.41805534753129964,0.42223528027534485,4781506,0.0,0.0
2019-08-19 00:00:00+08:00,0.42223523082701836,0.4264160394668579,0.4180552985724886,0.4264160394668579,4760806,0.0,0.0
2019-08-20 00:00:00+08:00,0.4264160394668579,0.4264160394668579,0.42223523082701836,0.4264160394668579,6726547,0.0,0.0
2019-08-21 00:00:00+08:00,0.4264160394668579,0.4264160394668579,0.42223523082701836,0.4264160394668579,9617478,0.0,0.0
2019-08-22 00:00:00+08:00,0.4264160696045322,0.43059682846069336,0.42223526066920697,0.43059682846069336,14196401,0.0,0.0
2019-08-23 00:00:00+08:00,0.43059682846069336,0.4347776373960186,0.4264160696045322,0.43059682846069336,12614725,0.0,0.0
2019-08-26 00:00:00+08:00,0.43059679802753686,0.43059679802753686,0.4264160394668579,0.4264160394668579,6475830,0.0,0.0
2019-08-27 00:00:00+08:00,0.4264160696045322,0.43059682846069336,0.4264160696045322,0.43059682846069336,1802146,0.0,0.0
2019-08-28 00:00:00+08:00,0.4264160394668579,0.4264160394668579,0.42223523082701836,0.4264160394668579,4998761,0.0,0.0
2019-08-29 00:00:00+08:00,0.4264160394668579,0.43059679802753686,0.42223523082701836,0.4264160394668579,8108052,0.0,0.0
2019-08-30 00:00:00+08:00,0.43059682846069336,0.43059682846069336,0.4264160696045322,0.43059682846069336,1368140,0.0,0.0
2019-09-02 00:00:00+08:00,0.43059682846069336,0.43059682846069336,0.4264160696045322,0.43059682846069336,608352,0.0,0.0
2019-09-03 00:00:00+08:00,0.43059682846069336,0.43059682846069336,0.4264160696045322,0.43059682846069336,3436378,0.0,0.0
2019-09-04 00:00:00+08:00,0.43059682846069336,0.43059682846069336,0.4264160696045322,0.43059682846069336,12838109,0.0,0.0
2019-09-05 00:00:00+08:00,0.43059682846069336,0.4347776373960186,0.4264160696045322,0.43059682846069336,5989268,0.0,0.0
2019-09-06 00:00:00+08:00,0.4305967791952162,0.4347775876522064,0.4305967791952162,0.4347775876522064,2117577,0.0,0.0
2019-09-09 00:00:00+08:00,0.4347775876522064,0.4347775876522064,0.4305967791952162,0.4347775876522064,1334275,0.0,0.0
2019-09-10 00:00:00+08:00,0.4347776373960186,0.4347776373960186,0.43059682846069336,0.43059682846069336,1408837,0.0,0.0
2019-09-11 00:00:00+08:00,0.4347775876522064,0.4347775876522064,0.4264160208173844,0.4347775876522064,12129068,0.0,0.0
2019-09-12 00:00:00+08:00,0.4347775876522064,0.4347775876522064,0.4305967791952162,0.4347775876522064,1123352,0.0,0.0
2019-09-13 00:00:00+08:00,0.4305967791952162,0.4347775876522064,0.4264160208173844,0.4347775876522064,3859331,0.0,0.0
2019-09-16 00:00:00+08:00,0.4347775876522064,0.4347775876522064,0.4305967791952162,0.4347775876522064,807820,0.0,0.0
2019-09-17 00:00:00+08:00,0.4305967791952162,0.4347775876522064,0.4305967791952162,0.4347775876522064,862385,0.0,0.0
2019-09-18 00:00:00+08:00,0.43477763469659547,0.438957542181015,0.4305968257872278,0.438957542181015,17491796,0.0,0.0
2019-09-19 00:00:00+08:00,0.43477763469659547,0.438957542181015,0.43477763469659547,0.438957542181015,3078340,0.0,0.0
2019-09-20 00:00:00+08:00,0.438957542181015,0.438957542181015,0.43477763469659547,0.438957542181015,2739998,0.0,0.0
2019-09-23 00:00:00+08:00,0.43477763469659547,0.438957542181015,0.43477763469659547,0.438957542181015,2090244,0.0,0.0
2019-09-24 00:00:00+08:00,0.43895749468434603,0.43895749468434603,0.4347775876522064,0.4347775876522064,3036638,0.0,0.0
2019-09-25 00:00:00+08:00,0.43477763469659547,0.438957542181015,0.43477763469659547,0.438957542181015,1311867,0.0,0.0
2019-09-26 00:00:00+08:00,0.438957542181015,0.438957542181015,0.43477763469659547,0.438957542181015,3227263,0.0,0.0
2019-09-27 00:00:00+08:00,0.438957542181015,0.438957542181015,0.43477763469659547,0.438957542181015,3161946,0.0,0.0
2019-09-30 00:00:00+08:00,0.4389575224533768,0.44313833117485046,0.43477761515681074,0.44313833117485046,4842502,0.0,0.0
2019-10-01 00:00:00+08:00,0.4431383612427007,0.4473191201686859,0.4389575522375505,0.4473191201686859,9324958,0.0,0.0
2019-10-02 00:00:00+08:00,0.4431383612427007,0.4473191201686859,0.4431383612427007,0.4473191201686859,823798,0.0,0.0
2019-10-03 00:00:00+08:00,0.44313833117485046,0.4473190898171626,0.44313833117485046,0.44313833117485046,1659152,0.0,0.0
2019-10-04 00:00:00+08:00,0.4473191201686859,0.4473191201686859,0.4431383612427007,0.4473191201686859,1504703,0.0,0.0
2019-10-07 00:00:00+08:00,0.4431383612427007,0.4473191201686859,0.4431383612427007,0.4473191201686859,1727283,0.0,0.0
2019-10-08 00:00:00+08:00,0.4473190898171626,0.4473190898171626,0.44313833117485046,0.44313833117485046,847513,0.0,0.0
2019-10-09 00:00:00+08:00,0.4473191003426724,0.45149990916252136,0.4431383416019862,0.45149990916252136,4039606,0.0,0.0
2019-10-10 00:00:00+08:00,0.4514998968061581,0.4556798040866852,0.44731908810072685,0.4556798040866852,5396994,0.0,0.0
2019-10-11 00:00:00+08:00,0.4556798165574415,0.4556798165574415,0.45149990916252136,0.45149990916252136,3253792,0.0,0.0
2019-10-14 00:00:00+08:00,0.4556798040866852,0.4556798040866852,0.44731908810072685,0.4556798040866852,10261805,0.0,0.0
2019-10-15 00:00:00+08:00,0.4556798140856722,0.459860622882843,0.4514999067134254,0.459860622882843,8752781,0.0,0.0
2019-10-16 00:00:00+08:00,0.45986061279211643,0.45986061279211643,0.4514998968061581,0.4556798040866852,8642144,0.0,0.0
2019-10-17 00:00:00+08:00,0.459860622882843,0.459860622882843,0.4556798140856722,0.459860622882843,1909869,0.0,0.0
2019-10-18 00:00:00+08:00,0.4556798140856722,0.459860622882843,0.4556798140856722,0.459860622882843,4352725,0.0,0.0
2019-10-21 00:00:00+08:00,0.46355634927749634,0.46355634927749634,0.4550511161180747,0.46355634927749634,6569183,0.0093,0.0
2019-10-22 00:00:00+08:00,0.45930424332618713,0.4635564018853293,0.45505116776067034,0.45930424332618713,5399204,0.0,0.0
2019-10-23 00:00:00+08:00,0.4635564018853293,0.4635564018853293,0.45505116776067034,0.45930424332618713,7598579,0.0,0.0
2019-10-24 00:00:00+08:00,0.45930424332618713,0.45930424332618713,0.45505116776067034,0.45930424332618713,2193445,0.0,0.0
2019-10-25 00:00:00+08:00,0.45505116776067034,0.45930424332618713,0.45505116776067034,0.45930424332618713,1688696,0.0,0.0
2019-10-29 00:00:00+08:00,0.45505108834880575,0.45930416317211004,0.45079806447029114,0.45079806447029114,15970010,0.0,0.0
2019-10-30 00:00:00+08:00,0.4507980998833005,0.45505112409591675,0.4465450247258906,0.45505112409591675,4239777,0.0,0.0
2019-10-31 00:00:00+08:00,0.45505112409591675,0.45505112409591675,0.4507980998833005,0.45505112409591675,4004133,0.0,0.0
2019-11-01 00:00:00+08:00,0.45505112409591675,0.45505112409591675,0.4507980998833005,0.45505112409591675,1771196,0.0,0.0
2019-11-04 00:00:00+08:00,0.45505108834880575,0.45505108834880575,0.45079806447029114,0.45079806447029114,2438133,0.0,0.0
2019-11-05 00:00:00+08:00,0.45079806447029114,0.45505108834880575,0.45079806447029114,0.45079806447029114,4400156,0.0,0.0
2019-11-06 00:00:00+08:00,0.45505112409591675,0.45505112409591675,0.4507980998833005,0.45505112409591675,4407793,0.0,0.0
2019-11-07 00:00:00+08:00,0.45505112409591675,0.45505112409591675,0.4465450247258906,0.45505112409591675,3700460,0.0,0.0
2019-11-08 00:00:00+08:00,0.45079806447029114,0.45505108834880575,0.4465449896469868,0.45079806447029114,5483413,0.0,0.0
2019-11-11 00:00:00+08:00,0.4507980877866753,0.4507980877866753,0.43803977966308594,0.43803977966308594,14588605,0.0,0.0
2019-11-12 00:00:00+08:00,0.44229286909103394,0.4465450272663484,0.43803979390942765,0.44229286909103394,10741131,0.0,0.0
2019-11-13 00:00:00+08:00,0.44229286909103394,0.4465450272663484,0.43803979390942765,0.44229286909103394,2381860,0.0,0.0
2019-11-14 00:00:00+08:00,0.4422928318298971,0.45079806447029114,0.4422928318298971,0.45079806447029114,13686326,0.0,0.0
2019-11-15 00:00:00+08:00,0.45079806447029114,0.45079806447029114,0.4465449896469868,0.45079806447029114,1035224,0.0,0.0
2019-11-18 00:00:00+08:00,0.45079806447029114,0.45079806447029114,0.4422928318298971,0.45079806447029114,10388821,0.0,0.0
2019-11-19 00:00:00+08:00,0.45079806447029114,0.45079806447029114,0.4465449896469868,0.45079806447029114,2584443,0.0,0.0
2019-11-20 00:00:00+08:00,0.4422928468828582,0.45079807981271863,0.4422928468828582,0.4465450048446655,4432814,0.0,0.0
2019-11-21 00:00:00+08:00,0.44229286909103394,0.4465450272663484,0.44229286909103394,0.44229286909103394,1550525,0.0,0.0
2019-11-22 00:00:00+08:00,0.4465449896469868,0.45079806447029114,0.4465449896469868,0.45079806447029114,3967556,0.0,0.0
2019-11-25 00:00:00+08:00,0.45079807981271863,0.45079807981271863,0.4465450048446655,0.4465450048446655,1639356,0.0,0.0
2019-11-26 00:00:00+08:00,0.4465450247258906,0.45505112409591675,0.4465450247258906,0.45505112409591675,8296868,0.0,0.0
2019-11-27 00:00:00+08:00,0.45505112409591675,0.45505112409591675,0.4507980998833005,0.45505112409591675,1883039,0.0,0.0
2019-11-28 00:00:00+08:00,0.45505108834880575,0.45505108834880575,0.4465449896469868,0.45079806447029114,3933390,0.0,0.0
2019-11-29 00:00:00+08:00,0.45079806447029114,0.45079806447029114,0.4465449896469868,0.45079806447029114,3393872,0.0,0.0
2019-12-02 00:00:00+08:00,0.45079807981271863,0.45505110383598035,0.4465450048446655,0.4465450048446655,3540785,0.0,0.0
2019-12-03 00:00:00+08:00,0.4465450048446655,0.45079807981271863,0.4465450048446655,0.4465450048446655,7112922,0.0,0.0
2019-12-04 00:00:00+08:00,0.4465449896469868,0.45079806447029114,0.4465449896469868,0.45079806447029114,4966605,0.0,0.0
2019-12-05 00:00:00+08:00,0.45079806447029114,0.45079806447029114,0.4465449896469868,0.45079806447029114,1102149,0.0,0.0
2019-12-06 00:00:00+08:00,0.45079806447029114,0.45079806447029114,0.4465449896469868,0.45079806447029114,2964588,0.0,0.0
2019-12-09 00:00:00+08:00,0.45079806447029114,0.45079806447029114,0.4465449896469868,0.45079806447029114,4588671,0.0,0.0
2019-12-10 00:00:00+08:00,0.4465449896469868,0.45505108834880575,0.4465449896469868,0.45079806447029114,6268222,0.0,0.0
2019-12-11 00:00:00+08:00,0.45079809198002135,0.46355634927749634,0.45079809198002135,0.46355634927749634,13264378,0.0,0.0
2019-12-12 00:00:00+08:00,0.4635564018853293,0.4678094774508461,0.45930424332618713,0.45930424332618713,9688824,0.0,0.0
2019-12-13 00:00:00+08:00,0.46355634927749634,0.46780942436034245,0.4593041912009208,0.46355634927749634,11431281,0.0,0.0
2019-12-16 00:00:00+08:00,0.4593041912009208,0.46355634927749634,0.4550511161180747,0.46355634927749634,5925459,0.0,0.0
2019-12-17 00:00:00+08:00,0.46355635740445006,0.46355635740445006,0.45505112409591675,0.45505112409591675,7277119,0.0,0.0
2019-12-18 00:00:00+08:00,0.45505116776067034,0.45930424332618713,0.45505116776067034,0.45930424332618713,4007550,0.0,0.0
2019-12-19 00:00:00+08:00,0.46355634927749634,0.46355634927749634,0.4593041912009208,0.46355634927749634,5012427,0.0,0.0
2019-12-20 00:00:00+08:00,0.4635564018853293,0.4678094774508461,0.45930424332618713,0.45930424332618713,2625543,0.0,0.0
2019-12-23 00:00:00+08:00,0.45930424332618713,0.4635564018853293,0.45930424332618713,0.45930424332618713,1069189,0.0,0.0
2019-12-24 00:00:00+08:00,0.45930424332618713,0.4635564018853293,0.45930424332618713,0.45930424332618713,174748,0.0,0.0
2019-12-25 00:00:00+08:00,0.45930424332618713,0.45930424332618713,0.45930424332618713,0.45930424332618713,0,0.0,0.0
2019-12-26 00:00:00+08:00,0.45930424332618713,0.4635564018853293,0.45930424332618713,0.45930424332618713,754361,0.0,0.0
2019-12-27 00:00:00+08:00,0.46355634927749634,0.46355634927749634,0.4593041912009208,0.46355634927749634,628450,0.0,0.0
2019-12-30 00:00:00+08:00,0.46355634927749634,0.46355634927749634,0.4593041912009208,0.46355634927749634,1558966,0.0,0.0
2019-12-31 00:00:00+08:00,0.4635564018853293,0.4635564018853293,0.45930424332618713,0.45930424332618713,1314680,0.0,0.0
2020-01-02 00:00:00+08:00,0.4635564018853293,0.4635564018853293,0.45930424332618713,0.45930424332618713,1957098,0.0,0.0
2020-01-03 00:00:00+08:00,0.4635564018853293,0.4635564018853293,0.45930424332618713,0.45930424332618713,601619,0.0,0.0
2020-01-06 00:00:00+08:00,0.46355634927749634,0.46780942436034245,0.4593041912009208,0.46355634927749634,4893048,0.0,0.0
2020-01-07 00:00:00+08:00,0.46780940890312195,0.46780940890312195,0.4593041760247277,0.46780940890312195,5760357,0.0,0.0
2020-01-08 00:00:00+08:00,0.46355634927749634,0.46780942436034245,0.4593041912009208,0.46355634927749634,5015643,0.0,0.0
2020-01-09 00:00:00+08:00,0.4635563339608047,0.46780940890312195,0.4635563339608047,0.46780940890312195,4679511,0.0,0.0
2020-01-10 00:00:00+08:00,0.4678094774508461,0.4678094774508461,0.45930424332618713,0.45930424332618713,6456536,0.0,0.0
2020-01-13 00:00:00+08:00,0.46355634927749634,0.46780942436034245,0.46355634927749634,0.46355634927749634,4260377,0.0,0.0
2020-01-14 00:00:00+08:00,0.4635563339608047,0.46780940890312195,0.4593041760247277,0.46780940890312195,3913695,0.0,0.0
2020-01-15 00:00:00+08:00,0.46780940890312195,0.46780940890312195,0.4635563339608047,0.46780940890312195,3180637,0.0,0.0
2020-01-16 00:00:00+08:00,0.46780942436034245,0.46780942436034245,0.4593041912009208,0.46355634927749634,7662188,0.0,0.0
2020-01-17 00:00:00+08:00,0.4635563339608047,0.46780940890312195,0.4635563339608047,0.46780940890312195,3457480,0.0,0.0
2020-01-20 00:00:00+08:00,0.46780940890312195,0.46780940890312195,0.4635563339608047,0.46780940890312195,2639611,0.0,0.0
2020-01-21 00:00:00+08:00,0.4635563339608047,0.46780940890312195,0.4635563339608047,0.46780940890312195,2469988,0.0,0.0
2020-01-22 00:00:00+08:00,0.4678094737440515,0.47206249833106995,0.46355639821223493,0.47206249833106995,12971155,0.0,0.0
2020-01-23 00:00:00+08:00,0.47206249833106995,0.47206249833106995,0.4678094737440515,0.47206249833106995,5346951,0.0,0.0
2020-01-24 00:00:00+08:00,0.46780940890312195,0.4720624329006481,0.46780940890312195,0.46780940890312195,4141802,0.0,0.0
2020-01-28 00:00:00+08:00,0.4715690872476906,0.4715690872476906,0.44993804972207535,0.4585902988910675,26506147,0.0093,0.0
2020-01-29 00:00:00+08:00,0.4585902734752517,0.46724340319633484,0.4585902734752517,0.46724340319633484,10957381,0.0,0.0
2020-01-30 00:00:00+08:00,0.4672433820161679,0.4715690397363201,0.45859025268733156,0.4629167914390564,11675466,0.0,0.0
2020-01-31 00:00:00+08:00,0.462916786569274,0.462916786569274,0.4542636573314667,0.4542636573314667,9825990,0.0,0.0
2020-02-03 00:00:00+08:00,0.4542636573314667,0.4542636573314667,0.4499379996568194,0.4542636573314667,6610383,0.0,0.0
2020-02-04 00:00:00+08:00,0.4542637078780448,0.4585902988910675,0.44993804972207535,0.4585902988910675,4911337,0.0,0.0
2020-02-05 00:00:00+08:00,0.45859025268733156,0.4629167914390564,0.45426366211022007,0.4629167914390564,3988759,0.0,0.0
2020-02-06 00:00:00+08:00,0.4629168380786984,0.4629168380786984,0.4585902988910675,0.4585902988910675,5867578,0.0,0.0
2020-02-07 00:00:00+08:00,0.45859024786306335,0.462916786569274,0.4542636573314667,0.4542636573314667,5819545,0.0,0.0
2020-02-10 00:00:00+08:00,0.4542636573314667,0.45859024786306335,0.4499379996568194,0.4542636573314667,5435581,0.0,0.0
2020-02-11 00:00:00+08:00,0.4542637078780448,0.4629168380786984,0.4542637078780448,0.4585902988910675,13718884,0.0,0.0
2020-02-12 00:00:00+08:00,0.4629168124230988,0.47156906111256935,0.4629168124230988,0.46724340319633484,7679472,0.0,0.0
2020-02-13 00:00:00+08:00,0.47156906111256935,0.47156906111256935,0.4629168124230988,0.46724340319633484,3936606,0.0,0.0
2020-02-14 00:00:00+08:00,0.46724340319633484,0.47156906111256935,0.4629168124230988,0.46724340319633484,9567837,0.0,0.0
2020-02-17 00:00:00+08:00,0.46724337383258446,0.4715690314769745,0.46724337383258446,0.4715690314769745,3614543,0.0,0.0
2020-02-18 00:00:00+08:00,0.47156906111256935,0.47156906111256935,0.4629168124230988,0.46724340319633484,8829956,0.0,0.0
2020-02-19 00:00:00+08:00,0.47156906111256935,0.47156906111256935,0.46724340319633484,0.46724340319633484,7070114,0.0,0.0
2020-02-20 00:00:00+08:00,0.4715690314769745,0.4758956219783074,0.4715690314769745,0.4715690314769745,6909434,0.0,0.0
2020-02-21 00:00:00+08:00,0.4715690314769745,0.4715690314769745,0.46724337383258446,0.4715690314769745,10714502,0.0,0.0
2020-02-24 00:00:00+08:00,0.4672433820161679,0.4715690397363201,0.45859025268733156,0.4629167914390564,17090548,0.0,0.0
2020-02-25 00:00:00+08:00,0.4585902988910675,0.4629168380786984,0.4585902988910675,0.4585902988910675,7547531,0.0,0.0
2020-02-26 00:00:00+08:00,0.45859025268733156,0.4629167914390564,0.45426366211022007,0.4629167914390564,5735637,0.0,0.0
2020-02-27 00:00:00+08:00,0.4629167914390564,0.4629167914390564,0.45859025268733156,0.4629167914390564,6071769,0.0,0.0
2020-02-28 00:00:00+08:00,0.45859024744689675,0.45859024744689675,0.44128487001855,0.44993799924850464,25613414,0.0,0.0
2020-03-02 00:00:00+08:00,0.44561140912522273,0.4542636573314667,0.44561140912522273,0.4542636573314667,5675144,0.0,0.0
2020-03-03 00:00:00+08:00,0.4542637078780448,0.4585902988910675,0.44993804972207535,0.4585902988910675,7832816,0.0,0.0
2020-03-04 00:00:00+08:00,0.4542637078780448,0.4585902988910675,0.4456114587090526,0.4585902988910675,7424836,0.0,0.0
2020-03-05 00:00:00+08:00,0.45426366211022007,0.4672433820161679,0.45426366211022007,0.4629167914390564,6199790,0.0,0.0
2020-03-06 00:00:00+08:00,0.4629168380786984,0.4629168380786984,0.4542637078780448,0.4585902988910675,6413829,0.0,0.0
2020-03-09 00:00:00+08:00,0.44993800305334514,0.44993800305334514,0.43263259956596456,0.43695828318595886,22944058,0.0,0.0
2020-03-10 00:00:00+08:00,0.43263259956596456,0.44128487375021647,0.42830606082709344,0.43695828318595886,11439621,0.0,0.0
2020-03-11 00:00:00+08:00,0.4412848949432373,0.4412848949432373,0.43263262034345373,0.4412848949432373,9115944,0.0,0.0
2020-03-12 00:00:00+08:00,0.43695828130462744,0.43695828130462744,0.40234843324852926,0.4066741168498993,46911785,0.0,0.0
2020-03-13 00:00:00+08:00,0.39802184158018267,0.39802184158018267,0.37206421760885466,0.3893687129020691,35901091,0.0,0.0
2020-03-16 00:00:00+08:00,0.3850430498447166,0.39369529794636315,0.3677376726098708,0.37638992071151733,25496948,0.0,0.0
2020-03-17 00:00:00+08:00,0.36773768067359924,0.37206424533507154,0.3590845513506547,0.36773768067359924,24570150,0.0,0.0
2020-03-18 00:00:00+08:00,0.36773768067359924,0.36773768067359924,0.36773768067359924,0.36773768067359924,0,0.0,0.0
2020-03-19 00:00:00+08:00,0.3417791661797076,0.3461057307455209,0.3028427281820458,0.31149497628211975,39985971,0.0,0.0
2020-03-20 00:00:00+08:00,0.30716931371945916,0.35475888409786593,0.30716931371945916,0.34610575437545776,29984026,0.0,0.0
2020-03-23 00:00:00+08:00,0.32014813142685183,0.3331269451473111,0.31149500159212956,0.32880038022994995,12430732,0.0,0.0
2020-03-24 00:00:00+08:00,0.33312694082345823,0.35043231923666185,0.33312694082345823,0.34610575437545776,13702102,0.0,0.0
2020-03-25 00:00:00+08:00,0.363411116012127,0.36773768067359924,0.35043230305928225,0.36773768067359924,18035635,0.0,0.0
2020-03-26 00:00:00+08:00,0.3677377021954784,0.3677377021954784,0.3504323235683626,0.3547588884830475,10183324,0.0,0.0
2020-03-27 00:00:00+08:00,0.363411116012127,0.37206424533507154,0.3590845513506547,0.36773768067359924,16198519,0.0,0.0
2020-03-30 00:00:00+08:00,0.35475886299374715,0.3634111111698322,0.35043229838992446,0.3590845465660095,7654752,0.0,0.0
2020-03-31 00:00:00+08:00,0.363411116012127,0.37206424533507154,0.3590845513506547,0.36773768067359924,6768952,0.0,0.0
2020-04-01 00:00:00+08:00,0.3634110887033106,0.3634110887033106,0.35043227672576904,0.35043227672576904,11601809,0.0,0.0
2020-04-02 00:00:00+08:00,0.35043229838992446,0.3590845465660095,0.3417791691822791,0.3590845465660095,13227097,0.0,0.0
2020-04-03 00:00:00+08:00,0.3590845679274573,0.3677376976498654,0.3417791895142537,0.34610575437545776,19705138,0.0,0.0
2020-04-06 00:00:00+08:00,0.35043229838992446,0.3634111111698322,0.34610573378610177,0.3590845465660095,6040818,0.0,0.0
2020-04-07 00:00:00+08:00,0.3634110889307411,0.3893687129020691,0.35908452459168433,0.3893687129020691,16600269,0.0,0.0
2020-04-08 00:00:00+08:00,0.3807165026664734,0.385043067430679,0.3677376894054496,0.3807165026664734,10064849,0.0,0.0
2020-04-09 00:00:00+08:00,0.3893687182135066,0.4110006591723688,0.3850430348469489,0.3980218470096588,22564114,0.0,0.0
2020-04-13 00:00:00+08:00,0.3980218470096588,0.4023484114077349,0.3936952826115827,0.3980218470096588,8561050,0.0,0.0
2020-04-14 00:00:00+08:00,0.40234843324852926,0.41100068148283553,0.40234843324852926,0.4066741168498993,8800412,0.0,0.0
2020-04-15 00:00:00+08:00,0.4110007075500007,0.4153272724573435,0.39802189385959447,0.40234845876693726,15505756,0.0,0.0
2020-04-16 00:00:00+08:00,0.39802189385959447,0.4066741426426579,0.39802189385959447,0.40234845876693726,5998111,0.0,0.0
2020-04-17 00:00:00+08:00,0.4066741168498993,0.41100068148283553,0.40234843324852926,0.4066741168498993,7441115,0.0,0.0
2020-04-20 00:00:00+08:00,0.40667413398957186,0.4153272636201389,0.40234845020589177,0.41100069880485535,6864416,0.0,0.0
2020-04-21 00:00:00+08:00,0.4110006862741154,0.4196537897281692,0.40667412159074184,0.415327250957489,12206142,0.0,0.0
2020-04-22 00:00:00+08:00,0.41532726420147753,0.42397951281255175,0.41100069938013806,0.4196538031101227,12753800,0.0,0.0
2020-04-23 00:00:00+08:00,0.4196537815155705,0.4239794909954071,0.4153272428295604,0.4239794909954071,11190814,0.0,0.0
2020-04-24 00:00:00+08:00,0.42397951281255175,0.42397951281255175,0.41532726420147753,0.4196538031101227,6306508,0.0,0.0
2020-04-27 00:00:00+08:00,0.4278988838195801,0.4278988838195801,0.42348733993247406,0.4278988838195801,4381867,0.0093,0.0
2020-04-28 00:00:00+08:00,0.42789887928384024,0.42789887928384024,0.41466419491919065,0.4234873354434967,18173102,0.0,0.0
2020-04-29 00:00:00+08:00,0.42348733993247406,0.432309582208774,0.42348733993247406,0.4278988838195801,4838684,0.0,0.0
2020-04-30 00:00:00+08:00,0.43230954636129304,0.4411326598256946,0.427898848337838,0.4367211163043976,19792060,0.0,0.0
2020-05-04 00:00:00+08:00,0.432309582208774,0.432309582208774,0.42348733993247406,0.4278988838195801,26256741,0.0,0.0
2020-05-05 00:00:00+08:00,0.4323095679283142,0.4323095679283142,0.4278988696848186,0.4323095679283142,3937912,0.0,0.0
2020-05-06 00:00:00+08:00,0.4323095679283142,0.4367211380915028,0.4278988696848186,0.4323095679283142,4297055,0.0,0.0
2020-05-08 00:00:00+08:00,0.4323095679283142,0.4367211380915028,0.4323095679283142,0.4323095679283142,4688555,0.0,0.0
2020-05-11 00:00:00+08:00,0.4367211506149182,0.4455433664309705,0.4367211506149182,0.44113269448280334,16993276,0.0,0.0
2020-05-12 00:00:00+08:00,0.4411326598256946,0.44554333142734215,0.4367211163043976,0.4367211163043976,7323343,0.0,0.0
2020-05-13 00:00:00+08:00,0.44113269448280334,0.4455433664309705,0.4367211506149182,0.44113269448280334,8792876,0.0,0.0
2020-05-14 00:00:00+08:00,0.4411326770156931,0.4499549453260377,0.43672113332248763,0.4455433487892151,18344233,0.0,0.0
2020-05-15 00:00:00+08:00,0.4455433664309705,0.4499549631424749,0.4367211506149182,0.44113269448280334,9272202,0.0,0.0
2020-05-18 00:00:00+08:00,0.4455433601209185,0.44995495676994324,0.4455433601209185,0.44995495676994324,5744581,0.0,0.0
2020-05-19 00:00:00+08:00,0.44995495676994324,0.4543665005753495,0.4455433601209185,0.44995495676994324,8451117,0.0,0.0
2020-05-20 00:00:00+08:00,0.4499549612962427,0.4543665051460266,0.44554336460283966,0.4543665051460266,5341223,0.0,0.0
2020-05-21 00:00:00+08:00,0.4543665005753495,0.4543665005753495,0.44995495676994324,0.44995495676994324,2035579,0.0,0.0
2020-05-22 00:00:00+08:00,0.44995495676994324,0.44995495676994324,0.44113268823521795,0.44995495676994324,7872509,0.0,0.0
2020-05-26 00:00:00+08:00,0.44995495676994324,0.4543665005753495,0.44995495676994324,0.44995495676994324,2512594,0.0,0.0
2020-05-27 00:00:00+08:00,0.4543665005753495,0.4543665005753495,0.44995495676994324,0.44995495676994324,5421211,0.0,0.0
2020-05-28 00:00:00+08:00,0.4499549612962427,0.4543665051460266,0.4499549612962427,0.4543665051460266,5606410,0.0,0.0
2020-05-29 00:00:00+08:00,0.4499549671081218,0.47201189398765564,0.4499549671081218,0.47201189398765564,23365118,0.0,0.0
2020-06-01 00:00:00+08:00,0.4676003500808896,0.47201189398765564,0.4587781077652735,0.47201189398765564,12165344,0.0,0.0
2020-06-02 00:00:00+08:00,0.47201189398765564,0.47201189398765564,0.4676003500808896,0.47201189398765564,6132262,0.0,0.0
2020-06-03 00:00:00+08:00,0.47201189398765564,0.47642349073804136,0.4676003500808896,0.47201189398765564,9957830,0.0,0.0
2020-06-04 00:00:00+08:00,0.47201189398765564,0.47642349073804136,0.4676003500808896,0.47201189398765564,4608768,0.0,0.0
2020-06-05 00:00:00+08:00,0.4720119195596632,0.4720119195596632,0.46760037541389465,0.46760037541389465,3607207,0.0,0.0
2020-06-08 00:00:00+08:00,0.4720119051140071,0.4764235019683838,0.46760036110325137,0.4764235019683838,9107201,0.0,0.0
2020-06-09 00:00:00+08:00,0.4720119051140071,0.48524574449195945,0.4720119051140071,0.4764235019683838,23426299,0.0,0.0
2020-06-10 00:00:00+08:00,0.4764234809974197,0.48083412647247314,0.4764234809974197,0.48083412647247314,6544262,0.0,0.0
2020-06-11 00:00:00+08:00,0.4764235019683838,0.4764235019683838,0.4720119051140071,0.4764235019683838,11648736,0.0,0.0
2020-06-12 00:00:00+08:00,0.46760033423169994,0.46760033423169994,0.45877809221511134,0.4631887376308441,18922439,0.0,0.0
2020-06-15 00:00:00+08:00,0.46318877842450357,0.4720119195596632,0.46318877842450357,0.46760037541389465,6136784,0.0,0.0
2020-06-16 00:00:00+08:00,0.46760037541389465,0.4720119195596632,0.46760037541389465,0.46760037541389465,4345792,0.0,0.0
2020-06-17 00:00:00+08:00,0.4720119195596632,0.4764235165490543,0.46760037541389465,0.46760037541389465,11826901,0.0,0.0
2020-06-18 00:00:00+08:00,0.4676003500808896,0.47642349073804136,0.4676003500808896,0.47201189398765564,9612654,0.0,0.0
2020-06-19 00:00:00+08:00,0.47201189398765564,0.47201189398765564,0.4676003500808896,0.47201189398765564,6916770,0.0,0.0
2020-06-22 00:00:00+08:00,0.47201189398765564,0.47642349073804136,0.4676003500808896,0.47201189398765564,13036170,0.0,0.0
2020-06-23 00:00:00+08:00,0.4764235019683838,0.4764235019683838,0.46760036110325137,0.4764235019683838,1741552,0.0,0.0
2020-06-24 00:00:00+08:00,0.4720119051140071,0.4764235019683838,0.46760036110325137,0.4764235019683838,3764269,0.0,0.0
2020-06-25 00:00:00+08:00,0.4764235165490543,0.4764235165490543,0.46760037541389465,0.46760037541389465,5002479,0.0,0.0
2020-06-26 00:00:00+08:00,0.4676003500808896,0.47642349073804136,0.4676003500808896,0.47201189398765564,3583592,0.0,0.0
2020-06-29 00:00:00+08:00,0.4720119051140071,0.4764235019683838,0.46760036110325137,0.4764235019683838,10143028,0.0,0.0
2020-06-30 00:00:00+08:00,0.4720119051140071,0.4764235019683838,0.4720119051140071,0.4764235019683838,8531105,0.0,0.0
2020-07-01 00:00:00+08:00,0.47642349073804136,0.48083413630327176,0.47201189398765564,0.47201189398765564,3235302,0.0,0.0
2020-07-02 00:00:00+08:00,0.47201189398765564,0.48083413630327176,0.47201189398765564,0.47201189398765564,4447485,0.0,0.0
2020-07-03 00:00:00+08:00,0.47642349073804136,0.47642349073804136,0.4676003500808896,0.47201189398765564,8057004,0.0,0.0
2020-07-06 00:00:00+08:00,0.4720119195596632,0.4720119195596632,0.46760037541389465,0.46760037541389465,6507081,0.0,0.0
2020-07-07 00:00:00+08:00,0.47201189398765564,0.47642349073804136,0.4676003500808896,0.47201189398765564,8874371,0.0,0.0
2020-07-08 00:00:00+08:00,0.4720119051140071,0.4764235019683838,0.46760036110325137,0.4764235019683838,4389504,0.0,0.0
2020-07-09 00:00:00+08:00,0.47642349073804136,0.48083413630327176,0.47201189398765564,0.47201189398765564,9514980,0.0,0.0
2020-07-13 00:00:00+08:00,0.47642349073804136,0.47642349073804136,0.47201189398765564,0.47201189398765564,7819953,0.0,0.0
2020-07-14 00:00:00+08:00,0.47642349073804136,0.47642349073804136,0.4676003500808896,0.47201189398765564,6743363,0.0,0.0
2020-07-15 00:00:00+08:00,0.4720119195596632,0.4764235165490543,0.46318877842450357,0.46760037541389465,19800702,0.0,0.0
2020-07-16 00:00:00+08:00,0.46760037541389465,0.4764235165490543,0.46760037541389465,0.46760037541389465,11279243,0.0,0.0
2020-07-17 00:00:00+08:00,0.4720119051140071,0.4764235019683838,0.46760036110325137,0.4764235019683838,8109258,0.0,0.0
2020-07-20 00:00:00+08:00,0.4764235019683838,0.4764235019683838,0.46760036110325137,0.4764235019683838,7356203,0.0,0.0
2020-07-21 00:00:00+08:00,0.4720119051140071,0.4764235019683838,0.4720119051140071,0.4764235019683838,2033067,0.0,0.0
2020-07-22 00:00:00+08:00,0.47642349073804136,0.48083413630327176,0.47201189398765564,0.47201189398765564,9959739,0.0,0.0
2020-07-23 00:00:00+08:00,0.4764234809974197,0.48083412647247314,0.4764234809974197,0.48083412647247314,11570456,0.0,0.0
2020-07-24 00:00:00+08:00,0.48083412647247314,0.48524572313266245,0.4764234809974197,0.48083412647247314,7514069,0.0,0.0
2020-07-27 00:00:00+08:00,0.48083413769009165,0.4852457344532013,0.48083413769009165,0.4852457344532013,6069558,0.0,0.0
2020-07-28 00:00:00+08:00,0.4852457344532013,0.489657278372691,0.48083413769009165,0.4852457344532013,15500531,0.0,0.0
2020-07-29 00:00:00+08:00,0.48914548365982,0.49363333604644527,0.4846585988998413,0.4846585988998413,10022544,0.0093,0.0
2020-07-30 00:00:00+08:00,0.4846585732223375,0.4891454577445984,0.4801707210734814,0.4891454577445984,7801665,0.0,0.0
2020-08-03 00:00:00+08:00,0.4891454577445984,0.4891454577445984,0.4801707210734814,0.4891454577445984,6885317,0.0,0.0
2020-08-04 00:00:00+08:00,0.4846585732223375,0.4891454577445984,0.4801707210734814,0.4891454577445984,3844157,0.0,0.0
2020-08-05 00:00:00+08:00,0.48914548365982,0.48914548365982,0.4846585988998413,0.4846585988998413,3424018,0.0,0.0
2020-08-06 00:00:00+08:00,0.48465857897827813,0.48465857897827813,0.4756829283310016,0.48017072677612305,12577846,0.0,0.0
2020-08-07 00:00:00+08:00,0.4846585988998413,0.4846585988998413,0.4756829478836268,0.4846585988998413,1855606,0.0,0.0
2020-08-11 00:00:00+08:00,0.4801707465132161,0.48914548365982,0.4756829478836268,0.4846585988998413,13060790,0.0,0.0
2020-08-12 00:00:00+08:00,0.4801707465132161,0.4846585988998413,0.4756829478836268,0.4846585988998413,2025329,0.0,0.0
2020-08-13 00:00:00+08:00,0.4801707465132161,0.4846585988998413,0.4801707465132161,0.4846585988998413,1979507,0.0,0.0
2020-08-14 00:00:00+08:00,0.4846585988998413,0.48914548365982,0.4801707465132161,0.4846585988998413,5478992,0.0,0.0
2020-08-17 00:00:00+08:00,0.4846585988998413,0.48914548365982,0.4801707465132161,0.4846585988998413,1965439,0.0,0.0
2020-08-18 00:00:00+08:00,0.4891454577445984,0.4891454577445984,0.4801707210734814,0.4891454577445984,3423013,0.0,0.0
2020-08-19 00:00:00+08:00,0.4891454577445984,0.4891454577445984,0.4846585732223375,0.4891454577445984,5316101,0.0,0.0
2020-08-20 00:00:00+08:00,0.48914548365982,0.48914548365982,0.4846585988998413,0.4846585988998413,1753812,0.0,0.0
2020-08-21 00:00:00+08:00,0.4891454577445984,0.4891454577445984,0.4846585732223375,0.4891454577445984,3010511,0.0,0.0
2020-08-24 00:00:00+08:00,0.4891454577445984,0.4936333098934545,0.4846585732223375,0.4891454577445984,4221589,0.0,0.0
2020-08-25 00:00:00+08:00,0.4891454577445984,0.4936333098934545,0.4846585732223375,0.4891454577445984,2705229,0.0,0.0
2020-08-26 00:00:00+08:00,0.4891454577445984,0.4936333098934545,0.4846585732223375,0.4891454577445984,3698952,0.0,0.0
2020-08-27 00:00:00+08:00,0.4891454577445984,0.4891454577445984,0.4846585732223375,0.4891454577445984,2484558,0.0,0.0
2020-08-28 00:00:00+08:00,0.4891454775378597,0.49363332986831665,0.4891454775378597,0.49363332986831665,2305389,0.0,0.0
2020-08-31 00:00:00+08:00,0.4891454577445984,0.4936333098934545,0.4891454577445984,0.4891454577445984,1957902,0.0,0.0
2020-09-01 00:00:00+08:00,0.4891454577445984,0.4936333098934545,0.4891454577445984,0.4891454577445984,1346836,0.0,0.0
2020-09-02 00:00:00+08:00,0.4891454775378597,0.49363332986831665,0.4846585928340371,0.49363332986831665,4665041,0.0,0.0
2020-09-03 00:00:00+08:00,0.4891454775378597,0.49363332986831665,0.4891454775378597,0.49363332986831665,1312369,0.0,0.0
2020-09-04 00:00:00+08:00,0.4891454775378597,0.49812112844173834,0.4891454775378597,0.49363332986831665,18367647,0.0,0.0
2020-09-07 00:00:00+08:00,0.49363332986831665,0.49812112844173834,0.4891454775378597,0.49363332986831665,3524908,0.0,0.0
2020-09-08 00:00:00+08:00,0.49812112844173834,0.49812112844173834,0.4891454775378597,0.49363332986831665,3125871,0.0,0.0
2020-09-09 00:00:00+08:00,0.4936333098934545,0.49812110828527756,0.4891454577445984,0.4891454577445984,4856973,0.0,0.0
2020-09-10 00:00:00+08:00,0.49812110828527756,0.49812110828527756,0.4891454577445984,0.4891454577445984,3847875,0.0,0.0
2020-09-11 00:00:00+08:00,0.4936333098934545,0.4936333098934545,0.4891454577445984,0.4891454577445984,1420192,0.0,0.0
2020-09-14 00:00:00+08:00,0.4891454775378597,0.49812112844173834,0.4891454775378597,0.49363332986831665,5007302,0.0,0.0
2020-09-15 00:00:00+08:00,0.49363331415450595,0.49812111258506775,0.49363331415450595,0.49812111258506775,4819290,0.0,0.0
2020-09-16 00:00:00+08:00,0.49812111258506775,0.49812111258506775,0.49363331415450595,0.49812111258506775,3155917,0.0,0.0
2020-09-17 00:00:00+08:00,0.49812111258506775,0.5026089110156295,0.49363331415450595,0.49812111258506775,4526167,0.0,0.0
2020-09-18 00:00:00+08:00,0.4936333098934545,0.49812110828527756,0.4891454577445984,0.4891454577445984,23007767,0.0,0.0
2020-09-21 00:00:00+08:00,0.4936333098934545,0.4936333098934545,0.4891454577445984,0.4891454577445984,1302119,0.0,0.0
2020-09-22 00:00:00+08:00,0.4936333098934545,0.4936333098934545,0.4891454577445984,0.4891454577445984,1474255,0.0,0.0
2020-09-23 00:00:00+08:00,0.49363332986831665,0.49363332986831665,0.4891454775378597,0.49363332986831665,1515957,0.0,0.0
2020-09-24 00:00:00+08:00,0.4936333098934545,0.4936333098934545,0.4891454577445984,0.4891454577445984,1051804,0.0,0.0
2020-09-25 00:00:00+08:00,0.4891454577445984,0.4936333098934545,0.4891454577445984,0.4891454577445984,6616111,0.0,0.0
2020-09-28 00:00:00+08:00,0.4936333098934545,0.4936333098934545,0.4891454577445984,0.4891454577445984,3078541,0.0,0.0
2020-09-29 00:00:00+08:00,0.49363332986831665,0.49812112844173834,0.49363332986831665,0.49363332986831665,6105935,0.0,0.0
2020-09-30 00:00:00+08:00,0.4936333098934545,0.49812110828527756,0.4891454577445984,0.4891454577445984,6609077,0.0,0.0
2020-10-01 00:00:00+08:00,0.49363332986831665,0.49812112844173834,0.4891454775378597,0.49363332986831665,5063977,0.0,0.0
2020-10-02 00:00:00+08:00,0.49363332986831665,0.49812112844173834,0.4891454775378597,0.49363332986831665,3520486,0.0,0.0
2020-10-05 00:00:00+08:00,0.4936333098934545,0.49812110828527756,0.4891454577445984,0.4891454577445984,5762166,0.0,0.0
2020-10-06 00:00:00+08:00,0.49363332986831665,0.49812112844173834,0.4891454775378597,0.49363332986831665,2091249,0.0,0.0
2020-10-07 00:00:00+08:00,0.49363332986831665,0.49812112844173834,0.4891454775378597,0.49363332986831665,3967154,0.0,0.0
2020-10-08 00:00:00+08:00,0.49812112844173834,0.49812112844173834,0.4891454775378597,0.49363332986831665,4658710,0.0,0.0
2020-10-09 00:00:00+08:00,0.49363332986831665,0.49812112844173834,0.49363332986831665,0.49363332986831665,4052669,0.0,0.0
2020-10-12 00:00:00+08:00,0.49363332986831665,0.49812112844173834,0.4891454775378597,0.49363332986831665,3271176,0.0,0.0
2020-10-13 00:00:00+08:00,0.49812112844173834,0.49812112844173834,0.49363332986831665,0.49363332986831665,725822,0.0,0.0
2020-10-14 00:00:00+08:00,0.49812112844173834,0.49812112844173834,0.49363332986831665,0.49363332986831665,1491036,0.0,0.0
2020-10-15 00:00:00+08:00,0.49812111258506775,0.49812111258506775,0.49363331415450595,0.49812111258506775,2526160,0.0,0.0
2020-10-16 00:00:00+08:00,0.49363331415450595,0.49812111258506775,0.49363331415450595,0.49812111258506775,1888063,0.0,0.0
2020-10-19 00:00:00+08:00,0.49812111258506775,0.5026089110156295,0.49363331415450595,0.49812111258506775,8819203,0.0,0.0
2020-10-20 00:00:00+08:00,0.49812112844173834,0.50260892701516,0.49363332986831665,0.49363332986831665,7525324,0.0,0.0
2020-10-21 00:00:00+08:00,0.49812111258506775,0.5026089110156295,0.49363331415450595,0.49812111258506775,5754629,0.0,0.0
2020-10-22 00:00:00+08:00,0.4936333098934545,0.49812110828527756,0.4891454577445984,0.4891454577445984,17086931,0.0,0.0
2020-10-23 00:00:00+08:00,0.49363331415450595,0.49812111258506775,0.49363331415450595,0.49812111258506775,2301771,0.0,0.0
2020-10-26 00:00:00+08:00,0.49812111258506775,0.49812111258506775,0.49363331415450595,0.49812111258506775,3720155,0.0,0.0
2020-10-27 00:00:00+08:00,0.49812112844173834,0.49812112844173834,0.4891454775378597,0.49363332986831665,4439748,0.0,0.0
2020-10-28 00:00:00+08:00,0.4936333098934545,0.49812110828527756,0.4891454577445984,0.4891454577445984,6040115,0.0,0.0
2020-10-29 00:00:00+08:00,0.4936333098934545,0.4936333098934545,0.4891454577445984,0.4891454577445984,3072914,0.0,0.0
2020-10-30 00:00:00+08:00,0.4891454577445984,0.4936333098934545,0.4891454577445984,0.4891454577445984,7042380,0.0,0.0
2020-11-02 00:00:00+08:00,0.49363332986831665,0.49363332986831665,0.4891454775378597,0.49363332986831665,3365534,0.0,0.0
2020-11-03 00:00:00+08:00,0.4936333098934545,0.4936333098934545,0.4891454577445984,0.4891454577445984,7275511,0.0,0.0
2020-11-04 00:00:00+08:00,0.49363331415450595,0.49812111258506775,0.4891454619669106,0.49812111258506775,11868001,0.0,0.0
2020-11-05 00:00:00+08:00,0.49812111258506775,0.5026089110156295,0.4891454619669106,0.49812111258506775,26040386,0.0,0.0
2020-11-06 00:00:00+08:00,0.49812112844173834,0.49812112844173834,0.4891454775378597,0.49363332986831665,9483126,0.0,0.0
2020-11-09 00:00:00+08:00,0.49363332986831665,0.50260892701516,0.4891454775378597,0.49363332986831665,9807902,0.0,0.0
2020-11-10 00:00:00+08:00,0.4936333098934545,0.4936333098934545,0.4891454577445984,0.4891454577445984,5953997,0.0,0.0
2020-11-11 00:00:00+08:00,0.49363332986831665,0.49363332986831665,0.4891454775378597,0.49363332986831665,514396,0.0,0.0
2020-11-12 00:00:00+08:00,0.4891454577445984,0.4936333098934545,0.4891454577445984,0.4891454577445984,8080217,0.0,0.0
2020-11-13 00:00:00+08:00,0.4936333098934545,0.49812110828527756,0.4891454577445984,0.4891454577445984,4742618,0.0,0.0
2020-11-16 00:00:00+08:00,0.4936333098934545,0.4936333098934545,0.4891454577445984,0.4891454577445984,2929015,0.0,0.0
2020-11-17 00:00:00+08:00,0.4891454775378597,0.49363332986831665,0.4891454775378597,0.49363332986831665,3101955,0.0,0.0
2020-11-18 00:00:00+08:00,0.4891454577445984,0.4936333098934545,0.4891454577445984,0.4891454577445984,1033315,0.0,0.0
2020-11-19 00:00:00+08:00,0.4936333098934545,0.4936333098934545,0.4891454577445984,0.4891454577445984,2394220,0.0,0.0
2020-11-20 00:00:00+08:00,0.4891454577445984,0.4936333098934545,0.4891454577445984,0.4891454577445984,1221830,0.0,0.0
2020-11-23 00:00:00+08:00,0.4936333098934545,0.4936333098934545,0.4891454577445984,0.4891454577445984,2371711,0.0,0.0
2020-11-24 00:00:00+08:00,0.49363332986831665,0.49812112844173834,0.49363332986831665,0.49363332986831665,3707996,0.0,0.0
2020-11-25 00:00:00+08:00,0.49812109701156576,0.5115836855268472,0.49363329872131273,0.5026088953018188,23080621,0.0,0.0
2020-11-26 00:00:00+08:00,0.49812109701156576,0.5070958334795622,0.49812109701156576,0.5026088953018188,4713175,0.0,0.0
2020-11-27 00:00:00+08:00,0.5026089110156295,0.5026089110156295,0.49812111258506775,0.49812111258506775,2702617,0.0,0.0
2020-11-30 00:00:00+08:00,0.50260892701516,0.50260892701516,0.49363332986831665,0.49363332986831665,6261289,0.0,0.0
2020-12-01 00:00:00+08:00,0.49812112844173834,0.50260892701516,0.49363332986831665,0.49363332986831665,5006800,0.0,0.0
2020-12-02 00:00:00+08:00,0.49812111258506775,0.49812111258506775,0.49363331415450595,0.49812111258506775,1909166,0.0,0.0
2020-12-03 00:00:00+08:00,0.49363332986831665,0.49812112844173834,0.49363332986831665,0.49363332986831665,1797423,0.0,0.0
2020-12-04 00:00:00+08:00,0.49363332986831665,0.49812112844173834,0.4891454775378597,0.49363332986831665,11498809,0.0,0.0
2020-12-07 00:00:00+08:00,0.49363332986831665,0.49812112844173834,0.4891454775378597,0.49363332986831665,5565813,0.0,0.0
2020-12-08 00:00:00+08:00,0.49812112844173834,0.49812112844173834,0.49363332986831665,0.49363332986831665,3111501,0.0,0.0
2020-12-09 00:00:00+08:00,0.49812111258506775,0.49812111258506775,0.49363331415450595,0.49812111258506775,2131846,0.0,0.0
2020-12-10 00:00:00+08:00,0.49363332986831665,0.49812112844173834,0.49363332986831665,0.49363332986831665,2306293,0.0,0.0
2020-12-11 00:00:00+08:00,0.49812111258506775,0.5026089110156295,0.49363331415450595,0.49812111258506775,4468487,0.0,0.0
2020-12-14 00:00:00+08:00,0.5026088953018188,0.5026088953018188,0.49363329872131273,0.5026088953018188,3727893,0.0,0.0
2020-12-15 00:00:00+08:00,0.5026088953018188,0.5026088953018188,0.49363329872131273,0.5026088953018188,3123258,0.0,0.0
2020-12-16 00:00:00+08:00,0.49812111258506775,0.5026089110156295,0.49812111258506775,0.49812111258506775,2287100,0.0,0.0
2020-12-17 00:00:00+08:00,0.5026089110156295,0.5026089110156295,0.49363331415450595,0.49812111258506775,6929733,0.0,0.0
2020-12-18 00:00:00+08:00,0.5026088953018188,0.5026088953018188,0.49812109701156576,0.5026088953018188,5388050,0.0,0.0
2020-12-21 00:00:00+08:00,0.49812111258506775,0.5026089110156295,0.49812111258506775,0.49812111258506775,3148079,0.0,0.0
2020-12-22 00:00:00+08:00,0.49812112844173834,0.50260892701516,0.4891454775378597,0.49363332986831665,16439187,0.0,0.0
2020-12-23 00:00:00+08:00,0.49363332986831665,0.49363332986831665,0.4891454775378597,0.49363332986831665,1568311,0.0,0.0
2020-12-24 00:00:00+08:00,0.4936333098934545,0.4936333098934545,0.4891454577445984,0.4891454577445984,759787,0.0,0.0
2020-12-28 00:00:00+08:00,0.4891454775378597,0.49363332986831665,0.4846585928340371,0.49363332986831665,28779380,0.0,0.0
2020-12-29 00:00:00+08:00,0.4936333098934545,0.4936333098934545,0.4846585732223375,0.4891454577445984,9159756,0.0,0.0
2020-12-30 00:00:00+08:00,0.4891454577445984,0.4891454577445984,0.4801707210734814,0.4891454577445984,11797157,0.0,0.0
2020-12-31 00:00:00+08:00,0.4891454577445984,0.4891454577445984,0.4846585732223375,0.4891454577445984,1588007,0.0,0.0
2021-01-04 00:00:00+08:00,0.4846585732223375,0.4891454577445984,0.4846585732223375,0.4891454577445984,5308565,0.0,0.0
2021-01-05 00:00:00+08:00,0.4891454577445984,0.4891454577445984,0.4846585732223375,0.4891454577445984,4970725,0.0,0.0
2021-01-06 00:00:00+08:00,0.4891454577445984,0.4936333098934545,0.4846585732223375,0.4891454577445984,4901690,0.0,0.0
2021-01-07 00:00:00+08:00,0.4891454577445984,0.4936333098934545,0.4846585732223375,0.4891454577445984,4116981,0.0,0.0
2021-01-08 00:00:00+08:00,0.48914548365982,0.48914548365982,0.4846585988998413,0.4846585988998413,2307398,0.0,0.0
2021-01-11 00:00:00+08:00,0.4846585988998413,0.48914548365982,0.4801707465132161,0.4846585988998413,15977948,0.0,0.0
2021-01-12 00:00:00+08:00,0.48465857897827813,0.48465857897827813,0.48017072677612305,0.48017072677612305,3456877,0.0,0.0
2021-01-13 00:00:00+08:00,0.4846585988998413,0.4846585988998413,0.4801707465132161,0.4846585988998413,6349718,0.0,0.0
2021-01-14 00:00:00+08:00,0.48465857897827813,0.48465857897827813,0.48017072677612305,0.48017072677612305,3627907,0.0,0.0
2021-01-15 00:00:00+08:00,0.4801707465132161,0.48914548365982,0.4801707465132161,0.4846585988998413,18584097,0.0,0.0
2021-01-18 00:00:00+08:00,0.48914548365982,0.48914548365982,0.4801707465132161,0.4846585988998413,9417708,0.0,0.0
2021-01-19 00:00:00+08:00,0.4846585988998413,0.48914548365982,0.4846585988998413,0.4846585988998413,2096877,0.0,0.0
2021-01-20 00:00:00+08:00,0.48914548365982,0.48914548365982,0.4846585988998413,0.4846585988998413,4014584,0.0,0.0
2021-01-21 00:00:00+08:00,0.48914548365982,0.48914548365982,0.4846585988998413,0.4846585988998413,2091350,0.0,0.0
2021-01-22 00:00:00+08:00,0.48914548365982,0.48914548365982,0.4846585988998413,0.4846585988998413,4216565,0.0,0.0
2021-01-25 00:00:00+08:00,0.4846585988998413,0.48914548365982,0.4801707465132161,0.4846585988998413,4002325,0.0,0.0
2021-01-26 00:00:00+08:00,0.4891454577445984,0.4891454577445984,0.4846585732223375,0.4891454577445984,2965191,0.0,0.0
2021-01-27 00:00:00+08:00,0.4891454577445984,0.4891454577445984,0.4846585732223375,0.4891454577445984,2651770,0.0,0.0
2021-01-28 00:00:00+08:00,0.4891454577445984,0.4936333098934545,0.4846585732223375,0.4891454577445984,17336241,0.0,0.0
2021-01-29 00:00:00+08:00,0.49363331415450595,0.49812111258506775,0.4891454619669106,0.49812111258506775,17666644,0.0,0.0
2021-02-01 00:00:00+08:00,0.49812111258506775,0.49812111258506775,0.49363331415450595,0.49812111258506775,3706288,0.0,0.0
2021-02-02 00:00:00+08:00,0.49812111258506775,0.5026089110156295,0.49363331415450595,0.49812111258506775,11723901,0.0,0.0
2021-02-03 00:00:00+08:00,0.501549243927002,0.506192499332071,0.496904987172913,0.501549243927002,9718066,0.0186,0.0
2021-02-04 00:00:00+08:00,0.501549243927002,0.501549243927002,0.496904987172913,0.501549243927002,3366539,0.0,0.0
2021-02-05 00:00:00+08:00,0.496904987172913,0.506192499332071,0.496904987172913,0.501549243927002,3411859,0.0,0.0
2021-02-08 00:00:00+08:00,0.5015492258016444,0.5015492258016444,0.49690496921539307,0.49690496921539307,1995987,0.0,0.0
2021-02-09 00:00:00+08:00,0.496904987172913,0.506192499332071,0.496904987172913,0.501549243927002,7257222,0.0,0.0
2021-02-10 00:00:00+08:00,0.496904987172913,0.506192499332071,0.496904987172913,0.501549243927002,6463068,0.0,0.0
2021-02-11 00:00:00+08:00,0.5015492498992902,0.510836762169041,0.5015492498992902,0.5061925053596497,12112487,0.0,0.0
2021-02-15 00:00:00+08:00,0.506192499332071,0.51083675608616,0.501549243927002,0.501549243927002,6275658,0.0,0.0
2021-02-16 00:00:00+08:00,0.5061924640363589,0.5108367204666138,0.5061924640363589,0.5108367204666138,1500784,0.0,0.0
2021-02-17 00:00:00+08:00,0.510836762169041,0.510836762169041,0.5015492498992902,0.5061925053596497,14767172,0.0,0.0
2021-02-18 00:00:00+08:00,0.5061925053596497,0.510836762169041,0.5015492498992902,0.5061925053596497,6854769,0.0,0.0
2021-02-19 00:00:00+08:00,0.5061925053596497,0.510836762169041,0.5061925053596497,0.5061925053596497,6514317,0.0,0.0
2021-02-22 00:00:00+08:00,0.5061924640363589,0.5108367204666138,0.5061924640363589,0.5108367204666138,2422859,0.0,0.0
2021-02-23 00:00:00+08:00,0.5061925053596497,0.510836762169041,0.5015492498992902,0.5061925053596497,7805684,0.0,0.0
2021-02-24 00:00:00+08:00,0.510836762169041,0.510836762169041,0.5015492498992902,0.5061925053596497,11630247,0.0,0.0
2021-02-25 00:00:00+08:00,0.5108367204666138,0.5108367204666138,0.5061924640363589,0.5108367204666138,4890234,0.0,0.0
2021-02-26 00:00:00+08:00,0.5061925053596497,0.510836762169041,0.5061925053596497,0.5061925053596497,6733179,0.0,0.0
2021-03-01 00:00:00+08:00,0.5061924640363589,0.5108367204666138,0.5061924640363589,0.5108367204666138,1841839,0.0,0.0
2021-03-02 00:00:00+08:00,0.510836762169041,0.510836762169041,0.5061925053596497,0.5061925053596497,4958063,0.0,0.0
2021-03-03 00:00:00+08:00,0.5061924640363589,0.5108367204666138,0.5061924640363589,0.5108367204666138,1417781,0.0,0.0
2021-03-04 00:00:00+08:00,0.5061925053596497,0.510836762169041,0.5061925053596497,0.5061925053596497,3165564,0.0,0.0
2021-03-05 00:00:00+08:00,0.5061924640363589,0.5108367204666138,0.5061924640363589,0.5108367204666138,4052167,0.0,0.0
2021-03-08 00:00:00+08:00,0.5061924640363589,0.5108367204666138,0.5061924640363589,0.5108367204666138,8254764,0.0,0.0
2021-03-09 00:00:00+08:00,0.5061924640363589,0.5108367204666138,0.501549208955054,0.5108367204666138,5560688,0.0,0.0
2021-03-10 00:00:00+08:00,0.5108367204666138,0.5108367204666138,0.5061924640363589,0.5108367204666138,949910,0.0,0.0
2021-03-11 00:00:00+08:00,0.506192499332071,0.51083675608616,0.496904987172913,0.501549243927002,27715014,0.0,0.0
2021-03-12 00:00:00+08:00,0.501549243927002,0.506192499332071,0.501549243927002,0.501549243927002,7801363,0.0,0.0
2021-03-15 00:00:00+08:00,0.501549243927002,0.506192499332071,0.496904987172913,0.501549243927002,12509615,0.0,0.0
2021-03-16 00:00:00+08:00,0.501549243927002,0.506192499332071,0.496904987172913,0.501549243927002,8796996,0.0,0.0
2021-03-17 00:00:00+08:00,0.501549243927002,0.501549243927002,0.496904987172913,0.501549243927002,4393724,0.0,0.0
2021-03-18 00:00:00+08:00,0.501549243927002,0.506192499332071,0.496904987172913,0.501549243927002,7492263,0.0,0.0
2021-03-19 00:00:00+08:00,0.501549243927002,0.501549243927002,0.496904987172913,0.501549243927002,7915015,0.0,0.0
2021-03-22 00:00:00+08:00,0.501549243927002,0.506192499332071,0.496904987172913,0.501549243927002,3556159,0.0,0.0
2021-03-23 00:00:00+08:00,0.5015492258016444,0.5015492258016444,0.49690496921539307,0.49690496921539307,9053842,0.0,0.0
2021-03-24 00:00:00+08:00,0.496904987172913,0.501549243927002,0.496904987172913,0.501549243927002,1476064,0.0,0.0
2021-03-25 00:00:00+08:00,0.501549243927002,0.501549243927002,0.496904987172913,0.501549243927002,2642223,0.0,0.0
2021-03-26 00:00:00+08:00,0.5015492498992902,0.5061925053596497,0.4969049930898989,0.5061925053596497,8365200,0.0,0.0
2021-03-29 00:00:00+08:00,0.501549243927002,0.506192499332071,0.501549243927002,0.501549243927002,1908462,0.0,0.0
2021-03-30 00:00:00+08:00,0.5061925053596497,0.5061925053596497,0.5015492498992902,0.5061925053596497,1814506,0.0,0.0
2021-03-31 00:00:00+08:00,0.5061924640363589,0.5108367204666138,0.501549208955054,0.5108367204666138,6452919,0.0,0.0
2021-04-01 00:00:00+08:00,0.5061924640363589,0.5108367204666138,0.501549208955054,0.5108367204666138,6209437,0.0,0.0
2021-04-05 00:00:00+08:00,0.5108367204666138,0.5108367204666138,0.5061924640363589,0.5108367204666138,1382911,0.0,0.0
2021-04-06 00:00:00+08:00,0.510836762169041,0.510836762169041,0.5015492498992902,0.5061925053596497,12926136,0.0,0.0
2021-04-07 00:00:00+08:00,0.510836762169041,0.510836762169041,0.5061925053596497,0.5061925053596497,1669100,0.0,0.0
2021-04-08 00:00:00+08:00,0.510836762169041,0.510836762169041,0.5015492498992902,0.5061925053596497,8842918,0.0,0.0
2021-04-09 00:00:00+08:00,0.5061925053596497,0.510836762169041,0.5015492498992902,0.5061925053596497,2073463,0.0,0.0
2021-04-12 00:00:00+08:00,0.501549243927002,0.506192499332071,0.501549243927002,0.501549243927002,5503310,0.0,0.0
2021-04-13 00:00:00+08:00,0.5061925053596497,0.5061925053596497,0.5015492498992902,0.5061925053596497,1254388,0.0,0.0
2021-04-14 00:00:00+08:00,0.5061925053596497,0.510836762169041,0.5015492498992902,0.5061925053596497,4467784,0.0,0.0
2021-04-15 00:00:00+08:00,0.5061924640363589,0.5108367204666138,0.5061924640363589,0.5108367204666138,1668096,0.0,0.0
2021-04-16 00:00:00+08:00,0.5108367204666138,0.5108367204666138,0.501549208955054,0.5108367204666138,4503859,0.0,0.0
2021-04-19 00:00:00+08:00,0.506192499332071,0.51083675608616,0.501549243927002,0.501549243927002,8438154,0.0,0.0
2021-04-20 00:00:00+08:00,0.5061924640363589,0.5108367204666138,0.501549208955054,0.5108367204666138,2550981,0.0,0.0
2021-04-21 00:00:00+08:00,0.5061924640363589,0.5108367204666138,0.5061924640363589,0.5108367204666138,2317950,0.0,0.0
2021-04-22 00:00:00+08:00,0.5108367204666138,0.5108367204666138,0.5061924640363589,0.5108367204666138,1381706,0.0,0.0
2021-04-23 00:00:00+08:00,0.5108367204666138,0.5108367204666138,0.5061924640363589,0.5108367204666138,1082353,0.0,0.0
2021-04-26 00:00:00+08:00,0.5061924640363589,0.5108367204666138,0.5061924640363589,0.5108367204666138,3900028,0.0,0.0
2021-04-27 00:00:00+08:00,0.5108367204666138,0.5108367204666138,0.5061924640363589,0.5108367204666138,1364924,0.0,0.0
2021-04-28 00:00:00+08:00,0.5108367204666138,0.5108367204666138,0.5061924640363589,0.5108367204666138,1416072,0.0,0.0
2021-04-29 00:00:00+08:00,0.5108367346449201,0.5201251365022357,0.5108367346449201,0.5154809355735779,16131493,0.0,0.0
2021-04-30 00:00:00+08:00,0.5154809212663715,0.5154809212663715,0.5061924640363589,0.5108367204666138,5333787,0.0,0.0
2021-05-03 00:00:00+08:00,0.5108367204666138,0.5108367204666138,0.5061924640363589,0.5108367204666138,1202938,0.0,0.0
2021-05-04 00:00:00+08:00,0.510836762169041,0.510836762169041,0.5061925053596497,0.5061925053596497,6394837,0.0,0.0
2021-05-05 00:00:00+08:00,0.5061925053596497,0.510836762169041,0.5061925053596497,0.5061925053596497,3745076,0.0,0.0
2021-05-06 00:00:00+08:00,0.5061925053596497,0.510836762169041,0.5061925053596497,0.5061925053596497,2618307,0.0,0.0
2021-05-07 00:00:00+08:00,0.5108367204666138,0.5108367204666138,0.5061924640363589,0.5108367204666138,4618817,0.0,0.0
2021-05-10 00:00:00+08:00,0.5108367204666138,0.5108367204666138,0.5061924640363589,0.5108367204666138,2236052,0.0,0.0
2021-05-11 00:00:00+08:00,0.5061924640363589,0.5108367204666138,0.5061924640363589,0.5108367204666138,4959169,0.0,0.0
2021-05-12 00:00:00+08:00,0.5108367204666138,0.5108367204666138,0.5061924640363589,0.5108367204666138,3575654,0.0,0.0
2021-05-14 00:00:00+08:00,0.510836762169041,0.510836762169041,0.5015492498992902,0.5061925053596497,18934681,0.0,0.0
2021-05-17 00:00:00+08:00,0.5061925053596497,0.510836762169041,0.5015492498992902,0.5061925053596497,8007263,0.0,0.0
2021-05-18 00:00:00+08:00,0.5108367204666138,0.5108367204666138,0.5061924640363589,0.5108367204666138,2038594,0.0,0.0
2021-05-19 00:00:00+08:00,0.5061925053596497,0.510836762169041,0.5061925053596497,0.5061925053596497,1483600,0.0,0.0
2021-05-20 00:00:00+08:00,0.5061924640363589,0.5108367204666138,0.5061924640363589,0.5108367204666138,1139128,0.0,0.0
2021-05-21 00:00:00+08:00,0.510836762169041,0.510836762169041,0.5015492498992902,0.5061925053596497,6020319,0.0,0.0
2021-05-24 00:00:00+08:00,0.5061925053596497,0.510836762169041,0.5061925053596497,0.5061925053596497,1897710,0.0,0.0
2021-05-25 00:00:00+08:00,0.5061925053596497,0.510836762169041,0.5061925053596497,0.5061925053596497,4150544,0.0,0.0
2021-05-27 00:00:00+08:00,0.5061924640363589,0.5108367204666138,0.5061924640363589,0.5108367204666138,8382584,0.0,0.0
2021-05-28 00:00:00+08:00,0.510836762169041,0.510836762169041,0.5061925053596497,0.5061925053596497,2394923,0.0,0.0
2021-05-31 00:00:00+08:00,0.5108367204666138,0.5108367204666138,0.5061924640363589,0.5108367204666138,3221535,0.0,0.0
2021-06-01 00:00:00+08:00,0.5108367204666138,0.5108367204666138,0.5061924640363589,0.5108367204666138,1786772,0.0,0.0
2021-06-02 00:00:00+08:00,0.5108367346449201,0.5154809355735779,0.5061924780857635,0.5154809355735779,11283263,0.0,0.0
2021-06-03 00:00:00+08:00,0.5108367346449201,0.5154809355735779,0.5108367346449201,0.5154809355735779,1003570,0.0,0.0
2021-06-04 00:00:00+08:00,0.5108367346449201,0.5154809355735779,0.5108367346449201,0.5154809355735779,1574843,0.0,0.0
2021-06-07 00:00:00+08:00,0.5154809355735779,0.5201251365022357,0.5108367346449201,0.5154809355735779,5093018,0.0,0.0
2021-06-08 00:00:00+08:00,0.515480949625286,0.520125150680542,0.51083674857003,0.520125150680542,5501300,0.0,0.0
2021-06-09 00:00:00+08:00,0.515480949625286,0.5247684616477934,0.51083674857003,0.520125150680542,20205567,0.0,0.0
2021-06-10 00:00:00+08:00,0.5247684616477934,0.5247684616477934,0.515480949625286,0.520125150680542,6656708,0.0,0.0
2021-06-11 00:00:00+08:00,0.520125150680542,0.520125150680542,0.515480949625286,0.520125150680542,1622374,0.0,0.0
2021-06-14 00:00:00+08:00,0.520125150680542,0.520125150680542,0.515480949625286,0.520125150680542,2151642,0.0,0.0
2021-06-15 00:00:00+08:00,0.520125150680542,0.5247684616477934,0.515480949625286,0.520125150680542,6025142,0.0,0.0
2021-06-16 00:00:00+08:00,0.5201251220661292,0.5247684327779313,0.5108367204666138,0.5108367204666138,19008758,0.0,0.0
2021-06-17 00:00:00+08:00,0.5154809355735779,0.5201251365022357,0.5108367346449201,0.5154809355735779,5467838,0.0,0.0
2021-06-18 00:00:00+08:00,0.5154809355735779,0.5154809355735779,0.5108367346449201,0.5154809355735779,4264799,0.0,0.0
2021-06-21 00:00:00+08:00,0.5154809212663715,0.5154809212663715,0.5061924640363589,0.5108367204666138,15655383,0.0,0.0
2021-06-22 00:00:00+08:00,0.5108367204666138,0.5154809212663715,0.5061924640363589,0.5108367204666138,8501662,0.0,0.0
2021-06-23 00:00:00+08:00,0.5108367346449201,0.5154809355735779,0.5108367346449201,0.5154809355735779,4132255,0.0,0.0
2021-06-24 00:00:00+08:00,0.5154809355735779,0.5154809355735779,0.5108367346449201,0.5154809355735779,1611320,0.0,0.0
2021-06-25 00:00:00+08:00,0.5154809355735779,0.5201251365022357,0.5108367346449201,0.5154809355735779,6330123,0.0,0.0
2021-06-28 00:00:00+08:00,0.5154809212663715,0.5154809212663715,0.5108367204666138,0.5108367204666138,1287147,0.0,0.0
2021-06-29 00:00:00+08:00,0.5108367346449201,0.5154809355735779,0.5108367346449201,0.5154809355735779,2201484,0.0,0.0
2021-06-30 00:00:00+08:00,0.5154809355735779,0.5154809355735779,0.5108367346449201,0.5154809355735779,14457368,0.0,0.0
2021-07-01 00:00:00+08:00,0.5154809355735779,0.5154809355735779,0.5108367346449201,0.5154809355735779,1737131,0.0,0.0
2021-07-02 00:00:00+08:00,0.5154809355735779,0.5154809355735779,0.5108367346449201,0.5154809355735779,4420253,0.0,0.0
2021-07-05 00:00:00+08:00,0.5154809355735779,0.5154809355735779,0.5108367346449201,0.5154809355735779,5521598,0.0,0.0
2021-07-06 00:00:00+08:00,0.5154809355735779,0.5154809355735779,0.5061924780857635,0.5154809355735779,8949033,0.0,0.0
2021-07-07 00:00:00+08:00,0.5108367346449201,0.5154809355735779,0.5108367346449201,0.5154809355735779,6415035,0.0,0.0
2021-07-08 00:00:00+08:00,0.5108367204666138,0.5154809212663715,0.5108367204666138,0.5108367204666138,5354588,0.0,0.0
2021-07-09 00:00:00+08:00,0.5154809355735779,0.5154809355735779,0.5108367346449201,0.5154809355735779,741800,0.0,0.0
2021-07-12 00:00:00+08:00,0.5154809212663715,0.5154809212663715,0.5061924640363589,0.5108367204666138,10992451,0.0,0.0
2021-07-13 00:00:00+08:00,0.5108367346449201,0.5154809355735779,0.5061924780857635,0.5154809355735779,4626956,0.0,0.0
2021-07-14 00:00:00+08:00,0.5154809212663715,0.5154809212663715,0.5108367204666138,0.5108367204666138,4220685,0.0,0.0
2021-07-15 00:00:00+08:00,0.5154809355735779,0.5154809355735779,0.5108367346449201,0.5154809355735779,4803614,0.0,0.0
2021-07-16 00:00:00+08:00,0.5154809212663715,0.5154809212663715,0.5108367204666138,0.5108367204666138,7838343,0.0,0.0
2021-07-19 00:00:00+08:00,0.5108367204666138,0.5154809212663715,0.5061924640363589,0.5108367204666138,11043499,0.0,0.0
2021-07-21 00:00:00+08:00,0.5108367204666138,0.5154809212663715,0.5108367204666138,0.5108367204666138,5986957,0.0,0.0
2021-07-22 00:00:00+08:00,0.5154809212663715,0.5154809212663715,0.5061924640363589,0.5108367204666138,11195738,0.0,0.0
2021-07-23 00:00:00+08:00,0.5108367204666138,0.5154809212663715,0.5061924640363589,0.5108367204666138,6460355,0.0,0.0
2021-07-26 00:00:00+08:00,0.510836762169041,0.510836762169041,0.5061925053596497,0.5061925053596497,3508528,0.0,0.0
2021-07-27 00:00:00+08:00,0.510836762169041,0.510836762169041,0.5061925053596497,0.5061925053596497,6326103,0.0,0.0
2021-07-28 00:00:00+08:00,0.5108367204666138,0.5154809212663715,0.5061924640363589,0.5108367204666138,5698356,0.0,0.0
2021-07-29 00:00:00+08:00,0.5154809355735779,0.5154809355735779,0.5061924780857635,0.5154809355735779,10713095,0.0,0.0
2021-07-30 00:00:00+08:00,0.5154809212663715,0.5154809212663715,0.5108367204666138,0.5108367204666138,15625538,0.0,0.0
2021-08-02 00:00:00+08:00,0.5108367346449201,0.5201251365022357,0.5108367346449201,0.5154809355735779,14116815,0.0,0.0
2021-08-03 00:00:00+08:00,0.5154809355735779,0.5201251365022357,0.5108367346449201,0.5154809355735779,11812732,0.0,0.0
2021-08-04 00:00:00+08:00,0.5190285566363094,0.5286397445487202,0.5190285566363094,0.5238336324691772,13043506,0.0186,0.0
2021-08-05 00:00:00+08:00,0.5238336201457909,0.5238336201457909,0.5190285444259644,0.5190285444259644,3169985,0.0,0.0
2021-08-06 00:00:00+08:00,0.5238336324691772,0.5238336324691772,0.5190285566363094,0.5238336324691772,2792051,0.0,0.0
2021-08-10 00:00:00+08:00,0.5238336201457909,0.5238336201457909,0.5190285444259644,0.5190285444259644,4241887,0.0,0.0
2021-08-11 00:00:00+08:00,0.5238336324691772,0.5238336324691772,0.5190285566363094,0.5238336324691772,1826565,0.0,0.0
2021-08-12 00:00:00+08:00,0.5238336201457909,0.5238336201457909,0.5190285444259644,0.5190285444259644,3309060,0.0,0.0
2021-08-13 00:00:00+08:00,0.5190285444259644,0.5238336201457909,0.5190285444259644,0.5190285444259644,3590225,0.0,0.0
2021-08-16 00:00:00+08:00,0.5190285444259644,0.5238336201457909,0.5190285444259644,0.5190285444259644,2687845,0.0,0.0
2021-08-17 00:00:00+08:00,0.5238336201457909,0.5238336201457909,0.5190285444259644,0.5190285444259644,2420648,0.0,0.0
2021-08-18 00:00:00+08:00,0.5190285566363094,0.5286397445487202,0.5190285566363094,0.5238336324691772,9118958,0.0,0.0
2021-08-19 00:00:00+08:00,0.5238336201457909,0.5238336201457909,0.5190285444259644,0.5190285444259644,2435118,0.0,0.0
2021-08-20 00:00:00+08:00,0.5238336201457909,0.5238336201457909,0.5190285444259644,0.5190285444259644,2916354,0.0,0.0
2021-08-23 00:00:00+08:00,0.5238336324691772,0.5238336324691772,0.5190285566363094,0.5238336324691772,1701357,0.0,0.0
2021-08-24 00:00:00+08:00,0.5190285566363094,0.5286397445487202,0.5190285566363094,0.5238336324691772,5244453,0.0,0.0
2021-08-25 00:00:00+08:00,0.5238336218096086,0.5286397337913513,0.51902854607452,0.5286397337913513,10575427,0.0,0.0
2021-08-26 00:00:00+08:00,0.5238336324691772,0.5286397445487202,0.5238336324691772,0.5238336324691772,7723887,0.0,0.0
2021-08-27 00:00:00+08:00,0.5238336218096086,0.5286397337913513,0.5238336218096086,0.5286397337913513,1505908,0.0,0.0
2021-08-30 00:00:00+08:00,0.5286397445487202,0.5286397445487202,0.5238336324691772,0.5238336324691772,962069,0.0,0.0
2021-08-31 00:00:00+08:00,0.5238336201457909,0.5286397321122683,0.5190285444259644,0.5190285444259644,11656273,0.0,0.0
2021-09-01 00:00:00+08:00,0.5190285444259644,0.5238336201457909,0.5190285444259644,0.5190285444259644,2115668,0.0,0.0
2021-09-02 00:00:00+08:00,0.5238336218096086,0.5286397337913513,0.51902854607452,0.5286397337913513,4946809,0.0,0.0
2021-09-03 00:00:00+08:00,0.5238336218096086,0.5286397337913513,0.51902854607452,0.5286397337913513,8587479,0.0,0.0
2021-09-06 00:00:00+08:00,0.5286397337913513,0.5286397337913513,0.5238336218096086,0.5286397337913513,1196507,0.0,0.0
2021-09-07 00:00:00+08:00,0.5238336324691772,0.5286397445487202,0.5190285566363094,0.5238336324691772,7630233,0.0,0.0
2021-09-08 00:00:00+08:00,0.5238336201457909,0.5238336201457909,0.5190285444259644,0.5190285444259644,2826417,0.0,0.0
2021-09-09 00:00:00+08:00,0.5238336324691772,0.5286397445487202,0.5190285566363094,0.5238336324691772,3537167,0.0,0.0
2021-09-10 00:00:00+08:00,0.5238336324691772,0.5286397445487202,0.5190285566363094,0.5238336324691772,5986354,0.0,0.0
2021-09-13 00:00:00+08:00,0.5286397337913513,0.5286397337913513,0.5238336218096086,0.5286397337913513,1892887,0.0,0.0
2021-09-14 00:00:00+08:00,0.5286397321122683,0.5286397321122683,0.5190285444259644,0.5190285444259644,3576759,0.0,0.0
2021-09-15 00:00:00+08:00,0.5238336324691772,0.5238336324691772,0.5190285566363094,0.5238336324691772,4055181,0.0,0.0
2021-09-16 00:00:00+08:00,0.5238336201457909,0.5238336201457909,0.5190285444259644,0.5190285444259644,2538721,0.0,0.0
2021-09-17 00:00:00+08:00,0.5238336324691772,0.5238336324691772,0.5190285566363094,0.5238336324691772,4143108,0.0,0.0
2021-09-20 00:00:00+08:00,0.5238336324691772,0.5286397445487202,0.5190285566363094,0.5238336324691772,8055698,0.0,0.0
2021-09-21 00:00:00+08:00,0.5238336201457909,0.5286397321122683,0.5190285444259644,0.5190285444259644,11099270,0.0,0.0
2021-09-22 00:00:00+08:00,0.5238336201457909,0.5238336201457909,0.5190285444259644,0.5190285444259644,457420,0.0,0.0
2021-09-23 00:00:00+08:00,0.5238336324691772,0.5238336324691772,0.5190285566363094,0.5238336324691772,1821842,0.0,0.0
2021-09-24 00:00:00+08:00,0.5238336324691772,0.5286397445487202,0.5238336324691772,0.5238336324691772,3853603,0.0,0.0
2021-09-27 00:00:00+08:00,0.5238336218096086,0.5286397337913513,0.5238336218096086,0.5286397337913513,16747986,0.0,0.0
2021-09-28 00:00:00+08:00,0.5286397337913513,0.5286397337913513,0.5238336218096086,0.5286397337913513,2559924,0.0,0.0
2021-09-29 00:00:00+08:00,0.5238336218096086,0.5286397337913513,0.5238336218096086,0.5286397337913513,1614435,0.0,0.0
2021-09-30 00:00:00+08:00,0.5286397445487202,0.5286397445487202,0.5238336324691772,0.5238336324691772,3933792,0.0,0.0
2021-10-01 00:00:00+08:00,0.5238336218096086,0.5286397337913513,0.5238336218096086,0.5286397337913513,1158120,0.0,0.0
2021-10-04 00:00:00+08:00,0.5286397445487202,0.5286397445487202,0.5238336324691772,0.5238336324691772,1106269,0.0,0.0
2021-10-05 00:00:00+08:00,0.5238336218096086,0.5286397337913513,0.5238336218096086,0.5286397337913513,876051,0.0,0.0
2021-10-06 00:00:00+08:00,0.5286397445487202,0.5286397445487202,0.5238336324691772,0.5238336324691772,17501543,0.0,0.0
2021-10-07 00:00:00+08:00,0.5286397445487202,0.5286397445487202,0.5238336324691772,0.5238336324691772,1302421,0.0,0.0
2021-10-08 00:00:00+08:00,0.5238336324691772,0.5286397445487202,0.5238336324691772,0.5238336324691772,1196607,0.0,0.0
2021-10-11 00:00:00+08:00,0.5238336441298876,0.5238336441298876,0.49980521325990196,0.509416401386261,55359486,0.0,0.0
2021-10-12 00:00:00+08:00,0.5142224431037903,0.5142224431037903,0.5046102765411239,0.5142224431037903,34075786,0.0,0.0
2021-10-13 00:00:00+08:00,0.5142224431037903,0.5142224431037903,0.5094163886070869,0.5142224431037903,5431863,0.0,0.0
2021-10-14 00:00:00+08:00,0.5142224560035286,0.5142224560035286,0.509416401386261,0.509416401386261,3709001,0.0,0.0
2021-10-15 00:00:00+08:00,0.5094163886070869,0.5190285551697532,0.5094163886070869,0.5142224431037903,7803976,0.0,0.0
2021-10-18 00:00:00+08:00,0.5142224431037903,0.5190285551697532,0.5094163886070869,0.5142224431037903,5610631,0.0,0.0
2021-10-19 00:00:00+08:00,0.5142224431037903,0.5190285551697532,0.5094163886070869,0.5142224431037903,11565131,0.0,0.0
2021-10-20 00:00:00+08:00,0.5142224431037903,0.5190285551697532,0.5094163886070869,0.5142224431037903,7537081,0.0,0.0
2021-10-21 00:00:00+08:00,0.5142224560035286,0.5190285681900573,0.509416401386261,0.509416401386261,8118000,0.0,0.0
2021-10-22 00:00:00+08:00,0.5142224560035286,0.5190285681900573,0.509416401386261,0.509416401386261,10979991,0.0,0.0
2021-10-25 00:00:00+08:00,0.5094163886070869,0.5142224431037903,0.5094163886070869,0.5142224431037903,2203896,0.0,0.0
2021-10-26 00:00:00+08:00,0.514222467074835,0.514222467074835,0.5046103000640869,0.5046103000640869,22123576,0.0,0.0
2021-10-27 00:00:00+08:00,0.5094164123540921,0.514222467074835,0.5046103000640869,0.5046103000640869,10161116,0.0,0.0
2021-10-28 00:00:00+08:00,0.509416401386261,0.5142224560035286,0.5046102891997324,0.509416401386261,17604442,0.0,0.0
2021-10-29 00:00:00+08:00,0.509416401386261,0.5142224560035286,0.509416401386261,0.509416401386261,8861308,0.0,0.0
2021-11-01 00:00:00+08:00,0.5142224431037903,0.5142224431037903,0.5094163886070869,0.5142224431037903,5706395,0.0,0.0
2021-11-02 00:00:00+08:00,0.5190285444259644,0.5190285444259644,0.509416378062268,0.5190285444259644,2152647,0.0,0.0
2021-11-03 00:00:00+08:00,0.5190285566363094,0.5286397445487202,0.5142224445567665,0.5238336324691772,35771214,0.0,0.0
2021-11-05 00:00:00+08:00,0.5238336201457909,0.5238336201457909,0.509416378062268,0.5190285444259644,18362924,0.0,0.0
2021-11-08 00:00:00+08:00,0.5190285566363094,0.5238336324691772,0.5142224445567665,0.5238336324691772,7698765,0.0,0.0
2021-11-09 00:00:00+08:00,0.5238336324691772,0.5238336324691772,0.5190285566363094,0.5238336324691772,23077606,0.0,0.0
2021-11-10 00:00:00+08:00,0.51902854607452,0.5286397337913513,0.51902854607452,0.5286397337913513,22380422,0.0,0.0
2021-11-11 00:00:00+08:00,0.5286397445487202,0.5286397445487202,0.5190285566363094,0.5238336324691772,6154470,0.0,0.0
2021-11-12 00:00:00+08:00,0.5238336324691772,0.5286397445487202,0.5190285566363094,0.5238336324691772,3961627,0.0,0.0
2021-11-15 00:00:00+08:00,0.5238336324691772,0.5286397445487202,0.5190285566363094,0.5238336324691772,3348753,0.0,0.0
2021-11-16 00:00:00+08:00,0.5238336201457909,0.5286397321122683,0.5190285444259644,0.5190285444259644,1872890,0.0,0.0
2021-11-17 00:00:00+08:00,0.5238336324691772,0.5286397445487202,0.5238336324691772,0.5238336324691772,5669717,0.0,0.0
2021-11-18 00:00:00+08:00,0.5238336218096086,0.5286397337913513,0.5238336218096086,0.5286397337913513,5293793,0.0,0.0
2021-11-19 00:00:00+08:00,0.5286397445487202,0.5286397445487202,0.5190285566363094,0.5238336324691772,3280823,0.0,0.0
2021-11-22 00:00:00+08:00,0.5238336201457909,0.5286397321122683,0.5190285444259644,0.5190285444259644,3415577,0.0,0.0
2021-11-23 00:00:00+08:00,0.5238336201457909,0.5238336201457909,0.5190285444259644,0.5190285444259644,442246,0.0,0.0
2021-11-24 00:00:00+08:00,0.5190285444259644,0.5238336201457909,0.5190285444259644,0.5190285444259644,1260517,0.0,0.0
2021-11-25 00:00:00+08:00,0.5190285566363094,0.5286397445487202,0.5190285566363094,0.5238336324691772,2349603,0.0,0.0
2021-11-26 00:00:00+08:00,0.5190285566363094,0.5286397445487202,0.5190285566363094,0.5238336324691772,1444912,0.0,0.0
2021-11-29 00:00:00+08:00,0.5190285444259644,0.5238336201457909,0.5190285444259644,0.5190285444259644,1191181,0.0,0.0
2021-11-30 00:00:00+08:00,0.5190285551697532,0.5238336309890439,0.5142224431037903,0.5142224431037903,11070932,0.0,0.0
2021-12-01 00:00:00+08:00,0.514222432459487,0.5238336201457909,0.514222432459487,0.5190285444259644,4608266,0.0,0.0
2021-12-02 00:00:00+08:00,0.5190285444259644,0.5238336201457909,0.514222432459487,0.5190285444259644,4566563,0.0,0.0
2021-12-03 00:00:00+08:00,0.5238336201457909,0.5238336201457909,0.514222432459487,0.5190285444259644,2587659,0.0,0.0
2021-12-06 00:00:00+08:00,0.5190285444259644,0.5238336201457909,0.514222432459487,0.5190285444259644,1137922,0.0,0.0
2021-12-07 00:00:00+08:00,0.5190285566363094,0.5238336324691772,0.5142224445567665,0.5238336324691772,2207313,0.0,0.0
2021-12-08 00:00:00+08:00,0.5238336201457909,0.5238336201457909,0.5190285444259644,0.5190285444259644,2103509,0.0,0.0
2021-12-09 00:00:00+08:00,0.5238336201457909,0.5238336201457909,0.5190285444259644,0.5190285444259644,507563,0.0,0.0
2021-12-10 00:00:00+08:00,0.5190285444259644,0.5238336201457909,0.5190285444259644,0.5190285444259644,709744,0.0,0.0
2021-12-13 00:00:00+08:00,0.5190285566363094,0.5238336324691772,0.5190285566363094,0.5238336324691772,517913,0.0,0.0
2021-12-14 00:00:00+08:00,0.5238336324691772,0.5238336324691772,0.5190285566363094,0.5238336324691772,1265140,0.0,0.0
2021-12-15 00:00:00+08:00,0.5238336324691772,0.5238336324691772,0.5190285566363094,0.5238336324691772,380647,0.0,0.0
2021-12-16 00:00:00+08:00,0.5238336201457909,0.5238336201457909,0.5190285444259644,0.5190285444259644,873238,0.0,0.0
2021-12-17 00:00:00+08:00,0.5190285444259644,0.5238336201457909,0.5190285444259644,0.5190285444259644,2218969,0.0,0.0
2021-12-20 00:00:00+08:00,0.5190285566363094,0.5238336324691772,0.5190285566363094,0.5238336324691772,1666287,0.0,0.0
2021-12-21 00:00:00+08:00,0.5238336324691772,0.5238336324691772,0.5190285566363094,0.5238336324691772,1278706,0.0,0.0
2021-12-22 00:00:00+08:00,0.5190285444259644,0.5238336201457909,0.514222432459487,0.5190285444259644,5967864,0.0,0.0
2021-12-23 00:00:00+08:00,0.5238336324691772,0.5238336324691772,0.5190285566363094,0.5238336324691772,638498,0.0,0.0
2021-12-24 00:00:00+08:00,0.5238336324691772,0.5238336324691772,0.5190285566363094,0.5238336324691772,161986,0.0,0.0
2021-12-27 00:00:00+08:00,0.5238336201457909,0.5238336201457909,0.5190285444259644,0.5190285444259644,456817,0.0,0.0
2021-12-28 00:00:00+08:00,0.5238336201457909,0.5238336201457909,0.5190285444259644,0.5190285444259644,817769,0.0,0.0
2021-12-29 00:00:00+08:00,0.5238336324691772,0.5238336324691772,0.5190285566363094,0.5238336324691772,1521384,0.0,0.0
2021-12-30 00:00:00+08:00,0.5238336324691772,0.5238336324691772,0.5190285566363094,0.5238336324691772,2218165,0.0,0.0
2021-12-31 00:00:00+08:00,0.5238336324691772,0.5238336324691772,0.5190285566363094,0.5238336324691772,3787080,0.0,0.0
2022-01-03 00:00:00+08:00,0.5238336324691772,0.5238336324691772,0.5190285566363094,0.5238336324691772,3524707,0.0,0.0
2022-01-04 00:00:00+08:00,0.5238336218096086,0.5286397337913513,0.51902854607452,0.5286397337913513,2309006,0.0,0.0
2022-01-05 00:00:00+08:00,0.5238336218096086,0.5286397337913513,0.5238336218096086,0.5286397337913513,1246751,0.0,0.0
2022-01-06 00:00:00+08:00,0.5286397337913513,0.5286397337913513,0.5238336218096086,0.5286397337913513,3263037,0.0,0.0
2022-01-07 00:00:00+08:00,0.5238336324691772,0.5286397445487202,0.5238336324691772,0.5238336324691772,7048208,0.0,0.0
2022-01-10 00:00:00+08:00,0.5286397337913513,0.5286397337913513,0.5238336218096086,0.5286397337913513,4493609,0.0,0.0
2022-01-11 00:00:00+08:00,0.5238336218096086,0.5286397337913513,0.5238336218096086,0.5286397337913513,1146363,0.0,0.0
2022-01-12 00:00:00+08:00,0.5286397337913513,0.5286397337913513,0.5238336218096086,0.5286397337913513,818773,0.0,0.0
2022-01-13 00:00:00+08:00,0.5286397445487202,0.5286397445487202,0.5238336324691772,0.5238336324691772,817869,0.0,0.0
2022-01-14 00:00:00+08:00,0.5286397445487202,0.5286397445487202,0.5238336324691772,0.5238336324691772,508970,0.0,0.0
2022-01-17 00:00:00+08:00,0.5286397212107711,0.5334457755088806,0.5238336093434043,0.5334457755088806,16183747,0.0,0.0
2022-01-18 00:00:00+08:00,0.5334457755088806,0.5334457755088806,0.5286397212107711,0.5334457755088806,1241425,0.0,0.0
2022-01-19 00:00:00+08:00,0.5286397212107711,0.5382518298069902,0.5286397212107711,0.5334457755088806,6891547,0.0,0.0
2022-01-20 00:00:00+08:00,0.533445822113067,0.5382518768310547,0.533445822113067,0.5382518768310547,1020352,0.0,0.0
2022-01-21 00:00:00+08:00,0.5382518298069902,0.5382518298069902,0.5334457755088806,0.5334457755088806,3797832,0.0,0.0
2022-01-24 00:00:00+08:00,0.533445822113067,0.5382518768310547,0.5286397673950792,0.5382518768310547,3630118,0.0,0.0
2022-01-25 00:00:00+08:00,0.5286397212107711,0.5382518298069902,0.5286397212107711,0.5334457755088806,3288560,0.0,0.0
2022-01-26 00:00:00+08:00,0.5286397337913513,0.5334457882038355,0.5286397337913513,0.5286397337913513,2388894,0.0,0.0
2022-01-27 00:00:00+08:00,0.5286397212107711,0.5334457755088806,0.5286397212107711,0.5334457755088806,3647402,0.0,0.0
2022-01-28 00:00:00+08:00,0.533445822113067,0.5382518768310547,0.5286397673950792,0.5382518768310547,5287965,0.0,0.0
2022-01-31 00:00:00+08:00,0.5382518768310547,0.5430570104408469,0.533445822113067,0.5382518768310547,5464421,0.0,0.0
2022-02-03 00:00:00+08:00,0.5382518316676623,0.5430569648742676,0.5334457773529389,0.5430569648742676,8409816,0.0,0.0
2022-02-04 00:00:00+08:00,0.5473300218582153,0.5473300218582153,0.5373790264129639,0.5423539876937866,15118778,0.0192,0.0
2022-02-07 00:00:00+08:00,0.5423539876937866,0.5423539876937866,0.5324029922485352,0.5423539876937866,12025867,0.0,0.0
2022-02-08 00:00:00+08:00,0.5423539876937866,0.5423539876937866,0.5324029922485352,0.5373790264129639,6343287,0.0,0.0
2022-02-09 00:00:00+08:00,0.5373790264129639,0.5423539876937866,0.5373790264129639,0.5423539876937866,4395634,0.0,0.0
2022-02-10 00:00:00+08:00,0.5373790264129639,0.5423539876937866,0.5373790264129639,0.5423539876937866,2020606,0.0,0.0
2022-02-11 00:00:00+08:00,0.5423539876937866,0.5423539876937866,0.5373790264129639,0.5423539876937866,2044523,0.0,0.0
2022-02-14 00:00:00+08:00,0.5423539876937866,0.5423539876937866,0.5373790264129639,0.5373790264129639,3057137,0.0,0.0
2022-02-15 00:00:00+08:00,0.5373790264129639,0.5423539876937866,0.5373790264129639,0.5423539876937866,5523910,0.0,0.0
2022-02-16 00:00:00+08:00,0.5423539876937866,0.5473300218582153,0.5373790264129639,0.5423539876937866,7100361,0.0,0.0
2022-02-17 00:00:00+08:00,0.5423539876937866,0.5473300218582153,0.5423539876937866,0.5423539876937866,949910,0.0,0.0
2022-02-18 00:00:00+08:00,0.5423539876937866,0.5473300218582153,0.5423539876937866,0.5473300218582153,633173,0.0,0.0
2022-02-21 00:00:00+08:00,0.5423539876937866,0.5473300218582153,0.5423539876937866,0.5423539876937866,6356752,0.0,0.0
2022-02-22 00:00:00+08:00,0.5423539876937866,0.5473300218582153,0.5373790264129639,0.5373790264129639,2183899,0.0,0.0
2022-02-23 00:00:00+08:00,0.5373790264129639,0.5423539876937866,0.5373790264129639,0.5423539876937866,1994178,0.0,0.0
2022-02-24 00:00:00+08:00,0.5373790264129639,0.5423539876937866,0.5324029922485352,0.5324029922485352,22268881,0.0,0.0
2022-02-25 00:00:00+08:00,0.5373790264129639,0.5423539876937866,0.5324029922485352,0.5324029922485352,7713336,0.0,0.0
2022-02-28 00:00:00+08:00,0.5373790264129639,0.5373790264129639,0.5324029922485352,0.5373790264129639,5055536,0.0,0.0
2022-03-01 00:00:00+08:00,0.5373790264129639,0.5373790264129639,0.5324029922485352,0.5324029922485352,4506271,0.0,0.0
2022-03-02 00:00:00+08:00,0.5324029922485352,0.5423539876937866,0.5324029922485352,0.5373790264129639,6650879,0.0,0.0
2022-03-03 00:00:00+08:00,0.5373790264129639,0.5423539876937866,0.5373790264129639,0.5373790264129639,631866,0.0,0.0
2022-03-04 00:00:00+08:00,0.5373790264129639,0.5423539876937866,0.5324029922485352,0.5423539876937866,4160995,0.0,0.0
2022-03-07 00:00:00+08:00,0.5423539876937866,0.5423539876937866,0.5373790264129639,0.5423539876937866,3040758,0.0,0.0
2022-03-08 00:00:00+08:00,0.5373790264129639,0.5423539876937866,0.5324029922485352,0.5324029922485352,8454232,0.0,0.0
2022-03-09 00:00:00+08:00,0.5324029922485352,0.5423539876937866,0.5324029922485352,0.5373790264129639,6431213,0.0,0.0
2022-03-10 00:00:00+08:00,0.5373790264129639,0.5423539876937866,0.5324029922485352,0.5423539876937866,4529885,0.0,0.0
2022-03-11 00:00:00+08:00,0.5423539876937866,0.5423539876937866,0.5373790264129639,0.5423539876937866,717683,0.0,0.0
2022-03-14 00:00:00+08:00,0.5373790264129639,0.5423539876937866,0.5324029922485352,0.5373790264129639,5270480,0.0,0.0
2022-03-15 00:00:00+08:00,0.5373790264129639,0.5423539876937866,0.5373790264129639,0.5373790264129639,2360556,0.0,0.0
2022-03-16 00:00:00+08:00,0.5423539876937866,0.5473300218582153,0.5373790264129639,0.5423539876937866,8855479,0.0,0.0
2022-03-17 00:00:00+08:00,0.5423539876937866,0.5473300218582153,0.5423539876937866,0.5423539876937866,2007041,0.0,0.0
2022-03-18 00:00:00+08:00,0.5473300218582153,0.5473300218582153,0.5423539876937866,0.5473300218582153,4713275,0.0,0.0
2022-03-21 00:00:00+08:00,0.5473300218582153,0.5523059964179993,0.5423539876937866,0.5473300218582153,11205787,0.0,0.0
2022-03-22 00:00:00+08:00,0.5473300218582153,0.5523059964179993,0.5473300218582153,0.5473300218582153,1440893,0.0,0.0
2022-03-23 00:00:00+08:00,0.5473300218582153,0.5523059964179993,0.5473300218582153,0.5523059964179993,3556863,0.0,0.0
2022-03-24 00:00:00+08:00,0.5523059964179993,0.5572819709777832,0.5523059964179993,0.5572819709777832,10460469,0.0,0.0
2022-03-25 00:00:00+08:00,0.5572819709777832,0.5622569918632507,0.5572819709777832,0.5622569918632507,5900136,0.0,0.0
2022-03-28 00:00:00+08:00,0.5622569918632507,0.5622569918632507,0.5572819709777832,0.5572819709777832,9020882,0.0,0.0
2022-03-29 00:00:00+08:00,0.5572819709777832,0.5622569918632507,0.5572819709777832,0.5572819709777832,3642076,0.0,0.0
2022-03-30 00:00:00+08:00,0.5572819709777832,0.5622569918632507,0.5523059964179993,0.5572819709777832,4377646,0.0,0.0
2022-03-31 00:00:00+08:00,0.5523059964179993,0.5572819709777832,0.5523059964179993,0.5572819709777832,6025042,0.0,0.0
2022-04-01 00:00:00+08:00,0.5572819709777832,0.5622569918632507,0.5523059964179993,0.5572819709777832,4664237,0.0,0.0
2022-04-04 00:00:00+08:00,0.5572819709777832,0.5622569918632507,0.5572819709777832,0.5622569918632507,2419040,0.0,0.0
2022-04-05 00:00:00+08:00,0.5572819709777832,0.5622569918632507,0.5572819709777832,0.5622569918632507,1970262,0.0,0.0
2022-04-06 00:00:00+08:00,0.5572819709777832,0.5672330260276794,0.5572819709777832,0.5622569918632507,8874070,0.0,0.0
2022-04-07 00:00:00+08:00,0.5622569918632507,0.5672330260276794,0.5572819709777832,0.5672330260276794,4532297,0.0,0.0
2022-04-08 00:00:00+08:00,0.5622569918632507,0.5672330260276794,0.5622569918632507,0.5672330260276794,3659159,0.0,0.0
2022-04-11 00:00:00+08:00,0.5672330260276794,0.5672330260276794,0.5622569918632507,0.5672330260276794,2500134,0.0,0.0
2022-04-12 00:00:00+08:00,0.5672330260276794,0.5672330260276794,0.5622569918632507,0.5622569918632507,1812396,0.0,0.0
2022-04-13 00:00:00+08:00,0.5672330260276794,0.5672330260276794,0.5622569918632507,0.5672330260276794,2372313,0.0,0.0
2022-04-14 00:00:00+08:00,0.5672330260276794,0.5672330260276794,0.5622569918632507,0.5672330260276794,2247508,0.0,0.0
2022-04-18 00:00:00+08:00,0.5672330260276794,0.5722090005874634,0.5622569918632507,0.5672330260276794,6051973,0.0,0.0
2022-04-19 00:00:00+08:00,0.5672330260276794,0.5672330260276794,0.5523059964179993,0.5523059964179993,16185355,0.0,0.0
2022-04-20 00:00:00+08:00,0.5572819709777832,0.5572819709777832,0.5523059964179993,0.5572819709777832,2310815,0.0,0.0
2022-04-21 00:00:00+08:00,0.5572819709777832,0.5572819709777832,0.5523059964179993,0.5572819709777832,1173194,0.0,0.0
2022-04-22 00:00:00+08:00,0.5523059964179993,0.5572819709777832,0.5523059964179993,0.5523059964179993,1070797,0.0,0.0
2022-04-25 00:00:00+08:00,0.5523059964179993,0.5572819709777832,0.5473300218582153,0.5523059964179993,7157940,0.0,0.0
2022-04-26 00:00:00+08:00,0.5523059964179993,0.5572819709777832,0.5473300218582153,0.5523059964179993,8726654,0.0,0.0
2022-04-27 00:00:00+08:00,0.5523059964179993,0.5572819709777832,0.5523059964179993,0.5523059964179993,2671264,0.0,0.0
2022-04-28 00:00:00+08:00,0.5523059964179993,0.5622569918632507,0.5523059964179993,0.5523059964179993,4309114,0.0,0.0
2022-04-29 00:00:00+08:00,0.5523059964179993,0.5572819709777832,0.5523059964179993,0.5523059964179993,1530729,0.0,0.0
2022-05-04 00:00:00+08:00,0.5523059964179993,0.5572819709777832,0.5523059964179993,0.5523059964179993,2084617,0.0,0.0
2022-05-05 00:00:00+08:00,0.5572819709777832,0.5572819709777832,0.5523059964179993,0.5523059964179993,4289619,0.0,0.0
2022-05-06 00:00:00+08:00,0.5523059964179993,0.5572819709777832,0.5473300218582153,0.5523059964179993,2624035,0.0,0.0
2022-05-09 00:00:00+08:00,0.5523059964179993,0.5572819709777832,0.5523059964179993,0.5572819709777832,2376936,0.0,0.0
2022-05-10 00:00:00+08:00,0.5523059964179993,0.5572819709777832,0.5473300218582153,0.5523059964179993,7464026,0.0,0.0
2022-05-11 00:00:00+08:00,0.5523059964179993,0.5572819709777832,0.5523059964179993,0.5572819709777832,1128577,0.0,0.0
2022-05-12 00:00:00+08:00,0.5523059964179993,0.5572819709777832,0.5473300218582153,0.5523059964179993,13846302,0.0,0.0
2022-05-13 00:00:00+08:00,0.5523059964179993,0.5523059964179993,0.5473300218582153,0.5523059964179993,3187972,0.0,0.0
2022-05-17 00:00:00+08:00,0.5523059964179993,0.5572819709777832,0.5523059964179993,0.5523059964179993,5143262,0.0,0.0
2022-05-18 00:00:00+08:00,0.5572819709777832,0.5572819709777832,0.5523059964179993,0.5572819709777832,1434462,0.0,0.0
2022-05-19 00:00:00+08:00,0.5523059964179993,0.5572819709777832,0.5473300218582153,0.5523059964179993,5445228,0.0,0.0
2022-05-20 00:00:00+08:00,0.5523059964179993,0.5572819709777832,0.5523059964179993,0.5572819709777832,3188676,0.0,0.0
2022-05-23 00:00:00+08:00,0.5572819709777832,0.5622569918632507,0.5523059964179993,0.5622569918632507,5298717,0.0,0.0
2022-05-24 00:00:00+08:00,0.5572819709777832,0.5622569918632507,0.5523059964179993,0.5622569918632507,4066134,0.0,0.0
2022-05-25 00:00:00+08:00,0.5572819709777832,0.5622569918632507,0.5572819709777832,0.5622569918632507,2271926,0.0,0.0
2022-05-26 00:00:00+08:00,0.5572819709777832,0.5622569918632507,0.5572819709777832,0.5572819709777832,2364174,0.0,0.0
2022-05-27 00:00:00+08:00,0.5622569918632507,0.5622569918632507,0.5572819709777832,0.5622569918632507,671157,0.0,0.0
2022-05-30 00:00:00+08:00,0.5622569918632507,0.5672330260276794,0.5572819709777832,0.5622569918632507,5819042,0.0,0.0
2022-05-31 00:00:00+08:00,0.5622569918632507,0.5672330260276794,0.5572819709777832,0.5622569918632507,6318868,0.0,0.0
2022-06-01 00:00:00+08:00,0.5672330260276794,0.5672330260276794,0.5622569918632507,0.5672330260276794,2253437,0.0,0.0
2022-06-02 00:00:00+08:00,0.5622569918632507,0.5672330260276794,0.5622569918632507,0.5672330260276794,587350,0.0,0.0
2022-06-03 00:00:00+08:00,0.5622569918632507,0.5672330260276794,0.5622569918632507,0.5672330260276794,559917,0.0,0.0
2022-06-06 00:00:00+08:00,0.5672330260276794,0.5672330260276794,0.5622569918632507,0.5672330260276794,1451545,0.0,0.0
2022-06-07 00:00:00+08:00,0.5672330260276794,0.5672330260276794,0.5622569918632507,0.5622569918632507,1002163,0.0,0.0
2022-06-08 00:00:00+08:00,0.5622569918632507,0.5672330260276794,0.5622569918632507,0.5672330260276794,1558865,0.0,0.0
2022-06-09 00:00:00+08:00,0.5672330260276794,0.5722090005874634,0.5622569918632507,0.5672330260276794,11420730,0.0,0.0
2022-06-10 00:00:00+08:00,0.5672330260276794,0.5672330260276794,0.5622569918632507,0.5622569918632507,1506009,0.0,0.0
2022-06-13 00:00:00+08:00,0.5622569918632507,0.5672330260276794,0.5622569918632507,0.5672330260276794,7253705,0.0,0.0
2022-06-14 00:00:00+08:00,0.5622569918632507,0.5672330260276794,0.5622569918632507,0.5672330260276794,3634439,0.0,0.0
2022-06-15 00:00:00+08:00,0.5622569918632507,0.5672330260276794,0.5622569918632507,0.5672330260276794,1652620,0.0,0.0
2022-06-16 00:00:00+08:00,0.5622569918632507,0.5672330260276794,0.5622569918632507,0.5672330260276794,4285097,0.0,0.0
2022-06-17 00:00:00+08:00,0.5622569918632507,0.5672330260276794,0.5572819709777832,0.5672330260276794,14309752,0.0,0.0
2022-06-20 00:00:00+08:00,0.5672330260276794,0.5722090005874634,0.5572819709777832,0.5622569918632507,5717349,0.0,0.0
2022-06-21 00:00:00+08:00,0.5622569918632507,0.5622569918632507,0.5572819709777832,0.5622569918632507,1183544,0.0,0.0
2022-06-22 00:00:00+08:00,0.5622569918632507,0.5622569918632507,0.5572819709777832,0.5622569918632507,1221729,0.0,0.0
2022-06-23 00:00:00+08:00,0.5572819709777832,0.5622569918632507,0.5572819709777832,0.5622569918632507,4388599,0.0,0.0
2022-06-24 00:00:00+08:00,0.5622569918632507,0.5672330260276794,0.5572819709777832,0.5622569918632507,3351466,0.0,0.0
2022-06-27 00:00:00+08:00,0.5622569918632507,0.5672330260276794,0.5572819709777832,0.5622569918632507,2486066,0.0,0.0
2022-06-28 00:00:00+08:00,0.5622569918632507,0.5672330260276794,0.5622569918632507,0.5672330260276794,1383313,0.0,0.0
2022-06-29 00:00:00+08:00,0.5622569918632507,0.5672330260276794,0.5622569918632507,0.5672330260276794,3166166,0.0,0.0
2022-06-30 00:00:00+08:00,0.5622569918632507,0.5672330260276794,0.5622569918632507,0.5672330260276794,1309656,0.0,0.0
2022-07-01 00:00:00+08:00,0.5672330260276794,0.5672330260276794,0.5622569918632507,0.5672330260276794,4639819,0.0,0.0
2022-07-04 00:00:00+08:00,0.5672330260276794,0.5672330260276794,0.5622569918632507,0.5672330260276794,494299,0.0,0.0
2022-07-05 00:00:00+08:00,0.5672330260276794,0.5672330260276794,0.5622569918632507,0.5622569918632507,854949,0.0,0.0
2022-07-06 00:00:00+08:00,0.5622569918632507,0.5672330260276794,0.5572819709777832,0.5672330260276794,8849048,0.0,0.0
2022-07-07 00:00:00+08:00,0.5622569918632507,0.5672330260276794,0.5622569918632507,0.5672330260276794,8335958,0.0,0.0
2022-07-08 00:00:00+08:00,0.5672330260276794,0.5722090005874634,0.5572819709777832,0.5622569918632507,7310481,0.0,0.0
2022-07-12 00:00:00+08:00,0.5622569918632507,0.5672330260276794,0.5622569918632507,0.5622569918632507,2684931,0.0,0.0
2022-07-13 00:00:00+08:00,0.5672330260276794,0.5722090005874634,0.5622569918632507,0.5722090005874634,10524379,0.0,0.0
2022-07-14 00:00:00+08:00,0.5722090005874634,0.5722090005874634,0.5622569918632507,0.5722090005874634,2715780,0.0,0.0
2022-07-15 00:00:00+08:00,0.5672330260276794,0.5722090005874634,0.5622569918632507,0.5672330260276794,3783362,0.0,0.0
2022-07-18 00:00:00+08:00,0.5672330260276794,0.5722090005874634,0.5672330260276794,0.5722090005874634,2924393,0.0,0.0
2022-07-19 00:00:00+08:00,0.5672330260276794,0.5722090005874634,0.5622569918632507,0.5672330260276794,3821748,0.0,0.0
2022-07-20 00:00:00+08:00,0.5722090005874634,0.5722090005874634,0.5672330260276794,0.5672330260276794,2522442,0.0,0.0
2022-07-21 00:00:00+08:00,0.5672330260276794,0.5722090005874634,0.5672330260276794,0.5672330260276794,5330270,0.0,0.0
2022-07-22 00:00:00+08:00,0.5722090005874634,0.5771840214729309,0.5672330260276794,0.5771840214729309,9132022,0.0,0.0
2022-07-25 00:00:00+08:00,0.5771840214729309,0.5871359705924988,0.5722090005874634,0.5771840214729309,16694627,0.0,0.0
2022-07-26 00:00:00+08:00,0.5722090005874634,0.5821599960327148,0.5722090005874634,0.5771840214729309,7981236,0.0,0.0
2022-07-27 00:00:00+08:00,0.5771840214729309,0.5771840214729309,0.5722090005874634,0.5771840214729309,4002626,0.0,0.0
2022-07-28 00:00:00+08:00,0.5771840214729309,0.5821599960327148,0.5722090005874634,0.5771840214729309,8397758,0.0,0.0
2022-07-29 00:00:00+08:00,0.5821599960327148,0.5821599960327148,0.5771840214729309,0.5821599960327148,4201793,0.0,0.0
2022-08-01 00:00:00+08:00,0.5821599960327148,0.5921120047569275,0.5771840214729309,0.5871359705924988,14439883,0.0,0.0
2022-08-02 00:00:00+08:00,0.5871359705924988,0.5871359705924988,0.5771840214729309,0.5821599960327148,9761075,0.0,0.0
2022-08-03 00:00:00+08:00,0.5672330260276794,0.5672330260276794,0.5572819709777832,0.5622569918632507,12260405,0.0,0.0
2022-08-04 00:00:00+08:00,0.5672330260276794,0.5722090005874634,0.5622569918632507,0.5672330260276794,12077116,0.0,0.0
2022-08-05 00:00:00+08:00,0.5672330260276794,0.5722090005874634,0.5622569918632507,0.5672330260276794,5723378,0.0,0.0
2022-08-08 00:00:00+08:00,0.5672330260276794,0.5722090005874634,0.5672330260276794,0.5672330260276794,2523045,0.0,0.0
2022-08-10 00:00:00+08:00,0.5722090005874634,0.5722090005874634,0.5672330260276794,0.5722090005874634,1809683,0.0,0.0
2022-08-11 00:00:00+08:00,0.5722090005874634,0.5871359705924988,0.5722090005874634,0.5821599960327148,23722637,0.0,0.0
2022-08-12 00:00:00+08:00,0.5821599960327148,0.5871359705924988,0.5771840214729309,0.5821599960327148,5668512,0.0,0.0
2022-08-15 00:00:00+08:00,0.5821599960327148,0.5821599960327148,0.5771840214729309,0.5821599960327148,1998901,0.0,0.0
2022-08-16 00:00:00+08:00,0.5771840214729309,0.5821599960327148,0.5722090005874634,0.5771840214729309,7870599,0.0,0.0
2022-08-17 00:00:00+08:00,0.5771840214729309,0.5771840214729309,0.5722090005874634,0.5722090005874634,1853998,0.0,0.0
2022-08-18 00:00:00+08:00,0.5722090005874634,0.5771840214729309,0.5722090005874634,0.5771840214729309,4922893,0.0,0.0
2022-08-19 00:00:00+08:00,0.5771840214729309,0.5771840214729309,0.5722090005874634,0.5771840214729309,1114710,0.0,0.0
2022-08-22 00:00:00+08:00,0.5771840214729309,0.5821599960327148,0.5622569918632507,0.5622569918632507,17386685,0.0,0.0
2022-08-23 00:00:00+08:00,0.5672330260276794,0.5672330260276794,0.5572819709777832,0.5672330260276794,6755387,0.0,0.0
2022-08-24 00:00:00+08:00,0.5672330260276794,0.5672330260276794,0.5572819709777832,0.5572819709777832,7851406,0.0,0.0
2022-08-25 00:00:00+08:00,0.5572819709777832,0.5622569918632507,0.5572819709777832,0.5622569918632507,825707,0.0,0.0
2022-08-26 00:00:00+08:00,0.5622569918632507,0.5672330260276794,0.5572819709777832,0.5622569918632507,3915202,0.0,0.0
2022-08-29 00:00:00+08:00,0.5622569918632507,0.5672330260276794,0.5572819709777832,0.5672330260276794,5359612,0.0,0.0
2022-08-30 00:00:00+08:00,0.5672330260276794,0.5672330260276794,0.5622569918632507,0.5672330260276794,854246,0.0,0.0
2022-08-31 00:00:00+08:00,0.5672330260276794,0.5722090005874634,0.5622569918632507,0.5672330260276794,11336722,0.0,0.0
2022-09-01 00:00:00+08:00,0.5672330260276794,0.5722090005874634,0.5672330260276794,0.5672330260276794,6507081,0.0,0.0
2022-09-02 00:00:00+08:00,0.5722090005874634,0.5722090005874634,0.5572819709777832,0.5622569918632507,11856143,0.0,0.0
2022-09-05 00:00:00+08:00,0.5622569918632507,0.5622569918632507,0.5572819709777832,0.5572819709777832,1154905,0.0,0.0
2022-09-06 00:00:00+08:00,0.5572819709777832,0.5622569918632507,0.5572819709777832,0.5622569918632507,1310359,0.0,0.0
2022-09-07 00:00:00+08:00,0.5622569918632507,0.5672330260276794,0.5572819709777832,0.5672330260276794,5959725,0.0,0.0
2022-09-08 00:00:00+08:00,0.5622569918632507,0.5672330260276794,0.5622569918632507,0.5672330260276794,666836,0.0,0.0
2022-09-09 00:00:00+08:00,0.5672330260276794,0.5672330260276794,0.5622569918632507,0.5622569918632507,1518871,0.0,0.0
2022-09-12 00:00:00+08:00,0.5672330260276794,0.5672330260276794,0.5572819709777832,0.5672330260276794,2567360,0.0,0.0
2022-09-13 00:00:00+08:00,0.5672330260276794,0.5672330260276794,0.5622569918632507,0.5672330260276794,2800994,0.0,0.0
2022-09-14 00:00:00+08:00,0.5622569918632507,0.5672330260276794,0.5572819709777832,0.5622569918632507,2159480,0.0,0.0
2022-09-15 00:00:00+08:00,0.5672330260276794,0.5672330260276794,0.5622569918632507,0.5622569918632507,534896,0.0,0.0
2022-09-16 00:00:00+08:00,0.5672330260276794,0.5672330260276794,0.5622569918632507,0.5622569918632507,4324589,0.0,0.0
2022-09-19 00:00:00+08:00,0.5622569918632507,0.5672330260276794,0.5622569918632507,0.5622569918632507,1820837,0.0,0.0
2022-09-20 00:00:00+08:00,0.5672330260276794,0.5672330260276794,0.5622569918632507,0.5622569918632507,981463,0.0,0.0
2022-09-21 00:00:00+08:00,0.5622569918632507,0.5672330260276794,0.5622569918632507,0.5622569918632507,2022013,0.0,0.0
2022-09-22 00:00:00+08:00,0.5622569918632507,0.5672330260276794,0.5622569918632507,0.5672330260276794,1109183,0.0,0.0
2022-09-23 00:00:00+08:00,0.5622569918632507,0.5622569918632507,0.5572819709777832,0.5572819709777832,11506546,0.0,0.0
2022-09-26 00:00:00+08:00,0.5622569918632507,0.5622569918632507,0.5523059964179993,0.5523059964179993,10629791,0.0,0.0
2022-09-27 00:00:00+08:00,0.5572819709777832,0.5572819709777832,0.5373790264129639,0.5373790264129639,18659463,0.0,0.0
2022-09-28 00:00:00+08:00,0.5373790264129639,0.5423539876937866,0.5324029922485352,0.5373790264129639,24702895,0.0,0.0
2022-09-29 00:00:00+08:00,0.5373790264129639,0.5373790264129639,0.5274270176887512,0.5274270176887512,15808928,0.0,0.0
2022-09-30 00:00:00+08:00,0.5274270176887512,0.5373790264129639,0.5274270176887512,0.5373790264129639,13812739,0.0,0.0
2022-10-03 00:00:00+08:00,0.5274270176887512,0.5373790264129639,0.5274270176887512,0.5324029922485352,13231418,0.0,0.0
2022-10-04 00:00:00+08:00,0.5324029922485352,0.5373790264129639,0.5274270176887512,0.5324029922485352,6939983,0.0,0.0
2022-10-05 00:00:00+08:00,0.5373790264129639,0.5373790264129639,0.5324029922485352,0.5373790264129639,917955,0.0,0.0
2022-10-06 00:00:00+08:00,0.5373790264129639,0.5373790264129639,0.5324029922485352,0.5373790264129639,1291669,0.0,0.0
2022-10-07 00:00:00+08:00,0.5324029922485352,0.5373790264129639,0.5324029922485352,0.5324029922485352,2609766,0.0,0.0
2022-10-10 00:00:00+08:00,0.5324029922485352,0.5373790264129639,0.5274270176887512,0.5324029922485352,10691390,0.0,0.0
2022-10-11 00:00:00+08:00,0.5324029922485352,0.5373790264129639,0.5274270176887512,0.5324029922485352,8447298,0.0,0.0
2022-10-12 00:00:00+08:00,0.5324029922485352,0.5373790264129639,0.5274270176887512,0.5324029922485352,5469144,0.0,0.0
2022-10-13 00:00:00+08:00,0.5274270176887512,0.5324029922485352,0.5224509835243225,0.5224509835243225,12795402,0.0,0.0
2022-10-14 00:00:00+08:00,0.5274270176887512,0.5324029922485352,0.5224509835243225,0.5224509835243225,5162757,0.0,0.0
2022-10-17 00:00:00+08:00,0.5224509835243225,0.5274270176887512,0.5174760222434998,0.5224509835243225,7232100,0.0,0.0
2022-10-18 00:00:00+08:00,0.5274270176887512,0.5274270176887512,0.5224509835243225,0.5274270176887512,822290,0.0,0.0
2022-10-19 00:00:00+08:00,0.5274270176887512,0.5274270176887512,0.5224509835243225,0.5224509835243225,3516266,0.0,0.0
2022-10-20 00:00:00+08:00,0.5274270176887512,0.5274270176887512,0.5174760222434998,0.5224509835243225,5232294,0.0,0.0
2022-10-21 00:00:00+08:00,0.5224509835243225,0.5224509835243225,0.5025479793548584,0.5025479793548584,19364686,0.0,0.0
2022-10-25 00:00:00+08:00,0.5075240135192871,0.512499988079071,0.5025479793548584,0.5025479793548584,10752788,0.0,0.0
2022-10-26 00:00:00+08:00,0.5075240135192871,0.512499988079071,0.5025479793548584,0.512499988079071,5951686,0.0,0.0
2022-10-27 00:00:00+08:00,0.5075240135192871,0.5423539876937866,0.5075240135192871,0.5423539876937866,17355032,0.0,0.0
2022-10-28 00:00:00+08:00,0.5423539876937866,0.5423539876937866,0.5174760222434998,0.5324029922485352,26190012,0.0,0.0
2022-10-31 00:00:00+08:00,0.5373790264129639,0.5423539876937866,0.5274270176887512,0.5274270176887512,6240789,0.0,0.0
2022-11-01 00:00:00+08:00,0.5324029922485352,0.5373790264129639,0.5224509835243225,0.5324029922485352,5815224,0.0,0.0
2022-11-02 00:00:00+08:00,0.5373790264129639,0.5373790264129639,0.5324029922485352,0.5373790264129639,5422819,0.0,0.0
2022-11-03 00:00:00+08:00,0.5324029922485352,0.5373790264129639,0.5274270176887512,0.5274270176887512,3233594,0.0,0.0
2022-11-04 00:00:00+08:00,0.5324029922485352,0.5324029922485352,0.5224509835243225,0.5274270176887512,5998815,0.0,0.0
2022-11-07 00:00:00+08:00,0.5274270176887512,0.5324029922485352,0.5274270176887512,0.5324029922485352,2321065,0.0,0.0
2022-11-08 00:00:00+08:00,0.5324029922485352,0.5324029922485352,0.5224509835243225,0.5274270176887512,3247461,0.0,0.0
2022-11-09 00:00:00+08:00,0.5274270176887512,0.5274270176887512,0.5224509835243225,0.5274270176887512,3024981,0.0,0.0
2022-11-10 00:00:00+08:00,0.5274270176887512,0.5324029922485352,0.5224509835243225,0.5324029922485352,2598009,0.0,0.0
2022-11-11 00:00:00+08:00,0.5324029922485352,0.5373790264129639,0.5274270176887512,0.5324029922485352,6255661,0.0,0.0
2022-11-14 00:00:00+08:00,0.5324029922485352,0.5373790264129639,0.5274270176887512,0.5274270176887512,2383367,0.0,0.0
2022-11-15 00:00:00+08:00,0.5324029922485352,0.5373790264129639,0.5274270176887512,0.5324029922485352,4101808,0.0,0.0
2022-11-16 00:00:00+08:00,0.5324029922485352,0.5373790264129639,0.5274270176887512,0.5373790264129639,4292232,0.0,0.0
2022-11-17 00:00:00+08:00,0.5373790264129639,0.5373790264129639,0.5324029922485352,0.5373790264129639,656084,0.0,0.0
2022-11-18 00:00:00+08:00,0.5324029922485352,0.5373790264129639,0.5324029922485352,0.5373790264129639,1775718,0.0,0.0
2022-11-21 00:00:00+08:00,0.5373790264129639,0.5373790264129639,0.5324029922485352,0.5373790264129639,4309616,0.0,0.0
2022-11-22 00:00:00+08:00,0.5373790264129639,0.5373790264129639,0.5324029922485352,0.5324029922485352,3686592,0.0,0.0
2022-11-23 00:00:00+08:00,0.5373790264129639,0.5373790264129639,0.5324029922485352,0.5324029922485352,1171988,0.0,0.0
2022-11-24 00:00:00+08:00,0.5373790264129639,0.5423539876937866,0.5324029922485352,0.5373790264129639,2072056,0.0,0.0
2022-11-25 00:00:00+08:00,0.5423539876937866,0.5423539876937866,0.5373790264129639,0.5373790264129639,448476,0.0,0.0
2022-11-28 00:00:00+08:00,0.5373790264129639,0.5423539876937866,0.5373790264129639,0.5373790264129639,752753,0.0,0.0
2022-11-29 00:00:00+08:00,0.5423539876937866,0.5423539876937866,0.5373790264129639,0.5423539876937866,985282,0.0,0.0
2022-11-30 00:00:00+08:00,0.5373790264129639,0.5423539876937866,0.5373790264129639,0.5373790264129639,1705879,0.0,0.0
2022-12-01 00:00:00+08:00,0.5373790264129639,0.5423539876937866,0.5373790264129639,0.5423539876937866,1900122,0.0,0.0
2022-12-02 00:00:00+08:00,0.5423539876937866,0.5473300218582153,0.5373790264129639,0.5473300218582153,9425647,0.0,0.0
2022-12-05 00:00:00+08:00,0.5473300218582153,0.5473300218582153,0.5423539876937866,0.5473300218582153,522435,0.0,0.0
2022-12-06 00:00:00+08:00,0.5473300218582153,0.5473300218582153,0.5423539876937866,0.5423539876937866,1482093,0.0,0.0
2022-12-07 00:00:00+08:00,0.5423539876937866,0.5473300218582153,0.5373790264129639,0.5373790264129639,5186170,0.0,0.0
2022-12-08 00:00:00+08:00,0.5423539876937866,0.5473300218582153,0.5373790264129639,0.5423539876937866,4390107,0.0,0.0
2022-12-09 00:00:00+08:00,0.5423539876937866,0.5473300218582153,0.5423539876937866,0.5473300218582153,498720,0.0,0.0
2022-12-12 00:00:00+08:00,0.5473300218582153,0.5473300218582153,0.5373790264129639,0.5423539876937866,3047591,0.0,0.0
2022-12-13 00:00:00+08:00,0.5423539876937866,0.5423539876937866,0.5224509835243225,0.5373790264129639,22844776,0.0,0.0
2022-12-14 00:00:00+08:00,0.5373790264129639,0.5373790264129639,0.5324029922485352,0.5324029922485352,927803,0.0,0.0
2022-12-15 00:00:00+08:00,0.5373790264129639,0.5373790264129639,0.5324029922485352,0.5324029922485352,1253885,0.0,0.0
2022-12-16 00:00:00+08:00,0.5324029922485352,0.5423539876937866,0.5324029922485352,0.5423539876937866,5469445,0.0,0.0
2022-12-19 00:00:00+08:00,0.5373790264129639,0.5373790264129639,0.5324029922485352,0.5373790264129639,625536,0.0,0.0
2022-12-20 00:00:00+08:00,0.5373790264129639,0.5373790264129639,0.5324029922485352,0.5373790264129639,1167365,0.0,0.0
2022-12-21 00:00:00+08:00,0.5373790264129639,0.5423539876937866,0.5324029922485352,0.5373790264129639,1699247,0.0,0.0
2022-12-22 00:00:00+08:00,0.5373790264129639,0.5423539876937866,0.5324029922485352,0.5373790264129639,5916515,0.0,0.0
2022-12-23 00:00:00+08:00,0.5373790264129639,0.5423539876937866,0.5373790264129639,0.5423539876937866,406673,0.0,0.0
2022-12-27 00:00:00+08:00,0.5423539876937866,0.5423539876937866,0.5373790264129639,0.5373790264129639,781794,0.0,0.0
2022-12-28 00:00:00+08:00,0.5373790264129639,0.5423539876937866,0.5324029922485352,0.5373790264129639,5433772,0.0,0.0
2022-12-29 00:00:00+08:00,0.5373790264129639,0.5423539876937866,0.5324029922485352,0.5373790264129639,2203092,0.0,0.0
2022-12-30 00:00:00+08:00,0.5373790264129639,0.5423539876937866,0.5373790264129639,0.5373790264129639,591470,0.0,0.0
2023-01-03 00:00:00+08:00,0.5373790264129639,0.5423539876937866,0.5373790264129639,0.5373790264129639,938454,0.0,0.0
2023-01-04 00:00:00+08:00,0.5373790264129639,0.5423539876937866,0.5373790264129639,0.5423539876937866,1075520,0.0,0.0
2023-01-05 00:00:00+08:00,0.5423539876937866,0.5473300218582153,0.5373790264129639,0.5473300218582153,4009459,0.0,0.0
2023-01-06 00:00:00+08:00,0.5423539876937866,0.5473300218582153,0.5423539876937866,0.5423539876937866,819678,0.0,0.0
2023-01-09 00:00:00+08:00,0.5473300218582153,0.5473300218582153,0.5373790264129639,0.5423539876937866,9323350,0.0,0.0
2023-01-10 00:00:00+08:00,0.5423539876937866,0.5473300218582153,0.5373790264129639,0.5473300218582153,2684026,0.0,0.0
2023-01-11 00:00:00+08:00,0.5473300218582153,0.5473300218582153,0.5423539876937866,0.5423539876937866,880071,0.0,0.0
2023-01-12 00:00:00+08:00,0.5423539876937866,0.5473300218582153,0.5423539876937866,0.5473300218582153,255439,0.0,0.0
2023-01-13 00:00:00+08:00,0.5423539876937866,0.5473300218582153,0.5423539876937866,0.5423539876937866,994928,0.0,0.0
2023-01-16 00:00:00+08:00,0.5473300218582153,0.5473300218582153,0.5423539876937866,0.5423539876937866,1462498,0.0,0.0
2023-01-17 00:00:00+08:00,0.5423539876937866,0.5473300218582153,0.5423539876937866,0.5423539876937866,1877211,0.0,0.0
2023-01-18 00:00:00+08:00,0.5473300218582153,0.5473300218582153,0.5423539876937866,0.5473300218582153,771645,0.0,0.0
2023-01-19 00:00:00+08:00,0.5473300218582153,0.5473300218582153,0.5423539876937866,0.5473300218582153,1639055,0.0,0.0
2023-01-20 00:00:00+08:00,0.5473300218582153,0.5523059964179993,0.5423539876937866,0.5523059964179993,7457796,0.0,0.0
2023-01-25 00:00:00+08:00,0.5523059964179993,0.5523059964179993,0.5473300218582153,0.5523059964179993,3186867,0.0,0.0
2023-01-26 00:00:00+08:00,0.5473300218582153,0.5572819709777832,0.5473300218582153,0.5572819709777832,2972527,0.0,0.0
2023-01-27 00:00:00+08:00,0.5572819709777832,0.5622569918632507,0.5523059964179993,0.5622569918632507,8920093,0.0,0.0
2023-01-30 00:00:00+08:00,0.5622569918632507,0.5672330260276794,0.5622569918632507,0.5672330260276794,4295548,0.0,0.0
2023-01-31 00:00:00+08:00,0.5672330260276794,0.5722090005874634,0.5622569918632507,0.5722090005874634,11432587,0.0,0.0
2023-02-01 00:00:00+08:00,0.5722090005874634,0.5771840214729309,0.5672330260276794,0.5771840214729309,9210302,0.0,0.0
2023-02-02 00:00:00+08:00,0.5771840214729309,0.5771840214729309,0.5672330260276794,0.5722090005874634,3526415,0.0,0.0
2023-02-03 00:00:00+08:00,0.5722090005874634,0.5722090005874634,0.5622569918632507,0.5722090005874634,7649325,0.0,0.0
2023-02-06 00:00:00+08:00,0.5523059964179993,0.5523059964179993,0.5423539876937866,0.5523059964179993,10706061,0.0,0.0
2023-02-07 00:00:00+08:00,0.5473300218582153,0.5523059964179993,0.5373790264129639,0.5423539876937866,10140717,0.0,0.0
2023-02-08 00:00:00+08:00,0.5423539876937866,0.5473300218582153,0.5423539876937866,0.5473300218582153,2356939,0.0,0.0
2023-02-09 00:00:00+08:00,0.5473300218582153,0.5473300218582153,0.5423539876937866,0.5423539876937866,1038339,0.0,0.0
2023-02-10 00:00:00+08:00,0.5423539876937866,0.5473300218582153,0.5423539876937866,0.5423539876937866,2799889,0.0,0.0
2023-02-13 00:00:00+08:00,0.5473300218582153,0.5473300218582153,0.5423539876937866,0.5473300218582153,1628302,0.0,0.0
2023-02-14 00:00:00+08:00,0.5473300218582153,0.5473300218582153,0.5373790264129639,0.5423539876937866,3617658,0.0,0.0
2023-02-15 00:00:00+08:00,0.5423539876937866,0.5473300218582153,0.5373790264129639,0.5423539876937866,6123520,0.0,0.0
2023-02-16 00:00:00+08:00,0.5423539876937866,0.5473300218582153,0.5373790264129639,0.5423539876937866,1782853,0.0,0.0
2023-02-17 00:00:00+08:00,0.5423539876937866,0.5423539876937866,0.5274270176887512,0.5324029922485352,31292075,0.0,0.0
2023-02-20 00:00:00+08:00,0.5373790264129639,0.5373790264129639,0.5324029922485352,0.5324029922485352,4597312,0.0,0.0
2023-02-21 00:00:00+08:00,0.5373790264129639,0.5373790264129639,0.5324029922485352,0.5324029922485352,1360101,0.0,0.0
2023-02-22 00:00:00+08:00,0.5373790264129639,0.5373790264129639,0.5274270176887512,0.5324029922485352,8348217,0.0,0.0
2023-02-23 00:00:00+08:00,0.5324029922485352,0.5324029922485352,0.5274270176887512,0.5324029922485352,4418645,0.0,0.0
2023-02-24 00:00:00+08:00,0.5324029922485352,0.5373790264129639,0.5274270176887512,0.5373790264129639,8711782,0.0,0.0
2023-02-27 00:00:00+08:00,0.5324029922485352,0.5373790264129639,0.5324029922485352,0.5373790264129639,1715626,0.0,0.0
2023-02-28 00:00:00+08:00,0.5373790264129639,0.5373790264129639,0.5274270176887512,0.5373790264129639,7832715,0.0,0.0
2023-03-01 00:00:00+08:00,0.5324029922485352,0.5373790264129639,0.5324029922485352,0.5324029922485352,1091698,0.0,0.0
2023-03-02 00:00:00+08:00,0.5373790264129639,0.5373790264129639,0.5324029922485352,0.5324029922485352,1106269,0.0,0.0
2023-03-03 00:00:00+08:00,0.5373790264129639,0.5373790264129639,0.5324029922485352,0.5373790264129639,1622072,0.0,0.0
2023-03-06 00:00:00+08:00,0.5373790264129639,0.5373790264129639,0.5324029922485352,0.5324029922485352,780689,0.0,0.0
2023-03-07 00:00:00+08:00,0.5324029922485352,0.5373790264129639,0.5324029922485352,0.5373790264129639,2515006,0.0,0.0
2023-03-08 00:00:00+08:00,0.5324029922485352,0.5373790264129639,0.5324029922485352,0.5373790264129639,1876306,0.0,0.0
2023-03-09 00:00:00+08:00,0.5373790264129639,0.5373790264129639,0.5324029922485352,0.5324029922485352,452395,0.0,0.0
2023-03-10 00:00:00+08:00,0.5324029922485352,0.5373790264129639,0.5324029922485352,0.5324029922485352,1645084,0.0,0.0
2023-03-13 00:00:00+08:00,0.5324029922485352,0.5373790264129639,0.5274270176887512,0.5324029922485352,6772871,0.0,0.0
2023-03-14 00:00:00+08:00,0.5324029922485352,0.5324029922485352,0.5274270176887512,0.5324029922485352,1555449,0.0,0.0
2023-03-15 00:00:00+08:00,0.5324029922485352,0.5373790264129639,0.5274270176887512,0.5324029922485352,10810267,0.0,0.0
2023-03-16 00:00:00+08:00,0.5324029922485352,0.5373790264129639,0.5324029922485352,0.5324029922485352,1977095,0.0,0.0
2023-03-17 00:00:00+08:00,0.5324029922485352,0.5423539876937866,0.5324029922485352,0.5423539876937866,6242296,0.0,0.0
2023-03-20 00:00:00+08:00,0.5423539876937866,0.5423539876937866,0.5324029922485352,0.5373790264129639,3257711,0.0,0.0
2023-03-21 00:00:00+08:00,0.5324029922485352,0.5373790264129639,0.5274270176887512,0.5324029922485352,10955673,0.0,0.0
2023-03-22 00:00:00+08:00,0.5324029922485352,0.5324029922485352,0.5274270176887512,0.5324029922485352,4322077,0.0,0.0
2023-03-23 00:00:00+08:00,0.5274270176887512,0.5324029922485352,0.5224509835243225,0.5324029922485352,15363466,0.0,0.0
2023-03-24 00:00:00+08:00,0.5274270176887512,0.5324029922485352,0.5274270176887512,0.5324029922485352,1161437,0.0,0.0
2023-03-27 00:00:00+08:00,0.5324029922485352,0.5324029922485352,0.5274270176887512,0.5274270176887512,1072304,0.0,0.0
2023-03-28 00:00:00+08:00,0.5274270176887512,0.5324029922485352,0.5274270176887512,0.5274270176887512,2892438,0.0,0.0
2023-03-29 00:00:00+08:00,0.5274270176887512,0.5324029922485352,0.5274270176887512,0.5274270176887512,1310862,0.0,0.0
2023-03-30 00:00:00+08:00,0.5274270176887512,0.5324029922485352,0.5274270176887512,0.5274270176887512,2739998,0.0,0.0
2023-03-31 00:00:00+08:00,0.5324029922485352,0.5324029922485352,0.5224509835243225,0.5224509835243225,13380441,0.0,0.0
2023-04-03 00:00:00+08:00,0.5224509835243225,0.5324029922485352,0.5224509835243225,0.5324029922485352,3909675,0.0,0.0
2023-04-04 00:00:00+08:00,0.5324029922485352,0.5324029922485352,0.5224509835243225,0.5274270176887512,9607228,0.0,0.0
2023-04-05 00:00:00+08:00,0.5274270176887512,0.5324029922485352,0.5224509835243225,0.5324029922485352,5226768,0.0,0.0
2023-04-06 00:00:00+08:00,0.5274270176887512,0.5274270176887512,0.5224509835243225,0.5274270176887512,1376983,0.0,0.0
2023-04-10 00:00:00+08:00,0.5274270176887512,0.5274270176887512,0.5174760222434998,0.5274270176887512,12527903,0.0,0.0
2023-04-11 00:00:00+08:00,0.5174760222434998,0.5224509835243225,0.512499988079071,0.5174760222434998,13370191,0.0,0.0
2023-04-12 00:00:00+08:00,0.5174760222434998,0.5224509835243225,0.512499988079071,0.5174760222434998,8923208,0.0,0.0
2023-04-13 00:00:00+08:00,0.5174760222434998,0.5224509835243225,0.512499988079071,0.5174760222434998,6591793,0.0,0.0
2023-04-14 00:00:00+08:00,0.5174760222434998,0.5224509835243225,0.5075240135192871,0.512499988079071,18186869,0.0,0.0
2023-04-17 00:00:00+08:00,0.512499988079071,0.5174760222434998,0.5075240135192871,0.512499988079071,16087178,0.0,0.0
2023-04-18 00:00:00+08:00,0.512499988079071,0.512499988079071,0.512499988079071,0.512499988079071,0,0.0,0.0
2023-04-19 00:00:00+08:00,0.49757298827171326,0.5174760222434998,0.4925970137119293,0.5025479793548584,77615304,0.0,0.0
2023-04-20 00:00:00+08:00,0.5025479793548584,0.5174760222434998,0.5025479793548584,0.5174760222434998,14164748,0.0,0.0
2023-04-21 00:00:00+08:00,0.512499988079071,0.5174760222434998,0.5075240135192871,0.5075240135192871,11458413,0.0,0.0
2023-04-24 00:00:00+08:00,0.512499988079071,0.5174760222434998,0.5075240135192871,0.5174760222434998,13068728,0.0,0.0
2023-04-25 00:00:00+08:00,0.5049999952316284,0.5099999904632568,0.5049999952316284,0.5049999952316284,5536400,0.0,0.0
2023-04-26 00:00:00+08:00,0.5049999952316284,0.5049999952316284,0.4950000047683716,0.4950000047683716,30541700,0.0,0.0
2023-04-27 00:00:00+08:00,0.4950000047683716,0.5,0.48500001430511475,0.48500001430511475,48235100,0.0,0.0
2023-04-28 00:00:00+08:00,0.48500001430511475,0.4950000047683716,0.48500001430511475,0.49000000953674316,16073000,0.0,0.0
2023-05-02 00:00:00+08:00,0.49000000953674316,0.4950000047683716,0.48500001430511475,0.49000000953674316,7734200,0.0,0.0
2023-05-03 00:00:00+08:00,0.49000000953674316,0.4950000047683716,0.47999998927116394,0.47999998927116394,14382046,0.0,0.0
2023-05-04 00:00:00+08:00,0.47999998927116394,0.49000000953674316,0.47999998927116394,0.48500001430511475,6098500,0.0,0.0
2023-05-05 00:00:00+08:00,0.48500001430511475,0.49000000953674316,0.47999998927116394,0.48500001430511475,12418900,0.0,0.0
2023-05-08 00:00:00+08:00,0.48500001430511475,0.49000000953674316,0.47999998927116394,0.48500001430511475,9542000,0.0,0.0
2023-05-09 00:00:00+08:00,0.48500001430511475,0.49000000953674316,0.48500001430511475,0.48500001430511475,2774000,0.0,0.0
2023-05-10 00:00:00+08:00,0.48500001430511475,0.49000000953674316,0.47999998927116394,0.48500001430511475,10146900,0.0,0.0
2023-05-11 00:00:00+08:00,0.48500001430511475,0.49000000953674316,0.48500001430511475,0.48500001430511475,1929900,0.0,0.0
2023-05-12 00:00:00+08:00,0.48500001430511475,0.49000000953674316,0.47999998927116394,0.48500001430511475,7666300,0.0,0.0
2023-05-15 00:00:00+08:00,0.48500001430511475,0.48500001430511475,0.47999998927116394,0.48500001430511475,1551100,0.0,0.0
2023-05-16 00:00:00+08:00,0.48500001430511475,0.49000000953674316,0.47999998927116394,0.48500001430511475,5118100,0.0,0.0
2023-05-17 00:00:00+08:00,0.49000000953674316,0.49000000953674316,0.47999998927116394,0.47999998927116394,10253600,0.0,0.0
2023-05-18 00:00:00+08:00,0.48500001430511475,0.49000000953674316,0.47999998927116394,0.48500001430511475,8276500,0.0,0.0
2023-05-19 00:00:00+08:00,0.48500001430511475,0.49000000953674316,0.48500001430511475,0.48500001430511475,3067500,0.0,0.0
2023-05-22 00:00:00+08:00,0.48500001430511475,0.49000000953674316,0.48500001430511475,0.48500001430511475,3065000,0.0,0.0
2023-05-23 00:00:00+08:00,0.48500001430511475,0.4950000047683716,0.48500001430511475,0.49000000953674316,10065200,0.0,0.0
2023-05-24 00:00:00+08:00,0.4950000047683716,0.4950000047683716,0.49000000953674316,0.4950000047683716,3518300,0.0,0.0
2023-05-25 00:00:00+08:00,0.4950000047683716,0.4950000047683716,0.48500001430511475,0.49000000953674316,6727100,0.0,0.0
2023-05-26 00:00:00+08:00,0.49000000953674316,0.49000000953674316,0.48500001430511475,0.48500001430511475,2488900,0.0,0.0
2023-05-29 00:00:00+08:00,0.48500001430511475,0.49000000953674316,0.48500001430511475,0.48500001430511475,2992800,0.0,0.0
2023-05-30 00:00:00+08:00,0.49000000953674316,0.49000000953674316,0.48500001430511475,0.48500001430511475,2824400,0.0,0.0
2023-05-31 00:00:00+08:00,0.48500001430511475,0.49000000953674316,0.47999998927116394,0.48500001430511475,13918900,0.0,0.0
2023-06-01 00:00:00+08:00,0.49000000953674316,0.49000000953674316,0.48500001430511475,0.49000000953674316,1862000,0.0,0.0
2023-06-05 00:00:00+08:00,0.49000000953674316,0.49000000953674316,0.48500001430511475,0.48500001430511475,4593700,0.0,0.0
2023-06-06 00:00:00+08:00,0.48500001430511475,0.49000000953674316,0.48500001430511475,0.48500001430511475,1296700,0.0,0.0
2023-06-07 00:00:00+08:00,0.49000000953674316,0.49000000953674316,0.48500001430511475,0.48500001430511475,4584900,0.0,0.0
2023-06-08 00:00:00+08:00,0.48500001430511475,0.49000000953674316,0.48500001430511475,0.48500001430511475,3244500,0.0,0.0
2023-06-09 00:00:00+08:00,0.48500001430511475,0.49000000953674316,0.47999998927116394,0.48500001430511475,13822500,0.0,0.0
2023-06-12 00:00:00+08:00,0.48500001430511475,0.49000000953674316,0.48500001430511475,0.48500001430511475,1129600,0.0,0.0
2023-06-13 00:00:00+08:00,0.48500001430511475,0.49000000953674316,0.48500001430511475,0.48500001430511475,3895700,0.0,0.0
2023-06-14 00:00:00+08:00,0.49000000953674316,0.49000000953674316,0.48500001430511475,0.48500001430511475,2138600,0.0,0.0
2023-06-15 00:00:00+08:00,0.48500001430511475,0.4950000047683716,0.48500001430511475,0.48500001430511475,6616600,0.0,0.0
2023-06-16 00:00:00+08:00,0.49000000953674316,0.4950000047683716,0.48500001430511475,0.49000000953674316,10853500,0.0,0.0
2023-06-19 00:00:00+08:00,0.4950000047683716,0.4950000047683716,0.49000000953674316,0.49000000953674316,5442800,0.0,0.0
2023-06-20 00:00:00+08:00,0.49000000953674316,0.5,0.49000000953674316,0.5,4507100,0.0,0.0
2023-06-21 00:00:00+08:00,0.5,0.5,0.4950000047683716,0.4950000047683716,2571200,0.0,0.0
2023-06-22 00:00:00+08:00,0.5,0.5049999952316284,0.4950000047683716,0.5,12619801,0.0,0.0
2023-06-23 00:00:00+08:00,0.5,0.5,0.4950000047683716,0.5,1809100,0.0,0.0
2023-06-26 00:00:00+08:00,0.4950000047683716,0.5,0.4950000047683716,0.4950000047683716,2751900,0.0,0.0
2023-06-27 00:00:00+08:00,0.4950000047683716,0.5049999952316284,0.4950000047683716,0.5,4954100,0.0,0.0
2023-06-28 00:00:00+08:00,0.5049999952316284,0.5099999904632568,0.5,0.5099999904632568,5606500,0.0,0.0
2023-06-30 00:00:00+08:00,0.5099999904632568,0.5099999904632568,0.5,0.5099999904632568,5569200,0.0,0.0
2023-07-03 00:00:00+08:00,0.5049999952316284,0.5099999904632568,0.5049999952316284,0.5099999904632568,1398000,0.0,0.0
2023-07-04 00:00:00+08:00,0.5099999904632568,0.5149999856948853,0.5049999952316284,0.5149999856948853,4724900,0.0,0.0
2023-07-05 00:00:00+08:00,0.5149999856948853,0.5149999856948853,0.5099999904632568,0.5149999856948853,1593400,0.0,0.0
2023-07-06 00:00:00+08:00,0.5099999904632568,0.5149999856948853,0.5099999904632568,0.5099999904632568,3201800,0.0,0.0
2023-07-07 00:00:00+08:00,0.5099999904632568,0.5149999856948853,0.5099999904632568,0.5099999904632568,1844500,0.0,0.0
2023-07-10 00:00:00+08:00,0.5099999904632568,0.5149999856948853,0.5049999952316284,0.5049999952316284,1409400,0.0,0.0
2023-07-11 00:00:00+08:00,0.5099999904632568,0.5149999856948853,0.5099999904632568,0.5149999856948853,2308600,0.0,0.0
2023-07-12 00:00:00+08:00,0.5149999856948853,0.5149999856948853,0.5049999952316284,0.5149999856948853,4497800,0.0,0.0
2023-07-13 00:00:00+08:00,0.5099999904632568,0.5149999856948853,0.5099999904632568,0.5149999856948853,2300800,0.0,0.0
2023-07-14 00:00:00+08:00,0.5149999856948853,0.5149999856948853,0.5099999904632568,0.5149999856948853,1317100,0.0,0.0
2023-07-17 00:00:00+08:00,0.5149999856948853,0.5149999856948853,0.5049999952316284,0.5099999904632568,6058500,0.0,0.0
2023-07-18 00:00:00+08:00,0.5099999904632568,0.5099999904632568,0.5049999952316284,0.5049999952316284,2435700,0.0,0.0
2023-07-19 00:00:00+08:00,0.5099999904632568,0.5149999856948853,0.5099999904632568,0.5149999856948853,4266900,0.0,0.0
2023-07-20 00:00:00+08:00,0.5149999856948853,0.5149999856948853,0.5049999952316284,0.5099999904632568,6731800,0.0,0.0
2023-07-21 00:00:00+08:00,0.5099999904632568,0.5149999856948853,0.5099999904632568,0.5149999856948853,1208400,0.0,0.0
2023-07-24 00:00:00+08:00,0.5149999856948853,0.5149999856948853,0.5049999952316284,0.5099999904632568,6610500,0.0,0.0
2023-07-25 00:00:00+08:00,0.5099999904632568,0.5149999856948853,0.5099999904632568,0.5149999856948853,4322400,0.0,0.0
2023-07-26 00:00:00+08:00,0.5149999856948853,0.5149999856948853,0.5099999904632568,0.5149999856948853,1366500,0.0,0.0
2023-07-27 00:00:00+08:00,0.5149999856948853,0.5199999809265137,0.5099999904632568,0.5149999856948853,10864100,0.0,0.0
2023-07-28 00:00:00+08:00,0.5149999856948853,0.5199999809265137,0.5049999952316284,0.5099999904632568,19740200,0.0,0.0
2023-07-31 00:00:00+08:00,0.5099999904632568,0.5149999856948853,0.5049999952316284,0.5099999904632568,8230700,0.0,0.0
2023-08-01 00:00:00+08:00,0.5099999904632568,0.5099999904632568,0.5049999952316284,0.5099999904632568,4983500,0.0,0.0
2023-08-02 00:00:00+08:00,0.5049999952316284,0.5099999904632568,0.4950000047683716,0.5,11370700,0.0,0.0
2023-08-03 00:00:00+08:00,0.5,0.5,0.49000000953674316,0.4950000047683716,6100500,0.0,0.0
2023-08-04 00:00:00+08:00,0.5,0.5,0.4950000047683716,0.4950000047683716,2456900,0.0,0.0
2023-08-07 00:00:00+08:00,0.4950000047683716,0.5,0.4950000047683716,0.5,1066300,0.0,0.0
2023-08-08 00:00:00+08:00,0.5,0.5,0.4950000047683716,0.4950000047683716,3220700,0.0,0.0
2023-08-10 00:00:00+08:00,0.5,0.5,0.4950000047683716,0.5,1527300,0.0,0.0
2023-08-11 00:00:00+08:00,0.5,0.5049999952316284,0.4950000047683716,0.4950000047683716,7832100,0.0,0.0
2023-08-14 00:00:00+08:00,0.5,0.5,0.4950000047683716,0.5,1803900,0.0,0.0
2023-08-15 00:00:00+08:00,0.4950000047683716,0.5,0.49000000953674316,0.4950000047683716,6270500,0.0,0.0
2023-08-16 00:00:00+08:00,0.4950000047683716,0.4950000047683716,0.49000000953674316,0.4950000047683716,3171300,0.0,0.0
2023-08-17 00:00:00+08:00,0.4950000047683716,0.4950000047683716,0.49000000953674316,0.4950000047683716,5899800,0.0,0.0
2023-08-18 00:00:00+08:00,0.4950000047683716,0.4950000047683716,0.48500001430511475,0.4950000047683716,14468800,0.0,0.0
2023-08-21 00:00:00+08:00,0.4950000047683716,0.4950000047683716,0.49000000953674316,0.4950000047683716,3281800,0.0,0.0
2023-08-22 00:00:00+08:00,0.49000000953674316,0.4950000047683716,0.47999998927116394,0.48500001430511475,19435500,0.0,0.0
2023-08-23 00:00:00+08:00,0.47999998927116394,0.48500001430511475,0.4749999940395355,0.47999998927116394,18761400,0.0,0.0
2023-08-24 00:00:00+08:00,0.47999998927116394,0.48500001430511475,0.4749999940395355,0.48500001430511475,11075700,0.0,0.0
2023-08-25 00:00:00+08:00,0.48500001430511475,0.48500001430511475,0.47999998927116394,0.48500001430511475,4218800,0.0,0.0
2023-08-28 00:00:00+08:00,0.48500001430511475,0.4950000047683716,0.47999998927116394,0.48500001430511475,6067900,0.0,0.0
2023-08-29 00:00:00+08:00,0.48500001430511475,0.49000000953674316,0.48500001430511475,0.48500001430511475,1843600,0.0,0.0
2023-08-30 00:00:00+08:00,0.49000000953674316,0.49000000953674316,0.48500001430511475,0.49000000953674316,1143900,0.0,0.0
2023-08-31 00:00:00+08:00,0.49000000953674316,0.4950000047683716,0.48500001430511475,0.4950000047683716,16412900,0.0,0.0
2023-09-04 00:00:00+08:00,0.4950000047683716,0.4950000047683716,0.49000000953674316,0.4950000047683716,2924500,0.0,0.0
2023-09-05 00:00:00+08:00,0.49000000953674316,0.4950000047683716,0.48500001430511475,0.49000000953674316,6247800,0.0,0.0
2023-09-06 00:00:00+08:00,0.49000000953674316,0.49000000953674316,0.47999998927116394,0.48500001430511475,5990600,0.0,0.0
2023-09-07 00:00:00+08:00,0.48500001430511475,0.48500001430511475,0.47999998927116394,0.48500001430511475,1846900,0.0,0.0
2023-09-08 00:00:00+08:00,0.48500001430511475,0.49000000953674316,0.47999998927116394,0.49000000953674316,5711500,0.0,0.0
2023-09-11 00:00:00+08:00,0.49000000953674316,0.49000000953674316,0.48500001430511475,0.49000000953674316,1192400,0.0,0.0
2023-09-12 00:00:00+08:00,0.49000000953674316,0.49000000953674316,0.47999998927116394,0.48500001430511475,5242200,0.0,0.0
2023-09-13 00:00:00+08:00,0.48500001430511475,0.48500001430511475,0.47999998927116394,0.47999998927116394,4399800,0.0,0.0
2023-09-14 00:00:00+08:00,0.48500001430511475,0.48500001430511475,0.47999998927116394,0.48500001430511475,1699500,0.0,0.0
2023-09-15 00:00:00+08:00,0.48500001430511475,0.48500001430511475,0.4749999940395355,0.4749999940395355,18561300,0.0,0.0
2023-09-18 00:00:00+08:00,0.47999998927116394,0.48500001430511475,0.4749999940395355,0.47999998927116394,4832610,0.0,0.0
2023-09-19 00:00:00+08:00,0.47999998927116394,0.48500001430511475,0.47999998927116394,0.48500001430511475,857700,0.0,0.0
2023-09-20 00:00:00+08:00,0.48500001430511475,0.48500001430511475,0.47999998927116394,0.48500001430511475,1169200,0.0,0.0
2023-09-21 00:00:00+08:00,0.47999998927116394,0.48500001430511475,0.47999998927116394,0.47999998927116394,7363500,0.0,0.0
2023-09-22 00:00:00+08:00,0.48500001430511475,0.48500001430511475,0.47999998927116394,0.48500001430511475,2231000,0.0,0.0
2023-09-25 00:00:00+08:00,0.47999998927116394,0.48500001430511475,0.47999998927116394,0.48500001430511475,1050100,0.0,0.0
2023-09-26 00:00:00+08:00,0.48500001430511475,0.48500001430511475,0.4699999988079071,0.4749999940395355,15155400,0.0,0.0
2023-09-27 00:00:00+08:00,0.4749999940395355,0.4749999940395355,0.4650000035762787,0.4699999988079071,12961800,0.0,0.0
2023-09-28 00:00:00+08:00,0.4650000035762787,0.4650000035762787,0.46000000834465027,0.4650000035762787,10487900,0.0,0.0
2023-09-29 00:00:00+08:00,0.4650000035762787,0.4650000035762787,0.4399999976158142,0.4650000035762787,13072700,0.0,0.0
2023-10-02 00:00:00+08:00,0.46000000834465027,0.4650000035762787,0.46000000834465027,0.46000000834465027,1721100,0.0,0.0
2023-10-03 00:00:00+08:00,0.46000000834465027,0.4699999988079071,0.46000000834465027,0.4699999988079071,3904200,0.0,0.0
2023-10-04 00:00:00+08:00,0.4650000035762787,0.4699999988079071,0.46000000834465027,0.4650000035762787,4160000,0.0,0.0
2023-10-05 00:00:00+08:00,0.4650000035762787,0.4749999940395355,0.4650000035762787,0.4749999940395355,3402500,0.0,0.0
2023-10-06 00:00:00+08:00,0.4749999940395355,0.4749999940395355,0.4650000035762787,0.4699999988079071,3433800,0.0,0.0
2023-10-09 00:00:00+08:00,0.4650000035762787,0.4699999988079071,0.4650000035762787,0.4699999988079071,1259500,0.0,0.0
2023-10-10 00:00:00+08:00,0.4650000035762787,0.4699999988079071,0.4650000035762787,0.4699999988079071,1663600,0.0,0.0
2023-10-11 00:00:00+08:00,0.4650000035762787,0.4699999988079071,0.4650000035762787,0.4699999988079071,1721100,0.0,0.0
2023-10-12 00:00:00+08:00,0.4699999988079071,0.4749999940395355,0.4650000035762787,0.4749999940395355,1586600,0.0,0.0
2023-10-13 00:00:00+08:00,0.4699999988079071,0.4749999940395355,0.4699999988079071,0.4749999940395355,1345500,0.0,0.0
2023-10-16 00:00:00+08:00,0.4749999940395355,0.4749999940395355,0.4650000035762787,0.4699999988079071,3219000,0.0,0.0
2023-10-17 00:00:00+08:00,0.4699999988079071,0.4699999988079071,0.46000000834465027,0.4650000035762787,3800500,0.0,0.0
2023-10-18 00:00:00+08:00,0.4650000035762787,0.4650000035762787,0.46000000834465027,0.4650000035762787,778900,0.0,0.0
2023-10-19 00:00:00+08:00,0.46000000834465027,0.4650000035762787,0.44999998807907104,0.45500001311302185,11347600,0.0,0.0
2023-10-20 00:00:00+08:00,0.45500001311302185,0.46000000834465027,0.4449999928474426,0.4449999928474426,15947300,0.0,0.0
2023-10-23 00:00:00+08:00,0.4449999928474426,0.4449999928474426,0.4350000023841858,0.4350000023841858,10813900,0.0,0.0
2023-10-24 00:00:00+08:00,0.4350000023841858,0.4449999928474426,0.4350000023841858,0.4399999976158142,4388700,0.0,0.0
2023-10-25 00:00:00+08:00,0.4399999976158142,0.4449999928474426,0.4399999976158142,0.4399999976158142,1619400,0.0,0.0
2023-10-26 00:00:00+08:00,0.4399999976158142,0.44999998807907104,0.4399999976158142,0.4399999976158142,6104900,0.0,0.0
2023-10-27 00:00:00+08:00,0.4449999928474426,0.4449999928474426,0.4399999976158142,0.4449999928474426,1009100,0.0,0.0
2023-10-30 00:00:00+08:00,0.4399999976158142,0.4449999928474426,0.4350000023841858,0.4399999976158142,5956600,0.0,0.0
2023-10-31 00:00:00+08:00,0.4449999928474426,0.4449999928474426,0.4350000023841858,0.4399999976158142,3955400,0.0,0.0
2023-11-01 00:00:00+08:00,0.4350000023841858,0.4399999976158142,0.4350000023841858,0.4350000023841858,2602000,0.0,0.0
2023-11-02 00:00:00+08:00,0.4350000023841858,0.4449999928474426,0.4350000023841858,0.4399999976158142,4578100,0.0,0.0
2023-11-03 00:00:00+08:00,0.46000000834465027,0.49000000953674316,0.46000000834465027,0.48500001430511475,23535600,0.0,0.0
2023-11-06 00:00:00+08:00,0.4950000047683716,0.5049999952316284,0.49000000953674316,0.5,15717000,0.0,0.0
2023-11-07 00:00:00+08:00,0.5,0.5,0.4950000047683716,0.4950000047683716,5222600,0.0,0.0
2023-11-08 00:00:00+08:00,0.4950000047683716,0.5,0.4950000047683716,0.4950000047683716,12259200,0.0,0.0
2023-11-09 00:00:00+08:00,0.4650000035762787,0.4650000035762787,0.46000000834465027,0.4650000035762787,4453400,0.0,0.0
2023-11-10 00:00:00+08:00,0.4650000035762787,0.4650000035762787,0.46000000834465027,0.46000000834465027,4971100,0.0,0.0
2023-11-14 00:00:00+08:00,0.4650000035762787,0.4650000035762787,0.45500001311302185,0.4650000035762787,4701900,0.0,0.0
2023-11-15 00:00:00+08:00,0.4650000035762787,0.47999998927116394,0.46000000834465027,0.47999998927116394,8138400,0.0,0.0
2023-11-16 00:00:00+08:00,0.4699999988079071,0.47999998927116394,0.4699999988079071,0.47999998927116394,5914300,0.0,0.0
2023-11-17 00:00:00+08:00,0.47999998927116394,0.47999998927116394,0.4749999940395355,0.47999998927116394,1736800,0.0,0.0
2023-11-20 00:00:00+08:00,0.4749999940395355,0.47999998927116394,0.4650000035762787,0.4749999940395355,4593400,0.0,0.0
2023-11-21 00:00:00+08:00,0.4749999940395355,0.47999998927116394,0.4699999988079071,0.4749999940395355,4929000,0.0,0.0
2023-11-22 00:00:00+08:00,0.47999998927116394,0.47999998927116394,0.4650000035762787,0.4699999988079071,7749300,0.0,0.0
2023-11-23 00:00:00+08:00,0.4699999988079071,0.4749999940395355,0.4650000035762787,0.4699999988079071,3912200,0.0,0.0
2023-11-24 00:00:00+08:00,0.4699999988079071,0.4749999940395355,0.4650000035762787,0.4699999988079071,8695200,0.0,0.0
2023-11-27 00:00:00+08:00,0.4699999988079071,0.4749999940395355,0.4699999988079071,0.4699999988079071,941100,0.0,0.0
2023-11-28 00:00:00+08:00,0.4749999940395355,0.4749999940395355,0.4699999988079071,0.4749999940395355,1069800,0.0,0.0
2023-11-29 00:00:00+08:00,0.4749999940395355,0.47999998927116394,0.4699999988079071,0.4749999940395355,5460200,0.0,0.0
2023-11-30 00:00:00+08:00,0.4699999988079071,0.4749999940395355,0.4699999988079071,0.4699999988079071,1504000,0.0,0.0
2023-12-01 00:00:00+08:00,0.4699999988079071,0.4749999940395355,0.4699999988079071,0.4699999988079071,1741200,0.0,0.0
2023-12-04 00:00:00+08:00,0.4749999940395355,0.4749999940395355,0.4699999988079071,0.4699999988079071,2940900,0.0,0.0
2023-12-05 00:00:00+08:00,0.4749999940395355,0.4749999940395355,0.4699999988079071,0.4699999988079071,716300,0.0,0.0
2023-12-06 00:00:00+08:00,0.4749999940395355,0.4749999940395355,0.4699999988079071,0.4749999940395355,2591600,0.0,0.0
2023-12-07 00:00:00+08:00,0.4699999988079071,0.47999998927116394,0.4699999988079071,0.4749999940395355,6475800,0.0,0.0
2023-12-08 00:00:00+08:00,0.4749999940395355,0.47999998927116394,0.4699999988079071,0.4749999940395355,7745900,0.0,0.0
2023-12-11 00:00:00+08:00,0.4749999940395355,0.47999998927116394,0.4699999988079071,0.47999998927116394,1264400,0.0,0.0
2023-12-12 00:00:00+08:00,0.47999998927116394,0.47999998927116394,0.4749999940395355,0.47999998927116394,1308100,0.0,0.0
2023-12-13 00:00:00+08:00,0.47999998927116394,0.48500001430511475,0.4749999940395355,0.47999998927116394,6858100,0.0,0.0
2023-12-14 00:00:00+08:00,0.48500001430511475,0.4950000047683716,0.48500001430511475,0.4950000047683716,10005700,0.0,0.0
2023-12-15 00:00:00+08:00,0.4950000047683716,0.4950000047683716,0.49000000953674316,0.49000000953674316,4988000,0.0,0.0
2023-12-18 00:00:00+08:00,0.49000000953674316,0.4950000047683716,0.48500001430511475,0.49000000953674316,3053100,0.0,0.0
2023-12-19 00:00:00+08:00,0.49000000953674316,0.4950000047683716,0.49000000953674316,0.49000000953674316,1220300,0.0,0.0
2023-12-20 00:00:00+08:00,0.4950000047683716,0.4950000047683716,0.49000000953674316,0.49000000953674316,1203300,0.0,0.0
2023-12-21 00:00:00+08:00,0.49000000953674316,0.4950000047683716,0.48500001430511475,0.4950000047683716,4590300,0.0,0.0
2023-12-22 00:00:00+08:00,0.4950000047683716,0.4950000047683716,0.49000000953674316,0.4950000047683716,2716200,0.0,0.0
2023-12-26 00:00:00+08:00,0.4950000047683716,0.4950000047683716,0.49000000953674316,0.49000000953674316,956000,0.0,0.0
2023-12-27 00:00:00+08:00,0.49000000953674316,0.5,0.49000000953674316,0.5,3925200,0.0,0.0
2023-12-28 00:00:00+08:00,0.5,0.5049999952316284,0.4950000047683716,0.5,6491000,0.0,0.0
2023-12-29 00:00:00+08:00,0.5,0.5049999952316284,0.4950000047683716,0.5,7194700,0.0,0.0
2024-01-02 00:00:00+08:00,0.5,0.5049999952316284,0.5,0.5049999952316284,2577400,0.0,0.0
2024-01-03 00:00:00+08:00,0.5,0.5099999904632568,0.5,0.5049999952316284,6026500,0.0,0.0
2024-01-04 00:00:00+08:00,0.5049999952316284,0.5049999952316284,0.5,0.5049999952316284,2575300,0.0,0.0
2024-01-05 00:00:00+08:00,0.5,0.5049999952316284,0.5,0.5049999952316284,1588300,0.0,0.0
2024-01-08 00:00:00+08:00,0.5049999952316284,0.5099999904632568,0.5,0.5049999952316284,5790000,0.0,0.0
2024-01-09 00:00:00+08:00,0.5099999904632568,0.5099999904632568,0.5049999952316284,0.5099999904632568,1287300,0.0,0.0
2024-01-10 00:00:00+08:00,0.5099999904632568,0.5099999904632568,0.5049999952316284,0.5099999904632568,1528000,0.0,0.0
2024-01-11 00:00:00+08:00,0.5099999904632568,0.5099999904632568,0.5049999952316284,0.5099999904632568,1397100,0.0,0.0
2024-01-12 00:00:00+08:00,0.5099999904632568,0.5099999904632568,0.5049999952316284,0.5049999952316284,1484900,0.0,0.0
2024-01-15 00:00:00+08:00,0.5049999952316284,0.5099999904632568,0.5049999952316284,0.5049999952316284,1360700,0.0,0.0
2024-01-16 00:00:00+08:00,0.5099999904632568,0.5099999904632568,0.5049999952316284,0.5099999904632568,2111700,0.0,0.0
2024-01-17 00:00:00+08:00,0.5099999904632568,0.5099999904632568,0.5,0.5,5221100,0.0,0.0
2024-01-18 00:00:00+08:00,0.5049999952316284,0.5049999952316284,0.5,0.5049999952316284,884800,0.0,0.0
2024-01-19 00:00:00+08:00,0.5049999952316284,0.5049999952316284,0.5,0.5049999952316284,1647500,0.0,0.0
2024-01-22 00:00:00+08:00,0.5049999952316284,0.5099999904632568,0.5,0.5,2571900,0.0,0.0
2024-01-23 00:00:00+08:00,0.5,0.5049999952316284,0.5,0.5,527800,0.0,0.0
2024-01-24 00:00:00+08:00,0.5049999952316284,0.5099999904632568,0.5,0.5099999904632568,3473500,0.0,0.0
2024-01-25 00:00:00+08:00,0.5099999904632568,0.5099999904632568,0.5,0.5049999952316284,2365200,0.0,0.0
2024-01-26 00:00:00+08:00,0.5099999904632568,0.5099999904632568,0.5049999952316284,0.5049999952316284,1297700,0.0,0.0
2024-01-29 00:00:00+08:00,0.5099999904632568,0.5099999904632568,0.5049999952316284,0.5049999952316284,799500,0.0,0.0
2024-01-30 00:00:00+08:00,0.5099999904632568,0.5099999904632568,0.5049999952316284,0.5049999952316284,1133900,0.0,0.0
2024-01-31 00:00:00+08:00,0.5099999904632568,0.5099999904632568,0.5,0.5049999952316284,10005600,0.0,0.0
2024-02-01 00:00:00+08:00,0.5099999904632568,0.5149999856948853,0.5,0.5099999904632568,16804700,0.0,0.0
2024-02-02 00:00:00+08:00,0.5099999904632568,0.5149999856948853,0.5049999952316284,0.5099999904632568,5029900,0.0,0.0
2024-02-05 00:00:00+08:00,0.5149999856948853,0.5149999856948853,0.5049999952316284,0.5049999952316284,8759600,0.0,0.0
2024-02-06 00:00:00+08:00,0.5,0.5,0.48500001430511475,0.4950000047683716,14730200,0.0,0.0
2024-02-07 00:00:00+08:00,0.4950000047683716,0.5,0.49000000953674316,0.5,7737200,0.0,0.0
2024-02-08 00:00:00+08:00,0.4950000047683716,0.5099999904632568,0.4950000047683716,0.5049999952316284,14190300,0.0,0.0
2024-02-09 00:00:00+08:00,0.5049999952316284,0.5049999952316284,0.5,0.5049999952316284,723600,0.0,0.0
2024-02-13 00:00:00+08:00,0.5,0.5049999952316284,0.5,0.5049999952316284,3206200,0.0,0.0
2024-02-14 00:00:00+08:00,0.5,0.5049999952316284,0.4950000047683716,0.5,7345100,0.0,0.0
2024-02-15 00:00:00+08:00,0.5049999952316284,0.5049999952316284,0.5,0.5,3357000,0.0,0.0
2024-02-16 00:00:00+08:00,0.5049999952316284,0.5099999904632568,0.5,0.5,5783000,0.0,0.0
2024-02-19 00:00:00+08:00,0.5,0.5049999952316284,0.5,0.5,6697500,0.0,0.0
2024-02-20 00:00:00+08:00,0.5,0.5049999952316284,0.4950000047683716,0.5,6153700,0.0,0.0
2024-02-21 00:00:00+08:00,0.5,0.5,0.4950000047683716,0.5,3690100,0.0,0.0
2024-02-22 00:00:00+08:00,0.5,0.5,0.4950000047683716,0.4950000047683716,2461000,0.0,0.0
2024-02-23 00:00:00+08:00,0.5,0.5,0.4950000047683716,0.4950000047683716,1605900,0.0,0.0
2024-02-26 00:00:00+08:00,0.4950000047683716,0.5,0.4950000047683716,0.4950000047683716,7193800,0.0,0.0
2024-02-27 00:00:00+08:00,0.4950000047683716,0.4950000047683716,0.49000000953674316,0.4950000047683716,3457500,0.0,0.0
2024-02-28 00:00:00+08:00,0.4950000047683716,0.5,0.49000000953674316,0.4950000047683716,4374700,0.0,0.0
2024-02-29 00:00:00+08:00,0.4950000047683716,0.5,0.49000000953674316,0.49000000953674316,8164500,0.0,0.0
2024-03-01 00:00:00+08:00,0.49000000953674316,0.4950000047683716,0.49000000953674316,0.49000000953674316,3533600,0.0,0.0
2024-03-04 00:00:00+08:00,0.49000000953674316,0.4950000047683716,0.49000000953674316,0.49000000953674316,2327400,0.0,0.0
2024-03-05 00:00:00+08:00,0.49000000953674316,0.4950000047683716,0.48500001430511475,0.49000000953674316,4689700,0.0,0.0
2024-03-06 00:00:00+08:00,0.49000000953674316,0.4950000047683716,0.48500001430511475,0.48500001430511475,6400200,0.0,0.0
2024-03-07 00:00:00+08:00,0.49000000953674316,0.4950000047683716,0.47999998927116394,0.49000000953674316,6509200,0.0,0.0
2024-03-08 00:00:00+08:00,0.4950000047683716,0.4950000047683716,0.49000000953674316,0.49000000953674316,2419200,0.0,0.0
2024-03-11 00:00:00+08:00,0.49000000953674316,0.4950000047683716,0.49000000953674316,0.4950000047683716,1810500,0.0,0.0
2024-03-12 00:00:00+08:00,0.49000000953674316,0.4950000047683716,0.48500001430511475,0.49000000953674316,7560900,0.0,0.0
2024-03-13 00:00:00+08:00,0.49000000953674316,0.4950000047683716,0.48500001430511475,0.48500001430511475,5239100,0.0,0.0
2024-03-14 00:00:00+08:00,0.48500001430511475,0.49000000953674316,0.48500001430511475,0.49000000953674316,1350700,0.0,0.0
2024-03-15 00:00:00+08:00,0.49000000953674316,0.4950000047683716,0.48500001430511475,0.4950000047683716,8827600,0.0,0.0
2024-03-18 00:00:00+08:00,0.4950000047683716,0.4950000047683716,0.48500001430511475,0.48500001430511475,3306900,0.0,0.0
2024-03-19 00:00:00+08:00,0.48500001430511475,0.4950000047683716,0.48500001430511475,0.49000000953674316,1915500,0.0,0.0
2024-03-20 00:00:00+08:00,0.49000000953674316,0.5,0.48500001430511475,0.49000000953674316,6110800,0.0,0.0
2024-03-21 00:00:00+08:00,0.49000000953674316,0.4950000047683716,0.49000000953674316,0.4950000047683716,3975100,0.0,0.0
2024-03-22 00:00:00+08:00,0.4950000047683716,0.5,0.49000000953674316,0.4950000047683716,3550800,0.0,0.0
2024-03-25 00:00:00+08:00,0.49000000953674316,0.4950000047683716,0.49000000953674316,0.4950000047683716,1009600,0.0,0.0
2024-03-26 00:00:00+08:00,0.4950000047683716,0.4950000047683716,0.49000000953674316,0.49000000953674316,1455600,0.0,0.0
2024-03-27 00:00:00+08:00,0.49000000953674316,0.4950000047683716,0.47999998927116394,0.48500001430511475,17544600,0.0,0.0
2024-03-28 00:00:00+08:00,0.49000000953674316,0.4950000047683716,0.48500001430511475,0.4950000047683716,3782500,0.0,0.0
2024-04-01 00:00:00+08:00,0.49000000953674316,0.4950000047683716,0.48500001430511475,0.4950000047683716,8292100,0.0,0.0
2024-04-02 00:00:00+08:00,0.49000000953674316,0.4950000047683716,0.49000000953674316,0.49000000953674316,3249700,0.0,0.0
2024-04-03 00:00:00+08:00,0.49000000953674316,0.49000000953674316,0.48500001430511475,0.49000000953674316,2724900,0.0,0.0
2024-04-04 00:00:00+08:00,0.49000000953674316,0.4950000047683716,0.48500001430511475,0.49000000953674316,3093400,0.0,0.0
2024-04-05 00:00:00+08:00,0.49000000953674316,0.4950000047683716,0.49000000953674316,0.4950000047683716,6844000,0.0,0.0
2024-04-08 00:00:00+08:00,0.49000000953674316,0.4950000047683716,0.49000000953674316,0.49000000953674316,2424700,0.0,0.0
2024-04-09 00:00:00+08:00,0.4950000047683716,0.4950000047683716,0.49000000953674316,0.4950000047683716,857500,0.0,0.0
2024-04-11 00:00:00+08:00,0.4950000047683716,0.4950000047683716,0.49000000953674316,0.4950000047683716,2817000,0.0,0.0
2024-04-12 00:00:00+08:00,0.4950000047683716,0.4950000047683716,0.49000000953674316,0.49000000953674316,1091300,0.0,0.0
2024-04-15 00:00:00+08:00,0.49000000953674316,0.4950000047683716,0.49000000953674316,0.49000000953674316,2401000,0.0,0.0
2024-04-16 00:00:00+08:00,0.49000000953674316,0.4950000047683716,0.48500001430511475,0.48500001430511475,4212800,0.0,0.0
2024-04-17 00:00:00+08:00,0.48500001430511475,0.49000000953674316,0.48500001430511475,0.49000000953674316,2215400,0.0,0.0
2024-04-18 00:00:00+08:00,0.48500001430511475,0.48500001430511475,0.4699999988079071,0.47999998927116394,18726600,0.0,0.0
2024-04-19 00:00:00+08:00,0.47999998927116394,0.47999998927116394,0.4749999940395355,0.47999998927116394,2639600,0.0,0.0
2024-04-22 00:00:00+08:00,0.47999998927116394,0.48500001430511475,0.4749999940395355,0.4749999940395355,6841000,0.0,0.0
2024-04-23 00:00:00+08:00,0.4749999940395355,0.47999998927116394,0.4699999988079071,0.4749999940395355,6773800,0.0,0.0
2024-04-24 00:00:00+08:00,0.4749999940395355,0.47999998927116394,0.4749999940395355,0.47999998927116394,1765500,0.0,0.0
2024-04-25 00:00:00+08:00,0.47999998927116394,0.48500001430511475,0.4749999940395355,0.48500001430511475,3343500,0.0,0.0
2024-04-26 00:00:00+08:00,0.47999998927116394,0.48500001430511475,0.4699999988079071,0.4699999988079071,10461600,0.0,0.0
2024-04-29 00:00:00+08:00,0.4749999940395355,0.48500001430511475,0.4699999988079071,0.47999998927116394,6264800,0.0,0.0
2024-04-30 00:00:00+08:00,0.47999998927116394,0.48500001430511475,0.4699999988079071,0.4749999940395355,8476700,0.0,0.0
2024-05-02 00:00:00+08:00,0.4749999940395355,0.4749999940395355,0.4650000035762787,0.4699999988079071,12580400,0.0,0.0
2024-05-03 00:00:00+08:00,0.4699999988079071,0.4749999940395355,0.4650000035762787,0.4650000035762787,7085400,0.0,0.0
2024-05-06 00:00:00+08:00,0.4699999988079071,0.4699999988079071,0.46000000834465027,0.4650000035762787,15106700,0.0,0.0
2024-05-07 00:00:00+08:00,0.4650000035762787,0.4650000035762787,0.46000000834465027,0.4650000035762787,3153000,0.0,0.0
2024-05-08 00:00:00+08:00,0.4650000035762787,0.4650000035762787,0.44999998807907104,0.45500001311302185,25406400,0.0,0.0
2024-05-09 00:00:00+08:00,0.45500001311302185,0.46000000834465027,0.44999998807907104,0.45500001311302185,3656500,0.0,0.0
2024-05-10 00:00:00+08:00,0.46000000834465027,0.4650000035762787,0.45500001311302185,0.46000000834465027,6297800,0.0,0.0
2024-05-13 00:00:00+08:00,0.46000000834465027,0.46000000834465027,0.45500001311302185,0.45500001311302185,1497400,0.0,0.0
2024-05-14 00:00:00+08:00,0.45500001311302185,0.45500001311302185,0.4350000023841858,0.4399999976158142,38615100,0.0,0.0
2024-05-15 00:00:00+08:00,0.4449999928474426,0.44999998807907104,0.4399999976158142,0.4449999928474426,13419600,0.0,0.0
2024-05-16 00:00:00+08:00,0.44999998807907104,0.46000000834465027,0.4449999928474426,0.45500001311302185,6142200,0.0,0.0
2024-05-17 00:00:00+08:00,0.46000000834465027,0.46000000834465027,0.45500001311302185,0.45500001311302185,2322000,0.0,0.0
2024-05-20 00:00:00+08:00,0.45500001311302185,0.46000000834465027,0.44999998807907104,0.46000000834465027,4591500,0.0,0.0
2024-05-21 00:00:00+08:00,0.46000000834465027,0.46000000834465027,0.45500001311302185,0.45500001311302185,2101300,0.0,0.0
2024-05-23 00:00:00+08:00,0.46000000834465027,0.46000000834465027,0.44999998807907104,0.44999998807907104,3548300,0.0,0.0
2024-05-24 00:00:00+08:00,0.45500001311302185,0.46000000834465027,0.44999998807907104,0.46000000834465027,4812200,0.0,0.0
2024-05-27 00:00:00+08:00,0.45500001311302185,0.46000000834465027,0.44999998807907104,0.46000000834465027,2260500,0.0,0.0
2024-05-28 00:00:00+08:00,0.46000000834465027,0.46000000834465027,0.45500001311302185,0.46000000834465027,1724000,0.0,0.0
2024-05-29 00:00:00+08:00,0.46000000834465027,0.4699999988079071,0.45500001311302185,0.46000000834465027,6395100,0.0,0.0
2024-05-30 00:00:00+08:00,0.4650000035762787,0.4650000035762787,0.44999998807907104,0.46000000834465027,10992800,0.0,0.0
2024-05-31 00:00:00+08:00,0.45500001311302185,0.46000000834465027,0.44999998807907104,0.45500001311302185,12908300,0.0,0.0
2024-06-03 00:00:00+08:00,0.45500001311302185,0.46000000834465027,0.44999998807907104,0.45500001311302185,2832700,0.0,0.0
2024-06-04 00:00:00+08:00,0.45500001311302185,0.45500001311302185,0.44999998807907104,0.45500001311302185,1017300,0.0,0.0
2024-06-05 00:00:00+08:00,0.45500001311302185,0.45500001311302185,0.44999998807907104,0.44999998807907104,1479900,0.0,0.0
2024-06-06 00:00:00+08:00,0.44999998807907104,0.45500001311302185,0.44999998807907104,0.44999998807907104,880900,0.0,0.0
2024-06-07 00:00:00+08:00,0.44999998807907104,0.45500001311302185,0.44999998807907104,0.44999998807907104,1829100,0.0,0.0
2024-06-10 00:00:00+08:00,0.44999998807907104,0.45500001311302185,0.44999998807907104,0.45500001311302185,987200,0.0,0.0
2024-06-11 00:00:00+08:00,0.45500001311302185,0.45500001311302185,0.44999998807907104,0.44999998807907104,1295000,0.0,0.0
2024-06-12 00:00:00+08:00,0.44999998807907104,0.45500001311302185,0.44999998807907104,0.45500001311302185,1037400,0.0,0.0
2024-06-13 00:00:00+08:00,0.45500001311302185,0.46000000834465027,0.44999998807907104,0.46000000834465027,4434700,0.0,0.0
2024-06-14 00:00:00+08:00,0.46000000834465027,0.46000000834465027,0.44999998807907104,0.45500001311302185,3510800,0.0,0.0
2024-06-18 00:00:00+08:00,0.45500001311302185,0.46000000834465027,0.45500001311302185,0.45500001311302185,1601800,0.0,0.0
2024-06-19 00:00:00+08:00,0.46000000834465027,0.4650000035762787,0.45500001311302185,0.46000000834465027,4016900,0.0,0.0
2024-06-20 00:00:00+08:00,0.46000000834465027,0.4650000035762787,0.46000000834465027,0.4650000035762787,1240300,0.0,0.0
2024-06-21 00:00:00+08:00,0.4650000035762787,0.4749999940395355,0.4650000035762787,0.4699999988079071,20201100,0.0,0.0
2024-06-24 00:00:00+08:00,0.4699999988079071,0.4749999940395355,0.4699999988079071,0.4749999940395355,5603661,0.0,0.0
2024-06-25 00:00:00+08:00,0.4749999940395355,0.47999998927116394,0.4699999988079071,0.4699999988079071,4861000,0.0,0.0
2024-06-26 00:00:00+08:00,0.4749999940395355,0.4749999940395355,0.4699999988079071,0.4699999988079071,4394800,0.0,0.0
2024-06-27 00:00:00+08:00,0.4749999940395355,0.4749999940395355,0.4650000035762787,0.4650000035762787,4640700,0.0,0.0
2024-06-28 00:00:00+08:00,0.4699999988079071,0.4699999988079071,0.4650000035762787,0.4699999988079071,1619100,0.0,0.0
2024-07-01 00:00:00+08:00,0.4699999988079071,0.4699999988079071,0.4650000035762787,0.4650000035762787,1417300,0.0,0.0
2024-07-02 00:00:00+08:00,0.4699999988079071,0.4699999988079071,0.4650000035762787,0.4699999988079071,1542600,0.0,0.0
2024-07-03 00:00:00+08:00,0.4699999988079071,0.4699999988079071,0.4650000035762787,0.4650000035762787,788300,0.0,0.0
2024-07-04 00:00:00+08:00,0.4699999988079071,0.4699999988079071,0.4650000035762787,0.4650000035762787,958600,0.0,0.0
2024-07-05 00:00:00+08:00,0.4699999988079071,0.4699999988079071,0.4650000035762787,0.4650000035762787,1747100,0.0,0.0
2024-07-08 00:00:00+08:00,0.4650000035762787,0.4699999988079071,0.4650000035762787,0.4699999988079071,1315000,0.0,0.0
2024-07-09 00:00:00+08:00,0.4699999988079071,0.4749999940395355,0.4650000035762787,0.4749999940395355,3849300,0.0,0.0
2024-07-10 00:00:00+08:00,0.4699999988079071,0.4749999940395355,0.4699999988079071,0.4699999988079071,844200,0.0,0.0
2024-07-11 00:00:00+08:00,0.4749999940395355,0.4749999940395355,0.4699999988079071,0.4699999988079071,1269000,0.0,0.0
2024-07-12 00:00:00+08:00,0.4699999988079071,0.47999998927116394,0.4699999988079071,0.4749999940395355,3585800,0.0,0.0
2024-07-15 00:00:00+08:00,0.4749999940395355,0.4749999940395355,0.4699999988079071,0.4749999940395355,1340500,0.0,0.0
2024-07-16 00:00:00+08:00,0.4749999940395355,0.4749999940395355,0.4699999988079071,0.4749999940395355,1945000,0.0,0.0
2024-07-17 00:00:00+08:00,0.4749999940395355,0.47999998927116394,0.4699999988079071,0.47999998927116394,1741000,0.0,0.0
2024-07-18 00:00:00+08:00,0.4749999940395355,0.47999998927116394,0.4749999940395355,0.4749999940395355,1684200,0.0,0.0
2024-07-19 00:00:00+08:00,0.4749999940395355,0.47999998927116394,0.4749999940395355,0.47999998927116394,3359500,0.0,0.0
2024-07-22 00:00:00+08:00,0.47999998927116394,0.47999998927116394,0.4749999940395355,0.4749999940395355,771100,0.0,0.0
2024-07-23 00:00:00+08:00,0.4749999940395355,0.47999998927116394,0.4749999940395355,0.47999998927116394,5850900,0.0,0.0
2024-07-24 00:00:00+08:00,0.4749999940395355,0.47999998927116394,0.4749999940395355,0.47999998927116394,1692500,0.0,0.0
2024-07-25 00:00:00+08:00,0.4749999940395355,0.47999998927116394,0.4699999988079071,0.4699999988079071,5930800,0.0,0.0
2024-07-26 00:00:00+08:00,0.4749999940395355,0.4749999940395355,0.4699999988079071,0.4749999940395355,4584800,0.0,0.0
2024-07-29 00:00:00+08:00,0.47999998927116394,0.48500001430511475,0.4749999940395355,0.47999998927116394,9321900,0.0,0.0
2024-07-30 00:00:00+08:00,0.47999998927116394,0.48500001430511475,0.47999998927116394,0.47999998927116394,3866900,0.0,0.0
2024-07-31 00:00:00+08:00,0.48500001430511475,0.48500001430511475,0.47999998927116394,0.47999998927116394,4337700,0.0,0.0
2024-08-01 00:00:00+08:00,0.47999998927116394,0.48500001430511475,0.47999998927116394,0.48500001430511475,5698300,0.0,0.0
2024-08-02 00:00:00+08:00,0.4650000035762787,0.4650000035762787,0.46000000834465027,0.46000000834465027,5714700,0.0,0.0
2024-08-05 00:00:00+08:00,0.46000000834465027,0.46000000834465027,0.44999998807907104,0.44999998807907104,11384600,0.0,0.0
2024-08-06 00:00:00+08:00,0.45500001311302185,0.45500001311302185,0.4399999976158142,0.4399999976158142,17886300,0.0,0.0
2024-08-07 00:00:00+08:00,0.4449999928474426,0.4449999928474426,0.4399999976158142,0.4449999928474426,9653300,0.0,0.0
2024-08-08 00:00:00+08:00,0.4399999976158142,0.4449999928474426,0.4399999976158142,0.4449999928474426,4548500,0.0,0.0
2024-08-12 00:00:00+08:00,0.4449999928474426,0.44999998807907104,0.4399999976158142,0.44999998807907104,9245100,0.0,0.0
2024-08-13 00:00:00+08:00,0.44999998807907104,0.44999998807907104,0.4449999928474426,0.4449999928474426,2874200,0.0,0.0
2024-08-14 00:00:00+08:00,0.4449999928474426,0.44999998807907104,0.4399999976158142,0.4399999976158142,18388200,0.0,0.0
2024-08-15 00:00:00+08:00,0.4449999928474426,0.45500001311302185,0.4449999928474426,0.45500001311302185,7527200,0.0,0.0
2024-08-16 00:00:00+08:00,0.45500001311302185,0.46000000834465027,0.44999998807907104,0.45500001311302185,5837200,0.0,0.0
2024-08-19 00:00:00+08:00,0.45500001311302185,0.46000000834465027,0.44999998807907104,0.45500001311302185,3746900,0.0,0.0
2024-08-20 00:00:00+08:00,0.44999998807907104,0.45500001311302185,0.44999998807907104,0.45500001311302185,3304300,0.0,0.0
2024-08-21 00:00:00+08:00,0.45500001311302185,0.45500001311302185,0.44999998807907104,0.44999998807907104,2288100,0.0,0.0
2024-08-22 00:00:00+08:00,0.44999998807907104,0.46000000834465027,0.44999998807907104,0.46000000834465027,4308000,0.0,0.0
2024-08-23 00:00:00+08:00,0.46000000834465027,0.4650000035762787,0.45500001311302185,0.4650000035762787,5897600,0.0,0.0
2024-08-26 00:00:00+08:00,0.4650000035762787,0.4699999988079071,0.4650000035762787,0.4650000035762787,5552700,0.0,0.0
2024-08-27 00:00:00+08:00,0.4650000035762787,0.4650000035762787,0.4650000035762787,0.4650000035762787,0,0.0,0.0
2024-08-28 00:00:00+08:00,0.44999998807907104,0.45500001311302185,0.4449999928474426,0.45500001311302185,47489800,0.0,0.0
2024-08-29 00:00:00+08:00,0.45500001311302185,0.45500001311302185,0.44999998807907104,0.45500001311302185,8447400,0.0,0.0
2024-08-30 00:00:00+08:00,0.45500001311302185,0.46000000834465027,0.44999998807907104,0.46000000834465027,25373500,0.0,0.0
2024-09-02 00:00:00+08:00,0.46000000834465027,0.46000000834465027,0.45500001311302185,0.46000000834465027,5197000,0.0,0.0
2024-09-05 00:00:00+08:00,0.44999998807907104,0.44999998807907104,0.4449999928474426,0.44999998807907104,4080775,0.0,0.0
2024-09-06 00:00:00+08:00,0.44999998807907104,0.45500001311302185,0.4449999928474426,0.45500001311302185,17614200,0.0,0.0
