Date,Open,High,Low,Close,Volume,Dividends,Stock Splits
2007-02-26 00:00:00+09:00,1856.1353664268443,1874.7587981970132,1812.68069229645,1825.0963134765625,45300,0.0,0.0
2007-02-27 00:00:00+09:00,1831.3046874999998,1831.3046874999998,1713.3562499999998,1738.1875,120000,0.0,0.0
2007-02-28 00:00:00+09:00,1589.199931569343,1719.5639884558907,1582.9921193366504,1700.9405517578125,53800,0.0,0.0
2007-03-01 00:00:00+09:00,1725.771825818048,1750.603075110394,1682.3171395564425,1713.356201171875,40000,0.0,0.0
2007-03-02 00:00:00+09:00,1688.524737241457,1725.7716064453125,1676.109114173505,1725.7716064453125,14000,0.0,0.0
2007-03-05 00:00:00+09:00,1676.109475255466,1707.1485396120486,1632.6547851562502,1632.65478515625,27900,0.0,0.0
2007-03-06 00:00:00+09:00,1626.4468749999999,1700.940625,1626.4468749999999,1676.109375,18300,0.0,0.0
2007-03-07 00:00:00+09:00,1738.1872295132644,1756.8106641151921,1725.7716064453125,1725.7716064453125,30000,0.0,0.0
2007-03-08 00:00:00+09:00,1750.6026229858398,1794.0572980244954,1744.3948122660317,1787.8494873046875,27400,0.0,0.0
2007-03-09 00:00:00+09:00,1800.2656249999998,1806.4734374999998,1787.85,1800.265625,23000,0.0,0.0
2007-03-12 00:00:00+09:00,1787.849468427835,1831.3041430076782,1787.849468427835,1806.472900390625,27400,0.0,0.0
2007-03-13 00:00:00+09:00,1812.6813247787368,1812.6813247787368,1775.4344482421873,1775.4344482421875,10000,0.0,0.0
2007-03-14 00:00:00+09:00,1725.771875,1763.01875,1719.5640624999999,1738.1875,13700,0.0,0.0
2007-03-15 00:00:00+09:00,1787.85,1818.8890625,1775.4343749999998,1800.265625,19400,0.0,0.0
2007-03-16 00:00:00+09:00,1781.6421376292817,1806.4733869342194,1744.395263671875,1744.395263671875,17000,0.0,0.0
2007-03-19 00:00:00+09:00,1744.39496576743,1744.39496576743,1719.5637207031248,1719.563720703125,17000,0.0,0.0
2007-03-20 00:00:00+09:00,1725.7713713629084,1756.8104248046875,1725.7713713629084,1756.8104248046875,8300,0.0,0.0
2007-03-22 00:00:00+09:00,1794.0577158470676,1825.0967766748715,1775.4342793503852,1812.68115234375,28700,0.0,0.0
2007-03-23 00:00:00+09:00,1831.3046874999998,1831.3046874999998,1781.6421874999999,1800.265625,20000,0.0,0.0
2007-03-26 00:00:00+09:00,1825.096483041809,1831.3042942086179,1806.4730495413824,1818.888671875,90000,0.0,0.0
2007-03-27 00:00:00+09:00,1837.576469215187,1843.8055419921875,1812.6601781071845,1843.8055419921875,70000,10.0,0.0
2007-03-28 00:00:00+09:00,1837.5764008082122,1856.26361844355,1825.118255717987,1850.0345458984375,180000,0.0,0.0
2007-03-29 00:00:00+09:00,1825.118173828125,1868.7216796875,1781.51466796875,1868.7216796875,260000,0.0,0.0
2007-03-30 00:00:00+09:00,1856.263104917203,1874.9503173828125,1825.117750807854,1874.9503173828125,160000,0.0,0.0
2007-04-02 00:00:00+09:00,1874.9508360788877,1887.4089811691128,1843.805473353325,1850.0345458984375,90000,0.0,0.0
2007-04-03 00:00:00+09:00,1843.8049632734635,1874.9503173828125,1831.3468216297238,1874.9503173828125,200000,0.0,0.0
2007-04-04 00:00:00+09:00,1874.950372354874,1887.4085143638763,1862.4922303458713,1881.179443359375,170000,0.0,0.0
2007-04-05 00:00:00+09:00,1881.17982421875,1881.17982421875,1868.7216796875,1868.7216796875,60000,0.0,0.0
2007-04-06 00:00:00+09:00,1881.179443359375,1887.4085143638763,1868.7213013503726,1881.179443359375,120000,0.0,0.0
2007-04-09 00:00:00+09:00,1887.408459026552,1893.6375298484218,1874.9503173828125,1874.9503173828125,100000,0.0,0.0
2007-04-10 00:00:00+09:00,1862.492607421875,1881.17982421875,1856.2635351562499,1868.7216796875,78300,0.0,0.0
2007-04-11 00:00:00+09:00,1874.9507270425054,1874.9507270425054,1831.347221762447,1837.5762939453125,56700,0.0,0.0
2007-04-12 00:00:00+09:00,1812.659871419271,1818.8889431423613,1775.2854410807292,1793.97265625,100000,0.0,0.0
2007-04-13 00:00:00+09:00,1806.430702746754,1812.659774135536,1769.0562744140625,1769.0562744140625,46400,0.0,0.0
2007-04-16 00:00:00+09:00,1769.0563556494662,1787.7435706739325,1744.140068950178,1750.369140625,100000,0.0,0.0
2007-04-17 00:00:00+09:00,1731.681607536344,1737.9106780670502,1694.3071843521063,1700.5362548828125,137800,0.0,0.0
2007-04-18 00:00:00+09:00,1719.223862901866,1750.3692227370448,1706.7657189677946,1731.6820068359375,84500,0.0,0.0
2007-04-19 00:00:00+09:00,1737.910858822565,1750.369001179716,1706.7655029296875,1706.7655029296875,63800,0.0,0.0
2007-04-20 00:00:00+09:00,1719.223602182311,1725.4526732047104,1675.620105025513,1688.0782470703125,60000,0.0,0.0
2007-04-23 00:00:00+09:00,1688.0784369574653,1800.2017279730903,1669.3912217881946,1681.849365234375,140000,0.0,0.0
2007-04-24 00:00:00+09:00,1681.849365234375,1700.536580403646,1663.1621500651042,1681.849365234375,60000,0.0,0.0
2007-04-25 00:00:00+09:00,1700.5366073330965,1712.9947509765625,1694.3075355113635,1712.9947509765625,66500,0.0,0.0
2007-04-26 00:00:00+09:00,1694.3074955516015,1756.598212299822,1694.3074955516015,1750.369140625,100000,0.0,0.0
2007-04-27 00:00:00+09:00,1750.3691679475971,1756.5982397196526,1712.994737315264,1725.452880859375,100000,0.0,0.0
2007-05-01 00:00:00+09:00,1737.9110382634942,1737.9110382634942,1700.5366073330965,1712.9947509765625,59200,0.0,0.0
2007-05-02 00:00:00+09:00,1719.2238090873195,1725.452880859375,1706.7656655432086,1725.452880859375,54100,0.0,0.0
2007-05-07 00:00:00+09:00,1756.5984421585135,1762.8275146484375,1756.5984421585135,1762.8275146484375,53900,0.0,0.0
2007-05-08 00:00:00+09:00,1744.14013671875,1750.3692086356027,1725.452920968192,1744.14013671875,61100,0.0,0.0
2007-05-09 00:00:00+09:00,1712.9947909348302,1731.6820068359375,1712.9947909348302,1731.6820068359375,82700,0.0,0.0
2007-05-10 00:00:00+09:00,1800.2019495879802,1812.6600945678279,1750.3693696685898,1762.8275146484375,132600,0.0,0.0
2007-05-11 00:00:00+09:00,1638.2461160688256,1669.3914794921873,1638.2461160688256,1669.3914794921875,209900,0.0,0.0
2007-05-14 00:00:00+09:00,1625.788155423678,1644.4753756009616,1619.5590820312502,1619.55908203125,169900,0.0,0.0
2007-05-15 00:00:00+09:00,1638.2456725608301,1638.2456725608301,1619.5584595658397,1632.0166015625,100200,0.0,0.0
2007-05-16 00:00:00+09:00,1656.9329411611811,1656.9329411611811,1632.0166563316898,1638.2457275390625,80100,0.0,0.0
2007-05-17 00:00:00+09:00,1650.7039087199053,1650.7039087199053,1594.642266536965,1600.871337890625,157800,0.0,0.0
2007-05-18 00:00:00+09:00,1494.977199748411,1494.977199748411,1438.9155547578457,1470.0609130859375,342300,0.0,0.0
2007-05-21 00:00:00+09:00,1494.9769610969388,1526.122314453125,1488.7478904257014,1526.122314453125,110000,0.0,0.0
2007-05-22 00:00:00+09:00,1532.3515779397233,1588.413221035079,1532.3515779397233,1575.955078125,150000,0.0,0.0
2007-05-23 00:00:00+09:00,1588.413218513864,1600.8713614041687,1513.6643611720351,1519.8934326171875,190000,0.0,0.0
2007-05-24 00:00:00+09:00,1519.8935688113377,1519.8935688113377,1501.2063528013623,1507.4354248046875,109700,0.0,0.0
2007-05-25 00:00:00+09:00,1457.6029439032832,1494.9773783623418,1445.144799083597,1476.2901611328125,242100,0.0,0.0
2007-05-28 00:00:00+09:00,1494.977118200837,1507.4352608525105,1482.5189755491633,1488.748046875,165800,0.0,0.0
2007-05-29 00:00:00+09:00,1501.2063528013623,1513.6644968080125,1494.977280798037,1507.4354248046875,63000,0.0,0.0
2007-05-30 00:00:00+09:00,1569.72589719248,1569.72589719248,1551.0386841306647,1563.496826171875,175800,0.0,0.0
2007-05-31 00:00:00+09:00,1563.4970161132812,1569.726087890625,1538.5807290039063,1557.2679443359375,132200,0.0,0.0
2007-06-01 00:00:00+09:00,1532.3513851243622,1538.5804557955994,1519.8932437818876,1526.122314453125,119300,0.0,0.0
2007-06-04 00:00:00+09:00,1557.2678637598813,1588.413221035079,1551.0387923048418,1575.955078125,103500,0.0,0.0
2007-06-05 00:00:00+09:00,1569.72589719248,1569.72589719248,1551.0386841306647,1563.496826171875,55600,0.0,0.0
2007-06-06 00:00:00+09:00,1551.038818359375,1557.2678899190512,1544.8097467996988,1551.038818359375,43200,0.0,0.0
2007-06-07 00:00:00+09:00,1538.5809857768397,1551.0391314106605,1538.5809857768397,1544.81005859375,39400,0.0,0.0
2007-06-08 00:00:00+09:00,1513.664306640625,1526.1224490821116,1513.664306640625,1513.664306640625,75200,0.0,0.0
2007-06-11 00:00:00+09:00,1538.5807564588097,1538.5807564588097,1513.6644689048208,1532.3516845703125,121300,0.0,0.0
2007-06-12 00:00:00+09:00,1482.518908691406,1507.4351928710937,1482.518908691406,1494.97705078125,127600,0.0,0.0
2007-06-13 00:00:00+09:00,1457.602715674867,1470.0608585438831,1457.602715674867,1463.831787109375,110300,0.0,0.0
2007-06-14 00:00:00+09:00,1432.686279296875,1438.9153500764266,1420.228137737772,1432.686279296875,169300,0.0,0.0
2007-06-15 00:00:00+09:00,1445.1443977029915,1457.6025390625,1432.686256343483,1457.6025390625,100000,0.0,0.0
2007-06-18 00:00:00+09:00,1513.6641731106504,1526.122314453125,1507.4351024394132,1526.122314453125,99700,0.0,0.0
2007-06-19 00:00:00+09:00,1544.809760089828,1544.809760089828,1532.351616863297,1538.5806884765625,109800,0.0,0.0
2007-06-20 00:00:00+09:00,1551.0388725585938,1563.4970161132812,1551.0388725585938,1557.2679443359375,70900,0.0,0.0
2007-06-21 00:00:00+09:00,1557.2677551512697,1569.72589719248,1557.2677551512697,1563.496826171875,80000,0.0,0.0
2007-06-22 00:00:00+09:00,1563.4969614787274,1563.4969614787274,1538.5806752400226,1551.038818359375,93400,0.0,0.0
2007-06-25 00:00:00+09:00,1544.8098283473068,1551.038900235804,1532.3516845703125,1532.3516845703125,86700,0.0,0.0
2007-06-26 00:00:00+09:00,1513.664306640625,1519.8933778613684,1507.4352354198818,1513.664306640625,69800,0.0,0.0
2007-06-27 00:00:00+09:00,1507.4354931843231,1507.4354931843231,1501.2064208984375,1501.2064208984375,64600,0.0,0.0
2007-06-28 00:00:00+09:00,1532.3513851243622,1532.3513851243622,1526.122314453125,1526.122314453125,51400,0.0,0.0
2007-06-29 00:00:00+09:00,1538.5807290039063,1557.2679443359375,1526.1225854492186,1557.2679443359375,60000,0.0,0.0
2007-07-02 00:00:00+09:00,1575.9553074257046,1594.642524509804,1557.2680903416053,1588.4134521484375,60000,0.0,0.0
2007-07-03 00:00:00+09:00,1575.9550233871219,1575.9550233871219,1544.8096671937005,1569.7259521484375,70000,0.0,0.0
2007-07-04 00:00:00+09:00,1563.4969614787274,1563.4969614787274,1544.8097467996988,1551.038818359375,87900,0.0,0.0
2007-07-05 00:00:00+09:00,1551.0388725585938,1557.2679443359375,1538.5807290039063,1557.2679443359375,53100,0.0,0.0
2007-07-06 00:00:00+09:00,1563.4968261718748,1569.72589719248,1544.8096131100597,1563.496826171875,54000,0.0,0.0
2007-07-09 00:00:00+09:00,1551.038900235804,1557.2679721243012,1519.8935407933182,1532.3516845703125,120000,0.0,0.0
2007-07-10 00:00:00+09:00,1538.5805915235983,1538.5805915235983,1513.664306640625,1513.664306640625,50000,0.0,0.0
2007-07-11 00:00:00+09:00,1501.2064208984375,1513.6645654702088,1494.9773486125519,1501.2064208984375,60000,0.0,0.0
2007-07-12 00:00:00+09:00,1513.6644968080125,1519.8935688113377,1488.748208794712,1507.4354248046875,70000,0.0,0.0
2007-07-13 00:00:00+09:00,1526.1224490821116,1538.5805915235983,1501.2061641991384,1513.664306640625,74300,0.0,0.0
2007-07-17 00:00:00+09:00,1532.3516845703125,1538.5807564588097,1532.3516845703125,1532.3516845703125,44400,0.0,0.0
2007-07-18 00:00:00+09:00,1507.4354248046875,1513.6644968080125,1501.2063528013623,1507.4354248046875,52800,0.0,0.0
2007-07-19 00:00:00+09:00,1513.6643611720351,1519.8934326171875,1501.2062182817303,1519.8934326171875,55200,0.0,0.0
2007-07-20 00:00:00+09:00,1488.748046875,1494.977118200837,1488.748046875,1488.748046875,70300,0.0,0.0
2007-07-23 00:00:00+09:00,1457.6029739052442,1457.6029739052442,1445.144828829131,1451.3739013671875,158900,0.0,0.0
2007-07-24 00:00:00+09:00,1432.6863030627767,1432.6863030627767,1395.3118777654868,1407.77001953125,127500,0.0,0.0
2007-07-25 00:00:00+09:00,1376.6250381469727,1395.312255859375,1376.6250381469727,1395.312255859375,106800,0.0,0.0
2007-07-26 00:00:00+09:00,1351.708825227256,1357.9378981545706,1314.3343876633687,1333.0216064453125,63400,0.0,0.0
2007-07-27 00:00:00+09:00,1258.272393588362,1270.730536099138,1233.3561085668105,1264.50146484375,176200,0.0,0.0
2007-07-30 00:00:00+09:00,1276.9596363947942,1314.3340647770808,1245.8142794095552,1295.6468505859375,157700,0.0,0.0
2007-07-31 00:00:00+09:00,1364.166748046875,1364.166748046875,1351.7086042290955,1364.166748046875,98100,0.0,0.0
2007-08-01 00:00:00+09:00,1401.5410410333004,1420.2282549137444,1370.3956845658938,1376.624755859375,100000,0.0,0.0
2007-08-02 00:00:00+09:00,1301.8760735006892,1301.8760735006892,1227.127208036535,1270.730712890625,220000,0.0,0.0
2007-08-03 00:00:00+09:00,1283.1885619569787,1389.082763671875,1283.1885619569787,1389.082763671875,220000,0.0,0.0
2007-08-06 00:00:00+09:00,1370.3957659347468,1420.228339241465,1345.4794792813877,1413.999267578125,120000,0.0,0.0
2007-08-07 00:00:00+09:00,1376.6246222936518,1401.540905050098,1364.1664809154288,1389.082763671875,168900,0.0,0.0
2007-08-08 00:00:00+09:00,1401.5411074798888,1420.2283222462872,1239.5852461711015,1258.2724609375,320000,0.0,0.0
2007-08-09 00:00:00+09:00,1195.9816722972973,1214.6688859269425,1139.9200314083614,1152.378173828125,525100,0.0,0.0
2007-08-10 00:00:00+09:00,1058.9420837763498,1071.4002259384245,1021.5676572901257,1052.7130126953125,680800,0.0,0.0
2007-08-13 00:00:00+09:00,1158.6074754031583,1164.8365478515625,1146.1493305063502,1164.8365478515625,462500,0.0,0.0
2007-08-14 00:00:00+09:00,1202.2108022836537,1220.8980168269231,1189.7526592548077,1214.6689453125,195600,0.0,0.0
2007-08-15 00:00:00+09:00,1189.7522627981084,1195.981332236842,1171.0650544819077,1183.523193359375,254800,0.0,0.0
2007-08-16 00:00:00+09:00,1177.294677734375,1214.6691119481648,1158.6074606274801,1177.294677734375,270000,0.0,0.0
2007-08-17 00:00:00+09:00,1183.523599375849,1202.2108141028361,1133.6910267705503,1146.149169921875,130000,0.0,0.0
2007-08-20 00:00:00+09:00,1202.2109375,1214.6690819300518,1177.2946486398964,1202.2109375,170000,0.0,0.0
2007-08-21 00:00:00+09:00,1208.439888227104,1289.4178188814976,1195.981745049505,1258.2724609375,250000,0.0,0.0
2007-08-22 00:00:00+09:00,1214.6689453125,1227.127088341346,1189.7526592548077,1214.6689453125,137300,0.0,0.0
2007-08-23 00:00:00+09:00,1239.5852728949653,1239.5852728949653,1220.8980577256946,1233.356201171875,109600,0.0,0.0
2007-08-24 00:00:00+09:00,1245.814238757622,1295.6468083079267,1239.5851675638337,1276.9595947265625,220000,0.0,0.0
2007-08-27 00:00:00+09:00,1258.2723892054607,1258.2723892054607,1208.4398193359375,1208.4398193359375,133300,0.0,0.0
2007-08-28 00:00:00+09:00,1189.7526592548077,1239.5852313701923,1183.5235877403845,1214.6689453125,58800,0.0,0.0
2007-08-29 00:00:00+09:00,1152.3782283003611,1164.8363713090137,1139.9200852917086,1158.6072998046875,104000,0.0,0.0
2007-08-30 00:00:00+09:00,1183.52375010334,1189.752822472305,1164.8365329964452,1177.294677734375,70000,0.0,0.0
2007-08-31 00:00:00+09:00,1195.9815989847716,1227.126953125,1183.5234573286803,1227.126953125,109700,0.0,0.0
2007-09-03 00:00:00+09:00,1245.8144430051814,1245.8144430051814,1183.5237208549224,1202.2109375,60000,0.0,0.0
2007-09-04 00:00:00+09:00,1208.4400395791997,1208.4400395791997,1171.0656053654102,1177.294677734375,29100,0.0,0.0
2007-09-05 00:00:00+09:00,1177.2944983796701,1183.5235697996684,1115.0037841796875,1115.0037841796875,129600,0.0,0.0
2007-09-06 00:00:00+09:00,1083.858368100499,1083.858368100499,1040.2548705332376,1052.7130126953125,170000,0.0,0.0
2007-09-07 00:00:00+09:00,1058.942156441604,1077.6293709670442,984.1932983398439,984.1932983398438,330000,0.0,0.0
2007-09-10 00:00:00+09:00,928.1313301036561,977.9638847400939,921.9022607741013,953.047607421875,210000,0.0,0.0
2007-09-11 00:00:00+09:00,971.7351684570312,996.6514548277244,928.1316673083184,971.7351684570312,200000,0.0,0.0
2007-09-12 00:00:00+09:00,977.9638847400939,990.4220233992035,946.8185380923202,953.047607421875,140000,0.0,0.0
2007-09-13 00:00:00+09:00,946.8187926841888,959.2769346931913,940.5897216796875,940.5897216796875,98400,0.0,0.0
2007-09-14 00:00:00+09:00,971.7352831409235,984.1934277965763,959.2771384852706,977.96435546875,120000,0.0,0.0
2007-09-18 00:00:00+09:00,971.7348154105392,977.9638847400939,946.8185380923202,953.047607421875,68100,0.0,0.0
2007-09-19 00:00:00+09:00,977.9643266571235,1002.880615234375,977.9643266571235,1002.880615234375,83900,0.0,0.0
2007-09-20 00:00:00+09:00,1040.2546946207683,1065.1709747314453,1034.025624593099,1046.4837646484375,179400,0.0,0.0
2007-09-21 00:00:00+09:00,1027.796834309896,1065.1712646484375,1027.796834309896,1065.1712646484375,120000,0.0,0.0
2007-09-25 00:00:00+09:00,1046.4840363078035,1077.62939453125,990.4223915055998,1077.62939453125,210000,0.0,0.0
2007-09-26 00:00:00+09:00,1077.6294080946182,1121.23291015625,1065.1712646484375,1121.23291015625,120000,0.0,0.0
2007-09-27 00:00:00+09:00,1133.6910536024307,1239.5852728949653,1133.6910536024307,1233.356201171875,260000,0.0,0.0
2007-09-28 00:00:00+09:00,1245.8143446180557,1245.8143446180557,1202.2108425564236,1233.356201171875,220000,0.0,0.0
2007-10-01 00:00:00+09:00,1233.356174582302,1301.8759620590965,1214.6689598159035,1258.2724609375,150000,0.0,0.0
2007-10-02 00:00:00+09:00,1283.1886659203506,1289.4177371141386,1264.5014523389862,1276.9595947265625,90000,0.0,0.0
2007-10-03 00:00:00+09:00,1252.043208511421,1420.2281171174327,1245.8141378223092,1389.082763671875,260000,0.0,0.0
2007-10-04 00:00:00+09:00,1357.937827634605,1438.915771484375,1345.4796824269479,1438.915771484375,240000,0.0,0.0
2007-10-05 00:00:00+09:00,1407.7704084652325,1438.915771484375,1401.5413358614041,1438.915771484375,120000,0.0,0.0
2007-10-09 00:00:00+09:00,1463.8317368746787,1538.5805915235983,1457.6026656539352,1513.664306640625,230000,0.0,0.0
2007-10-10 00:00:00+09:00,1494.977118200837,1532.3515461558577,1463.8317615716528,1488.748046875,200000,0.0,0.0
2007-10-11 00:00:00+09:00,1463.8316955566404,1513.6642639160154,1420.2281982421873,1494.97705078125,137100,0.0,0.0
2007-10-12 00:00:00+09:00,1450.589032144314,1451.3739013671877,1450.589032144314,1451.3739013671875,137100,0.0,0.0
2007-10-15 00:00:00+09:00,1457.6027692215034,1463.8318408848431,1407.7701959147853,1413.999267578125,75400,0.0,0.0
2007-10-16 00:00:00+09:00,1344.7197543491181,1344.7197543491181,1339.2506103515627,1339.2506103515625,75400,0.0,0.0
2007-10-17 00:00:00+09:00,1292.9807227491049,1301.8758544921875,1292.9807227491049,1301.8758544921875,75400,0.0,0.0
2007-10-18 00:00:00+09:00,1276.959754486787,1382.8539780295937,1276.959754486787,1351.7086181640625,150000,0.0,0.0
2007-10-19 00:00:00+09:00,1311.0451383941688,1314.3341064453125,1311.0451383941688,1314.3341064453125,154100,0.0,0.0
2007-10-22 00:00:00+09:00,1220.8980957031251,1320.563246372768,1214.6690237862724,1308.1051025390625,100000,0.0,0.0
2007-10-23 00:00:00+09:00,1349.3353304932784,1382.85400390625,1349.3353304932784,1382.85400390625,101500,0.0,0.0
2007-10-24 00:00:00+09:00,1420.2285461425781,1432.6866912841797,1382.8541107177734,1395.312255859375,85500,0.0,0.0
2007-10-25 00:00:00+09:00,1507.93998833776,1532.3516845703125,1507.93998833776,1532.3516845703125,85500,0.0,0.0
2007-10-26 00:00:00+09:00,1511.3161244966027,1511.3161244966027,1507.4354248046875,1507.4354248046875,85500,0.0,0.0
2007-10-29 00:00:00+09:00,1528.8010633067195,1551.038818359375,1528.8010633067195,1551.038818359375,85500,0.0,0.0
2007-10-30 00:00:00+09:00,1575.7189364922965,1619.5590820312502,1575.7189364922965,1619.55908203125,85500,0.0,0.0
2007-10-31 00:00:00+09:00,1613.329576280382,1632.0167914496528,1569.72607421875,1625.7877197265625,126600,0.0,0.0
2007-11-01 00:00:00+09:00,1644.4750976562502,1644.4750976562502,1644.4750976562502,1644.47509765625,126600,0.0,0.0
2007-11-02 00:00:00+09:00,1632.0165022029435,1632.0165022029435,1607.1002197265625,1607.1002197265625,126600,0.0,0.0
2007-11-05 00:00:00+09:00,1557.2680008312886,1563.4970728346138,1488.748208794712,1507.4354248046875,148300,0.0,0.0
2007-11-06 00:00:00+09:00,1481.5845980940194,1481.5845980940194,1445.14453125,1445.14453125,148300,0.0,0.0
2007-11-07 00:00:00+09:00,1434.9851122612952,1434.9851122612952,1401.541259765625,1401.541259765625,148300,0.0,0.0
2007-11-08 00:00:00+09:00,1401.541336414426,1401.541336414426,1339.2506103515627,1339.2506103515625,148300,0.0,0.0
2007-11-09 00:00:00+09:00,1341.9478474547143,1341.9478474547143,1339.2506103515627,1339.2506103515625,148300,0.0,0.0
2007-11-12 00:00:00+09:00,1270.7306041150991,1270.7306041150991,1258.2724609375,1258.2724609375,148300,0.0,0.0
2007-11-13 00:00:00+09:00,1263.3054557888672,1264.50146484375,1263.3054557888672,1264.50146484375,148300,0.0,0.0
2007-11-14 00:00:00+09:00,1310.8894794366615,1310.8894794366615,1308.1051025390625,1308.1051025390625,148300,0.0,0.0
2007-11-15 00:00:00+09:00,1289.4178466796875,1295.6469184027778,1283.1887749565974,1289.4178466796875,76000,0.0,0.0
2007-11-16 00:00:00+09:00,1245.577745337367,1245.814453125,1245.577745337367,1245.814453125,76000,0.0,0.0
2007-11-19 00:00:00+09:00,1195.981332236842,1195.981332236842,1183.523193359375,1183.523193359375,76000,0.0,0.0
2007-11-20 00:00:00+09:00,1090.0874859720304,1127.4619140625,1090.0874859720304,1127.4619140625,76000,0.0,0.0
2007-11-21 00:00:00+09:00,1128.365111960196,1128.365111960196,1115.0037841796875,1115.0037841796875,76000,0.0,0.0
2007-11-22 00:00:00+09:00,1075.8539906122685,1090.08740234375,1075.8539906122685,1090.08740234375,76000,0.0,0.0
2007-11-26 00:00:00+09:00,1127.4618469908999,1171.0653438358518,1108.774634057349,1133.69091796875,130000,0.0,0.0
2007-11-27 00:00:00+09:00,1077.6294212769926,1108.7747802734375,1077.6294212769926,1108.7747802734375,76000,0.0,0.0
2007-11-28 00:00:00+09:00,1104.5576192421954,1115.0037841796875,1104.5576192421954,1115.0037841796875,76000,0.0,0.0
2007-11-29 00:00:00+09:00,1171.4767603723362,1171.4767603723362,1164.8365478515625,1164.8365478515625,76000,0.0,0.0
2007-11-30 00:00:00+09:00,1173.955741115964,1173.955741115964,1158.6072998046875,1158.6072998046875,76000,0.0,0.0
2007-12-03 00:00:00+09:00,1227.1460094675347,1239.58544921875,1227.1460094675347,1239.58544921875,76000,0.0,0.0
2007-12-04 00:00:00+09:00,1212.7811142638795,1212.7811142638795,1183.523193359375,1183.523193359375,76000,0.0,0.0
2007-12-05 00:00:00+09:00,1256.4472056916668,1301.8758544921875,1256.4472056916668,1301.8758544921875,76000,0.0,0.0
2007-12-06 00:00:00+09:00,1258.2724609375,1276.9596757038985,1258.2724609375,1258.2724609375,76000,0.0,0.0
2007-12-07 00:00:00+09:00,1283.1888571346508,1283.1888571346508,1270.730712890625,1270.730712890625,76000,0.0,0.0
2007-12-10 00:00:00+09:00,1270.5749718675336,1283.1888427734375,1270.5749718675336,1283.1888427734375,76000,0.0,0.0
2007-12-11 00:00:00+09:00,1301.8758544921875,1301.8758544921875,1276.9595701956862,1301.8758544921875,88100,0.0,0.0
2007-12-12 00:00:00+09:00,1276.959703233507,1289.4178466796875,1276.959703233507,1289.4178466796875,88100,0.0,0.0
2007-12-13 00:00:00+09:00,1268.5070512628008,1268.5070512628008,1252.0435791015625,1252.0435791015625,88100,0.0,0.0
2007-12-14 00:00:00+09:00,1204.197949673172,1204.197949673172,1171.0655517578125,1171.0655517578125,88100,0.0,0.0
2007-12-17 00:00:00+09:00,1160.638023959597,1160.638023959597,1121.23291015625,1121.23291015625,88100,0.0,0.0
2007-12-18 00:00:00+09:00,1096.316557320442,1152.3781994561464,1090.0874859720304,1127.4619140625,70000,0.0,0.0
2007-12-19 00:00:00+09:00,1121.23291015625,1121.23291015625,1065.1712646484375,1065.1712646484375,88100,0.0,0.0
2007-12-20 00:00:00+09:00,1067.251655905618,1067.251655905618,1040.2548828125,1040.2548828125,88100,0.0,0.0
2007-12-21 00:00:00+09:00,1051.3922748717791,1051.3922748717791,1046.4837646484375,1046.4837646484375,88100,0.0,0.0
2007-12-25 00:00:00+09:00,1097.680700062207,1115.0037841796875,1097.680700062207,1115.0037841796875,88100,0.0,0.0
2007-12-26 00:00:00+09:00,1141.221953014754,1146.149169921875,1141.221953014754,1146.149169921875,88100,0.0,0.0
2007-12-27 00:00:00+09:00,1151.4562961190452,1151.4562961190452,1139.9200439453125,1139.9200439453125,88100,0.0,0.0
2007-12-28 00:00:00+09:00,1121.2328960440752,1121.2328960440752,1077.62939453125,1077.62939453125,81900,0.0,0.0
2008-01-04 00:00:00+09:00,1077.6292970194618,1077.6292970194618,1046.4839416142752,1052.7130126953125,92500,0.0,0.0
2008-01-07 00:00:00+09:00,1065.1714556525735,1065.1714556525735,1052.7133099724265,1058.9423828125,88100,0.0,0.0
2008-01-08 00:00:00+09:00,1046.4842151988635,1052.7132879083806,1027.7969970703125,1027.7969970703125,88100,0.0,0.0
2008-01-09 00:00:00+09:00,1027.7968073465738,1034.02587890625,1027.7968073465738,1034.02587890625,88100,0.0,0.0
2008-01-10 00:00:00+09:00,998.4017661709265,998.4017661709265,940.5897216796875,940.5897216796875,88100,0.0,0.0
2008-01-11 00:00:00+09:00,851.0780931281145,851.0780931281145,847.1537475585938,847.1537475585938,88100,0.0,0.0
2008-01-15 00:00:00+09:00,847.5086277653139,847.5086277653139,803.5501098632812,803.5501098632812,88100,0.0,0.0
2008-01-16 00:00:00+09:00,778.6339069234914,784.8629781788793,703.8850518588363,722.572265625,420400,0.0,0.0
2008-01-17 00:00:00+09:00,747.4888070913462,828.4667611929087,716.3434401292068,809.779541015625,451200,0.0,0.0
2008-01-18 00:00:00+09:00,803.5502522786459,896.986328125,803.5502522786459,896.986328125,451200,0.0,0.0
2008-01-21 00:00:00+09:00,840.924812430766,853.3829578001107,834.6957397460936,834.6957397460938,451200,0.0,0.0
2008-01-22 00:00:00+09:00,797.3212017276422,797.3212017276422,753.7176985081618,766.1758422851562,167900,0.0,0.0
2008-01-23 00:00:00+09:00,803.5501176883014,803.5501176883014,722.5721988514957,728.80126953125,358200,0.0,0.0
2008-01-24 00:00:00+09:00,735.0303402110043,766.1756936097756,716.3431281717415,728.80126953125,342900,0.0,0.0
2008-01-25 00:00:00+09:00,741.2594108907585,741.2594108907585,728.80126953125,728.80126953125,339900,0.0,0.0
2008-01-28 00:00:00+09:00,704.3523658083196,710.1142578125,704.3523658083196,710.1142578125,339900,0.0,0.0
2008-01-29 00:00:00+09:00,720.7534861609602,720.7534861609602,710.1142578125,710.1142578125,339900,0.0,0.0
2008-01-30 00:00:00+09:00,735.0304081357759,741.2594793911638,710.1141231142242,722.572265625,374600,0.0,0.0
2008-01-31 00:00:00+09:00,666.5108032226562,666.5108032226562,666.5108032226562,666.5108032226562,374600,0.0,0.0
2008-02-01 00:00:00+09:00,703.8851853755483,710.1142578125,691.4270405016448,710.1142578125,287900,0.0,0.0
2008-02-04 00:00:00+09:00,685.1979517053675,691.4270239935981,660.281662552445,672.7398071289062,323600,0.0,0.0
2008-02-05 00:00:00+09:00,647.8234126252948,660.2815551757812,647.8234126252948,660.2815551757812,323600,0.0,0.0
2008-02-06 00:00:00+09:00,634.2441720924936,634.2441720924936,621.6614379882812,621.6614379882812,323600,0.0,0.0
2008-02-07 00:00:00+09:00,563.7309883027532,588.6472750785655,563.7309883027532,579.9265747070312,323600,0.0,0.0
2008-02-08 00:00:00+09:00,579.5216881988786,579.5216881988786,552.5186767578125,552.5186767578125,323600,0.0,0.0
2008-02-12 00:00:00+09:00,552.8362903909385,552.8362903909385,498.32568359374994,498.32568359375,323600,0.0,0.0
2008-02-13 00:00:00+09:00,510.16096343994144,510.16096343994144,485.8675842285156,485.8675842285156,323600,0.0,0.0
2008-02-14 00:00:00+09:00,497.702831932121,536.9459838867188,495.8341104104735,536.9459838867188,323600,0.0,0.0
2008-02-15 00:00:00+09:00,521.373203246646,538.8146007268206,504.55471281933484,537.5687866210938,518200,0.0,0.0
2008-02-18 00:00:00+09:00,582.2936881680316,599.8596801757812,582.2936881680316,599.8596801757812,518200,0.0,0.0
2008-02-19 00:00:00+09:00,615.4322729733912,635.3653020575496,601.1054083191523,629.13623046875,518200,0.0,0.0
2008-02-20 00:00:00+09:00,591.7618461277174,591.7618461277174,535.7001975471968,544.4208984375,537700,0.0,0.0
2008-02-21 00:00:00+09:00,562.3419839270922,573.6975708007812,562.3419839270922,573.6975708007812,537700,0.0,0.0
2008-02-22 00:00:00+09:00,543.4180464221099,553.7645263671875,543.4180464221099,553.7645263671875,537700,0.0,0.0
2008-02-25 00:00:00+09:00,533.8313443039135,546.9123924140445,533.8313443039135,537.5687866210938,537700,0.0,0.0
2008-02-26 00:00:00+09:00,526.0886666473737,526.0886666473737,508.2922058105469,508.2922058105469,537700,0.0,0.0
2008-02-27 00:00:00+09:00,512.0295664717511,517.0128225931307,510.78375244140625,510.78375244140625,537700,0.0,0.0
2008-02-28 00:00:00+09:00,454.72222489804835,492.0966543417236,454.09931774065376,481.5072326660156,537700,0.0,0.0
2008-02-29 00:00:00+09:00,466.55755099734745,467.18045827504756,457.2139418318465,460.9513854980469,537700,0.0,0.0
2008-03-03 00:00:00+09:00,425.4456270042986,435.41214242460427,424.8227197905295,427.937255859375,536900,0.0,0.0
2008-03-04 00:00:00+09:00,427.31435966491705,427.31435966491705,418.5936584472657,418.5936584472656,536900,0.0,0.0
2008-03-05 00:00:00+09:00,393.54023028850264,393.54023028850264,387.44818115234375,387.44818115234375,536900,0.0,0.0
2008-03-06 00:00:00+09:00,381.8420531609006,381.8420531609006,367.51518982859926,369.3839111328125,536900,0.0,0.0
2008-03-07 00:00:00+09:00,369.48979847620393,369.48979847620393,346.9592590332031,346.9592590332031,536900,0.0,0.0
2008-03-10 00:00:00+09:00,319.8191760472634,319.8191760472634,319.55133056640625,319.55133056640625,536900,0.0,0.0
2008-03-11 00:00:00+09:00,336.9928071468249,339.48443603515625,327.649198815582,339.48443603515625,536900,0.0,0.0
2008-03-12 00:00:00+09:00,345.7134372300146,348.2050656064472,329.5178527832031,329.5178527832031,536900,0.0,0.0
2008-03-13 00:00:00+09:00,313.94523494944855,322.04302870806526,313.94523494944855,317.68267822265625,536900,0.0,0.0
2008-03-14 00:00:00+09:00,286.10748502097863,286.53729248046875,286.10748502097863,286.53729248046875,536900,0.0,0.0
2008-03-17 00:00:00+09:00,261.7642166162065,261.7642166162065,261.6209411621094,261.6209411621094,536900,0.0,0.0
2008-03-18 00:00:00+09:00,237.32760375173467,237.6390572999653,236.70469665527344,236.70469665527344,536900,0.0,0.0
2008-03-19 00:00:00+09:00,248.17252813149315,253.52330017089847,248.17252813149315,253.52330017089844,536900,0.0,0.0
2008-03-21 00:00:00+09:00,250.0971691743827,252.27734375,250.0971691743827,252.27734375,536900,0.0,0.0
2008-03-24 00:00:00+09:00,248.30324878560333,248.30324878560333,242.9337921142578,242.9337921142578,536900,0.0,0.0
2008-03-25 00:00:00+09:00,236.7047261450575,242.9337978857169,235.7703653839586,240.44216918945312,536900,0.0,0.0
2008-03-26 00:00:00+09:00,228.45244569805925,230.07267580939302,221.6474792304575,224.887939453125,910500,15.0,0.0
2008-03-27 00:00:00+09:00,209.40503364708576,209.40503364708576,198.96427917480466,198.9642791748047,910500,0.0,0.0
2008-03-28 00:00:00+09:00,201.55660331447257,201.55660331447257,189.37248215079308,195.07568359375,910500,0.0,0.0
2008-03-31 00:00:00+09:00,194.42765831742145,194.42765831742145,188.27078247070312,188.27078247070312,910500,0.0,0.0
2008-04-01 00:00:00+09:00,178.2252960205078,178.2252960205078,178.2252960205078,178.2252960205078,910500,0.0,0.0
2008-04-02 00:00:00+09:00,178.22532778880634,197.6680908203125,178.22532778880634,197.6680908203125,910500,0.0,0.0
2008-04-03 00:00:00+09:00,205.61366433057148,205.61366433057148,197.01995849609375,197.01995849609375,910500,0.0,0.0
2008-04-04 00:00:00+09:00,187.1884358695167,187.1884358695167,179.52151489257812,179.52151489257812,910500,0.0,0.0
2008-04-07 00:00:00+09:00,185.12750553096856,187.88189697265625,185.12750553096856,187.88189697265625,910500,0.0,0.0
2008-04-08 00:00:00+09:00,191.90004645997593,191.90004645997593,184.9654541015625,184.9654541015625,910500,0.0,0.0
2008-04-09 00:00:00+09:00,185.01732357302166,193.45547485351562,185.01732357302166,193.45547485351562,910500,0.0,0.0
2008-04-10 00:00:00+09:00,190.53906736230155,190.53906736230155,189.17807006835935,189.17807006835938,910500,0.0,0.0
2008-04-11 00:00:00+09:00,189.28821640794607,190.6686553955078,189.28821640794607,190.6686553955078,910500,0.0,0.0
2008-04-14 00:00:00+09:00,190.63632623378334,198.31622314453125,190.63632623378334,198.31622314453125,910500,0.0,0.0
2008-04-15 00:00:00+09:00,223.701945197533,224.23985290527344,223.701945197533,224.23985290527344,910500,0.0,0.0
2008-04-16 00:00:00+09:00,224.33063016731504,250.16357421874997,224.33063016731504,250.16357421875,910500,0.0,0.0
2008-04-17 00:00:00+09:00,264.40863731583346,275.1151123046875,264.40863731583346,275.1151123046875,910500,0.0,0.0
2008-04-18 00:00:00+09:00,290.99333271596623,290.99333271596623,281.9200439453125,281.9200439453125,910500,0.0,0.0
2008-04-21 00:00:00+09:00,305.32257141402675,307.8436584472656,305.32257141402675,307.8436584472656,910500,0.0,0.0
2008-04-22 00:00:00+09:00,333.44335120965627,333.44335120965627,313.6765441894531,313.6765441894531,910500,0.0,0.0
2008-04-23 00:00:00+09:00,295.5948216301395,296.1781005859375,295.5948216301395,296.1781005859375,910500,0.0,0.0
2008-04-24 00:00:00+09:00,295.52995961957276,305.8994318869262,285.8085793689289,292.9375915527344,1413500,0.0,0.0
2008-04-25 00:00:00+09:00,299.74261249158315,302.6590270996094,299.74261249158315,302.6590270996094,1413500,0.0,0.0
2008-04-28 00:00:00+09:00,328.87435200004387,328.87435200004387,328.58270263671875,328.58270263671875,1413500,0.0,0.0
2008-04-30 00:00:00+09:00,327.4355279648078,360.98724365234375,327.4355279648078,360.98724365234375,1413500,0.0,0.0
2008-05-01 00:00:00+09:00,372.65289964110895,379.13381963486734,357.0986916560887,360.98724365234375,2583900,0.0,0.0
2008-05-02 00:00:00+09:00,393.3918151855469,393.3918151855469,393.3918151855469,393.3918151855469,2583900,0.0,0.0
2008-05-07 00:00:00+09:00,425.8354232530882,425.8354232530882,425.7965393066406,425.7965393066406,2583900,0.0,0.0
2008-05-08 00:00:00+09:00,455.21338545896185,458.2010803222656,455.21338545896185,458.2010803222656,2583900,0.0,0.0
2008-05-09 00:00:00+09:00,457.2677937298877,457.2677937298877,443.9430236816406,443.9430236816406,2583900,0.0,0.0
2008-05-12 00:00:00+09:00,476.53561923361707,476.53561923361707,476.3476867675781,476.3476867675781,2583900,0.0,0.0
2008-05-13 00:00:00+09:00,485.4208938161478,485.4208938161478,475.0514221191406,475.0514221191406,2583900,0.0,0.0
2008-05-14 00:00:00+09:00,523.0103232210853,539.8607177734375,523.0103232210853,539.8607177734375,2583900,0.0,0.0
2008-05-15 00:00:00+09:00,594.3716090475983,604.6697998046875,594.3716090475983,604.6697998046875,2583900,0.0,0.0
2008-05-16 00:00:00+09:00,611.9424790256309,611.9424790256309,579.394287109375,579.394287109375,2583900,0.0,0.0
2008-05-19 00:00:00+09:00,643.5294287547326,644.2034301757812,643.5294287547326,644.2034301757812,2583900,0.0,0.0
2008-05-20 00:00:00+09:00,678.0144790299237,680.4966430664062,678.0144790299237,680.4966430664062,2583900,0.0,0.0
2008-05-21 00:00:00+09:00,672.6677507833789,672.6677507833789,633.8340454101562,633.8340454101562,2583900,0.0,0.0
2008-05-22 00:00:00+09:00,699.9395141601562,699.9395141601562,680.4967498779297,699.9395141601562,2583900,0.0,0.0
2008-05-23 00:00:00+09:00,771.2230775746433,784.19140625,771.2230775746433,784.19140625,2583900,0.0,0.0
2008-05-26 00:00:00+09:00,777.2891366607001,777.2891366607001,771.2294921875,771.2294921875,2583900,0.0,0.0
2008-05-27 00:00:00+09:00,712.901357014974,725.8631998697917,680.4967498779297,699.9395141601562,3189400,0.0,0.0
2008-05-28 00:00:00+09:00,667.5348022460937,667.5348022460937,648.092041015625,648.092041015625,3189400,0.0,0.0
2008-05-29 00:00:00+09:00,667.86535970732,674.0157470703125,667.86535970732,674.0157470703125,3189400,0.0,0.0
2008-05-30 00:00:00+09:00,680.7688702042401,680.7688702042401,680.4966430664062,680.4966430664062,3189400,0.0,0.0
2008-06-02 00:00:00+09:00,712.901496887207,725.8633422851562,706.4205741882324,725.8633422851562,921200,0.0,0.0
2008-06-03 00:00:00+09:00,725.720780972857,725.8633422851562,725.720780972857,725.8633422851562,921200,0.0,0.0
2008-06-04 00:00:00+09:00,686.2192673079669,686.2192673079669,680.4966430664062,680.4966430664062,921200,0.0,0.0
2008-06-05 00:00:00+09:00,638.3706925631551,639.6668767104915,619.576022426778,629.9454956054688,1147900,0.0,0.0
2008-06-06 00:00:00+09:00,602.7256143446418,607.9103508121226,585.2271287668942,590.411865234375,1074600,0.0,0.0
2008-06-09 00:00:00+09:00,610.3601450399119,610.3601450399119,609.8546142578125,609.8546142578125,1074600,0.0,0.0
2008-06-10 00:00:00+09:00,609.8546146932595,609.8546146932595,545.04541015625,545.04541015625,1074600,0.0,0.0
2008-06-11 00:00:00+09:00,545.045330596805,545.045330596805,499.67889404296875,499.67889404296875,1074600,0.0,0.0
2008-06-12 00:00:00+09:00,498.39584468590914,498.39584468590914,489.9576721191406,489.9576721191406,1074600,0.0,0.0
2008-06-13 00:00:00+09:00,461.4415769727968,461.4415769727968,450.4240112304688,450.42401123046875,1074600,0.0,0.0
2008-06-16 00:00:00+09:00,472.4591397074245,482.82861328125,468.57058711723994,482.82861328125,523400,0.0,0.0
2008-06-17 00:00:00+09:00,547.6377563476562,547.6377563476562,547.6377563476562,547.6377563476562,523400,0.0,0.0
2008-06-18 00:00:00+09:00,612.447021484375,612.447021484375,612.447021484375,612.447021484375,138600,0.0,0.0
2008-06-19 00:00:00+09:00,547.6377563476562,547.6377563476562,547.6377563476562,547.6377563476562,1543500,0.0,0.0
2008-06-20 00:00:00+09:00,492.79627287799235,497.0866394042969,492.79627287799235,497.0866394042969,1543500,0.0,0.0
2008-06-23 00:00:00+09:00,520.4179492015129,559.3034746711154,504.2156469225119,504.8637390136719,847200,0.0,0.0
2008-06-24 00:00:00+09:00,497.73472720286884,498.38281929558093,473.7553197725223,474.4034118652344,734300,0.0,0.0
2008-06-25 00:00:00+09:00,472.69240671796945,472.69240671796945,445.88732910156256,445.8873291015625,734300,0.0,0.0
2008-06-26 00:00:00+09:00,461.4415898862093,468.57060321310297,445.88737899116853,447.1835632324219,727800,0.0,0.0
2008-06-27 00:00:00+09:00,426.70380934825516,426.70380934825516,414.7789001464844,414.7789001464844,727800,0.0,0.0
2008-06-30 00:00:00+09:00,414.3317720555984,447.1835632324219,414.3317720555984,447.1835632324219,727800,0.0,0.0
2008-07-01 00:00:00+09:00,447.2872168255073,447.2872168255073,437.462158203125,437.462158203125,727800,0.0,0.0
2008-07-02 00:00:00+09:00,437.4621053092396,437.4621053092396,405.7055969238281,405.7055969238281,727800,0.0,0.0
2008-07-03 00:00:00+09:00,424.3641843977643,424.3641843977643,419.9636535644531,419.9636535644531,727800,0.0,0.0
2008-07-04 00:00:00+09:00,420.3849929510523,420.3849929510523,391.4476623535156,391.4476623535156,727800,0.0,0.0
2008-07-07 00:00:00+09:00,407.40295529258077,407.40295529258077,404.40948486328125,404.40948486328125,727800,0.0,0.0
2008-07-08 00:00:00+09:00,393.17208589855795,393.17208589855795,389.5033874511719,389.5033874511719,727800,0.0,0.0
2008-07-09 00:00:00+09:00,406.1917607461253,406.1917607461253,401.817138671875,401.817138671875,727800,0.0,0.0
2008-07-10 00:00:00+09:00,406.3537797141468,432.2774658203125,406.3537797141468,432.2774658203125,727800,0.0,0.0
2008-07-11 00:00:00+09:00,424.5002746582031,433.57356297150824,418.01935443441374,424.5002746582031,556700,0.0,0.0
2008-07-14 00:00:00+09:00,430.5082079932854,430.5082079932854,419.3156433105469,419.3156433105469,556700,0.0,0.0
2008-07-15 00:00:00+09:00,410.8903198242187,410.8903198242187,410.8903198242187,410.89031982421875,556700,0.0,0.0
2008-07-16 00:00:00+09:00,378.4858093261719,397.280481364629,378.4858093261719,378.4858093261719,479900,0.0,0.0
2008-07-17 00:00:00+09:00,380.1059575790014,380.1059575790014,379.1338195800781,379.1338195800781,479900,0.0,0.0
2008-07-18 00:00:00+09:00,351.9140625,351.9140625,351.9140625,351.9140625,479900,0.0,0.0
2008-07-22 00:00:00+09:00,324.6941565725126,357.7468551457624,324.6941565725126,333.1193542480469,391500,0.0,0.0
2008-07-23 00:00:00+09:00,353.85820948823965,365.52386474609375,337.6559105189979,365.52386474609375,852800,0.0,0.0
2008-07-24 00:00:00+09:00,377.8377027977561,397.9285583496093,377.8377027977561,397.9285583496094,852800,0.0,0.0
2008-07-25 00:00:00+09:00,378.48579721602187,378.48579721602187,367.4682312011719,367.4682312011719,852800,0.0,0.0
2008-07-28 00:00:00+09:00,399.872802734375,399.872802734375,399.872802734375,399.872802734375,263900,0.0,0.0
2008-07-29 00:00:00+09:00,432.71167648679716,432.71167648679716,432.2774658203125,432.2774658203125,263900,0.0,0.0
2008-07-30 00:00:00+09:00,465.1485835836585,465.1485835836585,464.6819763183594,464.6819763183594,263900,0.0,0.0
2008-07-31 00:00:00+09:00,497.883844702954,497.883844702954,480.88439941406256,480.8843994140625,263900,0.0,0.0
2008-08-01 00:00:00+09:00,481.36392187431136,481.36392187431136,450.4240112304688,450.42401123046875,263900,0.0,0.0
2008-08-04 00:00:00+09:00,469.2436788619765,482.82861328125,469.2436788619765,482.82861328125,263900,0.0,0.0
2008-08-05 00:00:00+09:00,438.11020053597383,447.18348871275435,418.01934814453125,418.01934814453125,263900,0.0,0.0
2008-08-06 00:00:00+09:00,426.15944133099146,450.4240112304688,426.15944133099146,450.42401123046875,263900,0.0,0.0
2008-08-07 00:00:00+09:00,452.2515525930909,453.01629638671875,452.2515525930909,453.01629638671875,263900,0.0,0.0
2008-08-08 00:00:00+09:00,440.22949574831927,449.77587890625,440.22949574831927,449.77587890625,263900,0.0,0.0
2008-08-11 00:00:00+09:00,456.9048913961185,456.9048913961185,449.77587890625,449.77587890625,263900,0.0,0.0
2008-08-12 00:00:00+09:00,443.98839825495645,443.98839825495645,438.1101989746093,438.1101989746094,263900,0.0,0.0
2008-08-13 00:00:00+09:00,437.7602418731606,437.7602418731606,405.7055969238281,405.7055969238281,263900,0.0,0.0
2008-08-14 00:00:00+09:00,404.9344302615015,404.9344302615015,373.3010559082031,373.3010559082031,263900,0.0,0.0
2008-08-15 00:00:00+09:00,351.3566837590809,351.3566837590809,349.9697570800781,349.9697570800781,263900,0.0,0.0
2008-08-18 00:00:00+09:00,355.47204077436123,355.47204077436123,338.9521789550781,338.9521789550781,263900,0.0,0.0
2008-08-19 00:00:00+09:00,321.9073752106788,321.9073752106788,311.084228515625,311.084228515625,263900,0.0,0.0
2008-08-20 00:00:00+09:00,310.97401100579356,314.9727478027344,310.97401100579356,314.9727478027344,263900,0.0,0.0
2008-08-21 00:00:00+09:00,340.89642333984375,340.89642333984375,337.00787098235503,340.89642333984375,582800,0.0,0.0
2008-08-22 00:00:00+09:00,341.03897085461057,341.03897085461057,313.6765441894531,313.6765441894531,582800,0.0,0.0
2008-08-25 00:00:00+09:00,313.87104314322875,339.6003112792969,313.87104314322875,339.6003112792969,582800,0.0,0.0
2008-08-26 00:00:00+09:00,327.28649639570085,337.655969548832,327.28649639570085,331.175048828125,597800,0.0,0.0
2008-08-27 00:00:00+09:00,325.45235933759017,325.45235933759017,322.1017150878906,322.1017150878906,597800,0.0,0.0
2008-08-28 00:00:00+09:00,324.0460368340889,324.0460368340889,314.9727478027344,314.9727478027344,597800,0.0,0.0
2008-08-29 00:00:00+09:00,315.1282823579556,315.1282823579556,301.6868591308594,301.6868591308594,597800,0.0,0.0
2008-09-01 00:00:00+09:00,301.6868891111562,301.6868891111562,276.0872497558594,276.0872497558594,597800,0.0,0.0
2008-09-02 00:00:00+09:00,255.34831150825775,255.34831150825775,250.16357421874997,250.16357421875,788000,0.0,0.0
2008-09-03 00:00:00+09:00,232.6650496907317,234.28527984178135,224.23985290527344,224.23985290527344,700900,0.0,0.0
2008-09-04 00:00:00+09:00,224.33064471159156,231.69296264648438,224.33064471159156,231.69296264648438,700900,0.0,0.0
2008-09-05 00:00:00+09:00,238.2451490351891,244.9788360595703,238.2451490351891,244.9788360595703,700900,0.0,0.0
2008-09-08 00:00:00+09:00,271.0321226684716,271.0321226684716,270.9024963378906,270.9024963378906,700900,0.0,0.0
2008-09-09 00:00:00+09:00,296.82623291015625,296.82623291015625,296.82623291015625,296.82623291015625,114100,0.0,0.0
2008-09-10 00:00:00+09:00,322.74981689453125,322.74981689453125,322.74981689453125,322.74981689453125,650400,0.0,0.0
2008-09-11 00:00:00+09:00,348.67352294921875,348.67352294921875,348.67352294921875,348.67352294921875,650400,0.0,0.0
2008-09-12 00:00:00+09:00,368.2847352893326,381.07806396484375,368.2847352893326,381.07806396484375,650400,0.0,0.0
2008-09-16 00:00:00+09:00,381.2142033282263,381.2142033282263,352.5620422363281,352.5620422363281,650400,0.0,0.0
2008-09-17 00:00:00+09:00,341.16211455074347,341.16211455074347,323.0738830566406,323.0738830566406,650400,0.0,0.0
2008-09-18 00:00:00+09:00,323.07383954502876,349.3215637207031,323.07383954502876,349.3215637207031,650400,0.0,0.0
2008-09-19 00:00:00+09:00,384.01398008581134,384.01398008581134,381.7261962890625,381.7261962890625,650400,0.0,0.0
2008-09-22 00:00:00+09:00,412.5689346669738,413.48272705078125,412.5689346669738,413.48272705078125,650400,0.0,0.0
2008-09-24 00:00:00+09:00,413.4826612407658,413.4826612407658,381.07806396484375,381.07806396484375,650400,0.0,0.0
2008-09-25 00:00:00+09:00,376.6905180626211,376.6905180626211,366.1719970703125,366.1719970703125,650400,0.0,0.0
2008-09-26 00:00:00+09:00,355.80255654344285,357.74683280870755,333.7674255371094,333.7674255371094,650400,0.0,0.0
2008-09-29 00:00:00+09:00,333.7674281622774,333.7674281622774,301.3628234863281,301.3628234863281,650400,0.0,0.0
2008-09-30 00:00:00+09:00,288.10284768835396,288.10284768835396,281.9200439453125,281.9200439453125,650400,0.0,0.0
2008-10-01 00:00:00+09:00,281.92009922631263,288.7250671386719,281.92009922631263,288.7250671386719,650400,0.0,0.0
2008-10-02 00:00:00+09:00,289.0296452513262,296.1781005859375,289.0296452513262,296.1781005859375,650400,0.0,0.0
2008-10-03 00:00:00+09:00,270.90245601370464,271.226502013721,270.2543640136719,270.2543640136719,226100,0.0,0.0
2008-10-06 00:00:00+09:00,268.9257473601747,268.9257473601747,247.8951568603516,247.89515686035156,226100,0.0,0.0
2008-10-07 00:00:00+09:00,239.79409164523486,260.8570861816406,239.79409164523486,260.8570861816406,226100,0.0,0.0
2008-10-08 00:00:00+09:00,260.9866897792087,260.9866897792087,234.93338012695315,234.93338012695312,226100,0.0,0.0
2008-10-09 00:00:00+09:00,237.67475559527213,256.96844482421875,237.67475559527213,256.96844482421875,226100,0.0,0.0
2008-10-10 00:00:00+09:00,256.99446382036746,256.99446382036746,233.31317138671875,233.31317138671875,226100,0.0,0.0
2008-10-14 00:00:00+09:00,259.0683061465621,259.23681640625,259.0683061465621,259.23681640625,226100,0.0,0.0
2008-10-15 00:00:00+09:00,251.45975541095342,254.05212402343747,251.45975541095342,254.0521240234375,226100,0.0,0.0
2008-10-16 00:00:00+09:00,230.81151330355152,230.81151330355152,228.12840270996094,228.12840270996094,226100,0.0,0.0
2008-10-17 00:00:00+09:00,228.77652638753256,229.7486646016439,209.00971603393555,213.8704071044922,99100,0.0,0.0
2008-10-20 00:00:00+09:00,219.36618233016608,234.6092987060547,219.36618233016608,234.6092987060547,99100,0.0,0.0
2008-10-21 00:00:00+09:00,256.46299255138194,256.46299255138194,252.7559051513672,252.7559051513672,99100,0.0,0.0
2008-10-22 00:00:00+09:00,252.75594206779235,252.75594206779235,251.13571166992188,251.13571166992188,99100,0.0,0.0
2008-10-23 00:00:00+09:00,242.40586149451792,242.40586149451792,232.66503906249997,232.6650390625,99100,0.0,0.0
2008-10-24 00:00:00+09:00,219.89770125619782,219.89770125619782,210.62998962402344,210.62998962402344,99100,0.0,0.0
2008-10-27 00:00:00+09:00,210.75957806627116,210.75957806627116,200.9085693359375,200.9085693359375,99100,0.0,0.0
2008-10-28 00:00:00+09:00,175.84678517504423,197.01995849609375,175.84678517504423,197.01995849609375,99100,0.0,0.0
2008-10-29 00:00:00+09:00,197.01998562282986,209.98182678222656,197.01998562282986,209.98182678222656,99100,0.0,0.0
2008-10-30 00:00:00+09:00,210.04661641594984,234.6092987060547,210.04661641594984,234.6092987060547,99100,0.0,0.0
2008-10-31 00:00:00+09:00,235.08238296620752,235.08238296620752,208.6855926513672,208.6855926513672,99100,0.0,0.0
2008-11-04 00:00:00+09:00,208.89949230040568,213.22227478027344,208.89949230040568,213.22227478027344,99100,0.0,0.0
2008-11-05 00:00:00+09:00,213.69537071600496,239.14593505859375,213.69537071600496,239.14593505859375,99100,0.0,0.0
2008-11-06 00:00:00+09:00,239.14598491173663,254.7001953125,239.14598491173663,254.7001953125,99100,0.0,0.0
2008-11-07 00:00:00+09:00,259.77471220965765,259.77471220965765,253.4039764404297,253.4039764404297,99100,0.0,0.0
2008-11-10 00:00:00+09:00,246.2749736900226,246.59901970803577,237.84977722167972,237.8497772216797,99100,0.0,0.0
2008-11-11 00:00:00+09:00,238.4589810008668,238.4589810008668,236.5535888671875,236.5535888671875,99100,0.0,0.0
2008-11-12 00:00:00+09:00,224.2398604562454,224.8879525384889,220.67535400390622,220.67535400390625,99100,0.0,0.0
2008-11-13 00:00:00+09:00,220.6753257001618,220.6753257001618,207.71348571777347,207.71348571777344,99100,0.0,0.0
2008-11-14 00:00:00+09:00,207.71347759164036,207.71347759164036,194.10354614257812,194.10354614257812,99100,0.0,0.0
2008-11-17 00:00:00+09:00,190.22152027527676,190.27984619140625,190.22152027527676,190.27984619140625,99100,0.0,0.0
2008-11-18 00:00:00+09:00,184.70619960460695,184.70619960460695,179.19741821289062,179.19741821289062,99100,0.0,0.0
2008-11-19 00:00:00+09:00,174.4922609428495,174.4922609428495,170.64259338378906,170.64259338378906,99100,0.0,0.0
2008-11-20 00:00:00+09:00,154.56997680664062,154.56997680664062,154.56997680664062,154.56997680664062,99100,0.0,0.0
2008-11-21 00:00:00+09:00,156.6373841670216,172.3925018310547,156.6373841670216,172.3925018310547,99100,0.0,0.0
2008-11-25 00:00:00+09:00,172.47675503564616,172.47675503564616,163.7728729248047,163.7728729248047,25000,0.0,0.0
2008-11-26 00:00:00+09:00,163.91545107425617,163.91545107425617,159.49546813964844,159.49546813964844,25000,0.0,0.0
2008-11-27 00:00:00+09:00,152.4312556666052,156.2550048828125,152.4312556666052,156.2550048828125,25000,0.0,0.0
2008-11-28 00:00:00+09:00,156.35869444158794,171.3555450439453,156.35869444158794,171.3555450439453,25000,0.0,0.0
2008-12-01 00:00:00+09:00,159.39824222247552,159.43064880371094,159.39824222247552,159.43064880371094,25000,0.0,0.0
2008-12-02 00:00:00+09:00,159.46304830547516,159.46304830547516,149.51483154296875,149.51483154296875,25000,0.0,0.0
2008-12-03 00:00:00+09:00,150.83044681469826,150.83044681469826,139.7286376953125,139.7286376953125,25000,0.0,0.0
2008-12-04 00:00:00+09:00,128.99621665000933,129.0351104736328,128.99621665000933,129.0351104736328,25000,0.0,0.0
2008-12-05 00:00:00+09:00,129.13235155461263,129.13235155461263,128.06300354003906,128.06300354003906,25000,0.0,0.0
2008-12-08 00:00:00+09:00,130.49333920537504,139.2749786376953,130.49333920537504,139.2749786376953,25000,0.0,0.0
2008-12-09 00:00:00+09:00,132.21724536661304,135.12718200683594,132.21724536661304,135.12718200683594,25000,0.0,0.0
2008-12-10 00:00:00+09:00,135.23738690656444,154.56997680664062,135.23738690656444,154.56997680664062,25000,0.0,0.0
2008-12-11 00:00:00+09:00,149.75462304802033,149.75462304802033,147.89459228515625,147.89459228515625,25000,0.0,0.0
2008-12-12 00:00:00+09:00,148.024241277466,148.024241277466,138.8213348388672,138.8213348388672,25000,0.0,0.0
2008-12-15 00:00:00+09:00,149.83241407127244,149.83241407127244,148.7371368408203,148.7371368408203,25000,0.0,0.0
2008-12-16 00:00:00+09:00,154.6995906745925,154.6995906745925,151.3295135498047,151.3295135498047,191300,0.0,0.0
2008-12-17 00:00:00+09:00,151.47207195070467,151.47207195070467,138.6916961669922,138.6916961669922,241000,0.0,0.0
2008-12-18 00:00:00+09:00,142.21736004234032,142.21736004234032,140.052734375,140.052734375,136500,0.0,0.0
2008-12-19 00:00:00+09:00,142.72931135262485,155.21804809570312,142.72931135262485,155.21804809570312,175700,0.0,0.0
2008-12-22 00:00:00+09:00,174.66078186035156,174.66078186035156,174.66078186035156,174.66078186035156,255400,0.0,0.0
2008-12-24 00:00:00+09:00,192.19166690869278,194.10354614257812,192.19166690869278,194.10354614257812,477500,0.0,0.0
2008-12-25 00:00:00+09:00,178.87337956755857,178.87337956755857,174.66078186035156,174.66078186035156,238400,0.0,0.0
2008-12-26 00:00:00+09:00,169.80011545652303,181.46577224361238,169.67048913649776,180.62326049804688,147900,0.0,0.0
2008-12-29 00:00:00+09:00,200.2604675292969,200.2604675292969,192.02968959334913,200.26046752929688,576600,0.0,0.0
2008-12-30 00:00:00+09:00,202.8527811418059,206.09324090445455,194.1035397826545,196.69590759277344,170000,0.0,0.0
2009-01-05 00:00:00+09:00,201.55665030846228,204.14901880117563,197.66809756939227,202.20474243164062,100000,0.0,0.0
2009-01-06 00:00:00+09:00,201.55665015192832,201.55665015192832,188.91885375976562,188.91885375976562,144700,0.0,0.0
2009-01-07 00:00:00+09:00,188.91885638582534,188.91885638582534,178.87342834472656,178.87342834472656,166500,0.0,0.0
2009-01-08 00:00:00+09:00,178.8734094723918,178.8734094723918,173.23500061035156,173.23500061035156,157500,0.0,0.0
2009-01-09 00:00:00+09:00,164.22002765605353,169.15200805664062,164.22002765605353,169.15200805664062,191200,0.0,0.0
2009-01-13 00:00:00+09:00,169.8778785243153,169.8778785243153,151.65353393554688,151.65353393554688,426700,0.0,0.0
2009-01-14 00:00:00+09:00,151.6535452383536,157.4863739013672,151.6535452383536,157.4863739013672,106600,0.0,0.0
2009-01-15 00:00:00+09:00,158.93161645669917,158.93161645669917,157.4863739013672,157.4863739013672,123600,0.0,0.0
2009-01-16 00:00:00+09:00,157.48637295600616,157.48637295600616,149.6444549560547,149.6444549560547,108000,0.0,0.0
2009-01-19 00:00:00+09:00,149.19076745676082,152.3016108476387,148.413059081316,148.996337890625,118400,0.0,0.0
2009-01-20 00:00:00+09:00,147.27243834812086,147.27243834812086,146.7928466796875,146.7928466796875,58100,0.0,0.0
2009-01-21 00:00:00+09:00,140.40911179962956,142.4506072998047,140.40911179962956,142.4506072998047,307200,0.0,0.0
2009-01-22 00:00:00+09:00,142.51543281332548,142.5802459716797,142.51543281332548,142.5802459716797,123200,0.0,0.0
2009-01-23 00:00:00+09:00,135.45125799371837,135.45125799371837,133.3773651123047,133.3773651123047,114600,0.0,0.0
2009-01-26 00:00:00+09:00,136.0993353867114,136.9418570597825,133.11810789402904,133.44215393066406,106100,0.0,0.0
2009-01-27 00:00:00+09:00,144.459716796875,144.459716796875,144.459716796875,144.459716796875,88900,0.0,0.0
2009-01-28 00:00:00+09:00,144.45975361249924,144.45975361249924,140.052734375,140.052734375,55400,0.0,0.0
2009-01-29 00:00:00+09:00,140.12398884571343,140.12398884571343,139.0157470703125,139.0157470703125,120700,0.0,0.0
2009-01-30 00:00:00+09:00,139.09351237240458,139.09351237240458,122.29496765136719,122.29496765136719,463200,0.0,0.0
2009-02-02 00:00:00+09:00,122.29497438849549,122.29497438849549,113.4161148071289,113.4161148071289,283400,0.0,0.0
2009-02-03 00:00:00+09:00,113.4161112858699,126.3779525756836,113.4161112858699,126.3779525756836,202500,0.0,0.0
2009-02-04 00:00:00+09:00,126.37794173391242,126.37794173391242,123.13748168945312,123.13748168945312,291500,0.0,0.0
2009-02-05 00:00:00+09:00,134.24578669965226,134.24578669965226,124.8225326538086,124.8225326538086,263700,0.0,0.0
2009-02-06 00:00:00+09:00,124.87436655502029,124.87436655502029,119.11931610107422,119.11931610107422,278400,0.0,0.0
2009-02-09 00:00:00+09:00,115.5483382957726,115.5483382957726,114.58268737792969,114.58268737792969,94300,0.0,0.0
2009-02-10 00:00:00+09:00,107.1296151839906,108.10175323486328,106.35190672111237,108.10175323486328,130900,0.0,0.0
2009-02-12 00:00:00+09:00,108.87947302277325,108.87947302277325,97.9915237426758,97.99152374267578,302200,0.0,0.0
2009-02-13 00:00:00+09:00,97.99152902492906,101.7504653930664,97.99152902492906,101.7504653930664,224100,0.0,0.0
2009-02-16 00:00:00+09:00,95.91730992090106,95.91730992090106,92.6771469116211,92.6771469116211,210600,0.0,0.0
2009-02-17 00:00:00+09:00,92.70311393492739,92.70311393492739,90.73291778564453,90.73291778564453,148000,0.0,0.0
2009-02-18 00:00:00+09:00,85.21115025824608,85.21115025824608,84.12236022949219,84.12236022949219,184500,0.0,0.0
2009-02-19 00:00:00+09:00,80.11067015976491,80.11067015976491,77.77105712890625,77.77105712890625,206000,0.0,0.0
2009-02-20 00:00:00+09:00,69.34583996188256,71.9382078109249,68.04965603736139,70.31797790527344,248200,0.0,0.0
2009-02-23 00:00:00+09:00,70.4929597797929,70.4929597797929,66.75347137451172,66.75347137451172,171900,0.0,0.0
2009-02-24 00:00:00+09:00,64.8092041015625,64.8092041015625,64.8092041015625,64.8092041015625,95000,0.0,0.0
2009-02-25 00:00:00+09:00,77.65440034543087,77.77105712890625,77.65440034543087,77.77105712890625,115800,0.0,0.0
2009-02-26 00:00:00+09:00,77.77107238769531,90.73291778564453,77.77107238769531,90.73291778564453,316700,0.0,0.0
2009-02-27 00:00:00+09:00,90.73288440704346,103.6947250366211,90.73288440704346,103.6947250366211,191100,0.0,0.0
2009-03-02 00:00:00+09:00,103.74659402313372,103.74659402313372,100.45428466796875,100.45428466796875,351200,0.0,0.0
2009-03-03 00:00:00+09:00,101.75047115334256,101.75047115334256,100.25985717773438,100.25985717773438,108700,0.0,0.0
2009-03-04 00:00:00+09:00,96.80550777065208,98.5748062133789,96.80550777065208,98.5748062133789,93900,0.0,0.0
2009-03-05 00:00:00+09:00,98.74331706747066,111.53665924072266,98.74331706747066,111.53665924072266,249800,0.0,0.0
2009-03-06 00:00:00+09:00,103.9928322905275,103.9928322905275,98.76920318603516,98.76920318603516,157500,0.0,0.0
2009-03-09 00:00:00+09:00,91.39395942144508,91.39395942144508,89.890380859375,89.890380859375,119100,0.0,0.0
2009-03-10 00:00:00+09:00,82.65117936176506,82.65117936176506,81.65959930419922,81.65959930419922,81800,0.0,0.0
2009-03-11 00:00:00+09:00,91.90592343526933,91.90592343526933,88.14051055908203,88.14051055908203,76500,0.0,0.0
2009-03-12 00:00:00+09:00,88.30255247912409,88.30255247912409,84.12236022949219,84.12236022949219,40700,0.0,0.0
2009-03-13 00:00:00+09:00,82.8326498689567,86.26106262207031,82.8326498689567,86.26106262207031,75400,0.0,0.0
2009-03-16 00:00:00+09:00,94.5566248285398,98.509990234375,92.02906982421875,97.21380615234375,60900,0.0,0.0
2009-03-17 00:00:00+09:00,99.61174011230469,99.61174011230469,99.61174011230469,99.61174011230469,95700,0.0,0.0
2009-03-18 00:00:00+09:00,101.73748433260698,103.6947250366211,101.73748433260698,103.6947250366211,85300,0.0,0.0
2009-03-19 00:00:00+09:00,103.6947250366211,103.6947250366211,103.6947250366211,103.6947250366211,62700,0.0,0.0
2009-03-23 00:00:00+09:00,96.24815369145522,96.24815369145522,96.24167633056642,96.2416763305664,131800,0.0,0.0
2009-03-24 00:00:00+09:00,103.37069011750768,103.37069011750768,98.83404541015625,98.83404541015625,185000,0.0,0.0
2009-03-25 00:00:00+09:00,100.77833074754285,100.77833074754285,100.45428466796875,100.45428466796875,89400,0.0,0.0
2009-03-26 00:00:00+09:00,106.65000650958312,106.65000650958312,105.63898468017578,105.63898468017578,51700,0.0,0.0
2009-03-27 00:00:00+09:00,105.4316168956311,118.6008529663086,105.4316168956311,118.6008529663086,356700,0.0,0.0
2009-03-30 00:00:00+09:00,131.3553041422354,131.5626983642578,131.3553041422354,131.5626983642578,129700,0.0,0.0
2009-03-31 00:00:00+09:00,118.17957003294553,124.49846649169923,118.17957003294553,124.49846649169922,382400,0.0,0.0
2009-04-01 00:00:00+09:00,124.22627884396964,137.4603271484375,124.22627884396964,137.4603271484375,219000,0.0,0.0
2009-04-02 00:00:00+09:00,137.57051611439846,141.1544647216797,137.57051611439846,141.1544647216797,304100,0.0,0.0
2009-04-03 00:00:00+09:00,137.8102861738302,137.8102861738302,135.71046447753906,135.71046447753906,253100,0.0,0.0
2009-04-06 00:00:00+09:00,130.7590674763964,130.7590674763964,130.65538024902344,130.65538024902344,117100,0.0,0.0
2009-04-07 00:00:00+09:00,130.59055675717855,145.23744201660156,130.59055675717855,145.23744201660156,181400,0.0,0.0
2009-04-08 00:00:00+09:00,152.94972481105637,152.94972481105637,147.11689632249914,149.06117248535156,155000,0.0,0.0
2009-04-09 00:00:00+09:00,155.67172297239017,162.02302763344122,155.4772933614099,161.82859802246094,223800,0.0,0.0
2009-04-10 00:00:00+09:00,159.1066083012795,162.0230227100606,154.37553406032563,158.78256225585938,220300,0.0,0.0
2009-04-13 00:00:00+09:00,165.26345630992543,178.2252960205078,165.26345630992543,178.2252960205078,344800,0.0,0.0
2009-04-14 00:00:00+09:00,174.82933228424096,187.88189697265625,174.82933228424096,187.88189697265625,478700,0.0,0.0
2009-04-15 00:00:00+09:00,169.16496895610157,169.21682739257812,169.16496895610157,169.21682739257812,311000,0.0,0.0
2009-04-16 00:00:00+09:00,169.28165182968473,169.28165182968473,151.71835327148438,151.71835327148438,203600,0.0,0.0
2009-04-17 00:00:00+09:00,151.92573393713462,163.96728515625,151.92573393713462,163.96728515625,303200,0.0,0.0
2009-04-20 00:00:00+09:00,163.58490230042014,163.58490230042014,156.19017028808594,156.19017028808594,465200,0.0,0.0
2009-04-21 00:00:00+09:00,155.73652768845346,155.73652768845346,151.0702667236328,151.0702667236328,217000,0.0,0.0
2009-04-22 00:00:00+09:00,148.03720946886625,148.03720946886625,146.2095947265625,146.2095947265625,106300,0.0,0.0
2009-04-23 00:00:00+09:00,145.8142146284972,149.70924377441406,145.8142146284972,149.70924377441406,133100,0.0,0.0
2009-04-24 00:00:00+09:00,149.29006923006276,149.29006923006276,142.5802459716797,142.5802459716797,83400,0.0,0.0
2009-04-27 00:00:00+09:00,142.19527749119112,142.19527749119112,141.5432891845703,141.5432891845703,84900,0.0,0.0
2009-04-28 00:00:00+09:00,142.42469379274243,142.42469379274243,136.0993194580078,136.0993194580078,90300,0.0,0.0
2009-04-30 00:00:00+09:00,134.09026093721906,138.4972895040748,131.10904300162645,136.812255859375,70900,0.0,0.0
2009-05-01 00:00:00+09:00,136.45577203440814,136.45577203440814,136.0993194580078,136.0993194580078,75700,0.0,0.0
2009-05-07 00:00:00+09:00,135.67062319648824,157.4863739013672,135.67062319648824,157.4863739013672,307700,0.0,0.0
2009-05-08 00:00:00+09:00,151.70540471749254,151.78317260742188,151.70540471749254,151.78317260742188,163100,0.0,0.0
2009-05-11 00:00:00+09:00,151.84800396965065,151.84800396965065,146.14479064941406,146.14479064941406,194100,0.0,0.0
2009-05-12 00:00:00+09:00,146.16419594160772,146.16419594160772,139.66383361816406,139.66383361816406,125600,0.0,0.0
2009-05-13 00:00:00+09:00,139.81941404116293,139.81941404116293,134.8031768798828,134.8031768798828,174700,0.0,0.0
2009-05-14 00:00:00+09:00,124.36886451057822,124.43367767333984,124.36886451057822,124.43367767333984,390800,0.0,0.0
2009-05-15 00:00:00+09:00,129.3721234933108,132.2107696533203,129.3721234933108,132.2107696533203,205500,0.0,0.0
2009-05-18 00:00:00+09:00,125.78172838093506,125.79469299316405,125.78172838093506,125.79469299316406,104100,0.0,0.0
2009-05-19 00:00:00+09:00,131.10903449287665,131.88674303912012,126.76681937800831,127.2204818725586,131200,0.0,0.0
2009-05-20 00:00:00+09:00,131.30345705794358,132.0811655624669,128.97032165527344,128.97032165527344,81900,0.0,0.0
2009-05-21 00:00:00+09:00,128.97032852882265,131.43308049865047,127.67414432250283,128.06300354003906,43500,0.0,0.0
2009-05-22 00:00:00+09:00,127.68712696263657,127.73897552490234,127.68712696263657,127.73897552490234,82200,0.0,0.0
2009-05-25 00:00:00+09:00,133.7402733909869,138.6916961669922,133.7402733909869,138.6916961669922,175900,0.0,0.0
2009-05-26 00:00:00+09:00,143.81164872732552,145.82073841220097,139.98790887571292,145.04302978515625,258800,0.0,0.0
2009-05-27 00:00:00+09:00,150.29254604277958,150.29254604277958,141.5433031580074,145.17262268066406,238400,0.0,0.0
2009-05-28 00:00:00+09:00,143.0727589442223,144.7189178466797,143.0727589442223,144.7189178466797,108800,0.0,0.0
2009-05-29 00:00:00+09:00,146.40399169921875,146.40399169921875,146.40399169921875,146.40399169921875,282100,0.0,0.0
2009-06-01 00:00:00+09:00,147.76500290976915,150.0333253228577,146.987294345959,148.34828186035156,208600,0.0,0.0
2009-06-02 00:00:00+09:00,148.40662439484706,148.40662439484706,141.28408813476562,141.28408813476562,146400,0.0,0.0
2009-06-03 00:00:00+09:00,139.24906547749308,139.3397979736328,139.24906547749308,139.3397979736328,172300,0.0,0.0
2009-06-04 00:00:00+09:00,148.41309709590962,148.41309709590962,147.11691284179688,147.11691284179688,237800,0.0,0.0
2009-06-05 00:00:00+09:00,149.45004210593726,151.78316773076426,147.82981185712657,148.7371368408203,169600,0.0,0.0
2009-06-08 00:00:00+09:00,153.92188878877084,168.17991638183594,153.92188878877084,168.17991638183594,475300,0.0,0.0
2009-06-09 00:00:00+09:00,163.00158547962678,163.05992126464844,163.00158547962678,163.05992126464844,536900,0.0,0.0
2009-06-10 00:00:00+09:00,182.39909002219792,182.39909002219792,181.46583557128906,181.46583557128906,1055800,0.0,0.0
2009-06-11 00:00:00+09:00,176.4106581892685,182.0490469741437,170.5778299287913,171.61476135253906,1577000,0.0,0.0
2009-06-12 00:00:00+09:00,169.0872207644473,173.6238653525677,168.56875500851385,172.5869140625,441200,0.0,0.0
2009-06-15 00:00:00+09:00,187.94675161222838,189.89102835304453,183.4749190639924,185.8728485107422,562000,0.0,0.0
2009-06-16 00:00:00+09:00,171.8091969726818,180.10476684570312,170.44819978680522,180.10476684570312,498400,0.0,0.0
2009-06-17 00:00:00+09:00,178.1605000358379,178.22531319627652,174.66080693235097,176.9939422607422,201100,0.0,0.0
2009-06-18 00:00:00+09:00,169.21685235384007,170.44822339611852,166.559670771112,169.8649444580078,221300,0.0,0.0
2009-06-19 00:00:00+09:00,169.80012154558955,169.86493470792638,164.61538500984634,165.8467559814453,181500,0.0,0.0
2009-06-22 00:00:00+09:00,176.86433327968302,184.70625178478255,175.30891616766203,179.52151489257812,316800,0.0,0.0
2009-06-23 00:00:00+09:00,175.63294688339525,177.57722304815607,173.75348387976643,174.07752990722656,182100,0.0,0.0
2009-06-24 00:00:00+09:00,173.6238810846427,177.12357469980296,173.55906791472808,174.98487854003906,87800,0.0,0.0
2009-06-25 00:00:00+09:00,176.28101705308694,181.46575284876596,175.11445941033813,179.7158966064453,129500,0.0,0.0
2009-06-26 00:00:00+09:00,185.5487515301296,185.5487515301296,179.9103623941149,181.78982543945312,120000,0.0,0.0
2009-06-29 00:00:00+09:00,185.03029767672223,190.8631266752879,181.46579106648764,186.65052795410156,190000,0.0,0.0
2009-06-30 00:00:00+09:00,189.24289014085045,190.02060855955898,182.76196924561583,186.58570861816406,127400,0.0,0.0
2009-07-01 00:00:00+09:00,181.46578158666745,188.65960759806472,179.52150535538172,187.68746948242188,127300,0.0,0.0
2009-07-02 00:00:00+09:00,187.81708515647415,187.81708515647415,178.87342196929026,182.17869567871094,120000,0.0,0.0
2009-07-03 00:00:00+09:00,174.98485652694671,181.14173110845041,174.98485652694671,180.9473114013672,56200,0.0,0.0
2009-07-06 00:00:00+09:00,180.16955920799825,180.16955920799825,174.3367317516242,175.0496368408203,119800,0.0,0.0
2009-07-07 00:00:00+09:00,176.021829924065,180.81770782470704,174.98487854003906,174.98487854003906,70000,0.0,0.0
2009-07-08 00:00:00+09:00,173.68868410789656,173.68868410789656,165.3931031876097,166.49485778808594,170000,0.0,0.0
2009-07-09 00:00:00+09:00,162.60632429991014,172.26289384370224,156.19021566196795,164.03213500976562,110000,0.0,0.0
2009-07-10 00:00:00+09:00,166.04122536314807,170.05938503487357,149.12601541416726,159.62510681152344,120000,0.0,0.0
2009-07-13 00:00:00+09:00,151.84796888000437,158.78255181833197,140.18231201171875,140.18231201171875,227800,0.0,0.0
2009-07-14 00:00:00+09:00,143.48757085404148,147.44093617525968,137.0714637409557,142.5802459716797,110000,0.0,0.0
2009-07-15 00:00:00+09:00,138.69170364697194,161.6989722426145,138.69170364697194,154.76438903808594,120000,0.0,0.0
2009-07-16 00:00:00+09:00,161.9582138838409,165.19867442484693,155.5421059682893,155.67172241210938,85300,0.0,0.0
2009-07-17 00:00:00+09:00,159.56027424368781,167.20776305909445,158.3937064770833,166.49485778808594,120000,0.0,0.0
2009-07-21 00:00:00+09:00,171.74440971890786,174.07754527827677,165.39310504204886,172.3925018310547,70000,0.0,0.0
2009-07-22 00:00:00+09:00,170.44819983534924,170.44819983534924,161.05086562389462,164.61537170410156,106600,0.0,0.0
2009-07-23 00:00:00+09:00,164.550550291474,169.21682047364405,159.10658159774076,161.0508575439453,130000,0.0,0.0
2009-07-24 00:00:00+09:00,165.91157875510396,168.50394717315245,161.37493402351907,165.45791625976562,220000,0.0,0.0
2009-07-27 00:00:00+09:00,169.80010260081428,171.87400489500425,166.75406231463495,171.6795654296875,199900,0.0,0.0
2009-07-28 00:00:00+09:00,173.62384763846248,173.62384763846248,165.91155658115034,167.01332092285156,36400,0.0,0.0
2009-07-29 00:00:00+09:00,165.06905437236227,169.1520365425897,162.0230235082277,163.25439453125,37800,0.0,0.0
2009-07-30 00:00:00+09:00,161.95818898486473,165.5875081884709,159.9491096917714,163.83766174316406,40000,0.0,0.0
2009-07-31 00:00:00+09:00,165.9115344785575,171.61473556497947,163.38397990112497,166.23558044433594,110000,0.0,0.0
2009-08-03 00:00:00+09:00,166.10596781637219,170.4481920264233,166.10596781637219,169.15200805664062,58700,0.0,0.0
2009-08-04 00:00:00+09:00,173.04057990824768,173.68867196782912,167.85584343159607,170.44821166992188,84600,0.0,0.0
2009-08-05 00:00:00+09:00,170.4482043004422,174.20713017221408,167.5317901584194,172.32766723632812,48000,0.0,0.0
2009-08-06 00:00:00+09:00,174.07755425906598,174.14236742926474,169.80014214258176,174.0127410888672,67000,0.0,0.0
2009-08-07 00:00:00+09:00,162.3470162396935,167.20770534866634,159.10655683371158,163.05992126464844,170000,0.0,0.0
2009-08-10 00:00:00+09:00,168.892794262579,168.892794262579,161.37492243448892,163.31919860839844,59100,0.0,0.0
2009-08-11 00:00:00+09:00,163.96729066636826,164.09690710014223,161.95820133102177,163.31919860839844,33500,0.0,0.0
2009-08-12 00:00:00+09:00,162.6711135762163,168.37431602139293,161.56935900790265,166.17080688476562,80000,0.0,0.0
2009-08-13 00:00:00+09:00,168.24472061477073,168.30953378329988,163.3192164795872,166.55967712402344,56200,0.0,0.0
2009-08-14 00:00:00+09:00,162.6711065504286,164.29133669535318,162.08782765389574,163.31919860839844,60000,0.0,0.0
2009-08-17 00:00:00+09:00,165.26351052463644,165.26351052463644,160.53243550042447,163.64328002929688,56800,0.0,0.0
2009-08-18 00:00:00+09:00,159.75469228956433,164.2265235339162,159.75469228956433,163.31919860839844,26500,0.0,0.0
2009-08-19 00:00:00+09:00,161.37494246660924,163.64326495107966,160.0139450202865,161.95822143554688,21400,0.0,0.0
2009-08-20 00:00:00+09:00,159.17141593202788,160.9860658120095,158.65294029956164,159.43064880371094,40000,0.0,0.0
2009-08-21 00:00:00+09:00,160.07872741077296,160.66200626756114,156.31979175286207,158.1992645263672,23600,0.0,0.0
2009-08-24 00:00:00+09:00,161.82857087070317,163.18956803011494,158.91215686262007,161.37490844726562,35400,0.0,0.0
2009-08-25 00:00:00+09:00,162.3470425732024,162.3470425732024,157.16230668264106,159.10658264160156,22000,0.0,0.0
2009-08-26 00:00:00+09:00,161.37493261325204,174.01272854079588,159.43065631670683,171.80921936035156,148700,0.0,0.0
2009-08-27 00:00:00+09:00,170.44822765809857,171.6795987311669,163.31921433399557,169.47608947753906,56900,0.0,0.0
2009-08-28 00:00:00+09:00,170.3834020675054,171.74439937669666,167.27256802781145,171.031494140625,87200,0.0,0.0
2009-08-31 00:00:00+09:00,171.74441415512146,173.68869054178322,165.9115849951362,166.55967712402344,69000,0.0,0.0
2009-09-02 00:00:00+09:00,162.47668309542877,166.23561915152902,161.76378773818067,163.38401794433594,28600,0.0,0.0
2009-09-03 00:00:00+09:00,162.67110614316576,163.4488146329625,157.55118285366228,157.87522888183594,59800,0.0,0.0
2009-09-04 00:00:00+09:00,159.17139557859556,161.05085838071892,156.83826047538824,157.42153930664062,26700,0.0,0.0
2009-09-07 00:00:00+09:00,159.3010189720223,163.31918747981695,158.13445136934658,158.1992645263672,38300,0.0,0.0
2009-09-08 00:00:00+09:00,160.14354729060085,164.5505652582273,160.14354729060085,162.02301025390625,40000,0.0,0.0
2009-09-09 00:00:00+09:00,163.64326707778437,164.22654605430228,160.7268524169922,160.7268524169922,50000,0.0,0.0
2009-09-10 00:00:00+09:00,160.7268244711201,174.33675718843267,160.7268244711201,173.0405731201172,220000,0.0,0.0
2009-09-11 00:00:00+09:00,174.98486040223318,181.40096799467497,166.55966341990344,171.74440002441406,150000,0.0,0.0
2009-09-14 00:00:00+09:00,167.85586942213902,169.80014590193215,159.75471742300104,162.99517822265625,64700,0.0,0.0
2009-09-15 00:00:00+09:00,161.05090302850326,164.48579348137818,156.51425787277077,156.57907104492188,54500,0.0,0.0
2009-09-16 00:00:00+09:00,158.78256498999394,161.82859589157368,158.78256498999394,159.30104064941406,33800,0.0,0.0
2009-09-17 00:00:00+09:00,159.43064715655706,161.69896937219914,155.54209478688495,155.9309539794922,37200,0.0,0.0
2009-09-18 00:00:00+09:00,152.23681939591782,155.47727966308594,139.66383751494553,155.47727966308594,80000,0.0,0.0
2009-09-21 00:00:00+09:00,155.47727966308594,155.47727966308594,155.47727966308594,155.47727966308594,0,0.0,0.0
2009-09-24 00:00:00+09:00,159.36582825530294,162.02300956785564,158.91216580633287,161.3101043701172,29000,0.0,0.0
2009-09-25 00:00:00+09:00,156.19018451638644,161.8933965512363,150.87583166833767,160.8564453125,29200,0.0,0.0
2009-09-28 00:00:00+09:00,158.7825953091496,160.3380126953125,153.59785750313657,160.3380126953125,29100,0.0,0.0
2009-09-29 00:00:00+09:00,158.45855234490065,161.95824647785858,153.27381443586506,158.13450622558594,43100,0.0,0.0
2009-09-30 00:00:00+09:00,154.2459122572488,159.43064880371094,147.7649915741711,159.43064880371094,46900,0.0,0.0
2009-10-01 00:00:00+09:00,157.42158537734693,162.21747340658447,153.07936978196423,154.69960021972656,33000,0.0,0.0
2009-10-02 00:00:00+09:00,147.76497646899935,152.30162048339844,147.76497646899935,152.30162048339844,60000,0.0,0.0
2009-10-05 00:00:00+09:00,154.2458964895695,154.2458964895695,145.88551361867366,152.30162048339844,43500,0.0,0.0
2009-10-06 00:00:00+09:00,149.77409361651914,153.85706608110823,149.06118832540938,153.53302001953125,27500,0.0,0.0
2009-10-07 00:00:00+09:00,147.70017686742162,154.24591064453125,147.70017686742162,154.24591064453125,31600,0.0,0.0
2009-10-08 00:00:00+09:00,155.54213727106813,158.78259846421537,154.24595279380924,158.13450622558594,33500,0.0,0.0
2009-10-09 00:00:00+09:00,157.81041863294152,161.95820391447117,154.9588174880274,159.43064880371094,44100,0.0,0.0
2009-10-13 00:00:00+09:00,162.02303460502938,163.9673110202897,161.05089639739919,161.95822143554688,39100,0.0,0.0
2009-10-14 00:00:00+09:00,156.1253942187684,163.0599881012665,156.1253942187684,160.7268524169922,40000,0.0,0.0
2009-10-15 00:00:00+09:00,162.3470415080817,162.6710874991158,159.10658159774076,161.0508575439453,31700,0.0,0.0
2009-10-16 00:00:00+09:00,159.43066711425783,160.0787592569987,154.89402211507164,155.5421142578125,16300,0.0,0.0
2009-10-19 00:00:00+09:00,155.60689425169994,157.4863571092988,152.82009665425053,156.70864868164062,22500,0.0,0.0
2009-10-20 00:00:00+09:00,158.13445685553964,158.71773573256365,155.54208871036684,157.55117797851562,36500,0.0,0.0
2009-10-21 00:00:00+09:00,154.9588270265485,157.1623362387923,154.3107349183473,155.67172241210938,40400,0.0,0.0
2009-10-22 00:00:00+09:00,152.43127074721906,154.76440642824284,151.00547000397177,154.56997680664062,27200,0.0,0.0
2009-10-23 00:00:00+09:00,154.7643891697809,157.4863739013672,152.62568334885586,157.4863739013672,21200,0.0,0.0
2009-10-26 00:00:00+09:00,159.43063025256905,160.07872224546566,155.5420782951893,156.19017028808594,37100,0.0,0.0
2009-10-27 00:00:00+09:00,154.24591275323445,154.24591275323445,148.28346768345045,154.05148315429688,32800,0.0,0.0
2009-10-28 00:00:00+09:00,155.9957429173036,155.9957429173036,148.2834520484648,152.30162048339844,26400,0.0,0.0
2009-10-29 00:00:00+09:00,148.4130767754898,152.17201257557105,146.46880066052705,146.7928466796875,44900,0.0,0.0
2009-10-30 00:00:00+09:00,149.06116340537966,151.52391503946234,147.76497937576767,149.1259765625,28900,0.0,0.0
2009-11-02 00:00:00+09:00,143.22834742089452,149.70926811867253,143.22834742089452,149.6444549560547,28400,0.0,0.0
2009-11-04 00:00:00+09:00,145.17265539710698,148.73716256087522,144.52456318551276,148.41311645507812,13600,0.0,0.0
2009-11-05 00:00:00+09:00,146.53363184116145,148.34828186035156,143.87645020161733,148.34828186035156,14800,0.0,0.0
2009-11-06 00:00:00+09:00,145.23740930419703,147.57053438035342,143.61717943640858,147.44091796875,30700,0.0,0.0
2009-11-09 00:00:00+09:00,144.20048392747685,145.49666805266767,143.22834583358377,144.459716796875,30000,0.0,0.0
2009-11-10 00:00:00+09:00,142.58025214645608,145.4966663949063,142.51543898529496,142.6450653076172,20000,0.0,0.0
2009-11-11 00:00:00+09:00,140.76560202545852,141.93216978231132,136.16415405273438,136.16415405273438,21700,0.0,0.0
2009-11-12 00:00:00+09:00,136.16414363786066,136.16414363786066,116.72138214111328,116.72138214111328,33900,0.0,0.0
2009-11-13 00:00:00+09:00,105.12053178622858,106.8703783975758,103.7595443725586,103.7595443725586,318100,0.0,0.0
2009-11-16 00:00:00+09:00,93.97336181495282,95.723208643342,90.79771423339844,90.79771423339844,608000,0.0,0.0
2009-11-17 00:00:00+09:00,92.09389743912034,93.90854752751378,81.1411342933386,87.49243927001953,545200,0.0,0.0
2009-11-18 00:00:00+09:00,91.38098634114907,93.3252626462799,81.529988372973,81.85403442382812,337200,0.0,0.0
2009-11-19 00:00:00+09:00,84.25195852282684,87.29798889160156,74.5305786932699,87.29798889160156,344900,0.0,0.0
2009-11-20 00:00:00+09:00,84.25198562272632,85.87221611547106,83.02061440388117,84.90007781982422,673300,0.0,0.0
2009-11-24 00:00:00+09:00,88.7886194565717,89.76075762580423,79.1968542089905,82.63174438476562,360700,0.0,0.0
2009-11-25 00:00:00+09:00,82.89098223550569,84.05754507208952,80.23380556131146,81.270751953125,233400,0.0,0.0
2009-11-26 00:00:00+09:00,82.30769763096302,83.9927410656624,80.42822953079472,80.88189697265625,140900,0.0,0.0
2009-11-27 00:00:00+09:00,80.0393587518507,82.17806424287778,79.52088319507159,80.62264251708984,230200,0.0,0.0
2009-11-30 00:00:00+09:00,80.36342660428865,86.4554888589732,80.36342660428865,84.83525848388672,182000,0.0,0.0
2009-12-01 00:00:00+09:00,84.25196917882568,90.73288988488919,84.05753957982373,87.68685913085938,363700,0.0,0.0
2009-12-02 00:00:00+09:00,90.21441224521344,90.21441224521344,85.87219744649374,88.0757064819336,133800,0.0,0.0
2009-12-03 00:00:00+09:00,86.77952065325448,93.51968383789061,86.77952065325448,93.51968383789062,218600,0.0,0.0
2009-12-04 00:00:00+09:00,89.43670999371963,92.15869484179532,87.88129290599088,91.70503234863281,151900,0.0,0.0
2009-12-07 00:00:00+09:00,90.4088544228094,92.15870124026931,89.37190303292876,90.08480834960938,106800,0.0,0.0
2009-12-08 00:00:00+09:00,89.30708999051537,90.79770374213223,83.60387774773363,85.87220001220703,142200,0.0,0.0
2009-12-09 00:00:00+09:00,82.63174635661153,86.90915835894714,81.78922461201802,84.12236022949219,69400,0.0,0.0
2009-12-10 00:00:00+09:00,83.34465310289535,86.7795335312757,81.85403920408999,84.05754852294922,56200,0.0,0.0
2009-12-11 00:00:00+09:00,84.31677941510692,85.74257994313497,82.30769011031751,83.60387420654297,91800,0.0,0.0
2009-12-14 00:00:00+09:00,82.11327302715114,83.66870011303446,80.3634262084961,80.3634262084961,78500,0.0,0.0
2009-12-15 00:00:00+09:00,79.65053201224148,87.4924466082158,78.41915584884526,84.90007781982422,71200,0.0,0.0
2009-12-16 00:00:00+09:00,84.12234161671614,87.49241796033135,83.4094364776961,84.57600402832031,88800,0.0,0.0
2009-12-17 00:00:00+09:00,83.79830340228632,86.84433403618324,83.79830340228632,86.45547485351562,33100,0.0,0.0
2009-12-18 00:00:00+09:00,83.86312291842822,85.15930725960393,82.9557978352459,84.3167953491211,73000,0.0,0.0
2009-12-21 00:00:00+09:00,84.83524514231723,85.93700953538877,83.60387420654297,83.60387420654297,70300,0.0,0.0
2009-12-22 00:00:00+09:00,84.3167832881531,96.56571960449219,84.3167832881531,96.56571960449219,399200,0.0,0.0
2009-12-24 00:00:00+09:00,109.52756881713867,109.52756881713867,99.15809484628531,101.10237121582031,1031200,0.0,0.0
2009-12-25 00:00:00+09:00,101.10238826976104,104.79651201718177,97.21383487477023,99.15811157226562,572600,0.0,0.0
2009-12-28 00:00:00+09:00,99.87099672747684,100.38946249703648,96.43610661409062,98.83404541015625,176700,0.0,0.0
2009-12-29 00:00:00+09:00,97.08420882614146,97.66748782219297,92.67718010220241,94.23259735107422,155300,0.0,0.0
2009-12-30 00:00:00+09:00,90.60325901369998,98.31554946955535,90.01997030962355,93.97333526611328,85600,0.0,0.0
2010-01-04 00:00:00+09:00,92.02905936405577,95.9176111681708,90.73287542935076,93.97333526611328,64200,0.0,0.0
2010-01-05 00:00:00+09:00,93.9733553752047,96.43610735596125,92.15869550048406,94.29740142822266,64000,0.0,0.0
2010-01-06 00:00:00+09:00,93.9733589799746,93.9733589799746,91.05694439094091,92.15869903564453,47600,0.0,0.0
2010-01-07 00:00:00+09:00,92.67717116313291,98.51000011745596,91.44580011730501,94.29740142822266,103400,0.0,0.0
2010-01-08 00:00:00+09:00,93.97334987164166,95.33434717025033,91.64021447091255,93.26044464111328,88100,0.0,0.0
2010-01-12 00:00:00+09:00,93.26044662243154,93.3252597862566,90.08479937701158,92.0290756225586,89000,0.0,0.0
2010-01-13 00:00:00+09:00,90.73287973083195,91.705017727948,87.62203616224075,91.57540130615234,89800,0.0,0.0
2010-01-14 00:00:00+09:00,90.08479666960712,91.76983998741247,88.91822897951882,91.5105972290039,85200,0.0,0.0
2010-01-15 00:00:00+09:00,90.66806934904012,93.71410974446542,89.5015116280936,92.09387969970703,64200,0.0,0.0
2010-01-18 00:00:00+09:00,91.96424499377675,91.96424499377675,90.34401509685256,91.38096618652344,58300,0.0,0.0
2010-01-19 00:00:00+09:00,91.51059931842204,96.30648662293174,91.1217500055809,93.00121307373047,124000,0.0,0.0
2010-01-20 00:00:00+09:00,93.3252640596796,93.39007722647248,89.3718982237334,89.76075744628906,112400,0.0,0.0
2010-01-21 00:00:00+09:00,89.95518178496297,95.85281372070312,88.78861407477365,95.85281372070312,135000,0.0,0.0
2010-01-22 00:00:00+09:00,94.62145456220152,95.91763887127277,92.54756164550781,92.54756164550781,121500,0.0,0.0
2010-01-25 00:00:00+09:00,93.39006710371929,93.64929996459037,87.49242557245468,89.9551773071289,167700,0.0,0.0
2010-01-26 00:00:00+09:00,93.39006532616956,93.6492981821065,85.80738067626953,85.80738067626953,131000,0.0,0.0
2010-01-27 00:00:00+09:00,86.84433664175181,87.23319583608627,84.25196838378906,84.25196838378906,85700,0.0,0.0
2010-01-28 00:00:00+09:00,84.51120897821696,84.70563859315493,82.9557918369152,83.40945434570312,104700,0.0,0.0
2010-01-29 00:00:00+09:00,82.50212095738,83.15021301534983,81.27074505832732,81.65959930419922,106800,0.0,0.0
2010-02-01 00:00:00+09:00,81.59479108731223,83.60387547810872,80.03936915927463,81.65959930419922,81100,0.0,0.0
2010-02-02 00:00:00+09:00,81.65959794353851,83.08539846949462,80.49303028081086,82.24288177490234,47000,0.0,0.0
2010-02-03 00:00:00+09:00,81.65959660204209,83.60387271161451,81.14112099500282,82.82616424560547,69700,0.0,0.0
2010-02-04 00:00:00+09:00,85.6129677679745,85.6129677679745,81.20593964387226,82.69654846191406,80300,0.0,0.0
2010-02-05 00:00:00+09:00,80.2338028238421,80.88189491468235,79.39128112792969,79.39128112792969,70900,0.0,0.0
2010-02-08 00:00:00+09:00,79.06724334823487,80.68747374471509,78.28953473574468,79.26167297363281,48000,0.0,0.0
2010-02-09 00:00:00+09:00,77.965484840665,89.56632995605469,77.77105522478283,89.56632995605469,216900,0.0,0.0
2010-02-10 00:00:00+09:00,88.72380256896245,89.56632425811915,81.72441101074219,81.72441101074219,133300,0.0,0.0
2010-02-12 00:00:00+09:00,83.92793160260062,83.92793160260062,79.45609487579132,80.10418701171875,62800,0.0,0.0
2010-02-15 00:00:00+09:00,79.26166885813468,80.81708600235326,79.19685569000015,79.8449478149414,31600,0.0,0.0
2010-02-16 00:00:00+09:00,80.10417119219495,82.50211458829436,80.10417119219495,81.07630920410156,34000,0.0,0.0
2010-02-17 00:00:00+09:00,82.89096965408548,83.40944029902214,81.33554783017615,82.30768585205078,37600,0.0,0.0
2010-02-18 00:00:00+09:00,82.30771267045715,82.30771267045715,79.3912976545748,80.16900634765625,72700,0.0,0.0
2010-02-19 00:00:00+09:00,80.16897787731529,81.65959144500422,80.10416966666567,80.29859924316406,36100,0.0,0.0
2010-02-22 00:00:00+09:00,80.2986110736349,80.81708177976819,80.1689896886889,80.75227355957031,49500,0.0,0.0
2010-02-23 00:00:00+09:00,80.62266269828092,80.62266269828092,79.45609487579132,80.10418701171875,81000,0.0,0.0
2010-02-24 00:00:00+09:00,79.65051684897449,79.65051684897449,77.77104884627937,77.90066528320312,85300,0.0,0.0
2010-02-25 00:00:00+09:00,77.12295532226562,77.44700135303144,74.53058707613904,77.12295532226562,103800,0.0,0.0
2010-02-26 00:00:00+09:00,75.17868253475265,75.30829897509591,72.06783852101175,74.9842529296875,169800,0.0,0.0
2010-03-01 00:00:00+09:00,73.03996948130873,74.40096669395095,71.29012298583984,71.29012298583984,140400,0.0,0.0
2010-03-02 00:00:00+09:00,68.1792789524874,69.6698925856277,67.20714091640886,68.5681381225586,215000,0.0,0.0
2010-03-03 00:00:00+09:00,68.82736656248684,74.20653199496336,68.37370415256449,70.96607208251953,257800,0.0,0.0
2010-03-04 00:00:00+09:00,70.90127704097954,70.90127704097954,67.85524119084232,68.95700073242188,195400,0.0,0.0
2010-03-05 00:00:00+09:00,68.04966749352559,72.45669555664062,68.04966749352559,72.45669555664062,96100,0.0,0.0
2010-03-08 00:00:00+09:00,72.71593269470154,73.88250046940708,70.25318564578487,70.70684814453125,112800,0.0,0.0
2010-03-09 00:00:00+09:00,70.38280688625164,71.93822904367366,70.31799865980713,70.5124282836914,92700,0.0,0.0
2010-03-10 00:00:00+09:00,70.51242142781966,72.78074374468547,69.47547012732653,71.41974639892578,51000,0.0,0.0
2010-03-11 00:00:00+09:00,72.97516126750429,73.10478263966294,68.04966285011986,71.29012298583984,84500,0.0,0.0
2010-03-12 00:00:00+09:00,71.16052232297442,72.52151489257812,70.64204660857736,72.52151489257812,80800,0.0,0.0
2010-03-15 00:00:00+09:00,71.743788431434,74.53058624267578,71.41974240429192,74.53058624267578,105400,0.0,0.0
2010-03-16 00:00:00+09:00,75.43793464755838,76.7989273071289,74.66022102455294,76.7989273071289,97300,0.0,0.0
2010-03-17 00:00:00+09:00,77.4469957426777,82.30768585205078,77.12294973538616,82.30768585205078,131500,0.0,0.0
2010-03-18 00:00:00+09:00,84.25198217543637,84.25198217543637,78.4839608683617,79.19686126708984,145800,0.0,0.0
2010-03-19 00:00:00+09:00,81.01150914529268,81.46517161868627,74.53058841366926,76.5396728515625,141800,0.0,0.0
2010-03-23 00:00:00+09:00,76.47486083984376,76.73409864515997,72.6511168089416,72.91035461425781,120800,0.0,0.0
2010-03-24 00:00:00+09:00,73.29921516092858,75.95639176896228,73.0399773332923,74.01211547851562,91100,0.0,0.0
2010-03-25 00:00:00+09:00,76.41006055249836,76.47486877441406,74.53059244964082,76.47486877441406,89200,0.0,0.0
2010-03-26 00:00:00+09:00,76.3452461830963,77.44700070059862,75.50272453238276,77.25257110595703,102200,0.0,0.0
2010-03-29 00:00:00+09:00,79.19685431715882,80.81708460142598,76.79891547426358,77.70624542236328,83800,0.0,0.0
2010-03-30 00:00:00+09:00,77.77104475336382,79.84493730230025,77.77104475336382,78.80799102783203,47900,0.0,0.0
2010-03-31 00:00:00+09:00,77.77104739344247,80.16898604358694,76.79890930102444,77.9654769897461,67600,0.0,0.0
2010-04-01 00:00:00+09:00,77.96546769275943,78.67836788661292,74.72500777110774,76.3452377319336,117700,0.0,0.0
2010-04-02 00:00:00+09:00,76.60447969522029,77.31738491854513,74.78982488966172,77.12295532226562,65400,0.0,0.0
2010-04-05 00:00:00+09:00,77.51180033699853,78.03027590228258,75.8915703761727,76.3452377319336,81200,0.0,0.0
2010-04-06 00:00:00+09:00,77.12295532226562,78.35433122808575,76.66929285701349,77.12295532226562,51700,0.0,0.0
2010-04-07 00:00:00+09:00,77.31738426720422,78.28952235131216,77.12295467256264,77.25257110595703,47600,0.0,0.0
2010-04-08 00:00:00+09:00,76.53966811589115,79.06722803374882,76.53966811589115,77.57661437988281,66000,0.0,0.0
2010-04-09 00:00:00+09:00,77.96548248966937,80.88189697265625,77.90066932329603,80.88189697265625,84100,0.0,0.0
2010-04-12 00:00:00+09:00,82.76134449280477,85.41852558649883,82.04844429833418,84.57600402832031,183600,0.0,0.0
2010-04-13 00:00:00+09:00,85.7425814604461,85.80738473294423,83.02059678802401,85.22410583496094,90000,0.0,0.0
2010-04-14 00:00:00+09:00,85.4833461409451,93.84374037043257,84.96488035944896,92.3531265258789,349900,0.0,0.0
2010-04-15 00:00:00+09:00,97.01938208118987,97.21381168237468,92.6771671371972,96.56571960449219,308000,0.0,0.0
2010-04-16 00:00:00+09:00,97.27860140924773,116.00845399197823,97.27860140924773,115.87883758544922,1170200,0.0,0.0
2010-04-19 00:00:00+09:00,108.10177227019919,115.6844484243983,103.69474368573518,105.12054443359375,687400,0.0,0.0
2010-04-20 00:00:00+09:00,109.85162097561745,110.82375921433973,95.33436056633872,100.45428466796875,432500,0.0,0.0
2010-04-21 00:00:00+09:00,103.04663055452646,105.31495261075817,98.50998644206302,101.16716766357422,296900,0.0,0.0
2010-04-22 00:00:00+09:00,101.29680076057045,103.5651231901266,96.0472506108144,101.94489288330078,181000,0.0,0.0
2010-04-23 00:00:00+09:00,101.75046273831146,102.26893841161349,99.15809426090225,100.38946533203125,130300,0.0,0.0
2010-04-26 00:00:00+09:00,103.04666948348303,109.85163822295833,101.10239270077581,106.35194396972656,262200,0.0,0.0
2010-04-27 00:00:00+09:00,104.34283161692267,107.25924616522174,103.82435594162708,105.5093994140625,98700,0.0,0.0
2010-04-28 00:00:00+09:00,102.91702142145893,104.86129760742188,100.51908276992464,104.86129760742188,122900,0.0,0.0
2010-04-30 00:00:00+09:00,104.92608978576727,106.67594607939238,103.7595321088159,104.47242736816406,125800,0.0,0.0
2010-05-06 00:00:00+09:00,101.10235683682437,101.75044886782966,96.43609619140625,96.43609619140625,148000,0.0,0.0
2010-05-07 00:00:00+09:00,88.65897888348232,94.55660957167204,85.61294876001091,92.6771469116211,217800,0.0,0.0
2010-05-10 00:00:00+09:00,90.0847903562703,92.61234526674173,88.3349438883209,90.4088363647461,98500,0.0,0.0
2010-05-11 00:00:00+09:00,92.67717203699557,93.97335626128921,86.19625091552734,86.19625091552734,134800,0.0,0.0
2010-05-12 00:00:00+09:00,86.26105648345633,89.95517921944966,86.19624332231085,87.88128662109375,62400,0.0,0.0
2010-05-13 00:00:00+09:00,89.30710078136156,94.4270248413086,87.94610330259007,94.4270248413086,60900,0.0,0.0
2010-05-14 00:00:00+09:00,93.26044662243154,96.04724455220234,90.53846185648581,92.0290756225586,90900,0.0,0.0
2010-05-17 00:00:00+09:00,91.0569307991628,92.8715904726244,84.31677759956213,86.5202865600586,94700,0.0,0.0
2010-05-18 00:00:00+09:00,87.16838267399714,89.24227530254733,81.01150806133565,84.25196838378906,146700,0.0,0.0
2010-05-19 00:00:00+09:00,81.52999432973233,85.35373405355347,78.54876648840977,84.64083862304688,80700,0.0,0.0
2010-05-20 00:00:00+09:00,86.58510311572199,87.42761488189787,83.60387568600731,85.22410583496094,63900,0.0,0.0
2010-05-21 00:00:00+09:00,77.4469957426777,82.76134828443907,77.05814152283779,82.30768585205078,76700,0.0,0.0
2010-05-24 00:00:00+09:00,77.4470009273953,85.87219768100314,77.05814668152338,81.65959930419922,52100,0.0,0.0
2010-05-25 00:00:00+09:00,82.3076997131893,84.05754646942903,81.0115154657375,83.40945434570312,67800,0.0,0.0
2010-05-26 00:00:00+09:00,81.20594511954585,84.18716295665139,77.77105488433422,82.0484619140625,67100,0.0,0.0
2010-05-27 00:00:00+09:00,80.16899500598227,84.05754781037042,79.78014071445357,83.15022277832031,25300,0.0,0.0
2010-05-28 00:00:00+09:00,86.19624324851209,86.19624324851209,82.95578297601163,84.51119995117188,52700,0.0,0.0
2010-05-31 00:00:00+09:00,84.57602826171555,86.1962586881852,83.21503074784036,84.3167953491211,36900,0.0,0.0
2010-06-01 00:00:00+09:00,84.38158334161412,84.77044252914088,83.34464199004262,83.47425842285156,22300,0.0,0.0
2010-06-02 00:00:00+09:00,81.52999405063325,84.90007123639506,80.3634262084961,80.3634262084961,31900,0.0,0.0
2010-06-03 00:00:00+09:00,82.9557842548077,84.25196838378906,82.24288397277795,84.25196838378906,43200,0.0,0.0
2010-06-04 00:00:00+09:00,84.90006886196602,86.19625311940061,83.99274383740223,85.1593017578125,13200,0.0,0.0
2010-06-07 00:00:00+09:00,81.27074232722518,82.95578063241106,79.196844844685,81.983642578125,54100,0.0,0.0
2010-06-08 00:00:00+09:00,79.97456114126118,85.8721978945424,79.78013154556673,85.22410583496094,54200,0.0,0.0
2010-06-09 00:00:00+09:00,83.34464488155089,85.54815398304994,82.30769360490412,85.02967834472656,29400,0.0,0.0
2010-06-10 00:00:00+09:00,83.08539200076297,87.36280313470716,83.08539200076297,85.35371398925781,38000,0.0,0.0
2010-06-11 00:00:00+09:00,84.12234161671614,85.87218799810299,82.50211165448779,84.57600402832031,76700,0.0,0.0
2010-06-14 00:00:00+09:00,84.70561981201172,87.16837131394288,84.64081654746808,84.70561981201172,43000,0.0,0.0
2010-06-15 00:00:00+09:00,85.15930725960393,85.8073994301918,83.1502274642426,84.3167953491211,78800,0.0,0.0
2010-06-16 00:00:00+09:00,84.51119911826086,85.48333719042996,83.4742577747404,83.60387420654297,43300,0.0,0.0
2010-06-17 00:00:00+09:00,82.43731058832161,82.82616979191525,81.01150999031219,81.33555603027344,77300,0.0,0.0
2010-06-18 00:00:00+09:00,81.20594028763854,82.63174089785996,81.20594028763854,82.56693267822266,20400,0.0,0.0
2010-06-21 00:00:00+09:00,82.69655458053013,84.9648819740857,82.69655458053013,84.12236022949219,36100,0.0,0.0
2010-06-22 00:00:00+09:00,84.9648686791105,84.9648686791105,82.37249562705591,83.92791748046875,33800,0.0,0.0
2010-06-23 00:00:00+09:00,82.63173740547612,83.15021302976186,82.24288315953682,82.50212097167969,28400,0.0,0.0
2010-06-24 00:00:00+09:00,81.98365850901699,83.60388891433354,81.07632849312958,82.37251281738281,18700,0.0,0.0
2010-06-25 00:00:00+09:00,82.11326291231092,83.27983061074843,72.71592794067004,76.99333953857422,82700,0.0,0.0
2010-06-28 00:00:00+09:00,77.25257797603822,79.65052176348388,77.05815330865641,77.70624542236328,52500,0.0,0.0
2010-06-29 00:00:00+09:00,77.18775905873359,78.35432667959093,73.7528742987421,74.46577453613281,60700,0.0,0.0
2010-06-30 00:00:00+09:00,69.47546942792582,73.23440549299707,69.47546942792582,71.03089141845703,58300,0.0,0.0
2010-07-01 00:00:00+09:00,73.49364987341804,73.49364987341804,68.63295880962784,68.89219665527344,73800,0.0,0.0
2010-07-02 00:00:00+09:00,69.41065851578082,72.19745634673035,69.3458502988041,71.35493469238281,13500,0.0,0.0
2010-07-05 00:00:00+09:00,73.29920973876528,77.12295381603323,71.74378783255715,75.50272369384766,23300,0.0,0.0
2010-07-06 00:00:00+09:00,75.50272525630135,79.26166119537929,74.59539538019115,78.48394775390625,29200,0.0,0.0
2010-07-07 00:00:00+09:00,77.83585341373457,81.65959745822825,73.882492938397,75.63233947753906,49200,0.0,0.0
2010-07-08 00:00:00+09:00,76.86371815844224,78.41914010817557,75.63234224221377,76.99333953857422,24500,0.0,0.0
2010-07-09 00:00:00+09:00,76.41005228400296,77.83585279006091,74.465776169624,76.60447692871094,31600,0.0,0.0
2010-07-12 00:00:00+09:00,76.15081215270429,77.70623398558436,74.53058210690207,74.59539031982422,20900,0.0,0.0
2010-07-13 00:00:00+09:00,74.85464067501118,75.82677886559574,73.10479390977919,73.55845642089844,29400,0.0,0.0
2010-07-14 00:00:00+09:00,74.14172957137608,79.71532006681234,73.42882932391616,77.57661437988281,45300,0.0,0.0
2010-07-15 00:00:00+09:00,76.474861767159,78.74318393821879,75.17867766941053,75.50272369384766,34300,0.0,0.0
2010-07-16 00:00:00+09:00,75.1786790363177,77.05814700113565,74.53058697565979,74.91944122314453,50900,0.0,0.0
2010-07-21 00:00:00+09:00,72.13265653853733,73.68807370549992,71.7437973022461,71.7437973022461,45700,0.0,0.0
2010-07-22 00:00:00+09:00,71.74379518008602,73.16960080036095,71.48456228962735,71.93822479248047,23300,0.0,0.0
2010-07-23 00:00:00+09:00,74.01211547851562,75.24349145137523,74.01211547851562,74.01211547851562,20400,0.0,0.0
2010-07-26 00:00:00+09:00,75.63233686587216,78.67837233101976,75.43791222632001,77.64142608642578,51500,0.0,0.0
2010-07-27 00:00:00+09:00,78.61356816248583,78.74318459552266,74.53058624267578,74.53058624267578,33800,0.0,0.0
2010-07-28 00:00:00+09:00,78.28954440425818,79.06725311279297,76.53969239322784,79.06725311279297,55600,0.0,0.0
2010-07-29 00:00:00+09:00,77.77106210642812,77.77106210642812,75.82678555376741,76.73411560058594,29000,0.0,0.0
2010-07-30 00:00:00+09:00,76.79891830408125,77.64144006076484,74.91945011616829,76.02120971679688,21400,0.0,0.0
2010-08-02 00:00:00+09:00,75.30830177063656,77.38219950496632,74.40097676545213,74.66020965576172,42900,0.0,0.0
2010-08-03 00:00:00+09:00,75.43791422681348,77.38219034119243,75.43791422681348,76.60447692871094,28900,0.0,0.0
2010-08-04 00:00:00+09:00,75.76196778638919,75.76196778638919,74.07692930846055,75.24349212646484,45700,0.0,0.0
2010-08-05 00:00:00+09:00,75.2434801413772,75.50271793004694,73.29920414317857,73.94729614257812,25500,0.0,0.0
2010-08-06 00:00:00+09:00,73.81768251222312,75.17867477352351,71.2901226300654,74.46577453613281,67900,0.0,0.0
2010-08-09 00:00:00+09:00,72.58630947391362,75.82676971828477,72.58630947391362,75.50272369384766,35300,0.0,0.0
2010-08-10 00:00:00+09:00,75.69714901917632,76.28042787464294,73.88248940680339,75.04905700683594,25500,0.0,0.0
2010-08-11 00:00:00+09:00,76.21562036562644,76.99333375434132,74.53058210690207,74.59539031982422,74900,0.0,0.0
2010-08-12 00:00:00+09:00,73.16960213357471,74.59540283527852,73.10479390977919,73.55845642089844,49200,0.0,0.0
2010-08-13 00:00:00+09:00,75.89158071085593,76.28043496549724,75.17868041992188,75.17868041992188,21800,0.0,0.0
2010-08-16 00:00:00+09:00,73.55844529895755,75.95638382868074,73.42882887096432,73.49363708496094,48000,0.0,0.0
2010-08-17 00:00:00+09:00,73.4936412254603,74.72501713896858,71.93821927916296,73.4288330078125,58300,0.0,0.0
2010-08-18 00:00:00+09:00,74.46578357606184,74.5305917974104,71.93822338706569,73.88249969482422,13100,0.0,0.0
2010-08-19 00:00:00+09:00,75.82676971828477,75.82676971828477,72.58630947391362,75.50272369384766,44500,0.0,0.0
2010-08-20 00:00:00+09:00,72.97517943545577,74.40098521687203,72.97517943545577,73.16960906982422,14500,0.0,0.0
2010-08-23 00:00:00+09:00,71.22532028563343,72.58631265908117,71.22532028563343,71.48455810546875,35200,0.0,0.0
2010-08-24 00:00:00+09:00,71.22532521508597,72.58631768272701,68.69776494972378,69.60509490966797,35600,0.0,0.0
2010-08-25 00:00:00+09:00,68.0496764413019,69.47547720796601,66.62387567463777,66.94792175292969,57800,0.0,0.0
2010-08-26 00:00:00+09:00,68.04967011437311,68.04967011437311,65.58691817050901,66.36463165283203,30900,0.0,0.0
2010-08-27 00:00:00+09:00,64.87401142793,69.4754638671875,64.80920321362633,69.4754638671875,34000,0.0,0.0
2010-08-30 00:00:00+09:00,68.37371152406241,72.5215016480814,68.37371152406241,71.80860137939453,33100,0.0,0.0
2010-08-31 00:00:00+09:00,69.99394070832707,72.52150066725997,67.336764318495,67.53118896484375,98200,0.0,0.0
2010-09-01 00:00:00+09:00,66.17019031908839,69.73469621716862,64.8091981469131,66.42942810058594,87800,0.0,0.0
2010-09-02 00:00:00+09:00,66.4294398735547,66.81829414244106,65.45730172906366,66.36463165283203,26800,0.0,0.0
2010-09-03 00:00:00+09:00,66.10539387859356,68.04967016914043,65.39249356096977,66.88310241699219,26800,0.0,0.0
2010-09-06 00:00:00+09:00,66.42943854324734,67.98486053219439,66.42943854324734,67.46638488769531,45400,0.0,0.0
2010-09-07 00:00:00+09:00,67.0127091454585,68.2440848490438,66.42942539696554,66.75347137451172,40000,0.0,0.0
2010-09-08 00:00:00+09:00,65.39248036431476,65.9109509704328,65.00362617358893,65.65171813964844,102300,0.0,0.0
2010-09-09 00:00:00+09:00,65.84614421415338,66.94790354746972,65.45729001485621,65.58690643310547,24600,0.0,0.0
2010-09-10 00:00:00+09:00,65.58691957125812,66.75348734738203,65.32768668283093,65.7813491821289,46000,0.0,0.0
2010-09-13 00:00:00+09:00,67.66081994316298,70.64204277790768,66.29982744736111,69.02181243896484,99900,0.0,0.0
2010-09-14 00:00:00+09:00,68.17927264495982,68.373702212008,67.40156426586572,67.98484802246094,36500,0.0,0.0
2010-09-16 00:00:00+09:00,67.40158827614958,69.60510272793391,67.40158827614958,68.24411010742188,31400,0.0,0.0
2010-09-17 00:00:00+09:00,68.11448886722289,68.69777283301721,67.4015884399414,67.4015884399414,49800,0.0,0.0
2010-09-21 00:00:00+09:00,69.21622730217808,69.34584372384208,67.72561373029437,68.0496597290039,40700,0.0,0.0
2010-09-22 00:00:00+09:00,68.04968325368829,69.34586769661568,68.04968325368829,68.43853759765625,26100,0.0,0.0
2010-09-24 00:00:00+09:00,68.11447624055384,68.95699791769172,67.07752990722656,67.07752990722656,23800,0.0,0.0
2010-09-27 00:00:00+09:00,68.37371201737686,68.63294982910156,65.52210597750518,68.63294982910156,44600,0.0,0.0
2010-09-28 00:00:00+09:00,68.69775390625,68.95699170235333,66.75347785229953,68.69775390625,20100,0.0,0.0
2010-09-29 00:00:00+09:00,67.7904494968254,68.63297141376128,67.40159512922096,68.37373352050781,24300,0.0,0.0
2010-09-30 00:00:00+09:00,68.0496644800409,69.34584856537502,67.0127182006836,67.0127182006836,53400,0.0,0.0
2010-10-01 00:00:00+09:00,66.88309115016177,67.14232893414136,66.29981231689453,66.29981231689453,14500,0.0,0.0
2010-10-04 00:00:00+09:00,65.78135264771015,66.68868263865767,64.87402265676263,65.32769012451172,56200,0.0,0.0
2010-10-05 00:00:00+09:00,65.1332619601831,66.36463805082806,63.18898548375974,64.7444076538086,115800,0.0,0.0
2010-10-06 00:00:00+09:00,65.19805919847151,67.7256191807293,64.80920495763569,66.55905151367188,84700,0.0,0.0
2010-10-07 00:00:00+09:00,66.429437840514,67.40157595525324,65.71653754528192,66.2350082397461,81800,0.0,0.0
2010-10-08 00:00:00+09:00,65.84616601932822,68.24411010742188,65.78135778874214,68.24411010742188,113200,0.0,0.0
2010-10-12 00:00:00+09:00,68.30891453127526,68.6977688376727,64.87402411157133,65.26287841796875,78300,0.0,0.0
2010-10-13 00:00:00+09:00,65.32766913193693,65.65171509996331,64.16110166922236,64.29071807861328,56000,0.0,0.0
2010-10-14 00:00:00+09:00,64.1611099243164,66.23500240869664,64.1611099243164,64.1611099243164,80300,0.0,0.0
2010-10-15 00:00:00+09:00,63.5778305376262,64.29073081965595,62.411267788273,63.1889762878418,122600,0.0,0.0
2010-10-18 00:00:00+09:00,62.34646370718145,63.77226942346497,61.24470901489258,61.24470901489258,120900,0.0,0.0
2010-10-19 00:00:00+09:00,59.30043663285345,61.56875934558554,58.5227279663086,58.522727966308594,206000,0.0,0.0
2010-10-20 00:00:00+09:00,56.578433034612026,58.32827943999198,55.9951492513022,56.772857666015625,191600,0.0,0.0
2010-10-21 00:00:00+09:00,57.356139503870864,57.87461505912672,57.03209351797329,57.485755920410156,90800,0.0,0.0
2010-10-22 00:00:00+09:00,57.35615616990529,59.883716583251946,57.35615616990529,59.88371658325195,98100,0.0,0.0
2010-10-25 00:00:00+09:00,60.85584674496715,61.50393881904657,59.105995178222656,59.105995178222656,59800,0.0,0.0
2010-10-26 00:00:00+09:00,60.01332507084386,60.01332507084386,59.105995178222656,59.105995178222656,31900,0.0,0.0
2010-10-27 00:00:00+09:00,59.10599262926366,59.17080578951662,56.3191997976333,58.00423812866211,100100,0.0,0.0
2010-10-28 00:00:00+09:00,59.106000808612826,59.17081397783492,55.865540129532064,56.57844543457031,100400,0.0,0.0
2010-10-29 00:00:00+09:00,59.10599863581099,59.170811802650476,55.86553807585314,57.291343688964844,82600,0.0,0.0
2010-11-01 00:00:00+09:00,57.29132970967722,58.97636780078995,56.57842954934675,58.133846282958984,63700,0.0,0.0
2010-11-02 00:00:00+09:00,58.0690484552133,59.494853975258884,55.93034759197006,57.809810638427734,63100,0.0,0.0
2010-11-04 00:00:00+09:00,57.6801955304827,58.133858011891135,56.44881958080954,56.70805740356445,39200,0.0,0.0
2010-11-05 00:00:00+09:00,57.35613866006174,60.27255249023437,57.03209267893145,60.272552490234375,69900,0.0,0.0
2010-11-08 00:00:00+09:00,62.21682851823894,62.21682851823894,60.14293621211736,61.115074157714844,89000,0.0,0.0
2010-11-09 00:00:00+09:00,60.59660511068559,62.216835193859,60.272559094050905,60.79103469848633,72700,0.0,0.0
2010-11-10 00:00:00+09:00,60.27256693429814,63.44821929931641,60.27256693429814,63.448219299316406,130700,0.0,0.0
2010-11-11 00:00:00+09:00,62.47607200470993,62.47607200470993,60.79103373385763,60.98545837402344,172000,0.0,0.0
2010-11-12 00:00:00+09:00,60.72621954880931,60.79103270565141,58.393089294433594,58.393089294433594,110700,0.0,0.0
2010-11-15 00:00:00+09:00,59.30043444977083,59.94852662954975,58.976388359881376,59.235626220703125,52200,0.0,0.0
2010-11-16 00:00:00+09:00,59.818894687615725,59.818894687615725,58.19866465755625,58.393089294433594,90900,0.0,0.0
2010-11-17 00:00:00+09:00,58.004234954586735,58.911564758428746,57.7449971614105,57.87461853027344,22800,0.0,0.0
2010-11-18 00:00:00+09:00,57.874618334294944,58.65232676664049,57.874618334294944,58.4578971862793,85500,0.0,0.0
2010-11-19 00:00:00+09:00,59.36523612063397,59.88371178500036,58.393097958359775,58.71714401245117,219300,0.0,0.0
2010-11-22 00:00:00+09:00,59.430030340689534,60.40216827392578,59.04117615630488,60.40216827392578,91700,0.0,0.0
2010-11-24 00:00:00+09:00,59.30041929399468,60.20774910270344,58.97637328692367,59.75408172607422,110900,0.0,0.0
2010-11-25 00:00:00+09:00,60.272558614608386,60.46698820086252,58.58752033042176,59.494850158691406,74700,0.0,0.0
2010-11-26 00:00:00+09:00,60.5318084048466,60.661424858323805,59.62447839685389,59.948524475097656,70000,0.0,0.0
2010-11-29 00:00:00+09:00,60.92065183712299,60.92065183712299,60.078130206236445,60.33736801147461,61100,0.0,0.0
2010-11-30 00:00:00+09:00,60.531793641976805,61.050264273988546,59.62446385526932,59.81889343261719,127600,0.0,0.0
2010-12-01 00:00:00+09:00,59.81888691935222,64.16110085819858,59.81888691935222,63.90186309814453,174600,0.0,0.0
2010-12-02 00:00:00+09:00,59.81889432586624,67.20713926261797,59.81889432586624,66.10538482666016,249700,0.0,0.0
2010-12-03 00:00:00+09:00,66.1053944865008,67.59600830078125,65.00363988954592,67.59600830078125,150600,0.0,0.0
2010-12-06 00:00:00+09:00,71.48455556536032,74.53058624267578,68.63294953760013,74.53058624267578,461000,0.0,0.0
2010-12-07 00:00:00+09:00,74.07691948772595,77.70623379238971,70.64202982134525,73.2343978881836,399800,0.0,0.0
2010-12-08 00:00:00+09:00,73.23440549299707,74.40097322203304,70.38279933444821,71.03089141845703,345500,0.0,0.0
2010-12-09 00:00:00+09:00,71.29013127422141,71.61417732546788,70.96608522297495,71.16051483154297,113900,0.0,0.0
2010-12-10 00:00:00+09:00,70.77165779630177,71.03089563420131,68.17928930640718,70.12356567382812,148000,0.0,0.0
2010-12-13 00:00:00+09:00,69.08661512266791,70.25318285096492,68.37371481961982,69.6698989868164,121200,0.0,0.0
2010-12-14 00:00:00+09:00,70.57723236083984,71.22532447628456,69.60509418767276,70.57723236083984,163500,0.0,0.0
2010-12-15 00:00:00+09:00,71.61418169114827,71.67898991643828,69.4106674194336,69.4106674194336,139400,0.0,0.0
2010-12-16 00:00:00+09:00,69.47547709784166,69.86433634681619,67.14234632674824,68.30891418457031,153700,0.0,0.0
2010-12-17 00:00:00+09:00,67.27195130992082,69.79950614421563,67.27195130992082,68.0496597290039,160400,0.0,0.0
2010-12-20 00:00:00+09:00,68.17927435448591,68.43851213553384,64.8091980345111,65.58690643310547,165500,0.0,0.0
2010-12-21 00:00:00+09:00,65.65172930763542,68.76256830717497,65.45729970692351,67.92005157470703,245400,0.0,0.0
2010-12-22 00:00:00+09:00,67.07752173287528,69.34584372384208,66.4294297354562,68.0496597290039,183900,0.0,0.0
2010-12-24 00:00:00+09:00,68.37370776286168,76.99333356291909,68.37370776286168,73.2343978881836,554100,0.0,0.0
2010-12-27 00:00:00+09:00,76.21562395869931,77.0581456000558,70.05874949439415,75.50272369384766,357300,0.0,0.0
2010-12-28 00:00:00+09:00,74.91943851964265,76.08600616455078,73.62325444510022,76.08600616455078,120900,0.0,0.0
2010-12-29 00:00:00+09:00,74.01210867855298,76.08600616455078,71.4845536888351,76.08600616455078,104700,0.0,0.0
2010-12-30 00:00:00+09:00,75.95638753128719,75.95638753128719,71.93821873302815,74.91944122314453,106300,0.0,0.0
2011-01-04 00:00:00+09:00,74.9194511861072,80.62266405614332,72.003036525315,80.3634262084961,214900,0.0,0.0
2011-01-05 00:00:00+09:00,80.36341599684495,85.80738538292667,79.06723186786358,84.25196838378906,292000,0.0,0.0
2011-01-06 00:00:00+09:00,87.03877404858889,90.73289716982589,84.25197594340976,85.09449768066406,514800,0.0,0.0
2011-01-07 00:00:00+09:00,85.22411003572427,87.49243235606673,82.37250384409796,85.67777252197266,233000,0.0,0.0
2011-01-11 00:00:00+09:00,88.14051621671868,97.86189668179796,86.64990256758661,96.43609619140625,494400,0.0,0.0
2011-01-12 00:00:00+09:00,95.91763610981853,95.98244927904672,88.78862261516986,90.14962005615234,393200,0.0,0.0
2011-01-13 00:00:00+09:00,90.21441357149527,93.64930349767285,85.61296583828768,86.13143157958984,305700,0.0,0.0
2011-01-14 00:00:00+09:00,86.4554755265641,87.49242676235042,84.83524540133538,87.16838073730469,180300,0.0,0.0
2011-01-17 00:00:00+09:00,86.84434020624042,89.76075461615147,85.28892314326139,87.3628158569336,140000,0.0,0.0
2011-01-18 00:00:00+09:00,86.4554715382255,89.11265277666023,85.02967107161882,87.75165557861328,115100,0.0,0.0
2011-01-19 00:00:00+09:00,88.85341073648758,89.50150268966662,86.84432172599314,87.81645965576172,84700,0.0,0.0
2011-01-20 00:00:00+09:00,89.76075536554511,89.76075536554511,85.41854029680096,85.54815673828125,88100,0.0,0.0
2011-01-21 00:00:00+09:00,85.54814039548774,85.54814039548774,79.06722066855686,79.78012084960938,209000,0.0,0.0
2011-01-24 00:00:00+09:00,79.78012518822608,81.98363900412433,79.71531697634222,81.07630920410156,211600,0.0,0.0
2011-01-25 00:00:00+09:00,81.78922407553794,83.08540832361018,79.06723913240646,82.0484619140625,90300,0.0,0.0
2011-01-26 00:00:00+09:00,82.50213156809272,82.76136446898096,79.97457122802734,79.97457122802734,78400,0.0,0.0
2011-01-27 00:00:00+09:00,82.24289358960922,83.2798400251366,79.1968575635937,83.21502685546875,54000,0.0,0.0
2011-01-28 00:00:00+09:00,83.40944510624199,83.40944510624199,79.97456019771533,80.42822265625,70600,0.0,0.0
2011-01-31 00:00:00+09:00,80.03937530517578,81.9188434065151,79.19685358730115,80.03937530517578,95900,0.0,0.0
2011-02-01 00:00:00+09:00,80.36342552391034,81.205947285449,79.71533338258848,79.97457122802734,35900,0.0,0.0
2011-02-02 00:00:00+09:00,80.42821802084991,83.47425345612018,80.42821802084991,82.30768585205078,116200,0.0,0.0
2011-02-03 00:00:00+09:00,82.69653669976229,82.82615806412312,81.01149851946727,82.76134490966797,53000,0.0,0.0
2011-02-04 00:00:00+09:00,81.59478972773141,83.27982806146586,81.59478972773141,82.24288177490234,60300,0.0,0.0
2011-02-07 00:00:00+09:00,82.82615915771746,85.54814356609147,82.24287537176602,85.35371398925781,111800,0.0,0.0
2011-02-08 00:00:00+09:00,87.16837627998817,97.86189455968932,87.16837627998817,90.4088363647461,671100,0.0,0.0
2011-02-09 00:00:00+09:00,90.73287851670209,93.00120047961964,85.09448018669825,88.14051055908203,258100,0.0,0.0
2011-02-10 00:00:00+09:00,80.36340112081113,86.00179906033871,79.26164679294224,82.89096069335938,592000,0.0,0.0
2011-02-14 00:00:00+09:00,83.02058763838963,83.47425005227886,81.40035272345081,82.76134490966797,111300,0.0,0.0
2011-02-15 00:00:00+09:00,84.25196404224721,84.25196404224721,81.52997948947146,82.1132583618164,181200,0.0,0.0
2011-02-16 00:00:00+09:00,81.20594093132603,83.86311256936911,79.7801353652526,80.23380279541016,116500,0.0,0.0
2011-02-17 00:00:00+09:00,79.52088319507159,81.46515911616918,79.0672207913019,80.62264251708984,129900,0.0,0.0
2011-02-18 00:00:00+09:00,79.97456300884842,81.46517181396484,79.45608737125566,81.46517181396484,62600,0.0,0.0
2011-02-21 00:00:00+09:00,79.90975881166062,81.65960552363259,79.90975881166062,80.88189697265625,75400,0.0,0.0
2011-02-22 00:00:00+09:00,82.30770566369553,82.89098960612796,78.09510655492372,79.19686126708984,204700,0.0,0.0
2011-02-23 00:00:00+09:00,77.51181089231977,82.30769321836274,75.17868041992188,75.17868041992188,244300,0.0,0.0
2011-02-24 00:00:00+09:00,75.17867412522295,78.2895177909831,72.8455438481777,74.59539031982422,180200,0.0,0.0
2011-02-25 00:00:00+09:00,77.64145216562872,82.17809783603488,75.11389144606359,79.06725311279297,161100,0.0,0.0
2011-02-28 00:00:00+09:00,81.01151135637483,81.59479522705078,78.93761864347174,81.59479522705078,90600,0.0,0.0
2011-03-01 00:00:00+09:00,83.53906940390753,83.53906940390753,80.75227628494302,81.270751953125,117300,0.0,0.0
2011-03-02 00:00:00+09:00,80.81708822196815,81.52999353462364,77.77105712890625,77.77105712890625,79200,0.0,0.0
2011-03-03 00:00:00+09:00,78.15991125450589,80.94670944001014,78.15991125450589,79.97457122802734,44900,0.0,0.0
2011-03-04 00:00:00+09:00,80.88188869656994,81.46516757784411,79.06722900390625,81.01150512695312,62200,0.0,0.0
2011-03-07 00:00:00+09:00,79.71533425446992,80.23380995101846,78.03029565751322,78.159912109375,70000,0.0,0.0
2011-03-08 00:00:00+09:00,78.93761517288263,80.29860751492198,78.80799379368123,79.32646942138672,55900,0.0,0.0
2011-03-09 00:00:00+09:00,80.81708385663669,81.01151346677712,79.45609141930491,80.03937530517578,71400,0.0,0.0
2011-03-10 00:00:00+09:00,80.03937043600935,80.5578460684756,79.5208948035431,79.71532440185547,60000,0.0,0.0
2011-03-11 00:00:00+09:00,79.71532920164134,80.88189697265625,77.7710528796501,80.88189697265625,141700,0.0,0.0
2011-03-14 00:00:00+09:00,63.38339684609129,69.34584101129914,61.439120929886634,61.503929138183594,669500,0.0,0.0
2011-03-15 00:00:00+09:00,58.19866676696171,58.263474981603125,51.782554626464844,51.782554626464844,475000,0.0,0.0
2011-03-16 00:00:00+09:00,50.81041935061371,55.995155918134486,50.81041935061371,53.662025451660156,388300,0.0,0.0
2011-03-17 00:00:00+09:00,49.90308805055256,52.81950228727317,49.44942559154934,51.19927215576172,398400,0.0,0.0
2011-03-18 00:00:00+09:00,51.84736415081687,55.73591646212814,51.84736415081687,55.67110824584961,627900,0.0,0.0
2011-03-22 00:00:00+09:00,61.503929290137826,62.800113237476666,58.97636960391721,62.02239990234375,214500,0.0,0.0
2011-03-23 00:00:00+09:00,61.56874669561113,63.513022907051486,58.97637841369066,60.01332473754883,199200,0.0,0.0
2011-03-24 00:00:00+09:00,60.985466749496624,60.985466749496624,56.5784433546842,57.291343688964844,190400,0.0,0.0
2011-03-25 00:00:00+09:00,57.29134160008041,58.91157182098455,56.05996564328321,56.64324951171875,153900,0.0,0.0
2011-03-28 00:00:00+09:00,56.70806021254648,56.967298048142496,53.791645687329805,55.02302169799805,110500,0.0,0.0
2011-03-29 00:00:00+09:00,54.050875082941694,56.25438892460592,53.07873705966774,55.217437744140625,100200,0.0,0.0
2011-03-30 00:00:00+09:00,55.21744496295329,57.35615087157802,55.087828520724656,56.9672966003418,61800,0.0,0.0
2011-03-31 00:00:00+09:00,57.680206639014905,57.680206639014905,55.735930010733505,57.61539840698242,122300,0.0,0.0
2011-04-01 00:00:00+09:00,57.03210976587919,58.00424800052486,55.735925453018304,56.44882583618164,106400,0.0,0.0
2011-04-04 00:00:00+09:00,57.09690172624293,58.00423147566601,56.70804753207571,57.485755920410156,42400,0.0,0.0
2011-04-05 00:00:00+09:00,58.06904427763416,58.06904427763416,54.31011351059218,55.08782196044922,119500,0.0,0.0
2011-04-06 00:00:00+09:00,55.282260613735815,55.67111490245231,53.8564549623746,53.98607635498047,41500,0.0,0.0
2011-04-07 00:00:00+09:00,53.07873819969603,54.439730472601106,52.81950039901179,53.273162841796875,57800,0.0,0.0
2011-04-08 00:00:00+09:00,53.33797547599602,55.282251545188345,52.560262081589244,55.08782196044922,48600,0.0,0.0
2011-04-11 00:00:00+09:00,55.6711077693082,55.6711077693082,53.20835601540543,53.53240203857422,45300,0.0,0.0
2011-04-12 00:00:00+09:00,53.53240203857422,55.02301572297062,52.49545575334407,53.53240203857422,115500,0.0,0.0
2011-04-13 00:00:00+09:00,52.75470099139263,54.89340207881696,52.75470099139263,54.37493133544922,88300,0.0,0.0
2011-04-14 00:00:00+09:00,54.180492773250506,55.21743903337711,53.92125497208141,54.95820617675781,23900,0.0,0.0
2011-04-15 00:00:00+09:00,55.60629970589274,55.73591613769532,54.56934847327242,55.73591613769531,56700,0.0,0.0
2011-04-18 00:00:00+09:00,55.73591613769532,56.448816401709344,55.41187011363895,55.73591613769531,25200,0.0,0.0
2011-04-19 00:00:00+09:00,54.11568631049418,55.15263260418048,54.11568631049418,54.82858657836914,23700,0.0,0.0
2011-04-20 00:00:00+09:00,54.76378699303861,56.05997130056615,54.63417054010615,55.15264129638672,25200,0.0,0.0
2011-04-21 00:00:00+09:00,56.124770349930806,56.124770349930806,54.82858625434557,54.893394470214844,32000,0.0,0.0
2011-04-22 00:00:00+09:00,55.671121840571715,55.73593007267622,54.763791757455124,55.47669219970703,26700,0.0,0.0
2011-04-25 00:00:00+09:00,56.254391754005475,56.254391754005475,55.41187011363895,55.73591613769531,21700,0.0,0.0
2011-04-26 00:00:00+09:00,54.95820645382278,55.67110670221946,53.791638814955625,54.05087661743164,66300,0.0,0.0
2011-04-27 00:00:00+09:00,54.0508842771104,55.60630636783922,54.0508842771104,54.56935501098633,26100,0.0,0.0
2011-04-28 00:00:00+09:00,55.73592033468668,57.032104528516605,55.152636458553154,56.18958282470703,55600,0.0,0.0
2011-05-02 00:00:00+09:00,56.96729522631936,57.55057909138035,56.189581758054636,56.70805740356445,64400,0.0,0.0
2011-05-06 00:00:00+09:00,55.86552555566825,56.124763331276434,54.43972520664721,55.606292724609375,87600,0.0,0.0
2011-05-09 00:00:00+09:00,55.15261545283673,56.31918276079879,55.15261545283673,55.54146957397461,29900,0.0,0.0
2011-05-10 00:00:00+09:00,56.51362505714761,57.032100677490234,55.15263273443568,57.032100677490234,62100,0.0,0.0
2011-05-11 00:00:00+09:00,57.09692232487357,58.069060633280785,56.96730586157306,57.680206298828125,74500,0.0,0.0
2011-05-12 00:00:00+09:00,56.70805465091358,57.93943054081484,56.70805465091358,57.032100677490234,46600,0.0,0.0
2011-05-13 00:00:00+09:00,56.1895789206278,56.96729234962003,55.67110824584961,55.67110824584961,34000,0.0,0.0
2011-05-16 00:00:00+09:00,55.73592312647997,55.93035274311349,53.8564549623746,53.98607635498047,88500,0.0,0.0
2011-05-17 00:00:00+09:00,53.20834421816243,53.79162791945179,49.96788470494244,52.1713981628418,140800,0.0,0.0
2011-05-18 00:00:00+09:00,51.847368722938626,54.76378321360393,51.847368722938626,53.79164505004883,103800,0.0,0.0
2011-05-19 00:00:00+09:00,53.33797139479281,54.69896355017994,52.56025805989348,52.88430404663086,49600,0.0,0.0
2011-05-20 00:00:00+09:00,53.33798080499307,54.439735376458444,52.819505156921,53.07874298095703,30700,0.0,0.0
2011-05-23 00:00:00+09:00,53.46759940093419,53.46759940093419,50.87523094513132,51.52332305908203,70000,0.0,0.0
2011-05-24 00:00:00+09:00,50.55118695957442,51.65294162061669,50.55118695957442,50.8104248046875,55600,0.0,0.0
2011-05-25 00:00:00+09:00,51.78255430407262,51.84736251831055,51.06965405835581,51.84736251831055,63600,0.0,0.0
2011-05-26 00:00:00+09:00,51.328896580712296,52.30103481098753,51.264088354270754,51.6529426574707,40900,0.0,0.0
2011-05-27 00:00:00+09:00,51.32889029763476,51.84736593480284,51.1992738606178,51.39370346069336,42600,0.0,0.0
2011-05-30 00:00:00+09:00,52.10660661658546,52.10660661658546,51.4585145067885,51.588130950927734,23700,0.0,0.0
2011-05-31 00:00:00+09:00,51.58812890177311,52.301029205322266,51.52332068227777,52.301029205322266,8300,0.0,0.0
2011-06-01 00:00:00+09:00,52.365838447337254,52.365838447337254,51.58812503799076,51.782554626464844,36200,0.0,0.0
2011-06-02 00:00:00+09:00,50.35675668064488,51.78256233783369,50.35675668064488,50.940040588378906,41700,0.0,0.0
2011-06-03 00:00:00+09:00,51.00483965162557,51.32888565943654,50.162322998046875,50.162322998046875,57100,0.0,0.0
2011-06-06 00:00:00+09:00,50.16233410697971,50.55118841355847,50.03271270841961,50.227142333984375,31300,0.0,0.0
2011-06-07 00:00:00+09:00,50.22713405563508,51.004842540612024,50.0975176229889,50.35675048828125,28900,0.0,0.0
2011-06-08 00:00:00+09:00,50.03271270841961,50.55118841355847,50.03271270841961,50.227142333984375,62300,0.0,0.0
2011-06-09 00:00:00+09:00,50.03269350339602,50.227123054329105,49.254985188761445,49.38460159301758,47900,0.0,0.0
2011-06-10 00:00:00+09:00,49.90308715820313,49.96789537339471,48.542094860980285,48.606903076171875,132000,0.0,0.0
2011-06-13 00:00:00+09:00,48.47728361919997,48.60690004149079,45.36644003872473,46.72743225097656,120700,0.0,0.0
2011-06-14 00:00:00+09:00,46.27377635118643,46.662630617421556,45.4312546538851,46.40339279174805,72400,0.0,0.0
2011-06-15 00:00:00+09:00,46.662620859315986,47.958804772074764,46.468191294582475,46.59781265258789,58500,0.0,0.0
2011-06-16 00:00:00+09:00,46.33857264146528,46.53300219680151,45.62567251281407,45.9497184753418,58200,0.0,0.0
2011-06-17 00:00:00+09:00,46.01452907264655,46.01452907264655,45.366437113876884,45.69048309326172,106700,0.0,0.0
2011-06-20 00:00:00+09:00,46.662629156489174,46.662629156489174,45.62568283081055,45.62568283081055,47400,0.0,0.0
2011-06-21 00:00:00+09:00,46.0145378112793,46.0145378112793,45.62568355107993,46.0145378112793,31800,0.0,0.0
2011-06-22 00:00:00+09:00,46.20897115907754,47.18110936064677,46.14415798999913,46.85706329345703,58100,0.0,0.0
2011-06-23 00:00:00+09:00,46.14414389705744,46.72742762876767,46.14414389705744,46.33857345581055,29500,0.0,0.0
2011-06-24 00:00:00+09:00,46.40338166054522,46.468189865279896,46.01452748758809,46.33857345581055,36600,0.0,0.0
2011-06-27 00:00:00+09:00,46.66263443843887,46.66263443843887,45.6904962209714,45.884925842285156,73600,0.0,0.0
2011-06-28 00:00:00+09:00,46.92187126580778,46.92187126580778,45.949733069463214,46.079349517822266,38800,0.0,0.0
2011-06-29 00:00:00+09:00,46.4033823102106,47.63475799560547,46.4033823102106,47.63475799560547,59400,0.0,0.0
2011-06-30 00:00:00+09:00,47.3107136167329,47.76437601605993,46.40338387352953,46.98666763305664,59400,0.0,0.0
2011-07-01 00:00:00+09:00,48.02361558093446,51.84735931967002,46.98666938345096,49.44942092895508,170200,0.0,0.0
2011-07-04 00:00:00+09:00,51.39369344451032,51.78254762432702,49.51422580675556,49.903079986572266,131800,0.0,0.0
2011-07-05 00:00:00+09:00,50.551186734565555,54.828593853964826,50.42157028486127,54.37493133544922,260800,0.0,0.0
2011-07-06 00:00:00+09:00,55.087831115519954,62.86493668476982,55.087831115519954,59.365238189697266,1435500,0.0,0.0
2011-07-07 00:00:00+09:00,58.71715637227818,60.661433106092375,56.384025280611446,57.745018005371094,935100,0.0,0.0
2011-07-08 00:00:00+09:00,58.78195739657603,60.27257135412196,57.09691875623117,58.97638702392578,412500,0.0,0.0
2011-07-11 00:00:00+09:00,57.032108561197916,58.91157676405662,57.032108561197916,58.32829284667969,192400,0.0,0.0
2011-07-12 00:00:00+09:00,57.485755128753574,57.874614262115024,56.18957120301348,57.096900939941406,312500,0.0,0.0
2011-07-13 00:00:00+09:00,56.12477695440561,57.22653653203241,55.606306221890506,56.254398345947266,90200,0.0,0.0
2011-07-14 00:00:00+09:00,58.06904652199118,58.06904652199118,55.73591613769532,55.73591613769531,68000,0.0,0.0
2011-07-15 00:00:00+09:00,55.671107921794025,56.9672920180195,55.08782408958258,55.73591613769531,60100,0.0,0.0
2011-07-19 00:00:00+09:00,54.69896709845766,56.70805135764723,54.69896709845766,55.217437744140625,42500,0.0,0.0
2011-07-20 00:00:00+09:00,56.44880931464933,56.772855298022236,54.89338760554955,55.606292724609375,42500,0.0,0.0
2011-07-21 00:00:00+09:00,55.67109091071951,55.67109091071951,54.31009901446272,55.54146957397461,18100,0.0,0.0
2011-07-22 00:00:00+09:00,55.08783154437292,56.578445434570305,55.08783154437292,56.57844543457031,38900,0.0,0.0
2011-07-25 00:00:00+09:00,57.550576609554135,57.550576609554135,55.93034646789496,56.12477111816406,58700,0.0,0.0
2011-07-26 00:00:00+09:00,55.73591927664621,56.70805740356445,54.69897293017678,56.70805740356445,18000,0.0,0.0
2011-07-27 00:00:00+09:00,55.73591425290476,55.73591425290476,53.79163817431506,54.18049240112305,54200,0.0,0.0
2011-07-28 00:00:00+09:00,54.18048967823575,54.634157040503766,53.467589474156895,54.50453567504883,33600,0.0,0.0
2011-07-29 00:00:00+09:00,53.53239016948443,53.53239016948443,52.1713981628418,52.1713981628418,69300,0.0,0.0
2011-08-01 00:00:00+09:00,51.9769789467864,54.31011421575022,51.84736251831055,51.84736251831055,33200,0.0,0.0
2011-08-02 00:00:00+09:00,50.55118074557771,52.495456928099934,50.55118074557771,51.06965637207031,40100,0.0,0.0
2011-08-03 00:00:00+09:00,52.04179946904053,52.04179946904053,48.67171746178288,50.551185607910156,55700,0.0,0.0
2011-08-04 00:00:00+09:00,49.83828769526998,50.74561770094091,49.57904984442819,50.29195022583008,21900,0.0,0.0
2011-08-05 00:00:00+09:00,50.2271427946984,50.2271427946984,47.95882021687331,49.3198127746582,53300,0.0,0.0
2011-08-08 00:00:00+09:00,49.31980932204606,49.903093218707276,46.66263262008992,47.89400863647461,102900,0.0,0.0
2011-08-09 00:00:00+09:00,46.338593321854894,47.50516128540039,44.912792428233686,47.50516128540039,121200,0.0,0.0
2011-08-10 00:00:00+09:00,48.08842021471626,48.41246618636408,46.46819035647718,46.792236328125,33200,0.0,0.0
2011-08-11 00:00:00+09:00,50.22713372873706,56.254391754005475,49.19018744066667,55.73591613769531,533700,0.0,0.0
2011-08-12 00:00:00+09:00,56.31919996990676,58.65233035420263,54.56934847327242,55.73591613769531,344700,0.0,0.0
2011-08-15 00:00:00+09:00,56.12477017682175,57.3561460527397,56.12477017682175,57.16171646118164,91200,0.0,0.0
2011-08-16 00:00:00+09:00,57.615384066132236,57.615384066132236,55.023015873681295,55.73591613769531,116100,0.0,0.0
2011-08-17 00:00:00+09:00,55.86553014903893,56.38400574288535,55.28225128664885,55.99515151977539,30900,0.0,0.0
2011-08-18 00:00:00+09:00,56.38400574288535,56.38400574288535,53.72682944965931,55.99515151977539,98900,0.0,0.0
2011-08-19 00:00:00+09:00,55.02301584650333,55.99515391819226,53.92125639852592,54.893394470214844,35400,0.0,0.0
2011-08-22 00:00:00+09:00,52.68989049433897,54.115691157802225,52.68989049433897,52.94912338256836,37400,0.0,0.0
2011-08-23 00:00:00+09:00,54.43973856365497,54.76378462653387,53.79164643789718,54.56935501098633,25300,0.0,0.0
2011-08-24 00:00:00+09:00,55.541500217802124,56.38402206556785,52.36585235595703,52.36585235595703,45400,0.0,0.0
2011-08-25 00:00:00+09:00,54.05087041210033,54.37491639185567,53.07873247283432,54.31010818481445,38800,0.0,0.0
2011-08-26 00:00:00+09:00,54.310106439306814,54.56933925914004,53.72682270558389,54.11567687988281,18700,0.0,0.0
2011-08-29 00:00:00+09:00,54.0508780942419,54.95820795542365,53.791640284682835,54.82858657836914,39800,0.0,0.0
2011-08-30 00:00:00+09:00,55.08782751074073,56.64324951171875,55.08782751074073,56.64324951171875,71300,0.0,0.0
2011-08-31 00:00:00+09:00,56.90248077882709,57.61538100496395,55.41186716954576,56.209022521972656,78700,0.0,0.0
2011-09-01 00:00:00+09:00,57.29134003563696,57.4857646901062,56.578439746816215,57.051544189453125,40500,0.0,0.0
2011-09-02 00:00:00+09:00,56.059963237268434,57.03210132808812,55.80072542413984,56.90248489379883,32600,0.0,0.0
2011-09-05 00:00:00+09:00,56.6432546513835,57.032108950774095,55.86554110805162,56.396976470947266,12600,0.0,0.0
2011-09-06 00:00:00+09:00,56.70803688193667,56.70803688193667,54.31009901446272,55.54146957397461,29300,0.0,0.0
2011-09-07 00:00:00+09:00,54.76378184905024,56.837674568472266,54.76378184905024,54.88692092895508,7700,0.0,0.0
2011-09-08 00:00:00+09:00,56.38401398170987,56.51363042683615,55.41187580961142,56.20254898071289,30500,0.0,0.0
2011-09-09 00:00:00+09:00,56.51361960683817,56.51361960683817,55.60629477556812,56.50065994262695,55900,0.0,0.0
2011-09-12 00:00:00+09:00,53.66204192533041,53.726850163409836,52.819519996643066,53.1435661315918,39600,0.0,0.0
2011-09-13 00:00:00+09:00,53.467595852558084,54.76377999443828,53.20835803527203,53.662025451660156,13500,0.0,0.0
2011-09-14 00:00:00+09:00,54.63416529849237,54.63416529849237,52.495459418439545,53.441673278808594,26300,0.0,0.0
2011-09-15 00:00:00+09:00,52.36584934020716,54.374934079309355,50.42157282922745,51.91218185424805,30900,0.0,0.0
2011-09-16 00:00:00+09:00,50.94002974207716,53.46758950771543,50.94002974207716,51.899208068847656,30500,0.0,0.0
2011-09-20 00:00:00+09:00,53.46760405194198,53.46760405194198,51.588135769084765,51.91218185424805,22800,0.0,0.0
2011-09-21 00:00:00+09:00,51.97697927038909,53.726830733006324,51.652933252632174,51.782554626464844,58400,0.0,0.0
2011-09-22 00:00:00+09:00,50.68079414467974,51.65293217772001,50.55117771809426,51.4585075378418,59100,0.0,0.0
2011-09-26 00:00:00+09:00,50.87522995409345,51.069659562311394,48.60690759945234,48.99576187133789,47600,0.0,0.0
2011-09-27 00:00:00+09:00,49.25498962402344,50.486365353533884,47.76437611810826,49.25498962402344,39800,0.0,0.0
2011-09-28 00:00:00+09:00,51.06965914616704,51.7825594629065,49.70866178883228,50.74561309814453,37500,0.0,0.0
2011-09-29 00:00:00+09:00,49.77348352535621,52.36585235595703,49.77348352535621,52.36585235595703,46000,0.0,0.0
2011-09-30 00:00:00+09:00,54.37492163696262,54.37492163696262,51.06965331353563,51.4585075378418,24600,0.0,0.0
2011-10-03 00:00:00+09:00,50.227131210699135,50.940031438973314,49.90308520288817,50.162322998046875,27000,0.0,0.0
2011-10-04 00:00:00+09:00,49.19019421716995,50.74561633582742,48.93095637330194,50.032711029052734,16800,0.0,0.0
2011-10-05 00:00:00+09:00,50.68081060355968,50.745623782450586,49.25500966988358,49.57905578613281,18800,0.0,0.0
2011-10-06 00:00:00+09:00,48.606909238375145,50.61599383131789,48.477292791559684,50.551185607910156,18800,0.0,0.0
2011-10-07 00:00:00+09:00,51.00483433601896,51.78254764044358,50.42155553838695,51.328880310058594,11100,0.0,0.0
2011-10-11 00:00:00+09:00,51.97697448730469,52.81949603376111,51.328882511430315,51.97697448730469,16700,0.0,0.0
2011-10-12 00:00:00+09:00,51.00483295671925,53.79163023591773,51.00483295671925,52.81949234008789,33700,0.0,0.0
2011-10-13 00:00:00+09:00,53.467600673658104,53.98607635498046,51.97698679826924,53.98607635498047,25800,0.0,0.0
2011-10-14 00:00:00+09:00,53.14354779968165,54.43973189235681,52.81950177651286,53.53240203857422,33300,0.0,0.0
2011-10-17 00:00:00+09:00,53.79164505004883,54.698974991610335,53.46759899553046,53.79164505004883,40000,0.0,0.0
2011-10-18 00:00:00+09:00,54.37492719268318,54.43973541259765,52.17141310373942,54.439735412597656,37500,0.0,0.0
2011-10-19 00:00:00+09:00,54.69898243233228,54.69898243233228,53.1435601701494,53.337989807128906,20400,0.0,0.0
2011-10-20 00:00:00+09:00,52.8843066487883,52.8843066487883,52.04179000854492,52.04179000854492,22600,0.0,0.0
2011-10-21 00:00:00+09:00,52.17140547364579,54.24529787490259,52.17140547364579,52.23621368408203,6400,0.0,0.0
2011-10-24 00:00:00+09:00,52.625063443096344,54.11567687988281,52.625063443096344,54.11567687988281,15200,0.0,0.0
2011-10-25 00:00:00+09:00,54.69896237161101,54.69896237161101,53.40277845258965,54.31010818481445,31200,0.0,0.0
2011-10-26 00:00:00+09:00,52.88432230236041,54.37493633373381,52.88432230236041,53.337989807128906,19900,0.0,0.0
2011-10-27 00:00:00+09:00,53.273169384999285,54.31012071509837,52.495460831975365,53.79164505004883,54100,0.0,0.0
2011-10-28 00:00:00+09:00,54.76378606160482,55.15264035833922,53.46760177612305,53.46760177612305,71300,0.0,0.0
2011-10-31 00:00:00+09:00,53.9860666818806,55.4118671332196,53.85644531249999,53.8564453125,52500,0.0,0.0
2011-11-01 00:00:00+09:00,53.59721822685097,54.569356440962295,53.46760177612305,53.46760177612305,25200,0.0,0.0
2011-11-02 00:00:00+09:00,52.81951407155093,53.337989807128906,51.84737577575551,53.337989807128906,36400,0.0,0.0
2011-11-04 00:00:00+09:00,54.31011643569218,54.31011643569218,51.58812682548887,52.49545669555664,21900,0.0,0.0
2011-11-07 00:00:00+09:00,52.495449851455874,53.20835003336824,52.041787447843284,52.88430404663086,15500,0.0,0.0
2011-11-08 00:00:00+09:00,51.91218095885951,52.041802357419606,48.60691193611392,50.227142333984375,100700,0.0,0.0
2011-11-09 00:00:00+09:00,50.22713243961334,51.84736251831055,50.22713243961334,51.84736251831055,35100,0.0,0.0
2011-11-10 00:00:00+09:00,49.90309481906706,52.430655155955904,49.77347836878584,50.8104248046875,40100,0.0,0.0
2011-11-11 00:00:00+09:00,52.75470099139263,54.374931335449226,52.17141707862214,54.37493133544922,148900,0.0,0.0
2011-11-14 00:00:00+09:00,54.43972968278585,58.32828180298484,54.43972968278585,55.99515151977539,140900,0.0,0.0
2011-11-15 00:00:00+09:00,55.08783022042629,56.96729835803328,55.08783022042629,56.31920623779297,34400,0.0,0.0
2011-11-16 00:00:00+09:00,56.578434932363905,56.578434932363905,52.49545325679343,55.217437744140625,65700,0.0,0.0
2011-11-17 00:00:00+09:00,53.27315709395797,55.02300835136634,53.27315709395797,54.31010818481445,74200,0.0,0.0
2011-11-18 00:00:00+09:00,54.828583332381044,54.828583332381044,52.94911550503442,53.8564453125,43500,0.0,0.0
2011-11-21 00:00:00+09:00,53.14355126095353,54.180497613720625,53.14355126095353,53.59721374511719,7700,0.0,0.0
2011-11-22 00:00:00+09:00,53.14355487913626,56.05996947616203,53.14355487913626,55.28226089477539,27000,0.0,0.0
2011-11-24 00:00:00+09:00,54.4397299373851,55.08782196044921,53.85644612771746,55.08782196044922,21100,0.0,0.0
2011-11-25 00:00:00+09:00,55.411868899743446,55.411868899743446,53.1435467810405,54.05087661743164,61700,0.0,0.0
2011-11-28 00:00:00+09:00,55.0878208769849,55.73591288730237,54.18049107363052,54.76377487182617,28600,0.0,0.0
2011-11-29 00:00:00+09:00,54.5693461089726,56.05995973286876,54.3101132565991,55.99515151977539,21900,0.0,0.0
2011-11-30 00:00:00+09:00,55.15264609463333,56.059976177749924,54.95822139831981,55.47669219970703,14700,0.0,0.0
2011-12-01 00:00:00+09:00,56.059980998288125,56.578456788809696,55.15265083715118,55.800743103027344,35500,0.0,0.0
2011-12-02 00:00:00+09:00,56.31919994208857,56.31919994208857,54.763778038476296,54.893394470214844,15900,0.0,0.0
2011-12-05 00:00:00+09:00,54.89339173638264,55.60629690908995,54.89339173638264,55.217437744140625,4600,0.0,0.0
2011-12-06 00:00:00+09:00,55.41186075724527,55.73590672658589,53.791630910542196,54.11567687988281,47700,0.0,0.0
2011-12-07 00:00:00+09:00,54.11567861914155,55.08781655840756,53.532394866672085,54.31010818481445,9000,0.0,0.0
2011-12-08 00:00:00+09:00,54.310118998160405,54.310118998160405,53.40278908528286,53.59721374511719,12500,0.0,0.0
2011-12-09 00:00:00+09:00,53.143546413729645,54.37492225856749,53.143546413729645,53.273162841796875,38100,0.0,0.0
2011-12-12 00:00:00+09:00,53.79164505004883,55.0230210461287,53.46759899553046,53.79164505004883,41900,0.0,0.0
2011-12-13 00:00:00+09:00,53.27316284179688,54.439730472601106,52.49545438429392,53.273162841796875,39600,0.0,0.0
2011-12-14 00:00:00+09:00,53.143546413729645,54.31011404453387,53.143546413729645,53.273162841796875,11400,0.0,0.0
2011-12-15 00:00:00+09:00,53.14354182493064,54.18048799358039,52.495449851455874,52.88430404663086,33700,0.0,0.0
2011-12-16 00:00:00+09:00,52.6250607315108,53.85643634046647,52.6250607315108,53.013919830322266,38900,0.0,0.0
2011-12-19 00:00:00+09:00,53.46759724473598,53.53240546460743,52.689888717178086,53.07874298095703,53500,0.0,0.0
2011-12-20 00:00:00+09:00,52.88431785874612,53.66203139676558,52.88431785874612,53.46760177612305,11500,0.0,0.0
2011-12-21 00:00:00+09:00,53.14355570475261,53.53241000148701,52.49546356201172,53.46760177612305,20000,0.0,0.0
2011-12-22 00:00:00+09:00,53.46759242844751,53.856446657198994,53.143546413729645,53.273162841796875,24400,0.0,0.0
2011-12-26 00:00:00+09:00,53.27317215548052,54.43973999023438,52.81950963338216,53.46760177612305,76800,0.0,0.0
2011-12-27 00:00:00+09:00,53.14355570475261,54.698977836240864,52.88431785874612,53.46760177612305,108300,0.0,0.0
2011-12-28 00:00:00+09:00,54.439738867724614,54.439738867724614,53.33798422560279,53.98607635498047,24600,0.0,0.0
2011-12-29 00:00:00+09:00,54.43972911333856,54.43972911333856,53.59720751828845,53.8564453125,26200,0.0,0.0
2011-12-30 00:00:00+09:00,54.18049758838952,54.95821106101391,53.66202688452349,54.439735412597656,25100,0.0,0.0
2012-01-04 00:00:00+09:00,55.08783054482489,56.837677301957946,55.08783054482489,56.254398345947266,31800,0.0,0.0
2012-01-05 00:00:00+09:00,56.513607349093526,56.513607349093526,55.02299906064024,55.54146957397461,30700,0.0,0.0
2012-01-06 00:00:00+09:00,53.66201905006454,55.087819458222256,53.66201905006454,54.50453567504883,10700,0.0,0.0
2012-01-10 00:00:00+09:00,54.50453567504883,55.80071966230111,54.3749192541434,54.50453567504883,27900,0.0,0.0
2012-01-11 00:00:00+09:00,54.504543346813065,56.319203162207764,54.504543346813065,55.865535736083984,50700,0.0,0.0
2012-01-12 00:00:00+09:00,55.47667865246406,56.25439208145629,55.41187043618553,55.67110824584961,6500,0.0,0.0
2012-01-13 00:00:00+09:00,55.54149305384442,56.384014792938416,55.08783054482489,56.254398345947266,25300,0.0,0.0
2012-01-16 00:00:00+09:00,55.99515711978372,56.25439494263299,55.087827212086374,55.865535736083984,32200,0.0,0.0
2012-01-17 00:00:00+09:00,56.0599567350103,62.99453900071203,56.0599567350103,58.65232467651367,114100,0.0,0.0
2012-01-18 00:00:00+09:00,59.04117501179799,59.04117501179799,56.3839990347045,57.22652053833008,59600,0.0,0.0
2012-01-19 00:00:00+09:00,56.57843852455863,56.708054958071365,55.67110865631949,56.12477111816406,39400,0.0,0.0
2012-01-20 00:00:00+09:00,55.80073774429941,58.976390531034575,55.80073774429941,58.522727966308594,38900,0.0,0.0
2012-01-23 00:00:00+09:00,57.550579133862755,59.81890143167975,57.550579133862755,58.06904983520508,33900,0.0,0.0
2012-01-24 00:00:00+09:00,59.041177893728985,59.300415672463835,58.65232369790139,59.170799255371094,16000,0.0,0.0
2012-01-25 00:00:00+09:00,60.1429325801418,60.402165394340216,59.559648859097415,60.207740783691406,44000,0.0,0.0
2012-01-26 00:00:00+09:00,60.53180694580078,60.92066124141029,60.272569100544224,60.53180694580078,18200,0.0,0.0
2012-01-27 00:00:00+09:00,61.050279389405944,61.43913864037921,60.72623330996207,61.24470901489258,51700,0.0,0.0
2012-01-30 00:00:00+09:00,61.43912517841797,62.80011742496432,61.30950380831137,61.95759582519531,83900,0.0,0.0
2012-01-31 00:00:00+09:00,62.34646574033397,62.54089537216106,61.89280319213867,61.89280319213867,48900,0.0,0.0
2012-02-01 00:00:00+09:00,61.568743160589634,61.568743160589634,59.94851307741622,60.79103469848633,56300,0.0,0.0
2012-02-02 00:00:00+09:00,59.300424376532185,60.14294604494776,55.73591799324336,57.809810638427734,74600,0.0,0.0
2012-02-03 00:00:00+09:00,57.87462623232617,59.10599726082436,56.18958282470703,56.18958282470703,63600,0.0,0.0
2012-02-06 00:00:00+09:00,56.448829947937156,58.84677406812747,56.448829947937156,58.522727966308594,47800,0.0,0.0
2012-02-07 00:00:00+09:00,59.62446385526932,60.272555853696154,58.9115636459097,59.81889343261719,45900,0.0,0.0
2012-02-08 00:00:00+09:00,59.62447349071198,64.03150177001953,59.62447349071198,64.03150177001953,209100,0.0,0.0
2012-02-09 00:00:00+09:00,69.99394046417558,73.75287628173828,66.10538821616582,73.75287628173828,726800,0.0,0.0
2012-02-10 00:00:00+09:00,72.26225512284424,73.81767684982431,68.24408686064933,69.73469543457031,1046300,0.0,0.0
2012-02-13 00:00:00+09:00,69.73471539881288,81.01151996715036,68.0496767724063,70.90128326416016,589100,0.0,0.0
2012-02-14 00:00:00+09:00,68.95698909542847,74.40096282958984,68.76255951956398,74.40096282958984,336700,0.0,0.0
2012-02-15 00:00:00+09:00,76.34525030745954,86.58510732439936,75.95639109716922,82.9557876586914,1346500,0.0,0.0
2012-02-16 00:00:00+09:00,81.85403020509114,82.76135514508194,78.80799451731457,79.71532440185547,564500,0.0,0.0
2012-02-17 00:00:00+09:00,85.22410997748375,85.22410997748375,79.71532720327377,82.9557876586914,524700,0.0,0.0
2012-02-20 00:00:00+09:00,83.60386823171592,85.22409823620654,80.36340822273469,80.68745422363281,351000,0.0,0.0
2012-02-21 00:00:00+09:00,79.06723720054705,79.39128325464765,76.47486876774222,77.83586120605469,290200,0.0,0.0
2012-02-22 00:00:00+09:00,77.83587532386063,80.88191175162407,77.83587532386063,80.16900634765625,182800,0.0,0.0
2012-02-23 00:00:00+09:00,79.0672351116742,82.95578765814997,78.8728055065303,80.75227355957031,167100,0.0,0.0
2012-02-24 00:00:00+09:00,81.01150182288463,82.76134828443907,80.36340980830154,82.30768585205078,124500,0.0,0.0
2012-02-27 00:00:00+09:00,83.92793499539685,87.36282543248824,82.3077045900803,82.37251281738281,569600,0.0,0.0
2012-02-28 00:00:00+09:00,81.14112718449975,83.08540344238281,79.13204270693063,83.08540344238281,213100,0.0,0.0
2012-02-29 00:00:00+09:00,83.0853970181956,83.60387262469581,80.49302887479418,81.14112091064453,131700,0.0,0.0
2012-03-01 00:00:00+09:00,81.65960980655404,82.56693979331477,79.13204946648868,79.97457122802734,114400,0.0,0.0
2012-03-02 00:00:00+09:00,80.03938280141287,82.30770539092659,79.06724454876412,81.40037536621094,99600,0.0,0.0
2012-03-05 00:00:00+09:00,81.40035379323997,82.95577557416549,80.10416979989364,80.81707000732422,106400,0.0,0.0
2012-03-06 00:00:00+09:00,80.49303164965436,83.34464263916016,80.49303164965436,83.34464263916016,104700,0.0,0.0
2012-03-07 00:00:00+09:00,80.75227626867265,83.27983649758733,80.68746804630055,82.63174438476562,67900,0.0,0.0
2012-03-08 00:00:00+09:00,83.60388498720916,93.39008013127486,83.21502575255842,89.43671417236328,738800,0.0,0.0
2012-03-09 00:00:00+09:00,91.38099443989415,108.23139057774698,90.92733190631074,100.45428466796875,2085900,0.0,0.0
2012-03-12 00:00:00+09:00,104.99091831458821,119.24894425854464,104.40763939070291,113.2864990234375,1965600,0.0,0.0
2012-03-13 00:00:00+09:00,112.1199279089599,118.40641899886766,108.87946756477031,113.74015808105469,1326600,0.0,0.0
2012-03-14 00:00:00+09:00,118.60084580883537,126.31313729103769,118.60084580883537,125.7298583984375,2245100,0.0,0.0
2012-03-15 00:00:00+09:00,126.05393327582993,126.05393327582993,120.35071992100536,123.20233154296875,1105300,0.0,0.0
2012-03-16 00:00:00+09:00,123.20230868789926,123.46154156494141,116.00848262532553,121.51726531982422,843900,0.0,0.0
2012-03-19 00:00:00+09:00,124.30406894009553,124.43368538455094,119.24894849352799,120.86917877197266,533300,0.0,0.0
2012-03-21 00:00:00+09:00,119.24893712863116,120.02664561034574,113.41610868212203,115.03633880615234,472200,0.0,0.0
2012-03-22 00:00:00+09:00,113.74014490798436,116.20289646215939,113.54571533203125,113.54571533203125,406700,0.0,0.0
2012-03-23 00:00:00+09:00,110.95340463106383,112.44401896402738,107.4537100137617,108.6850814819336,543700,0.0,0.0
2012-03-26 00:00:00+09:00,110.17565866548276,110.24047183210277,102.46336651453929,103.17626190185547,562800,0.0,0.0
2012-03-27 00:00:00+09:00,108.36098807888149,116.13809262840552,105.63900346436805,114.32343292236328,1342300,0.0,0.0
2012-03-28 00:00:00+09:00,111.87695494109796,121.66288463621562,111.74471469304586,118.29070281982422,867500,3.5,0.0
2012-03-29 00:00:00+09:00,116.63765618157211,119.01802062988281,114.25730182254402,119.01802062988281,367200,0.0,0.0
2012-03-30 00:00:00+09:00,117.82785696477428,119.67925070626394,115.0507713971819,115.71198272705078,296900,0.0,0.0
2012-04-02 00:00:00+09:00,117.0344133392668,117.43114419985963,112.40593371567998,113.13327026367188,325100,0.0,0.0
2012-04-03 00:00:00+09:00,112.53815335170214,113.66221046503384,110.42227935791017,110.42227935791016,260900,0.0,0.0
2012-04-04 00:00:00+09:00,108.57089982690826,113.06713894917685,107.24847714914011,108.17417907714844,371900,0.0,0.0
2012-04-05 00:00:00+09:00,105.06650001129883,109.09989407021531,104.60365399370671,108.70316314697266,278600,0.0,0.0
2012-04-06 00:00:00+09:00,106.05829287224671,109.09986901379963,105.99217779308158,107.05010986328125,149000,0.0,0.0
2012-04-09 00:00:00+09:00,105.7276901461691,111.81084259829287,105.13260397072781,107.84357452392578,238800,0.0,0.0
2012-04-10 00:00:00+09:00,107.90967345780271,115.71196818774742,107.90967345780271,108.57088470458984,423600,0.0,0.0
2012-04-11 00:00:00+09:00,105.79381980269147,107.64521366709555,105.33097385891168,106.65339660644531,268400,0.0,0.0
2012-04-12 00:00:00+09:00,114.58794289601273,115.05078887939453,111.21576056555756,115.05078887939453,376600,0.0,0.0
2012-04-13 00:00:00+09:00,117.03438476886322,117.69559598224663,115.050751128713,117.62947082519531,363300,0.0,0.0
2012-04-16 00:00:00+09:00,116.37318744930674,117.03439874163234,112.4059196953531,112.93489074707031,241700,0.0,0.0
2012-04-17 00:00:00+09:00,112.93489746972045,113.99282954684654,110.42229239145915,111.08350372314453,155700,0.0,0.0
2012-04-18 00:00:00+09:00,114.05894806742064,116.7037932399985,112.73652548113171,115.6458511352539,151500,0.0,0.0
2012-04-19 00:00:00+09:00,114.05894041326928,115.97644899899656,112.47203745192829,113.33160400390625,119600,0.0,0.0
2012-04-20 00:00:00+09:00,113.33162455081123,113.72835540771484,112.40593267041584,113.72835540771484,68300,0.0,0.0
2012-04-23 00:00:00+09:00,115.0507816442217,115.38138733860164,112.6043015236671,112.86878204345703,104300,0.0,0.0
2012-04-24 00:00:00+09:00,111.21577783290618,111.48026849967896,108.10808564565907,108.37256622314453,176400,0.0,0.0
2012-04-25 00:00:00+09:00,108.50479293121279,114.85241620973672,108.43866775662275,112.86878204345703,152600,0.0,0.0
2012-04-26 00:00:00+09:00,120.80330679186372,122.12572943893237,115.77810678657335,116.04258728027344,603700,0.0,0.0
2012-04-27 00:00:00+09:00,117.03441459254213,119.01804873817845,112.20756948697013,113.06714630126953,465500,0.0,0.0
2012-05-01 00:00:00+09:00,111.74471526608058,112.07532093254827,108.76926426787134,108.90150451660156,218500,0.0,0.0
2012-05-02 00:00:00+09:00,109.2321219982268,111.08351594855986,108.70315085680515,109.76109313964844,109500,0.0,0.0
2012-05-07 00:00:00+09:00,106.0582916975585,107.64520491920783,103.94241749131014,104.53751373291016,277900,0.0,0.0
2012-05-08 00:00:00+09:00,105.5293198888321,106.65337699973679,102.61998432552718,105.7938003540039,149200,0.0,0.0
2012-05-09 00:00:00+09:00,104.7358637098223,104.7358637098223,101.23145196400583,101.8265380859375,102300,0.0,0.0
2012-05-10 00:00:00+09:00,99.90903449268008,105.39708037752564,99.77678415724625,104.53751373291016,123800,0.0,0.0
2012-05-11 00:00:00+09:00,105.66157520964231,105.66157520964231,93.23079987510478,94.28874206542969,295500,0.0,0.0
2012-05-14 00:00:00+09:00,93.42917179299245,97.52868040928857,93.42917179299245,94.88383483886719,149600,0.0,0.0
2012-05-15 00:00:00+09:00,93.89200259648872,97.13193386164005,90.5198210027324,97.0658187866211,297300,0.0,0.0
2012-05-16 00:00:00+09:00,93.0985775656694,96.47075002980951,93.0985775656694,95.74342346191406,125300,0.0,0.0
2012-05-17 00:00:00+09:00,94.61933590912814,101.16532338666998,94.09036488009937,100.23963165283203,142200,0.0,0.0
2012-05-18 00:00:00+09:00,93.62752880955665,95.01606655559817,92.90019230737947,93.03243255615234,147100,0.0,0.0
2012-05-21 00:00:00+09:00,94.22261577965584,95.61116362685924,91.24716475503513,94.61934661865234,75300,0.0,0.0
2012-05-22 00:00:00+09:00,95.87566080111196,98.98335261611838,95.87566080111196,98.7188720703125,108400,0.0,0.0
2012-05-23 00:00:00+09:00,97.72703139871633,98.71884834101193,92.10673539237462,92.50345611572266,135500,0.0,0.0
2012-05-24 00:00:00+09:00,91.31328483563412,94.55321617949781,90.12310247425921,91.90837097167969,160800,0.0,0.0
2012-05-25 00:00:00+09:00,94.94995430841227,98.85109725465472,93.42916617894528,96.27237701416016,195400,0.0,0.0
2012-05-28 00:00:00+09:00,96.4707282703677,96.53685343857353,92.5695854890431,93.23079681396484,82600,0.0,0.0
2012-05-29 00:00:00+09:00,91.77614188560726,97.52867889404297,91.24717076188426,97.52867889404297,147200,0.0,0.0
2012-05-30 00:00:00+09:00,97.85928145470898,99.04946392269076,94.9499555012288,96.20625305175781,105100,0.0,0.0
2012-05-31 00:00:00+09:00,91.90836884603308,95.67727116215039,91.90836884603308,95.01605987548828,71000,0.0,0.0
2012-06-01 00:00:00+09:00,93.29692314298234,95.14830680437105,92.1728558052023,93.03243255615234,100300,0.0,0.0
2012-06-04 00:00:00+09:00,90.58595065999651,92.305104124294,88.6023167039382,88.93292236328125,147000,0.0,0.0
2012-06-05 00:00:00+09:00,88.93293086938365,91.57777639709767,88.93293086938365,91.18104553222656,71100,0.0,0.0
2012-06-06 00:00:00+09:00,91.64390162699776,97.66091915265245,91.64390162699776,97.52867889404297,150000,0.0,0.0
2012-06-07 00:00:00+09:00,99.8429295239166,100.76862152352324,96.20626652801235,98.7188720703125,102800,0.0,0.0
2012-06-08 00:00:00+09:00,99.1155611516137,99.18168631153455,95.74338987059126,96.99968719482422,76400,0.0,0.0
2012-06-11 00:00:00+09:00,99.31395602280482,100.3718983598844,98.98335030362819,99.51232147216797,97200,0.0,0.0
2012-06-12 00:00:00+09:00,96.14010025181565,100.17349243164062,96.14010025181565,100.17349243164062,75100,0.0,0.0
2012-06-13 00:00:00+09:00,100.50411778432826,103.41344347395057,99.51230083250923,101.4298095703125,92400,0.0,0.0
2012-06-14 00:00:00+09:00,98.7849791616664,103.14897843903185,98.7849791616664,101.16534423828125,41300,0.0,0.0
2012-06-15 00:00:00+09:00,103.0167172032921,103.14895743856182,100.1735067432187,102.95059204101562,51800,0.0,0.0
2012-06-18 00:00:00+09:00,106.85173567835078,107.77742733756166,104.33913105998673,105.33094787597656,153100,0.0,0.0
2012-06-19 00:00:00+09:00,103.81018267305667,106.52115326265289,103.81018267305667,105.46321105957031,62600,0.0,0.0
2012-06-20 00:00:00+09:00,106.38888310513472,106.98397926701239,105.46319141681309,106.52113342285156,69700,0.0,0.0
2012-06-21 00:00:00+09:00,107.77745392399194,107.90969418088832,106.19055066266552,106.65339660644531,99400,0.0,0.0
2012-06-22 00:00:00+09:00,104.47139067253396,107.64520709056906,103.47957367247825,106.32278442382812,80400,0.0,0.0
2012-06-25 00:00:00+09:00,108.30644177597708,108.37255686999869,106.32280734817269,106.58728790283203,51400,0.0,0.0
2012-06-26 00:00:00+09:00,105.19874985694081,108.24031659266902,105.19874985694081,106.58728790283203,53400,0.0,0.0
2012-06-27 00:00:00+09:00,106.58725201805589,108.30640531241286,106.45501178524759,108.24028015136719,49900,0.0,0.0
2012-06-28 00:00:00+09:00,108.5047749396636,111.94307157324228,108.5047749396636,111.14962005615234,121300,0.0,0.0
2012-06-29 00:00:00+09:00,111.54634413309805,113.06713213878642,109.43046999397166,112.73652648925781,111100,0.0,0.0
2012-07-02 00:00:00+09:00,115.71200030973588,116.37321174007722,113.00102940962206,115.05078887939453,104900,0.0,0.0
2012-07-03 00:00:00+09:00,116.04256892223778,117.6955969695631,115.77808847037873,117.1666259765625,157200,0.0,0.0
2012-07-04 00:00:00+09:00,116.57154756637571,118.29069079485997,116.57154756637571,117.29887390136719,76400,0.0,0.0
2012-07-05 00:00:00+09:00,116.57157174632744,117.16665797014608,113.92672614840411,114.25733184814453,127700,0.0,0.0
2012-07-06 00:00:00+09:00,114.05893927330659,116.04257299979889,111.08348868356816,113.52996826171875,111100,0.0,0.0
2012-07-09 00:00:00+09:00,111.08351557111347,113.19939004032524,110.75290987000896,112.20757293701172,75100,0.0,0.0
2012-07-10 00:00:00+09:00,113.26549735638731,118.3568223327319,111.48022886978386,117.10052490234375,213600,0.0,0.0
2012-07-11 00:00:00+09:00,116.83601938699172,117.89396136411814,115.71196234209641,117.62947082519531,75600,0.0,0.0
2012-07-12 00:00:00+09:00,115.91035165104319,117.89398570066987,112.14144897460938,112.14144897460938,103100,0.0,0.0
2012-07-13 00:00:00+09:00,111.34799599821434,113.72836107978442,109.43048696921117,111.81085205078125,76500,0.0,0.0
2012-07-17 00:00:00+09:00,111.4141219337517,115.57975581025943,111.4141219337517,113.92672729492188,62300,0.0,0.0
2012-07-18 00:00:00+09:00,116.24096295214461,116.63768372770087,112.73654061033014,113.06714630126953,78900,0.0,0.0
2012-07-19 00:00:00+09:00,113.79446860346287,114.9846408703389,112.60428624730311,112.73652648925781,29500,0.0,0.0
2012-07-20 00:00:00+09:00,112.7365409880471,113.52999263110303,110.75290683576473,110.88514709472656,63800,0.0,0.0
2012-07-23 00:00:00+09:00,108.24029454244582,108.70314046345402,103.21509440262427,103.54570007324219,135300,0.0,0.0
2012-07-24 00:00:00+09:00,105.6615554511825,105.79379567792338,101.16531711701424,102.48773956298828,68000,0.0,0.0
2012-07-25 00:00:00+09:00,101.29757441504574,104.8681216744758,101.29757441504574,104.008544921875,46400,0.0,0.0
2012-07-26 00:00:00+09:00,104.00854895389209,107.97581711419858,101.29757834196879,107.44684600830078,72200,0.0,0.0
2012-07-27 00:00:00+09:00,108.10807882158939,109.0998960584847,107.51299251516686,108.80235290527344,54700,0.0,0.0
2012-07-30 00:00:00+09:00,109.89330440924009,111.61245764297031,105.79379680105572,110.01893615722656,61600,0.0,0.0
2012-07-31 00:00:00+09:00,107.11624588329234,110.29006259398767,107.11624588329234,110.1181411743164,20100,0.0,0.0
2012-08-01 00:00:00+09:00,109.16599384625438,109.69495483508409,106.12441771406291,108.83538818359375,26900,0.0,0.0
2012-08-02 00:00:00+09:00,108.90151097430834,109.23211666038048,106.45503091523142,109.0998764038086,43900,0.0,0.0
2012-08-03 00:00:00+09:00,106.52114008646747,108.63701414162392,106.12440928706417,107.11622619628906,48500,0.0,0.0
2012-08-06 00:00:00+09:00,107.1162404103331,108.90150906598173,106.52115422154513,107.7113265991211,39700,0.0,0.0
2012-08-07 00:00:00+09:00,107.84357349818754,109.5627169271579,107.57908290884139,108.43865966796875,60300,0.0,0.0
2012-08-08 00:00:00+09:00,110.22393178709694,110.22393178709694,106.45502904977549,107.7113265991211,30100,0.0,0.0
2012-08-09 00:00:00+09:00,109.43048208988074,109.43048208988074,107.24848254394759,109.0998764038086,38200,0.0,0.0
2012-08-10 00:00:00+09:00,110.35616722257691,111.08350372314453,108.30641814792277,111.08350372314453,99700,0.0,0.0
2012-08-13 00:00:00+09:00,112.80264947377145,122.25796279603881,112.80264947377145,120.3404541015625,289700,0.0,0.0
2012-08-14 00:00:00+09:00,120.00985963465803,120.27434013808399,115.84422612535019,117.03440856933594,107500,0.0,0.0
2012-08-15 00:00:00+09:00,117.49725870435186,120.27434444695228,116.70380707636387,117.89398956298828,47900,0.0,0.0
2012-08-16 00:00:00+09:00,118.88580236117102,119.15028286459697,116.0425915475619,117.03440856933594,54600,0.0,0.0
2012-08-17 00:00:00+09:00,119.61312927701658,119.61312927701658,117.4972549731447,117.88736724853516,85900,0.0,0.0
2012-08-20 00:00:00+09:00,119.1502713191535,121.33227057348154,117.69560851269598,118.59485626220703,104200,0.0,0.0
2012-08-21 00:00:00+09:00,117.6294686574156,119.28249666041066,117.36498821264928,118.15843963623047,36200,0.0,0.0
2012-08-22 00:00:00+09:00,119.01803363068012,119.15027387241301,116.04258278991311,117.10052490234375,57200,0.0,0.0
2012-08-23 00:00:00+09:00,117.03440624840518,117.82785783223243,115.3152527423759,117.43113708496094,41900,0.0,0.0
2012-08-24 00:00:00+09:00,115.64585312386696,116.24094935150028,114.389555681003,114.45568084716797,53700,0.0,0.0
2012-08-27 00:00:00+09:00,115.1168922708369,115.84421865298536,111.21573951659327,112.273681640625,103100,0.0,0.0
2012-08-28 00:00:00+09:00,112.40593529600004,112.40593529600004,110.09169545167062,110.88514709472656,36100,0.0,0.0
2012-08-29 00:00:00+09:00,110.95126661243987,112.60429498840206,110.48842068502735,112.40592956542969,31000,0.0,0.0
2012-08-30 00:00:00+09:00,112.40592093957638,112.47204610525434,110.15780655649834,110.55452728271484,37100,0.0,0.0
2012-08-31 00:00:00+09:00,109.82720987865363,110.15781555548368,107.97581607054849,108.04193115234375,37300,0.0,0.0
2012-09-03 00:00:00+09:00,108.04192788430825,109.09987005387774,106.45502471923828,106.45502471923828,58300,0.0,0.0
2012-09-04 00:00:00+09:00,106.71950304706456,108.83538734318134,106.455022554692,107.24847412109375,35100,0.0,0.0
2012-09-05 00:00:00+09:00,107.77743977552373,107.8435649399338,106.45501720159093,106.71949768066406,20500,0.0,0.0
2012-09-06 00:00:00+09:00,107.64519615741419,109.76107019144075,106.65337925809395,109.62882995605469,138400,0.0,0.0
2012-09-07 00:00:00+09:00,112.07530749201062,112.07530749201062,109.82719326534722,110.42227935791016,47500,0.0,0.0
2012-09-10 00:00:00+09:00,110.15782354671461,111.94309231324951,110.09169837083782,111.81085205078125,24500,0.0,0.0
2012-09-11 00:00:00+09:00,111.74470301700225,111.74470301700225,109.43046360540752,110.22391510009766,38400,0.0,0.0
2012-09-12 00:00:00+09:00,107.84355950442668,110.5545195907816,107.84355950442668,110.42227935791016,32800,0.0,0.0
2012-09-13 00:00:00+09:00,108.17417058100686,109.89331387351108,107.90968001265607,109.03373718261719,53700,0.0,0.0
2012-09-14 00:00:00+09:00,108.10805056475171,114.91852916252866,108.10805056475171,114.32343292236328,139700,0.0,0.0
2012-09-18 00:00:00+09:00,115.64583697614182,117.6294706127088,114.0589341026012,117.23274993896484,85600,0.0,0.0
2012-09-19 00:00:00+09:00,118.02622559110996,118.35683126503464,115.71198587363722,117.03440856933594,164500,0.0,0.0
2012-09-20 00:00:00+09:00,117.16664574382672,117.16664574382672,113.0671375126856,113.2655029296875,120100,0.0,0.0
2012-09-21 00:00:00+09:00,113.13329154458299,113.66225267249368,111.74474336060047,111.87698364257812,55700,0.0,0.0
2012-09-24 00:00:00+09:00,111.61248365294409,111.61248365294409,109.76108975962356,110.88514709472656,55100,0.0,0.0
2012-09-25 00:00:00+09:00,109.3643756183729,114.19122147827882,109.09989506000268,112.6704330444336,136200,0.0,0.0
2012-09-26 00:00:00+09:00,112.80263798519314,117.96007742142216,112.80263798519314,117.1666259765625,93300,0.0,0.0
2012-09-27 00:00:00+09:00,115.7119686030539,116.37317985221422,113.72833485557298,115.51360321044922,55000,0.0,0.0
2012-09-28 00:00:00+09:00,117.56339436030991,117.56339436030991,115.05078890656233,115.18302917480469,66500,0.0,0.0
2012-10-01 00:00:00+09:00,115.11690335756619,115.31525869680208,113.33162459016475,113.860595703125,30100,0.0,0.0
2012-10-02 00:00:00+09:00,115.7119949091453,115.97647543322353,113.794485886365,114.25733184814453,48000,0.0,0.0
2012-10-03 00:00:00+09:00,113.59613211787797,115.71200679571376,113.59613211787797,115.38140106201172,59200,0.0,0.0
2012-10-04 00:00:00+09:00,115.71196450127496,119.01802062988281,114.98462811726819,119.01802062988281,206000,0.0,0.0
2012-10-05 00:00:00+09:00,121.66290516670936,122.9853280489562,117.82787679033635,121.00169372558594,224500,0.0,0.0
2012-10-09 00:00:00+09:00,119.15029019514516,121.06780927545155,119.08417510986328,119.08417510986328,48900,0.0,0.0
2012-10-10 00:00:00+09:00,117.03440856933592,118.55519668724635,115.71198587363722,117.03440856933594,94200,0.0,0.0
2012-10-11 00:00:00+09:00,115.71199677151571,118.0923618836725,111.54636286988406,115.77812194824219,84700,0.0,0.0
2012-10-12 00:00:00+09:00,117.5633766267336,117.62949170623894,113.06713755971838,113.39774322509766,60600,0.0,0.0
2012-10-15 00:00:00+09:00,113.19939952604197,114.65406271494045,111.8769766108095,113.99285125732422,104900,0.0,0.0
2012-10-16 00:00:00+09:00,114.98463097662318,114.98463097662318,112.9348821794842,113.52996826171875,47400,0.0,0.0
2012-10-17 00:00:00+09:00,113.72835320044736,116.24095837040718,112.40593048881425,114.52180480957031,65100,0.0,0.0
2012-10-18 00:00:00+09:00,115.64584993331559,120.67105974469865,115.64584993331559,120.3404541015625,269700,0.0,0.0
2012-10-19 00:00:00+09:00,120.93556617008822,121.59677759822273,118.62132617161743,121.39842224121094,95800,0.0,0.0
2012-10-22 00:00:00+09:00,119.01804751030708,122.7869503302765,119.01804751030708,122.58858489990234,138000,0.0,0.0
2012-10-23 00:00:00+09:00,124.50609816857303,125.36567493415127,123.18367547977095,123.97712707519531,159300,0.0,0.0
2012-10-24 00:00:00+09:00,124.37387955565414,141.49925231933594,123.97714864427797,141.49925231933594,911300,0.0,0.0
2012-10-25 00:00:00+09:00,151.41740414861772,164.6416315851782,148.7725586613056,160.4759979248047,1650200,0.0,0.0
2012-10-26 00:00:00+09:00,158.62459234843521,158.62459234843521,152.5414501948282,157.03768920898438,683300,0.0,0.0
2012-10-29 00:00:00+09:00,158.69070240650237,188.44520910772155,156.50870323055634,161.93063354492188,1043200,0.0,0.0
2012-10-30 00:00:00+09:00,158.6907352503964,162.6580036316563,155.38467826601314,156.37649536132812,390800,0.0,0.0
2012-10-31 00:00:00+09:00,159.48418792626703,170.46029113087354,157.30218828479633,169.13787841796875,727700,0.0,0.0
2012-11-01 00:00:00+09:00,175.7499863897176,187.71791706104784,171.91496824641823,187.2550811767578,1108800,0.0,0.0
2012-11-02 00:00:00+09:00,185.13916897985905,195.0573387466372,179.84947843757737,187.65176391601562,955600,0.0,0.0
2012-11-05 00:00:00+09:00,219.52213620853996,220.84455871582034,204.975488628456,220.8445587158203,2564400,0.0,0.0
2012-11-06 00:00:00+09:00,212.91004617805154,232.08517456054688,208.28156691331128,232.08517456054688,1676200,0.0,0.0
2012-11-07 00:00:00+09:00,228.11789804298542,238.0360675231152,224.1506302509335,232.415771484375,1349600,0.0,0.0
2012-11-08 00:00:00+09:00,223.15883578850784,229.44034375885101,218.1997505487632,218.8609619140625,984600,0.0,0.0
2012-11-09 00:00:00+09:00,210.9263810051812,238.03604125976562,202.99184629652237,238.03604125976562,1545100,0.0,0.0
2012-11-12 00:00:00+09:00,243.3257310655382,251.26026577419705,231.42392900254993,238.03604125976562,1271700,0.0,0.0
2012-11-13 00:00:00+09:00,238.03607633991538,245.64000655632935,225.47306119975318,234.3994140625,923200,0.0,0.0
2012-11-14 00:00:00+09:00,236.713642744183,236.713642744183,224.8118394777157,228.44850158691406,431100,0.0,0.0
2012-11-15 00:00:00+09:00,232.08515043293096,274.7332763671875,232.08515043293096,274.7332763671875,1498300,0.0,0.0
2012-11-16 00:00:00+09:00,274.07209929527596,316.7202305487025,261.5090838872898,282.6678466796875,1815400,0.0,0.0
2012-11-19 00:00:00+09:00,277.7087327146432,328.62200037899447,277.7087327146432,322.0098876953125,1567300,0.0,0.0
2012-11-20 00:00:00+09:00,330.6056431361607,360.36015101841514,317.3814174107143,342.5074462890625,1697800,0.0,0.0
2012-11-21 00:00:00+09:00,344.4910476995974,353.08679361148756,317.38138751594386,323.9934997558594,876900,0.0,0.0
2012-11-22 00:00:00+09:00,323.99356479837434,329.28325565222536,309.1163092719184,327.29962158203125,584800,0.0,0.0
2012-11-26 00:00:00+09:00,343.1686946681288,349.11959688780735,320.6875085048988,322.671142578125,451900,0.0,0.0
2012-11-27 00:00:00+09:00,314.40600060634927,333.2505243019979,311.761155175381,322.671142578125,338900,0.0,0.0
2012-11-28 00:00:00+09:00,322.67107730787626,331.92803444375795,320.6874436359016,323.9934997558594,171000,0.0,0.0
2012-11-29 00:00:00+09:00,329.2832881467352,350.4420536501398,317.38148255107006,339.8626708984375,836800,0.0,0.0
2012-11-30 00:00:00+09:00,327.96084203156823,334.57295578220464,323.99357378118634,324.65478515625,417500,0.0,0.0
2012-12-03 00:00:00+09:00,329.28321164736263,330.27502854991496,321.01807079276017,322.0098876953125,216700,0.0,0.0
2012-12-04 00:00:00+09:00,315.39782505077693,317.38145917059313,295.2308781659788,298.2063293457031,627400,0.0,0.0
2012-12-05 00:00:00+09:00,300.1899811469184,310.1081523301866,294.5696841430664,297.5451354980469,324300,0.0,0.0
2012-12-06 00:00:00+09:00,297.54510582040206,300.8511625517399,283.9902732219171,288.28814697265625,366700,0.0,0.0
2012-12-07 00:00:00+09:00,292.9166459023565,310.10814205012457,290.60240603631075,304.8184509277344,550300,0.0,0.0
2012-12-10 00:00:00+09:00,300.52053860719576,302.17356687236185,287.95752379193345,291.2635803222656,398000,0.0,0.0
2012-12-11 00:00:00+09:00,288.6188039448447,289.941226872427,274.07215174143903,276.0557861328125,280100,0.0,0.0
2012-12-12 00:00:00+09:00,279.03125147072666,303.49607683664345,279.03125147072666,301.8430480957031,496400,0.0,0.0
2012-12-13 00:00:00+09:00,300.85123085113895,319.3651527496706,292.5860871464373,301.8430480957031,609700,0.0,0.0
2012-12-14 00:00:00+09:00,297.2145763196443,301.512451171875,282.3373172157689,288.9494323730469,473700,0.0,0.0
2012-12-17 00:00:00+09:00,297.54513344465994,301.18179618676135,284.320905291564,284.98211669921875,325600,0.0,0.0
2012-12-18 00:00:00+09:00,286.30447332609435,288.2881070904784,269.77419195622747,274.7332763671875,487000,0.0,0.0
2012-12-19 00:00:00+09:00,275.3945094622099,281.6760168809157,273.7414811941294,275.06390380859375,268300,0.0,0.0
2012-12-20 00:00:00+09:00,272.08849914939543,272.7497105689565,257.87245362883164,259.5254821777344,466300,0.0,0.0
2012-12-21 00:00:00+09:00,258.2029774218872,294.23898835528763,251.92147092890917,263.8232727050781,1106900,0.0,0.0
2012-12-25 00:00:00+09:00,286.9657154430043,302.1735759388317,275.3945172396573,290.9329833984375,1130700,0.0,0.0
2012-12-26 00:00:00+09:00,301.51238219941143,316.0590322178041,289.61057763890835,294.9002685546875,889300,0.0,0.0
2012-12-27 00:00:00+09:00,304.15718701058057,304.48779264863555,278.3699472422922,283.6596374511719,655500,0.0,0.0
2012-12-28 00:00:00+09:00,279.03117549501616,292.2554018217942,266.1375548264076,287.6269226074219,496600,0.0,0.0
2013-01-04 00:00:00+09:00,297.87570163747654,313.0835620984354,286.9657147850495,302.5041809082031,786400,0.0,0.0
2013-01-07 00:00:00+09:00,313.7448046967678,315.06722747736535,299.5287598053442,304.8184509277344,539400,0.0,0.0
2013-01-08 00:00:00+09:00,306.1408346365164,309.1162855131132,289.9411576417115,293.57781982421875,341900,0.0,0.0
2013-01-09 00:00:00+09:00,285.3126451100735,309.4468549513659,284.32082826728066,299.5286865234375,487600,0.0,0.0
2013-01-10 00:00:00+09:00,297.5451235624376,300.85118049090914,289.9411926269531,289.9411926269531,318200,0.0,0.0
2013-01-11 00:00:00+09:00,293.9085014878812,301.84303921083864,285.64335802646724,287.29638671875,305400,0.0,0.0
2013-01-15 00:00:00+09:00,286.96565000814746,293.24715617192027,283.99019972004453,285.3126220703125,245700,0.0,0.0
2013-01-16 00:00:00+09:00,284.65147200405806,285.97389463822327,277.7087531746908,280.6842041015625,286000,0.0,0.0
2013-01-17 00:00:00+09:00,284.65150720300807,284.98211290243086,274.4027305209021,281.6760559082031,193800,0.0,0.0
2013-01-18 00:00:00+09:00,287.62696232983797,294.9002878140408,282.33727106859953,284.98211669921875,300200,0.0,0.0
2013-01-21 00:00:00+09:00,294.239022391183,303.4959803989955,286.30448695591514,296.22265625,448900,0.0,0.0
2013-01-22 00:00:00+09:00,297.54513172621137,301.84300585114556,288.288172072507,294.23907470703125,365300,0.0,0.0
2013-01-23 00:00:00+09:00,294.90033601459703,300.5206338982833,287.95761509945515,288.9494323730469,206300,0.0,0.0
2013-01-24 00:00:00+09:00,287.62687176729725,298.8674621582031,287.62687176729725,298.8674621582031,224800,0.0,0.0
2013-01-25 00:00:00+09:00,301.51234654017856,305.81021990094865,294.239022391183,305.4796142578125,321900,0.0,0.0
2013-01-28 00:00:00+09:00,312.7530198061376,351.7644958496094,307.46332813922623,351.7644958496094,1252600,0.0,0.0
2013-01-29 00:00:00+09:00,358.37660677180793,382.8414304813225,331.2669372558594,331.2669372558594,1694100,0.0,0.0
2013-01-30 00:00:00+09:00,342.5074876223547,397.38803100585943,337.87900805989045,397.3880310058594,2459600,0.0,0.0
2013-01-31 00:00:00+09:00,403.33892963115983,463.5091633958083,400.03287283090447,429.7873840332031,4587700,0.0,0.0
2013-02-01 00:00:00+09:00,456.23580546030877,472.10487695458033,409.95101360201653,443.67279052734375,2635300,0.0,0.0
2013-02-04 00:00:00+09:00,448.962535032887,462.1867628689072,429.7874046706576,437.06072998046875,1155600,0.0,0.0
2013-02-05 00:00:00+09:00,426.4812796456473,435.7382376534598,398.7104056222098,407.30615234375,880400,0.0,0.0
2013-02-06 00:00:00+09:00,427.1425924215231,459.5419531469946,421.1916894311303,440.3668212890625,1291200,0.0,0.0
2013-02-07 00:00:00+09:00,453.5910753038194,454.2522867838541,429.7874620225694,446.3177490234375,778800,0.0,0.0
2013-02-08 00:00:00+09:00,439.705569089114,446.317682910003,416.5631707160028,421.191650390625,604400,0.0,0.0
2013-02-12 00:00:00+09:00,429.78727675482463,449.6236126050473,400.69398417449804,410.6121520996094,669400,0.0,0.0
2013-02-13 00:00:00+09:00,403.33888462611606,429.7873360770089,397.38798304966514,402.67767333984375,543500,0.0,0.0
2013-02-14 00:00:00+09:00,396.7268567207532,408.6286624223758,374.90687960111177,386.8086853027344,517600,0.0,0.0
2013-02-15 00:00:00+09:00,388.13104772905933,388.13104772905933,354.4092701580508,372.9231872558594,559300,0.0,0.0
2013-02-18 00:00:00+09:00,390.1147286288709,439.04437255859375,388.1310944155038,439.04437255859375,1108900,0.0,0.0
2013-02-19 00:00:00+09:00,452.2686275416027,480.0395081801222,436.39955289102016,457.5583190917969,1718600,0.0,0.0
2013-02-20 00:00:00+09:00,489.2963355478614,523.6793212890625,484.0066454338305,523.6793212890625,1915800,0.0,0.0
2013-02-21 00:00:00+09:00,516.4060722886795,555.4175425384004,502.52063372521945,546.1605834960938,2359600,0.0,0.0
2013-02-22 00:00:00+09:00,528.9691147113022,554.7563590534781,515.7448868435196,538.22607421875,1037400,0.0,0.0
2013-02-25 00:00:00+09:00,562.0296092699933,637.4076980426747,560.7071866599463,614.926513671875,3253100,0.0,0.0
2013-02-26 00:00:00+09:00,605.6695713660529,660.5501111295708,591.7841335945604,637.40771484375,2348800,0.0,0.0
2013-02-27 00:00:00+09:00,653.9379781370596,733.9445457352236,651.293132927203,712.1245727539062,3042400,0.0,0.0
2013-02-28 00:00:00+09:00,726.6711865169038,788.1638346934935,661.211270716018,741.2178344726562,3120000,0.0,0.0
2013-03-01 00:00:00+09:00,707.4961088756409,776.9232971297924,706.8348975589346,757.7481689453125,1366700,0.0,0.0
2013-03-04 00:00:00+09:00,698.239159891599,872.7989498644987,694.2718919376694,731.9609375,2226500,0.0,0.0
2013-03-05 00:00:00+09:00,716.7531218352141,775.6009334988064,707.4961626971209,714.1082763671875,1148100,0.0,0.0
2013-03-06 00:00:00+09:00,727.3325058509564,776.9233585226125,719.3979694234914,767.0051879882812,1169800,0.0,0.0
2013-03-07 00:00:00+09:00,793.4536868578766,796.7597438864511,767.6664420349957,772.294921875,571600,0.0,0.0
2013-03-08 00:00:00+09:00,776.9234738889808,787.5028573632137,747.8301693348402,765.0216674804688,425500,0.0,0.0
2013-03-11 00:00:00+09:00,754.4420776367188,767.0050920758928,727.3324148995536,745.1851196289062,557000,0.0,0.0
2013-03-12 00:00:00+09:00,727.9936350664532,747.1687626022635,714.1081978853492,714.7694091796875,626800,0.0,0.0
2013-03-13 00:00:00+09:00,715.4306802351548,743.2015569171109,714.7694688855845,728.6549072265625,315500,0.0,0.0
2013-03-14 00:00:00+09:00,727.3323360242342,823.2079621365197,721.3814350931268,804.0328369140625,1429000,0.0,0.0
2013-03-15 00:00:00+09:00,859.5746900609696,861.5583239611102,823.2080685583901,837.093505859375,817100,0.0,0.0
2013-03-18 00:00:00+09:00,837.0935139534744,882.0558827914177,809.9838503894202,857.591064453125,678500,0.0,0.0
2013-03-19 00:00:00+09:00,786.8415449756686,811.9675775043034,761.0543010647013,780.2294311523438,2946000,0.0,0.0
2013-03-21 00:00:00+09:00,776.9231497292147,798.7431190407586,755.7643916089297,788.824951171875,1047200,0.0,0.0
2013-03-22 00:00:00+09:00,790.1475056026588,790.8087169044184,740.5566579706928,744.52392578125,678900,0.0,0.0
2013-03-25 00:00:00+09:00,724.6875352549639,757.7480979946977,717.4142114522225,732.6220703125,657600,0.0,0.0
2013-03-26 00:00:00+09:00,733.2833747272853,781.5518024595592,714.1082459021353,768.3275756835938,779000,0.0,0.0
2013-03-27 00:00:00+09:00,761.333538544324,835.9349001514669,760.001371372768,815.952392578125,2012600,8.5,0.0
2013-03-28 00:00:00+09:00,812.6223870900052,812.6223870900052,766.6625963447508,805.9615478515625,805200,0.0,0.0
2013-03-29 00:00:00+09:00,812.6221359203226,829.2742288695096,769.9927779704041,817.9508056640625,1165400,0.0,0.0
2013-04-01 00:00:00+09:00,837.933402898953,885.2253517112151,740.019086343988,787.31103515625,3859800,0.0,0.0
2013-04-02 00:00:00+09:00,732.6921436884631,879.8966561931453,723.36697095061,875.2340698242188,3156600,0.0,0.0
2013-04-03 00:00:00+09:00,885.891253056417,921.8597700978054,845.926234121541,872.569580078125,4093000,0.0,0.0
2013-04-04 00:00:00+09:00,852.5871348634294,881.8948176243598,805.9612759255856,877.8983154296875,1879600,0.0,0.0
2013-04-05 00:00:00+09:00,929.1869319901695,992.4648951006111,885.891483546183,902.5435791015625,4375700,0.0,0.0
2013-04-08 00:00:00+09:00,962.4912720137021,992.4650486508069,939.1783346292871,990.466796875,2652400,0.0,0.0
2013-04-09 00:00:00+09:00,1012.4472155272751,1018.4419687771077,939.1780091404329,947.8370971679688,2407600,0.0,0.0
2013-04-10 00:00:00+09:00,933.1832085065945,977.1447301064769,919.8615352945089,929.1867065429688,1104800,0.0,0.0
2013-04-11 00:00:00+09:00,949.1691360930483,955.8299721358065,846.5922610345715,889.8876953125,1459400,0.0,0.0
2013-04-12 00:00:00+09:00,869.9053746511246,929.1868282069822,865.9088721642128,900.5452270507812,693700,0.0,0.0
2013-04-15 00:00:00+09:00,880.5628483085285,911.2027053601112,873.2359259701065,876.5663452148438,658500,0.0,0.0
2013-04-16 00:00:00+09:00,856.583687880368,917.8633918344844,843.2620131077339,913.2008056640625,877200,0.0,0.0
2013-04-17 00:00:00+09:00,931.1852021016645,939.1782081282882,906.5401001862414,917.863525390625,659100,0.0,0.0
2013-04-18 00:00:00+09:00,912.534599013001,916.5311009064886,867.2409108868083,872.569580078125,876500,0.0,0.0
2013-04-19 00:00:00+09:00,891.2200011529364,908.5381775580009,873.2357410399848,899.8790893554688,535900,0.0,0.0
2013-04-22 00:00:00+09:00,939.178092004237,957.8284370936829,916.5312443956242,928.520751953125,1117200,0.0,0.0
2013-04-23 00:00:00+09:00,939.177882028911,939.177882028911,884.5590264782934,889.8876953125,861200,0.0,0.0
2013-04-24 00:00:00+09:00,929.1869059244791,929.1869059244791,893.2183805338541,899.213134765625,750400,0.0,0.0
2013-04-25 00:00:00+09:00,897.8808523168204,915.1990289935543,879.2305082034146,898.5469360351562,483900,0.0,0.0
2013-04-26 00:00:00+09:00,909.2042978460139,909.2042978460139,867.2410225608132,879.2305297851562,524400,0.0,0.0
2013-04-30 00:00:00+09:00,899.2131599904866,919.8617584791571,885.891483546183,902.5435791015625,960500,0.0,0.0
2013-05-01 00:00:00+09:00,902.5434171236478,918.5294259878306,879.2304875300481,883.2269897460938,977500,0.0,0.0
2013-05-02 00:00:00+09:00,890.5540140522322,900.5452707543889,856.5837412648995,867.9071655273438,583100,0.0,0.0
2013-05-07 00:00:00+09:00,887.8895638027002,890.5538985778021,869.9053040707626,878.5643920898438,460100,0.0,0.0
2013-05-08 00:00:00+09:00,878.564502948668,881.8949218377834,865.908911170029,873.9019165039062,475900,0.0,0.0
2013-05-09 00:00:00+09:00,867.9070550556124,909.2042441680053,831.2724518107477,855.25146484375,1947900,0.0,0.0
2013-05-10 00:00:00+09:00,888.5556311126938,889.2217147941876,853.9192796750176,885.8912963867188,692700,0.0,0.0
2013-05-13 00:00:00+09:00,873.9016591494845,878.5642442211662,827.9418920143363,839.931396484375,859800,0.0,0.0
2013-05-14 00:00:00+09:00,820.6151409434797,835.93506646434,793.9717922115485,800.6326293945312,843800,0.0,0.0
2013-05-15 00:00:00+09:00,780.6501182504252,787.3109554368623,646.1012070843963,685.400146484375,1968000,0.0,0.0
2013-05-16 00:00:00+09:00,702.0522181605434,765.996253211219,666.0836984445383,739.3529052734375,1176600,0.0,0.0
2013-05-17 00:00:00+09:00,739.3529544348602,817.950836077485,728.6956145511145,780.650146484375,1151900,0.0,0.0
2013-05-20 00:00:00+09:00,782.6484794448651,795.3040718784416,746.0138697687225,756.005126953125,760000,0.0,0.0
2013-05-21 00:00:00+09:00,733.3581217172983,733.3581217172983,684.734013737859,690.0626831054688,808900,0.0,0.0
2013-05-22 00:00:00+09:00,676.0749677072959,695.3913953560757,658.0907074825698,668.748046875,1058300,0.0,0.0
2013-05-23 00:00:00+09:00,640.106624690073,648.0996314499906,528.2045300512257,556.1800537109375,2252000,0.0,0.0
2013-05-24 00:00:00+09:00,599.475464149105,599.475464149105,532.867079243649,576.82861328125,1235200,0.0,0.0
2013-05-27 00:00:00+09:00,559.5103800071861,599.4754071505565,526.8722745067669,564.8390502929688,1167500,0.0,0.0
2013-05-28 00:00:00+09:00,556.8461149723158,615.4614954957175,540.8601021022972,580.8251342773438,1264400,0.0,0.0
2013-05-29 00:00:00+09:00,602.8057550777428,680.737548828125,595.4788342977923,680.737548828125,2896500,0.0,0.0
2013-05-30 00:00:00+09:00,632.7794376336013,662.7532004688773,601.4735075612022,613.4630126953125,1445800,0.0,0.0
2013-05-31 00:00:00+09:00,636.1100077752112,702.0523017749451,610.1327404419827,645.4351806640625,1708900,0.0,0.0
2013-06-03 00:00:00+09:00,632.7794819911912,679.4053385589632,608.1343863767975,626.7847290039062,1306000,0.0,0.0
2013-06-04 00:00:00+09:00,631.4472700195312,678.0731232910156,603.4717580566406,666.0836181640625,1519300,0.0,0.0
2013-06-05 00:00:00+09:00,696.0575564621669,719.3704889752538,636.110015714229,656.092529296875,1544300,0.0,0.0
2013-06-06 00:00:00+09:00,627.4509296258101,652.7621136234542,556.1799641587595,558.8442993164062,1378400,0.0,0.0
2013-06-07 00:00:00+09:00,528.8704713865986,572.1659129988517,494.9002018139078,541.5260620117188,2156400,0.0,0.0
2013-06-10 00:00:00+09:00,599.4754131188554,602.8058320806267,562.8408045393697,592.8145751953125,892900,0.0,0.0
2013-06-11 00:00:00+09:00,586.1536434914568,597.4770661498145,550.8512081448123,555.5137939453125,1002800,0.0,0.0
2013-06-12 00:00:00+09:00,532.8669910318047,570.8337641428208,520.8774837335891,562.8407592773438,1082200,0.0,0.0
2013-06-13 00:00:00+09:00,546.1886604366736,550.8512465623525,526.2061484694781,528.8704833984375,645100,0.0,0.0
2013-06-14 00:00:00+09:00,558.844209668686,559.5102933512469,530.8686950011236,544.1903686523438,554500,0.0,0.0
2013-06-17 00:00:00+09:00,551.5172729492188,558.8441932420224,537.5295160265937,551.5172729492188,498600,0.0,0.0
2013-06-18 00:00:00+09:00,552.1833339146206,596.1448538643973,551.5172502790178,582.8231811523438,792200,0.0,0.0
2013-06-19 00:00:00+09:00,612.7970773906427,617.4596638490498,566.171212806572,588.1519775390625,1070500,0.0,0.0
2013-06-20 00:00:00+09:00,576.1625363442904,598.1433036267894,568.1695300597453,587.4859619140625,480200,0.0,0.0
2013-06-21 00:00:00+09:00,547.5207944312741,568.1693888684633,533.5330369093073,560.8424682617188,798200,0.0,0.0
2013-06-24 00:00:00+09:00,570.1678155407934,590.1503324405876,553.5157181242982,556.1800537109375,413700,0.0,0.0
2013-06-25 00:00:00+09:00,546.1887532341526,546.1887532341526,503.55938712807244,514.8828125,911000,0.0,0.0
2013-06-26 00:00:00+09:00,529.5365845529657,538.1956733569764,440.28136149623936,455.6012878417969,1118500,0.0,0.0
2013-06-27 00:00:00+09:00,458.9316795448204,518.8792138830407,426.29357751623377,512.8844604492188,1400200,0.0,0.0
2013-06-28 00:00:00+09:00,510.2200793736806,556.8459351911188,502.89315917379747,552.183349609375,1346900,0.0,0.0
2013-07-01 00:00:00+09:00,556.1799570719401,568.1694651285808,542.8582814534506,559.5103759765625,779300,0.0,0.0
2013-07-02 00:00:00+09:00,578.8266571285759,604.8039179203072,570.8336538080432,590.816162109375,823100,0.0,0.0
2013-07-03 00:00:00+09:00,602.8056902204241,629.4490356445312,582.8231811523438,629.4490356445312,866700,0.0,0.0
2013-07-04 00:00:00+09:00,630.1152868270874,698.055835723877,619.4579458236694,682.06982421875,1904200,0.0,0.0
2013-07-05 00:00:00+09:00,692.7271870791503,704.7166960862895,669.4142528986021,680.0715942382812,1077100,0.0,0.0
2013-07-08 00:00:00+09:00,708.046966436477,738.0207326543899,692.7270414806549,699.3878784179688,1228300,0.0,0.0
2013-07-09 00:00:00+09:00,706.7148446345675,727.3634404721467,658.0907318557519,689.3966674804688,902300,0.0,0.0
2013-07-10 00:00:00+09:00,679.4053477625694,697.3896069680491,652.0959171172111,660.7550048828125,649600,0.0,0.0
2013-07-11 00:00:00+09:00,644.1029970797806,724.0330484237037,644.1029970797806,721.3687133789062,959200,0.0,0.0
2013-07-12 00:00:00+09:00,732.6920096166127,735.3563441970368,695.3913254906761,733.3580932617188,899000,0.0,0.0
2013-07-16 00:00:00+09:00,731.3598602323152,746.0137007834181,704.7165137757646,720.0364379882812,1454300,0.0,0.0
2013-07-17 00:00:00+09:00,703.3844314620206,720.0365250098904,674.0767468177697,677.4071655273438,744600,0.0,0.0
2013-07-18 00:00:00+09:00,682.7357999499296,696.0574740952942,675.4088791699792,680.737548828125,2637200,0.0,0.0
2013-07-19 00:00:00+09:00,682.735708618164,690.0626284179688,644.1028587646484,666.0836181640625,486200,0.0,0.0
2013-07-22 00:00:00+09:00,664.0854351666119,682.0696946946947,657.424598304359,665.4176025390625,245600,0.0,0.0
2013-07-23 00:00:00+09:00,662.753239914047,679.4053313691737,656.0924033319963,668.0819091796875,329700,0.0,0.0
2013-07-24 00:00:00+09:00,656.0924899961891,684.7340910823171,656.0924899961891,682.73583984375,354700,0.0,0.0
2013-07-25 00:00:00+09:00,670.7462406429268,682.0696627789047,654.7602329215462,656.7584838867188,273600,0.0,0.0
2013-07-26 00:00:00+09:00,642.7707297938645,661.4210722127538,618.7917181124353,627.4508056640625,488500,0.0,0.0
2013-07-29 00:00:00+09:00,612.7970415367604,619.4578789447687,567.5033471623042,574.1641845703125,569300,0.0,0.0
2013-07-30 00:00:00+09:00,580.1589296101221,626.1187070419228,580.1589296101221,609.4666137695312,499200,0.0,0.0
2013-07-31 00:00:00+09:00,591.4824076106039,601.4736644959182,576.1624803864554,592.8145751953125,393700,0.0,0.0
2013-08-01 00:00:00+09:00,579.4928864834725,607.4684051412953,573.4981324853677,605.4701538085938,286600,0.0,0.0
2013-08-02 00:00:00+09:00,620.1238485107422,666.0836181640625,620.1238485107422,666.0836181640625,944800,0.0,0.0
2013-08-05 00:00:00+09:00,662.7532905837355,731.3599126240618,661.4211231654767,726.6973266601562,1169900,0.0,0.0
2013-08-06 00:00:00+09:00,726.6973433317961,738.0207666467737,689.3966547648112,719.3704223632812,801600,0.0,0.0
2013-08-07 00:00:00+09:00,699.3878463609283,706.714766656138,672.7444998328929,673.4105834960938,430700,0.0,0.0
2013-08-08 00:00:00+09:00,606.1361413868043,620.7899821675842,572.8319577941227,608.8004760742188,2289300,0.0,0.0
2013-08-09 00:00:00+09:00,598.8092244466145,617.4595673659752,572.8319610946479,579.4927978515625,891500,0.0,0.0
2013-08-12 00:00:00+09:00,572.8320298019536,572.8320298019536,548.1869308453579,561.5086059570312,589600,0.0,0.0
2013-08-13 00:00:00+09:00,572.8321492466197,582.8234076637119,563.5069747240003,578.826904296875,444700,0.0,0.0
2013-08-14 00:00:00+09:00,580.8250158448882,606.136197728037,577.4945971760528,603.4718627929688,344900,0.0,0.0
2013-08-15 00:00:00+09:00,580.8251559802934,595.4790016586953,578.1608204024022,578.826904296875,302900,0.0,0.0
2013-08-16 00:00:00+09:00,573.4981343840689,591.4823964379246,566.171212806572,588.1519775390625,234800,0.0,0.0
2013-08-19 00:00:00+09:00,595.4789135659051,596.1449973618402,576.8285672797247,586.81982421875,158500,0.0,0.0
2013-08-20 00:00:00+09:00,582.8232614617599,592.8145173725329,569.5015869140625,569.5015869140625,251600,0.0,0.0
2013-08-21 00:00:00+09:00,570.1677237364049,579.4928967881685,551.5173776328777,558.8442993164062,244700,0.0,0.0
2013-08-22 00:00:00+09:00,556.8460110314957,570.1676859365554,546.1886711074478,550.8512573242188,293000,0.0,0.0
2013-08-23 00:00:00+09:00,572.1659678141276,572.1659678141276,554.8477895100912,559.5103759765625,191200,0.0,0.0
2013-08-26 00:00:00+09:00,560.1764243221847,568.1694291876618,555.5138381506564,562.8407592773438,103100,0.0,0.0
2013-08-27 00:00:00+09:00,560.8425010158097,566.8372545896129,556.1799149028517,563.5068359375,154000,0.0,0.0
2013-08-28 00:00:00+09:00,540.8599524167505,550.1851240101428,535.531282934812,538.1956176757812,246400,0.0,0.0
2013-08-29 00:00:00+09:00,536.8635182812016,549.5191099032149,532.8670156637236,537.5296020507812,131800,0.0,0.0
2013-08-30 00:00:00+09:00,536.1973710844788,543.5242916831487,524.8739483410799,526.2061157226562,196400,0.0,0.0
2013-09-02 00:00:00+09:00,532.8670726102941,591.4824505974265,530.8688210880055,588.818115234375,642200,0.0,0.0
2013-09-03 00:00:00+09:00,626.1186156828074,635.443786554679,593.4805176312568,612.130859375,616200,0.0,0.0
2013-09-04 00:00:00+09:00,632.1134244180885,632.1134244180885,606.1361604009068,630.1151733398438,406900,0.0,0.0
2013-09-05 00:00:00+09:00,632.7795339558278,638.7742874354093,619.4578595567577,633.4456176757812,479000,0.0,0.0
2013-09-06 00:00:00+09:00,624.1204612842505,628.7830474411232,592.8145256595335,597.4771118164062,377400,0.0,0.0
2013-09-09 00:00:00+09:00,697.3897705078125,697.3897705078125,679.4055070849749,697.3897705078125,1168700,0.0,0.0
2013-09-10 00:00:00+09:00,697.389716701956,758.6694243777725,690.7288789111063,736.6886596679688,1646600,0.0,0.0
2013-09-11 00:00:00+09:00,750.0103330469843,759.335505926787,710.7113901963875,714.0418090820312,584500,0.0,0.0
2013-09-12 00:00:00+09:00,716.0399707612538,717.3721381487165,695.3913762555804,699.3878784179688,329500,0.0,0.0
2013-09-13 00:00:00+09:00,692.7271102203562,742.0173084475738,686.0662726220835,738.6868896484375,623200,0.0,0.0
2013-09-17 00:00:00+09:00,759.335377177254,782.6483054239242,752.6745405353483,771.990966796875,957300,0.0,0.0
2013-09-18 00:00:00+09:00,779.3179115123605,805.2951752294392,775.9874930870941,798.6343383789062,796500,0.0,0.0
2013-09-19 00:00:00+09:00,825.9438405740078,850.5889390427484,807.2934957868528,826.6099243164062,1017100,0.0,0.0
2013-09-20 00:00:00+09:00,838.5994376955439,852.587196386256,812.6221715556502,843.2620239257812,710700,0.0,0.0
2013-09-24 00:00:00+09:00,817.950834664192,851.2550217433529,803.9630760909445,843.9281005859375,536800,0.0,0.0
2013-09-25 00:00:00+09:00,825.2775278975324,843.2617839534108,815.9523580907806,819.2827758789062,476100,0.0,0.0
2013-09-26 00:00:00+09:00,791.3075116445219,843.9281290013546,756.0050721519633,841.2637939453125,239500,0.0,100.0
2013-09-27 00:00:00+09:00,847.2585050975177,860.5801797059693,837.2672491411791,845.26025390625,279200,0.0,0.0
2013-09-30 00:00:00+09:00,817.284778440933,857.915888045576,806.6274382167644,841.2637939453125,297900,0.0,0.0
2013-10-01 00:00:00+09:00,841.9297591820488,841.9297591820488,759.3353840724175,771.3248901367188,659800,0.0,0.0
2013-10-02 00:00:00+09:00,771.9910628269859,795.3039939736161,727.363451774865,740.01904296875,531600,0.0,0.0
2013-10-03 00:00:00+09:00,732.6920092945368,766.6622751800107,709.3790817260742,756.6710205078125,375400,0.0,0.0
2013-10-04 00:00:00+09:00,734.6903500135313,748.012024537802,719.3704243106199,730.69384765625,376300,0.0,0.0
2013-10-07 00:00:00+09:00,732.0259917413691,736.0224939710763,683.4018812799314,686.7322998046875,435500,0.0,0.0
2013-10-08 00:00:00+09:00,678.0733061451499,732.6921775635216,667.4159653805896,723.3670043945312,396300,0.0,0.0
2013-10-09 00:00:00+09:00,734.0244840763817,812.6223870900052,734.0244840763817,805.9615478515625,994400,0.0,0.0
2013-10-10 00:00:00+09:00,805.9615595499675,812.6223988850912,781.3164540100098,799.3007202148438,545100,0.0,0.0
2013-10-11 00:00:00+09:00,805.9613893028094,812.6222272309318,787.3110431040667,797.9683837890625,306000,0.0,0.0
2013-10-15 00:00:00+09:00,808.6255123269527,823.2793519243111,792.639505493471,794.6377563476562,359100,0.0,0.0
2013-10-16 00:00:00+09:00,787.3110431040667,812.6222272309318,786.6449593112544,797.9683837890625,198700,0.0,0.0
2013-10-17 00:00:00+09:00,822.6133394789421,837.267180344154,802.6308292081986,811.2899169921875,509300,0.0,0.0
2013-10-18 00:00:00+09:00,809.2917079648217,833.9368052444089,807.2934568340444,824.6116333007812,243200,0.0,0.0
2013-10-21 00:00:00+09:00,832.6046796595539,849.256773252745,821.9473397599116,837.933349609375,389500,0.0,0.0
2013-10-22 00:00:00+09:00,833.9368454827885,841.9298503915693,811.2899982412432,826.6099243164062,330100,0.0,0.0
2013-10-23 00:00:00+09:00,833.2707311773145,851.9210752804038,809.2917173304852,817.9508056640625,786400,0.0,0.0
2013-10-24 00:00:00+09:00,815.2864724196007,849.2567421037508,806.627384068739,846.5924072265625,491600,0.0,0.0
2013-10-25 00:00:00+09:00,839.931628042975,855.9176384101689,823.2795339104815,823.9456176757812,405300,0.0,0.0
2013-10-28 00:00:00+09:00,820.6151706348206,827.942091801203,802.6309095900641,826.6099243164062,336900,0.0,0.0
2013-10-29 00:00:00+09:00,815.9526326564265,818.616967783468,803.9631245847403,810.6239624023438,255800,0.0,0.0
2013-10-30 00:00:00+09:00,817.9507427604831,819.2829100939692,782.6483084231007,783.3143920898438,296400,0.0,0.0
2013-10-31 00:00:00+09:00,781.9823112778498,801.2987397506416,779.3179763160854,786.6448974609375,220100,0.0,0.0
2013-11-01 00:00:00+09:00,789.9753188826525,798.6344075381959,756.671131745947,780.650146484375,243100,0.0,0.0
2013-11-05 00:00:00+09:00,778.6517612702858,795.303851973243,762.6657541954467,775.9874267578125,231500,0.0,0.0
2013-11-06 00:00:00+09:00,795.96995748877,795.96995748877,734.0241783703971,750.67626953125,636400,0.0,0.0
2013-11-07 00:00:00+09:00,737.3548261377883,746.0139162369674,732.6922391613073,734.6904907226562,270600,0.0,0.0
2013-11-08 00:00:00+09:00,719.3703363982725,758.6692714422521,712.7094999501403,756.6710205078125,259900,0.0,0.0
2013-11-11 00:00:00+09:00,758.0032037760417,769.3266259765625,740.0189449869791,749.3441162109375,271800,0.0,0.0
2013-11-12 00:00:00+09:00,758.003400855165,823.9457002265721,756.6712331910961,821.9474487304688,859500,0.0,0.0
2013-11-13 00:00:00+09:00,830.6063302002888,874.567852087393,809.9577365866488,870.5713500976562,905600,0.0,0.0
2013-11-14 00:00:00+09:00,872.5699192129738,917.1975410353167,865.9090801350122,891.8863525390625,1117500,0.0,0.0
2013-11-15 00:00:00+09:00,894.5503092505963,938.5118285436264,893.2181419992924,933.8492431640625,1109600,0.0,0.0
2013-11-18 00:00:00+09:00,961.1587925011003,963.1570436289612,932.5171930017606,945.8388671875,747500,0.0,0.0
2013-11-19 00:00:00+09:00,925.856313469455,931.8510665782501,906.5398867855599,915.198974609375,310300,0.0,0.0
2013-11-20 00:00:00+09:00,921.8597550806061,943.8405151367188,921.8597550806061,943.8405151367188,408700,0.0,0.0
2013-11-21 00:00:00+09:00,945.1728397923895,945.8389235413623,907.2060661009405,911.86865234375,331000,0.0,0.0
2013-11-22 00:00:00+09:00,931.1851474205133,940.5103205706472,902.5435441736735,917.1973876953125,361700,0.0,0.0
2013-11-25 00:00:00+09:00,909.2043157724235,921.1938232331587,885.8913845987715,900.5452270507812,241400,0.0,0.0
2013-11-26 00:00:00+09:00,891.8861303073587,921.8598986896075,891.8861303073587,918.5294799804688,219800,0.0,0.0
2013-11-27 00:00:00+09:00,909.2042961899115,931.1850593945028,905.8738775225492,913.8668823242188,229600,0.0,0.0
2013-11-28 00:00:00+09:00,923.1922134596771,978.4771728515625,915.865291130632,978.4771728515625,851500,0.0,0.0
2013-11-29 00:00:00+09:00,972.4821967158177,997.1272934819035,959.1605227882038,993.796875,626200,0.0,0.0
2013-12-02 00:00:00+09:00,993.7970726453633,1012.4474198531851,985.8040666991539,1003.788330078125,424000,0.0,0.0
2013-12-03 00:00:00+09:00,1006.452366397042,1017.7757881235475,999.791530087333,1003.1219482421875,412300,0.0,0.0
2013-12-04 00:00:00+09:00,986.4700543559914,1003.788232217744,962.4910388551029,995.7952270507812,481500,0.0,0.0
2013-12-05 00:00:00+09:00,999.1256257762079,1023.1046407948369,972.482275755509,980.4752807617188,490200,0.0,0.0
2013-12-06 00:00:00+09:00,969.151587033405,983.1393418978047,941.8421608695771,953.8316650390625,427000,0.0,0.0
2013-12-09 00:00:00+09:00,975.8125834475052,976.4786671222133,941.176232362679,950.5014038085938,257100,0.0,0.0
2013-12-10 00:00:00+09:00,951.8338996111796,959.1608225613007,925.8566273334777,937.1800537109375,352500,0.0,0.0
2013-12-11 00:00:00+09:00,936.5135829627937,970.4838480631511,932.5170811862811,939.1779174804688,320000,0.0,0.0
2013-12-12 00:00:00+09:00,929.186897277832,995.1291932136781,924.5243106965096,991.1326904296875,507200,0.0,0.0
2013-12-13 00:00:00+09:00,993.7969937665358,993.7969937665358,953.83196720756,959.8267211914062,331200,0.0,0.0
2013-12-16 00:00:00+09:00,949.1694391301247,955.1641934825255,901.2114043109185,903.2096557617188,354100,0.0,0.0
2013-12-17 00:00:00+09:00,906.5398708963222,945.8388072540614,906.5398708963222,922.52587890625,307300,0.0,0.0
2013-12-18 00:00:00+09:00,910.536358367877,956.4961306629637,910.536358367877,947.1709594726562,378600,0.0,0.0
2013-12-19 00:00:00+09:00,962.4909234425378,1009.7828650096106,959.1605050223214,1007.1185302734375,897300,0.0,0.0
2013-12-20 00:00:00+09:00,1011.7812160959807,1031.0976448430401,995.7952060984142,1026.43505859375,884600,0.0,0.0
2013-12-24 00:00:00+09:00,999.7914733267702,1021.106148307754,981.1411327184094,985.1376342773438,586400,0.0,0.0
2013-12-25 00:00:00+09:00,985.8038940429688,1012.4472425306166,973.148303511336,985.8038940429688,518000,0.0,0.0
2013-12-26 00:00:00+09:00,998.45949790805,1021.106344424977,980.4752374387256,1019.1080932617188,399700,0.0,0.0
2013-12-27 00:00:00+09:00,1026.4350277226865,1036.4262836706685,999.1255947982022,1035.0941162109375,316600,0.0,0.0
2013-12-30 00:00:00+09:00,1058.4071037634094,1174.9717627681903,1045.751512214319,1115.6903076171875,1314100,0.0,0.0
2014-01-06 00:00:00+09:00,1092.3772960629997,1110.3615564250126,1075.72520313521,1083.0521240234375,627400,0.0,0.0
2014-01-07 00:00:00+09:00,1086.3825736569086,1109.6955044220783,1062.4035591555912,1074.39306640625,447200,0.0,0.0
2014-01-08 00:00:00+09:00,1086.3825190617488,1090.3790212777944,1053.7444176307092,1073.7269287109375,309200,0.0,0.0
2014-01-09 00:00:00+09:00,1067.0661704799106,1075.0591755022322,1043.0871554129465,1049.0819091796875,373000,0.0,0.0
2014-01-10 00:00:00+09:00,1049.7480126525345,1064.40185546875,1037.0924211294391,1064.40185546875,341300,0.0,0.0
2014-01-14 00:00:00+09:00,1027.1011088951536,1052.4122905670185,1015.7776855156351,1041.0888671875,353700,0.0,0.0
2014-01-15 00:00:00+09:00,1047.7496118951615,1053.744364919355,1029.0992691532258,1032.4296875,220700,0.0,0.0
2014-01-16 00:00:00+09:00,1036.4264598999425,1041.089046801806,1006.4526869593914,1013.113525390625,286200,0.0,0.0
2014-01-17 00:00:00+09:00,1019.7741440839255,1040.4227387714511,1005.7863863923759,1016.4437255859375,309200,0.0,0.0
2014-01-20 00:00:00+09:00,1032.4297676834406,1039.0906048943016,1012.4472560508578,1019.1080932617188,192100,0.0,0.0
2014-01-21 00:00:00+09:00,1028.4332738201733,1052.4122879766023,1014.4455155622566,1047.0836181640625,296500,0.0,0.0
2014-01-22 00:00:00+09:00,1061.071205552716,1079.7215468932536,1042.4208642121787,1069.064208984375,438600,0.0,0.0
2014-01-23 00:00:00+09:00,1082.3860675794856,1082.3860675794856,1039.090624876306,1051.7462158203125,329000,0.0,0.0
2014-01-24 00:00:00+09:00,1029.765477343243,1037.0923985921277,1013.7794673456764,1026.43505859375,212700,0.0,0.0
2014-01-27 00:00:00+09:00,977.1449423979636,995.7952889468,941.8425007162376,944.5068359375,472500,0.0,0.0
2014-01-28 00:00:00+09:00,966.4874169751743,988.4681783536586,945.8388229529617,955.830078125,320200,0.0,0.0
2014-01-29 00:00:00+09:00,979.1432284106461,1013.7795875108866,972.4823901221383,1003.788330078125,163000,0.0,0.0
2014-01-30 00:00:00+09:00,965.821429661342,979.1431045532225,945.8389173235212,969.8179321289062,232600,0.0,0.0
2014-01-31 00:00:00+09:00,987.8022211009057,998.459561315076,899.8791643340012,927.1885986328125,340600,0.0,0.0
2014-02-03 00:00:00+09:00,899.2129837083967,908.5381553912985,843.2619536109853,849.9227905273438,430500,0.0,0.0
2014-02-04 00:00:00+09:00,732.6921917903373,865.9089539340351,731.3600241689004,795.9701538085938,914800,0.0,0.0
2014-02-05 00:00:00+09:00,865.9087905692895,882.560882695622,781.3161625675205,798.6343383789062,572500,0.0,0.0
2014-02-06 00:00:00+09:00,878.5643995506329,995.7951306506415,867.240976660291,964.4891967773438,1408800,0.0,0.0
2014-02-07 00:00:00+09:00,957.8284247262137,985.8039419991629,945.8389173235212,969.8179321289062,470300,0.0,0.0
2014-02-10 00:00:00+09:00,989.1344366237383,1015.7777884519872,975.8127607096139,1008.4508666992188,364700,0.0,0.0
2014-02-12 00:00:00+09:00,1031.0977430209991,1073.727107073547,1025.7690725144307,1045.7515869140625,740200,0.0,0.0
2014-02-13 00:00:00+09:00,1035.0940842319542,1036.4262516505282,939.8441138039173,945.8388671875,862600,0.0,0.0
2014-02-14 00:00:00+09:00,961.8247660741607,965.1551842392375,893.8842355065954,897.8807373046875,671500,0.0,0.0
2014-02-17 00:00:00+09:00,909.204173208523,925.8562642929281,856.5835653818026,896.548583984375,474300,0.0,0.0
2014-02-18 00:00:00+09:00,907.8723629738787,938.5122226193655,860.5804056949753,925.8566284179688,463900,0.0,0.0
2014-02-19 00:00:00+09:00,893.8844669952854,909.2043945220302,871.2376176079234,881.8949584960938,362100,0.0,0.0
2014-02-20 00:00:00+09:00,866.5748550859016,902.5433732831642,857.9157673717458,869.9052734375,278800,0.0,0.0
2014-02-21 00:00:00+09:00,873.2356052056044,891.2198625210517,862.5782675371912,889.8876953125,173000,0.0,0.0
2014-02-24 00:00:00+09:00,872.5696505033053,905.207751934345,867.240980881911,883.2269897460938,177100,0.0,0.0
2014-02-25 00:00:00+09:00,898.5469149076022,900.545166015625,879.2304875300481,883.2269897460938,211400,0.0,0.0
2014-02-26 00:00:00+09:00,871.903540698902,891.2199674981902,860.5801180924228,862.578369140625,238900,0.0,0.0
2014-02-27 00:00:00+09:00,855.9176151221398,862.5784525939074,837.9333539483672,843.2620239257812,238200,0.0,0.0
2014-02-28 00:00:00+09:00,834.6028887591784,848.5906466713434,815.2864611661887,841.9298095703125,329700,0.0,0.0
2014-03-03 00:00:00+09:00,802.6308292081986,832.6045946143139,793.3056577485182,811.2899169921875,356900,0.0,0.0
2014-03-04 00:00:00+09:00,808.6258724835332,845.9265717084737,803.2972011656844,840.597900390625,323300,0.0,0.0
2014-03-05 00:00:00+09:00,863.9105578377133,908.5381656828381,863.9105578377133,895.2164916992188,537300,0.0,0.0
2014-03-06 00:00:00+09:00,891.8859599789068,961.1586558995987,891.8859599789068,941.1761474609375,592500,0.0,0.0
2014-03-07 00:00:00+09:00,949.1691719217504,958.4943427336132,915.8649904508118,939.1779174804688,458200,0.0,0.0
2014-03-10 00:00:00+09:00,939.1779925606468,947.1709967526523,921.1937331286343,937.8458251953125,228500,0.0,0.0
2014-03-11 00:00:00+09:00,955.8300206218712,973.8142788495998,934.5153442038225,943.8405151367188,212700,0.0,0.0
2014-03-12 00:00:00+09:00,919.1956746569418,937.8460216789667,901.8774952793473,902.5435791015625,232000,0.0,0.0
2014-03-13 00:00:00+09:00,899.8792438127018,918.5295908347267,895.8827408794107,902.5435791015625,102400,0.0,0.0
2014-03-14 00:00:00+09:00,863.2445892546403,875.9001812267377,845.926410766507,861.246337890625,370400,0.0,0.0
2014-03-17 00:00:00+09:00,855.917577180756,881.8948421691214,824.6116424511874,835.2689819335938,293500,0.0,0.0
2014-03-18 00:00:00+09:00,869.2392178724439,878.5643895584317,855.251460343462,867.240966796875,181300,0.0,0.0
2014-03-19 00:00:00+09:00,885.8912672690295,901.2111914398473,851.2549169697893,871.2374267578125,247300,0.0,0.0
2014-03-20 00:00:00+09:00,868.5732063184983,868.5732063184983,803.9630828423523,843.2620239257812,409400,0.0,0.0
2014-03-24 00:00:00+09:00,863.2445236048283,905.8738827951902,852.5871838072378,901.8773803710938,370700,0.0,0.0
2014-03-25 00:00:00+09:00,909.2042274677239,919.1954827146219,875.900043311397,879.8965454101562,347600,0.0,0.0
2014-03-26 00:00:00+09:00,873.9018723578016,895.8826359155818,845.9263551024452,866.574951171875,374500,0.0,0.0
2014-03-27 00:00:00+09:00,858.1614770730096,890.4687326804641,840.6617136189717,887.1033935546875,267100,13.5,0.0
2014-03-28 00:00:00+09:00,895.1802646513723,900.5648075966438,866.2383463205385,895.8533325195312,254700,0.0,0.0
2014-03-31 00:00:00+09:00,907.9685201752052,958.4486083984375,903.2570452743702,958.4486083984375,456500,0.0,0.0
2014-04-01 00:00:00+09:00,965.852408097617,971.2369511392762,928.1606068060026,937.5835571289062,229200,0.0,0.0
2014-04-02 00:00:00+09:00,948.3526861792774,989.4098287321063,947.6796182685753,987.390625,355500,0.0,0.0
2014-04-03 00:00:00+09:00,995.4675985523978,1019.6980471987036,959.1219255829391,964.5064697265625,436500,0.0,0.0
2014-04-04 00:00:00+09:00,964.506479653714,994.7945407733351,962.4872755790726,976.6217041015625,234500,0.0,0.0
2014-04-07 00:00:00+09:00,950.3718468528468,956.4294577747135,932.1990140872471,937.5835571289062,196700,0.0,0.0
2014-04-08 00:00:00+09:00,919.4108721686146,934.8914359020539,906.6225803888168,916.0455322265625,193800,0.0,0.0
2014-04-09 00:00:00+09:00,885.7575647801528,901.2381301220552,868.9308633215633,872.2962036132812,195100,0.0,0.0
2014-04-10 00:00:00+09:00,827.873648529441,833.258192584917,790.8549081480433,793.5471801757812,989800,0.0,0.0
2014-04-11 00:00:00+09:00,757.2013295757832,792.873925546909,751.8167867876888,771.3357543945312,754400,0.0,0.0
2014-04-14 00:00:00+09:00,751.1438490316901,762.5860044380868,709.4136351965963,716.8173828125,1007800,0.0,0.0
2014-04-15 00:00:00+09:00,716.1442244449436,726.9133105268223,646.145164912731,655.568115234375,1541200,0.0,0.0
2014-04-16 00:00:00+09:00,665.6640903665561,685.8561254636205,648.8373944523358,666.337158203125,2521100,0.0,0.0
2014-04-17 00:00:00+09:00,767.29736328125,767.29736328125,767.29736328125,767.29736328125,59200,0.0,0.0
2014-04-18 00:00:00+09:00,854.7961420794718,854.7961420794718,794.2200375226588,823.8350219726562,4278800,0.0,0.0
2014-04-21 00:00:00+09:00,807.0084267318043,823.1620566246845,777.3934385948573,783.4510498046875,741200,0.0,0.0
2014-04-22 00:00:00+09:00,783.4511698774858,797.5855982000178,740.3748168945312,740.3748168945312,631300,0.0,0.0
2014-04-23 00:00:00+09:00,745.086125963306,753.8360082013575,710.0865970111001,743.739990234375,831700,0.0,0.0
2014-04-24 00:00:00+09:00,746.4323094467765,787.4894518058868,738.3554945564597,784.7971801757812,647400,0.0,0.0
2014-04-25 00:00:00+09:00,774.0281145337602,774.0281145337602,755.1822126146774,764.6051635742188,359900,0.0,0.0
2014-04-28 00:00:00+09:00,745.0861514359019,759.8936449603733,708.7404855121994,722.2018432617188,521000,0.0,0.0
2014-04-30 00:00:00+09:00,721.5288296568627,723.548033471201,671.0487342984069,686.529296875,1014300,0.0,0.0
2014-05-01 00:00:00+09:00,686.5292754921348,700.663701752267,681.1447321549416,699.3175659179688,409000,0.0,0.0
2014-05-02 00:00:00+09:00,700.6637968455225,715.4712930324596,683.1640286245969,691.2408447265625,476600,0.0,0.0
2014-05-07 00:00:00+09:00,676.4332775649042,681.1447531300329,660.2796470558916,679.1255493164062,659600,0.0,0.0
2014-05-08 00:00:00+09:00,685.1832275390625,695.2792475912098,683.164023528633,685.1832275390625,395900,0.0,0.0
2014-05-09 00:00:00+09:00,685.1830270208,691.9137050858373,678.4523489557627,681.8176879882812,283000,0.0,0.0
2014-05-12 00:00:00+09:00,693.2599697749463,710.7597360022751,654.2220297293668,665.6641845703125,450400,0.0,0.0
2014-05-13 00:00:00+09:00,679.7985367473906,683.1638760382192,654.2219581370927,660.95263671875,982000,0.0,0.0
2014-05-14 00:00:00+09:00,666.3372956460981,728.2595493829073,655.5682080396965,721.5288696289062,1216600,0.0,0.0
2014-05-15 00:00:00+09:00,707.3943699135419,714.7981168869471,687.8754006200188,702.0098266601562,853500,0.0,0.0
2014-05-16 00:00:00+09:00,680.4716417563834,691.9137959698933,679.798573861471,689.8945922851562,402800,0.0,0.0
2014-05-19 00:00:00+09:00,689.894565824107,695.2791087768804,656.2411723692725,658.2603759765625,429000,0.0,0.0
2014-05-20 00:00:00+09:00,652.8758599147324,667.0102857479378,634.703026700611,651.5297241210938,449300,0.0,0.0
2014-05-21 00:00:00+09:00,648.8374733996035,648.8374733996035,611.818737884066,631.3377075195312,537600,0.0,0.0
2014-05-22 00:00:00+09:00,651.5297079536705,658.9334546349621,631.3376715501475,655.568115234375,502600,0.0,0.0
2014-05-23 00:00:00+09:00,665.6642396968757,689.221619261477,655.5682198834752,674.4141235351562,482600,0.0,0.0
2014-05-26 00:00:00+09:00,693.2600146621021,723.5480735551065,691.9138787113019,721.5288696289062,517100,0.0,0.0
2014-05-27 00:00:00+09:00,724.8940497129662,750.4706271401647,700.6636079398309,730.95166015625,642700,0.0,0.0
2014-05-28 00:00:00+09:00,728.9325410446319,749.7976460976176,713.4519792311263,747.7784423828125,440600,0.0,0.0
2014-05-29 00:00:00+09:00,743.7401340133489,759.2206978887399,732.2979781054512,753.1630859375,349900,0.0,0.0
2014-05-30 00:00:00+09:00,761.9129248755814,765.2782646497668,728.9325950885642,741.7208862304688,342900,0.0,0.0
2014-06-02 00:00:00+09:00,752.48990288819,772.6819396383204,752.48990288819,766.6243286132812,399800,0.0,0.0
2014-06-03 00:00:00+09:00,786.143326934972,800.2777531897959,768.6435610956661,782.1049194335938,550300,0.0,0.0
2014-06-04 00:00:00+09:00,788.1625074326785,789.5086432267565,768.6435384185472,772.6819458007812,295900,0.0,0.0
2014-06-05 00:00:00+09:00,770.6628309654365,779.4127146357864,756.5284034979481,758.547607421875,278500,0.0,0.0
2014-06-06 00:00:00+09:00,765.9512339194408,779.4125912818212,755.1821480295365,773.35498046875,218800,0.0,0.0
2014-06-09 00:00:00+09:00,778.066489666469,784.1241007451872,772.0088785877508,780.085693359375,247700,0.0,0.0
2014-06-10 00:00:00+09:00,786.8164047309028,788.1625405815972,753.1630084635417,757.201416015625,235500,0.0,0.0
2014-06-11 00:00:00+09:00,757.874339216623,780.7586443084215,754.509000232535,778.7394409179688,300100,0.0,0.0
2014-06-12 00:00:00+09:00,763.2589402123896,782.7779078192319,762.5858723638777,771.3357543945312,226200,0.0,0.0
2014-06-13 00:00:00+09:00,764.6051593523164,790.854808308954,764.6051593523164,788.1625366210938,287700,0.0,0.0
2014-06-16 00:00:00+09:00,790.181695425664,805.6622567500168,776.7203377523136,784.1240844726562,273400,0.0,0.0
2014-06-17 00:00:00+09:00,784.1241171870765,788.8355925693164,772.0088947756024,776.0473022460938,174600,0.0,0.0
2014-06-18 00:00:00+09:00,771.3359095167536,782.1049972586978,771.3359095167536,778.0665893554688,135900,0.0,0.0
2014-06-19 00:00:00+09:00,784.1240906593545,794.2201089940243,774.0280723246847,790.1817016601562,214700,0.0,0.0
2014-06-20 00:00:00+09:00,784.7971412151637,898.5456119401746,783.4510054669388,870.9498291015625,1617700,0.0,0.0
2014-06-23 00:00:00+09:00,858.1616375897381,868.2576568554997,827.8735797924533,846.719482421875,614700,0.0,0.0
2014-06-24 00:00:00+09:00,840.6617167429663,849.4115985025007,819.7966140856148,847.3923950195312,221600,0.0,0.0
2014-06-25 00:00:00+09:00,845.373272541192,846.0463404333426,826.5273715609743,827.200439453125,220500,0.0,0.0
2014-06-26 00:00:00+09:00,837.969437199701,844.7001154101404,822.4888773156905,833.9310302734375,218600,0.0,0.0
2014-06-27 00:00:00+09:00,830.5658165675096,842.6810391754636,794.8932166663119,802.9700317382812,265700,0.0,0.0
2014-06-30 00:00:00+09:00,817.7774882199142,823.1620313522263,808.3545377383679,819.7966918945312,196500,0.0,0.0
2014-07-01 00:00:00+09:00,827.8736863180856,866.9116325021904,825.1814141674575,864.2193603515625,592600,0.0,0.0
2014-07-02 00:00:00+09:00,880.3727793391374,890.4687974508247,858.1615394934253,870.9498291015625,456600,0.0,0.0
2014-07-03 00:00:00+09:00,870.2767820829504,874.3151894244025,852.1039490464154,858.1615600585938,183100,0.0,0.0
2014-07-04 00:00:00+09:00,866.9114701704545,871.6229455518157,848.7386365566329,851.430908203125,139900,0.0,0.0
2014-07-07 00:00:00+09:00,842.6810009725895,848.0655441097945,825.8543036688237,827.200439453125,169900,0.0,0.0
2014-07-08 00:00:00+09:00,819.1237963826867,829.2198168804191,809.7008439181365,815.0853881835938,217700,0.0,0.0
2014-07-09 00:00:00+09:00,801.6238784465935,807.681489618734,784.1241128381876,792.200927734375,334600,0.0,0.0
2014-07-10 00:00:00+09:00,787.4894846518208,790.1817563942203,765.9513107126257,769.316650390625,346600,0.0,0.0
2014-07-11 00:00:00+09:00,751.1436745761304,797.5853533805684,747.1052677235705,790.8546752929688,302100,0.0,0.0
2014-07-14 00:00:00+09:00,790.8549251052324,794.220265212063,778.0666326992754,789.5087890625,111300,0.0,0.0
2014-07-15 00:00:00+09:00,801.6238005534129,805.6622076090977,794.2200542846576,796.2392578125,166700,0.0,0.0
2014-07-16 00:00:00+09:00,787.4894340183424,794.8931808338995,770.6627367102582,774.028076171875,137900,0.0,0.0
2014-07-17 00:00:00+09:00,769.316610424544,776.7203573315169,754.5091166105983,756.5283203125,229300,0.0,0.0
2014-07-18 00:00:00+09:00,741.7208972385952,756.528392464774,732.9710136958531,753.8361206054688,148300,0.0,0.0
2014-07-22 00:00:00+09:00,764.6051256793479,776.0472798488452,752.4899036175273,774.028076171875,162000,0.0,0.0
2014-07-23 00:00:00+09:00,775.3742343343451,780.7587776283336,772.0088947756024,776.0473022460938,115500,0.0,0.0
2014-07-24 00:00:00+09:00,776.0471731866156,776.7202409864306,760.5666137908722,769.9895629882812,134300,0.0,0.0
2014-07-25 00:00:00+09:00,778.739748457064,802.2971306489372,763.9322510793153,799.6048583984375,224300,0.0,0.0
2014-07-28 00:00:00+09:00,798.9315911425617,811.7198811440012,790.8547764048104,803.64306640625,145100,0.0,0.0
2014-07-29 00:00:00+09:00,804.3161010742188,809.0275761432728,795.5662188031185,804.3161010742188,108000,0.0,0.0
2014-07-30 00:00:00+09:00,794.2200002447736,796.912271432044,776.0471697306983,778.7394409179688,191300,0.0,0.0
2014-07-31 00:00:00+09:00,788.1625590779107,802.9700537830465,782.7780155487704,797.5855102539062,165200,0.0,0.0
2014-08-01 00:00:00+09:00,784.1242280786981,797.5855882173882,780.7588880440256,793.5471801757812,156500,0.0,0.0
2014-08-04 00:00:00+09:00,788.1625431714558,817.1044640564879,785.4702714612202,809.0276489257812,226700,0.0,0.0
2014-08-05 00:00:00+09:00,800.9506924243683,809.700573938248,787.4893362491689,790.8546752929688,190100,0.0,0.0
2014-08-06 00:00:00+09:00,776.0473966068693,790.8548924658035,767.2975126902263,775.3743286132812,203400,0.0,0.0
2014-08-07 00:00:00+09:00,778.7395273844401,779.412595255991,694.6060434405723,718.8364868164062,582100,0.0,0.0
2014-08-08 00:00:00+09:00,722.8749557650675,737.0093822744403,704.0290537525703,726.2402954101562,227200,0.0,0.0
2014-08-11 00:00:00+09:00,743.7399479834551,765.2781184227949,734.3169984162439,754.509033203125,193300,0.0,0.0
2014-08-12 00:00:00+09:00,761.9128594481571,781.4318284622883,759.89365575704,772.6819458007812,168500,0.0,0.0
2014-08-13 00:00:00+09:00,761.2397915511181,776.7203531830153,753.836044683689,772.6819458007812,157500,0.0,0.0
2014-08-14 00:00:00+09:00,770.6627421096642,775.3742173889373,762.5859273451961,772.6819458007812,95300,0.0,0.0
2014-08-15 00:00:00+09:00,772.6820399361776,784.1241955798318,768.6436320619467,779.4127197265625,105200,0.0,0.0
2014-08-18 00:00:00+09:00,779.4126092869836,795.5662384950041,778.0664735196486,784.1240844726562,121600,0.0,0.0
2014-08-19 00:00:00+09:00,796.912354537134,821.1427977494117,790.8547437340645,804.3161010742188,319100,0.0,0.0
2014-08-20 00:00:00+09:00,804.3162012216997,827.8735795001594,803.6431332708864,824.5082397460938,304400,0.0,0.0
2014-08-21 00:00:00+09:00,829.8927225649936,840.6618089891947,817.1044324362549,831.9119262695312,272900,0.0,0.0
2014-08-22 00:00:00+09:00,830.5657136336617,847.3924096148947,814.412085491678,835.9502563476562,300400,0.0,0.0
2014-08-25 00:00:00+09:00,835.9503948079696,835.9503948079696,807.0084729265342,817.1044921875,171300,0.0,0.0
2014-08-26 00:00:00+09:00,820.4699880626706,827.2006688507155,809.7008988017989,816.4315795898438,175100,0.0,0.0
2014-08-27 00:00:00+09:00,811.7198648071289,818.4505436197917,794.2200998942058,807.6814575195312,164500,0.0,0.0
2014-08-28 00:00:00+09:00,804.3161439242427,807.6814834385701,781.4318352268166,786.143310546875,125800,0.0,0.0
2014-08-29 00:00:00+09:00,790.8548091303272,805.6623034289377,784.1241299036861,802.9700317382812,129200,0.0,0.0
2014-09-01 00:00:00+09:00,802.970060086597,835.9503894614865,802.2969921401706,833.2581176757812,196700,0.0,0.0
2014-09-02 00:00:00+09:00,834.6041831487343,867.5845097409019,831.2388437005538,850.7578125,341500,0.0,0.0
2014-09-03 00:00:00+09:00,861.5268155463837,866.9113581435486,846.7193234041802,856.1422729492188,236600,0.0,0.0
2014-09-04 00:00:00+09:00,861.5270162072982,877.680647761185,856.1424723560025,866.9115600585938,314500,0.0,0.0
2014-09-05 00:00:00+09:00,873.6419552921972,874.3150230543637,848.7384480920343,868.9304809570312,225800,0.0,0.0
2014-09-08 00:00:00+09:00,872.2960200328308,872.2960200328308,855.4693221155308,864.8922729492188,137800,0.0,0.0
2014-09-09 00:00:00+09:00,863.5461306123394,877.6805567564229,850.0847723798789,851.430908203125,152100,0.0,0.0
2014-09-10 00:00:00+09:00,848.7387535983779,850.7579576116968,831.9120534873871,837.9696655273438,163900,0.0,0.0
2014-09-11 00:00:00+09:00,842.6809119470086,845.3731832311844,821.8158094946466,833.9310302734375,135400,0.0,0.0
2014-09-12 00:00:00+09:00,834.6041753789032,839.9887184458638,826.5273607784621,829.8927001953125,139600,0.0,0.0
2014-09-16 00:00:00+09:00,829.8926547905262,860.180707885071,828.5465190974353,856.8153686523438,201700,0.0,0.0
2014-09-17 00:00:00+09:00,856.8153237181824,857.48839152943,825.1811365895458,829.2195434570312,183900,0.0,0.0
2014-09-18 00:00:00+09:00,831.2387589892617,844.0270475890965,825.8542164209102,833.9310302734375,98700,0.0,0.0
2014-09-19 00:00:00+09:00,840.6617949123008,860.8538316195619,835.2772517903645,858.1615600585938,254000,0.0,0.0
2014-09-22 00:00:00+09:00,858.1615829763715,872.2960090489236,858.1615829763715,867.5845336914062,124400,0.0,0.0
2014-09-24 00:00:00+09:00,851.431013417938,860.1808973502963,832.5851095636278,855.4694213867188,261100,0.0,0.0
2014-09-25 00:00:00+09:00,856.8154300964458,856.8154300964458,798.9315911425617,803.64306640625,718600,0.0,0.0
2014-09-26 00:00:00+09:00,803.6430790823986,827.2004557724186,797.5854679335363,823.1620483398438,270900,0.0,0.0
2014-09-29 00:00:00+09:00,834.604085947012,834.604085947012,823.1619331558029,829.2195434570312,112900,0.0,0.0
2014-09-30 00:00:00+09:00,828.5465986869362,846.0463643781306,821.8159195749383,844.0271606445312,209500,0.0,0.0
2014-10-01 00:00:00+09:00,843.3541423688616,854.7962975326849,816.4314243363361,824.5082397460938,279300,0.0,0.0
2014-10-02 00:00:00+09:00,804.3161390596886,815.7582933391989,786.8163736910259,794.8931884765625,232400,0.0,0.0
2014-10-03 00:00:00+09:00,792.2009347069343,821.8159229202776,792.2009347069343,813.0660400390625,139900,0.0,0.0
2014-10-06 00:00:00+09:00,825.181262998135,831.238874227322,816.4313801115316,820.4697875976562,101000,0.0,0.0
2014-10-07 00:00:00+09:00,815.7582548133499,837.2964265575968,801.623829606188,804.3161010742188,217800,0.0,0.0
2014-10-08 00:00:00+09:00,784.1241514310555,802.296985841904,780.7588117253428,797.5855102539062,126100,0.0,0.0
2014-10-09 00:00:00+09:00,805.6621862454739,817.7774070912704,791.5277619253778,801.623779296875,175900,0.0,0.0
2014-10-10 00:00:00+09:00,788.835546347786,814.4121254955812,784.1240712416133,810.3737182617188,345700,0.0,0.0
2014-10-14 00:00:00+09:00,779.4127377262064,784.7972816828641,744.4132020079311,753.1630859375,494800,0.0,0.0
2014-10-15 00:00:00+09:00,750.4707367621528,761.2398235677084,747.7784650607639,757.201416015625,125900,0.0,0.0
2014-10-16 00:00:00+09:00,733.6439246387534,747.1052810541433,721.5287038649025,724.89404296875,219500,0.0,0.0
2014-10-17 00:00:00+09:00,717.490373428017,739.7016138812295,715.4711697504522,720.855712890625,306400,0.0,0.0
2014-10-20 00:00:00+09:00,757.2013781298871,776.7203469883465,738.3554771630988,766.6243286132812,323900,0.0,0.0
2014-10-21 00:00:00+09:00,747.7784191260255,759.2205731540565,726.913314721969,738.35546875,307000,0.0,0.0
2014-10-22 00:00:00+09:00,742.3939431381915,749.7976905312288,731.6248560210464,744.4131469726562,233500,0.0,0.0
2014-10-23 00:00:00+09:00,739.701632362463,755.1821942772369,732.970953269083,739.028564453125,251300,0.0,0.0
2014-10-24 00:00:00+09:00,745.7592938458478,755.8553131668656,724.2211192943431,726.9133911132812,226500,0.0,0.0
2014-10-27 00:00:00+09:00,740.3748082250953,740.3748082250953,695.2792517241122,706.04833984375,255300,0.0,0.0
2014-10-28 00:00:00+09:00,706.0482514321072,717.4904061264311,697.971436353761,712.7789306640625,150300,0.0,0.0
2014-10-29 00:00:00+09:00,712.7788803896068,716.8172876439388,704.0289980052207,710.0866088867188,191700,0.0,0.0
2014-10-30 00:00:00+09:00,712.7788353488869,751.816769673944,708.7404283497431,737.00927734375,480300,0.0,0.0
2014-10-31 00:00:00+09:00,739.0285993745055,826.5274317230353,728.9325802573675,797.5855102539062,956100,0.0,0.0
2014-11-04 00:00:00+09:00,908.64173412323,915.3724136352539,834.6042594909668,861.5269775390625,1636800,0.0,0.0
2014-11-05 00:00:00+09:00,857.4884092478543,895.8532752817065,844.0270527447482,887.1033935546875,991400,0.0,0.0
2014-11-06 00:00:00+09:00,892.4880000981891,907.2954933124879,855.4692670624422,863.5460815429688,627100,0.0,0.0
2014-11-07 00:00:00+09:00,879.0266075883433,883.0650146676159,850.0846901868894,856.8153686523438,281100,0.0,0.0
2014-11-10 00:00:00+09:00,848.0655417049632,864.2191710707721,837.9695233513327,858.1615600585938,195000,0.0,0.0
2014-11-11 00:00:00+09:00,874.3150861186366,885.0841710900747,851.4307805543305,876.3342895507812,248700,0.0,0.0
2014-11-12 00:00:00+09:00,887.1035182710327,955.7564460886696,885.0843145116904,931.5260009765625,1074100,0.0,0.0
2014-11-13 00:00:00+09:00,916.0453278533636,923.4490740740741,885.7572751322751,890.46875,488600,0.0,0.0
2014-11-14 00:00:00+09:00,901.9108857081042,903.9300891835701,856.8153414226989,887.1033935546875,541200,0.0,0.0
2014-11-17 00:00:00+09:00,895.1804867536663,898.5458269294319,837.96970376565,843.354248046875,674900,0.0,0.0
2014-11-18 00:00:00+09:00,852.1039718024207,891.1419104789928,848.0655643531201,867.5845336914062,652000,0.0,0.0
2014-11-19 00:00:00+09:00,878.3537654335098,916.0455745249094,873.6422892970849,877.0076293945312,563200,0.0,0.0
2014-11-20 00:00:00+09:00,881.7189242486321,891.1418745841137,853.4500732421874,853.4500732421875,275900,0.0,0.0
2014-11-21 00:00:00+09:00,848.0656185150146,862.8731134414674,837.9695992469788,861.5269775390625,179400,0.0,0.0
2014-11-25 00:00:00+09:00,874.9881869008341,881.7188652616097,840.6617272608784,844.7001342773438,232200,0.0,0.0
2014-11-26 00:00:00+09:00,844.7003176281306,848.7387255211735,834.6042978955235,837.2965698242188,139600,0.0,0.0
2014-11-27 00:00:00+09:00,837.296371648341,842.0078464084202,817.7774047851562,817.7774047851562,265900,0.0,0.0
2014-11-28 00:00:00+09:00,827.8734162059455,844.0270438392323,827.8734162059455,842.680908203125,184800,0.0,0.0
2014-12-01 00:00:00+09:00,843.3540805952449,848.7386238073454,828.5465867619685,831.9119262695312,150000,0.0,0.0
2014-12-02 00:00:00+09:00,822.4888496937994,822.4888496937994,803.6429513374766,809.7005615234375,413200,0.0,0.0
2014-12-03 00:00:00+09:00,817.7774475453991,822.4889225518335,805.6622261002822,807.0083618164062,217400,0.0,0.0
2014-12-04 00:00:00+09:00,809.0275761432728,815.7582548133499,800.9507617391803,804.3161010742188,158100,0.0,0.0
2014-12-05 00:00:00+09:00,800.950724932302,846.7193377855764,794.2200465715264,844.7001342773438,434700,0.0,0.0
2014-12-08 00:00:00+09:00,844.7001797495491,846.0463154941699,806.3353110278564,810.3737182617188,381600,0.0,0.0
2014-12-09 00:00:00+09:00,807.6814001218777,807.6814001218777,767.2973301157838,767.9703979492188,484000,0.0,0.0
2014-12-10 00:00:00+09:00,740.3747107733869,756.5283408266245,718.8365373690702,728.9325561523438,1089300,0.0,0.0
2014-12-11 00:00:00+09:00,720.8559191928982,727.5866000443725,708.067625575097,715.4713745117188,717000,0.0,0.0
2014-12-12 00:00:00+09:00,740.3746312978316,741.7207669911004,718.1633923588967,725.567138671875,737400,0.0,0.0
2014-12-15 00:00:00+09:00,721.5287129605108,730.9516625700697,712.1057633509519,714.7980346679688,367400,0.0,0.0
2014-12-16 00:00:00+09:00,706.7212178156926,709.4134891216572,695.2790647653433,699.9905395507812,361300,0.0,0.0
2014-12-17 00:00:00+09:00,695.2790900502753,707.394311367705,682.4908008818771,685.8561401367188,540100,0.0,0.0
2014-12-18 00:00:00+09:00,706.0483012079036,712.778980914366,689.8946699123939,693.260009765625,446200,0.0,0.0
2014-12-19 00:00:00+09:00,701.3366671500695,743.0668719133174,698.6443958750212,741.0476684570312,684000,0.0,0.0
2014-12-22 00:00:00+09:00,758.547579333418,773.355074227238,718.1635023502723,735.6632690429688,670300,0.0,0.0
2014-12-24 00:00:00+09:00,755.8552440706771,756.5283119638834,725.5671888763935,728.2594604492188,284600,0.0,0.0
2014-12-25 00:00:00+09:00,720.1827170632102,732.297940340909,715.4712413441051,718.1635131835938,258200,0.0,0.0
2014-12-26 00:00:00+09:00,720.1826635279883,753.1629911101112,718.8365277083099,746.4323120117188,283000,0.0,0.0
2014-12-29 00:00:00+09:00,751.8168024431195,773.3549740439967,747.778395267955,767.29736328125,519100,0.0,0.0
2014-12-30 00:00:00+09:00,759.2205802896989,769.3165986446152,748.451494044455,751.8168334960938,236500,0.0,0.0
2015-01-05 00:00:00+09:00,743.067033115053,764.6052079879532,730.9518097490468,761.2398681640625,229000,0.0,0.0
2015-01-06 00:00:00+09:00,736.3362095105593,760.5666515054223,731.6247346782249,737.00927734375,243400,0.0,0.0
2015-01-07 00:00:00+09:00,726.2403990100286,753.8361880363595,723.5481269098987,745.0863037109375,195600,0.0,0.0
2015-01-08 00:00:00+09:00,753.8360818538513,761.912897016571,747.1054025515847,755.8552856445312,156500,0.0,0.0
2015-01-09 00:00:00+09:00,760.5666439349835,763.9319830674392,689.8945221534142,699.9905395507812,1331900,0.0,0.0
2015-01-13 00:00:00+09:00,673.0677530534477,673.0677530534477,618.5492650561185,632.0106201171875,1908200,0.0,0.0
2015-01-14 00:00:00+09:00,652.2028034855769,667.0102974759615,636.7222415865384,656.2412109375,788500,0.0,0.0
2015-01-15 00:00:00+09:00,661.6257725954056,691.9138293266296,661.6257725954056,689.2215576171875,613300,0.0,0.0
2015-01-16 00:00:00+09:00,673.0679152598932,675.0871190056729,647.4913344800173,669.7025756835938,703400,0.0,0.0
2015-01-19 00:00:00+09:00,662.9719461970304,665.6642180597595,638.0684314667866,642.7799072265625,447500,0.0,0.0
2015-01-20 00:00:00+09:00,642.7798255121438,656.2411831144924,629.9915357899127,655.568115234375,582000,0.0,0.0
2015-01-21 00:00:00+09:00,659.6065949387691,662.9719347088649,634.7030806400605,638.0684204101562,708300,0.0,0.0
2015-01-22 00:00:00+09:00,639.4143955940705,645.4720056575932,625.9530398973532,640.0874633789062,415000,0.0,0.0
2015-01-23 00:00:00+09:00,645.472167904367,650.1836435825011,632.6838767780031,638.0684204101562,206600,0.0,0.0
2015-01-26 00:00:00+09:00,629.3184814453125,632.6838209182821,624.6070061831551,629.3184814453125,288400,0.0,0.0
2015-01-27 00:00:00+09:00,632.6839153955852,642.1068673270089,629.9916434151785,636.0492553710938,254300,0.0,0.0
2015-01-28 00:00:00+09:00,627.9723094940186,652.8758201599121,627.2992416381836,646.1451416015625,436000,0.0,0.0
2015-01-29 00:00:00+09:00,636.7222331082226,638.0683689076058,618.5493998165502,620.568603515625,988900,0.0,0.0
2015-01-30 00:00:00+09:00,621.9148226351351,625.9532305743243,613.8380067567567,622.587890625,310100,0.0,0.0
2015-02-02 00:00:00+09:00,614.5109917549611,617.8763312497856,608.4533806642769,613.1648559570312,335500,0.0,0.0
2015-02-03 00:00:00+09:00,615.856984740529,615.856984740529,592.2996137395252,602.3956298828125,666500,0.0,0.0
2015-02-04 00:00:00+09:00,609.1264718689158,637.3953247070312,607.7803360194818,637.3953247070312,633600,0.0,0.0
2015-02-05 00:00:00+09:00,652.8758702473276,671.7217716565287,638.0683762829552,641.4337158203125,1527600,0.0,0.0
2015-02-06 00:00:00+09:00,639.4144472868546,639.4144472868546,609.1263945206352,619.222412109375,1361900,0.0,0.0
2015-02-09 00:00:00+09:00,625.9531350057633,631.337678102587,612.4917772637039,615.8571166992188,755800,0.0,0.0
2015-02-10 00:00:00+09:00,616.5301954518558,621.914738643575,607.1072448663471,613.1648559570312,646700,0.0,0.0
2015-02-12 00:00:00+09:00,617.8763545109675,636.0491884671725,615.8571507380559,629.9915771484375,659500,0.0,0.0
2015-02-13 00:00:00+09:00,634.030023672693,646.1452470549738,632.6838877413285,642.7799072265625,509200,0.0,0.0
2015-02-16 00:00:00+09:00,650.1835997596154,666.3372295673076,646.1451923076922,656.2412109375,585300,0.0,0.0
2015-02-17 00:00:00+09:00,659.6065326328695,659.6065326328695,643.4529032622686,645.4721069335938,399200,0.0,0.0
2015-02-18 00:00:00+09:00,654.2219731622409,658.9334482776069,646.1451586787565,649.510498046875,371100,0.0,0.0
2015-02-19 00:00:00+09:00,648.8374698297764,664.3180318692836,645.4721302559706,662.298828125,395300,0.0,0.0
2015-02-20 00:00:00+09:00,664.9910438677445,669.7025188749045,656.9142295697557,660.95263671875,373700,0.0,0.0
2015-02-23 00:00:00+09:00,667.0101997680664,697.2982512207032,662.9717929077149,673.0678100585938,860400,0.0,0.0
2015-02-24 00:00:00+09:00,680.4716856666956,702.0098596937326,676.4332780366262,693.9330444335938,714900,0.0,0.0
2015-02-25 00:00:00+09:00,693.933066628196,706.0482899058949,683.1639792702415,703.3560180664062,670900,0.0,0.0
2015-02-26 00:00:00+09:00,706.0481888744388,710.0865960557987,690.5676280125588,697.9713745117188,388700,0.0,0.0
2015-02-27 00:00:00+09:00,695.2790954649859,695.9521633211959,677.7793312035244,684.510009765625,592700,0.0,0.0
2015-03-02 00:00:00+09:00,688.5485675564449,691.9139075738274,677.7794795008211,685.1832275390625,410200,0.0,0.0
2015-03-03 00:00:00+09:00,687.8754093956109,699.317563955029,666.3372361072943,669.7025756835938,855600,0.0,0.0
2015-03-04 00:00:00+09:00,666.3373344466531,683.8371028260602,661.6258583445051,682.490966796875,435400,0.0,0.0
2015-03-05 00:00:00+09:00,685.856145478045,691.9137561839356,679.7985347721545,684.510009765625,323300,0.0,0.0
2015-03-06 00:00:00+09:00,685.8563006585854,691.2408447265625,683.1640286245969,691.2408447265625,255300,0.0,0.0
2015-03-09 00:00:00+09:00,693.2600435807803,693.2600435807803,683.8370915321095,685.1832275390625,280200,0.0,0.0
2015-03-10 00:00:00+09:00,688.5484211834304,689.894556904219,671.048656813177,675.7601318359375,358200,0.0,0.0
2015-03-11 00:00:00+09:00,664.9910575949709,683.8369580126422,664.3179897229113,680.4716186523438,343500,0.0,0.0
2015-03-12 00:00:00+09:00,678.4524868886544,684.5100983787318,676.4332830586287,677.7794189453125,260400,0.0,0.0
2015-03-13 00:00:00+09:00,681.1446831597223,704.7020585654438,680.4716152909874,696.625244140625,983400,0.0,0.0
2015-03-16 00:00:00+09:00,706.7212912526797,769.3166056207742,706.0482233562486,765.2781982421875,1788600,0.0,0.0
2015-03-17 00:00:00+09:00,775.3743118523315,790.8548753702166,747.7785247117538,779.4127197265625,1344800,0.0,0.0
2015-03-18 00:00:00+09:00,773.3549751129283,789.5086038359137,751.816803482281,774.7011108398438,897700,0.0,0.0
2015-03-19 00:00:00+09:00,767.2974411077374,783.4510714468477,760.5667617997749,770.6627807617188,372600,0.0,0.0
2015-03-20 00:00:00+09:00,757.2013295757832,778.0664328796493,757.2013295757832,771.3357543945312,490900,0.0,0.0
2015-03-23 00:00:00+09:00,779.4126583189162,795.5662885431425,768.6435715027653,772.0089111328125,542200,0.0,0.0
2015-03-24 00:00:00+09:00,768.6435707465279,775.3742500000001,752.4899405381944,757.201416015625,527000,0.0,0.0
2015-03-25 00:00:00+09:00,753.8360982001582,761.912913538017,744.4131469726562,744.4131469726562,487700,0.0,0.0
2015-03-26 00:00:00+09:00,744.4132356859051,751.8169839612622,734.9902833354506,745.0863037109375,341700,0.0,0.0
2015-03-27 00:00:00+09:00,748.8440173171083,762.5090541294643,736.5454841859879,741.3282470703125,382100,16.5,0.0
2015-03-30 00:00:00+09:00,737.9119287778253,754.9932234254602,725.6133966315282,748.1607055664062,247300,0.0,0.0
2015-03-31 00:00:00+09:00,761.8259646534705,770.7082404745423,755.6766967773438,755.6766967773438,244400,0.0,0.0
2015-04-01 00:00:00+09:00,751.5770263671875,759.0927966308594,742.0115005770597,751.5770263671875,230800,0.0,0.0
2015-04-02 00:00:00+09:00,752.2603524763954,778.907176951036,752.2603524763954,766.608642578125,428000,0.0,0.0
2015-04-03 00:00:00+09:00,776.1741472081901,799.404711473224,775.490895318042,794.6219482421875,658300,0.0,0.0
2015-04-06 00:00:00+09:00,793.255517578125,815.80283203125,788.47275390625,795.988525390625,605700,0.0,0.0
2015-04-07 00:00:00+09:00,802.8210816680621,809.6536015120457,788.4727899956968,800.0880737304688,367600,0.0,0.0
2015-04-08 00:00:00+09:00,804.1875488281249,808.9703125,793.9387695312499,795.988525390625,604900,0.0,0.0
2015-04-09 00:00:00+09:00,793.9385768715514,809.6533679800244,793.2553250842265,804.87060546875,435100,0.0,0.0
2015-04-10 00:00:00+09:00,806.237353807012,812.3866217597773,800.0880858542466,801.45458984375,380000,0.0,0.0
2015-04-13 00:00:00+09:00,806.9204370015884,824.6849851489562,789.1558888542207,823.3184814453125,609300,0.0,0.0
2015-04-14 00:00:00+09:00,824.6850950715927,832.8841183863061,813.7530639853081,815.1195678710938,381500,0.0,0.0
2015-04-15 00:00:00+09:00,815.1194582121143,827.4179915296482,808.2869397023732,816.4859619140625,310800,0.0,0.0
2015-04-16 00:00:00+09:00,819.9020460175304,845.8656108080856,819.9020460175304,840.3995971679688,602100,0.0,0.0
2015-04-17 00:00:00+09:00,843.8160051967354,865.6800636309829,836.9834869360332,853.3815307617188,830800,0.0,0.0
2015-04-20 00:00:00+09:00,834.9339118104105,840.3999275996766,811.7033447060292,812.3865966796875,597100,0.0,0.0
2015-04-21 00:00:00+09:00,822.6351354262408,837.6666744456572,811.7031070484835,836.3001708984375,371100,0.0,0.0
2015-04-22 00:00:00+09:00,830.1510253101834,838.3500477823827,815.1194841111512,829.4677734375,397400,0.0,0.0
2015-04-23 00:00:00+09:00,832.2008044413215,837.666819577225,814.4362552496348,818.5357666015625,240400,0.0,0.0
2015-04-24 00:00:00+09:00,814.4362664691473,823.3185411873511,799.4047246383409,806.2372436523438,298300,0.0,0.0
2015-04-27 00:00:00+09:00,808.2870848377378,813.753100627004,800.0880611538386,812.3865966796875,151100,0.0,0.0
2015-04-28 00:00:00+09:00,816.485997886722,823.3185166974896,807.6037234327242,810.3367309570312,206500,0.0,0.0
2015-04-30 00:00:00+09:00,799.4048472528872,800.0880992590862,772.7580190111244,785.7398071289062,419000,0.0,0.0
2015-05-01 00:00:00+09:00,772.7578735351562,779.5903923108871,761.825843493987,772.7578735351562,363100,0.0,0.0
2015-05-07 00:00:00+09:00,761.1425014398037,767.291767609425,741.3281993376903,746.1109619140625,493900,0.0,0.0
2015-05-08 00:00:00+09:00,752.9435829431562,802.1377190338162,752.9435829431562,794.6219482421875,632600,0.0,0.0
2015-05-11 00:00:00+09:00,760.4592623806523,783.006572046925,727.6631755933465,747.4774780273438,1363400,0.0,0.0
2015-05-12 00:00:00+09:00,758.4096427832394,758.4096427832394,731.0795655658254,735.1790771484375,485700,0.0,0.0
2015-05-13 00:00:00+09:00,731.0794540434118,735.8622168268734,720.1474248240711,722.8804321289062,405200,0.0,0.0
2015-05-14 00:00:00+09:00,720.1474733063669,732.4460070060961,712.6317027120879,721.5139770507812,458500,0.0,0.0
2015-05-15 00:00:00+09:00,727.663293763912,743.3780879015363,727.663293763912,733.8125610351562,235800,0.0,0.0
2015-05-18 00:00:00+09:00,744.0613036436193,748.1608149584602,735.1790291281308,743.3780517578125,293600,0.0,0.0
2015-05-19 00:00:00+09:00,746.1109967912947,748.160752276985,731.7627083914621,736.5454711914062,285500,0.0,0.0
2015-05-20 00:00:00+09:00,738.5952550056478,765.2420773416518,733.1292401674932,763.1923217773438,534900,0.0,0.0
2015-05-21 00:00:00+09:00,763.1922956589451,768.6583103100387,746.7942517056642,753.6267700195312,551400,0.0,0.0
2015-05-22 00:00:00+09:00,753.6269408186349,757.7264527360527,748.8441769149808,755.6766967773438,168300,0.0,0.0
2015-05-25 00:00:00+09:00,761.8260015058647,765.2422616023035,754.993481312987,756.3599853515625,235900,0.0,0.0
2015-05-26 00:00:00+09:00,759.0928329062177,759.0928329062177,740.6450322865346,745.4277954101562,244000,0.0,0.0
2015-05-27 00:00:00+09:00,740.6450803967069,743.3780880734475,732.4460573664851,737.2288208007812,237500,0.0,0.0
2015-05-28 00:00:00+09:00,741.328369140625,741.328369140625,726.980078125,727.663330078125,311000,0.0,0.0
2015-05-29 00:00:00+09:00,724.9302372172,733.129259692795,711.2651997578748,728.3464965820312,597700,0.0,0.0
2015-06-01 00:00:00+09:00,720.8307113867752,720.8307113867752,705.1159186266843,709.898681640625,704700,0.0,0.0
2015-06-02 00:00:00+09:00,709.8986936002165,717.4144641773121,705.115930505701,707.8489379882812,317700,0.0,0.0
2015-06-03 00:00:00+09:00,709.898705629273,709.898705629273,701.0164311603793,705.7991943359375,337400,0.0,0.0
2015-06-04 00:00:00+09:00,715.3645841818661,715.3645841818661,701.6995491449632,704.4325561523438,350400,0.0,0.0
2015-06-05 00:00:00+09:00,702.382910251154,709.8986806915847,697.6001472436074,703.066162109375,299600,0.0,0.0
2015-06-08 00:00:00+09:00,711.2652473736526,732.4460568535596,711.2652473736526,726.9800415039062,572100,0.0,0.0
2015-06-09 00:00:00+09:00,724.9302720653919,725.6135239712028,705.115966796875,705.115966796875,291500,0.0,0.0
2015-06-10 00:00:00+09:00,705.1158808251763,717.4144136302666,702.3828735351562,702.3828735351562,232300,0.0,0.0
2015-06-11 00:00:00+09:00,707.8489012492452,711.9484122603412,702.3828865677838,707.1656494140625,149300,0.0,0.0
2015-06-12 00:00:00+09:00,710.5818979976741,720.1474235476428,707.8488906976831,716.0479125976562,201100,0.0,0.0
2015-06-15 00:00:00+09:00,717.4145149785047,733.8125610351562,713.3150034643418,733.8125610351562,247700,0.0,0.0
2015-06-16 00:00:00+09:00,735.1790523225164,747.4775866550492,728.3465332488871,729.02978515625,367300,0.0,0.0
2015-06-17 00:00:00+09:00,731.7627534608583,734.4957609434385,704.4326786350559,707.8489379882812,272800,0.0,0.0
2015-06-18 00:00:00+09:00,709.2153680384505,715.3646342353156,700.3330946429785,706.4823608398438,384400,0.0,0.0
2015-06-19 00:00:00+09:00,710.5819334997594,716.7312002319688,705.7991704858186,709.898681640625,254800,0.0,0.0
2015-06-22 00:00:00+09:00,716.0478641183036,719.4641230119977,713.998108782087,717.4143676757812,134000,0.0,0.0
2015-06-23 00:00:00+09:00,721.5139035074716,731.0794287433661,716.7311408895243,720.1473999023438,256500,0.0,0.0
2015-06-24 00:00:00+09:00,723.563708806442,730.3962273031979,721.5139532574152,725.6134643554688,211700,0.0,0.0
2015-06-25 00:00:00+09:00,727.6631830414998,731.0794421168121,716.7311540005007,724.93017578125,267500,0.0,0.0
2015-06-26 00:00:00+09:00,718.0976414339224,722.8804040314842,705.1158572405403,706.4823608398438,364900,0.0,0.0
2015-06-29 00:00:00+09:00,675.0527960862759,690.0843360800998,670.9532851788694,678.4690551757812,693200,0.0,0.0
2015-06-30 00:00:00+09:00,680.5189575687532,681.2022095341837,669.5869261218655,677.7859497070312,565700,0.0,0.0
2015-07-01 00:00:00+09:00,680.5189930854003,699.6500491159136,677.7859850810413,695.550537109375,271600,0.0,0.0
2015-07-02 00:00:00+09:00,696.2335911159154,698.2833465362762,682.5685549801761,683.93505859375,466300,0.0,0.0
2015-07-03 00:00:00+09:00,688.0347046621459,701.6997434836385,686.6682007799967,692.1342163085938,254800,0.0,0.0
2015-07-06 00:00:00+09:00,683.2519036537487,684.6184074610562,671.636621291635,674.36962890625,353500,0.0,0.0
2015-07-07 00:00:00+09:00,680.5187973424823,685.9848117789682,673.686279296875,673.686279296875,323300,0.0,0.0
2015-07-08 00:00:00+09:00,673.0031354130267,673.6863873271516,638.8405397067817,641.5735473632812,604700,0.0,0.0
2015-07-09 00:00:00+09:00,610.8271039037052,630.6414059319014,560.9497229361767,629.27490234375,663600,0.0,0.0
2015-07-10 00:00:00+09:00,629.9582883860046,634.0578000240914,616.2932495923819,620.3927612304688,297800,0.0,0.0
2015-07-13 00:00:00+09:00,628.5918089248592,647.0396120128713,625.1755490937459,636.7908325195312,205400,0.0,0.0
2015-07-14 00:00:00+09:00,653.1888306809665,658.6548460004725,648.4060672763987,655.2385864257812,210700,0.0,0.0
2015-07-15 00:00:00+09:00,659.3379390474915,661.3876942984165,647.7226592922508,657.971435546875,200400,0.0,0.0
2015-07-16 00:00:00+09:00,663.4375022284642,678.4690419288002,659.3379914010998,673.686279296875,349500,0.0,0.0
2015-07-17 00:00:00+09:00,677.1026253619598,692.8174188870103,677.1026253619598,686.6681518554688,320900,0.0,0.0
2015-07-21 00:00:00+09:00,700.3331034402819,700.3331034402819,687.3513190838279,690.767578125,192900,0.0,0.0
2015-07-22 00:00:00+09:00,690.0845218251495,690.0845218251495,680.5189937998505,685.3017578125,165000,0.0,0.0
2015-07-23 00:00:00+09:00,683.251806786963,684.618310400537,675.0527851055195,683.93505859375,201400,0.0,0.0
2015-07-24 00:00:00+09:00,682.5685921813904,702.3828956581275,677.7858292732125,688.0346069335938,311000,0.0,0.0
2015-07-27 00:00:00+09:00,689.401220703125,689.401220703125,672.319921875,676.41943359375,196900,0.0,0.0
2015-07-28 00:00:00+09:00,664.1207779782678,677.7858145621828,653.8720005403316,673.0030517578125,277200,0.0,0.0
2015-07-29 00:00:00+09:00,669.5868527143429,670.2701046048677,659.3380743564703,666.1705932617188,176900,0.0,0.0
2015-07-30 00:00:00+09:00,670.9533210036969,677.7858395475228,670.2700691493143,675.736083984375,149200,0.0,0.0
2015-07-31 00:00:00+09:00,673.0031258284213,684.618408203125,670.9533701152383,684.618408203125,182700,0.0,0.0
2015-08-03 00:00:00+09:00,683.9351436749175,683.9351436749175,671.6366096228211,679.8356323242188,137800,0.0,0.0
2015-08-04 00:00:00+09:00,682.568701171875,700.333251953125,677.102685546875,696.9169921875,340500,0.0,0.0
2015-08-05 00:00:00+09:00,688.0346111308538,722.1972035405287,688.0346111308538,715.3646850585938,668400,0.0,0.0
2015-08-06 00:00:00+09:00,720.1474585648992,728.3464808635508,699.6499028182702,703.066162109375,336200,0.0,0.0
2015-08-07 00:00:00+09:00,702.3829832310541,702.3829832310541,690.0844485052185,697.6002197265625,185500,0.0,0.0
2015-08-10 00:00:00+09:00,693.5006707794038,694.1839226717973,683.9351442858948,686.6681518554688,181400,0.0,0.0
2015-08-11 00:00:00+09:00,693.5006841642831,711.9484856149586,692.1341803531219,701.69970703125,236500,0.0,0.0
2015-08-12 00:00:00+09:00,698.9666994089276,713.3149894261197,696.2336917866054,701.69970703125,205900,0.0,0.0
2015-08-13 00:00:00+09:00,697.600244140625,701.01650390625,687.35146484375,696.9169921875,151300,0.0,0.0
2015-08-14 00:00:00+09:00,695.5504276629192,712.6317250023819,691.4509163014482,700.3331909179688,201500,0.0,0.0
2015-08-17 00:00:00+09:00,707.8488226996527,708.5320744590153,683.2517593625992,688.7177734375,271400,0.0,0.0
2015-08-18 00:00:00+09:00,692.81748046875,702.3830078125,690.08447265625,696.9169921875,179900,0.0,0.0
2015-08-19 00:00:00+09:00,691.4508566254551,722.8804410175212,691.4508566254551,703.7493896484375,433700,0.0,0.0
2015-08-20 00:00:00+09:00,701.016392523121,705.1159035905077,690.0843630100899,691.4508666992188,206400,0.0,0.0
2015-08-21 00:00:00+09:00,677.1025856734552,677.7858375257997,656.6050301031186,662.071044921875,411700,0.0,0.0
2015-08-24 00:00:00+09:00,629.274972433952,640.8902542269783,596.4788826654074,603.3114013671875,511400,0.0,0.0
2015-08-25 00:00:00+09:00,562.3163453613868,606.0444694235116,544.5517949611485,569.1488647460938,726700,0.0,0.0
2015-08-26 00:00:00+09:00,584.1803019895392,618.3428927491614,573.9315247616526,604.6778564453125,435200,0.0,0.0
2015-08-27 00:00:00+09:00,628.5916615681476,641.573445883142,621.7591435076242,623.8088989257812,320200,0.0,0.0
2015-08-28 00:00:00+09:00,645.6730211192164,645.6730211192164,628.5917242642107,634.0577392578125,450200,0.0,0.0
2015-08-31 00:00:00+09:00,627.9084957189727,631.3247552168997,616.2932134260211,623.125732421875,275600,0.0,0.0
2015-09-01 00:00:00+09:00,619.7095088019267,619.7095088019267,595.1124389928094,596.4789428710938,237900,0.0,0.0
2015-09-02 00:00:00+09:00,587.5966796875,600.578466796875,575.2981445312499,580.76416015625,356700,0.0,0.0
2015-09-03 00:00:00+09:00,599.2118758534998,602.628135122904,586.2300906297637,588.2798461914062,305800,0.0,0.0
2015-09-04 00:00:00+09:00,590.3297127922662,593.0627207218599,563.6828854787263,569.8321533203125,360600,0.0,0.0
2015-09-07 00:00:00+09:00,558.2168212591433,569.832103953642,547.2847904878504,557.5335693359375,525200,0.0,0.0
2015-09-08 00:00:00+09:00,562.9995480421113,585.5468600389435,559.5832886486519,560.2665405273438,258000,0.0,0.0
2015-09-09 00:00:00+09:00,586.2301285495349,606.04443359375,577.347853874542,606.04443359375,282400,0.0,0.0
2015-09-10 00:00:00+09:00,586.2299870671452,611.5103011947494,578.0309662690033,606.7275390625,278600,0.0,0.0
2015-09-11 00:00:00+09:00,601.2616950365618,628.5917720836783,598.5286873318502,619.0262451171875,269200,0.0,0.0
2015-09-14 00:00:00+09:00,619.0263065610613,623.1258185250418,601.9450067111424,612.1937866210938,187200,0.0,0.0
2015-09-15 00:00:00+09:00,611.5103865642938,619.7094085070552,601.9448609644053,602.6281127929688,135900,0.0,0.0
2015-09-16 00:00:00+09:00,607.410923960017,609.4606796089261,589.6463750028063,594.4291381835938,149500,0.0,0.0
2015-09-17 00:00:00+09:00,601.9449227459588,614.2434569223802,601.2616708472688,612.876953125,185000,0.0,0.0
2015-09-18 00:00:00+09:00,610.1439573547569,616.2932245621397,598.5286748519228,607.4109497070312,269000,0.0,0.0
2015-09-24 00:00:00+09:00,599.2119013643813,604.6779164281385,593.7458863006241,594.4291381835938,188800,0.0,0.0
2015-09-25 00:00:00+09:00,594.4290698485518,620.3926384166493,591.6960626308572,616.9763793945312,273100,0.0,0.0
2015-09-28 00:00:00+09:00,617.659765625,638.840576171875,606.727734375,625.175537109375,202500,0.0,0.0
2015-09-29 00:00:00+09:00,621.7592152856581,621.7592152856581,601.2616587377793,611.5104370117188,413100,0.0,0.0
2015-09-30 00:00:00+09:00,608.0941538752514,627.2252059072819,608.0941538752514,615.6099243164062,254900,0.0,0.0
2015-10-01 00:00:00+09:00,615.609868758764,644.9896960136218,615.609868758764,639.523681640625,257900,0.0,0.0
2015-10-02 00:00:00+09:00,629.9581915105431,638.1572135258647,626.5419323374924,633.3744506835938,193700,0.0,0.0
2015-10-05 00:00:00+09:00,638.8405023772142,643.6232654966158,634.0577392578125,634.0577392578125,145100,0.0,0.0
2015-10-06 00:00:00+09:00,640.8902579998148,651.8222879870185,634.0577392578125,634.0577392578125,204100,0.0,0.0
2015-10-07 00:00:00+09:00,632.007936518243,644.9897211602394,631.3246846949801,642.2567138671875,199300,0.0,0.0
2015-10-08 00:00:00+09:00,644.3065315286526,657.9715693129294,642.2567758610111,652.5055541992188,211400,0.0,0.0
2015-10-09 00:00:00+09:00,655.2385630133213,671.6366083859174,652.5055554512219,666.1705932617188,200100,0.0,0.0
2015-10-13 00:00:00+09:00,670.9534675030669,671.6367195066341,657.9716794352886,661.387939453125,217600,0.0,0.0
2015-10-14 00:00:00+09:00,654.5552966865224,654.5552966865224,640.2070073019536,644.3065185546875,149300,0.0,0.0
2015-10-15 00:00:00+09:00,634.0577170047418,660.7045391633462,632.6912133043005,648.406005859375,232900,0.0,0.0
2015-10-16 00:00:00+09:00,649.0891990819907,662.7542348521379,646.3561919279613,658.6547241210938,273700,0.0,0.0
2015-10-19 00:00:00+09:00,666.8538292194236,666.8538292194236,632.6912355094121,634.0577392578125,377400,0.0,0.0
2015-10-20 00:00:00+09:00,632.0080440665672,637.4740595828187,610.8272339410931,613.5602416992188,425400,0.0,0.0
2015-10-21 00:00:00+09:00,615.610009765625,625.175537109375,611.510498046875,625.175537109375,259500,0.0,0.0
2015-10-22 00:00:00+09:00,622.4423576447508,627.2251199976743,613.5600847036073,619.7093505859375,293100,0.0,0.0
2015-10-23 00:00:00+09:00,627.225207332961,637.4739852305584,623.8089480337618,625.8587036132812,395500,0.0,0.0
2015-10-26 00:00:00+09:00,632.0080323839034,640.8903074336231,625.8587650417898,636.1075439453125,414500,0.0,0.0
2015-10-27 00:00:00+09:00,635.4241739057597,659.3379869022131,634.740922105861,653.188720703125,701900,0.0,0.0
2015-10-28 00:00:00+09:00,649.08935546875,649.772607421875,626.5420410156249,632.008056640625,681300,0.0,0.0
2015-10-29 00:00:00+09:00,655.2386348478256,696.9170047390845,652.5056269861037,677.7859497070312,1763300,0.0,0.0
2015-10-30 00:00:00+09:00,677.1025746767001,686.6681004541712,652.5055083917746,670.9533081054688,546700,0.0,0.0
2015-11-02 00:00:00+09:00,669.5868527143429,673.6863640574919,662.0710819185697,666.1705932617188,442700,0.0,0.0
2015-11-04 00:00:00+09:00,669.586965076959,673.6864771080424,635.4243648179305,640.890380859375,729800,0.0,0.0
2015-11-05 00:00:00+09:00,634.0578371531557,640.8903569500646,623.8090574577922,627.9085693359375,490600,0.0,0.0
2015-11-06 00:00:00+09:00,622.4425534984103,632.008081214083,615.6100337015013,627.9085693359375,427600,0.0,0.0
2015-11-09 00:00:00+09:00,627.9084591928007,638.840488950238,624.4921998936017,625.8587036132812,301500,0.0,0.0
2015-11-10 00:00:00+09:00,625.1755124527888,625.1755124527888,612.1937258554084,619.0262451171875,490700,0.0,0.0
2015-11-11 00:00:00+09:00,616.2931420367697,639.5237039317255,615.6098902163299,628.5916748046875,456200,0.0,0.0
2015-11-12 00:00:00+09:00,622.4424064172566,634.057687327348,615.6098882348498,618.3428955078125,367400,0.0,0.0
2015-11-13 00:00:00+09:00,612.1935927129424,619.0261104887566,609.4605856026168,617.6596069335938,230600,0.0,0.0
2015-11-16 00:00:00+09:00,601.2616945012697,608.0942137569659,594.4291752455734,605.3612060546875,374500,0.0,0.0
2015-11-17 00:00:00+09:00,611.5104613848181,614.2434690334653,605.3611941753618,610.8272094726562,336000,0.0,0.0
2015-11-18 00:00:00+09:00,616.2932114987173,621.075974780858,598.5286621650514,599.2119140625,300200,0.0,0.0
2015-11-19 00:00:00+09:00,607.4109499118472,616.2932247699507,603.9946903510382,610.8272094726562,427200,0.0,0.0
2015-11-20 00:00:00+09:00,614.9266583887161,617.6596657593326,601.2616215356335,603.99462890625,308000,0.0,0.0
2015-11-24 00:00:00+09:00,603.9946188916124,619.7094110120955,601.9448633976364,616.2931518554688,338400,0.0,0.0
2015-11-25 00:00:00+09:00,620.3926509625345,631.3246800543853,616.2931400530905,618.3428955078125,484500,0.0,0.0
2015-11-26 00:00:00+09:00,618.3429931910097,623.8090086004329,615.609985486298,619.0262451171875,215400,0.0,0.0
2015-11-27 00:00:00+09:00,618.3429926405104,618.3429926405104,605.3612060546875,605.3612060546875,302600,0.0,0.0
2015-11-30 00:00:00+09:00,611.5104131666855,616.9764280329798,607.4109020169647,615.6099243164062,353200,0.0,0.0
2015-12-01 00:00:00+09:00,610.143994140625,627.22529296875,610.143994140625,625.175537109375,296300,0.0,0.0
2015-12-02 00:00:00+09:00,627.9084601186007,638.8404898921563,627.2252082577535,632.6912231445312,451800,0.0,0.0
2015-12-03 00:00:00+09:00,638.1572997260171,642.9400632143277,628.5917727493958,636.1075439453125,457100,0.0,0.0
2015-12-04 00:00:00+09:00,625.8587890625,627.908544921875,619.02626953125,621.75927734375,260700,0.0,0.0
2015-12-07 00:00:00+09:00,632.0079470143735,648.4059910450167,629.274939675933,633.3744506835938,476000,0.0,0.0
2015-12-08 00:00:00+09:00,634.0578125,634.0578125,617.659765625,625.175537109375,259500,0.0,0.0
2015-12-09 00:00:00+09:00,619.02626953125,624.49228515625,617.659765625,621.75927734375,175500,0.0,0.0
2015-12-10 00:00:00+09:00,616.9764036867941,619.7094110120955,609.4606335422152,616.2931518554688,292800,0.0,0.0
2015-12-11 00:00:00+09:00,614.9266611231435,621.7591795800673,614.2434092774512,621.075927734375,271100,0.0,0.0
2015-12-14 00:00:00+09:00,614.9266724581195,616.293176174693,604.6778945838174,615.6099243164062,281000,0.0,0.0
2015-12-15 00:00:00+09:00,618.3429170332943,619.02616887532,598.5286136145478,600.578369140625,364700,0.0,0.0
2015-12-16 00:00:00+09:00,610.8271727695444,617.6596914806131,605.3611578006894,610.1439208984375,354800,0.0,0.0
2015-12-17 00:00:00+09:00,615.609986138267,639.5238035798201,612.1937265037593,636.1075439453125,625700,0.0,0.0
2015-12-18 00:00:00+09:00,632.008056640625,648.406103515625,619.7095214843749,621.75927734375,635300,0.0,0.0
2015-12-21 00:00:00+09:00,618.343017578125,626.5420410156249,609.4607421874999,621.75927734375,322200,0.0,0.0
2015-12-22 00:00:00+09:00,621.0760130340644,629.958288247973,613.5602416992188,613.5602416992188,264700,0.0,0.0
2015-12-24 00:00:00+09:00,617.659640933969,622.442403640316,601.2615973693503,604.6778564453125,295600,0.0,0.0
2015-12-25 00:00:00+09:00,604.6778564453125,604.6778564453125,604.6778564453125,604.6778564453125,0,0.0,0.0
2015-12-28 00:00:00+09:00,596.4789191161286,610.8272092666883,595.7956672041971,607.4109497070312,228100,0.0,0.0
2015-12-29 00:00:00+09:00,608.0941898341695,613.5602050236901,597.1621594551283,612.876953125,186300,0.0,0.0
2015-12-30 00:00:00+09:00,606.0444096717963,616.2931877383994,605.3611578006894,610.1439208984375,259200,0.0,0.0
2016-01-04 00:00:00+09:00,609.4606430869596,612.8769022970883,597.8453617725221,600.578369140625,242200,0.0,0.0
2016-01-05 00:00:00+09:00,597.845397598442,601.9449088962599,592.3793825346849,594.4291381835938,209900,0.0,0.0
2016-01-06 00:00:00+09:00,600.5783420296602,600.5783420296602,584.1802985612736,587.5965576171875,183900,0.0,0.0
2016-01-07 00:00:00+09:00,584.1803204032889,587.5965795869338,571.198535505438,573.248291015625,399100,0.0,0.0
2016-01-08 00:00:00+09:00,566.415856918851,580.0808956864952,560.266589473411,565.7326049804688,344200,0.0,0.0
2016-01-12 00:00:00+09:00,560.9498782918245,565.7326421749459,552.0676025088844,552.7508544921875,487700,0.0,0.0
2016-01-13 00:00:00+09:00,562.9994658516647,583.4970192200506,562.9994658516647,574.61474609375,380900,0.0,0.0
2016-01-14 00:00:00+09:00,554.1172747035226,573.2483273443348,550.0177634233486,570.5153198242188,425200,0.0,0.0
2016-01-15 00:00:00+09:00,629.2748462573902,652.5054051854589,595.7955113316441,606.7275390625,2407100,0.0,0.0
2016-01-18 00:00:00+09:00,596.4789193172583,621.0759881550835,588.2798963713166,610.8272094726562,1030300,0.0,0.0
2016-01-19 00:00:00+09:00,608.0941316527654,629.9581903189323,594.4290949864112,626.5419311523438,758500,0.0,0.0
2016-01-20 00:00:00+09:00,627.2252538323542,630.6415133848179,584.1803834713102,586.9133911132812,730700,0.0,0.0
2016-01-21 00:00:00+09:00,576.6645584011196,595.112358255184,545.9182253110125,547.2847290039062,674900,0.0,0.0
2016-01-22 00:00:00+09:00,570.5152875607837,599.8951167405606,562.3162654641018,597.162109375,615700,0.0,0.0
2016-01-25 00:00:00+09:00,613.5601802539719,619.0261952228268,597.8453872185138,610.1439208984375,720000,0.0,0.0
2016-01-26 00:00:00+09:00,599.8951549679207,619.7094596308702,593.7458880035571,611.5104370117188,379400,0.0,0.0
2016-01-27 00:00:00+09:00,624.4921895911402,646.3562487453158,624.4921895911402,638.1572265625,580200,0.0,0.0
2016-01-28 00:00:00+09:00,638.1573728386527,647.0396489060001,629.9583487764859,640.890380859375,479900,0.0,0.0
2016-01-29 00:00:00+09:00,644.9897069732938,698.2833480155786,625.1754045344956,690.767578125,1331500,0.0,0.0
2016-02-01 00:00:00+09:00,731.7627058696206,732.4459576958294,706.4823882998952,722.8804321289062,1059600,0.0,0.0
2016-02-02 00:00:00+09:00,711.2651604251585,726.9799526343598,701.0163828974185,707.1656494140625,638800,0.0,0.0
2016-02-03 00:00:00+09:00,686.6682248946039,701.0165161610582,674.3696895233572,698.2835083007812,825400,0.0,0.0
2016-02-04 00:00:00+09:00,689.4011011216247,717.4144263406401,685.3015901139639,703.7493896484375,590600,0.0,0.0
2016-02-05 00:00:00+09:00,711.9484721873066,729.7130213973545,671.6366105183516,690.0844116210938,1395800,0.0,0.0
2016-02-08 00:00:00+09:00,673.6863444560282,715.3647085653769,663.4375663963524,707.8489379882812,559600,0.0,0.0
2016-02-09 00:00:00+09:00,687.351489428882,703.0662849128425,669.5869380122309,682.5687255859375,925400,0.0,0.0
2016-02-10 00:00:00+09:00,685.3017737656043,688.0347818364542,630.6416123486069,645.6731567382812,713200,0.0,0.0
2016-02-12 00:00:00+09:00,616.2931706133182,624.4921928387726,574.6148076339252,578.0310668945312,885200,0.0,0.0
2016-02-15 00:00:00+09:00,614.926673855844,633.3744740715193,597.8453773598484,625.8587036132812,392500,0.0,0.0
2016-02-16 00:00:00+09:00,619.0261644244571,673.003059556391,619.0261644244571,647.0394897460938,776600,0.0,0.0
2016-02-17 00:00:00+09:00,644.9897224506578,668.2202844880757,632.007937782689,649.0892333984375,695000,0.0,0.0
2016-02-18 00:00:00+09:00,669.5868152976651,674.369578264077,657.9715338078076,662.071044921875,502400,0.0,0.0
2016-02-19 00:00:00+09:00,652.5055545171102,662.7543328603109,649.0892950693766,655.9218139648438,466300,0.0,0.0
2016-02-22 00:00:00+09:00,657.2883204825482,702.3829453805193,655.9218166977612,686.6681518554688,931500,0.0,0.0
2016-02-23 00:00:00+09:00,690.76771199045,696.9169794562404,662.7543824240718,668.2203979492188,534300,0.0,0.0
2016-02-24 00:00:00+09:00,657.2884274317213,672.3199715102014,649.7726553924813,661.387939453125,440500,0.0,0.0
2016-02-25 00:00:00+09:00,671.6365855879573,691.450889740603,663.437563179966,680.5188598632812,604300,0.0,0.0
2016-02-26 00:00:00+09:00,687.35146484375,696.233740234375,673.003173828125,676.41943359375,458500,0.0,0.0
2016-02-29 00:00:00+09:00,688.0346684488692,701.6997065511307,681.8854013028515,694.8671875,626300,0.0,0.0
2016-03-01 00:00:00+09:00,688.0345708920623,700.3331034402819,680.5188010014837,690.767578125,393600,0.0,0.0
2016-03-02 00:00:00+09:00,704.4326315726943,716.0479125976562,701.6996242727032,716.0479125976562,519900,0.0,0.0
2016-03-03 00:00:00+09:00,716.0479865308077,730.3962763372457,713.3149789486291,724.2470092773438,514700,0.0,0.0
2016-03-04 00:00:00+09:00,713.3149153329794,722.1971891829111,697.6001231369463,703.7493896484375,685300,0.0,0.0
2016-03-07 00:00:00+09:00,710.5819334997594,716.0479483728344,704.4326667675499,709.898681640625,344000,0.0,0.0
2016-03-08 00:00:00+09:00,703.7494870894802,706.4824948063326,683.2519292130877,697.6002197265625,473100,0.0,0.0
2016-03-09 00:00:00+09:00,685.301708984375,690.08447265625,676.41943359375,683.251953125,367500,0.0,0.0
2016-03-10 00:00:00+09:00,688.0345980289478,707.1656494140625,678.4690723363904,707.1656494140625,539900,0.0,0.0
2016-03-11 00:00:00+09:00,699.6499037536092,715.3646965137001,693.5006370213998,709.898681640625,342500,0.0,0.0
2016-03-14 00:00:00+09:00,718.7809020884512,750.2104852596192,718.7809020884512,747.4774780273438,780000,0.0,0.0
2016-03-15 00:00:00+09:00,746.7942999372907,770.0248637047819,742.0115368086896,752.2603149414062,656900,0.0,0.0
2016-03-16 00:00:00+09:00,750.8937745250355,772.0745816317472,748.1607671564276,751.5770263671875,393200,0.0,0.0
2016-03-17 00:00:00+09:00,752.943468067744,771.3912662871896,739.9616841355415,748.1607055664062,414500,0.0,0.0
2016-03-18 00:00:00+09:00,745.4278208689647,764.5588740168391,735.179042396889,758.4096069335938,508400,0.0,0.0
2016-03-22 00:00:00+09:00,765.9253178168402,775.490843641493,752.9435327690973,768.6583251953125,380800,0.0,0.0
2016-03-23 00:00:00+09:00,764.5589476672546,772.0747192707755,757.0431760637339,770.0249633789062,273700,0.0,0.0
2016-03-24 00:00:00+09:00,774.124462890625,788.47275390625,763.87568359375,778.9072265625,648900,0.0,0.0
2016-03-25 00:00:00+09:00,778.9072389103399,780.2737428382528,763.1924437393418,770.0249633789062,338800,0.0,0.0
2016-03-28 00:00:00+09:00,767.9749989518112,770.7080060655188,752.9434598264199,763.87548828125,293300,0.0,0.0
2016-03-29 00:00:00+09:00,770.1655773849961,791.1319724136258,765.9722983792702,787.6375732421875,310700,25.0,0.0
2016-03-30 00:00:00+09:00,796.7228324910091,816.2914634644725,792.529554425267,801.614990234375,690700,0.0,0.0
2016-03-31 00:00:00+09:00,804.4107495697451,809.3029087765116,793.9275512695312,793.9275512695312,396200,0.0,0.0
2016-04-01 00:00:00+09:00,799.5184590077336,799.5184590077336,751.9946345212599,759.6823120117188,457500,0.0,0.0
2016-04-04 00:00:00+09:00,740.8125272035824,748.5002043726762,725.4371728653948,740.1136474609375,531300,0.0,0.0
2016-04-05 00:00:00+09:00,731.0282559765241,746.4036112647493,705.8685836867011,710.7607421875,574200,0.0,0.0
2016-04-06 00:00:00+09:00,703.0730826207833,727.5338757537132,693.2887653676114,721.2439575195312,396000,0.0,0.0
2016-04-07 00:00:00+09:00,719.8461501662796,745.7047011916702,712.8573525918497,724.0394287109375,368700,0.0,0.0
2016-04-08 00:00:00+09:00,703.7719221464242,740.812549627815,694.6864852170264,725.4371948242188,502200,0.0,0.0
2016-04-11 00:00:00+09:00,727.5338570473821,727.5338570473821,691.8909879701328,710.7607421875,494500,0.0,0.0
2016-04-12 00:00:00+09:00,712.1585017591568,717.7495400457842,705.8685836867011,710.7607421875,309800,0.0,0.0
2016-04-13 00:00:00+09:00,716.3517440839788,733.1248580917987,714.2551048330013,728.9315795898438,259000,0.0,0.0
2016-04-14 00:00:00+09:00,736.6192415105022,751.9945956976284,731.7270833600529,745.0057983398438,363400,0.0,0.0
2016-04-15 00:00:00+09:00,738.0170288085938,751.9946240511807,731.7271109494295,738.0170288085938,238600,0.0,0.0
2016-04-18 00:00:00+09:00,719.8461170456795,725.4371548479761,708.6640414410865,717.0505981445312,245600,0.0,0.0
2016-04-19 00:00:00+09:00,728.9315596371745,744.3069137234812,723.3405217876085,724.73828125,256200,0.0,0.0
2016-04-20 00:00:00+09:00,760.3811592930712,760.3811592930712,740.1136467751493,746.403564453125,368000,0.0,0.0
2016-04-21 00:00:00+09:00,755.4890106119209,782.745320893017,751.2957321071369,780.648681640625,586100,0.0,0.0
2016-04-22 00:00:00+09:00,780.6487004580009,793.927416043231,772.9610230139203,791.1318969726562,391100,0.0,0.0
2016-04-25 00:00:00+09:00,797.4218148814494,797.4218148814494,783.4442195285757,791.1318969726562,452600,0.0,0.0
2016-04-26 00:00:00+09:00,787.6374470463506,789.0352064909758,748.5001825968425,754.7901000976562,602800,0.0,0.0
2016-04-27 00:00:00+09:00,755.4889187282987,761.0799560546875,737.3180474175348,748.5001220703125,406200,0.0,0.0
2016-04-28 00:00:00+09:00,757.5857073170271,760.381226532219,705.1697220321773,721.2439575195312,516700,0.0,0.0
2016-05-02 00:00:00+09:00,700.277465458086,710.7606610487759,698.180826339948,706.5673828125,249100,0.0,0.0
2016-05-06 00:00:00+09:00,703.7719399041853,712.8573770628291,690.4932240569365,696.7831420898438,562800,0.0,0.0
2016-05-09 00:00:00+09:00,705.8685805514398,741.5114494703739,705.8685805514398,729.6304931640625,337500,0.0,0.0
2016-05-10 00:00:00+09:00,736.6193775981939,765.9723319237386,733.8238581386182,761.779052734375,507000,0.0,0.0
2016-05-11 00:00:00+09:00,768.0687593791055,791.8306682224991,766.6710000353764,781.3474731445312,1004100,0.0,0.0
2016-05-12 00:00:00+09:00,775.7565161002489,789.0352312407035,764.5744401924975,785.5408325195312,378900,0.0,0.0
2016-05-13 00:00:00+09:00,784.1430248639971,803.7116565005318,780.6486263574731,800.9161376953125,520700,0.0,0.0
2016-05-16 00:00:00+09:00,803.0127288929738,803.7116085525847,762.4777086355391,765.9721069335938,343700,0.0,0.0
2016-05-17 00:00:00+09:00,765.9722744228604,788.3364284206082,765.9722744228604,775.756591796875,269100,0.0,0.0
2016-05-18 00:00:00+09:00,771.5632923054245,789.7341669430523,771.5632923054245,777.8532104492188,317300,0.0,0.0
2016-05-19 00:00:00+09:00,802.3140080856064,836.5591181868214,799.5184888936705,824.6781616210938,1173400,0.0,0.0
2016-05-20 00:00:00+09:00,831.6668931956457,870.8041587577937,828.8713742269208,868.70751953125,1091800,0.0,0.0
2016-05-23 00:00:00+09:00,873.5996737025091,874.2985534414711,836.5590475375227,842.1500854492188,486400,0.0,0.0
2016-05-24 00:00:00+09:00,836.5591895790544,856.8267054502262,824.678231999402,840.0535888671875,453500,0.0,0.0
2016-05-25 00:00:00+09:00,852.6334001550722,853.3322799912648,831.6670050692917,834.4625244140625,333500,0.0,0.0
2016-05-26 00:00:00+09:00,841.4512084229978,842.848967905428,812.797139033178,816.9904174804688,323300,0.0,0.0
2016-05-27 00:00:00+09:00,816.2917332693946,828.8715716245737,807.206294457321,819.7861328125,211500,0.0,0.0
2016-05-30 00:00:00+09:00,821.8825268554688,838.6556396484375,814.1948501586913,838.6556396484375,247600,0.0,0.0
2016-05-31 00:00:00+09:00,837.2580437588332,837.2580437588332,825.3770865435575,834.4625244140625,234300,0.0,0.0
2016-06-01 00:00:00+09:00,819.7861138272715,828.1726725365019,812.0984350104769,815.5928344726562,237700,0.0,0.0
2016-06-02 00:00:00+09:00,810.7005717407764,811.3994515440012,784.1431392182337,793.2285766601562,292700,0.0,0.0
2016-06-03 00:00:00+09:00,793.2286122858269,816.291646828058,792.5297324512138,814.1950073242188,149200,0.0,0.0
2016-06-06 00:00:00+09:00,789.0351827731308,803.7116565005318,785.5407842666067,800.9161376953125,186800,0.0,0.0
2016-06-07 00:00:00+09:00,804.4106535117531,810.0016919375516,785.5408988246834,793.2285766601562,231300,0.0,0.0
2016-06-08 00:00:00+09:00,794.6263231839046,794.6263231839046,781.3476071412535,790.4330444335938,171800,0.0,0.0
2016-06-09 00:00:00+09:00,781.3476547335987,789.7342127450505,775.0577362250098,787.6375732421875,194600,0.0,0.0
2016-06-10 00:00:00+09:00,789.7340836588542,789.7340836588542,772.9609703776041,786.2396850585938,218900,0.0,0.0
2016-06-13 00:00:00+09:00,768.7677490458976,768.7677490458976,755.4890333805594,759.6823120117188,232800,0.0,0.0
2016-06-14 00:00:00+09:00,747.102540077762,752.6935787312906,688.3966342157114,714.2551879882812,926300,0.0,0.0
2016-06-15 00:00:00+09:00,711.4596050833384,738.017036314347,702.3741680832564,733.1248779296875,494600,0.0,0.0
2016-06-16 00:00:00+09:00,725.4372013972356,730.3293597881611,673.0212186373197,681.4077758789062,784000,0.0,0.0
2016-06-17 00:00:00+09:00,691.19217407351,700.9764920078165,677.9134568769512,685.6011352539062,574200,0.0,0.0
2016-06-20 00:00:00+09:00,706.5674412016235,731.7271126984172,701.6752828550248,725.4371948242188,323900,0.0,0.0
2016-06-21 00:00:00+09:00,720.5449873264292,756.8867325650076,720.5449873264292,753.392333984375,369800,0.0,0.0
2016-06-22 00:00:00+09:00,752.6935646594411,767.3700408505722,739.4148481055605,744.3070068359375,372500,0.0,0.0
2016-06-23 00:00:00+09:00,742.9091116931951,754.790066442757,739.4147132374416,747.80126953125,165900,0.0,0.0
2016-06-24 00:00:00+09:00,754.7900763548562,764.5743921594561,671.6233920157563,686.2998657226562,444000,0.0,0.0
2016-06-27 00:00:00+09:00,690.4932498153762,722.6417209606266,690.4932498153762,702.3742065429688,315600,0.0,0.0
2016-06-28 00:00:00+09:00,681.4078544847893,696.7832112013691,671.6235365742384,691.8910522460938,315100,0.0,0.0
2016-06-29 00:00:00+09:00,709.3630468236792,710.0619266727666,688.3966513510582,698.1809692382812,331700,0.0,0.0
2016-06-30 00:00:00+09:00,711.4595728737443,738.7158826400272,710.7606931361472,726.1360473632812,403200,0.0,0.0
2016-07-01 00:00:00+09:00,724.7383003379908,738.7158953300446,716.3517433427586,735.2214965820312,199600,0.0,0.0
2016-07-04 00:00:00+09:00,733.124898644296,738.0170571671845,724.738341176487,731.0282592773438,128600,0.0,0.0
2016-07-05 00:00:00+09:00,731.7271183912134,733.8237576989246,716.3517634679979,733.1248779296875,168500,0.0,0.0
2016-07-06 00:00:00+09:00,716.3517456054688,729.6304608898629,698.1808720584032,716.3517456054688,292300,0.0,0.0
2016-07-07 00:00:00+09:00,710.760806521854,714.2552057672908,695.3854498419319,698.1809692382812,290200,0.0,0.0
2016-07-08 00:00:00+09:00,699.5785454644098,702.3740641276042,667.4300808376737,673.0211181640625,454200,0.0,0.0
2016-07-11 00:00:00+09:00,673.0211181640625,673.0211181640625,673.0211181640625,673.0211181640625,0,0.0,0.0
2016-07-12 00:00:00+09:00,705.8686018359754,728.9316353613092,705.8686018359754,721.2439575195312,280100,0.0,0.0
2016-07-13 00:00:00+09:00,733.1248655576965,744.3069416767843,719.8461501662796,724.0394287109375,325400,0.0,0.0
2016-07-14 00:00:00+09:00,722.6416953368206,738.0170505567529,717.7495368577512,729.6304931640625,225300,0.0,0.0
2016-07-15 00:00:00+09:00,731.0282338311999,738.0170314777697,716.3517587734034,719.1472778320312,270200,0.0,0.0
2016-07-19 00:00:00+09:00,733.124898644296,735.2215380112482,719.1473028646144,731.0282592773438,177900,0.0,0.0
2016-07-20 00:00:00+09:00,727.533839775791,738.7159160835841,714.9540039295237,733.1248779296875,213300,0.0,0.0
2016-07-21 00:00:00+09:00,738.7159003642067,752.6934954515143,733.8237420836491,749.1990966796875,309100,0.0,0.0
2016-07-22 00:00:00+09:00,733.124844092449,739.4147617252728,727.5338061966058,732.4259643554688,200200,0.0,0.0
2016-07-25 00:00:00+09:00,739.4147410297485,747.8012976387815,728.2326655510377,734.5225830078125,217900,0.0,0.0
2016-07-26 00:00:00+09:00,719.1473219230993,719.8462017306048,693.9876488529035,702.3742065429688,397300,0.0,0.0
2016-07-27 00:00:00+09:00,710.7607983689659,714.9540774153905,688.3966434547015,703.0731201171875,398000,0.0,0.0
2016-07-28 00:00:00+09:00,703.0730645433874,714.2551411166421,690.4932283984759,710.7607421875,228100,0.0,0.0
2016-07-29 00:00:00+09:00,712.1585148167774,718.4484330045605,688.39660166293,713.5562744140625,381500,0.0,0.0
2016-08-01 00:00:00+09:00,702.3740709363879,709.362867662123,693.9875148655055,699.5785522460938,167300,0.0,0.0
2016-08-02 00:00:00+09:00,696.7832112013691,698.87985075363,691.1921723953401,691.8910522460938,160500,0.0,0.0
2016-08-03 00:00:00+09:00,687.6976889725131,687.6976889725131,666.0324162508181,667.43017578125,377600,0.0,0.0
2016-08-04 00:00:00+09:00,673.7201134783917,677.2145124072215,655.5492390484765,671.6234741210938,267600,0.0,0.0
2016-08-05 00:00:00+09:00,669.5268347637958,675.8167528356895,656.9469986200085,671.6234741210938,281900,0.0,0.0
2016-08-08 00:00:00+09:00,671.6235365742384,697.4820910521228,671.6235365742384,691.8910522460938,303100,0.0,0.0
2016-08-09 00:00:00+09:00,733.1249930451098,733.1249930451098,705.8686777650724,711.459716796875,450600,0.0,0.0
2016-08-10 00:00:00+09:00,707.266262518546,709.3629016366839,692.5897886915801,706.5673828125,208900,0.0,0.0
2016-08-12 00:00:00+09:00,710.0618558536023,713.5562547505195,699.5786591628503,709.3629760742188,213500,0.0,0.0
2016-08-15 00:00:00+09:00,724.0394970067814,753.3924495881374,721.2439777133189,751.9946899414062,632700,0.0,0.0
2016-08-16 00:00:00+09:00,758.2845133196346,761.778911998527,741.5113996609515,745.0057983398438,314500,0.0,0.0
2016-08-17 00:00:00+09:00,740.8125272035824,749.199084115321,735.2214892624232,740.1136474609375,282400,0.0,0.0
2016-08-18 00:00:00+09:00,733.8237773298652,761.7789688471934,723.3405805108671,737.3181762695312,311700,0.0,0.0
2016-08-19 00:00:00+09:00,742.2102806731945,745.7046793580964,726.136046722645,732.4259643554688,133500,0.0,0.0
2016-08-22 00:00:00+09:00,731.0283009455754,731.7271807743953,724.7383824861967,726.8350219726562,120500,0.0,0.0
2016-08-23 00:00:00+09:00,727.533792435953,745.0057855299962,726.8349127121913,735.9203491210938,198800,0.0,0.0
2016-08-24 00:00:00+09:00,740.113695421264,740.8125752091972,731.0282581781323,737.3181762695312,114600,0.0,0.0
2016-08-25 00:00:00+09:00,740.8124801416716,745.0057583311528,726.8348861767345,730.3292846679688,114100,0.0,0.0
2016-08-26 00:00:00+09:00,724.0394021119589,728.931560234337,714.2550858672028,718.4483642578125,121300,0.0,0.0
2016-08-29 00:00:00+09:00,730.3292913719257,735.9203290092228,726.8348928486151,731.72705078125,109000,0.0,0.0
2016-08-30 00:00:00+09:00,730.3293129249856,731.0281926502727,715.6528386939572,717.0505981445312,124900,0.0,0.0
2016-08-31 00:00:00+09:00,717.0506799423799,717.749559747392,706.567482867199,714.9540405273438,131900,0.0,0.0
2016-09-01 00:00:00+09:00,714.9540122845511,726.1360887230192,708.6640942879129,721.9428100585938,117300,0.0,0.0
2016-09-02 00:00:00+09:00,717.7494911564207,724.0394088004399,716.351731679972,719.8461303710938,85100,0.0,0.0
2016-09-05 00:00:00+09:00,726.136075478601,726.136075478601,708.6640813621766,719.1472778320312,104000,0.0,0.0
2016-09-06 00:00:00+09:00,715.6528453307393,719.846123721349,711.4595669401295,718.4483642578125,137200,0.0,0.0
2016-09-07 00:00:00+09:00,715.6527976190476,735.2214288039435,712.8572788783482,733.8236694335938,159300,0.0,0.0
2016-09-08 00:00:00+09:00,732.425978341473,735.920377093102,726.8349403388662,728.9315795898438,91700,0.0,0.0
2016-09-09 00:00:00+09:00,728.232713879418,734.5226317536166,721.2439162414198,725.4371948242188,134100,0.0,0.0
2016-09-12 00:00:00+09:00,715.6529138099902,724.7383511923435,710.7607552194922,713.5562744140625,114800,0.0,0.0
2016-09-13 00:00:00+09:00,703.0731281818929,711.4596863709413,695.3854498419319,698.1809692382812,300400,0.0,0.0
2016-09-14 00:00:00+09:00,697.4820893891939,707.9652871255045,695.3854498419319,698.1809692382812,174400,0.0,0.0
2016-09-15 00:00:00+09:00,696.084222567021,699.5786212746867,685.6010264440237,688.3965454101562,200700,0.0,0.0
2016-09-16 00:00:00+09:00,689.0954383718956,694.6864764114241,684.2032800873081,691.1920776367188,276500,0.0,0.0
2016-09-20 00:00:00+09:00,689.7943463739506,696.0842644259927,684.2033081054688,684.2033081054688,237600,0.0,0.0
2016-09-21 00:00:00+09:00,684.2033060240291,698.180901652712,678.6122677725559,696.7831420898438,251300,0.0,0.0
2016-09-23 00:00:00+09:00,686.2998318142362,707.9651014539932,686.2998318142362,704.470703125,207900,0.0,0.0
2016-09-26 00:00:00+09:00,706.5675403598774,708.664179945515,699.5787417410853,700.9765014648438,114400,0.0,0.0
2016-09-27 00:00:00+09:00,697.4819787479141,720.5450101093181,693.288700318568,719.8461303710938,252600,0.0,0.0
2016-09-28 00:00:00+09:00,709.3629016366839,715.6528189910979,703.771863988316,706.5673828125,120400,0.0,0.0
2016-09-29 00:00:00+09:00,710.0619185278952,712.1585580511074,700.9764805939752,703.0731201171875,137500,0.0,0.0
2016-09-30 00:00:00+09:00,698.1808996040834,710.7607356329858,693.9876209277825,709.3629760742188,129400,0.0,0.0
2016-10-03 00:00:00+09:00,712.8574167937779,714.9540562549361,703.7719791287592,705.1697387695312,90500,0.0,0.0
2016-10-04 00:00:00+09:00,702.3741462431759,703.7719057381871,693.9875892731081,696.084228515625,147600,0.0,0.0
2016-10-05 00:00:00+09:00,693.9877028460517,703.7720209123606,692.5899431222933,700.9765014648438,197200,0.0,0.0
2016-10-06 00:00:00+09:00,705.169623400408,713.5561798729599,704.470743694362,706.5673828125,148500,0.0,0.0
2016-10-07 00:00:00+09:00,706.5674322454223,706.5674322454223,689.0954383718956,691.1920776367188,156600,0.0,0.0
2016-10-11 00:00:00+09:00,688.3966076960329,691.192126915103,680.0100500388223,682.106689453125,199900,0.0,0.0
2016-10-12 00:00:00+09:00,677.9132758246528,680.0099148220487,672.3222384982639,673.0211181640625,151300,0.0,0.0
2016-10-13 00:00:00+09:00,673.7200317382812,678.6121896450944,670.924512934388,673.7200317382812,164600,0.0,0.0
2016-10-14 00:00:00+09:00,675.1178040987637,683.5043606714191,673.7200446699878,682.8054809570312,148500,0.0,0.0
2016-10-17 00:00:00+09:00,687.6977201289103,688.3965999257892,682.1066817538784,686.9988403320312,110700,0.0,0.0
2016-10-18 00:00:00+09:00,688.3965182352744,689.7942776631631,683.5043602376633,689.0953979492188,111200,0.0,0.0
2016-10-19 00:00:00+09:00,691.891011988863,691.891011988863,686.299973508145,689.7943725585938,120200,0.0,0.0
2016-10-20 00:00:00+09:00,687.6977573106013,703.0731136732368,684.9022379719404,701.6753540039062,264100,0.0,0.0
2016-10-21 00:00:00+09:00,703.0730326620037,705.1696719244153,695.3853553664948,697.4819946289062,169800,0.0,0.0
2016-10-24 00:00:00+09:00,698.8796725735202,701.6751912638143,690.493116502638,699.5785522460938,146700,0.0,0.0
2016-10-25 00:00:00+09:00,704.4707921702781,705.1696719244153,696.0842351206319,697.4819946289062,118800,0.0,0.0
2016-10-26 00:00:00+09:00,695.3854418654091,703.7719999582583,691.8910426600553,703.0731201171875,178400,0.0,0.0
2016-10-27 00:00:00+09:00,703.7718647229827,703.7718647229827,692.5897894145739,693.987548828125,148800,0.0,0.0
2016-10-28 00:00:00+09:00,692.5897894145739,695.3853082416762,690.4931502942472,693.987548828125,307000,0.0,0.0
2016-10-31 00:00:00+09:00,693.9876089495814,702.3741661574313,691.192089880298,700.2775268554688,208700,0.0,0.0
2016-11-01 00:00:00+09:00,703.0731043198529,712.857421875,696.7831858915441,712.857421875,230500,0.0,0.0
2016-11-02 00:00:00+09:00,698.8798847833627,703.7720439768462,689.794446281179,692.5899658203125,259600,0.0,0.0
2016-11-04 00:00:00+09:00,688.3966840749912,690.4933237219201,676.5157260757273,678.6123657226562,197300,0.0,0.0
2016-11-07 00:00:00+09:00,689.0954251516894,690.4931846347557,684.9021467024905,688.3965454101562,111800,0.0,0.0
2016-11-08 00:00:00+09:00,691.1921321787732,695.3854110393119,684.2033340778756,689.7943725585938,141000,0.0,0.0
2016-11-09 00:00:00+09:00,675.8167446872644,691.8909795660721,622.701881609465,637.3783569335938,773300,0.0,0.0
2016-11-10 00:00:00+09:00,674.4189533519042,674.4189533519042,654.1514407641267,663.2368774414062,371800,0.0,0.0
2016-11-11 00:00:00+09:00,673.0212098486222,676.5156086536514,646.4637789304004,647.1626586914062,370200,0.0,0.0
2016-11-14 00:00:00+09:00,644.3670656997546,645.065945380557,628.9917127221032,631.7872314453125,380900,0.0,0.0
2016-11-15 00:00:00+09:00,649.9581167040111,652.7536354855337,638.7760415779205,640.8726806640625,363200,0.0,0.0
2016-11-16 00:00:00+09:00,645.7649536132812,649.958232532848,640.8727948737867,645.7649536132812,266700,0.0,0.0
2016-11-17 00:00:00+09:00,645.0659588363465,646.4637182271078,635.2816431010173,640.8726806640625,265600,0.0,0.0
2016-11-18 00:00:00+09:00,642.9694278741865,652.7537452548808,640.1739086225597,644.3671875,282100,0.0,0.0
2016-11-21 00:00:00+09:00,648.5604663774403,649.9582260032538,638.0772691838395,644.3671875,400900,0.0,0.0
2016-11-22 00:00:00+09:00,644.3671581823692,659.7425133667641,642.9693986201514,657.6458740234375,276000,0.0,0.0
2016-11-24 00:00:00+09:00,663.9357954202239,681.4077900365456,663.9357954202239,677.9133911132812,361700,0.0,0.0
2016-11-25 00:00:00+09:00,681.4077507959654,682.8055102847776,661.839117952594,663.2368774414062,319900,0.0,0.0
2016-11-28 00:00:00+09:00,670.2257004889889,675.816738657823,666.0324218623633,675.1178588867188,183500,0.0,0.0
2016-11-29 00:00:00+09:00,675.1178709191856,688.3965868068301,670.225712434264,684.2033081054688,356500,0.0,0.0
2016-11-30 00:00:00+09:00,677.9134029726047,688.3965999257892,677.9134029726047,686.9988403320312,250400,0.0,0.0
2016-12-01 00:00:00+09:00,689.0954580029052,700.2775344005182,686.9988186783527,695.3853759765625,434200,0.0,0.0
2016-12-02 00:00:00+09:00,692.5897894145739,701.6752256026562,687.697631467145,693.987548828125,306800,0.0,0.0
2016-12-05 00:00:00+09:00,684.9023016567888,685.6011815564385,663.9359046672953,668.8280639648438,407400,0.0,0.0
2016-12-06 00:00:00+09:00,673.0212195734059,677.9133779711358,673.0212195734059,675.1178588867188,126300,0.0,0.0
2016-12-07 00:00:00+09:00,679.3111766979007,683.5044555664062,673.7201382065599,683.5044555664062,190700,0.0,0.0
2016-12-08 00:00:00+09:00,692.5898568771591,700.2775344005182,689.7943377777559,695.3853759765625,301300,0.0,0.0
2016-12-09 00:00:00+09:00,698.8798789753192,711.459716796875,691.891080185566,711.459716796875,455200,0.0,0.0
2016-12-12 00:00:00+09:00,715.6529138099902,717.7495532059179,703.7719572330666,713.5562744140625,305400,0.0,0.0
2016-12-13 00:00:00+09:00,708.6641493347527,714.9540678199724,704.4708703446062,714.2551879882812,228800,0.0,0.0
2016-12-14 00:00:00+09:00,712.1584545633068,712.8573343028194,703.0730179496434,707.2662963867188,210900,0.0,0.0
2016-12-15 00:00:00+09:00,700.9763115912408,712.1583863524171,695.3852742106526,699.5785522460938,254900,0.0,0.0
2016-12-16 00:00:00+09:00,705.8686055804959,709.3630046180232,699.578687312947,702.3742065429688,153700,0.0,0.0
2016-12-19 00:00:00+09:00,705.868503106454,710.7606610487759,704.470743694362,706.5673828125,176100,0.0,0.0
2016-12-20 00:00:00+09:00,710.7606937741771,721.2438898475425,708.6640545595039,719.8461303710938,361800,0.0,0.0
2016-12-21 00:00:00+09:00,724.0393740299666,738.7158478278714,717.0505769833453,731.72705078125,430200,0.0,0.0
2016-12-22 00:00:00+09:00,727.5338341156182,733.1248722260168,720.54503647762,725.4371948242188,182800,0.0,0.0
2016-12-26 00:00:00+09:00,725.437205994804,743.6080801334022,722.6416868965581,740.8125610351562,241200,0.0,0.0
2016-12-27 00:00:00+09:00,740.1136072371955,740.1136072371955,729.6304116672636,731.72705078125,195200,0.0,0.0
2016-12-28 00:00:00+09:00,729.6304316072383,737.3181085686172,728.9315518834766,735.9203491210938,150500,0.0,0.0
2016-12-29 00:00:00+09:00,735.2215535954912,735.2215535954912,717.0506786967433,721.2439575195312,176300,0.0,0.0
2016-12-30 00:00:00+09:00,718.448370894645,721.2438898475425,707.9651748212796,719.8461303710938,134800,0.0,0.0
2017-01-04 00:00:00+09:00,728.9315249824886,736.6192016601562,722.6416077007605,736.6192016601562,210400,0.0,0.0
2017-01-05 00:00:00+09:00,738.7159217114719,742.9092003588407,731.7271239658572,740.8125610351562,196000,0.0,0.0
2017-01-06 00:00:00+09:00,737.318180527798,753.3924157430959,737.318180527798,751.2957763671875,191100,0.0,0.0
2017-01-10 00:00:00+09:00,752.6934542682485,761.0800108617666,749.199055687616,753.392333984375,227700,0.0,0.0
2017-01-11 00:00:00+09:00,751.2957709176201,751.9946507045202,742.2103336879186,743.6080932617188,119400,0.0,0.0
2017-01-12 00:00:00+09:00,740.8125763231208,742.2103359010889,727.5338603324234,731.0282592773438,202300,0.0,0.0
2017-01-13 00:00:00+09:00,726.8349061161989,734.5225830078125,725.43714668136,734.5225830078125,165900,0.0,0.0
2017-01-16 00:00:00+09:00,734.5225149278613,734.5225149278613,717.7494032644277,720.544921875,167100,0.0,0.0
2017-01-17 00:00:00+09:00,717.0507103665417,719.8462297052026,697.4820749959148,701.6753540039062,296600,0.0,0.0
2017-01-18 00:00:00+09:00,698.8799266326122,710.062005458734,684.90232809996,708.6642456054688,263800,0.0,0.0
2017-01-19 00:00:00+09:00,712.8573815449853,717.0506602599557,705.1697039008727,710.7607421875,133100,0.0,0.0
2017-01-20 00:00:00+09:00,708.664021930638,708.664021930638,697.481946633902,706.5673828125,191300,0.0,0.0
2017-01-23 00:00:00+09:00,706.5675274273298,706.5675274273298,696.0843296910192,698.1809692382812,167500,0.0,0.0
2017-01-24 00:00:00+09:00,701.6753701566446,701.6753701566446,686.9988932908183,691.8910522460938,306200,0.0,0.0
2017-01-25 00:00:00+09:00,700.277513645455,702.3741529078666,694.6864756123575,697.4819946289062,190600,0.0,0.0
2017-01-26 00:00:00+09:00,701.6753813267229,704.4709007742398,696.7832222935685,700.9765014648438,207400,0.0,0.0
2017-01-27 00:00:00+09:00,704.4708317218441,707.2663508953434,700.9764327549698,705.8685913085938,180600,0.0,0.0
2017-01-30 00:00:00+09:00,707.9652502104992,710.7607694610836,703.0730915219765,710.0618896484375,206500,0.0,0.0
2017-01-31 00:00:00+09:00,704.4708459654851,707.9652450030122,699.578687312947,702.3742065429688,134900,0.0,0.0
2017-02-01 00:00:00+09:00,699.5786720403161,712.8573880930293,695.3853932868276,712.1585083007812,368400,0.0,0.0
2017-02-02 00:00:00+09:00,713.556317733249,714.2551975743197,700.9764805939752,703.0731201171875,222000,0.0,0.0
2017-02-03 00:00:00+09:00,701.6753684837181,705.169767729155,691.891050596495,698.1809692382812,217400,0.0,0.0
2017-02-06 00:00:00+09:00,702.3741661574313,702.3741661574313,694.6864887169022,700.2775268554688,167900,0.0,0.0
2017-02-07 00:00:00+09:00,698.879841070763,703.7719999582583,693.9876821832676,703.0731201171875,181400,0.0,0.0
2017-02-08 00:00:00+09:00,697.4820077861855,705.8685649940354,691.8909696476188,700.2775268554688,348200,0.0,0.0
2017-02-09 00:00:00+09:00,700.976474169241,701.6753540039062,696.7831951612495,701.6753540039062,279500,0.0,0.0
2017-02-10 00:00:00+09:00,705.8686604979982,706.5675403598774,698.180982017327,700.9765014648438,321400,0.0,0.0
2017-02-13 00:00:00+09:00,706.5674290801257,717.7495051090892,702.3741505692645,716.3517456054688,342100,0.0,0.0
2017-02-14 00:00:00+09:00,719.8462753445788,721.2440351025294,710.0619570389243,711.459716796875,195300,0.0,0.0
2017-02-15 00:00:00+09:00,718.448349965511,728.9315457334903,717.7494702476458,728.232666015625,209200,0.0,0.0
2017-02-16 00:00:00+09:00,731.7271325122351,734.5226516431319,726.1360942504415,729.6304931640625,195100,0.0,0.0
2017-02-17 00:00:00+09:00,727.5337252020836,727.5337252020836,711.4594930410385,715.6527709960938,166000,0.0,0.0
2017-02-20 00:00:00+09:00,712.1584400675218,718.4483575951054,708.6640414410865,717.0505981445312,92700,0.0,0.0
2017-02-21 00:00:00+09:00,719.8461707263809,725.437208945615,717.050651616764,721.9428100585938,97300,0.0,0.0
2017-02-22 00:00:00+09:00,726.1361451270296,726.1361451270296,712.8574283248992,714.2551879882812,126200,0.0,0.0
2017-02-23 00:00:00+09:00,715.6529072620216,717.0506668465177,710.7607487162851,712.1585083007812,93400,0.0,0.0
2017-02-24 00:00:00+09:00,712.1585420496323,716.3518210018382,710.760782398897,712.857421875,87800,0.0,0.0
2017-02-27 00:00:00+09:00,712.1584951917526,712.1584951917526,704.4708176185345,709.3629760742188,168200,0.0,0.0
2017-02-28 00:00:00+09:00,712.8574283248992,719.84622664181,712.1585484932081,714.2551879882812,139600,0.0,0.0
2017-03-01 00:00:00+09:00,716.3517310369233,726.1360473632812,710.7606931361472,726.1360473632812,185000,0.0,0.0
2017-03-02 00:00:00+09:00,733.1248704736882,742.2103073813698,730.3293514251709,738.0170288085938,270900,0.0,0.0
2017-03-03 00:00:00+09:00,738.0169613486842,740.1136004434247,726.1360064784876,730.3292846679688,172000,0.0,0.0
2017-03-06 00:00:00+09:00,728.9315795898438,732.425978341473,726.1360605885404,728.9315795898438,110100,0.0,0.0
2017-03-07 00:00:00+09:00,724.7382674262986,731.7270646049515,724.7382674262986,728.232666015625,101400,0.0,0.0
2017-03-08 00:00:00+09:00,729.6304254513556,729.6304254513556,724.7382674262986,728.232666015625,100800,0.0,0.0
2017-03-09 00:00:00+09:00,729.6304667704815,730.3293465279245,723.3405489534946,724.0394287109375,90300,0.0,0.0
2017-03-10 00:00:00+09:00,724.0394075117038,733.124844092449,724.0394075117038,732.4259643554688,165100,0.0,0.0
2017-03-13 00:00:00+09:00,733.8237576989246,736.6192767758729,731.7271183912134,733.1248779296875,137100,0.0,0.0
2017-03-14 00:00:00+09:00,734.5226175924504,734.5226175924504,728.232699839518,728.9315795898438,87000,0.0,0.0
2017-03-15 00:00:00+09:00,728.232714772572,728.232714772572,717.0506385380603,719.1472778320312,153300,0.0,0.0
2017-03-16 00:00:00+09:00,723.3405151367188,723.3405151367188,714.9539584394814,723.3405151367188,160600,0.0,0.0
2017-03-17 00:00:00+09:00,720.5450505037852,721.9428100585936,716.3517718393597,721.9428100585938,137900,0.0,0.0
2017-03-21 00:00:00+09:00,720.5450505037852,723.3405696134022,719.1472909489767,721.9428100585938,109500,0.0,0.0
2017-03-22 00:00:00+09:00,712.8574182128906,712.8574182128906,698.1809419555664,698.8798217773438,312500,0.0,0.0
2017-03-23 00:00:00+09:00,699.5785454644098,705.1695827907987,695.3852674696182,704.470703125,164300,0.0,0.0
2017-03-24 00:00:00+09:00,705.8685771773014,712.1584951917526,698.1808996040834,709.3629760742188,123600,0.0,0.0
2017-03-27 00:00:00+09:00,706.5674447613562,709.3629638306395,698.8797673208271,700.2775268554688,145300,0.0,0.0
2017-03-28 00:00:00+09:00,707.9652709960938,708.6641508292587,704.470871830269,707.9652709960938,244200,0.0,0.0
2017-03-29 00:00:00+09:00,717.327880859375,718.0480895750973,711.5662111335969,717.327880859375,234600,30.0,0.0
2017-03-30 00:00:00+09:00,715.1672109539589,718.0480456405811,702.9236635358146,705.0842895507812,254400,0.0,0.0
2017-03-31 00:00:00+09:00,709.4056711098582,713.0067151256443,698.6025390625,698.6025390625,193800,0.0,0.0
2017-04-03 00:00:00+09:00,699.3226806514649,705.0843505229498,694.2812195139157,697.8822631835938,217000,0.0,0.0
2017-04-04 00:00:00+09:00,698.6024282759979,700.0428456538866,682.7578371192227,685.638671875,213900,0.0,0.0
2017-04-05 00:00:00+09:00,687.0791258993028,690.6801695360916,677.716412443652,682.7578735351562,171400,0.0,0.0
2017-04-06 00:00:00+09:00,676.9961785650872,678.4365959662895,652.5090827446479,665.4728393554688,373500,0.0,0.0
2017-04-07 00:00:00+09:00,668.3536869879757,684.1982787053631,666.1930608446957,681.3174438476562,259100,0.0,0.0
2017-04-10 00:00:00+09:00,684.9184758356498,696.4418150715809,684.1982671334041,694.2811889648438,172100,0.0,0.0
2017-04-11 00:00:00+09:00,692.120641824748,700.0429384533351,691.400433040331,696.44189453125,191700,0.0,0.0
2017-04-12 00:00:00+09:00,685.6387391884278,687.0791567077313,674.1153990340005,679.1568603515625,327700,0.0,0.0
2017-04-13 00:00:00+09:00,674.835565417816,682.0376525620829,671.9547305601092,681.3174438476562,214100,0.0,0.0
2017-04-14 00:00:00+09:00,677.7163261723978,680.5971607151072,671.2344484513015,672.6748657226562,105000,0.0,0.0
2017-04-17 00:00:00+09:00,669.7941462866031,687.7993652728021,669.7941462866031,686.3589477539062,118000,0.0,0.0
2017-04-18 00:00:00+09:00,689.2397035598755,695.0013729731241,685.6386601765951,691.4003295898438,156500,0.0,0.0
2017-04-19 00:00:00+09:00,684.1982911175627,692.1205871199766,681.317456207594,689.9599609375,172500,0.0,0.0
2017-04-20 00:00:00+09:00,688.5195433540183,691.4003782634494,682.7578735351562,682.7578735351562,161200,0.0,0.0
2017-04-21 00:00:00+09:00,689.9598699234975,699.3225821458415,687.7992440260335,693.5609130859375,157600,0.0,0.0
2017-04-24 00:00:00+09:00,699.3226498805636,701.4832759873007,689.239728049124,694.2811889648438,104000,0.0,0.0
2017-04-25 00:00:00+09:00,692.8407421326369,706.5247068940924,692.8407421326369,705.0842895507812,165500,0.0,0.0
2017-04-26 00:00:00+09:00,710.1257386057814,712.2863645853122,705.8044866467199,710.845947265625,149900,0.0,0.0
2017-04-27 00:00:00+09:00,710.1258423347783,710.1258423347783,703.6439634493696,708.6854248046875,111400,0.0,0.0
2017-04-28 00:00:00+09:00,710.8459895014519,710.8459895014519,700.0428589619161,701.4832763671875,99000,0.0,0.0
2017-05-01 00:00:00+09:00,701.4833916075232,710.1258974589506,701.4833916075232,707.9652709960938,100700,0.0,0.0
2017-05-02 00:00:00+09:00,707.9652157942774,717.3279297366229,707.9652157942774,715.8875122070312,148900,0.0,0.0
2017-05-08 00:00:00+09:00,723.8098141524592,733.8927369366726,723.0896053821582,731.0119018554688,280700,0.0,0.0
2017-05-09 00:00:00+09:00,731.0118652583338,736.0533263980466,728.1310303213552,733.8927001953125,201100,0.0,0.0
2017-05-10 00:00:00+09:00,742.5352450134934,806.6338258148521,742.5352450134934,803.7529907226562,1289000,0.0,0.0
2017-05-11 00:00:00+09:00,806.6337236183638,834.0016535268439,800.8720541639469,827.519775390625,652600,0.0,0.0
2017-05-12 00:00:00+09:00,820.3177613842928,845.5250674847758,792.2296203008973,800.1519165039062,771800,0.0,0.0
2017-05-15 00:00:00+09:00,805.9136573281995,831.8411744540397,803.0328220919951,830.4007568359375,431800,0.0,0.0
2017-05-16 00:00:00+09:00,834.721862208646,835.4420708904482,819.5974798908018,827.519775390625,283700,0.0,0.0
2017-05-17 00:00:00+09:00,828.9603692089338,839.0432929004412,825.3593250333954,834.0018310546875,368500,0.0,0.0
2017-05-18 00:00:00+09:00,812.3954351616566,834.7219054542198,811.6752264425417,832.561279296875,234500,0.0,0.0
2017-05-19 00:00:00+09:00,832.5614302429146,845.5251895373545,824.6391328963125,843.3645629882812,263500,0.0,0.0
2017-05-22 00:00:00+09:00,847.6856812643348,881.5354918160967,846.965472529191,863.5302734375,590300,0.0,0.0
2017-05-23 00:00:00+09:00,866.4111083780755,870.0121520537948,859.9292297617806,863.5302734375,299900,0.0,0.0
2017-05-24 00:00:00+09:00,864.970739888866,869.2919925444307,858.488860905519,862.0899047851562,189800,0.0,0.0
2017-05-25 00:00:00+09:00,868.5716676017306,885.8566759122128,864.9706242037134,870.0120849609375,386500,0.0,0.0
2017-05-26 00:00:00+09:00,875.0536693226206,880.0951307919692,854.8878234452269,855.6080322265625,265000,0.0,0.0
2017-05-29 00:00:00+09:00,847.6857117323088,853.4473818205488,842.6442504050988,845.5250854492188,237300,0.0,0.0
2017-05-30 00:00:00+09:00,849.8463441240026,849.8463441240026,841.2038389295212,846.2453002929688,167800,0.0,0.0
2017-05-31 00:00:00+09:00,842.6442749859535,852.7271979345034,841.203857421875,841.203857421875,183900,0.0,0.0
2017-06-01 00:00:00+09:00,852.7270706037697,874.3333308386625,850.5664445802804,869.2918701171875,447700,0.0,0.0
2017-06-02 00:00:00+09:00,871.4526181624577,884.4163761185935,868.5717830610942,876.4940795898438,487000,0.0,0.0
2017-06-05 00:00:00+09:00,875.773828125,876.4940368652343,867.8515319824219,871.4525756835938,148500,0.0,0.0
2017-06-06 00:00:00+09:00,867.1311236188852,867.1311236188852,845.5248663858566,848.4057006835938,233300,0.0,0.0
2017-06-07 00:00:00+09:00,848.4060476826213,857.0485541106276,841.9241678616165,853.447509765625,170600,0.0,0.0
2017-06-08 00:00:00+09:00,852.7271734862435,852.7271734862435,829.6804931217504,831.1209106445312,238200,0.0,0.0
2017-06-09 00:00:00+09:00,834.7218746181989,844.0845876208189,826.0793703080881,828.960205078125,195600,0.0,0.0
2017-06-12 00:00:00+09:00,821.758105936208,831.8410274814377,815.9964364817912,827.519775390625,189000,0.0,0.0
2017-06-13 00:00:00+09:00,826.0793895721436,856.3281553629282,826.0793895721436,852.7271118164062,199400,0.0,0.0
2017-06-14 00:00:00+09:00,854.1675967212433,854.8878054874501,839.0432126309008,846.2453002929688,139900,0.0,0.0
2017-06-15 00:00:00+09:00,842.6442260742188,853.4473571777344,841.9240173339844,849.8463134765625,115700,0.0,0.0
2017-06-16 00:00:00+09:00,846.965478515625,852.0069396972656,840.4835998535156,849.8463134765625,181400,0.0,0.0
2017-06-19 00:00:00+09:00,849.8464546951593,851.2868724149815,841.2039483762254,844.8049926757812,164600,0.0,0.0
2017-06-20 00:00:00+09:00,848.4059209179011,848.4059209179011,830.4007018831409,831.1209106445312,218000,0.0,0.0
2017-06-21 00:00:00+09:00,831.1208126054823,834.7218559876552,823.9187258411367,826.799560546875,162700,0.0,0.0
2017-06-22 00:00:00+09:00,824.6391059982944,824.6391059982944,814.556182431503,818.1572265625,193400,0.0,0.0
2017-06-23 00:00:00+09:00,815.2762876585248,815.2762876585248,789.3487732100205,791.5093994140625,463400,0.0,0.0
2017-06-26 00:00:00+09:00,797.9911695577331,815.996385477357,796.5507522841631,807.3538818359375,236400,0.0,0.0
2017-06-27 00:00:00+09:00,810.9550661809568,810.9550661809568,799.431725986556,802.3125610351562,169000,0.0,0.0
2017-06-28 00:00:00+09:00,801.592420096419,804.4732553887691,794.3903318655438,795.8307495117188,156200,0.0,0.0
2017-06-29 00:00:00+09:00,799.431683625811,811.6752319335938,797.2710574538494,811.6752319335938,180900,0.0,0.0
2017-06-30 00:00:00+09:00,805.9136893089782,823.1987014121198,803.0328539584546,812.3955688476562,287000,0.0,0.0
2017-07-03 00:00:00+09:00,812.3952653881536,829.6802710347101,812.3952653881536,819.5973510742188,213600,0.0,0.0
2017-07-04 00:00:00+09:00,824.6391190873816,828.960372113167,808.0743158218709,812.3955688476562,203500,0.0,0.0
2017-07-05 00:00:00+09:00,811.6752502441406,813.8358764648438,800.1519104003906,813.8358764648438,167600,0.0,0.0
2017-07-06 00:00:00+09:00,813.835986522918,817.4370307110726,807.3541069842399,812.3955688476562,161600,0.0,0.0
2017-07-07 00:00:00+09:00,807.3539612793838,813.8358396482638,803.0327090334638,809.5145874023438,192300,0.0,0.0
2017-07-10 00:00:00+09:00,814.5560486808655,822.4783444682126,809.5145877252811,816.7166748046875,176600,0.0,0.0
2017-07-11 00:00:00+09:00,815.276306045452,822.4783935546875,810.9550535399108,822.4783935546875,185700,0.0,0.0
2017-07-12 00:00:00+09:00,818.877213723319,820.317630985805,805.9134583609446,806.6336669921875,211800,0.0,0.0
2017-07-13 00:00:00+09:00,814.5561223183909,818.8773749566847,802.3125731765583,803.7529907226562,213100,0.0,0.0
2017-07-14 00:00:00+09:00,802.3124028241698,808.0740717852051,801.5921942040404,805.1932373046875,112300,0.0,0.0
2017-07-17 00:00:00+09:00,805.1932373046875,805.1932373046875,805.1932373046875,805.1932373046875,0,0.0,0.0
2017-07-18 00:00:00+09:00,803.7530329526797,810.2349122506852,803.0328241417902,808.7944946289062,165000,0.0,0.0
2017-07-19 00:00:00+09:00,807.3539917956747,821.0379577583133,806.6337830607989,820.3177490234375,196100,0.0,0.0
2017-07-20 00:00:00+09:00,823.1986985280723,841.2039194057643,821.758280857857,834.0018310546875,286700,0.0,0.0
2017-07-21 00:00:00+09:00,835.4422358256057,840.4836975935189,831.8411917056677,839.7634887695312,174400,0.0,0.0
2017-07-24 00:00:00+09:00,849.8463628063463,853.4474067165427,839.7634398577965,841.203857421875,147600,0.0,0.0
2017-07-25 00:00:00+09:00,852.0069396972656,852.0069396972656,842.6442260742188,849.8463134765625,168500,0.0,0.0
2017-07-26 00:00:00+09:00,851.2868724149815,851.2868724149815,837.6029040766697,844.8049926757812,165200,0.0,0.0
2017-07-27 00:00:00+09:00,844.8049069470122,858.488873896708,844.0846981601861,849.1261596679688,233300,0.0,0.0
2017-07-28 00:00:00+09:00,847.6854921091594,851.2865349813309,843.3642406625537,848.4057006835938,96300,0.0,0.0
2017-07-31 00:00:00+09:00,842.6441472004102,852.0068599470815,839.7633125091268,847.6856079101562,156200,0.0,0.0
2017-08-01 00:00:00+09:00,851.2868603348834,853.4474868839567,840.4837275895168,843.3645629882812,172500,0.0,0.0
2017-08-02 00:00:00+09:00,842.644102951576,847.6855633965854,834.7218079665612,835.4420166015625,148300,0.0,0.0
2017-08-03 00:00:00+09:00,832.5614133844722,836.8826663951182,831.1209957142568,834.0018310546875,105700,0.0,0.0
2017-08-04 00:00:00+09:00,830.4006112704835,841.9239501953125,829.6804025876818,841.9239501953125,113700,0.0,0.0
2017-08-07 00:00:00+09:00,842.6440320881194,853.4471607046338,841.2036149392509,848.4057006835938,170100,0.0,0.0
2017-08-08 00:00:00+09:00,849.8462701274317,850.5664788309296,834.0016786504797,837.6027221679688,118500,0.0,0.0
2017-08-09 00:00:00+09:00,794.3902088720474,807.3539656804761,758.3797732930788,767.0222778320312,891900,0.0,0.0
2017-08-10 00:00:00+09:00,786.4679818502286,790.0690257231693,759.8202571904682,767.7425537109375,445200,0.0,0.0
2017-08-11 00:00:00+09:00,767.7425537109375,767.7425537109375,767.7425537109375,767.7425537109375,0,0.0,0.0
2017-08-14 00:00:00+09:00,758.3797312532919,776.3849480446805,756.9393139099808,769.182861328125,297700,0.0,0.0
2017-08-15 00:00:00+09:00,774.9446713203197,779.9861329367159,766.302165692212,778.5457153320312,233900,0.0,0.0
2017-08-16 00:00:00+09:00,778.545691478554,778.545691478554,768.4627685546875,768.4627685546875,172400,0.0,0.0
2017-08-17 00:00:00+09:00,767.0222778320312,774.9445736594043,767.0222778320312,767.0222778320312,133700,0.0,0.0
2017-08-18 00:00:00+09:00,761.2606506927839,761.2606506927839,751.1777281670517,757.6596069335938,230300,0.0,0.0
2017-08-21 00:00:00+09:00,767.0222537257091,776.3849666819854,763.4212102809875,771.343505859375,182100,0.0,0.0
2017-08-22 00:00:00+09:00,769.9032291613127,772.7840644434879,764.8617674175061,766.3021850585938,161100,0.0,0.0
2017-08-23 00:00:00+09:00,772.0636960147473,772.0636960147473,761.9807746115696,769.182861328125,172500,0.0,0.0
2017-08-24 00:00:00+09:00,769.9032291613127,778.5457350078382,764.1415585969623,766.3021850585938,213900,0.0,0.0
2017-08-25 00:00:00+09:00,764.1414189699318,772.7839232372637,756.2191233915441,771.343505859375,219900,0.0,0.0
2017-08-28 00:00:00+09:00,771.3435181460421,772.783935546875,764.8616398422938,772.783935546875,243000,0.0,0.0
2017-08-29 00:00:00+09:00,766.3019682940314,784.3071837144739,766.3019682940314,783.5869750976562,193400,0.0,0.0
2017-08-30 00:00:00+09:00,787.1880740197877,798.7114127062621,785.7476566839783,790.0689086914062,283500,0.0,0.0
2017-08-31 00:00:00+09:00,793.6700010256136,803.7529229987157,785.0274964772402,788.6285400390625,320500,0.0,0.0
2017-09-01 00:00:00+09:00,800.8721435108562,812.3954837052569,795.1104734136558,802.3125610351562,282200,0.0,0.0
2017-09-04 00:00:00+09:00,797.9912532998002,798.7114620121646,784.3072877648758,788.6285400390625,252200,0.0,0.0
2017-09-05 00:00:00+09:00,790.7891720935127,791.5093808112663,776.3849977384396,782.1466674804688,255100,0.0,0.0
2017-09-06 00:00:00+09:00,769.9031796933994,779.2658937588943,769.1829709191305,774.9446411132812,267000,0.0,0.0
2017-09-07 00:00:00+09:00,779.2659482331869,786.4680364793346,776.3851129347278,781.4265747070312,163800,0.0,0.0
2017-09-08 00:00:00+09:00,773.5041201841622,785.0274590323434,770.6232854721169,777.1051635742188,169500,0.0,0.0
2017-09-11 00:00:00+09:00,781.4264648774401,790.0689695581123,778.5456299838827,782.8668823242188,178400,0.0,0.0
2017-09-12 00:00:00+09:00,790.7892451647817,800.1519593607218,789.3488275961755,797.9913330078125,197100,0.0,0.0
2017-09-13 00:00:00+09:00,801.5923457108145,823.1986083984375,801.5923457108145,823.1986083984375,252100,0.0,0.0
2017-09-14 00:00:00+09:00,818.1571661836357,821.7582100488806,803.7529907226562,803.7529907226562,232500,0.0,0.0
2017-09-15 00:00:00+09:00,803.7528998984582,816.7166563484333,801.5922738234623,814.5560302734375,232400,0.0,0.0
2017-09-18 00:00:00+09:00,814.5560302734375,814.5560302734375,814.5560302734375,814.5560302734375,0,0.0,0.0
2017-09-19 00:00:00+09:00,823.1986512836656,823.9188600774397,813.1157281708299,821.0380249023438,167700,0.0,0.0
2017-09-20 00:00:00+09:00,822.4783084882677,836.1622733405243,820.317682458964,826.799560546875,177500,0.0,0.0
2017-09-21 00:00:00+09:00,832.5613216035767,861.3696718320741,831.1209040921518,852.0069580078125,399000,0.0,0.0
2017-09-22 00:00:00+09:00,852.006988319885,865.6909551652593,842.6442741625236,855.6080322265625,275200,0.0,0.0
2017-09-25 00:00:00+09:00,859.9292849145754,871.4526254159432,850.566570757214,855.6080322265625,226000,0.0,0.0
2017-09-26 00:00:00+09:00,864.2503971084025,870.7322750867155,858.4887277943465,867.8514404296875,263100,0.0,0.0
2017-09-27 00:00:00+09:00,870.0122006117759,892.3386726473431,870.0122006117759,876.4940795898438,468500,0.0,0.0
2017-09-28 00:00:00+09:00,882.975841193799,882.975841193799,862.8099981649032,870.0120849609375,204700,0.0,0.0
2017-09-29 00:00:00+09:00,866.411205150463,876.4941285686729,863.5303698881173,875.0537109375,158400,0.0,0.0
2017-10-02 00:00:00+09:00,877.9344725963626,881.5355163723937,874.3334288203316,880.8153076171875,138900,0.0,0.0
2017-10-03 00:00:00+09:00,879.3748596887248,886.5769469916627,874.3333985766682,884.4163208007812,156600,0.0,0.0
2017-10-04 00:00:00+09:00,886.5769471877661,909.6236265622653,886.5769471877661,898.8204956054688,417700,0.0,0.0
2017-10-05 00:00:00+09:00,903.1416502151245,908.9033194349977,897.3799809952513,901.7012329101562,199400,0.0,0.0
2017-10-06 00:00:00+09:00,911.7842651367188,932.6703186035156,911.0640563964844,929.0692749023438,428300,0.0,0.0
2017-10-09 00:00:00+09:00,929.0692749023438,929.0692749023438,929.0692749023438,929.0692749023438,0,0.0,0.0
2017-10-10 00:00:00+09:00,936.2714542109073,936.9916630218388,926.1885308578668,932.67041015625,271300,0.0,0.0
2017-10-11 00:00:00+09:00,928.3491640461733,935.5512522078969,924.7481199653115,926.1885375976562,229300,0.0,0.0
2017-10-12 00:00:00+09:00,932.6703844207602,960.0383184809833,931.9501756297017,951.3958129882812,403400,0.0,0.0
2017-10-13 00:00:00+09:00,957.1573486328125,964.3594355299745,950.6754704253668,957.1573486328125,294600,0.0,0.0
2017-10-16 00:00:00+09:00,957.1575136486762,970.1212722985454,952.1160519515048,954.9968872070312,231200,0.0,0.0
2017-10-17 00:00:00+09:00,957.8776121935462,958.5978209245187,947.0744812289573,949.235107421875,221800,0.0,0.0
2017-10-18 00:00:00+09:00,949.2352978478324,952.8363422251003,940.5927913423893,942.75341796875,231700,0.0,0.0
2017-10-19 00:00:00+09:00,943.4733320335193,947.7945839359629,927.6287417245595,929.7893676757812,350200,0.0,0.0
2017-10-20 00:00:00+09:00,931.229895047723,954.2765745848669,931.229895047723,935.5511474609375,280800,0.0,0.0
2017-10-23 00:00:00+09:00,938.4320194704522,945.6341071102869,925.46826171875,925.46826171875,209500,0.0,0.0
2017-10-24 00:00:00+09:00,922.5873539121411,932.6702758128203,918.2661016689929,931.2298583984375,135100,0.0,0.0
2017-10-25 00:00:00+09:00,931.9502013453185,940.5927070764961,929.0693661015927,932.67041015625,167600,0.0,0.0
2017-10-26 00:00:00+09:00,929.7894352269794,947.0744440925469,926.9086004160515,937.7117309570312,205000,0.0,0.0
2017-10-27 00:00:00+09:00,944.1935922179212,960.0381833916773,939.1521313899078,957.1573486328125,203300,0.0,0.0
2017-10-30 00:00:00+09:00,959.3179747019611,960.0381833916773,949.9552617356507,957.1573486328125,226100,0.0,0.0
2017-10-31 00:00:00+09:00,955.7172422836494,983.8053903236361,955.7172422836494,980.204345703125,222100,0.0,0.0
2017-11-01 00:00:00+09:00,985.2454392145864,985.9656478689831,970.1210574722572,973.0018920898438,171000,0.0,0.0
2017-11-02 00:00:00+09:00,973.0020505923422,979.4839295378131,966.5201716468715,977.3233032226562,111300,0.0,0.0
2017-11-03 00:00:00+09:00,977.3233032226561,977.3233032226561,977.3233032226561,977.3233032226562,0,0.0,0.0
2017-11-06 00:00:00+09:00,977.3233035398397,980.9243473996033,963.6393368727381,970.1212158203125,155400,0.0,0.0
2017-11-07 00:00:00+09:00,974.4425409919116,986.6860910265476,972.2819145152112,978.7637939453125,167300,0.0,0.0
2017-11-08 00:00:00+09:00,978.7636285318525,979.4838372357023,957.1573674163591,966.5200805664062,213000,0.0,0.0
2017-11-09 00:00:00+09:00,1026.2975607576486,1163.1372355253352,1026.2975607576486,1064.4686279296875,1750100,0.0,0.0
2017-11-10 00:00:00+09:00,1047.1833796846695,1129.2871659873188,1041.4217104704485,1093.2767333984375,693200,0.0,0.0
2017-11-13 00:00:00+09:00,1065.9089551416757,1066.6291638951498,988.8466185199464,996.0487060546875,866500,0.0,0.0
2017-11-14 00:00:00+09:00,985.9657653808594,990.2870178222656,961.4786682128906,979.48388671875,766500,0.0,0.0
2017-11-15 00:00:00+09:00,983.0849930612665,1003.2508390727796,950.6755976856202,957.877685546875,559000,0.0,0.0
2017-11-16 00:00:00+09:00,974.4424013553914,993.167828136796,965.7998966870509,983.8051147460938,277300,0.0,0.0
2017-11-17 00:00:00+09:00,998.2092596213363,1014.0538510438972,991.7273813121069,1009.0123901367188,388500,0.0,0.0
2017-11-20 00:00:00+09:00,1010.4527277912364,1016.9346055888993,996.048554907541,1006.8516845703125,249100,0.0,0.0
2017-11-21 00:00:00+09:00,1015.4945276045405,1019.815780913496,997.4893054838926,1003.2509765625,195900,0.0,0.0
2017-11-22 00:00:00+09:00,1006.1317618264846,1012.6136414660253,998.2094644892682,1011.8934326171875,154500,0.0,0.0
2017-11-23 00:00:00+09:00,1011.8934326171875,1011.8934326171875,1011.8934326171875,1011.8934326171875,0,0.0,0.0
2017-11-24 00:00:00+09:00,1008.2922791444837,1014.774158081841,998.2093563530389,1006.1316528320312,164800,0.0,0.0
2017-11-27 00:00:00+09:00,1021.976381924938,1021.976381924938,1000.3701159222966,1007.5722045898438,155700,0.0,0.0
2017-11-28 00:00:00+09:00,1008.2922776649965,1046.4633424623141,1006.8518601254751,1042.14208984375,336100,0.0,0.0
2017-11-29 00:00:00+09:00,1037.1004777274281,1052.945068359375,1024.1367217558354,1052.945068359375,237300,0.0,0.0
2017-11-30 00:00:00+09:00,1060.8674863365773,1084.6343750325086,1057.986651343131,1081.7535400390625,470100,0.0,0.0
2017-12-01 00:00:00+09:00,1087.5151916056018,1093.276861494903,1066.6291382568847,1079.5928955078125,263700,0.0,0.0
2017-12-04 00:00:00+09:00,1079.5929682168007,1099.0386054028272,1079.5929682168007,1088.2354736328125,302300,0.0,0.0
2017-12-05 00:00:00+09:00,1082.4735628074482,1104.0798215461198,1068.7895989396227,1102.639404296875,207500,0.0,0.0
2017-12-06 00:00:00+09:00,1094.7173294244205,1094.7173294244205,1048.6239681854977,1056.5462646484375,380200,0.0,0.0
2017-12-07 00:00:00+09:00,1063.7481786755548,1094.7171507019928,1055.1056748542233,1093.2767333984375,182000,0.0,0.0
2017-12-08 00:00:00+09:00,1073.1110229492188,1094.71728515625,1073.1110229492188,1094.71728515625,197300,0.0,0.0
2017-12-11 00:00:00+09:00,1104.0800048511264,1109.8416748046875,1086.7949949904435,1109.8416748046875,151200,0.0,0.0
2017-12-12 00:00:00+09:00,965.7997561989832,978.0433026981501,931.949951171875,931.949951171875,2160700,0.0,0.0
2017-12-13 00:00:00+09:00,943.4733027740058,962.1987271038715,936.99142512136,940.5924682617188,1347400,0.0,0.0
2017-12-14 00:00:00+09:00,942.0332090932965,958.5980132287291,941.3130002178428,942.75341796875,887600,0.0,0.0
2017-12-15 00:00:00+09:00,939.8723375023669,939.8723375023669,915.3852421191635,921.1469116210938,1283500,0.0,0.0
2017-12-18 00:00:00+09:00,921.1469361683585,954.2765366873143,914.6650578059541,924.0277709960938,2041900,0.0,0.0
2017-12-19 00:00:00+09:00,920.426794510247,923.3076295478378,908.903454359884,917.5459594726562,2138800,0.0,0.0
2017-12-20 00:00:00+09:00,917.5458295598377,926.1883334489413,902.4214477539062,902.4214477539062,1298900,0.0,0.0
2017-12-21 00:00:00+09:00,906.0224609375,912.5043386389607,901.7012091365262,906.0224609375,710300,0.0,0.0
2017-12-22 00:00:00+09:00,907.462922219669,923.3075129250918,901.7012528722425,918.2660522460938,810400,0.0,0.0
2017-12-25 00:00:00+09:00,923.3076049804687,942.7532409667969,916.8257263183593,929.0692749023438,976400,0.0,0.0
2017-12-26 00:00:00+09:00,934.8310433917245,941.3129227372758,918.9864494359326,926.1885375976562,660100,0.0,0.0
2017-12-27 00:00:00+09:00,927.6288755216327,948.5149293959553,912.5044916816062,938.4320068359375,4557200,0.0,0.0
2017-12-28 00:00:00+09:00,941.3127548778494,941.3127548778494,919.7064942456111,921.1469116210938,833600,0.0,0.0
2017-12-29 00:00:00+09:00,919.7065065191837,929.0692195847665,916.8256717297735,922.5873413085938,464200,0.0,0.0
2018-01-01 00:00:00+09:00,922.5873413085938,922.5873413085938,922.5873413085938,922.5873413085938,0,0.0,0.0
2018-01-02 00:00:00+09:00,922.5873413085938,922.5873413085938,922.5873413085938,922.5873413085938,0,0.0,0.0
2018-01-03 00:00:00+09:00,922.5873413085938,922.5873413085938,922.5873413085938,922.5873413085938,0,0.0,0.0
2018-01-04 00:00:00+09:00,930.5099232442941,938.4322213524111,921.1472072983375,934.8311767578125,911300,0.0,0.0
2018-01-05 00:00:00+09:00,937.711731695732,957.1573666848141,929.06922725614,952.1159057617188,1072400,0.0,0.0
2018-01-08 00:00:00+09:00,952.1159057617188,952.1159057617188,952.1159057617188,952.1159057617188,0,0.0,0.0
2018-01-09 00:00:00+09:00,973.7222710463842,990.2870729946585,965.799974462427,985.9658203125,1277300,0.0,0.0
2018-01-10 00:00:00+09:00,991.0072019697108,994.6082455815193,978.7636536895617,983.8051147460938,839500,0.0,0.0
2018-01-11 00:00:00+09:00,978.0433926558613,1024.856957105516,967.9604710820896,1013.3336181640625,1368300,0.0,0.0
2018-01-12 00:00:00+09:00,1009.7327205190247,1020.5358523362753,1001.0902150652242,1016.214599609375,734200,0.0,0.0
2018-01-15 00:00:00+09:00,1024.13671417554,1042.141930669484,1019.0952535572357,1037.8206787109375,609100,0.0,0.0
2018-01-16 00:00:00+09:00,1042.1421576700222,1046.463410569829,1027.7379813373336,1035.6602783203125,469700,0.0,0.0
2018-01-17 00:00:00+09:00,1024.8569999705771,1036.3803393939988,996.7688601259864,1003.970947265625,776400,0.0,0.0
2018-01-18 00:00:00+09:00,1009.0123567834364,1014.0538175239675,974.4423402769376,976.6029663085938,842200,0.0,0.0
2018-01-19 00:00:00+09:00,981.6444889305302,1006.8517942222167,979.4838627626714,998.2092895507812,663000,0.0,0.0
2018-01-22 00:00:00+09:00,996.7688780807463,998.9295042615571,983.0849122689441,991.7274169921875,394400,0.0,0.0
2018-01-23 00:00:00+09:00,996.7688844854182,1014.0538940429688,993.1678408275951,1014.0538940429688,654100,0.0,0.0
2018-01-24 00:00:00+09:00,1016.2145503751949,1047.903735503833,1016.2145503751949,1039.26123046875,697000,0.0,0.0
2018-01-25 00:00:00+09:00,1034.2197081625088,1050.784508502159,1027.7378297687326,1032.05908203125,682900,0.0,0.0
2018-01-26 00:00:00+09:00,1034.9399843537406,1037.1006106258778,1022.6964354782963,1025.5772705078125,391300,0.0,0.0
2018-01-29 00:00:00+09:00,1029.178209208561,1035.6600873631287,1011.8932007963808,1013.3336181640625,360600,0.0,0.0
2018-01-30 00:00:00+09:00,1009.7326292895997,1019.095342685295,991.0072024982092,1005.411376953125,381500,0.0,0.0
2018-01-31 00:00:00+09:00,993.8879572346709,1005.4112958692757,986.6858705880428,988.8464965820312,413000,0.0,0.0
2018-02-01 00:00:00+09:00,996.0485869010233,1034.219646268886,994.608169566387,1024.85693359375,764400,0.0,0.0
2018-02-02 00:00:00+09:00,1028.4579754460308,1029.1781841123095,1001.8102547937176,1010.4527587890625,448200,0.0,0.0
2018-02-05 00:00:00+09:00,979.4839298556979,988.8466438910832,960.0382930129745,970.1212158203125,631000,0.0,0.0
2018-02-06 00:00:00+09:00,905.3024789097797,921.1470728127352,864.2505765248493,896.6599731445312,1033900,0.0,0.0
2018-02-07 00:00:00+09:00,936.2715178844975,942.7533976236979,843.3645749559589,844.8049926757812,1751900,0.0,0.0
2018-02-08 00:00:00+09:00,864.2505879304847,864.2505879304847,828.96035558999,846.965576171875,1161300,0.0,0.0
2018-02-09 00:00:00+09:00,806.6337415907118,830.4006286197238,800.1518633100721,829.680419921875,867700,0.0,0.0
2018-02-12 00:00:00+09:00,829.680419921875,829.680419921875,829.680419921875,829.680419921875,0,0.0,0.0
2018-02-13 00:00:00+09:00,849.1260666620163,850.5664840778976,815.2762573888062,816.7166748046875,1518500,0.0,0.0
2018-02-14 00:00:00+09:00,813.8359014538751,815.2763189785722,783.5871334352355,795.1104736328125,1184100,0.0,0.0
2018-02-15 00:00:00+09:00,805.9136402330901,831.1209480151796,800.1519698828981,821.0380249023438,963500,0.0,0.0
2018-02-16 00:00:00+09:00,827.5198003189992,844.804809202947,820.317713284021,837.6027221679688,478700,0.0,0.0
2018-02-19 00:00:00+09:00,854.1674758088044,869.2918577582014,847.6855978304914,867.8514404296875,341200,0.0,0.0
2018-02-20 00:00:00+09:00,871.4525216890486,887.2971129924858,865.6908521241622,886.576904296875,529800,0.0,0.0
2018-02-21 00:00:00+09:00,889.4578610035223,904.5822456845539,888.0174434148527,893.7791137695312,556200,0.0,0.0
2018-02-22 00:00:00+09:00,885.8567504882812,889.4577941894531,867.1313232421875,871.4525756835938,471400,0.0,0.0
2018-02-23 00:00:00+09:00,880.0948380136878,888.7373405146404,871.452335512735,885.8565063476562,293100,0.0,0.0
2018-02-26 00:00:00+09:00,899.5406979138811,900.9811153645038,881.5354797810973,883.6961059570312,261800,0.0,0.0
2018-02-27 00:00:00+09:00,893.0588254631056,894.4992429235299,872.8929810171645,877.2142333984375,327400,0.0,0.0
2018-02-28 00:00:00+09:00,872.8929810171645,883.6961119703471,870.0121460963157,877.2142333984375,507300,0.0,0.0
2018-03-01 00:00:00+09:00,867.1312986648203,872.8929684233906,855.6079591476798,861.36962890625,375700,0.0,0.0
2018-03-02 00:00:00+09:00,842.6441478648904,860.6493646996103,838.3228958245577,854.8876953125,407000,0.0,0.0
2018-03-05 00:00:00+09:00,850.5665848972486,857.0484640370245,823.1986507515285,828.2401123046875,329200,0.0,0.0
2018-03-06 00:00:00+09:00,843.3644470110689,852.727160769518,841.2038207591191,844.0846557617188,288600,0.0,0.0
2018-03-07 00:00:00+09:00,841.9240662039142,858.4888681908176,826.7996817810895,841.203857421875,327900,0.0,0.0
2018-03-08 00:00:00+09:00,852.0069706863599,852.0069706863599,836.8825865913358,839.043212890625,250900,0.0,0.0
2018-03-09 00:00:00+09:00,846.2452942102487,860.6494694308487,838.3229978389188,845.5250854492188,233900,0.0,0.0
2018-03-12 00:00:00+09:00,858.4886971028645,866.4109921264647,851.2866107177734,864.2503662109375,298000,0.0,0.0
2018-03-13 00:00:00+09:00,860.6494326035573,879.374859589074,856.3281802222842,877.2142333984375,245900,0.0,0.0
2018-03-14 00:00:00+09:00,876.4940368652343,882.9759155273438,865.6909057617187,878.6546630859375,297100,0.0,0.0
2018-03-15 00:00:00+09:00,873.6131473325688,881.5354429802672,862.810016903889,879.3748168945312,244000,0.0,0.0
2018-03-16 00:00:00+09:00,877.9345292468998,883.6961996603331,854.8878475931666,858.4888916015625,459100,0.0,0.0
2018-03-19 00:00:00+09:00,860.6493315967554,864.2503748251937,832.5611944149366,836.8824462890625,327900,0.0,0.0
2018-03-20 00:00:00+09:00,828.9603977577359,847.6858281154258,828.9603977577359,844.8049926757812,213000,0.0,0.0
2018-03-21 00:00:00+09:00,844.8049926757811,844.8049926757811,844.8049926757811,844.8049926757812,0,0.0,0.0
2018-03-22 00:00:00+09:00,845.5252122066191,854.1677186346254,837.6029146476134,853.447509765625,180000,0.0,0.0
2018-03-23 00:00:00+09:00,828.960253841946,835.4421324558275,814.5560791444318,820.3177490234375,372100,0.0,0.0
2018-03-26 00:00:00+09:00,810.234785079956,830.4006286197238,800.8720720079209,829.680419921875,296000,0.0,0.0
2018-03-27 00:00:00+09:00,843.3644529392633,856.328210542087,835.4421566264265,852.0069580078125,341000,0.0,0.0
2018-03-28 00:00:00+09:00,847.1891959435885,859.0483622910053,837.5536232863124,846.447998046875,321900,33.5,0.0
2018-03-29 00:00:00+09:00,856.083605153102,860.5307927123389,842.0008445488518,855.3424072265625,198100,0.0,0.0
2018-03-30 00:00:00+09:00,864.236651007226,877.5782116574233,863.4954531933261,868.683837890625,184800,0.0,0.0
2018-04-02 00:00:00+09:00,872.3898927355673,876.8370799542703,859.7895289492423,862.0131225585938,195500,0.0,0.0
2018-04-03 00:00:00+09:00,855.3422336643913,867.9425958587541,852.3774425598353,862.7542114257812,216000,0.0,0.0
2018-04-04 00:00:00+09:00,869.4249889756212,885.731340005002,864.2366045571819,879.8017578125,258400,0.0,0.0
2018-04-05 00:00:00+09:00,896.8493527578507,917.6028914993548,890.9197702602783,906.4849243164062,457400,0.0,0.0
2018-04-06 00:00:00+09:00,904.261436050174,907.9674255421829,890.9198738789419,891.6610717773438,354500,0.0,0.0
2018-04-09 00:00:00+09:00,895.367087412474,895.367087412474,884.2491186118225,893.1434936523438,161000,0.0,0.0
2018-04-10 00:00:00+09:00,893.1434323201794,914.6381705253954,891.6610365818887,913.89697265625,337600,0.0,0.0
2018-04-11 00:00:00+09:00,914.638104258102,914.638104258102,893.1433676102212,899.8141479492188,217500,0.0,0.0
2018-04-12 00:00:00+09:00,900.5552549619932,908.7084301097973,895.366870777027,905.00244140625,219100,0.0,0.0
2018-04-13 00:00:00+09:00,910.190987582353,920.5677577990899,907.2261960918568,917.6029663085938,237900,0.0,0.0
2018-04-16 00:00:00+09:00,919.8264901718655,924.2736770703597,913.1557098241244,920.5676879882812,213300,0.0,0.0
2018-04-17 00:00:00+09:00,919.8266178972902,919.8266178972902,895.3670865591673,903.520263671875,342600,0.0,0.0
2018-04-18 00:00:00+09:00,910.9320995605468,926.4972534179688,910.1909017578124,926.4972534179688,235000,0.0,0.0
2018-04-19 00:00:00+09:00,927.2384333472544,936.874004597066,918.3440598858898,922.050048828125,273800,0.0,0.0
2018-04-20 00:00:00+09:00,919.8263881096938,939.8387269323865,919.8263881096938,935.3915405273438,289600,0.0,0.0
2018-04-23 00:00:00+09:00,945.7684109518544,950.2155978372081,936.1328393669218,947.9920043945312,213400,0.0,0.0
2018-04-24 00:00:00+09:00,950.9568092782494,960.5923810012558,950.2156114534027,959.1099853515625,307600,0.0,0.0
2018-04-25 00:00:00+09:00,962.0747223015378,988.7578424886375,958.3687333866628,983.5694580078125,611400,0.0,0.0
2018-04-26 00:00:00+09:00,994.6875745832157,995.428772477838,976.1576272176566,985.052001953125,358900,0.0,0.0
2018-04-27 00:00:00+09:00,977.6400925891804,985.0520720629422,976.1576966944281,982.0872802734375,262400,0.0,0.0
2018-04-30 00:00:00+09:00,982.0872802734375,982.0872802734375,982.0872802734375,982.0872802734375,0,0.0,0.0
2018-05-01 00:00:00+09:00,990.9815281263177,993.9463195343246,979.12236249429,988.7579345703125,415900,0.0,0.0
2018-05-02 00:00:00+09:00,988.0165932997003,991.7225820217546,971.710242922661,990.9813842773438,293400,0.0,0.0
2018-05-03 00:00:00+09:00,990.9813842773438,990.9813842773438,990.9813842773438,990.9813842773438,0,0.0,0.0
2018-05-04 00:00:00+09:00,990.9813842773438,990.9813842773438,990.9813842773438,990.9813842773438,0,0.0,0.0
2018-05-07 00:00:00+09:00,993.9461752549873,1003.5817459323288,988.7577910441112,990.9813842773438,353200,0.0,0.0
2018-05-08 00:00:00+09:00,998.3935640563276,1001.358355634817,984.3108040585026,985.052001953125,299000,0.0,0.0
2018-05-09 00:00:00+09:00,1016.1823532657584,1068.8074058418845,1014.6999574185435,1042.865478515625,1702200,0.0,0.0
2018-05-10 00:00:00+09:00,1041.3829954789273,1074.736899248715,1038.418204032724,1072.5133056640625,896100,0.0,0.0
2018-05-11 00:00:00+09:00,1078.4429653813456,1100.6789028118887,1035.453486348962,1042.124267578125,846000,0.0,0.0
2018-05-14 00:00:00+09:00,1032.4886388992452,1048.794992133835,1021.3706707847523,1025.07666015625,275000,0.0,0.0
2018-05-15 00:00:00+09:00,1012.4763975522656,1017.6647831912596,1002.8408242227052,1006.5468139648438,402000,0.0,0.0
2018-05-16 00:00:00+09:00,1005.8056586113368,1021.3708161874886,1000.6172727526194,1012.4764404296875,294800,0.0,0.0
2018-05-17 00:00:00+09:00,1008.7700621432484,1008.7700621432484,996.910899032086,1004.3228759765625,267900,0.0,0.0
2018-05-18 00:00:00+09:00,1019.1469585194307,1020.6293540954589,1002.0994093951057,1008.0289916992188,356000,0.0,0.0
2018-05-21 00:00:00+09:00,1007.2878023670838,1007.2878023670838,995.4286376593036,1005.064208984375,300900,0.0,0.0
2018-05-22 00:00:00+09:00,1005.0643177687294,1019.1470773834831,996.9111411496616,1014.6998901367188,273500,0.0,0.0
2018-05-23 00:00:00+09:00,1008.7700598117223,1016.1820367390678,979.1221521023404,993.9461059570312,720200,0.0,0.0
2018-05-24 00:00:00+09:00,990.981444343688,995.4286310797105,975.4162907676091,980.6046752929688,239900,0.0,0.0
2018-05-25 00:00:00+09:00,966.5217656190636,984.3105097715617,965.7805679460428,975.4161376953125,205700,0.0,0.0
2018-05-28 00:00:00+09:00,982.0871102863847,985.793099381805,971.7103408192078,982.8283081054688,183900,0.0,0.0
2018-05-29 00:00:00+09:00,981.3459205744099,984.3107118752389,963.5571727694356,969.4867553710938,182500,0.0,0.0
2018-05-30 00:00:00+09:00,950.9568133283683,959.1099894364057,941.321241564324,952.439208984375,193600,0.0,0.0
2018-05-31 00:00:00+09:00,969.48696456307,995.4288940429688,965.7809746373703,995.4288940429688,457500,0.0,0.0
2018-06-01 00:00:00+09:00,992.4639715861637,1003.5819399011692,988.0167842601614,998.3935546875,254400,0.0,0.0
2018-06-04 00:00:00+09:00,1008.0290401094774,1020.6294031108458,1005.0642488150377,1017.6646118164062,306600,0.0,0.0
2018-06-05 00:00:00+09:00,1019.8881563074448,1021.370551883473,992.4638381509219,1008.0289916992188,388600,0.0,0.0
2018-06-06 00:00:00+09:00,1010.9937233764375,1013.958514354081,984.3106045776459,990.9813842773438,292500,0.0,0.0
2018-06-07 00:00:00+09:00,989.4992714497581,1002.8408346603167,984.3108857567631,993.2052612304688,161200,0.0,0.0
2018-06-08 00:00:00+09:00,985.793056087093,999.1346162446625,984.3106605140296,987.2754516601562,147900,0.0,0.0
2018-06-11 00:00:00+09:00,992.4640807441563,1024.335593419286,982.8285071446984,1022.1119995117188,272500,0.0,0.0
2018-06-12 00:00:00+09:00,1019.146950014176,1019.146950014176,1002.8405988139491,1010.9937744140625,178400,0.0,0.0
2018-06-13 00:00:00+09:00,1014.6996938248127,1034.712032563505,1010.9937051694992,1013.95849609375,322200,0.0,0.0
2018-06-14 00:00:00+09:00,1022.1117496714871,1028.0413319756003,1004.323002759148,1008.0289916992188,162700,0.0,0.0
2018-06-15 00:00:00+09:00,1010.9938304121166,1012.4762260578822,990.9814891942815,996.9110717773438,152200,0.0,0.0
2018-06-18 00:00:00+09:00,994.6875793457032,994.6875793457032,975.4164339932529,978.3812255859375,243100,0.0,0.0
2018-06-19 00:00:00+09:00,974.6751617738944,978.3811509821601,956.1452157325656,956.8864135742188,224300,0.0,0.0
2018-06-20 00:00:00+09:00,956.1450560960901,966.5218241467454,943.5446948917231,965.0394287109375,185300,0.0,0.0
2018-06-21 00:00:00+09:00,965.7808488516972,975.416421403556,960.5924636314655,967.2632446289062,138500,0.0,0.0
2018-06-22 00:00:00+09:00,957.627901042166,972.4518623586082,957.627901042166,966.5222778320312,139100,0.0,0.0
2018-06-25 00:00:00+09:00,965.0395454531615,973.9339191439741,949.4743914942395,950.956787109375,188500,0.0,0.0
2018-06-26 00:00:00+09:00,942.8035424861597,956.1451020496431,933.1679716903107,953.9215087890625,207000,0.0,0.0
2018-06-27 00:00:00+09:00,955.4038452805233,972.4513925586087,945.7682750798664,964.2982177734375,160300,0.0,0.0
2018-06-28 00:00:00+09:00,963.5572509765624,963.5572509765624,949.4744911545973,963.5572509765625,161300,0.0,0.0
2018-06-29 00:00:00+09:00,967.2628365174038,971.7100219726562,952.4388849998958,971.7100219726562,139500,0.0,0.0
2018-07-02 00:00:00+09:00,971.7103026767946,976.8986872067242,941.3211932872076,942.8035888671875,223000,0.0,0.0
2018-07-03 00:00:00+09:00,938.3564844615607,945.76846301181,907.9673724055386,919.8265380859375,314800,0.0,0.0
2018-07-04 00:00:00+09:00,913.8969860139441,919.0853711737961,903.5202156942399,904.2614135742188,159100,0.0,0.0
2018-07-05 00:00:00+09:00,903.5201222866397,903.5201222866397,873.8722101525416,878.3193969726562,245200,0.0,0.0
2018-07-06 00:00:00+09:00,881.2842624409993,890.9198346964519,875.354679514567,889.4374389648438,328500,0.0,0.0
2018-07-09 00:00:00+09:00,889.4375032044709,907.9674511878973,878.319534414415,903.520263671875,170100,0.0,0.0
2018-07-10 00:00:00+09:00,919.0853620538419,932.426923761075,910.9321854549771,917.6029663085938,270100,0.0,0.0
2018-07-11 00:00:00+09:00,912.4144850664,915.3792762445198,902.0377159429803,908.70849609375,203500,0.0,0.0
2018-07-12 00:00:00+09:00,909.4496407118745,934.6503642523828,909.4496407118745,933.16796875,261200,0.0,0.0
2018-07-13 00:00:00+09:00,941.321137263239,949.4743124678813,931.6855665668437,946.509521484375,168100,0.0,0.0
2018-07-16 00:00:00+09:00,946.509521484375,946.509521484375,946.509521484375,946.509521484375,0,0.0,0.0
2018-07-17 00:00:00+09:00,945.7685626609886,957.6277295909069,941.3213750622692,953.1805419921875,128300,0.0,0.0
2018-07-18 00:00:00+09:00,957.6274274712828,977.6397653518746,956.1450320727204,973.9337768554688,162600,0.0,0.0
2018-07-19 00:00:00+09:00,973.19274449713,973.9339423223372,964.2983705946428,969.4867553710938,242800,0.0,0.0
2018-07-20 00:00:00+09:00,973.9340127634448,973.9340127634448,948.7332848837209,956.145263671875,177700,0.0,0.0
2018-07-23 00:00:00+09:00,942.8035395154884,947.9919237738284,929.4619799940428,933.16796875,172400,0.0,0.0
2018-07-24 00:00:00+09:00,936.8741188226744,959.1100551871367,935.3917230650436,956.145263671875,109500,0.0,0.0
2018-07-25 00:00:00+09:00,963.5573495040812,982.0872985330059,961.3337556206103,976.15771484375,244200,0.0,0.0
2018-07-26 00:00:00+09:00,979.122409608157,1000.6171483505011,978.38121172049,998.3935546875,143600,0.0,0.0
2018-07-27 00:00:00+09:00,1001.3581889995917,1008.0289689411137,997.6522001431905,999.8757934570312,137300,0.0,0.0
2018-07-30 00:00:00+09:00,1001.3582032502921,1017.664554450519,999.8758076866352,1010.9937744140625,231700,0.0,0.0
2018-07-31 00:00:00+09:00,1004.3230719076006,1004.3230719076006,987.275521609538,994.6875,172500,0.0,0.0
2018-08-01 00:00:00+09:00,984.3107960668103,986.5343897326239,966.5220467403017,967.2632446289062,191500,0.0,0.0
2018-08-02 00:00:00+09:00,972.45166015625,985.7932225669302,968.7456705977277,972.45166015625,240500,0.0,0.0
2018-08-03 00:00:00+09:00,976.8985676525934,979.8633584497181,970.968986058344,973.9337768554688,119100,0.0,0.0
2018-08-06 00:00:00+09:00,983.5695671939703,988.7579522507584,945.0272782006873,962.0748291015625,272600,0.0,0.0
2018-08-07 00:00:00+09:00,948.7332589285713,963.5572160993303,948.7332589285713,954.662841796875,214300,0.0,0.0
2018-08-08 00:00:00+09:00,967.2634758978534,979.8638430168293,965.7810797662092,966.5222778320312,232900,0.0,0.0
2018-08-09 00:00:00+09:00,1037.6768456884176,1039.1592411822583,982.8282124163156,984.3106079101562,784600,0.0,0.0
2018-08-10 00:00:00+09:00,977.6398113752507,981.3458000461197,930.9443541223009,935.3915405273438,430200,0.0,0.0
2018-08-13 00:00:00+09:00,927.9795614389274,943.5447138272799,921.3087818439191,925.0147705078125,311500,0.0,0.0
2018-08-14 00:00:00+09:00,926.4975822776373,966.5222778320312,926.4975822776373,966.5222778320312,316300,0.0,0.0
2018-08-15 00:00:00+09:00,970.9692298302283,982.8283959960937,957.6276678936298,963.5572509765625,193700,0.0,0.0
2018-08-16 00:00:00+09:00,950.9567392414605,955.4039258630105,934.6503882957768,951.6979370117188,185800,0.0,0.0
2018-08-17 00:00:00+09:00,965.7805679460428,976.1573353683333,958.3685912158352,975.4161376953125,146200,0.0,0.0
2018-08-20 00:00:00+09:00,977.6398349441645,983.5694169605051,967.2630664155683,970.9690551757812,120200,0.0,0.0
2018-08-21 00:00:00+09:00,963.5574855687429,967.2634758978534,954.6631087788776,966.5222778320312,127900,0.0,0.0
2018-08-22 00:00:00+09:00,969.486858993186,986.534410795054,966.5220673754699,985.793212890625,119200,0.0,0.0
2018-08-23 00:00:00+09:00,984.3107037436369,985.793099381805,974.6751320955441,982.8283081054688,103500,0.0,0.0
2018-08-24 00:00:00+09:00,985.7931693996136,988.7579608865296,974.675201323678,979.8635864257812,77100,0.0,0.0
2018-08-27 00:00:00+09:00,991.7228549962894,1006.5468139648438,985.0520734604399,1006.5468139648438,243500,0.0,0.0
2018-08-28 00:00:00+09:00,1008.0291878099742,1021.3707505898121,1005.0643960811215,1008.7703857421875,143400,0.0,0.0
2018-08-29 00:00:00+09:00,1013.9588218506391,1028.7827812344203,1006.5468421587484,1022.1119995117188,254200,0.0,0.0
2018-08-30 00:00:00+09:00,1031.7474626188127,1045.0890246354352,1025.817879500314,1033.2298583984375,305100,0.0,0.0
2018-08-31 00:00:00+09:00,1021.3706972663373,1032.4886656690915,1013.958718331168,1016.1823120117188,154900,0.0,0.0
2018-09-03 00:00:00+09:00,1010.9940002211085,1010.9940002211085,968.7457172206663,982.0872802734375,309600,0.0,0.0
2018-09-04 00:00:00+09:00,971.7103704072817,976.1575574572007,950.2156329993404,956.8864135742188,394800,0.0,0.0
2018-09-05 00:00:00+09:00,949.474402828493,954.6627875434028,916.1205010897871,920.5676879882812,484000,0.0,0.0
2018-09-06 00:00:00+09:00,916.8618343840584,919.8266260878063,905.0026675690665,910.9322509765625,213400,0.0,0.0
2018-09-07 00:00:00+09:00,901.2966444565668,901.2966444565668,884.9902906917276,891.6610717773438,288500,0.0,0.0
2018-09-10 00:00:00+09:00,888.6963834628697,899.0731552464229,881.2844036174746,897.5907592773438,200400,0.0,0.0
2018-09-11 00:00:00+09:00,895.3668658607885,905.0024364371048,884.9900975478323,901.2964477539062,211200,0.0,0.0
2018-09-12 00:00:00+09:00,901.2966096571367,901.2966096571367,860.5307268190261,862.0131225585938,375500,0.0,0.0
2018-09-13 00:00:00+09:00,859.7895289492423,870.9074969959996,856.0835396003231,862.0131225585938,265700,0.0,0.0
2018-09-14 00:00:00+09:00,884.2489489971969,927.9796178914421,882.0253556635912,921.308837890625,573400,0.0,0.0
2018-09-17 00:00:00+09:00,921.308837890625,921.308837890625,921.308837890625,921.308837890625,0,0.0,0.0
2018-09-18 00:00:00+09:00,927.9795300940382,968.0042063121516,927.9795300940382,964.2982177734375,446500,0.0,0.0
2018-09-19 00:00:00+09:00,970.9691430001237,990.9814841153934,969.4867473619556,982.8283081054688,324300,0.0,0.0
2018-09-20 00:00:00+09:00,982.8283126452737,989.4990930478434,973.9339387751808,986.5343017578125,211700,0.0,0.0
2018-09-21 00:00:00+09:00,990.9813876324389,996.169771860881,976.157432694033,984.3106079101562,293000,0.0,0.0
2018-09-24 00:00:00+09:00,984.3106079101562,984.3106079101562,984.3106079101562,984.3106079101562,0,0.0,0.0
2018-09-25 00:00:00+09:00,983.5695408017253,990.9815192553932,976.8987601934242,981.345947265625,269100,0.0,0.0
2018-09-26 00:00:00+09:00,976.8988647460938,984.3108439930292,974.6752709720131,976.8988647460938,223600,0.0,0.0
2018-09-27 00:00:00+09:00,968.7456011090959,971.7103925432477,950.9568525041852,954.662841796875,217800,0.0,0.0
2018-09-28 00:00:00+09:00,959.8512615497295,975.4164171424278,954.6628763521634,963.5572509765625,256900,0.0,0.0
2018-10-01 00:00:00+09:00,965.0396382176599,967.2632318541062,954.6628679142442,956.145263671875,181600,0.0,0.0
2018-10-02 00:00:00+09:00,957.627901042166,972.4518623586082,955.4043068446997,966.5222778320312,452400,0.0,0.0
2018-10-03 00:00:00+09:00,956.145263671875,964.2984403388446,945.027295489644,956.145263671875,429300,0.0,0.0
2018-10-04 00:00:00+09:00,953.1803743164062,956.1451655273437,920.5676709960937,926.4972534179688,506200,0.0,0.0
2018-10-05 00:00:00+09:00,919.0852777366292,922.7912667597608,898.3317392070925,899.0729370117188,353100,0.0,0.0
2018-10-08 00:00:00+09:00,899.0729370117188,899.0729370117188,899.0729370117188,899.0729370117188,0,0.0,0.0
2018-10-09 00:00:00+09:00,890.1786547727212,890.1786547727212,872.3899056348816,873.131103515625,384900,0.0,0.0
2018-10-10 00:00:00+09:00,879.0605516922164,890.9197159646241,871.6485740219616,882.7665405273438,609800,0.0,0.0
2018-10-11 00:00:00+09:00,844.9655675297289,851.6363483260162,831.6240059371543,837.5535888671875,552000,0.0,0.0
2018-10-12 00:00:00+09:00,821.9883267970132,839.7770732741352,816.7999424078525,838.294677734375,676000,0.0,0.0
2018-10-15 00:00:00+09:00,830.8826706944326,831.6238684381386,807.9055406395464,816.0587158203125,603600,0.0,0.0
2018-10-16 00:00:00+09:00,816.8000489403221,820.5060382730821,801.2348937427297,806.4232788085938,488600,0.0,0.0
2018-10-17 00:00:00+09:00,824.2119550729986,847.1890869140625,813.8351858544537,847.1890869140625,436400,0.0,0.0
2018-10-18 00:00:00+09:00,856.82464025224,867.2014092518345,839.7770911814774,842.7418823242188,441900,0.0,0.0
2018-10-19 00:00:00+09:00,836.0710844247347,842.7418643536555,827.1767111861737,838.294677734375,228200,0.0,0.0
2018-10-22 00:00:00+09:00,833.8474911150945,844.9654576632958,829.400304495814,838.294677734375,165600,0.0,0.0
2018-10-23 00:00:00+09:00,830.1415436987238,833.8475327330931,812.3527963337511,813.093994140625,216500,0.0,0.0
2018-10-24 00:00:00+09:00,819.0236594460227,836.0712107286097,811.6116806275066,831.6240234375,263600,0.0,0.0
2018-10-25 00:00:00+09:00,799.7524718099565,810.1292416017448,793.8228890717919,794.5640869140625,320100,0.0,0.0
2018-10-26 00:00:00+09:00,803.4584567963691,815.3176222103376,789.3756978672815,801.23486328125,583700,0.0,0.0
2018-10-29 00:00:00+09:00,794.5639960684082,816.0587310366767,791.5992050383022,799.7523803710938,313900,0.0,0.0
2018-10-30 00:00:00+09:00,792.3404771274609,825.6943793451743,791.5992793004006,821.2471923828125,674800,0.0,0.0
2018-10-31 00:00:00+09:00,842.7419694568009,856.0835309785444,836.8123865582482,854.6011352539062,341200,0.0,0.0
2018-11-01 00:00:00+09:00,849.4126803180363,858.307053933932,842.7419001061146,847.1890869140625,189000,0.0,0.0
2018-11-02 00:00:00+09:00,843.4830979074393,848.6714825167118,835.3299220928683,847.1890869140625,275700,0.0,0.0
2018-11-05 00:00:00+09:00,837.5535071322267,854.6010563924402,836.0711115443821,850.1538696289062,203900,0.0,0.0
2018-11-06 00:00:00+09:00,855.3423200183445,856.8247157202826,844.965550104777,853.8599243164062,113800,0.0,0.0
2018-11-07 00:00:00+09:00,856.0835050001676,873.1310553161883,851.6363179612057,863.4954833984375,324200,0.0,0.0
2018-11-08 00:00:00+09:00,883.5079527158995,888.6963383442646,873.131181459169,877.578369140625,425700,0.0,0.0
2018-11-09 00:00:00+09:00,882.0254251457358,899.8141732159019,865.7190727480835,870.166259765625,450300,0.0,0.0
2018-11-12 00:00:00+09:00,870.1663119926517,875.354697157855,861.271937423732,873.131103515625,245400,0.0,0.0
2018-11-13 00:00:00+09:00,861.2719116210938,862.7543073381696,835.3299865722656,840.5183715820312,275000,0.0,0.0
2018-11-14 00:00:00+09:00,862.7544102024387,887.9551403973553,847.9304512642525,877.578369140625,447900,0.0,0.0
2018-11-15 00:00:00+09:00,860.5306709405734,884.9901990551633,854.6010883673395,876.0958251953125,313600,0.0,0.0
2018-11-16 00:00:00+09:00,873.8722795685098,880.5430603285748,865.7191030839859,875.3546752929688,242500,0.0,0.0
2018-11-19 00:00:00+09:00,881.2843772213474,881.2843772213474,868.6840118615805,871.6488037109375,154000,0.0,0.0
2018-11-20 00:00:00+09:00,864.236651007226,871.6486291462245,861.2718597516266,868.683837890625,125900,0.0,0.0
2018-11-21 00:00:00+09:00,859.7895332231914,869.4251055782788,855.3423459823817,865.7191162109375,189400,0.0,0.0
2018-11-22 00:00:00+09:00,870.166407786259,876.0959914849728,862.7544281628667,871.6488037109375,140500,0.0,0.0
2018-11-23 00:00:00+09:00,871.6488037109374,871.6488037109374,871.6488037109374,871.6488037109375,0,0.0,0.0
2018-11-26 00:00:00+09:00,864.977827304272,880.5429810089761,862.7542339178857,870.9074096679688,136300,0.0,0.0
2018-11-27 00:00:00+09:00,877.5782865116156,879.8018801429795,868.68391198616,869.4251098632812,131900,0.0,0.0
2018-11-28 00:00:00+09:00,877.578369140625,877.578369140625,870.1663896715319,877.578369140625,158800,0.0,0.0
2018-11-29 00:00:00+09:00,888.6960862310309,905.0024364371048,884.9900975478323,901.2964477539062,276700,0.0,0.0
2018-11-30 00:00:00+09:00,900.5554333780451,905.0026207033687,886.4726735145201,890.9198608398438,180800,0.0,0.0
2018-12-03 00:00:00+09:00,899.0729673268586,901.2965608157132,892.4021868602949,893.8845825195312,199200,0.0,0.0
2018-12-04 00:00:00+09:00,891.6610686473357,893.8846623347356,865.7191422943375,867.2015380859375,246800,0.0,0.0
2018-12-05 00:00:00+09:00,852.3776566901174,875.3547935226336,847.1892709537427,871.6488037109375,222000,0.0,0.0
2018-12-06 00:00:00+09:00,870.9074435171601,871.6486413414301,844.9655196677128,848.6715087890625,190500,0.0,0.0
2018-12-07 00:00:00+09:00,852.3775329853609,860.5307093878295,845.7067522924319,857.56591796875,123300,0.0,0.0
2018-12-10 00:00:00+09:00,843.4830971000678,854.6010641092954,833.8475256920706,836.8123168945312,131000,0.0,0.0
2018-12-11 00:00:00+09:00,839.777216976453,850.8951854271562,834.5888316994582,846.447998046875,204500,0.0,0.0
2018-12-12 00:00:00+09:00,855.3422695640757,886.4725774684874,846.4478958771009,882.025390625,274000,0.0,0.0
2018-12-13 00:00:00+09:00,887.2137355531275,887.2137355531275,873.130977845935,879.8017578125,146500,0.0,0.0
2018-12-14 00:00:00+09:00,879.0606513571371,884.249036314557,864.2366943359375,864.2366943359375,141600,0.0,0.0
2018-12-17 00:00:00+09:00,864.9778790780914,868.6838682772263,852.3775158010327,863.4954833984375,178800,0.0,0.0
2018-12-18 00:00:00+09:00,847.1891789563837,849.4127726019385,830.8828255556484,831.6240234375,164300,0.0,0.0
2018-12-19 00:00:00+09:00,821.9884638663178,834.5888280554318,811.6116933576358,832.365234375,250800,0.0,0.0
2018-12-20 00:00:00+09:00,820.5060971209219,827.9180763180397,789.3757844930279,792.340576171875,248400,0.0,0.0
2018-12-21 00:00:00+09:00,779.7401244996445,783.4461136845288,744.1626283247558,749.3510131835938,286400,0.0,0.0
2018-12-24 00:00:00+09:00,749.3510131835938,749.3510131835938,749.3510131835938,749.3510131835938,0,0.0,0.0
2018-12-25 00:00:00+09:00,697.4671321762706,706.3615058065737,686.3491651383918,692.2787475585938,605400,0.0,0.0
2018-12-26 00:00:00+09:00,721.1855800502651,748.6099032381991,721.1855800502651,740.4567260742188,300900,0.0,0.0
2018-12-27 00:00:00+09:00,813.8353158435161,822.7296908800572,785.6697948944691,792.340576171875,413800,0.0,0.0
2018-12-28 00:00:00+09:00,781.9638012764149,794.5641658467457,779.7402075287094,788.6345825195312,186100,0.0,0.0
2018-12-31 00:00:00+09:00,788.6345825195312,788.6345825195312,788.6345825195312,788.6345825195312,0,0.0,0.0
2019-01-04 00:00:00+09:00,773.0693142892753,784.1872814171172,762.6925449699562,775.2929077148438,218400,0.0,0.0
2019-01-07 00:00:00+09:00,799.0113001430736,814.576455340666,799.0113001430736,806.4232788085938,259800,0.0,0.0
2019-01-08 00:00:00+09:00,821.247275963494,822.7296717684821,799.7525367911642,808.6469116210938,267200,0.0,0.0
2019-01-09 00:00:00+09:00,824.9532388314071,824.9532388314071,805.6820939889843,807.1644897460938,186700,0.0,0.0
2019-01-10 00:00:00+09:00,801.9760525048603,810.870426469794,797.5288655223934,804.1996459960938,202000,0.0,0.0
2019-01-11 00:00:00+09:00,811.6116901362708,813.835283807877,802.7173154498458,807.9057006835938,164700,0.0,0.0
2019-01-15 00:00:00+09:00,813.0939441582223,832.3650859523096,807.1643620677339,830.8826904296875,187300,0.0,0.0
2019-01-16 00:00:00+09:00,836.0710916442049,839.0358827493261,824.953125,824.953125,143100,0.0,0.0
2019-01-17 00:00:00+09:00,833.8475648590196,844.9655323904732,833.8475648590196,839.0359497070312,119900,0.0,0.0
2019-01-18 00:00:00+09:00,843.4832404019307,860.5307927123389,841.2596466223124,855.3424072265625,155200,0.0,0.0
2019-01-21 00:00:00+09:00,866.4603010510117,867.2014989133307,852.377541666949,854.6011352539062,128300,0.0,0.0
2019-01-22 00:00:00+09:00,864.2366630987308,864.2366630987308,846.4479153162526,848.6715087890625,108800,0.0,0.0
2019-01-23 00:00:00+09:00,844.9654859597061,865.719024211348,840.5182991914971,860.5306396484375,124700,0.0,0.0
2019-01-24 00:00:00+09:00,856.8246728682275,869.4250357045249,853.1186837987282,868.683837890625,77400,0.0,0.0
2019-01-25 00:00:00+09:00,877.578268879657,882.0254560530336,871.6486859818215,875.3546752929688,113700,0.0,0.0
2019-01-28 00:00:00+09:00,878.3193622643744,883.5077466828137,876.8369667162489,879.8017578125,104900,0.0,0.0
2019-01-29 00:00:00+09:00,874.6134989693661,884.2490714156388,860.5307392401984,883.5078735351562,136100,0.0,0.0
2019-01-30 00:00:00+09:00,884.9902212777661,889.4374083193629,879.0606385556371,884.2490234375,198200,0.0,0.0
2019-01-31 00:00:00+09:00,884.2490714156388,892.4022481009465,869.4251138059885,883.5078735351562,232600,0.0,0.0
2019-02-01 00:00:00+09:00,878.3193969726562,882.0253859894185,865.7190343156645,878.3193969726562,161000,0.0,0.0
2019-02-04 00:00:00+09:00,889.4375032044709,903.520263671875,886.4727115271226,903.520263671875,170900,0.0,0.0
2019-02-05 00:00:00+09:00,907.9674462930387,911.673435869745,902.0378629703087,910.1910400390625,200600,0.0,0.0
2019-02-06 00:00:00+09:00,919.0853315606174,923.532518648814,909.4497595361917,922.7913208007812,207600,0.0,0.0
2019-02-07 00:00:00+09:00,943.5447456755011,953.1803165268612,921.3088129415929,930.2031860351562,368600,0.0,0.0
2019-02-08 00:00:00+09:00,907.9673724055386,922.0501316510123,902.7789874203642,919.8265380859375,208900,0.0,0.0
2019-02-12 00:00:00+09:00,918.3440674226398,926.4972431624694,902.7789137375103,908.70849609375,271200,0.0,0.0
2019-02-13 00:00:00+09:00,919.0852188667982,923.532405409702,890.9197040950737,892.402099609375,221000,0.0,0.0
2019-02-14 00:00:00+09:00,897.5904887840707,907.226059679358,893.8844999781909,896.1080932617188,133800,0.0,0.0
2019-02-15 00:00:00+09:00,888.6962104790967,896.1081888817581,879.8018363959031,884.2490234375,131500,0.0,0.0
2019-02-18 00:00:00+09:00,897.5904143882904,902.037600586746,892.4020304900921,895.3668212890625,87700,0.0,0.0
2019-02-19 00:00:00+09:00,896.1080473357556,913.1555949691075,890.178465550242,907.2260131835938,177300,0.0,0.0
2019-02-20 00:00:00+09:00,911.67328727187,919.0852652171698,902.0377159429803,908.70849609375,174500,0.0,0.0
2019-02-21 00:00:00+09:00,905.0025684826006,942.0624607218552,896.8493921899645,939.8388671875,505100,0.0,0.0
2019-02-22 00:00:00+09:00,922.7912466165722,922.7912466165722,906.4848952707371,922.050048828125,176000,0.0,0.0
2019-02-25 00:00:00+09:00,926.497222335705,932.4268045586535,912.4144645562022,921.308837890625,182000,0.0,0.0
2019-02-26 00:00:00+09:00,920.5678092810758,930.944580078125,916.8618197107012,930.944580078125,173700,0.0,0.0
2019-02-27 00:00:00+09:00,934.6504437384706,948.7332022087569,934.6504437384706,947.9920043945312,289200,0.0,0.0
2019-02-28 00:00:00+09:00,947.9921181921512,950.9569098049492,929.462170612164,940.5801391601562,242700,0.0,0.0
2019-03-01 00:00:00+09:00,934.6506270569482,941.3214086933579,926.4974495013364,927.2386474609375,99900,0.0,0.0
2019-03-04 00:00:00+09:00,927.9798454205386,927.9798454205386,917.6030739861236,927.2386474609375,182500,0.0,0.0
2019-03-05 00:00:00+09:00,919.8264028241557,930.2031712685862,914.6380186019405,919.085205078125,148600,0.0,0.0
2019-03-06 00:00:00+09:00,933.168033642578,936.87402265625,918.3440775878906,926.4972534179688,141500,0.0,0.0
2019-03-07 00:00:00+09:00,913.1556875444253,916.1204787377513,906.4849073594416,912.4144897460938,184200,0.0,0.0
2019-03-08 00:00:00+09:00,896.1082639454598,900.5554513595812,880.5431079960349,884.9902954101562,222100,0.0,0.0
2019-03-11 00:00:00+09:00,890.1785063379231,898.3316816665802,884.9901220378687,892.402099609375,54800,0.0,0.0
2019-03-12 00:00:00+09:00,899.8141479492188,907.9673239191045,898.3317523183304,899.8141479492188,83600,0.0,0.0
2019-03-13 00:00:00+09:00,896.8495483398438,908.708715921197,893.8847564445055,896.8495483398438,58800,0.0,0.0
2019-03-14 00:00:00+09:00,904.261436050174,909.4498213389865,885.7314885901294,891.6610717773438,196700,0.0,0.0
2019-03-15 00:00:00+09:00,884.2489456316514,896.1081100324112,882.0253523065089,890.1785278320312,188700,0.0,0.0
2019-03-18 00:00:00+09:00,900.5555512155019,903.5203431536598,893.1435713701068,897.5907592773438,95800,0.0,0.0
2019-03-19 00:00:00+09:00,893.143450259764,894.62584602783,880.543086231203,887.2138671875,165000,0.0,0.0
2019-03-20 00:00:00+09:00,888.6962104790967,888.6962104790967,874.6134515140402,884.2490234375,307600,0.0,0.0
2019-03-22 00:00:00+09:00,882.7666538637552,885.7314453125,874.6134773797071,885.7314453125,288200,0.0,0.0
2019-03-25 00:00:00+09:00,872.3897873198915,872.3897873198915,859.7894250561377,866.460205078125,210800,0.0,0.0
2019-03-26 00:00:00+09:00,881.2841987017227,909.4497155651925,877.5782096407399,906.4849243164062,260400,0.0,0.0
2019-03-27 00:00:00+09:00,914.5203597644144,927.5302728321926,909.1633367365057,925.9996948242188,176000,38.5,0.0
2019-03-28 00:00:00+09:00,916.8162763412683,919.1121434773484,890.7964487990288,893.8576049804688,188000,0.0,0.0
2019-03-29 00:00:00+09:00,903.0410776911555,914.5204134245176,894.6228981533566,906.1022338867188,267500,0.0,0.0
2019-04-01 00:00:00+09:00,911.4593806411281,916.0511155561968,907.632934878571,909.1635131835938,129000,0.0,0.0
2019-04-02 00:00:00+09:00,912.2246368018617,912.9899259266955,899.2147216796876,899.2147216796875,126800,0.0,0.0
2019-04-03 00:00:00+09:00,897.6842038409512,899.9800713699562,887.7354445485963,896.1536254882812,125500,0.0,0.0
2019-04-04 00:00:00+09:00,895.3882124581833,895.3882124581833,887.7353217534124,890.0311889648438,168500,0.0,0.0
2019-04-05 00:00:00+09:00,893.8575177947713,906.1021413262065,882.3781832340508,903.8062744140625,221000,0.0,0.0
2019-04-08 00:00:00+09:00,900.7452657696291,900.7452657696291,883.9089056617855,886.2047729492188,164300,0.0,0.0
2019-04-09 00:00:00+09:00,882.3783550646257,882.3783550646257,857.8891032328235,874.7254638671875,271600,0.0,0.0
2019-04-10 00:00:00+09:00,862.4807431371767,867.0724773508617,852.5319856741924,861.7154541015625,227700,0.0,0.0
2019-04-11 00:00:00+09:00,861.7155133897376,861.7155133897376,852.5320443305218,855.5932006835938,176900,0.0,0.0
2019-04-12 00:00:00+09:00,864.7766697428094,864.7766697428094,853.2973334187898,855.5932006835938,112400,0.0,0.0
2019-04-15 00:00:00+09:00,864.776764588209,870.1337887936226,860.1850295549972,868.6032104492188,236100,0.0,0.0
2019-04-16 00:00:00+09:00,869.368500157759,873.9602351938034,862.4808976036923,871.6643676757812,111100,0.0,0.0
2019-04-17 00:00:00+09:00,864.7766727946251,873.1948527952808,862.480805521719,866.3072509765625,215200,0.0,0.0
2019-04-18 00:00:00+09:00,864.0113500845656,864.7766391457566,854.0625922890835,856.3584594726562,212600,0.0,0.0
2019-04-19 00:00:00+09:00,860.1848131452288,860.1848131452288,854.0625013078961,857.1236572265625,103000,0.0,0.0
2019-04-22 00:00:00+09:00,857.8890722506075,871.664275908512,855.5932049742901,870.8989868164062,117500,0.0,0.0
2019-04-23 00:00:00+09:00,867.0723890910153,875.4905676258795,864.7765222178705,870.133544921875,233000,0.0,0.0
2019-04-24 00:00:00+09:00,866.3073719589042,875.4908423330269,852.5321663977203,858.6544799804688,312200,0.0,0.0
2019-04-25 00:00:00+09:00,860.9502571045139,867.0725700439237,852.5320768128253,864.0114135742188,193700,0.0,0.0
2019-04-26 00:00:00+09:00,857.1237823109567,868.6031186811928,854.0626259455605,867.8378295898438,170700,0.0,0.0
2019-05-07 00:00:00+09:00,869.3683444577042,876.2559457782319,859.4195869947199,861.7154541015625,288200,0.0,0.0
2019-05-08 00:00:00+09:00,852.5320416910954,852.5320416910954,841.8179944885144,846.4097290039062,235900,0.0,0.0
2019-05-09 00:00:00+09:00,847.9403621495327,847.9403621495327,798.1965683411215,818.859375,390200,0.0,0.0
2019-05-10 00:00:00+09:00,818.8593936854859,823.4511286033485,755.3403939883875,759.93212890625,841900,0.0,0.0
2019-05-13 00:00:00+09:00,768.3503089650216,782.1255137074223,756.105682527332,756.8709716796875,451000,0.0,0.0
2019-05-14 00:00:00+09:00,730.8510182646294,746.9220877762076,723.1981280210207,744.626220703125,519600,0.0,0.0
2019-05-15 00:00:00+09:00,756.1056831413646,761.4627072122042,743.8610566937311,759.93212890625,288700,0.0,0.0
2019-05-16 00:00:00+09:00,760.6973858344846,764.5238314372738,749.983338146675,753.0444946289062,240900,0.0,0.0
2019-05-17 00:00:00+09:00,761.4627047082906,762.9932830092118,745.3916325486182,747.6875,284600,0.0,0.0
2019-05-20 00:00:00+09:00,747.6874692948138,756.8709387232046,745.3916019377161,746.9221801757812,150600,0.0,0.0
2019-05-21 00:00:00+09:00,745.391603423328,755.3403619905798,743.8610251822123,753.0444946289062,178000,0.0,0.0
2019-05-22 00:00:00+09:00,759.166745560718,768.350214257017,751.5138549804688,751.5138549804688,296000,0.0,0.0
2019-05-23 00:00:00+09:00,756.1056525937972,764.5238329364407,753.0444961055632,759.1668090820312,228200,0.0,0.0
2019-05-24 00:00:00+09:00,749.9833734713004,779.8296505788317,749.218084314697,778.299072265625,208300,0.0,0.0
2019-05-27 00:00:00+09:00,794.3700556810298,805.8493917457846,784.4212977582423,792.8394775390625,263000,0.0,0.0
2019-05-28 00:00:00+09:00,804.3188496696624,813.5023189332551,800.4924041431655,811.9717407226562,266400,0.0,0.0
2019-05-29 00:00:00+09:00,795.9005646658416,796.665853670328,772.94189453125,772.94189453125,225100,0.0,0.0
2019-05-30 00:00:00+09:00,765.2890994407735,789.7783506228783,759.9320757446881,789.0130615234375,234300,0.0,0.0
2019-05-31 00:00:00+09:00,780.5948447421252,789.0130244403246,768.3502197265625,768.3502197265625,206700,0.0,0.0
2019-06-03 00:00:00+09:00,761.4627056568103,765.2891514138796,751.5139466884298,752.2792358398438,237000,0.0,0.0
2019-06-04 00:00:00+09:00,757.6362300980911,761.4626757046472,750.7486280062903,756.1056518554688,132900,0.0,0.0
2019-06-05 00:00:00+09:00,766.0544421300667,769.8808878949523,759.1668397532729,759.93212890625,238500,0.0,0.0
2019-06-06 00:00:00+09:00,759.93212890625,770.6461770479293,753.8098156824333,759.93212890625,202900,0.0,0.0
2019-06-07 00:00:00+09:00,763.7584264774134,776.0030505491956,762.2278484684406,772.94189453125,243900,0.0,0.0
2019-06-10 00:00:00+09:00,784.421294927597,786.7171621322632,775.2378261089325,783.656005859375,165900,0.0,0.0
2019-06-11 00:00:00+09:00,782.890716791153,787.4824512004852,769.1155135631561,783.656005859375,308500,0.0,0.0
2019-06-12 00:00:00+09:00,779.0642695389395,787.4824492687316,771.4113788754921,777.53369140625,325900,0.0,0.0
2019-06-13 00:00:00+09:00,774.4726252787414,778.2990710558103,766.0544445691899,772.1767578125,243200,0.0,0.0
2019-06-14 00:00:00+09:00,772.9420183967142,786.7172226849725,768.3502836339615,780.5949096679688,122000,0.0,0.0
2019-06-17 00:00:00+09:00,788.2477407474034,792.0741860908374,782.8907172665959,785.1865844726562,170100,0.0,0.0
2019-06-18 00:00:00+09:00,789.0129977981911,792.8394429863491,779.8295293466118,781.360107421875,129200,0.0,0.0
2019-06-19 00:00:00+09:00,787.4824265969174,803.5534965274668,785.9518485082938,801.2576293945312,245800,0.0,0.0
2019-06-20 00:00:00+09:00,804.3187855717787,808.1452307933381,794.3700279957244,801.2576293945312,163600,0.0,0.0
2019-06-21 00:00:00+09:00,803.5534632688313,806.6146193193791,790.5435500540025,794.3699951171875,214400,0.0,0.0
2019-06-24 00:00:00+09:00,794.3700542561058,795.1353433257167,785.951874490386,788.2477416992188,187400,0.0,0.0
2019-06-25 00:00:00+09:00,789.0130298160902,798.9617877090186,781.3601391292223,785.1865844726562,211500,0.0,0.0
2019-06-26 00:00:00+09:00,779.0642065671411,779.0642065671411,770.6460275177908,772.94189453125,228000,0.0,0.0
2019-06-27 00:00:00+09:00,770.6460275177908,776.0030505491956,766.8195824953589,772.94189453125,160800,0.0,0.0
2019-06-28 00:00:00+09:00,776.0032047958149,783.6560963618485,774.4726264826081,778.299072265625,114800,0.0,0.0
2019-07-01 00:00:00+09:00,792.8394839638158,815.7981562793703,792.0741948866306,814.267578125,263600,0.0,0.0
2019-07-02 00:00:00+09:00,817.3287688279086,838.7568638908126,817.3287688279086,828.80810546875,228500,0.0,0.0
2019-07-03 00:00:00+09:00,825.7469490311922,830.3386836875288,819.6246361560769,828.80810546875,121100,0.0,0.0
2019-07-04 00:00:00+09:00,837.9915146000129,841.8179598721591,830.3386240557206,833.3997802734375,120300,0.0,0.0
2019-07-05 00:00:00+09:00,833.3998114617316,841.0527022924178,832.634522378663,835.6956787109375,100500,0.0,0.0
2019-07-08 00:00:00+09:00,835.6956831019559,854.0626211921088,833.3998158406868,851.00146484375,212500,0.0,0.0
2019-07-09 00:00:00+09:00,847.9402114574995,852.5319454545617,835.6955874653333,836.4608764648438,136600,0.0,0.0
2019-07-10 00:00:00+09:00,829.5732754692503,840.2873214623957,820.3898074751258,836.4608764648438,148000,0.0,0.0
2019-07-11 00:00:00+09:00,847.9404609427456,855.5933531895213,841.818147145325,854.8280639648438,169100,0.0,0.0
2019-07-12 00:00:00+09:00,854.8278823268275,864.0113510716099,852.5320151406319,859.4196166992188,194600,0.0,0.0
2019-07-16 00:00:00+09:00,857.8891914313566,870.1338186061129,856.3586130345121,863.2462158203125,220400,0.0,0.0
2019-07-17 00:00:00+09:00,863.2462124850581,863.2462124850581,839.5222474256283,840.2875366210938,190800,0.0,0.0
2019-07-18 00:00:00+09:00,840.2875962923358,840.2875962923358,817.3289187980098,821.920654296875,185300,0.0,0.0
2019-07-19 00:00:00+09:00,823.4510555648111,846.4097281177334,823.4510555648111,843.3485717773438,120500,0.0,0.0
2019-07-22 00:00:00+09:00,837.2263784953025,843.3486920491986,828.8081973586952,831.1040649414062,93800,0.0,0.0
2019-07-23 00:00:00+09:00,832.6344314672918,848.7055004570097,826.5121194712088,836.4608764648438,231300,0.0,0.0
2019-07-24 00:00:00+09:00,843.348569089557,843.348569089557,831.1039437670227,834.1651000976562,104400,0.0,0.0
2019-07-25 00:00:00+09:00,844.1138295667403,844.1138295667403,834.9303608860505,841.0526733398438,111800,0.0,0.0
2019-07-26 00:00:00+09:00,835.6957410777699,841.8180541992188,825.7469822554154,841.8180541992188,117200,0.0,0.0
2019-07-29 00:00:00+09:00,842.583251953125,846.4096972390157,833.3997832669875,842.583251953125,163000,0.0,0.0
2019-07-30 00:00:00+09:00,851.7667582481573,868.6031182494686,851.0014691571886,866.3072509765625,271600,0.0,0.0
2019-07-31 00:00:00+09:00,865.5419891220571,867.072567352158,853.29736328125,853.29736328125,223900,0.0,0.0
2019-08-01 00:00:00+09:00,859.4197384972958,865.5420518614796,857.123870985727,857.88916015625,193200,0.0,0.0
2019-08-02 00:00:00+09:00,844.8790831504159,844.8790831504159,823.4509904618184,828.042724609375,211800,0.0,0.0
2019-08-05 00:00:00+09:00,824.2163961508243,826.512263549573,798.196565631671,806.61474609375,320100,0.0,0.0
2019-08-06 00:00:00+09:00,776.7683195587773,799.7269891023865,765.2889847869727,798.1964111328125,331300,0.0,0.0
2019-08-07 00:00:00+09:00,802.7881469726562,805.08401393254,792.8393901464938,802.7881469726562,190500,0.0,0.0
2019-08-08 00:00:00+09:00,798.9617622615956,806.6146527047143,787.4824265969174,801.2576293945312,410600,0.0,0.0
2019-08-09 00:00:00+09:00,885.4394609657883,942.8361416679786,880.0824374335839,911.4592895507812,1366600,0.0,0.0
2019-08-13 00:00:00+09:00,896.918977592181,925.9999683332244,888.500796061879,914.5206298828125,744100,0.0,0.0
2019-08-14 00:00:00+09:00,914.520443050006,917.5815993447341,899.9799506500477,902.2758178710938,307700,0.0,0.0
2019-08-15 00:00:00+09:00,874.7255899213848,914.5206298828125,873.9603006913572,914.5206298828125,519800,0.0,0.0
2019-08-16 00:00:00+09:00,914.5204154917058,922.9385950485332,907.6328140361197,912.2245483398438,199600,0.0,0.0
2019-08-19 00:00:00+09:00,919.1122461138439,929.8262939453125,913.7552221981095,929.8262939453125,259700,0.0,0.0
2019-08-20 00:00:00+09:00,942.0707781235251,968.8558936672483,939.7749110769203,962.7335815429688,486500,0.0,0.0
2019-08-21 00:00:00+09:00,977.2742296103139,977.2742296103139,955.8461337378873,971.1519165039062,299800,0.0,0.0
2019-08-22 00:00:00+09:00,983.3965127846135,992.5799821647032,974.2130434045237,974.9783325195312,292500,0.0,0.0
2019-08-23 00:00:00+09:00,979.5700672095761,985.6923801296359,973.4477542895162,974.9783325195312,232300,0.0,0.0
2019-08-26 00:00:00+09:00,952.0197143554688,958.9073167905163,945.8974010798709,952.0197143554688,229800,0.0,0.0
2019-08-27 00:00:00+09:00,957.3766786617974,967.325437113119,955.080811326877,958.1419677734375,214200,0.0,0.0
2019-08-28 00:00:00+09:00,959.672480907255,961.968348086459,945.8972778320312,945.8972778320312,127800,0.0,0.0
2019-08-29 00:00:00+09:00,952.7850632086032,953.5503524159997,931.3569654015021,941.3057250976562,127500,0.0,0.0
2019-08-30 00:00:00+09:00,950.489256507472,951.2545457639192,926.0000003011603,930.5917358398438,273700,0.0,0.0
2019-09-02 00:00:00+09:00,930.5914922003284,935.948515592929,915.2857110786124,932.1220703125,218400,0.0,0.0
2019-09-03 00:00:00+09:00,933.6525583462158,945.8971820622316,930.5914024172117,935.9484252929688,129500,0.0,0.0
2019-09-04 00:00:00+09:00,937.4792788626705,945.1321709350188,935.9487004482008,939.775146484375,154000,0.0,0.0
2019-09-05 00:00:00+09:00,942.0708018685159,952.0195593212297,940.5402237988677,945.1319580078125,177900,0.0,0.0
2019-09-06 00:00:00+09:00,942.0707371509767,944.3666040977297,922.9385125947018,935.9484252929688,276000,0.0,0.0
2019-09-09 00:00:00+09:00,939.7750294759893,962.7337028345232,937.4791621401359,959.6725463867188,263300,0.0,0.0
2019-09-10 00:00:00+09:00,963.4990820095749,963.4990820095749,944.366852422411,948.1932983398438,155900,0.0,0.0
2019-09-11 00:00:00+09:00,945.1321711346385,951.2544847938103,939.0098574754668,941.3057250976562,173600,0.0,0.0
2019-09-12 00:00:00+09:00,946.6625360774608,954.3154264257022,942.0708018685159,945.1319580078125,188900,0.0,0.0
2019-09-13 00:00:00+09:00,948.1931775931852,955.0807793674699,941.3055758189006,952.784912109375,288100,0.0,0.0
2019-09-17 00:00:00+09:00,942.83606713906,974.978205791528,942.83606713906,962.7335815429688,391400,0.0,0.0
2019-09-18 00:00:00+09:00,954.315581833818,960.4378951094159,945.8974010798709,952.0197143554688,297900,0.0,0.0
2019-09-19 00:00:00+09:00,944.3667637639153,968.0907262247591,944.3667637639153,958.1419677734375,248700,0.0,0.0
2019-09-20 00:00:00+09:00,971.1518232584377,987.98818268451,963.4989326102232,965.7947998046875,414300,0.0,0.0
2019-09-24 00:00:00+09:00,965.7948918640377,977.2742289305676,960.4378678996572,968.0907592773438,317700,0.0,0.0
2019-09-25 00:00:00+09:00,960.4379003047943,980.3354185581208,949.7238520145416,979.5701293945312,274800,0.0,0.0
2019-09-26 00:00:00+09:00,983.3963360661534,1008.6508723231052,983.3963360661534,993.3450927734375,356800,0.0,0.0
2019-09-27 00:00:00+09:00,998.7024216762809,1008.6511814324431,984.9272158600563,987.2230834960938,262900,0.0,0.0
2019-09-30 00:00:00+09:00,991.0493148436742,1000.2327833982101,978.0394010580816,986.4575805664062,211600,0.0,0.0
2019-10-01 00:00:00+09:00,994.8759793159657,1024.7222586954447,994.8759793159657,1017.8346557617188,348800,0.0,0.0
2019-10-02 00:00:00+09:00,1010.1817011036046,1012.4775686061129,997.937074423561,1007.1205444335938,227900,0.0,0.0
2019-10-03 00:00:00+09:00,987.223021030426,987.223021030426,975.7436835765839,979.5701293945312,286700,0.0,0.0
2019-10-04 00:00:00+09:00,975.7437140936037,980.33544921875,959.6726411555914,980.33544921875,202100,0.0,0.0
2019-10-07 00:00:00+09:00,989.5189511321312,991.0495295561561,977.2743237399316,987.2230834960938,127400,0.0,0.0
2019-10-08 00:00:00+09:00,992.579803795954,997.9368266383378,989.5186478860205,993.3450927734375,155800,0.0,0.0
2019-10-09 00:00:00+09:00,983.396336716872,996.4062493426984,977.2740248929538,994.8756713867188,220100,0.0,0.0
2019-10-10 00:00:00+09:00,991.8146953671754,991.8146953671754,972.6824674472839,984.1618041992188,224600,0.0,0.0
2019-10-11 00:00:00+09:00,984.1618034374694,984.9270925536728,971.9171775782163,981.1006469726562,165100,0.0,0.0
2019-10-15 00:00:00+09:00,999.4675055787873,1026.252622497055,994.1104821951337,1020.1303100585938,479200,0.0,0.0
2019-10-16 00:00:00+09:00,1027.0180627886648,1027.0180627886648,1000.9982310935719,1007.1205444335938,232400,0.0,0.0
2019-10-17 00:00:00+09:00,1002.5287765983799,1008.651089737912,995.6411743164062,995.6411743164062,215700,0.0,0.0
2019-10-18 00:00:00+09:00,1000.998321181888,1014.008238200307,994.8760072908672,997.171875,151600,0.0,0.0
2019-10-21 00:00:00+09:00,995.6410269997336,1013.2426746715199,994.1104489413175,1010.1815185546875,120500,0.0,0.0
2019-10-23 00:00:00+09:00,1017.8346246683371,1017.8346246683371,1002.5288408387381,1014.0081787109375,106100,0.0,0.0
2019-10-24 00:00:00+09:00,1020.130308540764,1020.895597594433,1009.4162617893982,1015.53857421875,97400,0.0,0.0
2019-10-25 00:00:00+09:00,1017.8345621003286,1017.8345621003286,1004.0593575004746,1007.8858032226562,102800,0.0,0.0
2019-10-28 00:00:00+09:00,1012.4773218573594,1012.4773218573594,1001.7632761234191,1004.0591430664062,118500,0.0,0.0
2019-10-29 00:00:00+09:00,1007.1204526719938,1014.7733436497444,1001.7634289875683,1006.3551635742188,117900,0.0,0.0
2019-10-30 00:00:00+09:00,1003.2941890321929,1010.1817921605603,986.4578258295169,998.7024536132812,280700,0.0,0.0
2019-10-31 00:00:00+09:00,1000.2327921457211,1017.8344403625165,997.9369249870086,1012.4774169921875,269000,0.0,0.0
2019-11-01 00:00:00+09:00,1007.8856183014964,1010.1814853135727,995.6409942370894,1003.2938842773438,132900,0.0,0.0
2019-11-05 00:00:00+09:00,1010.9468714167048,1021.6609185021202,1005.5898478739971,1019.3650512695312,191500,0.0,0.0
2019-11-06 00:00:00+09:00,1022.4262075796499,1023.9567857347093,1014.7733168043532,1019.3650512695312,179100,0.0,0.0
2019-11-07 00:00:00+09:00,1017.8345033801829,1029.3138398844708,1014.0080578787537,1018.5997924804688,174800,0.0,0.0
2019-11-08 00:00:00+09:00,1029.313930291173,1030.8445086261784,1001.7635202610746,1007.1205444335938,209900,0.0,0.0
2019-11-11 00:00:00+09:00,1012.477692693339,1033.1405027483052,1012.477692693339,1030.079345703125,365400,0.0,0.0
2019-11-12 00:00:00+09:00,961.203065896336,984.1617378524587,932.8873704837848,967.3253784179688,874500,0.0,0.0
2019-11-13 00:00:00+09:00,957.3767685416825,962.7337928260883,938.2445389545186,948.1932983398438,532000,0.0,0.0
2019-11-14 00:00:00+09:00,954.3154574891124,974.2129730422134,935.9485200554808,945.8972778320312,487000,0.0,0.0
2019-11-15 00:00:00+09:00,958.1419681628165,984.1617979691549,958.1419681628165,959.6725463867188,397500,0.0,0.0
2019-11-18 00:00:00+09:00,963.4989364218078,987.2228975251247,961.203069218261,978.0394287109375,387000,0.0,0.0
2019-11-19 00:00:00+09:00,991.814669475745,1004.0592950248282,989.5188021852917,1001.763427734375,352000,0.0,0.0
2019-11-20 00:00:00+09:00,1005.5897210283978,1021.6607896293083,997.1715422374447,1004.0591430664062,422700,0.0,0.0
2019-11-21 00:00:00+09:00,998.7020653414439,1023.9566003270896,994.8756206466492,1016.3037109375,404400,0.0,0.0
2019-11-22 00:00:00+09:00,1021.660912889953,1027.0179364032338,1000.2328188368305,1000.9981079101562,241900,0.0,0.0
2019-11-25 00:00:00+09:00,1012.4775686061129,1019.3651711136374,1005.5899660985882,1007.1205444335938,125300,0.0,0.0
2019-11-26 00:00:00+09:00,1007.8859244511045,1010.1817921605603,994.8760074308549,998.7024536132812,279100,0.0,0.0
2019-11-27 00:00:00+09:00,994.8757920419968,996.4063701835998,987.2229013339814,990.2840576171875,240400,0.0,0.0
2019-11-28 00:00:00+09:00,984.1617118615428,986.4575789965231,976.5088214116086,981.8658447265625,250700,0.0,0.0
2019-11-29 00:00:00+09:00,984.161741253729,985.6923193894269,971.9171161681461,978.0394287109375,164400,0.0,0.0
2019-12-02 00:00:00+09:00,969.6213087144788,978.0394889795612,968.0907304844638,974.9783325195312,325600,0.0,0.0
2019-12-03 00:00:00+09:00,966.5601222139246,985.6923494944854,962.7336767578125,975.7435913085938,192300,0.0,0.0
2019-12-04 00:00:00+09:00,970.3866326158364,996.4064634588478,968.8560543309534,995.6411743164062,203300,0.0,0.0
2019-12-05 00:00:00+09:00,987.2231150660022,1000.9983213227371,982.6313796470905,998.7024536132812,196100,0.0,0.0
2019-12-06 00:00:00+09:00,985.6924154646666,995.6411743164062,984.1618371797836,995.6411743164062,149600,0.0,0.0
2019-12-09 00:00:00+09:00,988.7533595628005,999.4674052546575,985.6922036508414,994.8756713867188,286300,0.0,0.0
2019-12-10 00:00:00+09:00,997.171785531167,1008.651123046875,993.3453396925977,1008.651123046875,158500,0.0,0.0
2019-12-11 00:00:00+09:00,1007.8858349830317,1017.0693050056561,1004.8246783088235,1014.7734375,160900,0.0,0.0
2019-12-12 00:00:00+09:00,1025.4872468171295,1043.8541825810184,1023.9566688368055,1033.14013671875,452500,0.0,0.0
2019-12-13 00:00:00+09:00,1044.619476631131,1052.2723665698206,1033.9054307169656,1045.384765625,359400,0.0,0.0
2019-12-16 00:00:00+09:00,1052.272734280681,1057.6297591097464,1029.31405644183,1030.079345703125,309500,0.0,0.0
2019-12-17 00:00:00+09:00,1036.9666707934152,1036.9666707934152,1022.4261787306293,1024.7220458984375,218600,0.0,0.0
2019-12-18 00:00:00+09:00,1021.6608856270373,1026.2526199444621,1007.8856826747625,1012.4774169921875,313700,0.0,0.0
2019-12-19 00:00:00+09:00,1019.3649635513476,1030.0790097148003,1011.7120734345958,1029.313720703125,203400,0.0,0.0
2019-12-20 00:00:00+09:00,1034.6709597431222,1043.8544298000138,1030.844513886084,1036.2015380859375,130500,0.0,0.0
2019-12-23 00:00:00+09:00,1038.497308666496,1039.2625977664716,1017.0692138671875,1017.0692138671875,108000,0.0,0.0
2019-12-24 00:00:00+09:00,1022.4263914185485,1027.783415924484,1011.7123424066775,1020.8958129882812,141700,0.0,0.0
2019-12-25 00:00:00+09:00,1017.8346557617188,1020.1305234062941,1011.7123420428512,1017.8346557617188,130000,0.0,0.0
2019-12-26 00:00:00+09:00,1014.008148331448,1019.3651725113123,1010.1817024886878,1014.7734375,121400,0.0,0.0
2019-12-27 00:00:00+09:00,1010.9469902711073,1013.2428577736156,1000.9982310935719,1007.1205444335938,199100,0.0,0.0
2019-12-30 00:00:00+09:00,1012.477475089823,1014.7733423802761,997.9369822502865,1001.763427734375,221200,0.0,0.0
2020-01-06 00:00:00+09:00,997.9369570987003,1036.9667000527138,997.9369570987003,1019.3650512695312,331400,0.0,0.0
2020-01-07 00:00:00+09:00,1020.130347074041,1042.32373046875,1020.130347074041,1042.32373046875,155700,0.0,0.0
2020-01-08 00:00:00+09:00,1026.2525881680576,1026.2525881680576,998.7021831165661,1010.1815185546875,271900,0.0,0.0
2020-01-09 00:00:00+09:00,1030.8443568259008,1030.8443568259008,1018.5997319489784,1020.1303100585938,145200,0.0,0.0
2020-01-10 00:00:00+09:00,1021.6608856270373,1024.7220418386537,1011.7121279392833,1012.4774169921875,135400,0.0,0.0
2020-01-14 00:00:00+09:00,1031.609828696211,1031.609828696211,997.9371043174029,1004.82470703125,235500,0.0,0.0
2020-01-15 00:00:00+09:00,1000.2327828692574,1003.293939052484,979.5699786324786,984.927001953125,469300,0.0,0.0
2020-01-16 00:00:00+09:00,986.4574926288311,997.1715383206881,981.8657587608925,994.8756713867188,178500,0.0,0.0
2020-01-17 00:00:00+09:00,994.8760072908672,1000.2330319455103,987.9884041634689,997.171875,96800,0.0,0.0
2020-01-20 00:00:00+09:00,997.9370443449839,1010.9469598004016,997.9370443449839,1007.8858032226562,74600,0.0,0.0
2020-01-21 00:00:00+09:00,1009.4164122145888,1010.1817013823027,1001.7635205374502,1008.651123046875,62200,0.0,0.0
2020-01-22 00:00:00+09:00,1009.4164110955392,1012.4775677630009,998.7023627594227,1002.52880859375,101800,0.0,0.0
2020-01-23 00:00:00+09:00,1004.8245518650693,1009.4162862985731,994.8757939258112,996.4063720703125,127500,0.0,0.0
2020-01-24 00:00:00+09:00,993.3453970014679,995.6412646370645,978.0396127641571,985.6925048828125,313700,0.0,0.0
2020-01-27 00:00:00+09:00,971.1520071847099,974.2131640237475,960.4379582480778,964.264404296875,297100,0.0,0.0
2020-01-28 00:00:00+09:00,953.5502331035967,960.437835108358,946.6626310988356,958.1419677734375,192400,0.0,0.0
2020-01-29 00:00:00+09:00,949.7237570783217,959.6725152104879,948.1931789041423,957.3766479492188,166400,0.0,0.0
2020-01-30 00:00:00+09:00,952.7850931084538,955.080960802691,926.7652592404318,931.3569946289062,264400,0.0,0.0
2020-01-31 00:00:00+09:00,932.1222548051313,948.1933281638405,931.3569655975738,942.8363037109375,222000,0.0,0.0
2020-02-03 00:00:00+09:00,916.8163162927905,934.4179651030862,911.459292741831,922.17333984375,225500,0.0,0.0
2020-02-04 00:00:00+09:00,918.3471077366879,934.4181821220799,916.8165292237934,930.5917358398438,217900,0.0,0.0
2020-02-05 00:00:00+09:00,940.5404360882648,942.8363037109375,929.8263871824587,942.8363037109375,295200,0.0,0.0
2020-02-06 00:00:00+09:00,969.6212210369926,988.7534471821581,966.560064853766,984.927001953125,362800,0.0,0.0
2020-02-07 00:00:00+09:00,1016.3037789351852,1043.8541825810184,1013.242622974537,1033.14013671875,667900,0.0,0.0
2020-02-10 00:00:00+09:00,1026.252620970116,1043.8542692045028,1013.2427070577431,1015.53857421875,374200,0.0,0.0
2020-02-12 00:00:00+09:00,1029.3138723800432,1032.3750288778276,1019.3651137622435,1025.4874267578125,195200,0.0,0.0
2020-02-13 00:00:00+09:00,1017.834441379757,1022.426175701771,1011.7121289504051,1015.53857421875,225600,0.0,0.0
2020-02-14 00:00:00+09:00,1015.5386913478972,1015.5386913478972,986.4577039543628,992.5800170898438,311900,0.0,0.0
2020-02-17 00:00:00+09:00,989.5189189866081,989.5189189866081,971.9172676821286,977.2742919921875,145600,0.0,0.0
2020-02-18 00:00:00+09:00,960.4378389562451,976.5089103650746,954.3155260385956,973.44775390625,215700,0.0,0.0
2020-02-19 00:00:00+09:00,975.7436216345387,981.8659345545985,968.8560195994713,974.9783325195312,107800,0.0,0.0
2020-02-20 00:00:00+09:00,972.6824018743974,980.3352925264384,963.4989330919484,967.3253784179688,195800,0.0,0.0
2020-02-21 00:00:00+09:00,984.1618623417137,984.1618623417137,961.9684766434946,968.8560791015625,166000,0.0,0.0
2020-02-25 00:00:00+09:00,916.8161955851608,935.183131055982,911.4591727395045,923.7037963867188,464300,0.0,0.0
2020-02-26 00:00:00+09:00,910.693995310161,911.4592843818501,882.3782996576601,894.6229248046875,362100,0.0,0.0
2020-02-27 00:00:00+09:00,886.2047987531374,893.0924008159857,860.1849687379331,867.0725708007812,363000,0.0,0.0
2020-02-28 00:00:00+09:00,824.9814717400934,837.2260946972748,811.2062709132643,816.5632934570312,511700,0.0,0.0
2020-03-02 00:00:00+09:00,808.1452772109794,868.6031151841493,808.1452772109794,855.5932006835938,341000,0.0,0.0
2020-03-03 00:00:00+09:00,875.4906819292555,877.7865491021469,844.1138305664062,844.1138305664062,242200,0.0,0.0
2020-03-04 00:00:00+09:00,822.6857979377039,856.3585189695727,821.1552197089826,850.2362060546875,164000,0.0,0.0
2020-03-05 00:00:00+09:00,864.7766401336751,873.1948198163923,854.8278823268275,859.4196166992188,223300,0.0,0.0
2020-03-06 00:00:00+09:00,841.8179578190044,851.7667155023199,822.6857315049361,827.2774658203125,241600,0.0,0.0
2020-03-09 00:00:00+09:00,788.2476746209777,798.1964316793008,765.2890044863861,772.94189453125,282600,0.0,0.0
2020-03-10 00:00:00+09:00,738.5040119820297,802.7882990353878,733.1469880609166,800.492431640625,375900,0.0,0.0
2020-03-11 00:00:00+09:00,808.1453503024194,831.8693141844033,782.8908081054688,782.8908081054688,289000,0.0,0.0
2020-03-12 00:00:00+09:00,751.513848340661,764.5237622121388,727.0245987002321,731.6163330078125,398200,0.0,0.0
2020-03-13 00:00:00+09:00,639.7817093888683,666.5668288010817,626.7717942457932,646.6693115234375,673300,0.0,0.0
2020-03-16 00:00:00+09:00,640.546970197691,694.1172066538899,623.7106101686,653.556884765625,689600,0.0,0.0
2020-03-17 00:00:00+09:00,619.118898347475,639.7817045964018,592.3337791359031,626.7717895507812,779000,0.0,0.0
2020-03-18 00:00:00+09:00,619.8840930266653,648.1997861649204,614.5270700005088,616.8229370117188,583600,0.0,0.0
2020-03-19 00:00:00+09:00,605.3437100028472,615.2924688271671,552.5387593199187,561.7222290039062,794100,0.0,0.0
2020-03-23 00:00:00+09:00,555.5999799567415,602.2826229007652,555.5999799567415,598.4561767578125,574300,0.0,0.0
2020-03-24 00:00:00+09:00,621.4147964069152,638.2511578859204,608.4048807185932,629.0676879882812,492100,0.0,0.0
2020-03-25 00:00:00+09:00,697.9436641483517,698.7089532537775,659.6792088770604,696.4130859375,489900,0.0,0.0
2020-03-26 00:00:00+09:00,684.9337751313118,685.6990642655368,655.0874988965396,677.2808837890625,341300,0.0,0.0
2020-03-27 00:00:00+09:00,695.647800379786,714.7800281130034,688.7601983958277,710.1882934570312,401600,0.0,0.0
2020-03-30 00:00:00+09:00,687.7444302567811,690.950697996906,658.0864536606263,686.1412963867188,404500,42.0,0.0
2020-03-31 00:00:00+09:00,689.3475907488568,689.3475907488568,649.2692424495045,657.284912109375,337900,0.0,0.0
2020-04-01 00:00:00+09:00,643.6581935930612,654.0785628542192,626.82528940196,636.444091796875,289800,0.0,0.0
2020-04-02 00:00:00+09:00,624.4207149362131,639.6504884712427,613.1987765419808,618.0081787109375,245200,0.0,0.0
2020-04-03 00:00:00+09:00,614.0002299851317,618.0080643845124,581.1359879102096,587.5485229492188,364600,0.0,0.0
2020-04-06 00:00:00+09:00,566.707734881707,599.5719741039842,563.5014676405092,594.7625732421875,573200,0.0,0.0
2020-04-07 00:00:00+09:00,618.8097018204412,640.4520100447312,609.1908981652011,632.4363403320312,304600,0.0,0.0
2020-04-08 00:00:00+09:00,633.2378656118194,662.0942746776744,627.6268971823476,653.2770385742188,391700,0.0,0.0
2020-04-09 00:00:00+09:00,662.8958322984113,670.9115013709435,634.0394236372954,646.0629272460938,300500,0.0,0.0
2020-04-10 00:00:00+09:00,653.2771376435979,653.2771376435979,626.8254253218327,650.8724365234375,190800,0.0,0.0
2020-04-13 00:00:00+09:00,651.6738299792326,658.0863645915744,632.4362261422073,633.23779296875,247600,0.0,0.0
2020-04-14 00:00:00+09:00,633.2379534259533,639.6504896631781,609.19094253636,637.2457885742188,298100,0.0,0.0
2020-04-15 00:00:00+09:00,633.2378907503611,634.039457700678,602.7783466383183,624.420654296875,555000,0.0,0.0
2020-04-16 00:00:00+09:00,615.6034708969466,630.0316772460938,609.1909347417701,630.0316772460938,217200,0.0,0.0
2020-04-17 00:00:00+09:00,637.2456410466408,642.8566089552276,619.6111704767967,628.4284057617188,369500,0.0,0.0
2020-04-20 00:00:00+09:00,625.2222308441623,642.8567040218181,622.8175299563001,638.0473022460938,216400,0.0,0.0
2020-04-21 00:00:00+09:00,626.8252720735511,630.0315394498864,612.3970688800423,628.4284057617188,302500,0.0,0.0
2020-04-22 00:00:00+09:00,622.8174970961109,630.833166299407,614.0002609724851,622.0159301757812,234600,0.0,0.0
2020-04-23 00:00:00+09:00,621.2144560414582,650.8724365234375,621.2144560414582,650.8724365234375,189800,0.0,0.0
2020-04-24 00:00:00+09:00,651.6739269115307,659.689596369237,644.4598243995949,649.2692260742188,188200,0.0,0.0
2020-04-27 00:00:00+09:00,661.2927257084475,670.9115289914795,650.0707885449102,667.7052612304688,259000,0.0,0.0
2020-04-28 00:00:00+09:00,681.3318465497885,682.9349803063761,667.7052096187927,674.9193115234375,210400,0.0,0.0
2020-04-30 00:00:00+09:00,692.5538946029243,707.7836677481275,692.5538946029243,698.9664306640625,241000,0.0,0.0
2020-05-01 00:00:00+09:00,690.1491355575433,691.7522694380488,663.6974265292055,667.7052612304688,167600,0.0,0.0
2020-05-07 00:00:00+09:00,671.7131184011266,678.9272211047187,655.681779059811,663.6974487304688,219800,0.0,0.0
2020-05-08 00:00:00+09:00,672.5145832570989,685.3396527828601,666.1020484942184,684.5380859375,237200,0.0,0.0
2020-05-11 00:00:00+09:00,695.760121952783,732.6322021484375,690.9507201881325,732.6322021484375,269600,0.0,0.0
2020-05-12 00:00:00+09:00,792.7497353193224,795.9560032073682,752.67138671875,752.67138671875,547700,0.0,0.0
2020-05-13 00:00:00+09:00,730.2275396602328,741.4494777011145,722.2118696310315,736.6400756835938,250300,0.0,0.0
2020-05-14 00:00:00+09:00,731.0290267619681,731.0290267619681,714.9976884557846,715.7992553710938,156500,0.0,0.0
2020-05-15 00:00:00+09:00,721.4102197434191,723.8149204758972,684.5381418454222,696.5616455078125,279200,0.0,0.0
2020-05-18 00:00:00+09:00,702.1726519648528,702.1726519648528,686.1413128788972,694.156982421875,281900,0.0,0.0
2020-05-19 00:00:00+09:00,712.5930031888312,721.4102394487605,703.7757669289019,717.4024047851562,214800,0.0,0.0
2020-05-20 00:00:00+09:00,721.4103167623447,743.0526262652149,716.6009146505957,725.4181518554688,194400,0.0,0.0
2020-05-21 00:00:00+09:00,731.830596285947,734.2352970404462,720.608659431617,728.6243286132812,145900,0.0,0.0
2020-05-22 00:00:00+09:00,731.0291195197219,731.0291195197219,705.3789749751703,706.1805419921875,174400,0.0,0.0
2020-05-25 00:00:00+09:00,718.2040202702703,741.449462890625,716.6008862964527,741.449462890625,170600,0.0,0.0
2020-05-26 00:00:00+09:00,750.2666235902255,752.6713243068609,740.6478207236842,746.2587890625,170400,0.0,0.0
2020-05-27 00:00:00+09:00,752.6714400757096,752.6714400757096,739.044800585521,751.869873046875,198300,0.0,0.0
2020-05-28 00:00:00+09:00,759.8854357130984,759.8854357130984,739.0446959150598,753.472900390625,199200,0.0,0.0
2020-05-29 00:00:00+09:00,746.2588135543143,760.6870183276524,743.0525458269059,755.0760498046875,176000,0.0,0.0
2020-06-01 00:00:00+09:00,755.0761411622135,759.0839763063866,744.6557697873634,751.869873046875,141100,0.0,0.0
2020-06-02 00:00:00+09:00,759.8853717934677,775.9167087511357,750.2665696188668,771.9088745117188,243500,0.0,0.0
2020-06-03 00:00:00+09:00,783.1308608001864,806.3763008853506,778.3214594032559,789.5433959960938,306000,0.0,0.0
2020-06-04 00:00:00+09:00,806.3763289851846,806.3763289851846,767.0995495415722,773.5120849609375,265000,0.0,0.0
2020-06-05 00:00:00+09:00,773.512062937943,783.1308657931298,767.0995277011518,777.5198974609375,208500,0.0,0.0
2020-06-08 00:00:00+09:00,792.7497488734234,801.5669857163027,792.7497488734234,798.3607177734375,225000,0.0,0.0
2020-06-09 00:00:00+09:00,802.3685147549894,804.773215598411,785.5356088510385,800.765380859375,136700,0.0,0.0
2020-06-10 00:00:00+09:00,799.1622918016146,802.3685597727344,785.5356529243554,792.749755859375,146800,0.0,0.0
2020-06-11 00:00:00+09:00,779.9246782622466,779.9246782622466,739.8463289168075,741.449462890625,291000,0.0,0.0
2020-06-12 00:00:00+09:00,705.3789019241418,725.4180752742594,698.1647995180995,723.81494140625,265300,0.0,0.0
2020-06-15 00:00:00+09:00,723.8148279526654,731.0289292279411,678.125519875919,681.331787109375,265800,0.0,0.0
2020-06-16 00:00:00+09:00,705.378953221127,718.2040250978748,699.7679842750498,716.6008911132812,251500,0.0,0.0
2020-06-17 00:00:00+09:00,714.19621216236,715.7993461963944,701.3711398900841,706.1805419921875,117900,0.0,0.0
2020-06-18 00:00:00+09:00,704.5773224929284,704.5773224929284,683.7365825784618,697.3632202148438,201800,0.0,0.0
2020-06-19 00:00:00+09:00,697.3633048049979,706.9821090092048,690.95076866886,706.1805419921875,228400,0.0,0.0
2020-06-22 00:00:00+09:00,704.5773685297108,704.5773685297108,687.7444621143253,695.7601318359375,121800,0.0,0.0
2020-06-23 00:00:00+09:00,702.1726038914767,724.6164770752225,699.7679031932182,720.608642578125,253300,0.0,0.0
2020-06-24 00:00:00+09:00,715.7992709197146,731.0290426414107,703.7757669289019,717.4024047851562,268400,0.0,0.0
2020-06-25 00:00:00+09:00,716.6010073877583,716.6010073877583,683.7367553710938,683.7367553710938,264100,0.0,0.0
2020-06-26 00:00:00+09:00,690.1490854116587,699.7678879957932,683.736550355569,687.744384765625,187000,0.0,0.0
2020-06-29 00:00:00+09:00,681.331786364135,681.331786364135,654.0785149095695,656.4832153320312,262200,0.0,0.0
2020-06-30 00:00:00+09:00,675.7208506385392,698.9662891539813,675.7208506385392,684.5380859375,298700,0.0,0.0
2020-07-01 00:00:00+09:00,688.5458883846507,696.5615564682904,677.3239530675551,681.331787109375,253200,0.0,0.0
2020-07-02 00:00:00+09:00,688.5460273850132,697.3632640569982,674.117821921765,682.93505859375,338200,0.0,0.0
2020-07-03 00:00:00+09:00,696.5618293288165,701.3712320629626,677.3242183922324,683.7367553710938,265300,0.0,0.0
2020-07-06 00:00:00+09:00,693.3553189807227,705.3788216220069,688.545917924209,702.97412109375,201200,0.0,0.0
2020-07-07 00:00:00+09:00,698.1648453232212,700.5695462830028,670.1100007924374,671.713134765625,366300,0.0,0.0
2020-07-08 00:00:00+09:00,673.316306839446,682.133544190915,669.3084716796875,669.3084716796875,340500,0.0,0.0
2020-07-09 00:00:00+09:00,667.7051967588166,667.7051967588166,647.6660251874235,654.880126953125,257100,0.0,0.0
2020-07-10 00:00:00+09:00,654.8801632258791,657.2848639476388,644.4597934315873,646.0629272460938,258000,0.0,0.0
2020-07-13 00:00:00+09:00,654.078667926444,668.5068738365861,650.8723999464124,666.1021728515625,281200,0.0,0.0
2020-07-14 00:00:00+09:00,670.1100091314935,680.5303800868876,662.8959061623746,678.92724609375,172600,0.0,0.0
2020-07-15 00:00:00+09:00,688.545917924209,702.97412109375,688.545917924209,702.97412109375,242600,0.0,0.0
2020-07-16 00:00:00+09:00,713.3945059749182,723.8148751633158,698.9663024832906,704.5772705078125,333100,0.0,0.0
2020-07-17 00:00:00+09:00,708.5851964285714,711.7914642857143,693.3554241071429,701.37109375,146800,0.0,0.0
2020-07-20 00:00:00+09:00,701.371085010555,701.371085010555,676.5225094273239,694.156982421875,178700,0.0,0.0
2020-07-21 00:00:00+09:00,694.1570892333984,696.5617904663086,667.7053756713867,673.3163452148438,270700,0.0,0.0
2020-07-22 00:00:00+09:00,674.1177554324842,693.3553608193803,673.3161885413634,688.5459594726562,208900,0.0,0.0
2020-07-27 00:00:00+09:00,678.9271490635016,687.744384765625,670.1099133613782,687.744384765625,298900,0.0,0.0
2020-07-28 00:00:00+09:00,698.164787134631,700.5694878939925,686.1412833378233,697.3632202148438,199400,0.0,0.0
2020-07-29 00:00:00+09:00,692.5538318669684,705.3789028274679,684.5381625166563,686.1412963867188,198700,0.0,0.0
2020-07-30 00:00:00+09:00,693.3553608193803,701.371029730587,684.5381250170528,688.5459594726562,208100,0.0,0.0
2020-07-31 00:00:00+09:00,678.9271718618032,679.728738770731,652.4754638671875,652.4754638671875,138900,0.0,0.0
2020-08-03 00:00:00+09:00,654.0786144663987,670.1099530562614,653.2770475369055,660.4911499023438,157100,0.0,0.0
2020-08-04 00:00:00+09:00,668.5067490302986,684.5380859375,668.5067490302986,684.5380859375,198400,0.0,0.0
2020-08-05 00:00:00+09:00,688.5459342092838,690.9506347944151,672.5145969750746,679.7286987304688,248600,0.0,0.0
2020-08-06 00:00:00+09:00,676.5225451040437,694.1570190285566,675.7209781074749,678.92724609375,255800,0.0,0.0
2020-08-07 00:00:00+09:00,642.8566793453922,649.269214800209,613.1987028668641,629.2300415039062,574600,0.0,0.0
2020-08-11 00:00:00+09:00,645.2615334979255,683.7367553710938,642.8568321308525,683.7367553710938,401800,0.0,0.0
2020-08-12 00:00:00+09:00,683.7366480731627,695.7601530216942,674.1178441143373,678.92724609375,235400,0.0,0.0
2020-08-13 00:00:00+09:00,675.7208877366241,682.9349897409298,669.3083526216859,682.1334228515625,175700,0.0,0.0
2020-08-14 00:00:00+09:00,680.530355937173,680.530355937173,666.903717479067,670.1099853515625,186200,0.0,0.0
2020-08-17 00:00:00+09:00,674.1177967524901,685.3397339160274,667.7052612304688,667.7052612304688,148700,0.0,0.0
2020-08-18 00:00:00+09:00,673.3161182892628,674.9192519042373,654.0785149095695,656.4832153320312,312800,0.0,0.0
2020-08-19 00:00:00+09:00,649.2691898694428,660.4911264844702,644.4597884630025,658.08642578125,215000,0.0,0.0
2020-08-20 00:00:00+09:00,651.673940610646,658.0864763116118,638.0473022460938,638.0473022460938,154700,0.0,0.0
2020-08-21 00:00:00+09:00,642.0551911350502,650.8724284664928,639.6504900446567,643.6583251953125,206800,0.0,0.0
2020-08-24 00:00:00+09:00,646.0628562553914,648.4675567129176,638.0471880636371,638.8487548828125,97300,0.0,0.0
2020-08-25 00:00:00+09:00,650.8724365234375,655.6818387637585,643.6583331629561,650.8724365234375,184800,0.0,0.0
2020-08-26 00:00:00+09:00,645.2613384656047,652.4754403863382,640.4519371851158,650.0707397460938,158400,0.0,0.0
2020-08-27 00:00:00+09:00,653.2769879296629,653.2769879296629,634.8409502334883,635.6425170898438,239100,0.0,0.0
2020-08-28 00:00:00+09:00,644.4597920582706,660.491130169173,634.8409891917294,639.650390625,414600,0.0,0.0
2020-08-31 00:00:00+09:00,650.0708393022126,665.3006123561486,650.0708393022126,654.0786743164062,206500,0.0,0.0
2020-09-01 00:00:00+09:00,662.8958035121628,669.3083384917243,653.2770010428206,655.6817016601562,174100,0.0,0.0
2020-09-02 00:00:00+09:00,656.4831971497412,656.4831971497412,643.6581285851553,648.467529296875,224100,0.0,0.0
2020-09-03 00:00:00+09:00,654.8801052715366,659.6895062894426,647.6660037446776,658.887939453125,246800,0.0,0.0
2020-09-04 00:00:00+09:00,647.6659940036901,658.086362719096,647.6659940036901,651.673828125,205200,0.0,0.0
2020-09-07 00:00:00+09:00,653.2769715989014,660.4910731257604,649.269137417313,658.887939453125,163900,0.0,0.0
2020-09-08 00:00:00+09:00,662.0942277728386,685.339666762442,662.0942277728386,679.7286987304688,253900,0.0,0.0
2020-09-09 00:00:00+09:00,668.5068281707214,670.1099620512268,658.8880248876895,667.7052612304688,229000,0.0,0.0
2020-09-10 00:00:00+09:00,672.514620179155,683.7365566302971,668.5067857323186,682.1334228515625,159200,0.0,0.0
2020-09-11 00:00:00+09:00,682.1333539177389,686.9427547679228,673.3161190257352,681.331787109375,178100,0.0,0.0
2020-09-14 00:00:00+09:00,688.5459315828833,698.9663007453717,681.3318298550068,698.1647338867188,186400,0.0,0.0
2020-09-15 00:00:00+09:00,704.5772409925105,709.3866419549166,691.7521717594273,707.7835083007812,251600,0.0,0.0
2020-09-16 00:00:00+09:00,701.3710108670322,716.6007813887163,699.7678771279076,705.3788452148438,148800,0.0,0.0
2020-09-17 00:00:00+09:00,708.585112693093,717.4023482582786,704.5772783452815,705.3788452148438,117000,0.0,0.0
2020-09-18 00:00:00+09:00,705.3789749751703,709.3868100602565,698.1648718220151,706.1805419921875,149800,0.0,0.0
2020-09-23 00:00:00+09:00,703.7757937245441,706.9820615775033,688.5460214229878,694.9585571289062,282600,0.0,0.0
2020-09-24 00:00:00+09:00,694.1569119145183,695.7600456602793,683.7365425670718,686.9428100585938,363000,0.0,0.0
2020-09-25 00:00:00+09:00,701.3711175853996,711.7914884752398,694.9585816531902,710.1883544921875,246600,0.0,0.0
2020-09-28 00:00:00+09:00,714.1962364896416,734.2354125976562,712.5931024010005,734.2354125976562,285700,0.0,0.0
2020-09-29 00:00:00+09:00,734.2353115483112,742.2509808883583,723.0133744722453,723.81494140625,230100,0.0,0.0
2020-09-30 00:00:00+09:00,711.7913722536263,721.410174581378,704.5772705078125,704.5772705078125,242400,0.0,0.0
2020-10-02 00:00:00+09:00,710.9898645571182,710.9898645571182,688.5459905913918,691.7522583007812,242300,0.0,0.0
2020-10-05 00:00:00+09:00,696.5617169636051,723.8149947274286,696.5617169636051,723.013427734375,154700,0.0,0.0
2020-10-06 00:00:00+09:00,723.0132287597656,723.8147955322266,713.3944274902344,721.4100952148438,129000,0.0,0.0
2020-10-07 00:00:00+09:00,721.4102930670617,721.4102930670617,707.7836541980172,716.6008911132812,133000,0.0,0.0
2020-10-08 00:00:00+09:00,717.4023777695952,735.83841652792,715.7992439645235,733.4337158203125,198600,0.0,0.0
2020-10-09 00:00:00+09:00,736.6400901162164,736.6400901162164,719.0056157064702,725.4181518554688,163300,0.0,0.0
2020-10-12 00:00:00+09:00,719.8070538276064,729.4258563286435,714.9976525770879,724.616455078125,84900,0.0,0.0
2020-10-13 00:00:00+09:00,729.4259199059527,738.2431563004203,727.8227860160496,737.4415893554688,127700,0.0,0.0
2020-10-14 00:00:00+09:00,730.2275539672178,735.8385230975915,725.4181518554688,725.4181518554688,124500,0.0,0.0
2020-10-15 00:00:00+09:00,726.2197188740936,739.0447911720909,723.8150178182191,725.4181518554688,98300,0.0,0.0
2020-10-16 00:00:00+09:00,726.2195855218012,726.2195855218012,711.7913818359375,711.7913818359375,132900,0.0,0.0
2020-10-19 00:00:00+09:00,710.1882574619391,720.608626928085,702.9741555238381,719.0054931640625,172800,0.0,0.0
2020-10-20 00:00:00+09:00,719.0055920901715,722.2118600593584,711.7914891595009,716.6008911132812,175100,0.0,0.0
2020-10-21 00:00:00+09:00,721.4102860428517,725.418120965312,718.2040181048835,722.2118530273438,127200,0.0,0.0
2020-10-22 00:00:00+09:00,721.4102930670617,722.2118600593584,711.7914891595009,716.6008911132812,147000,0.0,0.0
2020-10-23 00:00:00+09:00,715.7993543989203,719.0056225037307,704.577416032084,713.3946533203125,184800,0.0,0.0
2020-10-26 00:00:00+09:00,719.0054438797291,719.0054438797291,705.3788078195781,707.7835083007812,122000,0.0,0.0
2020-10-27 00:00:00+09:00,698.1648093868542,701.3710771681945,684.5381713161578,693.3554077148438,162900,0.0,0.0
2020-10-28 00:00:00+09:00,693.355390939099,693.355390939099,680.5303201240406,685.3397216796875,205000,0.0,0.0
2020-10-29 00:00:00+09:00,677.3240075840276,691.7522112958768,671.7130394738641,686.9428100585938,128200,0.0,0.0
2020-10-30 00:00:00+09:00,691.7523644013218,691.7523644013218,666.1022187920028,670.91162109375,139100,0.0,0.0
2020-11-02 00:00:00+09:00,678.1256357534772,694.9585416055139,677.3240688081421,693.3554077148438,141800,0.0,0.0
2020-11-04 00:00:00+09:00,705.3789749751703,710.989944094291,698.1648718220151,706.1805419921875,112000,0.0,0.0
2020-11-05 00:00:00+09:00,710.1881604003906,723.0132287597656,702.9740594482422,721.4100952148438,229400,0.0,0.0
2020-11-06 00:00:00+09:00,716.6008610714782,724.6165306584076,710.1883254019349,719.80712890625,181100,0.0,0.0
2020-11-09 00:00:00+09:00,723.013427734375,723.013427734375,710.1883558455169,723.013427734375,149500,0.0,0.0
2020-11-10 00:00:00+09:00,740.6478987068965,768.702743354885,738.243197737069,767.099609375,363800,0.0,0.0
2020-11-11 00:00:00+09:00,766.2979647906974,800.7653418681032,766.2979647906974,796.7575073242188,402700,0.0,0.0
2020-11-12 00:00:00+09:00,796.7575577774284,799.963825615567,768.7027141937161,776.7183837890625,215000,0.0,0.0
2020-11-13 00:00:00+09:00,767.0995525874724,768.7026864486793,745.45724546118,748.6635131835938,229000,0.0,0.0
2020-11-16 00:00:00+09:00,766.297906576535,780.7261098384362,756.6791044019341,771.9088745117188,177100,0.0,0.0
2020-11-17 00:00:00+09:00,783.9324628936578,783.9324628936578,770.3058249905984,774.3136596679688,119200,0.0,0.0
2020-11-18 00:00:00+09:00,769.5042162698413,769.5042162698413,756.6791459986772,757.480712890625,111500,0.0,0.0
2020-11-19 00:00:00+09:00,749.4650331036797,753.4728675053037,739.8462305397823,743.8540649414062,118500,0.0,0.0
2020-11-20 00:00:00+09:00,737.4415761551459,748.6635131835938,732.6321745715254,748.6635131835938,87000,0.0,0.0
2020-11-24 00:00:00+09:00,772.7105627249673,775.1152636463106,763.0917590395943,765.4964599609375,187900,0.0,0.0
2020-11-25 00:00:00+09:00,784.734065599208,785.5356325712194,752.67138671875,752.67138671875,209100,0.0,0.0
2020-11-26 00:00:00+09:00,755.0761411622135,755.0761411622135,748.6636049315365,751.869873046875,113700,0.0,0.0
2020-11-27 00:00:00+09:00,752.6713665008546,770.3058394114177,750.2666656494141,769.5042724609375,189100,0.0,0.0
2020-11-30 00:00:00+09:00,771.9089122859197,772.7104791730286,735.036835478908,738.2431030273438,213100,0.0,0.0
2020-12-01 00:00:00+09:00,733.4337837790603,737.4416186630989,727.0212479645985,727.8228149414062,193600,0.0,0.0
2020-12-02 00:00:00+09:00,729.4258955314476,734.2352970404462,725.4180609406155,728.6243286132812,152200,0.0,0.0
2020-12-03 00:00:00+09:00,732.6322400692919,742.2510440964599,726.21970405118,730.2275390625,192700,0.0,0.0
2020-12-04 00:00:00+09:00,727.8226293945313,727.8226293945313,719.005394897461,721.4100952148438,124900,0.0,0.0
2020-12-07 00:00:00+09:00,732.6321753122359,734.2353091750634,710.9898681640625,710.9898681640625,138200,0.0,0.0
2020-12-08 00:00:00+09:00,707.7836774457226,728.6244199299681,706.1805434084729,725.4181518554688,143300,0.0,0.0
2020-12-09 00:00:00+09:00,723.0133601861163,729.4258955314476,722.2117932679498,728.6243286132812,101400,0.0,0.0
2020-12-10 00:00:00+09:00,725.4180741123647,730.2274757086898,717.4024047851562,717.4024047851562,105300,0.0,0.0
2020-12-11 00:00:00+09:00,714.9977408706872,718.2040087669683,706.9820711299844,708.585205078125,150500,0.0,0.0
2020-12-14 00:00:00+09:00,708.5851673698211,717.4024036153731,706.9820335069934,710.9898681640625,121700,0.0,0.0
2020-12-15 00:00:00+09:00,717.40235940004,730.2274295122196,712.5929581079728,719.0054931640625,167200,0.0,0.0
2020-12-16 00:00:00+09:00,719.806961669922,722.2116619873048,711.7912939453125,721.4100952148438,182200,0.0,0.0
2020-12-17 00:00:00+09:00,722.2118297823288,725.4180976171004,710.9898923606278,719.80712890625,156000,0.0,0.0
2020-12-18 00:00:00+09:00,723.013427734375,733.4337986440721,721.4102937482677,723.013427734375,263500,0.0,0.0
2020-12-21 00:00:00+09:00,723.8148882030385,728.6242894535571,714.9976525770879,724.616455078125,98200,0.0,0.0
2020-12-22 00:00:00+09:00,719.0054819974033,719.8070488669656,701.3710108670322,705.3788452148438,262800,0.0,0.0
2020-12-23 00:00:00+09:00,710.9899522417047,713.3946533203125,701.3711479272736,713.3946533203125,124600,0.0,0.0
2020-12-24 00:00:00+09:00,715.7992553710938,725.4180583548039,712.5929877098571,715.7992553710938,181600,0.0,0.0
2020-12-25 00:00:00+09:00,721.4102860428517,724.61655398082,717.4024511203914,722.2118530273438,180600,0.0,0.0
2020-12-28 00:00:00+09:00,723.0134200118358,725.418120965312,717.4024511203914,722.2118530273438,142500,0.0,0.0
2020-12-29 00:00:00+09:00,721.410271456381,730.2275081075145,721.410271456381,727.021240234375,125600,0.0,0.0
2020-12-30 00:00:00+09:00,725.4180504495253,725.4180504495253,714.9976806640625,714.9976806640625,158500,0.0,0.0
2021-01-04 00:00:00+09:00,719.8070859217671,719.8070859217671,695.7600785969864,696.5616455078125,262100,0.0,0.0
2021-01-05 00:00:00+09:00,696.5617296411357,703.7758327099161,694.9585956258511,698.9664306640625,176900,0.0,0.0
2021-01-06 00:00:00+09:00,702.9742276785714,706.1804955357143,695.760125,701.37109375,265300,0.0,0.0
2021-01-07 00:00:00+09:00,709.3866419549166,710.1882087819844,696.5615727218334,707.7835083007812,197500,0.0,0.0
2021-01-08 00:00:00+09:00,703.775689800715,709.3866577148438,699.7678555763374,709.3866577148438,137000,0.0,0.0
2021-01-12 00:00:00+09:00,705.378915037964,714.9977184248453,702.1726472423369,712.593017578125,164300,0.0,0.0
2021-01-13 00:00:00+09:00,714.1960918719952,720.608626928085,710.1882574619391,719.0054931640625,119600,0.0,0.0
2021-01-14 00:00:00+09:00,719.005561947557,721.4102628236359,714.1961601953994,719.80712890625,146300,0.0,0.0
2021-01-15 00:00:00+09:00,717.4023122391449,719.8070127270973,713.3944780925575,714.196044921875,102200,0.0,0.0
2021-01-18 00:00:00+09:00,713.3944760902551,713.3944760902551,706.9819414737135,707.7835083007812,80000,0.0,0.0
2021-01-19 00:00:00+09:00,712.5929250943459,717.402326163599,708.5850908699682,709.3866577148438,80800,0.0,0.0
2021-01-20 00:00:00+09:00,707.7836158846843,713.3945845270317,703.7757811401505,712.593017578125,132100,0.0,0.0
2021-01-21 00:00:00+09:00,714.1961514759386,721.4102540160995,711.7914506292182,712.593017578125,102700,0.0,0.0
2021-01-22 00:00:00+09:00,709.3867875006613,716.6008904243969,707.783653517609,710.1883544921875,90300,0.0,0.0
2021-01-25 00:00:00+09:00,713.3945845270317,713.3945845270317,707.7836158846843,712.593017578125,107700,0.0,0.0
2021-01-26 00:00:00+09:00,710.9899060003357,712.5930399484763,705.3789371818439,708.585205078125,131100,0.0,0.0
2021-01-27 00:00:00+09:00,710.9898461311922,714.9976806640625,707.7835785048959,714.9976806640625,105200,0.0,0.0
2021-01-28 00:00:00+09:00,706.1805500844891,716.6009214251229,701.3711479272736,713.3946533203125,272300,0.0,0.0
2021-01-29 00:00:00+09:00,709.3866716716883,714.9976396962102,702.1725699258745,704.5772705078125,149600,0.0,0.0
2021-02-01 00:00:00+09:00,705.3788078195781,711.7913424361197,703.7756741654428,707.7835083007812,102100,0.0,0.0
2021-02-02 00:00:00+09:00,707.7836541980172,718.2040250978748,706.9820872057205,716.6008911132812,111700,0.0,0.0
2021-02-03 00:00:00+09:00,722.2118690398601,730.2275390625,720.6087350353321,730.2275390625,158000,0.0,0.0
2021-02-04 00:00:00+09:00,730.2274341562543,743.0525043499974,727.0211666078184,738.2431030273438,137300,0.0,0.0
2021-02-05 00:00:00+09:00,743.0525899076666,747.0604248046875,739.0447550106458,747.0604248046875,161700,0.0,0.0
2021-02-08 00:00:00+09:00,751.0682536108063,763.8933251772662,751.0682536108063,759.0839233398438,189200,0.0,0.0
2021-02-09 00:00:00+09:00,768.7026493778935,768.7026493778935,752.6713115389385,757.480712890625,116200,0.0,0.0
2021-02-10 00:00:00+09:00,739.0446636594575,758.2822687872524,725.418026693936,743.8540649414062,207600,0.0,0.0
2021-02-12 00:00:00+09:00,751.8698329779938,751.8698329779938,733.4337922972967,735.0369262695312,128700,0.0,0.0
2021-02-15 00:00:00+09:00,738.2431727255544,748.6635432417675,738.2431727255544,745.457275390625,120900,0.0,0.0
2021-02-16 00:00:00+09:00,747.8619987858953,748.6635657728041,741.449462890625,741.449462890625,159800,0.0,0.0
2021-02-17 00:00:00+09:00,744.655646003508,748.66348048146,739.044677734375,739.044677734375,115400,0.0,0.0
2021-02-18 00:00:00+09:00,744.6556761498545,744.6556761498545,731.0290383731618,735.8384399414062,103200,0.0,0.0
2021-02-19 00:00:00+09:00,732.6321866219504,735.0368874533135,730.2274857905874,731.029052734375,96900,0.0,0.0
2021-02-22 00:00:00+09:00,739.0446636594575,745.4571987020558,736.6399630184831,743.8540649414062,245300,0.0,0.0
2021-02-24 00:00:00+09:00,747.0604708738672,763.8933784793943,740.6479346431903,751.869873046875,272300,0.0,0.0
2021-02-25 00:00:00+09:00,763.893217250279,795.9558916364398,762.290083530971,785.5355224609375,377900,0.0,0.0
2021-02-26 00:00:00+09:00,773.5121061821945,779.9246417774873,759.8854680421973,763.0917358398438,274800,0.0,0.0
2021-03-01 00:00:00+09:00,765.4964918870193,783.9325330528847,760.6870898437501,781.52783203125,247100,0.0,0.0
2021-03-02 00:00:00+09:00,786.3371348000743,790.344969330146,776.7183319279021,783.9324340820312,199200,0.0,0.0
2021-03-03 00:00:00+09:00,791.1466020685282,821.6061470316529,785.5356332595316,815.9951782226562,351800,0.0,0.0
2021-03-04 00:00:00+09:00,805.5748136450025,814.3920504112663,791.9481750062313,803.9716796875,175900,0.0,0.0
2021-03-05 00:00:00+09:00,809.5826338587478,809.5826338587478,783.1309240396006,808.7810668945312,233200,0.0,0.0
2021-03-08 00:00:00+09:00,821.6060791015625,838.4389841368139,818.3998114758002,821.6060791015625,263400,0.0,0.0
2021-03-09 00:00:00+09:00,830.4233150724085,832.8280157917301,815.9951107564787,821.6060791015625,185600,0.0,0.0
2021-03-10 00:00:00+09:00,826.415540107296,826.415540107296,805.5747990376649,808.7810668945312,200200,0.0,0.0
2021-03-11 00:00:00+09:00,815.9951416252885,826.4155118032146,811.1857400047073,824.8123779296875,158200,0.0,0.0
2021-03-12 00:00:00+09:00,824.8124615550041,824.8124615550041,813.5905233025551,820.8046264648438,128400,0.0,0.0
2021-03-15 00:00:00+09:00,820.804597007722,837.6375037822944,820.804597007722,830.4234008789062,170500,0.0,0.0
2021-03-16 00:00:00+09:00,830.4234098631886,845.6531828239999,828.8202758673136,844.050048828125,143400,0.0,0.0
2021-03-17 00:00:00+09:00,845.6530825782368,845.6530825782368,834.4311459373881,840.0421142578125,104500,0.0,0.0
2021-03-18 00:00:00+09:00,846.4547413793103,846.4547413793103,834.4312365301724,836.8359375,111200,0.0,0.0
2021-03-19 00:00:00+09:00,833.6295495559054,848.0577532982193,828.0185814338946,843.2483520507812,196800,0.0,0.0
2021-03-22 00:00:00+09:00,847.2563168198748,854.4704198013118,839.2406468405004,844.050048828125,147200,0.0,0.0
2021-03-23 00:00:00+09:00,848.0578458381422,863.287618116899,844.050011027943,846.4547119140625,153300,0.0,0.0
2021-03-24 00:00:00+09:00,843.2482905373868,855.2717927788894,815.1934519738805,818.3997192382812,270800,0.0,0.0
2021-03-25 00:00:00+09:00,836.8358170541974,848.8593201727922,831.2248489321865,843.2483520507812,192900,0.0,0.0
2021-03-26 00:00:00+09:00,850.4625467242616,860.8829172307795,846.4547119140625,846.4547119140625,146700,0.0,0.0
2021-03-29 00:00:00+09:00,849.6608293435843,858.4780643650744,821.6059906388433,831.2247924804688,357600,0.0,0.0
2021-03-30 00:00:00+09:00,818.6939302510883,846.2621952493392,814.5169204028684,839.5789794921875,319100,42.0,0.0
2021-03-31 00:00:00+09:00,832.0602098246026,832.0602098246026,804.4919498605344,807.8335571289062,302700,0.0,0.0
2021-04-01 00:00:00+09:00,807.8337242415398,819.5293521002591,805.3275182718143,816.187744140625,199000,0.0,0.0
2021-04-02 00:00:00+09:00,816.1877660780807,821.2001781522553,810.3399519915438,811.1753540039062,116100,0.0,0.0
2021-04-05 00:00:00+09:00,814.5169459351706,823.706367889311,810.3399359560159,819.5293579101562,136200,0.0,0.0
2021-04-06 00:00:00+09:00,821.2001641669881,830.3895861464763,806.162928200553,812.0107421875,164700,0.0,0.0
2021-04-07 00:00:00+09:00,807.833650241844,819.529277029213,807.833650241844,817.0230712890625,114200,0.0,0.0
2021-04-08 00:00:00+09:00,810.3399287518406,813.6815367054564,793.6318889837614,797.8088989257812,171400,0.0,0.0
2021-04-09 00:00:00+09:00,793.63184970096,804.4920750126572,789.4548399656917,792.7964477539062,145700,0.0,0.0
2021-04-12 00:00:00+09:00,794.4671892711664,801.1504043228691,790.2901798638521,800.3150024414062,68300,0.0,0.0
2021-04-13 00:00:00+09:00,793.6318773150821,804.492103004657,791.1256713867188,791.1256713867188,80900,0.0,0.0
2021-04-14 00:00:00+09:00,787.7840360715844,792.7964477539062,779.430016601048,792.7964477539062,91900,0.0,0.0
2021-04-15 00:00:00+09:00,791.9610304210929,809.5044709683956,791.1256284902689,801.1504516601562,131400,0.0,0.0
2021-04-16 00:00:00+09:00,811.1753046864699,811.1753046864699,790.2902556471684,791.9610595703125,76900,0.0,0.0
2021-04-19 00:00:00+09:00,793.631814613502,799.4796279843383,791.1256088831435,798.6442260742188,116800,0.0,0.0
2021-04-20 00:00:00+09:00,791.1255556702238,804.4919853330787,789.4547519623669,794.4671630859375,147500,0.0,0.0
2021-04-21 00:00:00+09:00,787.7840275294344,791.125635281415,769.405184893541,771.0759887695312,155300,0.0,0.0
2021-04-22 00:00:00+09:00,783.6070577664575,783.6070577664575,772.7468320191612,776.0884399414062,92900,0.0,0.0
2021-04-23 00:00:00+09:00,779.4300261635194,786.9486437792447,776.0884183343082,781.100830078125,127100,0.0,0.0
2021-04-26 00:00:00+09:00,785.2777635685351,790.2901748253555,780.2653523117147,789.4547729492188,105200,0.0,0.0
2021-04-27 00:00:00+09:00,787.78394825451,800.3149760634365,785.2777426927247,794.4671630859375,135100,0.0,0.0
2021-04-28 00:00:00+09:00,800.3151048909931,804.4921148330129,795.3026929605694,797.8088989257812,95600,0.0,0.0
2021-04-30 00:00:00+09:00,793.6318556634477,800.3150712900873,790.2902478501279,796.1380615234375,129800,0.0,0.0
2021-05-06 00:00:00+09:00,798.6442291946255,818.6938751158294,798.6442291946255,817.0230712890625,128800,0.0,0.0
2021-05-07 00:00:00+09:00,818.6938513110498,839.5788985383724,817.8584494219568,837.0726928710938,137800,0.0,0.0
2021-05-10 00:00:00+09:00,842.9206299781799,857.1224641799927,842.9206299781799,855.45166015625,128400,0.0,0.0
2021-05-11 00:00:00+09:00,847.9328213500977,859.628446472168,832.895589050293,835.4017944335938,152800,0.0,0.0
2021-05-12 00:00:00+09:00,834.5666098594666,857.957866191864,833.7312078475952,855.45166015625,273400,0.0,0.0
2021-05-13 00:00:00+09:00,805.3275168214169,827.0479685199198,796.1380949489733,797.8088989257812,514200,0.0,0.0
2021-05-14 00:00:00+09:00,808.6691269985465,813.6815389427524,789.454881212424,790.290283203125,217600,0.0,0.0
2021-05-17 00:00:00+09:00,794.4673432632803,799.4797555236165,782.7717146558293,783.6071166992188,126000,0.0,0.0
2021-05-18 00:00:00+09:00,787.784077231022,798.6443031101347,783.6070672775171,790.290283203125,124400,0.0,0.0
2021-05-19 00:00:00+09:00,785.2778398646391,790.290251608456,778.5946242062166,781.100830078125,189000,0.0,0.0
2021-05-20 00:00:00+09:00,782.7717146558293,790.2903330463336,780.2655085256613,783.6071166992188,189700,0.0,0.0
2021-05-21 00:00:00+09:00,781.9361435473919,787.7839565867421,775.2529286452775,782.7715454101562,98000,0.0,0.0
2021-05-24 00:00:00+09:00,782.7716302701584,797.8088654300974,782.7716302701584,796.1380615234375,92800,0.0,0.0
2021-05-25 00:00:00+09:00,798.6443310753774,798.6443310753774,784.4424967361709,788.6195068359375,100300,0.0,0.0
2021-05-26 00:00:00+09:00,780.265410087478,783.6070178394586,771.0759887695312,771.0759887695312,140200,0.0,0.0
2021-05-27 00:00:00+09:00,771.0760183501662,771.9114203202097,761.8865966796875,761.8865966796875,238500,0.0,0.0
2021-05-28 00:00:00+09:00,768.569808467742,780.2654359879033,766.8990045362904,776.923828125,129600,0.0,0.0
2021-05-31 00:00:00+09:00,776.9237546444974,776.9237546444974,766.0635301172088,770.2405395507812,118500,0.0,0.0
2021-06-01 00:00:00+09:00,773.5821746826172,773.5821746826172,762.7219497680665,768.5697631835938,82800,0.0,0.0
2021-06-02 00:00:00+09:00,769.4052104334678,777.7592300907259,766.8990045362904,776.923828125,75800,0.0,0.0
2021-06-03 00:00:00+09:00,777.7592533426104,791.961087184527,777.7592533426104,790.290283203125,130100,0.0,0.0
2021-06-04 00:00:00+09:00,790.29026153308,796.1380753076377,786.9486536619041,795.3026733398438,132300,0.0,0.0
2021-06-07 00:00:00+09:00,818.6938812193705,828.7187042547098,809.5044601036429,820.3646850585938,216100,0.0,0.0
2021-06-08 00:00:00+09:00,827.8833383366792,845.4267794114221,823.7063285569785,840.4143676757812,182800,0.0,0.0
2021-06-09 00:00:00+09:00,842.9204837945358,857.9577174003848,842.9204837945358,849.6036987304688,173200,0.0,0.0
2021-06-10 00:00:00+09:00,853.7808148496455,863.8056385073713,849.6038049922597,857.9578247070312,191400,0.0,0.0
2021-06-11 00:00:00+09:00,870.4887798335532,870.4887798335532,847.9329285326837,851.2745361328125,255400,0.0,0.0
2021-06-14 00:00:00+09:00,848.7683891518305,851.2745950253103,831.2249480374718,832.895751953125,176400,0.0,0.0
2021-06-15 00:00:00+09:00,831.2249114176834,846.2621459960938,825.3770979705239,846.2621459960938,195800,0.0,0.0
2021-06-16 00:00:00+09:00,847.0975616816946,851.2745713546814,842.920552008708,845.4267578125,86700,0.0,0.0
2021-06-17 00:00:00+09:00,839.5788763265693,851.274502464452,837.9080725925862,849.6036987304688,203700,0.0,0.0
2021-06-18 00:00:00+09:00,852.1099699446298,869.6534105023134,847.9329602880385,860.4639892578125,243800,0.0,0.0
2021-06-21 00:00:00+09:00,843.7559190325227,852.9453399328769,838.7435076323295,851.2745361328125,280300,0.0,0.0
2021-06-22 00:00:00+09:00,866.31177234468,878.8428008742559,852.1099400111607,877.1719970703125,212300,0.0,0.0
2021-06-23 00:00:00+09:00,880.513621555036,887.1968368989073,861.2993774414062,861.2993774414062,136900,0.0,0.0
2021-06-24 00:00:00+09:00,865.4764008457221,873.8304201589048,857.1223815325394,860.4639892578125,240300,0.0,0.0
2021-06-25 00:00:00+09:00,860.4639969988567,867.9826144483613,854.6161834270199,856.2869873046875,193100,0.0,0.0
2021-06-28 00:00:00+09:00,867.9826674537767,888.8677172000176,866.3118634740773,886.3615112304688,217800,0.0,0.0
2021-06-29 00:00:00+09:00,880.5136503399543,887.1968659023069,872.1596308870136,885.5260620117188,128800,0.0,0.0
2021-06-30 00:00:00+09:00,885.5259479938456,893.0445645334161,872.994920427895,873.830322265625,111100,0.0,0.0
2021-07-01 00:00:00+09:00,876.3365678098265,887.1967921964116,868.817950926806,878.8427734375,213400,0.0,0.0
2021-07-02 00:00:00+09:00,884.6905644567859,891.373779296875,881.3489570367414,891.373779296875,119300,0.0,0.0
2021-07-05 00:00:00+09:00,892.2094032593342,898.8926197631495,888.8677950074266,896.3864135742188,94000,0.0,0.0
2021-07-06 00:00:00+09:00,896.3863727173518,917.2714233398438,895.5509706924522,917.2714233398438,120400,0.0,0.0
2021-07-07 00:00:00+09:00,905.575724923754,917.2713523674188,899.7279112019216,903.0695190429688,115900,0.0,0.0
2021-07-08 00:00:00+09:00,900.5633030941613,901.3987050450835,884.6906660266388,888.86767578125,181000,0.0,0.0
2021-07-09 00:00:00+09:00,871.3243516849116,898.8926197631495,870.4889496219347,896.3864135742188,173900,0.0,0.0
2021-07-12 00:00:00+09:00,908.917403090847,923.1192375141414,908.917403090847,917.2714233398438,123600,0.0,0.0
2021-07-13 00:00:00+09:00,921.4482672779127,938.1563047625531,921.4482672779127,934.814697265625,157200,0.0,0.0
2021-07-14 00:00:00+09:00,933.979492076122,939.8273064272247,914.7652449224987,915.6006469726562,131600,0.0,0.0
2021-07-15 00:00:00+09:00,926.4607719771359,932.30858568664,908.0819288901233,910.588134765625,82600,0.0,0.0
2021-07-16 00:00:00+09:00,906.4110025782494,918.1066284179688,905.5756007325551,918.1066284179688,51100,0.0,0.0
2021-07-19 00:00:00+09:00,907.2464189345516,913.9296338069976,904.7402133573843,909.7526245117188,97100,0.0,0.0
2021-07-20 00:00:00+09:00,905.5757068887395,905.5757068887395,893.044677734375,893.044677734375,82200,0.0,0.0
2021-07-21 00:00:00+09:00,910.5880731491815,912.258876953125,872.9949875604539,877.1719970703125,274700,0.0,0.0
2021-07-26 00:00:00+09:00,902.2340991142423,905.5757068887395,876.336638861889,893.044677734375,239300,0.0,0.0
2021-07-27 00:00:00+09:00,901.3986522274926,903.9048579334077,872.9949875604539,877.1719970703125,208400,0.0,0.0
2021-07-28 00:00:00+09:00,878.0075187358909,903.9049812295281,870.488900592577,884.6907348632812,294600,0.0,0.0
2021-07-29 00:00:00+09:00,879.6783136818093,885.5261277328755,862.1348715286108,870.4888916015625,234800,0.0,0.0
2021-07-30 00:00:00+09:00,866.3118027770404,868.8180085709952,857.9577834638577,860.4639892578125,210600,0.0,0.0
2021-08-02 00:00:00+09:00,859.6285159008651,888.8675810675612,857.1223103151483,887.19677734375,244800,0.0,0.0
2021-08-03 00:00:00+09:00,890.5385211797169,898.8925410782133,883.8553052609197,886.3615112304688,115000,0.0,0.0
2021-08-04 00:00:00+09:00,879.678227474815,882.1844332510965,851.2745620102911,857.1223754882812,350600,0.0,0.0
2021-08-05 00:00:00+09:00,856.2870109917222,869.6534423828125,850.4391972581202,869.6534423828125,132300,0.0,0.0
2021-08-06 00:00:00+09:00,867.9826211605432,886.3614639570128,862.9702094887788,885.5260620117188,97400,0.0,0.0
2021-08-10 00:00:00+09:00,885.5259884446292,888.8675959481939,872.1595584303707,878.8427734375,107900,0.0,0.0
2021-08-11 00:00:00+09:00,923.1191641431336,944.004213105648,908.0819288901233,910.588134765625,473400,0.0,0.0
2021-08-12 00:00:00+09:00,906.4110025782494,920.6128339550514,896.3861804299185,918.1066284179688,169600,0.0,0.0
2021-08-13 00:00:00+09:00,918.1067077471907,928.1315307617188,907.2464828147854,928.1315307617188,228900,0.0,0.0
2021-08-16 00:00:00+09:00,923.1190795898438,923.1190795898438,907.2464438321903,923.1190795898438,152200,0.0,0.0
2021-08-17 00:00:00+09:00,913.9296966552735,915.6005004882812,902.2340698242188,902.2340698242188,155400,0.0,0.0
2021-08-18 00:00:00+09:00,906.4111524469712,913.92977030137,898.0571326087503,908.9173583984375,95700,0.0,0.0
2021-08-19 00:00:00+09:00,903.0695028628943,903.0695028628943,885.5260620117188,885.5260620117188,94900,0.0,0.0
2021-08-20 00:00:00+09:00,895.5508853552476,898.8924931364239,881.3490522852484,885.5260620117188,131200,0.0,0.0
2021-08-23 00:00:00+09:00,893.8801327497599,906.411162648121,893.8801327497599,897.2217407226562,113500,0.0,0.0
2021-08-24 00:00:00+09:00,913.9297775734263,931.4732193732818,910.5881696115491,930.6378173828125,158200,0.0,0.0
2021-08-25 00:00:00+09:00,933.9792753923751,939.8270883867818,926.4606586852809,932.3084716796875,125200,0.0,0.0
2021-08-26 00:00:00+09:00,928.1315800634851,949.0166291198192,926.4607761389784,947.3458251953125,189900,0.0,0.0
2021-08-27 00:00:00+09:00,952.3581280081228,954.8643336081442,933.9792869412994,946.5103149414062,114200,0.0,0.0
2021-08-30 00:00:00+09:00,954.029062318843,968.2308959960938,947.3458464707251,968.2308959960938,188900,0.0,0.0
2021-08-31 00:00:00+09:00,962.3830446896853,969.9016622263235,949.852015461955,955.6998291015625,180800,0.0,0.0
2021-09-01 00:00:00+09:00,955.6998834129483,979.9265412966682,955.6998834129483,978.2557373046875,211600,0.0,0.0
2021-09-02 00:00:00+09:00,978.2556318177117,984.1034451590643,953.193574640486,962.3829956054688,310900,0.0,0.0
2021-09-03 00:00:00+09:00,976.5848478564658,999.1406997744508,973.2432401649124,998.3052978515625,259800,0.0,0.0
2021-09-06 00:00:00+09:00,1004.1531113117809,1026.708963229766,995.7990920828975,998.3052978515625,376700,0.0,0.0
2021-09-07 00:00:00+09:00,1003.3178959019137,1013.3427208401511,994.1284730418629,1009.1657104492188,169100,0.0,0.0
2021-09-08 00:00:00+09:00,1004.9885764455051,1016.6842041015625,1003.3177724946398,1016.6842041015625,137300,0.0,0.0
2021-09-09 00:00:00+09:00,1003.3177530455235,1020.8611941895335,1000.8115471678079,1014.177978515625,222300,0.0,0.0
2021-09-10 00:00:00+09:00,1005.8237363992915,1033.3919949550861,1005.8237363992915,1031.72119140625,188300,0.0,0.0
2021-09-13 00:00:00+09:00,1033.3922548719272,1050.1002945626617,1030.0506469337804,1049.264892578125,163100,0.0,0.0
2021-09-14 00:00:00+09:00,1049.2648375496033,1055.1126511346727,1042.5816220238096,1052.6064453125,101900,0.0,0.0
2021-09-15 00:00:00+09:00,1035.8986287434896,1040.9110414632162,999.1409354654947,1002.4825439453125,368100,0.0,0.0
2021-09-16 00:00:00+09:00,1015.0133021339486,1027.5443305553554,989.9512452911351,996.6344604492188,236600,0.0,0.0
2021-09-17 00:00:00+09:00,985.7741845285791,987.4449882311699,968.2307456513755,977.420166015625,345400,0.0,0.0
2021-09-21 00:00:00+09:00,944.8396193085523,955.699844817846,939.8272075350321,947.3458251953125,225000,0.0,0.0
2021-09-22 00:00:00+09:00,938.9918848970011,944.0042970939602,926.4608544046034,931.4732666015625,276800,0.0,0.0
2021-09-24 00:00:00+09:00,945.6750057193783,960.7122407926547,934.8147803886787,955.6998291015625,306700,0.0,0.0
2021-09-27 00:00:00+09:00,961.547787580819,975.7496228448276,961.547787580819,969.06640625,130500,0.0,0.0
2021-09-28 00:00:00+09:00,969.0662802419355,969.9016822076613,946.5104271673388,958.2060546875,117600,0.0,0.0
2021-09-29 00:00:00+09:00,951.3981314491627,956.5040248200885,938.6333980218484,949.6961669921875,250600,21.0,0.0
2021-09-30 00:00:00+09:00,950.5471509660994,963.3118844168526,941.1863464355469,953.10009765625,198900,0.0,0.0
2021-10-01 00:00:00+09:00,944.5902701147196,953.9510745933339,933.5275011854482,942.8883056640625,180800,0.0,0.0
2021-10-04 00:00:00+09:00,945.4412146007262,947.9941611748056,927.5705885821707,930.12353515625,199400,0.0,0.0
2021-10-05 00:00:00+09:00,915.6569831013016,925.0177886906272,906.2961775119761,917.3589477539062,195100,0.0,0.0
2021-10-06 00:00:00+09:00,927.5706707250292,934.3785288587909,906.2961140570239,910.551025390625,181700,0.0,0.0
2021-10-07 00:00:00+09:00,911.4019184343206,928.4215621025618,911.4019184343206,914.8058471679688,139500,0.0,0.0
2021-10-08 00:00:00+09:00,930.1235911098483,941.1863602630305,919.9118041992188,919.9118041992188,112300,0.0,0.0
2021-10-11 00:00:00+09:00,924.1667818252355,934.3785694697132,924.1667818252355,931.8256225585938,93400,0.0,0.0
2021-10-12 00:00:00+09:00,930.1236498318092,933.527579016921,913.10400390625,913.10400390625,91600,0.0,0.0
2021-10-13 00:00:00+09:00,913.9549847166599,922.4648076656044,908.849090947293,909.7000732421875,99700,0.0,0.0
2021-10-14 00:00:00+09:00,911.4020378319764,915.6569493064487,900.3392679983483,909.7000732421875,136900,0.0,0.0
2021-10-15 00:00:00+09:00,923.3157373807717,928.421630859375,917.3588616557345,928.421630859375,138100,0.0,0.0
2021-10-18 00:00:00+09:00,936.0804416579782,936.0804416579782,917.3588328248186,930.9745483398438,213500,0.0,0.0
2021-10-19 00:00:00+09:00,929.2727023754612,931.8256493600093,917.358949780904,922.46484375,226000,0.0,0.0
2021-10-20 00:00:00+09:00,920.76279064147,934.3785065844123,915.6568971628667,928.421630859375,182800,0.0,0.0
2021-10-21 00:00:00+09:00,930.9746078071245,941.1863950956852,924.1667496147505,927.5706787109375,178400,0.0,0.0
2021-10-22 00:00:00+09:00,919.0609144372694,929.2727023754612,913.9550204681734,922.46484375,163700,0.0,0.0
2021-10-25 00:00:00+09:00,916.5079382200688,932.6766019398286,916.5079382200688,925.0177612304688,142300,0.0,0.0
2021-10-26 00:00:00+09:00,927.5706158773236,930.9745447429284,919.9117759297127,924.1666870117188,135900,0.0,0.0
2021-10-27 00:00:00+09:00,925.8687078095903,928.4216546142123,908.8490624454435,913.9549560546875,141200,0.0,0.0
2021-10-28 00:00:00+09:00,913.9550510107647,929.2727334299395,913.1040686541439,923.3158569335938,431000,0.0,0.0
2021-10-29 00:00:00+09:00,925.8687037417764,927.5706682707134,899.4882535432514,905.4451293945312,318400,0.0,0.0
2021-11-01 00:00:00+09:00,923.3156757337222,926.7196044921875,909.6999606998608,926.7196044921875,246500,0.0,0.0
2021-11-02 00:00:00+09:00,925.8686487268519,928.421595368562,913.1039155183015,919.060791015625,162100,0.0,0.0
2021-11-04 00:00:00+09:00,917.3589804372481,928.4217510733188,907.1471921577981,923.3158569335938,399500,0.0,0.0
2021-11-05 00:00:00+09:00,923.3157641962583,930.974604636596,913.9549592136235,920.7628173828125,197700,0.0,0.0
2021-11-08 00:00:00+09:00,921.613737657335,921.613737657335,907.147040020978,919.060791015625,97200,0.0,0.0
2021-11-09 00:00:00+09:00,921.6137940481808,923.3157585801257,908.8490600585938,908.8490600585938,161300,0.0,0.0
2021-11-10 00:00:00+09:00,889.2764734676228,889.2764734676228,855.2371826171875,855.2371826171875,337500,0.0,0.0
2021-11-11 00:00:00+09:00,860.3430730423693,868.0019134552094,845.0253922166892,848.4293212890625,199200,0.0,0.0
2021-11-12 00:00:00+09:00,860.3430510335447,875.6607314673763,859.4920687872207,866.2999267578125,269800,0.0,0.0
2021-11-15 00:00:00+09:00,880.7665771018458,894.3822923034203,874.809701701157,891.829345703125,172700,0.0,0.0
2021-11-16 00:00:00+09:00,892.6804429584904,900.3392837465041,874.809814453125,874.809814453125,107300,0.0,0.0
2021-11-17 00:00:00+09:00,878.2137378798172,878.2137378798172,859.4921271885809,861.194091796875,81500,0.0,0.0
2021-11-18 00:00:00+09:00,856.0881664627725,861.1940600997274,850.9822728258176,858.64111328125,106600,0.0,0.0
2021-11-19 00:00:00+09:00,853.5352809766398,862.8960866503617,853.5352809766398,860.3431396484375,62600,0.0,0.0
2021-11-22 00:00:00+09:00,854.3862088360363,881.6176417869857,850.9822797171677,873.9588012695312,178600,0.0,0.0
2021-11-24 00:00:00+09:00,873.9587600921204,877.3626890506098,852.6842041015625,852.6842041015625,117700,0.0,0.0
2021-11-25 00:00:00+09:00,867.1509344148399,867.1509344148399,855.2371826171875,855.2371826171875,46400,0.0,0.0
2021-11-26 00:00:00+09:00,853.5352124811783,853.5352124811783,838.217531698864,843.3234252929688,196500,0.0,0.0
2021-11-29 00:00:00+09:00,837.3664726807407,837.3664726807407,814.3899536132812,814.3899536132812,239000,0.0,0.0
2021-11-30 00:00:00+09:00,833.1115934176834,850.1312378184532,815.240966796875,815.240966796875,198300,0.0,0.0
2021-12-01 00:00:00+09:00,808.433204956682,833.111692265886,805.8802579936608,828.0057983398438,182700,0.0,0.0
2021-12-02 00:00:00+09:00,823.7508227412565,841.6214500941143,821.1978759765625,821.1978759765625,111900,0.0,0.0
2021-12-03 00:00:00+09:00,828.005777709961,851.8332821044922,828.005777709961,850.9822998046875,78600,0.0,0.0
2021-12-06 00:00:00+09:00,850.982265684126,858.6411060752831,839.9194962302323,843.3234252929688,83100,0.0,0.0
2021-12-07 00:00:00+09:00,856.0882008272058,868.001953125,850.9823069852941,868.001953125,103400,0.0,0.0
2021-12-08 00:00:00+09:00,873.1077872514725,878.2136807441711,861.1940357685089,871.4058227539062,102000,0.0,0.0
2021-12-09 00:00:00+09:00,868.852932534199,870.5548971424932,859.4921271885809,861.194091796875,57100,0.0,0.0
2021-12-10 00:00:00+09:00,857.7900992482605,860.3430459722136,849.2802768350833,856.088134765625,86800,0.0,0.0
2021-12-13 00:00:00+09:00,863.7470021147427,865.4489666509294,845.0253922166892,848.4293212890625,84800,0.0,0.0
2021-12-14 00:00:00+09:00,845.0253258719662,850.9822012809327,836.5155038591569,838.2174682617188,144900,0.0,0.0
2021-12-15 00:00:00+09:00,839.0685409887745,846.7273816266031,835.6646118164062,835.6646118164062,58900,0.0,0.0
2021-12-16 00:00:00+09:00,848.4293499608194,850.1313145545221,841.6214915860083,844.1744384765625,75400,0.0,0.0
2021-12-17 00:00:00+09:00,836.5155926101778,844.174433234279,830.5587165692101,832.2606811523438,123800,0.0,0.0
2021-12-20 00:00:00+09:00,827.1547433035714,830.5586722883598,804.17822265625,804.17822265625,191300,0.0,0.0
2021-12-21 00:00:00+09:00,812.6879892379139,823.7507576778017,805.8801317364445,814.3899536132812,146300,0.0,0.0
2021-12-22 00:00:00+09:00,815.2410262965557,817.7939731429958,809.2841503215286,811.8370971679688,98600,0.0,0.0
2021-12-23 00:00:00+09:00,813.5390968362203,829.7077608946807,811.8371321984877,822.89990234375,111300,0.0,0.0
2021-12-24 00:00:00+09:00,833.1116634439105,847.5783624005463,825.4528228198092,832.2606811523438,134300,0.0,0.0
2021-12-27 00:00:00+09:00,841.6213970668424,848.42925467709,832.2605928527522,838.2174682617188,110500,0.0,0.0
2021-12-28 00:00:00+09:00,850.1313145545221,850.1313145545221,838.2175623986029,844.1744384765625,99700,0.0,0.0
2021-12-29 00:00:00+09:00,845.8763776333178,855.2371826171875,845.8763776333178,855.2371826171875,62600,0.0,0.0
2021-12-30 00:00:00+09:00,850.9822704737351,856.0881640965775,845.8763768508927,853.5352172851562,46700,0.0,0.0
2022-01-04 00:00:00+09:00,887.5744854807854,890.1274322271347,862.045018017292,871.4058227539062,231200,0.0,0.0
2022-01-05 00:00:00+09:00,875.6607658289655,880.7666595072685,869.7038898709453,873.9588012695312,119200,0.0,0.0
2022-01-06 00:00:00+09:00,861.1940866596474,869.7039096503554,849.2803344726562,849.2803344726562,139100,0.0,0.0
2022-01-07 00:00:00+09:00,850.9822696834416,858.6411101105925,843.3234292562906,851.833251953125,97700,0.0,0.0
2022-01-11 00:00:00+09:00,856.0881703445091,867.1509399414062,850.1312944077182,867.1509399414062,87800,0.0,0.0
2022-01-12 00:00:00+09:00,868.8530006630048,882.4687185969989,866.3000535503808,879.915771484375,113500,0.0,0.0
2022-01-13 00:00:00+09:00,879.9156772275513,882.4686240667029,870.5548721506625,873.9588012695312,61800,0.0,0.0
2022-01-14 00:00:00+09:00,871.4058536585366,872.2568359375,861.1940663109756,872.2568359375,90100,0.0,0.0
2022-01-17 00:00:00+09:00,876.5118112776424,883.3196700060125,874.80984659555,879.0647583007812,65300,0.0,0.0
2022-01-18 00:00:00+09:00,882.4685919880867,889.2764499783516,869.70385825634,871.4058227539062,67500,0.0,0.0
2022-01-19 00:00:00+09:00,863.7470387093164,873.1078440549346,856.0881979719924,861.194091796875,100500,0.0,0.0
2022-01-20 00:00:00+09:00,854.3861719716894,868.8528701026842,851.8332252426903,859.4920654296875,74600,0.0,0.0
2022-01-21 00:00:00+09:00,851.8332913939715,873.1078491210938,847.5783798485471,873.1078491210938,117000,0.0,0.0
2022-01-24 00:00:00+09:00,865.4489559370519,890.12744140625,865.4489559370519,890.12744140625,90100,0.0,0.0
2022-01-25 00:00:00+09:00,880.766507343181,880.766507343181,866.2998110873027,876.5115966796875,139400,0.0,0.0
2022-01-26 00:00:00+09:00,879.9157125619741,891.8294649564303,876.5117833064153,885.0216064453125,118200,0.0,0.0
2022-01-27 00:00:00+09:00,882.4686494005527,889.2765078337296,853.5352510595511,861.194091796875,142200,0.0,0.0
2022-01-28 00:00:00+09:00,871.4058574879227,881.6176448803593,865.4489815090013,880.7666625976562,82700,0.0,0.0
2022-01-31 00:00:00+09:00,882.4686271630624,883.3196094457654,873.1078220533288,880.7666625976562,66000,0.0,0.0
2022-02-01 00:00:00+09:00,877.3626976535745,882.4685911413742,857.7901059503424,869.703857421875,153800,0.0,0.0
2022-02-02 00:00:00+09:00,867.1508877178703,890.1274078046048,867.1508877178703,884.1705322265625,93800,0.0,0.0
2022-02-03 00:00:00+09:00,876.5117236703005,890.1274397661498,876.5117236703005,886.7235107421875,78700,0.0,0.0
2022-02-04 00:00:00+09:00,882.4686302119226,890.1274707827107,875.6607719267776,887.5745239257812,56600,0.0,0.0
2022-02-07 00:00:00+09:00,882.4685994622346,893.5313687901121,879.9156526942628,886.7235107421875,67600,0.0,0.0
2022-02-08 00:00:00+09:00,886.723571073092,894.3824118980995,883.319641817533,885.0216064453125,59600,0.0,0.0
2022-02-09 00:00:00+09:00,890.9783900300395,890.9783900300395,879.9156210993895,884.1705322265625,63100,0.0,0.0
2022-02-10 00:00:00+09:00,893.5313101033219,894.3822923034203,886.7234525025347,891.829345703125,55900,0.0,0.0
2022-02-14 00:00:00+09:00,902.0412333227562,918.2098969389187,894.3823926624686,911.4020385742188,164800,0.0,0.0
2022-02-15 00:00:00+09:00,910.5510822721601,915.6569761914432,900.3392944335938,900.3392944335938,113600,0.0,0.0
2022-02-16 00:00:00+09:00,914.8058252020197,931.8254684615921,907.9979678981907,929.2725219726562,152900,0.0,0.0
2022-02-17 00:00:00+09:00,926.7197287363549,933.5275871660067,919.0608880029965,931.8256225585938,130400,0.0,0.0
2022-02-18 00:00:00+09:00,919.060791015625,929.2725775824653,916.507844373915,919.060791015625,92700,0.0,0.0
2022-02-21 00:00:00+09:00,910.5509688765915,924.1666842990452,906.2960578070747,919.060791015625,84800,0.0,0.0
2022-02-22 00:00:00+09:00,907.9980222348813,921.613737657335,904.594093379268,919.060791015625,116900,0.0,0.0
2022-02-24 00:00:00+09:00,913.9549755625748,913.9549755625748,883.3196132532147,889.2764892578125,180500,0.0,0.0
2022-02-25 00:00:00+09:00,896.9353011067709,902.892176920573,884.1705672200521,893.5313720703125,184200,0.0,0.0
2022-02-28 00:00:00+09:00,891.8294170812966,913.9549560546875,889.2764702766744,913.9549560546875,146900,0.0,0.0
2022-03-01 00:00:00+09:00,910.5510180803307,913.9549471198833,891.8294083627911,895.2333374023438,175200,0.0,0.0
2022-03-02 00:00:00+09:00,879.9156764481708,883.3196055640244,869.7038891006097,872.2568359375,160500,0.0,0.0
2022-03-03 00:00:00+09:00,890.9784840550916,893.5314310008082,879.9157139569863,888.425537109375,99600,0.0,0.0
2022-03-04 00:00:00+09:00,885.8724001393734,892.6802572009633,872.2566860161938,876.5115966796875,187400,0.0,0.0
2022-03-07 00:00:00+09:00,865.4489126722214,868.8528415322891,853.5351616619843,863.7469482421875,188600,0.0,0.0
2022-03-08 00:00:00+09:00,855.2372068335653,863.7470297871331,834.8136317450026,840.7705078125,181400,0.0,0.0
2022-03-09 00:00:00+09:00,843.3234220642524,851.8332446885133,833.9626171775654,836.5155639648438,172700,0.0,0.0
2022-03-10 00:00:00+09:00,850.9822463239809,868.0018912504605,849.2802818313329,866.2999267578125,173200,0.0,0.0
2022-03-11 00:00:00+09:00,862.8960592830882,873.1078469669118,853.53525390625,868.001953125,142600,0.0,0.0
2022-03-14 00:00:00+09:00,873.1078220533288,890.9784499900928,873.1078220533288,880.7666625976562,92700,0.0,0.0
2022-03-15 00:00:00+09:00,885.8726253347423,902.0412899662122,885.0216429857176,901.1903076171875,98600,0.0,0.0
2022-03-16 00:00:00+09:00,902.8922638500763,906.2961932142614,878.213775959735,879.0647583007812,118100,0.0,0.0
2022-03-17 00:00:00+09:00,889.2763991028298,894.3822923034203,880.7665771018458,891.829345703125,97300,0.0,0.0
2022-03-18 00:00:00+09:00,897.7862044452181,919.0607590529247,897.7862044452181,916.5078125,220100,0.0,0.0
2022-03-22 00:00:00+09:00,919.0607580850291,922.4646868186774,912.2529006177326,914.8058471679688,115800,0.0,0.0
2022-03-23 00:00:00+09:00,927.570644382191,930.1235911098483,917.3588574715614,919.9118041992188,144200,0.0,0.0
2022-03-24 00:00:00+09:00,913.103980052143,927.5706787109375,913.103980052143,927.5706787109375,97100,0.0,0.0
2022-03-25 00:00:00+09:00,928.4217491963044,930.1237139061051,915.6570138727989,918.2099609375,171500,0.0,0.0
2022-03-28 00:00:00+09:00,925.8686514445211,930.9745447429284,919.0607937133115,924.1666870117188,249400,0.0,0.0
2022-03-29 00:00:00+09:00,934.3785694697132,934.3785694697132,922.4648172178225,931.8256225585938,229700,0.0,0.0
2022-03-30 00:00:00+09:00,925.7408319316572,932.6947536738669,904.8790667050283,920.525390625,231300,23.0,0.0
2022-03-31 00:00:00+09:00,917.0485331217448,924.8716959635417,908.3561299641927,912.7023315429688,107300,0.0,0.0
2022-04-01 00:00:00+09:00,919.6563241506178,937.910372172511,906.6177184206941,934.4334106445312,128000,0.0,0.0
2022-04-04 00:00:00+09:00,929.2177608581657,944.8640842402489,927.4792804823786,940.5178833007812,49300,0.0,0.0
2022-04-05 00:00:00+09:00,950.0796671586776,960.5105509701177,945.7334655705774,948.3411865234375,137600,0.0,0.0
2022-04-06 00:00:00+09:00,947.4718370324607,960.5104402943753,946.6025968149997,953.5565185546875,97700,0.0,0.0
2022-04-07 00:00:00+09:00,935.3025715382418,939.648773078847,924.0024475326682,926.6101684570312,98800,0.0,0.0
2022-04-08 00:00:00+09:00,926.610062448602,929.2177830746299,904.8790572317023,908.3560180664062,91600,0.0,0.0
2022-04-11 00:00:00+09:00,910.9638835257828,914.4408449132858,903.140720403901,909.2254028320312,68000,0.0,0.0
2022-04-12 00:00:00+09:00,909.225284172161,918.786926739937,898.7944013709507,902.2713623046875,92700,0.0,0.0
2022-04-13 00:00:00+09:00,907.4868450601592,914.4407672445283,901.4021631488363,910.9638061523438,105900,0.0,0.0
2022-04-14 00:00:00+09:00,916.1792404060077,924.8716430664062,915.3100001399679,924.8716430664062,54700,0.0,0.0
2022-04-15 00:00:00+09:00,915.3100322795364,927.479396431401,915.3100322795364,921.3947143554688,49700,0.0,0.0
2022-04-18 00:00:00+09:00,910.0945523735716,924.0023965359184,909.2253121134248,922.263916015625,56600,0.0,0.0
2022-04-19 00:00:00+09:00,922.2639790435335,931.8256225585938,918.7870177653298,931.8256225585938,56800,0.0,0.0
2022-04-20 00:00:00+09:00,931.8256225585938,938.7795451150012,921.3947387239825,931.8256225585938,94900,0.0,0.0
2022-04-21 00:00:00+09:00,931.8256144804113,948.3411804087021,930.956374168396,945.7334594726562,93800,0.0,0.0
2022-04-22 00:00:00+09:00,935.3026002117406,941.3872825551256,923.1332355249707,930.087158203125,60200,0.0,0.0
2022-04-25 00:00:00+09:00,916.1792725760981,923.1331949485923,916.1792725760981,921.3947143554688,65600,0.0,0.0
2022-04-26 00:00:00+09:00,916.1793256070373,917.9178063007887,909.2254028320312,909.2254028320312,69100,0.0,0.0
2022-04-27 00:00:00+09:00,899.663657700233,903.1406186961759,893.5789759573329,900.5328979492188,119700,0.0,0.0
2022-04-28 00:00:00+09:00,913.5714655361561,947.4718339052428,911.8329851069722,943.994873046875,189300,0.0,0.0
2022-05-02 00:00:00+09:00,939.648775205196,953.5566201666051,935.3025736547556,936.1718139648438,58600,0.0,0.0
2022-05-06 00:00:00+09:00,945.733443233945,947.471923828125,927.4793969950545,947.471923828125,100700,0.0,0.0
2022-05-09 00:00:00+09:00,937.0410318480992,943.9949541623708,935.3025512695312,935.3025512695312,42200,0.0,0.0
2022-05-10 00:00:00+09:00,915.3099939344515,924.0023965359184,909.2253121134248,922.263916015625,124000,0.0,0.0
2022-05-11 00:00:00+09:00,909.2253293550931,914.4407710148738,901.4021668654221,904.0098876953125,85600,0.0,0.0
2022-05-12 00:00:00+09:00,904.00993657066,912.7023398069164,895.3175333344037,898.7944946289062,94700,0.0,0.0
2022-05-13 00:00:00+09:00,904.0099404074929,924.0024679357355,898.7944984436035,917.9177856445312,121900,0.0,0.0
2022-05-16 00:00:00+09:00,927.4793585779113,930.0870793611668,901.4021507453552,905.7483520507812,187000,0.0,0.0
2022-05-17 00:00:00+09:00,909.2253293550931,926.6101348876953,900.5329265887921,904.0098876953125,180100,0.0,0.0
2022-05-18 00:00:00+09:00,904.0098914804385,909.2253331620564,893.5790081172026,897.0559692382812,148900,0.0,0.0
2022-05-19 00:00:00+09:00,884.0174031299255,901.4022094844962,873.5865193171829,896.186767578125,137100,0.0,0.0
2022-05-20 00:00:00+09:00,890.9712835458608,907.4868488018329,890.9712835458608,904.0098876953125,108600,0.0,0.0
2022-05-23 00:00:00+09:00,907.4869178612724,920.5255230029575,907.4869178612724,916.1793212890625,102400,0.0,0.0
2022-05-24 00:00:00+09:00,917.0485331217448,929.2178975423177,912.7023315429688,912.7023315429688,113400,0.0,0.0
2022-05-25 00:00:00+09:00,904.0099304376819,910.0946126617816,891.8405659894823,896.186767578125,119500,0.0,0.0
2022-05-26 00:00:00+09:00,904.0099283854166,920.5254943847656,904.0099283854166,912.7023315429688,80600,0.0,0.0
2022-05-27 00:00:00+09:00,921.3946308427762,924.871591713881,915.3099493183428,920.525390625,124300,0.0,0.0
2022-05-30 00:00:00+09:00,927.4793787558358,942.2564635157695,924.0024176358514,939.6487426757812,168900,0.0,0.0
2022-05-31 00:00:00+09:00,934.4333456678834,935.3025859894349,915.31005859375,915.31005859375,115800,0.0,0.0
2022-06-01 00:00:00+09:00,915.3100148358905,943.1257037957656,915.3100148358905,939.6487426757812,103100,0.0,0.0
2022-06-02 00:00:00+09:00,936.1717592027452,941.3872007581923,930.9563176472982,938.7794799804688,50500,0.0,0.0
2022-06-03 00:00:00+09:00,943.1256038644618,943.1256038644618,935.3024421734202,940.5178833007812,61200,0.0,0.0
2022-06-06 00:00:00+09:00,940.5180014514048,950.0796447193951,938.7795208572247,947.471923828125,125700,0.0,0.0
2022-06-07 00:00:00+09:00,950.9487756840317,970.0720600213705,943.9948541068176,969.2028198242188,217500,0.0,0.0
2022-06-08 00:00:00+09:00,971.8105500642243,977.895231504698,961.379667594841,964.8566284179688,95000,0.0,0.0
2022-06-09 00:00:00+09:00,970.0721862296748,983.9800311935411,957.9028218862918,962.2490234375,126500,0.0,0.0
2022-06-10 00:00:00+09:00,956.1642066828646,959.6411674344386,940.5178833007812,940.5178833007812,127100,0.0,0.0
2022-06-13 00:00:00+09:00,934.4333109802474,942.256473583803,930.9563498231115,935.3025512695312,73900,0.0,0.0
2022-06-14 00:00:00+09:00,924.0023965359184,929.2178380967985,905.7483510728381,922.263916015625,194100,0.0,0.0
2022-06-15 00:00:00+09:00,921.3947306238185,933.5640949905483,919.65625,919.65625,73900,0.0,0.0
2022-06-16 00:00:00+09:00,925.7408319316572,937.0409547627479,916.179189536119,920.525390625,93000,0.0,0.0
2022-06-17 00:00:00+09:00,904.0099404074929,919.656266299161,897.0560177889737,917.9177856445312,170800,0.0,0.0
2022-06-20 00:00:00+09:00,923.1331699749895,926.610131067174,908.3560853332053,910.9638061523438,94800,0.0,0.0
2022-06-21 00:00:00+09:00,925.7409565292786,931.8256388726635,919.6562741858936,930.087158203125,144400,0.0,0.0
2022-06-22 00:00:00+09:00,935.3025756143668,937.9102965500945,919.65625,919.65625,84400,0.0,0.0
2022-06-23 00:00:00+09:00,928.3486954880821,942.2565411133717,925.7409744333403,937.9103393554688,106600,0.0,0.0
2022-06-24 00:00:00+09:00,938.7795669126813,959.6413350662965,934.4333652140115,958.7720947265625,216900,0.0,0.0
2022-06-27 00:00:00+09:00,973.5491474706413,974.418387780883,950.079659094117,962.2490234375,132000,0.0,0.0
2022-06-28 00:00:00+09:00,963.1182177126195,983.1107438925746,963.1182177126195,977.0260620117188,159300,0.0,0.0
2022-06-29 00:00:00+09:00,977.8953531973123,986.587756336844,970.0721903717338,981.372314453125,163100,0.0,0.0
2022-06-30 00:00:00+09:00,985.7183901218694,987.4568705277281,965.7258654544946,971.810546875,124300,0.0,0.0
2022-07-01 00:00:00+09:00,969.2028489546343,973.5490500710227,950.0795640425249,956.1642456054688,92900,0.0,0.0
2022-07-04 00:00:00+09:00,970.9414491068155,971.8106894372603,951.8181618370304,963.1182861328125,57700,0.0,0.0
2022-07-05 00:00:00+09:00,963.9875081195084,963.9875081195084,951.8181437248528,955.2951049804688,66700,0.0,0.0
2022-07-06 00:00:00+09:00,947.4718888864843,953.5565707417186,937.9102459711161,941.38720703125,97900,0.0,0.0
2022-07-07 00:00:00+09:00,948.3413251276077,953.5567677955872,934.4334780129957,946.6028442382812,85200,0.0,0.0
2022-07-08 00:00:00+09:00,946.6026098385069,953.5565316738678,935.3024868560453,942.2564086914062,108500,0.0,0.0
2022-07-11 00:00:00+09:00,952.6872145432692,964.8565767728365,952.6872145432692,960.5103759765625,106200,0.0,0.0
2022-07-12 00:00:00+09:00,960.5104076223321,960.5104076223321,938.7794029249943,940.5178833007812,74600,0.0,0.0
2022-07-13 00:00:00+09:00,945.733443233945,949.210404422305,939.6487611543148,947.471923828125,62100,0.0,0.0
2022-07-14 00:00:00+09:00,945.7333662431319,950.0795673747639,939.6486846588471,949.2103271484375,47300,0.0,0.0
2022-07-15 00:00:00+09:00,949.2103857557382,949.2103857557382,934.4333009958046,939.6487426757812,67000,0.0,0.0
2022-07-19 00:00:00+09:00,943.1258824596282,950.9490464615975,941.3874015703017,946.6028442382812,46900,0.0,0.0
2022-07-20 00:00:00+09:00,964.8566704939757,964.8566704939757,952.6873070823399,957.0335083007812,65100,0.0,0.0
2022-07-21 00:00:00+09:00,939.6488879763089,950.949013363628,938.7796475618997,950.0797729492188,88100,0.0,0.0
2022-07-22 00:00:00+09:00,946.6025968149997,957.0334794245314,943.9948761626168,953.5565185546875,54700,0.0,0.0
2022-07-25 00:00:00+09:00,963.9873752870421,970.9412968400595,956.1642135398976,959.6411743164062,83200,0.0,0.0
2022-07-26 00:00:00+09:00,961.3796580498529,972.6797806128258,961.3796580498529,969.2028198242188,50500,0.0,0.0
2022-07-27 00:00:00+09:00,969.2028038141017,973.5490047280662,966.5950832657229,970.9412841796875,56100,0.0,0.0
2022-07-28 00:00:00+09:00,975.2875814743313,977.0260620117188,962.2489774439258,977.0260620117188,99200,0.0,0.0
2022-07-29 00:00:00+09:00,977.0260594343132,977.0260594343132,963.9874554383038,967.4644165039062,64300,0.0,0.0
2022-08-01 00:00:00+09:00,969.2030265422236,979.6339111328125,964.8568246294782,979.6339111328125,104100,0.0,0.0
2022-08-02 00:00:00+09:00,979.6337021900399,979.6337021900399,961.3796580498529,969.2028198242188,85600,0.0,0.0
2022-08-03 00:00:00+09:00,971.8107724493752,971.8107724493752,953.5567239507734,954.4259643554688,96200,0.0,0.0
2022-08-04 00:00:00+09:00,967.4643620340631,967.4643620340631,950.0795576848436,953.5565185546875,72000,0.0,0.0
2022-08-05 00:00:00+09:00,959.6412725601605,976.1568379393661,956.1643114276961,975.28759765625,104600,0.0,0.0
2022-08-08 00:00:00+09:00,975.2874304635185,975.2874304635185,965.725788988386,973.5489501953125,52100,0.0,0.0
2022-08-09 00:00:00+09:00,975.2877185179456,978.7646800812894,965.72607421875,965.72607421875,76400,0.0,0.0
2022-08-10 00:00:00+09:00,969.202826266212,976.1567478896467,963.9873850486359,971.810546875,47300,0.0,0.0
2022-08-12 00:00:00+09:00,977.8952940051364,1016.1418655040039,972.6798524371089,1007.449462890625,230200,0.0,0.0
2022-08-15 00:00:00+09:00,1019.6187584651774,1042.2190037508506,1015.2725574487018,1037.872802734375,184700,0.0,0.0
2022-08-16 00:00:00+09:00,1043.9576012113855,1067.4270893318746,1038.7421594068323,1061.3424072265625,221600,0.0,0.0
2022-08-17 00:00:00+09:00,1064.8191741210128,1069.1653748317108,1046.5651311360812,1049.1728515625,139300,0.0,0.0
2022-08-18 00:00:00+09:00,1046.5653729390938,1054.3885360258478,1034.3960081374764,1039.6114501953125,128200,0.0,0.0
2022-08-19 00:00:00+09:00,1050.9114090662279,1061.3422915383494,1043.0882472121368,1047.4344482421875,162900,0.0,0.0
2022-08-22 00:00:00+09:00,1042.2190937940188,1062.2116201970732,1019.6188465557831,1041.349853515625,204900,0.0,0.0
2022-08-23 00:00:00+09:00,1035.2650240147093,1054.3883074138057,1028.3111027786745,1030.9188232421875,67300,0.0,0.0
2022-08-24 00:00:00+09:00,1030.9190467655858,1040.4806905382852,1030.9190467655858,1039.6114501953125,61700,0.0,0.0
2022-08-25 00:00:00+09:00,1045.6960323783092,1046.565272637975,1037.8728700413142,1040.4805908203125,46200,0.0,0.0
2022-08-26 00:00:00+09:00,1044.826750038868,1048.3037109375,1042.2190293648944,1048.3037109375,99900,0.0,0.0
2022-08-29 00:00:00+09:00,1033.5266017178994,1041.3497635475555,1029.1804007014237,1037.872802734375,69100,0.0,0.0
2022-08-30 00:00:00+09:00,1043.0884012671731,1047.4346029391197,1036.1344785920587,1043.9576416015625,38900,0.0,0.0
2022-08-31 00:00:00+09:00,1032.65744087048,1048.303765732154,1031.788200600387,1045.696044921875,126300,0.0,0.0
2022-09-01 00:00:00+09:00,1030.9189101098655,1040.4805526151004,1022.2265078323792,1024.834228515625,121600,0.0,0.0
2022-09-02 00:00:00+09:00,1027.4420613469306,1032.6575032827018,1019.6188984432737,1029.1805419921875,89900,0.0,0.0
2022-09-05 00:00:00+09:00,1015.2727542424161,1017.8804753577648,1001.3649082938898,1010.0573120117188,122200,0.0,0.0
2022-09-06 00:00:00+09:00,1022.2267896951317,1022.2267896951317,1009.1881826837142,1014.4036254882812,74500,0.0,0.0
2022-09-07 00:00:00+09:00,1007.4494410808721,1010.9264020509528,983.9799545328276,990.0646362304688,234800,0.0,0.0
2022-09-08 00:00:00+09:00,1008.3186548585032,1013.534096176737,997.887772222036,1012.6648559570312,93600,0.0,0.0
2022-09-09 00:00:00+09:00,995.2801396196168,1026.5727902976134,995.2801396196168,1016.1419067382812,155800,0.0,0.0
2022-09-12 00:00:00+09:00,1017.0111995648734,1030.0498046875,1010.9265171743144,1030.0498046875,115500,0.0,0.0
2022-09-13 00:00:00+09:00,1031.7882180254269,1031.7882180254269,1023.095815177698,1027.4420166015625,74100,0.0,0.0
2022-09-14 00:00:00+09:00,1008.3186548585032,1017.880297275265,1003.1032135402696,1012.6648559570312,100100,0.0,0.0
2022-09-15 00:00:00+09:00,1012.6649538299741,1028.311279296875,1010.9264732225407,1028.311279296875,76800,0.0,0.0
2022-09-16 00:00:00+09:00,1028.311214725677,1037.8728574661525,1027.4419744765428,1035.26513671875,119600,0.0,0.0
2022-09-20 00:00:00+09:00,1037.872877361611,1043.0883189563929,1023.9650331088591,1026.57275390625,88300,0.0,0.0
2022-09-21 00:00:00+09:00,1018.7495021771452,1027.4419040728546,1017.0110217980034,1023.095703125,57800,0.0,0.0
2022-09-22 00:00:00+09:00,1010.9264549762265,1022.2265787205868,1007.4494938241156,1020.4880981445312,67400,0.0,0.0
2022-09-26 00:00:00+09:00,1017.8804617669385,1017.8804617669385,994.410972042167,995.2802124023438,142300,0.0,0.0
2022-09-27 00:00:00+09:00,1009.1879215659125,1009.1879215659125,987.4569155029083,990.0646362304688,144700,0.0,0.0
2022-09-28 00:00:00+09:00,983.9799841612684,986.5877049673495,960.5104969065385,977.0260620117188,184700,0.0,0.0
2022-09-29 00:00:00+09:00,989.4497072474951,1008.0850828996901,989.4497072474951,1001.873291015625,111300,23.0,0.0
2022-09-30 00:00:00+09:00,997.4361916678292,1000.9857866559711,985.0126092093332,993.8865966796875,77000,0.0,0.0
2022-10-03 00:00:00+09:00,983.2378117152623,998.3235904148647,983.2378117152623,993.8865966796875,75700,0.0,0.0
2022-10-04 00:00:00+09:00,1007.1974797742121,1029.3824462890625,1007.1974797742121,1029.3824462890625,80800,0.0,0.0
2022-10-05 00:00:00+09:00,1037.3692626953125,1040.031459263393,1018.73388671875,1018.73388671875,63700,0.0,0.0
2022-10-06 00:00:00+09:00,1023.1707419722679,1039.1439192103433,1023.1707419722679,1026.7203369140625,64700,0.0,0.0
2022-10-07 00:00:00+09:00,1012.5220947265625,1026.720476422991,1012.5220947265625,1018.73388671875,54200,0.0,0.0
2022-10-11 00:00:00+09:00,1005.4229038783482,1021.3960832868304,1005.4229038783482,1006.310302734375,109700,0.0,0.0
2022-10-12 00:00:00+09:00,1004.5354192685708,1025.832989995113,1003.6480204882981,1021.39599609375,66200,0.0,0.0
2022-10-13 00:00:00+09:00,1012.5220072267343,1019.6211974614529,1005.4228169920157,1008.972412109375,66800,0.0,0.0
2022-10-14 00:00:00+09:00,1029.3825159081105,1036.481705672994,1019.6211299813956,1028.4951171875,86700,0.0,0.0
2022-10-17 00:00:00+09:00,1016.0716034121144,1028.4951863359306,1016.0716034121144,1021.39599609375,35800,0.0,0.0
2022-10-18 00:00:00+09:00,1025.8328516466863,1033.8194395920325,1023.1706556649044,1029.3824462890625,74700,0.0,0.0
2022-10-19 00:00:00+09:00,1029.3824646258047,1033.8194580078125,1028.4950659494032,1033.8194580078125,37500,0.0,0.0
2022-10-20 00:00:00+09:00,1026.7202685966001,1035.5942553606155,1026.7202685966001,1033.8194580078125,51100,0.0,0.0
2022-10-21 00:00:00+09:00,1031.1572951080482,1034.7068899276971,1024.05810546875,1024.05810546875,47600,0.0,0.0
2022-10-24 00:00:00+09:00,1024.9455350988053,1024.9455350988053,995.661376953125,995.661376953125,132500,0.0,0.0
2022-10-25 00:00:00+09:00,1006.3102590608091,1008.085056695837,999.2110685206976,1004.5354614257812,115000,0.0,0.0
2022-10-26 00:00:00+09:00,1008.0850741496129,1008.0850741496129,999.211085820831,1002.7606811523438,104600,0.0,0.0
2022-10-27 00:00:00+09:00,998.3236956533021,1001.873291015625,992.1119037692372,1001.873291015625,102500,0.0,0.0
2022-10-28 00:00:00+09:00,998.3237217416984,1008.0851092431727,994.7741262866168,999.2111206054688,252700,0.0,0.0
2022-10-31 00:00:00+09:00,1012.5221466781577,1019.621337890625,1002.760758761015,1019.621337890625,106400,0.0,0.0
2022-11-01 00:00:00+09:00,1020.5086316560444,1021.39603046618,1008.0850483141447,1011.6346435546875,55500,0.0,0.0
2022-11-02 00:00:00+09:00,1008.9723274852415,1024.05810546875,1007.197530075417,1024.05810546875,168900,0.0,0.0
2022-11-04 00:00:00+09:00,1011.6346084473945,1024.9455901374918,1008.0850133300352,1008.972412109375,154700,0.0,0.0
2022-11-07 00:00:00+09:00,1021.3959514664685,1021.3959514664685,1011.6345653099688,1013.4093627929688,92900,0.0,0.0
2022-11-08 00:00:00+09:00,1022.2833080589255,1032.0446938129603,1019.6211119441887,1024.05810546875,146000,0.0,0.0
2022-11-09 00:00:00+09:00,1030.2700545574028,1042.6936383332888,1027.6078580339988,1039.14404296875,110900,0.0,0.0
2022-11-10 00:00:00+09:00,1040.9188581194196,1044.4684535435267,1032.9322684151784,1043.5810546875,146200,0.0,0.0
2022-11-11 00:00:00+09:00,1021.3959838317321,1036.481762915259,982.3504379684861,985.0126342773438,548800,0.0,0.0
2022-11-14 00:00:00+09:00,987.6747586746702,991.224353494705,969.9267845744964,973.4763793945312,209600,0.0,0.0
2022-11-15 00:00:00+09:00,973.4765188556828,979.6883106806507,968.1521258628532,971.7017211914062,175200,0.0,0.0
2022-11-16 00:00:00+09:00,998.3235549585245,1009.8597382602675,986.7873716567815,991.224365234375,194100,0.0,0.0
2022-11-17 00:00:00+09:00,988.5622998262929,1003.648079985222,985.0127044947802,1002.7606811523438,119200,0.0,0.0
2022-11-18 00:00:00+09:00,1003.6480096565872,1007.197604739369,992.9992244082414,997.4362182617188,121000,0.0,0.0
2022-11-21 00:00:00+09:00,1002.7604908599585,1009.8596801757812,999.2108962020473,1009.8596801757812,93900,0.0,0.0
2022-11-22 00:00:00+09:00,1013.4093379974365,1028.4951162338257,1013.4093379974365,1022.2833251953125,115600,0.0,0.0
2022-11-24 00:00:00+09:00,1033.8197196770207,1036.4819163800516,1028.4953262709587,1032.044921875,99500,0.0,0.0
2022-11-25 00:00:00+09:00,1032.0447835493533,1048.905360408715,1029.3825872031382,1046.2431640625,83400,0.0,0.0
2022-11-28 00:00:00+09:00,1047.130419500943,1047.130419500943,1027.6076489678744,1029.3824462890625,97300,0.0,0.0
2022-11-29 00:00:00+09:00,1024.9456090168146,1034.7069957693557,1020.5086150383868,1025.8330078125,85400,0.0,0.0
2022-11-30 00:00:00+09:00,1023.1707952193433,1041.8061696335724,1019.6212000928234,1040.0313720703125,224800,0.0,0.0
2022-12-01 00:00:00+09:00,1040.9187510225786,1040.9187510225786,1016.0715856102748,1016.958984375,110700,0.0,0.0
2022-12-02 00:00:00+09:00,1016.0715930510369,1021.3959856783786,998.3236176265647,1003.6480102539062,103100,0.0,0.0
2022-12-05 00:00:00+09:00,1001.8732121151962,1001.8732121151962,989.4496293254595,997.4362182617188,112600,0.0,0.0
2022-12-06 00:00:00+09:00,988.562334240224,1001.87331719678,988.562334240224,999.2111206054688,74400,0.0,0.0
2022-12-07 00:00:00+09:00,996.5488291986176,1012.5220072267343,995.6614304192777,1008.972412109375,67500,0.0,0.0
2022-12-08 00:00:00+09:00,1002.7606461126401,1002.7606461126401,990.3370628864658,1000.0984497070312,66200,0.0,0.0
2022-12-09 00:00:00+09:00,989.4496293254595,1004.5354084272826,989.4496293254595,997.4362182617188,64100,0.0,0.0
2022-12-12 00:00:00+09:00,993.8866580939441,1002.7606461126401,992.1118604902049,1000.0984497070312,59200,0.0,0.0
2022-12-13 00:00:00+09:00,1004.535496272094,1008.0850916652815,1000.9859008789062,1000.9859008789062,52600,0.0,0.0
2022-12-14 00:00:00+09:00,1001.8732218746565,1009.8598108887148,1001.8732218746565,1008.972412109375,60000,0.0,0.0
2022-12-15 00:00:00+09:00,1003.6478895244364,1013.4092748336926,1002.7604908599585,1009.8596801757812,51300,0.0,0.0
2022-12-16 00:00:00+09:00,1006.3102420736676,1013.4094324939404,1004.5354444685994,1012.5220336914062,131500,0.0,0.0
2022-12-19 00:00:00+09:00,1008.9724471242804,1016.9590364155016,1006.3102506938733,1011.6346435546875,76000,0.0,0.0
2022-12-20 00:00:00+09:00,1011.6346686376284,1022.2834546232876,964.6025305343001,971.7017211914062,214000,0.0,0.0
2022-12-21 00:00:00+09:00,976.138661702474,977.0260604858398,946.8545018513997,958.3906860351562,226200,0.0,0.0
2022-12-22 00:00:00+09:00,955.7285764933936,975.2513515006866,953.0663799014899,974.3639526367188,113400,0.0,0.0
2022-12-23 00:00:00+09:00,972.5891287348607,976.1387240952068,965.4899380141683,970.8143310546875,56600,0.0,0.0
2022-12-26 00:00:00+09:00,977.0261931842549,977.9135920881461,960.1656140103213,969.927001953125,101300,0.0,0.0
2022-12-27 00:00:00+09:00,977.0259828219449,981.4629763860772,966.3771982680273,972.5889892578125,60200,0.0,0.0
2022-12-28 00:00:00+09:00,972.5891986647987,975.2513953764724,961.9404118181038,969.927001953125,102000,0.0,0.0
2022-12-29 00:00:00+09:00,960.1654319130913,966.3772230622518,958.3906344419025,963.7150268554688,130200,0.0,0.0
2022-12-30 00:00:00+09:00,961.9402826709384,984.125252289733,961.9402826709384,977.0260620117188,81000,0.0,0.0
2023-01-04 00:00:00+09:00,974.3640318310951,977.9136275754706,962.8278456618744,966.37744140625,103100,0.0,0.0
2023-01-05 00:00:00+09:00,961.0528220814527,964.6024169921875,956.6158284430342,964.6024169921875,104100,0.0,0.0
2023-01-06 00:00:00+09:00,962.8276712733436,967.2646651501793,959.278076171875,959.278076171875,72300,0.0,0.0
2023-01-10 00:00:00+09:00,969.0394627009135,971.701659027015,955.7284810704065,959.278076171875,121100,0.0,0.0
2023-01-11 00:00:00+09:00,966.3771962502527,967.2645949612263,960.1654052734375,960.1654052734375,75100,0.0,0.0
2023-01-12 00:00:00+09:00,964.6026446675145,964.6026446675145,953.953857421875,953.953857421875,96000,0.0,0.0
2023-01-13 00:00:00+09:00,953.9537876512038,961.9403775013069,953.0663887789701,954.8411865234375,90100,0.0,0.0
2023-01-16 00:00:00+09:00,950.4041483753132,952.1789460380122,939.7553623991192,940.6427612304688,178400,0.0,0.0
2023-01-17 00:00:00+09:00,941.5300660991492,956.6158447265625,941.5300660991492,956.6158447265625,65900,0.0,0.0
2023-01-18 00:00:00+09:00,957.5032005979303,966.3771876284951,946.8544161612527,961.0527954101562,136700,0.0,0.0
2023-01-19 00:00:00+09:00,960.1654052734375,965.4897975392792,955.7284117185695,960.1654052734375,67800,0.0,0.0
2023-01-20 00:00:00+09:00,960.1655013545867,969.0394893523186,958.3907037550404,962.8276977539062,109000,0.0,0.0
2023-01-23 00:00:00+09:00,972.5890680879597,978.8008595812223,964.6024790251937,977.0260620117188,101100,0.0,0.0
2023-01-24 00:00:00+09:00,972.5889817389889,984.1251649165499,972.5889817389889,979.6881713867188,99300,0.0,0.0
2023-01-25 00:00:00+09:00,976.1385765628538,985.8999623284823,974.3637791509213,979.6881713867188,82100,0.0,0.0
2023-01-26 00:00:00+09:00,980.5757100095032,992.1118948331443,980.5757100095032,990.3370971679688,71100,0.0,0.0
2023-01-27 00:00:00+09:00,993.8866573309749,996.54885373454,985.0126693190912,987.6748657226562,106400,0.0,0.0
2023-01-30 00:00:00+09:00,985.012808592871,989.4498032261722,981.4632128862299,985.9002075195312,80400,0.0,0.0
2023-01-31 00:00:00+09:00,992.9991626654123,992.9991626654123,985.8999729412628,991.224365234375,85600,0.0,0.0
2023-02-01 00:00:00+09:00,997.4361455060433,997.4361455060433,977.9133739747863,979.6881713867188,94600,0.0,0.0
2023-02-02 00:00:00+09:00,981.463187703711,984.1253844153848,963.7152096258862,969.927001953125,144700,0.0,0.0
2023-02-03 00:00:00+09:00,965.4898157198712,969.9268093582898,961.9402208091365,964.6024169921875,133800,0.0,0.0
2023-02-06 00:00:00+09:00,976.1387068470932,983.2378974423448,973.4765103738738,978.8009033203125,83700,0.0,0.0
2023-02-07 00:00:00+09:00,983.2379148158992,985.0127124960724,970.8143310546875,970.8143310546875,93900,0.0,0.0
2023-02-08 00:00:00+09:00,976.1387240952068,978.8009206154665,967.2647356943413,970.8143310546875,59800,0.0,0.0
2023-02-09 00:00:00+09:00,968.1521174274352,981.4630997935319,968.1521174274352,978.8009033203125,75300,0.0,0.0
2023-02-10 00:00:00+09:00,972.589154908783,979.6883458205259,965.48996399704,974.3639526367188,190800,0.0,0.0
2023-02-13 00:00:00+09:00,1021.39600474482,1045.3557720151155,1012.5220168669327,1020.5086059570312,364600,0.0,0.0
2023-02-14 00:00:00+09:00,1022.2834478900255,1041.8062220684808,1017.8464537585584,1040.9188232421875,148000,0.0,0.0
2023-02-15 00:00:00+09:00,1044.4683833717281,1044.4683833717281,1027.607806239984,1038.256591796875,74000,0.0,0.0
2023-02-16 00:00:00+09:00,1041.8061706645894,1054.2297536197038,1033.819581622016,1052.4549560546875,190500,0.0,0.0
2023-02-17 00:00:00+09:00,1052.454973375475,1056.0045685639252,1040.918789013012,1050.68017578125,184100,0.0,0.0
2023-02-20 00:00:00+09:00,1060.4414281446752,1087.950787368512,1059.5540294600353,1083.5137939453125,242200,0.0,0.0
2023-02-21 00:00:00+09:00,1079.9643560637312,1097.7123323342937,1079.9643560637312,1092.387939453125,133300,0.0,0.0
2023-02-22 00:00:00+09:00,1089.7257430125405,1095.9375347072375,1083.5139513178437,1092.387939453125,107300,0.0,0.0
2023-02-24 00:00:00+09:00,1095.9375697403325,1097.7123674241225,1087.9509801632773,1095.0501708984375,178200,0.0,0.0
2023-02-27 00:00:00+09:00,1095.050171190239,1122.5595352963148,1095.050171190239,1113.685546875,264900,0.0,0.0
2023-02-28 00:00:00+09:00,1116.3477253836722,1130.5461066286155,1093.2753558606391,1096.824951171875,355700,0.0,0.0
2023-03-01 00:00:00+09:00,1103.9240550229483,1116.3476376357469,1094.162668684321,1105.6988525390625,220700,0.0,0.0
2023-03-02 00:00:00+09:00,1115.4603620256696,1126.996547154018,1111.9107666015625,1118.12255859375,137100,0.0,0.0
2023-03-03 00:00:00+09:00,1121.6720127203525,1125.2216076973157,1106.5862340682593,1107.4736328125,272800,0.0,0.0
2023-03-06 00:00:00+09:00,1123.4468997017382,1135.870483110762,1116.3477091822958,1129.65869140625,204400,0.0,0.0
2023-03-07 00:00:00+09:00,1134.9832241195654,1140.3076176650834,1129.6588305740477,1134.0958251953125,165300,0.0,0.0
2023-03-08 00:00:00+09:00,1137.6452988190547,1149.181483596471,1132.3209058448626,1146.519287109375,259800,0.0,0.0
2023-03-09 00:00:00+09:00,1156.2806572870377,1168.704240711457,1153.6184608389478,1160.7176513671875,141700,0.0,0.0
2023-03-10 00:00:00+09:00,1143.8572133620953,1150.9564047561191,1129.6588305740477,1134.0958251953125,230600,0.0,0.0
2023-03-13 00:00:00+09:00,1120.784596582031,1123.4467927734374,1100.37442578125,1109.2484130859375,225200,0.0,0.0
2023-03-14 00:00:00+09:00,1099.4870946430615,1099.4870946430615,1068.428137167269,1089.7257080078125,223900,0.0,0.0
2023-03-15 00:00:00+09:00,1101.2617554393985,1112.7979382119304,1098.599559414968,1110.1357421875,146700,0.0,0.0
2023-03-16 00:00:00+09:00,1085.2887489449,1095.9375347072375,1080.8517548772593,1092.387939453125,120500,0.0,0.0
2023-03-17 00:00:00+09:00,1084.4013325378517,1102.149308520468,1084.4013325378517,1087.950927734375,208100,0.0,0.0
2023-03-20 00:00:00+09:00,1079.0768666107383,1085.2886577836618,1055.1171006580328,1057.779296875,164400,0.0,0.0
2023-03-22 00:00:00+09:00,1077.302246500651,1084.4014375813802,1058.666869913737,1064.878662109375,152500,0.0,0.0
2023-03-23 00:00:00+09:00,1054.229806660027,1071.977783203125,1052.455009005717,1071.977783203125,110600,0.0,0.0
2023-03-24 00:00:00+09:00,1063.103794931576,1075.5273785117447,1059.5541996229563,1071.977783203125,240500,0.0,0.0
2023-03-27 00:00:00+09:00,1084.4014892578125,1089.7258828220897,1080.8518935482944,1084.4014892578125,205500,0.0,0.0
2023-03-28 00:00:00+09:00,1098.5998720958853,1103.9242656601625,1081.739292475674,1084.4014892578125,269600,0.0,0.0
2023-03-29 00:00:00+09:00,1092.387804507831,1124.3341578484337,1090.6130071000198,1119.009765625,429000,0.0,0.0
2023-03-30 00:00:00+09:00,1122.6312198097398,1149.791652547072,1120.8205242939175,1147.98095703125,305600,25.0,0.0
2023-03-31 00:00:00+09:00,1157.034323198734,1164.2771045646102,1148.886194162123,1159.7503662109375,146600,0.0,0.0
2023-04-03 00:00:00+09:00,1172.4254626992308,1175.1415062421634,1165.1826799180772,1173.330810546875,118800,0.0,0.0
2023-04-04 00:00:00+09:00,1171.5200406135552,1176.0467795649215,1160.6558671302766,1174.236083984375,119100,0.0,0.0
2023-04-05 00:00:00+09:00,1161.5613362500621,1162.4666841349024,1136.2115954745348,1137.116943359375,97300,0.0,0.0
2023-04-06 00:00:00+09:00,1130.779445669607,1138.9275761828387,1125.3473586607859,1128.96875,86900,0.0,0.0
2023-04-07 00:00:00+09:00,1124.4419103515625,1133.495387890625,1123.5365625976563,1131.6846923828125,61500,0.0,0.0
2023-04-10 00:00:00+09:00,1141.6437159493219,1145.2651075938875,1126.252801459918,1130.779541015625,52900,0.0,0.0
2023-04-11 00:00:00+09:00,1130.7794285213513,1147.0756893006821,1130.7794285213513,1142.5489501953125,82100,0.0,0.0
2023-04-12 00:00:00+09:00,1147.0757254025923,1157.9398995974077,1146.1703775530243,1152.5078125,91600,0.0,0.0
2023-04-13 00:00:00+09:00,1154.3183699898098,1167.898586107337,1149.7916312839675,1166.087890625,128700,0.0,0.0
2023-04-14 00:00:00+09:00,1168.8040771484375,1173.3308164092757,1165.1826857397668,1168.8040771484375,85900,0.0,0.0
2023-04-17 00:00:00+09:00,1175.1414584715856,1180.5735453366312,1158.8451978764479,1172.4254150390625,149500,0.0,0.0
2023-04-18 00:00:00+09:00,1184.1951207565853,1186.9111646115316,1158.84537811042,1164.2774658203125,187300,0.0,0.0
2023-04-19 00:00:00+09:00,1158.8452034883721,1170.614725086301,1153.4131165970205,1167.898681640625,89000,0.0,0.0
2023-04-20 00:00:00+09:00,1172.4254651904948,1172.4254651904948,1147.0757254025923,1152.5078125,176100,0.0,0.0
2023-04-21 00:00:00+09:00,1147.0755933016794,1163.371852717173,1147.0755933016794,1161.5611572265625,53300,0.0,0.0
2023-04-24 00:00:00+09:00,1166.0879803631758,1176.0468062824264,1159.7505456872889,1172.4254150390625,60900,0.0,0.0
2023-04-25 00:00:00+09:00,1176.9521273551945,1183.2895618871073,1172.4253884038285,1174.236083984375,106400,0.0,0.0
2023-04-26 00:00:00+09:00,1162.4664943898638,1172.4253194975652,1151.6023215450987,1170.6146240234375,123800,0.0,0.0
2023-04-27 00:00:00+09:00,1165.182537601055,1171.5199717605012,1161.5611466528,1170.6146240234375,64100,0.0,0.0
2023-04-28 00:00:00+09:00,1178.7628745221077,1191.437744140625,1171.5200918829548,1191.437744140625,125200,0.0,0.0
2023-05-01 00:00:00+09:00,1204.1125698905196,1206.82861328125,1194.1537441245077,1206.82861328125,109000,0.0,0.0
2023-05-02 00:00:00+09:00,1210.450036970918,1212.2607326133577,1186.9109936192024,1200.4912109375,105800,0.0,0.0
2023-05-08 00:00:00+09:00,1195.0590183423913,1213.165973165761,1195.0590183423913,1207.73388671875,92600,0.0,0.0
2023-05-09 00:00:00+09:00,1210.4499458051473,1214.9766845703125,1199.5857727687512,1214.9766845703125,134300,0.0,0.0
2023-05-10 00:00:00+09:00,1220.4087550951087,1220.4087550951087,1202.3018002717392,1207.73388671875,80000,0.0,0.0
2023-05-11 00:00:00+09:00,1205.0178165944224,1211.3552506411247,1186.9108621752725,1188.7215576171875,82100,0.0,0.0
2023-05-12 00:00:00+09:00,1183.2895398440467,1195.9644086717562,1181.4788442972308,1192.343017578125,140900,0.0,0.0
2023-05-15 00:00:00+09:00,1196.8698758660507,1205.018006639723,1160.6559613163972,1176.046875,262600,0.0,0.0
2023-05-16 00:00:00+09:00,1176.9521372554866,1186.005615234375,1164.277268085043,1186.005615234375,149400,0.0,0.0
2023-05-17 00:00:00+09:00,1186.005637945131,1188.7216813908067,1167.898681640625,1167.898681640625,122200,0.0,0.0
2023-05-18 00:00:00+09:00,1186.005609664627,1192.3430442200868,1170.614697172796,1190.5323486328125,152800,0.0,0.0
2023-05-19 00:00:00+09:00,1194.1537948698688,1230.3677082851793,1190.5324035283377,1224.0302734375,217700,0.0,0.0
2023-05-22 00:00:00+09:00,1214.976673828125,1249.3798881392045,1214.0713260830967,1244.8531494140625,201300,0.0,0.0
2023-05-23 00:00:00+09:00,1249.3798008249767,1250.2851485067338,1204.1124167371152,1213.1658935546875,208100,0.0,0.0
2023-05-24 00:00:00+09:00,1218.5981133253056,1224.935547792822,1200.49115770383,1204.112548828125,125000,0.0,0.0
2023-05-25 00:00:00+09:00,1204.1124167371152,1218.597979645231,1189.6268538289994,1213.1658935546875,146700,0.0,0.0
2023-05-26 00:00:00+09:00,1214.9765824449225,1214.9765824449225,1195.9642812293164,1196.86962890625,89400,0.0,0.0
2023-05-29 00:00:00+09:00,1216.7872777987898,1216.7872777987898,1196.86962890625,1196.86962890625,76500,0.0,0.0
2023-05-30 00:00:00+09:00,1195.0590396689497,1195.0590396689497,1178.7627800371006,1189.626953125,68900,0.0,0.0
2023-05-31 00:00:00+09:00,1179.6681959415603,1198.6804999436883,1176.0468047030597,1193.2484130859375,233700,0.0,0.0
2023-06-01 00:00:00+09:00,1191.437812573982,1209.5447702118845,1187.8164210464015,1195.0592041015625,78300,0.0,0.0
2023-06-02 00:00:00+09:00,1195.0590494791668,1225.8408734809027,1195.0590494791668,1222.219482421875,117700,0.0,0.0
2023-06-05 00:00:00+09:00,1243.9478604273427,1246.6639037907212,1219.5034701569364,1236.705078125,156100,0.0,0.0
2023-06-06 00:00:00+09:00,1222.2194242161631,1233.9889445975039,1212.2605992781055,1230.3675537109375,123900,0.0,0.0
2023-06-07 00:00:00+09:00,1243.9478716554895,1258.4334363909245,1225.8409157361957,1227.651611328125,217000,0.0,0.0
2023-06-08 00:00:00+09:00,1239.4210576596467,1239.4210576596467,1204.112495754076,1207.73388671875,83500,0.0,0.0
2023-06-09 00:00:00+09:00,1217.6927435980904,1227.6515690104168,1215.8820480685763,1222.219482421875,88300,0.0,0.0
2023-06-12 00:00:00+09:00,1224.9355257161458,1238.5157421875,1214.0713525390624,1222.219482421875,70100,0.0,0.0
2023-06-13 00:00:00+09:00,1224.0301407913455,1245.7584864858663,1220.4087498422587,1233.0836181640625,125000,0.0,0.0
2023-06-14 00:00:00+09:00,1242.137284368813,1259.3388939919962,1236.7051971193866,1257.5281982421875,216200,0.0,0.0
2023-06-15 00:00:00+09:00,1251.1905625210013,1273.8242557648691,1245.7584761424732,1262.9600830078125,136200,0.0,0.0
2023-06-16 00:00:00+09:00,1255.7173641889524,1273.8243196927585,1255.7173641889524,1271.1082763671875,267500,0.0,0.0
2023-06-19 00:00:00+09:00,1276.5402936662947,1278.3509891183037,1259.3386868722098,1267.48681640625,166400,0.0,0.0
2023-06-20 00:00:00+09:00,1268.3922806383453,1284.6885412032918,1263.8655415925266,1272.013671875,111800,0.0,0.0
2023-06-21 00:00:00+09:00,1270.2029582636274,1313.6596524878996,1260.244132503898,1306.4168701171875,243400,0.0,0.0
2023-06-22 00:00:00+09:00,1316.3756262156933,1333.5772334358435,1314.5649307188355,1323.618408203125,149100,0.0,0.0
2023-06-23 00:00:00+09:00,1328.1453748612682,1336.2935059953866,1288.3100670944682,1300.07958984375,258300,0.0,0.0
2023-06-26 00:00:00+09:00,1304.606191426766,1310.9436260832458,1281.9724962250525,1292.836669921875,104700,0.0,0.0
2023-06-27 00:00:00+09:00,1289.2151517794834,1300.984672125785,1270.202849681612,1297.36328125,114200,0.0,0.0
2023-06-28 00:00:00+09:00,1309.1329023934854,1319.0917280686779,1305.51151123887,1315.4703369140625,79000,0.0,0.0
2023-06-29 00:00:00+09:00,1319.9970657348633,1332.6719346788193,1298.2687189737956,1303.7008056640625,91100,0.0,0.0
2023-06-30 00:00:00+09:00,1303.700795484408,1303.700795484408,1283.783144442285,1291.9312744140625,126100,0.0,0.0
2023-07-03 00:00:00+09:00,1292.8366268382354,1313.6596257298875,1292.8366268382354,1308.2275390625,146900,0.0,0.0
2023-07-04 00:00:00+09:00,1303.7006938374127,1309.132780061735,1292.8365213887676,1294.647216796875,77500,0.0,0.0
2023-07-05 00:00:00+09:00,1288.3100670944682,1300.07958984375,1279.256588056559,1300.07958984375,102700,0.0,0.0
2023-07-06 00:00:00+09:00,1286.499256147362,1299.1741256660553,1284.6885605018344,1295.552734375,113000,0.0,0.0
2023-07-07 00:00:00+09:00,1281.9725787671998,1287.404665965366,1261.1495778408964,1266.5816650390625,128900,0.0,0.0
2023-07-10 00:00:00+09:00,1274.7295613491501,1281.9723429477249,1261.1493458518225,1278.3509521484375,166600,0.0,0.0
2023-07-11 00:00:00+09:00,1277.4457835749856,1295.5527401104214,1277.4457835749856,1291.0260009765625,144800,0.0,0.0
2023-07-12 00:00:00+09:00,1296.4581748288426,1299.1742184911936,1269.2977382053334,1281.0672607421875,131300,0.0,0.0
2023-07-13 00:00:00+09:00,1282.8778231222586,1292.8366488486843,1267.486910635965,1290.12060546875,139900,0.0,0.0
2023-07-14 00:00:00+09:00,1285.5939430819506,1291.931378012636,1266.5816382898934,1268.392333984375,84700,0.0,0.0
2023-07-18 00:00:00+09:00,1267.4870337297166,1283.7832955919557,1265.6763379672454,1269.2977294921875,57500,0.0,0.0
2023-07-19 00:00:00+09:00,1281.0671748820728,1291.0260009765625,1273.8243922678987,1291.0260009765625,51600,0.0,0.0
2023-07-20 00:00:00+09:00,1291.025889596023,1293.7419328420176,1281.0670643607102,1281.972412109375,49800,0.0,0.0
2023-07-21 00:00:00+09:00,1284.688539649258,1295.5527133460805,1273.8243659524355,1292.836669921875,91500,0.0,0.0
2023-07-24 00:00:00+09:00,1307.3221904536358,1332.6719282186648,1300.0794082350562,1329.050537109375,220300,0.0,0.0
2023-07-25 00:00:00+09:00,1333.5770908618263,1344.4412626814747,1328.1450049520022,1341.7252197265625,96200,0.0,0.0
2023-07-26 00:00:00+09:00,1341.7252625496158,1351.6840870354765,1325.4290043000253,1347.1573486328125,91000,0.0,0.0
2023-07-27 00:00:00+09:00,1351.6842252353933,1355.3056163277856,1343.5360952775109,1354.4002685546875,76900,0.0,0.0
2023-07-28 00:00:00+09:00,1345.3469357374238,1345.3469357374238,1317.281151748285,1336.29345703125,143900,0.0,0.0
2023-07-31 00:00:00+09:00,1356.211048075628,1373.4126568295912,1348.0629176132243,1365.2645263671875,106600,0.0,0.0
2023-08-01 00:00:00+09:00,1365.264533640807,1398.7624034980417,1358.9270988029518,1397.8570556640625,185100,0.0,0.0
2023-08-02 00:00:00+09:00,1381.5607433081454,1407.8158295178023,1369.7912219038167,1380.6553955078125,150400,0.0,0.0
2023-08-03 00:00:00+09:00,1367.0749989982316,1379.7498665386127,1358.9268698651297,1367.9803466796875,99400,0.0,0.0
2023-08-04 00:00:00+09:00,1361.6431084437086,1381.5607602959437,1361.6431084437086,1367.0751953125,103200,0.0,0.0
2023-08-07 00:00:00+09:00,1371.6019020759516,1377.0339888168464,1365.2644675449076,1373.41259765625,99700,0.0,0.0
2023-08-08 00:00:00+09:00,1383.3714599609375,1395.1409815443749,1382.4661121468268,1383.3714599609375,122100,0.0,0.0
2023-08-09 00:00:00+09:00,1383.3714829503067,1383.3714829503067,1358.927091563096,1365.2645263671875,83500,0.0,0.0
2023-08-10 00:00:00+09:00,1339.914806547619,1354.4003720238095,1294.6474144345239,1330.861328125,273300,0.0,0.0
2023-08-14 00:00:00+09:00,1329.0505593652883,1346.2521674224686,1306.4168645532093,1310.943603515625,142900,0.0,0.0
2023-08-15 00:00:00+09:00,1303.7007418545809,1309.132828278975,1274.7296142578125,1274.7296142578125,145200,0.0,0.0
2023-08-16 00:00:00+09:00,1260.2440663137115,1271.1082392991746,1253.0012843234028,1261.1494140625,162000,0.0,0.0
2023-08-17 00:00:00+09:00,1251.190614605894,1284.6884820012763,1251.190614605894,1280.1617431640625,148100,0.0,0.0
2023-08-18 00:00:00+09:00,1267.4867471514597,1276.5402239168272,1257.5279227095552,1263.8653564453125,89800,0.0,0.0
2023-08-21 00:00:00+09:00,1263.8654519710076,1279.2563636354112,1263.8654519710076,1265.6761474609375,90500,0.0,0.0
2023-08-22 00:00:00+09:00,1265.6761368838222,1276.5403097326105,1261.1493981968272,1274.7296142578125,69700,0.0,0.0
2023-08-23 00:00:00+09:00,1274.729755055788,1298.268798828125,1272.9190593809928,1298.268798828125,105300,0.0,0.0
2023-08-24 00:00:00+09:00,1294.6473922836497,1299.1741314175085,1287.4046096694753,1291.0260009765625,87100,0.0,0.0
2023-08-25 00:00:00+09:00,1283.783144442285,1298.2687088365562,1276.5403622451495,1291.9312744140625,63600,0.0,0.0
2023-08-28 00:00:00+09:00,1297.3634509907274,1307.3222772021008,1290.120668291547,1298.268798828125,112600,0.0,0.0
2023-08-29 00:00:00+09:00,1300.0794620977185,1307.3222446163688,1294.6473752087309,1304.606201171875,45600,0.0,0.0
2023-08-30 00:00:00+09:00,1305.5112950793634,1322.712900215638,1296.4578186918504,1313.659423828125,116400,0.0,0.0
2023-08-31 00:00:00+09:00,1322.7133022318917,1331.766781371056,1303.700996039647,1307.3223876953125,213300,0.0,0.0
2023-09-01 00:00:00+09:00,1307.3222013245884,1325.4291570216049,1297.3633756912293,1319.9970703125,97000,0.0,0.0
2023-09-04 00:00:00+09:00,1329.9558886103948,1367.0751475845448,1327.239845270823,1366.1697998046875,143500,0.0,0.0
2023-09-05 00:00:00+09:00,1368.8858531896763,1382.466069987193,1366.169809830173,1377.9393310546875,232700,0.0,0.0
2023-09-06 00:00:00+09:00,1379.7501011233358,1385.1821881356325,1373.4126662756564,1377.0340576171875,102600,0.0,0.0
2023-09-07 00:00:00+09:00,1379.749930933902,1393.3301467895508,1373.4124968679328,1376.1285400390625,114100,0.0,0.0
2023-09-08 00:00:00+09:00,1373.4125717897466,1379.750006201433,1354.4002685546875,1354.4002685546875,127200,0.0,0.0
2023-09-11 00:00:00+09:00,1355.3056441462015,1361.6430786879673,1325.4291670207342,1331.7666015625,175400,0.0,0.0
2023-09-12 00:00:00+09:00,1331.766537773569,1346.2521017466331,1319.9970170454546,1344.44140625,92000,0.0,0.0
2023-09-13 00:00:00+09:00,1348.9682826497615,1356.2110653753978,1333.5773693577844,1351.684326171875,119700,0.0,0.0
2023-09-14 00:00:00+09:00,1352.5896567590041,1367.0752220254994,1351.6843089298482,1365.2645263671875,61100,0.0,0.0
2023-09-15 00:00:00+09:00,1375.223371244627,1411.4372849047884,1369.7912841956029,1388.8035888671875,198200,0.0,0.0
2023-09-19 00:00:00+09:00,1393.3301841706384,1408.7210958866233,1385.1820544386462,1406.910400390625,162300,0.0,0.0
2023-09-20 00:00:00+09:00,1409.6265251184682,1415.058611920466,1377.9393521068134,1380.6553955078125,148900,0.0,0.0
2023-09-21 00:00:00+09:00,1374.3179566320712,1386.9928257973208,1355.3056528841967,1364.359130859375,170300,0.0,0.0
2023-09-22 00:00:00+09:00,1342.6306165312708,1371.6017424442853,1340.8199211617073,1363.45361328125,117000,0.0,0.0
2023-09-25 00:00:00+09:00,1378.8447438045268,1379.7500916336828,1361.6431350505636,1365.2645263671875,228900,0.0,0.0
2023-09-26 00:00:00+09:00,1367.0751798708493,1368.8858754733274,1353.4949628522647,1359.8323974609375,158800,0.0,0.0
2023-09-27 00:00:00+09:00,1355.3056363921596,1380.6553744141909,1340.820071808142,1377.9393310546875,197200,0.0,0.0
2023-09-28 00:00:00+09:00,1379.781488783816,1394.51880775614,1372.4128292976543,1385.3079833984375,157100,26.0,0.0
2023-09-29 00:00:00+09:00,1377.9392008787765,1396.3608479493485,1374.254871464662,1387.1500244140625,172200,0.0,0.0
2023-10-02 00:00:00+09:00,1390.8345290583748,1417.545920676052,1386.2291167104993,1395.43994140625,173800,0.0,0.0
2023-10-03 00:00:00+09:00,1390.8346025286596,1398.203262674507,1378.860529791658,1383.4659423828125,158500,0.0,0.0
2023-10-04 00:00:00+09:00,1359.5176034507908,1367.8073449352469,1330.0429670616138,1331.8851318359375,249500,0.0,0.0
2023-10-05 00:00:00+09:00,1348.464768477434,1367.8075008121514,1339.25394355614,1362.281005859375,245500,0.0,0.0
2023-10-06 00:00:00+09:00,1371.491752186509,1394.5188131701643,1366.886339989778,1379.781494140625,143000,0.0,0.0
2023-10-10 00:00:00+09:00,1381.6236934399558,1408.3350848464615,1381.6236934399558,1406.492919921875,128900,0.0,0.0
2023-10-11 00:00:00+09:00,1393.597666497075,1394.5187488939666,1377.018183353025,1382.544677734375,119500,0.0,0.0
2023-10-12 00:00:00+09:00,1390.8345966693262,1399.1243392984811,1383.4659365545217,1388.992431640625,245400,0.0,0.0
2023-10-13 00:00:00+09:00,1378.8605555092415,1387.1502983279345,1355.8334921239837,1359.517822265625,105000,0.0,0.0
2023-10-16 00:00:00+09:00,1352.1490758649165,1353.0701583416637,1322.6744366090056,1324.5166015625,167200,0.0,0.0
2023-10-17 00:00:00+09:00,1343.8593788592675,1349.3858739059815,1326.3588112113403,1340.175048828125,77200,0.0,0.0
2023-10-18 00:00:00+09:00,1340.1748582183336,1352.1489291165044,1329.1218696969454,1348.464599609375,148000,0.0,0.0
2023-10-19 00:00:00+09:00,1336.4906588505846,1361.3598854453232,1336.4906588505846,1339.25390625,71700,0.0,0.0
2023-10-20 00:00:00+09:00,1335.5697558526724,1351.2281598868071,1325.437847359997,1342.017333984375,95700,0.0,0.0
2023-10-23 00:00:00+09:00,1331.885272738977,1339.2539326158178,1313.463623046875,1313.463623046875,116500,0.0,0.0
2023-10-24 00:00:00+09:00,1311.621390875785,1327.279792311802,1275.699175816687,1319.9111328125,184800,0.0,0.0
2023-10-25 00:00:00+09:00,1326.3587171052632,1330.9641293174343,1307.0159858141449,1312.54248046875,170400,0.0,0.0
2023-10-26 00:00:00+09:00,1304.2526924826882,1312.5424341721969,1280.3045498241077,1296.884033203125,188600,0.0,0.0
2023-10-27 00:00:00+09:00,1312.542415165401,1317.1478271484375,1296.884014423077,1317.1478271484375,119100,0.0,0.0
2023-10-30 00:00:00+09:00,1305.1740081357284,1308.858338433924,1292.2788520920444,1307.937255859375,495600,0.0,0.0
2023-10-31 00:00:00+09:00,1307.9371005886203,1341.0960693359375,1301.4895233321977,1341.0960693359375,124000,0.0,0.0
2023-11-01 00:00:00+09:00,1353.991028621458,1368.7283459397868,1352.148863956667,1353.0699462890625,87100,0.0,0.0
2023-11-02 00:00:00+09:00,1370.570712002841,1377.9393717447917,1337.4117431640625,1337.4117431640625,104800,0.0,0.0
2023-11-06 00:00:00+09:00,1379.7815712897218,1380.7026537805696,1364.1231689453125,1364.1231689453125,143800,0.0,0.0
2023-11-07 00:00:00+09:00,1350.306835198189,1363.2019891496043,1335.5695163965718,1338.332763671875,107900,0.0,0.0
2023-11-08 00:00:00+09:00,1352.1490072177767,1356.754419367701,1308.8581330084883,1330.964111328125,162600,0.0,0.0
2023-11-09 00:00:00+09:00,1355.8333832079343,1355.8333832079343,1332.8063216724736,1346.62255859375,96700,0.0,0.0
2023-11-10 00:00:00+09:00,1401.8876352805514,1415.7038734731982,1376.097323987611,1400.966552734375,462900,0.0,0.0
2023-11-13 00:00:00+09:00,1409.2562698531938,1432.283333086089,1409.2562698531938,1424.9146728515625,198100,0.0,0.0
2023-11-14 00:00:00+09:00,1434.1254472732544,1434.1254472732544,1401.887559890747,1414.78271484375,106500,0.0,0.0
2023-11-15 00:00:00+09:00,1451.6259235900607,1454.3891709065392,1430.4410274970585,1443.336181640625,165400,0.0,0.0
2023-11-16 00:00:00+09:00,1444.2572142454956,1447.9415438736728,1420.309071662343,1431.362060546875,139800,0.0,0.0
2023-11-17 00:00:00+09:00,1425.8356673342323,1451.6259765625,1425.8356673342323,1451.6259765625,164300,0.0,0.0
2023-11-20 00:00:00+09:00,1458.9947204000323,1461.7579679765474,1428.5989970583648,1430.441162109375,170700,0.0,0.0
2023-11-21 00:00:00+09:00,1430.4411115238174,1432.283276509682,1415.703791636901,1420.3092041015625,124600,0.0,0.0
2023-11-22 00:00:00+09:00,1409.2562048213997,1435.9675969389295,1407.414039847777,1429.52001953125,165200,0.0,0.0
2023-11-24 00:00:00+09:00,1435.0463232202915,1444.2571468609865,1425.8354995795964,1437.8095703125,123400,0.0,0.0
2023-11-27 00:00:00+09:00,1450.7049658047124,1459.9157909844248,1439.6519755890574,1441.494140625,139400,0.0,0.0
2023-11-28 00:00:00+09:00,1440.5728776958626,1445.1782897089568,1426.75664165658,1438.730712890625,118700,0.0,0.0
2023-11-29 00:00:00+09:00,1435.0464095073332,1440.5729040240494,1411.0982666015625,1411.0982666015625,113300,0.0,0.0
2023-11-30 00:00:00+09:00,1417.5459397536058,1437.809754356971,1400.966455078125,1436.888671875,201200,0.0,0.0
2023-12-01 00:00:00+09:00,1442.4149707031252,1453.4679589843752,1432.283064778646,1450.7047119140625,166100,0.0,0.0
2023-12-04 00:00:00+09:00,1449.7838134765625,1473.7319577906608,1446.099483582086,1449.7838134765625,225400,0.0,0.0
2023-12-05 00:00:00+09:00,1453.4681452394443,1463.6000524622793,1439.6519081173963,1447.941650390625,146600,0.0,0.0
2023-12-06 00:00:00+09:00,1452.5469052528656,1491.2323649996126,1452.5469052528656,1486.626953125,321600,0.0,0.0
2023-12-07 00:00:00+09:00,1469.1265830969796,1474.6530780804164,1450.7049331521898,1472.8109130859375,115200,0.0,0.0
2023-12-08 00:00:00+09:00,1459.9157571792603,1468.2054996490479,1407.4140548706055,1414.78271484375,201600,0.0,0.0
2023-12-11 00:00:00+09:00,1435.0465087890625,1444.2573336208281,1418.4670240918847,1435.0465087890625,137700,0.0,0.0
2023-12-12 00:00:00+09:00,1455.3102533453653,1458.99458310067,1438.7307694464942,1443.336181640625,155800,0.0,0.0
2023-12-13 00:00:00+09:00,1458.0735576134603,1466.363299886689,1444.2573204914122,1447.941650390625,142500,0.0,0.0
2023-12-14 00:00:00+09:00,1445.1784965411032,1445.1784965411032,1409.2562776978252,1417.5460205078125,119000,0.0,0.0
2023-12-15 00:00:00+09:00,1416.6248105342333,1433.2042946627225,1416.6248105342333,1423.0723876953125,150500,0.0,0.0
2023-12-18 00:00:00+09:00,1419.388104717548,1438.7308368389422,1400.966455078125,1436.888671875,183900,0.0,0.0
2023-12-19 00:00:00+09:00,1453.4681508732938,1454.3892333516671,1428.598923957211,1442.4151611328125,198400,0.0,0.0
2023-12-20 00:00:00+09:00,1453.4680795034578,1458.9945741023305,1445.1783376051492,1452.5469970703125,234600,0.0,0.0
2023-12-21 00:00:00+09:00,1442.4151518381188,1458.073553869567,1433.2043271137375,1451.6259765625,153500,0.0,0.0
2023-12-22 00:00:00+09:00,1517.0228271484375,1517.0228271484375,1517.0228271484375,1517.0228271484375,29100,0.0,0.0
2023-12-25 00:00:00+09:00,1533.602445179468,1556.6295089209016,1505.0488861400906,1507.8121337890625,311500,0.0,0.0
2023-12-26 00:00:00+09:00,1515.1807377385157,1517.9439852845435,1495.838004916322,1503.2066650390625,137100,0.0,0.0
2023-12-27 00:00:00+09:00,1510.575298263366,1540.9710207284215,1504.1277207707785,1528.9969482421875,287300,0.0,0.0
2023-12-28 00:00:00+09:00,1517.022849712266,1528.9969219929335,1490.311457701546,1494.9168701171875,191200,0.0,0.0
2023-12-29 00:00:00+09:00,1500.4432338660872,1506.890810684419,1491.2324098398988,1504.1275634765625,297900,0.0,0.0
2024-01-04 00:00:00+09:00,1504.1275348445936,1541.8919126330984,1499.5221229191661,1535.4443359375,239800,0.0,0.0
2024-01-05 00:00:00+09:00,1549.2607198628004,1582.419688896725,1541.8920600774838,1571.36669921875,265800,0.0,0.0
2024-01-09 00:00:00+09:00,1589.78826287958,1610.973158618995,1580.5774386450519,1596.23583984375,303600,0.0,0.0
2024-01-10 00:00:00+09:00,1613.736554886123,1632.158205056056,1601.7624822756666,1630.3160400390625,390200,0.0,0.0
2024-01-11 00:00:00+09:00,1639.5268612488549,1647.8166038057311,1622.9473761351026,1634.0003662109375,212100,0.0,0.0
2024-01-12 00:00:00+09:00,1611.894287109375,1611.894287109375,1611.894287109375,1611.894287109375,285800,0.0,0.0
2024-01-15 00:00:00+09:00,1613.7363264547107,1636.763385907546,1613.7363264547107,1615.5784912109375,42000,0.0,0.0
2024-01-16 00:00:00+09:00,1637.684683951955,1637.684683951955,1587.025146484375,1587.025146484375,129700,0.0,0.0
2024-01-17 00:00:00+09:00,1590.7093383158026,1630.3158823503015,1590.7093383158026,1603.6044921875,199900,0.0,0.0
2024-01-18 00:00:00+09:00,1610.9731358565546,1631.2369488861968,1603.6044765730483,1620.1839599609375,183300,0.0,0.0
2024-01-19 00:00:00+09:00,1632.1580721494458,1656.1062154202616,1629.3948248489671,1641.368896484375,325000,0.0,0.0
2024-01-22 00:00:00+09:00,1656.106248572592,1680.0543923228074,1652.4219187648666,1669.9224853515625,203100,0.0,0.0
2024-01-23 00:00:00+09:00,1669.9223906973784,1682.8175442934973,1632.158012308745,1640.44775390625,190600,0.0,0.0
2024-01-24 00:00:00+09:00,1634.9212908813126,1639.5267029683023,1607.288818359375,1607.288818359375,212900,0.0,0.0
2024-01-25 00:00:00+09:00,1610.0519903141849,1634.9212144208686,1600.8411665709689,1622.9471435546875,181000,0.0,0.0
2024-01-26 00:00:00+09:00,1620.1839031015045,1625.710397370185,1607.2887498079167,1615.5784912109375,165900,0.0,0.0
2024-01-29 00:00:00+09:00,1627.5527925135727,1645.9744426835055,1627.5527925135727,1630.3160400390625,97400,0.0,0.0
2024-01-30 00:00:00+09:00,1633.0790563950925,1638.6055506637729,1613.7363264547107,1615.5784912109375,124700,0.0,0.0
2024-01-31 00:00:00+09:00,1611.8943860592676,1637.6846962362158,1609.1311385403087,1634.0003662109375,230800,0.0,0.0
2024-02-01 00:00:00+09:00,1622.0261388046606,1627.5526333150683,1600.841243181431,1605.4466552734375,152800,0.0,0.0
2024-02-02 00:00:00+09:00,1606.3678199945493,1623.8683868408202,1578.7353460267532,1584.2618408203125,230900,0.0,0.0
2024-02-05 00:00:00+09:00,1591.6304931640625,1605.4467300838894,1563.9980193244085,1591.6304931640625,188500,0.0,0.0
2024-02-06 00:00:00+09:00,1586.1039708440364,1586.1039708440364,1555.708250148419,1557.5504150390625,185000,0.0,0.0
2024-02-07 00:00:00+09:00,1556.6293686676913,1589.7883374677133,1554.7872037343568,1582.419677734375,142600,0.0,0.0
2024-02-08 00:00:00+09:00,1589.7883374677133,1590.7094199343805,1554.7872037343568,1582.419677734375,234400,0.0,0.0
2024-02-09 00:00:00+09:00,1482.9428730675238,1522.5494218513147,1473.7320477689677,1481.1007080078125,473800,0.0,0.0
2024-02-13 00:00:00+09:00,1517.022814287327,1530.8390512116196,1485.7060105922637,1529.91796875,251800,0.0,0.0
2024-02-14 00:00:00+09:00,1536.3653877492332,1536.3653877492332,1498.6010107122315,1501.3642578125,204000,0.0,0.0
2024-02-15 00:00:00+09:00,1512.4173477707923,1534.5233260573325,1503.206523484734,1523.4703369140625,143000,0.0,0.0
2024-02-16 00:00:00+09:00,1543.7342323689634,1570.4456242178298,1540.049902458775,1563.998046875,142100,0.0,0.0
2024-02-19 00:00:00+09:00,1565.8402604014466,1582.4197455115795,1557.55051784638,1575.97216796875,118800,0.0,0.0
2024-02-20 00:00:00+09:00,1584.2619728846857,1593.4727983084338,1575.0511474609375,1575.0511474609375,126100,0.0,0.0
2024-02-21 00:00:00+09:00,1568.6034592627357,1586.1040263361308,1553.8661396219818,1563.998046875,115700,0.0,0.0
2024-02-22 00:00:00+09:00,1585.1829476564806,1585.1829476564806,1538.2077411890311,1560.313720703125,197300,0.0,0.0
2024-02-26 00:00:00+09:00,1563.0769968032837,1567.682409286499,1528.9969444274902,1532.6812744140625,178600,0.0,0.0
2024-02-27 00:00:00+09:00,1528.996824409127,1541.8919783499266,1528.996824409127,1530.8389892578125,160400,0.0,0.0
2024-02-28 00:00:00+09:00,1533.6022295009589,1550.1817130631316,1519.7859931991486,1538.2076416015625,144500,0.0,0.0
2024-02-29 00:00:00+09:00,1538.2077732315984,1541.8921032273627,1517.0228757559537,1528.9969482421875,143200,0.0,0.0
2024-03-01 00:00:00+09:00,1534.5234470828145,1545.5764370978168,1524.3915395690624,1525.3126220703125,147100,0.0,0.0
2024-03-04 00:00:00+09:00,1530.8390052962477,1532.6811701642337,1512.4173566163893,1514.259521484375,156900,0.0,0.0
2024-03-05 00:00:00+09:00,1503.2065376030218,1513.3384444128462,1486.6270537324003,1508.7330322265625,160400,0.0,0.0
2024-03-06 00:00:00+09:00,1513.3384319610227,1536.3654927029736,1511.4962671016665,1521.628173828125,121000,0.0,0.0
2024-03-07 00:00:00+09:00,1529.9179264719894,1540.049833269817,1505.9697831316694,1510.5751953125,124100,0.0,0.0
2024-03-08 00:00:00+09:00,1502.2855557728963,1536.365608233716,1501.3644732739554,1528.9969482421875,110600,0.0,0.0
2024-03-11 00:00:00+09:00,1516.101824186358,1520.7072367750163,1482.0217710302854,1499.5223388671875,169100,0.0,0.0
2024-03-12 00:00:00+09:00,1497.6801470328069,1529.9180345765635,1480.1795795090534,1525.3126220703125,147800,0.0,0.0
2024-03-13 00:00:00+09:00,1547.4186411182252,1569.5246217056285,1527.1548255797723,1546.49755859375,175100,0.0,0.0
2024-03-14 00:00:00+09:00,1540.9709490919313,1540.9709490919313,1518.8649701450058,1539.1287841796875,135800,0.0,0.0
2024-03-15 00:00:00+09:00,1539.1287625743223,1567.6823183132835,1538.20768013113,1561.2347412109375,182200,0.0,0.0
2024-03-18 00:00:00+09:00,1584.2619728846857,1584.2619728846857,1554.7873315286915,1575.0511474609375,219800,0.0,0.0
2024-03-19 00:00:00+09:00,1584.2619787978044,1625.710693359375,1571.366823156427,1625.710693359375,188700,0.0,0.0
2024-03-21 00:00:00+09:00,1646.8953964645798,1676.370034432626,1626.631582861548,1635.8424072265625,482600,0.0,0.0
2024-03-22 00:00:00+09:00,1647.816522811847,1659.7905948054492,1633.0792034351061,1653.343017578125,210500,0.0,0.0
2024-03-25 00:00:00+09:00,1653.3430949534018,1653.3430949534018,1634.0003623662033,1637.6846923828125,237600,0.0,0.0
2024-03-26 00:00:00+09:00,1634.0002931873425,1654.264107420782,1625.7105510009355,1645.974365234375,352600,0.0,0.0
2024-03-27 00:00:00+09:00,1657.027392524231,1715.055589149593,1651.5008976075296,1669.00146484375,805900,0.0,0.0
2024-03-28 00:00:00+09:00,1696.1930364518719,1768.3914133489388,1688.6919063846442,1747.7633056640625,383900,32.0,0.0
2024-03-29 00:00:00+09:00,1762.7655048076922,1842.465009014423,1758.0772986778845,1828.400390625,254500,0.0,0.0
2024-04-01 00:00:00+09:00,1840.589663034942,1855.5919221325269,1775.8924206766073,1795.5828857421875,372200,0.0,0.0
2024-04-02 00:00:00+09:00,1807.7723353794645,1812.4605416434154,1760.8902727399554,1772.1419677734375,189700,0.0,0.0
2024-04-03 00:00:00+09:00,1772.1420389329087,1810.585331840977,1747.7633653814507,1780.580810546875,184800,0.0,0.0
2024-04-04 00:00:00+09:00,1789.0193485316463,1792.7699132036205,1762.7653958278277,1774.01708984375,189800,0.0,0.0
2024-04-05 00:00:00+09:00,1753.3890061303584,1790.8946533203125,1744.0125943328699,1790.8946533203125,215800,0.0,0.0
2024-04-08 00:00:00+09:00,1814.3357124841446,1828.4003304103783,1773.079499900526,1813.3980712890625,198000,0.0,0.0
2024-04-09 00:00:00+09:00,1839.652040316334,1876.2200472339368,1834.0261930982413,1872.469482421875,219100,0.0,0.0
2024-04-10 00:00:00+09:00,1884.6588881194562,1902.4740716389933,1863.0931396484375,1863.0931396484375,180700,0.0,0.0
2024-04-11 00:00:00+09:00,1845.2778054158177,1856.52949935128,1819.023852899739,1840.589599609375,179600,0.0,0.0
2024-04-12 00:00:00+09:00,1847.1531983025884,1911.8504423040497,1846.215557085176,1894.972900390625,211700,0.0,0.0
2024-04-15 00:00:00+09:00,1903.4116928152969,1922.1645173750535,1876.2200972036499,1911.8504638671875,194400,0.0,0.0
2024-04-16 00:00:00+09:00,1894.9729052559721,1898.7234701352515,1825.5874549893012,1834.9638671875,289600,0.0,0.0
2024-04-17 00:00:00+09:00,1843.4026574132877,1864.030764464708,1803.0840845400571,1834.0262451171875,197100,0.0,0.0
2024-04-18 00:00:00+09:00,1834.0261715295762,1864.968330865198,1819.0239124577597,1855.5919189453125,190800,0.0,0.0
2024-04-19 00:00:00+09:00,1843.4026430232043,1861.2178262467246,1792.770017019515,1822.7745361328125,215900,0.0,0.0
2024-04-22 00:00:00+09:00,1837.7767590370297,1840.5896826478008,1775.8924396000687,1794.645263671875,242700,0.0,0.0
2024-04-23 00:00:00+09:00,1757.1396669637638,1820.8992706742952,1753.3891020396147,1804.021728515625,170200,0.0,0.0
2024-04-24 00:00:00+09:00,1815.2734566779716,1820.899304167676,1795.5829904640061,1814.3358154296875,160600,0.0,0.0
2024-04-25 00:00:00+09:00,1825.5873769710201,1827.462659330518,1790.8946533203125,1790.8946533203125,168000,0.0,0.0
2024-04-26 00:00:00+09:00,1792.7699157432128,1837.7766918706575,1790.8946334045693,1821.8367919921875,112000,0.0,0.0
2024-04-30 00:00:00+09:00,1847.1531718402114,1866.8436371237874,1813.3980884969385,1842.4649658203125,156200,0.0,0.0
2024-05-01 00:00:00+09:00,1825.5874931315936,1846.2156003986172,1814.3357982586715,1833.088623046875,108700,0.0,0.0
2024-05-02 00:00:00+09:00,1837.7767362975303,1864.0306896732093,1820.8991948417367,1855.5919189453125,99900,0.0,0.0
2024-05-07 00:00:00+09:00,1872.4695015641635,1883.7211961153753,1844.340265186134,1871.5318603515625,118300,0.0,0.0
2024-05-08 00:00:00+09:00,1874.3447427850833,1881.8458723209915,1848.0907894094044,1855.5919189453125,104700,0.0,0.0
2024-05-09 00:00:00+09:00,1852.7790669800052,1884.6588687397825,1837.776807328345,1864.03076171875,135600,0.0,0.0
2024-05-10 00:00:00+09:00,1882.7835148552956,1910.9127506350062,1882.7835148552956,1903.41162109375,171800,0.0,0.0
2024-05-13 00:00:00+09:00,2015.9284327228954,2095.6279289003123,1960.6076059644533,2035.618896484375,423500,0.0,0.0
2024-05-14 00:00:00+09:00,1996.2381913189727,2017.8039397456218,1934.3538697468484,1940.9173583984375,218600,0.0,0.0
2024-05-15 00:00:00+09:00,1940.9172524056785,1962.4829996546305,1921.2267875262005,1922.1644287109375,199700,0.0,0.0
2024-05-16 00:00:00+09:00,1940.917291045189,1954.981909096241,1906.2245665192604,1920.2891845703125,152000,0.0,0.0
2024-05-17 00:00:00+09:00,1906.2246999259323,1934.3539379966546,1884.658950738379,1913.725830078125,194800,0.0,0.0
2024-05-20 00:00:00+09:00,1924.977431297764,1962.4830802270922,1924.977431297764,1936.2291259765625,99900,0.0,0.0
2024-05-21 00:00:00+09:00,1954.9820103203087,1994.3629429023003,1944.6679565488346,1951.2314453125,170900,0.0,0.0
2024-05-22 00:00:00+09:00,1946.5430995141007,1968.1088467630527,1922.1644287109375,1922.1644287109375,141900,0.0,0.0
2024-05-23 00:00:00+09:00,1931.5409103094362,1936.2291164024202,1893.0976203469668,1912.7880859375,158300,0.0,0.0
2024-05-24 00:00:00+09:00,1855.5919499738395,1879.9706213731927,1843.402614274163,1848.0908203125,237500,0.0,0.0
2024-05-27 00:00:00+09:00,1874.344878469471,1874.344878469471,1834.963945555155,1849.028564453125,122600,0.0,0.0
2024-05-28 00:00:00+09:00,1854.654406707533,1874.3448731083715,1849.9662004216193,1861.2178955078125,82300,0.0,0.0
2024-05-29 00:00:00+09:00,1861.2179764663617,1869.6567481480731,1809.647705078125,1809.647705078125,136700,0.0,0.0
2024-05-30 00:00:00+09:00,1778.7055471759954,1794.645449285638,1760.8903624652185,1779.6431884765625,247800,0.0,0.0
2024-05-31 00:00:00+09:00,1800.2711538461538,1831.2133143028846,1779.643046875,1828.400390625,210800,0.0,0.0
2024-06-03 00:00:00+09:00,1852.7790697093878,1870.594253071978,1832.1509626579675,1834.0262451171875,93200,0.0,0.0
2024-06-04 00:00:00+09:00,1828.4003055456913,1865.9059528389362,1819.961534904711,1856.529541015625,69300,0.0,0.0
2024-06-05 00:00:00+09:00,1855.5920392717635,1860.2802455357144,1830.2757254464286,1837.77685546875,76500,0.0,0.0
2024-06-06 00:00:00+09:00,1847.1531423326007,1849.0284247106035,1819.9615478515625,1819.9615478515625,71200,0.0,0.0
2024-06-07 00:00:00+09:00,1825.5874214760445,1832.1509098942943,1811.522803436938,1824.6497802734375,64400,0.0,0.0
2024-06-10 00:00:00+09:00,1834.0262118475232,1879.9706312649714,1834.0262118475232,1871.5318603515625,111300,0.0,0.0
2024-06-11 00:00:00+09:00,1875.2825251643058,1883.721296527545,1836.8392333984375,1836.8392333984375,77400,0.0,0.0
2024-06-12 00:00:00+09:00,1836.8390731072318,1864.968308530007,1834.9637907457134,1838.71435546875,84000,0.0,0.0
2024-06-13 00:00:00+09:00,1848.090817685987,1852.7790237176612,1822.7745051149461,1830.275634765625,107100,0.0,0.0
2024-06-14 00:00:00+09:00,1808.71006551603,1851.8415652639499,1796.5207286307482,1845.278076171875,124300,0.0,0.0
2024-06-17 00:00:00+09:00,1821.8368659337361,1828.400354385376,1793.7076297124227,1800.2711181640625,115500,0.0,0.0
2024-06-18 00:00:00+09:00,1825.5876071435798,1828.4005310374837,1806.8347811842211,1809.647705078125,66200,0.0,0.0
2024-06-19 00:00:00+09:00,1809.6475920616208,1849.0285241168478,1809.6475920616208,1833.088623046875,60000,0.0,0.0
2024-06-20 00:00:00+09:00,1838.714458376139,1844.340305775556,1804.0217327464004,1839.652099609375,127200,0.0,0.0
2024-06-21 00:00:00+09:00,1831.2132659579536,1841.5273191712345,1804.0216711229405,1806.8345947265625,191300,0.0,0.0
2024-06-24 00:00:00+09:00,1811.5227771505506,1822.7744714185665,1803.0840064495387,1819.9615478515625,54900,0.0,0.0
2024-06-25 00:00:00+09:00,1834.026214040224,1856.529603169552,1826.5250843304482,1841.52734375,106300,0.0,0.0
2024-06-26 00:00:00+09:00,1837.7767931980643,1860.2801825025306,1835.9015107560256,1852.779052734375,75600,0.0,0.0
2024-06-27 00:00:00+09:00,1841.5274603249873,1864.9684921519347,1840.5898190519094,1853.716796875,76900,0.0,0.0
2024-06-28 00:00:00+09:00,1865.9060344677105,1894.9729123915793,1865.9060344677105,1888.409423828125,149300,0.0,0.0
2024-07-01 00:00:00+09:00,1909.9751478567632,1927.7903308755547,1898.723453318579,1901.536376953125,106200,0.0,0.0
2024-07-02 00:00:00+09:00,1912.7880358940338,1928.7279361931505,1901.5363415652453,1921.226806640625,94800,0.0,0.0
2024-07-03 00:00:00+09:00,1937.1666980421685,1945.60546875,1906.2245387801204,1945.60546875,96100,0.0,0.0
2024-07-04 00:00:00+09:00,1950.2936289081363,1952.168911243625,1929.6655232177618,1941.8548583984375,68100,0.0,0.0
2024-07-05 00:00:00+09:00,1952.1689615332884,1973.7347089469606,1928.7279317358186,1933.4161376953125,119100,0.0,0.0
2024-07-08 00:00:00+09:00,1930.603199373571,1945.6054583293637,1916.5385816025153,1922.1644287109375,108300,0.0,0.0
2024-07-09 00:00:00+09:00,1922.1644908863768,1933.4161854671752,1890.284689574115,1907.1622314453125,95900,0.0,0.0
2024-07-10 00:00:00+09:00,1894.9729579173184,1898.723522900826,1863.093155557502,1892.1600341796875,150700,0.0,0.0
2024-07-11 00:00:00+09:00,1914.6634138073707,1928.7280324200597,1901.5364364355278,1916.5386962890625,90900,0.0,0.0
2024-07-12 00:00:00+09:00,1916.5388453821276,1972.7973242093915,1916.5388453821276,1956.857421875,127800,0.0,0.0
2024-07-16 00:00:00+09:00,1965.295864246103,1973.7346346555569,1939.0419118611362,1954.9818115234375,68700,0.0,0.0
2024-07-17 00:00:00+09:00,1973.7346764590827,1987.7992941060595,1957.7947764591756,1970.9217529296875,128600,0.0,0.0
2024-07-18 00:00:00+09:00,1956.8571895892806,1977.485296043983,1950.293701171875,1950.293701171875,78600,0.0,0.0
2024-07-19 00:00:00+09:00,1949.3560744334816,1977.485310716793,1949.3560744334816,1961.54541015625,105400,0.0,0.0
2024-07-22 00:00:00+09:00,1961.545479078653,1961.545479078653,1886.5341796875,1886.5341796875,129200,0.0,0.0
2024-07-23 00:00:00+09:00,1886.5341534122758,1901.5364130815583,1870.5942525136632,1881.845947265625,184300,0.0,0.0
2024-07-24 00:00:00+09:00,1876.2200856144268,1896.8481925027413,1861.2178260592889,1870.59423828125,138100,0.0,0.0
2024-07-25 00:00:00+09:00,1841.527413468766,1865.906085948495,1803.0841222507318,1832.1510009765625,200700,0.0,0.0
2024-07-26 00:00:00+09:00,1847.1532819333956,1864.0308246109596,1829.338097995967,1849.028564453125,80000,0.0,0.0
2024-07-29 00:00:00+09:00,1879.9706878960717,1922.164543734138,1870.5942754876125,1916.5386962890625,135500,0.0,0.0
2024-07-30 00:00:00+09:00,1930.6033200480445,1930.6033200480445,1892.1600290708857,1904.349365234375,69300,0.0,0.0
2024-07-31 00:00:00+09:00,1883.7212291899182,1929.6656494140625,1867.7813282958273,1929.6656494140625,82300,0.0,0.0
2024-08-01 00:00:00+09:00,1885.5965483790897,1887.471830873748,1789.0194999041785,1796.5206298828125,217600,0.0,0.0
2024-08-02 00:00:00+09:00,1721.5093064948694,1738.3868487154075,1685.878939584845,1696.1929931640625,311900,0.0,0.0
2024-08-05 00:00:00+09:00,1583.6758704708263,1599.6157696999585,1359.579640131852,1411.14990234375,461700,0.0,0.0
2024-08-06 00:00:00+09:00,1561.1727026790552,1651.1862639146045,1540.5445948959086,1622.119384765625,258700,0.0,0.0
2024-08-07 00:00:00+09:00,1602.4287932981927,1693.3799887048192,1565.8607868975903,1634.30859375,244100,0.0,0.0
2024-08-08 00:00:00+09:00,1604.3042595968705,1731.8234760230391,1604.3042595968705,1654.9368896484375,186200,0.0,0.0
2024-08-09 00:00:00+09:00,1657.7496372276628,1657.7496372276628,1571.4866470551826,1597.7406005859375,308500,0.0,0.0
2024-08-13 00:00:00+09:00,1612.7429101338776,1637.12158203125,1594.927726824259,1637.12158203125,123900,0.0,0.0
2024-08-14 00:00:00+09:00,1638.0592065208496,1669.001366689818,1618.3687409587787,1655.8743896484375,103100,0.0,0.0
2024-08-15 00:00:00+09:00,1642.747386405984,1666.188416463147,1636.1838979899783,1651.1861572265625,108900,0.0,0.0
2024-08-16 00:00:00+09:00,1687.7542100813946,1724.3222179664915,1678.3777978031646,1702.7564697265625,117000,0.0,0.0
2024-08-19 00:00:00+09:00,1697.1306989050859,1743.075121140638,1694.317775094746,1699.0059814453125,149300,0.0,0.0
2024-08-20 00:00:00+09:00,1699.006000655715,1714.0082611471564,1688.6919465678493,1698.068359375,96700,0.0,0.0
2024-08-21 00:00:00+09:00,1687.754286203953,1710.257676686672,1675.5649496924798,1699.0059814453125,91900,0.0,0.0
2024-08-22 00:00:00+09:00,1729.0103420792418,1761.827783496147,1704.6316713123977,1718.6962890625,99300,0.0,0.0
2024-08-23 00:00:00+09:00,1706.5070609061816,1721.5093207822797,1689.6295185455708,1707.4447021484375,66900,0.0,0.0
2024-08-26 00:00:00+09:00,1713.0705758269228,1726.1975534194662,1697.1306744645485,1712.1329345703125,130800,0.0,0.0
2024-08-27 00:00:00+09:00,1721.5092679032962,1753.3890691607646,1716.8210618360213,1745.887939453125,73600,0.0,0.0
2024-08-28 00:00:00+09:00,1742.1373647856985,1742.1373647856985,1712.1328461241578,1722.4468994140625,55100,0.0,0.0
2024-08-29 00:00:00+09:00,1722.4469377315013,1742.13740354117,1700.8811894637688,1720.5716552734375,76000,0.0,0.0
2024-08-30 00:00:00+09:00,1724.3221818304087,1732.760952703967,1713.0704873323311,1722.4468994140625,96900,0.0,0.0
2024-09-02 00:00:00+09:00,1734.6363899810774,1744.9504441917757,1704.6318686408642,1714.9459228515625,63100,0.0,0.0
2024-09-03 00:00:00+09:00,1734.6363020430592,1758.0773331517491,1718.69640088915,1743.0750732421875,99700,0.0,0.0
2024-09-04 00:00:00+09:00,1673.6896186440679,1693.3800847457628,1652.1238700564973,1659.625,189900,0.0,0.0
2024-09-05 00:00:00+09:00,1659.6249545174035,1688.691832251889,1640.872130172574,1655.8743896484375,95900,0.0,0.0
2024-09-06 00:00:00+09:00,1653.061546440345,1661.5003178061777,1605.2418420339595,1622.119384765625,120700,0.0,0.0
2024-09-09 00:00:00+09:00,1579.9255211779248,1624.9323016031713,1578.9878799190653,1616.4935302734375,116400,0.0,0.0
2024-09-10 00:00:00+09:00,1623.9946075403843,1637.121584737593,1607.1170654296875,1607.1170654296875,72500,0.0,0.0
2024-09-11 00:00:00+09:00,1593.9899328153053,1608.054549869558,1551.7960816525472,1566.79833984375,138400,0.0,0.0
2024-09-12 00:00:00+09:00,1613.680631153486,1619.3064787926035,1584.6137516847132,1603.3665771484375,118500,0.0,0.0
2024-09-13 00:00:00+09:00,1614.6182985889668,1622.1194288960003,1599.6160379748997,1608.0548095703125,113100,0.0,0.0
2024-09-17 00:00:00+09:00,1631.4958820963914,1652.1239909504836,1621.1818276693452,1641.8099365234375,111600,0.0,0.0
2024-09-18 00:00:00+09:00,1663.37554360307,1666.188467295747,1624.9322531364826,1642.7474365234375,72300,0.0,0.0
2024-09-19 00:00:00+09:00,1664.3131820610286,1687.7542127942825,1655.874410997057,1672.751953125,84200,0.0,0.0
2024-09-20 00:00:00+09:00,1692.4423755520645,1701.8187876049844,1678.3777574726844,1686.8165283203125,121800,0.0,0.0
2024-09-24 00:00:00+09:00,1713.0705935456033,1723.3846474749967,1693.380126953125,1693.380126953125,144400,0.0,0.0
2024-09-25 00:00:00+09:00,1677.440203005207,1677.440203005207,1653.9991716608076,1658.6873779296875,152300,0.0,0.0
2024-09-26 00:00:00+09:00,1680.253099173554,1714.9458249935435,1659.6249919292356,1701.81884765625,215000,0.0,0.0
2024-09-27 00:00:00+09:00,1721.8738517137233,1760.074048091177,1719.0088369854143,1751.47900390625,177700,33.0,0.0
2024-09-30 00:00:00+09:00,1679.8536865789872,1705.6388199147648,1668.3936273186416,1678.898681640625,151500,0.0,0.0
2024-10-01 00:00:00+09:00,1690.358642578125,1709.458740234375,1690.358642578125,1704.6837158203125,80400,0.0,0.0
2024-10-02 00:00:00+09:00,1704.6838853888012,1740.0190695677286,1704.6838853888012,1718.053955078125,119800,0.0,0.0
2024-10-03 00:00:00+09:00,1756.2541038618854,1757.209108812327,1722.8289305964336,1723.783935546875,78700,0.0,0.0
2024-10-04 00:00:00+09:00,1734.2890630392394,1745.7491229271639,1723.7840081419754,1729.5140380859375,98600,0.0,0.0
2024-10-07 00:00:00+09:00,1763.89414142328,1770.5791760686307,1738.1090077912124,1752.43408203125,105000,0.0,0.0
2024-10-08 00:00:00+09:00,1738.1089611468801,1739.0639660705872,1700.8637691223041,1710.413818359375,94400,0.0,0.0
2024-10-09 00:00:00+09:00,1724.7389676543983,1724.7389676543983,1688.4487789662105,1692.268798828125,119900,0.0,0.0
2024-10-10 00:00:00+09:00,1699.908862882698,1703.7288827992884,1680.8087632997465,1694.1788330078125,90200,0.0,0.0
2024-10-11 00:00:00+09:00,1694.178662109375,1698.9536865234375,1676.0335693359375,1680.80859375,70200,0.0,0.0
2024-10-15 00:00:00+09:00,1719.0089084791102,1766.7591559368632,1696.0887896993886,1757.2091064453125,211000,0.0,0.0
2024-10-16 00:00:00+09:00,1747.658983873251,1787.7691900605057,1734.288915144166,1765.8040771484375,112800,0.0,0.0
2024-10-17 00:00:00+09:00,1773.4442142626638,1811.644412738973,1768.669189453125,1768.669189453125,105000,0.0,0.0
2024-10-18 00:00:00+09:00,1776.309253021618,1791.5893326175028,1769.6242181984182,1775.354248046875,64000,0.0,0.0
2024-10-21 00:00:00+09:00,1776.309156029332,1790.6342298682782,1753.389037887018,1758.1640625,91200,0.0,0.0
2024-10-22 00:00:00+09:00,1754.3440686755594,1761.029103232298,1721.873900828543,1731.4239501953125,65600,0.0,0.0
2024-10-23 00:00:00+09:00,1733.3339363217087,1749.5690200227937,1668.3936015173692,1715.1888427734375,209800,0.0,0.0
2024-10-24 00:00:00+09:00,1700.8638426912353,1715.1889171664563,1682.7187483559553,1701.81884765625,74000,0.0,0.0
2024-10-25 00:00:00+09:00,1701.8188493189557,1702.7738542849036,1671.2586904086265,1682.71875,110300,0.0,0.0
2024-10-28 00:00:00+09:00,1682.7186753712676,1723.7838870857765,1682.7186753712676,1715.1888427734375,66900,0.0,0.0
2024-10-29 00:00:00+09:00,1723.7839352096642,1741.9290292645028,1720.9189203589,1728.5589599609375,54900,0.0,0.0
2024-10-30 00:00:00+09:00,1746.7039551048508,1764.849048132184,1741.9289306239737,1744.7939453125,345700,0.0,0.0
2024-10-31 00:00:00+09:00,1743.8390132989377,1756.2540774680979,1735.2439688741347,1750.5240478515625,75100,0.0,0.0
2024-11-01 00:00:00+09:00,1723.78383793127,1739.063916273043,1720.9188232421875,1720.9188232421875,91200,0.0,0.0
2024-11-05 00:00:00+09:00,1747.6589840042875,1769.6240969180026,1733.333910364908,1761.029052734375,100000,0.0,0.0
2024-11-06 00:00:00+09:00,1759.1190426527105,1794.4542242912285,1758.1640377435613,1770.5791015625,129700,0.0,0.0
2024-11-07 00:00:00+09:00,1795.4092542786768,1807.8243182710294,1719.9638654020728,1762.9390869140625,189200,0.0,0.0
2024-11-08 00:00:00+09:00,1788.7243463976051,1788.7243463976051,1728.5590320233132,1739.0640869140625,149400,0.0,0.0
2024-11-11 00:00:00+09:00,1735.2439443576861,1760.074072345193,1733.3339345124932,1758.1640625,107400,0.0,0.0
2024-11-12 00:00:00+09:00,1782.9941889079944,1820.23938085626,1782.9941889079944,1796.3642578125,148600,0.0,0.0
2024-11-13 00:00:00+09:00,1778.2192898752382,1784.9043247995812,1745.7491202427152,1753.38916015625,113400,0.0,0.0
2024-11-14 00:00:00+09:00,1762.9390875140805,1777.264161356286,1748.614013671875,1748.614013671875,97200,0.0,0.0
2024-11-15 00:00:00+09:00,1765.8041509877082,1773.4441905809485,1745.749047055452,1757.2091064453125,91000,0.0,0.0
2024-11-18 00:00:00+09:00,1757.2090560207337,1813.5543464040072,1757.2090560207337,1796.3642578125,140200,0.0,0.0
2024-11-19 00:00:00+09:00,1796.36423345041,1808.7792972647933,1787.7691892712214,1794.4542236328125,80200,0.0,0.0
2024-11-20 00:00:00+09:00,1778.2192126984291,1799.2293215487866,1769.6241681687375,1795.4093017578125,80600,0.0,0.0
2024-11-21 00:00:00+09:00,1797.3192141294223,1804.9592532968163,1776.309106419089,1778.2191162109375,56000,0.0,0.0
2024-11-22 00:00:00+09:00,1776.3091556295583,1783.94919500861,1759.1190670266915,1767.714111328125,130200,0.0,0.0
2024-11-25 00:00:00+09:00,1785.859180510595,1785.859180510595,1755.2990234109484,1756.2540283203125,105500,0.0,0.0
2024-11-26 00:00:00+09:00,1752.433983892457,1793.4991944141875,1752.433983892457,1787.7691650390625,156700,0.0,0.0
2024-11-27 00:00:00+09:00,1788.724194969726,1788.724194969726,1756.2540280562341,1765.8040771484375,91100,0.0,0.0
2024-11-28 00:00:00+09:00,1765.8041249832709,1783.94921875,1757.209080567452,1783.94921875,47500,0.0,0.0
2024-11-29 00:00:00+09:00,1778.219164492479,1801.1392826169792,1778.219164492479,1791.5892333984375,81800,0.0,0.0
2024-12-02 00:00:00+09:00,1782.9942634841352,1791.589308139388,1773.4442138671875,1773.4442138671875,91500,0.0,0.0
2024-12-03 00:00:00+09:00,1778.2190917968749,1822.14931640625,1772.4890624999998,1819.2843017578125,197700,0.0,0.0
2024-12-04 00:00:00+09:00,1823.1043960187985,1824.0594009407569,1776.3091548428313,1786.814208984375,127000,0.0,0.0
2024-12-05 00:00:00+09:00,1795.4092528907497,1806.8693119517545,1790.6342282819976,1796.3642578125,88600,0.0,0.0
2024-12-06 00:00:00+09:00,1813.5542477079719,1813.5542477079719,1782.9940918750835,1788.72412109375,112300,0.0,0.0
2024-12-09 00:00:00+09:00,1789.6791749620284,1800.1842288171952,1778.2191162109375,1778.2191162109375,109300,0.0,0.0
2024-12-10 00:00:00+09:00,1790.6342779982824,1798.2743175844084,1779.1742186190934,1781.084228515625,97500,0.0,0.0
2024-12-11 00:00:00+09:00,1790.6342042583142,1790.6342042583142,1768.6690913527455,1784.9041748046875,82900,0.0,0.0
2024-12-12 00:00:00+09:00,1787.7691892712214,1820.2393561703782,1787.7691892712214,1794.4542236328125,155700,0.0,0.0
2024-12-13 00:00:00+09:00,1782.9941889079944,1802.0942873430024,1778.2191642992425,1796.3642578125,128900,0.0,0.0
2024-12-16 00:00:00+09:00,1808.7792966185498,1830.7444095130727,1803.0492671678046,1818.329345703125,121500,0.0,0.0
2024-12-17 00:00:00+09:00,1826.9244408290954,1826.9244408290954,1783.94921875,1783.94921875,101700,0.0,0.0
2024-12-18 00:00:00+09:00,1794.454248360043,1799.2292729698356,1785.8592040624164,1786.814208984375,49200,0.0,0.0
2024-12-19 00:00:00+09:00,1778.2192136708277,1797.3193126361427,1771.5341790329676,1781.084228515625,84500,0.0,0.0
2024-12-20 00:00:00+09:00,1794.4543475417313,1813.5544470365874,1775.354248046875,1775.354248046875,178000,0.0,0.0
2024-12-23 00:00:00+09:00,1778.2191404421233,1785.8591797136253,1772.4891109884966,1784.9041748046875,86500,0.0,0.0
2024-12-24 00:00:00+09:00,1782.9942384121564,1786.8142582052194,1777.264208722562,1781.084228515625,48500,0.0,0.0
2024-12-25 00:00:00+09:00,1785.859276409737,1797.3193359375,1772.4892069606801,1797.3193359375,98500,0.0,0.0
2024-12-26 00:00:00+09:00,1793.4993126814268,1840.2945556640625,1793.4993126814268,1840.2945556640625,166800,0.0,0.0
2024-12-27 00:00:00+09:00,1857.4845214592963,1860.3495361453517,1842.2044431336672,1859.39453125,94200,0.0,0.0
2024-12-30 00:00:00+09:00,1859.3945801157624,1875.6296637634089,1855.5745604339631,1858.4395751953125,88800,0.0,0.0
2025-01-06 00:00:00+09:00,1858.4396502666493,1869.899709774974,1831.6995114138917,1835.51953125,91600,0.0,0.0
2025-01-07 00:00:00+09:00,1829.7895034202854,1829.7895034202854,1801.1393546193415,1811.6444091796875,188900,0.0,0.0
2025-01-08 00:00:00+09:00,1809.7343021735921,1819.2843512615793,1794.4542236328125,1794.4542236328125,93400,0.0,0.0
2025-01-09 00:00:00+09:00,1785.8592760240708,1805.914380193325,1777.2642313801048,1802.0943603515625,124400,0.0,0.0
2025-01-10 00:00:00+09:00,1799.2293687672789,1822.1494881146327,1799.2293687672789,1813.554443359375,84700,0.0,0.0
2025-01-14 00:00:00+09:00,1808.7794720307875,1813.5544970361486,1767.7142569846822,1774.3992919921875,106000,0.0,0.0
2025-01-15 00:00:00+09:00,1778.2192139984459,1785.8592535859796,1770.5791744109122,1776.3092041015625,66400,0.0,0.0
2025-01-16 00:00:00+09:00,1780.1292248899051,1782.9942397368309,1758.164111063474,1761.984130859375,103600,0.0,0.0
2025-01-17 00:00:00+09:00,1761.984130859375,1762.9391358083503,1731.4239724921663,1761.984130859375,103400,0.0,0.0
2025-01-20 00:00:00+09:00,1766.7590574598466,1784.9041504824072,1761.9840329802255,1778.2191162109375,79600,0.0,0.0
2025-01-21 00:00:00+09:00,1776.309229148387,1781.0842539579255,1768.669189453125,1768.669189453125,53800,0.0,0.0
2025-01-22 00:00:00+09:00,1780.129126002786,1787.76916517018,1770.5790770435435,1778.2191162109375,125100,0.0,0.0
2025-01-23 00:00:00+09:00,1767.7141105452047,1795.4092532820016,1766.7591056232463,1786.814208984375,79900,0.0,0.0
2025-01-24 00:00:00+09:00,1792.5442872395834,1821.1944356770834,1789.6792723958333,1790.63427734375,70400,0.0,0.0
2025-01-27 00:00:00+09:00,1814.5094430951697,1873.7197512382752,1806.869403334769,1870.854736328125,138400,0.0,0.0
2025-01-28 00:00:00+09:00,1873.7196280024777,1912.8748291992677,1873.7196280024777,1909.0548095703125,145400,0.0,0.0
2025-01-29 00:00:00+09:00,1907.1448725598113,1918.6049318841567,1894.7298082917705,1914.784912109375,105900,0.0,0.0
2025-01-30 00:00:00+09:00,1894.7297585227273,1959.670092988224,1891.8647437668965,1953.9400634765625,181800,0.0,0.0
2025-01-31 00:00:00+09:00,1953.94016384818,1954.8951688158477,1915.7399651414707,1923.3800048828125,94500,0.0,0.0
2025-02-03 00:00:00+09:00,1890.9097166984313,1902.3697755875125,1878.4946529019264,1894.729736328125,120200,0.0,0.0
2025-02-04 00:00:00+09:00,1900.4597903718136,1914.784864168586,1884.2247067354715,1891.86474609375,107700,0.0,0.0
2025-02-05 00:00:00+09:00,1902.369923955955,1906.1899438835774,1881.3598143540319,1882.3148193359375,162100,0.0,0.0
2025-02-06 00:00:00+09:00,1909.0549073732668,1912.8749271979257,1889.9548082499725,1907.1448974609375,120500,0.0,0.0
2025-02-07 00:00:00+09:00,1910.0098892405065,1916.6949238528482,1878.494726068038,1886.134765625,128100,0.0,0.0
2025-02-10 00:00:00+09:00,1886.1346435546875,1886.1346435546875,1852.70947265625,1852.70947265625,104700,0.0,0.0
2025-02-12 00:00:00+09:00,1879.4497072799925,1879.4497072799925,1848.8895494380413,1874.6746826171875,114000,0.0,0.0
2025-02-13 00:00:00+09:00,1911.9197753906249,1916.6947998046874,1888.0446533203124,1890.90966796875,111500,0.0,0.0
2025-02-14 00:00:00+09:00,1890.909766470724,1896.63979606609,1874.6746826171875,1874.6746826171875,66400,0.0,0.0
2025-02-17 00:00:00+09:00,1890.9097169452887,1925.2898936170213,1878.494653147163,1885.1796875,154800,0.0,0.0
2025-02-18 00:00:00+09:00,1885.1796629873945,1904.2797608900023,1881.359643406873,1892.8197021484375,68600,0.0,0.0
2025-02-19 00:00:00+09:00,1892.819726760385,1902.3697758358662,1884.224682592452,1885.1796875,78300,0.0,0.0
2025-02-20 00:00:00+09:00,1883.2696289062499,1883.2696289062499,1855.5744873046874,1862.259521484375,88800,0.0,0.0
2025-02-21 00:00:00+09:00,1872.764723494672,1879.44975820373,1841.2495598662558,1849.8446044921875,91600,0.0,0.0
2025-02-25 00:00:00+09:00,1843.1594730644267,1843.1594730644267,1825.969384714603,1827.87939453125,110700,0.0,0.0
2025-02-26 00:00:00+09:00,1828.8344965368108,1835.51953125,1806.8693824791883,1835.51953125,112300,0.0,0.0
2025-02-27 00:00:00+09:00,1832.6544183173787,1856.529541015625,1832.6544183173787,1856.529541015625,70000,0.0,0.0
2025-02-28 00:00:00+09:00,1842.2045648246926,1858.4396491181192,1826.9244854897029,1849.8446044921875,152000,0.0,0.0
2025-03-03 00:00:00+09:00,1876.584643579549,1882.3146730255935,1866.0795895951342,1875.629638671875,77600,0.0,0.0
2025-03-04 00:00:00+09:00,1870.8545898064197,1879.4496338637232,1847.9344723202767,1873.7196044921875,76100,0.0,0.0
2025-03-05 00:00:00+09:00,1871.809668068501,1882.3147223280691,1859.3946039435568,1869.899658203125,79800,0.0,0.0
2025-03-06 00:00:00+09:00,1872.7647462682253,1880.404786028626,1866.0797114778745,1870.854736328125,109300,0.0,0.0
2025-03-07 00:00:00+09:00,1846.979443359375,1866.079541015625,1824.059326171875,1852.70947265625,115900,0.0,0.0
2025-03-10 00:00:00+09:00,1852.7095956777598,1857.484620408888,1836.4745115919236,1838.384521484375,110900,0.0,0.0
2025-03-11 00:00:00+09:00,1833.6094927763818,1902.3698487554962,1817.3744087257576,1900.4598388671875,214900,0.0,0.0
2025-03-12 00:00:00+09:00,1885.1797368753582,1895.684791133529,1867.9896480892608,1874.6746826171875,128000,0.0,0.0
2025-03-13 00:00:00+09:00,1872.7645995969315,1886.134668130515,1860.349535958604,1873.7196044921875,117800,0.0,0.0
2025-03-14 00:00:00+09:00,1871.8096678195045,1888.0447516730412,1868.9446530218218,1874.6746826171875,125200,0.0,0.0
2025-03-17 00:00:00+09:00,1894.7299078930737,1908.0999778076418,1888.9998779296875,1888.9998779296875,123800,0.0,0.0
2025-03-18 00:00:00+09:00,1903.3247806188613,1906.1897953413181,1886.13469228412,1889.9547119140625,160700,0.0,0.0
2025-03-19 00:00:00+09:00,1910.0098876953125,1922.424951965332,1909.0548827514647,1910.0098876953125,126200,0.0,0.0
2025-03-21 00:00:00+09:00,1885.17968676904,1930.064917406398,1885.17968676904,1913.829833984375,240000,0.0,0.0
2025-03-24 00:00:00+09:00,1923.3798823323807,1947.2550050028424,1906.1897940096485,1942.47998046875,187200,0.0,0.0
2025-03-25 00:00:00+09:00,1943.4350099098735,1956.8050787741183,1936.749975477751,1939.614990234375,174500,0.0,0.0
2025-03-26 00:00:00+09:00,1947.254980255112,1977.8151368849128,1937.7049313082994,1964.445068359375,184400,0.0,0.0
2025-03-27 00:00:00+09:00,1952.030053106805,1977.815185902247,1937.7049793315593,1968.26513671875,375500,0.0,0.0
2025-03-28 00:00:00+09:00,1960.5008079749573,1997.381516243793,1951.7659033849698,1978.941162109375,226900,33.0,0.0
2025-03-31 00:00:00+09:00,1936.23710223398,1938.1781920607812,1897.4153056979605,1901.2974853515625,178200,0.0,0.0
2025-04-01 00:00:00+09:00,1925.5612263522094,1942.0604908925256,1911.0030517578125,1911.0030517578125,93900,0.0,0.0
2025-04-02 00:00:00+09:00,1911.003031538736,1915.8557563521913,1873.1517779937838,1880.9161376953125,97000,0.0,0.0
2025-04-03 00:00:00+09:00,1844.0355305904234,1855.682070783626,1825.5951752845192,1850.829345703125,165200,0.0,0.0
2025-04-04 00:00:00+09:00,1795.5082565125374,1812.9780665759026,1756.6864563717259,1787.743896484375,228400,0.0,0.0
2025-04-07 00:00:00+09:00,1671.2783651892162,1724.6583362028089,1622.7511188132225,1679.042724609375,364600,0.0,0.0
2025-04-08 00:00:00+09:00,1737.2754460814967,1806.1841369595895,1720.7761820684323,1794.53759765625,174000,0.0,0.0
2025-04-09 00:00:00+09:00,1766.3917922762294,1773.185606861907,1727.5699946437846,1751.8336181640625,161400,0.0,0.0
2025-04-10 00:00:00+09:00,1882.8572945529743,1882.8572945529743,1821.7129597298622,1849.8587646484375,132800,0.0,0.0
2025-04-11 00:00:00+09:00,1764.4508078079264,1827.536232729552,1743.0988178344533,1823.654052734375,123600,0.0,0.0
2025-04-14 00:00:00+09:00,1839.1827031652174,1850.829242710327,1824.6245287338304,1838.212158203125,78600,0.0,0.0
2025-04-15 00:00:00+09:00,1852.7702598007234,1852.7702598007234,1829.4771816261725,1836.27099609375,100300,0.0,0.0
2025-04-16 00:00:00+09:00,1844.0354141613402,1849.8586838902709,1827.5361499293704,1841.123779296875,60400,0.0,0.0
2025-04-17 00:00:00+09:00,1832.3889327024185,1847.917652471083,1823.6540278325447,1845.9765625,69000,0.0,0.0
2025-04-18 00:00:00+09:00,1857.6230314278307,1886.7393798828125,1852.7703066853337,1886.7393798828125,54400,0.0,0.0
2025-04-21 00:00:00+09:00,1887.7099024192573,1897.4153517890222,1877.033908112516,1882.857177734375,67300,0.0,0.0
2025-04-22 00:00:00+09:00,1869.2696034285043,1890.6215926680823,1866.3579685321984,1871.210693359375,46900,0.0,0.0
2025-04-23 00:00:00+09:00,1906.1503461904076,1909.0619811387637,1892.5627164314128,1898.385986328125,72600,0.0,0.0
2025-04-24 00:00:00+09:00,1898.3858375726743,1905.1796519198158,1869.2694903706395,1878.00439453125,50900,0.0,0.0
2025-04-25 00:00:00+09:00,1873.1517832902457,1890.6215926680823,1870.2401483939398,1871.210693359375,41700,0.0,0.0
2025-04-28 00:00:00+09:00,1876.0633939726422,1907.1208324657227,1876.0633939726422,1893.533203125,66700,0.0,0.0
2025-04-30 00:00:00+09:00,1887.7099831719593,1895.4743429999157,1872.1812635160459,1891.5921630859375,69500,0.0,0.0
2025-05-01 00:00:00+09:00,1895.4742619150693,1895.4742619150693,1866.3579138057748,1882.857177734375,63000,0.0,0.0
2025-05-02 00:00:00+09:00,1875.0927958843138,1888.6804248399972,1854.7113524507886,1878.9749755859375,87800,0.0,0.0
2025-05-07 00:00:00+09:00,1877.0339746944242,1906.1503238365299,1870.2401598945994,1894.5037841796875,80100,0.0,0.0
2025-05-08 00:00:00+09:00,1894.5037429085926,1903.2386474609375,1878.004478754163,1903.2386474609375,90700,0.0,0.0
2025-05-09 00:00:00+09:00,1903.2387168999292,1943.0310613124213,1899.356536957247,1931.384521484375,108000,0.0,0.0
2025-05-12 00:00:00+09:00,2002.2343526646712,2146.8455589405007,2002.2343526646712,2142.96337890625,374000,0.0,0.0
2025-05-13 00:00:00+09:00,2141.992843114852,2141.992843114852,2074.054692223126,2107.05322265625,151800,0.0,0.0
2025-05-14 00:00:00+09:00,2089.583226785184,2092.4948615647268,2025.5272616352433,2042.9970703125,98000,0.0,0.0
2025-05-15 00:00:00+09:00,2048.8204251483808,2054.6436949498448,1999.3226318359375,1999.3226318359375,80700,0.0,0.0
2025-05-16 00:00:00+09:00,1990.5877154337165,1997.3815301621594,1960.5008216363274,1976.029541015625,90200,0.0,0.0
2025-05-19 00:00:00+09:00,1975.059021322485,2002.2342805839246,1963.4124816390108,1996.4110107421875,95900,0.0,0.0
2025-05-20 00:00:00+09:00,1998.3520837037865,2018.7335279766276,1976.029549500199,1982.8233642578125,79600,0.0,0.0
2025-05-21 00:00:00+09:00,1997.3815143950794,2020.6745932801534,1986.7055199060874,2005.1458740234375,88500,0.0,0.0
2025-05-22 00:00:00+09:00,1989.6171462367959,2004.175320477553,1979.911696742958,1998.35205078125,58500,0.0,0.0
2025-05-23 00:00:00+09:00,2005.145896314538,2021.64516070822,2002.2342614215352,2009.028076171875,45100,0.0,0.0
2025-05-26 00:00:00+09:00,2023.5862315118857,2029.4095012428552,2009.9986021396237,2021.6451416015625,52800,0.0,0.0
2025-05-27 00:00:00+09:00,2021.645169224599,2027.4684390351356,2005.145904761412,2015.8218994140625,76000,0.0,0.0
2025-05-28 00:00:00+09:00,2023.5862785161926,2026.4979134493094,2001.2637440289636,2003.204833984375,68100,0.0,0.0
2025-05-29 00:00:00+09:00,2009.028026330425,2021.645110553756,2004.1753016291436,2010.9691162109375,84000,0.0,0.0
2025-05-30 00:00:00+09:00,1992.5287981120732,2018.733511969368,1990.587708196718,2011.939697265625,70000,0.0,0.0
2025-06-02 00:00:00+09:00,2011.9397915046109,2029.4096015610908,2005.1459764826463,2017.7630615234375,74100,0.0,0.0
2025-06-03 00:00:00+09:00,2009.028081505044,2009.028081505044,1992.528817067563,1999.3226318359375,94000,0.0,0.0
2025-06-04 00:00:00+09:00,1999.3225871006182,2008.0574916073685,1991.5582275390625,1991.5582275390625,39200,0.0,0.0
2025-06-05 00:00:00+09:00,1984.7644370855987,1984.7644370855987,1955.6480883752965,1969.2357177734375,92500,0.0,0.0
2025-06-06 00:00:00+09:00,1970.2062575193877,1984.7644318360333,1970.2062575193877,1978.941162109375,53100,0.0,0.0
2025-06-09 00:00:00+09:00,1982.823309370723,2009.0280227104245,1981.8527644322157,1994.4698486328125,54400,0.0,0.0
2025-06-10 00:00:00+09:00,1989.617229127113,1999.322679025294,1975.0590542798413,1980.88232421875,72600,0.0,0.0
2025-06-11 00:00:00+09:00,1977.9706809194859,1979.9117708909475,1961.4714161620614,1974.0885009765625,70300,0.0,0.0
2025-06-12 00:00:00+09:00,1964.3830926890432,1976.0296327642745,1948.8543725887346,1965.3536376953125,88200,0.0,0.0
2025-06-13 00:00:00+09:00,1955.6481434297727,1969.2357732104263,1944.9721486021165,1957.5892333984375,102000,0.0,0.0
2025-06-16 00:00:00+09:00,1975.0590098578532,1985.7350045057335,1967.2946501139402,1973.117919921875,75100,0.0,0.0
2025-06-17 00:00:00+09:00,1964.3830130271542,1999.3226318359375,1961.4713781264222,1999.3226318359375,59200,0.0,0.0
2025-06-18 00:00:00+09:00,1991.5582174058125,2020.6745656135,1991.5582174058125,2010.9691162109375,60200,0.0,0.0
2025-06-19 00:00:00+09:00,1993.4993629600613,2064.3491455774342,1991.5582730253386,2042.026611328125,155500,0.0,0.0
2025-06-20 00:00:00+09:00,2042.0265441077618,2068.2312573638974,2030.3800048828125,2030.3800048828125,112400,0.0,0.0
2025-06-23 00:00:00+09:00,2020.674652025931,2028.4390118800172,1996.4110274819116,2009.9986572265625,59300,0.0,0.0
2025-06-24 00:00:00+09:00,2033.291677676235,2038.1444024439586,2005.1458740234375,2005.1458740234375,51000,0.0,0.0
2025-06-25 00:00:00+09:00,2005.1459209552088,2007.0870109077307,1981.852841524945,1986.70556640625,64400,0.0,0.0
2025-06-26 00:00:00+09:00,1983.7937959698932,2001.263604349276,1979.9116163300305,1989.6170654296875,85600,0.0,0.0
2025-06-27 00:00:00+09:00,1996.4109385098275,2002.2342081408722,1985.7349441862455,1994.4698486328125,72700,0.0,0.0
2025-06-30 00:00:00+09:00,2010.969102503765,2031.3505461102222,2001.263653167357,2013.8807373046875,106200,0.0,0.0
2025-07-01 00:00:00+09:00,2013.880888008777,2026.4979730902776,1962.4420026765044,1965.3536376953125,132300,0.0,0.0
2025-07-02 00:00:00+09:00,1961.471460116365,1992.5289003557136,1961.471460116365,1981.8529052734375,92100,0.0,0.0
2025-07-03 00:00:00+09:00,1979.9117018782028,1991.5582413010159,1974.0884321667963,1988.6466064453125,67800,0.0,0.0
2025-07-04 00:00:00+09:00,1987.6760204081634,2004.175284249442,1986.7054754763235,1997.3814697265625,53400,0.0,0.0
2025-07-07 00:00:00+09:00,1997.3816113758787,2008.0576063832327,1976.0296213611705,1984.7645263671875,73600,0.0,0.0
2025-07-08 00:00:00+09:00,1984.7644734500077,1984.7644734500077,1968.2652088785408,1970.206298828125,89800,0.0,0.0
2025-07-09 00:00:00+09:00,1972.1473371478874,2009.9985901738557,1972.1473371478874,1998.35205078125,143600,0.0,0.0
2025-07-10 00:00:00+09:00,2007.0869587510538,2025.5273128208169,1997.3815092406521,2014.851318359375,141700,0.0,0.0
2025-07-11 00:00:00+09:00,2028.4389373546337,2049.7909261688933,2028.4389373546337,2034.26220703125,88200,0.0,0.0
2025-07-14 00:00:00+09:00,2038.144403972897,2060.4669379211714,2033.2916792015328,2047.849853515625,65800,0.0,0.0
2025-07-15 00:00:00+09:00,2038.1444506870967,2042.0266305931673,2019.704096133261,2029.4095458984375,70800,0.0,0.0
2025-07-16 00:00:00+09:00,2015.8218146016807,2020.674539239624,1990.587646484375,1990.587646484375,64500,0.0,0.0
2025-07-17 00:00:00+09:00,1989.6172874950362,1994.4700125864874,1980.8823823304238,1985.735107421875,65600,0.0,0.0
2025-07-18 00:00:00+09:00,1989.6171479713262,1990.587692921556,1971.1767939169576,1972.1473388671875,86300,0.0,0.0
2025-07-22 00:00:00+09:00,1973.1178976014778,1987.676071956629,1964.382992988387,1969.2357177734375,70000,0.0,0.0
2025-07-23 00:00:00+09:00,1985.7350160323363,2008.0575504256617,1985.7350160323363,1996.4110107421875,85000,0.0,0.0
2025-07-24 00:00:00+09:00,1999.3225991427323,2026.4978577718568,1995.4404193385717,2014.851318359375,83600,0.0,0.0
2025-07-25 00:00:00+09:00,2017.7629429475041,2041.0560216539689,2007.0869485403746,2034.26220703125,109500,0.0,0.0
2025-07-28 00:00:00+09:00,2033.2916810635015,2039.114950794471,2017.7629617809164,2021.6451416015625,68400,0.0,0.0
2025-07-29 00:00:00+09:00,2021.645271790427,2028.4390869140625,2010.9692765961424,2028.4390869140625,48800,0.0,0.0
2025-07-30 00:00:00+09:00,2029.409570867365,2055.6142855557528,2029.409570867365,2049.791015625,70000,0.0,0.0
2025-07-31 00:00:00+09:00,2049.791103735902,2071.143094399818,2046.8794686453682,2065.31982421875,93100,0.0,0.0
2025-08-01 00:00:00+09:00,2065.319672605275,2101.229836085724,2065.319672605275,2097.34765625,95600,0.0,0.0
2025-08-04 00:00:00+09:00,2063.3786098825403,2092.4949590342226,2057.555340052204,2091.5244140625,105600,0.0,0.0
2025-08-05 00:00:00+09:00,2106.08252975109,2114.817434252362,2086.671630859375,2086.671630859375,111600,0.0,0.0
2025-08-06 00:00:00+09:00,2105.112107394278,2139.0811824329135,2103.1710173920706,2129.375732421875,118300,0.0,0.0
2025-08-07 00:00:00+09:00,2135.199001355719,2249.7233114284345,2121.6113713470913,2214.78369140625,205300,0.0,0.0
2025-08-08 00:00:00+09:00,2172.0798465326307,2207.019468728866,2146.845674946461,2152.6689453125,258100,0.0,0.0
2025-08-12 00:00:00+09:00,2177.9028007620072,2200.2253339248978,2146.845363317986,2167.226806640625,210800,0.0,0.0
2025-08-13 00:00:00+09:00,2171.1089274819064,2172.0794723757294,2146.845305136333,2162.3740234375,143500,0.0,0.0
2025-08-14 00:00:00+09:00,2162.3743959225653,2173.050391593637,2146.845674946461,2152.6689453125,98300,0.0,0.0
2025-08-15 00:00:00+09:00,2154.6098552766393,2190.52001953125,2150.727675357222,2190.52001953125,117400,0.0,0.0
2025-08-18 00:00:00+09:00,2195.3727167511324,2210.901436233015,2187.608357010191,2196.34326171875,99200,0.0,0.0
2025-08-19 00:00:00+09:00,2196.343152405239,2236.1354940970705,2195.372607485926,2219.63623046875,99900,0.0,0.0
2025-08-20 00:00:00+09:00,2227.40046785531,2255.546268974179,2218.665564059799,2245.8408203125,142700,0.0,0.0
2025-08-21 00:00:00+09:00,2248.752783054259,2248.752783054259,2220.6069778282886,2228.371337890625,71000,0.0,0.0
2025-08-22 00:00:00+09:00,2217.6952435037365,2233.2239629330843,2207.0192488960597,2232.25341796875,118600,0.0,0.0
2025-08-25 00:00:00+09:00,2250.693622155585,2254.575801753956,2211.871826171875,2211.871826171875,108200,0.0,0.0
2025-08-26 00:00:00+09:00,2211.8718534537575,2214.7834881884487,2192.460955222483,2206.048583984375,100300,0.0,0.0
2025-08-27 00:00:00+09:00,2188.578847226992,2207.98974609375,2187.6083022836538,2207.98974609375,96200,0.0,0.0
2025-08-28 00:00:00+09:00,2200.2255899693746,2241.9590263913788,2193.431774737886,2233.22412109375,90500,0.0,0.0
2025-08-29 00:00:00+09:00,2232.2534273148394,2290.486125418705,2228.371247441248,2281.751220703125,136700,0.0,0.0
2025-09-01 00:00:00+09:00,2256.5171149789926,2284.6629198539995,2229.3418550996757,2234.194580078125,152500,0.0,0.0
2025-09-02 00:00:00+09:00,2234.194425673398,2271.075132960796,2232.253335816167,2249.72314453125,108800,0.0,0.0
2025-09-03 00:00:00+09:00,2247.7822240138375,2261.3698540381006,2224.4891439722433,2231.282958984375,91200,0.0,0.0
2025-09-04 00:00:00+09:00,2236.135697952962,2239.047332976338,2215.754252789328,2228.371337890625,80500,0.0,0.0
2025-09-05 00:00:00+09:00,2225.459449781243,2251.66416201155,2225.459449781243,2247.781982421875,60700,0.0,0.0
2025-09-08 00:00:00+09:00,2269.1342494300607,2296.309509902277,2269.1342494300607,2274.95751953125,113600,0.0,0.0
2025-09-09 00:00:00+09:00,2295.3388564391703,2339.9839251056405,2289.515586613109,2314.749755859375,142600,0.0,0.0
2025-09-10 00:00:00+09:00,2314.7496836314517,2333.1900375052455,2306.985324105644,2312.80859375,92200,0.0,0.0
2025-09-11 00:00:00+09:00,2312.8085173269615,2314.7496071442733,2280.780535341318,2294.3681640625,75600,0.0,0.0
2025-09-12 00:00:00+09:00,2303.103178425381,2371.041325281587,2302.132633470292,2339.98388671875,158900,0.0,0.0
2025-09-16 00:00:00+09:00,2345.807101499626,2366.18854507906,2334.160562311378,2351.63037109375,106100,0.0,0.0
2025-09-17 00:00:00+09:00,2339.0133522764404,2339.0133522764404,2309.897003492916,2320.572998046875,143900,0.0,0.0
2025-09-18 00:00:00+09:00,2339.013483526311,2339.013483526311,2311.8382231367937,2327.366943359375,93500,0.0,0.0
2025-09-19 00:00:00+09:00,2314.749800239305,2340.954514958995,2305.0443503431234,2322.51416015625,167500,0.0,0.0
2025-09-22 00:00:00+09:00,2332.2197265625,2344.8368120578443,2320.573186105259,2332.2197265625,67400,0.0,0.0
2025-09-24 00:00:00+09:00,2329.3080029849184,2329.3080029849184,2303.103287951338,2316.69091796875,82200,0.0,0.0
2025-09-25 00:00:00+09:00,2333.1901103085693,2333.1901103085693,2306.014851120283,2314.749755859375,115000,0.0,0.0
2025-09-26 00:00:00+09:00,2317.6614841343685,2368.1298246599076,2317.6614841343685,2363.277099609375,230900,0.0,0.0
2025-09-29 00:00:00+09:00,2357.3614176022315,2360.3192110998502,2339.6146566165185,2348.488037109375,122200,38.0,0.0
2025-09-30 00:00:00+09:00,2346.5161654035014,2357.361408184778,2292.2899514971177,2309.05078125,103300,0.0,0.0
2025-10-01 00:00:00+09:00,2307.0789035063654,2307.0789035063654,2228.204411078797,2245.951171875,134200,0.0,0.0
2025-10-02 00:00:00+09:00,2250.880947722446,2252.852810138322,2214.4014930287403,2234.1201171875,93300,0.0,0.0
2025-10-03 00:00:00+09:00,2225.246739299751,2254.82467557755,2221.303014462711,2249.89501953125,64200,0.0,0.0
2025-10-06 00:00:00+09:00,2315.9522056301857,2315.9522056301857,2273.5571673832305,2302.149169921875,130900,0.0,0.0
2025-10-07 00:00:00+09:00,2303.1351606107773,2323.8397147087335,2294.2617802830814,2296.233642578125,109600,0.0,0.0
2025-10-08 00:00:00+09:00,2311.022669870588,2332.713155679953,2290.318115234375,2290.318115234375,99300,0.0,0.0
2025-10-09 00:00:00+09:00,2282.4306323559254,2287.3602881493507,2262.712009182224,2277.5009765625,83200,0.0,0.0
2025-10-10 00:00:00+09:00,2247.9229725601385,2254.8244904583494,2235.105867892032,2243.979248046875,117300,0.0,0.0
2025-10-14 00:00:00+09:00,2219.331026841222,2241.021512221278,2196.6546103075266,2230.17626953125,135600,0.0,0.0
2025-10-15 00:00:00+09:00,2237.0778543965803,2263.697996339598,2237.0778543965803,2255.810546875,66900,0.0,0.0
2025-10-16 00:00:00+09:00,2257.782381181356,2269.6135552312144,2249.8949318147834,2266.65576171875,80800,0.0,0.0
2025-10-17 00:00:00+09:00,2265.669796921137,2265.669796921137,2247.9230361097443,2253.838623046875,68300,0.0,0.0
2025-10-20 00:00:00+09:00,2267.6417575090363,2284.402587890625,2256.79651432095,2284.402587890625,63000,0.0,0.0
2025-10-21 00:00:00+09:00,2284.402524606666,2289.332180464686,2269.6135570326046,2274.543212890625,59100,0.0,0.0
2025-10-22 00:00:00+09:00,2277.5008579618866,2294.261686786714,2270.599340210487,2289.33203125,80700,0.0,0.0
2025-10-23 00:00:00+09:00,2289.332069672812,2325.811521256746,2276.5149650622407,2317.924072265625,76800,0.0,0.0
2025-10-24 00:00:00+09:00,2325.811544763036,2326.7974758968912,2288.346161676561,2291.303955078125,57900,0.0,0.0
2025-10-27 00:00:00+09:00,2312.0085747358025,2313.980437059671,2298.2055384687233,2309.05078125,72000,0.0,0.0
2025-10-28 00:00:00+09:00,2297.219720613033,2302.149376665851,2263.6980594538727,2265.669921875,79500,0.0,0.0
2025-10-29 00:00:00+09:00,2262.7120869727864,2275.529192476336,2213.41552734375,2213.41552734375,121000,0.0,0.0
2025-10-30 00:00:00+09:00,2199.6125278589916,2249.89501953125,2198.6265966497317,2249.89501953125,376300,0.0,0.0
2025-10-31 00:00:00+09:00,2249.8949282057597,2254.82458405196,2235.1059606671593,2250.880859375,100100,0.0,0.0
2025-11-04 00:00:00+09:00,2245.9511699390832,2259.75420610201,2226.2325468491877,2238.063720703125,80700,0.0,0.0
2025-11-05 00:00:00+09:00,2238.063686845785,2245.9511359624225,2184.823405308485,2225.24658203125,135200,0.0,0.0
2025-11-06 00:00:00+09:00,2225.2466733675474,2240.0356410682625,2218.345155107214,2224.2607421875,94300,0.0,0.0
2025-11-07 00:00:00+09:00,2244.965302156147,2247.923095703125,2227.2185408742803,2247.923095703125,84300,0.0,0.0
2025-11-10 00:00:00+09:00,2267.6417344281463,2343.558435972045,2257.7824225393283,2318.91015625,258700,0.0,0.0
2025-11-11 00:00:00+09:00,2362.2911216998923,2366.2348464439656,2252.8527600518587,2287.3603515625,271600,0.0,0.0
2025-11-12 00:00:00+09:00,2297.2195815878467,2335.6708964727936,2297.2195815878467,2327.783447265625,153700,0.0,0.0
2025-11-13 00:00:00+09:00,2346.51613913265,2356.3754506416108,2317.9241357566643,2327.783447265625,90900,0.0,0.0
2025-11-14 00:00:00+09:00,2321.867982892607,2338.6288133423627,2307.079014848705,2331.727294921875,115300,0.0,0.0
2025-11-17 00:00:00+09:00,2333.6991526307534,2341.586602238293,2305.107147803423,2308.06494140625,94000,0.0,0.0
2025-11-18 00:00:00+09:00,2296.2336000352316,2301.163255681507,2248.9089058309846,2251.86669921875,115000,0.0,0.0
2025-11-19 00:00:00+09:00,2262.711975602518,2291.3039787800667,2255.8104575941447,2264.683837890625,99400,0.0,0.0
2025-11-20 00:00:00+09:00,2276.5151085162984,2299.19152579472,2274.543246144262,2287.3603515625,88900,0.0,0.0
2025-11-21 00:00:00+09:00,2290.318098322871,2348.488037109375,2290.318098322871,2348.488037109375,168100,0.0,0.0
2025-11-25 00:00:00+09:00,2356.3755480875107,2365.248928812526,2337.6428554458107,2350.4599609375,119700,0.0,0.0
2025-11-26 00:00:00+09:00,2359.333373256985,2375.1082725349256,2351.445923618015,2355.3896484375,81500,0.0,0.0
2025-11-27 00:00:00+09:00,2366.2348932259074,2369.19268684244,2349.474062732224,2363.277099609375,97300,0.0,0.0
2025-11-28 00:00:00+09:00,2360.319134138607,2422.432795563307,2360.319134138607,2404.68603515625,107500,0.0,0.0
2025-12-01 00:00:00+09:00,2404.6862055299857,2405.672136733565,2325.811709243639,2339.61474609375,98600,0.0,0.0
2025-12-02 00:00:00+09:00,2339.614679311355,2341.5865416622282,2312.0086063991266,2313.98046875,109000,0.0,0.0
2025-12-03 00:00:00+09:00,2313.9805317273017,2328.7694997613494,2305.1071509068734,2323.83984375,129500,0.0,0.0
2025-12-04 00:00:00+09:00,2328.769469801046,2359.333336678198,2314.9664331468484,2326.797607421875,127100,0.0,0.0
2025-12-05 00:00:00+09:00,2310.036674608362,2312.9944680457606,2271.585359922179,2280.458740234375,124000,0.0,0.0
2025-12-08 00:00:00+09:00,2292.289865193806,2325.8115234375,2289.3320718193618,2325.8115234375,122700,0.0,0.0
2025-12-09 00:00:00+09:00,2324.8256178635816,2330.741204677484,2306.0929262862246,2307.078857421875,65900,0.0,0.0
2025-12-10 00:00:00+09:00,2307.0789769752737,2316.9382888426894,2288.346284427184,2295.247802734375,85100,0.0,0.0
2025-12-11 00:00:00+09:00,2319.896111051636,2323.8398358473037,2272.5714135036214,2284.402587890625,92100,0.0,0.0
2025-12-12 00:00:00+09:00,2319.8960696093427,2377.080078125,2304.1211707084717,2377.080078125,139300,0.0,0.0
2025-12-15 00:00:00+09:00,2377.079990845732,2409.615718634164,2367.220679394692,2393.8408203125,112300,0.0,0.0
2025-12-16 00:00:00+09:00,2385.9533931159895,2385.9533931159895,2355.389527336404,2359.333251953125,92300,0.0,0.0
2025-12-17 00:00:00+09:00,2359.3332181016935,2364.2628738018643,2341.5864575810792,2346.51611328125,63200,0.0,0.0
2025-12-18 00:00:00+09:00,2359.3332201575913,2360.3191512984845,2326.7974925081135,2354.403564453125,116900,0.0,0.0
2025-12-19 00:00:00+09:00,2354.403718759778,2378.066067692037,2344.5444067046697,2363.277099609375,112800,0.0,0.0
2025-12-22 00:00:00+09:00,2377.0799888421684,2385.953369140625,2358.3472971009815,2385.953369140625,127200,0.0,0.0
2025-12-23 00:00:00+09:00,2385.9534621896887,2395.812774016919,2379.051943910628,2392.85498046875,94800,0.0,0.0
2025-12-24 00:00:00+09:00,2381.0237431555774,2392.8549170346114,2377.080018529233,2382.99560546875,56300,0.0,0.0
2025-12-25 00:00:00+09:00,2395.812712427513,2407.643886316044,2382.009676224227,2390.883056640625,101700,0.0,0.0
2025-12-26 00:00:00+09:00,2405.6719940537478,2417.503167794996,2382.0096465712522,2393.8408203125,98000,0.0,0.0
2025-12-29 00:00:00+09:00,2389.897029791234,2394.8266853807377,2369.19247631532,2376.093994140625,86100,0.0,0.0
2025-12-30 00:00:00+09:00,2374.1223128255206,2380.037899983724,2364.2630008951824,2366.23486328125,72500,0.0,0.0
2026-01-05 00:00:00+09:00,2367.2207928405555,2383.9816231105638,2350.4599625705478,2358.347412109375,107800,0.0,0.0
2026-01-06 00:00:00+09:00,2382.995587563785,2445.1092499620136,2369.1925514752897,2433.278076171875,115400,0.0,0.0
2026-01-07 00:00:00+09:00,2408.629761789787,2423.418728808554,2403.7001061168653,2412.573486328125,98200,0.0,0.0
2026-01-08 00:00:00+09:00,2411.5876797446876,2431.306303454783,2411.5876797446876,2424.40478515625,62800,0.0,0.0
2026-01-09 00:00:00+09:00,2429.334264964789,2458.912198385626,2429.334264964789,2450.038818359375,97400,0.0,0.0
2026-01-13 00:00:00+09:00,2499.3355353002053,2499.3355353002053,2457.92642583961,2474.687255859375,92300,0.0,0.0
2026-01-14 00:00:00+09:00,2490.4622165169685,2514.124565367486,2476.6591796875,2476.6591796875,76700,0.0,0.0
2026-01-15 00:00:00+09:00,2486.5183759073575,2508.208861343504,2473.701270876907,2504.26513671875,66400,0.0,0.0
2026-01-16 00:00:00+09:00,2504.2651981860986,2510.180785268428,2494.4058863822165,2506.237060546875,74200,0.0,0.0
2026-01-19 00:00:00+09:00,2513.1386373012883,2516.0964309112937,2477.645113981223,2492.43408203125,179700,0.0,0.0
2026-01-20 00:00:00+09:00,2472.715450176472,2478.631037377851,2435.2500645677374,2452.996826171875,75500,0.0,0.0
2026-01-21 00:00:00+09:00,2430.3202233896586,2446.0951213913763,2407.643807512189,2439.193603515625,92300,0.0,0.0
2026-01-22 00:00:00+09:00,2445.109230324074,2486.5183382569817,2439.1936434765157,2475.673095703125,84800,0.0,0.0
2026-01-23 00:00:00+09:00,2478.6309506970006,2496.3777116805113,2469.7575702052454,2477.64501953125,80300,0.0,0.0
2026-01-26 00:00:00+09:00,2430.320250944447,2439.1936311710188,2408.6297659461593,2428.348388671875,107200,0.0,0.0
2026-01-27 00:00:00+09:00,2410.6015625,2429.334253578732,2397.7844580777096,2410.6015625,81300,0.0,0.0
2026-01-28 00:00:00+09:00,2395.812740499754,2395.812740499754,2368.2066677697158,2380.037841796875,94200,0.0,0.0
2026-01-29 00:00:00+09:00,2370.1783847487945,2402.714111328125,2341.5863826033224,2402.714111328125,162800,0.0,0.0
2026-01-30 00:00:00+09:00,2402.714174982281,2435.249902423567,2395.8126570401896,2412.573486328125,102700,0.0,0.0
2026-02-02 00:00:00+09:00,2440.179644961873,2443.1374384709175,2387.92529296875,2387.92529296875,73900,0.0,0.0
2026-02-03 00:00:00+09:00,2402.7141454081634,2415.53125,2393.8407653061226,2415.53125,83900,0.0,0.0
2026-02-04 00:00:00+09:00,2408.6298269523327,2447.0811422413794,2402.714239984787,2430.3203125,93300,0.0,0.0
2026-02-05 00:00:00+09:00,2473.7012816736938,2476.659075155169,2316.9382271555123,2422.432861328125,280200,0.0,0.0
2026-02-06 00:00:00+09:00,2346.516051681429,2383.9814340191997,2312.0084626861135,2344.544189453125,412800,0.0,0.0
2026-02-09 00:00:00+09:00,2393.840749742194,2393.840749742194,2359.333160680836,2360.319091796875,237500,0.0,0.0
2026-02-10 00:00:00+09:00,2380.0377402186873,2454.968505859375,2373.136222330729,2454.968505859375,247800,0.0,0.0
2026-02-12 00:00:00+09:00,2444.123448478528,2481.5888341349155,2440.1797236725924,2468.771728515625,140600,0.0,0.0
2026-02-13 00:00:00+09:00,2452.9967895358886,2464.8279637619457,2406.6580238171637,2424.40478515625,135300,0.0,0.0
2026-02-16 00:00:00+09:00,2417.5033014112905,2445.109375,2408.6299206149192,2445.109375,214900,0.0,0.0
2026-02-17 00:00:00+09:00,2450.0390341343023,2481.588832561786,2439.193790924855,2460.88427734375,129100,0.0,0.0
2026-02-18 00:00:00+09:00,2484.546545002456,2528.9134475917854,2483.560613833804,2509.19482421875,135700,0.0,0.0
2026-02-19 00:00:00+09:00,2508.2089593057176,2534.8291015625,2475.6732298807615,2534.8291015625,83700,0.0,0.0
2026-02-20 00:00:00+09:00,2514.124481882528,2520.040068898722,2486.5184091402884,2517.082275390625,83400,0.0,0.0
2026-02-24 00:00:00+09:00,2514.1243948732367,2540.7445355248356,2503.279152385548,2533.843017578125,178700,0.0,0.0
2026-02-25 00:00:00+09:00,2550.6038602364843,2740.8885703353017,2547.646066815259,2702.437255859375,607500,0.0,0.0
2026-02-26 00:00:00+09:00,2801.0305042150085,2817.7913344056647,2690.6062111942124,2737.930908203125,898900,0.0,0.0
2026-02-27 00:00:00+09:00,2752.719707616843,2802.0162639853397,2721.1699115410056,2795.11474609375,326900,0.0,0.0
2026-03-02 00:00:00+09:00,2745.818234267236,2752.7197522707806,2726.099611399967,2733.987060546875,257700,0.0,0.0
2026-03-03 00:00:00+09:00,2731.029252665509,2744.8322885995585,2673.845246653018,2678.77490234375,252100,0.0,0.0
2026-03-04 00:00:00+09:00,2684.690427439428,2702.4371875179845,2612.717456009726,2676.802978515625,366400,0.0,0.0
2026-03-05 00:00:00+09:00,2695.535743953436,2733.987058516049,2695.535743953436,2726.099609375,182900,0.0,0.0
2026-03-06 00:00:00+09:00,2703.423252239829,2732.015256001665,2687.648353612609,2720.18408203125,113200,0.0,0.0
2026-03-09 00:00:00+09:00,2639.3377468013623,2680.7468560152797,2625.534710396723,2677.7890625,236900,0.0,0.0
2026-03-10 00:00:00+09:00,2700.4654213706217,2723.1418378333906,2682.7186606606283,2691.592041015625,218700,0.0,0.0
2026-03-11 00:00:00+09:00,2695.535729606462,2701.451316430763,2669.9015200344916,2670.887451171875,296400,0.0,0.0
2026-03-12 00:00:00+09:00,2648.2110245820063,2653.140680249508,2617.6471594434947,2631.4501953125,293800,0.0,0.0
2026-03-13 00:00:00+09:00,2641.309483378153,2673.8452104970324,2631.4501721300076,2658.0703125,213400,0.0,0.0
2026-03-16 00:00:00+09:00,2658.0703422356573,2680.7467583600715,2649.1969620130603,2655.112548828125,198100,0.0,0.0
2026-03-17 00:00:00+09:00,2657.084504304109,2676.803127712674,2647.225192599826,2662.01416015625,119100,0.0,0.0
2026-03-18 00:00:00+09:00,2671.8733547435086,2688.634183906106,2664.971836853027,2681.732666015625,101700,0.0,0.0
2026-03-19 00:00:00+09:00,2687.648402480938,2688.634333663066,2662.01419174561,2666.94384765625,146900,0.0,0.0
2026-03-23 00:00:00+09:00,2653.1407061652417,2653.1407061652417,2610.7456670106135,2612.717529296875,279600,0.0,0.0
2026-03-24 00:00:00+09:00,2642.29543566211,2649.196953591078,2604.8300526191397,2623.562744140625,205600,0.0,0.0
2026-03-25 00:00:00+09:00,2646.2391962766824,2662.0140946151428,2643.2814028382213,2644.267333984375,185600,0.0,0.0
2026-03-26 00:00:00+09:00,2647.2251553323017,2648.21108648885,2621.590945262045,2633.422119140625,163800,0.0,0.0
2026-03-27 00:00:00+09:00,2650.182895223991,2670.8874490929284,2641.3095149944465,2663.0,238800,0.0,0.0
2026-03-30 00:00:00+09:00,2633.0,2660.0,2617.0,2647.0,262900,38.0,0.0
2026-03-31 00:00:00+09:00,2640.0,2663.0,2626.0,2633.0,166200,0.0,0.0
2026-04-01 00:00:00+09:00,2663.0,2695.0,2651.0,2695.0,218700,0.0,0.0
2026-04-02 00:00:00+09:00,2698.0,2721.0,2670.0,2686.0,147000,0.0,0.0
2026-04-03 00:00:00+09:00,2681.0,2685.0,2669.0,2685.0,162900,0.0,0.0
2026-04-06 00:00:00+09:00,2710.0,2720.0,2690.0,2691.0,156600,0.0,0.0
2026-04-07 00:00:00+09:00,2720.0,2720.0,2690.0,2701.0,246700,0.0,0.0
2026-04-08 00:00:00+09:00,2749.0,2757.0,2726.0,2743.0,274200,0.0,0.0
2026-04-09 00:00:00+09:00,2742.0,2815.0,2737.0,2777.0,445600,0.0,0.0
2026-04-10 00:00:00+09:00,2786.0,2812.0,2766.0,2812.0,124800,0.0,0.0
2026-04-13 00:00:00+09:00,2812.0,2885.0,2810.0,2855.0,326700,0.0,0.0
2026-04-14 00:00:00+09:00,2841.0,2858.0,2814.0,2818.0,222100,0.0,0.0
2026-04-15 00:00:00+09:00,2840.0,2865.0,2815.0,2825.0,208000,0.0,0.0
2026-04-16 00:00:00+09:00,2825.0,2838.0,2790.0,2801.0,212200,0.0,0.0
2026-04-17 00:00:00+09:00,2791.0,2804.0,2785.0,2785.0,164300,0.0,0.0
2026-04-20 00:00:00+09:00,2799.0,2802.0,2729.0,2769.0,190900,0.0,0.0
2026-04-21 00:00:00+09:00,2769.0,2773.0,2736.0,2739.0,181800,0.0,0.0
2026-04-22 00:00:00+09:00,2744.0,2750.0,2710.0,2711.0,161300,0.0,0.0
2026-04-23 00:00:00+09:00,2702.0,2737.0,2660.0,2687.0,246800,0.0,0.0
2026-04-24 00:00:00+09:00,2683.0,2697.0,2626.0,2643.0,186200,0.0,0.0
2026-04-27 00:00:00+09:00,2631.0,2685.0,2612.0,2649.0,132500,0.0,0.0
2026-04-28 00:00:00+09:00,2679.0,2702.0,2620.0,2693.0,266600,0.0,0.0
2026-04-30 00:00:00+09:00,2701.0,2729.0,2675.0,2685.0,194200,0.0,0.0
2026-05-01 00:00:00+09:00,2685.0,2695.0,2634.0,2648.0,130300,0.0,0.0
2026-05-07 00:00:00+09:00,2650.0,2680.0,2621.0,2626.0,183700,0.0,0.0
2026-05-08 00:00:00+09:00,2624.0,2625.0,2560.0,2605.0,170900,0.0,0.0
2026-05-11 00:00:00+09:00,2580.0,2601.0,2539.0,2539.0,253500,0.0,0.0
2026-05-12 00:00:00+09:00,2535.0,2549.0,2407.0,2443.0,411900,0.0,0.0
2026-05-13 00:00:00+09:00,2445.0,2464.0,2413.0,2443.0,209700,0.0,0.0
2026-05-14 00:00:00+09:00,2443.0,2468.0,2413.0,2445.0,180000,0.0,0.0
2026-05-15 00:00:00+09:00,2445.0,2473.0,2443.0,2467.0,175700,0.0,0.0
2026-05-18 00:00:00+09:00,2470.0,2470.0,2390.0,2402.0,197200,0.0,0.0
2026-05-19 00:00:00+09:00,2412.0,2461.0,2412.0,2435.0,129000,0.0,0.0
2026-05-20 00:00:00+09:00,2422.0,2422.0,2330.0,2343.0,185300,0.0,0.0
2026-05-21 00:00:00+09:00,2390.0,2420.0,2372.0,2404.0,141600,0.0,0.0
2026-05-22 00:00:00+09:00,2385.0,2388.0,2320.0,2339.0,206100,0.0,0.0
2026-05-25 00:00:00+09:00,2348.0,2380.0,2339.0,2359.0,105300,0.0,0.0
2026-05-26 00:00:00+09:00,2336.0,2378.0,2332.0,2360.0,105800,0.0,0.0
2026-05-27 00:00:00+09:00,2351.0,2371.0,2320.0,2342.0,129200,0.0,0.0
2026-05-28 00:00:00+09:00,2340.0,2360.0,2321.0,2360.0,145800,0.0,0.0
2026-05-29 00:00:00+09:00,2363.0,2425.0,2360.0,2373.0,244800,0.0,0.0
2026-06-01 00:00:00+09:00,2363.0,2363.0,2261.0,2266.0,231900,0.0,0.0
2026-06-02 00:00:00+09:00,2230.0,2266.0,2195.0,2266.0,164100,0.0,0.0
2026-06-03 00:00:00+09:00,2277.0,2287.0,2251.0,2274.0,129800,0.0,0.0
2026-06-04 00:00:00+09:00,2268.0,2305.0,2245.0,2276.0,192200,0.0,0.0
2026-06-05 00:00:00+09:00,2297.0,2341.0,2297.0,2324.0,163200,0.0,0.0
2026-06-08 00:00:00+09:00,2307.0,2331.0,2288.0,2321.0,112100,0.0,0.0
2026-06-09 00:00:00+09:00,2339.0,2376.0,2326.0,2355.0,144000,0.0,0.0
2026-06-10 00:00:00+09:00,2375.0,2410.0,2375.0,2401.0,125100,0.0,0.0
2026-06-11 00:00:00+09:00,2381.0,2392.0,2326.0,2360.0,150900,0.0,0.0
2026-06-12 00:00:00+09:00,2350.0,2384.0,2349.0,2380.0,134300,0.0,0.0
2026-06-15 00:00:00+09:00,2405.0,2416.0,2383.0,2385.0,133000,0.0,0.0
2026-06-16 00:00:00+09:00,2380.0,2393.0,2352.0,2361.0,139700,0.0,0.0
2026-06-17 00:00:00+09:00,2388.0,2395.0,2353.0,2359.0,100500,0.0,0.0
2026-06-18 00:00:00+09:00,2350.0,2366.0,2325.0,2346.0,144400,0.0,0.0
2026-06-19 00:00:00+09:00,2350.0,2380.0,2330.0,2380.0,297000,0.0,0.0
2026-06-22 00:00:00+09:00,2350.0,2363.0,2329.0,2339.0,93600,0.0,0.0
2026-06-23 00:00:00+09:00,2336.0,2351.0,2327.0,2339.0,103900,0.0,0.0
2026-06-24 00:00:00+09:00,2339.0,2357.0,2333.0,2339.0,98000,0.0,0.0
2026-06-25 00:00:00+09:00,2352.0,2382.0,2339.0,2365.0,97700,0.0,0.0
2026-06-26 00:00:00+09:00,2373.0,2394.0,2364.0,2388.0,111600,0.0,0.0
2026-06-29 00:00:00+09:00,2410.0,2456.0,2410.0,2451.0,118300,0.0,0.0
2026-06-30 00:00:00+09:00,2452.0,2461.0,2429.0,2429.0,99700,0.0,0.0
2026-07-01 00:00:00+09:00,2412.0,2426.0,2385.0,2387.0,91500,0.0,0.0
2026-07-02 00:00:00+09:00,2429.0,2439.0,2412.0,2426.0,95800,0.0,0.0
2026-07-03 00:00:00+09:00,2435.0,2475.0,2431.0,2453.0,116800,0.0,0.0
2026-07-06 00:00:00+09:00,2482.0,2512.0,2475.0,2500.0,148600,0.0,0.0
2026-07-07 00:00:00+09:00,2522.0,2529.0,2500.0,2526.0,161800,0.0,0.0
2026-07-08 00:00:00+09:00,2535.0,2559.0,2521.0,2537.0,99500,0.0,0.0
2026-07-09 00:00:00+09:00,2515.0,2534.0,2498.0,2504.0,110600,0.0,0.0
2026-07-10 00:00:00+09:00,2508.0,2514.0,2479.0,2499.0,92400,0.0,0.0
