Date,Open,High,Low,Close,Volume,Dividends,Stock Splits
2024-03-05 00:00:00+09:00,4065.0,4830.0,2015.0,2020.0,76088727,0.0,0.0
2024-03-06 00:00:00+09:00,2060.0,2070.0,2020.0,2040.0,1341622,0.0,0.0
2024-03-07 00:00:00+09:00,2045.0,2055.0,2030.0,2050.0,590238,0.0,0.0
2024-03-08 00:00:00+09:00,2055.0,2075.0,2050.0,2065.0,175173,0.0,0.0
2024-03-11 00:00:00+09:00,2055.0,2070.0,2050.0,2060.0,133108,0.0,0.0
2024-03-12 00:00:00+09:00,2060.0,2070.0,2045.0,2055.0,152879,0.0,0.0
2024-03-13 00:00:00+09:00,2050.0,2065.0,2045.0,2055.0,66665,0.0,0.0
2024-03-14 00:00:00+09:00,2055.0,2065.0,2045.0,2050.0,76796,0.0,0.0
2024-03-15 00:00:00+09:00,2050.0,2090.0,2045.0,2075.0,92743,0.0,0.0
2024-03-18 00:00:00+09:00,2075.0,2085.0,2070.0,2070.0,40732,0.0,0.0
2024-03-19 00:00:00+09:00,2070.0,2075.0,2055.0,2060.0,72142,0.0,0.0
2024-03-20 00:00:00+09:00,2060.0,2075.0,2055.0,2065.0,95753,0.0,0.0
2024-03-21 00:00:00+09:00,2060.0,2070.0,2055.0,2070.0,84826,0.0,0.0
2024-03-22 00:00:00+09:00,2070.0,2070.0,2055.0,2070.0,46294,0.0,0.0
2024-03-25 00:00:00+09:00,2065.0,2080.0,2065.0,2080.0,45402,0.0,0.0
2024-03-26 00:00:00+09:00,2070.0,2085.0,2070.0,2085.0,25845,0.0,0.0
2024-03-27 00:00:00+09:00,2085.0,2100.0,2060.0,2085.0,129106,0.0,0.0
2024-03-28 00:00:00+09:00,2080.0,2125.0,2075.0,2090.0,64996,0.0,0.0
2024-03-29 00:00:00+09:00,2085.0,2100.0,2075.0,2075.0,45038,0.0,0.0
2024-04-01 00:00:00+09:00,2075.0,2080.0,2070.0,2080.0,14414,0.0,0.0
2024-04-02 00:00:00+09:00,2075.0,2085.0,2060.0,2070.0,25230,0.0,0.0
2024-04-03 00:00:00+09:00,2070.0,2075.0,2060.0,2070.0,20543,0.0,0.0
2024-04-04 00:00:00+09:00,2070.0,2075.0,2065.0,2070.0,21967,0.0,0.0
2024-04-05 00:00:00+09:00,2065.0,2080.0,2060.0,2070.0,26258,0.0,0.0
2024-04-08 00:00:00+09:00,2065.0,2075.0,2065.0,2070.0,26211,0.0,0.0
2024-04-09 00:00:00+09:00,2070.0,2080.0,2065.0,2075.0,20541,0.0,0.0
2024-04-11 00:00:00+09:00,2075.0,2085.0,2070.0,2080.0,16906,0.0,0.0
2024-04-12 00:00:00+09:00,2075.0,2085.0,2075.0,2080.0,6296,0.0,0.0
2024-04-15 00:00:00+09:00,2080.0,2095.0,2075.0,2090.0,21039,0.0,0.0
2024-04-16 00:00:00+09:00,2090.0,2110.0,2075.0,2080.0,57614,0.0,0.0
2024-04-17 00:00:00+09:00,2080.0,2090.0,2075.0,2090.0,9410,0.0,0.0
2024-04-18 00:00:00+09:00,2080.0,2095.0,2080.0,2090.0,13305,0.0,0.0
2024-04-19 00:00:00+09:00,2090.0,2100.0,2080.0,2090.0,6718,0.0,0.0
2024-04-22 00:00:00+09:00,2090.0,2090.0,2075.0,2085.0,15067,0.0,0.0
2024-04-23 00:00:00+09:00,2080.0,2085.0,2075.0,2085.0,11551,0.0,0.0
2024-04-24 00:00:00+09:00,2080.0,2085.0,2075.0,2080.0,14583,0.0,0.0
2024-04-25 00:00:00+09:00,2085.0,2090.0,2075.0,2075.0,22286,0.0,0.0
2024-04-26 00:00:00+09:00,2080.0,2090.0,2080.0,2080.0,22481,0.0,0.0
2024-04-29 00:00:00+09:00,2080.0,2105.0,2080.0,2095.0,32117,0.0,0.0
2024-04-30 00:00:00+09:00,2100.0,2100.0,2095.0,2095.0,6818,0.0,0.0
2024-05-02 00:00:00+09:00,2095.0,2105.0,2085.0,2105.0,32667,0.0,0.0
2024-05-03 00:00:00+09:00,2105.0,2105.0,2085.0,2090.0,5288,0.0,0.0
2024-05-07 00:00:00+09:00,2090.0,2105.0,2080.0,2100.0,41031,0.0,0.0
2024-05-08 00:00:00+09:00,2090.0,2105.0,2090.0,2105.0,16066,0.0,0.0
2024-05-09 00:00:00+09:00,2110.0,2110.0,2090.0,2095.0,16592,0.0,0.0
2024-05-10 00:00:00+09:00,2090.0,2110.0,2090.0,2100.0,3564,0.0,0.0
2024-05-13 00:00:00+09:00,2100.0,2115.0,2090.0,2105.0,8952,0.0,0.0
2024-05-14 00:00:00+09:00,2105.0,2105.0,2095.0,2100.0,1611,0.0,0.0
2024-05-16 00:00:00+09:00,2100.0,2105.0,2090.0,2090.0,14174,0.0,0.0
2024-05-17 00:00:00+09:00,2095.0,2105.0,2085.0,2090.0,19989,0.0,0.0
2024-05-20 00:00:00+09:00,2090.0,2100.0,2085.0,2100.0,15113,0.0,0.0
2024-05-21 00:00:00+09:00,2100.0,2100.0,2085.0,2085.0,14781,0.0,0.0
2024-05-22 00:00:00+09:00,2090.0,2090.0,2080.0,2090.0,16744,0.0,0.0
2024-05-23 00:00:00+09:00,2095.0,2095.0,2080.0,2095.0,9410,0.0,0.0
2024-05-24 00:00:00+09:00,2080.0,2085.0,2075.0,2085.0,10377,0.0,0.0
2024-05-27 00:00:00+09:00,2085.0,2085.0,2060.0,2070.0,33102,0.0,0.0
2024-05-28 00:00:00+09:00,2070.0,2080.0,2065.0,2080.0,12754,0.0,0.0
2024-05-29 00:00:00+09:00,2070.0,2080.0,2065.0,2080.0,8421,0.0,0.0
2024-05-30 00:00:00+09:00,2080.0,2080.0,2065.0,2075.0,2892,0.0,0.0
2024-05-31 00:00:00+09:00,2065.0,2095.0,2065.0,2085.0,20095,0.0,0.0
2024-06-03 00:00:00+09:00,2085.0,2085.0,2070.0,2075.0,6580,0.0,0.0
2024-06-04 00:00:00+09:00,2070.0,2080.0,2070.0,2080.0,2789,0.0,0.0
2024-06-05 00:00:00+09:00,2080.0,2080.0,2070.0,2080.0,4389,0.0,0.0
2024-06-07 00:00:00+09:00,2080.0,2090.0,2080.0,2080.0,4086,0.0,0.0
2024-06-10 00:00:00+09:00,2090.0,2090.0,2075.0,2085.0,2259,0.0,0.0
2024-06-11 00:00:00+09:00,2080.0,2085.0,2075.0,2080.0,2016,0.0,0.0
2024-06-12 00:00:00+09:00,2075.0,2105.0,2075.0,2100.0,15724,0.0,0.0
2024-06-13 00:00:00+09:00,2100.0,2115.0,2090.0,2095.0,7078,0.0,0.0
2024-06-14 00:00:00+09:00,2085.0,2090.0,2070.0,2085.0,17623,0.0,0.0
2024-06-17 00:00:00+09:00,2075.0,2105.0,2075.0,2085.0,11315,0.0,0.0
2024-06-18 00:00:00+09:00,2085.0,2095.0,2080.0,2095.0,2528,0.0,0.0
2024-06-19 00:00:00+09:00,2115.0,2115.0,2080.0,2095.0,15208,0.0,0.0
2024-06-20 00:00:00+09:00,2085.0,2095.0,2080.0,2095.0,4180,0.0,0.0
2024-06-21 00:00:00+09:00,2095.0,2105.0,2090.0,2105.0,41193,0.0,0.0
2024-06-24 00:00:00+09:00,2100.0,2105.0,2080.0,2080.0,12241,0.0,0.0
2024-06-25 00:00:00+09:00,2085.0,2095.0,2080.0,2080.0,6098,0.0,0.0
2024-06-26 00:00:00+09:00,2085.0,2090.0,2080.0,2080.0,7568,0.0,0.0
2024-06-27 00:00:00+09:00,2080.0,2100.0,2070.0,2080.0,32106,0.0,0.0
2024-06-28 00:00:00+09:00,2080.0,2100.0,2080.0,2095.0,11029,0.0,0.0
2024-07-01 00:00:00+09:00,2095.0,2095.0,2085.0,2090.0,4838,0.0,0.0
2024-07-02 00:00:00+09:00,2080.0,2100.0,2080.0,2095.0,13366,0.0,0.0
2024-07-03 00:00:00+09:00,2080.0,2100.0,2080.0,2100.0,1758,0.0,0.0
2024-07-04 00:00:00+09:00,2085.0,2105.0,2080.0,2090.0,4353,0.0,0.0
2024-07-05 00:00:00+09:00,2090.0,2100.0,2090.0,2095.0,6105,0.0,0.0
2024-07-08 00:00:00+09:00,2085.0,2105.0,2085.0,2105.0,10421,0.0,0.0
2024-07-09 00:00:00+09:00,2105.0,2115.0,2100.0,2110.0,8639,0.0,0.0
2024-07-10 00:00:00+09:00,2100.0,2105.0,2095.0,2095.0,37187,0.0,0.0
2024-07-11 00:00:00+09:00,2095.0,2115.0,2090.0,2105.0,1702,0.0,0.0
2024-07-12 00:00:00+09:00,2100.0,2115.0,2095.0,2110.0,7698,0.0,0.0
2024-07-15 00:00:00+09:00,2100.0,2125.0,2100.0,2125.0,15596,0.0,0.0
2024-07-16 00:00:00+09:00,2125.0,2135.0,2105.0,2130.0,9274,0.0,0.0
2024-07-17 00:00:00+09:00,2130.0,2145.0,2110.0,2140.0,6499,0.0,0.0
2024-07-18 00:00:00+09:00,2135.0,2135.0,2115.0,2130.0,6185,0.0,0.0
2024-07-19 00:00:00+09:00,2130.0,2140.0,2120.0,2125.0,4624,0.0,0.0
2024-07-22 00:00:00+09:00,2125.0,2135.0,2120.0,2130.0,10750,0.0,0.0
2024-07-23 00:00:00+09:00,2125.0,2135.0,2110.0,2130.0,8645,0.0,0.0
2024-07-24 00:00:00+09:00,2110.0,2135.0,2110.0,2120.0,16591,0.0,0.0
2024-07-25 00:00:00+09:00,2110.0,2130.0,2110.0,2110.0,13753,0.0,0.0
2024-07-26 00:00:00+09:00,2110.0,2130.0,2105.0,2115.0,9431,0.0,0.0
2024-07-29 00:00:00+09:00,2125.0,2135.0,2120.0,2120.0,12386,0.0,0.0
2024-07-30 00:00:00+09:00,2110.0,2145.0,2110.0,2145.0,26683,0.0,0.0
2024-07-31 00:00:00+09:00,2120.0,2140.0,2120.0,2140.0,1612,0.0,0.0
2024-08-01 00:00:00+09:00,2125.0,2140.0,2125.0,2140.0,5704,0.0,0.0
2024-08-02 00:00:00+09:00,2120.0,2145.0,2105.0,2130.0,6623,0.0,0.0
2024-08-05 00:00:00+09:00,2110.0,2120.0,2065.0,2120.0,29104,0.0,0.0
2024-08-06 00:00:00+09:00,2105.0,2130.0,2105.0,2125.0,29090,0.0,0.0
2024-08-07 00:00:00+09:00,2125.0,2135.0,2115.0,2115.0,12160,0.0,0.0
2024-08-08 00:00:00+09:00,2115.0,2135.0,2115.0,2125.0,7465,0.0,0.0
2024-08-09 00:00:00+09:00,2110.0,2125.0,2110.0,2115.0,4541,0.0,0.0
2024-08-12 00:00:00+09:00,2115.0,2120.0,2105.0,2120.0,6505,0.0,0.0
2024-08-13 00:00:00+09:00,2125.0,2125.0,2110.0,2125.0,13688,0.0,0.0
2024-08-14 00:00:00+09:00,2100.0,2135.0,2100.0,2130.0,3422,0.0,0.0
2024-08-16 00:00:00+09:00,2105.0,2135.0,2105.0,2125.0,4558,0.0,0.0
2024-08-19 00:00:00+09:00,2130.0,2130.0,2095.0,2105.0,12726,0.0,0.0
2024-08-20 00:00:00+09:00,2100.0,2115.0,2095.0,2100.0,11984,0.0,0.0
2024-08-21 00:00:00+09:00,2100.0,2100.0,2095.0,2100.0,894,0.0,0.0
2024-08-22 00:00:00+09:00,2100.0,2105.0,2070.0,2085.0,8342,0.0,0.0
2024-08-23 00:00:00+09:00,2095.0,2095.0,2070.0,2075.0,4336,0.0,0.0
2024-08-26 00:00:00+09:00,2075.0,2075.0,2035.0,2050.0,50386,0.0,0.0
2024-08-27 00:00:00+09:00,2050.0,2065.0,2035.0,2050.0,52929,0.0,0.0
2024-08-28 00:00:00+09:00,2050.0,2075.0,2050.0,2075.0,63497,0.0,0.0
2024-08-29 00:00:00+09:00,2070.0,2070.0,2055.0,2065.0,354,0.0,0.0
2024-08-30 00:00:00+09:00,2055.0,2060.0,2050.0,2060.0,50267,0.0,0.0
2024-09-02 00:00:00+09:00,2060.0,2065.0,2055.0,2065.0,4591,0.0,0.0
2024-09-03 00:00:00+09:00,2065.0,2065.0,2050.0,2065.0,9851,0.0,0.0
2024-09-04 00:00:00+09:00,2060.0,2065.0,2055.0,2060.0,7680,0.0,0.0
2024-09-05 00:00:00+09:00,2060.0,2080.0,2060.0,2070.0,10350,0.0,0.0
2024-09-06 00:00:00+09:00,2055.0,2070.0,2050.0,2070.0,5113,0.0,0.0
2024-09-09 00:00:00+09:00,2060.0,2075.0,2050.0,2075.0,4656,0.0,0.0
2024-09-10 00:00:00+09:00,2075.0,2080.0,2055.0,2080.0,6281,0.0,0.0
2024-09-11 00:00:00+09:00,2075.0,2085.0,2075.0,2085.0,38738,0.0,0.0
2024-09-12 00:00:00+09:00,2080.0,2090.0,2065.0,2085.0,177758,0.0,0.0
2024-09-13 00:00:00+09:00,2060.0,2085.0,2060.0,2080.0,4908,0.0,0.0
2024-09-19 00:00:00+09:00,2065.0,2090.0,2050.0,2070.0,6653,0.0,0.0
2024-09-20 00:00:00+09:00,2060.0,2080.0,2060.0,2075.0,2624,0.0,0.0
2024-09-23 00:00:00+09:00,2055.0,2080.0,2055.0,2060.0,2645,0.0,0.0
2024-09-24 00:00:00+09:00,2060.0,2060.0,2045.0,2045.0,6046,0.0,0.0
2024-09-25 00:00:00+09:00,2050.0,2075.0,2045.0,2070.0,8322,0.0,0.0
2024-09-26 00:00:00+09:00,2070.0,2085.0,2070.0,2080.0,31874,0.0,0.0
2024-09-27 00:00:00+09:00,2075.0,2085.0,2065.0,2070.0,1566,0.0,0.0
2024-09-30 00:00:00+09:00,2065.0,2085.0,2065.0,2085.0,162,0.0,0.0
2024-10-02 00:00:00+09:00,2080.0,2080.0,2060.0,2075.0,1088,0.0,0.0
2024-10-04 00:00:00+09:00,2075.0,2095.0,2070.0,2075.0,3186,0.0,0.0
2024-10-07 00:00:00+09:00,2080.0,2085.0,2080.0,2085.0,2075,0.0,0.0
2024-10-08 00:00:00+09:00,2085.0,2090.0,2085.0,2090.0,1746,0.0,0.0
2024-10-10 00:00:00+09:00,2090.0,2090.0,2075.0,2090.0,2016,0.0,0.0
2024-10-11 00:00:00+09:00,2090.0,2090.0,2080.0,2080.0,40281,0.0,0.0
2024-10-14 00:00:00+09:00,2080.0,2095.0,2075.0,2085.0,3768,0.0,0.0
2024-10-15 00:00:00+09:00,2085.0,2095.0,2075.0,2085.0,1822,0.0,0.0
2024-10-16 00:00:00+09:00,2090.0,2105.0,2090.0,2105.0,50668,0.0,0.0
2024-10-17 00:00:00+09:00,2105.0,2105.0,2085.0,2085.0,639,0.0,0.0
2024-10-18 00:00:00+09:00,2095.0,2100.0,2080.0,2085.0,30137,0.0,0.0
2024-10-21 00:00:00+09:00,2085.0,2085.0,2075.0,2085.0,1368,0.0,0.0
2024-10-22 00:00:00+09:00,2085.0,2085.0,2070.0,2070.0,2703,0.0,0.0
2024-10-23 00:00:00+09:00,2070.0,2085.0,2070.0,2080.0,380,0.0,0.0
2024-10-24 00:00:00+09:00,2080.0,2080.0,2070.0,2080.0,2823,0.0,0.0
2024-10-25 00:00:00+09:00,2070.0,2085.0,2070.0,2070.0,2841,0.0,0.0
2024-10-28 00:00:00+09:00,2070.0,2075.0,2060.0,2060.0,5634,0.0,0.0
2024-10-29 00:00:00+09:00,2060.0,2075.0,2060.0,2075.0,6690,0.0,0.0
2024-10-30 00:00:00+09:00,2060.0,2080.0,2060.0,2060.0,4446,0.0,0.0
2024-10-31 00:00:00+09:00,2060.0,2080.0,2050.0,2070.0,12512,0.0,0.0
2024-11-01 00:00:00+09:00,2055.0,2080.0,2055.0,2070.0,5275,0.0,0.0
2024-11-04 00:00:00+09:00,2060.0,2085.0,2055.0,2070.0,20019,0.0,0.0
2024-11-05 00:00:00+09:00,2055.0,2080.0,2055.0,2070.0,9580,0.0,0.0
2024-11-06 00:00:00+09:00,2060.0,2075.0,2060.0,2070.0,10724,0.0,0.0
2024-11-07 00:00:00+09:00,2070.0,2070.0,2050.0,2065.0,33413,0.0,0.0
2024-11-08 00:00:00+09:00,2055.0,2075.0,2050.0,2065.0,6200,0.0,0.0
2024-11-11 00:00:00+09:00,2055.0,2070.0,2055.0,2065.0,12663,0.0,0.0
2024-11-12 00:00:00+09:00,2055.0,2065.0,2045.0,2060.0,20873,0.0,0.0
2024-11-13 00:00:00+09:00,2055.0,2055.0,2035.0,2035.0,16046,0.0,0.0
2024-11-14 00:00:00+09:00,2035.0,2050.0,2030.0,2035.0,32011,0.0,0.0
2024-11-15 00:00:00+09:00,2035.0,2035.0,2010.0,2030.0,61163,0.0,0.0
2024-11-18 00:00:00+09:00,2030.0,2045.0,2020.0,2035.0,2755,0.0,0.0
2024-11-19 00:00:00+09:00,2035.0,2040.0,2030.0,2030.0,3985,0.0,0.0
2024-11-20 00:00:00+09:00,2020.0,2040.0,2005.0,2035.0,30287,0.0,0.0
2024-11-21 00:00:00+09:00,2030.0,2030.0,2010.0,2030.0,22184,0.0,0.0
2024-11-22 00:00:00+09:00,2025.0,2030.0,2010.0,2025.0,16628,0.0,0.0
2024-11-25 00:00:00+09:00,2025.0,2030.0,2015.0,2020.0,9068,0.0,0.0
2024-11-26 00:00:00+09:00,2015.0,2020.0,2000.0,2020.0,30911,0.0,0.0
2024-11-27 00:00:00+09:00,2015.0,2020.0,2000.0,2020.0,53253,0.0,0.0
2024-11-28 00:00:00+09:00,2015.0,2020.0,2005.0,2020.0,23714,0.0,0.0
2024-11-29 00:00:00+09:00,2015.0,2020.0,2000.0,2010.0,22179,0.0,0.0
2024-12-02 00:00:00+09:00,2000.0,2010.0,1999.0,1999.0,17885,0.0,0.0
2024-12-03 00:00:00+09:00,2000.0,2005.0,2000.0,2000.0,6426,0.0,0.0
2024-12-04 00:00:00+09:00,2000.0,2005.0,1995.0,2000.0,5174,0.0,0.0
2024-12-05 00:00:00+09:00,1997.0,2005.0,1997.0,2005.0,3207,0.0,0.0
2024-12-06 00:00:00+09:00,2005.0,2015.0,2000.0,2015.0,8304,0.0,0.0
2024-12-09 00:00:00+09:00,2000.0,2010.0,1996.0,1999.0,6607,0.0,0.0
2024-12-10 00:00:00+09:00,1998.0,2005.0,1993.0,2005.0,13075,0.0,0.0
2024-12-11 00:00:00+09:00,2005.0,2005.0,1999.0,1999.0,1837,0.0,0.0
2024-12-12 00:00:00+09:00,2005.0,2005.0,1999.0,2000.0,5169,0.0,0.0
2024-12-13 00:00:00+09:00,2010.0,2010.0,2000.0,2010.0,15216,0.0,0.0
2024-12-16 00:00:00+09:00,2010.0,2010.0,2000.0,2005.0,1374,0.0,0.0
2024-12-17 00:00:00+09:00,2000.0,2010.0,1999.0,2010.0,210,0.0,0.0
2024-12-18 00:00:00+09:00,2005.0,2015.0,2005.0,2015.0,3551,0.0,0.0
2024-12-19 00:00:00+09:00,2015.0,2015.0,2000.0,2005.0,284,0.0,0.0
2024-12-20 00:00:00+09:00,2005.0,2005.0,2000.0,2005.0,605,0.0,0.0
2024-12-23 00:00:00+09:00,2000.0,2005.0,1996.0,2005.0,4173,0.0,0.0
2024-12-24 00:00:00+09:00,1995.0,2005.0,1994.0,2005.0,2649,0.0,0.0
2024-12-26 00:00:00+09:00,1995.0,2000.0,1981.0,1994.0,19335,0.0,0.0
2024-12-27 00:00:00+09:00,1994.0,1994.0,1991.0,1992.0,2414,0.0,0.0
2024-12-30 00:00:00+09:00,1992.0,1998.0,1991.0,1998.0,21456,0.0,0.0
2025-01-02 00:00:00+09:00,1998.0,2005.0,1995.0,2005.0,3268,0.0,0.0
2025-01-03 00:00:00+09:00,2000.0,2015.0,1994.0,2010.0,17924,0.0,0.0
2025-01-06 00:00:00+09:00,2000.0,2010.0,1997.0,2010.0,38746,0.0,0.0
2025-01-07 00:00:00+09:00,2010.0,2010.0,2000.0,2010.0,2038,0.0,0.0
2025-01-08 00:00:00+09:00,2000.0,2000.0,1984.0,1992.0,18178,0.0,0.0
2025-01-09 00:00:00+09:00,1992.0,2005.0,1986.0,1999.0,13050,0.0,0.0
2025-01-10 00:00:00+09:00,1991.0,2000.0,1987.0,2000.0,24411,0.0,0.0
2025-01-13 00:00:00+09:00,1990.0,1998.0,1987.0,1998.0,3574,0.0,0.0
2025-01-14 00:00:00+09:00,1998.0,2000.0,1998.0,1999.0,3318,0.0,0.0
2025-01-15 00:00:00+09:00,1999.0,2000.0,1992.0,1999.0,4157,0.0,0.0
2025-01-16 00:00:00+09:00,1996.0,2000.0,1994.0,2000.0,21643,0.0,0.0
2025-01-17 00:00:00+09:00,1994.0,2000.0,1994.0,1995.0,6760,0.0,0.0
2025-01-20 00:00:00+09:00,1995.0,2005.0,1980.0,1987.0,29577,0.0,0.0
2025-01-21 00:00:00+09:00,1987.0,2005.0,1987.0,2005.0,8192,0.0,0.0
2025-01-22 00:00:00+09:00,1994.0,2005.0,1985.0,1994.0,25280,0.0,0.0
2025-01-23 00:00:00+09:00,1987.0,2000.0,1987.0,2000.0,3032,0.0,0.0
2025-01-24 00:00:00+09:00,2000.0,2000.0,1990.0,2000.0,1739,0.0,0.0
2025-01-31 00:00:00+09:00,2005.0,2005.0,1991.0,2000.0,5576,0.0,0.0
2025-02-03 00:00:00+09:00,2000.0,2005.0,1996.0,2005.0,6587,0.0,0.0
2025-02-04 00:00:00+09:00,2005.0,2010.0,2000.0,2005.0,6076,0.0,0.0
2025-02-05 00:00:00+09:00,2005.0,2020.0,2000.0,2020.0,1419,0.0,0.0
2025-02-06 00:00:00+09:00,2020.0,2020.0,2010.0,2020.0,3673,0.0,0.0
2025-02-07 00:00:00+09:00,2020.0,2020.0,2000.0,2010.0,14738,0.0,0.0
2025-02-10 00:00:00+09:00,2005.0,2020.0,2000.0,2020.0,3306,0.0,0.0
2025-02-11 00:00:00+09:00,2020.0,2025.0,2005.0,2015.0,1092,0.0,0.0
2025-02-12 00:00:00+09:00,2010.0,2030.0,2005.0,2030.0,9538,0.0,0.0
2025-02-13 00:00:00+09:00,2015.0,2030.0,2015.0,2025.0,2617,0.0,0.0
2025-02-14 00:00:00+09:00,2025.0,2025.0,2020.0,2025.0,114,0.0,0.0
2025-02-17 00:00:00+09:00,2025.0,2025.0,2020.0,2025.0,10407,0.0,0.0
2025-02-18 00:00:00+09:00,2030.0,2030.0,2015.0,2020.0,9530,0.0,0.0
2025-02-19 00:00:00+09:00,2025.0,2025.0,2015.0,2020.0,15736,0.0,0.0
2025-02-20 00:00:00+09:00,2020.0,2020.0,2005.0,2015.0,2808,0.0,0.0
2025-02-21 00:00:00+09:00,2010.0,2025.0,2005.0,2025.0,3597,0.0,0.0
2025-02-24 00:00:00+09:00,2015.0,2030.0,2015.0,2030.0,7439,0.0,0.0
2025-02-25 00:00:00+09:00,2040.0,2040.0,2020.0,2020.0,1831,0.0,0.0
2025-02-26 00:00:00+09:00,2020.0,2030.0,2020.0,2020.0,1577,0.0,0.0
2025-02-27 00:00:00+09:00,2025.0,2030.0,2015.0,2020.0,2652,0.0,0.0
2025-02-28 00:00:00+09:00,2020.0,2020.0,2015.0,2020.0,3369,0.0,0.0
2025-03-04 00:00:00+09:00,2020.0,2035.0,2020.0,2025.0,2969,0.0,0.0
2025-03-05 00:00:00+09:00,2025.0,2025.0,2015.0,2015.0,11100,0.0,0.0
2025-03-06 00:00:00+09:00,2015.0,2025.0,2010.0,2020.0,5041,0.0,0.0
2025-03-07 00:00:00+09:00,2020.0,2025.0,2005.0,2020.0,5954,0.0,0.0
2025-03-10 00:00:00+09:00,2015.0,2025.0,2015.0,2025.0,502,0.0,0.0
2025-03-11 00:00:00+09:00,2020.0,2020.0,2015.0,2020.0,783,0.0,0.0
2025-03-12 00:00:00+09:00,2020.0,2025.0,2000.0,2020.0,9760,0.0,0.0
2025-03-13 00:00:00+09:00,2015.0,2020.0,2010.0,2020.0,3372,0.0,0.0
2025-03-14 00:00:00+09:00,2025.0,2025.0,2015.0,2020.0,902,0.0,0.0
2025-03-17 00:00:00+09:00,2020.0,2020.0,2010.0,2020.0,249,0.0,0.0
2025-03-18 00:00:00+09:00,2010.0,2020.0,2010.0,2020.0,5372,0.0,0.0
2025-03-19 00:00:00+09:00,2020.0,2020.0,2015.0,2015.0,409,0.0,0.0
2025-03-20 00:00:00+09:00,2015.0,2015.0,2005.0,2015.0,262,0.0,0.0
2025-03-21 00:00:00+09:00,2015.0,2015.0,2010.0,2015.0,105,0.0,0.0
2025-03-24 00:00:00+09:00,2010.0,2015.0,2005.0,2015.0,2159,0.0,0.0
2025-03-25 00:00:00+09:00,2010.0,2020.0,2000.0,2010.0,5180,0.0,0.0
2025-03-26 00:00:00+09:00,2010.0,2025.0,2005.0,2025.0,2398,0.0,0.0
2025-03-27 00:00:00+09:00,2025.0,2025.0,2010.0,2020.0,621,0.0,0.0
2025-03-28 00:00:00+09:00,2020.0,2030.0,2010.0,2015.0,1509,0.0,0.0
2025-03-31 00:00:00+09:00,2010.0,2025.0,2000.0,2020.0,7740,0.0,0.0
2025-04-01 00:00:00+09:00,2015.0,2020.0,2010.0,2020.0,5124,0.0,0.0
2025-04-02 00:00:00+09:00,2015.0,2025.0,2010.0,2015.0,5140,0.0,0.0
2025-04-03 00:00:00+09:00,2015.0,2030.0,2010.0,2025.0,12734,0.0,0.0
2025-04-04 00:00:00+09:00,2010.0,2015.0,2005.0,2015.0,13255,0.0,0.0
2025-04-07 00:00:00+09:00,2010.0,2010.0,1992.0,1992.0,25560,0.0,0.0
2025-04-08 00:00:00+09:00,2000.0,2005.0,1995.0,2005.0,9873,0.0,0.0
2025-04-09 00:00:00+09:00,2000.0,2005.0,1998.0,1998.0,7170,0.0,0.0
2025-04-10 00:00:00+09:00,2005.0,2005.0,1998.0,2005.0,10360,0.0,0.0
2025-04-11 00:00:00+09:00,2000.0,2005.0,1998.0,2005.0,4789,0.0,0.0
2025-04-14 00:00:00+09:00,2005.0,2010.0,2000.0,2010.0,7608,0.0,0.0
2025-04-15 00:00:00+09:00,2010.0,2010.0,1993.0,2005.0,22479,0.0,0.0
2025-04-16 00:00:00+09:00,2000.0,2005.0,1996.0,2000.0,10509,0.0,0.0
2025-04-17 00:00:00+09:00,2000.0,2005.0,1997.0,2005.0,12122,0.0,0.0
2025-04-18 00:00:00+09:00,2005.0,2005.0,2000.0,2005.0,9874,0.0,0.0
2025-04-21 00:00:00+09:00,2000.0,2015.0,2000.0,2005.0,12169,0.0,0.0
2025-04-22 00:00:00+09:00,2000.0,2010.0,2000.0,2010.0,13362,0.0,0.0
2025-04-23 00:00:00+09:00,2010.0,2010.0,2000.0,2010.0,19838,0.0,0.0
2025-04-24 00:00:00+09:00,2010.0,2010.0,2000.0,2010.0,16643,0.0,0.0
2025-04-25 00:00:00+09:00,2010.0,2020.0,2000.0,2020.0,15503,0.0,0.0
2025-04-28 00:00:00+09:00,2015.0,2035.0,2010.0,2035.0,7161,0.0,0.0
2025-04-29 00:00:00+09:00,2030.0,2035.0,2015.0,2020.0,9586,0.0,0.0
2025-04-30 00:00:00+09:00,2025.0,2035.0,2005.0,2030.0,29075,0.0,0.0
2025-05-02 00:00:00+09:00,2030.0,2045.0,2025.0,2035.0,12651,0.0,0.0
2025-05-07 00:00:00+09:00,2040.0,2045.0,2025.0,2045.0,15774,0.0,0.0
2025-05-08 00:00:00+09:00,2045.0,2055.0,2040.0,2055.0,13118,0.0,0.0
2025-05-09 00:00:00+09:00,2055.0,2060.0,2035.0,2060.0,23443,0.0,0.0
2025-05-12 00:00:00+09:00,2060.0,2060.0,2035.0,2050.0,14385,0.0,0.0
2025-05-13 00:00:00+09:00,2050.0,2055.0,2040.0,2045.0,9555,0.0,0.0
2025-05-14 00:00:00+09:00,2040.0,2055.0,2035.0,2055.0,13225,0.0,0.0
2025-05-15 00:00:00+09:00,2050.0,2070.0,2050.0,2065.0,17898,0.0,0.0
2025-05-16 00:00:00+09:00,2065.0,2070.0,2050.0,2070.0,7581,0.0,0.0
2025-05-19 00:00:00+09:00,2065.0,2080.0,2050.0,2075.0,17258,0.0,0.0
2025-05-20 00:00:00+09:00,2070.0,2075.0,2070.0,2075.0,1389,0.0,0.0
2025-05-21 00:00:00+09:00,2075.0,2075.0,2065.0,2070.0,8269,0.0,0.0
2025-05-22 00:00:00+09:00,2070.0,2075.0,2070.0,2075.0,442,0.0,0.0
2025-05-23 00:00:00+09:00,2070.0,2080.0,2070.0,2080.0,1314,0.0,0.0
2025-05-26 00:00:00+09:00,2080.0,2085.0,2070.0,2080.0,11021,0.0,0.0
2025-05-27 00:00:00+09:00,2080.0,2085.0,2080.0,2085.0,8489,0.0,0.0
2025-05-28 00:00:00+09:00,2080.0,2085.0,2075.0,2080.0,1250,0.0,0.0
2025-05-29 00:00:00+09:00,2080.0,2080.0,2070.0,2080.0,4572,0.0,0.0
2025-05-30 00:00:00+09:00,2080.0,2080.0,2070.0,2080.0,169,0.0,0.0
2025-06-02 00:00:00+09:00,2080.0,2090.0,2075.0,2090.0,13337,0.0,0.0
2025-06-04 00:00:00+09:00,2075.0,2085.0,2065.0,2080.0,17672,0.0,0.0
2025-06-05 00:00:00+09:00,2080.0,2085.0,2070.0,2080.0,2255,0.0,0.0
2025-06-09 00:00:00+09:00,2080.0,2090.0,2080.0,2085.0,17456,0.0,0.0
2025-06-10 00:00:00+09:00,2075.0,2090.0,2075.0,2080.0,15986,0.0,0.0
2025-06-11 00:00:00+09:00,2080.0,2085.0,2065.0,2085.0,6396,0.0,0.0
2025-06-12 00:00:00+09:00,2075.0,2085.0,2075.0,2085.0,2293,0.0,0.0
2025-06-13 00:00:00+09:00,2080.0,2085.0,2055.0,2070.0,1089,0.0,0.0
2025-06-16 00:00:00+09:00,2065.0,2070.0,2030.0,2070.0,9410,0.0,0.0
2025-06-17 00:00:00+09:00,2055.0,2070.0,2045.0,2065.0,11968,0.0,0.0
2025-06-18 00:00:00+09:00,2070.0,2070.0,2045.0,2070.0,10711,0.0,0.0
2025-06-19 00:00:00+09:00,2070.0,2070.0,2050.0,2060.0,4324,0.0,0.0
2025-06-20 00:00:00+09:00,2060.0,2065.0,2045.0,2060.0,30419,0.0,0.0
2025-06-23 00:00:00+09:00,2070.0,2070.0,2000.0,2020.0,83237,0.0,0.0
2025-06-24 00:00:00+09:00,2035.0,2040.0,2025.0,2040.0,2080,0.0,0.0
2025-06-25 00:00:00+09:00,2030.0,2035.0,2025.0,2035.0,764,0.0,0.0
2025-06-26 00:00:00+09:00,2035.0,2040.0,2020.0,2035.0,5415,0.0,0.0
2025-06-27 00:00:00+09:00,2040.0,2045.0,2025.0,2045.0,9333,0.0,0.0
2025-06-30 00:00:00+09:00,2040.0,2050.0,2040.0,2050.0,3334,0.0,0.0
2025-07-01 00:00:00+09:00,2050.0,2055.0,2045.0,2055.0,6434,0.0,0.0
2025-07-02 00:00:00+09:00,2050.0,2060.0,2040.0,2055.0,5575,0.0,0.0
2025-07-03 00:00:00+09:00,2045.0,2055.0,2045.0,2055.0,1100,0.0,0.0
2025-07-04 00:00:00+09:00,2045.0,2045.0,2035.0,2040.0,8549,0.0,0.0
2025-07-07 00:00:00+09:00,2040.0,2040.0,2035.0,2035.0,13451,0.0,0.0
2025-07-08 00:00:00+09:00,2040.0,2045.0,2035.0,2045.0,1316,0.0,0.0
2025-07-09 00:00:00+09:00,2045.0,2045.0,2025.0,2035.0,12086,0.0,0.0
2025-07-10 00:00:00+09:00,2030.0,2040.0,2020.0,2035.0,48963,0.0,0.0
2025-07-11 00:00:00+09:00,2030.0,2030.0,2025.0,2025.0,13679,0.0,0.0
2025-07-14 00:00:00+09:00,2040.0,2040.0,2020.0,2025.0,16374,0.0,0.0
2025-07-15 00:00:00+09:00,2025.0,2025.0,2015.0,2015.0,10287,0.0,0.0
2025-07-16 00:00:00+09:00,2030.0,2030.0,2015.0,2030.0,19365,0.0,0.0
2025-07-17 00:00:00+09:00,2030.0,2035.0,2025.0,2035.0,9187,0.0,0.0
2025-07-18 00:00:00+09:00,2035.0,2040.0,2035.0,2035.0,6438,0.0,0.0
2025-07-21 00:00:00+09:00,2030.0,2040.0,2030.0,2030.0,14281,0.0,0.0
2025-07-22 00:00:00+09:00,2030.0,2040.0,2025.0,2030.0,10089,0.0,0.0
2025-07-23 00:00:00+09:00,2030.0,2040.0,2030.0,2040.0,6078,0.0,0.0
2025-07-24 00:00:00+09:00,2035.0,2040.0,2035.0,2040.0,720,0.0,0.0
2025-07-25 00:00:00+09:00,2045.0,2045.0,2030.0,2045.0,5297,0.0,0.0
2025-07-28 00:00:00+09:00,2030.0,2040.0,2030.0,2040.0,350,0.0,0.0
2025-07-29 00:00:00+09:00,2040.0,2040.0,2035.0,2040.0,2407,0.0,0.0
2025-07-30 00:00:00+09:00,2030.0,2040.0,2025.0,2035.0,2896,0.0,0.0
2025-07-31 00:00:00+09:00,2035.0,2040.0,2025.0,2030.0,3406,0.0,0.0
2025-08-01 00:00:00+09:00,2030.0,2040.0,2030.0,2040.0,101,0.0,0.0
2025-08-04 00:00:00+09:00,2030.0,2040.0,2030.0,2040.0,3128,0.0,0.0
2025-08-05 00:00:00+09:00,2035.0,2040.0,2030.0,2040.0,3171,0.0,0.0
2025-08-06 00:00:00+09:00,2040.0,2040.0,2035.0,2040.0,3382,0.0,0.0
2025-08-07 00:00:00+09:00,2035.0,2035.0,2030.0,2035.0,23835,0.0,0.0
2025-08-08 00:00:00+09:00,2035.0,2035.0,2030.0,2035.0,3016,0.0,0.0
2025-08-11 00:00:00+09:00,2030.0,2040.0,2030.0,2040.0,2396,0.0,0.0
2025-08-12 00:00:00+09:00,2035.0,2040.0,2035.0,2040.0,167,0.0,0.0
2025-08-13 00:00:00+09:00,2040.0,2040.0,2035.0,2037.0,3167,0.0,0.0
2025-08-14 00:00:00+09:00,2040.0,2045.0,2030.0,2035.0,6003,0.0,0.0
2025-08-18 00:00:00+09:00,2030.0,2060.0,2030.0,2055.0,28560,0.0,0.0
2025-08-19 00:00:00+09:00,2060.0,2060.0,2040.0,2050.0,1641,0.0,0.0
2025-08-20 00:00:00+09:00,2045.0,2055.0,2045.0,2050.0,2199,0.0,0.0
2025-08-21 00:00:00+09:00,2040.0,2050.0,2040.0,2050.0,2375,0.0,0.0
2025-08-22 00:00:00+09:00,2050.0,2050.0,2040.0,2050.0,2288,0.0,0.0
2025-08-25 00:00:00+09:00,2050.0,2060.0,2050.0,2060.0,2132,0.0,0.0
2025-08-26 00:00:00+09:00,2055.0,2055.0,2050.0,2055.0,3327,0.0,0.0
2025-08-27 00:00:00+09:00,2050.0,2050.0,2040.0,2040.0,1731,0.0,0.0
2025-08-28 00:00:00+09:00,2040.0,2040.0,2040.0,2040.0,1035,0.0,0.0
2025-08-29 00:00:00+09:00,2040.0,2050.0,2035.0,2045.0,512,0.0,0.0
2025-09-01 00:00:00+09:00,2055.0,2055.0,2045.0,2045.0,2937,0.0,0.0
2025-09-02 00:00:00+09:00,2040.0,2045.0,2035.0,2045.0,1508,0.0,0.0
2025-09-03 00:00:00+09:00,2040.0,2045.0,2035.0,2045.0,5010,0.0,0.0
2025-09-04 00:00:00+09:00,2035.0,2040.0,2035.0,2040.0,128,0.0,0.0
2025-09-05 00:00:00+09:00,2040.0,2050.0,2035.0,2050.0,1235,0.0,0.0
2025-09-08 00:00:00+09:00,2050.0,2050.0,2040.0,2040.0,1276,0.0,0.0
2025-09-09 00:00:00+09:00,2040.0,2060.0,2040.0,2045.0,10722,0.0,0.0
2025-09-10 00:00:00+09:00,2045.0,2050.0,2045.0,2050.0,1835,0.0,0.0
2025-09-11 00:00:00+09:00,2045.0,2050.0,2045.0,2050.0,1211,0.0,0.0
2025-09-12 00:00:00+09:00,2055.0,2055.0,2055.0,2055.0,6255,0.0,0.0
2025-09-15 00:00:00+09:00,2050.0,2055.0,2050.0,2055.0,7302,0.0,0.0
2025-09-16 00:00:00+09:00,2050.0,2055.0,2050.0,2055.0,687,0.0,0.0
2025-09-17 00:00:00+09:00,2050.0,2055.0,2045.0,2055.0,16657,0.0,0.0
2025-09-18 00:00:00+09:00,2055.0,2055.0,2045.0,2050.0,22074,0.0,0.0
2025-09-22 00:00:00+09:00,2045.0,2045.0,2040.0,2040.0,3242,0.0,0.0
2025-09-23 00:00:00+09:00,2040.0,2055.0,2035.0,2040.0,13139,0.0,0.0
2025-09-24 00:00:00+09:00,2040.0,2050.0,2040.0,2045.0,7953,0.0,0.0
2025-09-25 00:00:00+09:00,2040.0,2050.0,2040.0,2050.0,8766,0.0,0.0
2025-09-26 00:00:00+09:00,2050.0,2050.0,2045.0,2045.0,2917,0.0,0.0
2025-09-29 00:00:00+09:00,2045.0,2055.0,2040.0,2055.0,1665,0.0,0.0
2025-09-30 00:00:00+09:00,2045.0,2055.0,2045.0,2055.0,9764,0.0,0.0
2025-10-01 00:00:00+09:00,2050.0,2055.0,2050.0,2055.0,3280,0.0,0.0
2025-10-02 00:00:00+09:00,2050.0,2080.0,2045.0,2055.0,4364,0.0,0.0
2025-10-10 00:00:00+09:00,2050.0,2055.0,2045.0,2055.0,12116,0.0,0.0
2025-10-13 00:00:00+09:00,2050.0,2050.0,2035.0,2035.0,24767,0.0,0.0
2025-10-14 00:00:00+09:00,2035.0,2040.0,2035.0,2040.0,4993,0.0,0.0
2025-10-15 00:00:00+09:00,2040.0,2045.0,2040.0,2045.0,2029,0.0,0.0
2025-10-16 00:00:00+09:00,2040.0,2045.0,2035.0,2045.0,13929,0.0,0.0
2025-10-17 00:00:00+09:00,2040.0,2045.0,2035.0,2045.0,6381,0.0,0.0
2025-10-20 00:00:00+09:00,2040.0,2050.0,2035.0,2050.0,14284,0.0,0.0
2025-10-21 00:00:00+09:00,2045.0,2050.0,2045.0,2050.0,3480,0.0,0.0
2025-10-22 00:00:00+09:00,2045.0,2060.0,2045.0,2060.0,16434,0.0,0.0
2025-10-23 00:00:00+09:00,2050.0,2060.0,2050.0,2060.0,3287,0.0,0.0
2025-10-24 00:00:00+09:00,2060.0,2065.0,2050.0,2065.0,8311,0.0,0.0
2025-10-27 00:00:00+09:00,2060.0,2065.0,2050.0,2065.0,2056,0.0,0.0
2025-10-28 00:00:00+09:00,2065.0,2065.0,2060.0,2065.0,5587,0.0,0.0
2025-10-29 00:00:00+09:00,2055.0,2070.0,2055.0,2070.0,10224,0.0,0.0
2025-10-30 00:00:00+09:00,2075.0,2075.0,2065.0,2065.0,1952,0.0,0.0
2025-10-31 00:00:00+09:00,2065.0,2070.0,2060.0,2070.0,8213,0.0,0.0
2025-11-03 00:00:00+09:00,2065.0,2075.0,2060.0,2075.0,11468,0.0,0.0
2025-11-04 00:00:00+09:00,2075.0,2075.0,2065.0,2075.0,2153,0.0,0.0
2025-11-05 00:00:00+09:00,2065.0,2075.0,2065.0,2075.0,4840,0.0,0.0
2025-11-06 00:00:00+09:00,2070.0,2080.0,2065.0,2080.0,1293,0.0,0.0
2025-11-07 00:00:00+09:00,2075.0,2090.0,2075.0,2075.0,1860,0.0,0.0
2025-11-10 00:00:00+09:00,2075.0,2085.0,2075.0,2080.0,4227,0.0,0.0
2025-11-11 00:00:00+09:00,2080.0,2085.0,2080.0,2080.0,10577,0.0,0.0
2025-11-12 00:00:00+09:00,2080.0,2085.0,2080.0,2080.0,14328,0.0,0.0
2025-11-13 00:00:00+09:00,2080.0,2085.0,2070.0,2070.0,5085,0.0,0.0
2025-11-14 00:00:00+09:00,2065.0,2070.0,2060.0,2070.0,429,0.0,0.0
2025-11-17 00:00:00+09:00,2065.0,2080.0,2065.0,2070.0,271,0.0,0.0
2025-11-18 00:00:00+09:00,2065.0,2070.0,2065.0,2065.0,716,0.0,0.0
2025-11-19 00:00:00+09:00,2065.0,2075.0,2060.0,2060.0,5910,0.0,0.0
2025-11-20 00:00:00+09:00,2060.0,2070.0,2060.0,2070.0,792,0.0,0.0
2025-11-21 00:00:00+09:00,2055.0,2070.0,2055.0,2070.0,9146,0.0,0.0
2025-11-24 00:00:00+09:00,2060.0,2070.0,2060.0,2070.0,1046,0.0,0.0
2025-11-25 00:00:00+09:00,2065.0,2070.0,2060.0,2070.0,800,0.0,0.0
2025-11-26 00:00:00+09:00,2065.0,2075.0,2065.0,2075.0,10734,0.0,0.0
2025-11-27 00:00:00+09:00,2065.0,2075.0,2060.0,2075.0,294,0.0,0.0
2025-11-28 00:00:00+09:00,2060.0,2075.0,2060.0,2075.0,3969,0.0,0.0
2025-12-01 00:00:00+09:00,2075.0,2075.0,2060.0,2070.0,319,0.0,0.0
2025-12-02 00:00:00+09:00,2070.0,2085.0,2065.0,2085.0,13835,0.0,0.0
2025-12-03 00:00:00+09:00,2080.0,2115.0,2070.0,2095.0,33600,0.0,0.0
2025-12-04 00:00:00+09:00,2095.0,2095.0,2085.0,2090.0,294,0.0,0.0
2025-12-05 00:00:00+09:00,2090.0,2095.0,2090.0,2095.0,3272,0.0,0.0
2025-12-08 00:00:00+09:00,2095.0,2100.0,2080.0,2090.0,2439,0.0,0.0
2025-12-09 00:00:00+09:00,2090.0,2090.0,2085.0,2090.0,3109,0.0,0.0
2025-12-10 00:00:00+09:00,2090.0,2090.0,2080.0,2090.0,6441,0.0,0.0
2025-12-11 00:00:00+09:00,2080.0,2085.0,2050.0,2065.0,14896,0.0,0.0
2025-12-12 00:00:00+09:00,2065.0,2075.0,2045.0,2065.0,51933,0.0,0.0
2025-12-15 00:00:00+09:00,2055.0,2065.0,2045.0,2050.0,39576,0.0,0.0
2025-12-16 00:00:00+09:00,2050.0,2055.0,2050.0,2055.0,10070,0.0,0.0
2025-12-17 00:00:00+09:00,2055.0,2060.0,2050.0,2060.0,545,0.0,0.0
2025-12-18 00:00:00+09:00,2055.0,2055.0,2050.0,2055.0,13514,0.0,0.0
2025-12-19 00:00:00+09:00,2055.0,2055.0,2045.0,2055.0,2228,0.0,0.0
2025-12-22 00:00:00+09:00,2050.0,2085.0,2050.0,2055.0,5967,0.0,0.0
2025-12-23 00:00:00+09:00,2050.0,2065.0,2050.0,2060.0,5377,0.0,0.0
2025-12-24 00:00:00+09:00,2055.0,2060.0,2050.0,2055.0,26522,0.0,0.0
2025-12-26 00:00:00+09:00,2055.0,2070.0,2055.0,2060.0,5449,0.0,0.0
2025-12-29 00:00:00+09:00,2060.0,2070.0,2055.0,2060.0,6036,0.0,0.0
2025-12-30 00:00:00+09:00,2060.0,2065.0,2060.0,2060.0,12298,0.0,0.0
2026-01-02 00:00:00+09:00,2060.0,2075.0,2060.0,2060.0,13,0.0,0.0
2026-01-05 00:00:00+09:00,2060.0,2070.0,2060.0,2065.0,994,0.0,0.0
2026-01-06 00:00:00+09:00,2065.0,2070.0,2065.0,2070.0,446,0.0,0.0
2026-01-07 00:00:00+09:00,2060.0,2070.0,2060.0,2070.0,4287,0.0,0.0
2026-01-08 00:00:00+09:00,2065.0,2070.0,2065.0,2070.0,3727,0.0,0.0
2026-01-09 00:00:00+09:00,2060.0,2075.0,2060.0,2060.0,44639,0.0,0.0
2026-01-12 00:00:00+09:00,2060.0,2070.0,2060.0,2065.0,1667,0.0,0.0
2026-01-13 00:00:00+09:00,2060.0,2065.0,2060.0,2060.0,6215,0.0,0.0
2026-01-14 00:00:00+09:00,2060.0,2060.0,2060.0,2060.0,84,0.0,0.0
2026-01-15 00:00:00+09:00,2060.0,2065.0,2060.0,2065.0,734,0.0,0.0
2026-01-16 00:00:00+09:00,2070.0,2070.0,2060.0,2060.0,4024,0.0,0.0
2026-01-19 00:00:00+09:00,2060.0,2070.0,2060.0,2060.0,5238,0.0,0.0
2026-01-20 00:00:00+09:00,2065.0,2070.0,2060.0,2060.0,10890,0.0,0.0
2026-01-21 00:00:00+09:00,2060.0,2065.0,2060.0,2060.0,3422,0.0,0.0
2026-01-22 00:00:00+09:00,2060.0,2065.0,2060.0,2060.0,921,0.0,0.0
2026-01-23 00:00:00+09:00,2060.0,2070.0,2060.0,2065.0,3311,0.0,0.0
2026-01-26 00:00:00+09:00,2060.0,2080.0,2060.0,2060.0,26622,0.0,0.0
2026-01-27 00:00:00+09:00,2060.0,2075.0,2060.0,2065.0,2971,0.0,0.0
2026-01-28 00:00:00+09:00,2065.0,2070.0,2065.0,2065.0,1866,0.0,0.0
2026-01-29 00:00:00+09:00,2065.0,2070.0,2060.0,2070.0,12417,0.0,0.0
2026-01-30 00:00:00+09:00,2065.0,2080.0,2050.0,2060.0,54180,0.0,0.0
2026-02-02 00:00:00+09:00,2060.0,2075.0,2060.0,2065.0,12560,0.0,0.0
2026-02-03 00:00:00+09:00,2065.0,2070.0,2060.0,2065.0,5218,0.0,0.0
2026-02-04 00:00:00+09:00,2065.0,2075.0,2065.0,2065.0,7271,0.0,0.0
2026-02-05 00:00:00+09:00,2065.0,2075.0,2065.0,2065.0,1555,0.0,0.0
2026-02-06 00:00:00+09:00,2060.0,2075.0,2060.0,2075.0,451,0.0,0.0
2026-02-09 00:00:00+09:00,2070.0,2075.0,2070.0,2075.0,10133,0.0,0.0
2026-02-10 00:00:00+09:00,2075.0,2135.0,2070.0,2115.0,36602,0.0,0.0
2026-02-11 00:00:00+09:00,2085.0,2095.0,2085.0,2090.0,577,0.0,0.0
2026-02-12 00:00:00+09:00,2090.0,2115.0,2090.0,2110.0,51586,0.0,0.0
2026-02-13 00:00:00+09:00,2095.0,2105.0,2090.0,2100.0,1917,0.0,0.0
2026-02-19 00:00:00+09:00,2110.0,2110.0,2090.0,2100.0,230,0.0,0.0
2026-02-20 00:00:00+09:00,2095.0,2095.0,2080.0,2090.0,2709,0.0,0.0
2026-02-23 00:00:00+09:00,2090.0,2090.0,2080.0,2090.0,79848,0.0,0.0
2026-02-24 00:00:00+09:00,2090.0,2100.0,2090.0,2100.0,4339,0.0,0.0
2026-02-25 00:00:00+09:00,2100.0,2115.0,2095.0,2095.0,62336,0.0,0.0
2026-02-26 00:00:00+09:00,2105.0,2105.0,2090.0,2095.0,1312,0.0,0.0
2026-02-27 00:00:00+09:00,2090.0,2105.0,2085.0,2100.0,4644,0.0,0.0
2026-03-03 00:00:00+09:00,2095.0,2095.0,2085.0,2095.0,4074,0.0,0.0
2026-03-04 00:00:00+09:00,2090.0,2095.0,2085.0,2085.0,13660,0.0,0.0
2026-03-05 00:00:00+09:00,2085.0,2105.0,2085.0,2105.0,9857,0.0,0.0
2026-03-06 00:00:00+09:00,2095.0,2115.0,2095.0,2115.0,4222,0.0,0.0
2026-03-09 00:00:00+09:00,2095.0,2100.0,2095.0,2095.0,4595,0.0,0.0
2026-03-10 00:00:00+09:00,2095.0,2095.0,2090.0,2095.0,1530,0.0,0.0
2026-03-11 00:00:00+09:00,2095.0,2110.0,2090.0,2090.0,20041,0.0,0.0
2026-03-12 00:00:00+09:00,2085.0,2100.0,2085.0,2100.0,8,0.0,0.0
2026-03-13 00:00:00+09:00,2095.0,2095.0,2085.0,2090.0,799,0.0,0.0
2026-03-16 00:00:00+09:00,2090.0,2095.0,2085.0,2090.0,4225,0.0,0.0
2026-03-17 00:00:00+09:00,2090.0,2095.0,2080.0,2095.0,18067,0.0,0.0
2026-03-18 00:00:00+09:00,2095.0,2100.0,2070.0,2090.0,10078,0.0,0.0
2026-03-19 00:00:00+09:00,2080.0,2080.0,2080.0,2080.0,2,0.0,0.0
2026-03-20 00:00:00+09:00,2080.0,2085.0,2065.0,2085.0,1637,0.0,0.0
2026-03-23 00:00:00+09:00,2085.0,2085.0,2080.0,2080.0,132,0.0,0.0
2026-03-24 00:00:00+09:00,2065.0,2080.0,2065.0,2065.0,8983,0.0,0.0
2026-03-25 00:00:00+09:00,2065.0,2070.0,2065.0,2070.0,32547,0.0,0.0
2026-03-26 00:00:00+09:00,2070.0,2080.0,2065.0,2075.0,906,0.0,0.0
2026-03-27 00:00:00+09:00,2075.0,2080.0,2075.0,2075.0,20731,0.0,0.0
2026-03-30 00:00:00+09:00,2080.0,2085.0,2065.0,2075.0,30465,0.0,0.0
2026-03-31 00:00:00+09:00,2065.0,2085.0,2065.0,2075.0,20006,0.0,0.0
2026-04-01 00:00:00+09:00,2075.0,2080.0,2070.0,2070.0,10209,0.0,0.0
2026-04-02 00:00:00+09:00,2070.0,2085.0,2060.0,2060.0,3029,0.0,0.0
2026-04-03 00:00:00+09:00,2065.0,2065.0,2055.0,2060.0,10859,0.0,0.0
2026-04-06 00:00:00+09:00,2060.0,2075.0,2055.0,2060.0,16483,0.0,0.0
2026-04-07 00:00:00+09:00,2065.0,2065.0,2065.0,2065.0,72,0.0,0.0
2026-04-08 00:00:00+09:00,2065.0,2065.0,2060.0,2065.0,23688,0.0,0.0
2026-04-09 00:00:00+09:00,2065.0,2065.0,2060.0,2060.0,206,0.0,0.0
2026-04-10 00:00:00+09:00,2060.0,2060.0,2055.0,2060.0,2414,0.0,0.0
2026-04-13 00:00:00+09:00,2055.0,2065.0,2055.0,2060.0,4627,0.0,0.0
2026-04-14 00:00:00+09:00,2055.0,2060.0,2055.0,2060.0,187,0.0,0.0
2026-04-15 00:00:00+09:00,2055.0,2065.0,2055.0,2065.0,14542,0.0,0.0
2026-04-16 00:00:00+09:00,2065.0,2065.0,2060.0,2060.0,815,0.0,0.0
2026-04-17 00:00:00+09:00,2060.0,2065.0,2055.0,2065.0,1054,0.0,0.0
2026-04-20 00:00:00+09:00,2065.0,2065.0,2060.0,2060.0,2407,0.0,0.0
2026-04-21 00:00:00+09:00,2060.0,2065.0,2060.0,2060.0,3932,0.0,0.0
2026-04-22 00:00:00+09:00,2060.0,2065.0,2060.0,2065.0,2534,0.0,0.0
2026-04-23 00:00:00+09:00,2065.0,2065.0,2060.0,2065.0,20131,0.0,0.0
2026-04-24 00:00:00+09:00,2060.0,2075.0,2060.0,2070.0,15124,0.0,0.0
2026-04-27 00:00:00+09:00,2060.0,2070.0,2060.0,2065.0,4172,0.0,0.0
2026-04-28 00:00:00+09:00,2060.0,2070.0,2060.0,2060.0,6944,0.0,0.0
2026-04-29 00:00:00+09:00,2060.0,2070.0,2060.0,2060.0,4318,0.0,0.0
2026-04-30 00:00:00+09:00,2060.0,2065.0,2060.0,2060.0,4153,0.0,0.0
2026-05-04 00:00:00+09:00,2060.0,2065.0,2060.0,2065.0,9498,0.0,0.0
2026-05-06 00:00:00+09:00,2060.0,2065.0,2060.0,2060.0,3432,0.0,0.0
2026-05-07 00:00:00+09:00,2060.0,2065.0,2060.0,2060.0,2630,0.0,0.0
2026-05-08 00:00:00+09:00,2060.0,2065.0,2060.0,2060.0,560,0.0,0.0
2026-05-11 00:00:00+09:00,2060.0,2065.0,2060.0,2060.0,1229,0.0,0.0
2026-05-12 00:00:00+09:00,2065.0,2065.0,2055.0,2060.0,6558,0.0,0.0
2026-05-13 00:00:00+09:00,2055.0,2070.0,2055.0,2070.0,24353,0.0,0.0
2026-05-14 00:00:00+09:00,2065.0,2065.0,2055.0,2060.0,6062,0.0,0.0
2026-05-15 00:00:00+09:00,2060.0,2065.0,2060.0,2065.0,2024,0.0,0.0
2026-05-18 00:00:00+09:00,2065.0,2070.0,2060.0,2065.0,14516,0.0,0.0
2026-05-19 00:00:00+09:00,2070.0,2070.0,2062.0,2070.0,8642,0.0,0.0
2026-05-20 00:00:00+09:00,2065.0,2070.0,2065.0,2070.0,5205,0.0,0.0
2026-05-21 00:00:00+09:00,2070.0,2095.0,2065.0,2070.0,6005,0.0,0.0
2026-05-22 00:00:00+09:00,2070.0,2075.0,2065.0,2070.0,8796,0.0,0.0
2026-05-26 00:00:00+09:00,2065.0,2070.0,2060.0,2070.0,3412,0.0,0.0
2026-05-27 00:00:00+09:00,2070.0,2070.0,2065.0,2070.0,5214,0.0,0.0
2026-05-28 00:00:00+09:00,2070.0,2070.0,2060.0,2070.0,4867,0.0,0.0
2026-05-29 00:00:00+09:00,2065.0,2070.0,2065.0,2065.0,42167,0.0,0.0
2026-06-01 00:00:00+09:00,2065.0,2070.0,2060.0,2065.0,41178,0.0,0.0
2026-06-02 00:00:00+09:00,2065.0,2075.0,2065.0,2065.0,30860,0.0,0.0
2026-06-04 00:00:00+09:00,2065.0,2075.0,2060.0,2065.0,710,0.0,0.0
2026-06-05 00:00:00+09:00,2070.0,2070.0,2065.0,2065.0,1798,0.0,0.0
2026-06-08 00:00:00+09:00,2065.0,2070.0,2065.0,2065.0,15048,0.0,0.0
2026-06-09 00:00:00+09:00,2070.0,2070.0,2065.0,2070.0,14281,0.0,0.0
2026-06-10 00:00:00+09:00,2070.0,2080.0,2070.0,2075.0,6178,0.0,0.0
2026-06-11 00:00:00+09:00,2075.0,2075.0,2070.0,2075.0,611,0.0,0.0
2026-06-12 00:00:00+09:00,2080.0,2080.0,2072.0,2075.0,211,0.0,0.0
2026-06-15 00:00:00+09:00,2075.0,2085.0,2070.0,2082.0,44612,0.0,0.0
2026-06-16 00:00:00+09:00,2080.0,2080.0,2070.0,2080.0,3890,0.0,0.0
2026-06-17 00:00:00+09:00,2085.0,2085.0,2070.0,2070.0,1625,0.0,0.0
2026-06-18 00:00:00+09:00,2080.0,2080.0,2065.0,2070.0,45175,0.0,0.0
2026-06-19 00:00:00+09:00,2065.0,2070.0,2050.0,2070.0,15659,0.0,0.0
2026-06-22 00:00:00+09:00,2065.0,2065.0,2055.0,2065.0,2821,0.0,0.0
2026-06-23 00:00:00+09:00,2070.0,2070.0,2055.0,2065.0,4194,0.0,0.0
2026-06-24 00:00:00+09:00,2065.0,2075.0,2060.0,2070.0,25486,0.0,0.0
2026-06-25 00:00:00+09:00,2070.0,2075.0,2065.0,2070.0,1815,0.0,0.0
2026-06-26 00:00:00+09:00,2075.0,2075.0,2065.0,2070.0,3354,0.0,0.0
2026-06-29 00:00:00+09:00,2075.0,2075.0,2065.0,2065.0,3144,0.0,0.0
2026-06-30 00:00:00+09:00,2065.0,2075.0,2065.0,2065.0,1580,0.0,0.0
2026-07-01 00:00:00+09:00,2065.0,2075.0,2065.0,2065.0,7335,0.0,0.0
2026-07-02 00:00:00+09:00,2065.0,2080.0,2065.0,2065.0,3272,0.0,0.0
2026-07-03 00:00:00+09:00,2065.0,2075.0,2065.0,2065.0,1600,0.0,0.0
2026-07-06 00:00:00+09:00,2065.0,2080.0,2065.0,2070.0,1832,0.0,0.0
2026-07-07 00:00:00+09:00,2070.0,2080.0,2070.0,2070.0,4857,0.0,0.0
2026-07-08 00:00:00+09:00,2070.0,2080.0,2070.0,2070.0,9014,0.0,0.0
2026-07-09 00:00:00+09:00,2070.0,2075.0,2070.0,2075.0,20892,0.0,0.0
2026-07-10 00:00:00+09:00,2075.0,2080.0,2075.0,2075.0,12026,0.0,0.0
2026-07-13 00:00:00+09:00,2075.0,2080.0,2070.0,2075.0,13752,0.0,0.0
2026-07-14 00:00:00+09:00,2075.0,2077.0,2075.0,2077.0,821,0.0,0.0
2026-07-15 00:00:00+09:00,2080.0,2080.0,2075.0,2075.0,35311,0.0,0.0
2026-07-16 00:00:00+09:00,2075.0,2080.0,2075.0,2080.0,20061,0.0,0.0
2026-07-20 00:00:00+09:00,2080.0,2085.0,2080.0,2080.0,5599,0.0,0.0
2026-07-21 00:00:00+09:00,2085.0,2085.0,2080.0,2082.0,259,0.0,0.0
2026-07-22 00:00:00+09:00,2080.0,2085.0,2080.0,2080.0,29817,0.0,0.0
2026-07-23 00:00:00+09:00,2075.0,2085.0,2075.0,2082.0,104,0.0,0.0
2026-07-24 00:00:00+09:00,2082.0,2085.0,2080.0,2080.0,783,0.0,0.0
2026-07-27 00:00:00+09:00,2080.0,2085.0,2075.0,2080.0,42376,0.0,0.0
2026-07-28 00:00:00+09:00,2080.0,2080.0,2075.0,2075.0,3609,0.0,0.0
2026-07-29 00:00:00+09:00,2075.0,2085.0,2070.0,2080.0,187903,0.0,0.0
2026-07-30 00:00:00+09:00,2085.0,2085.0,2075.0,2080.0,28208,0.0,0.0
2026-07-31 00:00:00+09:00,2075.0,2085.0,2075.0,2075.0,6352,0.0,0.0
2026-08-03 00:00:00+09:00,2075.0,2075.0,2030.0,2070.0,2195,0.0,0.0
2026-08-04 00:00:00+09:00,2070.0,2080.0,2070.0,2070.0,12720,0.0,0.0
2026-08-05 00:00:00+09:00,2080.0,2080.0,2070.0,2077.0,9703,0.0,0.0
2026-08-06 00:00:00+09:00,2080.0,2080.0,2075.0,2077.0,887,0.0,0.0
2026-08-07 00:00:00+09:00,2080.0,2080.0,2075.0,2080.0,848,0.0,0.0
2026-08-10 00:00:00+09:00,2080.0,2085.0,2077.0,2085.0,27636,0.0,0.0
2026-08-11 00:00:00+09:00,2090.0,2090.0,2080.0,2080.0,186,0.0,0.0
2026-08-12 00:00:00+09:00,2090.0,2090.0,2080.0,2085.0,9087,0.0,0.0
2026-08-13 00:00:00+09:00,2090.0,2090.0,2085.0,2090.0,21215,0.0,0.0
2026-08-14 00:00:00+09:00,2085.0,2095.0,2085.0,2085.0,50230,0.0,0.0
2026-08-18 00:00:00+09:00,2090.0,2095.0,2085.0,2090.0,12959,0.0,0.0
2026-08-19 00:00:00+09:00,2090.0,2095.0,2085.0,2095.0,74273,0.0,0.0
2026-08-20 00:00:00+09:00,2095.0,2095.0,2090.0,2092.0,120401,0.0,0.0
2026-08-21 00:00:00+09:00,2095.0,2100.0,2090.0,2095.0,23548,0.0,0.0
2026-08-24 00:00:00+09:00,2100.0,2100.0,2095.0,2095.0,6006,0.0,0.0
2026-08-25 00:00:00+09:00,2100.0,2100.0,2095.0,2100.0,36422,0.0,0.0
2026-08-26 00:00:00+09:00,2100.0,2100.0,2095.0,2097.0,18067,0.0,0.0
2026-08-27 00:00:00+09:00,2100.0,2100.0,2095.0,2095.0,22970,0.0,0.0
2026-08-28 00:00:00+09:00,2100.0,2100.0,2095.0,2095.0,5600,0.0,0.0
2026-08-31 00:00:00+09:00,2095.0,2100.0,2095.0,2095.0,17462,0.0,0.0
2026-09-01 00:00:00+09:00,2095.0,2100.0,2095.0,2097.0,84416,0.0,0.0
2026-09-02 00:00:00+09:00,2095.0,2100.0,2095.0,2095.0,30638,0.0,0.0
2026-09-03 00:00:00+09:00,2095.0,2100.0,2095.0,2095.0,16583,0.0,0.0
2026-09-04 00:00:00+09:00,2095.0,2097.0,2095.0,2095.0,5985,0.0,0.0
2026-09-07 00:00:00+09:00,2095.0,2100.0,2090.0,2095.0,129277,0.0,0.0
2026-09-08 00:00:00+09:00,2100.0,2100.0,2095.0,2095.0,10439,0.0,0.0
2026-09-09 00:00:00+09:00,2095.0,2100.0,2092.0,2095.0,5849,0.0,0.0
2026-09-10 00:00:00+09:00,2100.0,2100.0,2095.0,2095.0,36439,0.0,0.0
2026-09-11 00:00:00+09:00,2100.0,2100.0,2095.0,2095.0,472,0.0,0.0
