Date,Open,High,Low,Close,Volume,Dividends,Stock Splits
2021-03-23 00:00:00-04:00,9.850000381469727,9.899999618530273,9.84000015258789,9.859999656677246,3177238,0.0,0.0
2021-03-24 00:00:00-04:00,9.899999618530273,9.899999618530273,9.800000190734863,9.84000015258789,258236,0.0,0.0
2021-03-25 00:00:00-04:00,9.850000381469727,9.899999618530273,9.800000190734863,9.899999618530273,104630,0.0,0.0
2021-03-26 00:00:00-04:00,9.899999618530273,9.989399909973145,9.800000190734863,9.899999618530273,83499,0.0,0.0
2021-03-29 00:00:00-04:00,9.949999809265137,9.949999809265137,9.850000381469727,9.880000114440918,26824,0.0,0.0
2021-03-30 00:00:00-04:00,9.890000343322754,9.890000343322754,9.869999885559082,9.880000114440918,254233,0.0,0.0
2021-03-31 00:00:00-04:00,9.9399995803833,9.949999809265137,9.850000381469727,9.890000343322754,35567,0.0,0.0
2021-04-01 00:00:00-04:00,9.9399995803833,9.970000267028809,9.899999618530273,9.899999618530273,29658,0.0,0.0
2021-04-05 00:00:00-04:00,9.880000114440918,9.989999771118164,9.880000114440918,9.989999771118164,44379,0.0,0.0
2021-04-06 00:00:00-04:00,9.90779972076416,9.989999771118164,9.899999618530273,9.899999618530273,120854,0.0,0.0
2021-04-07 00:00:00-04:00,9.90999984741211,9.949999809265137,9.90999984741211,9.949999809265137,3685,0.0,0.0
2021-04-08 00:00:00-04:00,9.9399995803833,9.979999542236328,9.930000305175781,9.970000267028809,20248,0.0,0.0
2021-04-09 00:00:00-04:00,9.949999809265137,9.970000267028809,9.899999618530273,9.944999694824219,17310,0.0,0.0
2021-04-12 00:00:00-04:00,10.020000457763672,10.100000381469727,9.960000038146973,9.994999885559082,97774,0.0,0.0
2021-04-13 00:00:00-04:00,9.920000076293945,9.970000267028809,9.920000076293945,9.9399995803833,5578,0.0,0.0
2021-04-14 00:00:00-04:00,9.947500228881836,11.020000457763672,9.90999984741211,10.930000305175781,40108,0.0,0.0
2021-04-15 00:00:00-04:00,10.199999809265137,10.199999809265137,9.989999771118164,10.0600004196167,57256,0.0,0.0
2021-04-16 00:00:00-04:00,10.0,10.100000381469727,10.0,10.09000015258789,14606,0.0,0.0
2021-04-19 00:00:00-04:00,10.079999923706055,10.130000114440918,10.079999923706055,10.130000114440918,22969,0.0,0.0
2021-04-20 00:00:00-04:00,10.069999694824219,10.100000381469727,10.0,10.0,103100,0.0,0.0
2021-04-21 00:00:00-04:00,10.0,10.010000228881836,9.949999809265137,10.0,24027,0.0,0.0
2021-04-22 00:00:00-04:00,9.989999771118164,10.0,9.989999771118164,10.0,761,0.0,0.0
2021-04-23 00:00:00-04:00,10.154999732971191,10.154999732971191,9.960000038146973,9.960000038146973,180495,0.0,0.0
2021-04-26 00:00:00-04:00,10.1899995803833,10.1899995803833,9.989999771118164,10.0,1945,0.0,0.0
2021-04-27 00:00:00-04:00,9.989999771118164,9.989999771118164,9.989999771118164,9.989999771118164,187,0.0,0.0
2021-04-28 00:00:00-04:00,9.989999771118164,9.989999771118164,9.920000076293945,9.970000267028809,318153,0.0,0.0
2021-04-29 00:00:00-04:00,10.020000457763672,10.020000457763672,10.0,10.0,800,0.0,0.0
2021-04-30 00:00:00-04:00,9.970000267028809,10.010000228881836,9.970000267028809,10.0,1067,0.0,0.0
2021-05-03 00:00:00-04:00,10.0,10.0,10.0,10.0,0,0.0,0.0
2021-05-04 00:00:00-04:00,9.930000305175781,9.9399995803833,9.930000305175781,9.9399995803833,3340,0.0,0.0
2021-05-05 00:00:00-04:00,9.949999809265137,9.949999809265137,9.949999809265137,9.949999809265137,9974,0.0,0.0
2021-05-06 00:00:00-04:00,9.949999809265137,9.949999809265137,9.949999809265137,9.949999809265137,0,0.0,0.0
2021-05-07 00:00:00-04:00,9.979999542236328,9.989999771118164,9.979999542236328,9.989999771118164,5694,0.0,0.0
2021-05-10 00:00:00-04:00,9.979999542236328,10.010000228881836,9.979999542236328,10.010000228881836,5005,0.0,0.0
2021-05-11 00:00:00-04:00,9.98009967803955,10.0,9.98009967803955,10.0,204,0.0,0.0
2021-05-12 00:00:00-04:00,10.0,10.0,10.0,10.0,17125,0.0,0.0
2021-05-13 00:00:00-04:00,10.0,10.0,10.0,10.0,2336,0.0,0.0
2021-05-14 00:00:00-04:00,9.991999626159668,9.991999626159668,9.979999542236328,9.979999542236328,2976,0.0,0.0
2021-05-17 00:00:00-04:00,9.979999542236328,9.979999542236328,9.979999542236328,9.979999542236328,0,0.0,0.0
2021-05-18 00:00:00-04:00,10.0,10.0,10.0,10.0,1953,0.0,0.0
2021-05-19 00:00:00-04:00,10.0,10.0,10.0,10.0,0,0.0,0.0
2021-05-20 00:00:00-04:00,9.970000267028809,9.970000267028809,9.960000038146973,9.970000267028809,209250,0.0,0.0
2021-05-21 00:00:00-04:00,9.960000038146973,9.960000038146973,9.930000305175781,9.949999809265137,35360,0.0,0.0
2021-05-24 00:00:00-04:00,9.970000267028809,9.970000267028809,9.954999923706055,9.970000267028809,34060,0.0,0.0
2021-05-25 00:00:00-04:00,9.9399995803833,9.949999809265137,9.9399995803833,9.9399995803833,10558,0.0,0.0
2021-05-26 00:00:00-04:00,9.970000267028809,9.970000267028809,9.9399995803833,9.9399995803833,3500,0.0,0.0
2021-05-27 00:00:00-04:00,9.9399995803833,9.9399995803833,9.920000076293945,9.930000305175781,9402,0.0,0.0
2021-05-28 00:00:00-04:00,9.930000305175781,9.930000305175781,9.90999984741211,9.90999984741211,15200,0.0,0.0
2021-06-01 00:00:00-04:00,9.90999984741211,9.90999984741211,9.90999984741211,9.90999984741211,0,0.0,0.0
2021-06-02 00:00:00-04:00,9.930000305175781,9.9399995803833,9.930000305175781,9.9399995803833,200,0.0,0.0
2021-06-03 00:00:00-04:00,9.920000076293945,9.920000076293945,9.904999732971191,9.90999984741211,11762,0.0,0.0
2021-06-04 00:00:00-04:00,9.937600135803223,9.949999809265137,9.937600135803223,9.949999809265137,25096,0.0,0.0
2021-06-07 00:00:00-04:00,9.9399995803833,9.9399995803833,9.9399995803833,9.9399995803833,556,0.0,0.0
2021-06-08 00:00:00-04:00,9.949999809265137,9.949999809265137,9.949999809265137,9.949999809265137,145431,0.0,0.0
2021-06-09 00:00:00-04:00,9.949999809265137,9.949999809265137,9.949999809265137,9.949999809265137,0,0.0,0.0
2021-06-10 00:00:00-04:00,9.930000305175781,9.930000305175781,9.930000305175781,9.930000305175781,2110,0.0,0.0
2021-06-11 00:00:00-04:00,9.930000305175781,9.930000305175781,9.930000305175781,9.930000305175781,0,0.0,0.0
2021-06-14 00:00:00-04:00,9.970000267028809,10.0,9.970000267028809,10.0,1000,0.0,0.0
2021-06-15 00:00:00-04:00,9.930000305175781,9.930000305175781,9.930000305175781,9.930000305175781,3247,0.0,0.0
2021-06-16 00:00:00-04:00,9.930000305175781,9.930000305175781,9.930000305175781,9.930000305175781,0,0.0,0.0
2021-06-17 00:00:00-04:00,9.930000305175781,9.930000305175781,9.930000305175781,9.930000305175781,0,0.0,0.0
2021-06-18 00:00:00-04:00,9.930000305175781,9.930000305175781,9.930000305175781,9.930000305175781,0,0.0,0.0
2021-06-21 00:00:00-04:00,9.989999771118164,10.0,9.96500015258789,10.0,4820,0.0,0.0
2021-06-22 00:00:00-04:00,9.96399974822998,9.96399974822998,9.96399974822998,9.96399974822998,210,0.0,0.0
2021-06-23 00:00:00-04:00,9.96399974822998,9.96399974822998,9.96399974822998,9.96399974822998,0,0.0,0.0
2021-06-24 00:00:00-04:00,9.96399974822998,9.96399974822998,9.96399974822998,9.96399974822998,0,0.0,0.0
2021-06-25 00:00:00-04:00,9.960000038146973,9.968000411987305,9.960000038146973,9.968000411987305,1300,0.0,0.0
2021-06-28 00:00:00-04:00,10.0,10.0,9.984999656677246,10.0,6200,0.0,0.0
2021-06-29 00:00:00-04:00,10.0,10.0,9.989999771118164,9.989999771118164,3500,0.0,0.0
2021-06-30 00:00:00-04:00,9.989999771118164,9.989999771118164,9.989999771118164,9.989999771118164,100,0.0,0.0
2021-07-01 00:00:00-04:00,10.0,10.010000228881836,10.0,10.0,13300,0.0,0.0
2021-07-02 00:00:00-04:00,10.010000228881836,10.039999961853027,9.989999771118164,10.039999961853027,5701,0.0,0.0
2021-07-06 00:00:00-04:00,10.050000190734863,10.050000190734863,10.050000190734863,10.050000190734863,102,0.0,0.0
2021-07-07 00:00:00-04:00,10.039999961853027,10.100000381469727,10.015000343322754,10.069999694824219,39828,0.0,0.0
2021-07-08 00:00:00-04:00,10.069999694824219,10.069999694824219,10.069999694824219,10.069999694824219,0,0.0,0.0
2021-07-09 00:00:00-04:00,10.100000381469727,10.100000381469727,9.998600006103516,10.050000190734863,10419,0.0,0.0
2021-07-12 00:00:00-04:00,10.050000190734863,10.050000190734863,10.050000190734863,10.050000190734863,0,0.0,0.0
2021-07-13 00:00:00-04:00,10.010000228881836,10.010000228881836,10.010000228881836,10.010000228881836,200000,0.0,0.0
2021-07-14 00:00:00-04:00,9.989999771118164,10.029999732971191,9.979999542236328,9.979999542236328,380904,0.0,0.0
2021-07-15 00:00:00-04:00,10.010000228881836,10.010000228881836,10.0,10.0,17362,0.0,0.0
2021-07-16 00:00:00-04:00,10.0,10.0,10.0,10.0,0,0.0,0.0
2021-07-19 00:00:00-04:00,10.0,10.0,10.0,10.0,0,0.0,0.0
2021-07-20 00:00:00-04:00,10.010000228881836,10.010000228881836,10.0,10.0,77300,0.0,0.0
2021-07-21 00:00:00-04:00,10.0,10.0,10.0,10.0,0,0.0,0.0
2021-07-22 00:00:00-04:00,10.0,10.0,10.0,10.0,5841,0.0,0.0
2021-07-23 00:00:00-04:00,10.0,10.010000228881836,9.940799713134766,10.010000228881836,1722,0.0,0.0
2021-07-26 00:00:00-04:00,10.010000228881836,10.010000228881836,10.010000228881836,10.010000228881836,0,0.0,0.0
2021-07-27 00:00:00-04:00,9.970000267028809,9.970000267028809,9.970000267028809,9.970000267028809,400,0.0,0.0
2021-07-28 00:00:00-04:00,9.970000267028809,9.970000267028809,9.970000267028809,9.970000267028809,0,0.0,0.0
2021-07-29 00:00:00-04:00,9.960000038146973,9.979999542236328,9.939200401306152,9.979999542236328,46333,0.0,0.0
2021-07-30 00:00:00-04:00,9.979999542236328,9.979999542236328,9.979999542236328,9.979999542236328,0,0.0,0.0
2021-08-02 00:00:00-04:00,9.979999542236328,9.989999771118164,9.954999923706055,9.989999771118164,4452,0.0,0.0
2021-08-03 00:00:00-04:00,9.989999771118164,9.989999771118164,9.989999771118164,9.989999771118164,1278,0.0,0.0
2021-08-04 00:00:00-04:00,9.989999771118164,9.989999771118164,9.989999771118164,9.989999771118164,0,0.0,0.0
2021-08-05 00:00:00-04:00,9.989999771118164,9.989999771118164,9.989999771118164,9.989999771118164,0,0.0,0.0
2021-08-06 00:00:00-04:00,9.989999771118164,9.989999771118164,9.989999771118164,9.989999771118164,0,0.0,0.0
2021-08-09 00:00:00-04:00,9.9399995803833,10.010000228881836,9.930000305175781,9.989999771118164,34147,0.0,0.0
2021-08-10 00:00:00-04:00,9.989999771118164,9.989999771118164,9.989999771118164,9.989999771118164,0,0.0,0.0
2021-08-11 00:00:00-04:00,9.989999771118164,9.989999771118164,9.989999771118164,9.989999771118164,0,0.0,0.0
2021-08-12 00:00:00-04:00,9.989999771118164,9.989999771118164,9.989999771118164,9.989999771118164,0,0.0,0.0
2021-08-13 00:00:00-04:00,9.989999771118164,9.989999771118164,9.989999771118164,9.989999771118164,0,0.0,0.0
2021-08-16 00:00:00-04:00,9.989999771118164,9.989999771118164,9.989999771118164,9.989999771118164,0,0.0,0.0
2021-08-17 00:00:00-04:00,10.0,10.0,10.0,10.0,1140,0.0,0.0
2021-08-18 00:00:00-04:00,10.0,10.0,10.0,10.0,0,0.0,0.0
2021-08-19 00:00:00-04:00,10.0,10.0,10.0,10.0,0,0.0,0.0
2021-08-20 00:00:00-04:00,9.90999984741211,9.90999984741211,9.90999984741211,9.90999984741211,657,0.0,0.0
2021-08-23 00:00:00-04:00,9.90999984741211,9.90999984741211,9.90999984741211,9.90999984741211,0,0.0,0.0
2021-08-24 00:00:00-04:00,9.90999984741211,9.90999984741211,9.90999984741211,9.90999984741211,0,0.0,0.0
2021-08-25 00:00:00-04:00,9.90999984741211,9.90999984741211,9.90999984741211,9.90999984741211,0,0.0,0.0
2021-08-26 00:00:00-04:00,9.899999618530273,9.899999618530273,9.899999618530273,9.899999618530273,160,0.0,0.0
2021-08-27 00:00:00-04:00,9.899999618530273,9.899999618530273,9.899999618530273,9.899999618530273,0,0.0,0.0
2021-08-30 00:00:00-04:00,9.899999618530273,9.899999618530273,9.899999618530273,9.899999618530273,0,0.0,0.0
2021-08-31 00:00:00-04:00,9.899999618530273,9.899999618530273,9.899999618530273,9.899999618530273,0,0.0,0.0
2021-09-01 00:00:00-04:00,9.899999618530273,9.899999618530273,9.899999618530273,9.899999618530273,0,0.0,0.0
2021-09-02 00:00:00-04:00,9.900099754333496,9.900099754333496,9.900099754333496,9.900099754333496,2025,0.0,0.0
2021-09-03 00:00:00-04:00,9.900099754333496,9.900099754333496,9.900099754333496,9.900099754333496,0,0.0,0.0
2021-09-07 00:00:00-04:00,9.900099754333496,9.900099754333496,9.900099754333496,9.900099754333496,0,0.0,0.0
2021-09-08 00:00:00-04:00,9.900099754333496,9.900099754333496,9.900099754333496,9.900099754333496,0,0.0,0.0
2021-09-09 00:00:00-04:00,9.900099754333496,9.900099754333496,9.900099754333496,9.900099754333496,0,0.0,0.0
2021-09-10 00:00:00-04:00,9.899999618530273,9.899999618530273,9.899999618530273,9.899999618530273,165,0.0,0.0
2021-09-13 00:00:00-04:00,9.899999618530273,9.899999618530273,9.899999618530273,9.899999618530273,0,0.0,0.0
2021-09-14 00:00:00-04:00,9.900099754333496,9.900099754333496,9.899999618530273,9.899999618530273,1000,0.0,0.0
2021-09-15 00:00:00-04:00,9.899999618530273,9.899999618530273,9.899999618530273,9.899999618530273,0,0.0,0.0
2021-09-16 00:00:00-04:00,9.899999618530273,9.899999618530273,9.899999618530273,9.899999618530273,0,0.0,0.0
2021-09-17 00:00:00-04:00,9.899999618530273,9.899999618530273,9.899999618530273,9.899999618530273,0,0.0,0.0
2021-09-20 00:00:00-04:00,9.899999618530273,9.899999618530273,9.899999618530273,9.899999618530273,0,0.0,0.0
2021-09-21 00:00:00-04:00,9.899999618530273,9.899999618530273,9.899999618530273,9.899999618530273,0,0.0,0.0
2021-09-22 00:00:00-04:00,9.899999618530273,9.899999618530273,9.899999618530273,9.899999618530273,0,0.0,0.0
2021-09-23 00:00:00-04:00,9.989999771118164,9.989999771118164,9.989999771118164,9.989999771118164,710,0.0,0.0
2021-09-24 00:00:00-04:00,9.969599723815918,9.9891996383667,9.933099746704102,9.9891996383667,3140,0.0,0.0
2021-09-27 00:00:00-04:00,9.969799995422363,9.969799995422363,9.969799995422363,9.969799995422363,4000,0.0,0.0
2021-09-28 00:00:00-04:00,9.979999542236328,9.979999542236328,9.920000076293945,9.97819995880127,3070,0.0,0.0
2021-09-29 00:00:00-04:00,9.97819995880127,9.97819995880127,9.97819995880127,9.97819995880127,0,0.0,0.0
2021-09-30 00:00:00-04:00,9.97819995880127,9.97819995880127,9.97819995880127,9.97819995880127,0,0.0,0.0
2021-10-01 00:00:00-04:00,9.97819995880127,9.97819995880127,9.97819995880127,9.97819995880127,0,0.0,0.0
2021-10-04 00:00:00-04:00,9.97819995880127,9.97819995880127,9.97819995880127,9.97819995880127,0,0.0,0.0
2021-10-05 00:00:00-04:00,9.97819995880127,9.97819995880127,9.97819995880127,9.97819995880127,0,0.0,0.0
2021-10-06 00:00:00-04:00,9.97819995880127,9.97819995880127,9.97819995880127,9.97819995880127,0,0.0,0.0
2021-10-07 00:00:00-04:00,9.97819995880127,9.97819995880127,9.97819995880127,9.97819995880127,0,0.0,0.0
2021-10-08 00:00:00-04:00,9.97819995880127,9.97819995880127,9.97819995880127,9.97819995880127,0,0.0,0.0
2021-10-11 00:00:00-04:00,9.97819995880127,9.97819995880127,9.97819995880127,9.97819995880127,0,0.0,0.0
2021-10-12 00:00:00-04:00,9.97819995880127,9.97819995880127,9.97819995880127,9.97819995880127,0,0.0,0.0
2021-10-13 00:00:00-04:00,9.97819995880127,9.97819995880127,9.97819995880127,9.97819995880127,0,0.0,0.0
2021-10-14 00:00:00-04:00,9.97819995880127,9.97819995880127,9.97819995880127,9.97819995880127,0,0.0,0.0
2021-10-15 00:00:00-04:00,9.97819995880127,9.97819995880127,9.97819995880127,9.97819995880127,0,0.0,0.0
2021-10-18 00:00:00-04:00,9.9399995803833,9.9399995803833,9.9399995803833,9.9399995803833,320,0.0,0.0
2021-10-19 00:00:00-04:00,9.9399995803833,9.9399995803833,9.9399995803833,9.9399995803833,0,0.0,0.0
2021-10-20 00:00:00-04:00,9.9399995803833,9.9399995803833,9.9399995803833,9.9399995803833,0,0.0,0.0
2021-10-21 00:00:00-04:00,9.9399995803833,9.9399995803833,9.9399995803833,9.9399995803833,0,0.0,0.0
2021-10-22 00:00:00-04:00,9.930000305175781,9.970000267028809,9.930000305175781,9.959500312805176,2400,0.0,0.0
2021-10-25 00:00:00-04:00,9.959500312805176,9.959500312805176,9.959500312805176,9.959500312805176,0,0.0,0.0
2021-10-26 00:00:00-04:00,9.936400413513184,9.979999542236328,9.936400413513184,9.979999542236328,4400,0.0,0.0
2021-10-27 00:00:00-04:00,9.979999542236328,9.979999542236328,9.979999542236328,9.979999542236328,0,0.0,0.0
2021-10-28 00:00:00-04:00,9.972700119018555,9.979999542236328,9.899999618530273,9.979999542236328,7700,0.0,0.0
2021-10-29 00:00:00-04:00,9.960000038146973,9.970000267028809,9.920000076293945,9.949999809265137,5500,0.0,0.0
2021-11-01 00:00:00-04:00,9.949999809265137,9.949999809265137,9.949999809265137,9.949999809265137,0,0.0,0.0
2021-11-02 00:00:00-04:00,9.949999809265137,9.949999809265137,9.949999809265137,9.949999809265137,0,0.0,0.0
2021-11-03 00:00:00-04:00,9.979999542236328,9.979999542236328,9.970000267028809,9.979999542236328,6250,0.0,0.0
2021-11-04 00:00:00-04:00,10.0,10.0,9.975000381469727,9.975000381469727,5460,0.0,0.0
2021-11-05 00:00:00-04:00,9.975000381469727,9.975000381469727,9.975000381469727,9.975000381469727,0,0.0,0.0
2021-11-08 00:00:00-05:00,9.975000381469727,9.975000381469727,9.975000381469727,9.975000381469727,0,0.0,0.0
2021-11-09 00:00:00-05:00,10.0,10.0,9.920000076293945,9.920000076293945,3163,0.0,0.0
2021-11-10 00:00:00-05:00,9.920000076293945,9.920000076293945,9.920000076293945,9.920000076293945,0,0.0,0.0
2021-11-11 00:00:00-05:00,9.920000076293945,9.920000076293945,9.920000076293945,9.920000076293945,0,0.0,0.0
2021-11-12 00:00:00-05:00,9.899999618530273,10.0,9.869999885559082,10.0,9823,0.0,0.0
2021-11-15 00:00:00-05:00,9.970000267028809,9.979999542236328,9.970000267028809,9.979999542236328,145000,0.0,0.0
2021-11-16 00:00:00-05:00,10.0,10.0,9.979999542236328,10.0,4397,0.0,0.0
2021-11-17 00:00:00-05:00,10.0,10.0,10.0,10.0,0,0.0,0.0
2021-11-18 00:00:00-05:00,10.0,10.0,10.0,10.0,0,0.0,0.0
2021-11-19 00:00:00-05:00,10.0,10.0,10.0,10.0,0,0.0,0.0
2021-11-22 00:00:00-05:00,9.920000076293945,9.960000038146973,9.880000114440918,9.920000076293945,6900,0.0,0.0
2021-11-23 00:00:00-05:00,9.920000076293945,9.920000076293945,9.920000076293945,9.920000076293945,0,0.0,0.0
2021-11-24 00:00:00-05:00,9.920000076293945,9.920000076293945,9.920000076293945,9.920000076293945,0,0.0,0.0
2021-11-26 00:00:00-05:00,10.050000190734863,10.050000190734863,10.050000190734863,10.050000190734863,1000,0.0,0.0
2021-11-29 00:00:00-05:00,10.0,10.0,10.0,10.0,1898,0.0,0.0
2021-11-30 00:00:00-05:00,10.0,10.0,10.0,10.0,0,0.0,0.0
2021-12-01 00:00:00-05:00,10.0,10.0,10.0,10.0,0,0.0,0.0
2021-12-02 00:00:00-05:00,10.0,10.0,10.0,10.0,0,0.0,0.0
2021-12-03 00:00:00-05:00,10.0,10.0,10.0,10.0,17967,0.0,0.0
2021-12-06 00:00:00-05:00,10.029999732971191,10.079999923706055,10.029999732971191,10.039999961853027,1328,0.0,0.0
2021-12-07 00:00:00-05:00,10.039999961853027,10.039999961853027,10.039999961853027,10.039999961853027,450,0.0,0.0
2021-12-08 00:00:00-05:00,10.039999961853027,10.039999961853027,10.039999961853027,10.039999961853027,0,0.0,0.0
2021-12-09 00:00:00-05:00,10.039999961853027,10.039999961853027,10.039999961853027,10.039999961853027,0,0.0,0.0
2021-12-10 00:00:00-05:00,10.039999961853027,10.039999961853027,10.039999961853027,10.039999961853027,700,0.0,0.0
2021-12-13 00:00:00-05:00,10.039999961853027,10.039999961853027,10.039999961853027,10.039999961853027,0,0.0,0.0
2021-12-14 00:00:00-05:00,10.039999961853027,10.039999961853027,10.039999961853027,10.039999961853027,0,0.0,0.0
2021-12-15 00:00:00-05:00,10.039999961853027,10.039999961853027,10.039999961853027,10.039999961853027,0,0.0,0.0
2021-12-16 00:00:00-05:00,10.039999961853027,10.039999961853027,10.039999961853027,10.039999961853027,0,0.0,0.0
2021-12-17 00:00:00-05:00,10.039999961853027,10.039999961853027,10.039999961853027,10.039999961853027,0,0.0,0.0
2021-12-20 00:00:00-05:00,10.039999961853027,10.039999961853027,10.039999961853027,10.039999961853027,0,0.0,0.0
2021-12-21 00:00:00-05:00,10.039999961853027,10.039999961853027,10.039999961853027,10.039999961853027,0,0.0,0.0
2021-12-22 00:00:00-05:00,10.039999961853027,10.039999961853027,10.039999961853027,10.039999961853027,0,0.0,0.0
2021-12-23 00:00:00-05:00,10.039999961853027,10.039999961853027,10.039999961853027,10.039999961853027,0,0.0,0.0
2021-12-27 00:00:00-05:00,10.039999961853027,10.039999961853027,10.039999961853027,10.039999961853027,0,0.0,0.0
2021-12-28 00:00:00-05:00,10.039999961853027,10.039999961853027,10.039999961853027,10.039999961853027,0,0.0,0.0
2021-12-29 00:00:00-05:00,10.039999961853027,10.039999961853027,10.039999961853027,10.039999961853027,0,0.0,0.0
2021-12-30 00:00:00-05:00,10.039999961853027,10.039999961853027,10.039999961853027,10.039999961853027,0,0.0,0.0
2021-12-31 00:00:00-05:00,10.039999961853027,10.039999961853027,10.039999961853027,10.039999961853027,0,0.0,0.0
2022-01-03 00:00:00-05:00,10.039999961853027,10.039999961853027,10.039999961853027,10.039999961853027,0,0.0,0.0
2022-01-04 00:00:00-05:00,10.039999961853027,10.039999961853027,10.039999961853027,10.039999961853027,0,0.0,0.0
2022-01-05 00:00:00-05:00,10.039999961853027,10.039999961853027,10.039999961853027,10.039999961853027,0,0.0,0.0
2022-01-06 00:00:00-05:00,10.039999961853027,10.039999961853027,10.039999961853027,10.039999961853027,0,0.0,0.0
2022-01-07 00:00:00-05:00,10.039999961853027,10.039999961853027,10.039999961853027,10.039999961853027,0,0.0,0.0
2022-01-10 00:00:00-05:00,10.039999961853027,10.039999961853027,10.039999961853027,10.039999961853027,0,0.0,0.0
2022-01-11 00:00:00-05:00,10.039999961853027,10.039999961853027,10.039999961853027,10.039999961853027,0,0.0,0.0
2022-01-12 00:00:00-05:00,10.039999961853027,10.039999961853027,10.039999961853027,10.039999961853027,0,0.0,0.0
2022-01-13 00:00:00-05:00,10.039999961853027,10.039999961853027,10.039999961853027,10.039999961853027,0,0.0,0.0
2022-01-14 00:00:00-05:00,10.039999961853027,10.039999961853027,10.039999961853027,10.039999961853027,0,0.0,0.0
2022-01-18 00:00:00-05:00,10.039999961853027,10.039999961853027,10.039999961853027,10.039999961853027,0,0.0,0.0
2022-01-19 00:00:00-05:00,10.039999961853027,10.039999961853027,10.039999961853027,10.039999961853027,0,0.0,0.0
2022-01-20 00:00:00-05:00,10.039999961853027,10.039999961853027,10.039999961853027,10.039999961853027,0,0.0,0.0
2022-01-21 00:00:00-05:00,9.949999809265137,9.949999809265137,9.949999809265137,9.949999809265137,49950,0.0,0.0
2022-01-24 00:00:00-05:00,9.899999618530273,9.900699615478516,9.89900016784668,9.899999618530273,4470,0.0,0.0
2022-01-25 00:00:00-05:00,9.880000114440918,9.880000114440918,9.869999885559082,9.880000114440918,3000,0.0,0.0
2022-01-26 00:00:00-05:00,9.899999618530273,9.899999618530273,9.899999618530273,9.899999618530273,800,0.0,0.0
2022-01-27 00:00:00-05:00,9.899999618530273,9.899999618530273,9.899999618530273,9.899999618530273,0,0.0,0.0
2022-01-28 00:00:00-05:00,9.869999885559082,9.869999885559082,9.869999885559082,9.869999885559082,100,0.0,0.0
2022-01-31 00:00:00-05:00,9.869999885559082,9.869999885559082,9.869999885559082,9.869999885559082,0,0.0,0.0
2022-02-01 00:00:00-05:00,9.869999885559082,9.869999885559082,9.869999885559082,9.869999885559082,0,0.0,0.0
2022-02-02 00:00:00-05:00,9.869999885559082,9.869999885559082,9.869999885559082,9.869999885559082,0,0.0,0.0
2022-02-03 00:00:00-05:00,9.869999885559082,9.869999885559082,9.869999885559082,9.869999885559082,0,0.0,0.0
2022-02-04 00:00:00-05:00,9.869999885559082,9.869999885559082,9.869999885559082,9.869999885559082,0,0.0,0.0
2022-02-07 00:00:00-05:00,9.869999885559082,9.869999885559082,9.869999885559082,9.869999885559082,0,0.0,0.0
2022-02-08 00:00:00-05:00,9.869999885559082,9.869999885559082,9.869999885559082,9.869999885559082,0,0.0,0.0
2022-02-09 00:00:00-05:00,9.869999885559082,9.869999885559082,9.869999885559082,9.869999885559082,0,0.0,0.0
2022-02-10 00:00:00-05:00,9.869999885559082,9.899999618530273,9.859999656677246,9.862000465393066,1000,0.0,0.0
2022-02-11 00:00:00-05:00,9.859999656677246,9.859999656677246,9.859999656677246,9.859999656677246,258,0.0,0.0
2022-02-14 00:00:00-05:00,9.859999656677246,9.859999656677246,9.859999656677246,9.859999656677246,250,0.0,0.0
2022-02-15 00:00:00-05:00,9.859999656677246,9.859999656677246,9.859999656677246,9.859999656677246,500,0.0,0.0
2022-02-16 00:00:00-05:00,9.859999656677246,9.859999656677246,9.859999656677246,9.859999656677246,0,0.0,0.0
2022-02-17 00:00:00-05:00,9.859999656677246,9.859999656677246,9.859999656677246,9.859999656677246,0,0.0,0.0
2022-02-18 00:00:00-05:00,9.859999656677246,9.859999656677246,9.859999656677246,9.859999656677246,0,0.0,0.0
2022-02-22 00:00:00-05:00,9.859999656677246,9.859999656677246,9.859999656677246,9.859999656677246,1422,0.0,0.0
2022-02-23 00:00:00-05:00,9.859999656677246,9.859999656677246,9.859999656677246,9.859999656677246,0,0.0,0.0
2022-02-24 00:00:00-05:00,9.859999656677246,9.859999656677246,9.859999656677246,9.859999656677246,0,0.0,0.0
2022-02-25 00:00:00-05:00,9.859999656677246,9.859999656677246,9.859999656677246,9.859999656677246,0,0.0,0.0
2022-02-28 00:00:00-05:00,9.859999656677246,9.859999656677246,9.8100004196167,9.8100004196167,3621,0.0,0.0
2022-03-01 00:00:00-05:00,9.850000381469727,9.850000381469727,9.819999694824219,9.819999694824219,2313,0.0,0.0
2022-03-02 00:00:00-05:00,9.850000381469727,9.885000228881836,9.850000381469727,9.885000228881836,900,0.0,0.0
2022-03-03 00:00:00-05:00,9.850000381469727,9.850000381469727,9.850000381469727,9.850000381469727,400,0.0,0.0
2022-03-04 00:00:00-05:00,9.90999984741211,9.930000305175781,9.90999984741211,9.929800033569336,500,0.0,0.0
2022-03-07 00:00:00-05:00,9.850000381469727,9.850000381469727,9.850000381469727,9.850000381469727,1000,0.0,0.0
2022-03-08 00:00:00-05:00,9.850000381469727,9.850000381469727,9.850000381469727,9.850000381469727,0,0.0,0.0
2022-03-09 00:00:00-05:00,9.850000381469727,9.850000381469727,9.850000381469727,9.850000381469727,1039,0.0,0.0
2022-03-10 00:00:00-05:00,9.850000381469727,9.850000381469727,9.850000381469727,9.850000381469727,0,0.0,0.0
2022-03-11 00:00:00-05:00,9.850000381469727,9.850000381469727,9.850000381469727,9.850000381469727,0,0.0,0.0
2022-03-14 00:00:00-04:00,9.850000381469727,9.850000381469727,9.850000381469727,9.850000381469727,0,0.0,0.0
2022-03-15 00:00:00-04:00,9.850000381469727,9.850000381469727,9.850000381469727,9.850000381469727,0,0.0,0.0
2022-03-16 00:00:00-04:00,9.850000381469727,9.850000381469727,9.850000381469727,9.850000381469727,0,0.0,0.0
2022-03-17 00:00:00-04:00,9.850000381469727,9.850000381469727,9.850000381469727,9.850000381469727,0,0.0,0.0
2022-03-18 00:00:00-04:00,9.850000381469727,9.850000381469727,9.850000381469727,9.850000381469727,0,0.0,0.0
2022-03-21 00:00:00-04:00,9.850000381469727,9.850000381469727,9.850000381469727,9.850000381469727,0,0.0,0.0
2022-03-22 00:00:00-04:00,9.850000381469727,9.850000381469727,9.850000381469727,9.850000381469727,0,0.0,0.0
2022-03-23 00:00:00-04:00,9.850000381469727,9.850000381469727,9.850000381469727,9.850000381469727,0,0.0,0.0
2022-03-24 00:00:00-04:00,9.819999694824219,9.819999694824219,9.819999694824219,9.819999694824219,267,0.0,0.0
2022-03-25 00:00:00-04:00,9.829999923706055,9.869999885559082,9.829999923706055,9.869999885559082,2024,0.0,0.0
2022-03-28 00:00:00-04:00,9.869999885559082,9.869999885559082,9.869999885559082,9.869999885559082,0,0.0,0.0
2022-03-29 00:00:00-04:00,9.869999885559082,9.869999885559082,9.869999885559082,9.869999885559082,0,0.0,0.0
2022-03-30 00:00:00-04:00,9.869999885559082,9.869999885559082,9.869999885559082,9.869999885559082,0,0.0,0.0
2022-03-31 00:00:00-04:00,9.869999885559082,9.869999885559082,9.869999885559082,9.869999885559082,0,0.0,0.0
2022-04-01 00:00:00-04:00,9.869999885559082,9.869999885559082,9.869999885559082,9.869999885559082,0,0.0,0.0
2022-04-04 00:00:00-04:00,9.820099830627441,9.84000015258789,9.8149995803833,9.84000015258789,14983,0.0,0.0
2022-04-05 00:00:00-04:00,9.84000015258789,9.84000015258789,9.84000015258789,9.84000015258789,0,0.0,0.0
2022-04-06 00:00:00-04:00,9.84000015258789,9.84000015258789,9.84000015258789,9.84000015258789,0,0.0,0.0
2022-04-07 00:00:00-04:00,9.84000015258789,9.84000015258789,9.84000015258789,9.84000015258789,0,0.0,0.0
2022-04-08 00:00:00-04:00,9.850000381469727,9.850000381469727,9.850000381469727,9.850000381469727,1574,0.0,0.0
2022-04-11 00:00:00-04:00,9.850000381469727,9.850000381469727,9.850000381469727,9.850000381469727,0,0.0,0.0
2022-04-12 00:00:00-04:00,9.829999923706055,9.869999885559082,9.829999923706055,9.850000381469727,1270,0.0,0.0
2022-04-13 00:00:00-04:00,9.850000381469727,9.850000381469727,9.850000381469727,9.850000381469727,0,0.0,0.0
2022-04-14 00:00:00-04:00,9.850000381469727,9.850000381469727,9.850000381469727,9.850000381469727,0,0.0,0.0
2022-04-18 00:00:00-04:00,9.850000381469727,9.850000381469727,9.850000381469727,9.850000381469727,0,0.0,0.0
2022-04-19 00:00:00-04:00,9.850000381469727,9.850000381469727,9.850000381469727,9.850000381469727,1900,0.0,0.0
2022-04-20 00:00:00-04:00,9.899999618530273,9.900400161743164,9.869999885559082,9.869999885559082,9900,0.0,0.0
2022-04-21 00:00:00-04:00,9.90999984741211,9.920100212097168,9.880000114440918,9.920100212097168,7119,0.0,0.0
2022-04-22 00:00:00-04:00,9.920100212097168,9.920100212097168,9.920100212097168,9.920100212097168,0,0.0,0.0
2022-04-25 00:00:00-04:00,9.920100212097168,9.920100212097168,9.920100212097168,9.920100212097168,0,0.0,0.0
2022-04-26 00:00:00-04:00,9.899999618530273,9.899999618530273,9.899999618530273,9.899999618530273,1000,0.0,0.0
2022-04-27 00:00:00-04:00,9.920000076293945,9.920000076293945,9.880000114440918,9.880000114440918,9782,0.0,0.0
2022-04-28 00:00:00-04:00,9.920000076293945,9.920000076293945,9.920000076293945,9.920000076293945,1400,0.0,0.0
2022-04-29 00:00:00-04:00,9.920000076293945,9.920000076293945,9.920000076293945,9.920000076293945,0,0.0,0.0
2022-05-02 00:00:00-04:00,9.920000076293945,9.920000076293945,9.869999885559082,9.869999885559082,1550,0.0,0.0
2022-05-03 00:00:00-04:00,9.869999885559082,9.869999885559082,9.869999885559082,9.869999885559082,0,0.0,0.0
2022-05-04 00:00:00-04:00,9.869999885559082,9.869999885559082,9.869999885559082,9.869999885559082,0,0.0,0.0
2022-05-05 00:00:00-04:00,9.869999885559082,9.869999885559082,9.869999885559082,9.869999885559082,0,0.0,0.0
2022-05-06 00:00:00-04:00,9.882100105285645,9.882100105285645,9.882100105285645,9.882100105285645,1400,0.0,0.0
2022-05-09 00:00:00-04:00,9.87030029296875,9.87030029296875,9.850000381469727,9.87030029296875,3700,0.0,0.0
2022-05-10 00:00:00-04:00,9.850000381469727,9.850000381469727,9.850000381469727,9.850000381469727,5000,0.0,0.0
2022-05-11 00:00:00-04:00,9.850000381469727,9.850000381469727,9.850000381469727,9.850000381469727,0,0.0,0.0
2022-05-12 00:00:00-04:00,9.850000381469727,9.850000381469727,9.850000381469727,9.850000381469727,0,0.0,0.0
2022-05-13 00:00:00-04:00,9.850000381469727,9.850000381469727,9.850000381469727,9.850000381469727,0,0.0,0.0
2022-05-16 00:00:00-04:00,9.829999923706055,9.829999923706055,9.819999694824219,9.819999694824219,78180,0.0,0.0
2022-05-17 00:00:00-04:00,9.8100004196167,9.8100004196167,9.800000190734863,9.800000190734863,21404,0.0,0.0
2022-05-18 00:00:00-04:00,9.800000190734863,9.800000190734863,9.789999961853027,9.789999961853027,38544,0.0,0.0
2022-05-19 00:00:00-04:00,9.789999961853027,9.789999961853027,9.789999961853027,9.789999961853027,0,0.0,0.0
2022-05-20 00:00:00-04:00,9.789999961853027,9.835000038146973,9.789999961853027,9.835000038146973,4670,0.0,0.0
2022-05-23 00:00:00-04:00,9.835000038146973,9.835000038146973,9.835000038146973,9.835000038146973,0,0.0,0.0
2022-05-24 00:00:00-04:00,9.789999961853027,9.789999961853027,9.779899597167969,9.779999732971191,10970,0.0,0.0
2022-05-25 00:00:00-04:00,9.779999732971191,9.779999732971191,9.779999732971191,9.779999732971191,0,0.0,0.0
2022-05-26 00:00:00-04:00,9.779999732971191,9.779999732971191,9.779999732971191,9.779999732971191,0,0.0,0.0
2022-05-27 00:00:00-04:00,9.779999732971191,9.779999732971191,9.779999732971191,9.779999732971191,0,0.0,0.0
2022-05-31 00:00:00-04:00,9.779999732971191,9.779999732971191,9.779999732971191,9.779999732971191,0,0.0,0.0
2022-06-01 00:00:00-04:00,9.779999732971191,9.779999732971191,9.779999732971191,9.779999732971191,0,0.0,0.0
2022-06-02 00:00:00-04:00,9.779999732971191,9.779999732971191,9.779999732971191,9.779999732971191,500,0.0,0.0
2022-06-03 00:00:00-04:00,9.824999809265137,9.824999809265137,9.824999809265137,9.824999809265137,711,0.0,0.0
2022-06-06 00:00:00-04:00,9.824999809265137,9.824999809265137,9.824999809265137,9.824999809265137,0,0.0,0.0
2022-06-07 00:00:00-04:00,9.824999809265137,9.824999809265137,9.824999809265137,9.824999809265137,0,0.0,0.0
2022-06-08 00:00:00-04:00,9.824999809265137,9.824999809265137,9.824999809265137,9.824999809265137,0,0.0,0.0
2022-06-09 00:00:00-04:00,9.824999809265137,9.824999809265137,9.824999809265137,9.824999809265137,0,0.0,0.0
2022-06-10 00:00:00-04:00,9.859999656677246,9.869999885559082,9.850000381469727,9.869999885559082,1952,0.0,0.0
2022-06-13 00:00:00-04:00,9.869999885559082,9.869999885559082,9.869999885559082,9.869999885559082,0,0.0,0.0
2022-06-14 00:00:00-04:00,9.819999694824219,9.827199935913086,9.819999694824219,9.827199935913086,5525,0.0,0.0
2022-06-15 00:00:00-04:00,9.8100004196167,9.843999862670898,9.8100004196167,9.843999862670898,200,0.0,0.0
2022-06-16 00:00:00-04:00,9.843999862670898,9.843999862670898,9.843999862670898,9.843999862670898,0,0.0,0.0
2022-06-17 00:00:00-04:00,9.843999862670898,9.843999862670898,9.843999862670898,9.843999862670898,0,0.0,0.0
2022-06-21 00:00:00-04:00,9.843999862670898,9.843999862670898,9.843999862670898,9.843999862670898,0,0.0,0.0
2022-06-22 00:00:00-04:00,9.843999862670898,9.843999862670898,9.843999862670898,9.843999862670898,0,0.0,0.0
2022-06-23 00:00:00-04:00,9.843999862670898,9.843999862670898,9.843999862670898,9.843999862670898,0,0.0,0.0
2022-06-24 00:00:00-04:00,9.800000190734863,9.800000190734863,9.770000457763672,9.770000457763672,500,0.0,0.0
2022-06-27 00:00:00-04:00,9.819999694824219,9.820099830627441,9.819999694824219,9.819999694824219,4768,0.0,0.0
2022-06-28 00:00:00-04:00,9.819999694824219,9.819999694824219,9.819999694824219,9.819999694824219,0,0.0,0.0
2022-06-29 00:00:00-04:00,9.819999694824219,9.819999694824219,9.819999694824219,9.819999694824219,100,0.0,0.0
2022-06-30 00:00:00-04:00,9.819999694824219,9.819999694824219,9.819999694824219,9.819999694824219,0,0.0,0.0
2022-07-01 00:00:00-04:00,9.819999694824219,9.819999694824219,9.819999694824219,9.819999694824219,0,0.0,0.0
2022-07-05 00:00:00-04:00,9.800000190734863,9.800000190734863,9.779999732971191,9.789999961853027,4120,0.0,0.0
2022-07-06 00:00:00-04:00,9.789999961853027,9.789999961853027,9.789999961853027,9.789999961853027,0,0.0,0.0
2022-07-07 00:00:00-04:00,9.800000190734863,9.800000190734863,9.800000190734863,9.800000190734863,100,0.0,0.0
2022-07-08 00:00:00-04:00,9.800000190734863,9.800000190734863,9.800000190734863,9.800000190734863,0,0.0,0.0
2022-07-11 00:00:00-04:00,9.829999923706055,9.829999923706055,9.824999809265137,9.829999923706055,3797,0.0,0.0
2022-07-12 00:00:00-04:00,9.829999923706055,9.829999923706055,9.829999923706055,9.829999923706055,0,0.0,0.0
2022-07-13 00:00:00-04:00,9.829999923706055,9.829999923706055,9.829999923706055,9.829999923706055,0,0.0,0.0
2022-07-14 00:00:00-04:00,9.829999923706055,9.829999923706055,9.829999923706055,9.829999923706055,0,0.0,0.0
2022-07-15 00:00:00-04:00,9.829999923706055,9.829999923706055,9.829999923706055,9.829999923706055,0,0.0,0.0
2022-07-18 00:00:00-04:00,9.829999923706055,9.829999923706055,9.829999923706055,9.829999923706055,0,0.0,0.0
2022-07-19 00:00:00-04:00,9.869999885559082,9.869999885559082,9.859999656677246,9.869999885559082,500,0.0,0.0
2022-07-20 00:00:00-04:00,9.869999885559082,9.869999885559082,9.869999885559082,9.869999885559082,100,0.0,0.0
2022-07-21 00:00:00-04:00,9.869999885559082,9.869999885559082,9.869999885559082,9.869999885559082,0,0.0,0.0
2022-07-22 00:00:00-04:00,9.869999885559082,9.869999885559082,9.859999656677246,9.869999885559082,1080,0.0,0.0
2022-07-25 00:00:00-04:00,9.869999885559082,9.869999885559082,9.869999885559082,9.869999885559082,400,0.0,0.0
2022-07-26 00:00:00-04:00,9.859999656677246,9.859999656677246,9.850000381469727,9.850000381469727,5000,0.0,0.0
2022-07-27 00:00:00-04:00,9.850000381469727,9.850000381469727,9.850000381469727,9.850000381469727,0,0.0,0.0
2022-07-28 00:00:00-04:00,9.850000381469727,9.850000381469727,9.850000381469727,9.850000381469727,100,0.0,0.0
2022-07-29 00:00:00-04:00,9.850000381469727,9.850000381469727,9.850000381469727,9.850000381469727,662,0.0,0.0
2022-08-01 00:00:00-04:00,9.869999885559082,9.869999885559082,9.869999885559082,9.869999885559082,100,0.0,0.0
2022-08-02 00:00:00-04:00,9.850099563598633,9.869999885559082,9.850000381469727,9.859999656677246,5400,0.0,0.0
2022-08-03 00:00:00-04:00,9.850000381469727,9.850000381469727,9.850000381469727,9.850000381469727,100,0.0,0.0
2022-08-04 00:00:00-04:00,9.850000381469727,9.850000381469727,9.850000381469727,9.850000381469727,0,0.0,0.0
2022-08-05 00:00:00-04:00,9.850000381469727,9.850000381469727,9.850000381469727,9.850000381469727,0,0.0,0.0
2022-08-08 00:00:00-04:00,9.850000381469727,9.850000381469727,9.850000381469727,9.850000381469727,0,0.0,0.0
2022-08-09 00:00:00-04:00,9.880000114440918,9.880000114440918,9.850000381469727,9.850000381469727,1890,0.0,0.0
2022-08-10 00:00:00-04:00,9.880000114440918,9.880000114440918,9.850000381469727,9.850000381469727,4060,0.0,0.0
2022-08-11 00:00:00-04:00,9.850000381469727,9.850000381469727,9.850000381469727,9.850000381469727,0,0.0,0.0
2022-08-12 00:00:00-04:00,9.850000381469727,9.850000381469727,9.850000381469727,9.850000381469727,0,0.0,0.0
2022-08-15 00:00:00-04:00,9.850099563598633,9.880000114440918,9.850000381469727,9.850000381469727,1370,0.0,0.0
2022-08-16 00:00:00-04:00,9.869999885559082,9.875,9.850000381469727,9.875,1870,0.0,0.0
2022-08-17 00:00:00-04:00,9.875,9.875,9.875,9.875,0,0.0,0.0
2022-08-18 00:00:00-04:00,9.829999923706055,9.829999923706055,9.8100004196167,9.8100004196167,2340,0.0,0.0
2022-08-19 00:00:00-04:00,9.8100004196167,9.8100004196167,9.8100004196167,9.8100004196167,0,0.0,0.0
2022-08-22 00:00:00-04:00,9.8100004196167,9.8100004196167,9.8100004196167,9.8100004196167,0,0.0,0.0
2022-08-23 00:00:00-04:00,9.8100004196167,9.8100004196167,9.8100004196167,9.8100004196167,0,0.0,0.0
2022-08-24 00:00:00-04:00,9.8100004196167,9.8100004196167,9.8100004196167,9.8100004196167,0,0.0,0.0
2022-08-25 00:00:00-04:00,9.8100004196167,9.8100004196167,9.8100004196167,9.8100004196167,0,0.0,0.0
2022-08-26 00:00:00-04:00,9.8100004196167,9.8100004196167,9.8100004196167,9.8100004196167,0,0.0,0.0
2022-08-29 00:00:00-04:00,9.8100004196167,9.8100004196167,9.8100004196167,9.8100004196167,0,0.0,0.0
2022-08-30 00:00:00-04:00,9.8100004196167,9.8100004196167,9.8100004196167,9.8100004196167,0,0.0,0.0
2022-08-31 00:00:00-04:00,9.8100004196167,9.8100004196167,9.8100004196167,9.8100004196167,0,0.0,0.0
2022-09-01 00:00:00-04:00,9.8100004196167,9.8100004196167,9.8100004196167,9.8100004196167,0,0.0,0.0
2022-09-02 00:00:00-04:00,10.0,10.0,10.0,10.0,500,0.0,0.0
2022-09-06 00:00:00-04:00,10.0,10.0,10.0,10.0,0,0.0,0.0
2022-09-07 00:00:00-04:00,10.0,10.0,10.0,10.0,0,0.0,0.0
2022-09-08 00:00:00-04:00,9.829999923706055,9.829999923706055,9.779999732971191,9.829999923706055,15957,0.0,0.0
2022-09-09 00:00:00-04:00,9.8100004196167,9.829999923706055,9.779999732971191,9.8100004196167,43086,0.0,0.0
2022-09-12 00:00:00-04:00,9.819999694824219,9.819999694824219,9.819999694824219,9.819999694824219,400,0.0,0.0
2022-09-13 00:00:00-04:00,9.819999694824219,9.819999694824219,9.819999694824219,9.819999694824219,0,0.0,0.0
2022-09-14 00:00:00-04:00,9.819999694824219,9.819999694824219,9.819999694824219,9.819999694824219,0,0.0,0.0
2022-09-15 00:00:00-04:00,9.829999923706055,9.829999923706055,9.819999694824219,9.819999694824219,40110,0.0,0.0
2022-09-16 00:00:00-04:00,9.819999694824219,9.819999694824219,9.819999694824219,9.819999694824219,0,0.0,0.0
2022-09-19 00:00:00-04:00,9.880000114440918,9.880000114440918,9.8100004196167,9.8100004196167,1270,0.0,0.0
2022-09-20 00:00:00-04:00,9.819999694824219,9.819999694824219,9.8100004196167,9.8100004196167,1100,0.0,0.0
2022-09-21 00:00:00-04:00,9.8100004196167,9.8100004196167,9.8100004196167,9.8100004196167,0,0.0,0.0
2022-09-22 00:00:00-04:00,9.8100004196167,9.8100004196167,9.8100004196167,9.8100004196167,0,0.0,0.0
2022-09-23 00:00:00-04:00,9.8100004196167,9.8100004196167,9.8100004196167,9.8100004196167,0,0.0,0.0
2022-09-26 00:00:00-04:00,9.8100004196167,9.8100004196167,9.8100004196167,9.8100004196167,0,0.0,0.0
2022-09-27 00:00:00-04:00,9.800000190734863,9.850000381469727,9.800000190734863,9.850000381469727,9960,0.0,0.0
2022-09-28 00:00:00-04:00,9.824999809265137,9.824999809265137,9.800000190734863,9.800000190734863,2240,0.0,0.0
2022-09-29 00:00:00-04:00,9.829999923706055,9.829999923706055,9.800000190734863,9.800000190734863,1650,0.0,0.0
2022-09-30 00:00:00-04:00,9.800000190734863,9.800000190734863,9.800000190734863,9.800000190734863,0,0.0,0.0
2022-10-03 00:00:00-04:00,9.800000190734863,9.800000190734863,9.800000190734863,9.800000190734863,0,0.0,0.0
2022-10-04 00:00:00-04:00,9.800000190734863,9.800000190734863,9.800000190734863,9.800000190734863,0,0.0,0.0
2022-10-05 00:00:00-04:00,9.800000190734863,9.800000190734863,9.800000190734863,9.800000190734863,0,0.0,0.0
2022-10-06 00:00:00-04:00,9.829999923706055,9.850000381469727,9.829999923706055,9.850000381469727,5878,0.0,0.0
2022-10-07 00:00:00-04:00,9.850000381469727,9.850000381469727,9.850000381469727,9.850000381469727,0,0.0,0.0
2022-10-10 00:00:00-04:00,9.829999923706055,9.829999923706055,9.829999923706055,9.829999923706055,526,0.0,0.0
2022-10-11 00:00:00-04:00,9.800000190734863,9.829999923706055,9.800000190734863,9.829999923706055,21453,0.0,0.0
2022-10-12 00:00:00-04:00,9.829999923706055,9.84000015258789,9.819999694824219,9.819999694824219,9260,0.0,0.0
2022-10-13 00:00:00-04:00,9.84000015258789,9.84000015258789,9.84000015258789,9.84000015258789,9741,0.0,0.0
2022-10-14 00:00:00-04:00,9.84000015258789,9.84000015258789,9.84000015258789,9.84000015258789,0,0.0,0.0
2022-10-17 00:00:00-04:00,9.8100004196167,9.8100004196167,9.8100004196167,9.8100004196167,300,0.0,0.0
2022-10-18 00:00:00-04:00,9.8100004196167,9.8100004196167,9.8100004196167,9.8100004196167,0,0.0,0.0
2022-10-19 00:00:00-04:00,9.8100004196167,9.8100004196167,9.8100004196167,9.8100004196167,0,0.0,0.0
2022-10-20 00:00:00-04:00,9.8100004196167,9.8100004196167,9.8100004196167,9.8100004196167,0,0.0,0.0
2022-10-21 00:00:00-04:00,9.850000381469727,9.85099983215332,9.850000381469727,9.850299835205078,5010,0.0,0.0
2022-10-24 00:00:00-04:00,9.869999885559082,9.869999885559082,9.850000381469727,9.850000381469727,5860,0.0,0.0
2022-10-25 00:00:00-04:00,9.850000381469727,9.850000381469727,9.850000381469727,9.850000381469727,0,0.0,0.0
2022-10-26 00:00:00-04:00,9.850000381469727,9.890000343322754,9.850000381469727,9.890000343322754,50859,0.0,0.0
2022-10-27 00:00:00-04:00,9.890000343322754,9.90999984741211,9.890000343322754,9.90999984741211,300,0.0,0.0
2022-10-28 00:00:00-04:00,9.920000076293945,9.930000305175781,9.920000076293945,9.930000305175781,1852,0.0,0.0
2022-10-31 00:00:00-04:00,9.930000305175781,9.930000305175781,9.930000305175781,9.930000305175781,0,0.0,0.0
2022-11-01 00:00:00-04:00,9.90999984741211,9.920000076293945,9.90999984741211,9.920000076293945,1500,0.0,0.0
2022-11-02 00:00:00-04:00,9.920000076293945,9.920000076293945,9.920000076293945,9.920000076293945,0,0.0,0.0
2022-11-03 00:00:00-04:00,9.920000076293945,9.920000076293945,9.920000076293945,9.920000076293945,0,0.0,0.0
2022-11-04 00:00:00-04:00,9.890000343322754,9.90999984741211,9.890000343322754,9.90999984741211,6062,0.0,0.0
2022-11-07 00:00:00-05:00,9.90999984741211,9.90999984741211,9.90999984741211,9.90999984741211,0,0.0,0.0
2022-11-08 00:00:00-05:00,10.15999984741211,10.15999984741211,10.15999984741211,10.15999984741211,100,0.0,0.0
2022-11-09 00:00:00-05:00,10.0,10.0,10.0,10.0,200,0.0,0.0
2022-11-10 00:00:00-05:00,10.0,10.0,10.0,10.0,0,0.0,0.0
2022-11-11 00:00:00-05:00,9.899999618530273,9.899999618530273,9.899999618530273,9.899999618530273,1553,0.0,0.0
2022-11-14 00:00:00-05:00,9.920000076293945,9.920000076293945,9.899999618530273,9.90999984741211,53709,0.0,0.0
2022-11-15 00:00:00-05:00,9.885000228881836,9.885000228881836,9.885000228881836,9.885000228881836,200,0.0,0.0
2022-11-16 00:00:00-05:00,9.885000228881836,9.885000228881836,9.885000228881836,9.885000228881836,0,0.0,0.0
2022-11-17 00:00:00-05:00,9.885000228881836,9.885000228881836,9.885000228881836,9.885000228881836,0,0.0,0.0
2022-11-18 00:00:00-05:00,9.885000228881836,9.885000228881836,9.885000228881836,9.885000228881836,0,0.0,0.0
2022-11-21 00:00:00-05:00,9.930000305175781,9.930000305175781,9.930000305175781,9.930000305175781,700,0.0,0.0
2022-11-22 00:00:00-05:00,9.949999809265137,9.949999809265137,9.949999809265137,9.949999809265137,500,0.0,0.0
2022-11-23 00:00:00-05:00,9.949999809265137,9.949999809265137,9.949999809265137,9.949999809265137,0,0.0,0.0
2022-11-25 00:00:00-05:00,9.949999809265137,9.949999809265137,9.949999809265137,9.949999809265137,0,0.0,0.0
2022-11-28 00:00:00-05:00,9.949999809265137,9.949999809265137,9.949999809265137,9.949999809265137,0,0.0,0.0
2022-11-29 00:00:00-05:00,9.920000076293945,9.920000076293945,9.920000076293945,9.920000076293945,1052,0.0,0.0
2022-11-30 00:00:00-05:00,9.920000076293945,9.920000076293945,9.920000076293945,9.920000076293945,0,0.0,0.0
2022-12-01 00:00:00-05:00,9.920000076293945,9.920000076293945,9.920000076293945,9.920000076293945,0,0.0,0.0
2022-12-02 00:00:00-05:00,9.960000038146973,9.960000038146973,9.899999618530273,9.899999618530273,3549,0.0,0.0
2022-12-05 00:00:00-05:00,9.930000305175781,9.930000305175781,9.930000305175781,9.930000305175781,400,0.0,0.0
2022-12-06 00:00:00-05:00,9.930000305175781,9.930000305175781,9.930000305175781,9.930000305175781,0,0.0,0.0
2022-12-07 00:00:00-05:00,9.949999809265137,9.949999809265137,9.899999618530273,9.9350004196167,7560,0.0,0.0
2022-12-08 00:00:00-05:00,9.9350004196167,9.9350004196167,9.9350004196167,9.9350004196167,0,0.0,0.0
2022-12-09 00:00:00-05:00,9.960000038146973,10.180000305175781,9.960000038146973,10.050000190734863,21963,0.0,0.0
2022-12-12 00:00:00-05:00,9.9399995803833,10.038399696350098,9.9399995803833,10.010000228881836,2686,0.0,0.0
2022-12-13 00:00:00-05:00,10.020000457763672,10.020000457763672,9.989999771118164,10.0,45796,0.0,0.0
2022-12-14 00:00:00-05:00,10.0,10.0,9.989999771118164,9.989999771118164,18377,0.0,0.0
2022-12-15 00:00:00-05:00,9.989999771118164,9.989999771118164,9.989999771118164,9.989999771118164,0,0.0,0.0
2022-12-16 00:00:00-05:00,9.989999771118164,9.989999771118164,9.989999771118164,9.989999771118164,0,0.0,0.0
2022-12-19 00:00:00-05:00,9.989999771118164,9.989999771118164,9.989999771118164,9.989999771118164,0,0.0,0.0
2022-12-20 00:00:00-05:00,9.990699768066406,9.990699768066406,9.990699768066406,9.990699768066406,309,0.0,0.0
2022-12-21 00:00:00-05:00,9.779999732971191,10.0,9.779999732971191,10.0,3426,0.0,0.0
2022-12-22 00:00:00-05:00,10.029999732971191,10.029999732971191,9.989999771118164,9.989999771118164,1700,0.0,0.0
2022-12-23 00:00:00-05:00,9.989999771118164,9.989999771118164,9.989999771118164,9.989999771118164,0,0.0,0.0
2022-12-27 00:00:00-05:00,9.989999771118164,9.989999771118164,9.989999771118164,9.989999771118164,0,0.0,0.0
2022-12-28 00:00:00-05:00,10.050000190734863,10.050000190734863,9.95259952545166,10.015000343322754,3500,0.0,0.0
2022-12-29 00:00:00-05:00,10.015000343322754,10.015000343322754,10.015000343322754,10.015000343322754,0,0.0,0.0
2022-12-30 00:00:00-05:00,10.0,10.020000457763672,10.0,10.0,2550,0.0,0.0
2023-01-03 00:00:00-05:00,10.0,10.0,10.0,10.0,0,0.0,0.0
2023-01-04 00:00:00-05:00,10.0,10.0,10.0,10.0,0,0.0,0.0
2023-01-05 00:00:00-05:00,10.0,10.0,10.0,10.0,0,0.0,0.0
2023-01-06 00:00:00-05:00,10.0,10.0,10.0,10.0,0,0.0,0.0
2023-01-09 00:00:00-05:00,10.0,10.0,10.0,10.0,0,0.0,0.0
2023-01-10 00:00:00-05:00,10.0,10.0,10.0,10.0,0,0.0,0.0
2023-01-11 00:00:00-05:00,10.0,10.0,10.0,10.0,0,0.0,0.0
2023-01-12 00:00:00-05:00,10.0,10.0,10.0,10.0,0,0.0,0.0
2023-01-13 00:00:00-05:00,10.0,10.0,10.0,10.0,0,0.0,0.0
2023-01-17 00:00:00-05:00,10.050000190734863,10.050000190734863,10.010000228881836,10.050000190734863,1787,0.0,0.0
2023-01-18 00:00:00-05:00,10.050000190734863,10.050000190734863,10.050000190734863,10.050000190734863,0,0.0,0.0
2023-01-19 00:00:00-05:00,10.074999809265137,10.074999809265137,10.074999809265137,10.074999809265137,532,0.0,0.0
2023-01-20 00:00:00-05:00,10.079999923706055,10.079999923706055,10.079999923706055,10.079999923706055,149,0.0,0.0
2023-01-23 00:00:00-05:00,10.130000114440918,10.130000114440918,10.0600004196167,10.0600004196167,8326,0.0,0.0
2023-01-24 00:00:00-05:00,10.069999694824219,10.069999694824219,10.069999694824219,10.069999694824219,119198,0.0,0.0
2023-01-25 00:00:00-05:00,10.069999694824219,10.069999694824219,10.069999694824219,10.069999694824219,0,0.0,0.0
2023-01-26 00:00:00-05:00,10.069999694824219,10.069999694824219,10.069999694824219,10.069999694824219,0,0.0,0.0
2023-01-27 00:00:00-05:00,10.069999694824219,10.069999694824219,10.069999694824219,10.069999694824219,0,0.0,0.0
2023-01-30 00:00:00-05:00,10.119999885559082,10.119999885559082,10.119999885559082,10.119999885559082,226,0.0,0.0
2023-01-31 00:00:00-05:00,10.119999885559082,10.119999885559082,10.119999885559082,10.119999885559082,0,0.0,0.0
2023-02-01 00:00:00-05:00,10.119999885559082,10.119999885559082,10.119999885559082,10.119999885559082,0,0.0,0.0
2023-02-02 00:00:00-05:00,10.119999885559082,10.119999885559082,10.119999885559082,10.119999885559082,0,0.0,0.0
2023-02-03 00:00:00-05:00,10.119999885559082,10.119999885559082,10.119999885559082,10.119999885559082,0,0.0,0.0
2023-02-06 00:00:00-05:00,10.100500106811523,10.100500106811523,10.100000381469727,10.100000381469727,28033,0.0,0.0
2023-02-07 00:00:00-05:00,10.100000381469727,10.100000381469727,10.100000381469727,10.100000381469727,0,0.0,0.0
2023-02-08 00:00:00-05:00,10.100000381469727,10.100000381469727,10.100000381469727,10.100000381469727,0,0.0,0.0
2023-02-09 00:00:00-05:00,10.09000015258789,10.09000015258789,10.079999923706055,10.079999923706055,7110,0.0,0.0
2023-02-10 00:00:00-05:00,10.079999923706055,10.079999923706055,10.079999923706055,10.079999923706055,0,0.0,0.0
2023-02-13 00:00:00-05:00,10.100000381469727,10.100000381469727,10.100000381469727,10.100000381469727,42138,0.0,0.0
2023-02-14 00:00:00-05:00,10.100000381469727,10.100000381469727,10.100000381469727,10.100000381469727,0,0.0,0.0
2023-02-15 00:00:00-05:00,10.100000381469727,10.100000381469727,10.100000381469727,10.100000381469727,0,0.0,0.0
2023-02-16 00:00:00-05:00,10.100000381469727,10.100000381469727,10.100000381469727,10.100000381469727,0,0.0,0.0
2023-02-17 00:00:00-05:00,10.100000381469727,10.100000381469727,10.100000381469727,10.100000381469727,0,0.0,0.0
2023-02-21 00:00:00-05:00,10.100000381469727,10.100000381469727,10.100000381469727,10.100000381469727,0,0.0,0.0
2023-02-22 00:00:00-05:00,10.100000381469727,10.100000381469727,10.100000381469727,10.100000381469727,0,0.0,0.0
2023-02-23 00:00:00-05:00,10.100000381469727,10.100000381469727,10.100000381469727,10.100000381469727,0,0.0,0.0
2023-02-24 00:00:00-05:00,10.16100025177002,10.170000076293945,10.100000381469727,10.170000076293945,20386,0.0,0.0
2023-02-27 00:00:00-05:00,10.164999961853027,10.170000076293945,10.15999984741211,10.170000076293945,1755,0.0,0.0
2023-02-28 00:00:00-05:00,10.170000076293945,10.170000076293945,10.170000076293945,10.170000076293945,0,0.0,0.0
2023-03-01 00:00:00-05:00,10.170000076293945,10.170000076293945,10.170000076293945,10.170000076293945,0,0.0,0.0
2023-03-02 00:00:00-05:00,10.170000076293945,10.170000076293945,10.170000076293945,10.170000076293945,0,0.0,0.0
2023-03-03 00:00:00-05:00,10.170000076293945,10.170000076293945,10.170000076293945,10.170000076293945,0,0.0,0.0
2023-03-06 00:00:00-05:00,10.170000076293945,10.170000076293945,10.170000076293945,10.170000076293945,0,0.0,0.0
2023-03-07 00:00:00-05:00,10.170000076293945,10.180000305175781,10.100000381469727,10.180000305175781,5900,0.0,0.0
2023-03-08 00:00:00-05:00,10.180000305175781,10.180000305175781,10.180000305175781,10.180000305175781,5492,0.0,0.0
2023-03-09 00:00:00-05:00,10.180000305175781,10.680000305175781,10.180000305175781,10.180000305175781,7360,0.0,0.0
2023-03-10 00:00:00-05:00,10.180000305175781,10.180000305175781,10.180000305175781,10.180000305175781,0,0.0,0.0
2023-03-13 00:00:00-04:00,10.180000305175781,10.180000305175781,10.180000305175781,10.180000305175781,0,0.0,0.0
2023-03-14 00:00:00-04:00,10.170000076293945,10.170000076293945,10.170000076293945,10.170000076293945,5000,0.0,0.0
2023-03-15 00:00:00-04:00,10.25,10.25,9.260000228881836,10.140000343322754,17478,0.0,0.0
2023-03-16 00:00:00-04:00,10.494999885559082,10.907600402832031,10.0600004196167,10.100000381469727,20910,0.0,0.0
2023-03-17 00:00:00-04:00,10.100000381469727,10.100000381469727,10.100000381469727,10.100000381469727,500,0.0,0.0
2023-03-20 00:00:00-04:00,10.1899995803833,10.272100448608398,10.1899995803833,10.220000267028809,496,0.0,0.0
2023-03-21 00:00:00-04:00,10.220000267028809,10.220000267028809,10.220000267028809,10.220000267028809,0,0.0,0.0
2023-03-22 00:00:00-04:00,10.229999542236328,10.229999542236328,10.1899995803833,10.229999542236328,6000,0.0,0.0
2023-03-23 00:00:00-04:00,10.199999809265137,11.1899995803833,10.170000076293945,10.210100173950195,4820,0.0,0.0
2023-03-24 00:00:00-04:00,10.25,10.260000228881836,10.25,10.260000228881836,821,0.0,0.0
2023-03-27 00:00:00-04:00,10.260000228881836,10.260000228881836,10.260000228881836,10.260000228881836,0,0.0,0.0
2023-03-28 00:00:00-04:00,10.1899995803833,10.300000190734863,10.1899995803833,10.300000190734863,300,0.0,0.0
2023-03-29 00:00:00-04:00,10.300000190734863,10.300000190734863,10.300000190734863,10.300000190734863,0,0.0,0.0
2023-03-30 00:00:00-04:00,10.300000190734863,10.300000190734863,10.300000190734863,10.300000190734863,0,0.0,0.0
2023-03-31 00:00:00-04:00,10.319999694824219,10.319999694824219,10.319999694824219,10.319999694824219,200,0.0,0.0
2023-04-03 00:00:00-04:00,10.319999694824219,10.319999694824219,10.319999694824219,10.319999694824219,0,0.0,0.0
2023-04-04 00:00:00-04:00,10.319999694824219,10.319999694824219,10.319999694824219,10.319999694824219,0,0.0,0.0
2023-04-05 00:00:00-04:00,10.319999694824219,10.319999694824219,10.319999694824219,10.319999694824219,0,0.0,0.0
2023-04-06 00:00:00-04:00,10.399999618530273,10.399999618530273,10.399999618530273,10.399999618530273,100,0.0,0.0
2023-04-10 00:00:00-04:00,10.399999618530273,10.399999618530273,10.399999618530273,10.399999618530273,0,0.0,0.0
2023-04-11 00:00:00-04:00,10.399999618530273,10.399999618530273,10.399999618530273,10.399999618530273,0,0.0,0.0
2023-04-12 00:00:00-04:00,10.399999618530273,10.399999618530273,10.399999618530273,10.399999618530273,0,0.0,0.0
2023-04-13 00:00:00-04:00,10.399999618530273,10.399999618530273,10.399999618530273,10.399999618530273,0,0.0,0.0
2023-04-14 00:00:00-04:00,10.399999618530273,10.399999618530273,10.399999618530273,10.399999618530273,0,0.0,0.0
2023-04-17 00:00:00-04:00,10.399999618530273,10.399999618530273,10.399999618530273,10.399999618530273,0,0.0,0.0
2023-04-18 00:00:00-04:00,10.399999618530273,10.399999618530273,10.399999618530273,10.399999618530273,0,0.0,0.0
2023-04-19 00:00:00-04:00,10.399999618530273,10.399999618530273,10.399999618530273,10.399999618530273,0,0.0,0.0
2023-04-20 00:00:00-04:00,10.399999618530273,10.399999618530273,10.399999618530273,10.399999618530273,0,0.0,0.0
2023-04-21 00:00:00-04:00,10.399999618530273,10.399999618530273,10.399999618530273,10.399999618530273,0,0.0,0.0
2023-04-24 00:00:00-04:00,10.399999618530273,10.399999618530273,10.399999618530273,10.399999618530273,0,0.0,0.0
2023-04-25 00:00:00-04:00,10.399999618530273,10.399999618530273,10.399999618530273,10.399999618530273,0,0.0,0.0
2023-04-26 00:00:00-04:00,10.399999618530273,10.399999618530273,10.399999618530273,10.399999618530273,0,0.0,0.0
2023-04-27 00:00:00-04:00,10.399999618530273,10.399999618530273,10.399999618530273,10.399999618530273,0,0.0,0.0
2023-04-28 00:00:00-04:00,10.399999618530273,10.399999618530273,10.399999618530273,10.399999618530273,0,0.0,0.0
2023-05-01 00:00:00-04:00,10.399999618530273,10.399999618530273,10.399999618530273,10.399999618530273,0,0.0,0.0
2023-05-02 00:00:00-04:00,10.399999618530273,10.399999618530273,10.399999618530273,10.399999618530273,0,0.0,0.0
2023-05-03 00:00:00-04:00,10.399999618530273,10.399999618530273,10.399999618530273,10.399999618530273,0,0.0,0.0
2023-05-04 00:00:00-04:00,10.399999618530273,10.399999618530273,10.399999618530273,10.399999618530273,0,0.0,0.0
2023-05-05 00:00:00-04:00,10.399999618530273,10.399999618530273,10.399999618530273,10.399999618530273,0,0.0,0.0
2023-05-08 00:00:00-04:00,10.329999923706055,10.462400436401367,10.279999732971191,10.329999923706055,1351,0.0,0.0
2023-05-09 00:00:00-04:00,10.329999923706055,10.329999923706055,10.329999923706055,10.329999923706055,0,0.0,0.0
2023-05-10 00:00:00-04:00,10.329999923706055,10.329999923706055,10.329999923706055,10.329999923706055,0,0.0,0.0
2023-05-11 00:00:00-04:00,10.329999923706055,10.329999923706055,10.329999923706055,10.329999923706055,0,0.0,0.0
2023-05-12 00:00:00-04:00,10.329999923706055,10.329999923706055,10.329999923706055,10.329999923706055,0,0.0,0.0
2023-05-15 00:00:00-04:00,10.329999923706055,10.329999923706055,10.329999923706055,10.329999923706055,0,0.0,0.0
2023-05-16 00:00:00-04:00,10.329999923706055,10.329999923706055,10.329999923706055,10.329999923706055,0,0.0,0.0
2023-05-17 00:00:00-04:00,10.329999923706055,10.329999923706055,10.329999923706055,10.329999923706055,0,0.0,0.0
2023-05-18 00:00:00-04:00,10.329999923706055,10.329999923706055,10.329999923706055,10.329999923706055,0,0.0,0.0
2023-05-19 00:00:00-04:00,10.329999923706055,10.329999923706055,10.329999923706055,10.329999923706055,0,0.0,0.0
2023-05-22 00:00:00-04:00,10.329999923706055,10.329999923706055,10.329999923706055,10.329999923706055,0,0.0,0.0
2023-05-23 00:00:00-04:00,10.329999923706055,10.329999923706055,10.329999923706055,10.329999923706055,0,0.0,0.0
2023-05-24 00:00:00-04:00,10.380000114440918,10.380000114440918,10.380000114440918,10.380000114440918,1564,0.0,0.0
2023-05-25 00:00:00-04:00,10.380000114440918,10.380000114440918,10.380000114440918,10.380000114440918,0,0.0,0.0
2023-05-26 00:00:00-04:00,10.380000114440918,10.380000114440918,10.380000114440918,10.380000114440918,0,0.0,0.0
2023-05-30 00:00:00-04:00,10.380000114440918,10.380000114440918,10.380000114440918,10.380000114440918,0,0.0,0.0
2023-05-31 00:00:00-04:00,10.380000114440918,10.380000114440918,10.380000114440918,10.380000114440918,0,0.0,0.0
2023-06-01 00:00:00-04:00,10.380000114440918,10.380000114440918,10.380000114440918,10.380000114440918,0,0.0,0.0
2023-06-02 00:00:00-04:00,10.40999984741211,10.40999984741211,10.40999984741211,10.40999984741211,300,0.0,0.0
2023-06-05 00:00:00-04:00,10.40999984741211,10.40999984741211,10.40999984741211,10.40999984741211,0,0.0,0.0
2023-06-06 00:00:00-04:00,10.40999984741211,10.40999984741211,10.40999984741211,10.40999984741211,0,0.0,0.0
2023-06-07 00:00:00-04:00,10.40999984741211,10.40999984741211,10.40999984741211,10.40999984741211,0,0.0,0.0
2023-06-08 00:00:00-04:00,10.40999984741211,10.40999984741211,10.40999984741211,10.40999984741211,0,0.0,0.0
2023-06-09 00:00:00-04:00,10.40999984741211,10.40999984741211,10.40999984741211,10.40999984741211,0,0.0,0.0
2023-06-12 00:00:00-04:00,10.40999984741211,10.40999984741211,10.40999984741211,10.40999984741211,0,0.0,0.0
2023-06-13 00:00:00-04:00,10.40999984741211,10.40999984741211,10.40999984741211,10.40999984741211,0,0.0,0.0
2023-06-14 00:00:00-04:00,10.40999984741211,10.40999984741211,10.40999984741211,10.40999984741211,0,0.0,0.0
2023-06-15 00:00:00-04:00,10.40999984741211,10.40999984741211,10.40999984741211,10.40999984741211,0,0.0,0.0
2023-06-16 00:00:00-04:00,10.40999984741211,10.40999984741211,10.40999984741211,10.40999984741211,0,0.0,0.0
2023-06-20 00:00:00-04:00,10.40999984741211,10.40999984741211,10.40999984741211,10.40999984741211,0,0.0,0.0
2023-06-21 00:00:00-04:00,10.40999984741211,10.40999984741211,10.40999984741211,10.40999984741211,0,0.0,0.0
2023-06-22 00:00:00-04:00,10.40999984741211,10.40999984741211,10.40999984741211,10.40999984741211,0,0.0,0.0
2023-06-23 00:00:00-04:00,10.40999984741211,10.40999984741211,10.40999984741211,10.40999984741211,0,0.0,0.0
2023-06-26 00:00:00-04:00,10.40999984741211,10.40999984741211,10.40999984741211,10.40999984741211,0,0.0,0.0
2023-06-27 00:00:00-04:00,10.40999984741211,10.40999984741211,10.40999984741211,10.40999984741211,0,0.0,0.0
2023-06-28 00:00:00-04:00,10.40999984741211,10.40999984741211,10.40999984741211,10.40999984741211,0,0.0,0.0
2023-06-29 00:00:00-04:00,10.430000305175781,10.430000305175781,10.430000305175781,10.430000305175781,299,0.0,0.0
2023-06-30 00:00:00-04:00,10.430000305175781,10.430000305175781,10.430000305175781,10.430000305175781,0,0.0,0.0
2023-07-03 00:00:00-04:00,10.430000305175781,10.430000305175781,10.430000305175781,10.430000305175781,500,0.0,0.0
2023-07-05 00:00:00-04:00,10.430000305175781,10.430000305175781,10.430000305175781,10.430000305175781,0,0.0,0.0
2023-07-06 00:00:00-04:00,10.489999771118164,10.489999771118164,10.489999771118164,10.489999771118164,200,0.0,0.0
2023-07-07 00:00:00-04:00,10.489999771118164,10.489999771118164,10.489999771118164,10.489999771118164,0,0.0,0.0
2023-07-10 00:00:00-04:00,10.489999771118164,10.489999771118164,10.489999771118164,10.489999771118164,0,0.0,0.0
2023-07-11 00:00:00-04:00,10.489999771118164,10.489999771118164,10.489999771118164,10.489999771118164,0,0.0,0.0
2023-07-12 00:00:00-04:00,10.489999771118164,10.489999771118164,10.489999771118164,10.489999771118164,0,0.0,0.0
2023-07-13 00:00:00-04:00,10.550000190734863,10.600000381469727,10.550000190734863,10.600000381469727,3200,0.0,0.0
2023-07-14 00:00:00-04:00,10.600000381469727,10.600000381469727,10.600000381469727,10.600000381469727,0,0.0,0.0
2023-07-17 00:00:00-04:00,10.600000381469727,10.600000381469727,10.600000381469727,10.600000381469727,0,0.0,0.0
2023-07-18 00:00:00-04:00,10.600000381469727,10.600000381469727,10.600000381469727,10.600000381469727,0,0.0,0.0
2023-07-19 00:00:00-04:00,10.600000381469727,10.600000381469727,10.600000381469727,10.600000381469727,0,0.0,0.0
2023-07-20 00:00:00-04:00,10.600000381469727,10.600000381469727,10.600000381469727,10.600000381469727,0,0.0,0.0
2023-07-21 00:00:00-04:00,10.600000381469727,10.600000381469727,10.600000381469727,10.600000381469727,0,0.0,0.0
2023-07-24 00:00:00-04:00,10.649999618530273,10.649999618530273,10.640000343322754,10.649999618530273,1000,0.0,0.0
2023-07-25 00:00:00-04:00,10.649999618530273,10.649999618530273,10.649999618530273,10.649999618530273,0,0.0,0.0
2023-07-26 00:00:00-04:00,10.649999618530273,10.649999618530273,10.649999618530273,10.649999618530273,0,0.0,0.0
2023-07-27 00:00:00-04:00,10.649999618530273,10.649999618530273,10.649999618530273,10.649999618530273,0,0.0,0.0
2023-07-28 00:00:00-04:00,10.649999618530273,10.649999618530273,10.649999618530273,10.649999618530273,0,0.0,0.0
2023-07-31 00:00:00-04:00,10.649999618530273,10.649999618530273,10.649999618530273,10.649999618530273,0,0.0,0.0
2023-08-01 00:00:00-04:00,10.649999618530273,10.649999618530273,10.649999618530273,10.649999618530273,0,0.0,0.0
2023-08-02 00:00:00-04:00,10.649999618530273,10.649999618530273,10.649999618530273,10.649999618530273,0,0.0,0.0
2023-08-03 00:00:00-04:00,10.649999618530273,10.649999618530273,10.649999618530273,10.649999618530273,0,0.0,0.0
2023-08-04 00:00:00-04:00,10.649999618530273,10.649999618530273,10.649999618530273,10.649999618530273,0,0.0,0.0
2023-08-07 00:00:00-04:00,10.649999618530273,10.649999618530273,10.649999618530273,10.649999618530273,0,0.0,0.0
2023-08-08 00:00:00-04:00,10.649999618530273,10.649999618530273,10.649999618530273,10.649999618530273,0,0.0,0.0
2023-08-09 00:00:00-04:00,10.649999618530273,10.649999618530273,10.649999618530273,10.649999618530273,0,0.0,0.0
2023-08-10 00:00:00-04:00,10.649999618530273,10.649999618530273,10.649999618530273,10.649999618530273,0,0.0,0.0
2023-08-11 00:00:00-04:00,10.649999618530273,10.649999618530273,10.649999618530273,10.649999618530273,0,0.0,0.0
2023-08-14 00:00:00-04:00,10.649999618530273,10.649999618530273,10.649999618530273,10.649999618530273,0,0.0,0.0
2023-08-15 00:00:00-04:00,10.649999618530273,10.649999618530273,10.649999618530273,10.649999618530273,0,0.0,0.0
2023-08-16 00:00:00-04:00,10.649999618530273,10.649999618530273,10.649999618530273,10.649999618530273,0,0.0,0.0
2023-08-17 00:00:00-04:00,10.649999618530273,10.649999618530273,10.649999618530273,10.649999618530273,0,0.0,0.0
2023-08-18 00:00:00-04:00,10.649999618530273,10.649999618530273,10.649999618530273,10.649999618530273,0,0.0,0.0
2023-08-21 00:00:00-04:00,10.649999618530273,10.649999618530273,10.649999618530273,10.649999618530273,0,0.0,0.0
2023-08-22 00:00:00-04:00,10.649999618530273,10.649999618530273,10.649999618530273,10.649999618530273,0,0.0,0.0
2023-08-23 00:00:00-04:00,10.649999618530273,10.649999618530273,10.649999618530273,10.649999618530273,0,0.0,0.0
2023-08-24 00:00:00-04:00,10.649999618530273,10.649999618530273,10.649999618530273,10.649999618530273,0,0.0,0.0
2023-08-25 00:00:00-04:00,10.649999618530273,10.649999618530273,10.649999618530273,10.649999618530273,0,0.0,0.0
2023-08-28 00:00:00-04:00,10.649999618530273,10.649999618530273,10.649999618530273,10.649999618530273,0,0.0,0.0
2023-08-29 00:00:00-04:00,10.649999618530273,10.649999618530273,10.649999618530273,10.649999618530273,0,0.0,0.0
2023-08-30 00:00:00-04:00,10.649999618530273,10.649999618530273,10.649999618530273,10.649999618530273,0,0.0,0.0
2023-08-31 00:00:00-04:00,10.649999618530273,10.649999618530273,10.649999618530273,10.649999618530273,0,0.0,0.0
2023-09-01 00:00:00-04:00,10.649999618530273,10.649999618530273,10.649999618530273,10.649999618530273,0,0.0,0.0
2023-09-05 00:00:00-04:00,10.649999618530273,10.649999618530273,10.649999618530273,10.649999618530273,0,0.0,0.0
2023-09-06 00:00:00-04:00,10.649999618530273,10.649999618530273,10.649999618530273,10.649999618530273,0,0.0,0.0
2023-09-07 00:00:00-04:00,10.649999618530273,10.649999618530273,10.649999618530273,10.649999618530273,0,0.0,0.0
2023-09-08 00:00:00-04:00,10.649999618530273,10.649999618530273,10.649999618530273,10.649999618530273,0,0.0,0.0
2023-09-11 00:00:00-04:00,10.649999618530273,10.649999618530273,10.649999618530273,10.649999618530273,0,0.0,0.0
2023-09-12 00:00:00-04:00,10.649999618530273,10.649999618530273,10.649999618530273,10.649999618530273,0,0.0,0.0
2023-09-13 00:00:00-04:00,10.649999618530273,10.649999618530273,10.649999618530273,10.649999618530273,0,0.0,0.0
2023-09-14 00:00:00-04:00,10.649999618530273,10.649999618530273,10.649999618530273,10.649999618530273,0,0.0,0.0
2023-09-15 00:00:00-04:00,10.649999618530273,10.649999618530273,10.649999618530273,10.649999618530273,0,0.0,0.0
2023-09-18 00:00:00-04:00,10.649999618530273,10.649999618530273,10.649999618530273,10.649999618530273,0,0.0,0.0
2023-09-19 00:00:00-04:00,10.430000305175781,10.430000305175781,10.430000305175781,10.430000305175781,10000,0.0,0.0
2023-09-20 00:00:00-04:00,10.449999809265137,10.449999809265137,10.449999809265137,10.449999809265137,1500,0.0,0.0
2023-09-21 00:00:00-04:00,10.449999809265137,10.449999809265137,10.449999809265137,10.449999809265137,0,0.0,0.0
2023-09-22 00:00:00-04:00,10.449999809265137,10.449999809265137,10.449999809265137,10.449999809265137,0,0.0,0.0
2023-09-25 00:00:00-04:00,10.449999809265137,10.449999809265137,10.449999809265137,10.449999809265137,0,0.0,0.0
2023-09-26 00:00:00-04:00,10.449999809265137,10.449999809265137,10.449999809265137,10.449999809265137,0,0.0,0.0
2023-09-27 00:00:00-04:00,10.449999809265137,10.449999809265137,10.449999809265137,10.449999809265137,0,0.0,0.0
2023-09-28 00:00:00-04:00,10.449999809265137,10.449999809265137,10.449999809265137,10.449999809265137,0,0.0,0.0
2023-09-29 00:00:00-04:00,10.449999809265137,10.449999809265137,10.449999809265137,10.449999809265137,0,0.0,0.0
2023-10-02 00:00:00-04:00,10.5,10.5,10.5,10.5,1000,0.0,0.0
2023-10-03 00:00:00-04:00,10.6899995803833,10.6899995803833,10.6899995803833,10.6899995803833,110,0.0,0.0
2023-10-04 00:00:00-04:00,10.6899995803833,10.6899995803833,10.6899995803833,10.6899995803833,0,0.0,0.0
2023-10-05 00:00:00-04:00,10.520000457763672,10.520000457763672,10.520000457763672,10.520000457763672,100,0.0,0.0
2023-10-06 00:00:00-04:00,10.520000457763672,10.520000457763672,10.520000457763672,10.520000457763672,0,0.0,0.0
2023-10-09 00:00:00-04:00,10.520000457763672,10.520000457763672,10.520000457763672,10.520000457763672,0,0.0,0.0
2023-10-10 00:00:00-04:00,10.520000457763672,10.520000457763672,10.520000457763672,10.520000457763672,0,0.0,0.0
2023-10-11 00:00:00-04:00,10.520000457763672,10.520000457763672,10.520000457763672,10.520000457763672,0,0.0,0.0
2023-10-12 00:00:00-04:00,10.09000015258789,10.09000015258789,10.09000015258789,10.09000015258789,100,0.0,0.0
2023-10-13 00:00:00-04:00,10.09000015258789,10.09000015258789,10.09000015258789,10.09000015258789,0,0.0,0.0
2023-10-16 00:00:00-04:00,10.09000015258789,10.09000015258789,10.09000015258789,10.09000015258789,0,0.0,0.0
2023-10-17 00:00:00-04:00,10.09000015258789,10.09000015258789,10.09000015258789,10.09000015258789,0,0.0,0.0
2023-10-18 00:00:00-04:00,10.09000015258789,10.09000015258789,10.09000015258789,10.09000015258789,0,0.0,0.0
2023-10-19 00:00:00-04:00,10.09000015258789,10.09000015258789,10.09000015258789,10.09000015258789,0,0.0,0.0
2023-10-20 00:00:00-04:00,10.09000015258789,10.09000015258789,10.09000015258789,10.09000015258789,0,0.0,0.0
2023-10-23 00:00:00-04:00,10.09000015258789,10.09000015258789,10.09000015258789,10.09000015258789,0,0.0,0.0
2023-10-24 00:00:00-04:00,10.09000015258789,10.09000015258789,10.09000015258789,10.09000015258789,0,0.0,0.0
2023-10-25 00:00:00-04:00,10.600000381469727,10.600000381469727,10.600000381469727,10.600000381469727,3000,0.0,0.0
2023-10-26 00:00:00-04:00,10.600000381469727,10.600000381469727,10.600000381469727,10.600000381469727,0,0.0,0.0
2023-10-27 00:00:00-04:00,10.600000381469727,10.600000381469727,10.600000381469727,10.600000381469727,0,0.0,0.0
2023-10-30 00:00:00-04:00,10.600000381469727,10.600000381469727,10.600000381469727,10.600000381469727,0,0.0,0.0
2023-10-31 00:00:00-04:00,10.600000381469727,10.600000381469727,10.600000381469727,10.600000381469727,0,0.0,0.0
2023-11-01 00:00:00-04:00,10.600000381469727,10.600000381469727,10.600000381469727,10.600000381469727,0,0.0,0.0
2023-11-02 00:00:00-04:00,10.600000381469727,10.600000381469727,10.600000381469727,10.600000381469727,0,0.0,0.0
2023-11-03 00:00:00-04:00,10.600000381469727,10.600000381469727,10.600000381469727,10.600000381469727,0,0.0,0.0
2023-11-06 00:00:00-05:00,10.600000381469727,10.600000381469727,10.600000381469727,10.600000381469727,0,0.0,0.0
2023-11-07 00:00:00-05:00,10.600000381469727,10.600000381469727,10.600000381469727,10.600000381469727,0,0.0,0.0
2023-11-08 00:00:00-05:00,10.600000381469727,10.600000381469727,10.600000381469727,10.600000381469727,0,0.0,0.0
2023-11-09 00:00:00-05:00,10.600000381469727,10.600000381469727,10.600000381469727,10.600000381469727,0,0.0,0.0
2023-11-10 00:00:00-05:00,10.600000381469727,10.600000381469727,10.600000381469727,10.600000381469727,0,0.0,0.0
2023-11-13 00:00:00-05:00,10.600000381469727,10.600000381469727,10.600000381469727,10.600000381469727,0,0.0,0.0
2023-11-14 00:00:00-05:00,10.600000381469727,10.600000381469727,10.600000381469727,10.600000381469727,0,0.0,0.0
2023-11-15 00:00:00-05:00,10.600000381469727,10.600000381469727,10.600000381469727,10.600000381469727,0,0.0,0.0
2023-11-16 00:00:00-05:00,10.600000381469727,10.600000381469727,10.600000381469727,10.600000381469727,0,0.0,0.0
2023-11-17 00:00:00-05:00,11.0,11.0,10.800000190734863,10.800000190734863,402,0.0,0.0
2023-11-20 00:00:00-05:00,10.640000343322754,10.640000343322754,10.640000343322754,10.640000343322754,401,0.0,0.0
2023-11-21 00:00:00-05:00,10.640000343322754,10.640000343322754,10.640000343322754,10.640000343322754,0,0.0,0.0
2023-11-22 00:00:00-05:00,10.640000343322754,10.640000343322754,10.640000343322754,10.640000343322754,0,0.0,0.0
2023-11-24 00:00:00-05:00,10.640000343322754,10.640000343322754,10.640000343322754,10.640000343322754,0,0.0,0.0
2023-11-27 00:00:00-05:00,10.640000343322754,10.640000343322754,10.640000343322754,10.640000343322754,0,0.0,0.0
2023-11-28 00:00:00-05:00,10.640000343322754,10.640000343322754,10.640000343322754,10.640000343322754,0,0.0,0.0
2023-11-29 00:00:00-05:00,10.640000343322754,10.640000343322754,10.640000343322754,10.640000343322754,0,0.0,0.0
2023-11-30 00:00:00-05:00,10.640000343322754,10.640000343322754,10.640000343322754,10.640000343322754,0,0.0,0.0
2023-12-01 00:00:00-05:00,10.640000343322754,10.640000343322754,10.640000343322754,10.640000343322754,0,0.0,0.0
2023-12-04 00:00:00-05:00,10.640000343322754,10.640000343322754,10.640000343322754,10.640000343322754,0,0.0,0.0
2023-12-05 00:00:00-05:00,10.640000343322754,10.640000343322754,10.640000343322754,10.640000343322754,0,0.0,0.0
2023-12-06 00:00:00-05:00,10.640000343322754,10.640000343322754,10.640000343322754,10.640000343322754,0,0.0,0.0
2023-12-07 00:00:00-05:00,10.640000343322754,10.640000343322754,10.640000343322754,10.640000343322754,0,0.0,0.0
2023-12-08 00:00:00-05:00,10.640000343322754,10.640000343322754,10.640000343322754,10.640000343322754,0,0.0,0.0
2023-12-11 00:00:00-05:00,10.640000343322754,10.640000343322754,10.640000343322754,10.640000343322754,0,0.0,0.0
2023-12-12 00:00:00-05:00,10.640000343322754,10.640000343322754,10.640000343322754,10.640000343322754,0,0.0,0.0
2023-12-13 00:00:00-05:00,10.720000267028809,10.720000267028809,10.699999809265137,10.699999809265137,5500,0.0,0.0
2023-12-14 00:00:00-05:00,10.699999809265137,10.699999809265137,10.699999809265137,10.699999809265137,0,0.0,0.0
2023-12-15 00:00:00-05:00,10.699999809265137,10.699999809265137,10.699999809265137,10.699999809265137,0,0.0,0.0
2023-12-18 00:00:00-05:00,10.699999809265137,10.699999809265137,10.699999809265137,10.699999809265137,0,0.0,0.0
2023-12-19 00:00:00-05:00,10.699999809265137,10.699999809265137,10.699999809265137,10.699999809265137,0,0.0,0.0
2023-12-20 00:00:00-05:00,10.699999809265137,10.699999809265137,10.699999809265137,10.699999809265137,0,0.0,0.0
2023-12-21 00:00:00-05:00,10.699999809265137,10.699999809265137,10.699999809265137,10.699999809265137,0,0.0,0.0
2023-12-22 00:00:00-05:00,10.699999809265137,10.699999809265137,10.699999809265137,10.699999809265137,0,0.0,0.0
2023-12-26 00:00:00-05:00,10.699999809265137,10.699999809265137,10.699999809265137,10.699999809265137,0,0.0,0.0
2023-12-27 00:00:00-05:00,10.699999809265137,10.699999809265137,10.699999809265137,10.699999809265137,0,0.0,0.0
2023-12-28 00:00:00-05:00,10.699999809265137,10.699999809265137,10.699999809265137,10.699999809265137,0,0.0,0.0
2023-12-29 00:00:00-05:00,10.699999809265137,10.699999809265137,10.699999809265137,10.699999809265137,0,0.0,0.0
2024-01-02 00:00:00-05:00,10.699999809265137,10.699999809265137,10.699999809265137,10.699999809265137,0,0.0,0.0
2024-01-03 00:00:00-05:00,10.699999809265137,10.699999809265137,10.699999809265137,10.699999809265137,0,0.0,0.0
2024-01-04 00:00:00-05:00,10.699999809265137,10.699999809265137,10.699999809265137,10.699999809265137,0,0.0,0.0
2024-01-05 00:00:00-05:00,10.699999809265137,10.699999809265137,10.699999809265137,10.699999809265137,0,0.0,0.0
2024-01-08 00:00:00-05:00,10.699999809265137,10.699999809265137,10.699999809265137,10.699999809265137,0,0.0,0.0
2024-01-09 00:00:00-05:00,10.699999809265137,10.699999809265137,10.699999809265137,10.699999809265137,0,0.0,0.0
2024-01-10 00:00:00-05:00,10.699999809265137,10.699999809265137,10.699999809265137,10.699999809265137,0,0.0,0.0
2024-01-11 00:00:00-05:00,10.699999809265137,10.699999809265137,10.699999809265137,10.699999809265137,0,0.0,0.0
2024-01-12 00:00:00-05:00,10.699999809265137,10.699999809265137,10.699999809265137,10.699999809265137,0,0.0,0.0
2024-01-16 00:00:00-05:00,10.75,10.75,10.75,10.75,400,0.0,0.0
2024-01-17 00:00:00-05:00,10.75,10.75,10.75,10.75,0,0.0,0.0
2024-01-18 00:00:00-05:00,10.75,10.75,10.75,10.75,0,0.0,0.0
2024-01-19 00:00:00-05:00,10.75,10.75,10.75,10.75,0,0.0,0.0
2024-01-22 00:00:00-05:00,10.75,10.75,10.75,10.75,0,0.0,0.0
2024-01-23 00:00:00-05:00,10.75,10.75,10.75,10.75,0,0.0,0.0
2024-01-24 00:00:00-05:00,10.75,10.75,10.75,10.75,0,0.0,0.0
2024-01-25 00:00:00-05:00,10.75,10.75,10.75,10.75,0,0.0,0.0
2024-01-26 00:00:00-05:00,10.75,10.75,10.75,10.75,0,0.0,0.0
2024-01-29 00:00:00-05:00,10.75,10.75,10.75,10.75,0,0.0,0.0
2024-01-30 00:00:00-05:00,10.75,10.75,10.75,10.75,0,0.0,0.0
2024-01-31 00:00:00-05:00,10.75,10.75,10.75,10.75,0,0.0,0.0
2024-02-01 00:00:00-05:00,10.75,10.75,10.75,10.75,0,0.0,0.0
2024-02-02 00:00:00-05:00,10.75,10.75,10.75,10.75,0,0.0,0.0
2024-02-05 00:00:00-05:00,10.75,10.75,10.75,10.75,0,0.0,0.0
2024-02-06 00:00:00-05:00,10.75,10.75,10.75,10.75,0,0.0,0.0
2024-02-07 00:00:00-05:00,10.75,10.75,10.75,10.75,0,0.0,0.0
2024-02-08 00:00:00-05:00,10.75,10.75,10.75,10.75,0,0.0,0.0
2024-02-09 00:00:00-05:00,10.75,10.75,10.75,10.75,0,0.0,0.0
2024-02-12 00:00:00-05:00,10.75,10.75,10.75,10.75,0,0.0,0.0
2024-02-13 00:00:00-05:00,10.75,10.75,10.75,10.75,0,0.0,0.0
2024-02-14 00:00:00-05:00,10.75,10.75,10.75,10.75,0,0.0,0.0
2024-02-15 00:00:00-05:00,10.75,10.75,10.75,10.75,0,0.0,0.0
2024-02-16 00:00:00-05:00,10.75,10.75,10.75,10.75,0,0.0,0.0
2024-02-20 00:00:00-05:00,10.75,10.75,10.75,10.75,0,0.0,0.0
2024-02-21 00:00:00-05:00,10.75,10.75,10.75,10.75,0,0.0,0.0
2024-02-22 00:00:00-05:00,10.75,10.75,10.75,10.75,0,0.0,0.0
2024-02-23 00:00:00-05:00,10.75,10.75,10.75,10.75,0,0.0,0.0
2024-02-26 00:00:00-05:00,10.75,10.75,10.75,10.75,0,0.0,0.0
2024-02-27 00:00:00-05:00,10.75,10.75,10.75,10.75,0,0.0,0.0
2024-02-28 00:00:00-05:00,10.75,10.75,10.75,10.75,0,0.0,0.0
2024-02-29 00:00:00-05:00,10.75,10.75,10.75,10.75,0,0.0,0.0
2024-03-01 00:00:00-05:00,10.75,10.75,10.75,10.75,0,0.0,0.0
2024-03-04 00:00:00-05:00,10.75,10.75,10.75,10.75,0,0.0,0.0
2024-03-05 00:00:00-05:00,10.75,10.75,10.75,10.75,0,0.0,0.0
2024-03-06 00:00:00-05:00,10.75,10.75,10.75,10.75,0,0.0,0.0
2024-03-07 00:00:00-05:00,10.75,10.75,10.75,10.75,0,0.0,0.0
2024-03-08 00:00:00-05:00,10.75,10.75,10.75,10.75,0,0.0,0.0
2024-03-11 00:00:00-04:00,10.75,10.75,10.75,10.75,0,0.0,0.0
2024-03-12 00:00:00-04:00,10.75,10.75,10.75,10.75,0,0.0,0.0
2024-03-13 00:00:00-04:00,10.75,10.75,10.75,10.75,0,0.0,0.0
2024-03-14 00:00:00-04:00,10.75,10.75,10.75,10.75,0,0.0,0.0
2024-03-15 00:00:00-04:00,10.75,10.75,10.75,10.75,0,0.0,0.0
2024-03-18 00:00:00-04:00,10.75,10.75,10.75,10.75,0,0.0,0.0
2024-03-19 00:00:00-04:00,10.75,10.75,10.75,10.75,0,0.0,0.0
2024-03-20 00:00:00-04:00,10.75,10.75,10.75,10.75,0,0.0,0.0
2024-03-21 00:00:00-04:00,10.75,10.75,10.75,10.75,0,0.0,0.0
2024-03-22 00:00:00-04:00,10.9399995803833,10.9399995803833,10.9399995803833,10.9399995803833,600,0.0,0.0
2024-03-25 00:00:00-04:00,10.9399995803833,10.9399995803833,10.9399995803833,10.9399995803833,0,0.0,0.0
2024-03-26 00:00:00-04:00,10.9399995803833,10.9399995803833,10.9399995803833,10.9399995803833,0,0.0,0.0
2024-03-27 00:00:00-04:00,10.9399995803833,10.9399995803833,10.9399995803833,10.9399995803833,0,0.0,0.0
2024-03-28 00:00:00-04:00,10.9399995803833,10.9399995803833,10.9399995803833,10.9399995803833,0,0.0,0.0
2024-04-01 00:00:00-04:00,10.9399995803833,10.9399995803833,10.9399995803833,10.9399995803833,0,0.0,0.0
2024-04-02 00:00:00-04:00,10.9399995803833,10.9399995803833,10.9399995803833,10.9399995803833,0,0.0,0.0
2024-04-03 00:00:00-04:00,10.9399995803833,10.9399995803833,10.9399995803833,10.9399995803833,0,0.0,0.0
2024-04-04 00:00:00-04:00,10.9399995803833,10.9399995803833,10.9399995803833,10.9399995803833,0,0.0,0.0
2024-04-05 00:00:00-04:00,10.9399995803833,10.9399995803833,10.9399995803833,10.9399995803833,0,0.0,0.0
2024-04-08 00:00:00-04:00,10.9399995803833,10.9399995803833,10.9399995803833,10.9399995803833,0,0.0,0.0
2024-04-09 00:00:00-04:00,10.9399995803833,10.9399995803833,10.9399995803833,10.9399995803833,0,0.0,0.0
2024-04-10 00:00:00-04:00,10.9399995803833,10.9399995803833,10.9399995803833,10.9399995803833,0,0.0,0.0
2024-04-11 00:00:00-04:00,10.9399995803833,10.9399995803833,10.9399995803833,10.9399995803833,0,0.0,0.0
2024-04-12 00:00:00-04:00,10.9399995803833,10.9399995803833,10.9399995803833,10.9399995803833,0,0.0,0.0
2024-04-15 00:00:00-04:00,10.9399995803833,10.9399995803833,10.9399995803833,10.9399995803833,0,0.0,0.0
2024-04-16 00:00:00-04:00,10.9399995803833,10.9399995803833,10.9399995803833,10.9399995803833,0,0.0,0.0
2024-04-17 00:00:00-04:00,10.9399995803833,10.9399995803833,10.9399995803833,10.9399995803833,0,0.0,0.0
2024-04-18 00:00:00-04:00,10.9399995803833,10.9399995803833,10.9399995803833,10.9399995803833,0,0.0,0.0
2024-04-19 00:00:00-04:00,10.9399995803833,10.9399995803833,10.9399995803833,10.9399995803833,0,0.0,0.0
2024-04-22 00:00:00-04:00,10.9399995803833,10.9399995803833,10.9399995803833,10.9399995803833,0,0.0,0.0
2024-04-23 00:00:00-04:00,10.9399995803833,10.9399995803833,10.9399995803833,10.9399995803833,0,0.0,0.0
2024-04-24 00:00:00-04:00,10.9399995803833,10.9399995803833,10.9399995803833,10.9399995803833,0,0.0,0.0
2024-04-25 00:00:00-04:00,10.9399995803833,10.9399995803833,10.9399995803833,10.9399995803833,0,0.0,0.0
2024-04-26 00:00:00-04:00,10.9399995803833,10.9399995803833,10.9399995803833,10.9399995803833,0,0.0,0.0
2024-04-29 00:00:00-04:00,10.9399995803833,10.9399995803833,10.9399995803833,10.9399995803833,0,0.0,0.0
2024-04-30 00:00:00-04:00,10.9399995803833,10.9399995803833,10.9399995803833,10.9399995803833,0,0.0,0.0
2024-05-01 00:00:00-04:00,10.9399995803833,10.9399995803833,10.9399995803833,10.9399995803833,0,0.0,0.0
2024-05-02 00:00:00-04:00,10.9399995803833,10.9399995803833,10.9399995803833,10.9399995803833,0,0.0,0.0
2024-05-03 00:00:00-04:00,10.9399995803833,10.9399995803833,10.9399995803833,10.9399995803833,0,0.0,0.0
2024-05-06 00:00:00-04:00,11.270000457763672,11.270000457763672,11.270000457763672,11.270000457763672,100,0.0,0.0
2024-05-07 00:00:00-04:00,11.270000457763672,11.270000457763672,11.270000457763672,11.270000457763672,0,0.0,0.0
2024-05-08 00:00:00-04:00,11.270000457763672,11.270000457763672,11.270000457763672,11.270000457763672,0,0.0,0.0
2024-05-09 00:00:00-04:00,11.270000457763672,11.270000457763672,11.270000457763672,11.270000457763672,0,0.0,0.0
2024-05-10 00:00:00-04:00,11.270000457763672,11.270000457763672,11.270000457763672,11.270000457763672,0,0.0,0.0
2024-05-13 00:00:00-04:00,11.270000457763672,11.270000457763672,11.270000457763672,11.270000457763672,0,0.0,0.0
2024-05-14 00:00:00-04:00,11.270000457763672,11.270000457763672,11.270000457763672,11.270000457763672,0,0.0,0.0
2024-05-15 00:00:00-04:00,11.270000457763672,11.270000457763672,11.270000457763672,11.270000457763672,0,0.0,0.0
2024-05-16 00:00:00-04:00,11.270000457763672,11.270000457763672,11.270000457763672,11.270000457763672,0,0.0,0.0
2024-05-17 00:00:00-04:00,11.270000457763672,11.270000457763672,11.270000457763672,11.270000457763672,0,0.0,0.0
2024-05-20 00:00:00-04:00,11.270000457763672,11.270000457763672,11.270000457763672,11.270000457763672,0,0.0,0.0
2024-05-21 00:00:00-04:00,11.270000457763672,11.270000457763672,11.270000457763672,11.270000457763672,0,0.0,0.0
2024-05-22 00:00:00-04:00,11.270000457763672,11.270000457763672,11.270000457763672,11.270000457763672,0,0.0,0.0
2024-05-23 00:00:00-04:00,11.270000457763672,11.270000457763672,11.270000457763672,11.270000457763672,0,0.0,0.0
2024-05-24 00:00:00-04:00,11.270000457763672,11.270000457763672,11.270000457763672,11.270000457763672,0,0.0,0.0
2024-05-28 00:00:00-04:00,11.270000457763672,11.270000457763672,11.270000457763672,11.270000457763672,0,0.0,0.0
2024-05-29 00:00:00-04:00,11.270000457763672,11.270000457763672,11.270000457763672,11.270000457763672,0,0.0,0.0
2024-05-30 00:00:00-04:00,11.270000457763672,11.270000457763672,11.270000457763672,11.270000457763672,0,0.0,0.0
2024-05-31 00:00:00-04:00,11.270000457763672,11.270000457763672,11.270000457763672,11.270000457763672,0,0.0,0.0
2024-06-03 00:00:00-04:00,11.270000457763672,11.270000457763672,11.270000457763672,11.270000457763672,0,0.0,0.0
2024-06-04 00:00:00-04:00,11.270000457763672,11.270000457763672,11.270000457763672,11.270000457763672,0,0.0,0.0
2024-06-05 00:00:00-04:00,11.270000457763672,11.270000457763672,11.270000457763672,11.270000457763672,0,0.0,0.0
2024-06-06 00:00:00-04:00,11.270000457763672,11.270000457763672,11.270000457763672,11.270000457763672,0,0.0,0.0
2024-06-07 00:00:00-04:00,11.270000457763672,11.270000457763672,11.270000457763672,11.270000457763672,0,0.0,0.0
2024-06-10 00:00:00-04:00,11.270000457763672,11.270000457763672,11.270000457763672,11.270000457763672,0,0.0,0.0
2024-06-11 00:00:00-04:00,11.270000457763672,11.270000457763672,11.270000457763672,11.270000457763672,0,0.0,0.0
2024-06-12 00:00:00-04:00,11.270000457763672,11.270000457763672,11.270000457763672,11.270000457763672,0,0.0,0.0
2024-06-13 00:00:00-04:00,11.270000457763672,11.270000457763672,11.270000457763672,11.270000457763672,0,0.0,0.0
2024-06-14 00:00:00-04:00,11.270000457763672,11.270000457763672,11.270000457763672,11.270000457763672,0,0.0,0.0
2024-06-17 00:00:00-04:00,11.270000457763672,11.270000457763672,11.270000457763672,11.270000457763672,0,0.0,0.0
2024-06-18 00:00:00-04:00,11.0600004196167,11.0600004196167,11.0600004196167,11.0600004196167,100,0.0,0.0
2024-06-20 00:00:00-04:00,11.0600004196167,11.0600004196167,11.0600004196167,11.0600004196167,0,0.0,0.0
2024-06-21 00:00:00-04:00,11.0600004196167,11.0600004196167,11.0600004196167,11.0600004196167,0,0.0,0.0
2024-06-24 00:00:00-04:00,11.0600004196167,11.0600004196167,11.0600004196167,11.0600004196167,0,0.0,0.0
2024-06-25 00:00:00-04:00,11.0600004196167,11.0600004196167,11.0600004196167,11.0600004196167,0,0.0,0.0
2024-06-26 00:00:00-04:00,11.0600004196167,11.0600004196167,11.0600004196167,11.0600004196167,0,0.0,0.0
2024-06-27 00:00:00-04:00,11.0600004196167,11.0600004196167,11.0600004196167,11.0600004196167,0,0.0,0.0
2024-06-28 00:00:00-04:00,11.0600004196167,11.0600004196167,11.0600004196167,11.0600004196167,0,0.0,0.0
2024-07-01 00:00:00-04:00,11.0600004196167,11.0600004196167,11.0600004196167,11.0600004196167,0,0.0,0.0
2024-07-02 00:00:00-04:00,11.0600004196167,11.0600004196167,11.0600004196167,11.0600004196167,0,0.0,0.0
2024-07-03 00:00:00-04:00,11.0600004196167,11.0600004196167,11.0600004196167,11.0600004196167,0,0.0,0.0
2024-07-05 00:00:00-04:00,11.0600004196167,11.0600004196167,11.0600004196167,11.0600004196167,0,0.0,0.0
2024-07-08 00:00:00-04:00,11.0600004196167,11.0600004196167,11.0600004196167,11.0600004196167,0,0.0,0.0
2024-07-09 00:00:00-04:00,11.0600004196167,11.0600004196167,11.0600004196167,11.0600004196167,0,0.0,0.0
2024-07-10 00:00:00-04:00,11.0600004196167,11.0600004196167,11.0600004196167,11.0600004196167,0,0.0,0.0
2024-07-11 00:00:00-04:00,11.0600004196167,11.0600004196167,11.0600004196167,11.0600004196167,0,0.0,0.0
2024-07-12 00:00:00-04:00,11.0600004196167,11.0600004196167,11.0600004196167,11.0600004196167,0,0.0,0.0
2024-07-15 00:00:00-04:00,11.0600004196167,11.0600004196167,11.0600004196167,11.0600004196167,0,0.0,0.0
2024-07-16 00:00:00-04:00,11.0600004196167,11.0600004196167,11.0600004196167,11.0600004196167,0,0.0,0.0
2024-07-17 00:00:00-04:00,10.470000267028809,10.470000267028809,10.470000267028809,10.470000267028809,500,0.0,0.0
2024-07-18 00:00:00-04:00,11.1899995803833,11.1899995803833,11.1899995803833,11.1899995803833,100,0.0,0.0
2024-07-19 00:00:00-04:00,11.1899995803833,11.1899995803833,11.1899995803833,11.1899995803833,0,0.0,0.0
2024-07-22 00:00:00-04:00,11.1899995803833,11.1899995803833,11.1899995803833,11.1899995803833,0,0.0,0.0
2024-07-23 00:00:00-04:00,11.1899995803833,11.1899995803833,11.1899995803833,11.1899995803833,0,0.0,0.0
2024-07-24 00:00:00-04:00,10.949999809265137,12.390000343322754,10.949999809265137,11.100000381469727,1638,0.0,0.0
2024-07-25 00:00:00-04:00,12.84000015258789,12.84000015258789,11.229999542236328,11.229999542236328,814,0.0,0.0
2024-07-26 00:00:00-04:00,11.229999542236328,11.229999542236328,11.229999542236328,11.229999542236328,0,0.0,0.0
2024-07-29 00:00:00-04:00,11.229999542236328,11.229999542236328,11.229999542236328,11.229999542236328,0,0.0,0.0
2024-07-30 00:00:00-04:00,12.0,12.0,12.0,12.0,119,0.0,0.0
2024-07-31 00:00:00-04:00,12.0,12.0,12.0,12.0,0,0.0,0.0
2024-08-01 00:00:00-04:00,12.0,12.0,12.0,12.0,0,0.0,0.0
2024-08-02 00:00:00-04:00,12.0,12.0,12.0,12.0,0,0.0,0.0
2024-08-05 00:00:00-04:00,12.0,12.0,12.0,12.0,0,0.0,0.0
2024-08-06 00:00:00-04:00,12.0,12.0,12.0,12.0,0,0.0,0.0
2024-08-07 00:00:00-04:00,12.09000015258789,12.449999809265137,11.850000381469727,12.449999809265137,754,0.0,0.0
2024-08-08 00:00:00-04:00,10.710000038146973,11.204999923706055,10.710000038146973,11.0600004196167,845,0.0,0.0
2024-08-09 00:00:00-04:00,11.0600004196167,11.0600004196167,11.0600004196167,11.0600004196167,0,0.0,0.0
2024-08-12 00:00:00-04:00,11.0600004196167,11.0600004196167,11.0600004196167,11.0600004196167,0,0.0,0.0
2024-08-13 00:00:00-04:00,11.0600004196167,11.0600004196167,11.0600004196167,11.0600004196167,0,0.0,0.0
2024-08-14 00:00:00-04:00,11.0600004196167,11.0600004196167,11.0600004196167,11.0600004196167,0,0.0,0.0
2024-08-15 00:00:00-04:00,11.0600004196167,11.0600004196167,11.0600004196167,11.0600004196167,0,0.0,0.0
2024-08-16 00:00:00-04:00,11.0600004196167,11.0600004196167,11.0600004196167,11.0600004196167,0,0.0,0.0
2024-08-19 00:00:00-04:00,11.0600004196167,11.0600004196167,11.0600004196167,11.0600004196167,0,0.0,0.0
2024-08-20 00:00:00-04:00,11.0600004196167,11.0600004196167,11.0600004196167,11.0600004196167,0,0.0,0.0
2024-08-21 00:00:00-04:00,10.989999771118164,10.989999771118164,10.710000038146973,10.710000038146973,2927,0.0,0.0
2024-08-22 00:00:00-04:00,10.800000190734863,10.800000190734863,10.800000190734863,10.800000190734863,553,0.0,0.0
2024-08-23 00:00:00-04:00,10.800000190734863,10.800000190734863,10.800000190734863,10.800000190734863,0,0.0,0.0
2024-08-26 00:00:00-04:00,10.710000038146973,10.710000038146973,10.710000038146973,10.710000038146973,850,0.0,0.0
2024-08-27 00:00:00-04:00,10.710000038146973,10.710000038146973,10.710000038146973,10.710000038146973,0,0.0,0.0
2024-08-28 00:00:00-04:00,10.710000038146973,10.710000038146973,10.710000038146973,10.710000038146973,0,0.0,0.0
2024-08-29 00:00:00-04:00,10.710000038146973,10.710000038146973,10.710000038146973,10.710000038146973,0,0.0,0.0
2024-08-30 00:00:00-04:00,10.710000038146973,10.710000038146973,10.710000038146973,10.710000038146973,0,0.0,0.0
2024-09-03 00:00:00-04:00,10.710000038146973,10.710000038146973,10.710000038146973,10.710000038146973,0,0.0,0.0
2024-09-04 00:00:00-04:00,10.710000038146973,10.710000038146973,10.710000038146973,10.710000038146973,0,0.0,0.0
2024-09-05 00:00:00-04:00,10.710000038146973,10.710000038146973,10.710000038146973,10.710000038146973,0,0.0,0.0
2024-09-06 00:00:00-04:00,10.8100004196167,10.869999885559082,10.8100004196167,10.869999885559082,800,0.0,0.0
2024-09-09 00:00:00-04:00,10.869999885559082,10.869999885559082,10.869999885559082,10.869999885559082,0,0.0,0.0
2024-09-10 00:00:00-04:00,10.510000228881836,10.510000228881836,10.510000228881836,10.510000228881836,420,0.0,0.0
2024-09-11 00:00:00-04:00,10.510000228881836,10.510000228881836,10.510000228881836,10.510000228881836,0,0.0,0.0
2024-09-12 00:00:00-04:00,10.510000228881836,10.510000228881836,10.510000228881836,10.510000228881836,0,0.0,0.0
2024-09-13 00:00:00-04:00,10.510000228881836,10.510000228881836,10.510000228881836,10.510000228881836,0,0.0,0.0
2024-09-16 00:00:00-04:00,10.510000228881836,10.510000228881836,10.510000228881836,10.510000228881836,0,0.0,0.0
2024-09-17 00:00:00-04:00,10.510000228881836,10.510000228881836,10.510000228881836,10.510000228881836,0,0.0,0.0
2024-09-18 00:00:00-04:00,10.510000228881836,10.510000228881836,10.510000228881836,10.510000228881836,0,0.0,0.0
2024-09-19 00:00:00-04:00,10.510000228881836,10.510000228881836,10.510000228881836,10.510000228881836,0,0.0,0.0
2024-09-20 00:00:00-04:00,10.510000228881836,10.510000228881836,10.510000228881836,10.510000228881836,0,0.0,0.0
2024-09-23 00:00:00-04:00,10.510000228881836,10.510000228881836,10.510000228881836,10.510000228881836,0,0.0,0.0
2024-09-24 00:00:00-04:00,10.510000228881836,10.510000228881836,10.510000228881836,10.510000228881836,0,0.0,0.0
2024-09-25 00:00:00-04:00,10.510000228881836,10.510000228881836,10.510000228881836,10.510000228881836,0,0.0,0.0
2024-09-26 00:00:00-04:00,10.510000228881836,10.510000228881836,10.510000228881836,10.510000228881836,0,0.0,0.0
2024-09-27 00:00:00-04:00,10.510000228881836,10.510000228881836,10.510000228881836,10.510000228881836,0,0.0,0.0
2024-09-30 00:00:00-04:00,10.510000228881836,10.510000228881836,10.510000228881836,10.510000228881836,0,0.0,0.0
2024-10-01 00:00:00-04:00,10.510000228881836,10.510000228881836,10.510000228881836,10.510000228881836,0,0.0,0.0
2024-10-02 00:00:00-04:00,10.510000228881836,10.510000228881836,10.510000228881836,10.510000228881836,0,0.0,0.0
2024-10-03 00:00:00-04:00,10.510000228881836,10.510000228881836,10.510000228881836,10.510000228881836,0,0.0,0.0
2024-10-04 00:00:00-04:00,10.510000228881836,10.510000228881836,10.510000228881836,10.510000228881836,0,0.0,0.0
2024-10-07 00:00:00-04:00,10.510000228881836,10.510000228881836,10.510000228881836,10.510000228881836,0,0.0,0.0
2024-10-08 00:00:00-04:00,10.510000228881836,10.510000228881836,10.510000228881836,10.510000228881836,0,0.0,0.0
2024-10-09 00:00:00-04:00,10.510000228881836,10.510000228881836,10.510000228881836,10.510000228881836,0,0.0,0.0
2024-10-10 00:00:00-04:00,10.510000228881836,10.510000228881836,10.510000228881836,10.510000228881836,0,0.0,0.0
2024-10-11 00:00:00-04:00,10.510000228881836,10.510000228881836,10.510000228881836,10.510000228881836,0,0.0,0.0
2024-10-14 00:00:00-04:00,10.510000228881836,10.510000228881836,10.510000228881836,10.510000228881836,0,0.0,0.0
2024-10-15 00:00:00-04:00,10.510000228881836,10.510000228881836,10.510000228881836,10.510000228881836,0,0.0,0.0
2024-10-16 00:00:00-04:00,10.510000228881836,10.510000228881836,10.510000228881836,10.510000228881836,0,0.0,0.0
2024-10-17 00:00:00-04:00,10.510000228881836,10.510000228881836,10.510000228881836,10.510000228881836,0,0.0,0.0
2024-10-18 00:00:00-04:00,10.510000228881836,10.510000228881836,10.510000228881836,10.510000228881836,0,0.0,0.0
2024-10-21 00:00:00-04:00,10.510000228881836,10.510000228881836,10.510000228881836,10.510000228881836,0,0.0,0.0
2024-10-22 00:00:00-04:00,10.510000228881836,10.510000228881836,10.510000228881836,10.510000228881836,0,0.0,0.0
2024-10-23 00:00:00-04:00,10.510000228881836,10.510000228881836,10.510000228881836,10.510000228881836,0,0.0,0.0
2024-10-24 00:00:00-04:00,10.510000228881836,10.510000228881836,10.510000228881836,10.510000228881836,0,0.0,0.0
2024-10-25 00:00:00-04:00,10.510000228881836,10.510000228881836,10.510000228881836,10.510000228881836,0,0.0,0.0
2024-10-28 00:00:00-04:00,10.510000228881836,10.510000228881836,10.510000228881836,10.510000228881836,0,0.0,0.0
2024-10-29 00:00:00-04:00,10.510000228881836,10.510000228881836,10.510000228881836,10.510000228881836,0,0.0,0.0
2024-10-30 00:00:00-04:00,10.510000228881836,10.510000228881836,10.510000228881836,10.510000228881836,0,0.0,0.0
2024-10-31 00:00:00-04:00,10.510000228881836,10.510000228881836,10.510000228881836,10.510000228881836,0,0.0,0.0
2024-11-01 00:00:00-04:00,10.510000228881836,10.510000228881836,10.510000228881836,10.510000228881836,0,0.0,0.0
2024-11-04 00:00:00-05:00,10.510000228881836,10.510000228881836,10.510000228881836,10.510000228881836,0,0.0,0.0
2024-11-05 00:00:00-05:00,10.510000228881836,10.510000228881836,10.510000228881836,10.510000228881836,0,0.0,0.0
2024-11-06 00:00:00-05:00,10.510000228881836,10.510000228881836,10.510000228881836,10.510000228881836,0,0.0,0.0
2024-11-07 00:00:00-05:00,10.510000228881836,10.510000228881836,10.510000228881836,10.510000228881836,0,0.0,0.0
2024-11-08 00:00:00-05:00,10.510000228881836,10.510000228881836,10.510000228881836,10.510000228881836,0,0.0,0.0
2024-11-11 00:00:00-05:00,10.510000228881836,10.510000228881836,10.510000228881836,10.510000228881836,0,0.0,0.0
2024-11-12 00:00:00-05:00,10.510000228881836,10.510000228881836,10.510000228881836,10.510000228881836,0,0.0,0.0
2024-11-13 00:00:00-05:00,10.510000228881836,10.510000228881836,10.510000228881836,10.510000228881836,0,0.0,0.0
2024-11-14 00:00:00-05:00,10.510000228881836,10.510000228881836,10.510000228881836,10.510000228881836,0,0.0,0.0
2024-11-15 00:00:00-05:00,10.510000228881836,10.510000228881836,10.510000228881836,10.510000228881836,0,0.0,0.0
2024-11-18 00:00:00-05:00,10.510000228881836,10.510000228881836,10.510000228881836,10.510000228881836,0,0.0,0.0
2024-11-19 00:00:00-05:00,10.510000228881836,10.510000228881836,10.510000228881836,10.510000228881836,0,0.0,0.0
2024-11-20 00:00:00-05:00,10.510000228881836,10.510000228881836,10.510000228881836,10.510000228881836,0,0.0,0.0
2024-11-21 00:00:00-05:00,10.510000228881836,10.510000228881836,10.510000228881836,10.510000228881836,0,0.0,0.0
2024-11-22 00:00:00-05:00,10.510000228881836,10.510000228881836,10.510000228881836,10.510000228881836,0,0.0,0.0
2024-11-25 00:00:00-05:00,10.510000228881836,10.510000228881836,10.510000228881836,10.510000228881836,0,0.0,0.0
2024-11-26 00:00:00-05:00,10.510000228881836,10.510000228881836,10.510000228881836,10.510000228881836,0,0.0,0.0
2024-11-27 00:00:00-05:00,10.510000228881836,10.510000228881836,10.510000228881836,10.510000228881836,0,0.0,0.0
2024-11-29 00:00:00-05:00,10.510000228881836,10.510000228881836,10.510000228881836,10.510000228881836,0,0.0,0.0
2024-12-02 00:00:00-05:00,10.510000228881836,10.510000228881836,10.510000228881836,10.510000228881836,0,0.0,0.0
2024-12-03 00:00:00-05:00,10.710000038146973,10.710000038146973,10.710000038146973,10.710000038146973,100,0.0,0.0
2024-12-04 00:00:00-05:00,10.710000038146973,10.710000038146973,10.710000038146973,10.710000038146973,0,0.0,0.0
2024-12-05 00:00:00-05:00,10.710000038146973,10.710000038146973,10.710000038146973,10.710000038146973,0,0.0,0.0
2024-12-06 00:00:00-05:00,10.710000038146973,10.710000038146973,10.710000038146973,10.710000038146973,0,0.0,0.0
2024-12-09 00:00:00-05:00,10.710000038146973,10.710000038146973,10.710000038146973,10.710000038146973,0,0.0,0.0
2024-12-10 00:00:00-05:00,10.710000038146973,10.710000038146973,10.710000038146973,10.710000038146973,0,0.0,0.0
2024-12-11 00:00:00-05:00,10.710000038146973,10.710000038146973,10.710000038146973,10.710000038146973,0,0.0,0.0
2024-12-12 00:00:00-05:00,10.710000038146973,10.710000038146973,10.710000038146973,10.710000038146973,0,0.0,0.0
2024-12-13 00:00:00-05:00,10.710000038146973,10.710000038146973,10.710000038146973,10.710000038146973,0,0.0,0.0
2024-12-16 00:00:00-05:00,10.710000038146973,10.710000038146973,10.710000038146973,10.710000038146973,0,0.0,0.0
2024-12-17 00:00:00-05:00,10.520000457763672,10.520000457763672,10.520000457763672,10.520000457763672,2638,0.0,0.0
2024-12-18 00:00:00-05:00,10.520000457763672,10.520000457763672,10.520000457763672,10.520000457763672,0,0.0,0.0
2024-12-19 00:00:00-05:00,10.520000457763672,10.520000457763672,10.520000457763672,10.520000457763672,0,0.0,0.0
2024-12-20 00:00:00-05:00,10.520000457763672,10.520000457763672,10.520000457763672,10.520000457763672,0,0.0,0.0
2024-12-23 00:00:00-05:00,10.520000457763672,10.520000457763672,10.520000457763672,10.520000457763672,0,0.0,0.0
2024-12-24 00:00:00-05:00,10.520000457763672,10.520000457763672,10.520000457763672,10.520000457763672,0,0.0,0.0
2024-12-26 00:00:00-05:00,10.520000457763672,10.520000457763672,10.520000457763672,10.520000457763672,0,0.0,0.0
2024-12-27 00:00:00-05:00,10.520000457763672,10.520000457763672,10.520000457763672,10.520000457763672,0,0.0,0.0
2024-12-30 00:00:00-05:00,10.520000457763672,10.520000457763672,10.520000457763672,10.520000457763672,0,0.0,0.0
2024-12-31 00:00:00-05:00,10.520000457763672,10.520000457763672,10.520000457763672,10.520000457763672,0,0.0,0.0
2025-01-02 00:00:00-05:00,10.520000457763672,10.520000457763672,10.520000457763672,10.520000457763672,0,0.0,0.0
2025-01-03 00:00:00-05:00,10.520000457763672,10.520000457763672,10.520000457763672,10.520000457763672,0,0.0,0.0
2025-01-06 00:00:00-05:00,10.520000457763672,10.520000457763672,10.520000457763672,10.520000457763672,0,0.0,0.0
2025-01-07 00:00:00-05:00,10.520000457763672,10.520000457763672,10.520000457763672,10.520000457763672,0,0.0,0.0
2025-01-08 00:00:00-05:00,10.520000457763672,10.520000457763672,10.520000457763672,10.520000457763672,0,0.0,0.0
2025-01-10 00:00:00-05:00,10.520000457763672,10.520000457763672,10.520000457763672,10.520000457763672,0,0.0,0.0
2025-01-13 00:00:00-05:00,10.520000457763672,10.520000457763672,10.520000457763672,10.520000457763672,0,0.0,0.0
2025-01-14 00:00:00-05:00,10.520000457763672,10.520000457763672,10.520000457763672,10.520000457763672,0,0.0,0.0
2025-01-15 00:00:00-05:00,10.520000457763672,10.520000457763672,10.520000457763672,10.520000457763672,0,0.0,0.0
2025-01-16 00:00:00-05:00,10.520000457763672,10.520000457763672,10.520000457763672,10.520000457763672,0,0.0,0.0
2025-01-17 00:00:00-05:00,10.520000457763672,10.520000457763672,10.520000457763672,10.520000457763672,0,0.0,0.0
2025-01-21 00:00:00-05:00,10.520000457763672,10.520000457763672,10.520000457763672,10.520000457763672,0,0.0,0.0
2025-01-22 00:00:00-05:00,10.520000457763672,10.520000457763672,10.520000457763672,10.520000457763672,0,0.0,0.0
2025-01-23 00:00:00-05:00,10.520000457763672,10.520000457763672,10.520000457763672,10.520000457763672,0,0.0,0.0
2025-01-24 00:00:00-05:00,11.390000343322754,11.390000343322754,11.390000343322754,11.390000343322754,100,0.0,0.0
2025-01-27 00:00:00-05:00,11.390000343322754,11.390000343322754,11.390000343322754,11.390000343322754,0,0.0,0.0
2025-01-28 00:00:00-05:00,11.390000343322754,11.390000343322754,11.390000343322754,11.390000343322754,0,0.0,0.0
2025-01-29 00:00:00-05:00,11.390000343322754,11.390000343322754,11.390000343322754,11.390000343322754,0,0.0,0.0
2025-01-30 00:00:00-05:00,11.390000343322754,11.390000343322754,11.390000343322754,11.390000343322754,0,0.0,0.0
2025-01-31 00:00:00-05:00,11.390000343322754,11.390000343322754,11.390000343322754,11.390000343322754,0,0.0,0.0
2025-02-03 00:00:00-05:00,11.390000343322754,11.390000343322754,11.390000343322754,11.390000343322754,0,0.0,0.0
2025-02-04 00:00:00-05:00,11.390000343322754,11.390000343322754,11.390000343322754,11.390000343322754,0,0.0,0.0
2025-02-05 00:00:00-05:00,11.390000343322754,11.390000343322754,11.390000343322754,11.390000343322754,0,0.0,0.0
2025-02-06 00:00:00-05:00,11.390000343322754,11.390000343322754,11.390000343322754,11.390000343322754,0,0.0,0.0
2025-02-07 00:00:00-05:00,11.390000343322754,11.390000343322754,11.390000343322754,11.390000343322754,0,0.0,0.0
2025-02-10 00:00:00-05:00,11.390000343322754,11.390000343322754,11.390000343322754,11.390000343322754,0,0.0,0.0
2025-02-11 00:00:00-05:00,11.390000343322754,11.390000343322754,11.390000343322754,11.390000343322754,0,0.0,0.0
2025-02-12 00:00:00-05:00,11.390000343322754,11.390000343322754,11.390000343322754,11.390000343322754,0,0.0,0.0
2025-02-13 00:00:00-05:00,11.390000343322754,11.390000343322754,11.390000343322754,11.390000343322754,0,0.0,0.0
2025-02-14 00:00:00-05:00,11.390000343322754,11.390000343322754,11.390000343322754,11.390000343322754,0,0.0,0.0
2025-02-18 00:00:00-05:00,11.390000343322754,11.390000343322754,11.390000343322754,11.390000343322754,0,0.0,0.0
2025-02-19 00:00:00-05:00,11.390000343322754,11.390000343322754,11.390000343322754,11.390000343322754,0,0.0,0.0
2025-02-20 00:00:00-05:00,11.390000343322754,11.390000343322754,11.390000343322754,11.390000343322754,0,0.0,0.0
2025-02-21 00:00:00-05:00,11.390000343322754,11.390000343322754,11.390000343322754,11.390000343322754,0,0.0,0.0
2025-02-24 00:00:00-05:00,11.390000343322754,11.390000343322754,11.390000343322754,11.390000343322754,0,0.0,0.0
2025-02-25 00:00:00-05:00,11.390000343322754,11.390000343322754,11.390000343322754,11.390000343322754,0,0.0,0.0
2025-02-26 00:00:00-05:00,11.390000343322754,11.390000343322754,11.390000343322754,11.390000343322754,0,0.0,0.0
2025-02-27 00:00:00-05:00,11.390000343322754,11.390000343322754,11.390000343322754,11.390000343322754,0,0.0,0.0
2025-02-28 00:00:00-05:00,11.390000343322754,11.390000343322754,11.390000343322754,11.390000343322754,200,0.0,0.0
2025-03-03 00:00:00-05:00,11.390000343322754,11.390000343322754,11.390000343322754,11.390000343322754,0,0.0,0.0
2025-03-04 00:00:00-05:00,10.520000457763672,10.520000457763672,10.520000457763672,10.520000457763672,100,0.0,0.0
2025-03-05 00:00:00-05:00,10.520000457763672,10.520000457763672,10.520000457763672,10.520000457763672,0,0.0,0.0
2025-03-06 00:00:00-05:00,10.520000457763672,10.520000457763672,10.520000457763672,10.520000457763672,0,0.0,0.0
2025-03-07 00:00:00-05:00,10.520000457763672,10.520000457763672,10.520000457763672,10.520000457763672,0,0.0,0.0
2025-03-10 00:00:00-04:00,10.520000457763672,10.520000457763672,10.520000457763672,10.520000457763672,0,0.0,0.0
2025-03-11 00:00:00-04:00,10.520000457763672,10.520000457763672,10.520000457763672,10.520000457763672,0,0.0,0.0
2025-03-12 00:00:00-04:00,10.520000457763672,10.520000457763672,10.520000457763672,10.520000457763672,0,0.0,0.0
2025-03-13 00:00:00-04:00,10.520000457763672,10.520000457763672,10.520000457763672,10.520000457763672,0,0.0,0.0
2025-03-14 00:00:00-04:00,10.520000457763672,10.520000457763672,10.520000457763672,10.520000457763672,0,0.0,0.0
2025-03-17 00:00:00-04:00,10.520000457763672,10.520000457763672,10.520000457763672,10.520000457763672,0,0.0,0.0
2025-03-18 00:00:00-04:00,10.520000457763672,10.520000457763672,10.520000457763672,10.520000457763672,0,0.0,0.0
2025-03-19 00:00:00-04:00,10.520000457763672,10.520000457763672,10.520000457763672,10.520000457763672,0,0.0,0.0
2025-03-20 00:00:00-04:00,10.520000457763672,10.520000457763672,10.520000457763672,10.520000457763672,0,0.0,0.0
2025-03-21 00:00:00-04:00,10.520000457763672,10.520000457763672,10.520000457763672,10.520000457763672,0,0.0,0.0
2025-03-24 00:00:00-04:00,10.520000457763672,10.520000457763672,10.520000457763672,10.520000457763672,0,0.0,0.0
2025-03-25 00:00:00-04:00,10.520000457763672,10.520000457763672,10.520000457763672,10.520000457763672,0,0.0,0.0
2025-03-26 00:00:00-04:00,10.520000457763672,10.520000457763672,10.520000457763672,10.520000457763672,0,0.0,0.0
2025-03-27 00:00:00-04:00,10.520000457763672,10.520000457763672,10.520000457763672,10.520000457763672,0,0.0,0.0
2025-03-28 00:00:00-04:00,10.520000457763672,10.520000457763672,10.520000457763672,10.520000457763672,0,0.0,0.0
2025-03-31 00:00:00-04:00,10.520000457763672,10.520000457763672,10.520000457763672,10.520000457763672,0,0.0,0.0
2025-04-01 00:00:00-04:00,10.520000457763672,10.520000457763672,10.520000457763672,10.520000457763672,0,0.0,0.0
2025-04-02 00:00:00-04:00,10.520000457763672,10.520000457763672,10.520000457763672,10.520000457763672,0,0.0,0.0
2025-04-03 00:00:00-04:00,10.520000457763672,10.520000457763672,10.520000457763672,10.520000457763672,0,0.0,0.0
2025-04-04 00:00:00-04:00,10.520000457763672,10.520000457763672,10.520000457763672,10.520000457763672,0,0.0,0.0
2025-04-07 00:00:00-04:00,10.520000457763672,10.520000457763672,10.520000457763672,10.520000457763672,0,0.0,0.0
2025-04-08 00:00:00-04:00,10.520000457763672,10.520000457763672,10.520000457763672,10.520000457763672,0,0.0,0.0
2025-04-09 00:00:00-04:00,10.520000457763672,10.520000457763672,10.520000457763672,10.520000457763672,0,0.0,0.0
2025-04-10 00:00:00-04:00,10.520000457763672,10.520000457763672,10.520000457763672,10.520000457763672,0,0.0,0.0
2025-04-11 00:00:00-04:00,10.520000457763672,10.520000457763672,10.520000457763672,10.520000457763672,0,0.0,0.0
2025-04-14 00:00:00-04:00,10.520000457763672,10.520000457763672,10.520000457763672,10.520000457763672,0,0.0,0.0
2025-04-15 00:00:00-04:00,10.520000457763672,10.520000457763672,10.520000457763672,10.520000457763672,0,0.0,0.0
2025-04-16 00:00:00-04:00,10.520000457763672,10.520000457763672,10.520000457763672,10.520000457763672,0,0.0,0.0
2025-04-17 00:00:00-04:00,10.520000457763672,10.520000457763672,10.520000457763672,10.520000457763672,0,0.0,0.0
2025-04-21 00:00:00-04:00,10.520000457763672,10.520000457763672,10.520000457763672,10.520000457763672,0,0.0,0.0
2025-04-22 00:00:00-04:00,10.520000457763672,10.520000457763672,10.520000457763672,10.520000457763672,0,0.0,0.0
2025-04-23 00:00:00-04:00,10.520000457763672,10.520000457763672,10.520000457763672,10.520000457763672,0,0.0,0.0
2025-04-24 00:00:00-04:00,10.520000457763672,10.520000457763672,10.520000457763672,10.520000457763672,0,0.0,0.0
2025-04-25 00:00:00-04:00,10.520000457763672,10.520000457763672,10.520000457763672,10.520000457763672,0,0.0,0.0
2025-04-28 00:00:00-04:00,10.520000457763672,10.520000457763672,10.520000457763672,10.520000457763672,0,0.0,0.0
2025-04-29 00:00:00-04:00,10.520000457763672,10.520000457763672,10.520000457763672,10.520000457763672,0,0.0,0.0
2025-04-30 00:00:00-04:00,10.520000457763672,10.520000457763672,10.520000457763672,10.520000457763672,0,0.0,0.0
2025-05-01 00:00:00-04:00,10.520000457763672,10.520000457763672,10.520000457763672,10.520000457763672,0,0.0,0.0
2025-05-02 00:00:00-04:00,10.520000457763672,10.520000457763672,10.520000457763672,10.520000457763672,0,0.0,0.0
2025-05-05 00:00:00-04:00,10.520000457763672,10.520000457763672,10.520000457763672,10.520000457763672,0,0.0,0.0
2025-05-06 00:00:00-04:00,10.520000457763672,10.520000457763672,10.520000457763672,10.520000457763672,0,0.0,0.0
2025-05-07 00:00:00-04:00,10.520000457763672,10.520000457763672,10.520000457763672,10.520000457763672,0,0.0,0.0
2025-05-08 00:00:00-04:00,10.520000457763672,10.520000457763672,10.520000457763672,10.520000457763672,0,0.0,0.0
2025-05-09 00:00:00-04:00,10.520000457763672,10.520000457763672,10.520000457763672,10.520000457763672,0,0.0,0.0
2025-05-12 00:00:00-04:00,10.520000457763672,10.520000457763672,10.520000457763672,10.520000457763672,0,0.0,0.0
2025-05-13 00:00:00-04:00,10.520000457763672,10.520000457763672,10.520000457763672,10.520000457763672,0,0.0,0.0
2025-05-14 00:00:00-04:00,10.520000457763672,10.520000457763672,10.520000457763672,10.520000457763672,0,0.0,0.0
2025-05-15 00:00:00-04:00,10.520000457763672,10.520000457763672,10.520000457763672,10.520000457763672,0,0.0,0.0
2025-05-16 00:00:00-04:00,10.520000457763672,10.520000457763672,10.520000457763672,10.520000457763672,0,0.0,0.0
2025-05-19 00:00:00-04:00,10.520000457763672,10.520000457763672,10.520000457763672,10.520000457763672,0,0.0,0.0
2025-05-20 00:00:00-04:00,10.520000457763672,10.520000457763672,10.520000457763672,10.520000457763672,0,0.0,0.0
2025-05-21 00:00:00-04:00,10.520000457763672,10.520000457763672,10.520000457763672,10.520000457763672,0,0.0,0.0
2025-05-22 00:00:00-04:00,10.520000457763672,10.520000457763672,10.520000457763672,10.520000457763672,0,0.0,0.0
2025-05-23 00:00:00-04:00,10.520000457763672,10.520000457763672,10.520000457763672,10.520000457763672,0,0.0,0.0
2025-05-27 00:00:00-04:00,10.520000457763672,10.520000457763672,10.520000457763672,10.520000457763672,0,0.0,0.0
2025-05-28 00:00:00-04:00,10.520000457763672,10.520000457763672,10.520000457763672,10.520000457763672,0,0.0,0.0
2025-05-29 00:00:00-04:00,10.520000457763672,10.520000457763672,10.520000457763672,10.520000457763672,0,0.0,0.0
2025-05-30 00:00:00-04:00,10.520000457763672,10.520000457763672,10.520000457763672,10.520000457763672,0,0.0,0.0
2025-06-02 00:00:00-04:00,10.520000457763672,10.520000457763672,10.520000457763672,10.520000457763672,0,0.0,0.0
2025-06-03 00:00:00-04:00,10.520000457763672,10.520000457763672,10.520000457763672,10.520000457763672,0,0.0,0.0
2025-06-04 00:00:00-04:00,10.520000457763672,10.520000457763672,10.520000457763672,10.520000457763672,0,0.0,0.0
2025-06-05 00:00:00-04:00,10.520000457763672,10.520000457763672,10.520000457763672,10.520000457763672,0,0.0,0.0
2025-06-06 00:00:00-04:00,10.520000457763672,10.520000457763672,10.520000457763672,10.520000457763672,0,0.0,0.0
2025-06-09 00:00:00-04:00,10.520000457763672,10.520000457763672,10.520000457763672,10.520000457763672,0,0.0,0.0
2025-06-10 00:00:00-04:00,10.520000457763672,10.520000457763672,10.520000457763672,10.520000457763672,0,0.0,0.0
2025-06-11 00:00:00-04:00,10.520000457763672,10.520000457763672,10.520000457763672,10.520000457763672,0,0.0,0.0
2025-06-12 00:00:00-04:00,10.520000457763672,10.520000457763672,10.520000457763672,10.520000457763672,0,0.0,0.0
2025-06-13 00:00:00-04:00,10.520000457763672,10.520000457763672,10.520000457763672,10.520000457763672,0,0.0,0.0
2025-06-16 00:00:00-04:00,10.520000457763672,10.520000457763672,10.520000457763672,10.520000457763672,0,0.0,0.0
2025-06-17 00:00:00-04:00,10.520000457763672,10.520000457763672,10.520000457763672,10.520000457763672,0,0.0,0.0
2025-06-18 00:00:00-04:00,10.520000457763672,10.520000457763672,10.520000457763672,10.520000457763672,0,0.0,0.0
2025-06-20 00:00:00-04:00,10.520000457763672,10.520000457763672,10.520000457763672,10.520000457763672,0,0.0,0.0
2025-06-23 00:00:00-04:00,10.520000457763672,10.520000457763672,10.520000457763672,10.520000457763672,0,0.0,0.0
2025-06-24 00:00:00-04:00,10.520000457763672,10.520000457763672,10.520000457763672,10.520000457763672,0,0.0,0.0
2025-06-25 00:00:00-04:00,10.520000457763672,10.520000457763672,10.520000457763672,10.520000457763672,0,0.0,0.0
2025-06-26 00:00:00-04:00,10.520000457763672,10.520000457763672,10.520000457763672,10.520000457763672,0,0.0,0.0
2025-06-27 00:00:00-04:00,12.989999771118164,12.989999771118164,12.989999771118164,12.989999771118164,100,0.0,0.0
2025-06-30 00:00:00-04:00,12.989999771118164,12.989999771118164,12.989999771118164,12.989999771118164,0,0.0,0.0
2025-07-01 00:00:00-04:00,12.989999771118164,12.989999771118164,12.989999771118164,12.989999771118164,0,0.0,0.0
2025-07-02 00:00:00-04:00,12.989999771118164,12.989999771118164,12.989999771118164,12.989999771118164,0,0.0,0.0
2025-07-03 00:00:00-04:00,12.989999771118164,12.989999771118164,12.989999771118164,12.989999771118164,0,0.0,0.0
2025-07-07 00:00:00-04:00,12.989999771118164,12.989999771118164,12.989999771118164,12.989999771118164,0,0.0,0.0
2025-07-08 00:00:00-04:00,12.989999771118164,12.989999771118164,12.989999771118164,12.989999771118164,0,0.0,0.0
2025-07-09 00:00:00-04:00,12.989999771118164,12.989999771118164,12.989999771118164,12.989999771118164,0,0.0,0.0
2025-07-10 00:00:00-04:00,12.989999771118164,12.989999771118164,12.989999771118164,12.989999771118164,0,0.0,0.0
2025-07-11 00:00:00-04:00,12.989999771118164,12.989999771118164,12.989999771118164,12.989999771118164,0,0.0,0.0
2025-07-14 00:00:00-04:00,12.989999771118164,12.989999771118164,12.989999771118164,12.989999771118164,0,0.0,0.0
2025-07-15 00:00:00-04:00,12.989999771118164,12.989999771118164,12.989999771118164,12.989999771118164,0,0.0,0.0
2025-07-16 00:00:00-04:00,12.989999771118164,12.989999771118164,12.989999771118164,12.989999771118164,0,0.0,0.0
2025-07-17 00:00:00-04:00,12.989999771118164,12.989999771118164,12.989999771118164,12.989999771118164,0,0.0,0.0
2025-07-18 00:00:00-04:00,12.989999771118164,12.989999771118164,12.989999771118164,12.989999771118164,0,0.0,0.0
2025-07-21 00:00:00-04:00,12.989999771118164,12.989999771118164,12.989999771118164,12.989999771118164,0,0.0,0.0
2025-07-22 00:00:00-04:00,12.989999771118164,12.989999771118164,12.989999771118164,12.989999771118164,0,0.0,0.0
2025-07-23 00:00:00-04:00,12.989999771118164,12.989999771118164,12.989999771118164,12.989999771118164,0,0.0,0.0
2025-07-24 00:00:00-04:00,12.989999771118164,12.989999771118164,12.989999771118164,12.989999771118164,0,0.0,0.0
2025-07-25 00:00:00-04:00,12.989999771118164,12.989999771118164,12.989999771118164,12.989999771118164,0,0.0,0.0
2025-07-28 00:00:00-04:00,12.989999771118164,12.989999771118164,12.989999771118164,12.989999771118164,0,0.0,0.0
2025-07-29 00:00:00-04:00,12.989999771118164,12.989999771118164,12.989999771118164,12.989999771118164,0,0.0,0.0
2025-07-30 00:00:00-04:00,12.989999771118164,12.989999771118164,12.989999771118164,12.989999771118164,0,0.0,0.0
2025-07-31 00:00:00-04:00,12.989999771118164,12.989999771118164,12.989999771118164,12.989999771118164,0,0.0,0.0
2025-08-01 00:00:00-04:00,12.989999771118164,12.989999771118164,12.989999771118164,12.989999771118164,0,0.0,0.0
2025-08-04 00:00:00-04:00,12.989999771118164,12.989999771118164,12.989999771118164,12.989999771118164,0,0.0,0.0
2025-08-05 00:00:00-04:00,12.989999771118164,12.989999771118164,12.989999771118164,12.989999771118164,0,0.0,0.0
2025-08-06 00:00:00-04:00,12.989999771118164,12.989999771118164,12.989999771118164,12.989999771118164,0,0.0,0.0
2025-08-07 00:00:00-04:00,12.989999771118164,12.989999771118164,12.989999771118164,12.989999771118164,0,0.0,0.0
2025-08-08 00:00:00-04:00,12.989999771118164,12.989999771118164,12.989999771118164,12.989999771118164,0,0.0,0.0
2025-08-11 00:00:00-04:00,12.989999771118164,12.989999771118164,12.989999771118164,12.989999771118164,0,0.0,0.0
2025-08-12 00:00:00-04:00,12.989999771118164,12.989999771118164,12.989999771118164,12.989999771118164,200,0.0,0.0
2025-08-13 00:00:00-04:00,12.989999771118164,12.989999771118164,12.989999771118164,12.989999771118164,0,0.0,0.0
2025-08-14 00:00:00-04:00,12.989999771118164,12.989999771118164,12.989999771118164,12.989999771118164,0,0.0,0.0
2025-08-15 00:00:00-04:00,12.989999771118164,12.989999771118164,12.989999771118164,12.989999771118164,0,0.0,0.0
2025-08-18 00:00:00-04:00,12.989999771118164,12.989999771118164,12.989999771118164,12.989999771118164,0,0.0,0.0
2025-08-19 00:00:00-04:00,12.989999771118164,12.989999771118164,12.989999771118164,12.989999771118164,0,0.0,0.0
2025-08-20 00:00:00-04:00,12.989999771118164,12.989999771118164,12.989999771118164,12.989999771118164,0,0.0,0.0
2025-08-21 00:00:00-04:00,12.989999771118164,12.989999771118164,12.989999771118164,12.989999771118164,0,0.0,0.0
2025-08-22 00:00:00-04:00,12.989999771118164,12.989999771118164,12.989999771118164,12.989999771118164,0,0.0,0.0
2025-08-25 00:00:00-04:00,12.989999771118164,12.989999771118164,12.989999771118164,12.989999771118164,0,0.0,0.0
2025-08-26 00:00:00-04:00,12.989999771118164,12.989999771118164,12.989999771118164,12.989999771118164,0,0.0,0.0
2025-08-27 00:00:00-04:00,12.989999771118164,12.989999771118164,12.989999771118164,12.989999771118164,0,0.0,0.0
2025-08-28 00:00:00-04:00,12.989999771118164,12.989999771118164,12.989999771118164,12.989999771118164,0,0.0,0.0
2025-08-29 00:00:00-04:00,12.989999771118164,12.989999771118164,12.989999771118164,12.989999771118164,0,0.0,0.0
2025-09-02 00:00:00-04:00,12.989999771118164,12.989999771118164,12.989999771118164,12.989999771118164,0,0.0,0.0
2025-09-03 00:00:00-04:00,12.989999771118164,12.989999771118164,12.989999771118164,12.989999771118164,0,0.0,0.0
2025-09-04 00:00:00-04:00,12.989999771118164,12.989999771118164,12.989999771118164,12.989999771118164,0,0.0,0.0
2025-09-05 00:00:00-04:00,12.989999771118164,12.989999771118164,12.989999771118164,12.989999771118164,0,0.0,0.0
2025-09-08 00:00:00-04:00,12.989999771118164,12.989999771118164,12.989999771118164,12.989999771118164,0,0.0,0.0
2025-09-09 00:00:00-04:00,12.989999771118164,12.989999771118164,12.989999771118164,12.989999771118164,0,0.0,0.0
2025-09-10 00:00:00-04:00,12.989999771118164,12.989999771118164,12.989999771118164,12.989999771118164,0,0.0,0.0
2025-09-11 00:00:00-04:00,12.989999771118164,12.989999771118164,12.989999771118164,12.989999771118164,0,0.0,0.0
2025-09-12 00:00:00-04:00,12.989999771118164,12.989999771118164,12.989999771118164,12.989999771118164,0,0.0,0.0
2025-09-15 00:00:00-04:00,12.989999771118164,12.989999771118164,12.989999771118164,12.989999771118164,400,0.0,0.0
2025-09-16 00:00:00-04:00,12.989999771118164,12.989999771118164,12.989999771118164,12.989999771118164,0,0.0,0.0
2025-09-17 00:00:00-04:00,12.989999771118164,12.989999771118164,12.989999771118164,12.989999771118164,0,0.0,0.0
2025-09-18 00:00:00-04:00,12.989999771118164,12.989999771118164,12.989999771118164,12.989999771118164,0,0.0,0.0
2025-09-19 00:00:00-04:00,12.989999771118164,12.989999771118164,12.989999771118164,12.989999771118164,0,0.0,0.0
2025-09-22 00:00:00-04:00,12.989999771118164,12.989999771118164,12.989999771118164,12.989999771118164,0,0.0,0.0
2025-09-23 00:00:00-04:00,12.989999771118164,12.989999771118164,12.989999771118164,12.989999771118164,0,0.0,0.0
2025-09-24 00:00:00-04:00,12.989999771118164,12.989999771118164,12.989999771118164,12.989999771118164,0,0.0,0.0
2025-09-25 00:00:00-04:00,12.989999771118164,12.989999771118164,12.989999771118164,12.989999771118164,0,0.0,0.0
2025-09-26 00:00:00-04:00,12.989999771118164,12.989999771118164,12.989999771118164,12.989999771118164,0,0.0,0.0
2025-09-29 00:00:00-04:00,12.989999771118164,12.989999771118164,12.989999771118164,12.989999771118164,0,0.0,0.0
2025-09-30 00:00:00-04:00,12.989999771118164,12.989999771118164,12.989999771118164,12.989999771118164,0,0.0,0.0
2025-10-01 00:00:00-04:00,12.989999771118164,12.989999771118164,12.989999771118164,12.989999771118164,0,0.0,0.0
2025-10-02 00:00:00-04:00,12.989999771118164,12.989999771118164,12.989999771118164,12.989999771118164,0,0.0,0.0
2025-10-03 00:00:00-04:00,12.989999771118164,12.989999771118164,12.989999771118164,12.989999771118164,0,0.0,0.0
2025-10-06 00:00:00-04:00,12.989999771118164,12.989999771118164,12.989999771118164,12.989999771118164,0,0.0,0.0
2025-10-07 00:00:00-04:00,12.989999771118164,12.989999771118164,12.989999771118164,12.989999771118164,0,0.0,0.0
2025-10-08 00:00:00-04:00,12.989999771118164,12.989999771118164,12.989999771118164,12.989999771118164,0,0.0,0.0
2025-10-09 00:00:00-04:00,12.989999771118164,12.989999771118164,12.989999771118164,12.989999771118164,0,0.0,0.0
2025-10-10 00:00:00-04:00,12.989999771118164,12.989999771118164,12.989999771118164,12.989999771118164,0,0.0,0.0
2025-10-13 00:00:00-04:00,12.989999771118164,12.989999771118164,12.989999771118164,12.989999771118164,0,0.0,0.0
2025-10-14 00:00:00-04:00,12.989999771118164,12.989999771118164,12.989999771118164,12.989999771118164,0,0.0,0.0
2025-10-15 00:00:00-04:00,12.989999771118164,12.989999771118164,12.989999771118164,12.989999771118164,0,0.0,0.0
2025-10-16 00:00:00-04:00,12.989999771118164,12.989999771118164,12.989999771118164,12.989999771118164,0,0.0,0.0
2025-10-17 00:00:00-04:00,12.989999771118164,12.989999771118164,12.989999771118164,12.989999771118164,0,0.0,0.0
2025-10-20 00:00:00-04:00,12.989999771118164,12.989999771118164,12.989999771118164,12.989999771118164,0,0.0,0.0
2025-10-21 00:00:00-04:00,12.989999771118164,12.989999771118164,12.989999771118164,12.989999771118164,0,0.0,0.0
2025-10-22 00:00:00-04:00,12.989999771118164,12.989999771118164,12.989999771118164,12.989999771118164,0,0.0,0.0
2025-10-23 00:00:00-04:00,12.989999771118164,12.989999771118164,12.989999771118164,12.989999771118164,0,0.0,0.0
2025-10-24 00:00:00-04:00,12.989999771118164,12.989999771118164,12.989999771118164,12.989999771118164,0,0.0,0.0
2025-10-27 00:00:00-04:00,12.989999771118164,12.989999771118164,12.989999771118164,12.989999771118164,0,0.0,0.0
2025-10-28 00:00:00-04:00,12.989999771118164,12.989999771118164,12.989999771118164,12.989999771118164,0,0.0,0.0
2025-10-29 00:00:00-04:00,12.989999771118164,12.989999771118164,12.989999771118164,12.989999771118164,0,0.0,0.0
2025-10-30 00:00:00-04:00,12.989999771118164,12.989999771118164,12.989999771118164,12.989999771118164,0,0.0,0.0
2025-10-31 00:00:00-04:00,12.989999771118164,12.989999771118164,12.989999771118164,12.989999771118164,0,0.0,0.0
2025-11-03 00:00:00-05:00,12.989999771118164,12.989999771118164,12.989999771118164,12.989999771118164,0,0.0,0.0
2025-11-04 00:00:00-05:00,12.989999771118164,12.989999771118164,12.989999771118164,12.989999771118164,0,0.0,0.0
2025-11-05 00:00:00-05:00,12.989999771118164,12.989999771118164,12.989999771118164,12.989999771118164,0,0.0,0.0
2025-11-06 00:00:00-05:00,12.989999771118164,12.989999771118164,12.989999771118164,12.989999771118164,0,0.0,0.0
2025-11-07 00:00:00-05:00,12.989999771118164,12.989999771118164,12.989999771118164,12.989999771118164,0,0.0,0.0
2025-11-10 00:00:00-05:00,12.989999771118164,12.989999771118164,12.989999771118164,12.989999771118164,0,0.0,0.0
2025-11-11 00:00:00-05:00,12.989999771118164,12.989999771118164,12.989999771118164,12.989999771118164,0,0.0,0.0
2025-11-12 00:00:00-05:00,12.989999771118164,12.989999771118164,12.989999771118164,12.989999771118164,0,0.0,0.0
2025-11-13 00:00:00-05:00,12.989999771118164,12.989999771118164,12.989999771118164,12.989999771118164,0,0.0,0.0
2025-11-14 00:00:00-05:00,12.989999771118164,12.989999771118164,12.989999771118164,12.989999771118164,0,0.0,0.0
2025-11-17 00:00:00-05:00,12.989999771118164,12.989999771118164,12.989999771118164,12.989999771118164,0,0.0,0.0
2025-11-18 00:00:00-05:00,12.989999771118164,12.989999771118164,12.989999771118164,12.989999771118164,0,0.0,0.0
2025-11-19 00:00:00-05:00,12.989999771118164,12.989999771118164,12.989999771118164,12.989999771118164,0,0.0,0.0
2025-11-20 00:00:00-05:00,12.989999771118164,12.989999771118164,12.989999771118164,12.989999771118164,0,0.0,0.0
2025-11-21 00:00:00-05:00,12.989999771118164,12.989999771118164,12.989999771118164,12.989999771118164,0,0.0,0.0
2025-11-24 00:00:00-05:00,12.989999771118164,12.989999771118164,12.989999771118164,12.989999771118164,0,0.0,0.0
2025-11-25 00:00:00-05:00,12.989999771118164,12.989999771118164,12.989999771118164,12.989999771118164,0,0.0,0.0
2025-11-26 00:00:00-05:00,12.989999771118164,12.989999771118164,12.989999771118164,12.989999771118164,0,0.0,0.0
2025-11-28 00:00:00-05:00,12.989999771118164,12.989999771118164,12.989999771118164,12.989999771118164,0,0.0,0.0
2025-12-01 00:00:00-05:00,12.989999771118164,12.989999771118164,12.989999771118164,12.989999771118164,0,0.0,0.0
2025-12-02 00:00:00-05:00,12.989999771118164,12.989999771118164,12.989999771118164,12.989999771118164,0,0.0,0.0
2025-12-03 00:00:00-05:00,12.989999771118164,12.989999771118164,12.989999771118164,12.989999771118164,0,0.0,0.0
2025-12-04 00:00:00-05:00,12.989999771118164,12.989999771118164,12.989999771118164,12.989999771118164,0,0.0,0.0
2025-12-05 00:00:00-05:00,12.989999771118164,12.989999771118164,12.989999771118164,12.989999771118164,0,0.0,0.0
2025-12-08 00:00:00-05:00,12.989999771118164,12.989999771118164,12.989999771118164,12.989999771118164,0,0.0,0.0
2025-12-09 00:00:00-05:00,12.989999771118164,12.989999771118164,12.989999771118164,12.989999771118164,0,0.0,0.0
2025-12-10 00:00:00-05:00,12.989999771118164,12.989999771118164,12.989999771118164,12.989999771118164,0,0.0,0.0
2025-12-11 00:00:00-05:00,12.989999771118164,12.989999771118164,12.989999771118164,12.989999771118164,0,0.0,0.0
2025-12-12 00:00:00-05:00,12.989999771118164,12.989999771118164,12.989999771118164,12.989999771118164,0,0.0,0.0
2025-12-15 00:00:00-05:00,12.989999771118164,12.989999771118164,12.989999771118164,12.989999771118164,0,0.0,0.0
2025-12-16 00:00:00-05:00,12.989999771118164,12.989999771118164,12.989999771118164,12.989999771118164,0,0.0,0.0
2025-12-17 00:00:00-05:00,12.989999771118164,12.989999771118164,12.989999771118164,12.989999771118164,0,0.0,0.0
2025-12-18 00:00:00-05:00,12.989999771118164,12.989999771118164,12.989999771118164,12.989999771118164,0,0.0,0.0
2025-12-19 00:00:00-05:00,12.989999771118164,12.989999771118164,12.989999771118164,12.989999771118164,0,0.0,0.0
2025-12-22 00:00:00-05:00,12.989999771118164,12.989999771118164,12.989999771118164,12.989999771118164,0,0.0,0.0
2025-12-23 00:00:00-05:00,12.989999771118164,12.989999771118164,12.989999771118164,12.989999771118164,0,0.0,0.0
2025-12-24 00:00:00-05:00,12.989999771118164,12.989999771118164,12.989999771118164,12.989999771118164,0,0.0,0.0
2025-12-26 00:00:00-05:00,12.989999771118164,12.989999771118164,12.989999771118164,12.989999771118164,0,0.0,0.0
2025-12-29 00:00:00-05:00,12.989999771118164,12.989999771118164,12.989999771118164,12.989999771118164,0,0.0,0.0
2025-12-30 00:00:00-05:00,12.989999771118164,12.989999771118164,12.989999771118164,12.989999771118164,0,0.0,0.0
2025-12-31 00:00:00-05:00,12.989999771118164,12.989999771118164,12.989999771118164,12.989999771118164,0,0.0,0.0
2026-01-02 00:00:00-05:00,12.989999771118164,12.989999771118164,12.989999771118164,12.989999771118164,0,0.0,0.0
2026-01-05 00:00:00-05:00,12.989999771118164,12.989999771118164,12.989999771118164,12.989999771118164,0,0.0,0.0
2026-01-06 00:00:00-05:00,12.989999771118164,12.989999771118164,12.989999771118164,12.989999771118164,0,0.0,0.0
2026-01-07 00:00:00-05:00,12.989999771118164,12.989999771118164,12.989999771118164,12.989999771118164,0,0.0,0.0
2026-01-08 00:00:00-05:00,12.989999771118164,12.989999771118164,12.989999771118164,12.989999771118164,0,0.0,0.0
2026-01-09 00:00:00-05:00,12.989999771118164,12.989999771118164,12.989999771118164,12.989999771118164,0,0.0,0.0
2026-01-12 00:00:00-05:00,12.989999771118164,12.989999771118164,12.989999771118164,12.989999771118164,0,0.0,0.0
2026-01-13 00:00:00-05:00,12.989999771118164,12.989999771118164,12.989999771118164,12.989999771118164,0,0.0,0.0
2026-01-14 00:00:00-05:00,12.989999771118164,12.989999771118164,12.989999771118164,12.989999771118164,0,0.0,0.0
2026-01-15 00:00:00-05:00,12.989999771118164,12.989999771118164,12.989999771118164,12.989999771118164,0,0.0,0.0
2026-01-16 00:00:00-05:00,12.989999771118164,12.989999771118164,12.989999771118164,12.989999771118164,0,0.0,0.0
2026-01-20 00:00:00-05:00,12.989999771118164,12.989999771118164,12.989999771118164,12.989999771118164,0,0.0,0.0
2026-01-21 00:00:00-05:00,12.989999771118164,12.989999771118164,12.989999771118164,12.989999771118164,0,0.0,0.0
2026-01-22 00:00:00-05:00,12.989999771118164,12.989999771118164,12.989999771118164,12.989999771118164,0,0.0,0.0
2026-01-23 00:00:00-05:00,12.989999771118164,12.989999771118164,12.989999771118164,12.989999771118164,0,0.0,0.0
2026-01-26 00:00:00-05:00,12.989999771118164,12.989999771118164,12.989999771118164,12.989999771118164,0,0.0,0.0
2026-01-27 00:00:00-05:00,12.989999771118164,12.989999771118164,12.989999771118164,12.989999771118164,0,0.0,0.0
2026-01-28 00:00:00-05:00,12.989999771118164,12.989999771118164,12.989999771118164,12.989999771118164,0,0.0,0.0
2026-01-29 00:00:00-05:00,12.989999771118164,12.989999771118164,12.989999771118164,12.989999771118164,0,0.0,0.0
2026-01-30 00:00:00-05:00,12.989999771118164,12.989999771118164,12.989999771118164,12.989999771118164,0,0.0,0.0
2026-02-02 00:00:00-05:00,12.989999771118164,12.989999771118164,12.989999771118164,12.989999771118164,0,0.0,0.0
2026-02-03 00:00:00-05:00,12.989999771118164,12.989999771118164,12.989999771118164,12.989999771118164,0,0.0,0.0
2026-02-04 00:00:00-05:00,12.989999771118164,12.989999771118164,12.989999771118164,12.989999771118164,0,0.0,0.0
2026-02-05 00:00:00-05:00,12.989999771118164,12.989999771118164,12.989999771118164,12.989999771118164,0,0.0,0.0
2026-02-06 00:00:00-05:00,12.989999771118164,12.989999771118164,12.989999771118164,12.989999771118164,0,0.0,0.0
2026-02-09 00:00:00-05:00,12.989999771118164,12.989999771118164,12.989999771118164,12.989999771118164,0,0.0,0.0
2026-02-10 00:00:00-05:00,12.989999771118164,12.989999771118164,12.989999771118164,12.989999771118164,0,0.0,0.0
2026-02-11 00:00:00-05:00,12.989999771118164,12.989999771118164,12.989999771118164,12.989999771118164,0,0.0,0.0
2026-02-12 00:00:00-05:00,12.989999771118164,12.989999771118164,12.989999771118164,12.989999771118164,0,0.0,0.0
2026-02-13 00:00:00-05:00,12.989999771118164,12.989999771118164,12.989999771118164,12.989999771118164,0,0.0,0.0
2026-02-17 00:00:00-05:00,12.989999771118164,12.989999771118164,12.989999771118164,12.989999771118164,0,0.0,0.0
2026-02-18 00:00:00-05:00,12.989999771118164,12.989999771118164,12.989999771118164,12.989999771118164,0,0.0,0.0
2026-02-19 00:00:00-05:00,12.989999771118164,12.989999771118164,12.989999771118164,12.989999771118164,0,0.0,0.0
2026-02-20 00:00:00-05:00,12.989999771118164,12.989999771118164,12.989999771118164,12.989999771118164,0,0.0,0.0
2026-02-23 00:00:00-05:00,12.989999771118164,12.989999771118164,12.989999771118164,12.989999771118164,0,0.0,0.0
2026-02-24 00:00:00-05:00,12.989999771118164,12.989999771118164,12.989999771118164,12.989999771118164,0,0.0,0.0
2026-02-25 00:00:00-05:00,12.989999771118164,12.989999771118164,12.989999771118164,12.989999771118164,0,0.0,0.0
2026-02-26 00:00:00-05:00,12.989999771118164,12.989999771118164,12.989999771118164,12.989999771118164,0,0.0,0.0
2026-02-27 00:00:00-05:00,12.989999771118164,12.989999771118164,12.989999771118164,12.989999771118164,0,0.0,0.0
2026-03-02 00:00:00-05:00,12.989999771118164,12.989999771118164,12.989999771118164,12.989999771118164,0,0.0,0.0
2026-03-03 00:00:00-05:00,12.989999771118164,12.989999771118164,12.989999771118164,12.989999771118164,0,0.0,0.0
2026-03-04 00:00:00-05:00,12.989999771118164,12.989999771118164,12.989999771118164,12.989999771118164,0,0.0,0.0
2026-03-05 00:00:00-05:00,12.989999771118164,12.989999771118164,12.989999771118164,12.989999771118164,0,0.0,0.0
2026-03-06 00:00:00-05:00,12.989999771118164,12.989999771118164,12.989999771118164,12.989999771118164,0,0.0,0.0
2026-03-09 00:00:00-04:00,12.989999771118164,12.989999771118164,12.989999771118164,12.989999771118164,0,0.0,0.0
2026-03-10 00:00:00-04:00,12.989999771118164,12.989999771118164,12.989999771118164,12.989999771118164,0,0.0,0.0
2026-03-11 00:00:00-04:00,12.989999771118164,12.989999771118164,12.989999771118164,12.989999771118164,0,0.0,0.0
2026-03-12 00:00:00-04:00,12.989999771118164,12.989999771118164,12.989999771118164,12.989999771118164,0,0.0,0.0
2026-03-13 00:00:00-04:00,12.989999771118164,12.989999771118164,12.989999771118164,12.989999771118164,0,0.0,0.0
2026-03-16 00:00:00-04:00,12.989999771118164,12.989999771118164,12.989999771118164,12.989999771118164,0,0.0,0.0
2026-03-17 00:00:00-04:00,12.989999771118164,12.989999771118164,12.989999771118164,12.989999771118164,0,0.0,0.0
2026-03-18 00:00:00-04:00,12.989999771118164,12.989999771118164,12.989999771118164,12.989999771118164,0,0.0,0.0
2026-03-19 00:00:00-04:00,12.989999771118164,12.989999771118164,12.989999771118164,12.989999771118164,0,0.0,0.0
2026-03-20 00:00:00-04:00,12.989999771118164,12.989999771118164,12.989999771118164,12.989999771118164,0,0.0,0.0
2026-03-23 00:00:00-04:00,12.989999771118164,12.989999771118164,12.989999771118164,12.989999771118164,0,0.0,0.0
2026-03-24 00:00:00-04:00,12.989999771118164,12.989999771118164,12.989999771118164,12.989999771118164,0,0.0,0.0
2026-03-25 00:00:00-04:00,12.989999771118164,12.989999771118164,12.989999771118164,12.989999771118164,0,0.0,0.0
2026-03-26 00:00:00-04:00,12.989999771118164,12.989999771118164,12.989999771118164,12.989999771118164,0,0.0,0.0
2026-03-27 00:00:00-04:00,12.989999771118164,12.989999771118164,12.989999771118164,12.989999771118164,0,0.0,0.0
2026-03-30 00:00:00-04:00,12.989999771118164,12.989999771118164,12.989999771118164,12.989999771118164,0,0.0,0.0
2026-03-31 00:00:00-04:00,12.989999771118164,12.989999771118164,12.989999771118164,12.989999771118164,0,0.0,0.0
2026-04-01 00:00:00-04:00,12.989999771118164,12.989999771118164,12.989999771118164,12.989999771118164,0,0.0,0.0
2026-04-02 00:00:00-04:00,12.989999771118164,12.989999771118164,12.989999771118164,12.989999771118164,0,0.0,0.0
2026-04-06 00:00:00-04:00,12.989999771118164,12.989999771118164,12.989999771118164,12.989999771118164,0,0.0,0.0
2026-04-07 00:00:00-04:00,12.989999771118164,12.989999771118164,12.989999771118164,12.989999771118164,0,0.0,0.0
2026-04-08 00:00:00-04:00,12.989999771118164,12.989999771118164,12.989999771118164,12.989999771118164,0,0.0,0.0
2026-04-09 00:00:00-04:00,12.989999771118164,12.989999771118164,12.989999771118164,12.989999771118164,0,0.0,0.0
2026-04-10 00:00:00-04:00,12.989999771118164,12.989999771118164,12.989999771118164,12.989999771118164,0,0.0,0.0
2026-04-13 00:00:00-04:00,12.989999771118164,12.989999771118164,12.989999771118164,12.989999771118164,0,0.0,0.0
2026-04-14 00:00:00-04:00,12.989999771118164,12.989999771118164,12.989999771118164,12.989999771118164,0,0.0,0.0
2026-04-15 00:00:00-04:00,12.989999771118164,12.989999771118164,12.989999771118164,12.989999771118164,0,0.0,0.0
2026-04-16 00:00:00-04:00,12.989999771118164,12.989999771118164,12.989999771118164,12.989999771118164,0,0.0,0.0
2026-04-17 00:00:00-04:00,12.989999771118164,12.989999771118164,12.989999771118164,12.989999771118164,0,0.0,0.0
2026-04-20 00:00:00-04:00,12.989999771118164,12.989999771118164,12.989999771118164,12.989999771118164,0,0.0,0.0
2026-04-21 00:00:00-04:00,12.989999771118164,12.989999771118164,12.989999771118164,12.989999771118164,0,0.0,0.0
2026-04-22 00:00:00-04:00,12.989999771118164,12.989999771118164,12.989999771118164,12.989999771118164,0,0.0,0.0
2026-04-23 00:00:00-04:00,12.989999771118164,12.989999771118164,12.989999771118164,12.989999771118164,0,0.0,0.0
2026-04-24 00:00:00-04:00,12.989999771118164,12.989999771118164,12.989999771118164,12.989999771118164,0,0.0,0.0
2026-04-27 00:00:00-04:00,12.989999771118164,12.989999771118164,12.989999771118164,12.989999771118164,0,0.0,0.0
2026-04-28 00:00:00-04:00,12.989999771118164,12.989999771118164,12.989999771118164,12.989999771118164,0,0.0,0.0
2026-04-29 00:00:00-04:00,12.989999771118164,12.989999771118164,12.989999771118164,12.989999771118164,0,0.0,0.0
2026-04-30 00:00:00-04:00,12.989999771118164,12.989999771118164,12.989999771118164,12.989999771118164,0,0.0,0.0
2026-05-01 00:00:00-04:00,12.989999771118164,12.989999771118164,12.989999771118164,12.989999771118164,0,0.0,0.0
2026-05-04 00:00:00-04:00,12.989999771118164,12.989999771118164,12.989999771118164,12.989999771118164,0,0.0,0.0
2026-05-05 00:00:00-04:00,12.989999771118164,12.989999771118164,12.989999771118164,12.989999771118164,0,0.0,0.0
2026-05-06 00:00:00-04:00,12.989999771118164,12.989999771118164,12.989999771118164,12.989999771118164,0,0.0,0.0
2026-05-07 00:00:00-04:00,12.989999771118164,12.989999771118164,12.989999771118164,12.989999771118164,0,0.0,0.0
2026-05-08 00:00:00-04:00,12.989999771118164,12.989999771118164,12.989999771118164,12.989999771118164,0,0.0,0.0
2026-05-11 00:00:00-04:00,12.989999771118164,12.989999771118164,12.989999771118164,12.989999771118164,0,0.0,0.0
2026-05-12 00:00:00-04:00,12.989999771118164,12.989999771118164,12.989999771118164,12.989999771118164,0,0.0,0.0
2026-05-13 00:00:00-04:00,12.989999771118164,12.989999771118164,12.989999771118164,12.989999771118164,0,0.0,0.0
2026-05-14 00:00:00-04:00,12.989999771118164,12.989999771118164,12.989999771118164,12.989999771118164,0,0.0,0.0
2026-05-15 00:00:00-04:00,12.989999771118164,12.989999771118164,12.989999771118164,12.989999771118164,0,0.0,0.0
2026-05-18 00:00:00-04:00,12.989999771118164,12.989999771118164,12.989999771118164,12.989999771118164,0,0.0,0.0
2026-05-19 00:00:00-04:00,12.989999771118164,12.989999771118164,12.989999771118164,12.989999771118164,0,0.0,0.0
2026-05-20 00:00:00-04:00,12.989999771118164,12.989999771118164,12.989999771118164,12.989999771118164,0,0.0,0.0
2026-05-21 00:00:00-04:00,12.989999771118164,12.989999771118164,12.989999771118164,12.989999771118164,0,0.0,0.0
2026-05-22 00:00:00-04:00,12.989999771118164,12.989999771118164,12.989999771118164,12.989999771118164,0,0.0,0.0
2026-05-26 00:00:00-04:00,12.989999771118164,12.989999771118164,12.989999771118164,12.989999771118164,0,0.0,0.0
2026-05-27 00:00:00-04:00,12.989999771118164,12.989999771118164,12.989999771118164,12.989999771118164,0,0.0,0.0
2026-05-28 00:00:00-04:00,12.989999771118164,12.989999771118164,12.989999771118164,12.989999771118164,0,0.0,0.0
2026-05-29 00:00:00-04:00,12.989999771118164,12.989999771118164,12.989999771118164,12.989999771118164,0,0.0,0.0
2026-06-01 00:00:00-04:00,12.989999771118164,12.989999771118164,12.989999771118164,12.989999771118164,0,0.0,0.0
2026-06-02 00:00:00-04:00,12.989999771118164,12.989999771118164,12.989999771118164,12.989999771118164,0,0.0,0.0
2026-06-03 00:00:00-04:00,12.989999771118164,12.989999771118164,12.989999771118164,12.989999771118164,0,0.0,0.0
2026-06-04 00:00:00-04:00,12.989999771118164,12.989999771118164,12.989999771118164,12.989999771118164,0,0.0,0.0
2026-06-05 00:00:00-04:00,12.989999771118164,12.989999771118164,12.989999771118164,12.989999771118164,0,0.0,0.0
2026-06-08 00:00:00-04:00,12.989999771118164,12.989999771118164,12.989999771118164,12.989999771118164,0,0.0,0.0
2026-06-09 00:00:00-04:00,12.989999771118164,12.989999771118164,12.989999771118164,12.989999771118164,0,0.0,0.0
2026-06-10 00:00:00-04:00,12.989999771118164,12.989999771118164,12.989999771118164,12.989999771118164,0,0.0,0.0
2026-06-11 00:00:00-04:00,12.989999771118164,12.989999771118164,12.989999771118164,12.989999771118164,0,0.0,0.0
2026-06-12 00:00:00-04:00,12.989999771118164,12.989999771118164,12.989999771118164,12.989999771118164,0,0.0,0.0
2026-06-15 00:00:00-04:00,12.989999771118164,12.989999771118164,12.989999771118164,12.989999771118164,0,0.0,0.0
2026-06-16 00:00:00-04:00,12.989999771118164,12.989999771118164,12.989999771118164,12.989999771118164,0,0.0,0.0
2026-06-17 00:00:00-04:00,12.989999771118164,12.989999771118164,12.989999771118164,12.989999771118164,0,0.0,0.0
2026-06-18 00:00:00-04:00,12.989999771118164,12.989999771118164,12.989999771118164,12.989999771118164,0,0.0,0.0
2026-06-22 00:00:00-04:00,12.989999771118164,12.989999771118164,12.989999771118164,12.989999771118164,0,0.0,0.0
2026-06-23 00:00:00-04:00,12.989999771118164,12.989999771118164,12.989999771118164,12.989999771118164,0,0.0,0.0
2026-06-24 00:00:00-04:00,12.989999771118164,12.989999771118164,12.989999771118164,12.989999771118164,0,0.0,0.0
2026-06-25 00:00:00-04:00,12.989999771118164,12.989999771118164,12.989999771118164,12.989999771118164,0,0.0,0.0
2026-06-26 00:00:00-04:00,12.989999771118164,12.989999771118164,12.989999771118164,12.989999771118164,0,0.0,0.0
2026-06-29 00:00:00-04:00,12.989999771118164,12.989999771118164,12.989999771118164,12.989999771118164,0,0.0,0.0
2026-06-30 00:00:00-04:00,12.989999771118164,12.989999771118164,12.989999771118164,12.989999771118164,0,0.0,0.0
2026-07-01 00:00:00-04:00,12.989999771118164,12.989999771118164,12.989999771118164,12.989999771118164,0,0.0,0.0
2026-07-02 00:00:00-04:00,12.989999771118164,12.989999771118164,12.989999771118164,12.989999771118164,0,0.0,0.0
2026-07-06 00:00:00-04:00,12.989999771118164,12.989999771118164,12.989999771118164,12.989999771118164,0,0.0,0.0
2026-07-07 00:00:00-04:00,12.989999771118164,12.989999771118164,12.989999771118164,12.989999771118164,0,0.0,0.0
2026-07-08 00:00:00-04:00,12.989999771118164,12.989999771118164,12.989999771118164,12.989999771118164,0,0.0,0.0
2026-07-09 00:00:00-04:00,12.989999771118164,12.989999771118164,12.989999771118164,12.989999771118164,0,0.0,0.0
2026-07-10 00:00:00-04:00,12.989999771118164,12.989999771118164,12.989999771118164,12.989999771118164,0,0.0,0.0
2026-07-13 00:00:00-04:00,12.989999771118164,12.989999771118164,12.989999771118164,12.989999771118164,0,0.0,0.0
2026-07-14 00:00:00-04:00,12.989999771118164,12.989999771118164,12.989999771118164,12.989999771118164,0,0.0,0.0
2026-07-15 00:00:00-04:00,12.989999771118164,12.989999771118164,12.989999771118164,12.989999771118164,0,0.0,0.0
2026-07-16 00:00:00-04:00,12.989999771118164,12.989999771118164,12.989999771118164,12.989999771118164,0,0.0,0.0
2026-07-17 00:00:00-04:00,12.989999771118164,12.989999771118164,12.989999771118164,12.989999771118164,0,0.0,0.0
2026-07-20 00:00:00-04:00,12.989999771118164,12.989999771118164,12.989999771118164,12.989999771118164,0,0.0,0.0
2026-07-21 00:00:00-04:00,12.989999771118164,12.989999771118164,12.989999771118164,12.989999771118164,0,0.0,0.0
2026-07-22 00:00:00-04:00,12.989999771118164,12.989999771118164,12.989999771118164,12.989999771118164,0,0.0,0.0
2026-07-23 00:00:00-04:00,12.989999771118164,12.989999771118164,12.989999771118164,12.989999771118164,0,0.0,0.0
2026-07-24 00:00:00-04:00,12.989999771118164,12.989999771118164,12.989999771118164,12.989999771118164,0,0.0,0.0
2026-07-27 00:00:00-04:00,12.989999771118164,12.989999771118164,12.989999771118164,12.989999771118164,0,0.0,0.0
2026-07-28 00:00:00-04:00,12.989999771118164,12.989999771118164,12.989999771118164,12.989999771118164,0,0.0,0.0
2026-07-29 00:00:00-04:00,12.989999771118164,12.989999771118164,12.989999771118164,12.989999771118164,0,0.0,0.0
2026-07-30 00:00:00-04:00,12.989999771118164,12.989999771118164,12.989999771118164,12.989999771118164,0,0.0,0.0
2026-07-31 00:00:00-04:00,12.989999771118164,12.989999771118164,12.989999771118164,12.989999771118164,0,0.0,0.0
2026-08-03 00:00:00-04:00,12.989999771118164,12.989999771118164,12.989999771118164,12.989999771118164,0,0.0,0.0
2026-08-04 00:00:00-04:00,12.989999771118164,12.989999771118164,12.989999771118164,12.989999771118164,0,0.0,0.0
2026-08-05 00:00:00-04:00,12.989999771118164,12.989999771118164,12.989999771118164,12.989999771118164,0,0.0,0.0
2026-08-06 00:00:00-04:00,12.989999771118164,12.989999771118164,12.989999771118164,12.989999771118164,0,0.0,0.0
2026-08-07 00:00:00-04:00,12.989999771118164,12.989999771118164,12.989999771118164,12.989999771118164,0,0.0,0.0
2026-08-10 00:00:00-04:00,12.989999771118164,12.989999771118164,12.989999771118164,12.989999771118164,0,0.0,0.0
2026-08-11 00:00:00-04:00,12.989999771118164,12.989999771118164,12.989999771118164,12.989999771118164,0,0.0,0.0
2026-08-12 00:00:00-04:00,12.989999771118164,12.989999771118164,12.989999771118164,12.989999771118164,0,0.0,0.0
2026-08-13 00:00:00-04:00,12.989999771118164,12.989999771118164,12.989999771118164,12.989999771118164,0,0.0,0.0
2026-08-14 00:00:00-04:00,12.989999771118164,12.989999771118164,12.989999771118164,12.989999771118164,0,0.0,0.0
2026-08-17 00:00:00-04:00,12.989999771118164,12.989999771118164,12.989999771118164,12.989999771118164,0,0.0,0.0
2026-08-18 00:00:00-04:00,12.989999771118164,12.989999771118164,12.989999771118164,12.989999771118164,0,0.0,0.0
2026-08-19 00:00:00-04:00,12.989999771118164,12.989999771118164,12.989999771118164,12.989999771118164,0,0.0,0.0
2026-08-20 00:00:00-04:00,12.989999771118164,12.989999771118164,12.989999771118164,12.989999771118164,0,0.0,0.0
2026-08-21 00:00:00-04:00,12.989999771118164,12.989999771118164,12.989999771118164,12.989999771118164,0,0.0,0.0
2026-08-24 00:00:00-04:00,12.989999771118164,12.989999771118164,12.989999771118164,12.989999771118164,0,0.0,0.0
2026-08-25 00:00:00-04:00,12.989999771118164,12.989999771118164,12.989999771118164,12.989999771118164,0,0.0,0.0
2026-08-26 00:00:00-04:00,12.989999771118164,12.989999771118164,12.989999771118164,12.989999771118164,0,0.0,0.0
2026-08-27 00:00:00-04:00,12.989999771118164,12.989999771118164,12.989999771118164,12.989999771118164,0,0.0,0.0
2026-08-28 00:00:00-04:00,12.989999771118164,12.989999771118164,12.989999771118164,12.989999771118164,0,0.0,0.0
2026-08-31 00:00:00-04:00,12.989999771118164,12.989999771118164,12.989999771118164,12.989999771118164,0,0.0,0.0
2026-09-01 00:00:00-04:00,12.989999771118164,12.989999771118164,12.989999771118164,12.989999771118164,0,0.0,0.0
2026-09-02 00:00:00-04:00,12.989999771118164,12.989999771118164,12.989999771118164,12.989999771118164,0,0.0,0.0
2026-09-03 00:00:00-04:00,12.989999771118164,12.989999771118164,12.989999771118164,12.989999771118164,0,0.0,0.0
