Date,Open,High,Low,Close,Volume,Dividends,Stock Splits
2007-12-24 00:00:00+08:00,33.083946228027344,33.083946228027344,33.083946228027344,33.083946228027344,951,0.0,0.0
2007-12-25 00:00:00+08:00,33.083946228027344,33.083946228027344,33.083946228027344,33.083946228027344,0,0.0,0.0
2007-12-26 00:00:00+08:00,33.083946228027344,33.083946228027344,33.083946228027344,33.083946228027344,0,0.0,0.0
2007-12-27 00:00:00+08:00,33.083946228027344,33.083946228027344,33.083946228027344,33.083946228027344,0,0.0,0.0
2007-12-28 00:00:00+08:00,33.083946228027344,33.083946228027344,33.083946228027344,33.083946228027344,0,0.0,0.0
2007-12-31 00:00:00+08:00,33.083946228027344,33.083946228027344,33.083946228027344,33.083946228027344,0,0.0,0.0
2008-01-02 00:00:00+08:00,33.083946228027344,33.083946228027344,33.083946228027344,33.083946228027344,0,0.0,0.0
2008-01-03 00:00:00+08:00,33.083946228027344,33.083946228027344,33.083946228027344,33.083946228027344,380,0.0,0.0
2008-01-04 00:00:00+08:00,33.083946228027344,33.083946228027344,33.083946228027344,33.083946228027344,0,0.0,0.0
2008-01-07 00:00:00+08:00,33.083946228027344,33.083946228027344,33.083946228027344,33.083946228027344,0,0.0,0.0
2008-01-08 00:00:00+08:00,32.96946716308594,32.96946716308594,32.96946716308594,32.96946716308594,47,0.0,0.0
2008-01-09 00:00:00+08:00,32.96946716308594,32.96946716308594,32.96946716308594,32.96946716308594,0,0.0,0.0
2008-01-10 00:00:00+08:00,32.96946716308594,32.96946716308594,32.96946716308594,32.96946716308594,0,0.0,0.0
2008-01-11 00:00:00+08:00,30.6799135746912,30.794389724731445,30.6799135746912,30.794389724731445,808,0.0,0.0
2008-01-14 00:00:00+08:00,30.908874653453108,32.39707946777344,30.908874653453108,32.39707946777344,285,0.0,0.0
2008-01-15 00:00:00+08:00,32.05364227294922,32.05364227294922,32.05364227294922,32.05364227294922,95,0.0,0.0
2008-01-16 00:00:00+08:00,32.05364227294922,32.05364227294922,32.05364227294922,32.05364227294922,0,0.0,0.0
2008-01-17 00:00:00+08:00,32.05364227294922,32.05364227294922,32.05364227294922,32.05364227294922,0,0.0,0.0
2008-01-18 00:00:00+08:00,32.05364227294922,32.05364227294922,32.05364227294922,32.05364227294922,0,0.0,0.0
2008-01-21 00:00:00+08:00,29.993051528930664,29.993051528930664,29.993051528930664,29.993051528930664,475,0.0,0.0
2008-01-22 00:00:00+08:00,28.046937318632256,31.824687957763672,28.046937318632256,31.824687957763672,475,0.0,0.0
2008-01-23 00:00:00+08:00,31.824687957763672,31.824687957763672,31.824687957763672,31.824687957763672,0,0.0,0.0
2008-01-24 00:00:00+08:00,29.764095306396484,29.764095306396484,29.764095306396484,29.764095306396484,2140,0.0,0.0
2008-01-25 00:00:00+08:00,27.817983627319336,27.817983627319336,27.817983627319336,27.817983627319336,475,0.0,0.0
2008-01-28 00:00:00+08:00,27.817983627319336,27.817983627319336,27.817983627319336,27.817983627319336,0,0.0,0.0
2008-01-29 00:00:00+08:00,25.871871948242188,25.871871948242188,25.871871948242188,25.871871948242188,2283,0.0,0.0
2008-01-30 00:00:00+08:00,24.269187927246094,24.269187927246094,24.269187927246094,24.269187927246094,190,0.0,0.0
2008-01-31 00:00:00+08:00,24.269187927246094,24.269187927246094,24.269187927246094,24.269187927246094,0,0.0,0.0
2008-02-01 00:00:00+08:00,22.780981864279898,25.5284366607666,22.780981864279898,25.5284366607666,285,0.0,0.0
2008-02-12 00:00:00+08:00,26.902170181274414,26.902170181274414,26.902170181274414,26.902170181274414,237,0.0,0.0
2008-02-13 00:00:00+08:00,26.902167419112782,28.504850387573242,26.902167419112782,28.504850387573242,523,0.0,0.0
2008-02-14 00:00:00+08:00,29.99305252852148,30.107528686523438,29.99305252852148,30.107528686523438,332,0.0,0.0
2008-02-15 00:00:00+08:00,30.107528686523438,30.107528686523438,30.107528686523438,30.107528686523438,0,0.0,0.0
2008-02-18 00:00:00+08:00,30.107528686523438,30.107528686523438,30.107528686523438,30.107528686523438,0,0.0,0.0
2008-02-19 00:00:00+08:00,30.107528686523438,30.107528686523438,30.107528686523438,30.107528686523438,0,0.0,0.0
2008-02-20 00:00:00+08:00,29.764095306396484,29.764095306396484,29.764095306396484,29.764095306396484,1712,0.0,0.0
2008-02-21 00:00:00+08:00,27.703507465403028,27.817983627319336,27.703507465403028,27.817983627319336,142,0.0,0.0
2008-02-22 00:00:00+08:00,27.817983627319336,27.817983627319336,27.817983627319336,27.817983627319336,475,0.0,0.0
2008-02-25 00:00:00+08:00,25.986348117986964,25.986348117986964,25.871871948242188,25.871871948242188,761,0.0,0.0
2008-02-26 00:00:00+08:00,27.360074910282187,27.58902931213379,27.360074910282187,27.58902931213379,713,0.0,0.0
2008-02-27 00:00:00+08:00,27.58902931213379,27.58902931213379,27.58902931213379,27.58902931213379,0,0.0,0.0
2008-02-29 00:00:00+08:00,29.30619049072266,29.30619049072266,29.30619049072266,29.306190490722656,237,0.0,0.0
2008-03-03 00:00:00+08:00,29.30619049072266,29.30619049072266,29.30619049072266,29.306190490722656,0,0.0,0.0
2008-03-04 00:00:00+08:00,29.30619049072266,29.30619049072266,29.30619049072266,29.306190490722656,0,0.0,0.0
2008-03-05 00:00:00+08:00,27.47455406188965,27.47455406188965,27.47455406188965,27.47455406188965,2806,0.0,0.0
2008-03-06 00:00:00+08:00,29.30619049072266,29.30619049072266,29.30619049072266,29.306190490722656,237,0.0,0.0
2008-03-07 00:00:00+08:00,29.30619049072266,29.30619049072266,29.30619049072266,29.306190490722656,0,0.0,0.0
2008-03-10 00:00:00+08:00,29.30619049072266,29.30619049072266,29.30619049072266,29.306190490722656,0,0.0,0.0
2008-03-11 00:00:00+08:00,31.252304077148438,31.252304077148438,31.252304077148438,31.252304077148438,713,0.0,0.0
2008-03-12 00:00:00+08:00,29.191714320144907,29.30619049072266,29.191714320144907,29.306190490722656,95,0.0,0.0
2008-03-13 00:00:00+08:00,27.70351028442383,27.70351028442383,27.70351028442383,27.703510284423828,618,0.0,0.0
2008-03-14 00:00:00+08:00,26.32977867126465,26.32977867126465,26.32977867126465,26.32977867126465,47,0.0,0.0
2008-03-17 00:00:00+08:00,24.612623214721683,24.612623214721683,24.612623214721683,24.61262321472168,237,0.0,0.0
2008-03-18 00:00:00+08:00,24.040231704711914,24.040231704711914,24.040231704711914,24.040231704711914,190,0.0,0.0
2008-03-19 00:00:00+08:00,24.040231704711914,24.040231704711914,24.040231704711914,24.040231704711914,0,0.0,0.0
2008-03-20 00:00:00+08:00,24.040231704711914,24.040231704711914,24.040231704711914,24.040231704711914,0,0.0,0.0
2008-03-21 00:00:00+08:00,23.467845916748047,23.467845916748047,23.467845916748047,23.467845916748047,47,0.0,0.0
2008-03-24 00:00:00+08:00,23.811279296875004,23.811279296875004,23.811279296875004,23.811279296875,1807,0.0,0.0
2008-03-25 00:00:00+08:00,22.323074340820312,22.323074340820312,22.323074340820312,22.323074340820312,142,0.0,0.0
2008-03-26 00:00:00+08:00,22.895458732528933,22.895458732528933,21.521732330322266,21.521732330322266,1189,0.0,0.0
2008-03-27 00:00:00+08:00,21.521732330322266,21.521732330322266,21.521732330322266,21.521732330322266,0,0.0,0.0
2008-03-28 00:00:00+08:00,20.14800730551846,21.750690460205075,20.14800730551846,21.750690460205078,618,0.0,0.0
2008-03-31 00:00:00+08:00,21.750690460205075,21.750690460205075,21.750690460205075,21.750690460205078,0,0.0,0.0
2008-04-01 00:00:00+08:00,22.780983695166547,23.12441635131836,22.780983695166547,23.12441635131836,1284,0.0,0.0
2008-04-02 00:00:00+08:00,23.12441635131836,23.12441635131836,23.12441635131836,23.12441635131836,0,0.0,0.0
2008-04-03 00:00:00+08:00,21.63621352588904,24.612623214721683,21.63621352588904,24.61262321472168,142,0.0,0.0
2008-04-07 00:00:00+08:00,24.383665084838867,24.383665084838867,24.383665084838867,24.383665084838867,237,0.0,0.0
2008-04-08 00:00:00+08:00,24.040234277741586,24.040234277741586,22.89546012878418,22.89546012878418,808,0.0,0.0
2008-04-09 00:00:00+08:00,22.89546012878418,22.89546012878418,22.89546012878418,22.89546012878418,475,0.0,0.0
2008-04-10 00:00:00+08:00,22.32307442811583,24.269187927246094,22.32307442811583,24.269187927246094,237,0.0,0.0
2008-04-11 00:00:00+08:00,24.269187927246094,24.269187927246094,24.269187927246094,24.269187927246094,951,0.0,0.0
2008-04-14 00:00:00+08:00,22.780982971191406,22.780982971191406,22.780982971191406,22.780982971191406,95,0.0,0.0
2008-04-15 00:00:00+08:00,22.780982971191406,22.780982971191406,22.780982971191406,22.780982971191406,0,0.0,0.0
2008-04-16 00:00:00+08:00,22.780982971191406,22.780982971191406,22.780982971191406,22.780982971191406,285,0.0,0.0
2008-04-17 00:00:00+08:00,22.780982971191406,22.780982971191406,22.780982971191406,22.780982971191406,856,0.0,0.0
2008-04-18 00:00:00+08:00,22.780982971191406,22.780982971191406,22.780982971191406,22.780982971191406,0,0.0,0.0
2008-04-21 00:00:00+08:00,22.780982971191406,22.780982971191406,22.780982971191406,22.780982971191406,4709,0.0,0.0
2008-04-22 00:00:00+08:00,21.407255172729492,21.407255172729492,21.407255172729492,21.407255172729492,142,0.0,0.0
2008-04-23 00:00:00+08:00,22.666505813598633,22.666505813598633,22.666505813598633,22.666505813598633,1094,0.0,0.0
2008-04-24 00:00:00+08:00,24.154712677001953,24.154712677001953,24.154712677001953,24.154712677001953,808,0.0,0.0
2008-04-25 00:00:00+08:00,24.040234277741586,25.642917255359627,22.89546012878418,22.89546012878418,1664,0.0,0.0
2008-04-28 00:00:00+08:00,22.895459888939573,22.895459888939573,21.407255172729492,21.407255172729492,332,0.0,0.0
2008-04-29 00:00:00+08:00,21.407255172729492,21.407255172729492,21.407255172729492,21.407255172729492,0,0.0,0.0
2008-04-30 00:00:00+08:00,21.407255172729492,21.407255172729492,21.407255172729492,21.407255172729492,475,0.0,0.0
2008-05-02 00:00:00+08:00,22.780982971191406,22.780982971191406,22.780982971191406,22.780982971191406,5042,0.0,0.0
2008-05-05 00:00:00+08:00,21.407255172729492,21.407255172729492,21.407255172729492,21.407255172729492,332,0.0,0.0
2008-05-06 00:00:00+08:00,21.407255172729492,21.407255172729492,21.407255172729492,21.407255172729492,475,0.0,0.0
2008-05-07 00:00:00+08:00,20.03352928161621,20.03352928161621,20.03352928161621,20.03352928161621,95,0.0,0.0
2008-05-08 00:00:00+08:00,20.03352928161621,20.03352928161621,20.03352928161621,20.03352928161621,0,0.0,0.0
2008-05-09 00:00:00+08:00,18.77427864074707,18.77427864074707,18.77427864074707,18.77427864074707,237,0.0,0.0
2008-05-12 00:00:00+08:00,17.51502799987793,17.51502799987793,17.51502799987793,17.51502799987793,1189,0.0,0.0
2008-05-13 00:00:00+08:00,16.48473358154297,16.48473358154297,16.48473358154297,16.48473358154297,1189,0.0,0.0
2008-05-14 00:00:00+08:00,15.568913431451643,17.51502799987793,15.568913431451643,17.51502799987793,618,0.0,0.0
2008-05-15 00:00:00+08:00,16.48473358154297,16.48473358154297,16.48473358154297,16.48473358154297,237,0.0,0.0
2008-05-16 00:00:00+08:00,15.339957169341798,17.515025885977636,15.339957169341798,15.5689115524292,4043,0.0,0.0
2008-05-19 00:00:00+08:00,14.65309524536133,14.65309524536133,14.538618036130655,14.653095245361328,523,0.0,0.0
2008-05-20 00:00:00+08:00,15.454434360885498,15.5689115524292,15.454434360885498,15.5689115524292,618,0.0,0.0
2008-05-21 00:00:00+08:00,16.484733523977162,16.599210739135742,16.484733523977162,16.599210739135742,1046,0.0,0.0
2008-05-22 00:00:00+08:00,17.400550842285156,17.400550842285156,17.400550842285156,17.400550842285156,47,0.0,0.0
2008-05-23 00:00:00+08:00,18.43084569335375,18.43084569335375,17.400550842285156,17.400550842285156,428,0.0,0.0
2008-05-26 00:00:00+08:00,17.400550842285156,17.400550842285156,17.400550842285156,17.400550842285156,0,0.0,0.0
2008-05-27 00:00:00+08:00,17.400550842285156,17.400550842285156,17.400550842285156,17.400550842285156,0,0.0,0.0
2008-05-28 00:00:00+08:00,17.400550842285156,17.400550842285156,17.400550842285156,17.400550842285156,0,0.0,0.0
2008-05-29 00:00:00+08:00,17.400550842285156,17.400550842285156,17.400550842285156,17.400550842285156,0,0.0,0.0
2008-05-30 00:00:00+08:00,16.370256141955533,16.942642211914062,16.370256141955533,16.942642211914062,761,0.0,0.0
2008-06-02 00:00:00+08:00,16.942642211914062,16.942642211914062,16.942642211914062,16.942642211914062,0,0.0,0.0
2008-06-03 00:00:00+08:00,15.797867774963379,15.797867774963379,15.797867774963379,15.797867774963379,237,0.0,0.0
2008-06-04 00:00:00+08:00,15.797867774963379,15.797867774963379,15.797867774963379,15.797867774963379,0,0.0,0.0
2008-06-05 00:00:00+08:00,15.797867774963379,15.797867774963379,15.797867774963379,15.797867774963379,0,0.0,0.0
2008-06-06 00:00:00+08:00,16.713687896728516,16.713687896728516,16.713687896728516,16.713687896728516,237,0.0,0.0
2008-06-09 00:00:00+08:00,16.713687896728516,16.713687896728516,16.713687896728516,16.713687896728516,0,0.0,0.0
2008-06-10 00:00:00+08:00,17.743982315063477,17.743982315063477,17.743982315063477,17.743982315063477,237,0.0,0.0
2008-06-11 00:00:00+08:00,18.65980254093301,18.65980254093301,17.743984775969203,18.31637191772461,570,0.0,0.0
2008-06-12 00:00:00+08:00,17.515029262612558,17.515029262612558,17.057119369506836,17.057119369506836,3139,0.0,0.0
2008-06-13 00:00:00+08:00,16.370255661330336,16.370255661330336,16.141300201416016,16.141300201416016,3234,0.0,0.0
2008-06-16 00:00:00+08:00,16.141300201416016,16.141300201416016,16.141300201416016,16.141300201416016,0,0.0,0.0
2008-06-17 00:00:00+08:00,16.942642155893644,17.057119369506836,16.942642155893644,17.057119369506836,237,0.0,0.0
2008-06-18 00:00:00+08:00,17.057119369506836,17.057119369506836,17.057119369506836,17.057119369506836,0,0.0,0.0
2008-06-19 00:00:00+08:00,17.057119369506836,17.057119369506836,17.057119369506836,17.057119369506836,0,0.0,0.0
2008-06-20 00:00:00+08:00,17.057119369506836,17.057119369506836,17.057119369506836,17.057119369506836,0,0.0,0.0
2008-06-23 00:00:00+08:00,17.057119369506836,17.057119369506836,17.057119369506836,17.057119369506836,0,0.0,0.0
2008-06-24 00:00:00+08:00,17.057119369506836,17.057119369506836,17.057119369506836,17.057119369506836,0,0.0,0.0
2008-06-25 00:00:00+08:00,17.057119369506836,17.057119369506836,17.057119369506836,17.057119369506836,0,0.0,0.0
2008-06-26 00:00:00+08:00,17.171594619750977,17.171594619750977,17.171594619750977,17.171594619750977,237,0.0,0.0
2008-06-27 00:00:00+08:00,17.057119369506836,17.057119369506836,17.057119369506836,17.057119369506836,47,0.0,0.0
2008-06-30 00:00:00+08:00,17.057119369506836,17.057119369506836,17.057119369506836,17.057119369506836,0,0.0,0.0
2008-07-01 00:00:00+08:00,15.912343978881836,15.912343978881836,15.912343978881836,15.912343978881836,285,0.0,0.0
2008-07-02 00:00:00+08:00,15.912343978881836,15.912343978881836,15.912343978881836,15.912343978881836,0,0.0,0.0
2008-07-03 00:00:00+08:00,15.912343978881836,15.912343978881836,15.912343978881836,15.912343978881836,0,0.0,0.0
2008-07-04 00:00:00+08:00,15.912343978881836,15.912343978881836,15.912343978881836,15.912343978881836,0,0.0,0.0
2008-07-07 00:00:00+08:00,15.912343978881836,15.912343978881836,15.912343978881836,15.912343978881836,0,0.0,0.0
2008-07-08 00:00:00+08:00,14.882047653198242,14.882047653198242,14.882047653198242,14.882047653198242,713,0.0,0.0
2008-07-09 00:00:00+08:00,15.797867774963379,15.797867774963379,15.797867774963379,15.797867774963379,47,0.0,0.0
2008-07-10 00:00:00+08:00,15.797867774963379,15.797867774963379,15.797867774963379,15.797867774963379,0,0.0,0.0
2008-07-11 00:00:00+08:00,15.797867774963379,15.797867774963379,15.797867774963379,15.797867774963379,0,0.0,0.0
2008-07-14 00:00:00+08:00,15.797867774963379,15.797867774963379,15.797867774963379,15.797867774963379,0,0.0,0.0
2008-07-15 00:00:00+08:00,15.797867774963379,15.797867774963379,15.797867774963379,15.797867774963379,0,0.0,0.0
2008-07-16 00:00:00+08:00,15.797867774963379,15.797867774963379,15.797867774963379,15.797867774963379,0,0.0,0.0
2008-07-17 00:00:00+08:00,15.797867774963379,15.797867774963379,15.797867774963379,15.797867774963379,0,0.0,0.0
2008-07-18 00:00:00+08:00,15.797867774963379,15.797867774963379,15.797867774963379,15.797867774963379,0,0.0,0.0
2008-07-21 00:00:00+08:00,15.797867774963379,15.797867774963379,15.797867774963379,15.797867774963379,0,0.0,0.0
2008-07-22 00:00:00+08:00,15.797867774963379,15.797867774963379,15.797867774963379,15.797867774963379,0,0.0,0.0
2008-07-23 00:00:00+08:00,15.797867774963379,15.797867774963379,15.797867774963379,15.797867774963379,0,0.0,0.0
2008-07-24 00:00:00+08:00,15.797867774963379,15.797867774963379,15.797867774963379,15.797867774963379,0,0.0,0.0
2008-07-25 00:00:00+08:00,15.797867774963379,15.797867774963379,15.797867774963379,15.797867774963379,0,0.0,0.0
2008-07-28 00:00:00+08:00,15.797867774963379,15.797867774963379,15.797867774963379,15.797867774963379,0,0.0,0.0
2008-07-29 00:00:00+08:00,15.797867774963379,15.797867774963379,15.797867774963379,15.797867774963379,0,0.0,0.0
2008-07-30 00:00:00+08:00,12.82145895081834,14.424140930175783,12.82145895081834,14.424140930175781,998,0.0,0.0
2008-07-31 00:00:00+08:00,14.424140930175783,14.424140930175783,14.424140930175783,14.424140930175781,0,0.0,0.0
2008-08-01 00:00:00+08:00,14.424140930175783,14.424140930175783,14.424140930175783,14.424140930175781,0,0.0,0.0
2008-08-04 00:00:00+08:00,14.424140930175783,14.424140930175783,14.424140930175783,14.424140930175781,0,0.0,0.0
2008-08-05 00:00:00+08:00,14.424140930175783,14.424140930175783,14.424140930175783,14.424140930175781,0,0.0,0.0
2008-08-06 00:00:00+08:00,14.424140930175783,14.424140930175783,14.424140930175783,14.424140930175781,0,0.0,0.0
2008-08-07 00:00:00+08:00,14.424140930175783,14.424140930175783,14.424140930175783,14.424140930175781,0,0.0,0.0
2008-08-08 00:00:00+08:00,14.424140930175783,14.424140930175783,14.424140930175783,14.424140930175781,0,0.0,0.0
2008-08-11 00:00:00+08:00,14.424140930175783,14.424140930175783,14.424140930175783,14.424140930175781,0,0.0,0.0
2008-08-12 00:00:00+08:00,14.424140930175783,14.424140930175783,14.424140930175783,14.424140930175781,0,0.0,0.0
2008-08-13 00:00:00+08:00,14.424140930175783,14.424140930175783,14.424140930175783,14.424140930175781,0,0.0,0.0
2008-08-14 00:00:00+08:00,14.424140930175783,14.424140930175783,14.424140930175783,14.424140930175781,0,0.0,0.0
2008-08-15 00:00:00+08:00,14.424140930175783,14.424140930175783,14.424140930175783,14.424140930175781,0,0.0,0.0
2008-08-18 00:00:00+08:00,14.424140930175783,14.424140930175783,14.424140930175783,14.424140930175781,0,0.0,0.0
2008-08-19 00:00:00+08:00,14.424140930175783,14.424140930175783,14.424140930175783,14.424140930175781,0,0.0,0.0
2008-08-20 00:00:00+08:00,14.424140930175783,14.424140930175783,14.424140930175783,14.424140930175781,0,0.0,0.0
2008-08-21 00:00:00+08:00,14.424140930175783,14.424140930175783,14.424140930175783,14.424140930175781,0,0.0,0.0
2008-08-22 00:00:00+08:00,14.424140930175783,14.424140930175783,14.424140930175783,14.424140930175781,0,0.0,0.0
2008-08-25 00:00:00+08:00,14.424140930175783,14.424140930175783,14.424140930175783,14.424140930175781,0,0.0,0.0
2008-08-26 00:00:00+08:00,14.424140930175783,14.424140930175783,14.424140930175783,14.424140930175781,0,0.0,0.0
2008-08-27 00:00:00+08:00,14.424140930175783,14.424140930175783,14.424140930175783,14.424140930175781,0,0.0,0.0
2008-08-28 00:00:00+08:00,14.424140930175783,14.424140930175783,14.424140930175783,14.424140930175781,0,0.0,0.0
2008-08-29 00:00:00+08:00,14.424140930175783,14.424140930175783,14.424140930175783,14.424140930175781,0,0.0,0.0
2008-09-01 00:00:00+08:00,14.424140930175783,14.424140930175783,14.424140930175783,14.424140930175781,0,0.0,0.0
2008-09-02 00:00:00+08:00,14.424140930175783,14.424140930175783,14.424140930175783,14.424140930175781,0,0.0,0.0
2008-09-03 00:00:00+08:00,14.424140930175783,14.424140930175783,14.424140930175783,14.424140930175781,0,0.0,0.0
2008-09-04 00:00:00+08:00,14.424140930175783,14.424140930175783,14.424140930175783,14.424140930175781,0,0.0,0.0
2008-09-05 00:00:00+08:00,14.424140930175783,14.424140930175783,14.424140930175783,14.424140930175781,0,0.0,0.0
2008-09-08 00:00:00+08:00,14.424140930175783,14.424140930175783,14.424140930175783,14.424140930175781,0,0.0,0.0
2008-09-09 00:00:00+08:00,14.424140930175783,14.424140930175783,14.424140930175783,14.424140930175781,0,0.0,0.0
2008-09-10 00:00:00+08:00,14.424140930175783,14.424140930175783,14.424140930175783,14.424140930175781,0,0.0,0.0
2008-09-11 00:00:00+08:00,14.424140930175783,14.424140930175783,14.424140930175783,14.424140930175781,0,0.0,0.0
2008-09-12 00:00:00+08:00,14.424140930175783,14.424140930175783,14.424140930175783,14.424140930175781,0,0.0,0.0
2008-09-15 00:00:00+08:00,14.424140930175783,14.424140930175783,14.424140930175783,14.424140930175781,0,0.0,0.0
2008-09-16 00:00:00+08:00,14.424140930175783,14.424140930175783,14.424140930175783,14.424140930175781,0,0.0,0.0
2008-09-17 00:00:00+08:00,14.424140930175783,14.424140930175783,14.424140930175783,14.424140930175781,0,0.0,0.0
2008-09-18 00:00:00+08:00,14.424140930175783,14.424140930175783,14.424140930175783,14.424140930175781,0,0.0,0.0
2008-09-19 00:00:00+08:00,14.424140930175783,14.424140930175783,14.424140930175783,14.424140930175781,0,0.0,0.0
2008-09-22 00:00:00+08:00,14.424140930175783,14.424140930175783,14.424140930175783,14.424140930175781,0,0.0,0.0
2008-09-23 00:00:00+08:00,14.424140930175783,14.424140930175783,14.424140930175783,14.424140930175781,0,0.0,0.0
2008-09-24 00:00:00+08:00,14.424140930175783,14.424140930175783,14.424140930175783,14.424140930175781,0,0.0,0.0
2008-09-25 00:00:00+08:00,14.424140930175783,14.424140930175783,14.424140930175783,14.424140930175781,0,0.0,0.0
2008-09-26 00:00:00+08:00,14.424140930175783,14.424140930175783,14.424140930175783,14.424140930175781,0,0.0,0.0
2008-09-29 00:00:00+08:00,14.424140930175783,14.424140930175783,14.424140930175783,14.424140930175781,0,0.0,0.0
2008-09-30 00:00:00+08:00,10.760866165161133,10.760866165161133,10.760866165161133,10.760866165161133,47,0.0,0.0
2008-10-01 00:00:00+08:00,10.07400131225586,10.07400131225586,10.07400131225586,10.07400131225586,47,0.0,0.0
2008-10-02 00:00:00+08:00,9.387139320373535,9.387139320373535,9.387139320373535,9.387139320373535,47,0.0,0.0
2008-10-03 00:00:00+08:00,9.387139320373535,9.387139320373535,9.387139320373535,9.387139320373535,0,0.0,0.0
2008-10-06 00:00:00+08:00,9.387139320373535,9.387139320373535,9.387139320373535,9.387139320373535,0,0.0,0.0
2008-10-07 00:00:00+08:00,9.387139320373535,9.387139320373535,9.387139320373535,9.387139320373535,0,0.0,0.0
2008-10-08 00:00:00+08:00,9.387139320373535,9.387139320373535,9.387139320373535,9.387139320373535,0,0.0,0.0
2008-10-09 00:00:00+08:00,9.387139320373535,9.387139320373535,9.387139320373535,9.387139320373535,0,0.0,0.0
2008-10-13 00:00:00+08:00,9.387139320373535,9.387139320373535,9.387139320373535,9.387139320373535,0,0.0,0.0
2008-10-14 00:00:00+08:00,9.387139320373535,9.387139320373535,9.387139320373535,9.387139320373535,0,0.0,0.0
2008-10-15 00:00:00+08:00,9.387139320373535,9.387139320373535,9.387139320373535,9.387139320373535,0,0.0,0.0
2008-10-16 00:00:00+08:00,9.387139320373535,9.387139320373535,9.387139320373535,9.387139320373535,0,0.0,0.0
2008-10-17 00:00:00+08:00,9.387139320373535,9.387139320373535,9.387139320373535,9.387139320373535,0,0.0,0.0
2008-10-20 00:00:00+08:00,9.387139320373535,9.387139320373535,9.387139320373535,9.387139320373535,0,0.0,0.0
2008-10-21 00:00:00+08:00,9.387139320373535,9.387139320373535,9.387139320373535,9.387139320373535,0,0.0,0.0
2008-10-22 00:00:00+08:00,9.387139320373535,9.387139320373535,9.387139320373535,9.387139320373535,0,0.0,0.0
2008-10-23 00:00:00+08:00,9.387139320373535,9.387139320373535,9.387139320373535,9.387139320373535,0,0.0,0.0
2008-10-24 00:00:00+08:00,9.387139320373535,9.387139320373535,9.387139320373535,9.387139320373535,0,0.0,0.0
2008-10-27 00:00:00+08:00,9.387139320373535,9.387139320373535,9.387139320373535,9.387139320373535,0,0.0,0.0
2008-10-28 00:00:00+08:00,8.814751625061035,8.814751625061035,8.814751625061035,8.814751625061035,47,0.0,0.0
2008-10-29 00:00:00+08:00,8.242365837097168,8.242365837097168,8.242365837097168,8.242365837097168,47,0.0,0.0
2008-10-30 00:00:00+08:00,8.242365837097168,8.242365837097168,8.242365837097168,8.242365837097168,0,0.0,0.0
2008-10-31 00:00:00+08:00,7.6699790954589835,7.6699790954589835,7.6699790954589835,7.669979095458984,47,0.0,0.0
2008-11-03 00:00:00+08:00,7.6699790954589835,7.6699790954589835,7.6699790954589835,7.669979095458984,0,0.0,0.0
2008-11-04 00:00:00+08:00,7.2120704650878915,7.2120704650878915,7.2120704650878915,7.212070465087891,47,0.0,0.0
2008-11-05 00:00:00+08:00,6.754161834716798,6.754161834716798,6.754161834716798,6.754161834716797,47,0.0,0.0
2008-11-06 00:00:00+08:00,6.754161834716798,6.754161834716798,6.754161834716798,6.754161834716797,0,0.0,0.0
2008-11-07 00:00:00+08:00,6.754161834716798,6.754161834716798,6.754161834716798,6.754161834716797,0,0.0,0.0
2008-11-10 00:00:00+08:00,6.754161834716798,6.754161834716798,6.754161834716798,6.754161834716797,0,0.0,0.0
2008-11-11 00:00:00+08:00,6.29625129699707,6.29625129699707,6.29625129699707,6.29625129699707,47,0.0,0.0
2008-11-12 00:00:00+08:00,6.29625129699707,6.29625129699707,6.29625129699707,6.29625129699707,0,0.0,0.0
2008-11-13 00:00:00+08:00,5.952819824218751,5.952819824218751,5.952819824218751,5.95281982421875,47,0.0,0.0
2008-11-14 00:00:00+08:00,5.952819824218751,5.952819824218751,5.952819824218751,5.95281982421875,0,0.0,0.0
2008-11-17 00:00:00+08:00,5.952819824218751,5.952819824218751,5.952819824218751,5.95281982421875,0,0.0,0.0
2008-11-18 00:00:00+08:00,5.952819824218751,5.952819824218751,5.952819824218751,5.95281982421875,0,0.0,0.0
2008-11-19 00:00:00+08:00,5.952819824218751,5.952819824218751,5.952819824218751,5.95281982421875,0,0.0,0.0
2008-11-20 00:00:00+08:00,5.952819824218751,5.952819824218751,5.952819824218751,5.95281982421875,0,0.0,0.0
2008-11-21 00:00:00+08:00,5.952819824218751,5.952819824218751,5.952819824218751,5.95281982421875,0,0.0,0.0
2008-11-24 00:00:00+08:00,5.952819824218751,5.952819824218751,5.952819824218751,5.95281982421875,0,0.0,0.0
2008-11-25 00:00:00+08:00,5.952819824218751,5.952819824218751,5.952819824218751,5.95281982421875,0,0.0,0.0
2008-11-26 00:00:00+08:00,5.952819824218751,5.952819824218751,5.952819824218751,5.95281982421875,0,0.0,0.0
2008-11-27 00:00:00+08:00,5.952819824218751,5.952819824218751,5.952819824218751,5.95281982421875,0,0.0,0.0
2008-11-28 00:00:00+08:00,5.952819824218751,5.952819824218751,5.952819824218751,5.95281982421875,0,0.0,0.0
2008-12-01 00:00:00+08:00,5.952819824218751,5.952819824218751,5.952819824218751,5.95281982421875,0,0.0,0.0
2008-12-02 00:00:00+08:00,5.952819824218751,5.952819824218751,5.952819824218751,5.95281982421875,0,0.0,0.0
2008-12-03 00:00:00+08:00,5.952819824218751,5.952819824218751,5.952819824218751,5.95281982421875,0,0.0,0.0
2008-12-04 00:00:00+08:00,5.952819824218751,5.952819824218751,5.952819824218751,5.95281982421875,0,0.0,0.0
2008-12-05 00:00:00+08:00,5.952819824218751,5.952819824218751,5.952819824218751,5.95281982421875,0,0.0,0.0
2008-12-08 00:00:00+08:00,5.952819824218751,5.952819824218751,5.952819824218751,5.95281982421875,0,0.0,0.0
2008-12-09 00:00:00+08:00,5.952819824218751,5.952819824218751,5.952819824218751,5.95281982421875,0,0.0,0.0
2008-12-10 00:00:00+08:00,5.952819824218751,5.952819824218751,5.952819824218751,5.95281982421875,0,0.0,0.0
2008-12-11 00:00:00+08:00,5.952819824218751,5.952819824218751,5.952819824218751,5.95281982421875,0,0.0,0.0
2008-12-12 00:00:00+08:00,5.952819824218751,5.952819824218751,5.952819824218751,5.95281982421875,0,0.0,0.0
2008-12-15 00:00:00+08:00,5.952819824218751,5.952819824218751,5.952819824218751,5.95281982421875,0,0.0,0.0
2008-12-16 00:00:00+08:00,5.952819824218751,5.952819824218751,5.952819824218751,5.95281982421875,0,0.0,0.0
2008-12-17 00:00:00+08:00,5.952819824218751,5.952819824218751,5.952819824218751,5.95281982421875,0,0.0,0.0
2008-12-18 00:00:00+08:00,5.952819824218751,5.952819824218751,5.952819824218751,5.95281982421875,0,0.0,0.0
2008-12-19 00:00:00+08:00,5.952819824218751,5.952819824218751,5.952819824218751,5.95281982421875,0,0.0,0.0
2008-12-22 00:00:00+08:00,5.952819824218751,5.952819824218751,5.952819824218751,5.95281982421875,0,0.0,0.0
2008-12-23 00:00:00+08:00,5.952819824218751,5.952819824218751,5.952819824218751,5.95281982421875,0,0.0,0.0
2008-12-24 00:00:00+08:00,5.952819824218751,5.952819824218751,5.952819824218751,5.95281982421875,0,0.0,0.0
2008-12-25 00:00:00+08:00,5.952819824218751,5.952819824218751,5.952819824218751,5.95281982421875,0,0.0,0.0
2008-12-26 00:00:00+08:00,5.952819824218751,5.952819824218751,5.952819824218751,5.95281982421875,0,0.0,0.0
2008-12-29 00:00:00+08:00,5.952819824218751,5.952819824218751,5.952819824218751,5.95281982421875,0,0.0,0.0
2008-12-30 00:00:00+08:00,5.265955448150635,5.265955448150635,5.265955448150635,5.265955448150635,285,0.0,0.0
2008-12-31 00:00:00+08:00,5.265955448150635,5.265955448150635,5.265955448150635,5.265955448150635,0,0.0,0.0
2009-01-02 00:00:00+08:00,5.265955448150635,5.265955448150635,5.265955448150635,5.265955448150635,0,0.0,0.0
2009-01-05 00:00:00+08:00,5.265955448150635,5.265955448150635,5.265955448150635,5.265955448150635,0,0.0,0.0
2009-01-06 00:00:00+08:00,5.265955448150635,5.265955448150635,5.265955448150635,5.265955448150635,0,0.0,0.0
2009-01-07 00:00:00+08:00,5.265955448150635,5.265955448150635,5.265955448150635,5.265955448150635,0,0.0,0.0
2009-01-08 00:00:00+08:00,5.265955448150635,5.265955448150635,5.265955448150635,5.265955448150635,0,0.0,0.0
2009-01-09 00:00:00+08:00,5.265955448150635,5.265955448150635,5.265955448150635,5.265955448150635,0,0.0,0.0
2009-01-12 00:00:00+08:00,5.265955448150635,5.265955448150635,5.265955448150635,5.265955448150635,0,0.0,0.0
2009-01-13 00:00:00+08:00,5.265955448150635,5.265955448150635,5.265955448150635,5.265955448150635,0,0.0,0.0
2009-01-14 00:00:00+08:00,5.265955448150635,5.265955448150635,5.265955448150635,5.265955448150635,0,0.0,0.0
2009-01-15 00:00:00+08:00,5.15147829055786,5.15147829055786,5.15147829055786,5.151478290557861,95,0.0,0.0
2009-01-16 00:00:00+08:00,4.922523498535156,4.922523498535156,4.922523498535156,4.922523498535156,95,0.0,0.0
2009-01-19 00:00:00+08:00,4.464614391326904,4.464614391326904,4.464614391326904,4.464614391326904,95,0.0,0.0
2009-01-20 00:00:00+08:00,4.235660076141357,4.235660076141357,4.235660076141357,4.235660076141357,95,0.0,0.0
2009-01-21 00:00:00+08:00,4.006705284118652,4.006705284118652,4.006705284118652,4.006705284118652,95,0.0,0.0
2009-02-02 00:00:00+08:00,3.8922278881073,3.8922278881073,3.8922278881073,3.8922278881073,95,0.0,0.0
2009-02-03 00:00:00+08:00,3.8922278881073,3.8922278881073,3.8922278881073,3.8922278881073,0,0.0,0.0
2009-02-04 00:00:00+08:00,3.8922278881073,3.8922278881073,3.8922278881073,3.8922278881073,0,0.0,0.0
2009-02-05 00:00:00+08:00,3.8922278881073,3.8922278881073,3.8922278881073,3.8922278881073,0,0.0,0.0
2009-02-06 00:00:00+08:00,3.8922278881073,3.8922278881073,3.8922278881073,3.8922278881073,0,0.0,0.0
2009-02-09 00:00:00+08:00,3.8922278881073,3.8922278881073,3.8922278881073,3.8922278881073,0,0.0,0.0
2009-02-10 00:00:00+08:00,3.8922278881073,3.8922278881073,3.8922278881073,3.8922278881073,0,0.0,0.0
2009-02-11 00:00:00+08:00,3.8922278881073,3.8922278881073,3.8922278881073,3.8922278881073,0,0.0,0.0
2009-02-12 00:00:00+08:00,3.8922278881073,3.8922278881073,3.8922278881073,3.8922278881073,285,0.0,0.0
2009-02-13 00:00:00+08:00,3.8922278881073,3.8922278881073,3.8922278881073,3.8922278881073,0,0.0,0.0
2009-02-16 00:00:00+08:00,4.121182918548584,4.121182918548584,4.121182918548584,4.121182918548584,475,0.0,0.0
2009-02-17 00:00:00+08:00,4.350137233734131,4.350137233734131,4.350137233734131,4.350137233734131,523,0.0,0.0
2009-02-18 00:00:00+08:00,4.579092979431152,4.579092979431152,4.579092979431152,4.579092979431152,523,0.0,0.0
2009-02-19 00:00:00+08:00,4.808046817779541,4.808046817779541,4.808046817779541,4.808046817779541,1807,0.0,0.0
2009-02-20 00:00:00+08:00,5.03700065612793,5.03700065612793,5.03700065612793,5.03700065612793,5422,0.0,0.0
2009-02-23 00:00:00+08:00,5.380433082580566,5.380433082580566,5.380433082580566,5.380433082580566,47,0.0,0.0
2009-02-24 00:00:00+08:00,5.723865032196045,5.723865032196045,5.723865032196045,5.723865032196045,47,0.0,0.0
2009-02-25 00:00:00+08:00,6.067296028137206,6.067296028137206,6.067296028137206,6.067296028137207,13224,0.0,0.0
2009-02-26 00:00:00+08:00,6.067296743057325,6.410729408264161,6.067296743057325,6.41072940826416,8562,0.0,0.0
2009-02-27 00:00:00+08:00,6.754161834716798,6.754161834716798,6.754161834716798,6.754161834716797,30253,0.0,0.0
2009-03-02 00:00:00+08:00,7.097592353820802,7.097592353820802,7.097592353820802,7.097592353820801,2901,0.0,0.0
2009-03-03 00:00:00+08:00,7.555502414703369,7.555502414703369,7.555502414703369,7.555502414703369,25829,0.0,0.0
2009-03-04 00:00:00+08:00,8.013410568237305,8.013410568237305,8.013410568237305,8.013410568237305,12320,0.0,0.0
2009-03-05 00:00:00+08:00,8.013410568237305,8.013410568237305,8.013410568237305,8.013410568237305,475,0.0,0.0
2009-03-06 00:00:00+08:00,7.669980219095346,8.127889633178711,7.555502995406137,8.127889633178711,8181,0.0,0.0
2009-03-09 00:00:00+08:00,8.12788844245956,8.12788844245956,7.6699790954589835,7.669979095458984,5089,0.0,0.0
2009-03-10 00:00:00+08:00,7.2120704650878915,7.2120704650878915,7.2120704650878915,7.212070465087891,9323,0.0,0.0
2009-03-11 00:00:00+08:00,7.2120704650878915,7.2120704650878915,7.2120704650878915,7.212070465087891,0,0.0,0.0
2009-03-12 00:00:00+08:00,7.6699790954589835,7.6699790954589835,7.6699790954589835,7.669979095458984,856,0.0,0.0
2009-03-13 00:00:00+08:00,8.127889633178711,8.127889633178711,8.127889633178711,8.127889633178711,237,0.0,0.0
2009-03-16 00:00:00+08:00,8.585797309875488,8.585797309875488,8.585797309875488,8.585797309875488,142,0.0,0.0
2009-03-17 00:00:00+08:00,9.158185958862305,9.158185958862305,9.158185958862305,9.158185958862305,1284,0.0,0.0
2009-03-18 00:00:00+08:00,9.730569839477539,9.730569839477539,9.730569839477539,9.730569839477539,95,0.0,0.0
2009-03-19 00:00:00+08:00,10.30295658111572,10.30295658111572,10.30295658111572,10.302956581115723,47,0.0,0.0
2009-03-20 00:00:00+08:00,10.989821434020998,10.989821434020998,10.989821434020998,10.989821434020996,47,0.0,0.0
2009-03-23 00:00:00+08:00,11.676685333251953,11.676685333251953,11.676685333251953,11.676685333251953,47,0.0,0.0
2009-03-24 00:00:00+08:00,12.47802734375,12.47802734375,12.47802734375,12.47802734375,95,0.0,0.0
2009-03-25 00:00:00+08:00,13.279366493225098,13.279366493225098,13.279366493225098,13.279366493225098,47,0.0,0.0
2009-03-26 00:00:00+08:00,13.279366493225098,13.279366493225098,13.279366493225098,13.279366493225098,0,0.0,0.0
2009-03-27 00:00:00+08:00,14.195186614990236,14.195186614990236,14.195186614990236,14.195186614990234,47,0.0,0.0
2009-03-30 00:00:00+08:00,15.111004829406738,15.111004829406738,15.111004829406738,15.111004829406738,665,0.0,0.0
2009-03-31 00:00:00+08:00,16.141300201416016,16.141300201416016,16.141300201416016,16.141300201416016,1807,0.0,0.0
2009-04-02 00:00:00+08:00,18.31637191772461,18.31637191772461,18.31637191772461,18.31637191772461,4756,0.0,0.0
2009-04-03 00:00:00+08:00,19.575618743896484,19.575618743896484,19.575618743896484,19.575618743896484,2854,0.0,0.0
2009-04-06 00:00:00+08:00,20.834869384765625,20.834869384765625,20.834869384765625,20.834869384765625,3377,0.0,0.0
2009-04-07 00:00:00+08:00,22.208595275878906,22.208595275878906,22.208595275878906,22.208595275878906,7801,0.0,0.0
2009-04-08 00:00:00+08:00,23.69680404663086,23.69680404663086,23.69680404663086,23.69680404663086,5470,0.0,0.0
2009-04-09 00:00:00+08:00,25.29948616027832,25.29948616027832,25.29948616027832,25.29948616027832,9799,0.0,0.0
2009-04-10 00:00:00+08:00,27.01664733886719,27.01664733886719,27.01664733886719,27.016647338867188,5042,0.0,0.0
2009-04-13 00:00:00+08:00,28.848281860351566,28.848281860351566,28.848281860351566,28.848281860351562,7373,0.0,0.0
2009-04-14 00:00:00+08:00,30.794389724731445,30.794389724731445,30.794389724731445,30.794389724731445,9180,0.0,0.0
2009-04-15 00:00:00+08:00,32.85498809814453,32.85498809814453,32.85498809814453,32.85498809814453,15126,0.0,0.0
2009-04-16 00:00:00+08:00,35.144535893569724,35.144535893569724,30.56544303894043,30.56544303894043,55845,0.0,0.0
2009-04-17 00:00:00+08:00,30.565436701399683,30.565436701399683,28.619323368753037,29.764095306396484,6945,0.0,0.0
2009-04-20 00:00:00+08:00,29.76409632236369,31.824687957763672,29.76409632236369,31.824687957763672,12843,0.0,0.0
2009-04-21 00:00:00+08:00,33.999755859375,33.999755859375,33.19841448345249,33.999755859375,13890,0.0,0.0
2009-04-22 00:00:00+08:00,33.198417358557236,33.198417358557236,31.71021270751953,31.71021270751953,5422,0.0,0.0
2009-04-23 00:00:00+08:00,32.05364755478825,32.05364755478825,29.5351448059082,29.535144805908203,15364,0.0,0.0
2009-04-24 00:00:00+08:00,27.47455406188965,27.47455406188965,27.47455406188965,27.47455406188965,5850,0.0,0.0
2009-04-27 00:00:00+08:00,29.306190393604254,29.306190393604254,25.642917633056644,25.64291763305664,1617,0.0,0.0
2009-04-28 00:00:00+08:00,27.360080718994144,27.360080718994144,27.360080718994144,27.36008071899414,24640,0.0,0.0
2009-04-29 00:00:00+08:00,29.19171714782715,29.19171714782715,29.19171714782715,29.19171714782715,6945,0.0,0.0
2009-04-30 00:00:00+08:00,31.02334695196746,31.1378231048584,31.02334695196746,31.1378231048584,20692,0.0,0.0
2009-05-04 00:00:00+08:00,33.198421478271484,33.198421478271484,31.137829528111098,33.198421478271484,14793,0.0,0.0
2009-05-05 00:00:00+08:00,35.48796785874904,35.48796785874904,33.198421478271484,33.198421478271484,8134,0.0,0.0
2009-05-06 00:00:00+08:00,30.908872285768265,35.48796463012695,30.908872285768265,35.48796463012695,713,0.0,0.0
2009-05-07 00:00:00+08:00,35.48796885231666,35.48796885231666,33.083946228027344,33.083946228027344,11749,0.0,0.0
2009-05-08 00:00:00+08:00,31.481263093630456,33.083946228027344,31.481263093630456,33.083946228027344,10798,0.0,0.0
2009-05-11 00:00:00+08:00,33.083946228027344,33.083946228027344,33.083946228027344,33.083946228027344,0,0.0,0.0
2009-05-12 00:00:00+08:00,33.083946228027344,33.083946228027344,33.083946228027344,33.083946228027344,0,0.0,0.0
2009-05-13 00:00:00+08:00,33.083946228027344,33.083946228027344,33.083946228027344,33.083946228027344,0,0.0,0.0
2009-05-14 00:00:00+08:00,33.083946228027344,33.083946228027344,33.083946228027344,33.083946228027344,0,0.0,0.0
2009-05-15 00:00:00+08:00,29.19171714782715,29.19171714782715,29.19171714782715,29.19171714782715,237,0.0,0.0
2009-05-18 00:00:00+08:00,27.93246459960937,27.93246459960937,27.93246459960937,27.932464599609375,47,0.0,0.0
2009-05-19 00:00:00+08:00,29.878578493927748,29.878578493927748,25.986349105834964,25.98634910583496,332,0.0,0.0
2009-05-20 00:00:00+08:00,24.26919052858485,24.612623214721683,24.26919052858485,24.61262321472168,761,0.0,0.0
2009-05-21 00:00:00+08:00,22.8954618613435,24.612623214721683,22.8954618613435,24.61262321472168,3424,0.0,0.0
2009-05-22 00:00:00+08:00,24.612621352220287,24.612621352220287,22.89546012878418,22.89546012878418,3853,0.0,0.0
2009-05-25 00:00:00+08:00,23.009938106832493,24.38366665413395,23.009938106832493,23.12441635131836,4519,0.0,0.0
2009-05-26 00:00:00+08:00,23.12441635131836,23.12441635131836,23.12441635131836,23.12441635131836,1997,0.0,0.0
2009-05-27 00:00:00+08:00,23.23889251849844,23.23889251849844,23.12441635131836,23.12441635131836,5708,0.0,0.0
2009-06-01 00:00:00+08:00,23.12441923480514,23.353373675020432,23.12441923480514,23.238895416259766,5850,0.0,0.0
2009-06-02 00:00:00+08:00,23.2388943204898,24.612622974312984,23.2388943204898,23.35337257385254,4233,0.0,0.0
2009-06-03 00:00:00+08:00,23.35337257385254,24.841577403732522,23.35337257385254,23.35337257385254,5232,0.0,0.0
2009-06-04 00:00:00+08:00,21.750690460205075,22.323077597922588,21.750690460205075,21.750690460205078,2473,0.0,0.0
2009-06-05 00:00:00+08:00,20.262484409798127,20.376962661743168,20.262484409798127,20.376962661743164,1189,0.0,0.0
2009-06-08 00:00:00+08:00,18.43084809969206,18.43084809969206,18.31637191772461,18.31637191772461,1902,0.0,0.0
2009-06-09 00:00:00+08:00,18.31637191772461,18.31637191772461,18.31637191772461,18.31637191772461,951,0.0,0.0
2009-06-10 00:00:00+08:00,17.171595659098525,18.77427864074707,17.057118451645476,18.77427864074707,761,0.0,0.0
2009-06-12 00:00:00+08:00,18.77427864074707,18.77427864074707,18.77427864074707,18.77427864074707,0,0.0,0.0
2009-06-15 00:00:00+08:00,17.51502799987793,17.51502799987793,17.51502799987793,17.51502799987793,475,0.0,0.0
2009-06-16 00:00:00+08:00,17.51502799987793,17.51502799987793,17.51502799987793,17.51502799987793,0,0.0,0.0
2009-06-17 00:00:00+08:00,16.71368875173189,18.31637191772461,16.71368875173189,18.31637191772461,523,0.0,0.0
2009-06-18 00:00:00+08:00,17.05711563448507,19.346662521362305,17.05711563448507,19.346662521362305,523,0.0,0.0
2009-06-19 00:00:00+08:00,19.346662521362305,19.346662521362305,19.346662521362305,19.346662521362305,0,0.0,0.0
2009-06-22 00:00:00+08:00,20.376962661743168,20.376962661743168,20.376962661743168,20.376962661743164,237,0.0,0.0
2009-06-23 00:00:00+08:00,20.376962661743168,20.376962661743168,20.376962661743168,20.376962661743164,0,0.0,0.0
2009-06-24 00:00:00+08:00,20.376962661743168,20.376962661743168,20.376962661743168,20.376962661743164,0,0.0,0.0
2009-06-25 00:00:00+08:00,20.376962661743168,20.376962661743168,20.376962661743168,20.376962661743164,0,0.0,0.0
2009-06-26 00:00:00+08:00,20.376962661743168,20.376962661743168,20.376962661743168,20.376962661743164,0,0.0,0.0
2009-06-29 00:00:00+08:00,19.003232955932617,19.003232955932617,19.003232955932617,19.003232955932617,665,0.0,0.0
2009-06-30 00:00:00+08:00,17.85845947265625,17.85845947265625,17.85845947265625,17.85845947265625,47,0.0,0.0
2009-07-01 00:00:00+08:00,19.003232955932617,19.003232955932617,19.003232955932617,19.003232955932617,237,0.0,0.0
2009-07-02 00:00:00+08:00,19.003232955932617,19.003232955932617,19.003232955932617,19.003232955932617,0,0.0,0.0
2009-07-03 00:00:00+08:00,20.14800262451172,20.14800262451172,20.14800262451172,20.14800262451172,1189,0.0,0.0
2009-07-06 00:00:00+08:00,20.14800262451172,20.14800262451172,20.14800262451172,20.14800262451172,0,0.0,0.0
2009-07-07 00:00:00+08:00,20.03352928161621,20.03352928161621,20.03352928161621,20.03352928161621,237,0.0,0.0
2009-07-08 00:00:00+08:00,20.03352928161621,20.03352928161621,20.03352928161621,20.03352928161621,237,0.0,0.0
2009-07-09 00:00:00+08:00,18.77427864074707,18.77427864074707,18.77427864074707,18.77427864074707,237,0.0,0.0
2009-07-10 00:00:00+08:00,18.77427864074707,18.77427864074707,18.77427864074707,18.77427864074707,0,0.0,0.0
2009-07-13 00:00:00+08:00,17.62950325012207,17.62950325012207,17.62950325012207,17.62950325012207,237,0.0,0.0
2009-07-14 00:00:00+08:00,16.59920719670009,18.65979766845703,16.59920719670009,18.65979766845703,1189,0.0,0.0
2009-07-15 00:00:00+08:00,17.51502576117693,18.65979766845703,17.51502576117693,18.65979766845703,1427,0.0,0.0
2009-07-16 00:00:00+08:00,17.400549805813004,19.80457305908203,17.400549805813004,19.80457305908203,808,0.0,0.0
2009-07-17 00:00:00+08:00,19.690096134535477,21.178300857543945,19.690096134535477,21.178300857543945,523,0.0,0.0
2009-07-20 00:00:00+08:00,22.552030563354492,22.552030563354492,22.552030563354492,22.552030563354492,1760,0.0,0.0
2009-07-21 00:00:00+08:00,22.89546265833406,22.89546265833406,21.750690460205075,21.750690460205078,903,0.0,0.0
2009-07-22 00:00:00+08:00,21.750690460205075,21.750690460205075,21.750690460205075,21.750690460205078,285,0.0,0.0
2009-07-23 00:00:00+08:00,20.605915069580078,20.605915069580078,20.605915069580078,20.605915069580078,237,0.0,0.0
2009-07-24 00:00:00+08:00,20.605915069580078,20.605915069580078,20.605915069580078,20.605915069580078,0,0.0,0.0
2009-07-27 00:00:00+08:00,21.97963995852475,21.97963995852475,21.865163803100586,21.865163803100586,2711,0.0,0.0
2009-07-28 00:00:00+08:00,20.60591708832732,20.60591708832732,20.376962661743168,20.376962661743164,1712,0.0,0.0
2009-07-29 00:00:00+08:00,20.605914728851154,21.521732330322266,20.605914728851154,21.521732330322266,332,0.0,0.0
2009-07-30 00:00:00+08:00,20.148002843937327,21.750685643725276,20.148002843937327,21.63620948791504,1427,0.0,0.0
2009-07-31 00:00:00+08:00,23.12441635131836,23.12441635131836,23.12441635131836,23.12441635131836,9656,0.0,0.0
2009-08-03 00:00:00+08:00,24.727100252646476,24.727100252646476,21.750690460205075,21.750690460205078,6279,0.0,0.0
2009-08-04 00:00:00+08:00,21.750686730690045,21.750686730690045,21.521732330322266,21.521732330322266,2711,0.0,0.0
2009-08-05 00:00:00+08:00,21.750686158897356,22.666505813598633,21.750686158897356,22.666505813598633,951,0.0,0.0
2009-08-06 00:00:00+08:00,22.6665102960143,22.6665102960143,21.750690460205075,21.750690460205078,3329,0.0,0.0
2009-08-07 00:00:00+08:00,21.750690460205075,21.750690460205075,21.750690460205075,21.750690460205078,0,0.0,0.0
2009-08-10 00:00:00+08:00,20.262481689453125,20.262481689453125,20.262481689453125,20.262481689453125,95,0.0,0.0
2009-08-11 00:00:00+08:00,20.262481689453125,20.262481689453125,20.262481689453125,20.262481689453125,0,0.0,0.0
2009-08-12 00:00:00+08:00,21.63620948791504,21.63620948791504,21.63620948791504,21.63620948791504,713,0.0,0.0
2009-08-13 00:00:00+08:00,23.12441635131836,23.12441635131836,23.12441635131836,23.12441635131836,1902,0.0,0.0
2009-08-14 00:00:00+08:00,22.666505813598633,22.666505813598633,22.666505813598633,22.666505813598633,95,0.0,0.0
2009-08-17 00:00:00+08:00,21.750690460205075,21.750690460205075,21.750690460205075,21.750690460205078,237,0.0,0.0
2009-08-18 00:00:00+08:00,21.750690460205075,21.750690460205075,21.750690460205075,21.750690460205078,0,0.0,0.0
2009-08-19 00:00:00+08:00,21.750690460205075,21.750690460205075,21.750690460205075,21.750690460205078,237,0.0,0.0
2009-08-20 00:00:00+08:00,20.605915069580078,20.605915069580078,20.605915069580078,20.605915069580078,475,0.0,0.0
2009-08-21 00:00:00+08:00,21.750690460205075,21.750690460205075,21.750690460205075,21.750690460205078,237,0.0,0.0
2009-08-24 00:00:00+08:00,21.521732330322266,21.521732330322266,21.521732330322266,21.521732330322266,47,0.0,0.0
2009-08-25 00:00:00+08:00,22.78098647717418,22.78098647717418,21.750690460205075,21.750690460205078,713,0.0,0.0
2009-08-26 00:00:00+08:00,20.60591826207609,21.750690460205075,20.60591826207609,21.750690460205078,761,0.0,0.0
2009-08-27 00:00:00+08:00,20.376959926028857,20.376959926028857,20.262481689453125,20.262481689453125,2854,0.0,0.0
2009-08-28 00:00:00+08:00,18.88875579833984,18.88875579833984,18.88875579833984,18.888755798339844,2473,0.0,0.0
2009-08-31 00:00:00+08:00,17.62950325012207,17.62950325012207,17.62950325012207,17.62950325012207,2426,0.0,0.0
2009-09-01 00:00:00+08:00,16.48473358154297,16.48473358154297,16.48473358154297,16.48473358154297,95,0.0,0.0
2009-09-02 00:00:00+08:00,15.339960098266602,15.339960098266602,15.339960098266602,15.339960098266602,11368,0.0,0.0
2009-09-03 00:00:00+08:00,14.309663772583008,14.309663772583008,14.309663772583008,14.309663772583008,6279,0.0,0.0
2009-09-04 00:00:00+08:00,13.393845558166504,13.393845558166504,13.393845558166504,13.393845558166504,951,0.0,0.0
2009-09-07 00:00:00+08:00,12.47802734375,12.47802734375,12.47802734375,12.47802734375,2568,0.0,0.0
2009-09-08 00:00:00+08:00,11.676685333251953,11.676685333251953,11.676685333251953,11.676685333251953,1712,0.0,0.0
2009-09-09 00:00:00+08:00,10.875345230102537,10.875345230102537,10.875345230102537,10.875345230102539,1189,0.0,0.0
2009-09-10 00:00:00+08:00,10.188481330871584,10.188481330871584,10.188481330871584,10.188481330871582,3710,0.0,0.0
2009-09-11 00:00:00+08:00,9.501616477966309,9.501616477966309,9.501616477966309,9.501616477966309,1902,0.0,0.0
2009-09-14 00:00:00+08:00,8.929228341440167,10.07400131225586,8.929228341440167,10.07400131225586,33631,0.0,0.0
2009-09-15 00:00:00+08:00,10.760866165161133,10.760866165161133,10.760866165161133,10.760866165161133,8419,0.0,0.0
2009-09-16 00:00:00+08:00,11.44773006439209,11.44773006439209,11.44773006439209,11.44773006439209,37388,0.0,0.0
2009-09-17 00:00:00+08:00,12.249070242181253,12.249070242181253,12.020115852355957,12.020115852355957,23356,0.0,0.0
2009-09-18 00:00:00+08:00,12.821458816528322,12.821458816528322,12.821458816528322,12.82145881652832,16268,0.0,0.0
2009-09-21 00:00:00+08:00,13.622800827026367,13.622800827026367,13.622800827026367,13.622800827026367,713,0.0,0.0
2009-09-22 00:00:00+08:00,14.538618087768555,14.538618087768555,14.538618087768555,14.538618087768555,237,0.0,0.0
2009-09-23 00:00:00+08:00,15.454436915935766,15.454436915935766,13.622799471110179,14.309663772583008,28779,0.0,0.0
2009-09-24 00:00:00+08:00,15.225481033325195,15.225481033325195,15.225481033325195,15.225481033325195,1855,0.0,0.0
2009-09-25 00:00:00+08:00,16.255781173706055,16.255781173706055,16.255781173706055,16.255781173706055,30919,0.0,0.0
2009-09-28 00:00:00+08:00,17.286071662617807,17.286071662617807,15.225481033325195,15.225481033325195,5422,0.0,0.0
2009-09-29 00:00:00+08:00,16.255781173706055,16.255781173706055,16.255781173706055,16.255781173706055,3995,0.0,0.0
2009-09-30 00:00:00+08:00,16.255775516407983,16.255775516407983,16.02682113647461,16.02682113647461,1902,0.0,0.0
2009-10-01 00:00:00+08:00,16.02682113647461,16.02682113647461,16.02682113647461,16.02682113647461,903,0.0,0.0
2009-10-02 00:00:00+08:00,14.996525764465332,14.996525764465332,14.996525764465332,14.996525764465332,2330,0.0,0.0
2009-10-05 00:00:00+08:00,16.02682113647461,16.02682113647461,16.02682113647461,16.02682113647461,95,0.0,0.0
2009-10-06 00:00:00+08:00,16.02682113647461,16.02682113647461,16.02682113647461,16.02682113647461,285,0.0,0.0
2009-10-07 00:00:00+08:00,14.996525764465332,14.996525764465332,14.996525764465332,14.996525764465332,3567,0.0,0.0
2009-10-08 00:00:00+08:00,13.966232299804686,13.966232299804686,13.966232299804686,13.966232299804688,10798,0.0,0.0
2009-10-09 00:00:00+08:00,13.050411224365233,13.050411224365233,13.050411224365233,13.050411224365234,4376,0.0,0.0
2009-10-12 00:00:00+08:00,12.24907112121582,12.24907112121582,12.24907112121582,12.24907112121582,18694,0.0,0.0
2009-10-13 00:00:00+08:00,12.24907155320111,13.050413042010133,11.44773006439209,11.44773006439209,24592,0.0,0.0
2009-10-14 00:00:00+08:00,11.447729792018903,11.905639648437502,10.875343769811753,11.9056396484375,2996,0.0,0.0
2009-10-15 00:00:00+08:00,12.020116760065553,12.134593963623047,12.020116760065553,12.134593963623047,9180,0.0,0.0
2009-10-16 00:00:00+08:00,11.447730233006817,12.935936025379627,11.447730233006817,12.82145881652832,14888,0.0,0.0
2009-10-19 00:00:00+08:00,12.134592655945115,13.050411224365233,12.020115464724194,13.050411224365234,4423,0.0,0.0
2009-10-20 00:00:00+08:00,13.851753234863281,13.851753234863281,13.851753234863281,13.851753234863281,13794,0.0,0.0
2009-10-21 00:00:00+08:00,14.7675724029541,14.7675724029541,14.7675724029541,14.767572402954102,14793,0.0,0.0
2009-10-22 00:00:00+08:00,15.797867596020977,15.797867596020977,14.080708503723145,14.080708503723145,25496,0.0,0.0
2009-10-23 00:00:00+08:00,13.279365794566738,14.996525764465332,13.279365794566738,14.996525764465332,17838,0.0,0.0
2009-10-26 00:00:00+08:00,16.026821538673932,16.026821538673932,14.996525764465332,14.996525764465332,3234,0.0,0.0
2009-10-27 00:00:00+08:00,15.454436160344338,15.797867774963379,13.966231458342277,15.797867774963379,18504,0.0,0.0
2009-10-28 00:00:00+08:00,16.59920924772736,16.59920924772736,14.882049097326385,15.797867774963379,5755,0.0,0.0
2009-10-29 00:00:00+08:00,16.02682441732754,16.02682441732754,14.882050206008325,15.339960098266602,7135,0.0,0.0
2009-10-30 00:00:00+08:00,15.797867822588731,15.797867822588731,14.309663116100225,15.683390617370605,18646,0.0,0.0
2009-11-02 00:00:00+08:00,16.37025488733224,16.37025488733224,14.653094731754598,15.683390617370605,10417,0.0,0.0
2009-11-03 00:00:00+08:00,14.653093147293948,15.454434535823477,14.653093147293948,14.996525764465332,9561,0.0,0.0
2009-11-04 00:00:00+08:00,13.966232299804686,13.966232299804686,13.966232299804686,13.966232299804688,3900,0.0,0.0
2009-11-05 00:00:00+08:00,13.050411224365233,13.050411224365233,13.050411224365233,13.050411224365234,20264,0.0,0.0
2009-11-06 00:00:00+08:00,12.24907112121582,12.363548324343737,12.24907112121582,12.24907112121582,32774,0.0,0.0
2009-11-09 00:00:00+08:00,11.44773006439209,11.562208310210154,11.44773006439209,11.44773006439209,24117,0.0,0.0
2009-11-10 00:00:00+08:00,10.646389238772112,12.24907112121582,10.646389238772112,12.24907112121582,12034,0.0,0.0
2009-11-11 00:00:00+08:00,13.050413374150159,13.050413374150159,11.447730355742975,12.70698070526123,10132,0.0,0.0
2009-11-12 00:00:00+08:00,13.164888840135228,13.164888840135228,11.905638657443308,12.020115852355957,8372,0.0,0.0
2009-11-13 00:00:00+08:00,11.562208310210154,11.562208310210154,11.21877565006177,11.44773006439209,4852,0.0,0.0
2009-11-16 00:00:00+08:00,10.760866482280251,12.134593963623047,10.760866482280251,12.134593963623047,6231,0.0,0.0
2009-11-17 00:00:00+08:00,11.562207072705364,12.020115852355957,11.562207072705364,12.020115852355957,5280,0.0,0.0
2009-11-18 00:00:00+08:00,12.36354894247018,12.821458816528322,12.36354894247018,12.82145881652832,4519,0.0,0.0
2009-11-19 00:00:00+08:00,12.134595904138386,13.622800827026367,12.134595904138386,13.622800827026367,2521,0.0,0.0
2009-11-20 00:00:00+08:00,12.70698070526123,13.393845004386158,12.70698070526123,12.70698070526123,8895,0.0,0.0
2009-11-23 00:00:00+08:00,12.70698070526123,12.70698070526123,12.70698070526123,12.70698070526123,0,0.0,0.0
2009-11-24 00:00:00+08:00,13.393845004386158,13.393845004386158,12.70698070526123,12.70698070526123,1950,0.0,0.0
2009-11-25 00:00:00+08:00,12.706979933727489,12.706979933727489,12.24907112121582,12.24907112121582,4709,0.0,0.0
2009-11-26 00:00:00+08:00,11.562208604474572,12.821458953992828,11.562208604474572,12.70698070526123,1522,0.0,0.0
2009-11-27 00:00:00+08:00,12.020116852878932,12.020116852878932,11.905639648437502,11.9056396484375,3615,0.0,0.0
2009-11-30 00:00:00+08:00,12.020116998991071,12.249071410657017,11.56220817565918,11.56220817565918,808,0.0,0.0
2009-12-01 00:00:00+08:00,12.24907112121582,12.24907112121582,12.24907112121582,12.24907112121582,570,0.0,0.0
2009-12-02 00:00:00+08:00,12.24907112121582,12.24907112121582,12.24907112121582,12.24907112121582,0,0.0,0.0
2009-12-03 00:00:00+08:00,11.56220817565918,11.56220817565918,11.56220817565918,11.56220817565918,475,0.0,0.0
2009-12-04 00:00:00+08:00,12.020116998991071,12.020116998991071,11.56220817565918,11.56220817565918,1474,0.0,0.0
2009-12-07 00:00:00+08:00,12.249072020946304,12.36354923248291,12.249072020946304,12.36354923248291,856,0.0,0.0
2009-12-08 00:00:00+08:00,13.05041213641101,13.164889335632324,12.935934937189696,13.164889335632324,9513,0.0,0.0
2009-12-09 00:00:00+08:00,14.080708503723145,14.080708503723145,14.080708503723145,14.080708503723145,14032,0.0,0.0
2009-12-10 00:00:00+08:00,14.882048362604875,14.882048362604875,13.164889335632324,13.164889335632324,8800,0.0,0.0
2009-12-11 00:00:00+08:00,12.706980893026149,13.966232299804686,12.706980893026149,13.966232299804688,95,0.0,0.0
2009-12-14 00:00:00+08:00,13.050413231845475,14.7675724029541,13.050413231845475,14.767572402954102,903,0.0,0.0
2009-12-15 00:00:00+08:00,15.339957466908405,15.339957466908405,14.882047653198242,14.882047653198242,1141,0.0,0.0
2009-12-16 00:00:00+08:00,13.966232299804686,13.966232299804686,13.966232299804686,13.966232299804688,237,0.0,0.0
2009-12-17 00:00:00+08:00,13.966233597722235,13.966233597722235,13.508323669433596,13.508323669433594,428,0.0,0.0
2009-12-18 00:00:00+08:00,13.966232299804686,14.195186723345167,13.966232299804686,13.966232299804688,190,0.0,0.0
2009-12-21 00:00:00+08:00,13.050412095500201,14.767571117089751,13.050412095500201,13.279366493225098,5232,0.0,0.0
2009-12-22 00:00:00+08:00,12.592504694209067,12.592504694209067,12.36354923248291,12.36354923248291,5850,0.0,0.0
2009-12-23 00:00:00+08:00,12.363548893479726,12.935935974121094,11.791162851491274,12.935935974121094,2854,0.0,0.0
2009-12-24 00:00:00+08:00,12.935935974121094,12.935935974121094,12.935935974121094,12.935935974121094,0,0.0,0.0
2009-12-25 00:00:00+08:00,12.935935974121094,12.935935974121094,12.935935974121094,12.935935974121094,0,0.0,0.0
2009-12-28 00:00:00+08:00,12.134594809409698,12.36354923248291,12.134594809409698,12.36354923248291,2901,0.0,0.0
2009-12-29 00:00:00+08:00,12.3635474370939,12.3635474370939,11.905638657443308,12.020115852355957,3044,0.0,0.0
2009-12-30 00:00:00+08:00,11.333253686623273,11.676685333251953,11.333253686623273,11.676685333251953,3757,0.0,0.0
2009-12-31 00:00:00+08:00,11.905638657443308,12.020115852355957,11.791161462530662,12.020115852355957,3139,0.0,0.0
2010-01-04 00:00:00+08:00,12.706980672473122,12.706980672473122,12.592504501342773,12.592504501342773,7896,0.0,0.0
2010-01-05 00:00:00+08:00,13.164889335632324,13.164889335632324,13.164889335632324,13.164889335632324,6659,0.0,0.0
2010-01-06 00:00:00+08:00,14.080708503723145,14.080708503723145,14.080708503723145,14.080708503723145,8181,0.0,0.0
2010-01-07 00:00:00+08:00,14.99652588561537,14.99652588561537,14.882047653198242,14.882047653198242,14032,0.0,0.0
2010-01-08 00:00:00+08:00,13.851753234863281,13.851753234863281,13.851753234863281,13.851753234863281,237,0.0,0.0
2010-01-11 00:00:00+08:00,13.050411224365233,13.050411224365233,12.935934033144314,13.050411224365234,2616,0.0,0.0
2010-01-12 00:00:00+08:00,12.363547038386955,13.050411224365233,12.363547038386955,13.050411224365234,3615,0.0,0.0
2010-01-13 00:00:00+08:00,13.050413340475885,13.164890550259162,12.478026252906567,12.592504501342773,7896,0.0,0.0
2010-01-14 00:00:00+08:00,12.363549043123289,12.592504501342773,12.363549043123289,12.592504501342773,33821,0.0,0.0
2010-01-15 00:00:00+08:00,13.393845558166504,13.393845558166504,13.393845558166504,13.393845558166504,15317,0.0,0.0
2010-01-18 00:00:00+08:00,14.309663772583008,14.309663772583008,14.309663772583008,14.309663772583008,15031,0.0,0.0
2010-01-19 00:00:00+08:00,15.225481033325195,15.225481033325195,15.225481033325195,15.225481033325195,20644,0.0,0.0
2010-01-20 00:00:00+08:00,16.255778488431513,16.255778488431513,14.195186614990236,14.195186614990234,40528,0.0,0.0
2010-01-21 00:00:00+08:00,13.279368343354676,13.393845558166504,13.279368343354676,13.393845558166504,5898,0.0,0.0
2010-01-22 00:00:00+08:00,12.592504576880339,14.309663772583008,12.592504576880339,14.309663772583008,3995,0.0,0.0
2010-01-25 00:00:00+08:00,14.309665264948933,15.225484082873171,13.508323669433596,13.508323669433594,8419,0.0,0.0
2010-01-26 00:00:00+08:00,14.424140721943985,14.424140721943985,12.706980518672797,12.935935974121094,9704,0.0,0.0
2010-01-27 00:00:00+08:00,12.935805320739746,12.935805320739746,12.935805320739746,12.935805320739746,0,0.0,0.029715
2010-01-28 00:00:00+08:00,12.935805320739746,12.935805320739746,12.935805320739746,12.935805320739746,0,0.0,0.0
2010-01-29 00:00:00+08:00,12.935805320739746,12.935805320739746,12.935805320739746,12.935805320739746,0,0.0,0.0
2010-02-01 00:00:00+08:00,12.935805320739746,12.935805320739746,12.935805320739746,12.935805320739746,0,0.0,0.0
2010-02-02 00:00:00+08:00,12.935805320739746,12.935805320739746,12.935805320739746,12.935805320739746,0,0.0,0.0
2010-02-03 00:00:00+08:00,12.935805320739746,12.935805320739746,12.935805320739746,12.935805320739746,0,0.0,0.0
2010-02-04 00:00:00+08:00,12.935805320739746,12.935805320739746,12.935805320739746,12.935805320739746,0,0.0,0.0
2010-02-05 00:00:00+08:00,12.935805320739746,12.935805320739746,12.935805320739746,12.935805320739746,0,0.0,0.0
2010-02-08 00:00:00+08:00,12.935805320739746,12.935805320739746,12.935805320739746,12.935805320739746,0,0.0,0.0
2010-02-09 00:00:00+08:00,12.935805320739746,12.935805320739746,12.935805320739746,12.935805320739746,0,0.0,0.0
2010-02-10 00:00:00+08:00,12.935805320739746,12.935805320739746,12.935805320739746,12.935805320739746,0,0.0,0.0
2010-02-22 00:00:00+08:00,13.827882766723633,13.827882766723633,13.827882766723633,13.827882766723633,8004,0.0,0.0
2010-02-23 00:00:00+08:00,13.827881889325262,14.559245109558105,13.827881889325262,14.559245109558105,14407,0.0,0.0
2010-02-24 00:00:00+08:00,14.559245109558105,14.559245109558105,14.559245109558105,14.559245109558105,16,0.0,0.0
2010-02-25 00:00:00+08:00,13.946941375732422,13.946941375732422,13.946941375732422,13.946941375732422,4802,0.0,0.0
2010-02-26 00:00:00+08:00,13.946941375732422,13.946941375732422,13.946941375732422,13.946941375732422,4,0.0,0.0
2010-03-01 00:00:00+08:00,13.946941375732422,13.946941375732422,13.946941375732422,13.946941375732422,4,0.0,0.0
2010-03-02 00:00:00+08:00,12.076011657714844,12.076011657714844,12.076011657714844,12.076011657714844,6403,0.0,0.0
2010-03-03 00:00:00+08:00,11.242597579956055,11.242597579956055,11.242597579956055,11.242597579956055,16008,0.0,0.0
2010-03-04 00:00:00+08:00,10.460207554297774,12.02498722076416,10.460207554297774,12.02498722076416,11205,0.0,0.0
2010-03-05 00:00:00+08:00,12.586263712767726,12.790365219116211,12.586263712767726,12.790365219116211,4802,0.0,0.0
2010-03-08 00:00:00+08:00,12.73934186641816,12.926435470581055,12.586266225423975,12.926435470581055,11205,0.0,0.0
2010-03-09 00:00:00+08:00,12.926435470581055,12.926435470581055,12.926435470581055,12.926435470581055,1600,0.0,0.0
2010-03-10 00:00:00+08:00,13.81087589263916,13.81087589263916,13.81087589263916,13.81087589263916,1600,0.0,0.0
2010-03-11 00:00:00+08:00,13.81087589263916,13.81087589263916,13.81087589263916,13.81087589263916,1,0.0,0.0
2010-03-12 00:00:00+08:00,13.81087589263916,13.81087589263916,13.81087589263916,13.81087589263916,1,0.0,0.0
2010-03-15 00:00:00+08:00,13.300621032714844,13.300621032714844,13.300621032714844,13.300621032714844,0,0.0,0.0
2010-03-16 00:00:00+08:00,13.300621032714844,13.300621032714844,13.300621032714844,13.300621032714844,0,0.0,0.0
2010-03-17 00:00:00+08:00,13.300621032714844,13.300621032714844,13.300621032714844,13.300621032714844,1600,0.0,0.0
2010-03-18 00:00:00+08:00,13.300621032714844,13.300621032714844,13.300621032714844,13.300621032714844,1600,0.0,0.0
2010-03-19 00:00:00+08:00,12.02498722076416,12.02498722076416,12.02498722076416,12.02498722076416,6403,0.0,0.0
2010-03-22 00:00:00+08:00,12.02498722076416,12.02498722076416,12.02498722076416,12.02498722076416,0,0.0,0.0
2010-03-23 00:00:00+08:00,10.477214481208405,10.51123140122545,10.409180641174315,10.409180641174316,9604,0.0,0.0
2010-03-24 00:00:00+08:00,9.72884304894123,9.72884304894123,9.694826126098633,9.694826126098633,17609,0.0,0.0
2010-03-25 00:00:00+08:00,9.830892711869991,9.830892711869991,9.609782218933107,9.609782218933105,6403,0.0,0.0
2010-03-26 00:00:00+08:00,9.609782218933107,9.609782218933107,9.609782218933107,9.609782218933105,1600,0.0,0.0
2010-03-29 00:00:00+08:00,9.626791954040527,9.626791954040527,9.626791954040527,9.626791954040527,3201,0.0,0.0
2010-03-30 00:00:00+08:00,9.626791954040527,9.626791954040527,9.626791954040527,9.626791954040527,3201,0.0,0.0
2010-03-31 00:00:00+08:00,10.290120124816895,10.290120124816895,10.290120124816895,10.290120124816895,3201,0.0,0.0
2010-04-01 00:00:00+08:00,10.273113250732422,10.273113250732422,10.273113250732422,10.273113250732422,3201,0.0,0.0
2010-04-02 00:00:00+08:00,10.953451156616211,10.953451156616211,10.953451156616211,10.953451156616211,1600,0.0,0.0
2010-04-06 00:00:00+08:00,10.205079078674316,10.205079078674316,10.205079078674316,10.205079078674316,3201,0.0,0.0
2010-04-07 00:00:00+08:00,10.851400375366211,10.851400375366211,10.851400375366211,10.851400375366211,1600,0.0,0.0
2010-04-08 00:00:00+08:00,10.851400375366211,10.851400375366211,10.851400375366211,10.851400375366211,1600,0.0,0.0
2010-04-09 00:00:00+08:00,10.137045987107586,11.055502891540527,10.137045987107586,11.055502891540527,4802,0.0,0.0
2010-04-12 00:00:00+08:00,11.820883090343216,11.820883090343216,10.324138641357422,10.324138641357422,8004,0.0,0.0
2010-04-13 00:00:00+08:00,9.609782218933107,9.609782218933107,9.609782218933107,9.609782218933105,1600,0.0,0.0
2010-04-14 00:00:00+08:00,9.609782218933107,9.609782218933107,9.609782218933107,9.609782218933105,1600,0.0,0.0
2010-04-15 00:00:00+08:00,9.609782218933107,9.609782218933107,9.609782218933107,9.609782218933105,1600,0.0,0.0
2010-04-16 00:00:00+08:00,9.609782218933107,9.609782218933107,9.609782218933107,9.609782218933105,1600,0.0,0.0
2010-04-19 00:00:00+08:00,9.609782218933107,9.609782218933107,9.609782218933107,9.609782218933105,1600,0.0,0.0
2010-04-20 00:00:00+08:00,9.609782218933107,9.609782218933107,9.609782218933107,9.609782218933105,1600,0.0,0.0
2010-04-21 00:00:00+08:00,9.609782218933107,9.609782218933107,9.609782218933107,9.609782218933105,1600,0.0,0.0
2010-04-22 00:00:00+08:00,8.980469703674315,8.980469703674315,8.980469703674315,8.980469703674316,1600,0.0,0.0
2010-04-23 00:00:00+08:00,9.456707222682565,9.456707222682565,8.402181625366211,8.402181625366211,3201,0.0,0.0
2010-04-26 00:00:00+08:00,8.079021453857422,8.079021453857422,8.079021453857422,8.079021453857422,4802,0.0,0.0
2010-04-27 00:00:00+08:00,8.33414761826145,8.504232221138096,7.534749984741212,7.534749984741211,6403,0.0,0.0
2010-04-28 00:00:00+08:00,8.062012672424316,8.062012672424316,8.062012672424316,8.062012672424316,3201,0.0,0.0
2010-04-29 00:00:00+08:00,8.623291183527197,8.623291183527197,8.504231452941895,8.504231452941895,3201,0.0,0.0
2010-04-30 00:00:00+08:00,8.334149360656738,8.334149360656738,8.334149360656738,8.334149360656738,1600,0.0,0.0
2010-05-03 00:00:00+08:00,8.334149360656738,8.334149360656738,8.334149360656738,8.334149360656738,1600,0.0,0.0
2010-05-04 00:00:00+08:00,8.334149360656738,8.334149360656738,8.334149360656738,8.334149360656738,1600,0.0,0.0
2010-05-05 00:00:00+08:00,7.755858898162842,7.755858898162842,7.755858898162842,7.755858898162842,1600,0.0,0.0
2010-05-06 00:00:00+08:00,7.245607376098633,7.245607376098633,7.245607376098633,7.245607376098633,1600,0.0,0.0
2010-05-07 00:00:00+08:00,6.769368648529054,7.143554221079334,6.769368648529054,6.769368648529053,4802,0.0,0.0
2010-05-10 00:00:00+08:00,6.327149158754751,6.97347068786621,6.327149158754751,6.973470687866211,4802,0.0,0.0
2010-05-11 00:00:00+08:00,7.313639467558092,7.313639467558092,6.497232913970946,6.497232913970947,3201,0.0,0.0
2010-05-12 00:00:00+08:00,6.803386474242274,6.803386474242274,6.055014133453369,6.055014133453369,3201,0.0,0.0
2010-05-13 00:00:00+08:00,6.463217735290527,6.463217735290527,6.463217735290527,6.463217735290527,1600,0.0,0.0
2010-05-14 00:00:00+08:00,6.463217735290527,6.463217735290527,6.463217735290527,6.463217735290527,1600,0.0,0.0
2010-05-17 00:00:00+08:00,6.905436992645263,6.905436992645263,6.905436992645263,6.905436992645264,1600,0.0,0.0
2010-05-18 00:00:00+08:00,7.381673336029053,7.381673336029053,7.381673336029053,7.381673336029053,1600,0.0,0.0
2010-05-19 00:00:00+08:00,7.891928195953369,7.891928195953369,7.891928195953369,7.891928195953369,1600,0.0,0.0
2010-05-20 00:00:00+08:00,8.436199188232422,8.436199188232422,8.436199188232422,8.436199188232422,4802,0.0,0.0
2010-05-21 00:00:00+08:00,9.014486312866211,9.014486312866211,9.014486312866211,9.014486312866211,3201,0.0,0.0
2010-05-24 00:00:00+08:00,9.014486312866211,9.014486312866211,9.014486312866211,9.014486312866211,3,0.0,0.0
2010-05-25 00:00:00+08:00,9.014486312866211,9.014486312866211,9.014486312866211,9.014486312866211,3,0.0,0.0
2010-05-26 00:00:00+08:00,8.963461875915527,8.963461875915527,8.963461875915527,8.963461875915527,1600,0.0,0.0
2010-05-27 00:00:00+08:00,9.575764656066895,9.575764656066895,9.575764656066895,9.575764656066895,1600,0.0,0.0
2010-05-28 00:00:00+08:00,8.912435006061013,9.796875953674316,8.912435006061013,9.796875953674316,4802,0.0,0.0
2010-05-31 00:00:00+08:00,9.796875953674316,9.796875953674316,9.796875953674316,9.796875953674316,4,0.0,0.0
2010-06-01 00:00:00+08:00,9.796875953674316,9.796875953674316,9.796875953674316,9.796875953674316,4,0.0,0.0
2010-06-02 00:00:00+08:00,9.558757781982422,9.558757781982422,9.558757781982422,9.558757781982422,4,0.0,0.0
2010-06-03 00:00:00+08:00,9.558757781982422,9.558757781982422,9.558757781982422,9.558757781982422,4,0.0,0.0
2010-06-04 00:00:00+08:00,8.555257797241211,8.555257797241211,8.555257797241211,8.555257797241211,1600,0.0,0.0
2010-06-07 00:00:00+08:00,7.993978500366211,7.993978500366211,7.993978500366211,7.993978500366211,1600,0.0,0.0
2010-06-08 00:00:00+08:00,7.44970703125,7.44970703125,7.44970703125,7.44970703125,3201,0.0,0.0
2010-06-09 00:00:00+08:00,6.973470480923196,6.973470480923196,6.939454078674317,6.939454078674316,4802,0.0,0.0
2010-06-10 00:00:00+08:00,6.480224609375001,6.480224609375001,6.480224609375001,6.480224609375,3201,0.0,0.0
2010-06-11 00:00:00+08:00,6.072022584033384,6.463217735290527,6.05501412177553,6.463217735290527,12806,0.0,0.0
2010-06-14 00:00:00+08:00,6.327148358280717,6.42919911312429,6.02099609375,6.02099609375,9604,0.0,0.0
2010-06-15 00:00:00+08:00,5.714844703674316,5.714844703674316,5.714844703674316,5.714844703674316,3201,0.0,0.0
2010-06-17 00:00:00+08:00,5.714844703674316,5.714844703674316,5.714844703674316,5.714844703674316,3,0.0,0.0
2010-06-18 00:00:00+08:00,5.714844703674316,5.714844703674316,5.714844703674316,5.714844703674316,3,0.0,0.0
2010-06-21 00:00:00+08:00,5.952962875366212,5.952962875366212,5.952962875366212,5.952962875366211,1600,0.0,0.0
2010-06-22 00:00:00+08:00,5.952962875366212,5.952962875366212,5.952962875366212,5.952962875366211,1,0.0,0.0
2010-06-23 00:00:00+08:00,5.952962875366212,5.952962875366212,5.952962875366212,5.952962875366211,1,0.0,0.0
2010-06-24 00:00:00+08:00,5.952962875366212,5.952962875366212,5.952962875366212,5.952962875366211,1,0.0,0.0
2010-06-25 00:00:00+08:00,5.952962875366212,5.952962875366212,5.952962875366212,5.952962875366211,1,0.0,0.0
2010-06-28 00:00:00+08:00,5.952962875366212,5.952962875366212,5.952962875366212,5.952962875366211,0,0.0,0.0
2010-06-29 00:00:00+08:00,5.952962875366212,5.952962875366212,5.952962875366212,5.952962875366211,1,0.0,0.0
2010-06-30 00:00:00+08:00,5.952962875366212,5.952962875366212,5.952962875366212,5.952962875366211,1,0.0,0.0
2010-07-01 00:00:00+08:00,5.952962875366212,5.952962875366212,5.952962875366212,5.952962875366211,1,0.0,0.0
2010-07-02 00:00:00+08:00,5.952962875366212,5.952962875366212,5.952962875366212,5.952962875366211,1,0.0,0.0
2010-07-05 00:00:00+08:00,5.952962875366212,5.952962875366212,5.952962875366212,5.952962875366211,1,0.0,0.0
2010-07-06 00:00:00+08:00,5.952962875366212,5.952962875366212,5.952962875366212,5.952962875366211,1,0.0,0.0
2010-07-07 00:00:00+08:00,5.952962875366212,5.952962875366212,5.952962875366212,5.952962875366211,1,0.0,0.0
2010-07-08 00:00:00+08:00,5.952962875366212,5.952962875366212,5.952962875366212,5.952962875366211,1,0.0,0.0
2010-07-09 00:00:00+08:00,5.952962875366212,5.952962875366212,5.952962875366212,5.952962875366211,1,0.0,0.0
2010-07-12 00:00:00+08:00,5.952962875366212,5.952962875366212,5.952962875366212,5.952962875366211,1,0.0,0.0
2010-07-13 00:00:00+08:00,5.952962875366212,5.952962875366212,5.952962875366212,5.952962875366211,1,0.0,0.0
2010-07-14 00:00:00+08:00,5.952962875366212,5.952962875366212,5.952962875366212,5.952962875366211,1,0.0,0.0
2010-07-15 00:00:00+08:00,6.361166000366211,6.361166000366211,6.361166000366211,6.361166000366211,1600,0.0,0.0
2010-07-16 00:00:00+08:00,6.803385848198409,6.803385848198409,6.786377906799316,6.786377906799316,3201,0.0,0.0
2010-07-19 00:00:00+08:00,6.786377906799316,6.786377906799316,6.786377906799316,6.786377906799316,3,0.0,0.0
2010-07-20 00:00:00+08:00,6.786377906799316,6.786377906799316,6.786377906799316,6.786377906799316,3,0.0,0.0
2010-07-21 00:00:00+08:00,6.786377906799316,6.786377906799316,6.786377906799316,6.786377906799316,3,0.0,0.0
2010-07-22 00:00:00+08:00,6.786377906799316,6.786377906799316,6.786377906799316,6.786377906799316,1600,0.0,0.0
2010-07-23 00:00:00+08:00,6.786377906799316,6.786377906799316,6.786377906799316,6.786377906799316,1,0.0,0.0
2010-07-26 00:00:00+08:00,6.786377906799316,6.786377906799316,6.786377906799316,6.786377906799316,1600,0.0,0.0
2010-07-27 00:00:00+08:00,6.786377906799316,6.786377906799316,6.786377906799316,6.786377906799316,1,0.0,0.0
2010-07-28 00:00:00+08:00,6.786377906799316,6.786377906799316,6.786377906799316,6.786377906799316,1,0.0,0.0
2010-07-29 00:00:00+08:00,6.3441572189331055,6.3441572189331055,6.3441572189331055,6.3441572189331055,1600,0.0,0.0
2010-07-30 00:00:00+08:00,6.3441572189331055,6.3441572189331055,6.3441572189331055,6.3441572189331055,1,0.0,0.0
2010-08-02 00:00:00+08:00,6.3441572189331055,6.3441572189331055,6.3441572189331055,6.3441572189331055,1,0.0,0.0
2010-08-03 00:00:00+08:00,6.3441572189331055,6.3441572189331055,6.3441572189331055,6.3441572189331055,1,0.0,0.0
2010-08-04 00:00:00+08:00,6.3441572189331055,6.3441572189331055,6.3441572189331055,6.3441572189331055,1,0.0,0.0
2010-08-05 00:00:00+08:00,6.3441572189331055,6.3441572189331055,6.3441572189331055,6.3441572189331055,1,0.0,0.0
2010-08-06 00:00:00+08:00,6.3441572189331055,6.3441572189331055,6.3441572189331055,6.3441572189331055,1,0.0,0.0
2010-08-09 00:00:00+08:00,6.3441572189331055,6.3441572189331055,6.3441572189331055,6.3441572189331055,3201,0.0,0.0
2010-08-10 00:00:00+08:00,6.3441572189331055,6.3441572189331055,6.3441572189331055,6.3441572189331055,3,0.0,0.0
2010-08-11 00:00:00+08:00,6.3441572189331055,6.3441572189331055,6.3441572189331055,6.3441572189331055,3,0.0,0.0
2010-08-12 00:00:00+08:00,6.3441572189331055,6.3441572189331055,6.3441572189331055,6.3441572189331055,3,0.0,0.0
2010-08-13 00:00:00+08:00,6.3441572189331055,6.3441572189331055,6.3441572189331055,6.3441572189331055,3,0.0,0.0
2010-08-16 00:00:00+08:00,6.3441572189331055,6.3441572189331055,6.3441572189331055,6.3441572189331055,3,0.0,0.0
2010-08-17 00:00:00+08:00,6.3441572189331055,6.3441572189331055,6.3441572189331055,6.3441572189331055,3,0.0,0.0
2010-08-18 00:00:00+08:00,6.3441572189331055,6.3441572189331055,6.3441572189331055,6.3441572189331055,3,0.0,0.0
2010-08-19 00:00:00+08:00,6.3441572189331055,6.3441572189331055,6.3441572189331055,6.3441572189331055,3,0.0,0.0
2010-08-20 00:00:00+08:00,6.3441572189331055,6.3441572189331055,6.3441572189331055,6.3441572189331055,3,0.0,0.0
2010-08-23 00:00:00+08:00,5.969971179962158,5.969971179962158,5.969971179962158,5.969971179962158,1600,0.0,0.0
2010-08-24 00:00:00+08:00,5.969971179962158,5.969971179962158,5.969971179962158,5.969971179962158,1,0.0,0.0
2010-08-25 00:00:00+08:00,5.969971179962158,5.969971179962158,5.969971179962158,5.969971179962158,1,0.0,0.0
2010-08-26 00:00:00+08:00,5.969971179962158,5.969971179962158,5.969971179962158,5.969971179962158,1,0.0,0.0
2010-08-27 00:00:00+08:00,5.969971179962158,5.969971179962158,5.969971179962158,5.969971179962158,1,0.0,0.0
2010-08-30 00:00:00+08:00,5.969971179962158,5.969971179962158,5.969971179962158,5.969971179962158,1,0.0,0.0
2010-08-31 00:00:00+08:00,5.969971179962158,5.969971179962158,5.969971179962158,5.969971179962158,1,0.0,0.0
2010-09-01 00:00:00+08:00,5.969971179962158,5.969971179962158,5.969971179962158,5.969971179962158,1,0.0,0.0
2010-09-02 00:00:00+08:00,5.969971179962158,5.969971179962158,5.969971179962158,5.969971179962158,1,0.0,0.0
2010-09-03 00:00:00+08:00,6.378174304962158,6.378174304962158,6.378174304962158,6.378174304962158,60831,0.0,0.0
2010-09-06 00:00:00+08:00,6.820394039154053,6.820394039154053,6.820394039154053,6.820394039154053,6403,0.0,0.0
2010-09-07 00:00:00+08:00,6.820394039154053,6.820394039154053,6.820394039154053,6.820394039154053,6,0.0,0.0
2010-09-08 00:00:00+08:00,7.296630859375,7.296630859375,7.296630859375,7.296630859375,1600,0.0,0.0
2010-09-09 00:00:00+08:00,7.806885719299316,7.806885719299316,7.806885719299316,7.806885719299316,1600,0.0,0.0
2010-09-10 00:00:00+08:00,8.351155281066895,8.351155281066895,8.351155281066895,8.351155281066895,1600,0.0,0.0
2010-09-13 00:00:00+08:00,8.929444313049316,8.929444313049316,8.929444313049316,8.929444313049316,3201,0.0,0.0
2010-09-14 00:00:00+08:00,9.541748046875,9.541748046875,9.541748046875,9.541748046875,3201,0.0,0.0
2010-09-15 00:00:00+08:00,10.205079078674316,10.205079078674316,10.205079078674316,10.205079078674316,40020,0.0,0.0
2010-09-16 00:00:00+08:00,10.919435501098633,10.919435501098633,10.919435501098633,10.919435501098633,9604,0.0,0.0
2010-09-17 00:00:00+08:00,11.667807579040527,11.667807579040527,11.667807579040527,11.667807579040527,48024,0.0,0.0
2010-09-20 00:00:00+08:00,12.48421382904053,12.48421382904053,12.48421382904053,12.484213829040527,27214,0.0,0.0
2010-09-21 00:00:00+08:00,13.351645469665527,13.351645469665527,13.351645469665527,13.351645469665527,60831,0.0,0.0
2010-09-23 00:00:00+08:00,14.270102288734696,14.270102288734696,13.079509077214412,13.351645469665527,139272,0.0,0.0
2010-09-24 00:00:00+08:00,12.773358633042085,12.773358633042085,12.433189392089844,12.433189392089844,25613,0.0,0.0
2010-09-27 00:00:00+08:00,11.56575552361899,11.905925750732424,11.56575552361899,11.905925750732422,36819,0.0,0.0
2010-09-28 00:00:00+08:00,11.905925750732424,11.905925750732424,11.905925750732424,11.905925750732422,36,0.0,0.0
2010-09-29 00:00:00+08:00,11.072511672973631,11.072511672973631,11.072511672973631,11.072511672973633,11205,0.0,0.0
2010-09-30 00:00:00+08:00,11.072511672973631,11.072511672973631,11.072511672973631,11.072511672973633,27214,0.0,0.0
2010-10-01 00:00:00+08:00,10.30713089589441,11.83789348602295,10.30713089589441,11.83789348602295,4802,0.0,0.0
2010-10-04 00:00:00+08:00,11.837893160030767,11.837893160030767,11.021485983073067,11.157553672790527,9604,0.0,0.0
2010-10-05 00:00:00+08:00,11.922933690829037,11.922933690829037,11.905925750732424,11.905925750732422,3201,0.0,0.0
2010-10-06 00:00:00+08:00,11.565756519381372,11.735841128255233,11.072511672973631,11.072511672973633,12806,0.0,0.0
2010-10-07 00:00:00+08:00,11.072511672973631,11.072511672973631,11.072511672973631,11.072511672973633,12,0.0,0.0
2010-10-08 00:00:00+08:00,10.919435501098633,10.919435501098633,10.919435501098633,10.919435501098633,3201,0.0,0.0
2010-10-11 00:00:00+08:00,10.222086373069583,10.222086373069583,10.171061515808107,10.171061515808105,6403,0.0,0.0
2010-10-12 00:00:00+08:00,10.205078488761389,10.511230749945478,10.205078488761389,10.375163078308105,9604,0.0,0.0
2010-10-13 00:00:00+08:00,10.375163078308105,10.375163078308105,10.375163078308105,10.375163078308105,9,0.0,0.0
2010-10-14 00:00:00+08:00,9.694825503168667,9.762859344482422,9.694825503168667,9.762859344482422,4802,0.0,0.0
2010-10-15 00:00:00+08:00,10.307130813598633,10.307130813598633,10.307130813598633,10.307130813598633,1600,0.0,0.0
2010-10-18 00:00:00+08:00,10.307130813598633,10.307130813598633,10.307130813598633,10.307130813598633,1,0.0,0.0
2010-10-19 00:00:00+08:00,10.749349594116211,10.749349594116211,10.749349594116211,10.749349594116211,1600,0.0,0.0
2010-10-20 00:00:00+08:00,10.749349594116211,10.749349594116211,10.749349594116211,10.749349594116211,1,0.0,0.0
2010-10-21 00:00:00+08:00,10.375163482534772,10.749349594116211,10.375163482534772,10.749349594116211,6403,0.0,0.0
2010-10-22 00:00:00+08:00,10.749349594116211,10.749349594116211,10.749349594116211,10.749349594116211,6,0.0,0.0
2010-10-25 00:00:00+08:00,10.749349594116211,10.749349594116211,10.749349594116211,10.749349594116211,6,0.0,0.0
2010-10-26 00:00:00+08:00,10.749349594116211,10.749349594116211,10.749349594116211,10.749349594116211,6,0.0,0.0
2010-10-27 00:00:00+08:00,10.069011886887477,10.103028808410885,10.052002906799316,10.052002906799316,4802,0.0,0.0
2010-10-28 00:00:00+08:00,10.052002906799316,10.052002906799316,10.052002906799316,10.052002906799316,4,0.0,0.0
2010-10-29 00:00:00+08:00,10.052002906799316,10.052002906799316,10.052002906799316,10.052002906799316,4,0.0,0.0
2010-11-01 00:00:00+08:00,9.371664047241211,9.371664047241211,9.371664047241211,9.371664047241211,3201,0.0,0.0
2010-11-02 00:00:00+08:00,8.759359359741211,9.371663910172137,8.725342440272826,8.759359359741211,17609,0.0,0.0
2010-11-03 00:00:00+08:00,8.164063974653438,9.371665316295914,8.147055512367297,9.337648391723633,17609,0.0,0.0
2010-11-04 00:00:00+08:00,8.878419120095678,8.878419120095678,8.861410140991211,8.861410140991211,4802,0.0,0.0
2010-11-05 00:00:00+08:00,8.317139167648403,9.252604484558105,8.317139167648403,9.252604484558105,3201,0.0,0.0
2010-11-08 00:00:00+08:00,8.60628509584181,8.844403064635683,8.60628509584181,8.708335876464844,12,0.0,0.0
2010-11-09 00:00:00+08:00,8.555257797241211,8.555257797241211,8.555257797241211,8.555257797241211,1600,0.0,0.0
2010-11-10 00:00:00+08:00,7.993978284725301,8.487223625183105,7.993978284725301,8.487223625183105,3201,0.0,0.0
2010-11-11 00:00:00+08:00,8.470215797424316,8.470215797424316,8.470215797424316,8.470215797424316,1600,0.0,0.0
2010-11-12 00:00:00+08:00,8.010986899030478,8.010986899030478,7.891928195953369,7.891928195953369,32016,0.0,0.0
2010-11-15 00:00:00+08:00,7.925945281982422,7.925945281982422,7.925945281982422,7.925945281982422,4802,0.0,0.0
2010-11-16 00:00:00+08:00,7.993978500366211,8.027995421315405,7.993978500366211,7.993978500366211,4802,0.0,0.0
2010-11-17 00:00:00+08:00,7.993978500366211,7.993978500366211,7.993978500366211,7.993978500366211,3201,0.0,0.0
2010-11-18 00:00:00+08:00,7.993978500366211,8.027995421315405,7.993978500366211,7.993978500366211,6403,0.0,0.0
2010-11-19 00:00:00+08:00,7.993978638999478,8.130046844482422,7.993978638999478,8.130046844482422,4802,0.0,0.0
2010-11-22 00:00:00+08:00,8.062012482077721,8.130046844482422,8.062012482077721,8.130046844482422,4802,0.0,0.0
2010-11-23 00:00:00+08:00,8.130046930054235,8.691326141357422,8.130046930054235,8.691326141357422,28814,0.0,0.0
2010-11-24 00:00:00+08:00,9.150553924143043,9.150553924143043,8.164062277916441,8.504231452941895,20810,0.0,0.0
2010-11-25 00:00:00+08:00,8.674317330410103,8.674317330410103,8.504232208460566,8.521241188049316,9604,0.0,0.0
2010-11-26 00:00:00+08:00,8.521241188049316,8.657308350821353,8.521241188049316,8.521241188049316,4802,0.0,0.0
2010-11-29 00:00:00+08:00,8.521240754082239,8.521240754082239,8.045003890991211,8.045003890991211,3201,0.0,0.0
2010-11-30 00:00:00+08:00,8.045003890991211,8.164062587437554,8.045003890991211,8.045003890991211,16008,0.0,0.0
2010-12-01 00:00:00+08:00,7.823893684567438,8.487223625183105,7.823893684567438,8.487223625183105,6403,0.0,0.0
2010-12-02 00:00:00+08:00,8.997478485107422,8.997478485107422,8.997478485107422,8.997478485107422,1600,0.0,0.0
2010-12-03 00:00:00+08:00,9.422690391540527,9.422690391540527,9.422690391540527,9.422690391540527,1600,0.0,0.0
2010-12-06 00:00:00+08:00,9.422690391540527,9.422690391540527,9.422690391540527,9.422690391540527,1,0.0,0.0
2010-12-07 00:00:00+08:00,9.422690391540527,9.422690391540527,9.422690391540527,9.422690391540527,1,0.0,0.0
2010-12-08 00:00:00+08:00,8.69132480029247,8.844400405883789,8.69132480029247,8.844400405883789,4802,0.0,0.0
2010-12-09 00:00:00+08:00,8.844400405883789,8.844400405883789,8.844400405883789,8.844400405883789,4,0.0,0.0
2010-12-10 00:00:00+08:00,8.232096672058105,8.232096672058105,8.232096672058105,8.232096672058105,1600,0.0,0.0
2010-12-13 00:00:00+08:00,8.232096544690986,8.555257797241211,8.232096544690986,8.555257797241211,3201,0.0,0.0
2010-12-14 00:00:00+08:00,8.555257797241211,8.555257797241211,8.555257797241211,8.555257797241211,3,0.0,0.0
2010-12-15 00:00:00+08:00,9.065511703491211,9.065511703491211,9.065511703491211,9.065511703491211,1600,0.0,0.0
2010-12-16 00:00:00+08:00,9.524741511885654,9.694826126098633,9.524741511885654,9.694826126098633,9604,0.0,0.0
2010-12-17 00:00:00+08:00,9.694826126098633,9.694826126098633,9.694826126098633,9.694826126098633,9,0.0,0.0
2010-12-20 00:00:00+08:00,9.626791954040527,9.626791954040527,9.626791954040527,9.626791954040527,1600,0.0,0.0
2010-12-21 00:00:00+08:00,9.626791954040527,9.626791954040527,9.626791954040527,9.626791954040527,1,0.0,0.0
2010-12-22 00:00:00+08:00,9.626791954040527,9.626791954040527,9.626791954040527,9.626791954040527,1,0.0,0.0
2010-12-23 00:00:00+08:00,9.626791954040527,9.626791954040527,9.626791954040527,9.626791954040527,1,0.0,0.0
2010-12-24 00:00:00+08:00,8.980470856872529,8.980470856872529,8.963461875915527,8.963461875915527,4802,0.0,0.0
2010-12-27 00:00:00+08:00,9.456707000732424,9.456707000732424,9.456707000732424,9.456707000732422,1600,0.0,0.0
2010-12-28 00:00:00+08:00,9.609782623425703,9.609782623425703,9.456707000732424,9.456707000732422,3201,0.0,0.0
2010-12-29 00:00:00+08:00,9.456707000732424,9.456707000732424,9.456707000732424,9.456707000732422,3,0.0,0.0
2010-12-30 00:00:00+08:00,9.456707000732424,9.456707000732424,9.456707000732424,9.456707000732422,3,0.0,0.0
2010-12-31 00:00:00+08:00,9.456707000732424,9.456707000732424,9.456707000732424,9.456707000732422,3,0.0,0.0
2011-01-03 00:00:00+08:00,9.456707000732424,9.456707000732424,9.456707000732424,9.456707000732422,3,0.0,0.0
2011-01-04 00:00:00+08:00,8.844401316182399,9.048503875732422,8.810385434685744,9.048503875732422,6403,0.0,0.0
2011-01-05 00:00:00+08:00,9.541748046875,9.541748046875,9.541748046875,9.541748046875,1600,0.0,0.0
2011-01-06 00:00:00+08:00,9.745850563049316,9.745850563049316,9.745850563049316,9.745850563049316,1600,0.0,0.0
2011-01-07 00:00:00+08:00,9.065511703491211,9.065511703491211,9.065511703491211,9.065511703491211,3201,0.0,0.0
2011-01-10 00:00:00+08:00,9.354657173156738,9.354657173156738,9.354657173156738,9.354657173156738,1600,0.0,0.0
2011-01-11 00:00:00+08:00,9.354657173156738,9.354657173156738,9.354657173156738,9.354657173156738,1,0.0,0.0
2011-01-12 00:00:00+08:00,9.796876562487203,9.796876562487203,9.626791954040527,9.626791954040527,3201,0.0,0.0
2011-01-13 00:00:00+08:00,8.980470007200207,9.473714828491211,8.980470007200207,9.473714828491211,4802,0.0,0.0
2011-01-14 00:00:00+08:00,9.473714828491211,9.473714828491211,9.473714828491211,9.473714828491211,4,0.0,0.0
2011-01-17 00:00:00+08:00,9.473714828491211,9.473714828491211,9.473714828491211,9.473714828491211,4,0.0,0.0
2011-01-18 00:00:00+08:00,9.405680656433105,9.405680656433105,9.405680656433105,9.405680656433105,4,0.0,0.0
2011-01-19 00:00:00+08:00,9.405680656433105,9.405680656433105,9.405680656433105,9.405680656433105,4,0.0,0.0
2011-01-20 00:00:00+08:00,9.320639610290527,9.320639610290527,9.320639610290527,9.320639610290527,4,0.0,0.0
2011-01-21 00:00:00+08:00,9.89892702710993,9.89892702710993,9.762859344482422,9.762859344482422,3201,0.0,0.0
2011-01-24 00:00:00+08:00,9.830894470214842,9.830894470214842,9.830894470214842,9.830894470214844,3201,0.0,0.0
2011-01-25 00:00:00+08:00,9.184571266174316,9.184571266174316,9.184571266174316,9.184571266174316,1600,0.0,0.0
2011-01-26 00:00:00+08:00,8.606283756710633,8.912435531616211,8.555258374338626,8.912435531616211,6403,0.0,0.0
2011-01-27 00:00:00+08:00,8.912435531616211,8.912435531616211,8.912435531616211,8.912435531616211,6,0.0,0.0
2011-01-28 00:00:00+08:00,9.150555021338487,9.150555021338487,8.912435531616211,8.912435531616211,12806,0.0,0.0
2011-02-08 00:00:00+08:00,8.385174577492787,8.810386657714844,8.385174577492787,8.810386657714844,4802,0.0,0.0
2011-02-09 00:00:00+08:00,8.198081372275002,8.674318313598633,8.198081372275002,8.674318313598633,6403,0.0,0.0
2011-02-10 00:00:00+08:00,8.164062277916441,8.504231452941895,8.164062277916441,8.504231452941895,4802,0.0,0.0
2011-02-11 00:00:00+08:00,8.504231452941895,8.504231452941895,8.504231452941895,8.504231452941895,0,0.0,0.0
2011-02-14 00:00:00+08:00,8.742351531982422,8.742351531982422,8.742351531982422,8.742351531982422,1600,0.0,0.0
2011-02-15 00:00:00+08:00,8.708335876464844,8.708335876464844,8.708335876464844,8.708335876464844,1600,0.0,0.0
2011-02-16 00:00:00+08:00,8.793377675952515,8.810386657714844,8.793377675952515,8.810386657714844,4802,0.0,0.0
2011-02-17 00:00:00+08:00,8.521241226481079,8.725342750549316,8.504232246815617,8.725342750549316,8004,0.0,0.0
2011-02-18 00:00:00+08:00,8.827394600824158,8.827394600824158,8.810386657714844,8.810386657714844,4802,0.0,0.0
2011-02-21 00:00:00+08:00,8.810386657714844,8.810386657714844,8.810386657714844,8.810386657714844,0,0.0,0.0
2011-02-22 00:00:00+08:00,9.048505131816352,9.048505131816352,8.776368694190186,8.810386657714844,9604,0.0,0.0
2011-02-23 00:00:00+08:00,8.810386161450497,8.810386161450497,8.300131797790527,8.300131797790527,6403,0.0,0.0
2011-02-24 00:00:00+08:00,7.857910816569437,8.827393582947893,7.857910816569437,7.993978500366211,8004,0.0,0.0
2011-02-25 00:00:00+08:00,8.266113030424078,8.538248889770834,8.266113030424078,8.504231452941895,11205,0.0,0.0
2011-03-01 00:00:00+08:00,7.993978827739772,8.997478556163262,7.993978827739772,8.062012672424316,6403,0.0,0.0
2011-03-02 00:00:00+08:00,8.623292922973633,8.623292922973633,8.623292922973633,8.623292922973633,16008,0.0,0.0
2011-03-03 00:00:00+08:00,9.218588829040527,9.218588829040527,9.218588829040527,9.218588829040527,27214,0.0,0.0
2011-03-04 00:00:00+08:00,9.847902297973633,9.847902297973633,9.847902297973633,9.847902297973633,19209,0.0,0.0
2011-03-07 00:00:00+08:00,10.528240203857424,10.528240203857424,10.528240203857424,10.528240203857422,6403,0.0,0.0
2011-03-08 00:00:00+08:00,11.259604454040527,11.259604454040527,11.259604454040527,11.259604454040527,11205,0.0,0.0
2011-03-09 00:00:00+08:00,12.0419921875,12.0419921875,12.0419921875,12.0419921875,84843,0.0,0.0
2011-03-10 00:00:00+08:00,12.875406265258787,12.875406265258787,12.875406265258787,12.875406265258789,28814,0.0,0.0
2011-03-11 00:00:00+08:00,13.759850502014158,13.759850502014158,13.759850502014158,13.75985050201416,52827,0.0,0.0
2011-03-14 00:00:00+08:00,14.71232223510742,14.71232223510742,14.71232223510742,14.712322235107422,44823,0.0,0.0
2011-03-15 00:00:00+08:00,15.732833862304686,15.732833862304686,15.732833862304686,15.732833862304688,60831,0.0,0.0
2011-03-16 00:00:00+08:00,16.821373034215412,16.821373034215412,14.64428997039795,14.64428997039795,123263,0.0,0.0
2011-03-17 00:00:00+08:00,13.623780250549316,13.623780250549316,13.623780250549316,13.623780250549316,4802,0.0,0.0
2011-03-18 00:00:00+08:00,12.671305656433105,12.671305656433105,12.671305656433105,12.671305656433105,16008,0.0,0.0
2011-03-21 00:00:00+08:00,11.786866188049316,11.786866188049316,11.786866188049316,11.786866188049316,19209,0.0,0.0
2011-03-22 00:00:00+08:00,10.97046063294586,12.603272837248854,10.97046063294586,11.939942359924316,150478,0.0,0.0
2011-03-23 00:00:00+08:00,11.106527443495317,12.773356437683105,11.106527443495317,12.773356437683105,112058,0.0,0.0
2011-03-24 00:00:00+08:00,13.657798767089844,13.657798767089844,13.657798767089844,13.657798767089844,32016,0.0,0.0
2011-03-25 00:00:00+08:00,14.610273361206055,14.610273361206055,14.610273361206055,14.610273361206055,112058,0.0,0.0
2011-03-28 00:00:00+08:00,15.630778312683104,15.630778312683104,15.630778312683104,15.630778312683105,36819,0.0,0.0
2011-03-29 00:00:00+08:00,16.719321154627508,16.719321154627508,14.542238235473633,14.542238235473633,171288,0.0,0.0
2011-03-30 00:00:00+08:00,13.538737632543686,14.967448200566707,13.538737632543686,13.606771469116211,51226,0.0,0.0
2011-03-31 00:00:00+08:00,14.18506051715051,14.491212812744875,13.028485178238471,14.287111282348633,32016,0.0,0.0
2011-04-01 00:00:00+08:00,14.287110639684979,14.967449043736098,13.810873756849196,14.253093719482422,38419,0.0,0.0
2011-04-06 00:00:00+08:00,13.776855755274909,14.79736328125,13.776855755274909,14.79736328125,28814,0.0,0.0
2011-04-07 00:00:00+08:00,14.797365805643366,15.81787454436747,14.151044262264978,14.627281188964844,96049,0.0,0.0
2011-04-08 00:00:00+08:00,14.287109221237094,15.647785894249095,14.287109221237094,14.831379890441895,54428,0.0,0.0
2011-04-11 00:00:00+08:00,14.797362973616593,14.831379890441895,14.287109221237094,14.831379890441895,17609,0.0,0.0
2011-04-12 00:00:00+08:00,14.8313812970718,14.8313812970718,13.946941375732422,13.946941375732422,22411,0.0,0.0
2011-04-13 00:00:00+08:00,13.18156232167467,14.797365643038457,13.096519494943442,13.300621032714844,19209,0.0,0.0
2011-04-14 00:00:00+08:00,13.912925278336335,13.929934258694248,13.130536070889718,13.861899375915527,12806,0.0,0.0
2011-04-15 00:00:00+08:00,14.304118813310996,14.304118813310996,13.351645101295649,13.606771469116211,8004,0.0,0.0
2011-04-18 00:00:00+08:00,13.606771469116211,13.606771469116211,13.606771469116211,13.606771469116211,0,0.0,0.0
2011-04-19 00:00:00+08:00,13.963949316431746,13.963949316431746,13.946941375732422,13.946941375732422,11205,0.0,0.0
2011-04-20 00:00:00+08:00,13.946941375732422,13.946941375732422,13.946941375732422,13.946941375732422,0,0.0,0.0
2011-04-21 00:00:00+08:00,13.436688066924448,13.89591598510742,13.317628323058514,13.895915985107422,11205,0.0,0.0
2011-04-22 00:00:00+08:00,14.474204696074864,14.474204696074864,13.266603469848633,13.266603469848633,16008,0.0,0.0
2011-04-25 00:00:00+08:00,12.773359006723018,13.21557903289795,12.58626643805244,13.21557903289795,11205,0.0,0.0
2011-04-26 00:00:00+08:00,12.586265537401982,13.997968346960329,12.297121175497896,13.92993450164795,25613,0.0,0.0
2011-04-27 00:00:00+08:00,13.096517847152011,13.096517847152011,12.960450172424315,12.960450172424316,8004,0.0,0.0
2011-04-28 00:00:00+08:00,12.994468504331344,12.994468504331344,12.450196707574968,12.501222610473633,9604,0.0,0.0
2011-04-29 00:00:00+08:00,12.263103351331317,12.263103351331317,11.769857489750594,12.178060531616211,12806,0.0,0.0
2011-05-03 00:00:00+08:00,12.858399391174316,12.858399391174316,12.858399391174316,12.858399391174316,1600,0.0,0.0
2011-05-04 00:00:00+08:00,11.973960379923202,12.229087829589844,11.973960379923202,12.229087829589844,8004,0.0,0.0
2011-05-05 00:00:00+08:00,12.518230438232422,12.518230438232422,12.518230438232422,12.518230438232422,1600,0.0,0.0
2011-05-06 00:00:00+08:00,12.518230438232422,12.518230438232422,12.518230438232422,12.518230438232422,0,0.0,0.0
2011-05-09 00:00:00+08:00,12.858400881429962,12.858400881429962,11.684817477717466,12.58626651763916,6403,0.0,0.0
2011-05-10 00:00:00+08:00,12.65429961002633,12.65429961002633,12.569256782531738,12.569256782531738,4802,0.0,0.0
2011-05-11 00:00:00+08:00,12.569256782531738,12.569256782531738,12.569256782531738,12.569256782531738,0,0.0,0.0
2011-05-12 00:00:00+08:00,12.569256782531738,12.569256782531738,12.569256782531738,12.569256782531738,0,0.0,0.0
2011-05-13 00:00:00+08:00,12.48421382904053,12.48421382904053,12.48421382904053,12.484213829040527,0,0.0,0.0
2011-05-16 00:00:00+08:00,11.66780863092904,12.382162968377148,11.66780863092904,11.769858360290527,8004,0.0,0.0
2011-05-17 00:00:00+08:00,11.395671108568228,11.735840302377474,10.953451156616211,10.953451156616211,11205,0.0,0.0
2011-05-18 00:00:00+08:00,10.953451245724318,11.361654281616211,10.953451245724318,11.361654281616211,3201,0.0,0.0
2011-05-19 00:00:00+08:00,11.157552926121276,11.956951069041683,10.613282203674318,10.613282203674316,20810,0.0,0.0
2011-05-20 00:00:00+08:00,10.715333020986481,11.157552985320965,9.881917953491211,9.881917953491211,24012,0.0,0.0
2011-05-23 00:00:00+08:00,9.932943394052632,10.56225691045008,9.932943394052632,10.137044906616211,20810,0.0,0.0
2011-05-24 00:00:00+08:00,9.932943091731357,10.375163022159606,9.932943091731357,10.171061515808105,9604,0.0,0.0
2011-05-25 00:00:00+08:00,10.205079504339084,10.205079504339084,9.711833626240912,10.154054641723633,4802,0.0,0.0
2011-05-26 00:00:00+08:00,9.728843290284267,10.715334077191383,9.728843290284267,10.086020469665527,17609,0.0,0.0
2011-05-27 00:00:00+08:00,10.511231498985952,10.511231498985952,9.881917953491211,9.881917953491211,9604,0.0,0.0
2011-05-30 00:00:00+08:00,10.426188875798298,10.443197855612782,10.273113250732422,10.273113250732422,11205,0.0,0.0
2011-05-31 00:00:00+08:00,10.54524831456137,10.936442375183105,10.54524831456137,10.936442375183105,3201,0.0,0.0
2011-06-01 00:00:00+08:00,11.344645500183107,11.344645500183107,11.344645500183107,11.344645500183105,1600,0.0,0.0
2011-06-02 00:00:00+08:00,10.885417938232422,10.885417938232422,10.885417938232422,10.885417938232422,1600,0.0,0.0
2011-06-03 00:00:00+08:00,10.443198218813123,11.055502817677548,10.443198218813123,10.545248985290527,9604,0.0,0.0
2011-06-07 00:00:00+08:00,10.613281503673509,10.885416846948255,10.375163078308105,10.375163078308105,9604,0.0,0.0
2011-06-08 00:00:00+08:00,10.817384684646393,10.851401607818367,10.511232376098633,10.511232376098633,6403,0.0,0.0
2011-06-09 00:00:00+08:00,9.932944109124072,10.681316375732422,9.932944109124072,10.681316375732422,4802,0.0,0.0
2011-06-10 00:00:00+08:00,10.103028128657362,10.749349594116211,10.103028128657362,10.749349594116211,3201,0.0,0.0
2011-06-13 00:00:00+08:00,10.20507949547642,10.783367156982424,10.20507949547642,10.783367156982422,6403,0.0,0.0
2011-06-14 00:00:00+08:00,10.783367156982424,10.783367156982424,10.783367156982424,10.783367156982422,0,0.0,0.0
2011-06-15 00:00:00+08:00,10.800375071501296,10.85139992903891,10.375163078308105,10.375163078308105,9604,0.0,0.0
2011-06-16 00:00:00+08:00,10.375163078308105,10.375163078308105,10.375163078308105,10.375163078308105,0,0.0,0.0
2011-06-17 00:00:00+08:00,9.915934697526325,10.000977516174316,9.915934697526325,10.000977516174316,8004,0.0,0.0
2011-06-20 00:00:00+08:00,9.86490979282512,10.54524818433316,9.796875953674316,9.796875953674316,19209,0.0,0.0
2011-06-21 00:00:00+08:00,10.034995031003765,10.171062717987427,9.728842735290527,9.728842735290527,14407,0.0,0.0
2011-06-22 00:00:00+08:00,9.660807543858905,10.205079313021825,9.660807543858905,9.762859344482422,27214,0.0,0.0
2011-06-23 00:00:00+08:00,9.779867285484418,9.915934968111927,9.762859344482422,9.762859344482422,8004,0.0,0.0
2011-06-24 00:00:00+08:00,10.154055462221587,10.205080328960099,9.966961860656738,9.966961860656738,9604,0.0,0.0
2011-06-27 00:00:00+08:00,9.558757762078903,10.000977727913648,9.320639318937117,9.456707000732422,12806,0.0,0.0
2011-06-28 00:00:00+08:00,9.52473908417337,10.000975882584136,9.286620684967989,9.660805702209473,16008,0.0,0.0
2011-06-29 00:00:00+08:00,9.218589540053042,10.06901264190674,9.218589540053042,10.069012641906738,3201,0.0,0.0
2011-06-30 00:00:00+08:00,10.613283407668293,10.613283407668293,9.864911079406738,9.864911079406738,8004,0.0,0.0
2011-07-01 00:00:00+08:00,9.864911088526727,10.443198797263458,9.609783638875205,9.966961860656738,19209,0.0,0.0
2011-07-04 00:00:00+08:00,9.626791661854913,9.762859344482422,9.626791661854913,9.762859344482422,3201,0.0,0.0
2011-07-05 00:00:00+08:00,9.558757781982422,9.558757781982422,9.558757781982422,9.558757781982422,1600,0.0,0.0
2011-07-06 00:00:00+08:00,9.84790140896372,9.864910389105948,9.456707329527443,9.524741172790527,11205,0.0,0.0
2011-07-07 00:00:00+08:00,8.861410140991211,8.861410140991211,8.861410140991211,8.861410140991211,1600,0.0,0.0
2011-07-08 00:00:00+08:00,9.473714828491211,9.473714828491211,9.473714828491211,9.473714828491211,3201,0.0,0.0
2011-07-11 00:00:00+08:00,10.120038148558903,10.120038148558903,10.10303020477295,10.10303020477295,14407,0.0,0.0
2011-07-12 00:00:00+08:00,10.103029186810856,10.103029186810856,9.592775344848633,9.592775344848633,4802,0.0,0.0
2011-07-13 00:00:00+08:00,10.137046123052377,10.137046123052377,9.694826126098633,9.694826126098633,6403,0.0,0.0
2011-07-14 00:00:00+08:00,9.524741172790527,9.524741172790527,9.524741172790527,9.524741172790527,1600,0.0,0.0
2011-07-15 00:00:00+08:00,10.086020469665527,10.086020469665527,10.086020469665527,10.086020469665527,1600,0.0,0.0
2011-07-18 00:00:00+08:00,10.426190175779608,10.443199157714844,10.034996055105497,10.443199157714844,6403,0.0,0.0
2011-07-19 00:00:00+08:00,10.443197365902344,10.987468075997135,10.443197365902344,10.953451156616211,4802,0.0,0.0
2011-07-20 00:00:00+08:00,10.54524905574445,11.055502891540527,10.54524905574445,11.055502891540527,3201,0.0,0.0
2011-07-21 00:00:00+08:00,10.307129102867561,11.02148436928701,10.290120124816895,10.290120124816895,11205,0.0,0.0
2011-07-22 00:00:00+08:00,10.970460760857888,10.970460760857888,10.885417938232422,10.885417938232422,6403,0.0,0.0
2011-07-25 00:00:00+08:00,10.545248985290527,10.545248985290527,10.545248985290527,10.545248985290527,1600,0.0,0.0
2011-07-26 00:00:00+08:00,10.545248673329613,10.579265594482422,10.20507946180152,10.579265594482422,4802,0.0,0.0
2011-07-27 00:00:00+08:00,10.545248277431508,10.545248277431508,10.205079078674316,10.205079078674316,3201,0.0,0.0
2011-07-28 00:00:00+08:00,10.205079078674316,10.205079078674316,10.205079078674316,10.205079078674316,0,0.0,0.0
2011-07-29 00:00:00+08:00,10.715333938598633,10.715333938598633,10.715333938598633,10.715333938598633,1600,0.0,0.0
2011-08-01 00:00:00+08:00,11.055502945896668,11.463706016540526,11.055502945896668,11.463706016540527,8004,0.0,0.0
2011-08-02 00:00:00+08:00,12.263102531433107,12.263102531433107,12.263102531433107,12.263102531433105,8004,0.0,0.0
2011-08-03 00:00:00+08:00,13.113526344299316,13.113526344299316,12.926433802926455,13.113526344299316,22411,0.0,0.0
2011-08-04 00:00:00+08:00,14.014975996260006,14.014975996260006,12.21207809448242,12.212078094482422,40020,0.0,0.0
2011-08-05 00:00:00+08:00,11.361654281616211,11.361654281616211,11.361654281616211,11.361654281616211,16008,0.0,0.0
2011-08-08 00:00:00+08:00,11.36165543328692,12.059002876281738,10.579266201854152,12.059002876281738,6403,0.0,0.0
2011-08-09 00:00:00+08:00,12.63729190826416,12.63729190826416,12.63729190826416,12.63729190826416,1600,0.0,0.0
2011-08-10 00:00:00+08:00,13.266603469848633,13.266603469848633,13.266603469848633,13.266603469848633,1600,0.0,0.0
2011-08-11 00:00:00+08:00,12.58626651763916,12.58626651763916,12.58626651763916,12.58626651763916,1600,0.0,0.0
2011-08-12 00:00:00+08:00,11.80387507473311,12.518230438232422,11.735841230590319,12.518230438232422,6403,0.0,0.0
2011-08-15 00:00:00+08:00,12.518230438232422,12.518230438232422,12.518230438232422,12.518230438232422,0,0.0,0.0
2011-08-16 00:00:00+08:00,11.769858780246865,11.769858780246865,11.616783142089844,11.616783142089844,6403,0.0,0.0
2011-08-17 00:00:00+08:00,10.885418036454533,11.497722625732422,10.817384193201434,11.497722625732422,9604,0.0,0.0
2011-08-18 00:00:00+08:00,11.718833923339842,11.718833923339842,11.718833923339842,11.718833923339844,1600,0.0,0.0
2011-08-19 00:00:00+08:00,11.752849619205405,11.956951141357424,11.752849619205405,11.956951141357422,3201,0.0,0.0
2011-08-22 00:00:00+08:00,11.344643975866815,11.956949496757117,11.191568374633787,11.191568374633789,4802,0.0,0.0
2011-08-23 00:00:00+08:00,10.715333938598633,10.715333938598633,10.715333938598633,10.715333938598633,1600,0.0,0.0
2011-08-24 00:00:00+08:00,10.715333938598633,10.715333938598633,10.103029320162076,10.715333938598633,4802,0.0,0.0
2011-08-25 00:00:00+08:00,10.052003393950512,10.511232376098633,10.034995451691008,10.511232376098633,6403,0.0,0.0
2011-08-26 00:00:00+08:00,10.715332720949739,10.953451156616211,10.545248124045118,10.953451156616211,9604,0.0,0.0
2011-08-29 00:00:00+08:00,10.953451863972548,11.395671844482422,10.953451863972548,11.395671844482422,11205,0.0,0.0
2011-08-30 00:00:00+08:00,10.851400375366211,10.851400375366211,10.851400375366211,10.851400375366211,1600,0.0,0.0
2011-08-31 00:00:00+08:00,10.885417938232422,10.885417938232422,10.885417938232422,10.885417938232422,3201,0.0,0.0
2011-09-01 00:00:00+08:00,10.885418279608501,11.39567211540458,10.885418279608501,11.055502891540527,8004,0.0,0.0
2011-09-02 00:00:00+08:00,11.225584983825682,11.225584983825682,11.225584983825682,11.225584983825684,3201,0.0,0.0
2011-09-05 00:00:00+08:00,10.885419185541634,10.885419185541634,10.443199157714844,10.443199157714844,9604,0.0,0.0
2011-09-06 00:00:00+08:00,10.137045238922878,10.205079078674316,10.03499447929572,10.205079078674316,16008,0.0,0.0
2011-09-07 00:00:00+08:00,10.034994561074424,10.613282203674318,10.034994561074424,10.613282203674316,6403,0.0,0.0
2011-09-08 00:00:00+08:00,10.613282203674318,10.613282203674318,10.613282203674318,10.613282203674316,0,0.0,0.0
2011-09-09 00:00:00+08:00,10.800376742386888,10.817384684646393,10.511232376098633,10.511232376098633,6403,0.0,0.0
2011-09-13 00:00:00+08:00,10.545249656922774,10.98746967315674,10.511232732597085,10.987469673156738,11205,0.0,0.0
2011-09-14 00:00:00+08:00,10.98746967315674,10.98746967315674,10.98746967315674,10.987469673156738,0,0.0,0.0
2011-09-15 00:00:00+08:00,11.021486168658813,11.752850532531738,11.021486168658813,11.752850532531738,12806,0.0,0.0
2011-09-16 00:00:00+08:00,12.552248001098635,12.552248001098635,12.552248001098635,12.552248001098633,1600,0.0,0.0
2011-09-19 00:00:00+08:00,12.552248001098635,12.552248001098635,12.552248001098635,12.552248001098633,0,0.0,0.0
2011-09-20 00:00:00+08:00,13.164552357381718,13.164552357381718,13.096518516540527,13.096518516540527,3201,0.0,0.0
2011-09-21 00:00:00+08:00,13.096518790689535,13.99796772003174,13.096518790689535,13.997967720031738,16008,0.0,0.0
2011-09-22 00:00:00+08:00,13.028486251831053,13.096520100902694,13.028486251831053,13.028486251831055,24012,0.0,0.0
2011-09-23 00:00:00+08:00,12.892418553687774,13.028486251831053,12.892418553687774,13.028486251831055,14407,0.0,0.0
2011-09-26 00:00:00+08:00,13.028486251831053,13.028486251831053,13.028486251831053,13.028486251831055,0,0.0,0.0
2011-09-27 00:00:00+08:00,13.130533218383789,13.130533218383789,13.130533218383789,13.130533218383789,1600,0.0,0.0
2011-09-28 00:00:00+08:00,12.280111312866213,12.280111312866213,12.280111312866213,12.280111312866211,1600,0.0,0.0
2011-09-29 00:00:00+08:00,12.280111840473548,12.280111840473548,11.599773406982424,11.599773406982422,4802,0.0,0.0
2011-09-30 00:00:00+08:00,12.331137233038152,12.382162094116211,12.246095451690431,12.382162094116211,6403,0.0,0.0
2011-10-03 00:00:00+08:00,13.181562423706055,13.181562423706055,13.181562423706055,13.181562423706055,1600,0.0,0.0
2011-10-04 00:00:00+08:00,13.827882766723633,13.827882766723633,13.827882766723633,13.827882766723633,1600,0.0,0.0
2011-10-05 00:00:00+08:00,13.946941220092425,13.946941220092425,12.926433629935278,13.232585906982422,4802,0.0,0.0
2011-10-06 00:00:00+08:00,12.569255674925799,13.317627920858401,12.314129292229758,12.382162094116211,6403,0.0,0.0
2011-10-07 00:00:00+08:00,12.688314918162469,12.688314918162469,11.70182418823242,11.701824188232422,8004,0.0,0.0
2011-10-11 00:00:00+08:00,12.484214133344874,12.518230015614959,11.939942359924316,11.939942359924316,9604,0.0,0.0
2011-10-12 00:00:00+08:00,12.739339470147574,12.75634844853254,11.327636848960546,12.144043922424316,8004,0.0,0.0
2011-10-13 00:00:00+08:00,12.38216205254902,12.96045073384485,12.178060531616211,12.178060531616211,12806,0.0,0.0
2011-10-14 00:00:00+08:00,12.841392647557543,13.028486251831053,12.45019749606911,13.028486251831055,12806,0.0,0.0
2011-10-17 00:00:00+08:00,13.266605023748731,13.368655799665166,12.58626651763916,12.58626651763916,22411,0.0,0.0
2011-10-18 00:00:00+08:00,12.552247000370675,13.453694815495828,12.0419921875,12.0419921875,19209,0.0,0.0
2011-10-19 00:00:00+08:00,12.875407521871464,12.875407521871464,12.314128875732422,12.314128875732422,4802,0.0,0.0
2011-10-20 00:00:00+08:00,12.824383643702289,12.824383643702289,11.70182418823242,11.701824188232422,3201,0.0,0.0
2011-10-21 00:00:00+08:00,11.70182418823242,11.70182418823242,11.70182418823242,11.701824188232422,0,0.0,0.0
2011-10-24 00:00:00+08:00,12.586266078845666,12.586266078845666,12.535240173339844,12.535240173339844,8004,0.0,0.0
2011-10-25 00:00:00+08:00,13.402672724970644,13.402672724970644,12.58626651763916,12.58626651763916,40020,0.0,0.0
2011-10-26 00:00:00+08:00,11.735840797424316,11.735840797424316,11.735840797424316,11.735840797424316,3201,0.0,0.0
2011-10-27 00:00:00+08:00,11.242596023534377,12.552248001098635,11.1745611428951,12.552248001098633,8004,0.0,0.0
2011-10-28 00:00:00+08:00,12.19506951102038,12.19506951102038,12.178060531616211,12.178060531616211,4802,0.0,0.0
2011-10-31 00:00:00+08:00,12.87540824979716,12.87540824979716,12.654298782348633,12.654298782348633,12806,0.0,0.0
2011-11-01 00:00:00+08:00,12.756348609924316,12.756348609924316,12.756348609924316,12.756348609924316,3201,0.0,0.0
2011-11-02 00:00:00+08:00,12.756348609924316,12.756348609924316,12.756348609924316,12.756348609924316,1600,0.0,0.0
2011-11-03 00:00:00+08:00,13.640788078308105,13.640788078308105,13.640788078308105,13.640788078308105,1600,0.0,0.0
2011-11-04 00:00:00+08:00,13.92993450164795,13.92993450164795,13.92993450164795,13.92993450164795,1600,0.0,0.0
2011-11-07 00:00:00+08:00,13.096518516540527,13.096518516540527,13.096518516540527,13.096518516540527,3201,0.0,0.0
2011-11-08 00:00:00+08:00,12.34814453125,12.34814453125,12.34814453125,12.34814453125,1600,0.0,0.0
2011-11-09 00:00:00+08:00,11.939943409448338,11.939943409448338,11.718833923339842,11.718833923339844,3201,0.0,0.0
2011-11-10 00:00:00+08:00,12.399171876163786,12.399171876163786,11.259604454040527,11.259604454040527,3201,0.0,0.0
2011-11-11 00:00:00+08:00,10.749349471313543,11.905925750732424,10.749349471313543,11.905925750732422,3201,0.0,0.0
2011-11-14 00:00:00+08:00,12.722330271527397,12.739338209576601,11.225584983825682,11.225584983825684,11205,0.0,0.0
2011-11-15 00:00:00+08:00,12.0079772141385,12.0079772141385,10.698324203491211,10.698324203491211,12806,0.0,0.0
2011-11-16 00:00:00+08:00,10.698324203491211,10.698324203491211,10.698324203491211,10.698324203491211,0,0.0,0.0
2011-11-17 00:00:00+08:00,12.246096611022951,12.246096611022951,11.514732236660803,12.24609661102295,8004,0.0,0.0
2011-11-18 00:00:00+08:00,12.637290360363584,13.096519334033413,12.076011657714844,12.076011657714844,12806,0.0,0.0
2011-11-21 00:00:00+08:00,12.076011657714844,12.076011657714844,12.076011657714844,12.076011657714844,1600,0.0,0.0
2011-11-22 00:00:00+08:00,12.739340293296067,12.892416954040527,12.739340293296067,12.892416954040527,4802,0.0,0.0
2011-11-23 00:00:00+08:00,12.58626651763916,12.58626651763916,12.58626651763916,12.58626651763916,3201,0.0,0.0
2011-11-24 00:00:00+08:00,12.58626651763916,12.58626651763916,12.58626651763916,12.58626651763916,0,0.0,0.0
2011-11-25 00:00:00+08:00,12.58626651763916,12.58626651763916,12.58626651763916,12.58626651763916,0,0.0,0.0
2011-11-28 00:00:00+08:00,13.453696250915527,13.453696250915527,13.453696250915527,13.453696250915527,1600,0.0,0.0
2011-11-29 00:00:00+08:00,13.453696250915527,13.453696250915527,13.453696250915527,13.453696250915527,0,0.0,0.0
2011-11-30 00:00:00+08:00,13.453696250915527,13.453696250915527,13.453696250915527,13.453696250915527,0,0.0,0.0
2011-12-01 00:00:00+08:00,13.096518516540527,13.096518516540527,13.096518516540527,13.096518516540527,1600,0.0,0.0
2011-12-02 00:00:00+08:00,13.096518516540527,13.096518516540527,13.096518516540527,13.096518516540527,0,0.0,0.0
2011-12-05 00:00:00+08:00,13.096518516540527,13.096518516540527,13.096518516540527,13.096518516540527,0,0.0,0.0
2011-12-06 00:00:00+08:00,12.756348609924316,12.756348609924316,12.756348609924316,12.756348609924316,1600,0.0,0.0
2011-12-07 00:00:00+08:00,12.756348609924316,12.756348609924316,12.756348609924316,12.756348609924316,0,0.0,0.0
2011-12-08 00:00:00+08:00,11.905925750732424,11.905925750732424,11.905925750732424,11.905925750732422,1600,0.0,0.0
2011-12-09 00:00:00+08:00,12.58626651763916,12.58626651763916,12.58626651763916,12.58626651763916,1600,0.0,0.0
2011-12-12 00:00:00+08:00,12.58626651763916,12.58626651763916,12.58626651763916,12.58626651763916,1600,0.0,0.0
2011-12-13 00:00:00+08:00,11.905925750732424,11.905925750732424,11.905925750732424,11.905925750732422,1600,0.0,0.0
2011-12-14 00:00:00+08:00,11.905925750732424,11.905925750732424,11.905925750732424,11.905925750732422,0,0.0,0.0
2011-12-15 00:00:00+08:00,11.905925750732424,11.905925750732424,11.905925750732424,11.905925750732422,0,0.0,0.0
2011-12-16 00:00:00+08:00,12.790365219116211,12.790365219116211,12.790365219116211,12.790365219116211,4802,0.0,0.0
2011-12-19 00:00:00+08:00,13.606771469116211,13.606771469116211,13.606771469116211,13.606771469116211,1600,0.0,0.0
2011-12-20 00:00:00+08:00,12.654298934419062,13.572755813598633,12.654298934419062,13.572755813598633,4802,0.0,0.0
2011-12-21 00:00:00+08:00,13.572755813598633,13.572755813598633,13.572755813598633,13.572755813598633,1600,0.0,0.0
2011-12-22 00:00:00+08:00,12.65429827256004,13.232585906982422,12.65429827256004,13.232585906982422,3201,0.0,0.0
2011-12-23 00:00:00+08:00,12.314128875732422,12.314128875732422,12.314128875732422,12.314128875732422,3201,0.0,0.0
2011-12-26 00:00:00+08:00,11.633789454697203,12.314128875732422,11.633789454697203,12.314128875732422,3201,0.0,0.0
2011-12-27 00:00:00+08:00,12.314128875732422,12.314128875732422,12.314128875732422,12.314128875732422,0,0.0,0.0
2011-12-28 00:00:00+08:00,12.314128875732422,12.314128875732422,12.314128875732422,12.314128875732422,0,0.0,0.0
2011-12-29 00:00:00+08:00,13.096517937296516,13.096517937296516,12.007976531982422,12.007976531982422,3201,0.0,0.0
2011-12-30 00:00:00+08:00,12.569255148904183,12.569255148904183,11.905925750732424,11.905925750732422,3201,0.0,0.0
2012-01-02 00:00:00+08:00,11.905925750732424,11.905925750732424,11.905925750732424,11.905925750732422,0,0.0,0.0
2012-01-03 00:00:00+08:00,12.654298782348633,12.654298782348633,12.654298782348633,12.654298782348633,1600,0.0,0.0
2012-01-04 00:00:00+08:00,12.654298782348633,12.654298782348633,12.654298782348633,12.654298782348633,1600,0.0,0.0
2012-01-05 00:00:00+08:00,12.654298782348633,12.654298782348633,12.654298782348633,12.654298782348633,0,0.0,0.0
2012-01-06 00:00:00+08:00,13.368653297424318,13.368653297424318,13.368653297424318,13.368653297424316,1600,0.0,0.0
2012-01-09 00:00:00+08:00,13.368653297424318,13.368653297424318,13.368653297424318,13.368653297424316,0,0.0,0.0
2012-01-10 00:00:00+08:00,13.368653297424318,13.368653297424318,13.368653297424318,13.368653297424316,0,0.0,0.0
2012-01-11 00:00:00+08:00,11.854898452758789,11.854898452758789,11.854898452758789,11.854898452758789,1600,0.0,0.0
2012-01-12 00:00:00+08:00,12.161051446299751,12.17805938545031,11.038493186821439,11.140543937683105,17609,0.0,0.0
2012-01-13 00:00:00+08:00,10.715333458302373,11.718833168419742,10.715333458302373,11.701824188232422,12806,0.0,0.0
2012-01-16 00:00:00+08:00,12.19507122039795,12.19507122039795,12.19507122039795,12.19507122039795,1600,0.0,0.0
2012-01-17 00:00:00+08:00,11.395671876935086,12.34814568382266,11.395671876935086,11.599773406982422,9604,0.0,0.0
2012-01-18 00:00:00+08:00,12.246096055081095,12.31412989897259,10.953451982489733,12.212078094482422,22411,0.0,0.0
2012-01-30 00:00:00+08:00,12.84139069921729,12.84139069921729,11.5657557033413,12.722332000732422,6403,0.0,0.0
2012-01-31 00:00:00+08:00,11.905926187445722,12.48421382904053,11.837892347258098,12.484213829040527,12806,0.0,0.0
2012-02-01 00:00:00+08:00,11.973958969116211,11.973958969116211,11.973958969116211,11.973958969116211,1600,0.0,0.0
2012-02-02 00:00:00+08:00,11.871908875024937,12.21207809448242,11.871908875024937,12.212078094482422,4802,0.0,0.0
2012-02-03 00:00:00+08:00,12.450197512719877,12.450197512719877,11.565757473605718,12.110028266906738,4802,0.0,0.0
2012-02-06 00:00:00+08:00,13.232585906982422,13.232585906982422,13.232585906982422,13.232585906982422,14407,0.0,0.0
2012-02-07 00:00:00+08:00,12.331137657165527,12.331137657165527,12.331137657165527,12.331137657165527,1600,0.0,0.0
2012-02-08 00:00:00+08:00,13.028484528927844,13.028484528927844,11.735840528854553,11.973958969116211,6403,0.0,0.0
2012-02-09 00:00:00+08:00,12.722333775323868,12.722333775323868,12.535240173339844,12.535240173339844,6403,0.0,0.0
2012-02-10 00:00:00+08:00,11.73584011784929,12.382161575924437,11.73584011784929,11.905925750732422,4802,0.0,0.0
2012-02-13 00:00:00+08:00,11.905925750732424,11.905925750732424,11.905925750732424,11.905925750732422,0,0.0,0.0
2012-02-14 00:00:00+08:00,11.905925750732424,11.905925750732424,11.905925750732424,11.905925750732422,0,0.0,0.0
2012-02-15 00:00:00+08:00,11.905925750732424,11.905925750732424,11.905925750732424,11.905925750732422,0,0.0,0.0
2012-02-16 00:00:00+08:00,12.246096611022951,12.246096611022951,12.229087629951449,12.24609661102295,9604,0.0,0.0
2012-02-17 00:00:00+08:00,12.246096611022951,12.246096611022951,12.246096611022951,12.24609661102295,0,0.0,0.0
2012-02-20 00:00:00+08:00,12.178060531616211,12.178060531616211,12.178060531616211,12.178060531616211,1600,0.0,0.0
2012-02-21 00:00:00+08:00,12.178060531616211,12.178060531616211,12.178060531616211,12.178060531616211,4802,0.0,0.0
2012-02-22 00:00:00+08:00,12.007976531982422,12.007976531982422,12.007976531982422,12.007976531982422,1600,0.0,0.0
2012-02-23 00:00:00+08:00,12.739340782165527,12.739340782165527,12.739340782165527,12.739340782165527,1600,0.0,0.0
2012-02-24 00:00:00+08:00,12.739340782165527,12.739340782165527,12.739340782165527,12.739340782165527,0,0.0,0.0
2012-02-29 00:00:00+08:00,12.739340782165527,12.739340782165527,12.739340782165527,12.739340782165527,0,0.0,0.0
2012-03-01 00:00:00+08:00,12.739340782165527,12.739340782165527,12.739340782165527,12.739340782165527,0,0.0,0.0
2012-03-02 00:00:00+08:00,11.70182418823242,11.718833168419742,11.70182418823242,11.701824188232422,4802,0.0,0.0
2012-03-05 00:00:00+08:00,11.905925750732424,11.905925750732424,11.905925750732424,11.905925750732422,17609,0.0,0.0
2012-03-06 00:00:00+08:00,11.905926706800576,11.990968491418325,11.22558723659401,11.395671844482422,44823,0.0,0.0
2012-03-07 00:00:00+08:00,12.110026111055342,12.110026111055342,11.055501636763198,11.922933578491211,6403,0.0,0.0
2012-03-08 00:00:00+08:00,12.756350112232356,12.756350112232356,11.463706016540526,11.463706016540527,6403,0.0,0.0
2012-03-09 00:00:00+08:00,12.144045175289774,12.178061058263408,11.497722625732422,11.497722625732422,9604,0.0,0.0
2012-03-12 00:00:00+08:00,11.73584021850655,12.041992490746933,11.480713844299316,11.480713844299316,14407,0.0,0.0
2012-03-13 00:00:00+08:00,12.195071499625561,12.212079443150282,11.242597579956055,11.242597579956055,6403,0.0,0.0
2012-03-14 00:00:00+08:00,11.565758191101109,12.02498722076416,11.259605850876763,12.02498722076416,4802,0.0,0.0
2012-03-15 00:00:00+08:00,12.02498722076416,12.02498722076416,12.02498722076416,12.02498722076416,4802,0.0,0.0
2012-03-16 00:00:00+08:00,12.02498722076416,12.02498722076416,12.02498722076416,12.02498722076416,0,0.0,0.0
2012-03-19 00:00:00+08:00,11.565754890441895,12.076009683851296,11.565754890441895,11.565754890441895,8004,0.0,0.0
2012-03-20 00:00:00+08:00,11.429689418044298,11.939943270815967,11.429689418044298,11.531740188598633,9604,0.0,0.0
2012-03-21 00:00:00+08:00,12.076011657714844,12.076011657714844,12.076011657714844,12.076011657714844,3201,0.0,0.0
2012-03-22 00:00:00+08:00,11.429689407348633,11.429689407348633,11.429689407348633,11.429689407348633,1600,0.0,0.0
2012-03-23 00:00:00+08:00,10.664309434825007,11.599774336510745,10.664309434825007,11.293622016906738,4802,0.0,0.0
2012-03-26 00:00:00+08:00,11.429689407348633,11.429689407348633,11.429689407348633,11.429689407348633,1600,0.0,0.0
2012-03-27 00:00:00+08:00,12.19507090554449,12.229087829589844,12.19507090554449,12.229087829589844,12806,0.0,0.0
2012-03-28 00:00:00+08:00,12.280113151236826,12.58626651763916,12.076012638056984,12.58626651763916,4802,0.0,0.0
2012-03-29 00:00:00+08:00,12.58626651763916,12.58626651763916,12.58626651763916,12.58626651763916,0,0.0,0.0
2012-03-30 00:00:00+08:00,12.076011657714844,12.093019599660348,12.076011657714844,12.076011657714844,8004,0.0,0.0
2012-04-02 00:00:00+08:00,12.246096611022951,12.246096611022951,12.246096611022951,12.24609661102295,8004,0.0,0.0
2012-04-03 00:00:00+08:00,12.178060963914232,12.858399391174316,12.178060963914232,12.858399391174316,4802,0.0,0.0
2012-04-05 00:00:00+08:00,13.334638595581056,13.334638595581056,13.334638595581056,13.334638595581055,1600,0.0,0.0
2012-04-06 00:00:00+08:00,13.096518516540527,13.096518516540527,13.096518516540527,13.096518516540527,3201,0.0,0.0
2012-04-09 00:00:00+08:00,13.096518516540527,13.096518516540527,13.096518516540527,13.096518516540527,0,0.0,0.0
2012-04-10 00:00:00+08:00,13.096518516540527,13.096518516540527,13.096518516540527,13.096518516540527,1600,0.0,0.0
2012-04-11 00:00:00+08:00,13.096519698273719,13.572756627134149,12.246096611022951,12.24609661102295,8004,0.0,0.0
2012-04-12 00:00:00+08:00,12.246096611022951,12.246096611022951,12.246096611022951,12.24609661102295,0,0.0,0.0
2012-04-13 00:00:00+08:00,13.011475120679936,13.011475120679936,12.007976531982422,12.007976531982422,3201,0.0,0.0
2012-04-16 00:00:00+08:00,12.807373355931835,12.807373355931835,12.093018072708498,12.773356437683105,9604,0.0,0.0
2012-04-17 00:00:00+08:00,12.739339217813363,13.538737297058107,12.739339217813363,13.538737297058105,12806,0.0,0.0
2012-04-18 00:00:00+08:00,12.620283126831055,12.620283126831055,12.603275182531085,12.620283126831055,8004,0.0,0.0
2012-04-19 00:00:00+08:00,12.620283126831055,12.620283126831055,12.620283126831055,12.620283126831055,0,0.0,0.0
2012-04-20 00:00:00+08:00,12.620282404291611,12.722334218861075,12.58626651763916,12.58626651763916,16008,0.0,0.0
2012-04-23 00:00:00+08:00,12.58626651763916,12.58626651763916,12.58626651763916,12.58626651763916,0,0.0,0.0
2012-04-24 00:00:00+08:00,12.246095075533624,13.351645469665527,12.246095075533624,13.351645469665527,3201,0.0,0.0
2012-04-25 00:00:00+08:00,13.266602974702131,13.946941375732422,12.926433774186986,13.946941375732422,17609,0.0,0.0
2012-04-26 00:00:00+08:00,13.980960170642458,14.11702786909531,13.436689376831055,13.436689376831055,28814,0.0,0.0
2012-04-27 00:00:00+08:00,14.083008766174315,14.083008766174315,14.083008766174315,14.083008766174316,3201,0.0,0.0
2012-04-30 00:00:00+08:00,15.052492141723631,15.052492141723631,15.052492141723631,15.052492141723633,24012,0.0,0.0
2012-05-02 00:00:00+08:00,16.090007781982422,16.090007781982422,16.090007781982422,16.090007781982422,28814,0.0,0.0
2012-05-03 00:00:00+08:00,17.212566375732422,17.212566375732422,15.32462683342777,17.212566375732422,73638,0.0,0.0
2012-05-04 00:00:00+08:00,17.518720090118574,18.369144182016843,17.17855086882044,18.199058532714844,54428,0.0,0.0
2012-05-07 00:00:00+08:00,18.165041228034582,18.165041228034582,17.00846492745665,17.518718719482422,17609,0.0,0.0
2012-05-08 00:00:00+08:00,16.532228054899264,17.518718719482422,16.328126538088952,17.518718719482422,19209,0.0,0.0
2012-05-09 00:00:00+08:00,17.450687322821942,17.450687322821942,16.430179595947266,16.430179595947266,4802,0.0,0.0
2012-05-10 00:00:00+08:00,16.430176615576613,17.280599567042067,16.430176615576613,17.17854881286621,6403,0.0,0.0
2012-05-11 00:00:00+08:00,17.008464813232422,17.008464813232422,17.008464813232422,17.008464813232422,6403,0.0,0.0
2012-05-14 00:00:00+08:00,15.834881782531738,15.834881782531738,15.834881782531738,15.834881782531738,1600,0.0,0.0
2012-05-15 00:00:00+08:00,15.307621743292572,15.732833862304686,14.729333967720212,15.732833862304688,16008,0.0,0.0
2012-05-16 00:00:00+08:00,14.712320217568054,14.729328155517578,14.712320217568054,14.729328155517578,4802,0.0,0.0
2012-05-17 00:00:00+08:00,14.729331677298395,15.579755783081055,14.729331677298395,15.579755783081055,3201,0.0,0.0
2012-05-18 00:00:00+08:00,14.967447980445716,15.511719703674315,14.525228049227877,15.511719703674316,9604,0.0,0.0
2012-05-21 00:00:00+08:00,14.62727903197995,15.341635355341468,14.440186500549316,14.440186500549316,11205,0.0,0.0
2012-05-22 00:00:00+08:00,15.137533611781802,15.273602330948561,13.70882296638595,15.086508750915527,12806,0.0,0.0
2012-05-23 00:00:00+08:00,15.086509462393707,15.086509462393707,14.287111282348631,14.287111282348633,12806,0.0,0.0
2012-05-24 00:00:00+08:00,14.627281188964842,14.627281188964842,14.627281188964842,14.627281188964844,1600,0.0,0.0
2012-05-25 00:00:00+08:00,14.627281188964842,14.627281188964842,14.627281188964842,14.627281188964844,1600,0.0,0.0
2012-05-28 00:00:00+08:00,13.742840946176216,14.236086845397947,13.606773255170628,14.23608684539795,8004,0.0,0.0
2012-05-29 00:00:00+08:00,14.899416319723716,14.899416319723716,14.236086845397947,14.23608684539795,6403,0.0,0.0
2012-05-30 00:00:00+08:00,14.4571940491543,14.627278636148926,14.23608460538768,14.59326171875,8004,0.0,0.0
2012-05-31 00:00:00+08:00,14.28711350844546,14.865401268005371,14.28711350844546,14.865401268005371,6403,0.0,0.0
2012-06-01 00:00:00+08:00,14.79736328125,14.79736328125,14.79736328125,14.79736328125,1600,0.0,0.0
2012-06-04 00:00:00+08:00,13.810875290979734,14.18506145477295,13.776858366998532,14.18506145477295,12806,0.0,0.0
2012-06-05 00:00:00+08:00,14.44018613281426,14.491210989667643,13.963948249816893,13.963948249816895,8004,0.0,0.0
2012-06-06 00:00:00+08:00,14.593264542547367,14.593264542547367,13.844892214960934,14.18506145477295,11205,0.0,0.0
2012-06-07 00:00:00+08:00,14.848391991732871,14.848391991732871,14.18506145477295,14.18506145477295,9604,0.0,0.0
2012-06-08 00:00:00+08:00,14.287111282348631,14.287111282348631,14.287111282348631,14.287111282348633,1600,0.0,0.0
2012-06-11 00:00:00+08:00,14.117027913772793,14.287112537377139,14.048994064331055,14.048994064331055,14407,0.0,0.0
2012-06-12 00:00:00+08:00,14.048994064331055,14.048994064331055,14.048994064331055,14.048994064331055,0,0.0,0.0
2012-06-13 00:00:00+08:00,14.508220672607424,14.508220672607424,14.508220672607424,14.508220672607422,1600,0.0,0.0
2012-06-14 00:00:00+08:00,14.508220672607424,14.508220672607424,14.508220672607424,14.508220672607422,0,0.0,0.0
2012-06-15 00:00:00+08:00,13.708822996241528,14.253093719482422,13.708822996241528,14.253093719482422,3201,0.0,0.0
2012-06-18 00:00:00+08:00,13.844891073137248,14.100018501281738,13.77685723078577,14.100018501281738,8004,0.0,0.0
2012-06-19 00:00:00+08:00,13.606771895251898,14.083008766174315,13.266602701735884,14.083008766174316,4802,0.0,0.0
2012-06-20 00:00:00+08:00,13.606769681169995,13.91292190551758,13.606769681169995,13.912921905517578,3201,0.0,0.0
2012-06-21 00:00:00+08:00,13.67480662789662,14.202068392987867,13.67480662789662,13.878908157348633,6403,0.0,0.0
2012-06-22 00:00:00+08:00,14.014974482066144,14.031982421875,14.014974482066144,14.031982421875,3201,0.0,0.0
2012-06-25 00:00:00+08:00,13.300618903153568,13.640788078308105,13.300618903153568,13.640788078308105,4802,0.0,0.0
2012-06-26 00:00:00+08:00,13.895915484056824,13.895915484056824,13.062501461657654,13.419679641723633,11205,0.0,0.0
2012-06-27 00:00:00+08:00,13.266603197186617,13.50472164154053,12.926433990966743,13.504721641540527,9604,0.0,0.0
2012-06-28 00:00:00+08:00,13.096520151884492,13.742841720581055,13.096520151884492,13.742841720581055,3201,0.0,0.0
2012-06-29 00:00:00+08:00,13.742841720581055,13.742841720581055,13.742841720581055,13.742841720581055,0,0.0,0.0
2012-07-02 00:00:00+08:00,13.997964709384913,13.997964709384913,13.606769681169995,13.912921905517578,8004,0.0,0.0
2012-07-03 00:00:00+08:00,13.77685832977295,13.77685832977295,13.77685832977295,13.77685832977295,3201,0.0,0.0
2012-07-04 00:00:00+08:00,14.048991406837622,14.048991406837622,13.606771469116211,13.606771469116211,3201,0.0,0.0
2012-07-05 00:00:00+08:00,14.048991406837622,14.048991406837622,13.436686877684899,13.606771469116211,4802,0.0,0.0
2012-07-06 00:00:00+08:00,13.946941375732422,13.946941375732422,13.946941375732422,13.946941375732422,1600,0.0,0.0
2012-07-09 00:00:00+08:00,13.946941375732422,13.946941375732422,13.946941375732422,13.946941375732422,0,0.0,0.0
2012-07-10 00:00:00+08:00,13.946941375732422,13.946941375732422,13.946941375732422,13.946941375732422,0,0.0,0.0
2012-07-11 00:00:00+08:00,13.946941375732422,13.946941375732422,13.946941375732422,13.946941375732422,0,0.0,0.0
2012-07-12 00:00:00+08:00,13.77685537432702,13.77685537432702,13.470703125,13.470703125,4802,0.0,0.0
2012-07-13 00:00:00+08:00,13.487714273301112,13.844892501831056,13.487714273301112,13.844892501831055,4802,0.0,0.0
2012-07-16 00:00:00+08:00,14.321127496299082,14.321127496299082,13.946941375732422,13.946941375732422,9604,0.0,0.0
2012-07-17 00:00:00+08:00,14.338136539315249,14.338136539315249,13.946941437659419,14.253093719482422,6403,0.0,0.0
2012-07-18 00:00:00+08:00,14.57625675201416,14.57625675201416,14.57625675201416,14.57625675201416,1600,0.0,0.0
2012-07-19 00:00:00+08:00,13.98095692822751,14.304118156433104,13.572753927537978,14.304118156433105,24012,0.0,0.0
2012-07-20 00:00:00+08:00,13.606773710326516,13.861900120169674,13.606773710326516,13.77685832977295,4802,0.0,0.0
2012-07-23 00:00:00+08:00,14.01497379047026,14.01497379047026,13.470703125,13.470703125,4802,0.0,0.0
2012-07-24 00:00:00+08:00,13.912923733692573,14.15104216169641,13.606771469116211,13.606771469116211,9604,0.0,0.0
2012-07-25 00:00:00+08:00,14.066001892089842,14.066001892089842,14.066001892089842,14.066001892089844,1600,0.0,0.0
2012-07-26 00:00:00+08:00,14.066001892089842,14.066001892089842,14.066001892089842,14.066001892089844,0,0.0,0.0
2012-07-27 00:00:00+08:00,13.606771462819886,14.031982421875,13.436686871467279,14.031982421875,4802,0.0,0.0
2012-07-30 00:00:00+08:00,14.031982421875,14.031982421875,14.031982421875,14.031982421875,0,0.0,0.0
2012-07-31 00:00:00+08:00,14.031982421875,14.031982421875,14.031982421875,14.031982421875,0,0.0,0.0
2012-08-01 00:00:00+08:00,13.606771469116211,13.606771469116211,13.606771469116211,13.606771469116211,1600,0.0,0.0
2012-08-02 00:00:00+08:00,13.606771469116211,13.606771469116211,13.606771469116211,13.606771469116211,0,0.0,0.0
2012-08-03 00:00:00+08:00,13.572755752112425,13.980958807676359,13.572755752112425,13.895915985107422,8004,0.0,0.0
2012-08-06 00:00:00+08:00,14.117027282714844,14.117027282714844,14.117027282714844,14.117027282714844,1600,0.0,0.0
2012-08-07 00:00:00+08:00,13.606771469116211,13.606771469116211,13.606771469116211,13.606771469116211,4802,0.0,0.0
2012-08-08 00:00:00+08:00,13.606771469116211,13.606771469116211,13.606771469116211,13.606771469116211,1600,0.0,0.0
2012-08-09 00:00:00+08:00,13.266602286253587,13.606771469116211,13.198568449681062,13.606771469116211,12806,0.0,0.0
2012-08-10 00:00:00+08:00,13.895917362261631,13.895917362261631,13.266604775225693,13.742841720581055,4802,0.0,0.0
2012-08-13 00:00:00+08:00,13.674806577951918,13.674806577951918,13.266603520538775,13.572755813598633,8004,0.0,0.0
2012-08-14 00:00:00+08:00,13.606774021908095,13.742841720581055,13.606774021908095,13.742841720581055,9604,0.0,0.0
2012-08-15 00:00:00+08:00,13.912925909479341,13.912925909479341,13.606773597025045,13.793866157531738,14407,0.0,0.0
2012-08-16 00:00:00+08:00,13.793864000364247,13.793864000364247,13.606771469116211,13.606771469116211,20810,0.0,0.0
2012-08-17 00:00:00+08:00,13.878907535629393,14.117025975989995,13.606772175217277,13.946941375732422,40020,0.0,0.0
2012-08-20 00:00:00+08:00,14.236086419076031,14.559246656210288,14.236086419076031,14.287111282348633,11205,0.0,0.0
2012-08-21 00:00:00+08:00,14.627279958016208,15.273602485656738,14.627279958016208,15.273602485656738,14407,0.0,0.0
2012-08-22 00:00:00+08:00,16.328126907348633,16.328126907348633,16.328126907348633,16.328126907348633,32016,0.0,0.0
2012-08-23 00:00:00+08:00,17.008467307842917,17.008467307842917,16.29411086037765,16.430179595947266,48024,0.0,0.0
2012-08-24 00:00:00+08:00,15.936934584388599,16.328129754665337,15.341638895747415,15.817875862121582,14407,0.0,0.0
2012-08-27 00:00:00+08:00,15.919925171451938,16.906415939331055,15.817874402360994,16.906415939331055,24012,0.0,0.0
2012-08-28 00:00:00+08:00,17.00846422257312,17.17854881286621,16.974447304514502,17.17854881286621,16008,0.0,0.0
2012-08-29 00:00:00+08:00,16.838380330114724,17.620770516540425,16.702312652241186,17.518718719482422,25613,0.0,0.0
2012-08-30 00:00:00+08:00,17.416667961077266,18.028973550161044,16.328126538088952,17.518718719482422,84843,0.0,0.0
2012-08-31 00:00:00+08:00,17.17855260482516,17.31462030709494,16.668298721313477,16.668298721313477,20810,0.0,0.0
2012-09-03 00:00:00+08:00,16.055990506794355,16.328126907348633,16.055990506794355,16.328126907348633,9604,0.0,0.0
2012-09-04 00:00:00+08:00,16.430178313362244,16.87239829382036,16.32812754864114,16.362144470214844,8004,0.0,0.0
2012-09-05 00:00:00+08:00,15.98795789646266,15.98795789646266,15.664796631007743,15.681805610656738,9604,0.0,0.0
2012-09-06 00:00:00+08:00,16.29410955642183,16.29410955642183,15.647788047790527,15.647788047790527,4802,0.0,0.0
2012-09-07 00:00:00+08:00,15.647788047790527,15.647788047790527,15.647788047790527,15.647788047790527,3201,0.0,0.0
2012-09-10 00:00:00+08:00,15.647788047790527,15.647788047790527,15.647788047790527,15.647788047790527,4802,0.0,0.0
2012-09-11 00:00:00+08:00,15.647788047790527,15.647788047790527,15.647788047790527,15.647788047790527,1600,0.0,0.0
2012-09-12 00:00:00+08:00,15.647788047790527,15.647788047790527,15.647788047790527,15.647788047790527,1600,0.0,0.0
2012-09-13 00:00:00+08:00,15.647788047790527,15.647788047790527,15.647788047790527,15.647788047790527,0,0.0,0.0
2012-09-14 00:00:00+08:00,15.647789299367046,15.647789299367046,15.409670829772947,15.40967082977295,3201,0.0,0.0
2012-09-17 00:00:00+08:00,15.392663208810205,15.477705001831053,15.392663208810205,15.477705001831055,6403,0.0,0.0
2012-09-18 00:00:00+08:00,15.647788047790527,15.647788047790527,15.647788047790527,15.647788047790527,8004,0.0,0.0
2012-09-19 00:00:00+08:00,15.647788047790527,15.647788047790527,15.647788047790527,15.647788047790527,1600,0.0,0.0
2012-09-20 00:00:00+08:00,15.71582189080435,15.987958301512545,15.647788047790527,15.647788047790527,72037,0.0,0.0
2012-09-21 00:00:00+08:00,16.583255883516014,16.583255883516014,16.566247940063477,16.566247940063477,4802,0.0,0.0
2012-09-24 00:00:00+08:00,16.82137107849121,16.82137107849121,16.82137107849121,16.82137107849121,1600,0.0,0.0
2012-09-25 00:00:00+08:00,15.987958908081056,15.987958908081056,15.987958908081056,15.987958908081055,1600,0.0,0.0
2012-09-26 00:00:00+08:00,16.02197472291576,16.838380813598633,16.02197472291576,16.838380813598633,14407,0.0,0.0
2012-09-27 00:00:00+08:00,16.838380813598633,16.97444849537911,16.15804240469624,16.838380813598633,14407,0.0,0.0
2012-09-28 00:00:00+08:00,16.328126907348633,16.396160747823984,16.328126907348633,16.328126907348633,16008,0.0,0.0
2012-10-01 00:00:00+08:00,16.668298721313477,16.668298721313477,16.668298721313477,16.668298721313477,9604,0.0,0.0
2012-10-02 00:00:00+08:00,16.974448900503358,17.824872970581055,16.974448900503358,17.824872970581055,38419,0.0,0.0
2012-10-03 00:00:00+08:00,18.028972118642745,18.028972118642745,17.892902374267578,17.892902374267578,3201,0.0,0.0
2012-10-04 00:00:00+08:00,17.348636627197266,17.892906378628417,17.348636627197266,17.348636627197266,16008,0.0,0.0
2012-10-05 00:00:00+08:00,17.348637361108008,17.38265428692731,16.855392456054688,16.855392456054688,4802,0.0,0.0
2012-10-08 00:00:00+08:00,17.9949565731052,18.028974533081055,17.9269227304593,18.028974533081055,8004,0.0,0.0
2012-10-09 00:00:00+08:00,17.892902374267578,17.892902374267578,17.892902374267578,17.892902374267578,4802,0.0,0.0
2012-10-11 00:00:00+08:00,17.348633430340037,17.348633430340037,17.28059959411621,17.28059959411621,4802,0.0,0.0
2012-10-12 00:00:00+08:00,18.30111181286257,18.30111181286257,17.620773315429688,17.620773315429688,4802,0.0,0.0
2012-10-15 00:00:00+08:00,17.620773315429688,17.620773315429688,17.620773315429688,17.620773315429688,0,0.0,0.0
2012-10-16 00:00:00+08:00,17.17854881286621,17.17854881286621,17.17854881286621,17.17854881286621,1600,0.0,0.0
2012-10-17 00:00:00+08:00,17.892903674817926,17.892903674817926,17.008464813232422,17.008464813232422,9604,0.0,0.0
2012-10-18 00:00:00+08:00,17.008464813232422,17.008464813232422,17.008464813232422,17.008464813232422,4802,0.0,0.0
2012-10-19 00:00:00+08:00,17.008464813232422,17.008464813232422,17.008464813232422,17.008464813232422,1600,0.0,0.0
2012-10-22 00:00:00+08:00,17.314617086391852,17.314617086391852,17.008464813232422,17.008464813232422,9604,0.0,0.0
2012-10-23 00:00:00+08:00,17.008464813232422,17.008464813232422,17.008464813232422,17.008464813232422,11205,0.0,0.0
2012-10-24 00:00:00+08:00,16.838380813598633,16.838380813598633,16.838380813598633,16.838380813598633,3201,0.0,0.0
2012-10-25 00:00:00+08:00,16.838380813598633,16.838380813598633,16.838380813598633,16.838380813598633,0,0.0,0.0
2012-10-26 00:00:00+08:00,17.008464813232422,17.008464813232422,17.008464813232422,17.008464813232422,3201,0.0,0.0
2012-10-29 00:00:00+08:00,16.838380813598633,16.838380813598633,16.838380813598633,16.838380813598633,3201,0.0,0.0
2012-10-30 00:00:00+08:00,16.838378641625095,16.838378641625095,16.02197265625,16.02197265625,3201,0.0,0.0
2012-10-31 00:00:00+08:00,16.906415939331055,16.906415939331055,16.906415939331055,16.906415939331055,1600,0.0,0.0
2012-11-01 00:00:00+08:00,16.328126907348633,16.328126907348633,16.328126907348633,16.328126907348633,1600,0.0,0.0
2012-11-02 00:00:00+08:00,16.158042907714844,16.158042907714844,16.158042907714844,16.158042907714844,1600,0.0,0.0
2012-11-05 00:00:00+08:00,16.158042907714844,16.158042907714844,16.158042907714844,16.158042907714844,0,0.0,0.0
2012-11-06 00:00:00+08:00,16.158042907714844,16.158042907714844,16.158042907714844,16.158042907714844,0,0.0,0.0
2012-11-07 00:00:00+08:00,16.328127515235373,16.328127515235373,16.158042907714844,16.158042907714844,3201,0.0,0.0
2012-11-08 00:00:00+08:00,16.158042907714844,16.158042907714844,16.158042907714844,16.158042907714844,0,0.0,0.0
2012-11-09 00:00:00+08:00,16.158042907714844,16.158042907714844,16.158042907714844,16.158042907714844,1600,0.0,0.0
2012-11-12 00:00:00+08:00,16.158042306160254,16.328126907348633,16.158042306160254,16.328126907348633,3201,0.0,0.0
2012-11-13 00:00:00+08:00,16.328126907348633,16.328126907348633,16.328126907348633,16.328126907348633,0,0.0,0.0
2012-11-14 00:00:00+08:00,16.498211024633378,17.04248173247236,16.498211024633378,17.008464813232422,8004,0.0,0.0
2012-11-15 00:00:00+08:00,17.008464813232422,17.008464813232422,17.008464813232422,17.008464813232422,0,0.0,0.0
2012-11-16 00:00:00+08:00,17.008464813232422,17.008464813232422,17.008464813232422,17.008464813232422,0,0.0,0.0
2012-11-19 00:00:00+08:00,17.008464813232422,17.008464813232422,17.008464813232422,17.008464813232422,0,0.0,0.0
2012-11-20 00:00:00+08:00,16.668298721313477,16.668298721313477,16.668298721313477,16.668298721313477,8004,0.0,0.0
2012-11-21 00:00:00+08:00,16.668298721313477,16.668298721313477,16.668298721313477,16.668298721313477,0,0.0,0.0
2012-11-22 00:00:00+08:00,16.668298721313477,16.668298721313477,16.668298721313477,16.668298721313477,0,0.0,0.0
2012-11-23 00:00:00+08:00,16.668298721313477,16.668298721313477,16.668298721313477,16.668298721313477,0,0.0,0.0
2012-11-26 00:00:00+08:00,16.668298721313477,16.668298721313477,16.668298721313477,16.668298721313477,1600,0.0,0.0
2012-11-27 00:00:00+08:00,16.668298721313477,16.668298721313477,16.668298721313477,16.668298721313477,0,0.0,0.0
2012-11-28 00:00:00+08:00,16.668298721313477,16.668298721313477,16.668298721313477,16.668298721313477,0,0.0,0.0
2012-11-29 00:00:00+08:00,16.668298721313477,16.668298721313477,16.668298721313477,16.668298721313477,0,0.0,0.0
2012-11-30 00:00:00+08:00,17.314619064331055,17.314619064331055,17.314619064331055,17.314619064331055,3201,0.0,0.0
2012-12-03 00:00:00+08:00,17.314619064331055,17.314619064331055,17.314619064331055,17.314619064331055,0,0.0,0.0
2012-12-04 00:00:00+08:00,17.314619064331055,17.314619064331055,17.314619064331055,17.314619064331055,0,0.0,0.0
2012-12-05 00:00:00+08:00,17.314619064331055,17.314619064331055,17.314619064331055,17.314619064331055,0,0.0,0.0
2012-12-06 00:00:00+08:00,16.668297524939582,17.314619064331055,16.668297524939582,17.314619064331055,6403,0.0,0.0
2012-12-07 00:00:00+08:00,17.314619064331055,17.314619064331055,17.314619064331055,17.314619064331055,0,0.0,0.0
2012-12-10 00:00:00+08:00,17.314619064331055,17.314619064331055,17.314619064331055,17.314619064331055,0,0.0,0.0
2012-12-11 00:00:00+08:00,17.314619064331055,17.314619064331055,17.314619064331055,17.314619064331055,0,0.0,0.0
2012-12-12 00:00:00+08:00,17.348636627197266,17.348636627197266,17.348636627197266,17.348636627197266,3201,0.0,0.0
2012-12-13 00:00:00+08:00,17.348636627197266,17.348636627197266,17.348636627197266,17.348636627197266,0,0.0,0.0
2012-12-14 00:00:00+08:00,17.348636627197266,17.348636627197266,17.348636627197266,17.348636627197266,0,0.0,0.0
2012-12-17 00:00:00+08:00,17.348636627197266,17.348636627197266,17.348636627197266,17.348636627197266,0,0.0,0.0
2012-12-18 00:00:00+08:00,17.348636627197266,17.348636627197266,17.348636627197266,17.348636627197266,0,0.0,0.0
2012-12-19 00:00:00+08:00,16.175052450405296,17.620773315429688,16.175052450405296,17.620773315429688,3201,0.0,0.0
2012-12-20 00:00:00+08:00,16.464195449084713,17.790855407714844,16.44718646875017,17.790855407714844,9604,0.0,0.0
2012-12-21 00:00:00+08:00,17.790855407714844,17.790855407714844,17.790855407714844,17.790855407714844,0,0.0,0.0
2012-12-24 00:00:00+08:00,17.790855407714844,17.790855407714844,17.790855407714844,17.790855407714844,0,0.0,0.0
2012-12-25 00:00:00+08:00,17.28059959411621,17.28059959411621,17.28059959411621,17.28059959411621,1600,0.0,0.0
2012-12-26 00:00:00+08:00,17.28059959411621,17.28059959411621,17.28059959411621,17.28059959411621,0,0.0,0.0
2012-12-27 00:00:00+08:00,17.28059959411621,17.28059959411621,17.28059959411621,17.28059959411621,0,0.0,0.0
2012-12-28 00:00:00+08:00,17.008464813232422,17.008464813232422,17.008464813232422,17.008464813232422,3201,0.0,0.0
2013-01-02 00:00:00+08:00,16.19205821453497,17.28059959411621,16.19205821453497,17.28059959411621,17609,0.0,0.0
2013-01-03 00:00:00+08:00,16.83838058807411,17.99495586771761,16.83838058807411,17.688804626464844,11205,0.0,0.0
2013-01-04 00:00:00+08:00,17.688804626464844,17.688804626464844,17.688804626464844,17.688804626464844,0,0.0,0.0
2013-01-07 00:00:00+08:00,17.688804626464844,17.688804626464844,17.688804626464844,17.688804626464844,1600,0.0,0.0
2013-01-08 00:00:00+08:00,17.688804626464844,17.688804626464844,17.688804626464844,17.688804626464844,0,0.0,0.0
2013-01-09 00:00:00+08:00,17.688804150851166,18.369142532348633,17.688804150851166,18.369142532348633,8004,0.0,0.0
2013-01-10 00:00:00+08:00,18.369142532348633,18.369142532348633,18.369142532348633,18.369142532348633,0,0.0,0.0
2013-01-11 00:00:00+08:00,17.858889049824167,19.049482345581055,17.858889049824167,19.049482345581055,4802,0.0,0.0
2013-01-14 00:00:00+08:00,19.66178763493803,19.66178763493803,19.389652252197266,19.389652252197266,6403,0.0,0.0
2013-01-15 00:00:00+08:00,19.3896527134046,19.967939376831055,19.3896527134046,19.967939376831055,4802,0.0,0.0
2013-01-16 00:00:00+08:00,19.797854342852467,21.158531188964844,19.797854342852467,21.158531188964844,14407,0.0,0.0
2013-01-17 00:00:00+08:00,21.158528577235124,22.621257044905093,21.158528577235124,22.28108787536621,20810,0.0,0.0
2013-01-18 00:00:00+08:00,22.315104994932533,23.811851501464847,22.315104994932533,23.811851501464844,20810,0.0,0.0
2013-01-21 00:00:00+08:00,23.811853443579068,25.478681564331055,23.811853443579068,25.478681564331055,32016,0.0,0.0
2013-01-22 00:00:00+08:00,27.247560501098633,27.247560501098633,27.247560501098633,27.247560501098633,41621,0.0,0.0
2013-01-23 00:00:00+08:00,29.084474450539794,29.152508287037257,25.34261136587383,25.54671287536621,124864,0.0,0.0
2013-01-24 00:00:00+08:00,24.832360002038573,26.907391091141527,24.832360002038573,26.227052688598633,64033,0.0,0.0
2013-01-25 00:00:00+08:00,26.227049947406133,26.397135568917758,24.83235740661621,24.83235740661621,32016,0.0,0.0
2013-01-28 00:00:00+08:00,23.50570101522388,23.81185436024714,23.097497940063477,23.097497940063477,76839,0.0,0.0
2013-01-29 00:00:00+08:00,23.09749862613258,24.118006344345908,22.485193995204583,23.641769409179688,28814,0.0,0.0
2013-01-30 00:00:00+08:00,22.893395624992255,23.573734060487705,22.111005385519572,22.145023345947266,25613,0.0,0.0
2013-01-31 00:00:00+08:00,22.14502409802254,23.097497940063477,22.14502409802254,23.097497940063477,16008,0.0,0.0
2013-02-01 00:00:00+08:00,23.097495412682985,23.165529251098633,22.553224705357785,23.165529251098633,17609,0.0,0.0
2013-02-04 00:00:00+08:00,23.43766755261698,23.43766755261698,22.82536292986396,22.859378814697266,20810,0.0,0.0
2013-02-05 00:00:00+08:00,22.553224705357785,23.165529251098633,22.553224705357785,23.165529251098633,16008,0.0,0.0
2013-02-06 00:00:00+08:00,23.165531415712557,23.165531415712557,22.111005783081055,22.111005783081055,33617,0.0,0.0
2013-02-18 00:00:00+08:00,22.89339442768916,22.89339442768916,22.689292907714844,22.689292907714844,4802,0.0,0.0
2013-02-19 00:00:00+08:00,21.838871211031062,21.940923020614473,21.600753784179688,21.600753784179688,24012,0.0,0.0
2013-02-20 00:00:00+08:00,21.260580848850758,21.260580848850758,20.172037404337168,20.34212303161621,70436,0.0,0.0
2013-02-21 00:00:00+08:00,20.06999094733825,21.430667877197266,20.06999094733825,21.430667877197266,28814,0.0,0.0
2013-02-22 00:00:00+08:00,22.85937595761947,22.85937595761947,21.498699188232422,21.498699188232422,19209,0.0,0.0
2013-02-25 00:00:00+08:00,21.09049986673436,21.09049986673436,19.72982285803654,20.886398315429688,84843,0.0,0.0
2013-02-26 00:00:00+08:00,20.0699875265584,20.852377666527726,20.0699875265584,20.58024024963379,32016,0.0,0.0
2013-02-27 00:00:00+08:00,20.614264565460758,20.9204158782959,20.240077319433123,20.9204158782959,9604,0.0,0.0
2013-03-01 00:00:00+08:00,20.88639998900587,20.9204158782959,20.376147108511894,20.9204158782959,8004,0.0,0.0
2013-03-04 00:00:00+08:00,20.27408981323242,20.886394350923155,20.27408981323242,20.274089813232422,8004,0.0,0.0
2013-03-05 00:00:00+08:00,20.852380752563477,20.852380752563477,20.852380752563477,20.852380752563477,1600,0.0,0.0
2013-03-06 00:00:00+08:00,20.44417785446758,20.78434919402331,20.2060604095459,20.2060604095459,19209,0.0,0.0
2013-03-07 00:00:00+08:00,20.750328027321274,20.750328027321274,20.546226501464844,20.546226501464844,4802,0.0,0.0
2013-03-08 00:00:00+08:00,20.308108166519308,20.308108166519308,20.24007225036621,20.24007225036621,6403,0.0,0.0
2013-03-11 00:00:00+08:00,20.750325875529303,20.750325875529303,20.58024024963379,20.58024024963379,6403,0.0,0.0
2013-03-12 00:00:00+08:00,20.10400418077661,20.27408981323242,20.10400418077661,20.274089813232422,3217,0.0,0.0
2013-03-13 00:00:00+08:00,21.362632945422593,21.362632945422593,21.124515533447266,21.124515533447266,4802,0.0,0.0
2013-03-14 00:00:00+08:00,20.410158157348633,20.410158157348633,20.410158157348633,20.410158157348633,9627,0.0,0.0
2013-03-15 00:00:00+08:00,21.19254811917564,21.19254811917564,20.44417381286621,20.44417381286621,4818,0.0,0.0
2013-03-18 00:00:00+08:00,20.44417403857149,20.44417403857149,19.729819759834253,20.410158157348633,20810,0.0,0.0
2013-03-19 00:00:00+08:00,20.716310501098633,20.716310501098633,20.682292544169087,20.716310501098633,6420,0.0,0.0
2013-03-20 00:00:00+08:00,20.410158157348633,21.05648067364016,20.410158157348633,20.410158157348633,6473,0.0,0.0
2013-03-21 00:00:00+08:00,21.022461215117662,21.022461215117662,20.58024024963379,20.58024024963379,6403,0.0,0.0
2013-03-22 00:00:00+08:00,20.580243010463825,20.580243010463825,20.478193283081055,20.478193283081055,5039,0.0,0.0
2013-03-25 00:00:00+08:00,20.750327667791495,21.26058251224456,20.750327667791495,20.784345626831055,27214,0.0,0.0
2013-03-26 00:00:00+08:00,20.920413213824414,21.396652221679688,20.47819424553873,21.396652221679688,14407,0.0,0.0
2013-03-27 00:00:00+08:00,21.22656400002296,21.22656400002296,20.44417381286621,20.44417381286621,10085,0.0,0.0
2013-03-28 00:00:00+08:00,20.886393828253585,20.886393828253585,20.75032615661621,20.75032615661621,3243,0.0,0.0
2013-03-29 00:00:00+08:00,20.580243010463825,21.022464035271447,20.410159439057256,20.478193283081055,11343,0.0,0.0
2013-04-01 00:00:00+08:00,20.478191274843923,20.478191274843923,20.069988250732422,20.069988250732422,14407,0.0,0.0
2013-04-02 00:00:00+08:00,20.069989930728138,20.104005813598633,20.069989930728138,20.104005813598633,5822,0.0,0.0
2013-04-03 00:00:00+08:00,20.37614420418858,20.85238112751187,19.93392316530685,20.614261627197266,9604,0.0,0.0
2013-04-08 00:00:00+08:00,20.410158157348633,20.410158157348633,20.410158157348633,20.410158157348633,5578,0.0,0.0
2013-04-09 00:00:00+08:00,20.410158157348633,20.410158157348633,20.410158157348633,20.410158157348633,5578,0.0,0.0
2013-04-10 00:00:00+08:00,20.342123031616214,20.342123031616214,20.342123031616214,20.34212303161621,5578,0.0,0.0
2013-04-11 00:00:00+08:00,20.069991186439225,20.069991186439225,19.899907606833548,19.967939376831055,8060,0.0,0.0
2013-04-12 00:00:00+08:00,19.899905087789207,20.03597068786621,19.899905087789207,20.03597068786621,4802,0.0,0.0
2013-04-15 00:00:00+08:00,20.035969845454765,20.376141101914712,19.899904251098633,19.899904251098633,11767,0.0,0.0
2013-04-16 00:00:00+08:00,20.478194487075033,20.478194487075033,19.729822158813477,19.729822158813477,6403,0.0,0.0
2013-04-17 00:00:00+08:00,19.72981945240799,20.03597068786621,19.72981945240799,20.03597068786621,6403,0.0,0.0
2013-04-18 00:00:00+08:00,19.899904576078445,20.51220703125,19.899904576078445,20.51220703125,3201,0.0,0.0
2013-04-19 00:00:00+08:00,20.51220703125,20.51220703125,20.51220703125,20.51220703125,84,0.0,0.0
2013-04-22 00:00:00+08:00,20.069988250732422,20.069988250732422,20.069988250732422,20.069988250732422,1628,0.0,0.0
2013-04-23 00:00:00+08:00,20.069988250732422,20.069988250732422,20.069988250732422,20.069988250732422,1600,0.0,0.0
2013-04-24 00:00:00+08:00,19.89990413984076,20.342123031616214,19.89990413984076,20.34212303161621,6403,0.0,0.0
2013-04-25 00:00:00+08:00,20.342123031616214,20.342123031616214,20.342123031616214,20.34212303161621,6403,0.0,0.0
2013-04-26 00:00:00+08:00,20.10400707143798,20.10400707143798,19.967939376831055,19.967939376831055,4818,0.0,0.0
2013-04-29 00:00:00+08:00,20.478193283081055,20.478193283081055,20.478193283081055,20.478193283081055,1842,0.0,0.0
2013-04-30 00:00:00+08:00,20.069988250732422,20.069988250732422,19.899904696005454,20.069988250732422,8004,0.0,0.0
2013-05-02 00:00:00+08:00,20.06998941947488,20.06998941947488,19.525718688964844,19.525718688964844,3598,0.0,0.0
2013-05-03 00:00:00+08:00,19.729822158813477,19.729822158813477,19.729822158813477,19.729822158813477,1600,0.0,0.0
2013-05-06 00:00:00+08:00,19.457686766718364,19.729822158813477,19.185551374623255,19.729822158813477,8018,0.0,0.0
2013-05-07 00:00:00+08:00,20.308107720116954,20.308107720116954,19.423665757236385,20.069988250732422,8518,0.0,0.0
2013-05-08 00:00:00+08:00,20.376141557468873,20.376141557468873,19.38964987721325,20.069988250732422,10728,0.0,0.0
2013-05-09 00:00:00+08:00,19.86588673867667,20.069988250732422,19.321616039861336,20.069988250732422,24012,0.0,0.0
2013-05-10 00:00:00+08:00,20.58024024963379,20.58024024963379,20.58024024963379,20.58024024963379,2502,0.0,0.0
2013-05-13 00:00:00+08:00,19.729820025301876,20.138023069302935,19.457684662634502,19.763835906982422,12821,0.0,0.0
2013-05-14 00:00:00+08:00,19.76383586606035,20.206056868132066,19.559734344482422,19.559734344482422,9604,0.0,0.0
2013-05-15 00:00:00+08:00,20.20605669166955,20.20605669166955,18.743328094482422,18.743328094482422,20810,0.0,0.0
2013-05-16 00:00:00+08:00,18.743327475182298,19.389649971832306,18.743327475182298,18.81136131286621,57713,0.0,0.0
2013-05-17 00:00:00+08:00,18.81136153794476,19.28759840743034,18.777345657348633,18.777345657348633,56029,0.0,0.0
2013-05-20 00:00:00+08:00,18.777347941694963,19.2195669070766,18.403160745781943,18.539228439331055,70436,0.0,0.0
2013-05-21 00:00:00+08:00,18.19905667591129,19.11751451836126,18.19905667591129,18.40315818786621,8058,0.0,0.0
2013-05-22 00:00:00+08:00,19.185550032107223,19.185550032107223,18.709313129265635,19.049482345581055,8060,0.0,0.0
2013-05-23 00:00:00+08:00,18.267092012175713,18.981448401288834,18.267092012175713,18.437177658081055,6497,0.0,0.0
2013-05-24 00:00:00+08:00,19.049484638146826,19.049484638146826,18.471195862161846,18.607263565063477,12806,0.0,0.0
2013-05-27 00:00:00+08:00,18.607263565063477,18.607263565063477,18.607263565063477,18.607263565063477,12806,0.0,0.0
2013-05-28 00:00:00+08:00,17.926923751831055,17.926923751831055,17.926923751831055,17.926923751831055,1600,0.0,0.0
2013-05-29 00:00:00+08:00,18.028974533081055,18.028974533081055,18.028974533081055,18.028974533081055,3201,0.0,0.0
2013-05-30 00:00:00+08:00,18.607260515054858,18.709312314156307,18.06298979266245,18.097007751464844,14882,0.0,0.0
2013-05-31 00:00:00+08:00,18.84538109183423,18.84538109183423,18.199058532714844,18.199058532714844,4920,0.0,0.0
2013-06-03 00:00:00+08:00,18.607262217051783,18.74332991009593,17.926923751831055,17.926923751831055,33617,0.0,0.0
2013-06-04 00:00:00+08:00,17.9269227304593,18.539227314272402,17.9269227304593,18.028974533081055,4802,0.0,0.0
2013-06-05 00:00:00+08:00,17.926921799318908,18.40315867310404,17.722820281982422,17.722820281982422,4840,0.0,0.0
2013-06-06 00:00:00+08:00,17.51871885192252,18.131023406982422,17.51871885192252,18.131023406982422,12806,0.0,0.0
2013-06-07 00:00:00+08:00,17.654787063598633,17.654787063598633,17.654787063598633,17.654787063598633,1623,0.0,0.0
2013-06-10 00:00:00+08:00,18.233075346297078,18.233075346297078,17.688804626464844,17.688804626464844,14457,0.0,0.0
2013-06-11 00:00:00+08:00,18.301111548497527,18.301111548497527,17.348636627197266,17.348636627197266,6419,0.0,0.0
2013-06-13 00:00:00+08:00,17.75684001472326,17.75684001472326,16.53222974966992,16.600263595581055,12811,0.0,0.0
2013-06-14 00:00:00+08:00,17.31461772018483,17.450685402125266,16.872397753878413,16.940431594848633,28814,0.0,0.0
2013-06-17 00:00:00+08:00,17.00846797698793,17.586755711634506,16.668298721313477,16.668298721313477,24619,0.0,0.0
2013-06-18 00:00:00+08:00,17.21256818278145,17.21256818278145,16.396162033081055,16.396162033081055,19209,0.0,0.0
2013-06-19 00:00:00+08:00,16.99145832640184,16.99145832640184,16.430179595947266,16.430179595947266,17609,0.0,0.0
2013-06-20 00:00:00+08:00,16.464195827245796,16.464195827245796,15.987958908081056,15.987958908081055,4802,0.0,0.0
2013-06-21 00:00:00+08:00,15.64779102304102,16.20907085395251,15.477706383166796,15.732833862304688,20810,0.0,0.0
2013-06-24 00:00:00+08:00,16.124024540390185,16.124024540390185,15.40966920684303,15.681805610656738,16008,0.0,0.0
2013-06-25 00:00:00+08:00,15.307619094848633,15.307619094848633,15.307619094848633,15.307619094848633,1760,0.0,0.0
2013-06-26 00:00:00+08:00,15.511721781340675,16.311118937057596,15.511721781340675,16.124025344848633,6403,0.0,0.0
2013-06-27 00:00:00+08:00,16.82137385534216,16.82137385534216,15.69881534576416,15.69881534576416,8604,0.0,0.0
2013-06-28 00:00:00+08:00,16.430178955985237,16.430178955985237,15.681806652093208,16.396162033081055,11205,0.0,0.0
2013-07-01 00:00:00+08:00,16.77034935448414,16.77034935448414,16.141035717545957,16.175052642822266,8598,0.0,0.0
2013-07-02 00:00:00+08:00,16.17505026080196,16.65128714453718,15.37565211520569,15.392661094665527,40020,0.0,0.0
2013-07-03 00:00:00+08:00,15.613773851000667,15.613773851000667,14.96745123392286,15.358646392822266,25613,0.0,0.0
2013-07-04 00:00:00+08:00,14.967451393445602,15.205569872245226,14.52523136138916,14.52523136138916,8004,0.0,0.0
2013-07-05 00:00:00+08:00,15.188560617889118,15.188560617889118,14.661297798156737,14.661297798156738,6640,0.0,0.0
2013-07-08 00:00:00+08:00,14.797364484979386,15.01847498625385,14.457195281982424,14.457195281982422,14407,0.0,0.0
2013-07-09 00:00:00+08:00,14.780357166799343,14.780357166799343,14.287111282348631,14.287111282348633,24487,0.0,0.0
2013-07-10 00:00:00+08:00,14.338135724962505,14.457194419582926,13.895914748792913,14.031982421875,41346,0.0,0.0
2013-07-11 00:00:00+08:00,14.253094178052315,14.253094178052315,13.89591598510742,13.895915985107422,22438,0.0,0.0
2013-07-12 00:00:00+08:00,14.219079008059456,14.219079008059456,13.91292667867901,14.01497745513916,14407,0.0,0.0
2013-07-15 00:00:00+08:00,14.559246656210288,14.610272558135808,14.014975908486976,14.287111282348633,30151,0.0,0.0
2013-07-16 00:00:00+08:00,14.28710906773208,14.321125984191893,14.28710906773208,14.321125984191895,6403,0.0,0.0
2013-07-17 00:00:00+08:00,14.780358472558826,14.780358472558826,14.117027920843148,14.151044845581055,9606,0.0,0.0
2013-07-18 00:00:00+08:00,14.593262532237292,14.610271511211296,13.980957984924316,13.980957984924316,16302,0.0,0.0
2013-07-19 00:00:00+08:00,14.270104905717806,14.270104905717806,13.81087589263916,13.81087589263916,9604,0.0,0.0
2013-07-22 00:00:00+08:00,14.253092563368122,14.253092563368122,13.538737297058107,13.538737297058105,3606,0.0,0.0
2013-07-23 00:00:00+08:00,13.606771469116211,14.083008325123885,13.606771469116211,13.606771469116211,11261,0.0,0.0
2013-07-24 00:00:00+08:00,13.657798867490435,13.912926321416032,13.11352807367903,13.436689376831055,14914,0.0,0.0
2013-07-25 00:00:00+08:00,13.844889897120048,13.844889897120048,13.606771469116211,13.606771469116211,6747,0.0,0.0
2013-07-26 00:00:00+08:00,14.031982428368083,14.031982428368083,13.606771469116211,13.606771469116211,14407,0.0,0.0
2013-07-29 00:00:00+08:00,13.963950095559666,13.963950095559666,13.55574703216553,13.555747032165527,12806,0.0,0.0
2013-07-30 00:00:00+08:00,13.55574703216553,13.55574703216553,13.55574703216553,13.555747032165527,12806,0.0,0.0
2013-07-31 00:00:00+08:00,13.606772603360424,13.844891051213528,13.436687997751063,13.487712860107422,11205,0.0,0.0
2013-08-01 00:00:00+08:00,13.929935630879177,13.929935630879177,13.40267276763916,13.40267276763916,9604,0.0,0.0
2013-08-02 00:00:00+08:00,13.623780624393945,13.640789604380958,13.045492961934896,13.266603469848633,15686,0.0,0.0
2013-08-05 00:00:00+08:00,13.861898401586235,13.861898401586235,13.232585906982422,13.232585906982422,5548,0.0,0.0
2013-08-06 00:00:00+08:00,13.793865896335921,13.793865896335921,13.266604109752944,13.300621032714844,17693,0.0,0.0
2013-08-07 00:00:00+08:00,13.640786938478595,13.640786938478595,13.130533218383789,13.130533218383789,8004,0.0,0.0
2013-08-08 00:00:00+08:00,13.589762978027549,13.589762978027549,12.790364911401747,12.824381828308105,54428,0.0,0.0
2013-08-09 00:00:00+08:00,12.977458775742006,13.351645939021427,12.824383153175768,13.096518516540527,24039,0.0,0.0
2013-08-12 00:00:00+08:00,13.096520621137353,13.436689880008137,12.977460861206056,12.977460861206055,8964,0.0,0.0
2013-08-13 00:00:00+08:00,12.926434201283554,13.062501885985363,12.450196266174316,12.450196266174316,22502,0.0,0.0
2013-08-14 00:00:00+08:00,12.586264153555534,12.586264153555534,12.007976531982422,12.007976531982422,14551,0.0,0.0
2013-08-15 00:00:00+08:00,11.599772466336805,12.39917058019076,11.599772466336805,12.007976531982422,11205,0.0,0.0
2013-08-16 00:00:00+08:00,12.007976906426325,12.007976906426325,11.871908187866211,11.871908187866211,8004,0.0,0.0
2013-08-19 00:00:00+08:00,12.314130677083055,12.433189392089844,12.297121695708947,12.433189392089844,20929,0.0,0.0
2013-08-20 00:00:00+08:00,12.73934186641816,13.198570866706719,12.73934186641816,12.926435470581055,33617,0.0,0.0
2013-08-22 00:00:00+08:00,13.759848120730798,13.759848120730798,13.606771469116211,13.606771469116211,20838,0.0,0.0
2013-08-23 00:00:00+08:00,13.606772683059837,13.606772683059837,13.266603469848633,13.266603469848633,6472,0.0,0.0
2013-08-26 00:00:00+08:00,13.266603955293993,13.266603955293993,13.011476516723633,13.011476516723633,6430,0.0,0.0
2013-08-27 00:00:00+08:00,12.450195565830734,13.708822617175578,12.450195565830734,13.045492172241211,9604,0.0,0.0
2013-08-28 00:00:00+08:00,13.589764264732212,13.708822965850784,13.096518403562179,13.113526344299316,17609,0.0,0.0
2013-08-29 00:00:00+08:00,13.538740346661193,13.606774196872495,13.232588020710333,13.31762981414795,17609,0.0,0.0
2013-08-30 00:00:00+08:00,13.198568653736494,13.198568653736494,13.164551734924316,13.164551734924316,6877,0.0,0.0
2013-09-02 00:00:00+08:00,13.436689376831055,13.436689376831055,13.436689376831055,13.436689376831055,3214,0.0,0.0
2013-09-03 00:00:00+08:00,13.436688324668701,13.55574703216553,13.113527046821881,13.555747032165527,8004,0.0,0.0
2013-09-04 00:00:00+08:00,13.266602491360851,13.266602491360851,13.164551734924316,13.164551734924316,3201,0.0,0.0
2013-09-05 00:00:00+08:00,13.164551734924316,13.164551734924316,13.164551734924316,13.164551734924316,3201,0.0,0.0
2013-09-06 00:00:00+08:00,13.096517560726868,13.521728515625002,12.926432971037054,13.521728515625,12806,0.0,0.0
2013-09-09 00:00:00+08:00,13.504721970696442,13.589764793650634,13.504721970696442,13.572755813598633,8004,0.0,0.0
2013-09-10 00:00:00+08:00,13.198568702732041,13.368653297424318,12.926433351224397,13.368653297424316,25683,0.0,0.0
2013-09-11 00:00:00+08:00,12.994467039756826,12.994467039756826,12.756348609924316,12.756348609924316,25613,0.0,0.0
2013-09-12 00:00:00+08:00,12.926434256637426,13.266603469848633,12.926434256637426,13.266603469848633,16040,0.0,0.0
2013-09-13 00:00:00+08:00,13.266604715738135,13.266604715738135,12.926435470581055,12.926435470581055,16975,0.0,0.0
2013-09-16 00:00:00+08:00,13.776857342305204,13.776857342305204,12.926434306027822,13.572755813598633,27214,0.0,0.0
2013-09-17 00:00:00+08:00,13.02848624412818,13.351647546353908,12.926435470581055,12.926435470581055,19209,0.0,0.0
2013-09-18 00:00:00+08:00,12.994467735290527,12.994467735290527,12.994467735290527,12.994467735290527,1664,0.0,0.0
2013-09-23 00:00:00+08:00,12.6032720069377,12.960450172424315,12.586264066923151,12.960450172424316,4802,0.0,0.0
2013-09-24 00:00:00+08:00,12.824381828308105,12.824381828308105,12.824381828308105,12.824381828308105,702,0.0,0.0
2013-09-25 00:00:00+08:00,12.552249154726114,12.552249154726114,12.535240173339844,12.535240173339844,4392,0.0,0.0
2013-09-26 00:00:00+08:00,12.824382758856387,12.824382758856387,12.722332000732422,12.722332000732422,3272,0.0,0.0
2013-09-27 00:00:00+08:00,12.722334218861075,12.722334218861075,12.58626651763916,12.58626651763916,3201,0.0,0.0
2013-09-30 00:00:00+08:00,11.905925846302994,12.314128875732422,11.905925846302994,12.314128875732422,4802,0.0,0.0
2013-10-01 00:00:00+08:00,12.518229733170893,12.518229733170893,11.905926209025337,12.178060531616211,15041,0.0,0.0
2013-10-02 00:00:00+08:00,11.905927363467445,11.905927363467445,11.327638626098633,11.327638626098633,24715,0.0,0.0
2013-10-03 00:00:00+08:00,11.327638626098633,11.327638626098633,10.919435544652156,11.327638626098633,24039,0.0,0.0
2013-10-04 00:00:00+08:00,10.596272237077914,11.73583947536077,10.596272237077914,11.565754890441895,15921,0.0,0.0
2013-10-07 00:00:00+08:00,11.49772196024684,11.49772196024684,11.055502004697292,11.361654281616211,14412,0.0,0.0
2013-10-08 00:00:00+08:00,11.344646568499083,11.344646568499083,11.055503238467649,11.327638626098633,8004,0.0,0.0
2013-10-09 00:00:00+08:00,10.885417902989245,10.885417902989245,10.613282533313482,10.681316375732422,62432,0.0,0.0
2013-10-11 00:00:00+08:00,10.715333938598633,10.715333938598633,10.715333938598633,10.715333938598633,8290,0.0,0.0
2013-10-14 00:00:00+08:00,10.74934817731009,11.429686472332365,10.74934817731009,11.225584983825684,139272,0.0,0.0
2013-10-15 00:00:00+08:00,11.225586383981883,11.276612281799316,10.987467951023811,11.276612281799316,4802,0.0,0.0
2013-10-16 00:00:00+08:00,11.548746193287617,11.548746193287617,11.225584983825682,11.225584983825684,4802,0.0,0.0
2013-10-17 00:00:00+08:00,10.88541872196019,11.361655654722746,10.783367950653929,11.208580017089844,19209,0.0,0.0
2013-10-18 00:00:00+08:00,10.885417972178306,11.089519500732422,10.885417972178306,11.089519500732422,11345,0.0,0.0
2013-10-21 00:00:00+08:00,11.089519466150053,11.089519466150053,10.885417938232422,10.885417938232422,13091,0.0,0.0
2013-10-22 00:00:00+08:00,10.885417938232422,10.885417938232422,10.885417938232422,10.885417938232422,112,0.0,0.0
2013-10-23 00:00:00+08:00,10.885417938232422,11.157553308789264,10.885417938232422,10.885417938232422,12833,0.0,0.0
2013-10-24 00:00:00+08:00,10.817384708338059,10.817384708338059,10.715333938598633,10.715333938598633,22712,0.0,0.0
2013-10-25 00:00:00+08:00,10.613281962806967,11.038493974394946,10.613281962806967,10.953451156616211,14407,0.0,0.0
2013-10-28 00:00:00+08:00,11.20857956160582,11.39567211540458,11.055502891540527,11.055502891540527,17609,0.0,0.0
2013-10-29 00:00:00+08:00,11.055502891540527,11.055502891540527,11.055502891540527,11.055502891540527,16115,0.0,0.0
2013-10-30 00:00:00+08:00,11.157553658699744,11.157553658699744,11.055502891540527,11.055502891540527,11205,0.0,0.0
2013-10-31 00:00:00+08:00,11.225586383981883,11.293620221969903,11.055501789011831,11.276612281799316,23687,0.0,0.0
2013-11-01 00:00:00+08:00,10.851400375366211,10.868409354346877,10.817383456057723,10.851400375366211,8375,0.0,0.0
2013-11-04 00:00:00+08:00,10.749350252954,11.463705600665712,10.749350252954,10.885417938232422,27260,0.0,0.0
2013-11-05 00:00:00+08:00,10.885418681872052,11.14054612852463,10.800376892089844,10.800376892089844,12806,0.0,0.0
2013-11-06 00:00:00+08:00,10.715334559454407,10.834393278388953,10.409182232497397,10.443199157714844,28814,0.0,0.0
2013-11-07 00:00:00+08:00,10.885417606741711,10.885417606741711,10.477214563337345,10.817383766174316,11205,0.0,0.0
2013-11-08 00:00:00+08:00,10.817383766174316,10.817383766174316,10.817383766174316,10.817383766174316,11205,0.0,0.0
2013-11-11 00:00:00+08:00,10.817384208634552,10.868410110473631,10.42618909004466,10.868410110473633,9648,0.0,0.0
2013-11-12 00:00:00+08:00,10.47721533898087,11.12353687221924,10.47721533898087,10.528240203857422,9632,0.0,0.0
2013-11-13 00:00:00+08:00,10.460207100997053,10.460207100997053,10.25610554969238,10.443199157714844,8004,0.0,0.0
2013-11-14 00:00:00+08:00,10.273112918425754,10.273112918425754,10.137045238922878,10.205079078674316,9604,0.0,0.0
2013-11-15 00:00:00+08:00,10.034995417472954,10.034995417472954,9.490723609924316,9.490723609924316,60831,0.0,0.0
2013-11-18 00:00:00+08:00,9.01448607660936,9.37166426383274,8.827393531799316,8.827393531799316,73830,0.0,0.0
2013-11-19 00:00:00+08:00,8.67431593581895,8.67431593581895,8.215087582567865,8.572264671325684,244926,0.0,0.0
2013-11-20 00:00:00+08:00,8.266113914060666,8.368165196803842,7.97697060370639,8.249105453491211,217317,0.0,0.0
2013-11-21 00:00:00+08:00,8.164064046500593,8.810386657714844,8.164064046500593,8.810386657714844,240252,0.0,0.0
2013-11-22 00:00:00+08:00,9.04850525164995,9.422690391540527,8.895428568373777,9.422690391540527,108926,0.0,0.0
2013-11-25 00:00:00+08:00,10.06901264190674,10.06901264190674,10.06901264190674,10.069012641906738,153679,0.0,0.0
2013-11-26 00:00:00+08:00,10.766356468200684,10.766356468200684,10.766356468200684,10.766356468200684,102134,0.0,0.0
2013-11-27 00:00:00+08:00,11.514731501971573,11.514731501971573,10.477214882397158,10.885417938232422,305544,0.0,0.0
2013-11-28 00:00:00+08:00,11.548748423291178,11.548748423291178,10.681316410314789,10.885417938232422,129713,0.0,0.0
2013-11-29 00:00:00+08:00,10.613281940206795,10.851400375366211,10.562257080570484,10.851400375366211,62517,0.0,0.0
2013-12-02 00:00:00+08:00,10.57926622244258,10.749350838302446,10.511232376098633,10.511232376098633,20826,0.0,0.0
2013-12-03 00:00:00+08:00,10.375164067565565,10.579265594482422,10.273113304107138,10.579265594482422,30417,0.0,0.0
2013-12-04 00:00:00+08:00,10.239096081992033,10.613282203674318,10.239096081992033,10.613282203674316,6403,0.0,0.0
2013-12-05 00:00:00+08:00,10.375163078308105,10.715332257401538,10.375163078308105,10.375163078308105,28814,0.0,0.0
2013-12-06 00:00:00+08:00,10.545249322366255,10.715333938598633,10.42618957167711,10.715333938598633,11205,0.0,0.0
2013-12-09 00:00:00+08:00,11.157552624932325,11.157552624932325,10.698323695937775,10.749349594116211,14453,0.0,0.0
2013-12-10 00:00:00+08:00,10.545249184584907,10.970461238936627,10.511232261782888,10.528240203857422,11351,0.0,0.0
2013-12-11 00:00:00+08:00,10.817383766174316,10.817383766174316,10.817383766174316,10.817383766174316,1600,0.0,0.0
2013-12-12 00:00:00+08:00,10.885418206881873,10.885418206881873,10.409181296653989,10.545248985290527,19209,0.0,0.0
2013-12-13 00:00:00+08:00,9.864909256280857,10.545247610785855,9.864909256280857,10.171061515808105,40071,0.0,0.0
2013-12-16 00:00:00+08:00,10.545247525007378,10.545247525007378,10.290120124816895,10.290120124816895,30415,0.0,0.0
2013-12-17 00:00:00+08:00,10.545248985290527,10.545248985290527,10.545248985290527,10.545248985290527,4802,0.0,0.0
2013-12-18 00:00:00+08:00,10.545249275260277,10.545249275260277,10.20508004431507,10.307130813598633,27214,0.0,0.0
2013-12-19 00:00:00+08:00,10.205079078674316,10.205079078674316,10.205079078674316,10.205079078674316,5103,0.0,0.0
2013-12-20 00:00:00+08:00,10.273113250732422,10.358155033846154,10.273113250732422,10.273113250732422,4802,0.0,0.0
2013-12-23 00:00:00+08:00,10.273112961106136,10.409180641174315,10.273112961106136,10.409180641174316,18094,0.0,0.0
2013-12-24 00:00:00+08:00,10.545248655422512,10.545248655422512,10.477214813232422,10.477214813232422,11205,0.0,0.0
2013-12-25 00:00:00+08:00,10.545248835233902,10.868410110473631,10.511231913558822,10.868410110473633,18124,0.0,0.0
2013-12-26 00:00:00+08:00,10.851400375366211,10.8854172946747,10.715332698132258,10.851400375366211,16008,0.0,0.0
2013-12-27 00:00:00+08:00,10.88541855483101,11.055503171063386,10.375164706133878,10.715333938598633,56029,0.0,0.0
2013-12-30 00:00:00+08:00,10.698324957648913,10.749350861845107,10.681317015352157,10.715333938598633,73308,0.0,0.0
2013-12-31 00:00:00+08:00,10.545249656922774,10.98746967315674,10.477215808271396,10.987469673156738,21210,0.0,0.0
2014-01-02 00:00:00+08:00,10.681314347807861,11.225584983825682,10.681314347807861,11.225584983825684,32072,0.0,0.0
2014-01-03 00:00:00+08:00,10.885417406409005,11.361654281616211,10.885417406409005,11.361654281616211,27465,0.0,0.0
2014-01-06 00:00:00+08:00,11.361655571008075,11.531740188598631,10.919435565272629,11.531740188598633,33542,0.0,0.0
2014-01-07 00:00:00+08:00,11.820884546767328,11.90592737480951,11.361655560376075,11.429689407348633,42462,0.0,0.0
2014-01-08 00:00:00+08:00,11.378664508329697,11.378664508329697,11.123537063598631,11.123537063598633,19265,0.0,0.0
2014-01-09 00:00:00+08:00,11.531738703679627,11.582764601712778,11.157552593163603,11.480713844299316,23282,0.0,0.0
2014-01-10 00:00:00+08:00,11.055500483027142,11.327635802831917,11.055500483027142,11.106526374816895,8004,0.0,0.0
2014-01-13 00:00:00+08:00,11.718833903981134,11.735841846583083,11.157554141016096,11.514732360839844,33619,0.0,0.0
2014-01-14 00:00:00+08:00,11.514729278536503,11.514729278536503,11.225584983825682,11.225584983825684,22107,0.0,0.0
2014-01-15 00:00:00+08:00,11.123536636752872,11.22558740299869,11.123536636752872,11.174561500549316,22746,0.0,0.0
2014-01-16 00:00:00+08:00,11.56575413133682,11.56575413133682,11.225584983825682,11.225584983825684,14085,0.0,0.0
2014-01-17 00:00:00+08:00,11.395669557581252,11.395669557581252,11.225584983825682,11.225584983825684,12822,0.0,0.0
2014-01-20 00:00:00+08:00,11.225584983825682,11.225584983825682,11.225584983825682,11.225584983825684,19209,0.0,0.0
2014-01-21 00:00:00+08:00,11.225585290313653,11.225585290313653,11.191568374633787,11.191568374633789,6135,0.0,0.0
2014-01-22 00:00:00+08:00,11.225584983825682,11.225584983825682,11.191568069074568,11.225584983825684,17609,0.0,0.0
2014-01-23 00:00:00+08:00,11.191570132188522,11.191570132188522,11.00447654724121,11.004476547241211,3557,0.0,0.0
2014-01-24 00:00:00+08:00,11.00447654724121,11.00447654724121,11.00447654724121,11.004476547241211,3557,0.0,0.0
2014-01-27 00:00:00+08:00,10.885416133515003,11.191568374633787,10.885416133515003,11.191568374633789,30471,0.0,0.0
2014-02-05 00:00:00+08:00,11.157554019458402,11.429689407348633,11.157554019458402,11.429689407348633,19290,0.0,0.0
2014-02-06 00:00:00+08:00,11.565757291378967,12.229087829589844,11.565757291378967,12.229087829589844,116860,0.0,0.0
2014-02-07 00:00:00+08:00,13.079508781433104,13.079508781433104,13.079508781433104,13.079508781433105,114121,0.0,0.0
2014-02-10 00:00:00+08:00,13.980957984924316,13.980957984924316,13.980957984924316,13.980957984924316,115783,0.0,0.0
2014-02-11 00:00:00+08:00,14.950441360473633,14.950441360473633,14.151043202617979,14.950441360473633,519133,0.0,0.0
2014-02-12 00:00:00+08:00,14.219075683197447,15.307617044237546,14.219075683197447,14.79736328125,143736,0.0,0.0
2014-02-13 00:00:00+08:00,14.797365263507402,15.307619094848633,14.797365263507402,15.307619094848633,92990,0.0,0.0
2014-02-14 00:00:00+08:00,15.579757378934499,16.379154624593184,15.579757378934499,15.817875862121582,360281,0.0,0.0
2014-02-17 00:00:00+08:00,15.647788689205685,15.647788689205685,14.712323828746658,14.74634075164795,294552,0.0,0.0
2014-02-18 00:00:00+08:00,15.08650998066086,15.307619460192775,14.627281002166955,14.74634075164795,105701,0.0,0.0
2014-02-19 00:00:00+08:00,14.729331758251842,15.035484064101173,14.627280989635398,14.64428997039795,67234,0.0,0.0
2014-02-20 00:00:00+08:00,14.967449717002772,14.967449717002772,14.287111282348631,14.287111282348633,48069,0.0,0.0
2014-02-21 00:00:00+08:00,13.946942065021561,14.287111282348631,13.946942065021561,14.287111282348633,32871,0.0,0.0
2014-02-24 00:00:00+08:00,14.287110441454388,14.355144280915544,14.270102500915527,14.270102500915527,14407,0.0,0.0
2014-02-25 00:00:00+08:00,14.151044845581053,14.610273848869292,14.151044845581053,14.151044845581055,19262,0.0,0.0
2014-02-26 00:00:00+08:00,14.151044205915092,14.151044205915092,14.117027282714844,14.117027282714844,18560,0.0,0.0
2014-02-27 00:00:00+08:00,14.42317883742512,14.42317883742512,14.202068328857422,14.202068328857422,19496,0.0,0.0
2014-03-03 00:00:00+08:00,14.287111282348631,14.287111282348631,14.287111282348631,14.287111282348633,18545,0.0,0.0
2014-03-04 00:00:00+08:00,14.355142900651705,14.389159817111517,14.28710906773208,14.321125984191895,17722,0.0,0.0
2014-03-05 00:00:00+08:00,14.321126682724863,14.559245109558105,14.287109764605828,14.559245109558105,40025,0.0,0.0
2014-03-06 00:00:00+08:00,14.62727780649009,14.62727780649009,14.304117628856332,14.372150421142578,36819,0.0,0.0
2014-03-07 00:00:00+08:00,14.746338073846763,14.763346012882444,13.997965905915956,14.304118156433105,54775,0.0,0.0
2014-03-10 00:00:00+08:00,14.542236573501997,14.542236573501997,14.304118156433104,14.304118156433105,3201,0.0,0.0
2014-03-11 00:00:00+08:00,14.33813813201485,14.42317992264136,14.168053512108843,14.18506145477295,19214,0.0,0.0
2014-03-12 00:00:00+08:00,14.168052673339844,14.185060614997056,14.168052673339844,14.168052673339844,22467,0.0,0.0
2014-03-13 00:00:00+08:00,14.168052673339844,14.423179068768512,14.168052673339844,14.168052673339844,46428,0.0,0.0
2014-03-14 00:00:00+08:00,14.168052116081599,14.168052116081599,14.048992374552268,14.134034156799316,37457,0.0,0.0
2014-03-17 00:00:00+08:00,14.491213437917574,14.491213437917574,14.117027282714844,14.117027282714844,14857,0.0,0.0
2014-03-18 00:00:00+08:00,14.287110671142846,14.287110671142846,13.827882766723633,13.827882766723633,25659,0.0,0.0
2014-03-19 00:00:00+08:00,13.827882766723633,14.270102730330555,13.793864807793303,13.827882766723633,49625,0.0,0.0
2014-03-20 00:00:00+08:00,13.827884874697236,14.100020278402203,13.81087589263916,13.81087589263916,24273,0.0,0.0
2014-03-21 00:00:00+08:00,13.77685832977295,14.083010644776527,13.77685832977295,13.77685832977295,24078,0.0,0.0
2014-03-24 00:00:00+08:00,13.963950891837532,13.963950891837532,13.77685832977295,13.77685832977295,20810,0.0,0.0
2014-03-25 00:00:00+08:00,13.92993500660123,13.92993500660123,13.77685832977295,13.77685832977295,18171,0.0,0.0
2014-03-26 00:00:00+08:00,14.37215235704992,14.37215235704992,13.946941375732422,13.946941375732422,24012,0.0,0.0
2014-03-27 00:00:00+08:00,13.946941088767911,14.083008766174315,13.793864432359282,14.083008766174316,25946,0.0,0.0
2014-03-28 00:00:00+08:00,13.91292635120314,14.11702789931939,13.827884558814539,13.844892501831055,27214,0.0,0.0
2014-03-31 00:00:00+08:00,14.100020278402203,14.100020278402203,13.81087589263916,13.81087589263916,53501,0.0,0.0
2014-04-01 00:00:00+08:00,14.048992966587921,14.117026810713714,13.861899375915526,13.861899375915527,59669,0.0,0.0
2014-04-02 00:00:00+08:00,13.929934059038095,14.048992765225313,13.878908157348635,13.878908157348633,30707,0.0,0.0
2014-04-03 00:00:00+08:00,13.878909426517097,13.878909426517097,13.844892501831056,13.844892501831055,16515,0.0,0.0
2014-04-07 00:00:00+08:00,13.844890707535923,14.100018128943278,13.827882766723633,13.827882766723633,19209,0.0,0.0
2014-04-08 00:00:00+08:00,14.389163164884739,14.780358314514162,14.389163164884739,14.78035831451416,50749,0.0,0.0
2014-04-09 00:00:00+08:00,15.80086421966553,15.80086421966553,15.80086421966553,15.800864219665527,61961,0.0,0.0
2014-04-10 00:00:00+08:00,16.906417499548255,16.906417499548255,15.817875862121584,15.817875862121582,354979,0.0,0.0
2014-04-11 00:00:00+08:00,14.71232223510742,15.222576023356078,14.71232223510742,14.712322235107422,214511,0.0,0.0
2014-04-14 00:00:00+08:00,14.712324256054819,14.712324256054819,13.69181550072324,13.77685832977295,104053,0.0,0.0
2014-04-15 00:00:00+08:00,13.351645882839254,14.031983249735493,13.351645882839254,13.827882766723633,20924,0.0,0.0
2014-04-16 00:00:00+08:00,13.827884572971909,14.048994064331055,13.827884572971909,14.048994064331055,11205,0.0,0.0
2014-04-17 00:00:00+08:00,14.253094294677327,14.746340176846152,13.878908157348635,13.878908157348633,27689,0.0,0.0
2014-04-18 00:00:00+08:00,14.287111898716084,14.576256265244677,14.117027282714844,14.117027282714844,9841,0.0,0.0
2014-04-21 00:00:00+08:00,13.844890330713106,14.083008766174315,13.844890330713106,14.083008766174316,3201,0.0,0.0
2014-04-22 00:00:00+08:00,14.08300647459957,14.08300647459957,13.895912929283043,13.912921905517578,27214,0.0,0.0
2014-04-23 00:00:00+08:00,14.117026608375983,14.117026608375983,13.861899177234509,13.878908157348633,30415,0.0,0.0
2014-04-24 00:00:00+08:00,13.878908356273438,13.878908356273438,13.861899375915526,13.861899375915527,14626,0.0,0.0
2014-04-25 00:00:00+08:00,13.861899375915526,14.321128343091091,13.77685759008475,13.861899375915527,20810,0.0,0.0
2014-04-28 00:00:00+08:00,13.708824481994377,13.844892177551522,13.606773710326516,13.77685832977295,38419,0.0,0.0
2014-04-29 00:00:00+08:00,13.844892501831056,13.844892501831056,13.844892501831056,13.844892501831055,38419,0.0,0.0
2014-04-30 00:00:00+08:00,13.946942949219382,13.946942949219382,13.77685832977295,13.77685832977295,33617,0.0,0.0
2014-05-02 00:00:00+08:00,13.640790634215804,13.77685832977295,13.640790634215804,13.77685832977295,55228,0.0,0.0
2014-05-05 00:00:00+08:00,14.270104905717806,14.270104905717806,13.81087589263916,13.81087589263916,54428,0.0,0.0
2014-05-06 00:00:00+08:00,13.844888077884782,13.91292190551758,13.844888077884782,13.912921905517578,59235,0.0,0.0
2014-05-07 00:00:00+08:00,13.91292635120314,13.91292635120314,13.844892501831056,13.844892501831055,71398,0.0,0.0
2014-05-08 00:00:00+08:00,13.844892501831056,13.844892501831056,13.844892501831056,13.844892501831055,49625,0.0,0.0
2014-05-09 00:00:00+08:00,13.844891714430407,14.236086845397947,13.844891714430407,14.23608684539795,60831,0.0,0.0
2014-05-12 00:00:00+08:00,14.406171027739566,14.406171027739566,14.287111282348631,14.287111282348633,11205,0.0,0.0
2014-05-13 00:00:00+08:00,13.861900120169674,14.25309526422296,13.77685832977295,13.77685832977295,46424,0.0,0.0
2014-05-14 00:00:00+08:00,13.827884234933371,14.236087321604808,13.742841405883663,13.77685832977295,20866,0.0,0.0
2014-05-15 00:00:00+08:00,13.810872665885375,13.912923418431737,13.640788078308105,13.640788078308105,41621,0.0,0.0
2014-05-16 00:00:00+08:00,13.606771469116211,13.606771469116211,13.555745572360411,13.606771469116211,21047,0.0,0.0
2014-05-19 00:00:00+08:00,13.572754411858346,13.572754411858346,13.36865290423057,13.521728515625,4802,0.0,0.0
2014-05-20 00:00:00+08:00,13.521729860430582,13.521729860430582,13.266603469848633,13.266603469848633,24012,0.0,0.0
2014-05-21 00:00:00+08:00,13.266603469848633,13.266603469848633,13.266603469848633,13.266603469848633,8004,0.0,0.0
2014-05-22 00:00:00+08:00,13.334638602991417,13.793866565943285,13.334638602991417,13.436689376831055,115269,0.0,0.0
2014-05-23 00:00:00+08:00,13.436686877684899,13.606771469116211,13.3856609809291,13.606771469116211,6686,0.0,0.0
2014-05-26 00:00:00+08:00,13.43668817686927,13.91292507892397,13.43668817686927,13.878908157348633,17846,0.0,0.0
2014-05-27 00:00:00+08:00,14.08300963536506,14.08300963536506,13.572755813598633,13.572755813598633,14455,0.0,0.0
2014-05-28 00:00:00+08:00,13.57275739470803,13.57275739470803,13.31762993477821,13.40267276763916,65634,0.0,0.0
2014-05-29 00:00:00+08:00,13.40267276763916,13.57275739470803,13.283613009364435,13.40267276763916,27214,0.0,0.0
2014-05-30 00:00:00+08:00,13.40267104053983,13.40267104053983,13.28361129760742,13.283611297607422,24058,0.0,0.0
2014-06-03 00:00:00+08:00,13.283610226070312,13.606771469116211,13.283610226070312,13.606771469116211,12806,0.0,0.0
2014-06-04 00:00:00+08:00,13.827884729385737,13.827884729385737,13.317629814147951,13.31762981414795,31694,0.0,0.0
2014-06-05 00:00:00+08:00,13.31762833250386,13.31762833250386,13.13053578456415,13.266603469848633,30415,0.0,0.0
2014-06-06 00:00:00+08:00,13.198570874510153,13.266604723581793,12.960452402759413,13.028486251831055,46424,0.0,0.0
2014-06-09 00:00:00+08:00,13.011476040613775,13.861899073641789,13.011476040613775,13.266603469848633,28176,0.0,0.0
2014-06-10 00:00:00+08:00,13.266602540608952,13.368653297424318,13.113525886059485,13.368653297424316,14409,0.0,0.0
2014-06-11 00:00:00+08:00,13.368655520175365,13.759850672336418,13.334638595581056,13.334638595581055,16482,0.0,0.0
2014-06-12 00:00:00+08:00,13.334635458632434,13.50472004159189,13.334635458632434,13.470703125,13006,0.0,0.0
2014-06-13 00:00:00+08:00,13.470703658044458,13.521728515625002,13.470703658044458,13.521728515625,8550,0.0,0.0
2014-06-16 00:00:00+08:00,13.453697312334633,13.453697312334633,13.334638595581056,13.334638595581055,12806,0.0,0.0
2014-06-17 00:00:00+08:00,13.436687135301229,13.436687135301229,13.368653297424318,13.368653297424316,16013,0.0,0.0
2014-06-18 00:00:00+08:00,13.436686877684899,13.87890681540631,13.436686877684899,13.606771469116211,72264,0.0,0.0
2014-06-19 00:00:00+08:00,13.623782283265479,13.84489281810228,13.606774339860435,13.81087589263916,64070,0.0,0.0
2014-06-20 00:00:00+08:00,14.083009686800649,14.083009686800649,13.810874314197962,13.878908157348633,28814,0.0,0.0
2014-06-23 00:00:00+08:00,13.64079078190124,13.64079078190124,13.147544860839844,13.147544860839844,56029,0.0,0.0
2014-06-24 00:00:00+08:00,13.198567047729764,13.198567047729764,13.130533218383789,13.130533218383789,3201,0.0,0.0
2014-06-25 00:00:00+08:00,13.028485020600789,13.266603469848633,13.028485020600789,13.266603469848633,21660,0.0,0.0
2014-06-26 00:00:00+08:00,12.994469319612472,12.994469319612472,12.926435470581055,12.926435470581055,18459,0.0,0.0
2014-06-27 00:00:00+08:00,12.926435802035511,13.198571205139162,12.926435802035511,13.19857120513916,12806,0.0,0.0
2014-06-30 00:00:00+08:00,13.198571205139162,13.198571205139162,13.198571205139162,13.19857120513916,4802,0.0,0.0
2014-07-01 00:00:00+08:00,12.943441243318743,13.164551734924316,12.756348709178177,13.164551734924316,28493,0.0,0.0
2014-07-02 00:00:00+08:00,12.926433894553988,13.147543357621302,12.756349292712638,12.994467735290527,33617,0.0,0.0
2014-07-03 00:00:00+08:00,12.790366213080908,12.994467735290527,12.756349292712638,12.994467735290527,12833,0.0,0.0
2014-07-04 00:00:00+08:00,12.756351874496236,12.756351874496236,12.586267238231118,12.620283126831055,24012,0.0,0.0
2014-07-07 00:00:00+08:00,12.586264715216885,13.232586203464187,12.586264715216885,12.688314437866211,8004,0.0,0.0
2014-07-08 00:00:00+08:00,12.586264922091823,12.60327286326197,12.246095712159926,12.552248001098633,51521,0.0,0.0
2014-07-09 00:00:00+08:00,12.399172401601346,12.416181382884377,11.684816999426767,11.718833923339844,109251,0.0,0.0
2014-07-10 00:00:00+08:00,11.71883079344775,12.178058624296154,11.71883079344775,11.854898452758789,35418,0.0,0.0
2014-07-11 00:00:00+08:00,11.701824761182348,11.735841684569627,11.123537063598631,11.123537063598633,57167,0.0,0.0
2014-07-14 00:00:00+08:00,11.055500554034918,11.310627937316895,11.055500554034918,11.310627937316895,46424,0.0,0.0
2014-07-15 00:00:00+08:00,11.531739080887444,11.633789841639027,11.344645500183107,11.344645500183105,9747,0.0,0.0
2014-07-16 00:00:00+08:00,11.548748970031738,11.548748970031738,11.344646393798582,11.548748970031738,11205,0.0,0.0
2014-07-17 00:00:00+08:00,11.71883153619527,11.71883153619527,11.548746951276392,11.565754890441895,16008,0.0,0.0
2014-07-18 00:00:00+08:00,11.684815647320173,11.871908187866211,11.46370514814446,11.871908187866211,12806,0.0,0.0
2014-07-21 00:00:00+08:00,12.11002711466673,12.127036094665526,12.11002711466673,12.127036094665527,3201,0.0,0.0
2014-07-22 00:00:00+08:00,11.905927376122643,12.246096611022951,11.905927376122643,12.24609661102295,12811,0.0,0.0
2014-07-23 00:00:00+08:00,12.246096611022951,12.246096611022951,12.246096611022951,12.24609661102295,0,0.0,0.0
2014-07-24 00:00:00+08:00,12.076011489957205,12.518230438232422,12.076011489957205,12.518230438232422,22411,0.0,0.0
2014-07-25 00:00:00+08:00,12.518230438232422,12.518230438232422,12.518230438232422,12.518230438232422,22411,0.0,0.0
2014-07-28 00:00:00+08:00,12.51823061213328,12.51823061213328,12.076011657714844,12.076011657714844,6403,0.0,0.0
2014-07-29 00:00:00+08:00,12.34814453125,12.34814453125,12.34814453125,12.34814453125,1600,0.0,0.0
2014-07-30 00:00:00+08:00,12.382162009564764,12.382162009564764,11.973958969116211,11.973958969116211,3228,0.0,0.0
2014-07-31 00:00:00+08:00,11.973958969116211,11.973958969116211,11.973958969116211,11.973958969116211,3228,0.0,0.0
2014-08-01 00:00:00+08:00,11.93994204907883,11.973958969116211,11.93994204907883,11.973958969116211,14417,0.0,0.0
2014-08-04 00:00:00+08:00,11.735839998260337,12.34814453125,11.735839998260337,12.34814453125,6403,0.0,0.0
2014-08-05 00:00:00+08:00,12.518232345071983,12.654301092737164,12.09302127373573,12.620283126831055,11205,0.0,0.0
2014-08-06 00:00:00+08:00,12.178061386693757,12.246096270434604,12.076011657714844,12.076011657714844,9604,0.0,0.0
2014-08-07 00:00:00+08:00,12.38216205254902,12.38216205254902,12.178060531616211,12.178060531616211,11205,0.0,0.0
2014-08-08 00:00:00+08:00,12.246096611022951,12.246096611022951,12.246096611022951,12.24609661102295,3216,0.0,0.0
2014-08-11 00:00:00+08:00,12.314128875732422,12.314128875732422,12.314128875732422,12.314128875732422,1600,0.0,0.0
2014-08-12 00:00:00+08:00,12.314128875732422,12.314128875732422,12.314128875732422,12.314128875732422,9,0.0,0.0
2014-08-13 00:00:00+08:00,12.314129944456976,12.518230438232422,12.21207813958986,12.518230438232422,11911,0.0,0.0
2014-08-14 00:00:00+08:00,12.756348609924316,12.756348609924316,12.756348609924316,12.756348609924316,1600,0.0,0.0
2014-08-15 00:00:00+08:00,12.5862643232338,12.722332000732422,12.5862643232338,12.722332000732422,3201,0.0,0.0
2014-08-18 00:00:00+08:00,12.416178703308105,12.416178703308105,12.416178703308105,12.416178703308105,3201,0.0,0.0
2014-08-19 00:00:00+08:00,12.586265845923258,12.586265845923258,12.246096611022951,12.24609661102295,17610,0.0,0.0
2014-08-20 00:00:00+08:00,12.041991582365844,12.416178703308105,12.041991582365844,12.416178703308105,6459,0.0,0.0
2014-08-21 00:00:00+08:00,12.178060531616211,12.178060531616211,12.178060531616211,12.178060531616211,1647,0.0,0.0
2014-08-22 00:00:00+08:00,12.246094814404541,12.416179406901671,12.246094814404541,12.34814453125,20810,0.0,0.0
2014-08-25 00:00:00+08:00,12.093019048364123,12.552248001098635,12.093019048364123,12.552248001098633,14577,0.0,0.0
2014-08-26 00:00:00+08:00,12.280111269824786,12.688314310950533,12.229086409010502,12.484213829040527,25613,0.0,0.0
2014-08-27 00:00:00+08:00,12.705324028951562,12.705324028951562,12.518230438232422,12.518230438232422,4888,0.0,0.0
2014-08-28 00:00:00+08:00,12.28011146479456,12.467205047607424,12.263103523804055,12.467205047607422,32016,0.0,0.0
2014-08-29 00:00:00+08:00,12.671307222380959,12.671307222380959,12.280112095667644,12.501222610473633,13043,0.0,0.0
2014-09-01 00:00:00+08:00,12.314129228571467,12.48421382904053,12.297120249198127,12.484213829040527,20810,0.0,0.0
2014-09-02 00:00:00+08:00,12.48421382904053,12.518229710481473,12.280111269824786,12.484213829040527,35218,0.0,0.0
2014-09-03 00:00:00+08:00,12.28011146479456,12.467205047607424,12.28011146479456,12.467205047607422,9604,0.0,0.0
2014-09-04 00:00:00+08:00,12.280111660297054,12.450196266174316,12.280111660297054,12.450196266174316,3488,0.0,0.0
2014-09-05 00:00:00+08:00,12.297120094299316,12.297120094299316,12.297120094299316,12.297120094299316,9521,0.0,0.0
2014-09-09 00:00:00+08:00,12.586265154199697,12.739340782165527,12.586265154199697,12.739340782165527,3201,0.0,0.0
2014-09-10 00:00:00+08:00,12.58626651763916,12.58626651763916,12.58626651763916,12.58626651763916,1600,0.0,0.0
2014-09-11 00:00:00+08:00,12.518230438232422,12.518230438232422,12.518230438232422,12.518230438232422,1600,0.0,0.0
2014-09-12 00:00:00+08:00,12.093020323942584,12.110028266906738,12.093020323942584,12.110028266906738,6832,0.0,0.0
2014-09-15 00:00:00+08:00,12.552248001098635,12.552248001098635,12.552248001098635,12.552248001098633,1743,0.0,0.0
2014-09-16 00:00:00+08:00,12.280112095667644,12.501222610473635,12.12703646427752,12.501222610473633,9604,0.0,0.0
2014-09-17 00:00:00+08:00,12.093019485473631,12.093019485473631,12.093019485473631,12.093019485473633,3201,0.0,0.0
2014-09-18 00:00:00+08:00,12.51823182060482,12.51823182060482,12.093020767083322,12.365156173706055,4802,0.0,0.0
2014-09-19 00:00:00+08:00,12.365156173706055,12.365156173706055,12.365156173706055,12.365156173706055,4802,0.0,0.0
2014-09-22 00:00:00+08:00,12.977460838607202,12.977460838607202,12.365156173706055,12.365156173706055,3201,0.0,0.0
2014-09-23 00:00:00+08:00,12.076011445352352,12.382162704211161,11.90592683562361,12.212078094482422,19209,0.0,0.0
2014-09-24 00:00:00+08:00,11.905926440156419,12.144044885867316,11.735840797424316,11.735840797424316,8479,0.0,0.0
2014-09-25 00:00:00+08:00,12.212077997124435,12.212077997124435,11.599773406982424,11.599773406982422,8004,0.0,0.0
2014-09-26 00:00:00+08:00,11.973959280847295,11.973959280847295,11.939942359924316,11.939942359924316,3225,0.0,0.0
2014-09-29 00:00:00+08:00,11.735840834386442,11.939942359924316,11.735840834386442,11.939942359924316,6403,0.0,0.0
2014-09-30 00:00:00+08:00,12.178060241181162,12.178060241181162,11.735840289706598,11.786866188049316,17609,0.0,0.0
2014-10-01 00:00:00+08:00,11.905925495604453,12.144043922424316,11.905925495604453,12.144043922424316,17951,0.0,0.0
2014-10-02 00:00:00+08:00,11.769858600637733,12.144045796318062,11.769858600637733,11.83789348602295,14407,0.0,0.0
2014-10-03 00:00:00+08:00,11.599772466336805,12.110026250077786,11.599772466336805,12.007976531982422,17609,0.0,0.0
2014-10-06 00:00:00+08:00,12.21207904065068,12.21207904065068,12.110028266906738,12.110028266906738,5277,0.0,0.0
2014-10-07 00:00:00+08:00,11.905925750732424,11.905925750732424,11.76985703669535,11.905925750732422,8004,0.0,0.0
2014-10-08 00:00:00+08:00,11.616782684045015,12.076011657714844,11.616782684045015,12.076011657714844,11330,0.0,0.0
2014-10-09 00:00:00+08:00,11.93994204907883,12.195069468685611,11.905926167694318,11.973958969116211,25613,0.0,0.0
2014-10-13 00:00:00+08:00,12.110026250077786,12.24609496439488,12.007976531982422,12.007976531982422,32016,0.0,0.0
2014-10-14 00:00:00+08:00,11.59977178102644,12.824381828308105,11.59977178102644,12.824381828308105,97652,0.0,0.0
2014-10-15 00:00:00+08:00,12.824383153175768,13.504721561587665,12.654298551072795,13.096518516540527,70438,0.0,0.0
2014-10-16 00:00:00+08:00,12.450196067964033,13.096518598660913,12.31412942408134,12.467205047607422,19209,0.0,0.0
2014-10-17 00:00:00+08:00,12.858399391174316,12.858399391174316,12.858399391174316,12.858399391174316,1600,0.0,0.0
2014-10-20 00:00:00+08:00,12.858399391174316,12.858399391174316,12.858399391174316,12.858399391174316,1600,0.0,0.0
2014-10-21 00:00:00+08:00,12.093019113158517,12.467205246088493,12.07601117189724,12.450196266174316,19217,0.0,0.0
2014-10-22 00:00:00+08:00,12.416180383651765,12.450196266174316,12.416180383651765,12.450196266174316,105654,0.0,0.0
2014-10-23 00:00:00+08:00,12.416180383651765,12.450196266174316,12.416180383651765,12.450196266174316,17609,0.0,0.0
2014-10-24 00:00:00+08:00,12.07601117189724,12.450196266174316,12.07601117189724,12.450196266174316,32016,0.0,0.0
2014-10-27 00:00:00+08:00,12.450195691296914,12.450195691296914,11.667807579040527,11.667807579040527,14407,0.0,0.0
2014-10-28 00:00:00+08:00,12.041992412245655,12.041992412245655,12.007976531982422,12.007976531982422,3201,0.0,0.0
2014-10-29 00:00:00+08:00,11.616782875906695,12.059002876281738,11.616782875906695,12.059002876281738,3201,0.0,0.0
2014-10-30 00:00:00+08:00,12.059002876281738,12.059002876281738,12.059002876281738,12.059002876281738,3201,0.0,0.0
2014-10-31 00:00:00+08:00,12.212079163533245,12.212079163533245,11.905927877873815,12.19507122039795,6403,0.0,0.0
2014-11-03 00:00:00+08:00,11.395671399885334,11.565756001137972,11.344645500183107,11.344645500183105,112442,0.0,0.0
2014-11-04 00:00:00+08:00,10.562257705022624,11.208579210095126,10.562257705022624,10.885417938232422,83243,0.0,0.0
2014-11-05 00:00:00+08:00,10.834392650634813,10.88541855483101,10.681317015352157,10.715333938598633,75239,0.0,0.0
2014-11-06 00:00:00+08:00,10.715332720949739,11.225586511663607,10.715332720949739,10.953451156616211,38419,0.0,0.0
2014-11-07 00:00:00+08:00,11.463706613716393,11.463706613716393,10.98746967315674,10.987469673156738,6403,0.0,0.0
2014-11-10 00:00:00+08:00,10.868410337741768,11.055502891540527,10.868410337741768,11.055502891540527,12806,0.0,0.0
2014-11-11 00:00:00+08:00,11.225587503472553,11.361655193018175,11.055502891540527,11.055502891540527,1655258,0.0,0.0
2014-11-12 00:00:00+08:00,11.344646212498503,11.344646212498503,11.055502891540527,11.055502891540527,14407,0.0,0.0
2014-11-13 00:00:00+08:00,11.327638284937352,11.327638284937352,11.055502905502433,11.157553672790527,16008,0.0,0.0
2014-11-14 00:00:00+08:00,11.276612847366572,11.276612847366572,10.902426719665527,10.902426719665527,9604,0.0,0.0
2014-11-17 00:00:00+08:00,10.766358969443061,11.208580017089844,10.766358969443061,11.208580017089844,4802,0.0,0.0
2014-11-18 00:00:00+08:00,11.123536422158109,11.157553343583794,11.055502579306737,11.089519500732422,11205,0.0,0.0
2014-11-19 00:00:00+08:00,11.48071464771828,11.48071464771828,10.562257766723633,10.562257766723633,24012,0.0,0.0
2014-11-20 00:00:00+08:00,10.970461510307237,11.123537147376402,10.800376892089844,10.800376892089844,21009,0.0,0.0
2014-11-21 00:00:00+08:00,11.106527765406732,11.106527765406732,10.749349594116211,10.749349594116211,24012,0.0,0.0
2014-11-24 00:00:00+08:00,11.021485569468945,11.089519411774564,10.273113304107138,10.579265594482422,73638,0.0,0.0
2014-11-25 00:00:00+08:00,10.545248078708154,11.02148494799362,10.545248078708154,10.749349594116211,37883,0.0,0.0
2014-11-26 00:00:00+08:00,10.749350235717364,11.038494585796817,10.477214865596892,10.783367156982422,393359,0.0,0.0
2014-11-27 00:00:00+08:00,10.868409979471522,10.868409979471522,10.647299471922187,10.783367156982422,8079,0.0,0.0
2014-11-28 00:00:00+08:00,10.90242755876602,11.293621657598749,10.851401654462249,10.919435501098633,27215,0.0,0.0
2014-12-01 00:00:00+08:00,10.851401130309632,11.05550266036012,10.851401130309632,10.868410110473633,9604,0.0,0.0
2014-12-02 00:00:00+08:00,10.98746967315674,10.98746967315674,10.98746967315674,10.987469673156738,12899,0.0,0.0
2014-12-03 00:00:00+08:00,11.225584983825682,11.225584983825682,11.225584983825682,11.225584983825684,99251,0.0,0.0
2014-12-04 00:00:00+08:00,10.98746967315674,10.98746967315674,10.98746967315674,10.987469673156738,28907,0.0,0.0
2014-12-05 00:00:00+08:00,10.987466880554598,11.191568374633787,10.885416133515003,11.191568374633789,43222,0.0,0.0
2014-12-08 00:00:00+08:00,11.191570910373187,11.225587833760464,11.055503216824077,11.123537063598633,28957,0.0,0.0
2014-12-09 00:00:00+08:00,11.20857956160582,11.20857956160582,11.055502891540527,11.055502891540527,19209,0.0,0.0
2014-12-10 00:00:00+08:00,11.20858020060022,11.20858020060022,10.936443767341705,10.987469673156738,6403,0.0,0.0
2014-12-11 00:00:00+08:00,10.970459938049316,11.225586309484866,10.970459938049316,10.970459938049316,9604,0.0,0.0
2014-12-12 00:00:00+08:00,10.953452124381311,11.310630328765036,10.953452124381311,11.055502891540527,27214,0.0,0.0
2014-12-15 00:00:00+08:00,11.225587517649256,11.39567212979608,10.885418293355608,11.157553672790527,44823,0.0,0.0
2014-12-16 00:00:00+08:00,11.157551458953924,11.412678845879277,11.157551458953924,11.191568374633789,338356,0.0,0.0
2014-12-17 00:00:00+08:00,10.953449665816771,11.361652642830139,10.919432751065658,11.225584983825684,11205,0.0,0.0
2014-12-18 00:00:00+08:00,11.22558660298558,11.667807597187984,11.22558660298558,11.361654281616211,36819,0.0,0.0
2014-12-19 00:00:00+08:00,11.497721735933965,11.565755573921985,11.276612281799316,11.276612281799316,24012,0.0,0.0
2014-12-22 00:00:00+08:00,11.191568069074568,11.429686472332365,11.191568069074568,11.225584983825684,11205,0.0,0.0
2014-12-23 00:00:00+08:00,11.429689093986871,11.463706016540526,11.395672171433217,11.463706016540527,6640,0.0,0.0
2014-12-24 00:00:00+08:00,11.463703462734305,11.463703462734305,11.106526374816893,11.106526374816895,20958,0.0,0.0
2014-12-25 00:00:00+08:00,11.191571035878976,11.242596940858597,11.191571035878976,11.208580017089844,16008,0.0,0.0
2014-12-26 00:00:00+08:00,11.3956725784915,11.412681559702367,11.089520264572714,11.208580017089844,19209,0.0,0.0
2014-12-29 00:00:00+08:00,11.344645129095197,11.531738703679627,11.344645129095197,11.480713844299316,17919,0.0,0.0
2014-12-30 00:00:00+08:00,11.49772326508052,11.531740188598631,11.49772326508052,11.531740188598633,12949,0.0,0.0
2014-12-31 00:00:00+08:00,11.735840797424316,11.735840797424316,11.735840797424316,11.735840797424316,1604,0.0,0.0
2015-01-05 00:00:00+08:00,11.735840855951192,11.735840855951192,11.41268062591553,11.412680625915527,25613,0.0,0.0
2015-01-06 00:00:00+08:00,11.514732246166062,11.531740188598631,11.514732246166062,11.531740188598633,8004,0.0,0.0
2015-01-07 00:00:00+08:00,11.293618960393495,11.395669705975742,11.293618960393495,11.310627937316895,4802,0.0,0.0
2015-01-08 00:00:00+08:00,11.242596232859759,11.497722625732422,11.225587252720027,11.497722625732422,8060,0.0,0.0
2015-01-09 00:00:00+08:00,11.395671844482422,11.395671844482422,11.395671844482422,11.395671844482422,3201,0.0,0.0
2015-01-12 00:00:00+08:00,11.66780731881,11.905925750732424,11.633789361311111,11.905925750732422,41621,0.0,0.0
2015-01-13 00:00:00+08:00,11.905927332755196,11.905927332755196,11.769858600637733,11.83789348602295,12813,0.0,0.0
2015-01-14 00:00:00+08:00,11.837891913040302,12.024984447367219,11.837891913040302,11.905925750732422,55579,0.0,0.0
2015-01-15 00:00:00+08:00,11.93994204907883,12.365154068872508,11.93994204907883,11.973958969116211,40971,0.0,0.0
2015-01-16 00:00:00+08:00,12.076010144434004,12.076010144434004,11.922933492842239,12.0419921875,8004,0.0,0.0
2015-01-19 00:00:00+08:00,12.041993122693253,12.041993122693253,11.939942359924316,11.939942359924316,20810,0.0,0.0
2015-01-20 00:00:00+08:00,11.939942359924316,11.939942359924316,11.939942359924316,11.939942359924316,0,0.0,0.0
2015-01-21 00:00:00+08:00,11.90592683562361,12.21207809448242,11.735841187241943,12.212078094482422,11205,0.0,0.0
2015-01-22 00:00:00+08:00,12.178060531616211,12.178060531616211,12.178060531616211,12.178060531616211,0,0.0,0.0
2015-01-23 00:00:00+08:00,11.905925750732424,11.939941630925652,11.837891913040302,11.905925750732422,11205,0.0,0.0
2015-01-26 00:00:00+08:00,12.076011657714844,12.076011657714844,12.076011657714844,12.076011657714844,1600,0.0,0.0
2015-01-27 00:00:00+08:00,11.905925495604453,12.144043922424316,11.905925495604453,12.144043922424316,3248,0.0,0.0
2015-01-28 00:00:00+08:00,11.905925750732424,11.905925750732424,11.905925750732424,11.905925750732422,1600,0.0,0.0
2015-01-29 00:00:00+08:00,11.803874128394991,11.803874128394991,11.786866188049316,11.786866188049316,3257,0.0,0.0
2015-01-30 00:00:00+08:00,11.599772828051709,11.871908187866211,11.599772828051709,11.871908187866211,11279,0.0,0.0
2015-02-02 00:00:00+08:00,11.973959243135214,11.973959243135214,11.735840797424316,11.735840797424316,3300,0.0,0.0
2015-02-03 00:00:00+08:00,11.803875238710281,12.076011657714844,11.803875238710281,12.076011657714844,10301,0.0,0.0
2015-02-04 00:00:00+08:00,12.076010344962725,12.076010344962725,11.905925750732424,11.905925750732422,328170,0.0,0.0
2015-02-05 00:00:00+08:00,11.939942359924316,11.939942359924316,11.939942359924316,11.939942359924316,6404,0.0,0.0
2015-02-06 00:00:00+08:00,11.905925750732424,11.905925750732424,11.905925750732424,11.905925750732422,1600,0.0,0.0
2015-02-09 00:00:00+08:00,11.905925750732424,11.905925750732424,11.905925750732424,11.905925750732422,4802,0.0,0.0
2015-02-10 00:00:00+08:00,11.905925750732424,11.905925750732424,11.905925750732424,11.905925750732422,0,0.0,0.0
2015-02-11 00:00:00+08:00,11.905925750732424,11.905925750732424,11.905925750732424,11.905925750732422,1600,0.0,0.0
2015-02-12 00:00:00+08:00,11.905925750732424,11.905925750732424,11.905925750732424,11.905925750732422,11205,0.0,0.0
2015-02-13 00:00:00+08:00,11.905925750732424,11.905925750732424,11.905925750732424,11.905925750732422,8004,0.0,0.0
2015-02-24 00:00:00+08:00,12.076010144434004,12.348144452030718,12.0419921875,12.0419921875,24012,0.0,0.0
2015-02-25 00:00:00+08:00,12.144044280136827,12.314128875732422,12.144044280136827,12.314128875732422,187646,0.0,0.0
2015-02-26 00:00:00+08:00,11.905924954731514,12.416178703308105,11.905924954731514,12.416178703308105,14911,0.0,0.0
2015-03-02 00:00:00+08:00,12.246096055081095,12.246096055081095,12.21207809448242,12.212078094482422,3201,0.0,0.0
2015-03-03 00:00:00+08:00,12.48421382904053,12.48421382904053,12.48421382904053,12.484213829040527,1600,0.0,0.0
2015-03-04 00:00:00+08:00,12.55224777050302,13.351645918483797,12.55224777050302,12.994467735290527,168847,0.0,0.0
2015-03-05 00:00:00+08:00,12.654298831879933,12.994468043634457,12.450196266174316,12.450196266174316,54428,0.0,0.0
2015-03-06 00:00:00+08:00,12.450195913931415,12.450195913931415,12.280111312866213,12.280111312866211,9604,0.0,0.0
2015-03-09 00:00:00+08:00,12.280112889813307,12.280112889813307,11.973960568581482,12.110028266906738,15960,0.0,0.0
2015-03-10 00:00:00+08:00,11.973958969116211,11.973958969116211,11.973958969116211,11.973958969116211,11770,0.0,0.0
2015-03-11 00:00:00+08:00,12.024986474779956,12.382163663557249,12.024986474779956,12.110028266906738,14407,0.0,0.0
2015-03-12 00:00:00+08:00,12.05900339936127,12.178062116069366,12.007978531815802,12.110028266906738,8004,0.0,0.0
2015-03-13 00:00:00+08:00,12.280110556240004,12.280110556240004,12.144043922424316,12.144043922424316,24154,0.0,0.0
2015-03-16 00:00:00+08:00,12.144043922424316,12.144043922424316,12.144043922424316,12.144043922424316,0,0.0,0.0
2015-03-17 00:00:00+08:00,12.110027878409856,12.246096611022951,12.110027878409856,12.24609661102295,3315,0.0,0.0
2015-03-18 00:00:00+08:00,12.246094120449241,12.416178703308105,12.246094120449241,12.416178703308105,14463,0.0,0.0
2015-03-19 00:00:00+08:00,12.620280818190615,13.28361129760742,12.620280818190615,13.283611297607422,377626,0.0,0.0
2015-03-20 00:00:00+08:00,14.01497545087034,14.15104313335829,13.36865395905258,13.504721641540527,140943,0.0,0.0
2015-03-23 00:00:00+08:00,13.606773992335526,13.606773992335526,13.266604746392439,13.334638595581055,58659,0.0,0.0
2015-03-24 00:00:00+08:00,13.19857089720382,13.74284169071276,13.19857089720382,13.334638595581055,36985,0.0,0.0
2015-03-25 00:00:00+08:00,13.317629583185196,13.351647546353908,12.926435470581055,12.926435470581055,62441,0.0,0.0
2015-03-26 00:00:00+08:00,13.232584831184402,13.249592770311196,12.824381828308105,12.824381828308105,16763,0.0,0.0
2015-03-27 00:00:00+08:00,12.127035969357314,12.790366448050962,11.973959305561511,12.552248001098633,69024,0.0,0.0
2015-03-30 00:00:00+08:00,12.586264115117286,13.419679145342068,12.586264115117286,13.164551734924316,78440,0.0,0.0
2015-03-31 00:00:00+08:00,13.572757075283905,13.606773999897118,13.300621678378203,13.436689376831055,22411,0.0,0.0
2015-04-01 00:00:00+08:00,13.436688724562446,13.436688724562446,13.266604109752944,13.300621032714844,32016,0.0,0.0
2015-04-02 00:00:00+08:00,13.436689376831055,13.606773999897118,13.436689376831055,13.436689376831055,14407,0.0,0.0
2015-04-07 00:00:00+08:00,13.266604945815985,13.606774196872495,13.266604945815985,13.31762981414795,27500,0.0,0.0
2015-04-08 00:00:00+08:00,13.334637543554996,13.70882368457126,13.334637543554996,13.453696250915527,25555,0.0,0.0
2015-04-09 00:00:00+08:00,13.453695741281106,13.74284008589444,13.436687800296554,13.504721641540527,30417,0.0,0.0
2015-04-10 00:00:00+08:00,13.35164730048336,13.92993500660123,13.35164730048336,13.77685832977295,17610,0.0,0.0
2015-04-13 00:00:00+08:00,13.980956035379128,14.729328155517578,13.94693912082738,14.729328155517578,451232,0.0,0.0
2015-04-14 00:00:00+08:00,15.511722022964197,15.61377279158064,14.64428997039795,14.64428997039795,256342,0.0,0.0
2015-04-15 00:00:00+08:00,14.62728001767664,14.899415382570874,14.355144652782405,14.542238235473633,75239,0.0,0.0
2015-04-16 00:00:00+08:00,14.45719689240055,14.899416905556436,14.287112271955978,14.69531536102295,78440,0.0,0.0
2015-04-17 00:00:00+08:00,14.695314497239156,15.307619094848633,14.695314497239156,15.307619094848633,56109,0.0,0.0
2015-04-20 00:00:00+08:00,15.358643352112106,16.260092210246093,15.34163541221573,15.902914047241211,188318,0.0,0.0
2015-04-21 00:00:00+08:00,15.902915063369624,16.158042487339355,14.83138154454137,15.171550750732422,150777,0.0,0.0
2015-04-22 00:00:00+08:00,15.307619421277115,15.37565326690674,14.950442251048068,15.375653266906738,11205,0.0,0.0
2015-04-23 00:00:00+08:00,15.64778943963866,16.26009511987966,15.64778943963866,15.69881534576416,123263,0.0,0.0
2015-04-24 00:00:00+08:00,15.171554031393192,15.987961341442576,15.171554031393192,15.732833862304688,53944,0.0,0.0
2015-04-27 00:00:00+08:00,15.987960209964566,16.821374367040463,15.970951227854325,16.668298721313477,208421,0.0,0.0
2015-04-28 00:00:00+08:00,16.83838192701352,17.008466540485728,16.15804347312468,16.515220642089844,156514,0.0,0.0
2015-04-29 00:00:00+08:00,17.008464813232422,17.586752440311344,16.73632945931293,17.008464813232422,137722,0.0,0.0
2015-04-30 00:00:00+08:00,17.008466258171374,18.199058532714844,17.008466258171374,18.199058532714844,350738,0.0,0.0
2015-05-04 00:00:00+08:00,18.947429386001335,18.947429386001335,17.348634166865534,17.722820281982422,272811,0.0,0.0
2015-05-05 00:00:00+08:00,17.620773315429688,18.16504411337599,17.620773315429688,17.620773315429688,131628,0.0,0.0
2015-05-06 00:00:00+08:00,17.68880668495976,17.68880668495976,17.38265333077336,17.484703063964844,62432,0.0,0.0
2015-05-07 00:00:00+08:00,17.484700036740968,17.484700036740968,17.17854881286621,17.17854881286621,77779,0.0,0.0
2015-05-08 00:00:00+08:00,17.17854932607523,18.369142532348633,17.17854932607523,18.369142532348633,190498,0.0,0.0
2015-05-11 00:00:00+08:00,18.709313601627485,19.627769470214844,18.709313601627485,19.627769470214844,466561,0.0,0.0
2015-05-12 00:00:00+08:00,20.069987474596818,20.988445281982422,19.96793568386261,20.988445281982422,804375,0.0,0.0
2015-05-13 00:00:00+08:00,21.70279784312686,22.451169967651364,21.328612819517314,22.451169967651367,434473,0.0,0.0
2015-05-14 00:00:00+08:00,23.30159672807464,24.015953063964844,23.30159672807464,24.015953063964844,393711,0.0,0.0
2015-05-15 00:00:00+08:00,25.512696371389318,25.682779919817644,24.152019674740412,24.764324188232422,776308,0.0,0.0
2015-05-18 00:00:00+08:00,24.492191012051315,26.36312267383691,23.641766962883565,26.193037033081055,591421,0.0,0.0
2015-05-19 00:00:00+08:00,26.022949959408333,27.179527267329025,25.512697219848633,25.512697219848633,387689,0.0,0.0
2015-05-20 00:00:00+08:00,27.28157615661621,27.28157615661621,27.28157615661621,27.28157615661621,250224,0.0,0.0
2015-05-21 00:00:00+08:00,29.1865234375,29.1865234375,29.1865234375,29.1865234375,297858,0.0,0.0
2015-05-22 00:00:00+08:00,31.227542877197266,31.227542877197266,30.615238318556706,31.227542877197266,847290,0.0,0.0
2015-05-25 00:00:00+08:00,33.30257796330966,33.4046297740222,30.00293529473126,30.61524200439453,1144996,0.0,0.0
2015-05-26 00:00:00+08:00,30.615239491834874,32.316085553240754,30.615239491834874,32.145999908447266,658338,0.0,0.0
2015-05-27 00:00:00+08:00,32.35010143581597,32.996423977803104,31.60172916879738,32.145999908447266,436402,0.0,0.0
2015-05-28 00:00:00+08:00,32.0779630771522,34.35709762573242,31.83984568939468,34.35709762573242,968817,0.0,0.0
2015-05-29 00:00:00+08:00,36.738285064697266,36.738285064697266,36.0579466831998,36.738285064697266,900682,0.0,0.0
2015-06-01 00:00:00+08:00,38.779300018935174,40.310062408447266,35.88786087310375,40.310062408447266,1073545,0.0,0.0
2015-06-02 00:00:00+08:00,42.351081873562755,44.22201156616211,40.99040497810655,44.22201156616211,994472,0.0,0.0
2015-06-03 00:00:00+08:00,43.8818441264247,44.90234971389288,40.99040470424533,42.18099594116211,935363,0.0,0.0
2015-06-04 00:00:00+08:00,42.8613366854757,45.922861921470236,42.8613366854757,45.4126091003418,874892,0.0,0.0
2015-06-05 00:00:00+08:00,45.58268815707557,45.58268815707557,40.99040470424533,42.18099594116211,1324115,0.0,0.0
2015-06-08 00:00:00+08:00,43.03141317079187,46.263023376464844,42.69124192614795,46.263023376464844,740609,0.0,0.0
2015-06-09 00:00:00+08:00,47.62370232686756,50.855308532714844,47.45361669639895,50.855308532714844,1215819,0.0,0.0
2015-06-10 00:00:00+08:00,51.19548208787069,55.787765234037906,51.19548208787069,55.617679595947266,1798916,0.0,0.0
2015-06-11 00:00:00+08:00,57.48861646403645,61.060394287109375,57.31853081660162,61.060394287109375,1490007,0.0,0.0
2015-06-12 00:00:00+08:00,62.931326866806906,63.95183664418398,55.787770889003006,58.509124755859375,2186957,0.0,0.0
2015-06-15 00:00:00+08:00,58.50912337596446,60.89031003061117,55.44760242526071,55.957855224609375,1079655,0.0,0.0
2015-06-16 00:00:00+08:00,52.72624122662042,52.72624122662042,50.515140533447266,50.515140533447266,164896,0.0,0.0
2015-06-17 00:00:00+08:00,45.92285867101234,45.92285867101234,45.58268737792969,45.58268737792969,284947,0.0,0.0
2015-06-18 00:00:00+08:00,41.160489650136775,45.58268737792969,41.160489650136775,45.58268737792969,1222573,0.0,0.0
2015-06-22 00:00:00+08:00,45.07243566447518,45.58268846161832,44.22201156616211,44.22201156616211,287150,0.0,0.0
2015-06-23 00:00:00+08:00,45.922859975476825,48.304046630859375,45.412607175970486,48.304046630859375,229591,0.0,0.0
2015-06-24 00:00:00+08:00,47.62370341139396,47.96387052546649,43.54166896024416,45.922855377197266,181082,0.0,0.0
2015-06-25 00:00:00+08:00,47.45361737004656,48.3040413798509,45.92285498332102,47.62370300292969,191473,0.0,0.0
2015-06-26 00:00:00+08:00,47.623706633984426,49.32455062866211,47.623706633984426,49.32455062866211,165404,0.0,0.0
2015-06-29 00:00:00+08:00,49.32455537535876,49.494641037578035,47.793792724609375,47.793792724609375,125946,0.0,0.0
2015-06-30 00:00:00+08:00,49.324551994265235,50.00489044189454,47.793789448446375,50.00489044189453,127440,0.0,0.0
2015-07-01 00:00:00+08:00,54.08692367904237,54.93734359741211,54.08692367904237,54.93734359741211,291909,0.0,0.0
2015-07-02 00:00:00+08:00,60.38005517172588,60.38005517172588,54.93734359741211,54.93734359741211,1330408,0.0,0.0
2015-07-03 00:00:00+08:00,54.93734417811565,59.18946458796862,53.06641452146968,57.14844512939453,977346,0.0,0.0
2015-07-06 00:00:00+08:00,56.12794405061255,57.48862102891215,53.57667160034179,53.5766716003418,542061,0.0,0.0
2015-07-07 00:00:00+08:00,54.93733861210597,55.10742424219009,48.64420769049461,54.427085876464844,527455,0.0,0.0
2015-07-08 00:00:00+08:00,53.746753981161554,54.25700677823058,50.00489044189454,50.00489044189453,454749,0.0,0.0
2015-07-09 00:00:00+08:00,46.7732859979057,50.34506405030534,45.58269054403119,47.283538818359375,567769,0.0,0.0
2015-07-10 00:00:00+08:00,47.283538818359375,47.283538818359375,47.283538818359375,47.283538818359375,0,0.0,0.0
2015-07-13 00:00:00+08:00,51.8758201599121,51.8758201599121,51.8758201599121,51.87582015991211,126257,0.0,0.0
2015-07-14 00:00:00+08:00,56.978363037109375,56.978363037109375,56.978363037109375,56.978363037109375,101574,0.0,0.0
2015-07-15 00:00:00+08:00,57.65870039350451,60.209968410563995,55.95785227905715,56.29801940917969,1065758,0.0,0.0
2015-07-16 00:00:00+08:00,58.33904446720026,58.33904446720026,54.93734790834378,55.27751922607422,343640,0.0,0.0
2015-07-17 00:00:00+08:00,55.787765909947915,58.50911953392362,54.93734186380264,57.82878112792969,552764,0.0,0.0
2015-07-20 00:00:00+08:00,58.84929038487173,59.01937602378217,55.27751274080984,55.78776550292969,504909,0.0,0.0
2015-07-21 00:00:00+08:00,55.447599925119185,56.127938345111424,53.40658466514249,54.76726150512695,314250,0.0,0.0
2015-07-22 00:00:00+08:00,54.42709438803191,54.42709438803191,51.365569186186846,52.896331787109375,332010,0.0,0.0
2015-07-23 00:00:00+08:00,52.55616725406578,53.57667293592407,48.13396488704751,50.34506607055664,541216,0.0,0.0
2015-07-24 00:00:00+08:00,51.02539724933832,52.72624534767382,49.32454915100282,52.38607406616211,525835,0.0,0.0
2015-07-27 00:00:00+08:00,52.045908170021576,52.72625080344241,47.283538818359375,47.283538818359375,620582,0.0,0.0
2015-07-28 00:00:00+08:00,44.39209694919612,48.98438455964195,44.39209694919612,47.96387481689453,479456,0.0,0.0
2015-07-29 00:00:00+08:00,48.64421475318752,52.72624969482422,46.092946549949964,52.72624969482422,723101,0.0,0.0
2015-07-30 00:00:00+08:00,52.72624272821037,53.74674821282329,50.68522344976193,51.19548034667969,468077,0.0,0.0
2015-07-31 00:00:00+08:00,50.68523324630537,52.8963344298145,49.834809075015386,50.34506607055664,310890,0.0,0.0
2015-08-03 00:00:00+08:00,50.00488897580082,50.85531304905679,47.45362091064453,47.45362091064453,378751,0.0,0.0
2015-08-04 00:00:00+08:00,47.623706827202305,48.64421239722695,43.54167208326873,45.58268737792969,541528,0.0,0.0
2015-08-05 00:00:00+08:00,45.58269204317458,49.32455587699347,44.39210070475533,48.13396453857422,585679,0.0,0.0
2015-08-06 00:00:00+08:00,47.96387477871079,47.96387477871079,46.09294509887695,46.09294509887695,285107,0.0,0.0
2015-08-07 00:00:00+08:00,44.902349743263976,48.30404611601425,44.222011299636264,47.96387481689453,444710,0.0,0.0
2015-08-10 00:00:00+08:00,47.283536877234916,49.834805029378394,47.283536877234916,48.304046630859375,531494,0.0,0.0
2015-08-11 00:00:00+08:00,48.984389058337506,52.045910258524515,46.0929493687188,50.34506607055664,1045620,0.0,0.0
2015-08-12 00:00:00+08:00,51.1954890532416,53.40659018541563,49.66472641138174,51.70574188232422,822114,0.0,0.0
2015-08-13 00:00:00+08:00,52.38607563553822,52.38607563553822,49.32455062866211,49.32455062866211,491855,0.0,0.0
2015-08-14 00:00:00+08:00,49.32454796482953,52.045901533033096,49.32454796482953,49.834800720214844,571592,0.0,0.0
2015-08-17 00:00:00+08:00,50.00489044189454,51.02540019064436,49.4946376448255,50.00489044189453,242119,0.0,0.0
2015-08-18 00:00:00+08:00,50.34506174301506,50.685228889523835,49.66472329538576,50.00489044189453,142473,0.0,0.0
2015-08-19 00:00:00+08:00,50.34505970826887,50.34505970826887,46.433110676546946,47.11344909667969,396781,0.0,0.0
2015-08-20 00:00:00+08:00,47.11345072370696,48.13396046645439,45.922859486011404,47.96387481689453,305886,0.0,0.0
2015-08-21 00:00:00+08:00,47.11345274870643,47.62370971931754,43.201507568359375,43.201507568359375,406743,0.0,0.0
2015-08-24 00:00:00+08:00,41.33056890067832,41.50065453799578,38.94938659667969,38.94938659667969,492117,0.0,0.0
2015-08-25 00:00:00+08:00,37.24854193782477,42.691249592640084,37.24854193782477,38.77930450439453,360271,0.0,0.0
2015-08-26 00:00:00+08:00,44.90235539279439,44.90235539279439,42.2830510166188,43.03142547607422,364568,0.0,1.1
2015-08-27 00:00:00+08:00,43.40559899138057,47.334556579589844,43.40559899138057,47.334556579589844,522478,0.0,0.0
2015-08-28 00:00:00+08:00,48.08293680936672,49.392590999434475,46.39909748839904,47.7087516784668,415924,0.0,0.0
2015-08-31 00:00:00+08:00,47.89583590041011,47.89583590041011,46.02490234375,46.02490234375,239214,0.0,0.0
2015-09-01 00:00:00+08:00,45.46363077417215,47.7087497794292,45.46363077417215,46.773284912109375,94290,0.0,0.0
2015-09-02 00:00:00+08:00,45.83781722589962,47.70874684548263,45.65072260209668,47.52165222167969,187273,0.0,0.0
2015-09-03 00:00:00+08:00,48.457115173748214,52.198978424072266,48.457115173748214,52.198978424072266,851437,0.0,0.0
2015-09-04 00:00:00+08:00,52.38607729642899,53.13445166913461,49.76677322387695,49.76677322387695,429568,0.0,0.0
2015-09-07 00:00:00+08:00,49.76676626538093,50.702230984505455,49.0183919973146,50.515140533447266,157259,0.0,0.0
2015-09-08 00:00:00+08:00,51.6376981518664,52.19897784087464,50.51514292846132,50.88932800292969,157344,0.0,0.0
2015-09-09 00:00:00+08:00,50.88933038046194,53.13444924138607,50.88933038046194,51.26351547241211,292733,0.0,0.0
2015-09-10 00:00:00+08:00,47.89584233622183,48.270027435989036,46.21200315535192,46.39909362792969,1043674,0.0,0.0
2015-09-11 00:00:00+08:00,46.399093627929695,47.89584233622183,45.276538328628085,46.39909362792969,457121,0.0,0.0
2015-09-14 00:00:00+08:00,46.39909555497876,46.77328482489847,43.4056063232921,43.59270095825195,371394,0.0,0.0
2015-09-15 00:00:00+08:00,43.77978897094727,44.528159088362266,42.657229640213565,43.779788970947266,227175,0.0,0.0
2015-09-16 00:00:00+08:00,44.153975803557266,44.52816087729779,43.21851104190027,43.405601501464844,117952,0.0,0.0
2015-09-17 00:00:00+08:00,43.40560962762523,44.34107456441485,43.40560962762523,44.15398406982422,109147,0.0,0.0
2015-09-18 00:00:00+08:00,44.1539758499079,47.147464752197266,43.77979077577458,47.147464752197266,337709,0.0,0.0
2015-09-21 00:00:00+08:00,46.773283419755735,46.773283419755735,45.27653884887696,45.27653884887695,138278,0.0,0.0
2015-09-22 00:00:00+08:00,46.02491042637512,46.02491042637512,45.08944556106976,45.46363067626953,103326,0.0,0.0
2015-09-23 00:00:00+08:00,45.837813025755324,45.837813025755324,43.592694364287915,43.779788970947266,146177,0.0,0.0
2015-09-24 00:00:00+08:00,44.341075586855894,44.52817024037281,43.03142547607422,43.03142547607422,90228,0.0,0.0
2015-09-25 00:00:00+08:00,43.40560962762523,44.15398406982422,42.283050041632826,44.15398406982422,87318,0.0,0.0
2015-09-29 00:00:00+08:00,44.15398406982422,44.15398406982422,44.15398406982422,44.15398406982422,0,0.0,0.0
2015-09-30 00:00:00+08:00,44.15397294170099,46.39908739323758,43.40559868811472,46.02490234375,163003,0.0,0.0
2015-10-01 00:00:00+08:00,46.399092688037,47.52165211921092,45.4636278802626,45.65072250366211,202678,0.0,0.0
2015-10-02 00:00:00+08:00,45.650719719067546,46.21199940041766,45.27653464970457,45.83781433105469,180378,0.0,0.0
2015-10-05 00:00:00+08:00,46.02490926353403,50.32805252075195,46.02490926353403,50.32805252075195,806892,0.0,0.0
2015-10-06 00:00:00+08:00,52.760254628791074,54.818278657120985,51.2635102586067,51.6376953125,1263035,0.0,0.0
2015-10-07 00:00:00+08:00,52.38606957489777,55.19246371101429,51.63769531250001,51.6376953125,834613,0.0,0.0
2015-10-08 00:00:00+08:00,52.198985132256176,52.573174413604306,46.58619161276579,46.96037673950195,835036,0.0,0.0
2015-10-12 00:00:00+08:00,45.46363415040725,46.39909908719687,43.592704276828016,44.15398406982422,587440,0.0,0.0
2015-10-13 00:00:00+08:00,44.15397779979916,45.650722317041826,44.15397779979916,44.341068267822266,296057,0.0,0.0
2015-10-14 00:00:00+08:00,44.15398508795123,44.52817024037281,42.65724032365264,43.03142547607422,427909,0.0,0.0
2015-10-15 00:00:00+08:00,43.40561062849581,43.966890434434305,43.03142547607422,43.03142547607422,132932,0.0,0.0
2015-10-16 00:00:00+08:00,43.77979270914138,46.0249074076996,43.21851299584894,44.341068267822266,354569,0.0,0.0
2015-10-19 00:00:00+08:00,44.902350939135424,44.902350939135424,43.59270095825195,43.59270095825195,145093,0.0,0.0
2015-10-20 00:00:00+08:00,43.77979993552964,44.341075586855894,43.03142547607422,43.03142547607422,184063,0.0,0.0
2015-10-21 00:00:00+08:00,43.218511436356984,43.592696513512706,42.65723174331769,42.844322204589844,160810,0.0,0.0
2015-10-22 00:00:00+08:00,43.0314112676344,43.592690888245315,43.0314112676344,43.218505859375,106341,0.0,0.0
2015-10-23 00:00:00+08:00,43.592704276828016,44.15398406982422,43.40560962762523,44.15398406982422,170994,0.0,0.0
2015-10-26 00:00:00+08:00,44.52815553772654,44.52815553772654,43.0314112676344,43.218505859375,181113,0.0,0.0
2015-10-27 00:00:00+08:00,43.218505859375,43.96687591711563,43.0314112676344,43.218505859375,80041,0.0,0.0
2015-10-28 00:00:00+08:00,43.21851044053534,43.40560089749664,40.59920665157528,42.095951080322266,313617,0.0,0.0
2015-10-29 00:00:00+08:00,42.84431914707791,42.84431914707791,39.28955078125,39.28955078125,425988,0.0,0.0
2015-10-30 00:00:00+08:00,38.72827900731638,38.915373647911615,37.044439705795156,37.34379196166992,491846,0.0,0.0
2015-11-02 00:00:00+08:00,38.354085077779246,40.973388671875,37.60571084177574,40.973388671875,855557,0.0,0.0
2015-11-03 00:00:00+08:00,41.5346693931881,41.5346693931881,39.10246033332924,39.28955078125,521157,0.0,0.0
2015-11-04 00:00:00+08:00,38.915375747260875,39.47665554471371,38.72828109657253,39.10247039794922,155455,0.0,0.0
2015-11-05 00:00:00+08:00,39.28955181588111,40.03792609110482,39.28955181588111,39.476646423339844,157613,0.0,0.0
2015-11-06 00:00:00+08:00,39.2895540372269,39.2895540372269,37.418624475306174,37.97990417480469,209608,0.0,0.0
2015-11-09 00:00:00+08:00,37.79281290258776,38.91537240096563,37.79281290258776,38.54118728637695,152806,0.0,0.0
2015-11-10 00:00:00+08:00,37.79281083565712,37.79281083565712,37.04443649279735,37.194114685058594,188017,0.0,0.0
2015-11-11 00:00:00+08:00,38.35409164428711,40.037930847622626,37.97990653952756,38.35409164428711,488253,0.0,0.0
2015-11-12 00:00:00+08:00,35.17350454318037,36.25864332173634,34.53738784790039,34.53738784790039,729917,0.0,0.0
2015-11-13 00:00:00+08:00,33.676760110982414,34.79931947378372,33.115480429581766,34.53738784790039,522059,0.0,0.0
2015-11-16 00:00:00+08:00,33.676761627197266,34.76190253191475,33.676761627197266,33.676761627197266,160631,0.0,0.0
2015-11-17 00:00:00+08:00,34.42513320709722,34.98641498015168,34.27545917551241,34.76190185546875,163729,0.0,0.0
2015-11-18 00:00:00+08:00,34.76190631756556,34.76190631756556,33.67676529467374,33.71418380737305,161683,0.0,0.0
2015-11-19 00:00:00+08:00,33.863856976793315,34.200625659627946,33.71418292989167,33.93869400024414,161392,0.0,0.0
2015-11-20 00:00:00+08:00,33.93869235199152,34.38771654819526,33.30257560624699,33.37741470336914,176091,0.0,0.0
2015-11-23 00:00:00+08:00,33.67676278263441,33.67676278263441,33.003227526981725,33.37741470336914,175216,0.0,0.0
2015-11-24 00:00:00+08:00,33.11547879485301,33.302571320315614,33.00322327957545,33.04064178466797,254345,0.0,0.0
2015-11-25 00:00:00+08:00,32.928389377404635,34.35029685974121,32.928389377404635,33.676761627197266,156444,0.0,0.0
2015-11-26 00:00:00+08:00,33.489672731177215,33.901276370869574,33.489672731177215,33.71418380737305,111112,0.0,0.0
2015-11-27 00:00:00+08:00,33.52708859808693,34.57480894829262,33.414833068847656,33.414833068847656,324459,0.0,0.0
2015-11-30 00:00:00+08:00,33.152899967036205,33.152899967036205,30.45875907441375,31.431644439697266,294931,0.0,0.0
2015-12-01 00:00:00+08:00,31.431649715029984,32.06776653684553,31.431649715029984,31.54390525817871,130685,0.0,0.0
2015-12-02 00:00:00+08:00,31.768416344476172,31.880671887624903,31.506486743795804,31.54390525817871,113949,0.0,0.0
2015-12-03 00:00:00+08:00,31.543897710760373,31.618734721620154,30.421338393252483,31.05745506286621,180173,0.0,0.0
2015-12-04 00:00:00+08:00,31.132298661781636,31.281974792480465,30.608437397600778,31.28197479248047,83388,0.0,0.0
2015-12-07 00:00:00+08:00,32.180014499557316,34.387712560014144,31.843245872135448,32.92838668823242,1401017,0.0,0.0
2015-12-08 00:00:00+08:00,33.26515897677954,33.26515897677954,31.020040086353433,31.58131980895996,525938,0.0,0.0
2015-12-09 00:00:00+08:00,31.281971731466246,31.91808639614038,30.30908632500005,31.58131980895996,236195,0.0,0.0
2015-12-10 00:00:00+08:00,31.132294128434786,31.543899792634843,30.60843294053627,31.020038604736328,109293,0.0,0.0
2015-12-11 00:00:00+08:00,31.768412167151975,31.768412167151975,29.37362132962577,30.683273315429688,195301,0.0,0.0
2015-12-14 00:00:00+08:00,29.111688780264924,30.047155642335213,29.111688780264924,29.52329444885254,151787,0.0,0.0
2015-12-15 00:00:00+08:00,30.009732048794675,30.009732048794675,28.849754333496094,28.849754333496094,156363,0.0,0.0
2015-12-16 00:00:00+08:00,29.036852045315463,30.271666985749842,29.036852045315463,29.448457717895508,118898,0.0,0.0
2015-12-17 00:00:00+08:00,29.560711405770352,29.934896469116207,29.560711405770352,29.93489646911621,51372,0.0,0.0
2015-12-18 00:00:00+08:00,29.93489839469984,31.020039302816546,29.672968833508936,30.383922576904297,101725,0.0,0.0
2015-12-21 00:00:00+08:00,30.683274785447857,30.870367341724542,30.009739505545888,30.795530319213867,67671,0.0,0.0
2015-12-22 00:00:00+08:00,30.758107716639397,30.982618754307868,30.42133908283106,30.870363235473633,58472,0.0,0.0
2015-12-23 00:00:00+08:00,30.870365286107436,30.870365286107436,30.196830051055294,30.83294677734375,99282,0.0,0.0
2015-12-24 00:00:00+08:00,30.870363235473633,30.870363235473633,30.15940953888451,30.870363235473633,139272,0.0,0.0
2015-12-25 00:00:00+08:00,30.832944729195553,30.870363235473633,30.533594601665296,30.870363235473633,32453,0.0,0.0
2015-12-28 00:00:00+08:00,30.87036474084996,31.805829520724977,30.87036474084996,31.431644439697266,121459,0.0,0.0
2015-12-29 00:00:00+08:00,31.39422593159449,31.431644439697262,30.907783248952732,31.431644439697266,46715,0.0,0.0
2015-12-30 00:00:00+08:00,31.730997275434188,31.730997275434188,30.945206409822656,31.24455451965332,59070,0.0,0.0
2015-12-31 00:00:00+08:00,31.16971128569826,31.16971128569826,30.870363235473633,30.870363235473633,66070,0.0,0.0
2016-01-04 00:00:00+08:00,30.683273315429688,31.020039900593424,30.533597200273334,30.683273315429688,41192,0.0,0.0
2016-01-05 00:00:00+08:00,30.383923162422782,31.05745841005606,30.30908614349751,30.683273315429688,58430,0.0,0.0
2016-01-06 00:00:00+08:00,30.68327065587482,30.720687084788484,30.42133903503418,30.42133903503418,54428,0.0,0.0
2016-01-07 00:00:00+08:00,30.30908583174673,30.30908583174673,28.99943385941353,29.860061645507812,129099,0.0,0.0
2016-01-08 00:00:00+08:00,29.860058734498537,31.05745506286621,29.860058734498537,31.05745506286621,135197,0.0,0.0
2016-01-11 00:00:00+08:00,30.496185066631917,31.05746490322376,30.496185066631917,30.982627868652344,55301,0.0,0.0
2016-01-12 00:00:00+08:00,30.982619137234156,31.244548684417996,30.309083938598633,30.309083938598633,49625,0.0,0.0
2016-01-13 00:00:00+08:00,30.383922006661198,30.832946180438405,30.12199245038617,30.53359603881836,42678,0.0,0.0
2016-01-14 00:00:00+08:00,29.373621410861112,29.59813246825784,28.812341690063477,28.812341690063477,225731,0.0,0.0
2016-01-15 00:00:00+08:00,28.999437222081827,28.999437222081827,27.68978509788617,28.587831497192383,142764,0.0,0.0
2016-01-18 00:00:00+08:00,28.32589857959627,29.373620986938473,28.25106156154408,29.373620986938477,73056,0.0,0.0
2016-01-19 00:00:00+08:00,29.298780101992516,30.309083938598633,29.298780101992516,30.309083938598633,102307,0.0,0.0
2016-01-20 00:00:00+08:00,30.30909194668144,30.30909194668144,29.74781211996964,29.78523063659668,59681,0.0,0.0
2016-01-21 00:00:00+08:00,29.56071716275736,31.20713591673252,29.56071716275736,30.346508026123047,90374,0.0,0.0
2016-01-22 00:00:00+08:00,31.24454810479246,31.24454810479246,30.159409352141587,30.458757400512695,64469,0.0,0.0
2016-01-25 00:00:00+08:00,30.496179720358825,30.90778541564941,30.38392418818118,30.907785415649414,47137,0.0,0.0
2016-01-26 00:00:00+08:00,30.90778541564941,30.90778541564941,30.571016741810592,30.907785415649414,65759,0.0,0.0
2016-01-27 00:00:00+08:00,31.0574557180677,31.356805845127628,30.42133903503418,30.42133903503418,48461,0.0,0.0
2016-01-28 00:00:00+08:00,30.53359751795685,31.1697142627459,30.53359751795685,31.094877243041992,72765,0.0,0.0
2016-01-29 00:00:00+08:00,30.945202785041047,31.80583057730018,30.945202785041047,31.656156539916992,204033,0.0,0.0
2016-02-01 00:00:00+08:00,33.452253330720396,34.57481075921505,33.22774018317672,34.387718200683594,446992,0.0,0.0
2016-02-02 00:00:00+08:00,35.098668689437055,35.098668689437055,33.489668683236914,34.238040924072266,218586,0.0,0.0
2016-02-03 00:00:00+08:00,33.489665614764796,35.54768753051758,33.489665614764796,35.54768753051758,276739,0.0,0.0
2016-02-15 00:00:00+08:00,35.547690546665976,36.670249938964844,35.09866845159101,36.670249938964844,246262,0.0,0.0
2016-02-16 00:00:00+08:00,37.04444036535843,37.08186095598853,35.69737388569177,36.29607009887695,193138,0.0,0.0
2016-02-17 00:00:00+08:00,36.48315851798567,36.670248975378335,34.53738784790039,34.53738784790039,166008,0.0,0.0
2016-02-18 00:00:00+08:00,34.83673844446652,35.697368270146775,34.61222532253416,34.8741569519043,180457,0.0,0.0
2016-02-19 00:00:00+08:00,35.17350138412555,35.472849412757384,34.79931634833576,35.28575897216797,88773,0.0,0.0
2016-02-22 00:00:00+08:00,35.32317854941608,35.92187881469726,35.32317854941608,35.921878814697266,122673,0.0,0.0
2016-02-23 00:00:00+08:00,36.25864554152336,36.296066128059614,35.54769178883881,35.88446044921875,85862,0.0,0.0
2016-02-24 00:00:00+08:00,36.258647444266366,36.258647444266366,35.54769365427314,35.8470458984375,77349,0.0,0.0
2016-02-25 00:00:00+08:00,35.84704180086353,36.29606388386592,35.54768959091727,35.921878814697266,121881,0.0,0.0
2016-02-26 00:00:00+08:00,35.73478669919995,36.183808813570536,35.69737026697488,35.80962371826172,76563,0.0,0.0
2016-03-01 00:00:00+08:00,35.809621605703164,35.809621605703164,35.24834191854636,35.360599517822266,42494,0.0,0.0
2016-03-02 00:00:00+08:00,35.360605261902286,36.10897552993791,35.360605261902286,35.39802169799805,73296,0.0,0.0
2016-03-03 00:00:00+08:00,35.54768753051758,35.585108112571156,35.28576007458691,35.54768753051758,74770,0.0,0.0
2016-03-04 00:00:00+08:00,35.39802105010563,36.483164150813906,35.39802105010563,36.445743560791016,105256,0.0,0.0
2016-03-07 00:00:00+08:00,36.96959994490452,40.037925720214844,36.96959994490452,40.037925720214844,500557,0.0,0.0
2016-03-08 00:00:00+08:00,40.0379318993435,40.0379318993435,38.54118728637695,38.54118728637695,253661,0.0,0.0
2016-03-09 00:00:00+08:00,39.66374206542969,41.72177055289578,39.10246647884376,39.66374206542969,422329,0.0,0.0
2016-03-10 00:00:00+08:00,40.59920628683298,43.40560050754176,40.22501706704945,42.657230377197266,750065,0.0,0.0
2016-03-11 00:00:00+08:00,43.40560364131428,46.77328193483603,43.40560364131428,45.65072250366211,1237105,0.0,0.0
2016-03-14 00:00:00+08:00,47.52164982633059,49.20548889184762,46.39909044931923,47.147464752197266,959115,0.0,0.0
2016-03-15 00:00:00+08:00,47.89583258801157,48.64420263523066,44.528154911693186,44.902339935302734,834896,0.0,0.0
2016-03-16 00:00:00+08:00,46.39908897773739,49.392581939697266,44.90234457406308,49.392581939697266,1386240,0.0,0.0
2016-03-17 00:00:00+08:00,52.38607569843977,53.32154051982748,46.77328261550187,48.27002716064453,1932255,0.0,0.0
2016-03-18 00:00:00+08:00,49.579678466957425,51.076423053980605,48.4571189880371,48.45711898803711,1011433,0.0,0.0
2016-03-21 00:00:00+08:00,49.57968148757843,49.57968148757843,47.14747190481091,47.7087516784668,600602,0.0,0.0
2016-03-22 00:00:00+08:00,48.45711990709143,48.45711990709143,44.71526044586998,45.46363067626953,754415,0.0,0.0
2016-03-23 00:00:00+08:00,45.65072336219757,46.773282814483025,44.34106928299398,44.52816390991211,301722,0.0,0.0
2016-03-24 00:00:00+08:00,44.34106510946841,45.089439392089844,43.03141530814499,45.089439392089844,278617,0.0,0.0
2016-03-25 00:00:00+08:00,45.08944081310237,46.024905579902274,44.34106650689561,44.71525573730469,197146,0.0,0.0
2016-03-28 00:00:00+08:00,46.212005160795115,47.895844414737894,45.650725409480856,46.773284912109375,551180,0.0,0.0
2016-03-29 00:00:00+08:00,46.773273362572105,46.96036379707147,44.528154911693186,44.902339935302734,343887,0.0,0.0
2016-03-30 00:00:00+08:00,45.089440164188744,45.27653477670068,43.77979034043925,43.966880798339844,205361,0.0,0.0
2016-03-31 00:00:00+08:00,45.65072336219757,45.65072336219757,43.96688418376938,44.52816390991211,316091,0.0,0.0
2016-04-01 00:00:00+08:00,45.08943875372912,45.08943875372912,43.40559975762856,43.779788970947266,173599,0.0,0.0
2016-04-06 00:00:00+08:00,44.34106524777802,44.34106524777802,41.908856092241486,42.657230377197266,217421,0.0,0.0
2016-04-07 00:00:00+08:00,43.21851299584894,44.341068267822266,42.28304403728715,44.341068267822266,175072,0.0,0.0
2016-04-08 00:00:00+08:00,44.71525751309161,45.46362769440716,44.15397779979916,44.341068267822266,181970,0.0,0.0
2016-04-11 00:00:00+08:00,45.08943875372912,45.463623812436616,43.77978897094727,43.779788970947266,202822,0.0,0.0
2016-04-12 00:00:00+08:00,44.15397812250843,44.15397812250843,41.5346741595371,41.90885925292969,240150,0.0,0.0
2016-04-13 00:00:00+08:00,42.657232205875935,43.03141728708918,39.850833710248,41.72176742553711,285238,0.0,0.0
2016-04-14 00:00:00+08:00,42.09594904617263,42.09594904617263,38.91536573079736,39.28955078125,393657,0.0,0.0
2016-04-15 00:00:00+08:00,38.72827178935808,40.412110777054835,38.72827178935808,40.037925720214844,108446,0.0,0.0
2016-04-18 00:00:00+08:00,40.03793534216655,40.59921513961938,39.10247039794922,39.10247039794922,96145,0.0,0.0
2016-04-19 00:00:00+08:00,39.85083669736618,39.85083669736618,38.728277214970774,39.66374206542969,64033,0.0,0.0
2016-04-20 00:00:00+08:00,39.85083043423453,39.85083043423453,39.28955078125,39.28955078125,64033,0.0,0.0
2016-04-21 00:00:00+08:00,39.28956025930047,41.5346794128418,39.28956025930047,41.5346794128418,146860,0.0,0.0
2016-04-22 00:00:00+08:00,41.72177406050761,43.40560927105149,40.786304976790646,41.5346794128418,232993,0.0,0.0
2016-04-25 00:00:00+08:00,40.786304976790646,41.90886455356131,40.786304976790646,41.5346794128418,50935,0.0,0.0
2016-04-26 00:00:00+08:00,41.534671400215736,42.09595108032227,41.16048633168182,42.095951080322266,63128,0.0,0.0
2016-04-27 00:00:00+08:00,41.72176742553711,41.908857888838,41.72176742553711,41.72176742553711,29807,0.0,0.0
2016-04-28 00:00:00+08:00,41.534672746391664,42.283042907714844,41.534672746391664,42.283042907714844,81933,0.0,0.0
2016-04-29 00:00:00+08:00,42.657230377197266,42.657230377197266,41.908856092241486,42.657230377197266,60135,0.0,0.0
2016-05-03 00:00:00+08:00,43.40559966499483,46.77327765000884,43.40559966499483,46.211997985839844,629567,0.0,0.0
2016-05-04 00:00:00+08:00,46.21200368634973,46.21200368634973,44.52816448613171,45.27653884887695,275495,0.0,0.0
2016-05-05 00:00:00+08:00,45.83781722589962,48.08293193847691,45.65072260209668,47.52165222167969,438508,0.0,0.0
2016-05-06 00:00:00+08:00,47.147461623252724,48.27002092576536,45.837811873395395,47.895835876464844,280234,0.0,0.0
2016-05-09 00:00:00+08:00,47.89583790269076,49.39258231782343,47.52164868294913,48.831302642822266,239411,0.0,0.0
2016-05-10 00:00:00+08:00,47.70874127450904,49.01839102436637,47.70874127450904,47.895835876464844,246504,0.0,0.0
2016-05-11 00:00:00+08:00,49.01839427747527,49.01839427747527,46.21199998955826,47.147464752197266,446937,0.0,0.0
2016-05-12 00:00:00+08:00,46.96037013782491,47.334559366569614,45.837814915424936,47.147464752197266,215788,0.0,0.0
2016-05-13 00:00:00+08:00,50.140950326879,50.140950326879,46.77327657395222,47.895835876464844,495763,0.0,0.0
2016-05-16 00:00:00+08:00,49.01839139135411,49.01839139135411,47.334556579589844,47.334556579589844,204936,0.0,0.0
2016-05-17 00:00:00+08:00,47.70874127450904,48.644205975065866,47.33455622520853,47.895835876464844,228671,0.0,0.0
2016-05-18 00:00:00+08:00,47.52165308184296,48.4571179085668,46.399093627929695,46.39909362792969,177775,0.0,0.0
2016-05-19 00:00:00+08:00,46.77327659733626,46.77327659733626,45.83781189631176,46.02490234375,120100,0.0,0.0
2016-05-20 00:00:00+08:00,46.21200558157664,49.39258948311418,45.27654070573899,48.08293533325195,204056,0.0,0.0
2016-05-23 00:00:00+08:00,48.64420766055448,49.392581939697266,48.08292798985021,49.392581939697266,400808,0.0,0.0
2016-05-24 00:00:00+08:00,49.95386049267456,53.50862889118884,49.76676588842233,51.6376953125,845460,0.0,0.0
2016-05-25 00:00:00+08:00,52.38607777045203,52.94735751640713,51.07642364501953,51.07642364501953,474864,0.0,0.0
2016-05-26 00:00:00+08:00,51.637696627517606,53.88281531727446,51.26351156409522,53.13444519042969,767295,0.0,0.0
2016-05-27 00:00:00+08:00,53.50863976481868,55.19247492682065,52.011895090476926,52.7602653503418,695778,0.0,0.0
2016-05-30 00:00:00+08:00,53.134443837295535,53.50862889118884,51.63769531250001,51.6376953125,356091,0.0,0.0
2016-05-31 00:00:00+08:00,52.0118980665504,52.0118980665504,49.579684196290486,50.70224380493164,412058,0.0,0.0
2016-06-01 00:00:00+08:00,50.70223575718107,52.011889810924,50.32805066523091,51.26351547241211,270976,0.0,0.0
2016-06-02 00:00:00+08:00,51.82479518764313,52.57316952615504,51.2635154724121,51.26351547241211,250540,0.0,0.0
2016-06-03 00:00:00+08:00,52.011889810924,52.011889810924,50.70223575718107,51.26351547241211,132684,0.0,0.0
2016-06-06 00:00:00+08:00,52.38607304070247,52.573167657332675,51.63769872879309,52.198978424072266,116501,0.0,0.0
2016-06-07 00:00:00+08:00,52.198978424072266,52.198978424072266,52.198978424072266,52.198978424072266,0,0.0,0.0
2016-06-08 00:00:00+08:00,53.32153564483525,53.88281531727446,52.76025597239604,53.13444519042969,188024,0.0,0.0
2016-06-13 00:00:00+08:00,53.32154817355692,53.32154817355692,50.515153306566276,50.70224380493164,381291,0.0,0.0
2016-06-14 00:00:00+08:00,50.70224380493164,51.26352360925222,50.515153306566276,50.70224380493164,103762,0.0,0.0
2016-06-15 00:00:00+08:00,50.70223300196035,51.45060729980469,50.32804793034386,51.45060729980469,96486,0.0,0.0
2016-06-16 00:00:00+08:00,51.82479030929935,51.82479030929935,50.515140533447266,50.515140533447266,144546,0.0,0.0
2016-06-17 00:00:00+08:00,50.70224380493164,51.26352360925222,50.515153306566276,50.70224380493164,69854,0.0,0.0
2016-06-20 00:00:00+08:00,50.70223853258673,51.63770339097463,50.51514805367624,51.07642364501953,111039,0.0,0.0
2016-06-21 00:00:00+08:00,51.263515649972796,53.508634518673304,51.263515649972796,52.57316970825195,196902,0.0,0.0
2016-06-22 00:00:00+08:00,51.824793345423295,52.76025811935145,51.824793345423295,52.198978424072266,119771,0.0,0.0
2016-06-23 00:00:00+08:00,52.1989802795933,53.50863433333623,50.88933038046194,51.26351547241211,455508,0.0,0.0
2016-06-24 00:00:00+08:00,51.82479850161698,51.82479850161698,48.27002951424925,48.64421463012695,554760,0.0,0.0
2016-06-27 00:00:00+08:00,48.457113423080635,49.57967277308296,47.89583790269076,48.831302642822266,171483,0.0,0.0
2016-06-28 00:00:00+08:00,48.83130400971823,49.76676877603547,48.45711477950222,49.018394470214844,98072,0.0,0.0
2016-06-29 00:00:00+08:00,49.018401158761215,50.140960693359375,49.018401158761215,50.140960693359375,141498,0.0,0.0
2016-06-30 00:00:00+08:00,50.515153306566276,50.70224380493164,50.14096400061106,50.70224380493164,125751,0.0,0.0
2016-07-01 00:00:00+08:00,51.07642364501953,51.07642364501953,50.51514805367624,51.07642364501953,74469,0.0,0.0
2016-07-04 00:00:00+08:00,50.88933316610904,51.63770339097463,50.88933316610904,51.07642364501953,107692,0.0,0.0
2016-07-05 00:00:00+08:00,51.263513077398045,51.263513077398045,50.140953699381576,50.88932800292969,93290,0.0,0.0
2016-07-06 00:00:00+08:00,50.51514715093073,50.51514715093073,50.32805252075195,50.32805252075195,45157,0.0,0.0
2016-07-07 00:00:00+08:00,51.45061009569297,51.45061009569297,50.88933038046194,51.26351547241211,62796,0.0,0.0
2016-07-08 00:00:00+08:00,51.2635154724121,51.2635154724121,51.2635154724121,51.26351547241211,0,0.0,0.0
2016-07-11 00:00:00+08:00,52.1989802795933,52.76025999482433,51.07642084913123,51.26351547241211,208115,0.0,0.0
2016-07-12 00:00:00+08:00,51.824803413572795,51.824803413572795,50.70224380493164,50.70224380493164,91829,0.0,0.0
2016-07-13 00:00:00+08:00,50.88933510129547,50.88933510129547,50.140960693359375,50.140960693359375,87667,0.0,0.0
2016-07-14 00:00:00+08:00,49.76677556669731,51.263520227957535,49.76677556669731,50.140960693359375,73347,0.0,0.0
2016-07-15 00:00:00+08:00,50.32805252075195,50.889332256676546,50.32805252075195,50.32805252075195,49828,0.0,0.0
2016-07-18 00:00:00+08:00,50.515153306566276,51.63770876059519,50.515153306566276,50.70224380493164,147349,0.0,0.0
2016-07-19 00:00:00+08:00,51.63770056436226,51.63770056436226,50.32805066523091,51.26351547241211,114238,0.0,0.0
2016-07-20 00:00:00+08:00,51.2635154724121,51.63770056436226,50.51514528851178,51.26351547241211,110758,0.0,0.0
2016-07-21 00:00:00+08:00,51.6377034972338,55.19247245918983,50.889333270828224,54.25700759887695,929437,0.0,0.0
2016-07-22 00:00:00+08:00,53.88281531727446,55.56665433459211,53.13444519042969,53.13444519042969,416285,0.0,0.0
2016-07-25 00:00:00+08:00,53.134443837295535,53.32153428693661,50.889325204713394,51.6376953125,215611,0.0,0.0
2016-07-26 00:00:00+08:00,51.4506102739017,52.57316970825195,51.4506102739017,52.57316970825195,96352,0.0,0.0
2016-07-27 00:00:00+08:00,53.69572542189755,55.19246996158899,52.011890411376946,52.01189041137695,399360,0.0,0.0
2016-07-28 00:00:00+08:00,52.38608022040936,52.760265350341804,51.637705805932484,52.7602653503418,209759,0.0,0.0
2016-07-29 00:00:00+08:00,52.573168279956654,52.94735336303711,51.637699340338315,52.94735336303711,148749,0.0,0.0
2016-08-01 00:00:00+08:00,52.76025597239604,53.32153564483525,52.76025597239604,53.13444519042969,128066,0.0,0.0
2016-08-02 00:00:00+08:00,53.32153564483525,53.32153564483525,52.573165517990475,53.13444519042969,118315,0.0,0.0
2016-08-03 00:00:00+08:00,52.760265350341804,53.32154512254646,52.760265350341804,52.7602653503418,155717,0.0,0.0
2016-08-04 00:00:00+08:00,53.321542300622085,57.250500498123294,53.321542300622085,54.81828689575195,1198692,0.0,0.0
2016-08-05 00:00:00+08:00,55.56665761135667,57.250496727970265,54.25700358023114,56.12793731689453,699465,0.0,0.0
2016-08-08 00:00:00+08:00,57.25050392014109,59.495618869726606,57.25050392014109,58.56015396118164,750134,0.0,0.0
2016-08-09 00:00:00+08:00,58.93433244170164,59.308521686574146,57.25049745822161,58.74724197387695,493679,0.0,0.0
2016-08-10 00:00:00+08:00,58.37305272900444,60.80526620222948,58.18596226117975,58.74724197387695,822972,0.0,0.0
2016-08-11 00:00:00+08:00,59.308525322867766,59.68271043607056,53.32154273856408,54.25700759887695,1922435,0.0,0.0
2016-08-12 00:00:00+08:00,55.0053825378418,56.12794204344866,54.631197420843456,55.0053825378418,384744,0.0,0.0
2016-08-15 00:00:00+08:00,55.379556830043214,55.379556830043214,53.13444241228391,53.8828125,568200,0.0,0.0
2016-08-16 00:00:00+08:00,54.25700282040797,54.444097437837655,53.134447579664176,53.50863265991211,289846,0.0,0.0
2016-08-17 00:00:00+08:00,53.50863737247138,54.818287345987045,53.50863737247138,54.25700759887695,329865,0.0,0.0
2016-08-18 00:00:00+08:00,54.44409658703877,55.19246673583984,53.882816898132276,55.192466735839844,309353,0.0,0.0
2016-08-19 00:00:00+08:00,55.37956663825212,55.566661270622774,54.81828689575195,54.81828689575195,213022,0.0,0.0
2016-08-22 00:00:00+08:00,54.81828166143931,55.379561350345796,54.63119120154473,55.192466735839844,262777,0.0,0.0
2016-08-23 00:00:00+08:00,55.19247718337625,57.06341121875596,55.19247718337625,56.31503677368164,613496,0.0,0.0
2016-08-24 00:00:00+08:00,56.502120728158786,56.502120728158786,55.00537627594527,55.192466735839844,473484,0.0,0.0
2016-08-25 00:00:00+08:00,55.19246223080867,55.56665142927776,53.8828125,53.8828125,732417,0.0,0.0
2016-08-26 00:00:00+08:00,54.65147195562957,56.72684652300743,54.65147195562957,54.88207244873047,811230,2.611146,1.2
2016-08-29 00:00:00+08:00,55.34325858959561,56.0350514555746,55.11266239000864,55.80445098876953,218752,0.0,0.0
2016-08-30 00:00:00+08:00,56.26565712094942,56.26565712094942,55.11267166182532,56.03506088256836,219105,0.0,0.0
2016-08-31 00:00:00+08:00,56.03506324837682,56.03506324837682,54.190284729003906,54.190284729003906,308887,0.0,0.0
2016-09-01 00:00:00+08:00,54.190278943808124,54.190278943808124,50.731327056884766,50.731327056884766,513700,0.0,0.0
2016-09-02 00:00:00+08:00,50.731327056884766,51.88431244159874,50.50073083338569,50.731327056884766,224786,0.0,0.0
2016-09-05 00:00:00+08:00,51.192520294381914,51.192520294381914,49.57834243774415,49.57834243774414,242736,0.0,0.0
2016-09-06 00:00:00+08:00,49.57834844713797,50.961930244419875,49.34775219212751,49.80894470214844,198689,0.0,0.0
2016-09-07 00:00:00+08:00,50.03953411916896,51.192519503882934,50.03953411916896,50.731327056884766,206777,0.0,0.0
2016-09-08 00:00:00+08:00,50.731330719683065,50.731330719683065,49.57834525172363,50.27013397216797,200404,0.0,0.0
2016-09-09 00:00:00+08:00,49.80894280401402,51.653717041015625,49.57834655779119,51.653717041015625,201753,0.0,0.0
2016-09-12 00:00:00+08:00,53.26789003778742,53.72908245004955,52.114904739913854,52.34550094604492,213444,0.0,0.0
2016-09-13 00:00:00+08:00,53.03729908968176,53.03729908968176,49.57834684206812,50.0395393371582,302096,0.0,0.0
2016-09-14 00:00:00+08:00,50.270134714860106,51.19252395629883,49.80894222775021,51.19252395629883,101022,0.0,0.0
2016-09-19 00:00:00+08:00,51.19252498108553,51.19252498108553,50.27013572118216,50.500736236572266,138386,0.0,0.0
2016-09-20 00:00:00+08:00,51.19252615255789,52.80670419391283,51.19252615255789,51.42312240600586,269645,0.0,0.0
2016-09-21 00:00:00+08:00,51.65371865945384,52.1149154335689,51.19252615255789,51.42312240600586,122863,0.0,0.0
2016-09-22 00:00:00+08:00,51.42311572738202,51.88431244159874,50.50073083338569,50.731327056884766,100658,0.0,0.0
2016-09-23 00:00:00+08:00,51.192519503882934,51.42311572738202,50.50073083338569,50.731327056884766,98354,0.0,0.0
2016-09-26 00:00:00+08:00,50.73132784026215,50.73132784026215,49.57834243774415,49.57834243774414,147955,0.0,0.0
2016-09-27 00:00:00+08:00,49.57834243774415,49.57834243774415,49.57834243774415,49.57834243774414,0,0.0,0.0
2016-09-28 00:00:00+08:00,49.57834243774415,49.57834243774415,49.57834243774415,49.57834243774414,0,0.0,0.0
2016-09-29 00:00:00+08:00,49.80894379990295,51.19252557212248,49.347751298236126,50.96192932128906,121555,0.0,0.0
2016-09-30 00:00:00+08:00,50.73133146918893,51.8843169541826,50.73133146918893,51.19252395629883,66974,0.0,0.0
2016-10-03 00:00:00+08:00,51.88431167602539,51.88431167602539,51.65371118871035,51.88431167602539,94368,0.0,0.0
2016-10-04 00:00:00+08:00,52.114913800680256,52.34551004690309,51.653717041015625,51.653717041015625,74074,0.0,0.0
2016-10-05 00:00:00+08:00,51.42312019985378,51.8843169541826,51.19252395629883,51.19252395629883,45029,0.0,0.0
2016-10-06 00:00:00+08:00,51.42312240600586,52.1149154335689,51.19252615255789,51.42312240600586,74080,0.0,0.0
2016-10-07 00:00:00+08:00,51.423121822955885,51.88431859184177,50.27013630156977,50.96192932128906,163842,0.0,0.0
2016-10-11 00:00:00+08:00,51.42311572738202,52.11490866509782,50.731327056884766,50.731327056884766,174927,0.0,0.0
2016-10-12 00:00:00+08:00,50.50073083338569,50.96192328038385,50.50073083338569,50.731327056884766,44872,0.0,0.0
2016-10-13 00:00:00+08:00,50.73132784026215,50.73132784026215,49.347746210684264,49.57834243774414,106236,0.0,0.0
2016-10-14 00:00:00+08:00,49.347746184406574,49.347746184406574,47.50296783447265,47.502967834472656,344470,0.0,0.0
2016-10-17 00:00:00+08:00,47.2723719443496,47.2723719443496,45.888790305650495,46.3499870300293,220081,0.0,0.0
2016-10-18 00:00:00+08:00,46.34998847005736,46.58058470580173,45.65819549560546,45.65819549560547,154346,0.0,0.0
2016-10-19 00:00:00+08:00,45.3353620249127,46.811184004344184,45.3353620249127,45.75043869018555,151593,0.0,0.0
2016-10-20 00:00:00+08:00,45.70431417623016,46.58058325860937,45.70431417623016,46.3499870300293,49977,0.0,0.0
2016-10-21 00:00:00+08:00,46.3499870300293,46.58058325860937,45.93491040481024,46.3499870300293,50190,0.0,0.0
2016-10-24 00:00:00+08:00,46.3499897601389,46.3499897601389,44.18237484248446,44.45909118652344,276749,0.0,0.0
2016-10-25 00:00:00+08:00,44.82804751175258,45.05864375277038,44.45909096579277,45.01252365112305,94256,0.0,0.0
2016-10-26 00:00:00+08:00,44.92028771504725,45.289239993788186,44.78192741010524,45.01252365112305,75433,0.0,0.0
2016-10-27 00:00:00+08:00,45.28923834360371,45.42759864350434,45.05864211098804,45.19700241088867,81260,0.0,0.0
2016-10-28 00:00:00+08:00,45.150885101885414,45.8887939453125,44.59745240251035,45.8887939453125,243483,0.0,0.0
2016-10-31 00:00:00+08:00,45.658196367549095,50.27013397216797,45.47372022887438,50.27013397216797,501284,0.0,0.0
2016-11-01 00:00:00+08:00,51.19251783270585,53.95968095879806,51.19251783270585,52.57609939575195,927871,0.0,0.0
2016-11-02 00:00:00+08:00,51.884319180120926,53.267900968027895,50.96192989910991,51.42312240600586,347728,0.0,0.0
2016-11-03 00:00:00+08:00,51.19252468584595,52.57610643411206,51.19252468584595,52.11491394042969,298315,0.0,0.0
2016-11-04 00:00:00+08:00,52.345504116218486,52.345504116218486,51.42311496861381,51.88431167602539,148235,0.0,0.0
2016-11-07 00:00:00+08:00,51.8843169541826,52.11491319773755,51.19252395629883,51.19252395629883,113838,0.0,0.0
2016-11-08 00:00:00+08:00,52.34550317978067,54.420873390740624,52.114906963809396,52.57609939575195,634328,0.0,0.0
2016-11-09 00:00:00+08:00,52.80670114823496,53.267897895750046,50.27013397216797,50.27013397216797,408974,0.0,0.0
2016-11-10 00:00:00+08:00,52.57610741606863,55.112674713134766,52.11491491377263,55.112674713134766,444077,0.0,0.0
2016-11-11 00:00:00+08:00,54.88207244873046,56.72684652300743,53.72908705210038,54.88207244873047,766679,0.0,0.0
2016-11-14 00:00:00+08:00,55.34327007528103,58.34102982648893,54.19028457084285,56.26565933227539,742372,0.0,0.0
2016-11-15 00:00:00+08:00,56.7268400543355,57.418632920314494,55.11266239000864,55.80445098876953,331335,0.0,0.0
2016-11-16 00:00:00+08:00,56.49624704909369,56.95743947434382,55.34326171875001,55.34326171875,229772,0.0,0.0
2016-11-17 00:00:00+08:00,56.265647655161565,56.7268400543355,55.34325858959561,55.80445098876953,241566,0.0,0.0
2016-11-18 00:00:00+08:00,56.496255579719225,56.496255579719225,55.80446257016871,56.26565933227539,137040,0.0,0.0
2016-11-21 00:00:00+08:00,56.496253131942254,59.49401275326813,56.496253131942254,57.64923858642578,612659,0.0,0.0
2016-11-22 00:00:00+08:00,57.879836292435876,58.57162502234713,56.95744705200196,56.95744705200195,217318,0.0,0.0
2016-11-23 00:00:00+08:00,57.188042074473636,57.418642580073524,56.03506088256837,56.03506088256836,144850,0.0,0.0
2016-11-24 00:00:00+08:00,56.0350514555746,56.49624385474853,55.80445098876953,55.80445098876953,126133,0.0,0.0
2016-11-25 00:00:00+08:00,56.035063984945836,56.26566023609384,53.959689190175695,55.112674713134766,262060,0.0,0.0
2016-11-28 00:00:00+08:00,54.882070669953094,55.57385932517849,54.65147018432617,54.65147018432617,83679,0.0,0.0
2016-11-29 00:00:00+08:00,54.651474917844375,57.188042074473636,54.651474917844375,56.03506088256836,186763,0.0,0.0
2016-11-30 00:00:00+08:00,56.03506905267412,56.49626159667969,55.34327596944631,56.49626159667969,81739,0.0,0.0
2016-12-01 00:00:00+08:00,56.49624856876985,57.18803722525327,55.80445564506796,56.726844787597656,113998,0.0,0.0
2016-12-02 00:00:00+08:00,56.26565832209071,56.95744705200196,56.03506207878696,56.95744705200195,100076,0.0,0.0
2016-12-05 00:00:00+08:00,57.188045501708984,57.188045501708984,56.26566049290694,57.188045501708984,73492,0.0,0.0
2016-12-06 00:00:00+08:00,57.188045501708984,57.41864602112858,56.49625674510745,57.188045501708984,119989,0.0,0.0
2016-12-07 00:00:00+08:00,57.418642580073524,57.418642580073524,56.03506088256837,56.03506088256836,140446,0.0,0.0
2016-12-08 00:00:00+08:00,56.26565083646862,56.49624704909369,55.34326171875001,55.34326171875,120792,0.0,0.0
2016-12-09 00:00:00+08:00,55.34327007528103,56.26565933227538,55.34327007528103,56.26565933227539,90617,0.0,0.0
2016-12-12 00:00:00+08:00,56.95744176712078,56.95744176712078,55.57386016845704,55.57386016845703,92484,0.0,0.0
2016-12-13 00:00:00+08:00,55.343270964282766,56.035063984945836,55.112674713134766,55.112674713134766,44944,0.0,0.0
2016-12-14 00:00:00+08:00,55.343270964282766,55.343270964282766,54.651477943619696,55.112674713134766,74826,0.0,0.0
2016-12-15 00:00:00+08:00,54.88207244873046,55.57386112637735,54.65147195562957,54.88207244873047,37680,0.0,0.0
2016-12-16 00:00:00+08:00,55.343270964282766,55.57386721543077,55.112674713134766,55.112674713134766,38140,0.0,0.0
2016-12-19 00:00:00+08:00,55.11266867461276,55.34326490049506,54.88207244873046,54.88207244873047,33653,0.0,0.0
2016-12-20 00:00:00+08:00,55.80446257016871,57.64924108415741,55.80446257016871,56.26565933227539,273864,0.0,0.0
2016-12-21 00:00:00+08:00,56.49624385474853,56.95743625392246,55.80445098876953,55.80445098876953,69881,0.0,0.0
2016-12-22 00:00:00+08:00,55.80446037696848,56.72684959771153,55.34326790020637,56.03506088256836,68739,0.0,0.0
2016-12-23 00:00:00+08:00,56.265647655161565,56.265647655161565,55.57385478918257,55.80445098876953,35173,0.0,0.0
2016-12-26 00:00:00+08:00,55.80446346657877,56.035063984945836,55.112674713134766,55.112674713134766,33108,0.0,0.0
2016-12-27 00:00:00+08:00,55.80446346657877,56.035063984945836,54.882078461986765,55.112674713134766,43246,0.0,0.0
2016-12-28 00:00:00+08:00,55.112674713134766,55.343270964282766,55.112674713134766,55.112674713134766,36970,0.0,0.0
2016-12-29 00:00:00+08:00,55.11266867461276,55.34326490049506,54.88207244873046,54.88207244873047,38461,0.0,0.0
2016-12-30 00:00:00+08:00,55.57386112637735,55.80445735225965,54.88207244873046,54.88207244873047,54331,0.0,0.0
2017-01-03 00:00:00+08:00,54.88207244873046,55.34326490049506,54.88207244873046,54.88207244873047,22643,0.0,0.0
2017-01-04 00:00:00+08:00,54.882078461986765,55.343270964282766,54.882078461986765,55.112674713134766,29816,0.0,0.0
2017-01-05 00:00:00+08:00,55.11266867461276,55.34326490049506,54.88207244873046,54.88207244873047,75154,0.0,0.0
2017-01-06 00:00:00+08:00,55.573866322724875,56.72685182716306,55.573866322724875,56.26565933227539,211964,0.0,0.0
2017-01-09 00:00:00+08:00,56.72684554521324,56.72684554521324,55.57386016845704,55.57386016845703,71338,0.0,0.0
2017-01-10 00:00:00+08:00,55.573864138587425,56.496253359330474,55.34326790020637,56.03506088256836,72767,0.0,0.0
2017-01-11 00:00:00+08:00,56.49624385474853,56.49624385474853,55.57385478918257,55.80445098876953,97773,0.0,0.0
2017-01-12 00:00:00+08:00,56.03506088256837,56.26565712094942,55.80446037696848,56.03506088256836,55256,0.0,0.0
2017-01-13 00:00:00+08:00,56.03506088256837,56.03506088256837,55.573864138587425,56.03506088256836,50329,0.0,0.0
2017-01-16 00:00:00+08:00,55.80445639036457,56.03505687949063,55.3432639465495,55.57386016845703,28984,0.0,0.0
2017-01-17 00:00:00+08:00,55.80445639036457,55.80445639036457,55.3432639465495,55.57386016845703,46472,0.0,0.0
2017-01-18 00:00:00+08:00,55.573864138587425,56.03506088256837,55.573864138587425,56.03506088256836,69802,0.0,0.0
2017-01-19 00:00:00+08:00,56.26565712094942,56.26565712094942,55.80446037696848,56.03506088256836,38552,0.0,0.0
2017-01-20 00:00:00+08:00,56.03505462384356,56.03505462384356,55.34326171875001,55.34326171875,62332,0.0,0.0
2017-01-23 00:00:00+08:00,55.34327007528103,56.26565933227538,55.34327007528103,56.26565933227539,87195,0.0,0.0
2017-01-24 00:00:00+08:00,56.496255579719225,56.72685182716306,55.80446257016871,56.26565933227539,52900,0.0,0.0
2017-02-02 00:00:00+08:00,56.496255579719225,56.496255579719225,56.03506308483155,56.26565933227539,106273,0.0,0.0
2017-02-03 00:00:00+08:00,56.49625456539446,58.8022255328698,56.49625456539446,56.95744705200195,198903,0.0,0.0
2017-02-06 00:00:00+08:00,57.41865158081055,58.34103667892447,57.188051039062564,57.41865158081055,120571,0.0,0.0
2017-02-07 00:00:00+08:00,57.64923393012735,57.64923393012735,56.726844787597656,56.726844787597656,72498,0.0,0.0
2017-02-08 00:00:00+08:00,56.726844787597656,57.418637711299546,56.49624856876985,56.726844787597656,44926,0.0,0.0
2017-02-09 00:00:00+08:00,57.188043295305704,57.41864380582838,56.72685080869821,56.95744705200195,75970,0.0,0.0
2017-02-10 00:00:00+08:00,56.957433817815094,61.33877422422888,56.957433817815094,60.41638946533203,1079868,0.0,0.0
2017-02-13 00:00:00+08:00,60.41640111202485,61.10818981455614,57.87983400163926,58.802223205566406,370331,0.0,0.0
2017-02-14 00:00:00+08:00,59.03282089785272,59.49401337759836,58.110431671142585,58.11043167114258,184580,0.0,0.0
2017-02-15 00:00:00+08:00,58.1104322713502,59.03282150758745,58.1104322713502,58.571624755859375,87887,0.0,0.0
2017-02-16 00:00:00+08:00,58.8022240409093,59.032820278362244,57.64923858642578,57.64923858642578,68337,0.0,0.0
2017-02-17 00:00:00+08:00,57.87983543126976,58.110431671142585,57.18804244443245,58.11043167114258,98596,0.0,0.0
2017-02-20 00:00:00+08:00,57.8798385255296,58.110434777730106,57.188045501708984,57.188045501708984,73371,0.0,0.0
2017-02-21 00:00:00+08:00,57.64923393012735,57.87983014895516,56.265652349942044,56.726844787597656,133839,0.0,0.0
2017-02-22 00:00:00+08:00,56.726844787597656,57.18803722525327,56.49624856876985,56.726844787597656,48898,0.0,0.0
2017-02-23 00:00:00+08:00,56.726844787597656,57.18803722525327,56.49624856876985,56.726844787597656,28681,0.0,0.0
2017-02-24 00:00:00+08:00,56.95744705200196,58.110432535739626,56.95744705200196,56.95744705200195,74493,0.0,0.0
2017-03-01 00:00:00+08:00,57.64924785533903,57.64924785533903,56.957454764534084,57.41865158081055,73735,0.0,0.0
2017-03-02 00:00:00+08:00,57.8798385255296,58.110434777730106,57.188045501708984,57.188045501708984,62257,0.0,0.0
2017-03-03 00:00:00+08:00,57.41864295152413,59.03282089785272,57.41864295152413,58.11043167114258,189482,0.0,0.0
2017-03-06 00:00:00+08:00,58.802225265332865,58.802225265332865,58.34102851360478,58.571624755859375,53846,0.0,0.0
2017-03-07 00:00:00+08:00,58.57162391309796,59.724609375,57.87983519628804,59.724609375,170944,0.0,0.0
2017-03-08 00:00:00+08:00,59.955206626599384,59.955206626599384,59.03282165527344,59.03282165527344,94285,0.0,0.0
2017-03-09 00:00:00+08:00,59.724601074666914,59.724601074666914,58.80221624711044,59.26340866088867,53846,0.0,0.0
2017-03-10 00:00:00+08:00,59.26341469492518,59.49401092529297,57.879833045499765,59.49401092529297,95022,0.0,0.0
2017-03-13 00:00:00+08:00,59.263411729140465,59.263411729140465,56.726844787597656,56.726844787597656,390830,0.0,0.0
2017-03-14 00:00:00+08:00,57.188042074473636,57.188042074473636,55.34326790020637,56.03506088256836,220041,0.0,0.0
2017-03-15 00:00:00+08:00,55.80446257016871,56.26565933227538,55.34327007528103,56.26565933227539,176831,0.0,0.0
2017-03-16 00:00:00+08:00,56.49624385474853,56.49624385474853,55.80445098876953,55.80445098876953,70761,0.0,0.0
2017-03-17 00:00:00+08:00,56.49624385474853,56.95743625392246,55.80445098876953,55.80445098876953,69411,0.0,0.0
2017-03-20 00:00:00+08:00,55.80446037696848,56.496253359330474,55.80446037696848,56.03506088256836,59066,0.0,0.0
2017-03-21 00:00:00+08:00,56.49626159667969,56.95745414068525,56.2656653246769,56.49626159667969,65567,0.0,0.0
2017-03-22 00:00:00+08:00,55.80445564506796,56.95744100642546,55.80445564506796,56.726844787597656,46472,0.0,0.0
2017-03-23 00:00:00+08:00,56.9574480746069,56.9574480746069,56.26565933227538,56.26565933227539,49844,0.0,0.0
2017-03-24 00:00:00+08:00,56.03506088256837,56.26565712094942,56.03506088256837,56.03506088256836,31895,0.0,0.0
2017-03-27 00:00:00+08:00,55.80446257016871,56.26565933227538,55.80446257016871,56.26565933227539,23498,0.0,0.0
2017-03-28 00:00:00+08:00,56.265647655161565,56.265647655161565,54.882066190421675,55.80445098876953,91237,0.0,0.0
2017-03-29 00:00:00+08:00,56.265647655161565,56.265647655161565,53.959677124855716,55.80445098876953,206349,0.0,0.0
2017-03-30 00:00:00+08:00,55.34327023680723,55.34327023680723,54.190284729003906,54.190284729003906,87883,0.0,0.0
2017-03-31 00:00:00+08:00,54.19027932419864,54.88207226677051,53.959683099080884,54.420875549316406,99307,0.0,0.0
2017-04-05 00:00:00+08:00,55.343263106770024,55.343263106770024,53.95968152910078,54.65147018432617,63107,0.0,0.0
2017-04-06 00:00:00+08:00,54.42088097712077,54.88207774057351,54.190284729003906,54.190284729003906,60300,0.0,0.0
2017-04-07 00:00:00+08:00,54.42087572974727,54.88207244873046,54.42087572974727,54.88207244873047,25943,0.0,0.0
2017-04-10 00:00:00+08:00,55.343263106770024,55.343263106770024,54.65147018432617,54.65147018432617,24229,0.0,0.0
2017-04-11 00:00:00+08:00,54.651477225237635,54.88207774057351,53.729092232770185,54.190284729003906,70446,0.0,0.0
2017-04-12 00:00:00+08:00,53.959688182378166,53.959688182378166,51.8843176935885,52.11491394042969,110960,0.0,0.0
2017-04-13 00:00:00+08:00,52.114906963809396,52.57609939575195,52.114906963809396,52.57609939575195,36657,0.0,0.0
2017-04-14 00:00:00+08:00,52.57610794046486,53.267900968027895,50.96192989910991,51.42312240600586,72037,0.0,0.0
2017-04-17 00:00:00+08:00,51.42311700296102,54.651472746466446,51.42311700296102,53.729087829589844,65003,0.0,0.0
2017-04-18 00:00:00+08:00,54.420881692471696,55.80446346657877,53.959689190175695,55.112674713134766,92536,0.0,0.0
2017-04-19 00:00:00+08:00,55.57386112637735,55.57386112637735,54.42087572974727,54.88207244873047,41494,0.0,0.0
2017-04-20 00:00:00+08:00,54.42088097712077,54.88207774057351,54.190284729003906,54.190284729003906,20007,0.0,0.0
2017-04-21 00:00:00+08:00,54.19028173935985,54.19028173935985,53.037296295166016,53.037296295166016,71834,0.0,0.0
2017-04-24 00:00:00+08:00,53.03729892779443,53.03729892779443,52.11491394042969,52.11491394042969,24497,0.0,0.0
2017-04-25 00:00:00+08:00,52.57610382437599,53.49849303317481,52.57610382437599,53.037296295166016,17584,0.0,0.0
2017-04-26 00:00:00+08:00,53.03728889155636,53.95967797159655,53.03728889155636,53.49848556518555,11036,0.0,0.0
2017-04-27 00:00:00+08:00,53.95967797159655,55.11266325484224,53.49848556518555,53.49848556518555,75433,0.0,0.0
2017-04-28 00:00:00+08:00,53.959688480887046,54.42088097712077,53.729092232770185,54.190284729003906,26801,0.0,0.0
2017-05-02 00:00:00+08:00,54.19027717476934,54.19027717476934,51.65371026464842,52.57609939575195,95122,0.0,0.0
2017-05-03 00:00:00+08:00,52.57610382437599,53.037296295166016,52.34550758898098,53.037296295166016,20659,0.0,0.0
2017-05-04 00:00:00+08:00,53.267900968027895,53.267900968027895,51.19252615255789,51.42312240600586,183058,0.0,0.0
2017-05-05 00:00:00+08:00,51.884310747838114,53.95968095879806,51.884310747838114,52.57609939575195,96328,0.0,0.0
2017-05-08 00:00:00+08:00,53.729091045613885,53.729091045613885,52.80670180630783,53.26789855957031,50193,0.0,0.0
2017-05-09 00:00:00+08:00,52.80670253934874,53.4984955452362,51.653717041015625,51.653717041015625,85112,0.0,0.0
2017-05-10 00:00:00+08:00,51.884317554457425,52.114913800680256,51.653717041015625,51.653717041015625,43659,0.0,0.0
2017-05-11 00:00:00+08:00,52.114913800680256,52.114913800680256,50.73133205612431,51.653717041015625,135983,0.0,0.0
2017-05-12 00:00:00+08:00,51.423111201899665,54.42087037800756,51.192514998694165,53.49848556518555,250772,0.0,0.0
2017-05-15 00:00:00+08:00,55.11266867461276,56.95744274888973,54.65147195562957,54.88207244873047,633672,0.0,0.0
2017-05-16 00:00:00+08:00,55.80446346657877,56.035063984945836,54.651477943619696,55.112674713134766,233231,0.0,0.0
2017-05-17 00:00:00+08:00,55.34326171875001,56.03505462384356,54.882069293499875,55.34326171875,154335,0.0,0.0
2017-05-18 00:00:00+08:00,54.88207150273443,55.57386016845704,54.42087479170083,55.57386016845703,72381,0.0,0.0
2017-05-19 00:00:00+08:00,55.57386016845704,55.80445639036457,55.112667724641966,55.57386016845703,70314,0.0,0.0
2017-05-22 00:00:00+08:00,55.57385932517849,55.57385932517849,54.65147018432617,54.65147018432617,70791,0.0,0.0
2017-05-23 00:00:00+08:00,54.651471131818546,54.88207162144339,53.49849001978699,53.95968246459961,153449,0.0,0.0
2017-05-24 00:00:00+08:00,53.4984916003707,54.420876517247294,53.267895371151546,53.729087829589844,129957,0.0,0.0
2017-05-25 00:00:00+08:00,53.959684058808996,54.19028028802815,53.729087829589844,53.729087829589844,47739,0.0,0.0
2017-05-26 00:00:00+08:00,54.19027868700592,54.88207162144339,53.729086242193304,53.95968246459961,80222,0.0,0.0
2017-05-31 00:00:00+08:00,53.959684058808996,53.959684058808996,53.729087829589844,53.729087829589844,47297,0.0,0.0
2017-06-01 00:00:00+08:00,54.19027932419864,54.651471774434164,53.72908687396312,54.420875549316406,82467,0.0,0.0
2017-06-02 00:00:00+08:00,54.420874909412234,54.88207162144339,53.729086242193304,53.95968246459961,69235,0.0,0.0
2017-06-05 00:00:00+08:00,53.959688480887046,54.651477225237635,53.959688480887046,54.190284729003906,72807,0.0,0.0
2017-06-06 00:00:00+08:00,54.420874909412234,54.651471131818546,53.95968246459961,53.95968246459961,69335,0.0,0.0
2017-06-07 00:00:00+08:00,54.190284729003906,54.651477225237635,53.959688480887046,54.190284729003906,88842,0.0,0.0
2017-06-08 00:00:00+08:00,54.190284729003906,54.190284729003906,53.959688480887046,54.190284729003906,29845,0.0,0.0
2017-06-09 00:00:00+08:00,54.190284729003906,54.42088097712077,53.959688480887046,54.190284729003906,61001,0.0,0.0
2017-06-12 00:00:00+08:00,54.651471131818546,54.88207162144339,53.95968246459961,53.95968246459961,88561,0.0,0.0
2017-06-13 00:00:00+08:00,54.19028028802815,54.19028028802815,53.729087829589844,53.729087829589844,46230,0.0,0.0
2017-06-14 00:00:00+08:00,53.95968728863567,53.95968728863567,53.26789855957031,53.26789855957031,83799,0.0,0.0
2017-06-15 00:00:00+08:00,53.72908176839105,53.72908176839105,53.26788936198004,53.49848556518555,29348,0.0,0.0
2017-06-16 00:00:00+08:00,53.72908176839105,53.95967797159655,53.49848556518555,53.49848556518555,54720,0.0,0.0
2017-06-19 00:00:00+08:00,53.729092232770185,54.190284729003906,53.498495984653324,54.190284729003906,49965,0.0,0.0
2017-06-20 00:00:00+08:00,54.19027950386498,54.88207244873046,54.19027950386498,54.88207244873047,111021,0.0,0.0
2017-06-21 00:00:00+08:00,54.882069293499875,55.34326171875001,54.420872601031384,55.34326171875,127617,0.0,0.0
2017-06-22 00:00:00+08:00,55.573865324960536,56.95744705200196,55.573865324960536,56.95744705200195,356924,0.0,0.0
2017-06-23 00:00:00+08:00,57.188045501708984,57.188045501708984,56.26566049290694,57.188045501708984,139912,0.0,0.0
2017-06-26 00:00:00+08:00,57.18803722525327,57.418637711299546,56.49624856876985,56.726844787597656,104831,0.0,0.0
2017-06-27 00:00:00+08:00,56.2656653246769,56.72685786868247,55.80446851345188,56.49626159667969,92464,0.0,0.0
2017-06-28 00:00:00+08:00,56.49625456539446,58.110432535739626,56.03506207878696,56.95744705200195,173677,0.0,0.0
2017-06-29 00:00:00+08:00,57.18803798902831,57.18803798902831,55.57386016845704,55.57386016845703,224480,0.0,0.0
2017-06-30 00:00:00+08:00,55.573864138587425,56.03506088256837,55.11267166182532,56.03506088256836,98402,0.0,0.0
2017-07-03 00:00:00+08:00,55.80445414400014,55.80445414400014,54.420872601031384,55.34326171875,149403,0.0,0.0
2017-07-04 00:00:00+08:00,55.3432639465495,55.57386016845704,54.42087479170083,55.57386016845703,139606,0.0,0.0
2017-07-05 00:00:00+08:00,55.34326171875001,55.34326171875001,54.19027638840632,55.34326171875,219781,0.0,0.0
2017-07-06 00:00:00+08:00,54.65146881365645,55.34326171875001,54.65146881365645,55.34326171875,38952,0.0,0.0
2017-07-07 00:00:00+08:00,54.882069293499875,55.34326171875001,54.65146881365645,55.34326171875,38282,0.0,0.0
2017-07-10 00:00:00+08:00,55.11266867461276,55.11266867461276,54.65147195562957,54.88207244873047,42503,0.0,0.0
2017-07-11 00:00:00+08:00,55.57385793137507,55.57385793137507,55.11266550612494,55.34326171875,40256,0.0,0.0
2017-07-12 00:00:00+08:00,55.34326171875001,55.34326171875001,54.882069293499875,55.34326171875,48969,0.0,0.0
2017-07-13 00:00:00+08:00,55.3432639465495,55.57386016845704,55.112667724641966,55.57386016845703,41533,0.0,0.0
2017-07-14 00:00:00+08:00,55.573864138587425,56.496253359330474,55.573864138587425,56.03506088256836,108723,0.0,0.0
2017-07-17 00:00:00+08:00,56.26565712094942,56.26565712094942,55.80446037696848,56.03506088256836,44085,0.0,0.0
2017-07-18 00:00:00+08:00,56.03505687949063,56.03505687949063,55.57386016845704,55.57386016845703,40040,0.0,0.0
2017-07-19 00:00:00+08:00,55.57386016845704,55.57386016845704,55.112667724641966,55.57386016845703,92230,0.0,0.0
2017-07-20 00:00:00+08:00,55.3432639465495,55.57386016845704,55.3432639465495,55.57386016845703,51178,0.0,0.0
2017-07-21 00:00:00+08:00,55.34326790020637,56.496253359330474,55.34326790020637,56.03506088256836,102065,0.0,0.0
2017-07-24 00:00:00+08:00,56.03505687949063,56.03505687949063,55.57386016845704,55.57386016845703,40505,0.0,0.0
2017-07-25 00:00:00+08:00,55.34326490049506,55.34326490049506,54.88207244873046,54.88207244873047,70749,0.0,0.0
2017-07-26 00:00:00+08:00,54.882066190421675,55.80445098876953,54.882066190421675,55.80445098876953,78586,0.0,0.0
2017-07-27 00:00:00+08:00,55.343270964282766,55.57386721543077,55.112674713134766,55.112674713134766,96103,0.0,0.0
2017-07-28 00:00:00+08:00,55.112667724641966,55.57386016845704,55.112667724641966,55.57386016845703,23163,0.0,0.0
2017-07-31 00:00:00+08:00,55.343270964282766,55.57386721543077,55.112674713134766,55.112674713134766,45307,0.0,0.0
2017-08-01 00:00:00+08:00,55.112667724641966,55.80445639036457,55.112667724641966,55.57386016845703,71794,0.0,0.0
2017-08-02 00:00:00+08:00,55.57385793137507,55.80445414400014,55.11266550612494,55.34326171875,36503,0.0,0.0
2017-08-03 00:00:00+08:00,55.34326490049506,55.34326490049506,53.959683277982684,54.88207244873047,223506,0.0,0.0
2017-08-04 00:00:00+08:00,54.420875549316406,54.88207226677051,54.420875549316406,54.420875549316406,49669,0.0,0.0
2017-08-07 00:00:00+08:00,54.882078461986765,55.80446346657877,54.882078461986765,55.112674713134766,98515,0.0,0.0
2017-08-08 00:00:00+08:00,55.34325858959561,56.0350514555746,55.11266239000864,55.80445098876953,57382,0.0,0.0
2017-08-09 00:00:00+08:00,55.80445735225965,55.80445735225965,54.88207244873046,54.88207244873047,118871,0.0,0.0
2017-08-10 00:00:00+08:00,56.26565832209071,58.110432535739626,56.26565832209071,56.95744705200195,562776,0.0,0.0
2017-08-11 00:00:00+08:00,56.72684554521324,56.95744176712078,54.88207150273443,55.57386016845703,285529,0.0,0.0
2017-08-14 00:00:00+08:00,55.80445735225965,55.80445735225965,54.42087572974727,54.88207244873047,147864,0.0,0.0
2017-08-15 00:00:00+08:00,55.11266867461276,55.80445735225965,54.88207244873046,54.88207244873047,64625,0.0,0.0
2017-08-16 00:00:00+08:00,55.34326171875001,55.57385793137507,55.11266550612494,55.34326171875,96637,0.0,0.0
2017-08-17 00:00:00+08:00,55.34327007528103,56.26565933227538,55.34327007528103,56.26565933227539,279667,0.0,0.0
2017-08-18 00:00:00+08:00,55.57386016845704,55.80445639036457,55.57386016845704,55.57386016845703,103708,0.0,0.0
2017-08-21 00:00:00+08:00,55.80446360581342,55.80446360581342,55.112674850643366,48.88655471801758,451595,0.0,0.0
2017-08-22 00:00:00+08:00,54.73547351475166,54.73547351475166,53.68790694039527,53.949798583984375,341169,6.596578,1.05
2017-08-23 00:00:00+08:00,54.473581871162565,54.473581871162565,53.42601529680618,53.949798583984375,114856,0.0,0.0
2017-08-24 00:00:00+08:00,54.21169609911228,54.21169609911228,52.640341451825336,52.9022331237793,164802,0.0,0.0
2017-08-25 00:00:00+08:00,52.640336318043666,53.164119610869285,52.37844467163086,52.37844467163086,100854,0.0,0.0
2017-08-28 00:00:00+08:00,53.426021575927734,54.47358827340388,52.640341937257375,53.426021575927734,125998,0.0,0.0
2017-08-29 00:00:00+08:00,53.68791275520437,53.68791275520437,52.640341451825336,52.9022331237793,56133,0.0,0.0
2017-08-30 00:00:00+08:00,52.90222739406528,53.949798583984375,52.90222739406528,53.949798583984375,88322,0.0,0.0
2017-08-31 00:00:00+08:00,53.949806220232496,54.99737294286521,53.426022858916134,54.73548126220703,144122,0.0,0.0
2017-09-01 00:00:00+08:00,54.73547620243791,55.25925951533553,54.47358454598909,54.99736785888672,54296,0.0,0.0
2017-09-04 00:00:00+08:00,54.99737032834525,54.99737032834525,53.42602031909657,53.68791198730469,107887,0.0,0.0
2017-09-05 00:00:00+08:00,53.687913250296766,54.21169659903484,53.426021575927734,53.426021575927734,47355,0.0,0.0
2017-09-06 00:00:00+08:00,53.9498036555128,54.473586991929025,53.42602031909657,53.68791198730469,51975,0.0,0.0
2017-09-07 00:00:00+08:00,54.21169022757347,54.73547351475166,53.949798583984375,53.949798583984375,100716,0.0,0.0
2017-09-08 00:00:00+08:00,54.47358958154886,54.99737294286521,54.21169790089068,54.73548126220703,78822,0.0,0.0
2017-09-11 00:00:00+08:00,54.21169532372091,54.21169532372091,53.68791198730469,53.68791198730469,92169,0.0,0.0
2017-09-12 00:00:00+08:00,54.473581871162565,54.473581871162565,53.68790694039527,53.949798583984375,21506,0.0,0.0
2017-09-13 00:00:00+08:00,54.21169022757347,54.21169022757347,53.949798583984375,53.949798583984375,25698,0.0,0.0
2017-09-14 00:00:00+08:00,53.94980874653138,54.47359213237486,53.94980874653138,54.211700439453125,53155,0.0,0.0
2017-09-15 00:00:00+08:00,54.21169532372091,54.21169532372091,53.68791198730469,53.68791198730469,42966,0.0,0.0
2017-09-18 00:00:00+08:00,53.68790694039527,54.21169022757347,53.42601529680618,53.949798583984375,29789,0.0,0.0
2017-09-19 00:00:00+08:00,53.949798583984375,53.949798583984375,53.68790694039527,53.949798583984375,21436,0.0,0.0
2017-09-20 00:00:00+08:00,53.94980314795204,53.94980314795204,53.16412353515625,53.16412353515625,42711,0.0,0.0
2017-09-21 00:00:00+08:00,53.949804924665806,53.949804924665806,53.426021575927734,53.426021575927734,37627,0.0,0.0
2017-09-22 00:00:00+08:00,53.68791148220781,53.68791148220781,52.90223186941202,53.16412353515625,38253,0.0,0.0
2017-09-25 00:00:00+08:00,53.42602108325041,53.42602108325041,52.9022331237793,52.9022331237793,29347,0.0,0.0
2017-09-26 00:00:00+08:00,52.9022331237793,53.16412479573325,52.37844977987138,52.9022331237793,46596,0.0,0.0
2017-09-27 00:00:00+08:00,52.9022331237793,52.9022331237793,52.37844977987138,52.9022331237793,61082,0.0,0.0
2017-09-28 00:00:00+08:00,52.902233611626414,53.426021575927734,52.640341937257375,53.426021575927734,34191,0.0,0.0
2017-09-29 00:00:00+08:00,53.16412403532532,53.68791198730469,52.90223236711721,53.68791198730469,47666,0.0,0.0
2017-10-02 00:00:00+08:00,53.9498036555128,54.21169532372091,53.68791198730469,53.68791198730469,38542,0.0,0.0
2017-10-03 00:00:00+08:00,53.68791148220781,53.68791148220781,52.90223186941202,53.16412353515625,63929,0.0,0.0
2017-10-05 00:00:00+08:00,53.164125285995446,53.426021575927734,53.164125285995446,53.426021575927734,34611,0.0,0.0
2017-10-06 00:00:00+08:00,53.164125285995446,53.426021575927734,52.902233611626414,53.426021575927734,25267,0.0,0.0
2017-10-11 00:00:00+08:00,53.16412479573325,53.42602108325041,52.640341451825336,52.9022331237793,96308,0.0,0.0
2017-10-12 00:00:00+08:00,52.90222672327618,52.90222672327618,52.64033508300781,52.64033508300781,19057,0.0,0.0
2017-10-13 00:00:00+08:00,52.64033508300781,52.64033508300781,52.37844344273945,52.64033508300781,29548,0.0,0.0
2017-10-16 00:00:00+08:00,52.37844344273945,52.64033508300781,52.37844344273945,52.64033508300781,57214,0.0,0.0
2017-10-17 00:00:00+08:00,52.640341451825336,53.16412479573325,52.37844977987138,52.9022331237793,60312,0.0,0.0
2017-10-18 00:00:00+08:00,52.90222672327618,52.90222672327618,52.64033508300781,52.64033508300781,27356,0.0,0.0
2017-10-19 00:00:00+08:00,52.640336318043666,52.640336318043666,52.37844467163086,52.37844467163086,49258,0.0,0.0
2017-10-20 00:00:00+08:00,52.640336318043666,52.90222796445648,52.37844467163086,52.37844467163086,18520,0.0,0.0
2017-10-23 00:00:00+08:00,52.37844344273945,52.90222672327618,52.37844344273945,52.64033508300781,24589,0.0,0.0
2017-10-24 00:00:00+08:00,52.640336318043666,52.90222796445648,52.37844467163086,52.37844467163086,56017,0.0,0.0
2017-10-25 00:00:00+08:00,53.16412479573325,53.16412479573325,52.640341451825336,52.9022331237793,26584,0.0,0.0
2017-10-26 00:00:00+08:00,52.37844853792356,53.16412353515625,52.37844853792356,53.16412353515625,61099,0.0,0.0
2017-10-27 00:00:00+08:00,52.902233611626414,54.21169659903484,52.902233611626414,53.426021575927734,98181,0.0,0.0
2017-10-30 00:00:00+08:00,53.687913250296766,53.949804924665806,53.426021575927734,53.426021575927734,74807,0.0,0.0
2017-10-31 00:00:00+08:00,53.949798583984375,54.21169022757347,53.68790694039527,53.949798583984375,34938,0.0,0.0
2017-11-01 00:00:00+08:00,53.687913250296766,53.949804924665806,53.426021575927734,53.426021575927734,55069,0.0,0.0
2017-11-02 00:00:00+08:00,53.426021575927734,53.949804924665806,53.426021575927734,53.426021575927734,41816,0.0,0.0
2017-11-03 00:00:00+08:00,53.42601792019385,55.25925951533553,53.42601792019385,54.99736785888672,161531,0.0,0.0
2017-11-06 00:00:00+08:00,56.044944763183594,56.83061981191685,55.78305308027251,56.044944763183594,148648,0.0,0.0
2017-11-07 00:00:00+08:00,56.0449417064054,56.0449417064054,55.25926208496094,55.25926208496094,61340,0.0,0.0
2017-11-08 00:00:00+08:00,55.521160919744936,55.521160919744936,54.47358958154886,54.73548126220703,71182,0.0,0.0
2017-11-09 00:00:00+08:00,54.997362670220134,55.5211505492645,54.47357940673828,54.47357940673828,97193,0.0,0.0
2017-11-10 00:00:00+08:00,55.25926509888694,56.044944763183594,54.473590050153696,56.044944763183594,110374,0.0,0.0
2017-11-13 00:00:00+08:00,56.04493381274635,56.04493381274635,54.47357940673828,54.47357940673828,135409,0.0,0.0
2017-11-14 00:00:00+08:00,54.47359213237486,54.47359213237486,53.4260253606879,54.211700439453125,90423,0.0,0.0
2017-11-15 00:00:00+08:00,54.21169532372091,54.21169532372091,53.42602031909657,53.68791198730469,50184,0.0,0.0
2017-11-16 00:00:00+08:00,53.9498036555128,53.9498036555128,53.42602031909657,53.68791198730469,32997,0.0,0.0
2017-11-17 00:00:00+08:00,53.949804924665806,53.949804924665806,53.426021575927734,53.426021575927734,51328,0.0,0.0
2017-11-20 00:00:00+08:00,53.426021575927734,53.949804924665806,53.164125285995446,53.426021575927734,37191,0.0,0.0
2017-11-21 00:00:00+08:00,53.687913250296766,53.949804924665806,53.426021575927734,53.426021575927734,16770,0.0,0.0
2017-11-22 00:00:00+08:00,53.426021575927734,53.426021575927734,53.426021575927734,53.426021575927734,37992,0.0,0.0
2017-11-23 00:00:00+08:00,53.42602031909657,53.9498036555128,53.42602031909657,53.68791198730469,61918,0.0,0.0
2017-11-24 00:00:00+08:00,53.949804924665806,53.949804924665806,53.426021575927734,53.426021575927734,55505,0.0,0.0
2017-11-27 00:00:00+08:00,53.949804924665806,53.949804924665806,53.426021575927734,53.426021575927734,15244,0.0,0.0
2017-11-28 00:00:00+08:00,53.426021575927734,53.426021575927734,53.426021575927734,53.426021575927734,21219,0.0,0.0
2017-11-29 00:00:00+08:00,53.42601981646358,53.42601981646358,52.90223186941202,53.16412353515625,37631,0.0,0.0
2017-11-30 00:00:00+08:00,53.68790694039527,54.473581871162565,53.42601529680618,53.949798583984375,80109,0.0,0.0
2017-12-01 00:00:00+08:00,54.47359213237486,54.7354838252966,53.4260253606879,54.211700439453125,138426,0.0,0.0
2017-12-04 00:00:00+08:00,54.73547923766068,56.830617220994874,54.73547923766068,55.783050537109375,341930,0.0,0.0
2017-12-05 00:00:00+08:00,55.52115836915119,55.52115836915119,54.47358707907962,55.25926208496094,55908,0.0,0.0
2017-12-06 00:00:00+08:00,55.25926721114008,55.25926721114008,53.68791705360964,54.211700439453125,88498,0.0,0.0
2017-12-07 00:00:00+08:00,54.21168777499735,55.259254301961064,53.94979614325642,54.47357940673828,63083,0.0,0.0
2017-12-08 00:00:00+08:00,55.259260036553144,55.78304796995418,54.99736837763411,55.521156311035156,121321,0.0,0.0
2017-12-11 00:00:00+08:00,56.044939700609035,57.61629427169749,55.78304804135479,56.30683135986328,325550,0.0,0.0
2017-12-12 00:00:00+08:00,56.30683859839061,56.30683859839061,54.21170043945312,54.211700439453125,146726,0.0,0.0
2017-12-13 00:00:00+08:00,54.21169340087702,55.78304796995418,54.21169340087702,55.521156311035156,100458,0.0,0.0
2017-12-14 00:00:00+08:00,55.78305260040312,55.78305260040312,54.73548126220703,54.73548126220703,66365,0.0,0.0
2017-12-15 00:00:00+08:00,55.52116139736143,56.044944763183594,54.473590050153696,56.044944763183594,76230,0.0,0.0
2017-12-18 00:00:00+08:00,56.30682842651723,61.54467056985882,56.044936780906426,59.18764114379883,1160987,0.0,0.0
2017-12-19 00:00:00+08:00,59.973331043539844,60.7590061159267,57.09251321366093,57.87819290161133,422470,0.0,0.0
2017-12-20 00:00:00+08:00,58.4019754381853,61.54468029782454,58.140083751178985,60.23522186279297,356536,0.0,0.0
2017-12-21 00:00:00+08:00,61.020887835961,61.020887835961,59.18764168437898,59.711429595947266,192971,0.0,0.0
2017-12-22 00:00:00+08:00,59.71143672527367,60.497111763088625,57.61629867553711,57.61629867553711,204496,0.0,0.0
2017-12-25 00:00:00+08:00,58.14008414898772,58.40197583778596,56.568729400634766,56.568729400634766,169034,0.0,0.0
2017-12-26 00:00:00+08:00,56.83061981191685,57.092511494827924,55.52116139736143,56.044944763183594,105401,0.0,0.0
2017-12-27 00:00:00+08:00,56.044944763183594,57.092511494827924,55.78305308027251,56.044944763183594,101786,0.0,0.0
2017-12-28 00:00:00+08:00,56.30683135986328,57.61629427169749,56.30683135986328,56.30683135986328,129949,0.0,0.0
2017-12-29 00:00:00+08:00,56.56872812900576,56.83061981191685,56.044944763183594,56.044944763183594,66463,0.0,0.0
2018-01-02 00:00:00+08:00,56.30683135986328,56.830614678371774,56.044939700609035,56.30683135986328,54689,0.0,0.0
2018-01-03 00:00:00+08:00,56.568725620867546,57.35440063476562,56.568725620867546,57.354400634765625,90898,0.0,0.0
2018-01-04 00:00:00+08:00,58.40196866441419,59.18764363430637,58.40196866441419,58.66386032104492,177073,0.0,0.0
2018-01-05 00:00:00+08:00,59.71143156313076,59.97332321976148,58.14007700778346,58.66386032104492,144564,0.0,0.0
2018-01-08 00:00:00+08:00,59.18764228625743,59.18764228625743,58.14007568359374,58.14007568359375,103749,0.0,0.0
2018-01-09 00:00:00+08:00,58.14007568359374,58.66385898492559,58.14007568359374,58.14007568359375,74913,0.0,0.0
2018-01-10 00:00:00+08:00,58.40196866441419,59.44953529093709,57.87818535115274,58.66386032104492,151536,0.0,0.0
2018-01-11 00:00:00+08:00,58.925757071895376,58.925757071895376,57.09251070143046,57.61629867553711,133460,0.0,0.0
2018-01-12 00:00:00+08:00,58.140082034080415,58.140082034080415,57.61629867553711,57.61629867553711,108685,0.0,0.0
2018-01-15 00:00:00+08:00,58.14007579808332,62.06845979693359,58.14007579808332,61.80656814575195,716498,0.0,0.0
2018-01-16 00:00:00+08:00,62.06846178424714,62.06846178424714,60.75899887084961,60.75899887084961,264171,0.0,0.0
2018-01-17 00:00:00+08:00,61.02090220144006,64.42550365810918,61.02090220144006,63.63982391357422,840595,0.0,0.0
2018-01-18 00:00:00+08:00,63.90172023879512,64.94928707742324,63.11604049426017,63.63982391357422,371106,0.0,0.0
2018-01-19 00:00:00+08:00,64.68738050627255,68.0919811807574,64.68738050627255,64.94927215576172,1020638,0.0,0.0
2018-01-22 00:00:00+08:00,65.47306313742739,66.25874279365031,63.90171305610827,64.16360473632812,380541,0.0,0.0
2018-01-23 00:00:00+08:00,64.68738299256292,65.73494963078332,63.90170801389761,64.42549133300781,285172,0.0,0.0
2018-01-24 00:00:00+08:00,64.42548885678337,65.73494710422924,63.90170555780503,64.94927215576172,272489,0.0,0.0
2018-01-25 00:00:00+08:00,65.21117659014459,66.25874800904435,64.68739318847656,64.68739318847656,215495,0.0,0.0
2018-01-26 00:00:00+08:00,64.68738809676783,64.68738809676783,64.16360473632812,64.16360473632812,103372,0.0,0.0
2018-01-29 00:00:00+08:00,64.16359967345271,64.42549133300781,63.37792007922442,64.42549133300781,166551,0.0,0.0
2018-01-30 00:00:00+08:00,64.42549592012618,64.42549592012618,62.330357878947794,62.85414123535156,190096,0.0,0.0
2018-01-31 00:00:00+08:00,62.59224955714968,63.11603291355345,62.06846620074591,62.85414123535156,86718,0.0,0.0
2018-02-01 00:00:00+08:00,63.11603291355345,63.90171256372241,62.330357878947794,62.85414123535156,127223,0.0,0.0
2018-02-02 00:00:00+08:00,62.85413676011421,64.68738299256292,62.85413676011421,64.42549133300781,93366,0.0,0.0
2018-02-05 00:00:00+08:00,63.63981422490469,64.16360218003996,62.854139215546546,63.901710510253906,61038,0.0,0.0
2018-02-06 00:00:00+08:00,62.59224440163168,62.59224440163168,57.87818535115274,58.66386032104492,272374,0.0,0.0
2018-02-07 00:00:00+08:00,61.02089692381192,62.33035997440696,59.97333017578666,60.23522186279297,118516,0.0,0.0
2018-02-08 00:00:00+08:00,60.23521555171579,61.28278218998342,60.23521555171579,60.75899887084961,76667,0.0,0.0
2018-02-09 00:00:00+08:00,60.75899887084961,60.75899887084961,60.75899887084961,60.75899887084961,0,0.0,0.0
2018-02-12 00:00:00+08:00,60.7589982703283,60.7589982703283,58.92575205591613,59.44953536987305,131450,0.0,0.0
2018-02-21 00:00:00+08:00,60.23521808517801,61.02089309692382,60.23521808517801,61.02089309692383,71038,0.0,0.0
2018-02-22 00:00:00+08:00,61.54466735784895,61.54466735784895,60.235209198135415,60.497100830078125,23388,0.0,0.0
2018-02-23 00:00:00+08:00,60.49711604428059,62.59225424228353,60.49711604428059,61.28279113769531,156740,0.0,0.0
2018-02-26 00:00:00+08:00,62.06846439481476,63.639814418306386,61.02089309692382,61.02089309692383,226396,0.0,0.0
2018-02-27 00:00:00+08:00,61.8065791488688,62.06847084667371,61.28279113769532,61.28279113769531,45333,0.0,0.0
2018-03-01 00:00:00+08:00,61.02088857664419,62.06845979693359,60.758996925462554,61.80656814575195,57285,0.0,0.0
2018-03-02 00:00:00+08:00,61.806574522544025,63.90171256372241,61.806574522544025,62.85414123535156,198228,0.0,0.0
2018-03-05 00:00:00+08:00,63.377924591755324,64.16360424192429,62.59224955714968,62.85414123535156,138888,0.0,0.0
2018-03-06 00:00:00+08:00,63.37792201190141,63.37792201190141,61.80657200665329,62.592247009277344,84430,0.0,0.0
2018-03-07 00:00:00+08:00,62.33035403387232,62.59224569591846,62.06846237182618,62.06846237182617,51856,0.0,0.0
2018-03-08 00:00:00+08:00,62.330355341735995,63.37792201190141,62.330355341735995,62.592247009277344,86883,0.0,0.0
2018-03-09 00:00:00+08:00,62.85414123535156,63.377924591755324,62.330357878947794,62.85414123535156,61388,0.0,0.0
2018-03-12 00:00:00+08:00,62.59224955714968,63.377924591755324,62.59224955714968,62.85414123535156,80318,0.0,0.0
2018-03-13 00:00:00+08:00,63.1160265914391,63.3779182434082,62.85413493947,63.3779182434082,63883,0.0,0.0
2018-03-14 00:00:00+08:00,63.3779322039172,64.42550365810918,63.3779322039172,63.63982391357422,90205,0.0,0.0
2018-03-15 00:00:00+08:00,64.16360473632812,64.42549641654797,63.90171305610827,64.16360473632812,101154,0.0,0.0
2018-03-16 00:00:00+08:00,64.16360978680854,65.21117659014459,64.16360978680854,64.68739318847656,123260,0.0,0.0
2018-03-19 00:00:00+08:00,67.30630745328565,67.83009079768459,66.25874076448778,66.78252410888672,697671,0.0,0.0
2018-03-20 00:00:00+08:00,66.78252410888672,67.30630745328565,66.25874076448778,66.78252410888672,174491,0.0,0.0
2018-03-21 00:00:00+08:00,67.04441326925298,68.87765952152951,66.5206299444777,67.30630493164062,454654,0.0,0.0
2018-03-22 00:00:00+08:00,67.30630171948675,67.83008501926477,65.47305555470084,65.73494720458984,258649,0.0,0.0
2018-03-23 00:00:00+08:00,64.94927215576172,64.94927215576172,63.90170555780503,64.94927215576172,134573,0.0,0.0
2018-03-26 00:00:00+08:00,64.6873836922012,67.30630493164062,64.6873836922012,67.30630493164062,211865,0.0,0.0
2018-03-27 00:00:00+08:00,67.83009083003924,68.09198711792683,67.04441581306608,67.56819915771484,163226,0.0,0.0
2018-03-28 00:00:00+08:00,67.56819915771484,67.56819915771484,66.5206324684173,67.56819915771484,74863,0.0,0.0
2018-03-29 00:00:00+08:00,67.56819659402827,67.56819659402827,66.78252160686534,67.30630493164062,103293,0.0,0.0
2018-03-30 00:00:00+08:00,68.35387367541209,68.35387367541209,67.56819410166717,67.83008575439453,108520,0.0,0.0
2018-04-02 00:00:00+08:00,67.30630244893983,69.66333193904882,67.30630244893983,67.83008575439453,325455,0.0,0.0
2018-04-03 00:00:00+08:00,67.04441578108619,68.09198708544727,66.25874076448778,66.78252410888672,123759,0.0,0.0
2018-04-09 00:00:00+08:00,66.78252154495736,67.56819653139195,65.99684655852278,66.5206298828125,122718,0.0,0.0
2018-04-10 00:00:00+08:00,67.04441574834487,67.04441574834487,65.9968490600586,65.9968490600586,131332,0.0,0.0
2018-04-11 00:00:00+08:00,66.52062730874906,66.52062730874906,65.9968440047275,66.25873565673828,104215,0.0,0.0
2018-04-12 00:00:00+08:00,66.52062730874906,66.78251896075984,65.9968440047275,66.25873565673828,74878,0.0,0.0
2018-04-13 00:00:00+08:00,66.25873511993069,66.52062676981971,65.21116390481183,65.73494720458984,139348,0.0,0.0
2018-04-16 00:00:00+08:00,65.73495227801197,66.25874023377875,65.21116893780835,65.47306060791016,55592,0.0,0.0
2018-04-17 00:00:00+08:00,65.21116885918414,65.4730605289702,63.11603088533259,63.901710510253906,208188,0.0,0.0
2018-04-18 00:00:00+08:00,64.68738299256292,64.68738299256292,64.16359967345271,64.42549133300781,76361,0.0,0.0
2018-04-19 00:00:00+08:00,64.16359967345271,64.68738299256292,63.90170801389761,64.42549133300781,61333,0.0,0.0
2018-04-20 00:00:00+08:00,64.42548885678337,64.94927215576172,64.1635972072942,64.94927215576172,30630,0.0,0.0
2018-04-23 00:00:00+08:00,64.94927215576172,65.47305545474006,64.68738050627255,64.94927215576172,83887,0.0,0.0
2018-04-24 00:00:00+08:00,64.425493849826,65.4730605289702,63.63981422490469,63.901710510253906,110711,0.0,0.0
2018-04-25 00:00:00+08:00,64.42549133300781,64.68738299256292,64.16359967345271,64.42549133300781,22060,0.0,0.0
2018-04-26 00:00:00+08:00,64.68738111881656,64.68738111881656,63.3779182434082,63.3779182434082,68766,0.0,0.0
2018-04-27 00:00:00+08:00,64.1635972072942,65.73494710422924,62.854134344285534,64.94927215576172,162635,0.0,0.0
2018-04-30 00:00:00+08:00,64.9492722549228,65.99684347004168,64.42548895514479,65.73494720458984,115657,0.0,0.0
2018-05-02 00:00:00+08:00,65.73494773715387,67.04441061277062,65.73494773715387,66.25873565673828,151575,0.0,0.0
2018-05-03 00:00:00+08:00,66.78252414074169,69.13955380722439,66.78252414074169,67.56819915771484,403115,0.0,0.0
2018-05-04 00:00:00+08:00,68.35387619675423,68.87765952152951,66.5206299444777,67.30630493164062,192464,0.0,0.0
2018-05-07 00:00:00+08:00,68.09198009337604,70.18711787139434,67.56819218719941,68.87765502929688,658256,0.0,0.0
2018-05-08 00:00:00+08:00,68.87765751606763,70.18712040544216,68.35387420654297,68.35387420654297,305498,0.0,0.0
2018-05-09 00:00:00+08:00,68.61577046257561,68.61577046257561,67.04441581306608,67.56819915771484,141788,0.0,0.0
2018-05-10 00:00:00+08:00,68.09198453436659,68.09198453436659,67.04441326925298,67.30630493164062,136636,0.0,0.0
2018-05-11 00:00:00+08:00,66.78252095642021,67.04441261625709,65.21116638183594,65.21116638183594,316264,0.0,0.0
2018-05-14 00:00:00+08:00,65.47306110035224,66.25874073213016,64.9492777562091,65.9968490600586,154977,0.0,0.0
2018-05-15 00:00:00+08:00,66.52063240420173,66.7825240762733,65.47306110035224,65.9968490600586,67007,0.0,0.0
2018-05-16 00:00:00+08:00,65.99684856367695,66.25874023377875,64.94927726770655,65.47306060791016,99938,0.0,0.0
2018-05-17 00:00:00+08:00,65.73495227801197,65.99684856367695,65.21116893780835,65.47306060791016,61724,0.0,0.0
2018-05-18 00:00:00+08:00,65.47306060791016,65.99684856367695,65.21116893780835,65.47306060791016,55920,0.0,0.0
2018-05-21 00:00:00+08:00,65.7349497015097,65.99684597690957,64.94927472199906,65.21116638183594,81530,0.0,0.0
2018-05-22 00:00:00+08:00,65.47305804167281,65.47305804167281,64.94927472199906,65.21116638183594,60117,0.0,0.0
2018-05-23 00:00:00+08:00,65.21116638183594,65.47305804167281,64.94927472199906,65.21116638183594,51297,0.0,0.0
2018-05-24 00:00:00+08:00,65.73495227801197,65.99684856367695,65.47306060791016,65.47306060791016,50056,0.0,0.0
2018-05-25 00:00:00+08:00,65.73494963078332,65.73494963078332,64.16359967345271,64.42549133300781,128578,0.0,0.0
2018-05-28 00:00:00+08:00,65.21116380525089,65.47305545474006,64.42548885678337,64.94927215576172,67694,0.0,0.0
2018-05-29 00:00:00+08:00,65.21116893780835,65.47306060791016,64.94927726770655,65.47306060791016,41580,0.0,0.0
2018-05-30 00:00:00+08:00,65.21117659014459,65.21117659014459,64.42550148764255,64.68739318847656,95971,0.0,0.0
2018-05-31 00:00:00+08:00,64.94927215576172,65.21116380525089,64.68738050627255,64.94927215576172,41749,0.0,0.0
2018-06-01 00:00:00+08:00,64.94927215576172,65.21116380525089,64.68738050627255,64.94927215576172,41464,0.0,0.0
2018-06-04 00:00:00+08:00,64.94927726770655,65.73495227801197,64.68738559760475,65.47306060791016,69932,0.0,0.0
2018-06-05 00:00:00+08:00,65.73495277242381,66.52063240420173,65.47306110035224,65.9968490600586,104125,0.0,0.0
2018-06-06 00:00:00+08:00,66.52063243668725,66.78252410888672,66.25874076448778,66.78252410888672,83379,0.0,0.0
2018-06-07 00:00:00+08:00,66.52062730874906,66.78251896075984,65.73494773715387,66.25873565673828,95329,0.0,0.0
2018-06-08 00:00:00+08:00,65.9968490600586,66.25874073213016,65.73495277242381,65.9968490600586,46509,0.0,0.0
2018-06-11 00:00:00+08:00,65.9968440047275,66.52062730874906,65.4730560851431,66.25873565673828,75496,0.0,0.0
2018-06-12 00:00:00+08:00,66.78251841970872,66.78251841970872,65.73494720458984,65.73494720458984,52978,0.0,0.0
2018-06-13 00:00:00+08:00,65.73495227801197,65.99684856367695,65.21116893780835,65.47306060791016,56889,0.0,0.0
2018-06-14 00:00:00+08:00,65.47306060791016,65.47306060791016,65.21116893780835,65.47306060791016,28422,0.0,0.0
2018-06-15 00:00:00+08:00,65.99684597690957,65.99684597690957,64.94927472199906,65.21116638183594,37679,0.0,0.0
2018-06-19 00:00:00+08:00,65.21116380525089,65.21116380525089,64.42548885678337,64.94927215576172,41887,0.0,0.0
2018-06-20 00:00:00+08:00,64.42548885678337,65.47305545474006,64.42548885678337,64.94927215576172,46673,0.0,0.0
2018-06-21 00:00:00+08:00,64.9492722549228,65.99684347004168,64.9492722549228,65.73494720458984,27269,0.0,0.0
2018-06-22 00:00:00+08:00,65.99684347004168,65.99684347004168,64.9492722549228,65.73494720458984,43890,0.0,0.0
2018-06-25 00:00:00+08:00,65.73494710422924,65.73494710422924,64.94927215576172,64.94927215576172,25941,0.0,0.0
2018-06-26 00:00:00+08:00,64.68738306216218,65.47305804167281,64.4254914023253,65.21116638183594,71783,0.0,0.0
2018-06-27 00:00:00+08:00,65.21116638183594,65.21116638183594,64.94927472199906,65.21116638183594,61465,0.0,0.0
2018-06-28 00:00:00+08:00,65.21117659014459,65.21117659014459,64.68739318847656,64.68739318847656,25373,0.0,0.0
2018-06-29 00:00:00+08:00,64.68739318847656,64.94928488931058,64.42550148764255,64.68739318847656,26707,0.0,0.0
2018-07-02 00:00:00+08:00,64.425493849826,64.425493849826,63.901710510253906,63.901710510253906,80435,0.0,0.0
2018-07-03 00:00:00+08:00,63.90170616290926,64.68738111881656,63.1160265914391,63.3779182434082,46640,0.0,0.0
2018-07-04 00:00:00+08:00,63.377922555118644,64.68738551961205,63.11603088533259,63.901710510253906,44729,0.0,0.0
2018-07-05 00:00:00+08:00,64.42550148764255,65.99685630821034,64.16360978680854,64.68739318847656,132278,0.0,0.0
2018-07-06 00:00:00+08:00,64.94927726770655,65.47306060791016,63.63981430163434,65.47306060791016,62748,0.0,0.0
2018-07-09 00:00:00+08:00,65.21116380525089,65.21116380525089,64.42548885678337,64.94927215576172,30058,0.0,0.0
2018-07-10 00:00:00+08:00,64.94927215576172,65.47305545474006,64.68738050627255,64.94927215576172,55144,0.0,0.0
2018-07-11 00:00:00+08:00,65.99684336928121,65.99684336928121,64.68738050627255,64.94927215576172,50820,0.0,0.0
2018-07-12 00:00:00+08:00,64.94927215576172,64.94927215576172,64.68738050627255,64.94927215576172,35060,0.0,0.0
2018-07-13 00:00:00+08:00,65.7349497015097,65.7349497015097,64.94927472199906,65.21116638183594,66770,0.0,0.0
2018-07-16 00:00:00+08:00,65.73494720458984,66.52062676981971,64.9492722549228,65.73494720458984,154103,0.0,0.0
2018-07-17 00:00:00+08:00,65.73495227801197,66.25874023377875,65.21116893780835,65.47306060791016,63525,0.0,0.0
2018-07-18 00:00:00+08:00,65.73494720458984,65.99684347004168,65.47305555470084,65.73494720458984,90032,0.0,0.0
2018-07-19 00:00:00+08:00,65.73494720458984,66.25873511993069,65.47305555470084,65.73494720458984,79983,0.0,0.0
2018-07-20 00:00:00+08:00,65.9968440047275,66.52062730874906,65.73494773715387,66.25873565673828,80299,0.0,0.0
2018-07-23 00:00:00+08:00,66.25873565673828,66.52062730874906,65.73494773715387,66.25873565673828,140102,0.0,0.0
2018-07-24 00:00:00+08:00,66.25874073213016,66.25874073213016,65.47306110035224,65.9968490600586,120977,0.0,0.0
2018-07-25 00:00:00+08:00,65.99684736176071,66.52063069242533,65.99684736176071,56.83061599731445,281196,0.0,0.0
2018-07-26 00:00:00+08:00,67.96997779006462,69.21713357499226,67.34639739990234,67.34639739990234,184275,7.142857,1.1
2018-07-27 00:00:00+08:00,68.28177369678215,68.59356143165024,67.65819822704597,67.96998596191406,73764,0.0,0.0
2018-07-30 00:00:00+08:00,68.59355702122734,69.84071287590768,68.28176930640655,68.90534973144531,92610,0.0,0.0
2018-07-31 00:00:00+08:00,69.84072423727591,71.08788029483786,69.52893647173491,70.77609252929688,93481,0.0,0.0
2018-08-01 00:00:00+08:00,70.77609252929688,71.08788029483786,70.15251699821488,70.77609252929688,57776,0.0,0.0
2018-08-02 00:00:00+08:00,70.77607938253709,70.77607938253709,69.84071126426211,70.15250396728516,65318,0.0,0.0
2018-08-03 00:00:00+08:00,69.8407097089186,71.399658203125,69.2171343075536,71.399658203125,81235,0.0,0.0
2018-08-06 00:00:00+08:00,70.77608215342624,70.77608215342624,70.15250671376127,70.46429443359375,28371,0.0,0.0
2018-08-07 00:00:00+08:00,70.15250396728516,70.46429167491112,69.21713584901018,70.15250396728516,51308,0.0,0.0
2018-08-08 00:00:00+08:00,70.15251387743979,70.46430162911072,69.8407211303711,69.8407211303711,15046,0.0,0.0
2018-08-09 00:00:00+08:00,69.84071565218358,69.84071565218358,69.2171401977539,69.2171401977539,26481,0.0,0.0
2018-08-10 00:00:00+08:00,68.9053519855544,69.52892743559508,68.59355926513672,68.59355926513672,89376,0.0,0.0
2018-08-13 00:00:00+08:00,68.59355318482999,68.59355318482999,67.34639739990234,67.34639739990234,90720,0.0,0.0
2018-08-14 00:00:00+08:00,68.28177154011638,68.9053519855544,68.28177154011638,68.59355926513672,24517,0.0,0.0
2018-08-15 00:00:00+08:00,68.90534921923145,68.90534921923145,67.96998108632503,68.28176879882812,19057,0.0,0.0
2018-08-16 00:00:00+08:00,68.59356143165024,68.59356143165024,67.65819822704597,67.96998596191406,37327,0.0,0.0
2018-08-17 00:00:00+08:00,67.96998108632503,69.21713693173454,67.96998108632503,68.28176879882812,24220,0.0,0.0
2018-08-20 00:00:00+08:00,68.59355651133122,69.21713693173454,67.96998108632503,68.28176879882812,22312,0.0,0.0
2018-08-21 00:00:00+08:00,67.9699842934972,69.2171401977539,67.9699842934972,69.2171401977539,26815,0.0,0.0
2018-08-22 00:00:00+08:00,68.90534973144531,69.21713744626611,68.90534973144531,68.90534973144531,21421,0.0,0.0
2018-08-23 00:00:00+08:00,68.59355702122734,69.21713744626611,68.59355702122734,68.90534973144531,29505,0.0,0.0
2018-08-24 00:00:00+08:00,68.9053519855544,68.9053519855544,68.28177154011638,68.59355926513672,15902,0.0,0.0
2018-08-27 00:00:00+08:00,68.59355974792686,69.52892792496874,68.59355974792686,69.2171401977539,18333,0.0,0.0
2018-08-28 00:00:00+08:00,69.52892792496874,69.52892792496874,68.59355974792686,69.2171401977539,28729,0.0,0.0
2018-08-29 00:00:00+08:00,69.21714292456478,69.5289306640625,68.90535518506705,69.5289306640625,15803,0.0,0.0
2018-08-30 00:00:00+08:00,69.2171401977539,69.52892792496874,68.90535247053907,69.2171401977539,11833,0.0,0.0
2018-08-31 00:00:00+08:00,69.21713971057474,69.21713971057474,68.59355926513672,68.59355926513672,19001,0.0,0.0
2018-09-03 00:00:00+08:00,68.28176879882812,68.59355651133122,67.96998108632503,68.28176879882812,55702,0.0,0.0
2018-09-04 00:00:00+08:00,68.59355651133122,68.59355651133122,67.96998108632503,68.28176879882812,25804,0.0,0.0
2018-09-05 00:00:00+08:00,67.96998321788632,67.96998321788632,67.65819549560547,67.65819549560547,31323,0.0,0.0
2018-09-06 00:00:00+08:00,67.65819549560547,67.65819549560547,67.34640277792731,67.65819549560547,41681,0.0,0.0
2018-09-07 00:00:00+08:00,67.34639897821823,67.65819167830492,66.0992431640625,66.0992431640625,91982,0.0,0.0
2018-09-10 00:00:00+08:00,65.47567476198343,66.09925023809872,64.85209928586814,65.16388702392578,60714,0.0,0.0
2018-09-11 00:00:00+08:00,65.16388973918511,65.78746524128364,64.85210198813584,65.47567749023438,32581,0.0,0.0
2018-09-12 00:00:00+08:00,65.47567259938883,65.78746032714844,65.47567259938883,65.78746032714844,26340,0.0,0.0
2018-09-13 00:00:00+08:00,66.0992431640625,66.0992431640625,65.78745545937282,66.0992431640625,13337,0.0,0.0
2018-09-14 00:00:00+08:00,66.41104398326677,67.03461946888167,66.41104398326677,66.72283172607422,29631,0.0,0.0
2018-09-17 00:00:00+08:00,65.78746080432597,66.41104125976562,65.78746080432597,66.41104125976562,12237,0.0,0.0
2018-09-18 00:00:00+08:00,66.4110358641492,66.4110358641492,65.78745545937282,66.0992431640625,14012,0.0,0.0
2018-09-19 00:00:00+08:00,66.41104125976562,66.41104125976562,65.78746080432597,66.41104125976562,14952,0.0,0.0
2018-09-20 00:00:00+08:00,66.09925299233291,66.09925299233291,65.47567749023438,65.47567749023438,27395,0.0,0.0
2018-09-21 00:00:00+08:00,65.47567259938883,66.09924805490806,65.47567259938883,65.78746032714844,17325,0.0,0.0
2018-09-25 00:00:00+08:00,65.78746524128364,65.78746524128364,65.47567749023438,65.47567749023438,18709,0.0,0.0
2018-09-26 00:00:00+08:00,65.47567259938883,65.78746032714844,65.47567259938883,65.78746032714844,9074,0.0,0.0
2018-09-27 00:00:00+08:00,65.78746032714844,65.78746032714844,65.78746032714844,65.78746032714844,12503,0.0,0.0
2018-09-28 00:00:00+08:00,65.78746524128364,65.78746524128364,65.47567749023438,65.47567749023438,9583,0.0,0.0
2018-10-01 00:00:00+08:00,65.78745545937282,66.0992431640625,65.78745545937282,66.0992431640625,14355,0.0,0.0
2018-10-02 00:00:00+08:00,66.4110358641492,66.4110358641492,66.0992431640625,66.0992431640625,13283,0.0,0.0
2018-10-03 00:00:00+08:00,66.09925299233291,66.41104573877993,65.47567749023438,65.47567749023438,21110,0.0,0.0
2018-10-04 00:00:00+08:00,65.78746524128364,65.78746524128364,65.16388973918511,65.47567749023438,9870,0.0,0.0
2018-10-05 00:00:00+08:00,65.16387604762112,65.16387604762112,63.91672031006583,64.22850799560547,57104,0.0,0.0
2018-10-08 00:00:00+08:00,63.91673772164573,64.22852549211959,63.60494995117188,63.604949951171875,28754,0.0,0.0
2018-10-09 00:00:00+08:00,63.60493692810681,63.60493692810681,63.29314422607422,63.29314422607422,39628,0.0,0.0
2018-10-11 00:00:00+08:00,62.669576585044,63.293152075650525,61.609493255615234,61.609493255615234,122188,0.0,0.0
2018-10-12 00:00:00+08:00,61.235348400704176,62.23307418823242,61.110633301687855,62.23307418823242,85189,0.0,0.0
2018-10-15 00:00:00+08:00,62.23307275266985,62.66957558915792,61.796564920784185,62.10835266113281,42420,0.0,0.0
2018-10-16 00:00:00+08:00,62.29543030073957,62.357787848809295,62.108352661132805,62.10835266113281,18165,0.0,0.0
2018-10-17 00:00:00+08:00,62.3577880859375,62.3577880859375,62.17071044561934,62.3577880859375,16838,0.0,0.0
2018-10-18 00:00:00+08:00,62.233068118865,64.22851450391508,62.233068118865,62.66957092285156,24675,0.0,0.0
2018-10-19 00:00:00+08:00,62.357789287248735,62.357789287248735,62.04599654431024,62.23307418823242,18910,0.0,0.0
2018-10-22 00:00:00+08:00,62.2330729893238,62.3577880859375,61.796565155778225,62.3577880859375,25559,0.0,0.0
2018-10-23 00:00:00+08:00,62.357789054477756,62.357789054477756,61.85892366487696,61.983638763427734,21420,0.0,0.0
2018-10-24 00:00:00+08:00,62.357787848809295,63.29315106985517,62.108352661132805,62.10835266113281,16662,0.0,0.0
2018-10-25 00:00:00+08:00,61.73420737271446,62.98136332950654,61.67184982464473,62.10835266113281,34020,0.0,0.0
2018-10-26 00:00:00+08:00,62.357787848809295,62.66957558915792,62.108352661132805,62.10835266113281,23730,0.0,0.0
2018-10-29 00:00:00+08:00,62.045987358384245,62.35778005516174,61.73419965700371,61.92127227783203,35957,0.0,0.0
2018-10-30 00:00:00+08:00,61.79656076020229,61.92127584794504,61.5471305847168,61.5471305847168,46725,0.0,0.0
2018-10-31 00:00:00+08:00,61.54712703617538,62.045987358384245,61.48476949589927,61.92127227783203,36348,0.0,0.0
2018-11-01 00:00:00+08:00,62.10835866210123,64.22852549211959,62.10835866210123,63.604949951171875,59851,0.0,0.0
2018-11-02 00:00:00+08:00,63.9167306196484,64.5403060913086,63.29315015259069,64.5403060913086,34482,0.0,0.0
2018-11-05 00:00:00+08:00,64.54029964521709,67.03461127352855,64.54029964521709,66.0992431640625,73131,0.0,0.0
2018-11-06 00:00:00+08:00,67.03461127352855,67.03461127352855,65.47566775468314,66.0992431640625,42499,0.0,0.0
2018-11-07 00:00:00+08:00,66.0992431640625,66.72282356883888,65.78745545937282,66.0992431640625,32051,0.0,0.0
2018-11-08 00:00:00+08:00,66.09924805490806,66.72282850582468,65.78746032714844,65.78746032714844,32799,0.0,0.0
2018-11-09 00:00:00+08:00,65.47567476198343,65.47567476198343,63.2931506047848,65.16388702392578,61257,0.0,0.0
2018-11-12 00:00:00+08:00,65.16388428255829,65.16388428255829,64.22851611233763,64.85209655761719,45150,0.0,0.0
2018-11-13 00:00:00+08:00,64.22850799560547,65.16387604762112,63.91672031006583,64.22850799560547,23280,0.0,0.0
2018-11-14 00:00:00+08:00,64.85209928586814,65.47567476198343,64.54030655241293,65.16388702392578,29739,0.0,0.0
2018-11-15 00:00:00+08:00,65.16388428255829,65.4756720074994,64.85209655761719,64.85209655761719,15577,0.0,0.0
2018-11-16 00:00:00+08:00,64.8520988225362,64.8520988225362,64.5403060913086,64.5403060913086,11858,0.0,0.0
2018-11-19 00:00:00+08:00,64.5403060913086,64.5403060913086,63.9167306196484,64.5403060913086,24306,0.0,0.0
2018-11-20 00:00:00+08:00,64.22850799560547,64.85208836208147,63.91672031006583,64.22850799560547,28741,0.0,0.0
2018-11-21 00:00:00+08:00,64.22851611233763,64.85209655761719,64.22851611233763,64.85209655761719,13042,0.0,0.0
2018-11-22 00:00:00+08:00,64.85209714386959,65.78746032714844,64.22851669295297,65.78746032714844,17257,0.0,0.0
2018-11-23 00:00:00+08:00,65.47567476198343,65.47567476198343,63.91673107629764,65.16388702392578,20370,0.0,0.0
2018-11-26 00:00:00+08:00,64.85209655761719,64.85209655761719,64.22851611233763,64.85209655761719,7359,0.0,0.0
2018-11-27 00:00:00+08:00,64.85209655761719,64.85209655761719,64.85209655761719,64.85209655761719,7506,0.0,0.0
2018-11-28 00:00:00+08:00,64.85210198813584,65.78746524128364,64.85210198813584,65.47567749023438,25521,0.0,0.0
2018-11-29 00:00:00+08:00,65.47567476198343,66.09925023809872,65.16388702392578,65.16388702392578,17613,0.0,0.0
2018-11-30 00:00:00+08:00,65.16388973918511,65.78746524128364,65.16388973918511,65.47567749023438,7459,0.0,0.0
2018-12-03 00:00:00+08:00,65.78745545937282,66.0992431640625,65.78745545937282,66.0992431640625,32980,0.0,0.0
2018-12-04 00:00:00+08:00,65.47567749023438,66.09925299233291,65.16388973918511,65.47567749023438,22706,0.0,0.0
2018-12-05 00:00:00+08:00,64.8520988225362,65.16388655836631,64.2285183554785,64.5403060913086,26848,0.0,0.0
2018-12-06 00:00:00+08:00,64.54030442898787,64.54030442898787,63.91672897338867,63.91672897338867,44625,0.0,0.0
2018-12-07 00:00:00+08:00,63.9167306196484,64.8520988225362,63.9167306196484,64.5403060913086,20475,0.0,0.0
2018-12-10 00:00:00+08:00,65.16387604762112,65.16387604762112,64.22850799560547,64.22850799560547,19065,0.0,0.0
2018-12-11 00:00:00+08:00,64.85209655761719,64.85209655761719,64.85209655761719,64.85209655761719,9796,0.0,0.0
2018-12-12 00:00:00+08:00,64.85209655761719,65.16388428255829,64.85209655761719,64.85209655761719,11849,0.0,0.0
2018-12-13 00:00:00+08:00,67.03462124087848,67.03462124087848,65.47567749023438,65.47567749023438,24780,0.0,0.0
2018-12-14 00:00:00+08:00,65.16388702392578,65.16388702392578,65.16388702392578,65.16388702392578,6434,0.0,0.0
2018-12-17 00:00:00+08:00,64.85210198813584,66.72283348982921,64.85210198813584,65.47567749023438,37309,0.0,0.0
2018-12-18 00:00:00+08:00,65.16388655836631,65.47567429419641,64.2285183554785,64.5403060913086,27746,0.0,0.0
2018-12-19 00:00:00+08:00,64.54030442898787,64.54030442898787,63.91672897338867,63.91672897338867,28381,0.0,0.0
2018-12-20 00:00:00+08:00,63.91673772164573,63.91673772164573,62.9813694148261,63.604949951171875,65133,0.0,0.0
2018-12-21 00:00:00+08:00,63.293157185299954,63.60494995117188,63.293157185299954,63.604949951171875,17850,0.0,0.0
2018-12-24 00:00:00+08:00,63.91672897338867,64.22851670118827,63.91672897338867,63.91672897338867,10083,0.0,0.0
2018-12-25 00:00:00+08:00,63.29314422607422,63.60493692810681,63.29314422607422,63.29314422607422,23420,0.0,0.0
2018-12-26 00:00:00+08:00,63.60494995117188,64.54031326259344,63.60494995117188,63.604949951171875,30474,0.0,0.0
2018-12-27 00:00:00+08:00,64.22851670118827,64.22851670118827,63.91672897338867,63.91672897338867,27867,0.0,0.0
2018-12-28 00:00:00+08:00,63.60494066245542,64.85209655761719,63.60494066245542,64.85209655761719,30555,0.0,0.0
2019-01-02 00:00:00+08:00,64.5403060913086,64.5403060913086,64.5403060913086,64.5403060913086,19320,0.0,0.0
2019-01-03 00:00:00+08:00,64.54029568114512,64.54029568114512,63.91672031006583,64.22850799560547,29911,0.0,0.0
2019-01-04 00:00:00+08:00,63.91672031006583,64.22850799560547,63.91672031006583,64.22850799560547,4200,0.0,0.0
2019-01-07 00:00:00+08:00,64.22850799560547,65.16387604762112,64.22850799560547,64.22850799560547,35843,0.0,0.0
2019-01-08 00:00:00+08:00,64.54029568114512,64.54029568114512,64.22850799560547,64.22850799560547,14099,0.0,0.0
2019-01-09 00:00:00+08:00,64.22851881435528,66.72283070961157,64.22851881435528,65.16388702392578,47355,0.0,0.0
2019-01-10 00:00:00+08:00,65.16388973918511,65.78746524128364,65.16388973918511,65.47567749023438,8938,0.0,0.0
2019-01-11 00:00:00+08:00,66.09924853434708,66.41104125976562,66.09924853434708,66.41104125976562,8874,0.0,0.0
2019-01-14 00:00:00+08:00,65.78746350225423,66.72283172607422,65.16388801663932,66.72283172607422,30766,0.0,0.0
2019-01-15 00:00:00+08:00,66.41104125976562,67.03461671980786,66.41104125976562,66.41104125976562,51857,0.0,0.0
2019-01-16 00:00:00+08:00,66.0992431640625,66.0992431640625,66.0992431640625,66.0992431640625,6542,0.0,0.0
2019-01-17 00:00:00+08:00,66.0992431640625,66.0992431640625,65.47566775468314,66.0992431640625,17231,0.0,0.0
2019-01-18 00:00:00+08:00,66.0992431640625,66.0992431640625,65.47566775468314,66.0992431640625,28729,0.0,0.0
2019-01-21 00:00:00+08:00,66.0992431640625,66.0992431640625,65.78745545937282,66.0992431640625,19349,0.0,0.0
2019-01-22 00:00:00+08:00,65.47567749023438,65.78746524128364,65.47567749023438,65.47567749023438,12107,0.0,0.0
2019-01-23 00:00:00+08:00,65.47566775468314,66.0992431640625,65.47566775468314,66.0992431640625,8443,0.0,0.0
2019-01-24 00:00:00+08:00,66.09924805490806,66.09924805490806,65.78746032714844,65.78746032714844,6470,0.0,0.0
2019-01-25 00:00:00+08:00,65.78746032714844,65.78746032714844,65.78746032714844,65.78746032714844,12983,0.0,0.0
2019-01-28 00:00:00+08:00,65.78745545937282,66.0992431640625,65.78745545937282,66.0992431640625,39548,0.0,0.0
2019-01-29 00:00:00+08:00,65.78746080432597,66.41104125976562,65.78746080432597,66.41104125976562,40450,0.0,0.0
2019-01-30 00:00:00+08:00,66.41104398326677,66.72283172607422,66.09925124506168,66.72283172607422,24623,0.0,0.0
2019-02-11 00:00:00+08:00,66.72282898978673,66.72282898978673,66.41104125976562,66.41104125976562,32966,0.0,0.0
2019-02-12 00:00:00+08:00,66.41104398326677,66.72283172607422,65.78746350225423,66.72283172607422,36857,0.0,0.0
2019-02-13 00:00:00+08:00,66.72283172607422,66.72283172607422,66.09925124506168,66.72283172607422,25902,0.0,0.0
2019-02-14 00:00:00+08:00,66.7228273333656,67.65819549560547,66.7228273333656,67.65819549560547,43344,0.0,0.0
2019-02-15 00:00:00+08:00,67.34639739990234,67.96997779006462,67.03460970251966,67.34639739990234,54692,0.0,0.0
2019-02-18 00:00:00+08:00,67.34639739990234,67.34639739990234,67.03460970251966,67.34639739990234,31431,0.0,0.0
2019-02-19 00:00:00+08:00,67.03461505564646,67.96998321788632,67.03461505564646,67.65819549560547,26860,0.0,0.0
2019-02-20 00:00:00+08:00,67.65819549560547,67.65819549560547,67.34640277792731,67.65819549560547,75983,0.0,0.0
2019-02-21 00:00:00+08:00,67.65819009268192,67.96997779006462,67.34639739990234,67.34639739990234,30240,0.0,0.0
2019-02-22 00:00:00+08:00,67.34640277792731,67.96998321788632,67.03461505564646,67.65819549560547,35301,0.0,0.0
2019-02-25 00:00:00+08:00,67.96998381509604,68.59355926513672,67.6581960900757,68.59355926513672,50925,0.0,0.0
2019-02-26 00:00:00+08:00,68.28177369678215,68.90535416191584,67.96998596191406,67.96998596191406,45690,0.0,0.0
2019-02-27 00:00:00+08:00,68.28177369678215,68.59356143165024,67.96998596191406,67.96998596191406,42105,0.0,0.0
2019-03-04 00:00:00+08:00,67.96998381509604,68.59355926513672,67.96998381509604,68.59355926513672,51066,0.0,0.0
2019-03-05 00:00:00+08:00,68.59356143165024,68.59356143165024,67.96998596191406,67.96998596191406,20719,0.0,0.0
2019-03-06 00:00:00+08:00,67.96998596191406,67.96998596191406,67.96998596191406,67.96998596191406,14789,0.0,0.0
2019-03-07 00:00:00+08:00,67.96998596191406,68.28177369678215,67.96998596191406,67.96998596191406,23338,0.0,0.0
2019-03-08 00:00:00+08:00,67.96998596191406,67.96998596191406,67.96998596191406,67.96998596191406,12115,0.0,0.0
2019-03-11 00:00:00+08:00,67.96998321788632,68.28177094016718,67.65819549560547,67.65819549560547,23331,0.0,0.0
2019-03-12 00:00:00+08:00,67.96998108632503,68.28176879882812,67.96998108632503,68.28176879882812,28188,0.0,0.0
2019-03-13 00:00:00+08:00,68.28177154011638,68.59355926513672,68.28177154011638,68.59355926513672,21371,0.0,0.0
2019-03-14 00:00:00+08:00,68.59355926513672,68.59355926513672,68.28177154011638,68.59355926513672,45231,0.0,0.0
2019-03-15 00:00:00+08:00,68.59356245017177,69.5289306640625,68.59356245017177,69.5289306640625,44868,0.0,0.0
2019-03-18 00:00:00+08:00,69.84071840356022,70.15251113845551,68.90535518506705,69.5289306640625,54639,0.0,0.0
2019-03-19 00:00:00+08:00,69.21714292456478,70.77608661745094,68.90535518506705,69.5289306640625,170755,0.0,0.0
2019-03-20 00:00:00+08:00,69.52893337870016,70.46430162911072,69.21714562702923,69.8407211303711,49896,0.0,0.0
2019-03-21 00:00:00+08:00,69.5289306640625,69.5289306640625,69.21714292456478,69.5289306640625,57349,0.0,0.0
2019-03-22 00:00:00+08:00,69.52892792496874,69.84071565218358,69.2171401977539,69.2171401977539,59311,0.0,0.0
2019-03-25 00:00:00+08:00,67.96998108632503,68.59355651133122,67.96998108632503,68.28176879882812,37170,0.0,0.0
2019-03-26 00:00:00+08:00,68.59355974792686,69.2171401977539,68.59355974792686,69.2171401977539,31674,0.0,0.0
2019-03-27 00:00:00+08:00,69.21713693173454,69.21713693173454,67.96998108632503,68.28176879882812,67284,0.0,0.0
2019-03-28 00:00:00+08:00,68.28177094016718,68.28177094016718,67.34640277792731,67.65819549560547,67202,0.0,0.0
2019-03-29 00:00:00+08:00,67.65819549560547,67.65819549560547,67.34640277792731,67.65819549560547,50801,0.0,0.0
2019-04-01 00:00:00+08:00,67.65819499836441,67.65819499836441,67.03461456298828,67.03461456298828,34669,0.0,0.0
2019-04-02 00:00:00+08:00,67.34640228297772,68.28177043834327,66.72282684299886,67.03461456298828,113272,0.0,0.0
2019-04-03 00:00:00+08:00,67.34640228297772,67.34640228297772,66.72282684299886,67.03461456298828,64470,0.0,0.0
2019-04-08 00:00:00+08:00,67.03461505564646,67.65819549560547,67.03461505564646,67.65819549560547,38301,0.0,0.0
2019-04-09 00:00:00+08:00,67.65819822704597,68.28177369678215,67.34640549678038,67.96998596191406,54860,0.0,0.0
2019-04-10 00:00:00+08:00,67.65819009268192,67.96997779006462,67.34639739990234,67.34639739990234,59603,0.0,0.0
2019-04-11 00:00:00+08:00,67.34640336965802,69.21713971057474,67.34640336965802,68.59355926513672,94605,0.0,0.0
2019-04-12 00:00:00+08:00,68.28177369678215,68.28177369678215,67.96998596191406,67.96998596191406,18648,0.0,0.0
2019-04-15 00:00:00+08:00,68.28176879882812,68.28176879882812,67.96998108632503,68.28176879882812,22975,0.0,0.0
2019-04-16 00:00:00+08:00,67.96998108632503,68.28176879882812,67.96998108632503,68.28176879882812,27629,0.0,0.0
2019-04-17 00:00:00+08:00,68.28177154011638,68.59355926513672,67.6581960900757,68.59355926513672,32655,0.0,0.0
2019-04-18 00:00:00+08:00,68.59356143165024,68.59356143165024,67.34640549678038,67.96998596191406,78750,0.0,0.0
2019-04-19 00:00:00+08:00,67.96998271835385,67.96998271835385,67.03461456298828,67.03461456298828,74613,0.0,0.0
2019-04-22 00:00:00+08:00,67.65819009268192,67.96997779006462,67.34639739990234,67.34639739990234,61560,0.0,0.0
2019-04-23 00:00:00+08:00,67.65819337382194,68.28176879882812,67.34640066592172,68.28176879882812,51336,0.0,0.0
2019-04-24 00:00:00+08:00,67.96998108632503,68.28176879882812,67.96998108632503,68.28176879882812,17715,0.0,0.0
2019-04-25 00:00:00+08:00,67.96998108632503,68.28176879882812,67.96998108632503,68.28176879882812,18139,0.0,0.0
2019-04-26 00:00:00+08:00,67.96998596191406,68.28177369678215,67.65819822704597,67.96998596191406,15282,0.0,0.0
2019-04-29 00:00:00+08:00,67.65819822704597,67.96998596191406,67.03461776191229,67.96998596191406,26250,0.0,0.0
2019-04-30 00:00:00+08:00,67.34640549678038,68.28177369678215,67.34640549678038,67.96998596191406,22572,0.0,0.0
2019-05-02 00:00:00+08:00,68.28176879882812,69.52892464423763,68.28176879882812,68.28176879882812,53502,0.0,0.0
2019-05-03 00:00:00+08:00,68.59356143165024,68.90535416191584,67.96998596191406,67.96998596191406,37678,0.0,0.0
2019-05-06 00:00:00+08:00,68.59355318482999,68.90534587760958,67.34639739990234,67.34639739990234,33847,0.0,0.0
2019-05-07 00:00:00+08:00,67.6581960900757,68.9053519855544,67.6581960900757,68.59355926513672,30729,0.0,0.0
2019-05-08 00:00:00+08:00,67.96998108632503,68.28176879882812,67.65819337382194,68.28176879882812,18496,0.0,0.0
2019-05-09 00:00:00+08:00,67.96998596191406,67.96998596191406,67.65819822704597,67.96998596191406,41083,0.0,0.0
2019-05-10 00:00:00+08:00,67.96998321788632,67.96998321788632,67.34640277792731,67.65819549560547,60970,0.0,0.0
2019-05-13 00:00:00+08:00,67.34640444982897,67.6581971752475,65.47567307430486,66.41104125976562,89155,0.0,0.0
2019-05-14 00:00:00+08:00,66.09924956191051,67.96998596191406,65.47567409217433,67.96998596191406,98700,0.0,0.0
2019-05-15 00:00:00+08:00,67.96998381509604,68.59355926513672,67.03461564463768,68.59355926513672,46453,0.0,0.0
2019-05-16 00:00:00+08:00,68.28177094016718,68.28177094016718,67.34640277792731,67.65819549560547,24904,0.0,0.0
2019-05-17 00:00:00+08:00,67.65819009268192,67.65819009268192,67.34639739990234,67.34639739990234,18973,0.0,0.0
2019-05-20 00:00:00+08:00,67.65819549560547,68.59355866244805,67.34640277792731,67.65819549560547,36169,0.0,0.0
2019-05-21 00:00:00+08:00,67.65819822704597,67.96998596191406,67.34640549678038,67.96998596191406,14461,0.0,0.0
2019-05-22 00:00:00+08:00,68.28176879882812,68.90534921923145,67.96998108632503,68.28176879882812,32266,0.0,0.0
2019-05-23 00:00:00+08:00,67.96998321788632,67.96998321788632,67.34640277792731,67.65819549560547,19452,0.0,0.0
2019-05-24 00:00:00+08:00,68.28177369678215,68.90535416191584,67.65819822704597,67.96998596191406,42157,0.0,0.0
2019-05-27 00:00:00+08:00,67.96998321788632,67.96998321788632,67.65819549560547,67.65819549560547,30597,0.0,0.0
2019-05-28 00:00:00+08:00,67.96998108632503,68.59355651133122,67.96998108632503,68.28176879882812,51555,0.0,0.0
2019-05-29 00:00:00+08:00,68.59355926513672,68.9053519855544,68.28177154011638,68.59355926513672,50925,0.0,0.0
2019-05-30 00:00:00+08:00,68.59355702122734,68.90534973144531,68.28176930640655,68.90534973144531,30558,0.0,0.0
2019-05-31 00:00:00+08:00,68.59355926513672,68.9053519855544,68.28177154011638,68.59355926513672,33597,0.0,0.0
2019-06-03 00:00:00+08:00,68.28177154011638,69.21713971057474,68.28177154011638,68.59355926513672,37822,0.0,0.0
2019-06-04 00:00:00+08:00,68.59355926513672,68.9053519855544,68.28177154011638,68.59355926513672,37490,0.0,0.0
2019-06-05 00:00:00+08:00,68.59355651133122,68.90534921923145,68.28176879882812,68.28176879882812,32866,0.0,0.0
2019-06-06 00:00:00+08:00,68.28176879882812,68.28176879882812,67.96998108632503,68.28176879882812,18928,0.0,0.0
2019-06-10 00:00:00+08:00,68.59355926513672,68.9053519855544,68.28177154011638,68.59355926513672,20094,0.0,0.0
2019-06-11 00:00:00+08:00,68.9053519855544,68.9053519855544,68.59355926513672,68.59355926513672,34004,0.0,0.0
2019-06-12 00:00:00+08:00,68.59356143165024,68.59356143165024,67.96998596191406,67.96998596191406,24244,0.0,0.0
2019-06-13 00:00:00+08:00,68.28176879882812,68.90534921923145,68.28176879882812,68.28176879882812,28494,0.0,0.0
2019-06-14 00:00:00+08:00,68.28176930640655,68.90534973144531,68.28176930640655,68.90534973144531,19110,0.0,0.0
2019-06-17 00:00:00+08:00,68.90534921923145,68.90534921923145,68.28176879882812,68.28176879882812,16905,0.0,0.0
2019-06-18 00:00:00+08:00,68.90534921923145,68.90534921923145,68.28176879882812,68.28176879882812,20895,0.0,0.0
2019-06-19 00:00:00+08:00,68.59355702122734,69.21713744626611,68.28176930640655,68.90534973144531,50410,0.0,0.0
2019-06-20 00:00:00+08:00,68.90534973144531,68.90534973144531,68.28176930640655,68.90534973144531,55047,0.0,0.0
2019-06-21 00:00:00+08:00,69.21713693173454,69.52892464423763,68.28176879882812,68.28176879882812,163012,0.0,0.0
2019-06-24 00:00:00+08:00,68.28177154011638,68.9053519855544,68.28177154011638,68.59355926513672,84997,0.0,0.0
2019-06-25 00:00:00+08:00,68.9053519855544,68.9053519855544,68.59355926513672,68.59355926513672,29820,0.0,0.0
2019-06-26 00:00:00+08:00,68.59355926513672,68.59355926513672,68.59355926513672,68.59355926513672,18901,0.0,0.0
2019-06-27 00:00:00+08:00,68.59355926513672,68.9053519855544,68.59355926513672,68.59355926513672,75141,0.0,0.0
2019-06-28 00:00:00+08:00,68.59355651133122,68.59355651133122,68.28176879882812,68.28176879882812,36225,0.0,0.0
2019-07-01 00:00:00+08:00,68.59355974792686,69.2171401977539,68.59355974792686,69.2171401977539,173482,0.0,0.0
2019-07-02 00:00:00+08:00,69.21714292456478,69.5289306640625,68.90535518506705,69.5289306640625,166250,0.0,0.0
2019-07-03 00:00:00+08:00,69.52892619890636,69.52892619890636,68.85715168195301,69.19303894042969,133350,7.619048,0.0
2019-07-04 00:00:00+08:00,68.85715037465825,68.85715037465825,68.5212631225586,68.5212631225586,54600,0.0,0.0
2019-07-05 00:00:00+08:00,68.85715129360536,68.85715129360536,68.18537139892578,68.18537139892578,81900,0.0,0.0
2019-07-08 00:00:00+08:00,68.18536736189121,68.85714721679688,68.18536736189121,68.85714721679688,33600,0.0,0.0
2019-07-09 00:00:00+08:00,68.52125952574413,68.52125952574413,67.5135924408247,67.84947967529297,90300,0.0,0.0
2019-07-10 00:00:00+08:00,68.18537048894405,68.85715037465825,68.18537048894405,68.5212631225586,56700,0.0,0.0
2019-07-11 00:00:00+08:00,68.5212631225586,69.1930376267579,68.5212631225586,68.5212631225586,33810,0.0,0.0
2019-07-12 00:00:00+08:00,68.85715037465825,68.85715037465825,68.18537048894405,68.5212631225586,42347,0.0,0.0
2019-07-15 00:00:00+08:00,68.5212631225586,68.85715037465825,68.5212631225586,68.5212631225586,26826,0.0,0.0
2019-07-16 00:00:00+08:00,68.52125998010138,68.85714721679688,68.52125998010138,68.85714721679688,12302,0.0,0.0
2019-07-17 00:00:00+08:00,68.85715168195301,69.52892619890636,68.85715168195301,69.19303894042969,80886,0.0,0.0
2019-07-18 00:00:00+08:00,69.19303445349239,69.19303445349239,68.85714721679688,68.85714721679688,29601,0.0,0.0
2019-07-19 00:00:00+08:00,68.85715168195301,69.19303894042969,68.52126442347634,69.19303894042969,43717,0.0,0.0
2019-07-22 00:00:00+08:00,69.19303579147741,69.86481565937328,69.19303579147741,69.52892303466797,59277,0.0,0.0
2019-07-23 00:00:00+08:00,69.86481430839805,69.86481430839805,68.85714721679688,68.85714721679688,40645,0.0,0.0
2019-07-24 00:00:00+08:00,69.19303894042969,69.52892619890636,68.85715168195301,69.19303894042969,35805,0.0,0.0
2019-07-25 00:00:00+08:00,68.85715037465825,69.52892487885755,68.5212631225586,68.5212631225586,56228,0.0,0.0
2019-07-26 00:00:00+08:00,68.5212631225586,69.1930376267579,68.5212631225586,68.5212631225586,31469,0.0,0.0
2019-07-29 00:00:00+08:00,68.5212631225586,69.1930376267579,68.5212631225586,68.5212631225586,39205,0.0,0.0
2019-07-30 00:00:00+08:00,69.52892487885755,69.52892487885755,68.5212631225586,68.5212631225586,22207,0.0,0.0
2019-07-31 00:00:00+08:00,68.85715168195301,69.19303894042969,68.52126442347634,69.19303894042969,9975,0.0,0.0
2019-08-01 00:00:00+08:00,68.85715168195301,69.19303894042969,68.85715168195301,69.19303894042969,22527,0.0,0.0
2019-08-02 00:00:00+08:00,69.19303445349239,69.19303445349239,68.52125998010138,68.85714721679688,40536,0.0,0.0
2019-08-05 00:00:00+08:00,68.85715037465825,68.85715037465825,68.18537048894405,68.5212631225586,21299,0.0,0.0
2019-08-06 00:00:00+08:00,68.18536736189121,68.85714721679688,67.84948012519571,68.85714721679688,42354,0.0,0.0
2019-08-07 00:00:00+08:00,68.85715037465825,68.85715037465825,68.5212631225586,68.5212631225586,24255,0.0,0.0
2019-08-08 00:00:00+08:00,68.85715037465825,68.85715037465825,68.5212631225586,68.5212631225586,18219,0.0,0.0
2019-08-12 00:00:00+08:00,68.52126403702304,68.52126403702304,67.84948414234347,68.18537139892578,41065,0.0,0.0
2019-08-13 00:00:00+08:00,68.52125952574413,68.52125952574413,67.84947967529297,67.84947967529297,67830,0.0,0.0
2019-08-14 00:00:00+08:00,68.52126403702304,68.52126403702304,67.84948414234347,68.18537139892578,26281,0.0,0.0
2019-08-15 00:00:00+08:00,68.18537139892578,68.18537139892578,67.84948414234347,68.18537139892578,20498,0.0,0.0
2019-08-16 00:00:00+08:00,68.18537048894405,68.5212631225586,68.18537048894405,68.5212631225586,8400,0.0,0.0
2019-08-19 00:00:00+08:00,68.5212631225586,68.5212631225586,68.5212631225586,68.5212631225586,10662,0.0,0.0
2019-08-20 00:00:00+08:00,68.52126403702304,68.52126403702304,67.84948414234347,68.18537139892578,29268,0.0,0.0
2019-08-21 00:00:00+08:00,68.18537139892578,68.18537139892578,67.84948414234347,68.18537139892578,27300,0.0,0.0
2019-08-22 00:00:00+08:00,68.18536736189121,68.85714721679688,68.18536736189121,68.85714721679688,63577,0.0,0.0
2019-08-23 00:00:00+08:00,68.85715037465825,69.1930376267579,68.5212631225586,68.5212631225586,20283,0.0,0.0
2019-08-26 00:00:00+08:00,68.18537048894405,68.5212631225586,68.18537048894405,68.5212631225586,25748,0.0,0.0
2019-08-27 00:00:00+08:00,68.5212631225586,69.1930376267579,68.5212631225586,68.5212631225586,9942,0.0,0.0
2019-08-28 00:00:00+08:00,68.52126403702304,68.52126403702304,68.18537139892578,68.18537139892578,16592,0.0,0.0
2019-08-29 00:00:00+08:00,68.52126403702304,68.52126403702304,68.18537139892578,68.18537139892578,13813,0.0,0.0
2019-08-30 00:00:00+08:00,68.18537139892578,68.52126403702304,68.18537139892578,68.18537139892578,25522,0.0,0.0
2019-09-02 00:00:00+08:00,68.5212631225586,68.5212631225586,67.8494832368444,68.5212631225586,38515,0.0,0.0
2019-09-03 00:00:00+08:00,68.18537139892578,68.52126403702304,68.18537139892578,68.18537139892578,9481,0.0,0.0
2019-09-04 00:00:00+08:00,68.52126403702304,68.52126403702304,68.18537139892578,68.18537139892578,14127,0.0,0.0
2019-09-05 00:00:00+08:00,68.5212631225586,68.5212631225586,68.5212631225586,68.5212631225586,46410,0.0,0.0
2019-09-06 00:00:00+08:00,68.5212631225586,68.5212631225586,68.5212631225586,68.5212631225586,7561,0.0,0.0
2019-09-10 00:00:00+08:00,68.52126403702304,68.52126403702304,68.18537139892578,68.18537139892578,7477,0.0,0.0
2019-09-11 00:00:00+08:00,68.18537048894405,68.5212631225586,68.18537048894405,68.5212631225586,21826,0.0,0.0
2019-09-12 00:00:00+08:00,68.5212631225586,68.85715037465825,68.5212631225586,68.5212631225586,11687,0.0,0.0
2019-09-16 00:00:00+08:00,68.5212631225586,68.85715037465825,68.5212631225586,68.5212631225586,21133,0.0,0.0
2019-09-17 00:00:00+08:00,68.5212631225586,68.85715037465825,68.5212631225586,68.5212631225586,20076,0.0,0.0
2019-09-18 00:00:00+08:00,68.5212631225586,68.85715037465825,68.5212631225586,68.5212631225586,51628,0.0,0.0
2019-09-19 00:00:00+08:00,68.52125952574413,68.52125952574413,67.84947967529297,67.84947967529297,47292,0.0,0.0
2019-09-20 00:00:00+08:00,68.18536690976124,68.18536690976124,67.5135924408247,67.84947967529297,36008,0.0,0.0
2019-09-23 00:00:00+08:00,68.18537139892578,68.52126403702304,67.84948414234347,68.18537139892578,24573,0.0,0.0
2019-09-24 00:00:00+08:00,68.18537048894405,68.5212631225586,68.18537048894405,68.5212631225586,22384,0.0,0.0
2019-09-25 00:00:00+08:00,68.18537048894405,68.85715037465825,68.18537048894405,68.5212631225586,39348,0.0,0.0
2019-09-26 00:00:00+08:00,69.19303445349239,69.19303445349239,68.85714721679688,68.85714721679688,23121,0.0,0.0
2019-09-27 00:00:00+08:00,68.52125998010138,68.85714721679688,68.18536736189121,68.85714721679688,22107,0.0,0.0
2019-10-01 00:00:00+08:00,68.85715129360536,68.85715129360536,68.18537139892578,68.18537139892578,17859,0.0,0.0
2019-10-02 00:00:00+08:00,68.5212631225586,68.85715037465825,68.5212631225586,68.5212631225586,13965,0.0,0.0
2019-10-03 00:00:00+08:00,68.18537139892578,68.18537139892578,68.18537139892578,68.18537139892578,1050,0.0,0.0
2019-10-04 00:00:00+08:00,68.5212631225586,68.5212631225586,68.18537048894405,68.5212631225586,12991,0.0,0.0
2019-10-07 00:00:00+08:00,68.5212631225586,68.85715037465825,68.18537048894405,68.5212631225586,16905,0.0,0.0
2019-10-08 00:00:00+08:00,68.5212631225586,68.5212631225586,68.5212631225586,68.5212631225586,7411,0.0,0.0
2019-10-09 00:00:00+08:00,68.18537139892578,68.18537139892578,68.18537139892578,68.18537139892578,13029,0.0,0.0
2019-10-14 00:00:00+08:00,68.85715129360536,68.85715129360536,68.18537139892578,68.18537139892578,14136,0.0,0.0
2019-10-15 00:00:00+08:00,68.52126403702304,68.52126403702304,68.18537139892578,68.18537139892578,16136,0.0,0.0
2019-10-16 00:00:00+08:00,68.5212631225586,68.85715037465825,68.5212631225586,68.5212631225586,20007,0.0,0.0
2019-10-17 00:00:00+08:00,68.52126403702304,68.52126403702304,68.18537139892578,68.18537139892578,19320,0.0,0.0
2019-10-18 00:00:00+08:00,68.18537139892578,68.52126403702304,68.18537139892578,68.18537139892578,37129,0.0,0.0
2019-10-21 00:00:00+08:00,68.5212631225586,68.5212631225586,68.18537048894405,68.5212631225586,15225,0.0,0.0
2019-10-22 00:00:00+08:00,68.5212631225586,68.85715037465825,68.18537048894405,68.5212631225586,30882,0.0,0.0
2019-10-23 00:00:00+08:00,68.5212631225586,68.85715037465825,68.18537048894405,68.5212631225586,20265,0.0,0.0
2019-10-24 00:00:00+08:00,68.85714721679688,68.85714721679688,68.52125998010138,68.85714721679688,7455,0.0,0.0
2019-10-25 00:00:00+08:00,68.52126403702304,68.52126403702304,68.18537139892578,68.18537139892578,7725,0.0,0.0
2019-10-28 00:00:00+08:00,68.5212631225586,68.5212631225586,68.5212631225586,68.5212631225586,10611,0.0,0.0
2019-10-29 00:00:00+08:00,68.52126403702304,68.52126403702304,68.18537139892578,68.18537139892578,22428,0.0,0.0
2019-10-30 00:00:00+08:00,68.52126403702304,68.52126403702304,68.18537139892578,68.18537139892578,16269,0.0,0.0
2019-10-31 00:00:00+08:00,68.18537139892578,68.18537139892578,68.18537139892578,68.18537139892578,33846,0.0,0.0
2019-11-01 00:00:00+08:00,68.5212631225586,68.5212631225586,68.18537048894405,68.5212631225586,16998,0.0,0.0
2019-11-04 00:00:00+08:00,68.52125998010138,68.85714721679688,68.18536736189121,68.85714721679688,33600,0.0,0.0
2019-11-05 00:00:00+08:00,68.5212631225586,68.85715037465825,68.18537048894405,68.5212631225586,45150,0.0,0.0
2019-11-06 00:00:00+08:00,68.5212631225586,68.85715037465825,68.18537048894405,68.5212631225586,45150,0.0,0.0
2019-11-07 00:00:00+08:00,68.85715037465825,68.85715037465825,68.5212631225586,68.5212631225586,16800,0.0,0.0
2019-11-08 00:00:00+08:00,68.5212631225586,68.85715037465825,68.5212631225586,68.5212631225586,18113,0.0,0.0
2019-11-11 00:00:00+08:00,68.5212631225586,68.85715037465825,68.5212631225586,68.5212631225586,38850,0.0,0.0
2019-11-12 00:00:00+08:00,68.85714721679688,68.85714721679688,68.52125998010138,68.85714721679688,26250,0.0,0.0
2019-11-13 00:00:00+08:00,68.85714721679688,68.85714721679688,68.52125998010138,68.85714721679688,10500,0.0,0.0
2019-11-14 00:00:00+08:00,68.85715037465825,68.85715037465825,68.5212631225586,68.5212631225586,29400,0.0,0.0
2019-11-15 00:00:00+08:00,68.5212631225586,68.85715037465825,68.5212631225586,68.5212631225586,21850,0.0,0.0
2019-11-18 00:00:00+08:00,68.52126403702304,68.85715129360536,68.18537139892578,68.18537139892578,44100,0.0,0.0
2019-11-19 00:00:00+08:00,68.5212631225586,68.85715037465825,68.5212631225586,68.5212631225586,19950,0.0,0.0
2019-11-20 00:00:00+08:00,68.5212631225586,68.5212631225586,68.18537048894405,68.5212631225586,28350,0.0,0.0
2019-11-21 00:00:00+08:00,68.5212631225586,68.5212631225586,68.18537048894405,68.5212631225586,10500,0.0,0.0
2019-11-22 00:00:00+08:00,68.52126403702304,68.52126403702304,68.18537139892578,68.18537139892578,11338,0.0,0.0
2019-11-25 00:00:00+08:00,68.52125998010138,68.85714721679688,68.18536736189121,68.85714721679688,27300,0.0,0.0
2019-11-26 00:00:00+08:00,68.5212631225586,68.5212631225586,68.5212631225586,68.5212631225586,15750,0.0,0.0
2019-11-27 00:00:00+08:00,68.18537139892578,68.18537139892578,68.18537139892578,68.18537139892578,16800,0.0,0.0
2019-11-28 00:00:00+08:00,68.18537139892578,68.18537139892578,68.18537139892578,68.18537139892578,16800,0.0,0.0
2019-11-29 00:00:00+08:00,68.18537048894405,68.5212631225586,68.18537048894405,68.5212631225586,35975,0.0,0.0
2019-12-02 00:00:00+08:00,68.52126403702304,68.52126403702304,68.18537139892578,68.18537139892578,7350,0.0,0.0
2019-12-03 00:00:00+08:00,68.18537139892578,68.18537139892578,68.18537139892578,68.18537139892578,8400,0.0,0.0
2019-12-04 00:00:00+08:00,68.18537139892578,68.18537139892578,68.18537139892578,68.18537139892578,9450,0.0,0.0
2019-12-05 00:00:00+08:00,68.18537139892578,68.18537139892578,67.84948414234347,68.18537139892578,14700,0.0,0.0
2019-12-06 00:00:00+08:00,68.18537139892578,68.18537139892578,67.84948414234347,68.18537139892578,19950,0.0,0.0
2019-12-09 00:00:00+08:00,68.18537048894405,68.5212631225586,68.18537048894405,68.5212631225586,7350,0.0,0.0
2019-12-10 00:00:00+08:00,68.18537048894405,68.5212631225586,68.18537048894405,68.5212631225586,7350,0.0,0.0
2019-12-11 00:00:00+08:00,68.5212631225586,68.85715037465825,68.5212631225586,68.5212631225586,29400,0.0,0.0
2019-12-12 00:00:00+08:00,68.5212631225586,68.5212631225586,68.5212631225586,68.5212631225586,17850,0.0,0.0
2019-12-13 00:00:00+08:00,68.5212631225586,68.85715037465825,68.5212631225586,68.5212631225586,20375,0.0,0.0
2019-12-16 00:00:00+08:00,68.52126403702304,68.52126403702304,68.18537139892578,68.18537139892578,7350,0.0,0.0
2019-12-17 00:00:00+08:00,68.5212631225586,68.85715037465825,68.5212631225586,68.5212631225586,42000,0.0,0.0
2019-12-18 00:00:00+08:00,68.52125998010138,69.19303445349239,68.18536736189121,68.85714721679688,77700,0.0,0.0
2019-12-19 00:00:00+08:00,68.52125998010138,68.85714721679688,68.52125998010138,68.85714721679688,12600,0.0,0.0
2019-12-20 00:00:00+08:00,68.52125998010138,68.85714721679688,68.52125998010138,68.85714721679688,12715,0.0,0.0
2019-12-23 00:00:00+08:00,68.5212631225586,68.85715037465825,68.5212631225586,68.5212631225586,14700,0.0,0.0
2019-12-24 00:00:00+08:00,68.5212631225586,68.85715037465825,68.5212631225586,68.5212631225586,25200,0.0,0.0
2019-12-25 00:00:00+08:00,68.52125998010138,68.85714721679688,68.52125998010138,68.85714721679688,11550,0.0,0.0
2019-12-26 00:00:00+08:00,68.5212631225586,68.85715037465825,68.18537048894405,68.5212631225586,45150,0.0,0.0
2019-12-27 00:00:00+08:00,68.5212631225586,68.85715037465825,68.18537048894405,68.5212631225586,45311,0.0,0.0
2019-12-30 00:00:00+08:00,68.5212631225586,68.5212631225586,68.18537048894405,68.5212631225586,29400,0.0,0.0
2019-12-31 00:00:00+08:00,68.5212631225586,68.5212631225586,68.18537048894405,68.5212631225586,29964,0.0,0.0
2020-01-02 00:00:00+08:00,68.52125998010138,69.19303445349239,68.52125998010138,68.85714721679688,46200,0.0,0.0
2020-01-03 00:00:00+08:00,68.85715037465825,68.85715037465825,68.18537048894405,68.5212631225586,64277,0.0,0.0
2020-01-06 00:00:00+08:00,68.52126403702304,68.85715129360536,68.18537139892578,68.18537139892578,75600,0.0,0.0
2020-01-07 00:00:00+08:00,68.52126403702304,68.52126403702304,68.18537139892578,68.18537139892578,17850,0.0,0.0
2020-01-08 00:00:00+08:00,68.18537048894405,68.5212631225586,68.18537048894405,68.5212631225586,7350,0.0,0.0
2020-01-09 00:00:00+08:00,68.18537048894405,68.5212631225586,68.18537048894405,68.5212631225586,7350,0.0,0.0
2020-01-10 00:00:00+08:00,68.52126403702304,68.52126403702304,68.18537139892578,68.18537139892578,15750,0.0,0.0
2020-01-13 00:00:00+08:00,68.52126403702304,68.52126403702304,68.18537139892578,68.18537139892578,13650,0.0,0.0
2020-01-14 00:00:00+08:00,68.5212631225586,68.5212631225586,68.18537048894405,68.5212631225586,17850,0.0,0.0
2020-01-15 00:00:00+08:00,68.85715037465825,68.85715037465825,68.5212631225586,68.5212631225586,6300,0.0,0.0
2020-01-16 00:00:00+08:00,68.85715037465825,68.85715037465825,68.5212631225586,68.5212631225586,6300,0.0,0.0
2020-01-17 00:00:00+08:00,68.52125998010138,68.85714721679688,68.52125998010138,68.85714721679688,27531,0.0,0.0
2020-01-20 00:00:00+08:00,68.85715037465825,68.85715037465825,68.5212631225586,68.5212631225586,25230,0.0,0.0
2020-01-30 00:00:00+08:00,67.84948414234347,68.18537139892578,67.17770962917888,68.18537139892578,151200,0.0,0.0
2020-01-31 00:00:00+08:00,67.84948283114593,68.18537008123718,67.51359558105469,67.51359558105469,39228,0.0,0.0
2020-02-03 00:00:00+08:00,67.17770385742188,67.5135910851455,67.04334896633243,67.17770385742188,31500,0.0,0.0
2020-02-04 00:00:00+08:00,67.17770385742188,67.5135910851455,67.04334896633243,67.17770385742188,31500,0.0,0.0
2020-02-05 00:00:00+08:00,67.84948283114593,67.84948283114593,67.51359558105469,67.51359558105469,18900,0.0,0.0
2020-02-06 00:00:00+08:00,67.51359688576117,68.52126403702304,67.51359688576117,68.18537139892578,17850,0.0,0.0
2020-02-07 00:00:00+08:00,68.18537139892578,68.18537139892578,68.18537139892578,68.18537139892578,0,0.0,0.0
2020-02-10 00:00:00+08:00,67.84947967529297,67.84947967529297,67.84947967529297,67.84947967529297,18671,0.0,0.0
2020-02-11 00:00:00+08:00,68.18536690976124,68.18536690976124,67.5135924408247,67.84947967529297,18900,0.0,0.0
2020-02-12 00:00:00+08:00,67.84947967529297,68.18536690976124,67.5135924408247,67.84947967529297,14700,0.0,0.0
2020-02-13 00:00:00+08:00,67.84947967529297,67.84947967529297,67.84947967529297,67.84947967529297,7350,0.0,0.0
2020-02-14 00:00:00+08:00,67.84947967529297,67.84947967529297,67.5135924408247,67.84947967529297,19330,0.0,0.0
2020-02-17 00:00:00+08:00,67.84947967529297,68.18536690976124,67.84947967529297,67.84947967529297,12600,0.0,0.0
2020-02-18 00:00:00+08:00,67.84947967529297,67.84947967529297,67.84947967529297,67.84947967529297,10500,0.0,0.0
2020-02-19 00:00:00+08:00,67.84948283114593,67.84948283114593,67.17770833096344,67.51359558105469,29400,0.0,0.0
2020-02-20 00:00:00+08:00,67.84948283114593,67.84948283114593,67.17770833096344,67.51359558105469,29400,0.0,0.0
2020-02-21 00:00:00+08:00,67.51359688576117,68.18537139892578,67.17770962917888,68.18537139892578,47281,0.0,0.0
2020-02-24 00:00:00+08:00,68.18536690976124,68.18536690976124,67.5135924408247,67.84947967529297,21000,0.0,0.0
2020-02-25 00:00:00+08:00,67.5135924408247,67.84947967529297,67.5135924408247,67.84947967529297,7350,0.0,0.0
2020-02-26 00:00:00+08:00,67.5135924408247,67.84947967529297,67.5135924408247,67.84947967529297,17850,0.0,0.0
2020-02-27 00:00:00+08:00,67.84947967529297,68.18536690976124,67.5135924408247,67.84947967529297,23100,0.0,0.0
2020-03-02 00:00:00+08:00,67.17770833096344,67.51359558105469,67.17770833096344,67.51359558105469,63000,0.0,0.0
2020-03-03 00:00:00+08:00,67.51359558105469,67.51359558105469,67.17770833096344,67.51359558105469,10500,0.0,0.0
2020-03-04 00:00:00+08:00,67.51359558105469,67.51359558105469,67.51359558105469,67.51359558105469,5250,0.0,0.0
2020-03-05 00:00:00+08:00,67.84947967529297,67.84947967529297,67.5135924408247,67.84947967529297,21000,0.0,0.0
2020-03-06 00:00:00+08:00,67.84947967529297,67.84947967529297,67.17770520635642,67.84947967529297,23100,0.0,0.0
2020-03-09 00:00:00+08:00,67.84947967529297,67.84947967529297,67.84947967529297,67.84947967529297,0,0.0,0.0
2020-03-10 00:00:00+08:00,66.84181124818375,67.17770385742188,66.50592402046011,67.17770385742188,54600,0.0,0.0
2020-03-11 00:00:00+08:00,67.17770385742188,67.5135910851455,67.17770385742188,67.17770385742188,19950,0.0,0.0
2020-03-12 00:00:00+08:00,66.50593376844209,66.84182104539777,65.83415921453074,65.90133666992188,127050,0.0,0.0
2020-03-13 00:00:00+08:00,65.90133666992188,65.90133666992188,65.90133666992188,65.90133666992188,0,0.0,0.0
2020-03-16 00:00:00+08:00,64.82649494062133,64.82649494062133,62.40809567388804,62.47527313232422,73500,0.0,0.0
2020-03-17 00:00:00+08:00,60.7958348283502,62.475276768517126,60.66147990365812,61.064544677734375,87150,0.0,0.0
2020-03-18 00:00:00+08:00,61.333245578610885,61.40042841267082,60.79582595825195,60.79582595825195,70350,0.0,0.0
2020-03-19 00:00:00+08:00,57.504122394988066,59.452273980747485,55.15290069580078,55.15290069580078,129150,0.0,0.0
2020-03-20 00:00:00+08:00,55.42160897121572,57.705653151376005,55.42160897121572,56.76516342163086,68250,0.0,0.0
2020-03-23 00:00:00+08:00,56.496452850835304,62.00502548557461,56.496452850835304,60.79582595825195,90300,0.0,0.0
2020-03-24 00:00:00+08:00,60.930178523615275,63.81881963515048,60.930178523615275,63.14704513549805,46200,0.0,0.0
2020-03-25 00:00:00+08:00,63.81882257645007,65.16237701919192,63.81882257645007,64.28907012939453,147000,0.0,0.0
2020-03-26 00:00:00+08:00,64.28906914789118,64.28906914789118,63.14704708176863,64.15470886230469,26250,0.0,0.0
2020-03-27 00:00:00+08:00,64.692133202471,64.75931065382383,63.48293369660496,63.81882095336914,57750,0.0,0.0
2020-03-30 00:00:00+08:00,63.751637758032025,63.751637758032025,62.74397069701469,63.61728286743164,33600,0.0,0.0
2020-03-31 00:00:00+08:00,65.16237509673176,65.2295525478112,63.885998144707706,64.4906005859375,53550,0.0,0.0
2020-04-01 00:00:00+08:00,64.49059681610822,65.09519384048104,64.49059681610822,64.89366149902344,24150,0.0,0.0
2020-04-06 00:00:00+08:00,66.23722231487584,66.23722231487584,64.96084531237732,65.02802276611328,57750,0.0,0.0
2020-04-07 00:00:00+08:00,65.83415479480564,66.50592930361792,65.83415479480564,66.37157440185547,38850,0.0,0.0
2020-04-08 00:00:00+08:00,65.83415479480564,66.64028420538038,65.56543960976579,66.37157440185547,26250,0.0,0.0
2020-04-09 00:00:00+08:00,66.43874657491538,67.84947831286914,65.90132701055758,67.17770385742188,45150,0.0,0.0
2020-04-10 00:00:00+08:00,66.5059350311264,66.57311248779297,66.37158011779326,66.57311248779297,85050,0.0,0.0
2020-04-13 00:00:00+08:00,66.50593439459341,67.04335942429762,66.3715794825462,66.64028930664062,42000,0.0,0.0
2020-04-14 00:00:00+08:00,66.77463514347987,67.84947967529297,66.77463514347987,67.84947967529297,50400,0.0,0.0
2020-04-15 00:00:00+08:00,67.84947967529297,67.84947967529297,67.17770520635642,67.84947967529297,35700,0.0,0.0
2020-04-16 00:00:00+08:00,67.5135910851455,67.84947831286914,67.17770385742188,67.17770385742188,23100,0.0,0.0
2020-04-17 00:00:00+08:00,67.04335343092694,67.51359558105469,67.04335343092694,67.51359558105469,35700,0.0,0.0
2020-04-20 00:00:00+08:00,67.17770833096344,67.51359558105469,67.17770833096344,67.51359558105469,16800,0.0,0.0
2020-04-21 00:00:00+08:00,67.5135910851455,67.5135910851455,67.04334896633243,67.17770385742188,44100,0.0,0.0
2020-04-22 00:00:00+08:00,66.30439194039467,66.90898895263672,66.23721449458999,66.90898895263672,52500,0.0,0.0
2020-04-23 00:00:00+08:00,67.17770385742188,67.17770385742188,67.04334896633243,67.17770385742188,3150,0.0,0.0
2020-04-24 00:00:00+08:00,66.90898869372847,67.17770385742188,66.84181124818375,67.17770385742188,6300,0.0,0.0
2020-04-27 00:00:00+08:00,67.84948283114593,67.84948283114593,67.17770833096344,67.51359558105469,28350,0.0,0.0
2020-04-28 00:00:00+08:00,67.5135924408247,68.18536690976124,66.97616748416084,67.84947967529297,37800,0.0,0.0
2020-04-29 00:00:00+08:00,68.18537139892578,68.52126403702304,67.84948414234347,68.18537139892578,48300,0.0,0.0
2020-04-30 00:00:00+08:00,68.18537048894405,68.85715037465825,68.18537048894405,68.5212631225586,35700,0.0,0.0
2020-05-04 00:00:00+08:00,68.52126403702304,68.52126403702304,68.18537139892578,68.18537139892578,12600,0.0,0.0
2020-05-05 00:00:00+08:00,68.52125952574413,68.52125952574413,67.5135924408247,67.84947967529297,80850,0.0,0.0
2020-05-06 00:00:00+08:00,67.51359598474475,68.5212631225586,67.51359598474475,68.5212631225586,21000,0.0,0.0
2020-05-07 00:00:00+08:00,68.52126403702304,68.85715129360536,68.18537139892578,68.18537139892578,29400,0.0,0.0
2020-05-08 00:00:00+08:00,68.85714721679688,69.19303445349239,68.52125998010138,68.85714721679688,55650,0.0,0.0
2020-05-11 00:00:00+08:00,69.86482487348157,72.5519285549089,69.86482487348157,71.2083740234375,121800,0.0,0.0
2020-05-12 00:00:00+08:00,71.88015111101393,73.2237055888607,71.54426383693105,72.55192565917969,192150,0.0,0.0
2020-05-13 00:00:00+08:00,72.55192473150919,72.8878173828125,72.21603746172107,72.8878173828125,51450,0.0,0.0
2020-05-14 00:00:00+08:00,72.55192473150919,74.5672591132683,72.55192473150919,72.8878173828125,134400,0.0,0.0
2020-05-15 00:00:00+08:00,73.55959286294357,73.89548013702645,72.55192565917969,72.55192565917969,43050,0.0,0.0
2020-05-18 00:00:00+08:00,72.55192565917969,73.2237055888607,71.54426383693105,72.55192565917969,46200,0.0,0.0
2020-05-19 00:00:00+08:00,72.21602944441253,72.55191667691099,71.88014221191406,71.88014221191406,43050,0.0,0.0
2020-05-20 00:00:00+08:00,72.21603432987152,73.55958873227222,72.21603432987152,73.22370147705078,79800,0.0,0.0
2020-05-21 00:00:00+08:00,73.22370277259333,73.89547729492188,72.55192286874976,73.89547729492188,90300,0.0,0.0
2020-05-22 00:00:00+08:00,73.89547919217688,74.23137184348018,72.8878173828125,72.8878173828125,28350,0.0,0.0
2020-05-25 00:00:00+08:00,73.55958873227222,73.89547598749365,72.88781422182933,73.22370147705078,31500,0.0,0.0
2020-05-26 00:00:00+08:00,73.55957794189453,73.89546514784502,72.88780352999353,73.55957794189453,78750,0.0,0.0
2020-05-27 00:00:00+08:00,73.89547598749365,73.89547598749365,73.22370147705078,73.22370147705078,16800,0.0,0.0
2020-05-28 00:00:00+08:00,73.55959192238875,73.55959192238875,72.8878173828125,72.8878173828125,22050,0.0,0.0
2020-05-29 00:00:00+08:00,72.88781831477782,73.2237055888607,72.55192565917969,72.55192565917969,29400,0.0,0.0
2020-06-01 00:00:00+08:00,72.88781422182933,73.22370147705078,72.88781422182933,73.22370147705078,58800,0.0,0.0
2020-06-02 00:00:00+08:00,73.55958873227222,73.89547598749365,73.22370147705078,73.22370147705078,30450,0.0,0.0
2020-06-03 00:00:00+08:00,73.55958873227222,73.89547598749365,73.22370147705078,73.22370147705078,36750,0.0,0.0
2020-06-04 00:00:00+08:00,73.55959384914439,75.5749282836914,73.22370657055833,75.5749282836914,119700,0.0,0.0
2020-06-05 00:00:00+08:00,75.91081237792969,76.58258690692185,75.23903246742243,75.91081237792969,65100,0.0,0.0
2020-06-08 00:00:00+08:00,76.58258372269822,76.91847635474333,75.91080922163773,76.24669647216797,78750,0.0,0.0
2020-06-09 00:00:00+08:00,76.24669332971935,76.58258056640625,75.91080609303243,76.58258056640625,47250,0.0,0.0
2020-06-10 00:00:00+08:00,76.24669332971935,76.58258056640625,76.24669332971935,76.58258056640625,57750,0.0,0.0
2020-06-11 00:00:00+08:00,76.91847593722895,76.91847593722895,75.23902893066406,75.23902893066406,103950,0.0,0.0
2020-06-12 00:00:00+08:00,72.88781551142907,74.56725719876546,72.55192286874976,73.89547729492188,98700,0.0,0.0
2020-06-15 00:00:00+08:00,73.89547455432104,75.23902893066406,73.89547455432104,75.23902893066406,61950,0.0,0.0
2020-06-16 00:00:00+08:00,74.90314208853214,76.24669647216797,74.56725483800189,76.24669647216797,70350,0.0,0.0
2020-06-17 00:00:00+08:00,75.91080922163773,76.58258372269822,75.57492197110749,76.24669647216797,88200,0.0,0.0
2020-06-18 00:00:00+08:00,76.24670440511989,77.2543716430664,76.24670440511989,77.2543716430664,162750,0.0,0.0
2020-06-19 00:00:00+08:00,77.25435952281957,77.25435952281957,76.58257967574397,76.91847229003906,123900,0.0,0.0
2020-06-22 00:00:00+08:00,76.91847229003906,77.25435952281957,76.58257967574397,76.91847229003906,99750,0.0,0.0
2020-06-23 00:00:00+08:00,76.91848435758938,77.2543716430664,76.58259169059691,77.2543716430664,165900,0.0,0.0
2020-06-24 00:00:00+08:00,77.25436531561004,77.92613983154297,76.91847805764358,77.92613983154297,238350,0.0,0.0
2020-06-29 00:00:00+08:00,77.92613643776198,77.92613643776198,76.84383308150728,77.56536865234375,176400,7.619048,0.0
2020-06-30 00:00:00+08:00,77.56536865234375,77.56536865234375,77.20460086692552,77.56536865234375,45150,0.0,0.0
2020-07-01 00:00:00+08:00,77.92613643776198,77.92613643776198,77.20460086692552,77.56536865234375,50400,0.0,0.0
2020-07-02 00:00:00+08:00,77.56536865234375,77.56536865234375,77.20460086692552,77.56536865234375,38850,0.0,0.0
2020-07-03 00:00:00+08:00,77.92613643776198,77.92613643776198,77.56536865234375,77.56536865234375,57750,0.0,0.0
2020-07-06 00:00:00+08:00,77.56536865234375,77.92613643776198,77.20460086692552,77.56536865234375,65100,0.0,0.0
2020-07-07 00:00:00+08:00,77.56536865234375,77.56536865234375,77.20460086692552,77.56536865234375,44100,0.0,0.0
2020-07-08 00:00:00+08:00,77.20460510253906,77.5653729077498,76.84383729732832,77.20460510253906,44100,0.0,0.0
2020-07-09 00:00:00+08:00,77.56536865234375,77.56536865234375,77.20460086692552,77.56536865234375,81900,0.0,0.0
2020-07-10 00:00:00+08:00,77.565371926223,77.565371926223,76.48306274414062,76.48306274414062,80850,0.0,0.0
2020-07-13 00:00:00+08:00,76.4830637119717,77.20460510253906,76.4830637119717,77.20460510253906,29400,0.0,0.0
2020-07-14 00:00:00+08:00,76.84383729732832,77.20460510253906,76.84383729732832,77.20460510253906,23100,0.0,0.0
2020-07-15 00:00:00+08:00,77.20460510253906,77.92614071296055,77.20460510253906,77.20460510253906,53550,0.0,0.0
2020-07-16 00:00:00+08:00,77.20460510253906,77.5653729077498,77.20460510253906,77.20460510253906,19950,0.0,0.0
2020-07-17 00:00:00+08:00,77.20460510253906,77.5653729077498,77.20460510253906,77.20460510253906,30450,0.0,0.0
2020-07-20 00:00:00+08:00,77.5653729077498,77.5653729077498,76.84383729732832,77.20460510253906,36750,0.0,0.0
2020-07-21 00:00:00+08:00,77.20460510253906,77.20460510253906,76.84383729732832,77.20460510253906,31500,0.0,0.0
2020-07-22 00:00:00+08:00,77.20460086692552,77.56536865234375,76.84383308150728,77.56536865234375,30450,0.0,0.0
2020-07-23 00:00:00+08:00,77.20460510253906,77.20460510253906,76.84383729732832,77.20460510253906,15750,0.0,0.0
2020-07-24 00:00:00+08:00,76.84384155273438,77.20460937792348,76.84384155273438,76.84384155273438,25200,0.0,0.0
2020-07-27 00:00:00+08:00,76.84383632493196,77.20460412557748,76.1222949434951,76.48306274414062,50400,0.0,0.0
2020-07-28 00:00:00+08:00,76.1222967132314,76.1222967132314,74.67921969695401,75.03999328613281,51450,0.0,0.0
2020-07-29 00:00:00+08:00,74.31845520971183,75.76153229049002,74.31845520971183,75.40076446533203,25200,0.0,0.0
2020-07-30 00:00:00+08:00,75.03999240553821,75.76152801513672,75.03999240553821,75.76152801513672,19950,0.0,0.0
2020-07-31 00:00:00+08:00,75.76152714284959,78.28691330765984,75.03999154155855,76.48306274414062,63000,0.0,0.0
2020-08-03 00:00:00+08:00,75.76153137354433,76.48306701512755,75.76153137354433,76.12229919433594,17850,0.0,0.0
2020-08-04 00:00:00+08:00,76.1222949434951,76.48306274414062,75.76152714284959,76.48306274414062,18900,0.0,0.0
2020-08-05 00:00:00+08:00,76.48306274414062,76.48306274414062,75.76152714284959,76.48306274414062,36750,0.0,0.0
2020-08-06 00:00:00+08:00,77.2046084368569,77.2046084368569,76.12229919433594,76.12229919433594,17850,0.0,0.0
2020-08-07 00:00:00+08:00,75.76153137354433,76.12229919433594,75.76153137354433,76.12229919433594,12600,0.0,0.0
2020-08-10 00:00:00+08:00,77.20460086692552,77.56536865234375,76.84383308150728,77.56536865234375,76650,0.0,0.0
2020-08-11 00:00:00+08:00,78.64768121394903,78.64768121394903,77.56537203041285,77.92613983154297,75600,0.0,0.0
2020-08-12 00:00:00+08:00,78.2869134128189,78.2869134128189,77.56537203041285,77.92613983154297,42000,0.0,0.0
2020-08-13 00:00:00+08:00,78.2869134128189,78.2869134128189,77.56537203041285,77.92613983154297,38850,0.0,0.0
2020-08-14 00:00:00+08:00,77.92613643776198,77.92613643776198,77.56536865234375,77.56536865234375,24150,0.0,0.0
2020-08-17 00:00:00+08:00,78.28691000332577,78.28691000332577,77.56536865234375,77.56536865234375,50400,0.0,0.0
2020-08-18 00:00:00+08:00,77.92613643776198,77.92613643776198,77.56536865234375,77.56536865234375,23100,0.0,0.0
2020-08-19 00:00:00+08:00,77.56536965047518,79.00844659086356,77.56536965047518,78.28691101074219,119700,0.0,0.0
2020-08-20 00:00:00+08:00,78.28691000332577,78.28691000332577,77.20460086692552,77.56536865234375,54600,0.0,0.0
2020-08-21 00:00:00+08:00,77.56537203041285,78.2869134128189,77.56537203041285,77.92613983154297,43050,0.0,0.0
2020-08-24 00:00:00+08:00,78.28691101074219,79.00844659086356,78.28691101074219,78.28691101074219,27300,0.0,0.0
2020-08-25 00:00:00+08:00,78.28691101074219,78.64767880080286,77.92613744053585,78.28691101074219,33600,0.0,0.0
2020-08-26 00:00:00+08:00,78.64767880080286,78.64767880080286,78.28691101074219,78.28691101074219,25200,0.0,0.0
2020-08-27 00:00:00+08:00,78.6476821899414,78.6476821899414,78.28691438433427,78.6476821899414,58800,0.0,0.0
2020-08-28 00:00:00+08:00,79.00845015994955,82.97691337032327,79.00845015994955,81.5338363647461,111300,0.0,0.0
2020-08-31 00:00:00+08:00,82.25537872314453,83.69845584706705,82.25537872314453,82.25537872314453,95550,0.0,0.0
2020-09-01 00:00:00+08:00,82.25537629076868,82.25537629076868,81.1730728149414,81.1730728149414,32550,0.0,0.0
2020-09-02 00:00:00+08:00,81.89460846549292,81.89460846549292,80.81229920951944,81.1730728149414,10500,0.0,0.0
2020-09-03 00:00:00+08:00,80.81229488932223,81.17306847545737,80.09075927734375,80.09075927734375,36750,0.0,0.0
2020-09-04 00:00:00+08:00,79.36921780115567,79.36921780115567,77.92614079858126,78.6476821899414,54600,0.0,0.0
2020-09-07 00:00:00+08:00,78.64767880080286,78.64767880080286,78.28691101074219,78.28691101074219,19950,0.0,0.0
2020-09-08 00:00:00+08:00,79.36922121304978,80.81229827765866,79.0084533919341,80.45153045654297,52500,0.0,0.0
2020-09-09 00:00:00+08:00,79.72999481431161,80.09076263542728,79.72999481431161,80.45153045654297,23100,0.0,0.0
2020-09-10 00:00:00+08:00,80.81229400634766,81.17306758854089,80.45152620430025,80.81229400634766,27300,0.0,0.0
2020-09-11 00:00:00+08:00,80.81229827765866,80.81229827765866,80.09076263542728,80.45153045654297,19950,0.0,0.0
2020-09-14 00:00:00+08:00,80.45153045654297,80.81229827765866,80.45153045654297,80.45153045654297,25200,0.0,0.0
2020-09-15 00:00:00+08:00,80.45152620430025,80.45152620430025,79.72999060020544,80.81229400634766,21000,0.0,0.0
2020-09-16 00:00:00+08:00,80.81229827765866,81.17307187892048,80.45153045654297,80.45153045654297,16800,0.0,0.0
2020-09-17 00:00:00+08:00,79.72999481431161,80.45153045654297,79.72999481431161,80.45153045654297,7350,0.0,0.0
2020-09-18 00:00:00+08:00,79.72999481431161,79.72999481431161,79.72999481431161,80.45153045654297,12600,0.0,0.0
2020-09-21 00:00:00+08:00,79.72999572753906,79.72999572753906,79.72999572753906,79.72999572753906,9450,0.0,0.0
2020-09-22 00:00:00+08:00,79.36922212214495,80.4515313780349,79.00845429689703,79.72999572753906,27300,0.0,0.0
2020-09-23 00:00:00+08:00,80.09075830228534,80.09075830228534,79.36921691894531,79.36921691894531,12600,0.0,0.0
2020-09-24 00:00:00+08:00,79.36921691894531,79.36921691894531,79.0084491173482,79.36921691894531,38850,0.0,0.0
2020-09-25 00:00:00+08:00,79.36921780115567,79.36921780115567,78.6476821899414,78.6476821899414,36750,0.0,0.0
2020-09-28 00:00:00+08:00,79.36921788521937,80.09075927734375,79.36921788521937,80.09075927734375,18900,0.0,0.0
2020-09-29 00:00:00+08:00,81.1730728149414,81.53384064021716,80.81229920951944,81.1730728149414,32550,0.0,0.0
2020-09-30 00:00:00+08:00,81.53383212694423,81.89459991455078,81.53383212694423,81.89459991455078,31500,0.0,0.0
2020-10-05 00:00:00+08:00,82.25536870081693,82.61614227294922,81.8946009088303,82.61614227294922,78750,0.0,0.0
2020-10-06 00:00:00+08:00,82.97690905751605,82.97690905751605,81.53383212694423,81.89459991455078,91350,0.0,0.0
2020-10-07 00:00:00+08:00,81.8946009088303,82.61614227294922,81.8946009088303,82.61614227294922,15750,0.0,0.0
2020-10-08 00:00:00+08:00,82.61614227294922,82.97691006493585,81.8946009088303,82.61614227294922,32550,0.0,0.0
2020-10-12 00:00:00+08:00,82.25536770215734,82.6161412699095,81.89459991455078,81.89459991455078,33600,0.0,0.0
2020-10-13 00:00:00+08:00,81.5338363647461,81.89460417110391,81.5338363647461,81.5338363647461,9450,0.0,0.0
2020-10-14 00:00:00+08:00,81.5338363647461,82.25537197746173,81.17306855838827,81.5338363647461,4200,0.0,0.0
2020-10-15 00:00:00+08:00,81.5338363647461,81.5338363647461,80.81229497188454,81.5338363647461,21000,0.0,0.0
2020-10-16 00:00:00+08:00,81.5338363647461,81.5338363647461,81.5338363647461,81.5338363647461,6300,0.0,0.0
2020-10-19 00:00:00+08:00,81.53383970003617,81.53383970003617,80.45153045654297,80.45153045654297,46200,0.0,0.0
2020-10-20 00:00:00+08:00,80.45152620430025,80.81229400634766,80.09075840225285,80.81229400634766,22050,0.0,0.0
2020-10-21 00:00:00+08:00,81.17306855838827,81.5338363647461,81.17306855838827,81.5338363647461,5250,0.0,0.0
2020-10-22 00:00:00+08:00,81.5338353905883,81.5338353905883,80.81229400634766,80.81229400634766,3150,0.0,0.0
2020-10-23 00:00:00+08:00,80.81229920951944,81.1730728149414,80.81229920951944,81.1730728149414,6300,0.0,0.0
2020-10-26 00:00:00+08:00,81.17306758854089,81.17306758854089,80.81229400634766,80.81229400634766,32550,0.0,0.0
2020-10-27 00:00:00+08:00,80.81229827765866,80.81229827765866,80.45153045654297,80.45153045654297,10500,0.0,0.0
2020-10-28 00:00:00+08:00,81.1730728149414,81.53384064021716,81.1730728149414,81.1730728149414,1106700,0.0,0.0
2020-10-29 00:00:00+08:00,80.09076355896791,81.1730728149414,79.72999573369215,81.1730728149414,280350,0.0,0.0
2020-10-30 00:00:00+08:00,80.81229827765866,81.17307187892048,80.45153045654297,80.45153045654297,224700,0.0,0.0
2020-11-02 00:00:00+08:00,80.81229400634766,80.81229400634766,80.45152620430025,80.81229400634766,63000,0.0,0.0
2020-11-03 00:00:00+08:00,80.81229920951944,81.1730728149414,80.81229920951944,81.1730728149414,705600,0.0,0.0
2020-11-04 00:00:00+08:00,81.17307187892048,81.17307187892048,80.45153045654297,80.45153045654297,21000,0.0,0.0
2020-11-05 00:00:00+08:00,80.45152620430025,80.81229400634766,80.45152620430025,80.81229400634766,136500,0.0,0.0
2020-11-06 00:00:00+08:00,80.81229400634766,81.17306758854089,80.45152620430025,80.81229400634766,110250,0.0,0.0
2020-11-09 00:00:00+08:00,81.89459991455078,82.6161412699095,81.53383212694423,81.89459991455078,31500,0.0,0.0
2020-11-10 00:00:00+08:00,82.25537118940079,83.69844818115234,82.25537118940079,83.69844818115234,192150,0.0,0.0
2020-11-11 00:00:00+08:00,84.41999722668014,85.14153289794922,84.41999722668014,85.14153289794922,131250,0.0,0.0
2020-11-12 00:00:00+08:00,86.58461093523842,86.58461093523842,85.14153379731046,85.86307525634766,94500,0.0,0.0
2020-11-13 00:00:00+08:00,85.86307434936468,85.86307434936468,85.14153289794922,85.14153289794922,31500,0.0,0.0
2020-11-16 00:00:00+08:00,85.14153379731046,85.86307525634766,84.78076595786507,85.86307525634766,76650,0.0,0.0
2020-11-17 00:00:00+08:00,85.86307004545094,85.86307004545094,85.5022964477539,85.5022964477539,45150,0.0,0.0
2020-11-18 00:00:00+08:00,85.50229648419142,87.30614713300702,85.50229648419142,86.94537353515625,84000,0.0,0.0
2020-11-19 00:00:00+08:00,86.58460998535156,87.306151436473,86.58460998535156,86.58460998535156,53550,0.0,0.0
2020-11-20 00:00:00+08:00,87.30614471435547,87.30614471435547,86.94537112649925,87.30614471435547,30450,0.0,0.0
2020-11-23 00:00:00+08:00,87.30614713300702,87.30614713300702,86.94537353515625,86.94537353515625,27300,0.0,0.0
2020-11-24 00:00:00+08:00,86.94537444914667,86.94537444914667,86.22383880615234,86.22383880615234,17850,0.0,0.0
2020-11-25 00:00:00+08:00,86.22383789974687,86.94537353515625,86.22383789974687,86.94537353515625,25200,0.0,0.0
2020-11-26 00:00:00+08:00,86.58460998535156,86.9453778208391,86.22384214986403,86.58460998535156,36750,0.0,0.0
2020-11-27 00:00:00+08:00,87.30614807197,87.66691589355469,87.30614807197,87.66691589355469,12600,0.0,0.0
2020-11-30 00:00:00+08:00,87.66691589355469,87.66691589355469,87.30614807197,87.66691589355469,12600,0.0,0.0
2020-12-01 00:00:00+08:00,87.66691252206577,87.66691252206577,87.30614471435547,87.30614471435547,6300,0.0,0.0
2020-12-02 00:00:00+08:00,88.02767953283914,89.47075653076172,88.02767953283914,89.47075653076172,45150,0.0,0.0
2020-12-03 00:00:00+08:00,89.83151608115067,95.96459131375526,89.83151608115067,91.63536071777344,107100,0.0,0.0
2020-12-04 00:00:00+08:00,91.63536595430982,91.99613952636719,90.91383037048644,91.99613952636719,44100,0.0,0.0
2020-12-07 00:00:00+08:00,93.07844290210225,93.07844290210225,90.91383037048644,91.99613952636719,36750,0.0,0.0
2020-12-08 00:00:00+08:00,93.07843758310071,93.07843758310071,91.63536071777344,91.63536071777344,54600,0.0,0.0
2020-12-09 00:00:00+08:00,91.63536581303127,91.63536581303127,90.55306243896484,90.55306243896484,63000,0.0,0.0
2020-12-10 00:00:00+08:00,90.55306243896484,91.2745980216758,90.19229464760936,90.55306243896484,39900,0.0,0.0
2020-12-11 00:00:00+08:00,91.27460476209644,91.27460476209644,89.83152770996094,89.83152770996094,45150,0.0,0.0
2020-12-14 00:00:00+08:00,89.83152862429577,89.83152862429577,89.10999298095703,89.10999298095703,31500,0.0,0.0
2020-12-15 00:00:00+08:00,89.47075734076317,89.47075734076317,86.94537112649925,87.30614471435547,72450,0.0,0.0
2020-12-16 00:00:00+08:00,88.02767953283914,90.19229791979593,88.02767953283914,89.47075653076172,39900,0.0,0.0
2020-12-17 00:00:00+08:00,89.47075741779966,89.47075741779966,88.74922180175781,88.74922180175781,16800,0.0,0.0
2020-12-18 00:00:00+08:00,88.02768280470518,88.3884506225586,87.66691498685178,88.3884506225586,26250,0.0,0.0
2020-12-21 00:00:00+08:00,88.38845065782542,89.83152770996094,87.6669150218307,89.83152770996094,25200,0.0,0.0
2020-12-22 00:00:00+08:00,89.47075985626492,89.47075985626492,88.3884506225586,88.3884506225586,9450,0.0,0.0
2020-12-23 00:00:00+08:00,87.30614716899836,88.3884506225586,87.30614716899836,88.3884506225586,15750,0.0,0.0
2020-12-24 00:00:00+08:00,88.74922180175781,88.74922180175781,87.6669125975491,88.74922180175781,22050,0.0,0.0
2020-12-25 00:00:00+08:00,88.74922083166015,88.74922083166015,88.02767944335938,88.02767944335938,19950,0.0,0.0
2020-12-28 00:00:00+08:00,88.02768280470518,88.74922422055809,88.02768280470518,88.3884506225586,9450,0.0,0.0
2020-12-29 00:00:00+08:00,88.74922422055809,88.74922422055809,88.3884506225586,88.3884506225586,23100,0.0,0.0
2020-12-30 00:00:00+08:00,88.3884506225586,88.74922422055809,88.3884506225586,88.3884506225586,13650,0.0,0.0
2020-12-31 00:00:00+08:00,89.10998960977874,89.10998960977874,88.38844821359095,88.74922180175781,13650,0.0,0.0
2021-01-04 00:00:00+08:00,89.8315253006926,91.99614371091417,89.47075749237099,90.19229888916016,40950,0.0,0.0
2021-01-05 00:00:00+08:00,89.47075653076172,89.47075653076172,89.10998872631754,89.47075653076172,24150,0.0,0.0
2021-01-06 00:00:00+08:00,89.10999298095703,89.10999298095703,88.38845155747215,89.10999298095703,37800,0.0,0.0
2021-01-07 00:00:00+08:00,89.10999298095703,89.10999298095703,88.38845155747215,89.10999298095703,43050,0.0,0.0
2021-01-08 00:00:00+08:00,89.10998960977874,89.10998960977874,88.02768040557002,88.74922180175781,40950,0.0,0.0
2021-01-11 00:00:00+08:00,89.10998872631754,90.19229791979593,89.10998872631754,89.47075653076172,28350,0.0,0.0
2021-01-12 00:00:00+08:00,88.74922180175781,89.47075741779966,88.74922180175781,88.74922180175781,32550,0.0,0.0
2021-01-13 00:00:00+08:00,89.10998872631754,89.47075653076172,89.10998872631754,89.47075653076172,19950,0.0,0.0
2021-01-14 00:00:00+08:00,89.8315243352059,89.8315243352059,89.10998872631754,89.47075653076172,25200,0.0,0.0
2021-01-15 00:00:00+08:00,90.1923022261113,90.1923022261113,89.10999298095703,89.10999298095703,19950,0.0,0.0
2021-01-18 00:00:00+08:00,88.74922515928766,89.10999298095703,88.74922515928766,89.10999298095703,22050,0.0,0.0
2021-01-19 00:00:00+08:00,89.10998960977874,89.10998960977874,88.74922180175781,88.74922180175781,18900,0.0,0.0
2021-01-20 00:00:00+08:00,88.38844724743684,88.74922083166015,88.02767944335938,88.02767944335938,35700,0.0,0.0
2021-01-21 00:00:00+08:00,88.02768371513936,88.38845153672405,87.30614807197,87.66691589355469,27300,0.0,0.0
2021-01-22 00:00:00+08:00,88.02768280470518,88.74922422055809,87.30614716899836,88.3884506225586,40950,0.0,0.0
2021-01-25 00:00:00+08:00,88.02767944335938,88.02767944335938,87.66691163928192,88.02767944335938,10500,0.0,0.0
2021-01-26 00:00:00+08:00,88.02768040557002,89.10998960977874,88.02768040557002,88.74922180175781,17850,0.0,0.0
2021-01-27 00:00:00+08:00,88.02768280470518,88.3884506225586,88.02768280470518,88.3884506225586,13650,0.0,0.0
2021-01-28 00:00:00+08:00,87.30614383520447,88.38844724743684,87.30614383520447,88.02767944335938,19950,0.0,0.0
2021-01-29 00:00:00+08:00,88.02768280470518,88.74922422055809,88.02768280470518,88.3884506225586,10500,0.0,0.0
2021-02-01 00:00:00+08:00,87.30614807197,88.02768371513936,87.30614807197,87.66691589355469,19950,0.0,0.0
2021-02-02 00:00:00+08:00,87.6669125975491,88.74922180175781,87.6669125975491,88.74922180175781,15750,0.0,0.0
2021-02-03 00:00:00+08:00,88.3884506225586,88.3884506225586,88.3884506225586,88.3884506225586,6300,0.0,0.0
2021-02-04 00:00:00+08:00,88.3884506225586,88.74922422055809,88.3884506225586,88.3884506225586,11550,0.0,0.0
2021-02-05 00:00:00+08:00,88.02768280470518,88.74922422055809,88.02768280470518,88.3884506225586,10500,0.0,0.0
2021-02-17 00:00:00+08:00,89.4707608026264,89.4707608026264,88.74922515928766,89.10999298095703,27300,0.0,0.0
2021-02-18 00:00:00+08:00,89.10998872631754,89.47075653076172,88.74922092187337,89.47075653076172,11550,0.0,0.0
2021-02-19 00:00:00+08:00,89.10999298095703,89.4707608026264,89.10999298095703,89.10999298095703,14700,0.0,0.0
2021-02-22 00:00:00+08:00,89.47075328475275,90.91383023032031,89.47075328475275,90.55306243896484,36750,0.0,0.0
2021-02-23 00:00:00+08:00,90.19229800856556,90.91383361816406,90.19229800856556,90.91383361816406,18900,0.0,0.0
2021-02-24 00:00:00+08:00,90.91383361816406,91.99614281270769,90.91383361816406,90.91383361816406,30450,0.0,0.0
2021-02-25 00:00:00+08:00,91.63536071777344,92.35690204050974,91.27459294647795,91.63536071777344,39900,0.0,0.0
2021-02-26 00:00:00+08:00,91.63537264980411,91.996146248222,91.2746048315323,92.71768188476562,17850,0.0,0.0
2021-03-02 00:00:00+08:00,91.63536931513407,93.439219901142,91.63536931513407,92.3569107055664,23100,0.0,0.0
2021-03-03 00:00:00+08:00,92.35690983111547,93.07844543457031,92.35690983111547,93.07844543457031,25200,0.0,0.0
2021-03-04 00:00:00+08:00,93.07844543457031,93.43921901644356,93.07844543457031,93.07844543457031,27300,0.0,0.0
2021-03-05 00:00:00+08:00,93.07845304630033,94.88230376274362,93.07845304630033,94.52153015136719,57750,0.0,0.0
2021-03-08 00:00:00+08:00,95.60382914861955,95.60382914861955,93.43921661376953,93.43921661376953,42000,0.0,0.0
2021-03-09 00:00:00+08:00,93.79999115376525,94.16075897216797,93.79999115376525,94.16075897216797,45150,0.0,0.0
2021-03-10 00:00:00+08:00,94.16076232013704,94.52153015136719,94.16076232013704,94.52153015136719,19950,0.0,0.0
2021-03-11 00:00:00+08:00,94.88230042251094,97.40768093236483,94.88230042251094,95.60383605957031,65100,0.0,0.0
2021-03-12 00:00:00+08:00,97.04691457711239,97.04691457711239,95.24306400441118,95.964599609375,14700,0.0,0.0
2021-03-15 00:00:00+08:00,96.68614099448465,96.68614099448465,95.60383180689308,95.964599609375,35700,0.0,0.0
2021-03-16 00:00:00+08:00,96.3253732882502,97.76845027976557,96.3253732882502,97.40767669677734,34650,0.0,0.0
2021-03-17 00:00:00+08:00,97.40767758000057,97.40767758000057,96.68614196777344,96.68614196777344,19950,0.0,0.0
2021-03-18 00:00:00+08:00,96.68614109109258,97.40767669677734,96.68614109109258,97.40767669677734,51450,0.0,0.0
2021-03-19 00:00:00+08:00,97.40767582654264,98.12921142578125,97.40767582654264,98.12921142578125,32550,0.0,0.0
2021-03-22 00:00:00+08:00,99.57229953402663,102.81921568518524,99.21152593487913,101.37614440917969,102900,0.0,0.0
2021-03-23 00:00:00+08:00,101.7369155883789,103.17998683005911,99.21152357500068,101.7369155883789,121800,0.0,0.0
2021-03-24 00:00:00+08:00,101.37614440917969,101.37614440917969,100.2938351720294,101.37614440917969,39900,0.0,0.0
2021-03-25 00:00:00+08:00,100.29383607777018,101.37614532469466,100.29383607777018,100.65460968017578,28350,0.0,0.0
2021-03-26 00:00:00+08:00,102.097677618653,102.097677618653,101.01536840724688,101.7369155883789,30450,0.0,0.0
2021-03-29 00:00:00+08:00,102.45845460767512,103.90152589722071,102.45845460767512,103.54076385498047,73500,0.0,0.0
2021-03-30 00:00:00+08:00,105.34460538492819,105.70536741565451,103.54076055042074,104.6230697631836,68250,0.0,0.0
2021-03-31 00:00:00+08:00,104.62307555951207,104.62307555951207,103.17999267578125,103.17999267578125,18900,0.0,0.0
2021-04-01 00:00:00+08:00,103.17999021613801,103.17999021613801,100.29383607777018,100.65460968017578,109200,0.0,0.0
2021-04-07 00:00:00+08:00,99.5723004332513,100.65460968017578,99.5723004332513,100.65460968017578,15750,0.0,0.0
2021-04-08 00:00:00+08:00,101.01537504990965,103.17999361506486,101.01537504990965,102.45845794677734,51450,0.0,0.0
2021-04-09 00:00:00+08:00,106.06615024945998,107.50922161870088,104.26230525776236,104.98384094238281,203700,0.0,0.0
2021-04-12 00:00:00+08:00,106.78767736976664,108.95229581031973,106.06614174301295,108.59152221679688,98700,0.0,0.0
2021-04-13 00:00:00+08:00,108.95230689865365,108.95230689865365,106.0661525376161,107.50922393798828,108150,0.0,0.0
2021-04-14 00:00:00+08:00,106.78768007214546,106.78768007214546,104.62307313710666,106.42691802978516,65100,0.0,0.0
2021-04-15 00:00:00+08:00,106.06614163514816,106.06614163514816,105.70536804199219,105.70536804199219,37800,0.0,0.0
2021-04-16 00:00:00+08:00,105.3446036115929,106.0661392211914,104.98383002664777,106.0661392211914,40950,0.0,0.0
2021-04-19 00:00:00+08:00,106.06614442713253,106.78768007214546,105.7053708244799,106.42691802978516,39900,0.0,0.0
2021-04-20 00:00:00+08:00,106.42691802978514,106.42691802978514,106.06614442713253,106.42691802978516,12600,0.0,0.0
2021-04-21 00:00:00+08:00,106.06614163514816,106.06614163514816,105.34460600912824,105.70536804199219,22050,0.0,0.0
2021-04-22 00:00:00+08:00,105.34460600912824,105.70536804199219,105.34460600912824,105.70536804199219,35700,0.0,0.0
2021-04-23 00:00:00+08:00,104.9838309042266,106.42691369577835,104.9838309042266,105.3446044921875,29400,0.0,0.0
2021-04-26 00:00:00+08:00,106.06614010781745,106.06614010781745,105.3446044921875,105.3446044921875,15750,0.0,0.0
2021-04-27 00:00:00+08:00,105.3446044921875,105.70536651985655,104.9838309042266,105.3446044921875,19950,0.0,0.0
2021-04-28 00:00:00+08:00,105.34460600912824,106.06614163514816,104.98383241597227,105.70536804199219,32550,0.0,0.0
2021-04-29 00:00:00+08:00,105.7053708244799,106.78768007214546,105.7053708244799,106.42691802978516,37800,0.0,0.0
2021-05-03 00:00:00+08:00,105.70536651985655,106.06614010781745,105.3446044921875,105.3446044921875,43050,0.0,0.0
2021-05-04 00:00:00+08:00,105.34461122123119,105.34461122123119,102.0976834030563,103.17999267578125,105000,0.0,0.0
2021-05-05 00:00:00+08:00,103.17998417313038,105.34460254020274,103.17998417313038,103.90151977539062,21000,0.0,0.0
2021-05-06 00:00:00+08:00,103.90152258114706,104.98383179390991,103.17998695940247,104.6230697631836,39900,0.0,0.0
2021-05-07 00:00:00+08:00,105.34461779548818,107.50922491573247,105.34461779548818,106.78768920898438,43050,0.0,0.0
2021-05-10 00:00:00+08:00,107.50922393798827,107.50922393798827,107.14846186804184,107.50922393798828,40950,0.0,0.0
2021-05-11 00:00:00+08:00,108.23076007349992,108.23076007349992,105.34460600912824,105.70536804199219,79800,0.0,0.0
2021-05-12 00:00:00+08:00,105.70537423421747,106.06614784850757,99.93306576733204,102.45845794677734,198450,0.0,0.0
2021-05-13 00:00:00+08:00,101.01537504990965,103.17999361506486,100.29383938162213,102.45845794677734,45150,0.0,0.0
2021-05-14 00:00:00+08:00,103.5407662867871,104.62307555951207,103.17999267578125,103.17999267578125,24150,0.0,0.0
2021-05-17 00:00:00+08:00,101.01536560058594,103.54075754379743,100.65460358033545,101.01536560058594,103950,0.0,0.0
2021-05-18 00:00:00+08:00,101.01536580605801,104.26229335666656,101.01536580605801,103.90151977539062,32550,0.0,0.0
2021-05-19 00:00:00+08:00,103.90151977539062,104.98382895892681,103.54075775440631,103.90151977539062,23100,0.0,0.0
2021-05-20 00:00:00+08:00,104.6230697631836,105.70536741565451,104.26229617216534,104.6230697631836,19950,0.0,0.0
2021-05-21 00:00:00+08:00,104.62307038310833,105.70536804199219,104.62307038310833,105.70536804199219,16800,0.0,0.0
2021-05-24 00:00:00+08:00,104.26229528859665,105.3446044921875,104.26229528859665,105.3446044921875,10500,0.0,0.0
2021-05-25 00:00:00+08:00,105.7053708244799,106.42691802978514,105.7053708244799,106.42691802978516,21000,0.0,0.0
2021-05-26 00:00:00+08:00,106.42691522830413,106.42691522830413,105.70536804199219,105.70536804199219,50400,0.0,0.0
2021-05-27 00:00:00+08:00,105.3446036115929,106.78767483078991,105.3446036115929,106.0661392211914,39900,0.0,0.0
2021-05-28 00:00:00+08:00,106.06614010781745,106.42691369577835,105.3446044921875,105.3446044921875,16800,0.0,0.0
2021-05-31 00:00:00+08:00,105.3446044921875,105.70536651985655,104.9838309042266,105.3446044921875,27300,0.0,0.0
2021-06-01 00:00:00+08:00,104.98383241597227,105.70536804199219,104.98383241597227,105.70536804199219,16800,0.0,0.0
2021-06-02 00:00:00+08:00,105.70536651985655,105.70536651985655,105.3446044921875,105.3446044921875,10500,0.0,0.0
2021-06-03 00:00:00+08:00,105.3446044921875,105.3446044921875,104.9838309042266,105.3446044921875,6300,0.0,0.0
2021-06-04 00:00:00+08:00,105.3446044921875,105.70536651985655,105.3446044921875,105.3446044921875,8400,0.0,0.0
2021-06-07 00:00:00+08:00,105.34460600912824,106.06614163514816,104.98383241597227,105.70536804199219,34650,0.0,0.0
2021-06-08 00:00:00+08:00,106.06614442713253,107.14845367479808,106.06614442713253,106.42691802978516,28350,0.0,0.0
2021-06-09 00:00:00+08:00,106.42691280613653,106.42691280613653,106.0661392211914,106.0661392211914,11550,0.0,0.0
2021-06-10 00:00:00+08:00,106.78767265267261,109.31306457519531,106.78767265267261,109.31306457519531,139650,0.0,0.0
2021-06-11 00:00:00+08:00,108.95229014024798,110.03459930419922,108.59151656550043,110.03459930419922,30450,0.0,0.0
2021-06-15 00:00:00+08:00,110.39536478676699,112.55998318267177,110.39536478676699,111.83844757080078,45150,0.0,0.0
2021-06-16 00:00:00+08:00,111.83844998547231,112.55998561292178,111.11691435802285,111.47767639160156,49350,0.0,0.0
2021-06-17 00:00:00+08:00,111.1169204711914,111.1169204711914,110.75614685747246,111.1169204711914,29400,0.0,0.0
2021-06-18 00:00:00+08:00,111.11690846815046,111.11690846815046,109.67382572945166,110.03459930419922,44100,0.0,0.0
2021-06-21 00:00:00+08:00,108.95230196389238,109.67383763139806,108.23076629638672,108.23076629638672,26250,0.0,0.0
2021-06-22 00:00:00+08:00,110.03460017007687,110.03460017007687,109.31306457519531,109.31306457519531,9450,0.0,0.0
2021-06-23 00:00:00+08:00,108.95229099760878,108.95229099760878,108.59151742002226,109.31306457519531,11550,0.0,0.0
2021-06-24 00:00:00+08:00,108.59152221679688,109.31306940384259,108.23076018356603,108.59152221679688,16800,0.0,0.0
2021-06-25 00:00:00+08:00,108.59152221679688,109.31306940384259,108.23076018356603,108.59152221679688,19950,0.0,0.0
2021-06-28 00:00:00+08:00,108.2307644440805,111.11691862500102,107.86999083635577,109.67383575439453,30450,0.0,0.0
2021-06-29 00:00:00+08:00,108.95230196389238,108.95230196389238,107.86999268248753,108.23076629638672,39900,0.0,0.0
2021-06-30 00:00:00+08:00,108.95230009923752,110.39537140955153,108.59152649151277,109.67383575439453,17850,0.0,0.0
2021-07-01 00:00:00+08:00,109.31307370696226,109.67383575439452,108.59152649151277,109.67383575439453,11550,0.0,0.0
2021-07-02 00:00:00+08:00,109.67383575439452,109.67383575439452,108.95230009923752,109.67383575439453,12600,0.0,0.0
2021-07-05 00:00:00+08:00,109.67382487765776,110.75613403320312,109.67382487765776,110.75613403320312,38850,0.0,0.0
2021-07-06 00:00:00+08:00,110.7561440880965,110.7561440880965,109.6738348342947,110.39537048339844,18900,0.0,0.0
2021-07-07 00:00:00+08:00,110.7561348934029,110.7561348934029,110.03459930419922,110.03459930419922,13650,0.0,0.0
2021-07-08 00:00:00+08:00,110.03460017007687,110.03460017007687,108.95229099760878,109.31306457519531,29400,0.0,0.0
2021-07-09 00:00:00+08:00,108.95229581031973,108.95229581031973,108.59152221679688,108.59152221679688,16800,0.0,0.0
2021-07-12 00:00:00+08:00,108.59152221679688,108.59152221679688,108.23076018356603,108.59152221679688,46200,0.0,0.0
2021-07-13 00:00:00+08:00,109.67383143707342,109.67383143707342,108.59152221679688,108.59152221679688,9450,0.0,0.0
2021-07-14 00:00:00+08:00,108.23076018356603,108.95229581031973,108.23076018356603,108.59152221679688,19950,0.0,0.0
2021-07-15 00:00:00+08:00,108.59152741459911,108.95230102539064,108.59152741459911,108.95230102539062,14700,0.0,0.0
2021-07-16 00:00:00+08:00,108.59152741459911,108.95230102539064,108.59152741459911,108.95230102539062,11550,0.0,0.0
2021-07-19 00:00:00+08:00,108.95229581031973,108.95229581031973,108.59152221679688,108.59152221679688,9450,0.0,0.0
2021-07-20 00:00:00+08:00,109.31307463618215,109.31307463618215,108.95230102539064,108.95230102539062,18900,0.0,0.0
2021-07-21 00:00:00+08:00,109.31307463618215,109.31307463618215,108.59152741459911,108.95230102539062,27300,0.0,0.0
2021-07-22 00:00:00+08:00,108.95230196389238,109.31307557779155,108.23076629638672,108.23076629638672,76650,0.0,0.0
2021-07-23 00:00:00+08:00,108.59152834999321,108.59152834999321,107.86999268248753,108.23076629638672,98700,0.0,0.0
2021-07-26 00:00:00+08:00,108.59152221679688,109.67383143707342,108.23076018356603,108.59152221679688,56700,0.0,0.0
2021-07-27 00:00:00+08:00,108.59152741459911,108.95230102539064,108.59152741459911,108.95230102539062,22050,0.0,0.0
2021-07-28 00:00:00+08:00,108.59152834999321,108.59152834999321,108.23076629638672,108.23076629638672,28350,0.0,0.0
2021-07-29 00:00:00+08:00,108.95230009923752,110.03460936211927,108.95230009923752,109.67383575439453,34650,0.0,0.0
2021-07-30 00:00:00+08:00,110.03460276097739,112.92075676875317,110.03460276097739,111.83844757080078,71400,0.0,0.0
2021-08-02 00:00:00+08:00,112.92075676875317,113.64229238062417,111.47767398471939,111.83844757080078,105000,0.0,0.0
2021-08-03 00:00:00+08:00,112.19922027684473,112.55998229980469,111.47767311034141,112.55998229980469,124582,0.0,0.0
2021-08-04 00:00:00+08:00,112.90561781989204,116.53472696410286,111.29268042246501,116.1314926147461,136000,9.0,1.05
2021-08-05 00:00:00+08:00,116.13149910619703,119.35737408136916,116.13149910619703,118.95413970947266,55000,0.0,0.0
2021-08-06 00:00:00+08:00,118.5508982680713,120.56707000732422,118.5508982680713,120.56707000732422,34000,0.0,0.0
2021-08-09 00:00:00+08:00,119.35736493616297,120.97030230016517,119.35736493616297,120.16383361816406,39000,0.0,0.0
2021-08-10 00:00:00+08:00,128.22852743180073,128.22852743180073,120.56707453493212,122.98648071289062,145000,0.0,0.0
2021-08-11 00:00:00+08:00,123.38971044227829,123.38971044227829,120.16383565947363,120.56707000732422,53000,0.0,0.0
2021-08-12 00:00:00+08:00,120.97030082018273,122.18000382838456,120.56706648411546,121.37353515625,21000,0.0,0.0
2021-08-13 00:00:00+08:00,121.77676949231729,121.77676949231729,120.16383214804817,121.37353515625,51000,0.0,0.0
2021-08-16 00:00:00+08:00,120.56706529428527,120.56706529428527,115.72825330923034,118.14765930175781,69000,0.0,0.0
2021-08-17 00:00:00+08:00,118.1476593017578,118.1476593017578,118.1476593017578,118.14765930175781,0,0.0,0.0
2021-08-18 00:00:00+08:00,117.74443105749181,119.76060282217489,117.3411967045552,119.35736846923828,10000,0.0,0.0
2021-08-19 00:00:00+08:00,117.3411926736637,117.3411926736637,115.72825531732468,118.55089569091797,13000,0.0,0.0
2021-08-20 00:00:00+08:00,116.13148561242508,117.74442291259766,116.13148561242508,117.74442291259766,12000,0.0,0.0
2021-08-23 00:00:00+08:00,118.55089156268394,118.95412588772709,116.53471993746822,117.74442291259766,23000,0.0,0.0
2021-08-24 00:00:00+08:00,116.93795013427736,116.93795013427736,116.13148151266165,116.93795013427734,9000,0.0,0.0
2021-08-25 00:00:00+08:00,116.13148764131824,118.1476593017578,116.13148764131824,118.14765930175781,10000,0.0,0.0
2021-08-26 00:00:00+08:00,118.1476572376408,118.1476572376408,117.34118858755451,117.74442291259766,9000,0.0,0.0
2021-08-27 00:00:00+08:00,117.74443105749181,119.35736846923828,117.3411967045552,119.35736846923828,17000,0.0,0.0
2021-08-30 00:00:00+08:00,119.35736436908748,119.35736436908748,118.55089569091797,118.55089569091797,17000,0.0,0.0
2021-08-31 00:00:00+08:00,118.14766541042843,118.95413411630166,118.14766541042843,119.35736846923828,7000,0.0,0.0
2021-09-01 00:00:00+08:00,117.74442757216076,118.95413059516241,117.74442757216076,120.16383361816406,10000,0.0,0.0
2021-09-02 00:00:00+08:00,118.14766135183321,118.55089569091797,118.14766135183321,118.55089569091797,8000,0.0,0.0
2021-09-03 00:00:00+08:00,117.3411926736637,118.55089569091797,117.3411926736637,118.55089569091797,19000,0.0,0.0
2021-09-06 00:00:00+08:00,119.35736436908748,119.35736436908748,118.14766135183321,118.55089569091797,14000,0.0,0.0
2021-09-07 00:00:00+08:00,118.1476593017578,118.1476593017578,118.1476593017578,118.14765930175781,9000,0.0,0.0
2021-09-08 00:00:00+08:00,116.13148790724733,116.13148790724733,113.71208190917969,113.71208190917969,175000,0.0,0.0
2021-09-09 00:00:00+08:00,113.7120859925176,115.72825772997359,113.7120859925176,114.5185546875,21000,0.0,0.0
2021-09-10 00:00:00+08:00,114.9217951173151,115.72826385498047,114.11532637964973,115.72826385498047,18000,0.0,0.0
2021-09-13 00:00:00+08:00,114.11531683114858,115.32501983642577,114.11531683114858,115.32501983642578,13000,0.0,0.0
2021-09-14 00:00:00+08:00,115.32501983642577,115.32501983642577,114.51855116624098,115.32501983642578,20000,0.0,0.0
2021-09-15 00:00:00+08:00,114.9217951173151,115.72826385498047,114.9217951173151,115.72826385498047,5000,0.0,0.0
2021-09-16 00:00:00+08:00,116.1314926147461,116.1314926147461,115.32502391603258,116.1314926147461,11000,0.0,0.0
2021-09-17 00:00:00+08:00,115.7282678676724,116.53473663330078,115.7282678676724,116.53473663330078,11000,0.0,0.0
2021-09-22 00:00:00+08:00,115.32502948614778,115.32502948614778,114.51856074848241,115.72826385498047,49000,0.0,0.0
2021-09-23 00:00:00+08:00,115.72825772997359,115.72825772997359,114.11532034000881,114.5185546875,42000,0.0,0.0
2021-09-24 00:00:00+08:00,114.5185546875,114.5185546875,114.11532034000881,114.5185546875,17000,0.0,0.0
2021-09-27 00:00:00+08:00,114.11531829833984,114.51855263861667,113.71208395806303,114.11531829833984,15000,0.0,0.0
2021-09-28 00:00:00+08:00,114.92178903499119,114.92178903499119,114.11532034000881,114.5185546875,22000,0.0,0.0
2021-09-29 00:00:00+08:00,114.51855057520224,114.51855057520224,113.3088475761684,113.71208190917969,45000,0.0,0.0
2021-09-30 00:00:00+08:00,113.71208190917969,113.71208190917969,113.71208190917969,113.71208190917969,28000,0.0,0.0
2021-10-01 00:00:00+08:00,112.90561827511563,112.90561827511563,110.88944652020285,111.69591522216797,61000,0.0,0.0
2021-10-04 00:00:00+08:00,112.09914049421037,113.30884344918387,112.09914049421037,112.90560913085938,17000,0.0,0.0
2021-10-05 00:00:00+08:00,112.09915363489513,112.50238800048828,112.09915363489513,112.50238800048828,7000,0.0,0.0
2021-10-06 00:00:00+08:00,112.90560913085938,112.90560913085938,112.09914049421037,112.90560913085938,25000,0.0,0.0
2021-10-07 00:00:00+08:00,112.50237481253487,112.90560913085938,112.09914049421037,112.90560913085938,14000,0.0,0.0
2021-10-08 00:00:00+08:00,113.30884344918387,113.30884344918387,112.09914049421037,112.90560913085938,18000,0.0,0.0
2021-10-12 00:00:00+08:00,109.27650751077904,109.67974185583726,106.05063275031324,106.85710144042969,144000,0.0,0.0
2021-10-13 00:00:00+08:00,106.45386694335939,106.45386694335939,100.40535177612306,100.80858612060547,205000,0.0,0.0
2021-10-14 00:00:00+08:00,100.80858666127122,102.82475839449666,100.80858666127122,102.42152404785156,26000,0.0,0.0
2021-10-15 00:00:00+08:00,103.6312352261802,104.03446960449219,102.42153209124425,104.03446960449219,25000,0.0,0.0
2021-10-18 00:00:00+08:00,104.03446960449219,104.03446960449219,102.42153209124425,104.03446960449219,25000,0.0,0.0
2021-10-19 00:00:00+08:00,103.22799682617188,103.22799682617188,103.22799682617188,103.22799682617188,11000,0.0,0.0
2021-10-20 00:00:00+08:00,103.63123118877411,103.63123118877411,102.82476246356964,103.22799682617188,14000,0.0,0.0
2021-10-21 00:00:00+08:00,104.03446555137634,104.03446555137634,102.82476246356964,103.22799682617188,10000,0.0,0.0
2021-10-22 00:00:00+08:00,103.22799682617188,103.22799682617188,102.42152810096741,103.22799682617188,14000,0.0,0.0
2021-10-25 00:00:00+08:00,103.22798978365384,106.45386446439302,103.22798978365384,104.84092712402344,23000,0.0,0.0
2021-10-26 00:00:00+08:00,104.03446555137634,105.64740300178528,103.22799682617188,103.22799682617188,76000,0.0,0.0
2021-10-27 00:00:00+08:00,103.22799124513618,104.0344599267388,103.22799124513618,103.6312255859375,9000,0.0,0.0
2021-10-28 00:00:00+08:00,104.03446960449219,104.43770398280417,103.22800084786822,104.03446960449219,22000,0.0,0.0
2021-10-29 00:00:00+08:00,103.6312255859375,104.0344599267388,102.82475690433486,103.6312255859375,21000,0.0,0.0
2021-11-01 00:00:00+08:00,103.22798713235294,103.22798713235294,102.42151848288142,102.82475280761719,39000,0.0,0.0
2021-11-02 00:00:00+08:00,102.01829325963581,102.42152762034583,101.61505889892578,101.61505889892578,18000,0.0,0.0
2021-11-03 00:00:00+08:00,101.6150533201195,102.8247563358352,101.6150533201195,102.0182876586914,23000,0.0,0.0
2021-11-04 00:00:00+08:00,102.01829373836517,103.22799682617188,101.61505937576294,103.22799682617188,17000,0.0,0.0
2021-11-05 00:00:00+08:00,103.22799682617188,103.22799682617188,103.22799682617188,103.22799682617188,6000,0.0,0.0
2021-11-08 00:00:00+08:00,103.22799634176587,103.22799634176587,101.61505889892578,101.61505889892578,41000,0.0,0.0
2021-11-09 00:00:00+08:00,102.01828707652876,102.01828707652876,100.40534973144531,100.40534973144531,66000,0.0,0.0
2021-11-10 00:00:00+08:00,100.80858199827132,100.80858199827132,99.19564468629898,100.00211334228516,79000,0.0,0.0
2021-11-11 00:00:00+08:00,100.00211334228516,100.40534767027823,99.59887901429207,100.00211334228516,33000,0.0,0.0
2021-11-12 00:00:00+08:00,100.40535231462614,102.82475839449666,100.40535231462614,102.42152404785156,18000,0.0,0.0
2021-11-15 00:00:00+08:00,103.22799427290836,103.6312286255369,100.40535380450852,101.21182250976562,42000,0.0,0.0
2021-11-16 00:00:00+08:00,101.61505889892578,102.01829325963581,101.61505889892578,101.61505889892578,6000,0.0,0.0
2021-11-17 00:00:00+08:00,102.82476646955624,104.43770398280417,102.01829771293227,104.03446960449219,31000,0.0,0.0
2021-11-18 00:00:00+08:00,103.22799124513618,103.6312255859375,102.82475690433486,103.6312255859375,8000,0.0,0.0
2021-11-19 00:00:00+08:00,102.82475690433486,103.6312255859375,102.82475690433486,103.6312255859375,8000,0.0,0.0
2021-11-22 00:00:00+08:00,102.42152404785156,102.42152404785156,102.01828970120648,102.42152404785156,21000,0.0,0.0
2021-11-23 00:00:00+08:00,102.82475690433486,103.6312255859375,102.82475690433486,103.6312255859375,4000,0.0,0.0
2021-11-24 00:00:00+08:00,104.43770398280417,104.43770398280417,103.22800084786822,104.03446960449219,10000,0.0,0.0
2021-11-25 00:00:00+08:00,104.03446960449219,104.03446960449219,103.6312352261802,104.03446960449219,6000,0.0,0.0
2021-11-26 00:00:00+08:00,103.22799124513618,103.6312255859375,103.22799124513618,103.6312255859375,10000,0.0,0.0
2021-11-29 00:00:00+08:00,103.22799682617188,103.22799682617188,101.61505937576294,103.22799682617188,45000,0.0,0.0
2021-11-30 00:00:00+08:00,102.4215219972633,102.4215219972633,101.2118189815476,102.0182876586914,45000,0.0,0.0
2021-12-01 00:00:00+08:00,101.61505889892578,102.01829325963581,101.61505889892578,101.61505889892578,19000,0.0,0.0
2021-12-02 00:00:00+08:00,101.61505686239417,102.01829121502271,101.21182250976562,101.21182250976562,20000,0.0,0.0
2021-12-03 00:00:00+08:00,101.2118189815476,102.0182876586914,101.2118189815476,102.0182876586914,17000,0.0,0.0
2021-12-06 00:00:00+08:00,102.01828915405274,102.01828915405274,100.80858612060547,100.80858612060547,20000,0.0,0.0
2021-12-07 00:00:00+08:00,101.61505480957032,101.61505480957032,100.80858612060547,100.80858612060547,21000,0.0,0.0
2021-12-08 00:00:00+08:00,101.21182250976562,101.21182250976562,100.80858815713707,101.21182250976562,19000,0.0,0.0
2021-12-09 00:00:00+08:00,100.405354828131,100.405354828131,97.9859486876941,98.3891830444336,224000,0.0,0.0
2021-12-10 00:00:00+08:00,98.38918153090998,100.80858763412907,98.38918153090998,99.59888458251953,26000,0.0,0.0
2021-12-13 00:00:00+08:00,100.40535380450852,101.61505686239417,100.40535380450852,101.21182250976562,18000,0.0,0.0
2021-12-14 00:00:00+08:00,100.80858556235708,100.80858556235708,99.19564819335938,99.19564819335938,12000,0.0,0.0
2021-12-15 00:00:00+08:00,99.59888105890357,100.80858406771617,99.19564672263272,100.40534973144531,13000,0.0,0.0
2021-12-16 00:00:00+08:00,99.5988825356088,100.80858556235708,99.19564819335938,99.19564819335938,26000,0.0,0.0
2021-12-17 00:00:00+08:00,99.19564819335938,99.19564819335938,98.38917950886051,99.19564819335938,4000,0.0,0.0
2021-12-20 00:00:00+08:00,98.79241588144649,99.59888458251953,98.79241588144649,99.59888458251953,6000,0.0,0.0
2021-12-21 00:00:00+08:00,99.19565023198301,99.59888458251953,99.19565023198301,99.59888458251953,6000,0.0,0.0
2021-12-22 00:00:00+08:00,100.00211334228516,100.40534767027823,99.19564468629898,100.00211334228516,12000,0.0,0.0
2021-12-23 00:00:00+08:00,100.40534767027823,100.40534767027823,100.00211334228516,100.00211334228516,5000,0.0,0.0
2021-12-24 00:00:00+08:00,99.59888458251953,99.59888458251953,99.59888458251953,99.59888458251953,8000,0.0,0.0
2021-12-27 00:00:00+08:00,99.19564819335938,99.19564819335938,98.79241385110994,99.19564819335938,14000,0.0,0.0
2021-12-28 00:00:00+08:00,99.19564468629898,100.00211334228516,99.19564468629898,100.00211334228516,8000,0.0,0.0
2021-12-29 00:00:00+08:00,100.00211334228516,100.00211334228516,99.59887901429207,100.00211334228516,4000,0.0,0.0
2021-12-30 00:00:00+08:00,100.00211945187998,101.61505686239417,100.00211945187998,101.21182250976562,19000,0.0,0.0
2022-01-03 00:00:00+08:00,101.21182250976562,102.42152556765126,100.80858815713707,101.21182250976562,21000,0.0,0.0
2022-01-04 00:00:00+08:00,101.2118189815476,102.0182876586914,100.80858464297569,102.0182876586914,13000,0.0,0.0
2022-01-05 00:00:00+08:00,101.61505889892578,102.01829325963581,101.61505889892578,101.61505889892578,3000,0.0,0.0
2022-01-06 00:00:00+08:00,101.61505686239417,101.61505686239417,100.80858815713707,101.21182250976562,10000,0.0,0.0
2022-01-07 00:00:00+08:00,101.21182250976562,101.21182250976562,100.80858815713707,101.21182250976562,10000,0.0,0.0
2022-01-10 00:00:00+08:00,101.61505686239417,101.61505686239417,101.21182250976562,101.21182250976562,19000,0.0,0.0
2022-01-11 00:00:00+08:00,100.80858815713707,101.21182250976562,100.80858815713707,101.21182250976562,15000,0.0,0.0
2022-01-12 00:00:00+08:00,100.80859017750574,101.61505889892578,100.80859017750574,101.61505889892578,13000,0.0,0.0
2022-01-13 00:00:00+08:00,102.0182876586914,102.4215219972633,101.6150533201195,102.0182876586914,21000,0.0,0.0
2022-01-14 00:00:00+08:00,100.40535380450852,101.21182250976562,100.40535380450852,101.21182250976562,13000,0.0,0.0
2022-01-17 00:00:00+08:00,101.61505889892578,102.42152762034583,101.21182453821577,101.61505889892578,17000,0.0,0.0
2022-01-18 00:00:00+08:00,100.80859017750574,102.01829325963581,100.00212145608569,101.61505889892578,18000,0.0,0.0
2022-01-19 00:00:00+08:00,100.80859017750574,101.61505889892578,100.80859017750574,101.61505889892578,5000,0.0,0.0
2022-01-20 00:00:00+08:00,101.61505686239417,101.61505686239417,101.21182250976562,101.21182250976562,5000,0.0,0.0
2022-01-21 00:00:00+08:00,101.61505480957032,102.01828915405274,100.80858612060547,100.80858612060547,16000,0.0,0.0
2022-01-24 00:00:00+08:00,100.80858406771617,100.80858406771617,100.00211539517444,100.40534973144531,20000,0.0,0.0
2022-01-25 00:00:00+08:00,100.40534767027823,100.40534767027823,100.00211334228516,100.00211334228516,36000,0.0,0.0
2022-01-26 00:00:00+08:00,100.00211334228516,100.40534767027823,100.00211334228516,100.00211334228516,12000,0.0,0.0
2022-02-07 00:00:00+08:00,100.80858612060547,101.2118204650879,100.80858612060547,100.80858612060547,15000,0.0,0.0
2022-02-08 00:00:00+08:00,101.21182100791631,102.42152404785156,101.21182100791631,102.42152404785156,24000,0.0,0.0
2022-02-09 00:00:00+08:00,102.01828415814568,102.82475280761719,102.01828415814568,102.82475280761719,9000,0.0,0.0
2022-02-10 00:00:00+08:00,103.22798713235294,103.22798713235294,102.42151848288142,102.82475280761719,16000,0.0,0.0
2022-02-11 00:00:00+08:00,102.01829373836517,103.22799682617188,102.01829373836517,103.22799682617188,11000,0.0,0.0
2022-02-14 00:00:00+08:00,103.22799274114173,103.22799274114173,101.61505535456139,102.42152404785156,19000,0.0,0.0
2022-02-15 00:00:00+08:00,100.80858406771617,101.21181840398704,100.00211539517444,100.40534973144531,116000,0.0,0.0
2022-02-16 00:00:00+08:00,100.80858612060547,101.2118204650879,100.80858612060547,100.80858612060547,24000,0.0,0.0
2022-02-17 00:00:00+08:00,100.80858612060547,101.2118204650879,100.00211743164063,100.80858612060547,58000,0.0,0.0
2022-02-18 00:00:00+08:00,100.80858815713707,101.21182250976562,100.80858815713707,101.21182250976562,18000,0.0,0.0
2022-02-21 00:00:00+08:00,101.6150533201195,102.0182876586914,101.2118189815476,102.0182876586914,30000,0.0,0.0
2022-02-22 00:00:00+08:00,102.01829121502271,102.01829121502271,100.80858815713707,101.21182250976562,12000,0.0,0.0
2022-02-23 00:00:00+08:00,100.80858815713707,101.61505686239417,100.80858815713707,101.21182250976562,12000,0.0,0.0
2022-02-24 00:00:00+08:00,101.21181840398704,101.21181840398704,100.00211539517444,100.40534973144531,34000,0.0,0.0
2022-02-25 00:00:00+08:00,100.80858406771617,100.80858406771617,100.00211539517444,100.40534973144531,30000,0.0,0.0
2022-03-01 00:00:00+08:00,100.40535581679572,101.61505889892578,100.40535581679572,101.61505889892578,17000,0.0,0.0
2022-03-02 00:00:00+08:00,101.21182453821577,101.61505889892578,100.80859017750574,101.61505889892578,23000,0.0,0.0
2022-03-03 00:00:00+08:00,101.6150533201195,102.0182876586914,101.6150533201195,102.0182876586914,7000,0.0,0.0
2022-03-04 00:00:00+08:00,101.61505889892578,102.01829325963581,101.61505889892578,101.61505889892578,17000,0.0,0.0
2022-03-07 00:00:00+08:00,101.61505480957032,101.61505480957032,100.00211743164063,100.80858612060547,50000,0.0,0.0
2022-03-08 00:00:00+08:00,99.59888458251953,100.40535328359256,99.19565023198301,99.59888458251953,42000,0.0,0.0
2022-03-09 00:00:00+08:00,100.00211945187998,101.21182250976562,100.00211945187998,101.21182250976562,16000,0.0,0.0
2022-03-10 00:00:00+08:00,101.2118189815476,101.6150533201195,100.80858464297569,102.0182876586914,6000,0.0,0.0
2022-03-11 00:00:00+08:00,100.80859017750574,101.61505889892578,100.80859017750574,101.61505889892578,3000,0.0,0.0
2022-03-14 00:00:00+08:00,101.21182250976562,101.21182250976562,100.80858815713707,101.21182250976562,5000,0.0,0.0
2022-03-15 00:00:00+08:00,100.80858612060547,101.2118204650879,100.80858612060547,100.80858612060547,21000,0.0,0.0
2022-03-16 00:00:00+08:00,100.80858815713707,101.21182250976562,100.40535380450852,101.21182250976562,18000,0.0,0.0
2022-03-17 00:00:00+08:00,101.61505535456139,103.22799274114173,101.21182100791631,102.42152404785156,21000,0.0,0.0
2022-03-18 00:00:00+08:00,102.42152810096741,103.22799682617188,102.42152810096741,103.22799682617188,33000,0.0,0.0
2022-03-21 00:00:00+08:00,105.2441620393233,106.45386505126953,104.84092770200787,106.45386505126953,55000,0.0,0.0
2022-03-22 00:00:00+08:00,106.45386860388837,106.45386860388837,105.64739990234375,105.64739990234375,22000,0.0,0.0
2022-03-23 00:00:00+08:00,105.64739990234375,106.05063425311606,104.84093120079915,105.64739990234375,23000,0.0,0.0
2022-03-24 00:00:00+08:00,104.84092506202491,104.84092506202491,104.43769073486328,104.43769073486328,19000,0.0,0.0
2022-03-25 00:00:00+08:00,104.43769685002684,108.06680600697759,104.43769685002684,105.64739990234375,11000,0.0,0.0
2022-03-28 00:00:00+08:00,107.26033936707239,107.26033936707239,106.0506362915039,106.0506362915039,31000,0.0,0.0
2022-03-29 00:00:00+08:00,106.05063128115525,107.66356863904355,106.05063128115525,108.06680297851562,22000,0.0,0.0
2022-03-30 00:00:00+08:00,109.67974090576172,109.67974090576172,108.87327222263112,109.67974090576172,35000,0.0,0.0
2022-03-31 00:00:00+08:00,110.08297882080078,110.08297882080078,108.06680704752604,108.87327575683594,25000,0.0,0.0
2022-04-01 00:00:00+08:00,108.06680297851562,108.06680297851562,107.66356863904355,108.06680297851562,9000,0.0,0.0
2022-04-06 00:00:00+08:00,110.88944185263996,110.88944185263996,108.47003584858236,109.27650451660156,75000,0.0,0.0
2022-04-07 00:00:00+08:00,109.67974033640391,109.67974033640391,107.66356863904355,108.06680297851562,19000,0.0,0.0
2022-04-08 00:00:00+08:00,108.06680704752604,108.87327575683594,106.85710398356119,108.87327575683594,27000,0.0,0.0
2022-04-11 00:00:00+08:00,108.87326605701092,109.2765003757406,107.26032878209224,108.47003173828125,44000,0.0,0.0
2022-04-12 00:00:00+08:00,108.47003525294615,108.47003525294615,106.85709792576479,107.66356658935547,39000,0.0,0.0
2022-04-13 00:00:00+08:00,108.06680297851562,108.47003731798769,107.66356863904355,108.06680297851562,73000,0.0,0.0
2022-04-14 00:00:00+08:00,107.63280717153397,109.36882019042969,107.63280717153397,109.36882019042969,57000,9.5,0.0
2022-04-15 00:00:00+08:00,108.5008138633636,109.80282362972397,108.06681060791016,108.06681060791016,39000,0.0,0.0
2022-04-18 00:00:00+08:00,108.9348196105957,109.36882287597656,108.06681307983398,108.50081634521484,22000,0.0,0.0
2022-04-19 00:00:00+08:00,108.50081120829184,108.934814453125,108.50081120829184,108.934814453125,27000,0.0,0.0
2022-04-20 00:00:00+08:00,107.63280200958252,108.06680524349213,107.63280200958252,111.10482788085938,12000,0.0,0.0
2022-04-21 00:00:00+08:00,108.06680811605146,108.06680811605146,107.19880162515948,107.63280487060547,12000,0.0,0.0
2022-04-22 00:00:00+08:00,107.6328073524567,108.06681060791016,107.6328073524567,108.06681060791016,6000,0.0,0.0
2022-04-25 00:00:00+08:00,108.06680811605146,108.06680811605146,106.33079513426749,107.63280487060547,17000,0.0,0.0
2022-04-26 00:00:00+08:00,107.19879662118306,107.19879662118306,105.89678694562214,106.7647933959961,11000,0.0,0.0
2022-04-27 00:00:00+08:00,103.72677081968726,105.46278372043517,103.72677081968726,106.7647933959961,26000,0.0,0.0
2022-04-28 00:00:00+08:00,105.02878307905354,105.4627863149174,104.16077660732581,105.89678955078125,10000,0.0,0.0
2022-04-29 00:00:00+08:00,105.02878554986447,106.33079528808594,105.02878554986447,106.33079528808594,4000,0.0,0.0
2022-05-03 00:00:00+08:00,105.4627887959383,106.33079528808594,105.02878554986447,106.33079528808594,17000,0.0,0.0
2022-05-04 00:00:00+08:00,105.02878295651331,107.19879913330078,105.02878295651331,107.19879913330078,18000,0.0,0.0
2022-05-05 00:00:00+08:00,107.63280487060547,107.63280487060547,107.19880162515948,107.63280487060547,3000,0.0,0.0
2022-05-06 00:00:00+08:00,107.19879662118306,107.19879662118306,106.7647933959961,106.7647933959961,8000,0.0,0.0
2022-05-09 00:00:00+08:00,105.89678955078125,105.89678955078125,105.4627863149174,105.89678955078125,6000,0.0,0.0
2022-05-10 00:00:00+08:00,105.02878307905354,105.4627863149174,104.16077660732581,105.89678955078125,20000,0.0,0.0
2022-05-11 00:00:00+08:00,105.0287805879067,105.0287805879067,104.59477736233683,105.46278381347656,13000,0.0,0.0
2022-05-12 00:00:00+08:00,100.6887545804365,100.6887545804365,94.61270904541016,94.61270904541016,520000,0.0,0.0
2022-05-13 00:00:00+08:00,89.4046682218226,90.27267470941311,86.62705011047855,88.97066497802734,405000,0.0,0.0
2022-05-16 00:00:00+08:00,88.53665750263242,88.53665750263242,85.67223358154297,85.67223358154297,198000,0.0,0.0
2022-05-17 00:00:00+08:00,85.15143555521071,85.49863947654256,84.45703433491099,85.06463623046875,110000,0.0,0.0
2022-05-18 00:00:00+08:00,85.15143525776425,86.45344499143759,84.97783660888672,84.97783660888672,100000,0.0,0.0
2022-05-19 00:00:00+08:00,84.89103728444795,85.49863917788326,84.71743201320646,84.97783660888672,48000,0.0,0.0
2022-05-20 00:00:00+08:00,85.06463563557458,85.23823428384446,84.63063239253593,84.89103698730469,22000,0.0,0.0
2022-05-23 00:00:00+08:00,86.01944455376419,86.01944455376419,85.06463870905377,85.49864196777344,10000,0.0,0.0
2022-05-24 00:00:00+08:00,85.49863977459299,85.58543909963754,85.06463652700623,85.15143585205078,38000,0.0,0.0
2022-05-25 00:00:00+08:00,84.89103217912127,85.41183471679688,84.63062759910169,85.41183471679688,14000,0.0,0.0
2022-05-26 00:00:00+08:00,85.41183471679688,85.75903861603514,84.89103217912127,85.41183471679688,38000,0.0,0.0
2022-05-27 00:00:00+08:00,85.49864196777344,85.67224062231563,85.06463870905377,85.49864196777344,8000,0.0,0.0
2022-05-30 00:00:00+08:00,86.10623931884766,86.19304526388368,85.49863743777853,86.10623931884766,24000,0.0,0.0
2022-05-31 00:00:00+08:00,85.93263740727467,88.10265350341797,85.498634188046,88.10265350341797,40000,0.0,0.0
2022-06-01 00:00:00+08:00,88.53666188457224,88.53666188457224,86.36664566191116,87.66865539550781,68000,0.0,0.0
2022-06-02 00:00:00+08:00,87.66865585003367,87.66865585003367,86.36664610968664,86.45344543457031,23000,0.0,0.0
2022-06-06 00:00:00+08:00,86.54024694669643,87.23465480804444,86.54024694669643,86.80065155029297,12000,0.0,0.0
2022-06-07 00:00:00+08:00,86.80064905827967,86.80064905827967,86.36664581298828,86.36664581298828,41000,0.0,0.0
2022-06-08 00:00:00+08:00,86.8006540175101,87.23465728759766,86.36665074742255,87.23465728759766,20000,0.0,0.0
2022-06-09 00:00:00+08:00,87.23465480804444,88.53666458129884,86.54024694669643,86.80065155029297,53000,0.0,0.0
2022-06-10 00:00:00+08:00,88.10265864004003,88.10265864004003,86.36664566191116,87.66865539550781,31000,0.0,0.0
2022-06-13 00:00:00+08:00,86.80065155029297,86.80065155029297,86.36664829254151,86.80065155029297,14000,0.0,0.0
2022-06-14 00:00:00+08:00,86.36664799921613,86.71385192871094,86.01944406972133,86.71385192871094,11000,0.0,0.0
2022-06-15 00:00:00+08:00,86.80064905827967,87.23465230357108,86.36664581298828,86.36664581298828,47000,0.0,0.0
2022-06-16 00:00:00+08:00,87.23465170239983,87.23465170239983,86.19304656982422,86.19304656982422,17000,0.0,0.0
2022-06-17 00:00:00+08:00,85.93264256769687,86.36664581298828,85.7590439185259,86.36664581298828,6000,0.0,0.0
2022-06-20 00:00:00+08:00,85.9326381643197,86.36664138737181,85.23823035849085,85.67223358154297,22000,0.0,0.0
2022-06-21 00:00:00+08:00,85.67223767667146,86.36664551569295,85.238234432874,86.27984619140625,38000,0.0,0.0
2022-06-22 00:00:00+08:00,85.49863947654256,86.19304731920627,85.06463623046875,85.06463623046875,37000,0.0,0.0
2022-06-23 00:00:00+08:00,85.06463432709128,85.498637563454,84.45703244512903,84.80422973632812,42000,0.0,0.0
2022-06-24 00:00:00+08:00,85.3250353975782,85.41183471679688,84.97783149833995,85.41183471679688,14000,0.0,0.0
2022-06-27 00:00:00+08:00,86.2798510593823,86.45344971775027,85.58544318118176,85.75904846191406,13000,0.0,0.0
2022-06-28 00:00:00+08:00,86.27984398632073,86.27984398632073,85.23823225440933,85.9326400756836,10000,0.0,0.0
2022-06-29 00:00:00+08:00,85.15143991289752,85.15143991289752,84.71743664461326,85.75904846191406,29000,0.0,0.0
2022-06-30 00:00:00+08:00,84.45703403989016,85.06463593332548,84.45703403989016,84.97783660888672,9000,0.0,0.0
2022-07-01 00:00:00+08:00,86.10624153215868,86.10624153215868,83.50222205087528,83.76262664794922,31000,0.0,0.0
2022-07-04 00:00:00+08:00,83.41542272597196,83.76262664794922,83.41542272597196,83.76262664794922,30000,0.0,0.0
2022-07-05 00:00:00+08:00,83.93622807337726,84.28343200683594,83.76262941783004,84.28343200683594,7000,0.0,0.0
2022-07-06 00:00:00+08:00,83.84942874560366,84.28343200683594,83.24182682882414,84.28343200683594,19000,0.0,0.0
2022-07-07 00:00:00+08:00,84.28342906306307,85.06463623046875,84.1966297383211,85.06463623046875,9000,0.0,0.0
2022-07-08 00:00:00+08:00,86.1062438810353,86.1062438810353,84.7174347776052,85.49864196777344,21000,0.0,0.0
2022-07-11 00:00:00+08:00,86.01944680687964,87.23465728759766,86.01944680687964,87.23465728759766,30000,0.0,0.0
2022-07-12 00:00:00+08:00,86.45343941768542,86.62704467773438,86.36664009884271,86.62704467773438,9000,0.0,0.0
2022-07-13 00:00:00+08:00,86.80064377275485,91.57467918025638,86.80064377275485,89.4046630859375,31000,0.0,0.0
2022-07-14 00:00:00+08:00,88.97065986707373,89.4046630859375,88.53665664820996,89.4046630859375,4000,0.0,0.0
2022-07-15 00:00:00+08:00,88.53665924072266,88.53665924072266,87.23464954600614,88.53665924072266,8000,0.0,0.0
2022-07-18 00:00:00+08:00,89.83867103362752,92.87669372558594,89.40466779191917,92.87669372558594,36000,0.0,0.0
2022-07-19 00:00:00+08:00,93.31069928790451,95.04671229791204,92.44269278290075,94.61270904541016,84000,0.0,0.0
2022-07-20 00:00:00+08:00,95.04671195575169,97.65073146138872,95.04671195575169,97.21672821044922,42000,0.0,0.0
2022-07-21 00:00:00+08:00,97.21673313917313,98.0847396850586,95.48072004740217,98.0847396850586,36000,0.0,0.0
2022-07-22 00:00:00+08:00,97.6507339477539,97.6507339477539,96.34872416178386,97.6507339477539,11000,0.0,0.0
2022-07-25 00:00:00+08:00,97.6507339477539,97.6507339477539,97.6507339477539,97.6507339477539,0,0.0,0.0
2022-07-26 00:00:00+08:00,95.48071520669119,97.21672821044922,95.48071520669119,97.21672821044922,25000,0.0,0.0
2022-07-27 00:00:00+08:00,97.21672319291947,97.21672319291947,95.4807102787602,96.34871673583984,22000,0.0,0.0
2022-07-28 00:00:00+08:00,97.65072895272431,97.65072895272431,96.34871923335464,96.78272247314453,4000,0.0,0.0
2022-07-29 00:00:00+08:00,96.78272495950971,96.78272495950971,96.34872170857021,97.21672821044922,7000,0.0,0.0
2022-08-01 00:00:00+08:00,97.21672821044922,97.21672821044922,96.34872170857021,97.21672821044922,2000,0.0,0.0
2022-08-02 00:00:00+08:00,96.34871923335464,96.78272247314453,95.48071275377488,96.78272247314453,6000,0.0,0.0
2022-08-03 00:00:00+08:00,96.34871673583984,96.78271996437965,96.34871673583984,96.34871673583984,6000,0.0,0.0
2022-08-04 00:00:00+08:00,96.34871673583984,96.34871673583984,96.34871673583984,96.34871673583984,1000,0.0,0.0
2022-08-05 00:00:00+08:00,96.78272247314453,96.78272247314453,96.34871923335464,96.78272247314453,11000,0.0,0.0
2022-08-08 00:00:00+08:00,96.78271996437965,96.78271996437965,95.04670705022038,96.34871673583984,15000,0.0,0.0
2022-08-09 00:00:00+08:00,95.91471350730002,96.34871673583984,95.91471350730002,96.34871673583984,4000,0.0,0.0
2022-08-10 00:00:00+08:00,96.34872170857021,97.21672821044922,95.48071520669119,97.21672821044922,60000,0.0,0.0
2022-08-11 00:00:00+08:00,97.21673313917313,98.51874295800134,97.21673313917313,98.0847396850586,22000,0.0,0.0
2022-08-12 00:00:00+08:00,98.0847396850586,98.51874295800134,98.0847396850586,98.0847396850586,13000,0.0,0.0
2022-08-15 00:00:00+08:00,98.51873779296875,98.51873779296875,98.08473454277946,98.51873779296875,5000,0.0,0.0
2022-08-16 00:00:00+08:00,98.95274104315804,98.95274104315804,98.08473454277946,98.51873779296875,8000,0.0,0.0
2022-08-17 00:00:00+08:00,97.21673313917313,97.65073641211586,97.21673313917313,98.0847396850586,8000,0.0,0.0
2022-08-18 00:00:00+08:00,97.21673068576389,97.6507339477539,97.21673068576389,97.6507339477539,5000,0.0,0.0
2022-08-19 00:00:00+08:00,97.6507339477539,97.6507339477539,97.6507339477539,97.6507339477539,4000,0.0,0.0
2022-08-22 00:00:00+08:00,97.6507339477539,97.6507339477539,97.6507339477539,97.6507339477539,0,0.0,0.0
2022-08-23 00:00:00+08:00,95.48071275377488,96.78272247314453,95.48071275377488,96.78272247314453,8000,0.0,0.0
2022-08-24 00:00:00+08:00,97.21672821044922,98.08473471232823,96.78272495950971,97.21672821044922,12000,0.0,0.0
2022-08-25 00:00:00+08:00,96.78272742377388,96.78272742377388,96.78272742377388,97.6507339477539,3000,0.0,0.0
2022-08-26 00:00:00+08:00,96.78272495950971,97.21672821044922,96.78272495950971,97.21672821044922,8000,0.0,0.0
2022-08-29 00:00:00+08:00,97.21672319291947,97.21672319291947,95.4807102787602,96.34871673583984,6000,0.0,0.0
2022-08-30 00:00:00+08:00,95.48071275377488,95.91471599356477,94.6127062741951,96.78272247314453,15000,0.0,0.0
2022-08-31 00:00:00+08:00,95.91471599356477,96.78272247314453,95.91471599356477,96.78272247314453,6000,0.0,0.0
2022-09-01 00:00:00+08:00,96.78272247314453,96.78272247314453,96.34871923335464,96.78272247314453,7000,0.0,0.0
2022-09-02 00:00:00+08:00,97.21672329837328,97.65072652738388,94.17870069529911,95.04670715332031,25000,0.0,0.0
2022-09-05 00:00:00+08:00,95.04670725928413,95.04670725928413,92.8766911118119,93.74469757080078,20000,0.0,0.0
2022-09-06 00:00:00+08:00,93.7447000670543,94.17870330810547,92.87669358495194,94.17870330810547,10000,0.0,0.0
2022-09-07 00:00:00+08:00,94.17870579290827,94.61270904541016,93.31069928790451,94.61270904541016,10000,0.0,0.0
2022-09-08 00:00:00+08:00,94.61270392430971,96.3487168403521,93.74469746628853,95.04670715332031,10000,0.0,0.0
2022-09-12 00:00:00+08:00,95.04670470481695,95.04670470481695,92.87668861566588,93.3106918334961,53000,0.0,0.0
2022-09-13 00:00:00+08:00,93.3106941360611,93.3106941360611,92.44268767898147,96.34871673583984,36000,0.0,0.0
2022-09-14 00:00:00+08:00,92.00868218000545,93.3106918334961,92.00868218000545,93.3106918334961,10000,0.0,0.0
2022-09-15 00:00:00+08:00,94.17870579290827,94.17870579290827,93.31069928790451,94.61270904541016,2000,0.0,0.0
2022-09-16 00:00:00+08:00,93.31069434130634,94.61270402978968,93.31069434130634,93.74469757080078,13000,0.0,0.0
2022-09-19 00:00:00+08:00,93.31069696729428,93.74470020900262,92.00868724216924,92.87669372558594,21000,0.0,0.0
2022-09-20 00:00:00+08:00,92.87668861566588,93.3106918334961,92.44268539783566,93.3106918334961,13000,0.0,0.0
2022-09-21 00:00:00+08:00,92.87669372558594,92.87669372558594,92.00868724216924,92.87669372558594,19000,0.0,0.0
2022-09-22 00:00:00+08:00,92.00868465282299,93.31069434130634,92.00868465282299,93.74469757080078,12000,0.0,0.0
2022-09-23 00:00:00+08:00,93.3106918334961,93.3106918334961,92.87668861566588,93.3106918334961,6000,0.0,0.0
2022-09-26 00:00:00+08:00,92.87669910249255,92.87669910249255,90.27267950148808,91.14068603515625,26000,0.0,0.0
2022-09-27 00:00:00+08:00,90.70668255443304,92.44269561767578,90.27267928862236,92.44269561767578,18000,0.0,0.0
2022-09-28 00:00:00+08:00,91.57468662621841,92.0086898803711,91.57468662621841,92.0086898803711,9000,0.0,0.0
2022-09-29 00:00:00+08:00,91.57468908605442,92.0086923518651,91.57468908605442,92.44269561767578,11000,0.0,0.0
2022-09-30 00:00:00+08:00,91.14068337206571,92.0086898803711,91.14068337206571,92.0086898803711,2000,0.0,0.0
2022-10-03 00:00:00+08:00,90.7066752853025,91.14067851633266,89.83866882324219,89.83866882324219,61000,0.0,0.0
2022-10-04 00:00:00+08:00,91.14068104670598,91.14068104670598,90.27267456054688,90.27267456054688,20000,0.0,0.0
2022-10-05 00:00:00+08:00,90.27267456054688,90.27267456054688,89.40466807438777,90.27267456054688,13000,0.0,0.0
2022-10-06 00:00:00+08:00,90.27267704283791,90.70668029785156,89.83867378782428,90.70668029785156,6000,0.0,0.0
2022-10-07 00:00:00+08:00,90.27267456054688,90.27267456054688,89.83867131746733,90.27267456054688,24000,0.0,0.0
2022-10-11 00:00:00+08:00,90.27267456054688,90.70667780362643,89.83867131746733,90.27267456054688,9000,0.0,0.0
2022-10-12 00:00:00+08:00,90.27267704283791,91.14068355286521,89.83867378782428,90.70668029785156,17000,0.0,0.0
2022-10-13 00:00:00+08:00,90.27267456054688,90.70667780362643,90.27267456054688,90.27267456054688,7000,0.0,0.0
2022-10-14 00:00:00+08:00,90.27267950148808,91.14068603515625,89.40467296781993,91.14068603515625,16000,0.0,0.0
2022-10-17 00:00:00+08:00,90.27267216701134,90.27267216701134,87.66865277757832,88.53665924072266,44000,0.0,0.0
2022-10-18 00:00:00+08:00,88.53665672264663,88.53665672264663,86.80064384573198,88.10265350341797,46000,0.0,0.0
2022-10-19 00:00:00+08:00,88.53666188457224,89.40466837363668,86.71384958200973,87.66865539550781,63000,0.0,0.0
2022-10-20 00:00:00+08:00,87.66865539550781,87.66865539550781,86.54024431077846,87.66865539550781,14000,0.0,0.0
2022-10-21 00:00:00+08:00,87.66865806579591,87.66865806579591,86.62705289613805,86.80065155029297,19000,0.0,0.0
2022-10-24 00:00:00+08:00,87.66865806579591,87.66865806579591,86.80065155029297,86.80065155029297,9000,0.0,0.0
2022-10-25 00:00:00+08:00,86.80065155029297,86.80065155029297,86.45344761961897,86.80065155029297,6000,0.0,0.0
2022-10-26 00:00:00+08:00,86.80065155029297,86.80065155029297,86.36664829254151,86.80065155029297,42000,0.0,0.0
2022-10-27 00:00:00+08:00,86.80065155029297,86.80065155029297,86.80065155029297,86.80065155029297,34000,0.0,0.0
2022-10-28 00:00:00+08:00,87.66865806579591,88.10266132354737,86.62705289613805,86.80065155029297,15000,0.0,0.0
2022-10-31 00:00:00+08:00,87.23465038067758,87.23465038067758,85.93264067350329,86.10623931884766,47000,0.0,0.0
2022-11-01 00:00:00+08:00,86.4534426304574,86.80064654109454,85.9326400756836,85.9326400756836,56000,0.0,0.0
2022-11-02 00:00:00+08:00,86.10623871982027,86.7138472190262,85.9326400756836,85.9326400756836,42000,0.0,0.0
2022-11-03 00:00:00+08:00,86.80064890644339,87.66865539550781,86.80064890644339,87.66865539550781,16000,0.0,0.0
2022-11-04 00:00:00+08:00,86.80064714495282,86.80064714495282,85.93264067350329,86.10623931884766,60000,0.0,0.0
2022-11-07 00:00:00+08:00,86.80064875905107,88.97066497802734,86.80064875905107,88.97066497802734,20000,0.0,0.0
2022-11-08 00:00:00+08:00,88.53665672264663,88.97065994187528,87.23464706496064,88.10265350341797,22000,0.0,0.0
2022-11-09 00:00:00+08:00,87.66865277757832,88.53665924072266,87.66865277757832,88.53665924072266,11000,0.0,0.0
2022-11-10 00:00:00+08:00,87.6686502841893,87.6686502841893,87.6686502841893,88.10265350341797,10000,0.0,0.0
2022-11-11 00:00:00+08:00,88.10266382777276,88.5366670978603,87.23465728759766,87.23465728759766,51000,0.0,0.0
2022-11-14 00:00:00+08:00,87.6686605576852,87.6686605576852,87.23465728759766,87.23465728759766,46000,0.0,0.0
2022-11-15 00:00:00+08:00,87.2346542577424,88.1026607677697,87.2346542577424,90.70668029785156,19000,0.0,0.0
2022-11-16 00:00:00+08:00,88.10266382777276,88.10266382777276,86.8006540175101,87.23465728759766,59000,0.0,0.0
2022-11-17 00:00:00+08:00,87.6686605576852,87.6686605576852,87.23465728759766,87.23465728759766,26000,0.0,0.0
2022-11-18 00:00:00+08:00,87.6686605576852,87.6686605576852,87.23465728759766,87.23465728759766,24000,0.0,0.0
2022-11-21 00:00:00+08:00,87.23465728759766,87.23465728759766,86.45345007696719,87.23465728759766,56000,0.0,0.0
2022-11-22 00:00:00+08:00,86.80065155029297,88.10266132354737,86.71385222321551,86.80065155029297,41000,0.0,0.0
2022-11-23 00:00:00+08:00,87.23465480804444,87.23465480804444,86.62705289613805,86.80065155029297,27000,0.0,0.0
2022-11-24 00:00:00+08:00,87.23465215097559,87.66865539550781,87.23465215097559,87.66865539550781,3000,0.0,0.0
2022-11-25 00:00:00+08:00,87.66865806579591,87.66865806579591,86.71385222321551,86.80065155029297,85000,0.0,0.0
2022-11-28 00:00:00+08:00,87.23465480804444,87.23465480804444,86.71385222321551,86.80065155029297,74000,0.0,0.0
2022-11-29 00:00:00+08:00,87.23465480804444,87.23465480804444,86.80065155029297,86.80065155029297,64000,0.0,0.0
2022-11-30 00:00:00+08:00,87.66865806579591,88.10266132354737,86.80065155029297,86.80065155029297,71000,0.0,0.0
2022-12-01 00:00:00+08:00,87.6686605576852,87.6686605576852,86.8006540175101,87.23465728759766,76000,0.0,0.0
2022-12-02 00:00:00+08:00,87.2346513227983,87.66865456321023,86.80064808238637,95.480712890625,80000,0.0,0.0
2022-12-05 00:00:00+08:00,88.10265350341797,90.27266959956127,87.6686502841893,88.10265350341797,148000,0.0,0.0
2022-12-06 00:00:00+08:00,88.97066247229482,92.00868509330002,87.66865277757832,88.53665924072266,143000,0.0,0.0
2022-12-07 00:00:00+08:00,88.5366670978603,88.97067036794786,86.8006540175101,87.23465728759766,196000,0.0,0.0
2022-12-08 00:00:00+08:00,87.23465663364955,92.0086925688244,87.23465663364955,91.14068603515625,114000,0.0,0.0
2022-12-09 00:00:00+08:00,91.14067851633266,91.14067851633266,89.40466559221203,89.83866882324219,26000,0.0,0.0
2022-12-12 00:00:00+08:00,89.83866882324219,90.27267205427233,89.40466559221203,89.83866882324219,5000,0.0,0.0
2022-12-13 00:00:00+08:00,89.83867131746733,90.70667780362643,89.40466807438777,90.27267456054688,18000,0.0,0.0
2022-12-14 00:00:00+08:00,89.83866882324219,89.83866882324219,89.40466559221203,89.83866882324219,16000,0.0,0.0
2022-12-15 00:00:00+08:00,89.40466559221203,89.83866882324219,89.40466559221203,89.83866882324219,21000,0.0,0.0
2022-12-16 00:00:00+08:00,89.83866882324219,90.27267205427233,89.83866882324219,89.83866882324219,6000,0.0,0.0
2022-12-19 00:00:00+08:00,89.83866882324219,89.83866882324219,89.40466559221203,89.83866882324219,17000,0.0,0.0
2022-12-20 00:00:00+08:00,89.83867146561785,89.83867146561785,88.97066497802734,88.97066497802734,22000,0.0,0.0
2022-12-21 00:00:00+08:00,88.97065986707373,89.83866630480128,88.97065986707373,89.4046630859375,12000,0.0,0.0
2022-12-22 00:00:00+08:00,89.4046630859375,89.4046630859375,88.97065986707373,89.4046630859375,15000,0.0,0.0
2022-12-23 00:00:00+08:00,89.4046630859375,89.83866630480128,89.4046630859375,89.4046630859375,9000,0.0,0.0
2022-12-26 00:00:00+08:00,90.27267427533586,94.17870345071097,90.27267427533586,92.87669372558594,78000,0.0,0.0
2022-12-27 00:00:00+08:00,92.87669372558594,92.87669372558594,91.14068075875255,92.87669372558594,25000,0.0,0.0
2022-12-28 00:00:00+08:00,92.44268539783566,93.3106918334961,92.44268539783566,93.3106918334961,25000,0.0,0.0
2022-12-29 00:00:00+08:00,92.0086923518651,92.44269561767578,92.0086923518651,92.44269561767578,9000,0.0,0.0
2022-12-30 00:00:00+08:00,92.8766911118119,94.17870080029523,92.00868465282299,93.74469757080078,19000,0.0,0.0
2023-01-03 00:00:00+08:00,92.44269048387758,92.87669372558594,92.44269048387758,92.87669372558594,14000,0.0,0.0
2023-01-04 00:00:00+08:00,92.87668861566588,93.3106918334961,92.44268539783566,93.3106918334961,17000,0.0,0.0
2023-01-05 00:00:00+08:00,95.04670979020783,96.78272275441253,94.17870330810547,94.17870330810547,24000,0.0,0.0
2023-01-06 00:00:00+08:00,94.17870330810547,94.17870330810547,93.31069682600311,94.17870330810547,11000,0.0,0.0
2023-01-09 00:00:00+08:00,93.7447000670543,94.61270654915664,93.31069682600311,94.17870330810547,11000,0.0,0.0
2023-01-10 00:00:00+08:00,93.31070214929716,93.31070214929716,92.0086923518651,92.44269561767578,37000,0.0,0.0
2023-01-11 00:00:00+08:00,92.4426931345238,92.87669638867649,91.57468662621841,92.0086898803711,26000,0.0,0.0
2023-01-12 00:00:00+08:00,92.87669638867649,93.31069964282918,91.57468662621841,92.0086898803711,36000,0.0,0.0
2023-01-13 00:00:00+08:00,92.0086873854506,92.0086873854506,91.5746841430664,91.5746841430664,20000,0.0,0.0
2023-01-16 00:00:00+08:00,91.57468662621841,92.0086898803711,91.57468662621841,92.0086898803711,14000,0.0,0.0
2023-01-17 00:00:00+08:00,92.44269034390076,94.61270654915664,92.00868710284958,94.17870330810547,30000,0.0,0.0
2023-01-30 00:00:00+08:00,94.17870330810547,94.61270654915664,93.31069682600311,94.17870330810547,38000,0.0,0.0
2023-01-31 00:00:00+08:00,93.74469757080078,94.17870080029523,93.31069434130634,93.74469757080078,14000,0.0,0.0
2023-02-01 00:00:00+08:00,93.74469757080078,94.17870080029523,92.8766911118119,93.74469757080078,27000,0.0,0.0
2023-02-02 00:00:00+08:00,93.3106918334961,93.7446950513263,93.3106918334961,93.3106918334961,22000,0.0,0.0
2023-02-03 00:00:00+08:00,93.31069434130634,93.74469757080078,93.31069434130634,93.74469757080078,26000,0.0,0.0
2023-02-06 00:00:00+08:00,93.74469757080078,93.74469757080078,93.31069434130634,93.74469757080078,13000,0.0,0.0
2023-02-07 00:00:00+08:00,93.3106918334961,93.3106918334961,92.87668861566588,93.3106918334961,22000,0.0,0.0
2023-02-08 00:00:00+08:00,93.3106918334961,93.3106918334961,92.87668861566588,93.3106918334961,11000,0.0,0.0
2023-02-09 00:00:00+08:00,93.31069928790451,94.61270904541016,93.31069928790451,94.61270904541016,44000,0.0,0.0
2023-02-10 00:00:00+08:00,94.17869826915653,94.17869826915653,93.3106918334961,93.3106918334961,41000,0.0,0.0
2023-02-13 00:00:00+08:00,93.3106918334961,93.3106918334961,93.3106918334961,93.3106918334961,16000,0.0,0.0
2023-02-14 00:00:00+08:00,93.74469757080078,94.61270402978968,93.74469757080078,93.74469757080078,17000,0.0,0.0
2023-02-15 00:00:00+08:00,94.17869826915653,94.17869826915653,93.3106918334961,93.3106918334961,20000,0.0,0.0
2023-02-16 00:00:00+08:00,93.74469757080078,93.74469757080078,93.31069434130634,93.74469757080078,14000,0.0,0.0
2023-02-17 00:00:00+08:00,93.74469757080078,93.74469757080078,93.74469757080078,93.74469757080078,11000,0.0,0.0
2023-02-20 00:00:00+08:00,93.7447000670543,94.17870330810547,93.7447000670543,94.17870330810547,21000,0.0,0.0
2023-02-21 00:00:00+08:00,94.61270402978968,94.61270402978968,93.74469757080078,93.74469757080078,26000,0.0,0.0
2023-02-22 00:00:00+08:00,93.31069434130634,93.74469757080078,92.8766911118119,93.74469757080078,31000,0.0,0.0
2023-02-23 00:00:00+08:00,93.74469757080078,93.74469757080078,93.74469757080078,93.74469757080078,24000,0.0,0.0
2023-02-24 00:00:00+08:00,94.17870579290827,94.61270904541016,93.7447025404064,94.61270904541016,40000,0.0,0.0
2023-03-01 00:00:00+08:00,94.61270904541016,95.04671229791204,93.7447025404064,94.61270904541016,25000,0.0,0.0
2023-03-02 00:00:00+08:00,94.61270887279942,95.48071537621959,94.61270887279942,95.91471862792969,48000,0.0,0.0
2023-03-03 00:00:00+08:00,98.0847321925142,98.0847321925142,96.34871923335464,96.78272247314453,27000,0.0,0.0
2023-03-06 00:00:00+08:00,96.34871923335464,97.21672571293442,96.34871923335464,96.78272247314453,23000,0.0,0.0
2023-03-07 00:00:00+08:00,96.78272986623038,98.51874295800134,96.78272986623038,98.0847396850586,23000,0.0,0.0
2023-03-08 00:00:00+08:00,98.51873503060176,101.99076093476394,98.51873503060176,100.68875122070312,80000,0.0,0.0
2023-03-09 00:00:00+08:00,101.99075582753058,101.99075582753058,99.82073974609375,99.82073974609375,47000,0.0,0.0
2023-03-10 00:00:00+08:00,100.25475351969402,100.25475351969402,96.78272742377388,97.6507339477539,96000,0.0,0.0
2023-03-13 00:00:00+08:00,96.78271996437965,97.21672319291947,95.4807102787602,96.34871673583984,60000,0.0,0.0
2023-03-14 00:00:00+08:00,96.78272495950971,97.21672821044922,96.78272495950971,97.21672821044922,24000,0.0,0.0
2023-03-15 00:00:00+08:00,97.65073641211586,98.51874295800134,97.65073641211586,98.0847396850586,24000,0.0,0.0
2023-03-16 00:00:00+08:00,98.08473471232823,98.08473471232823,97.21672821044922,97.21672821044922,43000,0.0,0.0
2023-03-17 00:00:00+08:00,98.08473471232823,98.08473471232823,97.21672821044922,97.21672821044922,31000,0.0,0.0
2023-03-20 00:00:00+08:00,96.7827226118608,97.21672585227273,95.480712890625,95.480712890625,59000,0.0,0.0
2023-03-21 00:00:00+08:00,96.34871673583984,96.34871673583984,95.91471350730002,96.34871673583984,13000,0.0,0.0
2023-03-22 00:00:00+08:00,99.82074225619758,101.55675516500102,99.82074225619758,100.25474548339844,159000,0.0,0.0
2023-03-23 00:00:00+08:00,101.12274939495585,101.12274939495585,99.82073974609375,99.82073974609375,39000,0.0,0.0
2023-03-24 00:00:00+08:00,100.25474296238112,101.12274939495585,99.82073974609375,99.82073974609375,81000,0.0,0.0
2023-03-27 00:00:00+08:00,100.25474785338056,103.72677375306475,100.25474785338056,101.99076080322266,177000,0.0,0.0
2023-03-28 00:00:00+08:00,103.29277051560422,103.29277051560422,101.12275432830161,101.99076080322266,74000,0.0,0.0
2023-03-29 00:00:00+08:00,102.42476921407585,102.42476921407585,101.12275943593082,101.5567626953125,44000,0.0,0.0
2023-03-30 00:00:00+08:00,101.99076329247427,102.85876978858043,101.99076329247427,102.42476654052734,28000,0.0,0.0
2023-03-31 00:00:00+08:00,102.42476654052734,102.42476654052734,101.99076329247427,102.42476654052734,32000,0.0,0.0
2023-04-06 00:00:00+08:00,102.85877208709718,104.59478511810303,102.85877208709718,104.16078186035156,96000,0.0,0.0
2023-04-07 00:00:00+08:00,104.16077937042364,104.16077937042364,102.85876962829335,103.72677612304688,44000,0.0,0.0
2023-04-10 00:00:00+08:00,104.1607767318789,105.02878320464455,104.1607767318789,104.59477996826172,174000,0.0,0.0
2023-04-11 00:00:00+08:00,105.0287857055664,105.0287857055664,104.5947824588492,105.0287857055664,103000,0.0,0.0
2023-04-12 00:00:00+08:00,105.02878333340172,105.02878333340172,102.42476391191242,103.29277038574219,142000,0.0,0.0
2023-04-13 00:00:00+08:00,103.72677612304688,103.72677612304688,101.99076313353982,103.72677612304688,337000,0.0,0.0
2023-04-14 00:00:00+08:00,103.07086566547015,104.47637746999929,103.07086566547015,104.00787353515625,157000,8.8,0.0
2023-04-17 00:00:00+08:00,104.47637935969382,104.47637935969382,102.60236358642578,102.60236358642578,81000,0.0,0.0
2023-04-18 00:00:00+08:00,102.6023693259703,102.6023693259703,102.13386535644531,102.13386535644531,74000,0.0,0.0
2023-04-19 00:00:00+08:00,102.6023693259703,103.07087329549528,102.13386535644531,102.13386535644531,35000,0.0,0.0
2023-04-20 00:00:00+08:00,102.13386535644531,102.13386535644531,101.66536138692034,102.13386535644531,39000,0.0,0.0
2023-04-21 00:00:00+08:00,102.13386154174805,102.13386154174805,100.72834968566895,101.19685363769531,44000,0.0,0.0
2023-04-24 00:00:00+08:00,101.19685741739536,102.13386535644531,101.19685741739536,102.13386535644531,22000,0.0,0.0
2023-04-25 00:00:00+08:00,102.13386535644531,102.6023693259703,101.66536138692034,102.13386535644531,23000,0.0,0.0
2023-04-26 00:00:00+08:00,101.66535949707031,101.66535949707031,101.19685553625432,101.66535949707031,29000,0.0,0.0
2023-04-27 00:00:00+08:00,101.66535758972168,101.66535758972168,101.19685363769531,101.19685363769531,7000,0.0,0.0
2023-04-28 00:00:00+08:00,101.19685175647474,102.60236358642578,101.19685175647474,102.60236358642578,28000,0.0,0.0
2023-05-02 00:00:00+08:00,102.6023693259703,102.6023693259703,101.66536138692034,102.13386535644531,20000,0.0,0.0
2023-05-03 00:00:00+08:00,102.1338634578863,102.1338634578863,101.19685553625432,101.66535949707031,26000,0.0,0.0
2023-05-04 00:00:00+08:00,102.13385964310876,102.60236358642578,101.66535569979175,102.60236358642578,18000,0.0,0.0
2023-05-05 00:00:00+08:00,102.6023693259703,102.6023693259703,101.19685741739536,102.13386535644531,45000,0.0,0.0
2023-05-08 00:00:00+08:00,102.6023674187023,102.6023674187023,101.66535949707031,101.66535949707031,19000,0.0,0.0
2023-05-09 00:00:00+08:00,101.19684978734668,101.19684978734668,98.85433011634328,100.25984191894531,156000,0.0,0.0
2023-05-10 00:00:00+08:00,100.25984191894531,100.25984191894531,99.32283405054396,100.25984191894531,35000,0.0,0.0
2023-05-11 00:00:00+08:00,100.2598476499459,100.72835161092696,99.32283972798379,99.79134368896484,21000,0.0,0.0
2023-05-12 00:00:00+08:00,99.79134368896484,99.79134368896484,98.85433576700274,99.79134368896484,46000,0.0,0.0
2023-05-15 00:00:00+08:00,99.79133989201036,101.19685172147528,99.79133989201036,100.72834777832031,33000,0.0,0.0
2023-05-16 00:00:00+08:00,99.79133989201036,101.66535566463027,99.32283594885537,100.72834777832031,19000,0.0,0.0
2023-05-17 00:00:00+08:00,100.72834968566895,102.13386154174805,100.72834968566895,101.19685363769531,33000,0.0,0.0
2023-05-18 00:00:00+08:00,102.1338634578863,102.1338634578863,101.19685553625432,101.66535949707031,25000,0.0,0.0
2023-05-19 00:00:00+08:00,101.66535949707031,101.66535949707031,101.19685553625432,101.66535949707031,15000,0.0,0.0
2023-05-22 00:00:00+08:00,101.19685741739536,102.6023693259703,101.19685741739536,102.13386535644531,31000,0.0,0.0
2023-05-23 00:00:00+08:00,102.13386535644531,102.6023693259703,101.66536138692034,102.13386535644531,27000,0.0,0.0
2023-05-24 00:00:00+08:00,102.6023693259703,102.6023693259703,102.13386535644531,102.13386535644531,20000,0.0,0.0
2023-05-25 00:00:00+08:00,102.13386154174805,104.00787734985352,102.13386154174805,103.07086944580078,42000,0.0,0.0
2023-05-26 00:00:00+08:00,103.07087329549528,103.07087329549528,102.13386535644531,102.13386535644531,30000,0.0,0.0
2023-05-29 00:00:00+08:00,103.07087329549528,103.07087329549528,102.13386535644531,102.13386535644531,19000,0.0,0.0
2023-05-30 00:00:00+08:00,102.13386154174805,102.13386154174805,101.19685363769531,101.19685363769531,26000,0.0,0.0
2023-05-31 00:00:00+08:00,101.66535758972168,101.66535758972168,101.19685363769531,101.19685363769531,16000,0.0,0.0
2023-06-01 00:00:00+08:00,101.19685553625432,101.66535949707031,101.19685553625432,101.66535949707031,14000,0.0,0.0
2023-06-02 00:00:00+08:00,101.19685553625432,101.66535949707031,100.72835157543832,101.66535949707031,27000,0.0,0.0
2023-06-05 00:00:00+08:00,101.66535758972168,101.66535758972168,101.19685363769531,101.19685363769531,33000,0.0,0.0
2023-06-06 00:00:00+08:00,101.66535758972168,102.13386154174805,100.72834968566895,101.19685363769531,25000,0.0,0.0
2023-06-07 00:00:00+08:00,101.19685741739536,102.13386535644531,101.19685741739536,102.13386535644531,29000,0.0,0.0
2023-06-08 00:00:00+08:00,102.1338634578863,103.07087137951828,101.66535949707031,101.66535949707031,34000,0.0,0.0
2023-06-09 00:00:00+08:00,101.66535566463027,101.66535566463027,100.72834777832031,100.72834777832031,54000,0.0,0.0
2023-06-12 00:00:00+08:00,100.72835157543832,101.66535949707031,100.25984761462233,101.66535949707031,79000,0.0,0.0
2023-06-13 00:00:00+08:00,100.72834968566895,101.66535758972168,100.72834968566895,101.19685363769531,46000,0.0,0.0
2023-06-14 00:00:00+08:00,101.19685172147528,101.19685172147528,100.25984383516533,100.72834777832031,41000,0.0,0.0
2023-06-15 00:00:00+08:00,101.19685741739536,102.6023693259703,101.19685741739536,102.13386535644531,67000,0.0,0.0
2023-06-16 00:00:00+08:00,102.13385964310876,102.60236358642578,101.19685175647474,102.60236358642578,39000,0.0,0.0
2023-06-19 00:00:00+08:00,102.13386154174805,102.13386154174805,101.19685363769531,101.19685363769531,33000,0.0,0.0
2023-06-20 00:00:00+08:00,101.19685363769531,101.66535758972168,101.19685363769531,101.19685363769531,6000,0.0,0.0
2023-06-21 00:00:00+08:00,101.19685363769531,101.66535758972168,101.19685363769531,101.19685363769531,13000,0.0,0.0
2023-06-26 00:00:00+08:00,100.72834968566895,101.66535758972168,100.72834968566895,101.19685363769531,13000,0.0,0.0
2023-06-27 00:00:00+08:00,101.19685172147528,101.19685172147528,100.72834777832031,100.72834777832031,14000,0.0,0.0
2023-06-28 00:00:00+08:00,101.19685363769531,101.66535758972168,101.19685363769531,101.19685363769531,14000,0.0,0.0
2023-06-29 00:00:00+08:00,102.1338634578863,102.1338634578863,101.66535949707031,101.66535949707031,14000,0.0,0.0
2023-06-30 00:00:00+08:00,101.19685741739536,102.13386535644531,100.72835344787039,102.13386535644531,34000,0.0,0.0
2023-07-03 00:00:00+08:00,102.13386154174805,102.13386154174805,101.19685363769531,101.19685363769531,43000,0.0,0.0
2023-07-04 00:00:00+08:00,101.19685172147528,101.19685172147528,100.72834777832031,100.72834777832031,23000,0.0,0.0
2023-07-05 00:00:00+08:00,100.72834777832031,101.19685172147528,100.25984383516533,100.72834777832031,17000,0.0,0.0
2023-07-06 00:00:00+08:00,101.19685172147528,101.19685172147528,100.72834777832031,100.72834777832031,14000,0.0,0.0
2023-07-07 00:00:00+08:00,101.19685172147528,101.66535566463027,100.72834777832031,100.72834777832031,19000,0.0,0.0
2023-07-10 00:00:00+08:00,101.19685553625432,102.1338634578863,101.19685553625432,101.66535949707031,43000,0.0,0.0
2023-07-11 00:00:00+08:00,102.1338634578863,102.1338634578863,101.66535949707031,101.66535949707031,21000,0.0,0.0
2023-07-12 00:00:00+08:00,101.19685363769531,101.19685363769531,101.19685363769531,101.19685363769531,21000,0.0,0.0
2023-07-13 00:00:00+08:00,101.19685363769531,101.66535758972168,101.19685363769531,101.19685363769531,10000,0.0,0.0
2023-07-14 00:00:00+08:00,101.19685553625432,101.66535949707031,101.19685553625432,101.66535949707031,24000,0.0,0.0
2023-07-17 00:00:00+08:00,101.19685363769531,101.66535758972168,101.19685363769531,101.19685363769531,20000,0.0,0.0
2023-07-18 00:00:00+08:00,101.19685363769531,101.66535758972168,101.19685363769531,101.19685363769531,36000,0.0,0.0
2023-07-19 00:00:00+08:00,101.66535758972168,101.66535758972168,101.19685363769531,101.19685363769531,16000,0.0,0.0
2023-07-20 00:00:00+08:00,101.66535758972168,101.66535758972168,101.19685363769531,101.19685363769531,30000,0.0,0.0
2023-07-21 00:00:00+08:00,102.13386535644531,102.6023693259703,102.13386535644531,102.13386535644531,33000,0.0,0.0
2023-07-24 00:00:00+08:00,102.60236549377441,103.53937339782715,102.60236549377441,103.07086944580078,58000,0.0,0.0
2023-07-25 00:00:00+08:00,103.53937530517578,104.47638322648959,103.53937530517578,103.53937530517578,52000,0.0,0.0
2023-07-26 00:00:00+08:00,103.5393696003132,104.47637746999929,103.5393696003132,104.00787353515625,48000,0.0,0.0
2023-07-27 00:00:00+08:00,104.94488525390625,105.41338920593262,104.94488525390625,104.94488525390625,30000,0.0,0.0
2023-07-28 00:00:00+08:00,105.88188940960427,108.22440908680791,105.41338547416355,107.75590515136719,78000,0.0,0.0
2023-07-31 00:00:00+08:00,105.88189122495096,106.35039516842419,103.07086756411155,104.47637939453125,72000,0.0,0.0
2023-08-01 00:00:00+08:00,105.88188927452843,105.88188927452843,104.00787353515625,104.00787353515625,30000,0.0,0.0
2023-08-02 00:00:00+08:00,104.47637746999929,104.47637746999929,104.00787353515625,104.00787353515625,26000,0.0,0.0
2023-08-04 00:00:00+08:00,103.53937150758479,104.47637939453125,101.66535573369185,104.47637939453125,25000,0.0,0.0
2023-08-07 00:00:00+08:00,104.47637746999929,104.47637746999929,103.07086566547015,104.00787353515625,19000,0.0,0.0
2023-08-08 00:00:00+08:00,104.94488525390625,105.88189315795898,104.94488525390625,104.94488525390625,9000,0.0,0.0
2023-08-09 00:00:00+08:00,104.94488333800449,104.94488333800449,104.00787545105801,104.47637939453125,10000,0.0,0.0
2023-08-10 00:00:00+08:00,106.81890299479166,106.81890299479166,104.94488715277777,105.41339111328125,42000,0.0,0.0
2023-08-11 00:00:00+08:00,106.35039516842419,106.35039516842419,104.00787545105801,104.47637939453125,28000,0.0,0.0
2023-08-14 00:00:00+08:00,104.94488333800449,105.88189122495096,103.53937150758479,104.47637939453125,29000,0.0,0.0
2023-08-15 00:00:00+08:00,104.47638130187988,105.88189315795898,104.47638130187988,104.94488525390625,20000,0.0,0.0
2023-08-16 00:00:00+08:00,105.88189507378472,105.88189507378472,105.41339111328125,105.41339111328125,23000,0.0,0.0
2023-08-17 00:00:00+08:00,104.94488718714649,104.94488718714649,103.07087134451888,103.53937530517578,112000,0.0,0.0
2023-08-18 00:00:00+08:00,104.00787734985352,104.47638130187988,103.07086944580078,103.07086944580078,26000,0.0,0.0
2023-08-21 00:00:00+08:00,103.07086944580078,103.53937339782715,102.60236549377441,103.07086944580078,31000,0.0,0.0
2023-08-22 00:00:00+08:00,103.53937339782715,103.53937339782715,102.60236549377441,103.07086944580078,13000,0.0,0.0
2023-08-23 00:00:00+08:00,102.60236173062711,104.00787353515625,102.60236173062711,104.00787353515625,15000,0.0,0.0
2023-08-24 00:00:00+08:00,104.00787926583268,104.47638322648959,103.07087134451888,103.53937530517578,13000,0.0,0.0
2023-08-25 00:00:00+08:00,104.00787926583268,104.00787926583268,103.53937530517578,103.53937530517578,4000,0.0,0.0
2023-08-28 00:00:00+08:00,104.00787926583268,104.47638322648959,103.53937530517578,103.53937530517578,9000,0.0,0.0
2023-08-29 00:00:00+08:00,104.00787353515625,104.94488140484233,104.00787353515625,104.00787353515625,21000,0.0,0.0
2023-08-30 00:00:00+08:00,104.00787545105801,104.47637939453125,104.00787545105801,104.47637939453125,12000,0.0,0.0
2023-08-31 00:00:00+08:00,104.47637939453125,105.41338728147772,104.47637939453125,104.47637939453125,19000,0.0,0.0
2023-09-01 00:00:00+08:00,104.94488333800449,104.94488333800449,104.47637939453125,104.47637939453125,21000,0.0,0.0
2023-09-04 00:00:00+08:00,104.00787545105801,104.94488333800449,104.00787545105801,104.47637939453125,19000,0.0,0.0
2023-09-05 00:00:00+08:00,104.94488140484233,104.94488140484233,104.00787353515625,104.00787353515625,24000,0.0,0.0
2023-09-06 00:00:00+08:00,104.00787734985352,105.41338920593262,104.00787734985352,104.94488525390625,17000,0.0,0.0
2023-09-07 00:00:00+08:00,105.41339111328125,105.41339111328125,104.94488715277777,105.41339111328125,7000,0.0,0.0
2023-09-08 00:00:00+08:00,105.41338731538882,106.35039520263672,105.41338731538882,106.35039520263672,39000,0.0,0.0
2023-09-11 00:00:00+08:00,105.88189125901278,106.81889914626068,105.88189125901278,106.35039520263672,41000,0.0,0.0
2023-09-12 00:00:00+08:00,105.88189125901278,107.28740308988462,105.88189125901278,106.35039520263672,28000,0.0,0.0
2023-09-13 00:00:00+08:00,106.35039710998535,106.81890106201172,106.35039710998535,106.81890106201172,16000,0.0,0.0
2023-09-14 00:00:00+08:00,106.81890296103133,107.28740692138672,106.35039900067592,107.28740692138672,17000,0.0,0.0
2023-09-15 00:00:00+08:00,107.28740501403809,107.28740501403809,106.81890106201172,106.81890106201172,12000,0.0,0.0
2023-09-18 00:00:00+08:00,106.81889728048573,107.75590515136719,106.350393345045,107.75590515136719,31000,0.0,0.0
2023-09-19 00:00:00+08:00,106.81890106201172,107.75590896606445,106.81890106201172,106.81890106201172,13000,0.0,0.0
2023-09-20 00:00:00+08:00,106.81890106201172,107.28740501403809,106.81890106201172,106.81890106201172,11000,0.0,0.0
2023-09-21 00:00:00+08:00,107.75590896606445,107.75590896606445,106.81890106201172,106.81890106201172,16000,0.0,0.0
2023-09-22 00:00:00+08:00,106.81890106201172,107.28740501403809,106.35039710998535,106.81890106201172,12000,0.0,0.0
2023-09-25 00:00:00+08:00,106.81890106201172,107.28740501403809,106.35039710998535,106.81890106201172,18000,0.0,0.0
2023-09-26 00:00:00+08:00,106.81890491046737,106.81890491046737,105.88189697265625,105.88189697265625,15000,0.0,0.0
2023-09-27 00:00:00+08:00,106.35039520263672,106.81889914626068,106.35039520263672,106.35039520263672,11000,0.0,0.0
2023-09-28 00:00:00+08:00,106.35039710998535,107.28740501403809,106.35039710998535,106.81890106201172,18000,0.0,0.0
2023-10-02 00:00:00+08:00,106.81889728048573,107.75590515136719,106.81889728048573,107.75590515136719,21000,0.0,0.0
2023-10-03 00:00:00+08:00,108.22441291809082,109.16142082214355,107.75590896606445,108.69291687011719,26000,0.0,0.0
2023-10-04 00:00:00+08:00,109.62992477416992,109.62992477416992,108.69291687011719,108.69291687011719,16000,0.0,0.0
2023-10-05 00:00:00+08:00,108.69291876927977,109.16142272949219,108.69291876927977,109.16142272949219,12000,0.0,0.0
2023-10-06 00:00:00+08:00,109.6299266897046,109.6299266897046,108.69291876927977,109.16142272949219,7000,0.0,0.0
2023-10-11 00:00:00+08:00,109.16142272949219,109.6299266897046,109.16142272949219,109.16142272949219,17000,0.0,0.0
2023-10-12 00:00:00+08:00,108.6929206522102,109.62992858886719,108.6929206522102,109.62992858886719,18000,0.0,0.0
2023-10-13 00:00:00+08:00,108.6929206522102,109.62992858886719,108.6929206522102,109.62992858886719,9000,0.0,0.0
2023-10-16 00:00:00+08:00,109.6299266897046,109.6299266897046,108.69291876927977,109.16142272949219,11000,0.0,0.0
2023-10-17 00:00:00+08:00,110.0984325571957,110.56693652552418,109.62992858886719,109.62992858886719,11000,0.0,0.0
2023-10-18 00:00:00+08:00,109.62992858886719,109.62992858886719,109.1614246205387,109.62992858886719,9000,0.0,0.0
2023-10-19 00:00:00+08:00,109.1614246205387,109.62992858886719,108.6929206522102,109.62992858886719,21000,0.0,0.0
2023-10-20 00:00:00+08:00,109.62992858886719,109.62992858886719,108.6929206522102,109.62992858886719,13000,0.0,0.0
2023-10-23 00:00:00+08:00,108.6929206522102,109.62992858886719,108.6929206522102,109.62992858886719,15000,0.0,0.0
2023-10-24 00:00:00+08:00,109.62992477416992,109.62992477416992,108.69291687011719,108.69291687011719,25000,0.0,0.0
2023-10-25 00:00:00+08:00,109.6299266897046,109.6299266897046,108.22441480906735,109.16142272949219,16000,0.0,0.0
2023-10-26 00:00:00+08:00,109.6299266897046,109.6299266897046,108.69291876927977,109.16142272949219,22000,0.0,0.0
2023-10-27 00:00:00+08:00,108.69291876927977,109.16142272949219,108.69291876927977,109.16142272949219,8000,0.0,0.0
2023-10-30 00:00:00+08:00,109.16141695768937,109.16141695768937,107.28740121592645,107.75590515136719,30000,0.0,0.0
2023-10-31 00:00:00+08:00,107.75590515136719,107.75590515136719,106.81889728048573,107.75590515136719,28000,0.0,0.0
2023-11-01 00:00:00+08:00,106.81890106201172,107.28740501403809,106.81890106201172,106.81890106201172,22000,0.0,0.0
2023-11-02 00:00:00+08:00,106.81889728048573,107.75590515136719,106.81889728048573,107.75590515136719,21000,0.0,0.0
2023-11-03 00:00:00+08:00,107.75590515136719,107.75590515136719,107.75590515136719,107.75590515136719,14000,0.0,0.0
2023-11-06 00:00:00+08:00,107.75590706697274,108.69291495451164,107.75590706697274,108.22441101074219,21000,0.0,0.0
2023-11-07 00:00:00+08:00,108.22441101074219,108.69291495451164,108.22441101074219,108.22441101074219,15000,0.0,0.0
2023-11-08 00:00:00+08:00,108.69291495451164,108.69291495451164,108.22441101074219,108.22441101074219,15000,0.0,0.0
2023-11-09 00:00:00+08:00,107.75590515136719,108.22440908680791,106.350393345045,107.75590515136719,52000,0.0,0.0
2023-11-10 00:00:00+08:00,107.28740308988462,107.28740308988462,106.35039520263672,106.35039520263672,41000,0.0,0.0
2023-11-13 00:00:00+08:00,106.35039903428819,106.35039903428819,104.94488715277777,105.41339111328125,67000,0.0,0.0
2023-11-14 00:00:00+08:00,105.41339111328125,106.81890299479166,104.94488715277777,105.41339111328125,50000,0.0,0.0
2023-11-15 00:00:00+08:00,105.41338731538882,106.35039520263672,105.41338731538882,106.35039520263672,28000,0.0,0.0
2023-11-16 00:00:00+08:00,106.35039710998535,106.81890106201172,105.88189315795898,106.81890106201172,13000,0.0,0.0
2023-11-17 00:00:00+08:00,105.88189315795898,106.81890106201172,105.88189315795898,106.81890106201172,16000,0.0,0.0
2023-11-20 00:00:00+08:00,105.88189315795898,106.81890106201172,105.88189315795898,106.81890106201172,21000,0.0,0.0
2023-11-21 00:00:00+08:00,106.35039520263672,106.81889914626068,105.88189125901278,106.35039520263672,34000,0.0,0.0
2023-11-22 00:00:00+08:00,106.35039520263672,106.35039520263672,106.35039520263672,106.35039520263672,10000,0.0,0.0
2023-11-23 00:00:00+08:00,105.88189697265625,106.81890491046737,105.88189697265625,105.88189697265625,10000,0.0,0.0
2023-11-24 00:00:00+08:00,105.88189507378472,105.88189507378472,104.94488715277777,105.41339111328125,50000,0.0,0.0
2023-11-27 00:00:00+08:00,104.94488903484513,106.3504009415618,104.94488903484513,105.88189697265625,27000,0.0,0.0
2023-11-28 00:00:00+08:00,106.81890106201172,106.81890106201172,106.35039710998535,106.81890106201172,9000,0.0,0.0
2023-11-29 00:00:00+08:00,106.35039710998535,107.28740501403809,106.35039710998535,106.81890106201172,12000,0.0,0.0
2023-11-30 00:00:00+08:00,106.35039520263672,106.81889914626068,105.88189125901278,106.35039520263672,21000,0.0,0.0
2023-12-01 00:00:00+08:00,106.3504009415618,106.3504009415618,105.88189697265625,105.88189697265625,50000,0.0,0.0
2023-12-04 00:00:00+08:00,105.88189125901278,106.35039520263672,105.88189125901278,106.35039520263672,27000,0.0,0.0
2023-12-05 00:00:00+08:00,106.35039710998535,106.81890106201172,105.88189315795898,106.81890106201172,15000,0.0,0.0
2023-12-06 00:00:00+08:00,106.35039520263672,106.81889914626068,106.35039520263672,106.35039520263672,23000,0.0,0.0
2023-12-07 00:00:00+08:00,106.35039900067592,107.28740692138672,106.35039900067592,107.28740692138672,33000,0.0,0.0
2023-12-08 00:00:00+08:00,106.81890296103133,107.28740692138672,106.81890296103133,107.28740692138672,30000,0.0,0.0
2023-12-11 00:00:00+08:00,106.81889914626068,106.81889914626068,105.88189125901278,106.35039520263672,58000,0.0,0.0
2023-12-12 00:00:00+08:00,105.88189697265625,106.81890491046737,105.88189697265625,105.88189697265625,30000,0.0,0.0
2023-12-13 00:00:00+08:00,105.88189697265625,106.3504009415618,105.88189697265625,105.88189697265625,22000,0.0,0.0
2023-12-14 00:00:00+08:00,106.35039520263672,106.35039520263672,105.88189125901278,106.35039520263672,21000,0.0,0.0
2023-12-15 00:00:00+08:00,106.35039520263672,106.35039520263672,106.35039520263672,106.35039520263672,21000,0.0,0.0
2023-12-18 00:00:00+08:00,106.81890106201172,107.28740501403809,106.81890106201172,106.81890106201172,56000,0.0,0.0
2023-12-19 00:00:00+08:00,106.81890106201172,107.28740501403809,106.81890106201172,106.81890106201172,23000,0.0,0.0
2023-12-20 00:00:00+08:00,107.28740692138672,107.28740692138672,106.81890296103133,107.28740692138672,38000,0.0,0.0
2023-12-21 00:00:00+08:00,107.28740501403809,107.28740501403809,106.81890106201172,106.81890106201172,24000,0.0,0.0
2023-12-22 00:00:00+08:00,107.75590896606445,108.22441291809082,106.81890106201172,106.81890106201172,36000,0.0,0.0
2023-12-25 00:00:00+08:00,106.81890296103133,108.69291880245292,106.81890296103133,107.28740692138672,10000,0.0,0.0
2023-12-26 00:00:00+08:00,107.75591088174212,107.75591088174212,106.81890296103133,107.28740692138672,24000,0.0,0.0
2023-12-27 00:00:00+08:00,107.75590515136719,108.22440908680791,107.28740121592645,107.75590515136719,39000,0.0,0.0
2023-12-28 00:00:00+08:00,108.22440908680791,108.22440908680791,107.28740121592645,107.75590515136719,26000,0.0,0.0
2023-12-29 00:00:00+08:00,108.22440908680791,108.22440908680791,107.75590515136719,107.75590515136719,50000,0.0,0.0
2024-01-02 00:00:00+08:00,107.75590706697274,108.69291495451164,107.28740312320329,108.22441101074219,19000,0.0,0.0
2024-01-03 00:00:00+08:00,107.28740501403809,107.28740501403809,106.81890106201172,106.81890106201172,46000,0.0,0.0
2024-01-04 00:00:00+08:00,106.81890296103133,107.28740692138672,106.81890296103133,107.28740692138672,15000,0.0,0.0
2024-01-05 00:00:00+08:00,107.28740692138672,107.28740692138672,106.81890296103133,107.28740692138672,9000,0.0,0.0
2024-01-08 00:00:00+08:00,106.81890106201172,107.28740501403809,106.81890106201172,106.81890106201172,27000,0.0,0.0
2024-01-09 00:00:00+08:00,106.35039903428819,106.35039903428819,104.4763831922743,105.41339111328125,130000,0.0,0.0
2024-01-10 00:00:00+08:00,104.47637746999929,104.47637746999929,103.5393696003132,104.00787353515625,74000,0.0,0.0
2024-01-11 00:00:00+08:00,104.00787545105801,104.94488333800449,104.00787545105801,104.47637939453125,30000,0.0,0.0
2024-01-12 00:00:00+08:00,104.47638130187988,104.94488525390625,104.47638130187988,104.94488525390625,18000,0.0,0.0
2024-01-15 00:00:00+08:00,104.94488715277777,105.41339111328125,104.4763831922743,105.41339111328125,21132,0.0,0.0
2024-01-16 00:00:00+08:00,105.41339111328125,105.41339111328125,104.94488715277777,105.41339111328125,7000,0.0,0.0
2024-01-17 00:00:00+08:00,104.94488525390625,104.94488525390625,104.00787734985352,104.94488525390625,27000,0.0,0.0
2024-01-18 00:00:00+08:00,104.47637746999929,104.47637746999929,103.5393696003132,104.00787353515625,28000,0.0,0.0
2024-01-19 00:00:00+08:00,104.47638130187988,104.94488525390625,104.00787734985352,104.94488525390625,14000,0.0,0.0
2024-01-22 00:00:00+08:00,104.94488333800449,104.94488333800449,104.00787545105801,104.47637939453125,50000,0.0,0.0
2024-01-23 00:00:00+08:00,104.00787353515625,104.00787353515625,104.00787353515625,104.00787353515625,24000,0.0,0.0
2024-01-24 00:00:00+08:00,103.53937530517578,103.53937530517578,103.07087134451888,103.53937530517578,57000,0.0,0.0
2024-01-25 00:00:00+08:00,104.00787926583268,104.00787926583268,103.07087134451888,103.53937530517578,43000,0.0,0.0
2024-01-26 00:00:00+08:00,103.53937530517578,103.53937530517578,103.07087134451888,103.53937530517578,13000,0.0,0.0
2024-01-29 00:00:00+08:00,103.53937339782715,103.53937339782715,103.07086944580078,103.07086944580078,25000,0.0,0.0
2024-01-30 00:00:00+08:00,103.07086944580078,103.53937339782715,103.07086944580078,103.07086944580078,46000,0.0,0.0
2024-01-31 00:00:00+08:00,103.53937150758479,104.47637939453125,103.53937150758479,104.47637939453125,26000,0.0,0.0
2024-02-01 00:00:00+08:00,104.47638130187988,105.41338920593262,104.47638130187988,104.94488525390625,45000,0.0,0.0
2024-02-02 00:00:00+08:00,105.41338920593262,105.88189315795898,104.47638130187988,104.94488525390625,42000,0.0,0.0
2024-02-05 00:00:00+08:00,104.94488715277777,105.88189507378472,104.94488715277777,105.41339111328125,33000,0.0,0.0
2024-02-15 00:00:00+08:00,105.88189315795898,105.88189315795898,104.00787734985352,104.94488525390625,53000,0.0,0.0
2024-02-16 00:00:00+08:00,104.94488333800449,104.94488333800449,104.00787545105801,104.47637939453125,49000,0.0,0.0
2024-02-19 00:00:00+08:00,106.3504009415618,106.3504009415618,104.94488903484513,105.88189697265625,37000,0.0,0.0
2024-02-20 00:00:00+08:00,105.88189507378472,105.88189507378472,105.41339111328125,105.41339111328125,23000,0.0,0.0
2024-02-21 00:00:00+08:00,104.94488715277777,105.41339111328125,104.94488715277777,105.41339111328125,27000,0.0,0.0
2024-02-22 00:00:00+08:00,105.41338920593262,105.41338920593262,104.94488525390625,104.94488525390625,37000,0.0,0.0
2024-02-23 00:00:00+08:00,105.41339111328125,105.88189507378472,105.41339111328125,105.41339111328125,35000,0.0,0.0
2024-02-26 00:00:00+08:00,105.41338920593262,105.41338920593262,104.94488525390625,104.94488525390625,29000,0.0,0.0
2024-02-27 00:00:00+08:00,105.41339111328125,105.41339111328125,104.4763831922743,105.41339111328125,28000,0.0,0.0
2024-02-29 00:00:00+08:00,104.94488715277777,105.41339111328125,104.94488715277777,105.41339111328125,29000,0.0,0.0
2024-03-01 00:00:00+08:00,104.94488715277777,105.88189507378472,104.94488715277777,105.41339111328125,39000,0.0,0.0
2024-03-04 00:00:00+08:00,105.41339111328125,105.88189507378472,105.41339111328125,105.41339111328125,39000,0.0,0.0
2024-03-05 00:00:00+08:00,105.88189125901278,106.35039520263672,105.88189125901278,106.35039520263672,55000,0.0,0.0
2024-03-06 00:00:00+08:00,106.35039520263672,106.81889914626068,106.35039520263672,106.35039520263672,57000,0.0,0.0
2024-03-07 00:00:00+08:00,107.28740501403809,107.75590896606445,106.35039710998535,106.81890106201172,53000,0.0,0.0
2024-03-08 00:00:00+08:00,106.81889914626068,106.81889914626068,105.88189125901278,106.35039520263672,51000,0.0,0.0
2024-03-11 00:00:00+08:00,107.28740692138672,107.75591088174212,106.81890296103133,107.28740692138672,95000,0.0,0.0
2024-03-12 00:00:00+08:00,108.6929206522102,110.0984325571957,108.6929206522102,109.62992858886719,185000,0.0,0.0
2024-03-13 00:00:00+08:00,109.6299266897046,109.6299266897046,109.16142272949219,109.16142272949219,56000,0.0,0.0
2024-03-14 00:00:00+08:00,110.56692889558167,112.44094463957458,110.56692889558167,111.50393676757812,271000,0.0,0.0
2024-03-15 00:00:00+08:00,112.9094505467042,114.3149623792358,111.97244265834982,113.8464584350586,286000,0.0,0.0
2024-03-18 00:00:00+08:00,113.8464584350586,113.8464584350586,113.8464584350586,113.8464584350586,0,0.0,0.0
2024-03-19 00:00:00+08:00,116.188976256828,116.188976256828,112.90944870119174,115.25196838378906,258000,0.0,0.0
2024-03-20 00:00:00+08:00,115.25196838378906,115.25196838378906,115.25196838378906,115.25196838378906,0,0.0,0.0
2024-03-21 00:00:00+08:00,114.3149623792358,114.783466323413,113.8464584350586,113.8464584350586,140000,0.0,0.0
2024-03-22 00:00:00+08:00,116.18898203324298,116.18898203324298,114.31496619399712,114.7834701538086,157000,0.0,0.0
2024-03-25 00:00:00+08:00,115.25197219848633,116.18898010253906,114.78346824645996,116.18898010253906,169000,0.0,0.0
2024-03-26 00:00:00+08:00,116.18898010253906,116.18898010253906,116.18898010253906,116.18898010253906,0,0.0,0.0
2024-03-27 00:00:00+08:00,114.3149642944336,114.78346824645996,113.37795639038086,114.3149642944336,158000,0.0,0.0
2024-03-28 00:00:00+08:00,114.7834701538086,114.7834701538086,114.31496619399712,114.7834701538086,89000,0.0,0.0
2024-03-29 00:00:00+08:00,114.78346824645996,114.78346824645996,113.84646034240723,114.3149642944336,66000,0.0,0.0
2024-04-01 00:00:00+08:00,114.7834644472696,115.25196838378906,114.31496051075013,115.25196838378906,117000,0.0,0.0
2024-04-02 00:00:00+08:00,115.25197029885975,115.72047424316406,114.31496241025113,115.72047424316406,100000,0.0,0.0
2024-04-03 00:00:00+08:00,115.72047424316406,115.72047424316406,114.78346635455544,115.72047424316406,77000,0.0,0.0
2024-04-08 00:00:00+08:00,115.72047424316406,116.18897818746836,115.25197029885975,115.72047424316406,161000,0.0,0.0
2024-04-09 00:00:00+08:00,115.7204761505127,116.18898010253906,115.25197219848633,116.18898010253906,240000,0.0,0.0
2024-04-10 00:00:00+08:00,116.65748031496064,120.40551181102362,115.72047244094489,119.0,1162000,0.0,0.0
2024-04-11 00:00:00+08:00,119.5,120.0,118.0,119.5,383000,8.0,0.0
2024-04-12 00:00:00+08:00,119.5,119.5,117.0,118.0,168000,0.0,0.0
2024-04-15 00:00:00+08:00,118.0,118.0,116.0,117.0,208000,0.0,0.0
2024-04-16 00:00:00+08:00,116.5,116.5,113.0,114.0,336000,0.0,0.0
2024-04-17 00:00:00+08:00,114.0,117.5,114.0,117.0,126000,0.0,0.0
2024-04-18 00:00:00+08:00,117.0,117.0,116.0,117.0,63000,0.0,0.0
2024-04-19 00:00:00+08:00,116.5,117.0,115.0,116.0,69000,0.0,0.0
2024-04-22 00:00:00+08:00,116.0,117.0,115.0,116.0,65000,0.0,0.0
2024-04-23 00:00:00+08:00,117.0,118.0,116.5,117.5,65000,0.0,0.0
2024-04-24 00:00:00+08:00,119.0,119.0,117.0,118.0,72000,0.0,0.0
2024-04-25 00:00:00+08:00,117.5,118.0,117.0,117.5,42000,0.0,0.0
2024-04-26 00:00:00+08:00,117.5,118.0,117.0,117.0,55000,0.0,0.0
2024-04-29 00:00:00+08:00,118.5,118.5,117.5,117.5,41000,0.0,0.0
2024-04-30 00:00:00+08:00,117.5,118.0,117.0,118.0,41000,0.0,0.0
2024-05-02 00:00:00+08:00,118.0,118.5,117.5,118.0,49000,0.0,0.0
2024-05-03 00:00:00+08:00,118.5,119.0,118.0,118.5,90000,0.0,0.0
2024-05-06 00:00:00+08:00,118.5,119.0,118.0,119.0,68000,0.0,0.0
2024-05-07 00:00:00+08:00,120.0,120.0,119.0,119.5,69000,0.0,0.0
2024-05-08 00:00:00+08:00,119.5,119.5,118.0,118.0,78000,0.0,0.0
2024-05-09 00:00:00+08:00,118.0,119.0,118.0,118.5,42000,0.0,0.0
2024-05-10 00:00:00+08:00,118.5,119.0,118.0,118.5,53000,0.0,0.0
2024-05-13 00:00:00+08:00,107.0,107.0,107.0,107.0,474000,0.0,0.0
2024-05-14 00:00:00+08:00,98.0,103.0,96.5999984741211,102.0,1074000,0.0,0.0
2024-05-15 00:00:00+08:00,103.0,104.5,102.0,104.0,273000,0.0,0.0
2024-05-16 00:00:00+08:00,104.5,107.0,104.5,107.0,167000,0.0,0.0
2024-05-17 00:00:00+08:00,107.5,107.5,104.0,105.5,151000,0.0,0.0
2024-05-20 00:00:00+08:00,105.0,105.0,103.0,103.5,162000,0.0,0.0
2024-05-21 00:00:00+08:00,103.0,103.0,102.0,102.0,101000,0.0,0.0
2024-05-22 00:00:00+08:00,102.0,104.0,102.0,103.0,128000,0.0,0.0
2024-05-23 00:00:00+08:00,103.5,103.5,102.5,102.5,55000,0.0,0.0
2024-05-24 00:00:00+08:00,102.0,103.0,102.0,103.0,42000,0.0,0.0
2024-05-27 00:00:00+08:00,102.5,103.0,102.5,102.5,52000,0.0,0.0
2024-05-28 00:00:00+08:00,102.5,103.0,102.5,102.5,63000,0.0,0.0
2024-05-29 00:00:00+08:00,103.0,103.0,102.5,102.5,72000,0.0,0.0
2024-05-30 00:00:00+08:00,103.5,103.5,102.0,102.5,52000,0.0,0.0
2024-05-31 00:00:00+08:00,102.5,102.5,102.0,102.5,33000,0.0,0.0
2024-06-03 00:00:00+08:00,102.5,103.0,102.0,102.5,45000,0.0,0.0
2024-06-04 00:00:00+08:00,102.0,103.0,102.0,103.0,26000,0.0,0.0
2024-06-05 00:00:00+08:00,103.0,103.5,102.5,102.5,60000,0.0,0.0
2024-06-06 00:00:00+08:00,102.5,102.5,102.0,102.5,26000,0.0,0.0
2024-06-07 00:00:00+08:00,102.5,103.0,102.5,102.5,36000,0.0,0.0
2024-06-11 00:00:00+08:00,102.5,102.5,101.5,101.5,129000,0.0,0.0
2024-06-12 00:00:00+08:00,101.0,101.0,100.0,101.0,194000,0.0,0.0
2024-06-13 00:00:00+08:00,100.5,101.0,100.0,100.5,124000,0.0,0.0
2024-06-14 00:00:00+08:00,100.5,101.0,100.5,100.5,67000,0.0,0.0
2024-06-17 00:00:00+08:00,100.5,101.0,100.5,101.0,112000,0.0,0.0
2024-06-18 00:00:00+08:00,101.0,101.0,100.5,101.0,20000,0.0,0.0
2024-06-19 00:00:00+08:00,100.5,101.0,100.5,101.0,39000,0.0,0.0
2024-06-20 00:00:00+08:00,101.0,101.0,100.5,101.0,80000,0.0,0.0
2024-06-21 00:00:00+08:00,101.0,101.0,100.5,101.0,63000,0.0,0.0
2024-06-24 00:00:00+08:00,100.5,101.0,100.0,100.5,58000,0.0,0.0
2024-06-25 00:00:00+08:00,100.5,101.0,100.5,101.0,25000,0.0,0.0
2024-06-26 00:00:00+08:00,101.0,102.0,100.0,100.5,103000,0.0,0.0
2024-06-27 00:00:00+08:00,100.5,101.0,100.5,100.5,20000,0.0,0.0
2024-06-28 00:00:00+08:00,101.0,101.5,100.0,100.5,94000,0.0,0.0
2024-07-01 00:00:00+08:00,101.0,101.0,101.0,101.0,29000,0.0,0.0
2024-07-02 00:00:00+08:00,101.5,102.0,101.0,101.0,32000,0.0,0.0
2024-07-03 00:00:00+08:00,102.0,102.0,101.0,101.0,24000,0.0,0.0
2024-07-04 00:00:00+08:00,101.0,102.5,100.5,102.5,61000,0.0,0.0
2024-07-05 00:00:00+08:00,102.5,102.5,101.0,102.0,29000,0.0,0.0
2024-07-08 00:00:00+08:00,102.0,102.0,101.5,101.5,30000,0.0,0.0
2024-07-09 00:00:00+08:00,101.5,101.5,101.0,101.5,39000,0.0,0.0
2024-07-10 00:00:00+08:00,101.0,101.5,101.0,101.0,43000,0.0,0.0
2024-07-11 00:00:00+08:00,101.5,102.0,101.0,101.5,63000,0.0,0.0
2024-07-12 00:00:00+08:00,101.5,102.0,100.5,102.0,44000,0.0,0.0
2024-07-15 00:00:00+08:00,102.0,102.0,101.5,101.5,21000,0.0,0.0
2024-07-16 00:00:00+08:00,102.5,102.5,101.0,102.0,25000,0.0,0.0
2024-07-17 00:00:00+08:00,102.0,102.0,101.5,102.0,24000,0.0,0.0
2024-07-18 00:00:00+08:00,101.5,102.0,101.0,101.5,31000,0.0,0.0
2024-07-19 00:00:00+08:00,101.5,101.5,101.0,101.5,35000,0.0,0.0
2024-07-22 00:00:00+08:00,101.5,102.0,100.5,101.0,78000,0.0,0.0
2024-07-23 00:00:00+08:00,101.0,101.5,100.5,101.5,26000,0.0,0.0
2024-07-26 00:00:00+08:00,100.5,101.0,100.0,101.0,37000,0.0,0.0
2024-07-29 00:00:00+08:00,101.0,101.5,100.5,100.5,33000,0.0,0.0
2024-07-30 00:00:00+08:00,100.5,100.5,100.5,100.5,32000,0.0,0.0
2024-07-31 00:00:00+08:00,100.5,100.5,100.0,100.0,57000,0.0,0.0
2024-08-01 00:00:00+08:00,100.5,101.0,100.0,101.0,43000,0.0,0.0
2024-08-02 00:00:00+08:00,101.5,101.5,100.5,100.5,46000,0.0,0.0
2024-08-05 00:00:00+08:00,100.5,100.5,96.30000305175781,98.80000305175781,167000,0.0,0.0
2024-08-06 00:00:00+08:00,98.80000305175781,100.0,98.30000305175781,100.0,71000,0.0,0.0
2024-08-07 00:00:00+08:00,100.0,110.0,99.5,108.0,511000,0.0,0.0
2024-08-08 00:00:00+08:00,109.0,109.0,103.0,105.0,342000,0.0,0.0
2024-08-09 00:00:00+08:00,98.80000305175781,103.0,95.30000305175781,100.5,936000,0.0,0.0
2024-08-12 00:00:00+08:00,101.5,104.5,99.80000305175781,102.5,638000,0.0,0.0
2024-08-13 00:00:00+08:00,104.5,105.5,100.5,101.5,759000,0.0,0.0
2024-08-14 00:00:00+08:00,102.0,104.5,101.5,104.5,366000,0.0,0.0
2024-08-15 00:00:00+08:00,105.0,105.5,102.5,102.5,275000,0.0,0.0
2024-08-16 00:00:00+08:00,103.0,106.0,102.5,105.0,349000,0.0,0.0
2024-08-19 00:00:00+08:00,107.5,108.0,104.5,106.0,812000,0.0,0.0
2024-08-20 00:00:00+08:00,106.0,107.0,104.5,104.5,266000,0.0,0.0
2024-08-21 00:00:00+08:00,104.5,104.5,102.0,102.0,178000,0.0,0.0
2024-08-22 00:00:00+08:00,102.0,103.5,102.0,102.0,81000,0.0,0.0
2024-08-23 00:00:00+08:00,102.0,103.0,101.0,102.0,80000,0.0,0.0
2024-08-26 00:00:00+08:00,103.0,103.0,101.0,101.0,104000,0.0,0.0
2024-08-27 00:00:00+08:00,102.0,102.0,100.5,101.0,85000,0.0,0.0
2024-08-28 00:00:00+08:00,102.0,102.0,100.5,100.5,73000,0.0,0.0
2024-08-29 00:00:00+08:00,100.5,101.0,100.0,101.0,61000,0.0,0.0
2024-08-30 00:00:00+08:00,101.0,101.5,100.5,101.0,61000,0.0,0.0
2024-09-02 00:00:00+08:00,101.0,101.5,100.5,100.5,42000,0.0,0.0
2024-09-03 00:00:00+08:00,101.0,101.5,100.0,100.5,65000,0.0,0.0
2024-09-04 00:00:00+08:00,100.0,100.0,98.19999694824219,99.5,157000,0.0,0.0
2024-09-05 00:00:00+08:00,99.69999694824219,100.0,99.5999984741211,99.69999694824219,36000,0.0,0.0
2024-09-06 00:00:00+08:00,99.69999694824219,99.9000015258789,99.5,99.5,41000,0.0,0.0
2024-09-09 00:00:00+08:00,99.0,99.0999984741211,97.30000305175781,98.0999984741211,119000,0.0,0.0
2024-09-10 00:00:00+08:00,98.19999694824219,98.19999694824219,96.19999694824219,96.5,212000,0.0,0.0
2024-09-11 00:00:00+08:00,96.5,96.69999694824219,95.80000305175781,96.0999984741211,81000,0.0,0.0
2024-09-12 00:00:00+08:00,96.19999694824219,97.4000015258789,96.19999694824219,96.80000305175781,81000,0.0,0.0
2024-09-13 00:00:00+08:00,97.80000305175781,97.80000305175781,96.80000305175781,96.80000305175781,35000,0.0,0.0
2024-09-16 00:00:00+08:00,96.9000015258789,97.5,96.80000305175781,96.80000305175781,47000,0.0,0.0
2024-09-18 00:00:00+08:00,96.80000305175781,97.0,96.0999984741211,96.19999694824219,50000,0.0,0.0
2024-09-19 00:00:00+08:00,96.19999694824219,96.5,96.19999694824219,96.5,51000,0.0,0.0
2024-09-20 00:00:00+08:00,96.19999694824219,96.5,96.0999984741211,96.30000305175781,58000,0.0,0.0
2024-09-23 00:00:00+08:00,96.30000305175781,97.0,96.0999984741211,96.4000015258789,34000,0.0,0.0
2024-09-24 00:00:00+08:00,97.0,97.0,96.19999694824219,96.5,31000,0.0,0.0
2024-09-25 00:00:00+08:00,97.0,97.9000015258789,97.0,97.69999694824219,82000,0.0,0.0
2024-09-26 00:00:00+08:00,98.0,98.0,97.19999694824219,97.30000305175781,33000,0.0,0.0
2024-09-27 00:00:00+08:00,97.30000305175781,98.0,97.30000305175781,97.69999694824219,31000,0.0,0.0
