Date,Open,High,Low,Close,Volume,Dividends,Stock Splits
2000-04-04 00:00:00+09:00,110.33154669040587,111.69366455078125,110.33154669040587,111.69366455078125,2000,0.0,0.0
2000-04-05 00:00:00+09:00,110.33157703030493,110.33157703030493,105.56416320800781,105.56416320800781,8000,0.0,0.0
2000-04-06 00:00:00+09:00,105.56416320800781,105.56416320800781,105.56416320800781,105.56416320800781,1000,0.0,0.0
2000-04-07 00:00:00+09:00,105.56416320800781,105.56416320800781,105.56416320800781,105.56416320800781,0,0.0,0.0
2000-04-10 00:00:00+09:00,105.56416320800781,105.56416320800781,105.56416320800781,105.56416320800781,0,0.0,0.0
2000-04-11 00:00:00+09:00,104.88306427001953,104.88306427001953,104.20200541112331,104.88306427001953,4000,0.0,0.0
2000-04-12 00:00:00+09:00,104.20201110839844,104.20201110839844,104.20201110839844,104.20201110839844,1000,0.0,0.0
2000-04-13 00:00:00+09:00,104.20201110839844,104.20201110839844,104.20201110839844,104.20201110839844,2000,0.0,0.0
2000-04-14 00:00:00+09:00,104.20201110839844,104.20201110839844,104.20201110839844,104.20201110839844,0,0.0,0.0
2000-04-17 00:00:00+09:00,104.20201110839844,104.20201110839844,104.20201110839844,104.20201110839844,0,0.0,0.0
2000-04-18 00:00:00+09:00,102.15885925292969,102.15885925292969,102.15885925292969,102.15885925292969,4000,0.0,0.0
2000-04-19 00:00:00+09:00,102.15885925292969,102.15885925292969,102.15885925292969,102.15885925292969,0,0.0,0.0
2000-04-20 00:00:00+09:00,102.15885925292969,102.15885925292969,102.15885925292969,102.15885925292969,1000,0.0,0.0
2000-04-21 00:00:00+09:00,102.15885925292969,102.15885925292969,102.15885925292969,102.15885925292969,0,0.0,0.0
2000-04-24 00:00:00+09:00,74.91647338867188,74.91647338867188,74.91647338867188,74.91647338867188,11000,0.0,0.0
2000-04-25 00:00:00+09:00,108.96943664550781,108.96943664550781,108.96943664550781,108.96943664550781,15000,0.0,0.0
2000-04-26 00:00:00+09:00,98.07249494280134,98.07249494280134,95.34825897216798,95.34825897216797,51000,0.0,0.0
2000-04-27 00:00:00+09:00,96.71038055419923,96.71038055419923,96.02932153621191,96.71038055419922,10000,0.0,0.0
2000-04-28 00:00:00+09:00,96.71038055419923,96.71038055419923,96.71038055419923,96.71038055419922,1000,0.0,0.0
2000-05-01 00:00:00+09:00,86.49447980893204,104.20201110839844,86.49447980893204,104.20201110839844,3000,0.0,0.0
2000-05-02 00:00:00+09:00,103.52096557617188,103.52096557617188,103.52096557617188,103.52096557617188,1000,0.0,0.0
2000-05-03 00:00:00+09:00,103.52096557617188,103.52096557617188,103.52096557617188,103.52096557617188,0,0.0,0.0
2000-05-04 00:00:00+09:00,103.52096557617188,103.52096557617188,103.52096557617188,103.52096557617188,0,0.0,0.0
2000-05-05 00:00:00+09:00,103.52096557617188,103.52096557617188,103.52096557617188,103.52096557617188,0,0.0,0.0
2000-05-08 00:00:00+09:00,102.15884685516357,108.96943664550781,102.15884685516357,108.96943664550781,7000,0.0,0.0
2000-05-09 00:00:00+09:00,108.96943664550781,108.96943664550781,108.96943664550781,108.96943664550781,0,0.0,0.0
2000-05-10 00:00:00+09:00,108.96943664550781,108.96943664550781,108.96943664550781,108.96943664550781,0,0.0,0.0
2000-05-11 00:00:00+09:00,81.72708818989416,84.45132446289062,81.72708818989416,84.45132446289062,21000,0.0,0.0
2000-05-12 00:00:00+09:00,100.79673004150392,100.79673004150392,100.79673004150392,100.7967300415039,1000,0.0,0.0
2000-05-15 00:00:00+09:00,100.11567687988281,100.11567687988281,100.11567687988281,100.11567687988281,13000,0.0,0.0
2000-05-16 00:00:00+09:00,100.11567687988281,106.24520811742666,100.11567687988281,100.11567687988281,7000,0.0,0.0
2000-05-17 00:00:00+09:00,100.11567687988281,100.11567687988281,100.11567687988281,100.11567687988281,1000,0.0,0.0
2000-05-18 00:00:00+09:00,99.43461608886719,99.43461608886719,99.43461608886719,99.43461608886719,3000,0.0,0.0
2000-05-19 00:00:00+09:00,99.43461608886719,99.43461608886719,99.43461608886719,99.43461608886719,12000,0.0,0.0
2000-05-22 00:00:00+09:00,99.43461608886719,99.43461608886719,99.43461608886719,99.43461608886719,0,0.0,0.0
2000-05-23 00:00:00+09:00,85.13238281011581,88.53767812252045,85.13238281011581,87.1755599975586,63000,0.0,0.0
2000-05-24 00:00:00+09:00,92.62401193812273,93.98612976074219,92.62401193812273,93.98612976074219,5000,0.0,0.0
2000-05-25 00:00:00+09:00,93.98612976074219,93.98612976074219,93.98612976074219,93.98612976074219,0,0.0,0.0
2000-05-26 00:00:00+09:00,97.39144593477249,97.39144593477249,85.13238281011581,87.1755599975586,19000,0.0,0.0
2000-05-29 00:00:00+09:00,87.1755599975586,87.1755599975586,87.1755599975586,87.1755599975586,0,0.0,0.0
2000-05-30 00:00:00+09:00,87.1755599975586,87.1755599975586,87.1755599975586,87.1755599975586,0,0.0,0.0
2000-05-31 00:00:00+09:00,89.21873474121094,89.21873474121094,89.21873474121094,89.21873474121094,1000,0.0,0.0
2000-06-01 00:00:00+09:00,89.21873474121094,89.21873474121094,89.21873474121094,89.21873474121094,5000,0.0,0.0
2000-06-02 00:00:00+09:00,89.21873474121094,89.21873474121094,89.21873474121094,89.21873474121094,0,0.0,0.0
2000-06-05 00:00:00+09:00,86.49449157714844,86.49449157714844,86.49449157714844,86.49449157714844,6000,0.0,0.0
2000-06-06 00:00:00+09:00,91.9429702758789,91.9429702758789,91.9429702758789,91.9429702758789,1000,0.0,0.0
2000-06-07 00:00:00+09:00,91.9429702758789,91.9429702758789,91.9429702758789,91.9429702758789,1000,0.0,0.0
2000-06-08 00:00:00+09:00,91.9429702758789,91.9429702758789,91.9429702758789,91.9429702758789,2000,0.0,0.0
2000-06-09 00:00:00+09:00,91.26189434344953,91.94295325646034,88.53765869140625,88.53765869140625,11000,0.0,0.0
2000-06-12 00:00:00+09:00,91.9429702758789,91.9429702758789,91.9429702758789,91.9429702758789,3000,0.0,0.0
2000-06-13 00:00:00+09:00,92.6240293149595,92.6240293149595,91.9429702758789,91.9429702758789,3000,0.0,0.0
2000-06-14 00:00:00+09:00,92.6240005493164,93.30505937688491,92.6240005493164,92.6240005493164,3000,0.0,0.0
2000-06-15 00:00:00+09:00,91.9429702758789,91.9429702758789,91.9429702758789,91.9429702758789,3000,0.0,0.0
2000-06-16 00:00:00+09:00,91.9429702758789,91.9429702758789,91.9429702758789,91.9429702758789,0,0.0,0.0
2000-06-19 00:00:00+09:00,91.9429702758789,91.9429702758789,91.9429702758789,91.9429702758789,0,0.0,0.0
2000-06-20 00:00:00+09:00,95.34825897216798,95.34825897216798,95.34825897216798,95.34825897216797,3000,0.0,0.0
2000-06-21 00:00:00+09:00,91.9429702758789,91.9429702758789,91.9429702758789,91.9429702758789,4000,0.0,0.0
2000-06-22 00:00:00+09:00,91.9429702758789,91.9429702758789,91.9429702758789,91.9429702758789,0,0.0,0.0
2000-06-23 00:00:00+09:00,95.34824560720024,96.02930450439453,95.34824560720024,96.02930450439453,3000,0.0,0.0
2000-06-26 00:00:00+09:00,98.75354766845703,98.75354766845703,98.75354766845703,98.75354766845703,2000,0.0,0.0
2000-06-27 00:00:00+09:00,101.47780019124349,102.15885925292969,101.47780019124349,102.15885925292969,5000,0.0,0.0
2000-06-28 00:00:00+09:00,91.9429702758789,91.9429702758789,91.9429702758789,91.9429702758789,1000,0.0,0.0
2000-06-29 00:00:00+09:00,91.9429702758789,91.9429702758789,91.9429702758789,91.9429702758789,0,0.0,0.0
2000-06-30 00:00:00+09:00,95.34824560720024,96.02930450439453,95.34824560720024,96.02930450439453,3000,0.0,0.0
2000-07-03 00:00:00+09:00,98.75355308120317,102.15884801503775,98.75355308120317,100.7967300415039,6000,0.0,0.0
2000-07-04 00:00:00+09:00,108.28837766647338,108.96943664550781,108.28837766647338,108.96943664550781,6000,0.0,0.0
2000-07-05 00:00:00+09:00,108.9694388808718,108.9694388808718,106.92626190185547,106.92626190185547,14000,0.0,0.0
2000-07-06 00:00:00+09:00,108.28838348388672,108.28838348388672,108.28838348388672,108.28838348388672,1000,0.0,0.0
2000-07-07 00:00:00+09:00,108.28838348388672,108.28838348388672,108.28838348388672,108.28838348388672,3000,0.0,0.0
2000-07-10 00:00:00+09:00,112.37473791998787,125.99591827392578,110.33156086689718,125.99591827392578,44000,0.0,0.0
2000-07-11 00:00:00+09:00,125.31485102227393,160.04885864257812,125.31485102227393,160.04885864257812,289000,0.0,0.0
2000-07-12 00:00:00+09:00,149.83299081184003,149.83299081184003,125.99592409177458,149.1519317626953,85000,0.0,0.0
2000-07-13 00:00:00+09:00,132.80651206970217,136.21180725097656,132.80651206970217,136.21180725097656,4000,0.0,0.0
2000-07-14 00:00:00+09:00,136.21180353937922,136.21180353937922,125.99591827392578,125.99591827392578,18000,0.0,0.0
2000-07-17 00:00:00+09:00,108.96943215762867,115.78002166748047,108.96943215762867,115.78002166748047,11000,0.0,0.0
2000-07-18 00:00:00+09:00,120.54742047991071,120.54742047991071,119.185302734375,119.185302734375,5000,0.0,0.0
2000-07-19 00:00:00+09:00,120.54742047991071,120.54742047991071,119.185302734375,119.185302734375,5000,0.0,0.0
2000-07-20 00:00:00+09:00,119.185302734375,119.185302734375,119.185302734375,119.185302734375,0,0.0,0.0
2000-07-21 00:00:00+09:00,115.78002166748047,117.82319852043601,115.78002166748047,115.78002166748047,5000,0.0,0.0
2000-07-24 00:00:00+09:00,115.78002643585205,115.78002643585205,108.96943664550781,108.96943664550781,9000,0.0,0.0
2000-07-25 00:00:00+09:00,115.78002166748047,115.78002166748047,115.78002166748047,115.78002166748047,4000,0.0,0.0
2000-07-26 00:00:00+09:00,115.78002166748047,115.78002166748047,115.78002166748047,115.78002166748047,0,0.0,0.0
2000-07-27 00:00:00+09:00,115.78004997007308,115.78004997007308,105.56416320800781,105.56416320800781,4000,0.0,0.0
2000-07-28 00:00:00+09:00,106.9262677706205,108.28838583139273,106.24520874023438,106.24520874023438,4000,0.0,0.0
2000-07-31 00:00:00+09:00,106.24520874023438,106.24520874023438,106.24520874023438,106.24520874023438,0,0.0,0.0
2000-08-01 00:00:00+09:00,112.37472691255456,115.78002166748047,112.37472691255456,115.78002166748047,3000,0.0,0.0
2000-08-02 00:00:00+09:00,115.0989627164953,115.78002166748047,115.0989627164953,115.78002166748047,3000,0.0,0.0
2000-08-03 00:00:00+09:00,115.78002166748047,115.78002166748047,115.78002166748047,115.78002166748047,0,0.0,0.0
2000-08-04 00:00:00+09:00,115.78002166748047,115.78002166748047,115.78002166748047,115.78002166748047,0,0.0,0.0
2000-08-07 00:00:00+09:00,115.78002166748047,115.78002166748047,115.78002166748047,115.78002166748047,0,0.0,0.0
2000-08-08 00:00:00+09:00,115.78002166748047,115.78002166748047,115.78002166748047,115.78002166748047,0,0.0,0.0
2000-08-09 00:00:00+09:00,115.78002166748047,115.78002166748047,115.78002166748047,115.78002166748047,0,0.0,0.0
2000-08-10 00:00:00+09:00,115.78002166748047,115.78002166748047,115.78002166748047,115.78002166748047,0,0.0,0.0
2000-08-11 00:00:00+09:00,104.20201110839844,104.20201110839844,104.20201110839844,104.20201110839844,1000,0.0,0.0
2000-08-14 00:00:00+09:00,104.20201110839844,104.20201110839844,104.20201110839844,104.20201110839844,0,0.0,0.0
2000-08-15 00:00:00+09:00,104.20201110839844,104.20201110839844,104.20201110839844,104.20201110839844,0,0.0,0.0
2000-08-16 00:00:00+09:00,104.20201110839844,104.20201110839844,104.20201110839844,104.20201110839844,0,0.0,0.0
2000-08-17 00:00:00+09:00,113.73683929443361,113.73683929443361,113.73683929443361,113.7368392944336,1000,0.0,0.0
2000-08-18 00:00:00+09:00,102.83989715576172,102.83989715576172,102.83989715576172,102.83989715576172,1000,0.0,0.0
2000-08-21 00:00:00+09:00,115.78002166748047,115.78002166748047,115.78002166748047,115.78002166748047,11000,0.0,0.0
2000-08-22 00:00:00+09:00,109.65049110861385,115.78002166748047,109.65049110861385,115.78002166748047,3000,0.0,0.0
2000-08-23 00:00:00+09:00,115.78002166748047,115.78002166748047,115.78002166748047,115.78002166748047,0,0.0,0.0
2000-08-24 00:00:00+09:00,108.96943664550781,108.96943664550781,108.96943664550781,108.96943664550781,1000,0.0,0.0
2000-08-25 00:00:00+09:00,108.96943664550781,108.96943664550781,108.96943664550781,108.96943664550781,4000,0.0,0.0
2000-08-28 00:00:00+09:00,104.20202379226684,108.96943664550781,104.20202379226684,108.96943664550781,13000,0.0,0.0
2000-08-29 00:00:00+09:00,108.96944486177885,108.96944486177885,105.56414970984827,106.24520874023438,7000,0.0,0.0
2000-08-30 00:00:00+09:00,106.24520874023438,106.24520874023438,106.24520874023438,106.24520874023438,1000,0.0,0.0
2000-08-31 00:00:00+09:00,106.24520072937011,108.96943664550781,105.5641417503357,108.96943664550781,10000,0.0,0.0
2000-09-01 00:00:00+09:00,108.9694587953629,108.9694587953629,105.56416320800781,105.56416320800781,6000,0.0,0.0
2000-09-04 00:00:00+09:00,108.96943664550781,108.96943664550781,108.96943664550781,108.96943664550781,7000,0.0,0.0
2000-09-05 00:00:00+09:00,108.96943664550781,108.96943664550781,108.96943664550781,108.96943664550781,7000,0.0,0.0
2000-09-06 00:00:00+09:00,108.96943664550781,108.96943664550781,108.96943664550781,108.96943664550781,0,0.0,0.0
2000-09-07 00:00:00+09:00,105.56416320800781,105.56416320800781,105.56416320800781,105.56416320800781,10000,0.0,0.0
2000-09-08 00:00:00+09:00,104.20204497306577,105.56416320800781,104.20204497306577,105.56416320800781,4000,0.0,0.0
2000-09-11 00:00:00+09:00,105.56416320800781,105.56416320800781,105.56416320800781,105.56416320800781,0,0.0,0.0
2000-09-12 00:00:00+09:00,105.56416320800781,105.56416320800781,105.56416320800781,105.56416320800781,0,0.0,0.0
2000-09-13 00:00:00+09:00,105.56416320800781,105.56416320800781,105.56416320800781,105.56416320800781,0,0.0,0.0
2000-09-14 00:00:00+09:00,105.56416320800781,105.56416320800781,105.56416320800781,105.56416320800781,0,0.0,0.0
2000-09-15 00:00:00+09:00,105.56416320800781,105.56416320800781,105.56416320800781,105.56416320800781,0,0.0,0.0
2000-09-18 00:00:00+09:00,105.56416320800781,105.56416320800781,105.56416320800781,105.56416320800781,0,0.0,0.0
2000-09-19 00:00:00+09:00,104.88306427001953,104.88306427001953,104.88306427001953,104.88306427001953,8000,0.0,0.0
2000-09-20 00:00:00+09:00,105.56416320800781,105.56416320800781,104.88310409053679,105.56416320800781,4000,0.0,0.0
2000-09-21 00:00:00+09:00,105.56416320800781,105.56416320800781,105.56416320800781,105.56416320800781,0,0.0,0.0
2000-09-22 00:00:00+09:00,104.20201110839844,104.20201110839844,104.20201110839844,104.20201110839844,1000,0.0,0.0
2000-09-25 00:00:00+09:00,105.56416320800781,105.56416320800781,105.56416320800781,105.56416320800781,3000,0.0,0.0
2000-09-26 00:00:00+09:00,105.56416320800781,105.56416320800781,105.56416320800781,105.56416320800781,1000,0.0,0.0
2000-09-27 00:00:00+09:00,105.56416320800781,105.56416320800781,105.56416320800781,105.56416320800781,0,0.0,0.0
2000-09-28 00:00:00+09:00,104.20201110839844,104.20201110839844,104.20201110839844,104.20201110839844,1000,0.0,0.0
2000-09-29 00:00:00+09:00,104.20201110839844,104.20201110839844,104.20201110839844,104.20201110839844,3000,0.0,0.0
2000-10-02 00:00:00+09:00,105.56416320800781,105.56416320800781,105.56416320800781,105.56416320800781,4000,0.0,0.0
2000-10-03 00:00:00+09:00,105.56416320800781,105.56416320800781,105.56416320800781,105.56416320800781,0,0.0,0.0
2000-10-04 00:00:00+09:00,102.83989715576172,102.83989715576172,102.83989715576172,102.83989715576172,1000,0.0,0.0
2000-10-05 00:00:00+09:00,102.83989715576172,102.83989715576172,102.83989715576172,102.83989715576172,2000,0.0,0.0
2000-10-06 00:00:00+09:00,102.1588424156452,102.1588424156452,98.75354766845703,98.75354766845703,10000,0.0,0.0
2000-10-09 00:00:00+09:00,98.75354766845703,98.75354766845703,98.75354766845703,98.75354766845703,0,0.0,0.0
2000-10-10 00:00:00+09:00,98.75354766845703,98.75354766845703,98.75354766845703,98.75354766845703,3000,0.0,0.0
2000-10-11 00:00:00+09:00,98.75354766845703,98.75354766845703,98.75354766845703,98.75354766845703,1000,0.0,0.0
2000-10-12 00:00:00+09:00,98.75354766845703,98.75354766845703,98.75354766845703,98.75354766845703,2000,0.0,0.0
2000-10-13 00:00:00+09:00,100.79672451676993,100.79672451676993,98.75354766845703,98.75354766845703,14000,0.0,0.0
2000-10-16 00:00:00+09:00,98.75354766845703,98.75354766845703,98.75354766845703,98.75354766845703,0,0.0,0.0
2000-10-17 00:00:00+09:00,98.75354766845703,98.75354766845703,98.75354766845703,98.75354766845703,0,0.0,0.0
2000-10-18 00:00:00+09:00,98.75354766845703,98.75354766845703,98.75354766845703,98.75354766845703,6000,0.0,0.0
2000-10-19 00:00:00+09:00,96.02930673452525,96.02930673452525,88.53765869140625,88.53765869140625,21000,0.0,0.0
2000-10-20 00:00:00+09:00,91.9429702758789,91.9429702758789,91.9429702758789,91.9429702758789,1000,0.0,0.0
2000-10-23 00:00:00+09:00,91.9429702758789,91.9429702758789,91.9429702758789,91.9429702758789,0,0.0,0.0
2000-10-24 00:00:00+09:00,93.30509948730469,93.30509948730469,93.30509948730469,93.30509948730469,1000,0.0,0.0
2000-10-25 00:00:00+09:00,97.39144134521484,97.39144134521484,97.39144134521484,97.39144134521484,4000,0.0,0.0
2000-10-26 00:00:00+09:00,97.39141234229592,97.39141234229592,92.6240005493164,92.6240005493164,2000,0.0,0.0
2000-10-27 00:00:00+09:00,92.6240005493164,92.6240005493164,92.6240005493164,92.6240005493164,0,0.0,0.0
2000-10-30 00:00:00+09:00,92.6240005493164,92.6240005493164,92.6240005493164,92.6240005493164,1000,0.0,0.0
2000-10-31 00:00:00+09:00,92.6240005493164,92.6240005493164,92.6240005493164,92.6240005493164,0,0.0,0.0
2000-11-01 00:00:00+09:00,92.6240005493164,92.6240005493164,92.6240005493164,92.6240005493164,3000,0.0,0.0
2000-11-02 00:00:00+09:00,92.6240005493164,92.6240005493164,92.6240005493164,92.6240005493164,0,0.0,0.0
2000-11-03 00:00:00+09:00,92.6240005493164,92.6240005493164,92.6240005493164,92.6240005493164,0,0.0,0.0
2000-11-06 00:00:00+09:00,92.6240005493164,92.6240005493164,92.6240005493164,92.6240005493164,0,0.0,0.0
2000-11-07 00:00:00+09:00,91.9429702758789,92.6240293149595,91.9429702758789,91.9429702758789,3000,0.0,0.0
2000-11-08 00:00:00+09:00,95.34825897216798,95.34825897216798,95.34825897216798,95.34825897216797,3000,0.0,0.0
2000-11-09 00:00:00+09:00,91.9429702758789,91.9429702758789,91.9429702758789,91.9429702758789,2000,0.0,0.0
2000-11-10 00:00:00+09:00,91.9429702758789,91.9429702758789,91.9429702758789,91.9429702758789,0,0.0,0.0
2000-11-13 00:00:00+09:00,89.21873474121094,89.21873474121094,89.21873474121094,89.21873474121094,2000,0.0,0.0
2000-11-14 00:00:00+09:00,88.53765674103472,90.5808334350586,88.53765674103472,90.5808334350586,6000,0.0,0.0
2000-11-15 00:00:00+09:00,90.5808334350586,90.5808334350586,90.5808334350586,90.5808334350586,0,0.0,0.0
2000-11-16 00:00:00+09:00,90.58085219771775,91.9429702758789,90.58085219771775,91.9429702758789,5000,0.0,0.0
2000-11-17 00:00:00+09:00,90.58083543043871,90.58083543043871,88.53765869140625,88.53765869140625,3000,0.0,0.0
2000-11-20 00:00:00+09:00,88.53765869140625,88.53765869140625,88.53765869140625,88.53765869140625,0,0.0,0.0
2000-11-21 00:00:00+09:00,88.53765869140625,88.53765869140625,88.53765869140625,88.53765869140625,2000,0.0,0.0
2000-11-22 00:00:00+09:00,88.53765869140625,88.53765869140625,88.53765869140625,88.53765869140625,0,0.0,0.0
2000-11-23 00:00:00+09:00,88.53765869140625,88.53765869140625,88.53765869140625,88.53765869140625,0,0.0,0.0
2000-11-24 00:00:00+09:00,98.75354766845703,98.75354766845703,98.75354766845703,98.75354766845703,3000,0.0,0.0
2000-11-27 00:00:00+09:00,98.75354766845703,98.75354766845703,98.75354766845703,98.75354766845703,0,0.0,0.0
2000-11-28 00:00:00+09:00,98.75354766845703,98.75354766845703,98.75354766845703,98.75354766845703,0,0.0,0.0
2000-11-29 00:00:00+09:00,98.75354766845703,98.75354766845703,98.75354766845703,98.75354766845703,0,0.0,0.0
2000-11-30 00:00:00+09:00,98.75354766845703,98.75354766845703,98.75354766845703,98.75354766845703,0,0.0,0.0
2000-12-01 00:00:00+09:00,98.75354766845703,98.75354766845703,98.75354766845703,98.75354766845703,5000,0.0,0.0
2000-12-04 00:00:00+09:00,102.15882747130986,115.09894561767578,102.15882747130986,115.09894561767578,70000,0.0,0.0
2000-12-05 00:00:00+09:00,115.09894561767578,115.78000446748452,113.73682791805831,115.09894561767578,20000,0.0,0.0
2000-12-06 00:00:00+09:00,118.50426907925993,136.21180353937922,116.46109202616924,125.99591827392578,224000,0.0,0.0
2000-12-07 00:00:00+09:00,121.22849826812744,121.22849826812744,108.96943664550781,108.96943664550781,90000,0.0,0.0
2000-12-08 00:00:00+09:00,112.37473154067993,113.73684949874878,108.96943664550781,108.96943664550781,31000,0.0,0.0
2000-12-11 00:00:00+09:00,113.05579423315731,113.05579423315731,110.33155822753906,110.33155822753906,16000,0.0,0.0
2000-12-12 00:00:00+09:00,108.96943215762867,115.78002166748047,108.96943215762867,115.78002166748047,5000,0.0,0.0
2000-12-13 00:00:00+09:00,112.37473154067993,112.37473154067993,108.96943664550781,108.96943664550781,6000,0.0,0.0
2000-12-14 00:00:00+09:00,115.09896745681762,115.09896745681762,108.96943664550781,108.96943664550781,12000,0.0,0.0
2000-12-15 00:00:00+09:00,115.78002166748047,115.78002166748047,115.78002166748047,115.78002166748047,7000,0.0,0.0
2000-12-18 00:00:00+09:00,112.37473154067993,112.37473154067993,108.96943664550781,108.96943664550781,10000,0.0,0.0
2000-12-19 00:00:00+09:00,108.9694587953629,108.9694587953629,105.56416320800781,105.56416320800781,15000,0.0,0.0
2000-12-20 00:00:00+09:00,103.52096031452047,103.52096031452047,98.07248871901939,98.75354766845703,7000,0.0,0.0
2000-12-21 00:00:00+09:00,98.75354766845703,98.75354766845703,98.75354766845703,98.75354766845703,3000,0.0,0.0
2000-12-22 00:00:00+09:00,98.75354766845703,98.75354766845703,98.75354766845703,98.75354766845703,1000,0.0,0.0
2000-12-25 00:00:00+09:00,102.15886762065271,105.56416320800781,102.15886762065271,105.56416320800781,3000,0.0,0.0
2000-12-26 00:00:00+09:00,102.15885214609644,102.15885214609644,99.43461608886719,99.43461608886719,7000,0.0,0.0
2000-12-27 00:00:00+09:00,98.75354766845703,98.75354766845703,98.75354766845703,98.75354766845703,2000,0.0,0.0
2000-12-28 00:00:00+09:00,89.21872803824289,95.34825897216798,89.21872803824289,95.34825897216797,8000,0.0,0.0
2000-12-29 00:00:00+09:00,98.75354766845703,98.75354766845703,98.75354766845703,98.75354766845703,5000,0.0,0.0
2001-01-01 00:00:00+09:00,98.75354766845703,98.75354766845703,98.75354766845703,98.75354766845703,0,0.0,0.0
2001-01-02 00:00:00+09:00,98.75354766845703,98.75354766845703,98.75354766845703,98.75354766845703,0,0.0,0.0
2001-01-03 00:00:00+09:00,98.75354766845703,98.75354766845703,98.75354766845703,98.75354766845703,0,0.0,0.0
2001-01-04 00:00:00+09:00,95.34825897216798,95.34825897216798,95.34825897216798,95.34825897216797,7000,0.0,0.0
2001-01-05 00:00:00+09:00,95.34825897216798,95.34825897216798,95.34825897216798,95.34825897216797,2000,0.0,0.0
2001-01-08 00:00:00+09:00,95.34825897216798,95.34825897216798,95.34825897216798,95.34825897216797,0,0.0,0.0
2001-01-09 00:00:00+09:00,95.34825716087286,95.34825716087286,94.66719818115234,94.66719818115234,10000,0.0,0.0
2001-01-10 00:00:00+09:00,89.89979378503698,89.89979378503698,88.5376756973849,89.21873474121094,27000,0.0,0.0
2001-01-11 00:00:00+09:00,94.6671954345703,94.6671954345703,85.13236999511719,85.13236999511719,4000,0.0,0.0
2001-01-12 00:00:00+09:00,88.53766479492187,88.53766479492187,85.13236999511719,85.13236999511719,25000,0.0,0.0
2001-01-15 00:00:00+09:00,86.49449157714844,86.49449157714844,86.49449157714844,86.49449157714844,2000,0.0,0.0
2001-01-16 00:00:00+09:00,86.49449157714844,86.49449157714844,86.49449157714844,86.49449157714844,2000,0.0,0.0
2001-01-17 00:00:00+09:00,86.49449157714844,86.49449157714844,86.49449157714844,86.49449157714844,0,0.0,0.0
2001-01-18 00:00:00+09:00,88.53765869140625,88.53765869140625,88.53765869140625,88.53765869140625,1000,0.0,0.0
2001-01-19 00:00:00+09:00,89.21873647516423,89.89979553222656,89.21873647516423,89.89979553222656,2000,0.0,0.0
2001-01-22 00:00:00+09:00,89.89979553222656,89.89979553222656,89.89979553222656,89.89979553222656,0,0.0,0.0
2001-01-23 00:00:00+09:00,89.89979553222656,89.89979553222656,89.89979553222656,89.89979553222656,0,0.0,0.0
2001-01-24 00:00:00+09:00,91.9429702758789,91.9429702758789,91.9429702758789,91.9429702758789,3000,0.0,0.0
2001-01-25 00:00:00+09:00,95.34826547128183,95.34826547128183,91.9429702758789,91.9429702758789,8000,0.0,0.0
2001-01-26 00:00:00+09:00,92.6240005493164,92.6240005493164,92.6240005493164,92.6240005493164,1000,0.0,0.0
2001-01-29 00:00:00+09:00,95.34826425405649,97.39144134521484,95.34826425405649,97.39144134521484,6000,0.0,0.0
2001-01-30 00:00:00+09:00,98.07249494280134,98.07249494280134,95.34825897216798,95.34825897216797,5000,0.0,0.0
2001-01-31 00:00:00+09:00,100.79673590627657,100.79673590627657,100.11567687988281,100.11567687988281,4000,0.0,0.0
2001-02-01 00:00:00+09:00,100.11567687988281,100.11567687988281,100.11567687988281,100.11567687988281,5000,0.0,0.0
2001-02-02 00:00:00+09:00,102.15885269809777,102.15885269809777,96.71038055419923,96.71038055419922,12000,0.0,0.0
2001-02-05 00:00:00+09:00,96.02932153621191,96.71038055419923,96.02932153621191,96.71038055419922,101000,0.0,0.0
2001-02-06 00:00:00+09:00,102.83991358830379,108.96944486177885,102.83991358830379,106.24520874023438,12000,0.0,0.0
2001-02-07 00:00:00+09:00,106.24520874023438,106.24520874023438,106.24520874023438,106.24520874023438,0,0.0,0.0
2001-02-08 00:00:00+09:00,106.24520874023438,106.24520874023438,106.24520874023438,106.24520874023438,0,0.0,0.0
2001-02-09 00:00:00+09:00,106.24520874023438,106.24520874023438,106.24520874023438,106.24520874023438,0,0.0,0.0
2001-02-12 00:00:00+09:00,106.24520874023438,106.24520874023438,106.24520874023438,106.24520874023438,0,0.0,0.0
2001-02-13 00:00:00+09:00,102.1588488987514,102.1588488987514,95.34825897216798,95.34825897216797,8000,0.0,0.0
2001-02-14 00:00:00+09:00,95.34825292126885,98.75354766845703,95.34825292126885,98.75354766845703,5000,0.0,0.0
2001-02-15 00:00:00+09:00,96.71036340158882,96.71036340158882,96.02930450439453,96.02930450439453,10000,0.0,0.0
2001-02-16 00:00:00+09:00,96.7103867594401,102.15885925292969,95.3482686360677,102.15885925292969,12000,0.0,0.0
2001-02-19 00:00:00+09:00,96.02930450439453,96.02930450439453,96.02930450439453,96.02930450439453,5000,0.0,0.0
2001-02-20 00:00:00+09:00,96.02930450439453,96.02930450439453,96.02930450439453,96.02930450439453,0,0.0,0.0
2001-02-21 00:00:00+09:00,98.75354766845703,98.75354766845703,98.75354766845703,98.75354766845703,1000,0.0,0.0
2001-02-22 00:00:00+09:00,98.75354766845703,98.75354766845703,98.75354766845703,98.75354766845703,8000,0.0,0.0
2001-02-23 00:00:00+09:00,101.47776794433594,101.47776794433594,101.47776794433594,101.47776794433594,4000,0.0,0.0
2001-02-26 00:00:00+09:00,102.15885925292969,102.15885925292969,102.15885925292969,102.15885925292969,2000,0.0,0.0
2001-02-27 00:00:00+09:00,98.75354766845703,98.75354766845703,98.75354766845703,98.75354766845703,1000,0.0,0.0
2001-02-28 00:00:00+09:00,97.39144134521484,97.39144134521484,97.39144134521484,97.39144134521484,1000,0.0,0.0
2001-03-01 00:00:00+09:00,101.47777568194883,101.47777568194883,96.02930450439453,96.02930450439453,16000,0.0,0.0
2001-03-02 00:00:00+09:00,96.02930450439453,96.02930450439453,96.02930450439453,96.02930450439453,0,0.0,0.0
2001-03-05 00:00:00+09:00,93.30509948730469,93.30509948730469,93.30509948730469,93.30509948730469,1000,0.0,0.0
2001-03-06 00:00:00+09:00,101.47776794433594,101.47776794433594,101.47776794433594,101.47776794433594,3000,0.0,0.0
2001-03-07 00:00:00+09:00,101.47776794433594,101.47776794433594,101.47776794433594,101.47776794433594,1000,0.0,0.0
2001-03-08 00:00:00+09:00,101.47776794433594,101.47776794433594,101.47776794433594,101.47776794433594,0,0.0,0.0
2001-03-09 00:00:00+09:00,98.75354766845703,98.75354766845703,98.75354766845703,98.75354766845703,2000,0.0,0.0
2001-03-12 00:00:00+09:00,98.75354766845703,98.75354766845703,98.75354766845703,98.75354766845703,0,0.0,0.0
2001-03-13 00:00:00+09:00,96.7103751203139,98.75355205947547,94.66719818115234,94.66719818115234,5000,0.0,0.0
2001-03-14 00:00:00+09:00,94.66719818115234,94.66719818115234,94.66719818115234,94.66719818115234,0,0.0,0.0
2001-03-15 00:00:00+09:00,95.34826547128183,95.34826547128183,91.9429702758789,91.9429702758789,4000,0.0,0.0
2001-03-16 00:00:00+09:00,95.34825897216798,95.34825897216798,95.34825897216798,95.34825897216797,3000,0.0,0.0
2001-03-19 00:00:00+09:00,95.34825897216798,95.34825897216798,95.34825897216798,95.34825897216797,1000,0.0,0.0
2001-03-20 00:00:00+09:00,95.34825897216798,95.34825897216798,95.34825897216798,95.34825897216797,0,0.0,0.0
2001-03-21 00:00:00+09:00,93.30505937688491,93.30505937688491,92.6240005493164,92.6240005493164,4000,0.0,0.0
2001-03-22 00:00:00+09:00,92.6240005493164,92.6240005493164,92.6240005493164,92.6240005493164,0,0.0,0.0
2001-03-23 00:00:00+09:00,98.75355882709529,100.11567687988281,95.34826369512648,100.11567687988281,10000,0.0,0.0
2001-03-26 00:00:00+09:00,100.11567687988281,100.11567687988281,100.11567687988281,100.11567687988281,0,0.0,0.0
2001-03-27 00:00:00+09:00,100.8109130859375,100.8109130859375,100.8109130859375,100.8109130859375,6000,3.0,0.0
2001-03-28 00:00:00+09:00,100.8109130859375,100.8109130859375,100.8109130859375,100.8109130859375,0,0.0,0.0
2001-03-29 00:00:00+09:00,99.42044184329737,99.42044184329737,95.24895477294922,95.24895477294922,5000,0.0,0.0
2001-03-30 00:00:00+09:00,100.8109130859375,100.8109130859375,100.8109130859375,100.8109130859375,3000,0.0,0.0
2001-04-02 00:00:00+09:00,100.81091325060069,100.81091325060069,96.6394271850586,96.6394271850586,7000,0.0,0.0
2001-04-03 00:00:00+09:00,97.33467864990234,97.33467864990234,97.33467864990234,97.33467864990234,1000,0.0,0.0
2001-04-04 00:00:00+09:00,95.94420261800724,95.94420261800724,95.24895477294922,95.24895477294922,4000,0.0,0.0
2001-04-05 00:00:00+09:00,95.94417572021484,95.94417572021484,95.94417572021484,95.94417572021484,2000,0.0,0.0
2001-04-06 00:00:00+09:00,97.33467486264894,97.33467486264894,96.6394271850586,96.6394271850586,7000,0.0,0.0
2001-04-09 00:00:00+09:00,96.6394271850586,96.6394271850586,96.6394271850586,96.6394271850586,0,0.0,0.0
2001-04-10 00:00:00+09:00,97.33467864990234,97.33467864990234,97.33467864990234,97.33467864990234,2000,0.0,0.0
2001-04-11 00:00:00+09:00,95.94418324061802,97.33467864990234,95.94418324061802,97.33467864990234,4000,0.0,0.0
2001-04-12 00:00:00+09:00,97.33467864990234,97.33467864990234,97.33467864990234,97.33467864990234,0,0.0,0.0
2001-04-13 00:00:00+09:00,98.0299263545445,98.0299263545445,97.33467864990234,97.33467864990234,22000,0.0,0.0
2001-04-16 00:00:00+09:00,99.42041010214082,99.42041010214082,98.02991485595703,98.02991485595703,3000,0.0,0.0
2001-04-17 00:00:00+09:00,98.02991485595703,98.02991485595703,98.02991485595703,98.02991485595703,2000,0.0,0.0
2001-04-18 00:00:00+09:00,98.72517768486397,100.11567314521416,97.33468222451377,99.42042541503906,19000,0.0,0.0
2001-04-19 00:00:00+09:00,99.42042541503906,99.42042541503906,98.72517768486397,99.42042541503906,4000,0.0,0.0
2001-04-20 00:00:00+09:00,99.42042541503906,99.42042541503906,99.42042541503906,99.42042541503906,0,0.0,0.0
2001-04-23 00:00:00+09:00,100.81092055963009,102.201416015625,100.81092055963009,102.201416015625,8000,0.0,0.0
2001-04-24 00:00:00+09:00,102.201416015625,102.201416015625,102.201416015625,102.201416015625,3000,0.0,0.0
2001-04-25 00:00:00+09:00,102.89665985107422,102.89665985107422,102.89665985107422,102.89665985107422,5000,0.0,0.0
2001-04-26 00:00:00+09:00,102.89665985107422,102.89665985107422,102.89665985107422,102.89665985107422,5000,0.0,0.0
2001-04-27 00:00:00+09:00,100.11566925048828,100.11566925048828,100.11566925048828,100.11566925048828,2000,0.0,0.0
2001-04-30 00:00:00+09:00,100.11566925048828,100.11566925048828,100.11566925048828,100.11566925048828,0,0.0,0.0
2001-05-01 00:00:00+09:00,100.8109130859375,100.8109130859375,100.8109130859375,100.8109130859375,1000,0.0,0.0
2001-05-02 00:00:00+09:00,101.50617218017578,101.50617218017578,101.50617218017578,101.50617218017578,1000,0.0,0.0
2001-05-03 00:00:00+09:00,101.50617218017578,101.50617218017578,101.50617218017578,101.50617218017578,0,0.0,0.0
2001-05-04 00:00:00+09:00,101.50617218017578,101.50617218017578,101.50617218017578,101.50617218017578,0,0.0,0.0
2001-05-07 00:00:00+09:00,104.28717041015625,104.28717041015625,104.28717041015625,104.28717041015625,30,0.0,0.0
2001-05-08 00:00:00+09:00,104.28717041015625,104.28717041015625,102.8966748046875,104.28717041015625,70,0.0,0.0
2001-05-09 00:00:00+09:00,104.28717041015625,104.28717041015625,104.28717041015625,104.28717041015625,50,0.0,0.0
2001-05-10 00:00:00+09:00,104.28715569632394,104.28715569632394,97.33467864990234,97.33467864990234,100,0.0,0.0
2001-05-11 00:00:00+09:00,103.59188842773438,103.59188842773438,103.59188842773438,103.59188842773438,20,0.0,0.0
2001-05-14 00:00:00+09:00,102.89665985107422,102.89665985107422,102.89665985107422,102.89665985107422,20,0.0,0.0
2001-05-15 00:00:00+09:00,102.89666374362244,107.76339783960458,102.201416015625,102.201416015625,11000,0.0,0.0
2001-05-16 00:00:00+09:00,104.98239135742188,104.98239135742188,104.98239135742188,104.98239135742188,4000,0.0,0.0
2001-05-17 00:00:00+09:00,103.59190776613023,103.59190776613023,100.11566925048828,100.11566925048828,2000,0.0,0.0
2001-05-18 00:00:00+09:00,100.11568359375,104.28717041015625,100.11568359375,104.28717041015625,11000,0.0,0.0
2001-05-21 00:00:00+09:00,104.28717041015625,104.28717041015625,104.28717041015625,104.28717041015625,0,0.0,0.0
2001-05-22 00:00:00+09:00,102.89665985107422,102.89665985107422,102.20141214937777,102.89665985107422,4000,0.0,0.0
2001-05-23 00:00:00+09:00,102.89665985107422,102.89665985107422,102.89665985107422,102.89665985107422,0,0.0,0.0
2001-05-24 00:00:00+09:00,100.81091674598488,102.89665985107422,100.81091674598488,102.89665985107422,4000,0.0,0.0
2001-05-25 00:00:00+09:00,102.89666812520632,102.89666812520632,98.72518157958984,98.72518157958984,14000,0.0,0.0
2001-05-28 00:00:00+09:00,114.71585845947264,114.71585845947264,114.71585845947264,114.71585845947266,2000,0.0,0.0
2001-05-29 00:00:00+09:00,100.8109130859375,100.8109130859375,100.8109130859375,100.8109130859375,2000,0.0,0.0
2001-05-30 00:00:00+09:00,100.81091695361667,100.81091695361667,100.11566925048828,100.11566925048828,6000,0.0,0.0
2001-05-31 00:00:00+09:00,98.72517405918666,98.72517405918666,97.33467864990234,97.33467864990234,12000,0.0,0.0
2001-06-01 00:00:00+09:00,100.11566540948276,100.8109130859375,100.11566540948276,100.8109130859375,6000,0.0,0.0
2001-06-04 00:00:00+09:00,100.8109130859375,101.50616076239224,100.8109130859375,100.8109130859375,5000,0.0,0.0
2001-06-05 00:00:00+09:00,100.8109053483246,100.8109053483246,98.02991485595703,98.02991485595703,8000,0.0,0.0
2001-06-06 00:00:00+09:00,98.0299263545445,100.81091717311314,97.33467864990234,97.33467864990234,11000,0.0,0.0
2001-06-07 00:00:00+09:00,98.02991485595703,98.02991485595703,98.02991485595703,98.02991485595703,2000,0.0,0.0
2001-06-08 00:00:00+09:00,98.02991485595703,98.02991485595703,98.02991485595703,98.02991485595703,0,0.0,0.0
2001-06-11 00:00:00+09:00,98.02991485595703,98.02991485595703,98.02991485595703,98.02991485595703,0,0.0,0.0
2001-06-12 00:00:00+09:00,98.02991485595703,98.02991485595703,98.02991485595703,98.02991485595703,0,0.0,0.0
2001-06-13 00:00:00+09:00,98.02991485595703,98.02991485595703,98.02991485595703,98.02991485595703,0,0.0,0.0
2001-06-14 00:00:00+09:00,98.02991485595703,98.02991485595703,98.02991485595703,98.02991485595703,0,0.0,0.0
2001-06-15 00:00:00+09:00,98.02991485595703,98.02991485595703,98.02991485595703,98.02991485595703,0,0.0,0.0
2001-06-18 00:00:00+09:00,97.33467864990234,97.33467864990234,97.33467864990234,97.33467864990234,5000,0.0,0.0
2001-06-19 00:00:00+09:00,97.33467864990234,97.33467864990234,97.33467864990234,97.33467864990234,5000,0.0,0.0
2001-06-20 00:00:00+09:00,97.33467864990234,97.33467864990234,97.33467864990234,97.33467864990234,8000,0.0,0.0
2001-06-21 00:00:00+09:00,97.33465531293083,97.33465531293083,94.55366516113281,94.55366516113281,6000,0.0,0.0
2001-06-22 00:00:00+09:00,94.55366516113281,94.55366516113281,94.55366516113281,94.55366516113281,0,0.0,0.0
2001-06-25 00:00:00+09:00,98.72518157958984,98.72518157958984,98.72518157958984,98.72518157958984,4000,0.0,0.0
2001-06-26 00:00:00+09:00,94.55366516113281,94.55366516113281,94.55366516113281,94.55366516113281,6000,0.0,0.0
2001-06-27 00:00:00+09:00,98.72518157958984,98.72518157958984,98.72518157958984,98.72518157958984,2000,0.0,0.0
2001-06-28 00:00:00+09:00,95.94418324061802,97.33467864990234,95.94418324061802,97.33467864990234,3000,0.0,0.0
2001-06-29 00:00:00+09:00,97.33467864990234,97.33467864990234,97.33467864990234,97.33467864990234,0,0.0,0.0
2001-07-02 00:00:00+09:00,99.42042541503906,99.42042541503906,99.42042541503906,99.42042541503906,1000,0.0,0.0
2001-07-03 00:00:00+09:00,99.42042541503906,99.42042541503906,99.42042541503906,99.42042541503906,3000,0.0,0.0
2001-07-04 00:00:00+09:00,97.33467864990234,97.33467864990234,97.33467864990234,97.33467864990234,1000,0.0,0.0
2001-07-05 00:00:00+09:00,97.33467864990234,97.33467864990234,97.33467864990234,97.33467864990234,0,0.0,0.0
2001-07-06 00:00:00+09:00,97.33467864990234,97.33467864990234,97.33467864990234,97.33467864990234,3000,0.0,0.0
2001-07-09 00:00:00+09:00,99.42042541503906,99.42042541503906,99.42042541503906,99.42042541503906,3000,0.0,0.0
2001-07-10 00:00:00+09:00,99.42042541503906,99.42042541503906,99.42042541503906,99.42042541503906,1000,0.0,0.0
2001-07-11 00:00:00+09:00,103.59189584069217,103.59189584069217,97.33466723286513,98.02991485595703,16000,0.0,0.0
2001-07-12 00:00:00+09:00,106.37288665771484,106.37288665771484,106.37288665771484,106.37288665771484,1000,0.0,0.0
2001-07-13 00:00:00+09:00,104.28717041015625,104.28717041015625,104.28717041015625,104.28717041015625,5000,0.0,0.0
2001-07-16 00:00:00+09:00,104.28717041015625,104.28717041015625,104.28717041015625,104.28717041015625,0,0.0,0.0
2001-07-17 00:00:00+09:00,104.28717041015625,104.28717041015625,104.28717041015625,104.28717041015625,0,0.0,0.0
2001-07-18 00:00:00+09:00,97.33467864990234,97.33467864990234,97.33467864990234,97.33467864990234,1000,0.0,0.0
2001-07-19 00:00:00+09:00,97.33467864990234,97.33467864990234,97.33467864990234,97.33467864990234,0,0.0,0.0
2001-07-20 00:00:00+09:00,97.33467864990234,97.33467864990234,97.33467864990234,97.33467864990234,0,0.0,0.0
2001-07-23 00:00:00+09:00,97.33467864990234,97.33467864990234,97.33467864990234,97.33467864990234,5000,0.0,0.0
2001-07-24 00:00:00+09:00,97.3346983081233,97.3346983081233,93.85845908283318,95.24895477294922,7000,0.0,0.0
2001-07-25 00:00:00+09:00,95.24895477294922,95.24895477294922,95.24895477294922,95.24895477294922,0,0.0,0.0
2001-07-26 00:00:00+09:00,95.24895477294922,95.24895477294922,95.24895477294922,95.24895477294922,0,0.0,0.0
2001-07-27 00:00:00+09:00,97.33467864990234,97.33467864990234,97.33467864990234,97.33467864990234,1000,0.0,0.0
2001-07-30 00:00:00+09:00,98.72517405918666,98.72517405918666,97.33467864990234,97.33467864990234,5000,0.0,0.0
2001-07-31 00:00:00+09:00,97.33467864990234,97.33467864990234,97.33467864990234,97.33467864990234,0,0.0,0.0
2001-08-01 00:00:00+09:00,97.33468606438436,98.72518157958984,97.33468606438436,98.72518157958984,3000,0.0,0.0
2001-08-02 00:00:00+09:00,98.72515038882985,98.72515038882985,94.55366516113281,94.55366516113281,4000,0.0,0.0
2001-08-03 00:00:00+09:00,94.55366516113281,94.55366516113281,94.55366516113281,94.55366516113281,0,0.0,0.0
2001-08-06 00:00:00+09:00,95.24893968370226,95.24893968370226,93.8584442138672,93.85844421386719,4000,0.0,0.0
2001-08-07 00:00:00+09:00,93.8584442138672,93.8584442138672,93.8584442138672,93.85844421386719,4000,0.0,0.0
2001-08-08 00:00:00+09:00,94.55366516113281,94.55366516113281,94.55366516113281,94.55366516113281,2000,0.0,0.0
2001-08-09 00:00:00+09:00,94.55366516113281,94.55366516113281,94.55366516113281,94.55366516113281,0,0.0,0.0
2001-08-10 00:00:00+09:00,94.55366516113281,94.55366516113281,94.55366516113281,94.55366516113281,0,0.0,0.0
2001-08-13 00:00:00+09:00,94.55366516113281,94.55366516113281,94.55366516113281,94.55366516113281,0,0.0,0.0
2001-08-14 00:00:00+09:00,93.8584442138672,93.8584442138672,93.8584442138672,93.85844421386719,1000,0.0,0.0
2001-08-15 00:00:00+09:00,94.55366516113281,94.55366516113281,94.55366516113281,94.55366516113281,1000,0.0,0.0
2001-08-16 00:00:00+09:00,94.55368041992188,94.55368041992188,90.38219451904297,90.38219451904297,5000,0.0,0.0
2001-08-17 00:00:00+09:00,93.8584442138672,93.8584442138672,93.8584442138672,93.85844421386719,1000,0.0,0.0
2001-08-20 00:00:00+09:00,93.8584442138672,93.8584442138672,93.8584442138672,93.85844421386719,0,0.0,0.0
2001-08-21 00:00:00+09:00,93.8584442138672,93.8584442138672,93.8584442138672,93.85844421386719,0,0.0,0.0
2001-08-22 00:00:00+09:00,93.8584442138672,93.8584442138672,93.8584442138672,93.85844421386719,0,0.0,0.0
2001-08-23 00:00:00+09:00,93.8584442138672,93.8584442138672,93.8584442138672,93.85844421386719,2000,0.0,0.0
2001-08-24 00:00:00+09:00,93.8584442138672,93.8584442138672,93.8584442138672,93.85844421386719,0,0.0,0.0
2001-08-27 00:00:00+09:00,98.72518157958984,98.72518157958984,98.72518157958984,98.72518157958984,5000,0.0,0.0
2001-08-28 00:00:00+09:00,98.72518157958984,98.72518157958984,98.72518157958984,98.72518157958984,0,0.0,0.0
2001-08-29 00:00:00+09:00,98.72518157958984,98.72518157958984,98.72518157958984,98.72518157958984,0,0.0,0.0
2001-08-30 00:00:00+09:00,98.72518157958984,98.72518157958984,98.72518157958984,98.72518157958984,0,0.0,0.0
2001-08-31 00:00:00+09:00,98.72518157958984,98.72518157958984,98.72518157958984,98.72518157958984,0,0.0,0.0
2001-09-03 00:00:00+09:00,97.334667005037,97.334667005037,92.46793365478514,92.46793365478516,10000,0.0,0.0
2001-09-04 00:00:00+09:00,92.46794471740722,97.33467864990234,92.46794471740722,97.33467864990234,4000,0.0,0.0
2001-09-05 00:00:00+09:00,92.46794908829317,92.46794908829317,91.07745361328125,91.07745361328125,3000,0.0,0.0
2001-09-06 00:00:00+09:00,91.07744216918945,91.07744216918945,90.38219451904297,90.38219451904297,6000,0.0,0.0
2001-09-07 00:00:00+09:00,91.07745361328125,91.07745361328125,91.07745361328125,91.07745361328125,3000,0.0,0.0
2001-09-10 00:00:00+09:00,91.07745361328125,91.07745361328125,91.07745361328125,91.07745361328125,0,0.0,0.0
2001-09-11 00:00:00+09:00,91.07745361328125,91.07745361328125,91.07745361328125,91.07745361328125,0,0.0,0.0
2001-09-12 00:00:00+09:00,90.38219848632812,90.38219848632812,86.90596008300781,86.90596008300781,4000,0.0,0.0
2001-09-13 00:00:00+09:00,86.90596008300781,86.90596008300781,86.90596008300781,86.90596008300781,3000,0.0,0.0
2001-09-14 00:00:00+09:00,86.90596008300781,86.90596008300781,86.90596008300781,86.90596008300781,6000,0.0,0.0
2001-09-17 00:00:00+09:00,83.42971801757812,83.42971801757812,83.42971801757812,83.42971801757812,1000,0.0,0.0
2001-09-18 00:00:00+09:00,83.42971801757812,83.42971801757812,83.42971801757812,83.42971801757812,0,0.0,0.0
2001-09-19 00:00:00+09:00,86.21071240234374,86.90596008300781,86.21071240234374,86.90596008300781,5000,0.0,0.0
2001-09-20 00:00:00+09:00,86.90596008300781,86.90596008300781,86.90596008300781,86.90596008300781,0,0.0,0.0
2001-09-21 00:00:00+09:00,86.21072387695312,86.21072387695312,86.21072387695312,86.21072387695312,2000,0.0,0.0
2001-09-24 00:00:00+09:00,86.21072387695312,86.21072387695312,86.21072387695312,86.21072387695312,0,0.0,0.0
2001-09-25 00:00:00+09:00,90.38219848632812,90.38219848632812,86.90596008300781,86.90596008300781,9000,0.0,0.0
2001-09-26 00:00:00+09:00,84.12496566772461,84.12496566772461,83.42971801757812,83.42971801757812,2000,0.0,0.0
2001-09-27 00:00:00+09:00,83.42971801757812,83.42971801757812,83.42971801757812,83.42971801757812,0,0.0,0.0
2001-09-28 00:00:00+09:00,83.42971801757812,83.42971801757812,83.42971801757812,83.42971801757812,0,0.0,0.0
2001-10-01 00:00:00+09:00,90.38219451904297,90.38219451904297,90.38219451904297,90.38219451904297,4000,0.0,0.0
2001-10-02 00:00:00+09:00,76.47725246263587,79.9534912109375,76.47725246263587,79.9534912109375,12000,0.0,0.0
2001-10-03 00:00:00+09:00,79.9534912109375,79.9534912109375,79.9534912109375,79.9534912109375,0,0.0,0.0
2001-10-04 00:00:00+09:00,82.03923387763915,84.1249771118164,82.03923387763915,84.1249771118164,3000,0.0,0.0
2001-10-05 00:00:00+09:00,84.1249771118164,84.1249771118164,84.1249771118164,84.1249771118164,0,0.0,0.0
2001-10-08 00:00:00+09:00,84.1249771118164,84.1249771118164,84.1249771118164,84.1249771118164,0,0.0,0.0
2001-10-09 00:00:00+09:00,84.1249771118164,84.1249771118164,84.1249771118164,84.1249771118164,0,0.0,0.0
2001-10-10 00:00:00+09:00,83.42971801757812,83.42971801757812,83.42971801757812,83.42971801757812,2000,0.0,0.0
2001-10-11 00:00:00+09:00,83.42971801757812,83.42971801757812,83.42971801757812,83.42971801757812,1000,0.0,0.0
2001-10-12 00:00:00+09:00,83.42971801757812,83.42971801757812,83.42971801757812,83.42971801757812,0,0.0,0.0
2001-10-15 00:00:00+09:00,84.12496566772461,84.12496566772461,82.03922271728516,82.03922271728516,5000,0.0,0.0
2001-10-16 00:00:00+09:00,88.99169921875,90.38219451904297,88.99169921875,90.38219451904297,10000,0.0,0.0
2001-10-17 00:00:00+09:00,83.42971801757812,83.42971801757812,83.42971801757812,83.42971801757812,2000,0.0,0.0
2001-10-18 00:00:00+09:00,82.73448181152344,82.73448181152344,82.73448181152344,82.73448181152344,2000,0.0,0.0
2001-10-19 00:00:00+09:00,82.73448181152344,82.73448181152344,82.73448181152344,82.73448181152344,3000,0.0,0.0
2001-10-22 00:00:00+09:00,83.42972955783877,83.42972955783877,82.73448181152344,82.73448181152344,5000,0.0,0.0
2001-10-23 00:00:00+09:00,82.73447036743164,83.42971801757812,82.73447036743164,83.42971801757812,6000,0.0,0.0
2001-10-24 00:00:00+09:00,83.42971801757812,83.42971801757812,83.42971801757812,83.42971801757812,2000,0.0,0.0
2001-10-25 00:00:00+09:00,83.42971801757812,83.42971801757812,83.42971801757812,83.42971801757812,7000,0.0,0.0
2001-10-26 00:00:00+09:00,83.42971801757812,83.42971801757812,83.42971801757812,83.42971801757812,0,0.0,0.0
2001-10-29 00:00:00+09:00,87.60122680664062,87.60122680664062,87.60122680664062,87.60122680664062,5000,0.0,0.0
2001-10-30 00:00:00+09:00,87.60122680664062,87.60122680664062,87.60122680664062,87.60122680664062,0,0.0,0.0
2001-10-31 00:00:00+09:00,87.60122680664062,87.60122680664062,87.60122680664062,87.60122680664062,0,0.0,0.0
2001-11-01 00:00:00+09:00,88.29647463843936,88.29647463843936,87.60122680664062,87.60122680664062,5000,0.0,0.0
2001-11-02 00:00:00+09:00,87.60122680664062,87.60122680664062,87.60122680664062,87.60122680664062,0,0.0,0.0
2001-11-05 00:00:00+09:00,89.68695831298828,89.68695831298828,89.68695831298828,89.68695831298828,1000,0.0,0.0
2001-11-06 00:00:00+09:00,86.90596008300781,86.90596008300781,86.90596008300781,86.90596008300781,4000,0.0,0.0
2001-11-07 00:00:00+09:00,86.90596008300781,86.90596008300781,86.90596008300781,86.90596008300781,0,0.0,0.0
2001-11-08 00:00:00+09:00,86.90596008300781,86.90596008300781,86.90596008300781,86.90596008300781,0,0.0,0.0
2001-11-09 00:00:00+09:00,86.90596008300781,86.90596008300781,86.90596008300781,86.90596008300781,0,0.0,0.0
2001-11-12 00:00:00+09:00,86.90596008300781,86.90596008300781,86.90596008300781,86.90596008300781,0,0.0,0.0
2001-11-13 00:00:00+09:00,85.51547635187869,85.51547635187869,84.82022857666016,84.82022857666016,3000,0.0,0.0
2001-11-14 00:00:00+09:00,85.51547260126792,85.51547260126792,84.1249771118164,84.1249771118164,4000,0.0,0.0
2001-11-15 00:00:00+09:00,83.42972591005523,83.42972591005523,80.64873504638672,80.64873504638672,3000,0.0,0.0
2001-11-16 00:00:00+09:00,80.64873504638672,80.64873504638672,80.64873504638672,80.64873504638672,2000,0.0,0.0
2001-11-19 00:00:00+09:00,80.64873504638672,80.64873504638672,80.64873504638672,80.64873504638672,0,0.0,0.0
2001-11-20 00:00:00+09:00,80.64873504638672,80.64873504638672,80.64873504638672,80.64873504638672,2000,0.0,0.0
2001-11-21 00:00:00+09:00,80.64873504638672,80.64873504638672,80.64873504638672,80.64873504638672,5000,0.0,0.0
2001-11-22 00:00:00+09:00,84.12497362597234,84.12497362597234,80.64873504638672,80.64873504638672,6000,0.0,0.0
2001-11-23 00:00:00+09:00,80.64873504638672,80.64873504638672,80.64873504638672,80.64873504638672,0,0.0,0.0
2001-11-26 00:00:00+09:00,80.64873504638672,80.64873504638672,80.64873504638672,80.64873504638672,3000,0.0,0.0
2001-11-27 00:00:00+09:00,80.64873504638672,80.64873504638672,80.64873504638672,80.64873504638672,2000,0.0,0.0
2001-11-28 00:00:00+09:00,81.34398651123047,81.34398651123047,81.34398651123047,81.34398651123047,1000,0.0,0.0
2001-11-29 00:00:00+09:00,83.42971801757812,83.42971801757812,83.42971801757812,83.42971801757812,4000,0.0,0.0
2001-11-30 00:00:00+09:00,83.42971801757812,83.42971801757812,83.42971801757812,83.42971801757812,3000,0.0,0.0
2001-12-03 00:00:00+09:00,86.21072387695312,86.21072387695312,86.21072387695312,86.21072387695312,4000,0.0,0.0
2001-12-04 00:00:00+09:00,83.42971801757812,83.42971801757812,83.42971801757812,83.42971801757812,7000,0.0,0.0
2001-12-05 00:00:00+09:00,81.34398651123047,81.34398651123047,81.34398651123047,81.34398651123047,2000,0.0,0.0
2001-12-06 00:00:00+09:00,71.61052307715784,73.69626646775465,71.61052307715784,72.30577087402344,21000,0.0,0.0
2001-12-07 00:00:00+09:00,73.00101867088905,73.00101867088905,72.30577087402344,72.30577087402344,4000,0.0,0.0
2001-12-10 00:00:00+09:00,76.47723388671875,76.47723388671875,76.47723388671875,76.47723388671875,4000,0.0,0.0
2001-12-11 00:00:00+09:00,79.9534912109375,79.9534912109375,79.9534912109375,79.9534912109375,5000,0.0,0.0
2001-12-12 00:00:00+09:00,79.9534912109375,79.9534912109375,79.9534912109375,79.9534912109375,9000,0.0,0.0
2001-12-13 00:00:00+09:00,79.95347179066052,79.95347179066052,76.47723388671875,76.47723388671875,5000,0.0,0.0
2001-12-14 00:00:00+09:00,76.47723751976376,76.47723751976376,73.0009994506836,73.0009994506836,10000,0.0,0.0
2001-12-17 00:00:00+09:00,76.47723388671875,76.47723388671875,76.47723388671875,76.47723388671875,1000,0.0,0.0
2001-12-18 00:00:00+09:00,73.69625854492188,73.69625854492188,73.69625854492188,73.69625854492188,3000,0.0,0.0
2001-12-19 00:00:00+09:00,71.6105240023866,71.6105240023866,68.13428497314453,68.13428497314453,5000,0.0,0.0
2001-12-20 00:00:00+09:00,68.13428497314453,68.13428497314453,66.74378936144771,68.13428497314453,6000,0.0,0.0
2001-12-21 00:00:00+09:00,68.13426577919407,68.13426577919407,66.04852294921875,66.04852294921875,11000,0.0,0.0
2001-12-24 00:00:00+09:00,66.04852294921875,66.04852294921875,66.04852294921875,66.04852294921875,0,0.0,0.0
2001-12-25 00:00:00+09:00,73.0009994506836,73.0009994506836,73.0009994506836,73.0009994506836,6000,0.0,0.0
2001-12-26 00:00:00+09:00,73.0009994506836,73.0009994506836,73.0009994506836,73.0009994506836,0,0.0,0.0
2001-12-27 00:00:00+09:00,73.0009994506836,73.0009994506836,73.0009994506836,73.0009994506836,1000,0.0,0.0
2001-12-28 00:00:00+09:00,73.0009994506836,73.0009994506836,73.0009994506836,73.0009994506836,0,0.0,0.0
2001-12-31 00:00:00+09:00,73.0009994506836,73.0009994506836,73.0009994506836,73.0009994506836,0,0.0,0.0
2002-01-01 00:00:00+09:00,73.0009994506836,73.0009994506836,73.0009994506836,73.0009994506836,0,0.0,0.0
2002-01-02 00:00:00+09:00,73.0009994506836,73.0009994506836,73.0009994506836,73.0009994506836,0,0.0,0.0
2002-01-03 00:00:00+09:00,73.0009994506836,73.0009994506836,73.0009994506836,73.0009994506836,0,0.0,0.0
2002-01-04 00:00:00+09:00,73.0009994506836,73.0009994506836,73.0009994506836,73.0009994506836,0,0.0,0.0
2002-01-07 00:00:00+09:00,73.00100731127189,73.00100731127189,68.82952117919922,68.82952117919922,11000,0.0,0.0
2002-01-08 00:00:00+09:00,66.04852294921875,66.04852294921875,66.04852294921875,66.04852294921875,15000,0.0,0.0
2002-01-09 00:00:00+09:00,66.04852294921875,66.04852294921875,66.04852294921875,66.04852294921875,3000,0.0,0.0
2002-01-10 00:00:00+09:00,66.04852294921875,66.04852294921875,66.04852294921875,66.04852294921875,14000,0.0,0.0
2002-01-11 00:00:00+09:00,66.0485384541173,66.0485384541173,64.65804290771484,64.65804290771484,7000,0.0,0.0
2002-01-14 00:00:00+09:00,64.65804290771484,64.65804290771484,64.65804290771484,64.65804290771484,0,0.0,0.0
2002-01-15 00:00:00+09:00,64.6580354054769,64.6580354054769,62.57229232788086,62.57229232788086,8000,0.0,0.0
2002-01-16 00:00:00+09:00,66.04852294921875,66.04852294921875,66.04852294921875,66.04852294921875,2000,0.0,0.0
2002-01-17 00:00:00+09:00,63.26754379272461,63.962791526710596,63.26754379272461,63.26754379272461,6000,0.0,0.0
2002-01-18 00:00:00+09:00,63.96279525756836,63.96279525756836,63.96279525756836,63.96279525756836,4000,0.0,0.0
2002-01-21 00:00:00+09:00,66.04852294921875,66.04852294921875,66.04852294921875,66.04852294921875,2000,0.0,0.0
2002-01-22 00:00:00+09:00,66.04852294921875,66.04852294921875,66.04852294921875,66.04852294921875,0,0.0,0.0
2002-01-23 00:00:00+09:00,66.04852294921875,66.04852294921875,66.04852294921875,66.04852294921875,1000,0.0,0.0
2002-01-24 00:00:00+09:00,65.35326385498047,65.35326385498047,65.35326385498047,65.35326385498047,2000,0.0,0.0
2002-01-25 00:00:00+09:00,66.0485415555993,68.13428497314453,66.0485415555993,68.13428497314453,2000,0.0,0.0
2002-01-28 00:00:00+09:00,68.13428497314453,68.13428497314453,68.13428497314453,68.13428497314453,6000,0.0,0.0
2002-01-29 00:00:00+09:00,68.13428497314453,68.13428497314453,68.13428497314453,68.13428497314453,0,0.0,0.0
2002-01-30 00:00:00+09:00,66.0485384541173,66.0485384541173,64.65804290771484,64.65804290771484,3000,0.0,0.0
2002-01-31 00:00:00+09:00,64.65804290771484,64.65804290771484,64.65804290771484,64.65804290771484,0,0.0,0.0
2002-02-01 00:00:00+09:00,66.04852294921875,66.04852294921875,66.04852294921875,66.04852294921875,4000,0.0,0.0
2002-02-04 00:00:00+09:00,66.04851134279942,66.04851134279942,65.35326385498047,65.35326385498047,2000,0.0,0.0
2002-02-05 00:00:00+09:00,65.35326385498047,65.35326385498047,65.35326385498047,65.35326385498047,0,0.0,0.0
2002-02-06 00:00:00+09:00,65.35326385498047,65.35326385498047,65.35326385498047,65.35326385498047,0,0.0,0.0
2002-02-07 00:00:00+09:00,63.96279525756836,63.96279525756836,63.96279525756836,63.96279525756836,2000,0.0,0.0
2002-02-08 00:00:00+09:00,63.26754379272461,63.26754379272461,63.26754379272461,63.26754379272461,1000,0.0,0.0
2002-02-11 00:00:00+09:00,63.26754379272461,63.26754379272461,63.26754379272461,63.26754379272461,0,0.0,0.0
2002-02-12 00:00:00+09:00,63.26754379272461,63.26754379272461,63.26754379272461,63.26754379272461,0,0.0,0.0
2002-02-13 00:00:00+09:00,63.26754379272461,63.26754379272461,63.26754379272461,63.26754379272461,0,0.0,0.0
2002-02-14 00:00:00+09:00,63.96279525756836,63.96279525756836,63.96279525756836,63.96279525756836,9000,0.0,0.0
2002-02-15 00:00:00+09:00,66.7437744140625,66.7437744140625,66.7437744140625,66.7437744140625,5000,0.0,0.0
2002-02-18 00:00:00+09:00,66.04854470432394,73.00102309425279,66.04854470432394,70.22003173828125,10000,0.0,0.0
2002-02-19 00:00:00+09:00,69.52476894732604,69.52476894732604,67.43902587890625,67.43902587890625,10000,0.0,0.0
2002-02-20 00:00:00+09:00,65.35326385498047,65.35326385498047,65.35326385498047,65.35326385498047,1000,0.0,0.0
2002-02-21 00:00:00+09:00,66.04852294921875,66.04852294921875,66.04852294921875,66.04852294921875,1000,0.0,0.0
2002-02-22 00:00:00+09:00,66.04852294921875,66.04852294921875,66.04852294921875,66.04852294921875,1000,0.0,0.0
2002-02-25 00:00:00+09:00,69.52477264404297,69.52477264404297,69.52477264404297,69.52477264404297,5000,0.0,0.0
2002-02-26 00:00:00+09:00,67.43902587890625,67.43902587890625,67.43902587890625,67.43902587890625,5000,0.0,0.0
2002-02-27 00:00:00+09:00,66.04852676391602,68.82951736450195,66.04852676391602,66.7437744140625,5000,0.0,0.0
2002-02-28 00:00:00+09:00,68.82952117919922,68.82952117919922,68.82952117919922,68.82952117919922,2000,0.0,0.0
2002-03-01 00:00:00+09:00,69.52478058484137,69.52478058484137,68.13428497314453,68.13428497314453,8000,0.0,0.0
2002-03-04 00:00:00+09:00,69.52476894732604,69.52476894732604,67.43902587890625,67.43902587890625,15000,0.0,0.0
2002-03-05 00:00:00+09:00,69.52478058484137,69.52478058484137,68.13428497314453,68.13428497314453,4000,0.0,0.0
2002-03-06 00:00:00+09:00,67.43903716729612,68.13428497314453,67.43903716729612,68.13428497314453,9000,0.0,0.0
2002-03-07 00:00:00+09:00,69.52477264404297,69.52477264404297,69.52477264404297,69.52477264404297,13000,0.0,0.0
2002-03-08 00:00:00+09:00,69.52477264404297,69.52477264404297,69.52477264404297,69.52477264404297,0,0.0,0.0
2002-03-11 00:00:00+09:00,69.52477264404297,69.52477264404297,69.52477264404297,69.52477264404297,5000,0.0,0.0
2002-03-12 00:00:00+09:00,69.52477264404297,69.52477264404297,69.52477264404297,69.52477264404297,0,0.0,0.0
2002-03-13 00:00:00+09:00,70.22001266479492,72.30575561523438,70.22001266479492,70.9152603149414,22000,0.0,0.0
2002-03-14 00:00:00+09:00,70.22003173828125,70.22003173828125,70.22003173828125,70.22003173828125,2000,0.0,0.0
2002-03-15 00:00:00+09:00,70.9152603149414,70.9152603149414,70.9152603149414,70.9152603149414,1000,0.0,0.0
2002-03-18 00:00:00+09:00,75.78200985835149,75.78200985835149,72.30577087402344,72.30577087402344,5000,0.0,0.0
2002-03-19 00:00:00+09:00,73.00100700877537,75.78199775196681,72.30575932297751,74.3915023803711,11000,0.0,0.0
2002-03-20 00:00:00+09:00,76.47724943340948,76.47724943340948,73.69625854492188,73.69625854492188,6000,0.0,0.0
2002-03-21 00:00:00+09:00,73.69625854492188,73.69625854492188,73.69625854492188,73.69625854492188,0,0.0,0.0
2002-03-22 00:00:00+09:00,73.69625854492188,73.69625854492188,73.69625854492188,73.69625854492188,1000,0.0,0.0
2002-03-25 00:00:00+09:00,75.08675384521484,75.08675384521484,75.08675384521484,75.08675384521484,12000,0.0,0.0
2002-03-26 00:00:00+09:00,77.23208618164062,77.23208618164062,77.23208618164062,77.23208618164062,4000,3.0,0.0
2002-03-27 00:00:00+09:00,77.23208618164062,77.23208618164062,77.23208618164062,77.23208618164062,0,0.0,0.0
2002-03-28 00:00:00+09:00,77.23208618164062,77.23208618164062,77.23208618164062,77.23208618164062,0,0.0,0.0
2002-03-29 00:00:00+09:00,75.08675384521484,75.08675384521484,69.36585831415086,75.08675384521484,15000,0.0,0.0
2002-04-01 00:00:00+09:00,75.08675384521484,75.08675384521484,75.08675384521484,75.08675384521484,5000,0.0,0.0
2002-04-02 00:00:00+09:00,75.08675384521484,75.08675384521484,75.08675384521484,75.08675384521484,0,0.0,0.0
2002-04-03 00:00:00+09:00,75.08676661123144,75.08676661123144,72.226318359375,72.226318359375,3000,0.0,0.0
2002-04-04 00:00:00+09:00,74.37163543701172,74.37163543701172,74.37163543701172,74.37163543701172,2000,0.0,0.0
2002-04-05 00:00:00+09:00,73.65652465820312,73.65652465820312,73.65652465820312,73.65652465820312,7000,0.0,0.0
2002-04-08 00:00:00+09:00,73.65652465820312,73.65652465820312,73.65652465820312,73.65652465820312,3000,0.0,0.0
2002-04-09 00:00:00+09:00,73.65651807598039,73.65651807598039,72.94140625,72.94140625,8000,0.0,0.0
2002-04-10 00:00:00+09:00,72.94141276831766,73.65652465820312,72.94141276831766,73.65652465820312,3000,0.0,0.0
2002-04-11 00:00:00+09:00,73.65652465820312,73.65652465820312,73.65652465820312,73.65652465820312,0,0.0,0.0
2002-04-12 00:00:00+09:00,72.94141802106584,75.08675384521484,72.94141802106584,75.08675384521484,4000,0.0,0.0
2002-04-15 00:00:00+09:00,71.51118469238281,71.51118469238281,71.51118469238281,71.51118469238281,1000,0.0,0.0
2002-04-16 00:00:00+09:00,72.94140625,72.94140625,72.94140625,72.94140625,3000,0.0,0.0
2002-04-17 00:00:00+09:00,72.94140625,72.94140625,72.94140625,72.94140625,0,0.0,0.0
2002-04-18 00:00:00+09:00,71.51120629641089,72.226318359375,71.51120629641089,72.226318359375,6000,0.0,0.0
2002-04-19 00:00:00+09:00,72.2262944240196,72.94140625,72.2262944240196,72.94140625,6000,0.0,0.0
2002-04-22 00:00:00+09:00,72.226318359375,72.226318359375,72.226318359375,72.226318359375,3000,0.0,0.0
2002-04-23 00:00:00+09:00,73.65652465820312,73.65652465820312,73.65652465820312,73.65652465820312,3000,0.0,0.0
2002-04-24 00:00:00+09:00,72.94141276831766,73.65652465820312,72.94141276831766,73.65652465820312,7000,0.0,0.0
2002-04-25 00:00:00+09:00,73.65652355780969,77.23208295381987,73.65652355780969,74.37163543701172,22000,0.0,0.0
2002-04-26 00:00:00+09:00,77.23209894353693,82.23788313432173,77.23209894353693,78.66232299804688,18000,0.0,0.0
2002-04-29 00:00:00+09:00,78.66232299804688,78.66232299804688,78.66232299804688,78.66232299804688,0,0.0,0.0
2002-04-30 00:00:00+09:00,80.80764732360839,86.52854270935057,80.80764732360839,85.81343078613281,10000,0.0,0.0
2002-05-01 00:00:00+09:00,85.81342965118155,92.96454878878002,84.38320582366187,86.5285415649414,35000,0.0,0.0
2002-05-02 00:00:00+09:00,85.8134326171875,89.38899230957031,82.23787292480469,89.38899230957031,19000,0.0,0.0
2002-05-03 00:00:00+09:00,89.38899230957031,89.38899230957031,89.38899230957031,89.38899230957031,0,0.0,0.0
2002-05-06 00:00:00+09:00,89.38899230957031,89.38899230957031,89.38899230957031,89.38899230957031,0,0.0,0.0
2002-05-07 00:00:00+09:00,88.67387390136719,88.67387390136719,87.95876201506583,88.67387390136719,7000,0.0,0.0
2002-05-08 00:00:00+09:00,88.67388439178467,91.53433227539062,88.67388439178467,91.53433227539062,15000,0.0,0.0
2002-05-09 00:00:00+09:00,91.5343384781504,92.9645625168715,87.95877838134766,87.95877838134766,18000,0.0,0.0
2002-05-10 00:00:00+09:00,85.09831886291504,85.81343078613281,82.23787117004395,85.81343078613281,12000,0.0,0.0
2002-05-13 00:00:00+09:00,82.95298767089844,82.95298767089844,82.23787570821828,82.95298767089844,10000,0.0,0.0
2002-05-14 00:00:00+09:00,82.95298767089844,82.95298767089844,82.95298767089844,82.95298767089844,4000,0.0,0.0
2002-05-15 00:00:00+09:00,82.95298767089844,82.95298767089844,82.95298767089844,82.95298767089844,0,0.0,0.0
2002-05-16 00:00:00+09:00,85.09832000732422,85.09832000732422,85.09832000732422,85.09832000732422,3000,0.0,0.0
2002-05-17 00:00:00+09:00,81.52275963167175,81.52275963167175,80.80764770507812,80.80764770507812,3000,0.0,0.0
2002-05-20 00:00:00+09:00,85.09832478398862,85.81343675696331,82.23787689208984,82.23787689208984,8000,0.0,0.0
2002-05-21 00:00:00+09:00,84.3832015991211,84.3832015991211,84.3832015991211,84.3832015991211,1000,0.0,0.0
2002-05-22 00:00:00+09:00,84.3832015991211,84.3832015991211,84.3832015991211,84.3832015991211,0,0.0,0.0
2002-05-23 00:00:00+09:00,82.23787689208984,82.23787689208984,82.23787689208984,82.23787689208984,2000,0.0,0.0
2002-05-24 00:00:00+09:00,82.23787689208984,82.23787689208984,82.23787689208984,82.23787689208984,6000,0.0,0.0
2002-05-27 00:00:00+09:00,82.23787570821828,82.95298767089844,82.23787570821828,82.95298767089844,3000,0.0,0.0
2002-05-28 00:00:00+09:00,85.09832000732422,85.81343194015888,85.09832000732422,85.09832000732422,7000,0.0,0.0
2002-05-29 00:00:00+09:00,85.09831886291504,85.81343078613281,82.95298309326171,85.81343078613281,6000,0.0,0.0
2002-05-30 00:00:00+09:00,85.81343078613281,85.81343078613281,85.81343078613281,85.81343078613281,3000,0.0,0.0
2002-05-31 00:00:00+09:00,82.95298767089844,82.95298767089844,82.95298767089844,82.95298767089844,2000,0.0,0.0
2002-06-03 00:00:00+09:00,85.09832000732422,85.09832000732422,85.09832000732422,85.09832000732422,5000,0.0,0.0
2002-06-04 00:00:00+09:00,85.09832000732422,85.09832000732422,85.09832000732422,85.09832000732422,0,0.0,0.0
2002-06-05 00:00:00+09:00,85.09832000732422,85.09832000732422,85.09832000732422,85.09832000732422,0,0.0,0.0
2002-06-06 00:00:00+09:00,83.66809844970703,83.66809844970703,83.66809844970703,83.66809844970703,1000,0.0,0.0
2002-06-07 00:00:00+09:00,83.66809844970703,83.66809844970703,83.66809844970703,83.66809844970703,0,0.0,0.0
2002-06-10 00:00:00+09:00,83.66809844970703,83.66809844970703,83.66809844970703,83.66809844970703,0,0.0,0.0
2002-06-11 00:00:00+09:00,83.66809844970703,83.66809844970703,83.66809844970703,83.66809844970703,0,0.0,0.0
2002-06-12 00:00:00+09:00,82.95298767089844,82.95298767089844,82.95298767089844,82.95298767089844,4000,0.0,0.0
2002-06-13 00:00:00+09:00,82.23787689208984,82.23787689208984,82.23787689208984,82.23787689208984,2000,0.0,0.0
2002-06-14 00:00:00+09:00,82.23787689208984,82.23787689208984,82.23787689208984,82.23787689208984,3000,0.0,0.0
2002-06-17 00:00:00+09:00,82.23787689208984,82.23787689208984,82.23787689208984,82.23787689208984,2000,0.0,0.0
2002-06-18 00:00:00+09:00,82.23787689208984,82.23787689208984,82.23787689208984,82.23787689208984,1000,0.0,0.0
2002-06-19 00:00:00+09:00,82.23788313432173,82.23788313432173,69.36586664373225,78.66232299804688,10000,0.0,0.0
2002-06-20 00:00:00+09:00,74.37163543701172,74.37163543701172,74.37163543701172,74.37163543701172,2000,0.0,0.0
2002-06-21 00:00:00+09:00,75.08675384521484,75.08675384521484,75.08675384521484,75.08675384521484,2000,0.0,0.0
2002-06-24 00:00:00+09:00,75.08675384521484,75.08675384521484,75.08675384521484,75.08675384521484,3000,0.0,0.0
2002-06-25 00:00:00+09:00,75.08675384521484,75.08675384521484,75.08675384521484,75.08675384521484,3000,0.0,0.0
2002-06-26 00:00:00+09:00,75.08674936557034,77.94719696044922,75.08674936557034,77.94719696044922,8000,0.0,0.0
2002-06-27 00:00:00+09:00,77.23208966936383,77.23208966936383,75.08675384521484,75.08675384521484,2000,0.0,0.0
2002-06-28 00:00:00+09:00,78.66232299804688,78.66232299804688,78.66232299804688,78.66232299804688,1000,0.0,0.0
2002-07-01 00:00:00+09:00,78.66232299804688,78.66232299804688,78.66232299804688,78.66232299804688,1000,0.0,0.0
2002-07-02 00:00:00+09:00,78.66231355212983,78.66231355212983,75.08675384521484,75.08675384521484,5000,0.0,0.0
2002-07-03 00:00:00+09:00,75.80187225341797,75.80187225341797,75.80187225341797,75.80187225341797,3000,0.0,0.0
2002-07-04 00:00:00+09:00,75.80187225341797,75.80187225341797,75.80187225341797,75.80187225341797,0,0.0,0.0
2002-07-05 00:00:00+09:00,76.51697540283203,76.51697540283203,76.51697540283203,76.51697540283203,3000,0.0,0.0
2002-07-08 00:00:00+09:00,76.51697540283203,76.51697540283203,75.80186348317939,76.51697540283203,8000,0.0,0.0
2002-07-09 00:00:00+09:00,76.51698691628197,78.66232299804688,76.51698691628197,78.66232299804688,12000,0.0,0.0
2002-07-10 00:00:00+09:00,78.66232054574148,85.09832859039307,78.66232054574148,80.09254455566406,48000,0.0,0.0
2002-07-11 00:00:00+09:00,80.09254455566406,80.09254455566406,80.09254455566406,80.09254455566406,5000,0.0,0.0
2002-07-12 00:00:00+09:00,80.09254455566406,80.09254455566406,80.09254455566406,80.09254455566406,2000,0.0,0.0
2002-07-15 00:00:00+09:00,80.09254705255682,80.09254705255682,78.66232299804688,78.66232299804688,10000,0.0,0.0
2002-07-16 00:00:00+09:00,78.66232299804688,78.66232299804688,78.66232299804688,78.66232299804688,2000,0.0,0.0
2002-07-17 00:00:00+09:00,78.66232299804688,78.66232299804688,78.66232299804688,78.66232299804688,0,0.0,0.0
2002-07-18 00:00:00+09:00,78.66232299804688,78.66232299804688,78.66232299804688,78.66232299804688,0,0.0,0.0
2002-07-19 00:00:00+09:00,78.66232299804688,78.66232299804688,78.66232299804688,78.66232299804688,0,0.0,0.0
2002-07-22 00:00:00+09:00,78.66232299804688,78.66232299804688,78.66232299804688,78.66232299804688,0,0.0,0.0
2002-07-23 00:00:00+09:00,75.80187225341797,75.80187225341797,75.80187225341797,75.80187225341797,2000,0.0,0.0
2002-07-24 00:00:00+09:00,75.80186348317939,76.51697540283203,75.80186348317939,76.51697540283203,5000,0.0,0.0
2002-07-25 00:00:00+09:00,77.94719696044922,77.94719696044922,77.94719696044922,77.94719696044922,2000,0.0,0.0
2002-07-26 00:00:00+09:00,77.94719809072988,77.94719809072988,77.23208618164062,77.23208618164062,8000,0.0,0.0
2002-07-29 00:00:00+09:00,77.94719696044922,77.94719696044922,77.94719696044922,77.94719696044922,2000,0.0,0.0
2002-07-30 00:00:00+09:00,77.94719696044922,77.94719696044922,77.94719696044922,77.94719696044922,0,0.0,0.0
2002-07-31 00:00:00+09:00,77.94719696044922,77.94719696044922,77.94719696044922,77.94719696044922,0,0.0,0.0
2002-08-01 00:00:00+09:00,78.66232299804688,78.66232299804688,78.66232299804688,78.66232299804688,2000,0.0,0.0
2002-08-02 00:00:00+09:00,80.80764770507812,80.80764770507812,80.80764770507812,80.80764770507812,2000,0.0,0.0
2002-08-05 00:00:00+09:00,75.80187225341797,75.80187225341797,75.80187225341797,75.80187225341797,4000,0.0,0.0
2002-08-06 00:00:00+09:00,75.80186578659784,75.80186578659784,75.08675384521484,75.08675384521484,8000,0.0,0.0
2002-08-07 00:00:00+09:00,75.80187225341797,75.80187225341797,75.80187225341797,75.80187225341797,2000,0.0,0.0
2002-08-08 00:00:00+09:00,75.08675384521484,75.08675384521484,75.08675384521484,75.08675384521484,1000,0.0,0.0
2002-08-09 00:00:00+09:00,75.80186578659784,75.80186578659784,75.08675384521484,75.08675384521484,2000,0.0,0.0
2002-08-12 00:00:00+09:00,75.80186578659784,75.80186578659784,75.08675384521484,75.08675384521484,2000,0.0,0.0
2002-08-13 00:00:00+09:00,75.80187225341797,75.80187225341797,75.80187225341797,75.80187225341797,1000,0.0,0.0
2002-08-14 00:00:00+09:00,75.08675229232924,80.80764770507812,75.08675229232924,80.80764770507812,3000,0.0,0.0
2002-08-15 00:00:00+09:00,80.80764770507812,80.80764770507812,80.80764770507812,80.80764770507812,0,0.0,0.0
2002-08-16 00:00:00+09:00,76.51697772798084,76.51697772798084,75.08675384521484,75.08675384521484,2000,0.0,0.0
2002-08-19 00:00:00+09:00,75.80187225341797,75.80187225341797,75.80187225341797,75.80187225341797,1000,0.0,0.0
2002-08-20 00:00:00+09:00,75.80186578659784,75.80186578659784,75.08675384521484,75.08675384521484,2000,0.0,0.0
2002-08-21 00:00:00+09:00,75.08675384521484,75.08675384521484,75.08675384521484,75.08675384521484,7000,0.0,0.0
2002-08-22 00:00:00+09:00,75.08675384521484,75.08675384521484,75.08675384521484,75.08675384521484,2000,0.0,0.0
2002-08-23 00:00:00+09:00,75.08675384521484,75.08675384521484,75.08675384521484,75.08675384521484,0,0.0,0.0
2002-08-26 00:00:00+09:00,75.80187225341797,75.80187225341797,75.80187225341797,75.80187225341797,1000,0.0,0.0
2002-08-27 00:00:00+09:00,75.80186508641098,78.66231282552084,70.79608154296875,70.79608154296875,10000,0.0,0.0
2002-08-28 00:00:00+09:00,72.226318359375,72.226318359375,72.226318359375,72.226318359375,1000,0.0,0.0
2002-08-29 00:00:00+09:00,71.51118469238281,71.51118469238281,70.79607284545898,71.51118469238281,19000,0.0,0.0
2002-08-30 00:00:00+09:00,71.51118469238281,71.51118469238281,71.51118469238281,71.51118469238281,1000,0.0,0.0
2002-09-02 00:00:00+09:00,71.51118469238281,71.51118469238281,71.51118469238281,71.51118469238281,5000,0.0,0.0
2002-09-03 00:00:00+09:00,71.51118469238281,71.51118469238281,71.51118469238281,71.51118469238281,6000,0.0,0.0
2002-09-04 00:00:00+09:00,70.08097194396343,70.08097194396343,69.36585998535156,69.36585998535156,4000,0.0,0.0
2002-09-05 00:00:00+09:00,69.36585998535156,69.36585998535156,69.36585998535156,69.36585998535156,2000,0.0,0.0
2002-09-06 00:00:00+09:00,69.36585998535156,69.36585998535156,69.36585998535156,69.36585998535156,2000,0.0,0.0
2002-09-09 00:00:00+09:00,69.36585998535156,70.08097194396343,69.36585998535156,69.36585998535156,6000,0.0,0.0
2002-09-10 00:00:00+09:00,69.36585767341383,70.79608154296875,69.36585767341383,70.79608154296875,3000,0.0,0.0
2002-09-11 00:00:00+09:00,70.79608154296875,70.79608154296875,70.79608154296875,70.79608154296875,0,0.0,0.0
2002-09-12 00:00:00+09:00,67.9356460571289,67.9356460571289,67.9356460571289,67.9356460571289,3000,0.0,0.0
2002-09-13 00:00:00+09:00,67.9356460571289,68.65075812088816,67.9356460571289,67.9356460571289,5000,0.0,0.0
2002-09-16 00:00:00+09:00,67.9356460571289,67.9356460571289,67.9356460571289,67.9356460571289,0,0.0,0.0
2002-09-17 00:00:00+09:00,67.9356460571289,67.9356460571289,67.9356460571289,67.9356460571289,1000,0.0,0.0
2002-09-18 00:00:00+09:00,68.65074920654297,68.65074920654297,68.65074920654297,68.65074920654297,4000,0.0,0.0
2002-09-19 00:00:00+09:00,68.65074920654297,68.65074920654297,68.65074920654297,68.65074920654297,9000,0.0,0.0
2002-09-20 00:00:00+09:00,65.07518652211064,65.79029846191406,65.07518652211064,65.79029846191406,2000,0.0,0.0
2002-09-23 00:00:00+09:00,65.79029846191406,65.79029846191406,65.79029846191406,65.79029846191406,0,0.0,0.0
2002-09-24 00:00:00+09:00,67.9356460571289,67.9356460571289,67.9356460571289,67.9356460571289,3000,0.0,0.0
2002-09-25 00:00:00+09:00,67.9356460571289,67.9356460571289,67.9356460571289,67.9356460571289,3000,0.0,0.0
2002-09-26 00:00:00+09:00,67.9356460571289,67.9356460571289,65.07519780209189,67.9356460571289,12000,0.0,0.0
2002-09-27 00:00:00+09:00,67.9356460571289,67.9356460571289,67.9356460571289,67.9356460571289,2000,0.0,0.0
2002-09-30 00:00:00+09:00,67.9356460571289,67.9356460571289,67.9356460571289,67.9356460571289,1000,0.0,0.0
2002-10-01 00:00:00+09:00,67.9356460571289,67.9356460571289,67.9356460571289,67.9356460571289,6000,0.0,0.0
2002-10-02 00:00:00+09:00,65.79029846191406,65.79029846191406,65.79029846191406,65.79029846191406,2000,0.0,0.0
2002-10-03 00:00:00+09:00,65.79029846191406,65.79029846191406,65.79029846191406,65.79029846191406,2000,0.0,0.0
2002-10-04 00:00:00+09:00,65.79029846191406,65.79029846191406,65.79029846191406,65.79029846191406,2000,0.0,0.0
2002-10-07 00:00:00+09:00,64.3600845336914,64.3600845336914,64.3600845336914,64.3600845336914,1000,0.0,0.0
2002-10-08 00:00:00+09:00,64.3600845336914,64.3600845336914,64.3600845336914,64.3600845336914,0,0.0,0.0
2002-10-09 00:00:00+09:00,64.3600766412143,64.3600766412143,62.21474075317383,62.21474075317383,2000,0.0,0.0
2002-10-10 00:00:00+09:00,60.78451900947385,60.78451900947385,58.639183044433594,58.639183044433594,2000,0.0,0.0
2002-10-11 00:00:00+09:00,60.784507751464844,60.784507751464844,60.784507751464844,60.784507751464844,0,0.0,0.0
2002-10-14 00:00:00+09:00,60.784507751464844,60.784507751464844,60.784507751464844,60.784507751464844,0,0.0,0.0
2002-10-15 00:00:00+09:00,61.4996337890625,61.4996337890625,61.4996337890625,61.4996337890625,5000,0.0,0.0
2002-10-16 00:00:00+09:00,62.214745809865555,62.214745809865555,61.4996337890625,61.4996337890625,8000,0.0,0.0
2002-10-17 00:00:00+09:00,57.208961664244185,61.4996337890625,57.208961664244185,61.4996337890625,5000,0.0,0.0
2002-10-18 00:00:00+09:00,61.4996337890625,61.4996337890625,61.4996337890625,61.4996337890625,0,0.0,0.0
2002-10-21 00:00:00+09:00,62.92985534667969,62.92985534667969,62.92985534667969,62.92985534667969,0,0.0,0.0
2002-10-22 00:00:00+09:00,63.64496612548828,63.64496612548828,61.49963018867407,63.64496612548828,14000,0.0,0.0
2002-10-23 00:00:00+09:00,63.64496377798227,67.22052354079027,63.64496377798227,65.07518768310547,17000,0.0,0.0
2002-10-24 00:00:00+09:00,65.79029799952652,70.79608154296875,65.79029799952652,70.79608154296875,7000,0.0,0.0
2002-10-25 00:00:00+09:00,69.36586117744446,69.36586117744446,68.65074920654297,68.65074920654297,7000,0.0,0.0
2002-10-28 00:00:00+09:00,67.22050476074219,67.22050476074219,65.79028125519449,67.22050476074219,5000,0.0,0.0
2002-10-29 00:00:00+09:00,66.50541687011719,66.50541687011719,66.50541687011719,66.50541687011719,0,0.0,0.0
2002-10-30 00:00:00+09:00,64.3600845336914,64.3600845336914,62.92986043294271,64.3600845336914,7000,0.0,0.0
2002-10-31 00:00:00+09:00,62.92984924316406,62.92984924316406,50.05783462524414,57.208953857421875,62000,0.0,0.0
2002-11-01 00:00:00+09:00,57.208959067740096,58.639183044433594,57.208959067740096,58.639183044433594,11000,0.0,0.0
2002-11-04 00:00:00+09:00,58.639183044433594,58.639183044433594,58.639183044433594,58.639183044433594,0,0.0,0.0
2002-11-05 00:00:00+09:00,58.639183044433594,58.639183044433594,58.639183044433594,58.639183044433594,0,0.0,0.0
2002-11-06 00:00:00+09:00,55.77873992919922,55.77873992919922,55.77873992919922,55.77873992919922,1000,0.0,0.0
2002-11-07 00:00:00+09:00,57.208953857421875,57.208953857421875,57.208953857421875,57.208953857421875,3000,0.0,0.0
2002-11-08 00:00:00+09:00,55.77873079400314,55.77873079400314,54.34850692749024,54.348506927490234,2000,0.0,0.0
2002-11-11 00:00:00+09:00,55.77873001098632,57.208953857421875,55.77873001098632,57.208953857421875,5000,0.0,0.0
2002-11-12 00:00:00+09:00,55.778733227704016,56.493845192161764,52.91828536987305,52.91828536987305,37000,0.0,0.0
2002-11-13 00:00:00+09:00,51.488067626953125,55.77873992919922,51.488067626953125,53.63340377807617,14000,0.0,0.0
2002-11-14 00:00:00+09:00,52.203179677327476,54.34851582845052,52.203179677327476,53.63340377807617,9000,0.0,0.0
2002-11-15 00:00:00+09:00,52.203171127720886,54.34850692749024,52.203171127720886,54.348506927490234,36000,0.0,0.0
2002-11-18 00:00:00+09:00,53.633404781943874,67.9356460571289,52.20318065442537,67.9356460571289,45000,0.0,0.0
2002-11-19 00:00:00+09:00,55.77873542092063,65.0751913244074,55.77873542092063,62.92985534667969,62000,0.0,0.0
2002-11-20 00:00:00+09:00,59.354294251859855,67.22052602017862,57.92407029398372,63.64496612548828,104000,0.0,0.0
2002-11-21 00:00:00+09:00,67.22052249000185,79.37742549351283,63.64496278308687,75.08675384521484,304000,0.0,0.0
2002-11-22 00:00:00+09:00,72.22630906105042,74.37164497375488,61.499629497528076,68.65074920654297,122000,0.0,0.0
2002-11-25 00:00:00+09:00,68.65074744591345,68.65074744591345,63.64496377798227,65.07518768310547,60000,0.0,0.0
2002-11-26 00:00:00+09:00,65.07518860389446,65.07518860389446,61.499628790493674,62.21474075317383,35000,0.0,0.0
2002-11-27 00:00:00+09:00,62.21474075317383,62.21474075317383,62.21474075317383,62.21474075317383,5000,0.0,0.0
2002-11-28 00:00:00+09:00,62.92985534667969,66.50541530955921,61.499631361527875,62.92985534667969,39000,0.0,0.0
2002-11-29 00:00:00+09:00,62.92985271585399,62.92985271585399,62.21474075317383,62.21474075317383,25000,0.0,0.0
2002-12-02 00:00:00+09:00,62.21474075317383,62.21474075317383,62.21474075317383,62.21474075317383,0,0.0,0.0
2002-12-03 00:00:00+09:00,64.3600793318315,64.3600793318315,62.92985534667969,62.92985534667969,14000,0.0,0.0
2002-12-04 00:00:00+09:00,62.92985534667969,62.92985534667969,62.92985534667969,62.92985534667969,2000,0.0,0.0
2002-12-05 00:00:00+09:00,62.21475233350481,62.21475233350481,60.06941604614258,60.06941604614258,21000,0.0,0.0
2002-12-06 00:00:00+09:00,59.35427548022981,67.22050476074219,57.9240519746821,67.22050476074219,35000,0.0,0.0
2002-12-09 00:00:00+09:00,62.21474075317383,62.21474075317383,62.21474075317383,62.21474075317383,7000,0.0,0.0
2002-12-10 00:00:00+09:00,62.21474075317383,63.64496467853415,62.21474075317383,62.21474075317383,7000,0.0,0.0
2002-12-11 00:00:00+09:00,62.21474075317383,62.92985271585399,62.21474075317383,62.21474075317383,7000,0.0,0.0
2002-12-12 00:00:00+09:00,62.21475233350481,62.21475233350481,60.06941604614258,60.06941604614258,14000,0.0,0.0
2002-12-13 00:00:00+09:00,59.35428237915039,60.06939421504377,57.924058707363635,59.35428237915039,15000,0.0,0.0
2002-12-16 00:00:00+09:00,59.35428237915039,60.784506050937146,59.35428237915039,59.35428237915039,5000,0.0,0.0
2002-12-17 00:00:00+09:00,55.77873992919922,57.924076080322266,55.77873992919922,57.924076080322266,5000,0.0,0.0
2002-12-18 00:00:00+09:00,56.493845051732556,62.21474075317383,55.06362112637224,62.21474075317383,22000,0.0,0.0
2002-12-19 00:00:00+09:00,56.49385197957357,58.63918813069662,55.77873992919922,55.77873992919922,3000,0.0,0.0
2002-12-20 00:00:00+09:00,55.77873079400314,55.77873079400314,54.34850692749024,54.348506927490234,4000,0.0,0.0
2002-12-23 00:00:00+09:00,54.34850692749024,54.34850692749024,54.34850692749024,54.348506927490234,0,0.0,0.0
2002-12-24 00:00:00+09:00,55.063618860746686,56.49384272725959,54.34850692749024,54.348506927490234,16000,0.0,0.0
2002-12-25 00:00:00+09:00,54.34849952789675,59.35428237915039,54.34849952789675,59.35428237915039,17000,0.0,0.0
2002-12-26 00:00:00+09:00,57.20895940607244,62.92985534667969,57.20895940607244,62.92985534667969,11000,0.0,0.0
2002-12-27 00:00:00+09:00,63.64496264250382,65.79029846191406,63.64496264250382,65.79029846191406,14000,0.0,0.0
2002-12-30 00:00:00+09:00,65.79029846191406,65.79029846191406,65.79029846191406,65.79029846191406,0,0.0,0.0
2002-12-31 00:00:00+09:00,65.79029846191406,65.79029846191406,65.79029846191406,65.79029846191406,0,0.0,0.0
2003-01-01 00:00:00+09:00,65.79029846191406,65.79029846191406,65.79029846191406,65.79029846191406,0,0.0,0.0
2003-01-02 00:00:00+09:00,65.79029846191406,65.79029846191406,65.79029846191406,65.79029846191406,0,0.0,0.0
2003-01-03 00:00:00+09:00,65.79029846191406,65.79029846191406,65.79029846191406,65.79029846191406,0,0.0,0.0
2003-01-06 00:00:00+09:00,65.07519658406576,65.07519658406576,64.3600845336914,64.3600845336914,16000,0.0,0.0
2003-01-07 00:00:00+09:00,64.3600845336914,64.3600845336914,64.3600845336914,64.3600845336914,0,0.0,0.0
2003-01-08 00:00:00+09:00,60.06941604614258,60.06941604614258,60.06941604614258,60.06941604614258,2000,0.0,0.0
2003-01-09 00:00:00+09:00,58.639170543257016,60.06939421504377,58.639170543257016,59.35428237915039,15000,0.0,0.0
2003-01-10 00:00:00+09:00,59.35428237915039,59.35428237915039,59.35428237915039,59.35428237915039,14000,0.0,0.0
2003-01-13 00:00:00+09:00,59.35428237915039,59.35428237915039,59.35428237915039,59.35428237915039,0,0.0,0.0
2003-01-14 00:00:00+09:00,58.639170543257016,59.35428237915039,57.924058707363635,59.35428237915039,9000,0.0,0.0
2003-01-15 00:00:00+09:00,59.35429772665334,61.4996337890625,59.35429772665334,61.4996337890625,21000,0.0,0.0
2003-01-16 00:00:00+09:00,61.499631361527875,62.92985534667969,61.499631361527875,62.92985534667969,11000,0.0,0.0
2003-01-17 00:00:00+09:00,62.929850702700406,65.79029846191406,62.929850702700406,65.79029846191406,10000,0.0,0.0
2003-01-20 00:00:00+09:00,63.64496467853415,63.64496467853415,61.499628790493674,62.21474075317383,13000,0.0,0.0
2003-01-21 00:00:00+09:00,62.92986043294271,64.3600845336914,61.499636332194015,64.3600845336914,13000,0.0,0.0
2003-01-22 00:00:00+09:00,63.644967339255594,63.644967339255594,62.92985534667969,62.92985534667969,18000,0.0,0.0
2003-01-23 00:00:00+09:00,62.21474075317383,62.21474075317383,62.21474075317383,62.21474075317383,5000,0.0,0.0
2003-01-24 00:00:00+09:00,62.21474335410378,62.92985534667969,61.499631361527875,62.92985534667969,10000,0.0,0.0
2003-01-27 00:00:00+09:00,60.78451682781351,62.21474075317383,60.78451682781351,62.21474075317383,16000,0.0,0.0
2003-01-28 00:00:00+09:00,60.78452814192999,60.78452814192999,58.639191854567756,60.06941604614258,23000,0.0,0.0
2003-01-29 00:00:00+09:00,60.78451900947385,60.78451900947385,58.639183044433594,58.639183044433594,5000,0.0,0.0
2003-01-30 00:00:00+09:00,57.924079758780344,60.06941604614258,57.20896766299293,60.06941604614258,8000,0.0,0.0
2003-01-31 00:00:00+09:00,57.20894687147026,59.35428237915039,57.20894687147026,59.35428237915039,3000,0.0,0.0
2003-02-03 00:00:00+09:00,59.35430395035517,60.06941604614258,59.35430395035517,60.06941604614258,7000,0.0,0.0
2003-02-04 00:00:00+09:00,61.4996337890625,61.4996337890625,61.4996337890625,61.4996337890625,1000,0.0,0.0
2003-02-05 00:00:00+09:00,60.784507751464844,60.784507751464844,60.784507751464844,60.784507751464844,3000,0.0,0.0
2003-02-06 00:00:00+09:00,60.784507751464844,60.784507751464844,60.06939589556526,60.784507751464844,22000,0.0,0.0
2003-02-07 00:00:00+09:00,60.78452176825945,61.4996337890625,60.78452176825945,61.4996337890625,5000,0.0,0.0
2003-02-10 00:00:00+09:00,61.4996402377174,61.4996402377174,60.06941604614258,60.06941604614258,21000,0.0,0.0
2003-02-11 00:00:00+09:00,60.06941604614258,60.06941604614258,60.06941604614258,60.06941604614258,0,0.0,0.0
2003-02-12 00:00:00+09:00,60.78452814192999,62.92986442929222,60.06941604614258,60.06941604614258,110000,0.0,0.0
2003-02-13 00:00:00+09:00,60.784507751464844,62.9298433191636,60.784507751464844,60.784507751464844,98000,0.0,0.0
2003-02-14 00:00:00+09:00,61.499628790493674,62.92985271585399,61.499628790493674,62.21474075317383,31000,0.0,0.0
2003-02-17 00:00:00+09:00,62.92985682333669,66.50541687011719,62.92985682333669,66.50541687011719,52000,0.0,0.0
2003-02-18 00:00:00+09:00,66.50541687011719,66.50541687011719,65.07519285140499,66.50541687011719,23000,0.0,0.0
2003-02-19 00:00:00+09:00,65.79029846191406,65.79029846191406,64.36007458230723,65.79029846191406,23000,0.0,0.0
2003-02-20 00:00:00+09:00,65.07519658406576,65.79030863444011,64.3600845336914,64.3600845336914,22000,0.0,0.0
2003-02-21 00:00:00+09:00,63.644967339255594,63.644967339255594,62.21474335410378,62.92985534667969,25000,0.0,0.0
2003-02-24 00:00:00+09:00,62.21474335410378,62.92985534667969,62.21474335410378,62.92985534667969,7000,0.0,0.0
2003-02-25 00:00:00+09:00,63.64495517506319,63.64495517506319,60.784507751464844,60.784507751464844,25000,0.0,0.0
2003-02-26 00:00:00+09:00,59.35428403966567,60.784507751464844,59.35428403966567,60.784507751464844,3000,0.0,0.0
2003-02-27 00:00:00+09:00,61.4996337890625,61.4996337890625,61.4996337890625,61.4996337890625,1000,0.0,0.0
2003-02-28 00:00:00+09:00,61.4996337890625,61.4996337890625,61.4996337890625,61.4996337890625,0,0.0,0.0
2003-03-03 00:00:00+09:00,61.4996337890625,61.4996337890625,60.78452176825945,61.4996337890625,10000,0.0,0.0
2003-03-04 00:00:00+09:00,61.4996337890625,62.214745809865555,60.78452176825945,61.4996337890625,10000,0.0,0.0
2003-03-05 00:00:00+09:00,61.4996337890625,61.4996337890625,61.4996337890625,61.4996337890625,3000,0.0,0.0
2003-03-06 00:00:00+09:00,61.4996337890625,62.214745809865555,61.4996337890625,61.4996337890625,18000,0.0,0.0
2003-03-07 00:00:00+09:00,61.49961960736443,61.49961960736443,60.784507751464844,60.784507751464844,12000,0.0,0.0
2003-03-10 00:00:00+09:00,60.069401550292966,60.069401550292966,57.208953857421875,57.208953857421875,20000,0.0,0.0
2003-03-11 00:00:00+09:00,57.208953857421875,57.208953857421875,53.63339424133301,57.208953857421875,33000,0.0,0.0
2003-03-12 00:00:00+09:00,55.77872360808939,56.49383544921875,55.77872360808939,56.49383544921875,11000,0.0,0.0
2003-03-13 00:00:00+09:00,56.49383544921875,56.49383544921875,56.49383544921875,56.49383544921875,14000,0.0,0.0
2003-03-14 00:00:00+09:00,56.49383544921875,56.49383544921875,56.49383544921875,56.49383544921875,6000,0.0,0.0
2003-03-17 00:00:00+09:00,56.49383544921875,56.49383544921875,56.49383544921875,56.49383544921875,0,0.0,0.0
2003-03-18 00:00:00+09:00,56.4938419342041,57.208953857421875,56.4938419342041,57.208953857421875,13000,0.0,0.0
2003-03-19 00:00:00+09:00,57.208953857421875,57.208953857421875,57.208953857421875,57.208953857421875,0,0.0,0.0
2003-03-20 00:00:00+09:00,57.20896402994792,57.924076080322266,57.20896402994792,57.924076080322266,24000,0.0,0.0
2003-03-21 00:00:00+09:00,57.924076080322266,57.924076080322266,57.924076080322266,57.924076080322266,0,0.0,0.0
2003-03-24 00:00:00+09:00,58.639170543257016,59.35428237915039,58.639170543257016,59.35428237915039,15000,0.0,0.0
2003-03-25 00:00:00+09:00,59.35428237915039,59.35428237915039,58.639170543257016,59.35428237915039,20000,0.0,0.0
2003-03-26 00:00:00+09:00,60.838150589554395,60.838150589554395,60.096221923828125,60.096221923828125,2000,3.0,0.0
2003-03-27 00:00:00+09:00,59.3542905397053,59.3542905397053,58.612361907958984,58.612361907958984,12000,0.0,0.0
2003-03-28 00:00:00+09:00,59.3542905397053,59.3542905397053,58.612361907958984,58.612361907958984,4000,0.0,0.0
2003-03-31 00:00:00+09:00,59.3542905397053,59.3542905397053,58.612361907958984,58.612361907958984,3000,0.0,0.0
2003-04-01 00:00:00+09:00,58.612361907958984,58.612361907958984,58.612361907958984,58.612361907958984,0,0.0,0.0
2003-04-02 00:00:00+09:00,58.612374036740036,58.612374036740036,57.870445251464844,57.870445251464844,33000,0.0,0.0
2003-04-03 00:00:00+09:00,57.870425319671625,59.35428237915039,57.870425319671625,59.35428237915039,14000,0.0,0.0
2003-04-04 00:00:00+09:00,59.35428237915039,59.35428237915039,59.35428237915039,59.35428237915039,12000,0.0,0.0
2003-04-07 00:00:00+09:00,59.35429325810185,60.096221923828125,59.35429325810185,60.096221923828125,2000,0.0,0.0
2003-04-08 00:00:00+09:00,60.096221365579744,60.83815002441406,60.096221365579744,60.83815002441406,8000,0.0,0.0
2003-04-09 00:00:00+09:00,60.83815002441406,60.83815002441406,60.83815002441406,60.83815002441406,6000,0.0,0.0
2003-04-10 00:00:00+09:00,60.83815324162862,61.58008193969726,60.83815324162862,61.580081939697266,18000,0.0,0.0
2003-04-11 00:00:00+09:00,62.3220106377659,63.06393933583455,61.58008193969726,61.580081939697266,17000,0.0,0.0
2003-04-14 00:00:00+09:00,61.580067968368525,61.580067968368525,59.35428237915039,59.35428237915039,9000,0.0,0.0
2003-04-15 00:00:00+09:00,61.58007925528067,61.58007925528067,60.096221923828125,60.096221923828125,6000,0.0,0.0
2003-04-16 00:00:00+09:00,61.58008134932745,62.3220100402832,61.58008134932745,62.3220100402832,7000,0.0,0.0
2003-04-17 00:00:00+09:00,62.322013226677385,63.063941955566406,62.322013226677385,63.063941955566406,11000,0.0,0.0
2003-04-18 00:00:00+09:00,63.06394072784775,64.54779815673828,63.06394072784775,64.54779815673828,11000,0.0,0.0
2003-04-21 00:00:00+09:00,64.5478037516276,66.77359008789062,64.5478037516276,66.77359008789062,24000,0.0,0.0
2003-04-22 00:00:00+09:00,65.28971811358849,66.03164672851562,64.54778949866134,66.03164672851562,8000,0.0,0.0
2003-04-23 00:00:00+09:00,67.51549488565196,70.48320894655974,66.77356637042502,68.2574234008789,110000,0.0,0.0
2003-04-24 00:00:00+09:00,68.99937642415364,68.99937642415364,66.77359008789062,66.77359008789062,42000,0.0,0.0
2003-04-25 00:00:00+09:00,67.51551055908203,67.51551055908203,65.28972449669472,67.51551055908203,34000,0.0,0.0
2003-04-28 00:00:00+09:00,65.28972749931867,65.28972749931867,63.805870056152344,63.805870056152344,13000,0.0,0.0
2003-04-29 00:00:00+09:00,63.805870056152344,63.805870056152344,63.805870056152344,63.805870056152344,0,0.0,0.0
2003-04-30 00:00:00+09:00,63.805869442293016,66.77358430007409,63.805869442293016,64.54779815673828,20000,0.0,0.0
2003-05-01 00:00:00+09:00,64.54779815673828,64.54779815673828,64.54779815673828,64.54779815673828,7000,0.0,0.0
2003-05-02 00:00:00+09:00,65.28970336914062,65.28970336914062,65.28970336914062,65.28970336914062,9000,0.0,0.0
2003-05-05 00:00:00+09:00,65.28970336914062,65.28970336914062,65.28970336914062,65.28970336914062,0,0.0,0.0
2003-05-06 00:00:00+09:00,64.54777492176403,65.28970336914062,64.54777492176403,65.28970336914062,8000,0.0,0.0
2003-05-07 00:00:00+09:00,64.54777492176403,65.28970336914062,64.54777492176403,65.28970336914062,6000,0.0,0.0
2003-05-08 00:00:00+09:00,63.805870056152344,65.28972749931867,63.805870056152344,63.805870056152344,12000,0.0,0.0
2003-05-09 00:00:00+09:00,63.805870056152344,63.805870056152344,63.06394133456918,63.805870056152344,17000,0.0,0.0
2003-05-12 00:00:00+09:00,65.28970336914062,65.28970336914062,65.28970336914062,65.28970336914062,5000,0.0,0.0
2003-05-13 00:00:00+09:00,66.03163181651722,66.77356026389383,65.28970336914062,65.28970336914062,23000,0.0,0.0
2003-05-14 00:00:00+09:00,64.54779877773551,66.77358494248502,63.805870056152344,63.805870056152344,11000,0.0,0.0
2003-05-15 00:00:00+09:00,63.805869442293016,64.54779815673828,63.805869442293016,64.54779815673828,14000,0.0,0.0
2003-05-16 00:00:00+09:00,65.28970336914062,65.28970336914062,64.54777492176403,65.28970336914062,16000,0.0,0.0
2003-05-19 00:00:00+09:00,64.54777492176403,66.03163181651722,64.54777492176403,65.28970336914062,27000,0.0,0.0
2003-05-20 00:00:00+09:00,65.28973253038194,66.77359008789062,65.28973253038194,66.77359008789062,7000,0.0,0.0
2003-05-21 00:00:00+09:00,68.99936793400691,68.99936793400691,67.51551055908203,67.51551055908203,86000,0.0,0.0
2003-05-22 00:00:00+09:00,68.25743924654446,68.25743924654446,66.77358187161958,67.51551055908203,19000,0.0,0.0
2003-05-23 00:00:00+09:00,68.25743924654446,68.99936793400691,67.51551055908203,67.51551055908203,34000,0.0,0.0
2003-05-26 00:00:00+09:00,67.51551055908203,69.74129662146935,66.77358187161958,67.51551055908203,38000,0.0,0.0
2003-05-27 00:00:00+09:00,68.25744764539931,68.25744764539931,66.77359008789062,66.77359008789062,17000,0.0,0.0
2003-05-28 00:00:00+09:00,66.7735807357296,68.9993667602539,66.7735807357296,68.9993667602539,18000,0.0,0.0
2003-05-29 00:00:00+09:00,68.99936793400691,69.74129662146935,67.51551055908203,67.51551055908203,51000,0.0,0.0
2003-05-30 00:00:00+09:00,68.2574234008789,68.2574234008789,68.2574234008789,68.2574234008789,12000,0.0,0.0
2003-06-02 00:00:00+09:00,68.25743808541247,68.9993667602539,68.25743808541247,68.9993667602539,10000,0.0,0.0
2003-06-03 00:00:00+09:00,68.99937785755505,73.4509506225586,68.99937785755505,73.4509506225586,89000,0.0,0.0
2003-06-04 00:00:00+09:00,71.96706351455377,77.16056294343909,69.74127804503149,72.70899200439453,192000,0.0,0.0
2003-06-05 00:00:00+09:00,73.45091972351075,74.1928482055664,71.96706275939941,74.1928482055664,103000,0.0,0.0
2003-06-06 00:00:00+09:00,74.93479104135551,76.41864828969918,74.93479104135551,75.67671966552734,98000,0.0,0.0
2003-06-09 00:00:00+09:00,76.41863884116118,80.12828150335348,75.67671030872273,78.64442443847656,152000,0.0,0.0
2003-06-10 00:00:00+09:00,77.90252022121264,86.80566538935123,75.676733929178,85.32180786132812,137000,0.0,0.0
2003-06-11 00:00:00+09:00,89.03141445583768,90.51527136343496,80.1282730102539,80.1282730102539,175000,0.0,0.0
2003-06-12 00:00:00+09:00,80.12827410016742,81.6121310279483,76.41863178071522,77.9024887084961,45000,0.0,0.0
2003-06-13 00:00:00+09:00,77.1605917921344,80.87023562829471,76.41866302490234,76.41866302490234,48000,0.0,0.0
2003-06-16 00:00:00+09:00,77.90249061584473,77.90249061584473,74.1928482055664,74.1928482055664,36000,0.0,0.0
2003-06-17 00:00:00+09:00,76.41866579922763,76.41866579922763,73.4509506225586,73.4509506225586,16000,0.0,0.0
2003-06-18 00:00:00+09:00,74.1928482055664,74.1928482055664,74.1928482055664,74.1928482055664,1000,0.0,0.0
2003-06-19 00:00:00+09:00,79.38634563627697,79.38634563627697,74.1928463890439,77.9024887084961,21000,0.0,0.0
2003-06-20 00:00:00+09:00,77.1605917921344,80.12830686106265,76.41866302490234,76.41866302490234,18000,0.0,0.0
2003-06-23 00:00:00+09:00,76.41865660412476,77.9025140139136,74.19287048944152,74.93479919433594,41000,0.0,0.0
2003-06-24 00:00:00+09:00,76.41865660412476,76.41865660412476,74.93479919433594,74.93479919433594,24000,0.0,0.0
2003-06-25 00:00:00+09:00,76.41863178071522,77.9024887084961,74.1928463890439,77.9024887084961,45000,0.0,0.0
2003-06-26 00:00:00+09:00,77.16056024460565,80.12827410016742,77.16056024460565,77.9024887084961,26000,0.0,0.0
2003-06-27 00:00:00+09:00,78.64443156875183,79.38636016845703,77.90250296904661,79.38636016845703,21000,0.0,0.0
2003-06-30 00:00:00+09:00,81.61212991785119,81.61212991785119,79.38634455645526,80.1282730102539,42000,0.0,0.0
2003-07-01 00:00:00+09:00,80.87023162841797,80.87023162841797,80.12830289788202,80.87023162841797,39000,0.0,0.0
2003-07-02 00:00:00+09:00,81.61215047920699,86.06372232352737,80.87022183848693,83.83793640136719,104000,0.0,0.0
2003-07-03 00:00:00+09:00,85.32177334740048,85.32177334740048,77.9024887084961,77.9024887084961,35000,0.0,0.0
2003-07-04 00:00:00+09:00,78.64442443847656,78.64442443847656,78.64442443847656,78.64442443847656,2000,0.0,0.0
2003-07-07 00:00:00+09:00,78.64444543681013,81.61216035895391,78.64444543681013,80.87023162841797,14000,0.0,0.0
2003-07-08 00:00:00+09:00,80.87021094102126,81.61213948176457,77.16056823730469,77.16056823730469,46000,0.0,0.0
2003-07-09 00:00:00+09:00,76.41863178071522,79.38634563627697,76.41863178071522,77.9024887084961,52000,0.0,0.0
2003-07-10 00:00:00+09:00,79.38635297091503,80.12828150335348,77.9024959060381,78.64442443847656,70000,0.0,0.0
2003-07-11 00:00:00+09:00,79.38636278638653,79.38636278638653,75.67671966552734,75.67671966552734,26000,0.0,0.0
2003-07-14 00:00:00+09:00,93.48299913148622,112.77314180941195,91.25721343787941,109.80542755126953,1855000,0.0,0.0
2003-07-15 00:00:00+09:00,112.77314001012732,114.25699711552373,97.93456895616319,100.16035461425781,734000,0.0,0.0
2003-07-16 00:00:00+09:00,102.38613501260447,103.12806352718856,94.96684986676357,95.70877838134766,165000,0.0,0.0
2003-07-17 00:00:00+09:00,94.2249267447708,94.2249267447708,86.8056411743164,86.8056411743164,102000,0.0,0.0
2003-07-18 00:00:00+09:00,87.54758228239466,92.74108292626552,87.54758228239466,90.51529693603516,43000,0.0,0.0
2003-07-21 00:00:00+09:00,90.51529693603516,90.51529693603516,90.51529693603516,90.51529693603516,0,0.0,0.0
2003-07-22 00:00:00+09:00,90.51530156173105,96.45073117233636,90.51530156173105,94.22494506835938,25000,0.0,0.0
2003-07-23 00:00:00+09:00,94.2249408438186,94.2249408438186,89.03144016738766,89.77336883544922,36000,0.0,0.0
2003-07-24 00:00:00+09:00,90.51530333488218,91.99916076660156,90.51530333488218,91.99916076660156,5000,0.0,0.0
2003-07-25 00:00:00+09:00,92.74108948246125,94.22494691418063,91.99916076660156,91.99916076660156,24000,0.0,0.0
2003-07-28 00:00:00+09:00,90.51529693603516,94.22494025308578,89.0314396092149,90.51529693603516,32000,0.0,0.0
2003-07-29 00:00:00+09:00,93.48301158967566,93.48301158967566,90.51529693603516,90.51529693603516,16000,0.0,0.0
2003-07-30 00:00:00+09:00,92.7410659790039,92.7410659790039,91.99913745117188,92.7410659790039,14000,0.0,0.0
2003-07-31 00:00:00+09:00,91.25721740722656,91.25721740722656,89.77336021361313,91.25721740722656,16000,0.0,0.0
2003-08-01 00:00:00+09:00,92.7410659790039,92.7410659790039,88.28949481201171,92.7410659790039,40000,0.0,0.0
2003-08-04 00:00:00+09:00,91.99914600403329,94.22493179445345,91.25721740722656,91.25721740722656,53000,0.0,0.0
2003-08-05 00:00:00+09:00,94.22493179445345,94.22493179445345,91.25721740722656,91.25721740722656,11000,0.0,0.0
2003-08-06 00:00:00+09:00,91.25720892333985,92.7410659790039,91.25720892333985,92.7410659790039,16000,0.0,0.0
2003-08-07 00:00:00+09:00,92.74108350769546,92.74108350769546,89.03144016738766,89.77336883544922,16000,0.0,0.0
2003-08-08 00:00:00+09:00,89.77336883544922,89.77336883544922,89.77336883544922,89.77336883544922,9000,0.0,0.0
2003-08-11 00:00:00+09:00,89.77336021361313,91.25721740722656,89.03143161680642,91.25721740722656,28000,0.0,0.0
2003-08-12 00:00:00+09:00,89.03144016738766,91.25722617157234,88.28951149932608,89.77336883544922,22000,0.0,0.0
2003-08-13 00:00:00+09:00,89.77336021361313,91.25721740722656,89.03143161680642,91.25721740722656,17000,0.0,0.0
2003-08-14 00:00:00+09:00,89.03143310546875,89.77336171468099,89.03143310546875,89.03143310546875,12000,0.0,0.0
2003-08-15 00:00:00+09:00,91.99916076660156,91.99916076660156,91.99916076660156,91.99916076660156,35000,0.0,0.0
2003-08-18 00:00:00+09:00,95.70878009033203,95.70878009033203,92.7410659790039,92.7410659790039,12000,0.0,0.0
2003-08-19 00:00:00+09:00,95.70877838134766,97.93456392509992,93.48299283759539,95.70877838134766,45000,0.0,0.0
2003-08-20 00:00:00+09:00,99.41844292842981,99.41844292842981,96.45072821414833,97.93458557128906,23000,0.0,0.0
2003-08-21 00:00:00+09:00,97.93458557128906,97.93458557128906,96.45072821414833,97.93458557128906,14000,0.0,0.0
2003-08-22 00:00:00+09:00,97.93459813735063,101.64424200618967,97.93459813735063,100.90231323242188,42000,0.0,0.0
2003-08-25 00:00:00+09:00,99.4184260615596,100.16035461425781,98.6764975088614,100.16035461425781,24000,0.0,0.0
2003-08-26 00:00:00+09:00,103.12808427234623,110.54737091064453,103.12808427234623,110.54737091064453,361000,0.0,0.0
2003-08-27 00:00:00+09:00,109.80544252748842,122.41822984483507,109.80544252748842,120.19244384765625,709000,0.0,0.0
2003-08-28 00:00:00+09:00,118.70857536018669,118.70857536018669,109.06350361217152,114.25700378417969,108000,0.0,0.0
2003-08-29 00:00:00+09:00,109.80543749845481,119.45050971115693,109.80543749845481,117.22472381591797,87000,0.0,0.0
2003-09-01 00:00:00+09:00,106.837734375,112.0312353515625,105.353876953125,111.289306640625,83000,0.0,0.0
2003-09-02 00:00:00+09:00,112.03122823830418,113.51508556596384,109.80544224681469,110.54737091064453,59000,0.0,0.0
2003-09-03 00:00:00+09:00,112.03122263941272,112.03122263941272,107.57965087890625,107.57965087890625,57000,0.0,0.0
2003-09-04 00:00:00+09:00,106.83771063811588,106.83771063811588,101.64421081542969,101.64421081542969,137000,0.0,0.0
2003-09-05 00:00:00+09:00,105.35388119570858,106.09580993652344,103.12809497326404,106.09580993652344,29000,0.0,0.0
2003-09-08 00:00:00+09:00,107.579662130891,107.579662130891,99.4184463830303,103.12808990478516,37000,0.0,0.0
2003-09-09 00:00:00+09:00,104.61194731348711,104.61194731348711,103.12808990478516,103.12808990478516,16000,0.0,0.0
2003-09-10 00:00:00+09:00,103.8700180053711,103.8700180053711,103.12808930533274,103.8700180053711,17000,0.0,0.0
2003-09-11 00:00:00+09:00,103.87002127511161,109.06352233886719,103.12809255171796,109.06352233886719,57000,0.0,0.0
2003-09-12 00:00:00+09:00,105.35387872189892,110.5473797856545,105.35387872189892,109.06352233886719,18000,0.0,0.0
2003-09-15 00:00:00+09:00,109.06352233886719,109.06352233886719,109.06352233886719,109.06352233886719,0,0.0,0.0
2003-09-16 00:00:00+09:00,109.06350866953531,109.06350866953531,103.8700082567003,106.83772277832031,21000,0.0,0.0
2003-09-17 00:00:00+09:00,107.57964470017124,107.57964470017124,105.3538589477539,105.3538589477539,8000,0.0,0.0
2003-09-18 00:00:00+09:00,106.83773998503989,106.83773998503989,104.61195373535156,104.61195373535156,19000,0.0,0.0
2003-09-19 00:00:00+09:00,104.61195373535156,105.35388248524767,104.61195373535156,104.61195373535156,14000,0.0,0.0
2003-09-22 00:00:00+09:00,103.87000374172045,103.87000374172045,102.38614654541017,102.38614654541016,19000,0.0,0.0
2003-09-23 00:00:00+09:00,102.38614654541017,102.38614654541017,102.38614654541017,102.38614654541016,0,0.0,0.0
2003-09-24 00:00:00+09:00,100.16038445865406,103.8700283274931,100.16038445865406,100.90231323242188,17000,0.0,0.0
2003-09-25 00:00:00+09:00,102.38614027235243,102.38614027235243,100.16035461425781,100.16035461425781,21000,0.0,0.0
2003-09-26 00:00:00+09:00,100.16036327620198,103.87000636050576,98.67650604248047,98.67650604248047,26000,0.0,0.0
2003-09-29 00:00:00+09:00,96.4507064819336,96.4507064819336,94.96684945913462,96.4507064819336,12000,0.0,0.0
2003-09-30 00:00:00+09:00,98.67649201613207,98.67649201613207,94.96684945913462,96.4507064819336,7000,0.0,0.0
2003-10-01 00:00:00+09:00,96.4507064819336,96.4507064819336,95.70877797053411,96.4507064819336,11000,0.0,0.0
2003-10-02 00:00:00+09:00,96.45072281360626,96.45072281360626,94.22493690252304,94.96686553955078,33000,0.0,0.0
2003-10-03 00:00:00+09:00,96.45072281360626,96.45072281360626,94.96686553955078,94.96686553955078,21000,0.0,0.0
2003-10-06 00:00:00+09:00,96.45072821414833,99.41844292842981,96.45072821414833,97.93458557128906,20000,0.0,0.0
2003-10-07 00:00:00+09:00,100.16035461425781,103.12806882505063,100.16035461425781,100.16035461425781,11000,0.0,0.0
2003-10-08 00:00:00+09:00,102.38614027235243,102.38614027235243,100.16035461425781,100.16035461425781,24000,0.0,0.0
2003-10-09 00:00:00+09:00,98.67651424985944,98.67651424985944,97.93458557128906,97.93458557128906,4000,0.0,0.0
2003-10-10 00:00:00+09:00,97.93456940152753,99.41842651367188,97.93456940152753,99.41842651367188,4000,0.0,0.0
2003-10-13 00:00:00+09:00,99.41842651367188,99.41842651367188,99.41842651367188,99.41842651367188,0,0.0,0.0
2003-10-14 00:00:00+09:00,99.41842052753155,99.41842052753155,96.4507064819336,96.4507064819336,15000,0.0,0.0
2003-10-15 00:00:00+09:00,96.45070689593175,96.45070689593175,94.96684986676357,95.70877838134766,11000,0.0,0.0
2003-10-16 00:00:00+09:00,96.45072821414833,97.93458557128906,94.96687085700758,97.93458557128906,17000,0.0,0.0
2003-10-17 00:00:00+09:00,94.96686553955078,94.96686553955078,94.96686553955078,94.96686553955078,12000,0.0,0.0
2003-10-20 00:00:00+09:00,94.22492094773513,96.4507064819336,92.74106392493616,96.4507064819336,30000,0.0,0.0
2003-10-21 00:00:00+09:00,97.93458557128906,97.93458557128906,97.93458557128906,97.93458557128906,7000,0.0,0.0
2003-10-22 00:00:00+09:00,98.67651424985944,98.67651424985944,97.93458557128906,97.93458557128906,8000,0.0,0.0
2003-10-23 00:00:00+09:00,97.19265490672628,97.19265490672628,90.51529693603516,90.51529693603516,35000,0.0,0.0
2003-10-24 00:00:00+09:00,94.22494691418063,94.22494691418063,91.99916076660156,91.99916076660156,11000,0.0,0.0
2003-10-27 00:00:00+09:00,94.22492303466797,94.22492303466797,91.25720892333985,92.7410659790039,24000,0.0,0.0
2003-10-28 00:00:00+09:00,91.99914600403329,94.96686039126017,91.25721740722656,91.25721740722656,18000,0.0,0.0
2003-10-29 00:00:00+09:00,92.74107460084001,92.74107460084001,91.25721740722656,91.25721740722656,3000,0.0,0.0
2003-10-30 00:00:00+09:00,91.25720892333985,92.7410659790039,91.25720892333985,92.7410659790039,14000,0.0,0.0
2003-10-31 00:00:00+09:00,90.51530333488218,91.99916076660156,90.51530333488218,91.99916076660156,6000,0.0,0.0
2003-11-03 00:00:00+09:00,91.99916076660156,91.99916076660156,91.99916076660156,91.99916076660156,0,0.0,0.0
2003-11-04 00:00:00+09:00,92.74108069283622,93.4830093383789,90.51529475620815,93.4830093383789,18000,0.0,0.0
2003-11-05 00:00:00+09:00,92.74108948246125,92.74108948246125,91.99916076660156,91.99916076660156,3000,0.0,0.0
2003-11-06 00:00:00+09:00,91.9991475423177,92.74107615152995,89.03143310546875,89.03143310546875,17000,0.0,0.0
2003-11-07 00:00:00+09:00,89.77336383688039,89.77336383688039,86.063720703125,86.063720703125,29000,0.0,0.0
2003-11-10 00:00:00+09:00,88.28950824568757,88.28950824568757,81.61215047920699,83.83793640136719,53000,0.0,0.0
2003-11-11 00:00:00+09:00,82.35408075506037,82.35408075506037,81.61215209960938,81.61215209960938,16000,0.0,0.0
2003-11-12 00:00:00+09:00,82.35408075506037,83.83793806596235,81.61215209960938,81.61215209960938,16000,0.0,0.0
2003-11-13 00:00:00+09:00,82.35407257080078,82.35407257080078,82.35407257080078,82.35407257080078,2000,0.0,0.0
2003-11-14 00:00:00+09:00,83.09600067138672,83.09600067138672,81.61214351654053,83.09600067138672,10000,0.0,0.0
2003-11-17 00:00:00+09:00,80.87023562829471,80.87023562829471,76.41866302490234,76.41866302490234,23000,0.0,0.0
2003-11-18 00:00:00+09:00,74.19287941672586,75.67673700506037,73.4509506225586,73.4509506225586,65000,0.0,0.0
2003-11-19 00:00:00+09:00,74.1928482055664,74.1928482055664,73.45091972351075,74.1928482055664,9000,0.0,0.0
2003-11-20 00:00:00+09:00,74.1928482055664,75.67670516967773,70.48320579528809,74.1928482055664,58000,0.0,0.0
2003-11-21 00:00:00+09:00,74.19286241718368,75.67671966552734,74.19286241718368,75.67671966552734,14000,0.0,0.0
2003-11-24 00:00:00+09:00,75.67671966552734,75.67671966552734,75.67671966552734,75.67671966552734,0,0.0,0.0
2003-11-25 00:00:00+09:00,75.67671030872273,78.64442443847656,74.19285324384582,78.64442443847656,15000,0.0,0.0
2003-11-26 00:00:00+09:00,76.41863884116118,78.64442443847656,76.41863884116118,78.64442443847656,2000,0.0,0.0
2003-11-27 00:00:00+09:00,82.35407257080078,82.35407257080078,80.87021540736293,82.35407257080078,31000,0.0,0.0
2003-11-28 00:00:00+09:00,82.35407257080078,82.35407257080078,82.35407257080078,82.35407257080078,0,0.0,0.0
2003-12-01 00:00:00+09:00,81.61214398908186,82.35407257080078,77.90250108048723,82.35407257080078,22000,0.0,0.0
2003-12-02 00:00:00+09:00,82.35407257080078,83.83792973423863,82.35407257080078,82.35407257080078,12000,0.0,0.0
2003-12-03 00:00:00+09:00,82.35407257080078,82.35407257080078,82.35407257080078,82.35407257080078,12000,0.0,0.0
2003-12-04 00:00:00+09:00,82.35407257080078,83.0960011525197,82.35407257080078,82.35407257080078,5000,0.0,0.0
2003-12-05 00:00:00+09:00,80.87023162841797,80.87023162841797,80.87023162841797,80.87023162841797,4000,0.0,0.0
2003-12-08 00:00:00+09:00,84.57986672141335,84.57986672141335,81.61215209960938,81.61215209960938,5000,0.0,0.0
2003-12-09 00:00:00+09:00,81.6121310279483,82.35405949183873,77.9024887084961,77.9024887084961,15000,0.0,0.0
2003-12-10 00:00:00+09:00,78.64442443847656,78.64442443847656,78.64442443847656,78.64442443847656,1000,0.0,0.0
2003-12-11 00:00:00+09:00,79.38636016845703,79.38636016845703,79.38636016845703,79.38636016845703,1000,0.0,0.0
2003-12-12 00:00:00+09:00,80.12830686106265,80.12830686106265,76.41866302490234,76.41866302490234,16000,0.0,0.0
2003-12-15 00:00:00+09:00,78.64441717238653,79.38634563627697,77.9024887084961,77.9024887084961,17000,0.0,0.0
2003-12-16 00:00:00+09:00,78.64443156875183,79.38636016845703,77.90250296904661,79.38636016845703,12000,0.0,0.0
2003-12-17 00:00:00+09:00,79.38635824392507,82.35407257080078,79.38635824392507,82.35407257080078,41000,0.0,0.0
2003-12-18 00:00:00+09:00,79.38636016845703,79.38636016845703,79.38636016845703,79.38636016845703,2000,0.0,0.0
2003-12-19 00:00:00+09:00,81.61213856823039,82.35406710066886,78.64442443847656,78.64442443847656,17000,0.0,0.0
2003-12-22 00:00:00+09:00,78.64442443847656,78.64442443847656,78.64442443847656,78.64442443847656,3000,0.0,0.0
2003-12-23 00:00:00+09:00,78.64442443847656,78.64442443847656,78.64442443847656,78.64442443847656,0,0.0,0.0
2003-12-24 00:00:00+09:00,78.64443156875183,80.12828876816224,77.90250296904661,79.38636016845703,38000,0.0,0.0
2003-12-25 00:00:00+09:00,78.64442443847656,79.38635297091503,77.9024959060381,78.64442443847656,35000,0.0,0.0
2003-12-26 00:00:00+09:00,80.87021493911743,83.09600067138672,80.87021493911743,83.09600067138672,16000,0.0,0.0
2003-12-29 00:00:00+09:00,86.063720703125,87.54757795662717,85.32179207637392,86.063720703125,15000,0.0,0.0
2003-12-30 00:00:00+09:00,88.2895278930664,88.2895278930664,87.54759908724232,88.2895278930664,13000,0.0,0.0
2003-12-31 00:00:00+09:00,88.2895278930664,88.2895278930664,88.2895278930664,88.2895278930664,0,0.0,0.0
2004-01-01 00:00:00+09:00,88.2895278930664,88.2895278930664,88.2895278930664,88.2895278930664,0,0.0,0.0
2004-01-02 00:00:00+09:00,88.2895278930664,88.2895278930664,88.2895278930664,88.2895278930664,0,0.0,0.0
2004-01-05 00:00:00+09:00,89.77337286040539,94.22494506835938,89.77337286040539,94.22494506835938,16000,0.0,0.0
2004-01-06 00:00:00+09:00,96.4507064819336,97.19263499333309,94.96684945913462,96.4507064819336,43000,0.0,0.0
2004-01-07 00:00:00+09:00,97.19263541051583,97.19263541051583,94.96684986676357,95.70877838134766,19000,0.0,0.0
2004-01-08 00:00:00+09:00,93.48299243633565,96.4507064819336,91.25720690213717,96.4507064819336,17000,0.0,0.0
2004-01-09 00:00:00+09:00,95.7088024710107,96.45073117233636,94.22494506835938,94.22494506835938,19000,0.0,0.0
2004-01-12 00:00:00+09:00,94.22494506835938,94.22494506835938,94.22494506835938,94.22494506835938,0,0.0,0.0
2004-01-13 00:00:00+09:00,96.45070861816406,96.45070861816406,89.77335186767579,92.7410659790039,20000,0.0,0.0
2004-01-14 00:00:00+09:00,90.51530156173105,94.22494506835938,90.51530156173105,94.22494506835938,19000,0.0,0.0
2004-01-15 00:00:00+09:00,95.70877838134766,95.70877838134766,95.70877838134766,95.70877838134766,6000,0.0,0.0
2004-01-16 00:00:00+09:00,96.45072878772066,99.41844351965052,96.45072878772066,97.19265747070312,28000,0.0,0.0
2004-01-19 00:00:00+09:00,102.38613936152771,107.5796391842139,98.67649663103758,101.64421081542969,49000,0.0,0.0
2004-01-20 00:00:00+09:00,103.12808930533274,105.35387540544782,103.12808930533274,103.8700180053711,56000,0.0,0.0
2004-01-21 00:00:00+09:00,106.09579016032971,114.25700478804738,104.61193295529014,112.77314758300781,170000,0.0,0.0
2004-01-22 00:00:00+09:00,107.5796562553252,111.28929957447436,106.83772759149538,110.54737091064453,49000,0.0,0.0
2004-01-23 00:00:00+09:00,110.54737091064453,111.28929957447436,107.5796562553252,110.54737091064453,34000,0.0,0.0
2004-01-26 00:00:00+09:00,103.87002371407888,110.54738238141252,103.87002371407888,106.09580993652344,25000,0.0,0.0
2004-01-27 00:00:00+09:00,102.38614190591349,109.80542755126953,102.38614190591349,109.80542755126953,58000,0.0,0.0
2004-01-28 00:00:00+09:00,106.09578753189301,108.32157328431035,105.3538589477539,105.3538589477539,15000,0.0,0.0
2004-01-29 00:00:00+09:00,105.35387601783808,105.35387601783808,103.12808990478516,103.12808990478516,13000,0.0,0.0
2004-01-30 00:00:00+09:00,101.64424200618967,103.12809955372529,100.90231323242188,100.90231323242188,12000,0.0,0.0
2004-02-02 00:00:00+09:00,100.90231323242188,103.8700283274931,100.16038445865406,100.90231323242188,10000,0.0,0.0
2004-02-03 00:00:00+09:00,100.16035461425781,100.16035461425781,100.16035461425781,100.16035461425781,1000,0.0,0.0
2004-02-04 00:00:00+09:00,100.16036075094472,106.09578953618589,100.16036075094472,102.38614654541016,16000,0.0,0.0
2004-02-05 00:00:00+09:00,102.38616623244918,106.09580993652344,100.90230875081949,106.09580993652344,23000,0.0,0.0
2004-02-06 00:00:00+09:00,103.87000636050576,105.35386359422726,98.67650604248047,98.67650604248047,15000,0.0,0.0
2004-02-09 00:00:00+09:00,103.86999737774885,106.83771158854167,100.16035461425781,100.16035461425781,19000,0.0,0.0
2004-02-10 00:00:00+09:00,102.38614654541017,102.38614654541017,102.38614654541017,102.38614654541016,5000,0.0,0.0
2004-02-11 00:00:00+09:00,102.38614654541017,102.38614654541017,102.38614654541017,102.38614654541016,0,0.0,0.0
2004-02-12 00:00:00+09:00,102.38614654541017,103.87000374172045,102.38614654541017,102.38614654541016,13000,0.0,0.0
2004-02-13 00:00:00+09:00,101.64421081542969,101.64421081542969,100.90228226933166,101.64421081542969,9000,0.0,0.0
2004-02-16 00:00:00+09:00,100.90231323242188,100.90231323242188,100.90231323242188,100.90231323242188,3000,0.0,0.0
2004-02-17 00:00:00+09:00,100.90228226933166,101.64421081542969,100.16035372323364,101.64421081542969,11000,0.0,0.0
2004-02-18 00:00:00+09:00,103.86999785010495,103.86999785010495,98.67649795759971,99.41842651367188,44000,0.0,0.0
2004-02-19 00:00:00+09:00,100.90228316695601,101.64421171965422,99.4184260615596,100.16035461425781,23000,0.0,0.0
2004-02-20 00:00:00+09:00,101.64421081542969,101.64421081542969,100.16035372323364,101.64421081542969,8000,0.0,0.0
2004-02-23 00:00:00+09:00,101.64421794725502,102.38614654541017,100.90228934909987,102.38614654541016,23000,0.0,0.0
2004-02-24 00:00:00+09:00,102.38614654541017,102.38614654541017,100.90228934909987,102.38614654541016,49000,0.0,0.0
2004-02-25 00:00:00+09:00,102.38616120043419,105.35387601783808,100.16037508738127,103.12808990478516,70000,0.0,0.0
2004-02-26 00:00:00+09:00,103.87000177947569,105.3538589477539,100.90228744291923,105.3538589477539,34000,0.0,0.0
2004-02-27 00:00:00+09:00,106.83773280552455,106.83773280552455,103.12808930533274,103.8700180053711,42000,0.0,0.0
2004-03-01 00:00:00+09:00,103.87002498545544,107.579668734936,103.87002498545544,104.61195373535156,24000,0.0,0.0
2004-03-02 00:00:00+09:00,105.35388119570858,106.83773867733828,103.87002371407888,106.09580993652344,47000,0.0,0.0
2004-03-03 00:00:00+09:00,105.35388119570858,106.09580993652344,104.61195245489372,106.09580993652344,33000,0.0,0.0
2004-03-04 00:00:00+09:00,106.83771329312711,111.28928468034074,103.8699990349847,109.80542755126953,291000,0.0,0.0
2004-03-05 00:00:00+09:00,112.03121420455307,112.77314277544414,108.32157135009766,108.32157135009766,90000,0.0,0.0
2004-03-08 00:00:00+09:00,113.51509094238281,115.74087703929227,112.77316224341298,113.51509094238281,211000,0.0,0.0
2004-03-09 00:00:00+09:00,116.48281928820488,117.22474807348007,113.51510414710413,115.74089050292969,111000,0.0,0.0
2004-03-10 00:00:00+09:00,115.74088224180184,117.22473970644033,113.51509604484411,116.4828109741211,64000,0.0,0.0
2004-03-11 00:00:00+09:00,114.99893792067903,117.22472381591797,113.51508065718639,117.22472381591797,27000,0.0,0.0
2004-03-12 00:00:00+09:00,117.22473970644033,119.45052590339806,114.9989535094826,116.4828109741211,54000,0.0,0.0
2004-03-15 00:00:00+09:00,114.9989535094826,117.96666843875957,114.9989535094826,116.4828109741211,32000,0.0,0.0
2004-03-16 00:00:00+09:00,116.48278619043575,119.45050048828124,114.998929041513,119.45050048828125,46000,0.0,0.0
2004-03-17 00:00:00+09:00,118.7085805449096,119.45050917331528,116.48279465969254,117.9666519165039,44000,0.0,0.0
2004-03-18 00:00:00+09:00,118.70857536018669,118.70857536018669,112.03121799617618,114.25700378417969,97000,0.0,0.0
2004-03-19 00:00:00+09:00,114.25700478804738,114.25700478804738,112.03121898048802,112.77314758300781,40000,0.0,0.0
2004-03-22 00:00:00+09:00,112.77315151766412,117.9666519165039,112.77315151766412,117.9666519165039,15000,0.0,0.0
2004-03-23 00:00:00+09:00,117.22473970644033,117.22473970644033,114.9989535094826,116.4828109741211,27000,0.0,0.0
2004-03-24 00:00:00+09:00,117.96666843875957,118.70859717107882,116.4828109741211,116.4828109741211,33000,0.0,0.0
2004-03-25 00:00:00+09:00,117.22470769882202,120.19242181777953,117.22470769882202,118.70856475830078,20000,0.0,0.0
2004-03-26 00:00:00+09:00,121.73299820618058,122.48910378510097,120.22078704833984,120.22078704833984,52000,3.0,0.0
2004-03-29 00:00:00+09:00,122.48911410245029,128.53795924331203,120.97690281723486,124.75743103027344,103000,0.0,0.0
2004-03-30 00:00:00+09:00,127.78184793053603,127.78184793053603,124.00131988525389,124.0013198852539,30000,0.0,0.0
2004-03-31 00:00:00+09:00,124.00130296790081,124.00130296790081,121.73298645019531,121.73298645019531,28000,0.0,0.0
2004-04-01 00:00:00+09:00,121.73299963680314,122.48910522460938,120.97689404899691,122.48910522460938,20000,0.0,0.0
2004-04-02 00:00:00+09:00,120.97690281723486,127.78185360070431,120.97690281723486,124.75743103027344,71000,0.0,0.0
2004-04-05 00:00:00+09:00,127.78183385426414,127.78183385426414,124.75741175120463,126.26962280273438,52000,0.0,0.0
2004-04-06 00:00:00+09:00,126.26964231548888,126.26964231548888,124.75743103027344,124.75743103027344,30000,0.0,0.0
2004-04-07 00:00:00+09:00,125.51351727696951,126.26962280273439,124.75741175120463,126.26962280273438,22000,0.0,0.0
2004-04-08 00:00:00+09:00,126.26963671242318,126.26963671242318,124.00131988525389,124.0013198852539,16000,0.0,0.0
2004-04-09 00:00:00+09:00,122.4891215457192,122.4891215457192,118.70859310295009,119.4646987915039,33000,0.0,0.0
2004-04-12 00:00:00+09:00,117.9525146484375,120.97693810096153,117.19640878530649,117.9525146484375,62000,0.0,0.0
2004-04-13 00:00:00+09:00,120.22078499794007,122.4891016960144,120.22078499794007,120.97689056396484,24000,0.0,0.0
2004-04-14 00:00:00+09:00,121.73300845984257,124.75743103027344,120.22079717462714,124.75743103027344,26000,0.0,0.0
2004-04-15 00:00:00+09:00,123.24519746199898,124.75740847380264,121.73298645019531,121.73298645019531,44000,0.0,0.0
2004-04-16 00:00:00+09:00,118.70857089793188,127.78183746337889,118.70857089793188,127.7818374633789,67000,0.0,0.0
2004-04-19 00:00:00+09:00,131.5624005866773,150.46504434913098,125.51355458269217,149.7089385986328,532000,0.0,0.0
2004-04-20 00:00:00+09:00,153.4894295445195,167.85543526543512,145.17226833767361,163.3188018798828,989000,0.0,0.0
2004-04-21 00:00:00+09:00,179.95311608886718,195.0752266845703,174.66037738037107,189.02638244628906,963000,0.0,0.0
2004-04-22 00:00:00+09:00,189.02641762303944,205.6607423738669,185.24588927057863,198.0996856689453,647000,0.0,0.0
2004-04-23 00:00:00+09:00,198.85574616249718,212.4656451393981,198.85574616249718,209.44122314453125,717000,0.0,0.0
2004-04-26 00:00:00+09:00,226.07556429776278,226.83166986397603,185.2458637222471,191.29470825195312,1767000,0.0,0.0
2004-04-27 00:00:00+09:00,193.56305164599237,201.12410835091396,191.2947346345159,198.0996856689453,566000,0.0,0.0
2004-04-28 00:00:00+09:00,205.66072290849863,206.4168285074269,201.8801949138571,204.9046173095703,388000,0.0,0.0
2004-04-29 00:00:00+09:00,204.9046173095703,204.9046173095703,204.9046173095703,204.9046173095703,0,0.0,0.0
2004-04-30 00:00:00+09:00,204.90461940058955,204.90461940058955,200.36798576072408,204.1485137939453,207000,0.0,0.0
2004-05-03 00:00:00+09:00,204.1485137939453,204.1485137939453,204.1485137939453,204.1485137939453,0,0.0,0.0
2004-05-04 00:00:00+09:00,204.1485137939453,204.1485137939453,204.1485137939453,204.1485137939453,0,0.0,0.0
2004-05-05 00:00:00+09:00,204.1485137939453,204.1485137939453,204.1485137939453,204.1485137939453,0,0.0,0.0
2004-05-06 00:00:00+09:00,204.1484846535142,210.9534341419647,204.1484846535142,209.44122314453125,324000,0.0,0.0
2004-05-07 00:00:00+09:00,209.44125090314014,209.44125090314014,203.3924061117137,204.9046173095703,177000,0.0,0.0
2004-05-10 00:00:00+09:00,204.14851966271033,204.14851966271033,189.02640709510214,196.58746337890625,231000,0.0,0.0
2004-05-11 00:00:00+09:00,185.24584220158115,189.02636959345014,177.68478741784315,182.22142028808594,97000,0.0,0.0
2004-05-12 00:00:00+09:00,186.00196928846034,192.05081381816638,182.22144145739406,191.29470825195312,79000,0.0,0.0
2004-05-13 00:00:00+09:00,189.02641264990032,190.53862395109954,183.73367309570312,183.73367309570312,51000,0.0,0.0
2004-05-14 00:00:00+09:00,176.1725974318158,181.46533641045403,162.56269720103174,168.61154174804688,105000,0.0,0.0
2004-05-17 00:00:00+09:00,166.34322566689605,166.34322566689605,136.0990028183695,145.92837524414062,129000,0.0,0.0
2004-05-18 00:00:00+09:00,139.1234309358417,160.2943878173828,139.1234309358417,160.2943878173828,74000,0.0,0.0
2004-05-19 00:00:00+09:00,162.56269422070733,176.92869975649077,162.56269422070733,175.41648864746094,76000,0.0,0.0
2004-05-20 00:00:00+09:00,181.46535105519482,181.46535105519482,169.3676609848485,174.660400390625,89000,0.0,0.0
2004-05-21 00:00:00+09:00,173.90425853240183,179.9531023074419,173.90425853240183,176.92868041992188,30000,0.0,0.0
2004-05-24 00:00:00+09:00,171.6359844451255,177.68482971191406,170.12377312842835,177.68482971191406,32000,0.0,0.0
2004-05-25 00:00:00+09:00,177.6848000681873,177.6848000681873,170.87985027834182,171.63595581054688,17000,0.0,0.0
2004-05-26 00:00:00+09:00,170.87987224364178,174.660400390625,170.87987224364178,174.660400390625,14000,0.0,0.0
2004-05-27 00:00:00+09:00,174.6604331638502,174.6604331638502,167.09937545112942,173.90432739257812,19000,0.0,0.0
2004-05-28 00:00:00+09:00,168.6115634571422,171.6359861200506,164.07492946277964,166.34324645996094,25000,0.0,0.0
2004-05-31 00:00:00+09:00,162.56272888183594,162.56272888183594,156.5138831560002,162.56272888183594,28000,0.0,0.0
2004-06-01 00:00:00+09:00,155.75777120327731,164.83103942871094,155.75777120327731,164.83103942871094,31000,0.0,0.0
2004-06-02 00:00:00+09:00,164.8310109503258,171.6359609436879,160.29437762141777,164.0749053955078,13000,0.0,0.0
2004-06-03 00:00:00+09:00,159.53829725312025,166.3432483207889,155.0016632080078,155.0016632080078,47000,0.0,0.0
2004-06-04 00:00:00+09:00,156.5138598028219,160.2943878173828,156.5138598028219,160.2943878173828,10000,0.0,0.0
2004-06-07 00:00:00+09:00,160.2944053159941,164.83103942871094,158.0260882596357,164.83103942871094,14000,0.0,0.0
2004-06-08 00:00:00+09:00,162.56272888183594,164.83104602902435,158.7822003031886,162.56272888183594,75000,0.0,0.0
2004-06-09 00:00:00+09:00,163.3187771649428,163.3187771649428,160.294355365592,161.0504608154297,18000,0.0,0.0
2004-06-10 00:00:00+09:00,161.0505044527143,161.80661010742188,156.5138705244688,161.80661010742188,26000,0.0,0.0
2004-06-11 00:00:00+09:00,162.56272888183594,164.0749403132949,161.80662316610648,162.56272888183594,20000,0.0,0.0
2004-06-14 00:00:00+09:00,161.80659075136538,163.3188018798828,161.80659075136538,163.3188018798828,22000,0.0,0.0
2004-06-15 00:00:00+09:00,161.80658772786458,162.56269327799478,155.75774332682292,158.78216552734375,70000,0.0,0.0
2004-06-16 00:00:00+09:00,159.5382499157543,161.8065662652674,155.75772266656583,161.0504608154297,47000,0.0,0.0
2004-06-17 00:00:00+09:00,160.2943878173828,160.2943878173828,159.53828221447063,160.2943878173828,20000,0.0,0.0
2004-06-18 00:00:00+09:00,160.29437662760415,161.05048217773438,158.78216552734375,158.78216552734375,28000,0.0,0.0
2004-06-21 00:00:00+09:00,161.80660832035647,167.85545349121094,159.53829138128606,167.85545349121094,63000,0.0,0.0
2004-06-22 00:00:00+09:00,166.34319896429358,166.34319896429358,158.78214446591662,161.0504608154297,16000,0.0,0.0
2004-06-23 00:00:00+09:00,161.80659163265486,170.12375288480067,161.05048606427795,168.61154174804688,40000,0.0,0.0
2004-06-24 00:00:00+09:00,172.3920440673828,175.41646589312637,168.61151678520338,172.3920440673828,79000,0.0,0.0
2004-06-25 00:00:00+09:00,172.39208089192707,172.39208089192707,168.61155280219182,170.12376403808594,12000,0.0,0.0
2004-06-28 00:00:00+09:00,172.39205196925573,172.39205196925573,167.09931353160314,169.3676300048828,24000,0.0,0.0
2004-06-29 00:00:00+09:00,170.12375288480067,170.12375288480067,168.61154174804688,168.61154174804688,14000,0.0,0.0
2004-06-30 00:00:00+09:00,170.12375288480067,170.12375288480067,168.61154174804688,168.61154174804688,27000,0.0,0.0
2004-07-01 00:00:00+09:00,168.61155913756772,169.36766478392454,167.09934784485412,167.85545349121094,34000,0.0,0.0
2004-07-02 00:00:00+09:00,167.85545349121094,167.85545349121094,166.3432421984973,167.85545349121094,40000,0.0,0.0
2004-07-05 00:00:00+09:00,166.34324403566734,166.34324403566734,160.2943987980067,161.80661010742188,6000,0.0,0.0
2004-07-06 00:00:00+09:00,158.7822003031886,162.56272888183594,158.7822003031886,162.56272888183594,22000,0.0,0.0
2004-07-07 00:00:00+09:00,162.5626717151051,162.5626717151051,157.2699335662412,161.0504608154297,19000,0.0,0.0
2004-07-08 00:00:00+09:00,162.56272888183594,162.56272888183594,161.05051745037701,162.56272888183594,8000,0.0,0.0
2004-07-09 00:00:00+09:00,161.80662316610648,162.56272888183594,160.29441173464753,162.56272888183594,16000,0.0,0.0
2004-07-12 00:00:00+09:00,166.34322413691768,166.34322413691768,163.3188018798828,163.3188018798828,3000,0.0,0.0
2004-07-13 00:00:00+09:00,166.3432421984973,167.85545349121094,166.3432421984973,167.85545349121094,21000,0.0,0.0
2004-07-14 00:00:00+09:00,167.85543212890624,167.85543212890624,158.78216552734375,158.78216552734375,67000,0.0,0.0
2004-07-15 00:00:00+09:00,159.53827107747395,161.05048217773438,158.78216552734375,158.78216552734375,34000,0.0,0.0
2004-07-16 00:00:00+09:00,158.7821938754258,159.53829956054688,158.7821938754258,159.53829956054688,5000,0.0,0.0
2004-07-19 00:00:00+09:00,159.53829956054688,159.53829956054688,159.53829956054688,159.53829956054688,0,0.0,0.0
2004-07-20 00:00:00+09:00,162.56269327799478,162.56269327799478,158.78216552734375,158.78216552734375,7000,0.0,0.0
2004-07-21 00:00:00+09:00,161.80662316610648,162.56272888183594,160.29441173464753,162.56272888183594,15000,0.0,0.0
2004-07-22 00:00:00+09:00,162.56271576212944,162.56271576212944,160.2943987980067,161.80661010742188,8000,0.0,0.0
2004-07-23 00:00:00+09:00,161.80658772786458,161.80658772786458,158.78216552734375,158.78216552734375,17000,0.0,0.0
2004-07-26 00:00:00+09:00,157.26995442708332,158.78216552734375,151.97721557617186,158.78216552734375,33000,0.0,0.0
2004-07-27 00:00:00+09:00,153.48943183898928,155.00164299011232,147.4405872344971,151.2211151123047,42000,0.0,0.0
2004-07-28 00:00:00+09:00,144.4161834716797,151.97724019794563,144.4161834716797,144.4161834716797,19000,0.0,0.0
2004-07-29 00:00:00+09:00,149.70894132915296,149.70894132915296,143.66009521484375,143.66009521484375,38000,0.0,0.0
2004-07-30 00:00:00+09:00,143.66009521484375,144.41620097913238,141.3917779219778,143.66009521484375,24000,0.0,0.0
2004-08-02 00:00:00+09:00,142.14788368626645,143.66009521484375,141.3917779219778,143.66009521484375,10000,0.0,0.0
2004-08-03 00:00:00+09:00,142.90396118164062,142.90396118164062,139.87953872276992,142.90396118164062,12000,0.0,0.0
2004-08-04 00:00:00+09:00,141.39175628333965,141.39175628333965,136.85512239189558,140.63565063476562,7000,0.0,0.0
2004-08-05 00:00:00+09:00,136.855096568232,139.1234130859375,136.855096568232,139.1234130859375,19000,0.0,0.0
2004-08-06 00:00:00+09:00,138.36730758003566,139.1234130859375,136.09899106233016,139.1234130859375,12000,0.0,0.0
2004-08-09 00:00:00+09:00,138.36730758003566,139.1234130859375,136.09899106233016,139.1234130859375,6000,0.0,0.0
2004-08-10 00:00:00+09:00,137.611215127481,139.87953186035156,137.611215127481,139.87953186035156,11000,0.0,0.0
2004-08-11 00:00:00+09:00,139.87953186035156,139.87953186035156,139.87953186035156,139.87953186035156,0,0.0,0.0
2004-08-12 00:00:00+09:00,136.85515060424805,136.85515060424805,136.0990447998047,136.0990447998047,4000,0.0,0.0
2004-08-13 00:00:00+09:00,136.09900397223396,139.87953186035156,128.53794819599872,139.87953186035156,20000,0.0,0.0
2004-08-16 00:00:00+09:00,131.5623779296875,131.5623779296875,131.5623779296875,131.5623779296875,2000,0.0,0.0
2004-08-17 00:00:00+09:00,137.61122342104412,137.61122342104412,133.0745896818888,136.85511779785156,17000,0.0,0.0
2004-08-18 00:00:00+09:00,136.099012174659,136.85511779785156,136.099012174659,136.85511779785156,12000,0.0,0.0
2004-08-19 00:00:00+09:00,136.09903804591445,138.3673553466797,136.09903804591445,138.3673553466797,9000,0.0,0.0
2004-08-20 00:00:00+09:00,138.36730758003566,139.1234130859375,136.09899106233016,139.1234130859375,11000,0.0,0.0
2004-08-23 00:00:00+09:00,139.87953186035156,139.87953186035156,136.85510954985747,139.87953186035156,6000,0.0,0.0
2004-08-24 00:00:00+09:00,139.87953186035156,139.87953186035156,137.611215127481,139.87953186035156,8000,0.0,0.0
2004-08-25 00:00:00+09:00,139.8795257730687,142.14784240722656,136.09899804947224,142.14784240722656,12000,0.0,0.0
2004-08-26 00:00:00+09:00,146.68450277105805,148.95281982421875,142.90397434912356,148.95281982421875,11000,0.0,0.0
2004-08-27 00:00:00+09:00,148.19667981018372,150.46499633789062,147.4405743009481,150.46499633789062,8000,0.0,0.0
2004-08-30 00:00:00+09:00,148.19667981018372,150.46499633789062,148.19667981018372,150.46499633789062,3000,0.0,0.0
2004-08-31 00:00:00+09:00,147.44062134713838,149.7089385986328,147.44062134713838,149.7089385986328,4000,0.0,0.0
2004-09-01 00:00:00+09:00,150.46504434913098,155.00167885211982,149.7089385986328,149.7089385986328,33000,0.0,0.0
2004-09-02 00:00:00+09:00,150.46503119299254,150.46503119299254,148.95281982421875,148.95281982421875,10000,0.0,0.0
2004-09-03 00:00:00+09:00,150.46500953674317,151.2211151123047,148.95279838562013,151.2211151123047,17000,0.0,0.0
2004-09-06 00:00:00+09:00,150.4650184368265,153.48944091796875,150.4650184368265,153.48944091796875,16000,0.0,0.0
2004-09-07 00:00:00+09:00,151.2211348370808,155.75776888219323,151.2211348370808,155.0016632080078,23000,0.0,0.0
2004-09-08 00:00:00+09:00,151.2211348370808,155.0016632080078,151.2211348370808,155.0016632080078,16000,0.0,0.0
2004-09-09 00:00:00+09:00,152.73333321365655,154.24554443359375,151.97722760368796,154.24554443359375,9000,0.0,0.0
2004-09-10 00:00:00+09:00,151.22111103322246,152.7333221435547,148.95279436772412,152.7333221435547,35000,0.0,0.0
2004-09-13 00:00:00+09:00,152.73333321365655,155.00165004356234,151.97722760368796,154.24554443359375,18000,0.0,0.0
2004-09-14 00:00:00+09:00,155.7577667236328,156.51387238733977,151.97723840509803,155.7577667236328,26000,0.0,0.0
2004-09-15 00:00:00+09:00,158.78216963547928,158.78216963547928,157.26995849609375,157.26995849609375,18000,0.0,0.0
2004-09-16 00:00:00+09:00,157.26995849609375,157.26995849609375,151.2211139385517,157.26995849609375,19000,0.0,0.0
2004-09-17 00:00:00+09:00,155.00164178701547,157.26995849609375,151.2211139385517,157.26995849609375,9000,0.0,0.0
2004-09-20 00:00:00+09:00,157.26995849609375,157.26995849609375,157.26995849609375,157.26995849609375,0,0.0,0.0
2004-09-21 00:00:00+09:00,155.75776888219323,156.51387455637862,151.9772405112662,155.0016632080078,6000,0.0,0.0
2004-09-22 00:00:00+09:00,151.22112199371935,154.24554443359375,151.22112199371935,154.24554443359375,5000,0.0,0.0
2004-09-23 00:00:00+09:00,154.24554443359375,154.24554443359375,154.24554443359375,154.24554443359375,0,0.0,0.0
2004-09-24 00:00:00+09:00,154.24555753382242,155.0016632080078,151.2211348370808,155.0016632080078,14000,0.0,0.0
2004-09-27 00:00:00+09:00,144.416171504002,154.24554443359375,144.416171504002,154.24554443359375,14000,0.0,0.0
2004-09-28 00:00:00+09:00,155.0016632080078,155.0016632080078,155.0016632080078,155.0016632080078,1000,0.0,0.0
2004-09-29 00:00:00+09:00,150.4650184368265,153.48944091796875,150.4650184368265,153.48944091796875,3000,0.0,0.0
2004-09-30 00:00:00+09:00,148.95279436772412,152.7333221435547,148.95279436772412,152.7333221435547,7000,0.0,0.0
2004-10-01 00:00:00+09:00,151.9772206878662,151.9772206878662,149.70890396118165,151.2211151123047,11000,0.0,0.0
2004-10-04 00:00:00+09:00,145.1722705078125,151.2211151123047,145.1722705078125,151.2211151123047,17000,0.0,0.0
2004-10-05 00:00:00+09:00,149.70890396118165,151.2211151123047,145.92837608337402,151.2211151123047,10000,0.0,0.0
2004-10-06 00:00:00+09:00,148.19669360469504,158.78217171931612,148.19669360469504,156.51385498046875,124000,0.0,0.0
2004-10-07 00:00:00+09:00,161.0504884581635,161.8065940377793,156.51385498046875,156.51385498046875,47000,0.0,0.0
2004-10-08 00:00:00+09:00,155.0016377766927,159.53827107747395,155.0016377766927,158.78216552734375,24000,0.0,0.0
2004-10-11 00:00:00+09:00,158.78216552734375,158.78216552734375,158.78216552734375,158.78216552734375,0,0.0,0.0
2004-10-12 00:00:00+09:00,160.2943878173828,161.050493420295,158.78217661155844,160.2943878173828,42000,0.0,0.0
2004-10-13 00:00:00+09:00,159.53827107747395,159.53827107747395,158.78216552734375,158.78216552734375,5000,0.0,0.0
2004-10-14 00:00:00+09:00,156.51387455637862,156.51387455637862,155.0016632080078,155.0016632080078,26000,0.0,0.0
2004-10-15 00:00:00+09:00,155.00164299011232,155.00164299011232,151.2211151123047,151.2211151123047,21000,0.0,0.0
2004-10-18 00:00:00+09:00,151.2211151123047,151.2211151123047,149.70890396118165,151.2211151123047,5000,0.0,0.0
2004-10-19 00:00:00+09:00,148.95281132180892,151.97723388671875,148.95281132180892,151.97723388671875,15000,0.0,0.0
2004-10-20 00:00:00+09:00,151.2211151123047,151.2211151123047,148.1966928100586,151.2211151123047,18000,0.0,0.0
2004-10-21 00:00:00+09:00,150.46504434913098,150.46504434913098,148.19672709763654,149.7089385986328,33000,0.0,0.0
2004-10-22 00:00:00+09:00,151.2211500996291,151.97725585012725,147.44062134713838,149.7089385986328,42000,0.0,0.0
2004-10-25 00:00:00+09:00,151.22113274139107,155.7577667236328,151.22113274139107,155.7577667236328,50000,0.0,0.0
2004-10-26 00:00:00+09:00,151.22112405711206,154.24554653825433,151.22112405711206,153.48944091796875,41000,0.0,0.0
2004-10-27 00:00:00+09:00,155.00165215853988,155.00165215853988,153.48944091796875,153.48944091796875,20000,0.0,0.0
2004-10-28 00:00:00+09:00,156.51387238733977,158.78218937846063,155.7577667236328,155.7577667236328,39000,0.0,0.0
2004-10-29 00:00:00+09:00,158.02608590474944,158.78219157893483,155.0016632080078,155.0016632080078,26000,0.0,0.0
2004-11-01 00:00:00+09:00,155.00165645162858,155.00165645162858,151.97723388671875,151.97723388671875,6000,0.0,0.0
2004-11-02 00:00:00+09:00,152.7333461854516,155.0016632080078,151.9772405112662,155.0016632080078,11000,0.0,0.0
2004-11-03 00:00:00+09:00,155.0016632080078,155.0016632080078,155.0016632080078,155.0016632080078,0,0.0,0.0
2004-11-04 00:00:00+09:00,155.00165004356234,155.00165004356234,154.24554443359375,154.24554443359375,24000,0.0,0.0
2004-11-05 00:00:00+09:00,153.48943882362514,154.24554443359375,151.97722760368796,154.24554443359375,18000,0.0,0.0
2004-11-08 00:00:00+09:00,154.2455322265625,158.78216552734375,143.66005452473956,158.78216552734375,70000,0.0,0.0
2004-11-09 00:00:00+09:00,155.00164382123717,156.51385498046875,155.00164382123717,156.51385498046875,21000,0.0,0.0
2004-11-10 00:00:00+09:00,155.00167172454124,162.56272888183594,155.00167172454124,162.56272888183594,75000,0.0,0.0
2004-11-11 00:00:00+09:00,162.56271994986184,165.58714264660347,155.0016632080078,155.0016632080078,66000,0.0,0.0
2004-11-12 00:00:00+09:00,158.0260390160789,161.0504608154297,158.0260390160789,161.0504608154297,20000,0.0,0.0
2004-11-15 00:00:00+09:00,162.56271813132545,166.34324645996094,161.05050679987127,166.34324645996094,73000,0.0,0.0
2004-11-16 00:00:00+09:00,168.61153314208983,189.02638244628906,168.61153314208983,189.02638244628906,484000,0.0,0.0
2004-11-17 00:00:00+09:00,189.02640829280932,192.8069364586655,178.44092942841198,185.24588012695312,350000,0.0,0.0
2004-11-18 00:00:00+09:00,185.24585507950695,200.36796569824222,173.90427211545548,200.3679656982422,235000,0.0,0.0
2004-11-19 00:00:00+09:00,200.3679645153903,200.3679645153903,189.02638161829273,195.07522583007812,148000,0.0,0.0
2004-11-22 00:00:00+09:00,189.78251392598054,194.31914772500798,182.22145759426817,185.24588012695312,38000,0.0,0.0
2004-11-23 00:00:00+09:00,185.24588012695312,185.24588012695312,185.24588012695312,185.24588012695312,0,0.0,0.0
2004-11-24 00:00:00+09:00,184.48976974487303,185.24587535858154,178.44092483520507,181.46534729003906,28000,0.0,0.0
2004-11-25 00:00:00+09:00,174.660383092946,177.68480531100568,174.660383092946,175.41648864746094,20000,0.0,0.0
2004-11-26 00:00:00+09:00,173.9043014201712,179.95314668695977,168.6115618117312,177.68482971191406,58000,0.0,0.0
2004-11-29 00:00:00+09:00,175.41646947616186,182.97752419496194,170.1237311730018,176.92868041992188,58000,0.0,0.0
2004-11-30 00:00:00+09:00,176.92871273265163,196.58745859183517,176.92871273265163,192.8069305419922,136000,0.0,0.0
2004-12-01 00:00:00+09:00,181.46533937382517,201.88019005338052,181.46533937382517,201.12408447265625,325000,0.0,0.0
2004-12-02 00:00:00+09:00,204.14852013748683,207.92904828818104,200.36799198679265,201.8802032470703,362000,0.0,0.0
2004-12-03 00:00:00+09:00,205.6607423738669,205.6607423738669,190.53862896402373,198.0996856689453,140000,0.0,0.0
2004-12-06 00:00:00+09:00,196.58747432796102,198.0996856689453,190.53862896402373,198.0996856689453,120000,0.0,0.0
2004-12-07 00:00:00+09:00,195.83134164923263,195.83134164923263,190.53860268573987,191.29470825195312,64000,0.0,0.0
2004-12-08 00:00:00+09:00,185.24589118056412,192.05084228515625,185.24589118056412,192.05084228515625,32000,0.0,0.0
2004-12-09 00:00:00+09:00,189.02640829280932,190.53861955915178,182.22145759426817,185.24588012695312,72000,0.0,0.0
2004-12-10 00:00:00+09:00,185.24588012695312,186.00198576012437,185.24588012695312,185.24588012695312,27000,0.0,0.0
2004-12-13 00:00:00+09:00,186.7580913932956,186.7580913932956,183.73366886061066,185.24588012695312,43000,0.0,0.0
2004-12-14 00:00:00+09:00,185.24589321477626,186.7581045879581,182.97757615500348,186.0019989013672,48000,0.0,0.0
2004-12-15 00:00:00+09:00,182.97753820800781,189.02638244628906,182.97753820800781,189.02638244628906,20000,0.0,0.0
2004-12-16 00:00:00+09:00,188.27030265963808,188.27030265963808,185.24588012695312,185.24588012695312,3000,0.0,0.0
2004-12-17 00:00:00+09:00,188.27031596113994,188.27031596113994,182.97757615500348,186.0019989013672,39000,0.0,0.0
2004-12-20 00:00:00+09:00,182.97757609219732,184.48978746486011,176.92873060154616,180.70925903320312,63000,0.0,0.0
2004-12-21 00:00:00+09:00,181.46536471953453,182.22147040586592,180.70925903320312,180.70925903320312,29000,0.0,0.0
2004-12-22 00:00:00+09:00,181.46536471953453,181.46536471953453,176.17262491521475,180.70925903320312,30000,0.0,0.0
2004-12-23 00:00:00+09:00,180.70925903320312,180.70925903320312,180.70925903320312,180.70925903320312,0,0.0,0.0
2004-12-24 00:00:00+09:00,181.4653290897967,194.3191232336573,179.19701247617425,188.27027893066406,118000,0.0,0.0
2004-12-27 00:00:00+09:00,193.56301769578315,194.3191232336573,187.51417339278993,188.27027893066406,47000,0.0,0.0
2004-12-28 00:00:00+09:00,189.02638446853823,192.80691215790898,188.27027893066406,188.27027893066406,35000,0.0,0.0
2004-12-29 00:00:00+09:00,186.0019623170416,188.27027893066406,183.73364570341917,188.27027893066406,20000,0.0,0.0
2004-12-30 00:00:00+09:00,192.05080662003485,192.05080662003485,185.24585677916747,188.27027893066406,22000,0.0,0.0
2004-12-31 00:00:00+09:00,188.27027893066406,188.27027893066406,188.27027893066406,188.27027893066406,0,0.0,0.0
2005-01-03 00:00:00+09:00,188.27027893066406,188.27027893066406,188.27027893066406,188.27027893066406,0,0.0,0.0
2005-01-04 00:00:00+09:00,191.29473660686824,192.05084228515625,191.29473660686824,192.05084228515625,16000,0.0,0.0
2005-01-05 00:00:00+09:00,192.0508421616033,192.0508421616033,182.22146835018265,186.7581024169922,36000,0.0,0.0
2005-01-06 00:00:00+09:00,186.75806785491577,189.02638446853823,185.24585677916747,188.27027893066406,88000,0.0,0.0
2005-01-07 00:00:00+09:00,190.5385926712391,196.58743688302445,189.02638161829273,195.07522583007812,149000,0.0,0.0
2005-01-10 00:00:00+09:00,195.07522583007812,195.07522583007812,195.07522583007812,195.07522583007812,0,0.0,0.0
2005-01-11 00:00:00+09:00,201.12409761693146,204.14852013748683,200.36799198679265,201.8802032470703,238000,0.0,0.0
2005-01-12 00:00:00+09:00,201.12410835091396,201.12410835091396,196.58747432796102,198.0996856689453,155000,0.0,0.0
2005-01-13 00:00:00+09:00,195.83135775052583,198.09967463566707,191.2947239802434,196.58746337890625,100000,0.0,0.0
2005-01-14 00:00:00+09:00,191.29469819771225,195.07522583007812,191.29469819771225,195.07522583007812,49000,0.0,0.0
2005-01-17 00:00:00+09:00,192.8069092506586,195.07522583007812,189.78248714476592,195.07522583007812,49000,0.0,0.0
2005-01-18 00:00:00+09:00,195.0752266845703,195.0752266845703,189.02638244628906,189.02638244628906,50000,0.0,0.0
2005-01-19 00:00:00+09:00,189.78253173828125,189.78253173828125,187.51421462587152,189.78253173828125,26000,0.0,0.0
2005-01-20 00:00:00+09:00,189.78251392598054,189.78251392598054,181.46535196109693,185.24588012695312,62000,0.0,0.0
2005-01-21 00:00:00+09:00,184.48976974487303,184.48976974487303,179.95313606262206,181.46534729003906,54000,0.0,0.0
2005-01-24 00:00:00+09:00,181.46534729003906,182.22145290374755,181.46534729003906,181.46534729003906,58000,0.0,0.0
2005-01-25 00:00:00+09:00,182.22143462767085,188.27027893066406,181.4653290897967,188.27027893066406,103000,0.0,0.0
2005-01-26 00:00:00+09:00,189.02641046242636,189.78251610427606,183.73367096947842,184.48977661132812,34000,0.0,0.0
2005-01-27 00:00:00+09:00,184.48978089892174,185.24588655834356,182.97756958007812,182.97756958007812,22000,0.0,0.0
2005-01-28 00:00:00+09:00,183.73367523949992,183.73367523949992,180.7092526018127,182.97756958007812,33000,0.0,0.0
2005-01-31 00:00:00+09:00,184.48978538358742,188.27031377259536,179.95315131677788,186.7581024169922,61000,0.0,0.0
2005-02-01 00:00:00+09:00,190.53861835186297,201.12409714918869,189.78251272348257,196.58746337890625,203000,0.0,0.0
2005-02-02 00:00:00+09:00,198.0996856689453,199.61189700992963,194.31915731648454,198.0996856689453,167000,0.0,0.0
2005-02-03 00:00:00+09:00,196.58746383609844,203.392414507348,196.58746383609844,201.8802032470703,119000,0.0,0.0
2005-02-04 00:00:00+09:00,201.88016939711295,201.88016939711295,196.58743087359315,197.34353637695312,84000,0.0,0.0
2005-02-07 00:00:00+09:00,200.36798664167816,200.36798664167816,189.0264024921492,192.8069305419922,81000,0.0,0.0
2005-02-08 00:00:00+09:00,195.07524316691237,195.07524316691237,191.29471519856136,194.3191375732422,14000,0.0,0.0
2005-02-09 00:00:00+09:00,192.8069092506586,195.07522583007812,189.02638161829273,195.07522583007812,52000,0.0,0.0
2005-02-10 00:00:00+09:00,195.0752716672373,197.34358877964706,189.78253173828125,189.78253173828125,63000,0.0,0.0
2005-02-11 00:00:00+09:00,189.78253173828125,189.78253173828125,189.78253173828125,189.78253173828125,0,0.0,0.0
2005-02-14 00:00:00+09:00,193.56303615196077,196.58745859183517,192.8069305419922,192.8069305419922,48000,0.0,0.0
2005-02-15 00:00:00+09:00,195.83133648194288,198.8557586669922,192.80691429689358,198.8557586669922,63000,0.0,0.0
2005-02-16 00:00:00+09:00,200.36802799581622,210.19740295410153,199.6119222297943,210.19740295410156,509000,0.0,0.0
2005-02-17 00:00:00+09:00,210.197333184604,219.27059936523438,208.6851221544989,219.27059936523438,660000,0.0,0.0
2005-02-18 00:00:00+09:00,218.51452848646377,218.51452848646377,212.4656834072537,217.7584228515625,199000,0.0,0.0
2005-02-21 00:00:00+09:00,213.97787271419043,217.75840050066023,212.4656615996025,214.73397827148438,124000,0.0,0.0
2005-02-22 00:00:00+09:00,215.49007866972235,215.49007866972235,208.68512881699428,210.9534454345703,139000,0.0,0.0
2005-02-23 00:00:00+09:00,204.9046173095703,206.4168285074269,202.6363005127854,204.9046173095703,85000,0.0,0.0
2005-02-24 00:00:00+09:00,205.66075994318183,210.19739435369317,204.9046542080966,207.9290771484375,69000,0.0,0.0
2005-02-25 00:00:00+09:00,207.17296274970562,208.68517415663777,204.90464563930738,205.66075134277344,65000,0.0,0.0
2005-02-28 00:00:00+09:00,207.9290362766811,212.46566979544505,207.9290362766811,211.70956420898438,121000,0.0,0.0
2005-03-01 00:00:00+09:00,214.7340307269656,216.24624221095834,211.70960775898018,212.46571350097656,282000,0.0,0.0
2005-03-02 00:00:00+09:00,216.24620264956826,217.00230825323806,213.9778858385588,215.49009704589844,113000,0.0,0.0
2005-03-03 00:00:00+09:00,214.73397313053036,214.73397313053036,207.17291773861027,210.9534454345703,235000,0.0,0.0
2005-03-04 00:00:00+09:00,209.44123937042667,215.49008382877835,206.41681714125085,214.73397827148438,112000,0.0,0.0
2005-03-07 00:00:00+09:00,216.24619772774832,217.002303314209,209.4412474496024,211.70956420898438,93000,0.0,0.0
2005-03-08 00:00:00+09:00,211.70954421470904,219.27059936523438,211.70954421470904,219.27059936523438,187000,0.0,0.0
2005-03-09 00:00:00+09:00,223.05122962364783,236.661135160006,223.05122962364783,235.905029296875,1129000,0.0,0.0
2005-03-10 00:00:00+09:00,232.88060584435095,247.24661724384012,232.12449998121994,235.905029296875,980000,0.0,0.0
2005-03-11 00:00:00+09:00,238.17326886938253,247.2465362548828,237.41716325392417,247.2465362548828,461000,0.0,0.0
2005-03-14 00:00:00+09:00,251.02704469628608,255.56367803417078,244.22209468945906,248.75872802734375,314000,0.0,0.0
2005-03-15 00:00:00+09:00,246.49041452407837,248.00262565612795,235.14883103370667,241.9537811279297,255000,0.0,0.0
2005-03-16 00:00:00+09:00,242.70988669395447,244.22209782600405,235.14883103370667,241.9537811279297,207000,0.0,0.0
2005-03-17 00:00:00+09:00,238.92936293883892,240.4415740966797,235.14883504423705,240.4415740966797,80000,0.0,0.0
2005-03-18 00:00:00+09:00,236.661135160006,239.68555861253003,235.905029296875,235.905029296875,107000,0.0,0.0
2005-03-21 00:00:00+09:00,235.905029296875,235.905029296875,235.905029296875,235.905029296875,0,0.0,0.0
2005-03-22 00:00:00+09:00,229.85611010977695,235.14884948730472,229.85611010977695,235.1488494873047,54000,0.0,0.0
2005-03-23 00:00:00+09:00,234.39279401958183,234.39279401958183,231.36837087094204,233.63668823242188,48000,0.0,0.0
2005-03-24 00:00:00+09:00,232.88060584435095,236.661135160006,232.12449998121994,235.905029296875,114000,0.0,0.0
2005-03-25 00:00:00+09:00,238.17323164506394,238.17323164506394,229.09996567763292,232.8804931640625,103000,0.0,0.0
2005-03-28 00:00:00+09:00,221.4273723769268,229.06279901061393,219.13674438682068,226.7721710205078,98000,3.0,0.0
2005-03-29 00:00:00+09:00,226.0086097592213,234.4075783651383,225.24506715868338,232.8804931640625,76000,0.0,0.0
2005-03-30 00:00:00+09:00,229.06281121886602,232.11698203511756,229.06281121886602,231.3534393310547,83000,0.0,0.0
2005-03-31 00:00:00+09:00,229.82630552432929,237.46173095703128,229.0627629810591,237.46173095703125,46000,0.0,0.0
2005-04-01 00:00:00+09:00,234.407598926175,238.22531226373488,232.88051359115107,236.69822692871094,73000,0.0,0.0
2005-04-04 00:00:00+09:00,234.40757751464844,236.69820530795118,232.88049231911327,234.40757751464844,16000,0.0,0.0
2005-04-05 00:00:00+09:00,236.69820530795118,237.46174790571877,232.88049231911327,234.40757751464844,31000,0.0,0.0
2005-04-06 00:00:00+09:00,235.9346635662141,237.46174876728995,232.88049316406247,232.8804931640625,59000,0.0,0.0
2005-04-07 00:00:00+09:00,233.64409240722657,234.4076351928711,226.7722073364258,229.06283569335938,87000,0.0,0.0
2005-04-08 00:00:00+09:00,229.06278016137293,236.69820616675204,229.06278016137293,232.8804931640625,87000,0.0,0.0
2005-04-11 00:00:00+09:00,230.5898895263672,231.35343220691806,229.8263468458163,230.5898895263672,36000,0.0,0.0
2005-04-12 00:00:00+09:00,229.82637971199597,231.35346529147768,222.95449460432832,227.53575134277344,42000,0.0,0.0
2005-04-13 00:00:00+09:00,226.00865995762712,226.00865995762712,223.71803164724577,225.2451171875,36000,0.0,0.0
2005-04-14 00:00:00+09:00,223.71803164724577,225.2451171875,221.42740333686442,225.2451171875,71000,0.0,0.0
2005-04-15 00:00:00+09:00,221.42738448248969,223.71801259782578,219.90029907226562,219.90029907226562,32000,0.0,0.0
2005-04-18 00:00:00+09:00,213.79196501126256,213.79196501126256,199.28465309978404,209.21070861816406,63000,0.0,0.0
2005-04-19 00:00:00+09:00,209.210721461893,212.264892578125,207.68363590377697,212.264892578125,43000,0.0,0.0
2005-04-20 00:00:00+09:00,236.69821438036467,236.69821438036467,229.82633073706376,232.11695861816406,257000,0.0,0.0
2005-04-21 00:00:00+09:00,224.48152455814548,232.88049316406247,221.42735415599384,232.8804931640625,60000,0.0,0.0
2005-04-22 00:00:00+09:00,240.515900389455,244.3336130940495,235.17110260302266,238.9888153076172,208000,0.0,0.0
2005-04-25 00:00:00+09:00,235.171141593687,237.4617695962229,233.64405625866306,236.69822692871094,34000,0.0,0.0
2005-04-26 00:00:00+09:00,236.69825873940678,242.04305813029663,223.71803164724577,225.2451171875,194000,0.0,0.0
2005-04-27 00:00:00+09:00,217.6096709569295,222.95446989271375,217.6096709569295,219.90029907226562,100000,0.0,0.0
2005-04-28 00:00:00+09:00,220.6638605667373,225.2451171875,219.13677502648306,225.2451171875,29000,0.0,0.0
2005-04-29 00:00:00+09:00,225.2451171875,225.2451171875,225.2451171875,225.2451171875,0,0.0,0.0
2005-05-02 00:00:00+09:00,226.00865995762712,226.77220272775426,225.2451171875,225.2451171875,7000,0.0,0.0
2005-05-03 00:00:00+09:00,225.2451171875,225.2451171875,225.2451171875,225.2451171875,0,0.0,0.0
2005-05-04 00:00:00+09:00,225.2451171875,225.2451171875,225.2451171875,225.2451171875,0,0.0,0.0
2005-05-05 00:00:00+09:00,225.2451171875,225.2451171875,225.2451171875,225.2451171875,0,0.0,0.0
2005-05-06 00:00:00+09:00,226.0086076292273,226.0086076292273,222.1908946625174,222.95443725585938,37000,0.0,0.0
2005-05-09 00:00:00+09:00,222.9544970454002,224.48158264160156,221.42741144919881,224.48158264160156,26000,0.0,0.0
2005-05-10 00:00:00+09:00,224.48150782091864,224.48150782091864,221.42733764648438,221.42733764648438,11000,0.0,0.0
2005-05-11 00:00:00+09:00,221.42733764648438,222.9544227337015,218.37316747205008,221.42733764648438,36000,0.0,0.0
2005-05-12 00:00:00+09:00,221.42733764648438,221.42733764648438,219.90025255926724,221.42733764648438,15000,0.0,0.0
2005-05-13 00:00:00+09:00,214.5555092259457,219.136765650699,213.79196648848685,217.60968017578125,36000,0.0,0.0
2005-05-16 00:00:00+09:00,215.3190317426409,215.3190317426409,213.7919464111328,213.7919464111328,34000,0.0,0.0
2005-05-17 00:00:00+09:00,213.79195667613635,213.79195667613635,201.57527343750002,209.9742431640625,45000,0.0,0.0
2005-05-18 00:00:00+09:00,208.44713820272418,208.44713820272418,192.41274295636077,204.62942504882812,48000,0.0,0.0
2005-05-19 00:00:00+09:00,200.8117118949321,205.39296767960735,200.8117118949321,204.62942504882812,27000,0.0,0.0
2005-05-20 00:00:00+09:00,208.44715168896843,213.79195045022402,206.15652364843032,207.68360900878906,27000,0.0,0.0
2005-05-23 00:00:00+09:00,207.68361935276218,207.68361935276218,203.86590576171875,203.86590576171875,18000,0.0,0.0
2005-05-24 00:00:00+09:00,204.62944957805132,205.39299230035746,202.3388214111328,202.3388214111328,26000,0.0,0.0
2005-05-25 00:00:00+09:00,202.33881642268256,203.10235912616437,194.70338938786435,198.52110290527344,26000,0.0,0.0
2005-05-26 00:00:00+09:00,188.59505297851564,197.7575656738281,185.54088208007812,190.88568115234375,38000,0.0,0.0
2005-05-27 00:00:00+09:00,190.88565872376222,193.93982926334243,189.35857345397213,190.1221160888672,23000,0.0,0.0
2005-05-30 00:00:00+09:00,218.3732334176021,223.71803283691406,212.26489122410277,223.71803283691406,239000,0.0,0.0
2005-05-31 00:00:00+09:00,227.5357060287938,251.9690704345703,223.71799284039122,251.9690704345703,1356000,0.0,0.0
2005-06-01 00:00:00+09:00,251.9690779316632,265.71284581884487,245.0971939880724,264.1857604980469,1646000,0.0,0.0
2005-06-02 00:00:00+09:00,263.42221257274105,263.42221257274105,255.7867861213572,260.3680419921875,852000,0.0,0.0
2005-06-03 00:00:00+09:00,258.84100291630995,278.693115234375,257.31391735338184,278.693115234375,1217000,0.0,0.0
2005-06-06 00:00:00+09:00,277.9294971644714,289.3826357838864,268.0034436943117,277.16595458984375,1160000,0.0,0.0
2005-06-07 00:00:00+09:00,272.5847277832031,273.348270438058,266.47638654436383,267.23992919921875,326000,0.0,0.0
2005-06-08 00:00:00+09:00,267.23996912711635,271.05768297178946,261.89516974457405,264.9493408203125,293000,0.0,0.0
2005-06-09 00:00:00+09:00,264.1857843665437,280.98372441297136,263.42224163716065,273.3482971191406,487000,0.0,0.0
2005-06-10 00:00:00+09:00,275.63888729319854,278.6930577895221,271.82117417279414,272.584716796875,271000,0.0,0.0
2005-06-13 00:00:00+09:00,272.5847729826627,280.98374357876713,272.5847729826627,278.693115234375,350000,0.0,0.0
2005-06-14 00:00:00+09:00,284.03786297233734,300.83580110511,280.2201497603436,299.3087158203125,923000,0.0,0.0
2005-06-15 00:00:00+09:00,311.52542609337166,321.4514813365428,307.7077125383058,315.3431396484375,1306000,0.0,0.0
2005-06-16 00:00:00+09:00,319.9244365413015,319.9244365413015,309.2348372296589,313.05255126953125,421000,0.0,0.0
2005-06-17 00:00:00+09:00,310.7618947898226,310.7618947898226,300.0722964432439,309.99835205078125,271000,0.0,0.0
2005-06-20 00:00:00+09:00,310.76185702100213,310.76185702100213,306.94414378978587,309.2347717285156,143000,0.0,0.0
2005-06-21 00:00:00+09:00,307.70772840030224,308.47127115067525,302.36292914769155,303.8900146484375,154000,0.0,0.0
2005-06-22 00:00:00+09:00,296.25453638004353,303.12641995586927,293.9639085214349,301.5993347167969,178000,0.0,0.0
2005-06-23 00:00:00+09:00,304.6535525722358,304.6535525722358,295.49103971292044,300.0722961425781,56000,0.0,0.0
2005-06-24 00:00:00+09:00,290.14621293330254,297.0180969238281,290.14621293330254,297.0180969238281,104000,0.0,0.0
2005-06-27 00:00:00+09:00,287.8555928657266,290.14622092566606,284.8014221191406,284.8014221191406,139000,0.0,0.0
2005-06-28 00:00:00+09:00,282.5108197229741,293.96396106309464,282.5108197229741,290.9097900390625,109000,0.0,0.0
2005-06-29 00:00:00+09:00,296.25456340572373,298.54519147329376,290.9097645813937,294.72747802734375,87000,0.0,0.0
2005-06-30 00:00:00+09:00,295.49101356407266,297.018098905489,288.6191295276989,293.96392822265625,54000,0.0,0.0
2005-07-01 00:00:00+09:00,293.2004183070866,293.96396106309464,287.0920762590223,290.9097900390625,68000,0.0,0.0
2005-07-04 00:00:00+09:00,290.14619015424677,297.7816162109375,288.6191049429087,297.7816162109375,76000,0.0,0.0
2005-07-05 00:00:00+09:00,301.5993694926417,305.41708303052326,295.49102783203125,295.49102783203125,56000,0.0,0.0
2005-07-06 00:00:00+09:00,297.7816162109375,299.30870142227565,293.96390318259216,297.7816162109375,54000,0.0,0.0
2005-07-07 00:00:00+09:00,297.7816559547602,297.7816559547602,291.6733142941497,295.49102783203125,36000,0.0,0.0
2005-07-08 00:00:00+09:00,295.49101030065657,295.49101030065657,287.092041015625,287.092041015625,68000,0.0,0.0
2005-07-11 00:00:00+09:00,283.2743790423284,288.61917864690065,278.69312223840933,279.4566650390625,123000,0.0,0.0
2005-07-12 00:00:00+09:00,278.69305964569867,279.45660227486496,264.18574969153906,269.5305480957031,196000,0.0,0.0
2005-07-13 00:00:00+09:00,274.87538257790675,274.87538257790675,269.53058347222526,273.3482971191406,27000,0.0,0.0
2005-07-14 00:00:00+09:00,273.34834153917103,274.87542724609375,271.05771297878687,274.87542724609375,44000,0.0,0.0
2005-07-15 00:00:00+09:00,278.6930826492103,281.74725341796875,275.6389118804518,281.74725341796875,42000,0.0,0.0
2005-07-18 00:00:00+09:00,281.74725341796875,281.74725341796875,281.74725341796875,281.74725341796875,0,0.0,0.0
2005-07-19 00:00:00+09:00,281.7471996410473,282.5107421875,278.6930294552365,282.5107421875,53000,0.0,0.0
2005-07-20 00:00:00+09:00,281.7472653808594,290.1462353515625,281.7472653808594,286.3285217285156,100000,0.0,0.0
2005-07-21 00:00:00+09:00,287.8555522313346,305.4170315451826,287.8555522313346,303.12640380859375,203000,0.0,0.0
2005-07-22 00:00:00+09:00,308.47126657269854,316.87023670215325,303.8900101384506,309.99835205078125,511000,0.0,0.0
2005-07-25 00:00:00+09:00,316.8702392578125,326.79629494540666,309.23481180581706,316.8702392578125,342000,0.0,0.0
2005-07-26 00:00:00+09:00,297.7816726454538,308.47127115067525,293.20041614321605,303.8900146484375,237000,0.0,0.0
2005-07-27 00:00:00+09:00,306.9441330535502,309.998303531695,300.8357920972607,301.5993347167969,98000,0.0,0.0
2005-07-28 00:00:00+09:00,305.4170816251547,308.47125244140625,300.83582540077737,308.47125244140625,100000,0.0,0.0
2005-07-29 00:00:00+09:00,309.23483527509353,309.23483527509353,305.41712125935163,306.1806640625,67000,0.0,0.0
2005-08-01 00:00:00+09:00,307.7076864360291,309.2347717285156,305.41705849729937,309.2347717285156,93000,0.0,0.0
2005-08-02 00:00:00+09:00,308.47129247194516,309.23483527509353,304.65357845620326,306.1806640625,76000,0.0,0.0
2005-08-03 00:00:00+09:00,305.4171142578125,309.23482818603514,305.4171142578125,305.4171142578125,106000,0.0,0.0
2005-08-04 00:00:00+09:00,305.41712125935163,306.94420686564837,303.8900356530549,306.1806640625,157000,0.0,0.0
2005-08-05 00:00:00+09:00,307.7077331542969,307.7077331542969,306.18064762995795,307.7077331542969,95000,0.0,0.0
2005-08-08 00:00:00+09:00,305.4171142578125,307.7077426147461,303.1264859008789,305.4171142578125,95000,0.0,0.0
2005-08-09 00:00:00+09:00,305.4171002984337,313.8160705566406,305.4171002984337,313.8160705566406,83000,0.0,0.0
2005-08-10 00:00:00+09:00,313.05252780589456,316.1066988088789,311.52544230440236,313.8160705566406,65000,0.0,0.0
2005-08-11 00:00:00+09:00,315.3431560581328,315.3431560581328,311.52544230440236,313.8160705566406,65000,0.0,0.0
2005-08-12 00:00:00+09:00,314.5796084850292,314.5796084850292,305.41709561653323,309.99835205078125,24000,0.0,0.0
2005-08-15 00:00:00+09:00,312.28893146700074,314.5795593261719,311.52538884727704,314.5795593261719,64000,0.0,0.0
2005-08-16 00:00:00+09:00,314.5795593261719,314.5795593261719,313.05247408672443,314.5795593261719,75000,0.0,0.0
2005-08-17 00:00:00+09:00,314.5795593261719,314.5795593261719,313.05247408672443,314.5795593261719,53000,0.0,0.0
2005-08-18 00:00:00+09:00,314.57960658152336,333.66817494205264,314.57960658152336,322.97857666015625,312000,0.0,0.0
2005-08-19 00:00:00+09:00,324.5056621289986,324.5056621289986,320.68794845689274,322.97857666015625,97000,0.0,0.0
2005-08-22 00:00:00+09:00,324.5056223981257,328.32333560280955,323.74207975718895,325.2691650390625,57000,0.0,0.0
2005-08-23 00:00:00+09:00,326.03273114372706,326.03273114372706,324.5056457519531,324.5056457519531,94000,0.0,0.0
2005-08-24 00:00:00+09:00,325.2692119670364,325.2692119670364,321.4514982115548,323.74212646484375,36000,0.0,0.0
2005-08-25 00:00:00+09:00,323.7420979817708,323.7420979817708,320.68792724609375,320.68792724609375,48000,0.0,0.0
2005-08-26 00:00:00+09:00,320.68795546045845,323.74212646484375,318.39732720716944,323.74212646484375,61000,0.0,0.0
2005-08-29 00:00:00+09:00,324.5056581926775,339.7765126958624,320.68794456688136,339.0129699707031,209000,0.0,0.0
2005-08-30 00:00:00+09:00,339.7765226364136,370.3182325363159,339.7765226364136,366.5005187988281,511000,0.0,0.0
2005-08-31 00:00:00+09:00,366.50048427894467,378.71716708824283,359.6286001987145,372.60882568359375,219000,0.0,0.0
2005-09-01 00:00:00+09:00,380.24427413163505,381.7713595699147,371.0817615019571,374.89947509765625,199000,0.0,0.0
2005-09-02 00:00:00+09:00,381.0078310012817,381.0078310012817,364.20989055633544,366.5005187988281,68000,0.0,0.0
2005-09-05 00:00:00+09:00,364.2098543120594,381.77133575687566,351.99317156783934,375.6629943847656,188000,0.0,0.0
2005-09-06 00:00:00+09:00,377.19011492768595,377.19011492768595,363.4463455578512,369.5546875,57000,0.0,0.0
2005-09-07 00:00:00+09:00,374.13595819669496,374.13595819669496,363.44635939107513,371.081787109375,27000,0.0,0.0
2005-09-08 00:00:00+09:00,371.0817189010148,374.1358894269491,362.68274995469557,370.31817626953125,43000,0.0,0.0
2005-09-09 00:00:00+09:00,369.55468978881834,369.55468978881834,366.5005187988281,366.5005187988281,18000,0.0,0.0
2005-09-12 00:00:00+09:00,366.50048517117835,366.50048517117835,358.8650583967788,359.62860107421875,59000,0.0,0.0
2005-09-13 00:00:00+09:00,355.04737758636475,366.5005187988281,351.9932065963745,366.5005187988281,64000,0.0,0.0
2005-09-14 00:00:00+09:00,363.4463331653226,363.4463331653226,354.28382056451613,355.04736328125,36000,0.0,0.0
2005-09-15 00:00:00+09:00,347.4118992377972,364.2098372229214,347.4118992377972,354.2837829589844,51000,0.0,0.0
2005-09-16 00:00:00+09:00,359.62863407135006,367.26406154632565,359.62863407135006,366.5005187988281,59000,0.0,0.0
2005-09-19 00:00:00+09:00,366.5005187988281,366.5005187988281,366.5005187988281,366.5005187988281,0,0.0,0.0
2005-09-20 00:00:00+09:00,366.50055549405363,377.95369785324283,366.50055549405363,377.1901550292969,87000,0.0,0.0
2005-09-21 00:00:00+09:00,384.8255167805341,384.8255167805341,377.1900898602854,383.2984313964844,121000,0.0,0.0
2005-09-22 00:00:00+09:00,383.298427327474,389.4067687988281,368.02757364908854,389.4067687988281,94000,0.0,0.0
2005-09-23 00:00:00+09:00,389.4067687988281,389.4067687988281,389.4067687988281,389.4067687988281,0,0.0,0.0
2005-09-26 00:00:00+09:00,389.4067787757287,405.44117554884696,389.4067787757287,397.0422058105469,153000,0.0,0.0
2005-09-27 00:00:00+09:00,393.22450198767325,404.6776428222656,393.22450198767325,404.6776428222656,49000,0.0,0.0
2005-09-28 00:00:00+09:00,400.85989236831665,403.91406297683716,385.5890393257141,390.933837890625,48000,0.0,0.0
2005-09-29 00:00:00+09:00,419.9484803622827,419.9484803622827,398.5692849983846,406.2047119140625,68000,0.0,0.0
2005-09-30 00:00:00+09:00,400.85984031752787,404.6775530824567,381.77127649288366,385.5889892578125,62000,0.0,0.0
2005-10-03 00:00:00+09:00,377.9536223993069,381.0077930853619,371.08173835568317,375.6629943847656,24000,0.0,0.0
2005-10-04 00:00:00+09:00,375.6630205078125,381.7713623046875,372.608849609375,381.7713623046875,170000,0.0,0.0
2005-10-05 00:00:00+09:00,389.40678955078124,395.5151313476562,381.7713623046875,381.7713623046875,93000,0.0,0.0
2005-10-06 00:00:00+09:00,381.7713737487793,381.7713737487793,356.57446308135985,366.5005187988281,36000,0.0,0.0
2005-10-07 00:00:00+09:00,358.8650817871094,361.1557099687292,358.10153905990273,358.8650817871094,21000,0.0,0.0
2005-10-10 00:00:00+09:00,358.8650817871094,358.8650817871094,358.8650817871094,358.8650817871094,0,0.0,0.0
2005-10-11 00:00:00+09:00,358.1014669003694,358.1014669003694,351.2295837402344,351.2295837402344,100000,0.0,0.0
2005-10-12 00:00:00+09:00,358.8650937070632,373.3724060058594,354.2838371916539,373.3724060058594,70000,0.0,0.0
2005-10-13 00:00:00+09:00,355.04736385584874,364.9734191894531,355.04736385584874,364.9734191894531,21000,0.0,0.0
2005-10-14 00:00:00+09:00,359.62862451431596,359.62862451431596,358.8650817871094,358.8650817871094,11000,0.0,0.0
2005-10-17 00:00:00+09:00,356.5744344163404,356.5744344163404,352.75672098575865,353.520263671875,16000,0.0,0.0
2005-10-18 00:00:00+09:00,348.93895761590255,349.7025001927426,347.41187246222245,348.1754150390625,25000,0.0,0.0
2005-10-19 00:00:00+09:00,347.4119361139113,358.86507686491933,347.4119361139113,355.04736328125,47000,0.0,0.0
2005-10-20 00:00:00+09:00,366.5005518809086,377.953694127187,361.1557521659787,363.4463806152344,65000,0.0,0.0
2005-10-21 00:00:00+09:00,364.20987963867185,397.042216796875,358.8650805664063,381.7713623046875,178000,0.0,0.0
2005-10-24 00:00:00+09:00,389.4067687988281,392.4609395345052,388.6432261149088,389.4067687988281,75000,0.0,0.0
2005-10-25 00:00:00+09:00,396.2786723566701,400.0963859631891,390.93387330754354,394.7515869140625,204000,0.0,0.0
2005-10-26 00:00:00+09:00,394.7514855621058,416.13067626953125,393.2244005115754,416.13067626953125,323000,0.0,0.0
2005-10-27 00:00:00+09:00,418.4213230596525,418.4213230596525,408.4952697753906,408.4952697753906,118000,0.0,0.0
2005-10-28 00:00:00+09:00,410.02244187840876,410.02244187840876,400.85992921073483,404.6776428222656,50000,0.0,0.0
2005-10-31 00:00:00+09:00,404.6776428222656,404.6776428222656,400.85992921073483,404.6776428222656,31000,0.0,0.0
2005-11-01 00:00:00+09:00,404.67762049506695,416.13076069775747,403.15053513470815,415.3672180175781,36000,0.0,0.0
2005-11-02 00:00:00+09:00,410.0223548960463,412.3129825770298,408.4952697753906,408.4952697753906,20000,0.0,0.0
2005-11-03 00:00:00+09:00,408.4952697753906,408.4952697753906,408.4952697753906,408.4952697753906,0,0.0,0.0
2005-11-04 00:00:00+09:00,401.6234237898642,411.54947798999393,401.6234237898642,409.25885009765625,13000,0.0,0.0
2005-11-07 00:00:00+09:00,427.58386948529414,435.2192957261029,420.71198586856616,428.347412109375,273000,0.0,0.0
2005-11-08 00:00:00+09:00,435.98290308902136,435.98290308902136,429.1110184518914,435.2193603515625,78000,0.0,0.0
2005-11-09 00:00:00+09:00,431.4016511856025,433.6922794219862,429.11102294921875,429.11102294921875,54000,0.0,0.0
2005-11-10 00:00:00+09:00,429.1109781537737,429.1109781537737,423.7661794934954,427.5838928222656,60000,0.0,0.0
2005-11-11 00:00:00+09:00,427.5838928222656,427.5838928222656,422.2390941619873,427.5838928222656,53000,0.0,0.0
2005-11-14 00:00:00+09:00,427.5838928222656,431.4016061510358,427.5838928222656,427.5838928222656,46000,0.0,0.0
2005-11-15 00:00:00+09:00,427.58393745829625,429.11102294921875,420.7120527491451,429.11102294921875,36000,0.0,0.0
2005-11-16 00:00:00+09:00,428.34744879717385,428.34744879717385,397.0421985285747,419.1849365234375,33000,0.0,0.0
2005-11-17 00:00:00+09:00,427.5839133522727,427.5839133522727,419.948486328125,419.948486328125,19000,0.0,0.0
2005-11-18 00:00:00+09:00,419.9484324931233,431.4015715611176,419.9484324931233,420.71197509765625,40000,0.0,0.0
2005-11-21 00:00:00+09:00,453.5444101029084,454.30795288085943,444.3818967674961,454.3079528808594,172000,0.0,0.0
2005-11-22 00:00:00+09:00,442.85481121159404,457.3621239926635,441.327725655692,454.3079528808594,48000,0.0,0.0
2005-11-23 00:00:00+09:00,454.30795288085943,454.30795288085943,454.30795288085943,454.3079528808594,0,0.0,0.0
2005-11-24 00:00:00+09:00,456.59857177734375,465.7610849233774,454.3079434908353,456.59857177734375,217000,0.0,0.0
2005-11-25 00:00:00+09:00,462.7067666284628,464.99739418602945,457.3619689941406,457.3619689941406,52000,0.0,0.0
2005-11-28 00:00:00+09:00,458.1257199534082,465.7611486192983,458.1257199534082,463.47052001953125,70000,0.0,0.0
2005-11-29 00:00:00+09:00,464.9974598633616,466.52454511742843,463.4703746092947,464.2339172363281,70000,0.0,0.0
2005-11-30 00:00:00+09:00,452.01725419207315,479.50478991996954,452.01725419207315,469.5787353515625,96000,0.0,0.0
2005-12-01 00:00:00+09:00,471.8694385346912,484.8496658082992,471.8694385346912,481.0319519042969,101000,0.0,0.0
2005-12-02 00:00:00+09:00,494.7756541477815,514.627763727785,487.9037700623956,500.1204528808594,86000,0.0,0.0
2005-12-05 00:00:00+09:00,522.263175920759,534.4798583984375,519.2090053013393,534.4798583984375,76000,0.0,0.0
2005-12-06 00:00:00+09:00,519.2090053013393,534.4798583984375,506.22878016880577,534.4798583984375,75000,0.0,0.0
2005-12-07 00:00:00+09:00,519.2089734433303,519.9725160513351,511.57354736328125,511.57354736328125,53000,0.0,0.0
2005-12-08 00:00:00+09:00,505.46523571014404,506.9923210144043,488.66729736328125,488.66729736328125,53000,0.0,0.0
2005-12-09 00:00:00+09:00,490.19439302884615,511.57358774038465,488.6673076923077,496.302734375,27000,0.0,0.0
2005-12-12 00:00:00+09:00,519.2089917286332,519.2089917286332,503.9381390307323,506.9923095703125,36000,0.0,0.0
2005-12-13 00:00:00+09:00,515.3912920270648,534.4798583984375,515.3912920270648,534.4798583984375,87000,0.0,0.0
2005-12-14 00:00:00+09:00,533.7164292328933,558.9133422009699,526.8445438779634,553.5685424804688,174000,0.0,0.0
2005-12-15 00:00:00+09:00,560.4404015946062,561.9674871575343,553.5685165614298,557.38623046875,75000,0.0,0.0
2005-12-16 00:00:00+09:00,535.2434463607682,549.7507580310315,534.4799036412805,545.9330444335938,70000,0.0,0.0
2005-12-19 00:00:00+09:00,542.1153564453125,556.6226688008913,535.2434716453015,542.1153564453125,46000,0.0,0.0
2005-12-20 00:00:00+09:00,549.7508026541096,565.0216582833904,549.7508026541096,557.38623046875,89000,0.0,0.0
2005-12-21 00:00:00+09:00,561.2037716427365,571.1298247466216,557.386058910473,565.021484375,41000,0.0,0.0
2005-12-22 00:00:00+09:00,571.8935964015935,580.2925677773178,571.8935964015935,576.474853515625,53000,0.0,0.0
2005-12-23 00:00:00+09:00,576.474853515625,576.474853515625,576.474853515625,576.474853515625,0,0.0,0.0
2005-12-26 00:00:00+09:00,595.5633190524194,595.5633190524194,565.0216103830645,591.74560546875,65000,0.0,0.0
2005-12-27 00:00:00+09:00,588.691444270626,599.3810424804688,587.9279015413515,599.3810424804688,58000,0.0,0.0
2005-12-28 00:00:00+09:00,605.4892972922023,605.4892972922023,599.3809563359127,603.1986694335938,21000,0.0,0.0
2005-12-29 00:00:00+09:00,603.1986694335938,607.0163825312748,603.1986694335938,603.1986694335938,16000,0.0,0.0
2005-12-30 00:00:00+09:00,603.1986584785657,603.1986584785657,573.4204968574719,595.563232421875,28000,0.0,0.0
2006-01-02 00:00:00+09:00,595.563232421875,595.563232421875,595.563232421875,595.563232421875,0,0.0,0.0
2006-01-03 00:00:00+09:00,595.563232421875,595.563232421875,595.563232421875,595.563232421875,0,0.0,0.0
2006-01-04 00:00:00+09:00,595.563232421875,595.563232421875,588.6913489708534,595.563232421875,24000,0.0,0.0
2006-01-05 00:00:00+09:00,588.6914346018145,599.3810326360887,574.184122983871,591.74560546875,81000,0.0,0.0
2006-01-06 00:00:00+09:00,591.7455697988535,591.7455697988535,583.3466004210633,587.9278564453125,51000,0.0,0.0
2006-01-09 00:00:00+09:00,587.9278564453125,587.9278564453125,587.9278564453125,587.9278564453125,0,0.0,0.0
2006-01-10 00:00:00+09:00,587.9279565029457,587.9279565029457,555.8591588755123,558.913330078125,44000,0.0,0.0
2006-01-11 00:00:00+09:00,558.1496511763199,570.3663330078125,549.7506824171687,570.3663330078125,71000,0.0,0.0
2006-01-12 00:00:00+09:00,578.0017971974498,607.0164184570312,578.0017971974498,607.0164184570312,103000,0.0,0.0
2006-01-13 00:00:00+09:00,603.1987517117552,605.4893798828125,599.3810380933263,605.4893798828125,68000,0.0,0.0
2006-01-16 00:00:00+09:00,603.1986694335938,603.1986694335938,595.5632432382318,603.1986694335938,58000,0.0,0.0
2006-01-17 00:00:00+09:00,603.1987652325971,609.3071071590032,587.1643676757812,587.1643676757812,88000,0.0,0.0
2006-01-18 00:00:00+09:00,571.8935696366905,574.1841980865037,519.2091152909874,526.8445434570312,84000,0.0,0.0
2006-01-19 00:00:00+09:00,505.4652711592894,571.1299438476562,505.4652711592894,571.1299438476562,69000,0.0,0.0
2006-01-20 00:00:00+09:00,555.8590896498226,557.3861750609485,534.4798938940603,538.297607421875,98000,0.0,0.0
2006-01-23 00:00:00+09:00,529.8986793239621,534.4799359175411,523.0267944335938,523.0267944335938,34000,0.0,0.0
2006-01-24 00:00:00+09:00,527.6080862736356,533.7164288064708,519.9726581075918,526.8445434570312,21000,0.0,0.0
2006-01-25 00:00:00+09:00,528.3715312555645,538.2975860334869,528.3715312555645,536.0069580078125,30000,0.0,0.0
2006-01-26 00:00:00+09:00,536.7705758701671,537.5341186523438,534.4799475236373,537.5341186523438,43000,0.0,0.0
2006-01-27 00:00:00+09:00,534.4799264861582,537.5340974946505,532.952840981912,535.2434692382812,50000,0.0,0.0
2006-01-30 00:00:00+09:00,539.8246833780594,564.2580495281271,539.8246833780594,563.4945068359375,138000,0.0,0.0
2006-01-31 00:00:00+09:00,577.2381905691965,580.2923608896684,561.2037963867188,561.2037963867188,60000,0.0,0.0
2006-02-01 00:00:00+09:00,558.1496014569257,565.021484375,553.5683461782095,565.021484375,58000,0.0,0.0
2006-02-02 00:00:00+09:00,549.7508026541096,561.2039443760702,549.7508026541096,557.38623046875,79000,0.0,0.0
2006-02-03 00:00:00+09:00,553.5684417892288,558.1496978592087,552.0413564325689,555.8590698242188,86000,0.0,0.0
2006-02-06 00:00:00+09:00,561.2039255059284,563.4945537732996,554.332040703815,561.9674682617188,62000,0.0,0.0
2006-02-07 00:00:00+09:00,565.0216582833904,565.0216582833904,554.3320593428938,557.38623046875,13000,0.0,0.0
2006-02-08 00:00:00+09:00,545.9331402248806,556.6227401733398,545.9331402248806,549.7508544921875,26000,0.0,0.0
2006-02-09 00:00:00+09:00,556.622687687286,565.0216582833904,556.622687687286,557.38623046875,56000,0.0,0.0
2006-02-10 00:00:00+09:00,563.4944241270728,563.4944241270728,555.8589983258929,561.2037963867188,115000,0.0,0.0
2006-02-13 00:00:00+09:00,534.4799453406025,538.2976592358925,530.6622314453125,530.6622314453125,11000,0.0,0.0
2006-02-14 00:00:00+09:00,500.12058321156894,507.7560119628906,490.95806870998297,507.7560119628906,36000,0.0,0.0
2006-02-15 00:00:00+09:00,523.0266864833548,523.0266864833548,509.2829195392666,511.57354736328125,15000,0.0,0.0
2006-02-16 00:00:00+09:00,508.5194091796875,508.5194091796875,507.75586652326155,508.5194091796875,6000,0.0,0.0
2006-02-17 00:00:00+09:00,500.88397216796875,500.88397216796875,493.24854576296923,500.88397216796875,13000,0.0,0.0
2006-02-20 00:00:00+09:00,439.80064073741005,458.12566743480215,424.52978515625,424.52978515625,55000,0.0,0.0
2006-02-21 00:00:00+09:00,409.25890887225114,416.1307935361509,401.6234814679181,412.3130798339844,78000,0.0,0.0
2006-02-22 00:00:00+09:00,435.2193878173828,465.7610992431641,431.4016738891602,458.12567138671875,33000,0.0,0.0
2006-02-23 00:00:00+09:00,443.6183313830145,473.39649820562653,443.6183313830145,464.9975280761719,22000,0.0,0.0
2006-02-24 00:00:00+09:00,470.342299378034,471.86938476562506,470.342299378034,471.869384765625,8000,0.0,0.0
2006-02-27 00:00:00+09:00,481.0318549804688,481.0318549804688,471.1058008300781,477.2141418457031,50000,0.0,0.0
2006-02-28 00:00:00+09:00,471.86937764320805,471.86937764320805,471.1058349609375,471.1058349609375,7000,0.0,0.0
2006-03-01 00:00:00+09:00,465.76098632812494,465.76098632812494,465.76098632812494,465.760986328125,4000,0.0,0.0
2006-03-02 00:00:00+09:00,458.12567138671875,458.12567138671875,458.12567138671875,458.12567138671875,3000,0.0,0.0
2006-03-03 00:00:00+09:00,450.4902010735464,450.4902010735464,442.85477393670664,443.6183166503906,4000,0.0,0.0
2006-03-06 00:00:00+09:00,435.21934037642046,442.85476740056816,419.1849436257102,419.948486328125,25000,0.0,0.0
2006-03-07 00:00:00+09:00,426.8203993153486,435.21936960599055,423.002685546875,423.002685546875,10000,0.0,0.0
2006-03-08 00:00:00+09:00,421.47552490234375,423.7661527550739,421.47552490234375,421.47552490234375,11000,0.0,0.0
2006-03-09 00:00:00+09:00,433.692234148298,433.692234148298,423.7661794934954,427.5838928222656,9000,0.0,0.0
2006-03-10 00:00:00+09:00,427.58393745829625,439.03707864021493,427.58393745829625,429.11102294921875,15000,0.0,0.0
2006-03-13 00:00:00+09:00,429.1109781537737,432.9286914825439,426.82035015651155,427.5838928222656,17000,0.0,0.0
2006-03-14 00:00:00+09:00,435.21935811856895,448.96312732231326,435.21935811856895,438.2735290527344,41000,0.0,0.0
2006-03-15 00:00:00+09:00,441.3276764181386,450.49018873131797,427.5839079483696,439.03704833984375,49000,0.0,0.0
2006-03-16 00:00:00+09:00,439.0370811555933,439.0370811555933,429.1110254077277,435.98291015625,5000,0.0,0.0
2006-03-17 00:00:00+09:00,430.63799459523165,450.4901007290544,427.5838244207974,442.85467529296875,29000,0.0,0.0
2006-03-20 00:00:00+09:00,445.1454440307617,458.12567138671875,443.6183584594727,458.12567138671875,15000,0.0,0.0
2006-03-21 00:00:00+09:00,458.12567138671875,458.12567138671875,458.12567138671875,458.12567138671875,0,0.0,0.0
2006-03-22 00:00:00+09:00,452.78082487821985,456.5985384100767,448.19956863999164,449.7266540527344,34000,0.0,0.0
2006-03-23 00:00:00+09:00,458.12559470152246,458.12559470152246,446.6724548339844,446.6724548339844,22000,0.0,0.0
2006-03-24 00:00:00+09:00,446.6725205243644,450.490234375,446.6725205243644,450.490234375,11000,0.0,0.0
2006-03-27 00:00:00+09:00,450.4900863214407,458.1255115133295,450.4900863214407,457.3619689941406,28000,0.0,0.0
2006-03-28 00:00:00+09:00,461.2055358886719,465.04891535441084,458.1308323160808,461.2055358886719,94000,4.0,0.0
2006-03-29 00:00:00+09:00,461.2055358886719,464.280239461263,460.4368599955241,461.2055358886719,45000,0.0,0.0
2006-03-30 00:00:00+09:00,461.20535161140964,461.20535161140964,459.6680004393716,460.4366760253906,17000,0.0,0.0
2006-03-31 00:00:00+09:00,461.97413206412125,475.8102957532297,461.97413206412125,470.4295654296875,94000,0.0,0.0
2006-04-03 00:00:00+09:00,475.04161797195184,476.57896948642417,467.35486039959017,468.8922119140625,165000,0.0,0.0
2006-04-04 00:00:00+09:00,479.6537066361643,484.2657615076659,471.1982727050781,471.1982727050781,69000,0.0,0.0
2006-04-05 00:00:00+09:00,468.89217610004516,468.89217610004516,465.0487976074219,465.0487976074219,38000,0.0,0.0
2006-04-06 00:00:00+09:00,465.048890066619,472.73564858011684,465.048890066619,465.81756591796875,6000,0.0,0.0
2006-04-07 00:00:00+09:00,466.5862671407064,482.7284608968099,461.2055358886719,461.2055358886719,74000,0.0,0.0
2006-04-10 00:00:00+09:00,461.2055358886719,461.2055358886719,459.6681841023763,461.2055358886719,24000,0.0,0.0
2006-04-11 00:00:00+09:00,461.2055315290179,464.28023507254466,457.3621520996094,457.3621520996094,58000,0.0,0.0
2006-04-12 00:00:00+09:00,461.20546899660667,461.20546899660667,453.51871117999656,456.5934143066406,24000,0.0,0.0
2006-04-13 00:00:00+09:00,455.0560208512007,455.0560208512007,447.3692637422277,448.137939453125,61000,0.0,0.0
2006-04-14 00:00:00+09:00,444.2946324467235,444.2946324467235,430.45846742243106,431.9958190917969,108000,0.0,0.0
2006-04-17 00:00:00+09:00,431.9957816459037,431.9957816459037,425.0776997334248,426.61505126953125,144000,0.0,0.0
2006-04-18 00:00:00+09:00,425.84636768541833,467.3548583984375,422.77166466963916,467.3548583984375,106000,0.0,0.0
2006-04-19 00:00:00+09:00,480.4224286760603,499.6393258231027,475.8103733607701,484.26580810546875,931000,0.0,0.0
2006-04-20 00:00:00+09:00,507.3259970582562,561.1332997765561,491.9524819958848,560.3646240234375,1445000,0.0,0.0
2006-04-21 00:00:00+09:00,540.3789326077634,637.2320556640625,540.3789326077634,637.2320556640625,1557000,0.0,0.0
2006-04-24 00:00:00+09:00,591.8803059895833,641.0755522017046,584.1935487689394,634.157470703125,553000,0.0,0.0
2006-04-25 00:00:00+09:00,634.1574235395951,638.0008018640775,557.2898570499473,558.0585327148438,1289000,0.0,0.0
2006-04-26 00:00:00+09:00,565.7453591784591,621.0900138806998,565.7453591784591,611.0972290039062,687000,0.0,0.0
2006-04-27 00:00:00+09:00,603.4103439969255,618.7838559458918,603.4103439969255,606.4850463867188,190000,0.0,0.0
2006-04-28 00:00:00+09:00,598.798451423645,602.6418304443359,588.0369901657104,590.343017578125,153000,0.0,0.0
2006-05-01 00:00:00+09:00,630.3140508577068,667.210483103036,629.5453751859292,647.9935913085938,422000,0.0,0.0
2006-05-02 00:00:00+09:00,639.5382425028836,666.44189453125,638.0008909584054,666.44189453125,283000,0.0,0.0
2006-05-03 00:00:00+09:00,666.44189453125,666.44189453125,666.44189453125,666.44189453125,0,0.0,0.0
2006-05-04 00:00:00+09:00,666.44189453125,666.44189453125,666.44189453125,666.44189453125,0,0.0,0.0
2006-05-05 00:00:00+09:00,666.44189453125,666.44189453125,666.44189453125,666.44189453125,0,0.0,0.0
2006-05-08 00:00:00+09:00,743.3094482421875,743.3094482421875,743.3094482421875,743.3094482421875,123000,0.0,0.0
2006-05-09 00:00:00+09:00,743.3094782415426,820.1770561362213,735.6227204520746,814.7963256835938,1062000,0.0,0.0
2006-05-10 00:00:00+09:00,799.4228780548409,856.30489053182,792.5047954562895,821.7144775390625,512000,0.0,0.0
2006-05-11 00:00:00+09:00,810.1842995210466,821.7144366110045,784.0493221171419,788.661376953125,264000,0.0,0.0
2006-05-12 00:00:00+09:00,757.9142497977824,776.3624668313998,746.3841141517715,760.9889526367188,289000,0.0,0.0
2006-05-15 00:00:00+09:00,737.9287671793193,753.3022831622218,734.0853881835938,734.0853881835938,182000,0.0,0.0
2006-05-16 00:00:00+09:00,749.4588180218648,767.1383593700729,745.6154394679065,761.7576293945312,266000,0.0,0.0
2006-05-17 00:00:00+09:00,767.9071391269672,768.675814941909,731.7793758246975,746.3842163085938,127000,0.0,0.0
2006-05-18 00:00:00+09:00,722.5552194486788,760.9890077172256,722.5552194486788,756.376953125,75000,0.0,0.0
2006-05-19 00:00:00+09:00,745.6155052797042,747.1528568369819,707.1817163477607,718.7118530273438,177000,0.0,0.0
2006-05-22 00:00:00+09:00,711.0251744588217,714.0998779159409,679.5094640233496,682.5841674804688,165000,0.0,0.0
2006-05-23 00:00:00+09:00,668.7479894712261,684.1215064705646,654.1431483218545,671.8226928710938,175000,0.0,0.0
2006-05-24 00:00:00+09:00,657.9865284598214,672.5913696289062,656.4491767578126,672.5913696289062,112000,0.0,0.0
2006-05-25 00:00:00+09:00,676.4347159875691,710.2564517869475,676.4347159875691,695.651611328125,68000,0.0,0.0
2006-05-26 00:00:00+09:00,717.9430843995664,745.6154088517981,711.7936789657371,739.4660034179688,175000,0.0,0.0
2006-05-29 00:00:00+09:00,751.7649335233396,759.4516915348256,732.5480384946243,735.6227416992188,182000,0.0,0.0
2006-05-30 00:00:00+09:00,708.7191096738388,711.0251371456626,701.0323514344262,703.33837890625,64000,0.0,0.0
2006-05-31 00:00:00+09:00,668.7479345148259,691.8082081187855,668.7479345148259,676.4346923828125,63000,0.0,0.0
2006-06-01 00:00:00+09:00,691.8081665039062,741.7720896402994,684.1214090983073,691.8081665039062,115000,0.0,0.0
2006-06-02 00:00:00+09:00,703.3383026123047,714.0997629801433,668.7478942871094,691.8081665039062,82000,0.0,0.0
2006-06-05 00:00:00+09:00,691.8081582928987,695.6515369500814,681.046698052787,685.6587524414062,29000,0.0,0.0
2006-06-06 00:00:00+09:00,669.5166662248885,681.0468039899554,669.5166662248885,672.5913696289062,22000,0.0,0.0
2006-06-07 00:00:00+09:00,671.8227053805515,694.8829813089457,671.8227053805515,682.5841674804688,44000,0.0,0.0
2006-06-08 00:00:00+09:00,677.9719981614438,690.2708099194746,672.5912680173054,687.9647827148438,52000,0.0,0.0
2006-06-09 00:00:00+09:00,677.2034480755145,683.3528550954965,638.0009783231295,639.538330078125,177000,0.0,0.0
2006-06-12 00:00:00+09:00,630.314219548152,653.3744958730844,630.314219548152,639.538330078125,92000,0.0,0.0
2006-06-13 00:00:00+09:00,631.0827594883148,637.2321651836942,626.4707052167802,628.008056640625,64000,0.0,0.0
2006-06-14 00:00:00+09:00,622.6273674288838,622.6273674288838,576.5068216934109,612.6345825195312,200000,0.0,0.0
2006-06-15 00:00:00+09:00,604.9478412600055,635.694872581988,604.9478412600055,625.7020874023438,74000,0.0,0.0
2006-06-16 00:00:00+09:00,648.7622902930816,664.9044799804688,638.7695062008896,664.9044799804688,81000,0.0,0.0
2006-06-19 00:00:00+09:00,668.747850964953,668.747850964953,640.3068504066734,659.5237426757812,44000,0.0,0.0
2006-06-20 00:00:00+09:00,657.2177476997834,657.2177476997834,638.0008544921875,638.0008544921875,18000,0.0,0.0
2006-06-21 00:00:00+09:00,634.1574928977273,653.3743866219008,634.1574928977273,651.068359375,22000,0.0,0.0
2006-06-22 00:00:00+09:00,643.3816344729888,687.9648301712365,634.9262008060797,677.203369140625,312000,0.0,0.0
2006-06-23 00:00:00+09:00,677.2033302251671,740.2347412109375,668.7478970441491,740.2347412109375,168000,0.0,0.0
2006-06-26 00:00:00+09:00,740.234722609747,749.4588313027034,713.331072255291,726.3985595703125,183000,0.0,0.0
2006-06-27 00:00:00+09:00,734.0853372682561,741.7720947265625,718.7118223516435,741.7720947265625,39000,0.0,0.0
2006-06-28 00:00:00+09:00,718.7119195109093,730.2420572570736,718.7119195109093,723.323974609375,32000,0.0,0.0
2006-06-29 00:00:00+09:00,721.7865411509638,721.7865411509638,705.6443501348081,707.1817016601562,34000,0.0,0.0
2006-06-30 00:00:00+09:00,730.2420479910714,730.2420479910714,714.8685311912594,715.63720703125,8000,0.0,0.0
2006-07-03 00:00:00+09:00,717.1745014700659,722.5552319205381,705.6443647904829,718.7118530273438,62000,0.0,0.0
2006-07-04 00:00:00+09:00,717.1745614617488,721.7866165193807,709.4878030323624,717.9432373046875,68000,0.0,0.0
2006-07-05 00:00:00+09:00,704.1071140920214,711.7938729794889,699.4950587595409,701.8010864257812,17000,0.0,0.0
2006-07-06 00:00:00+09:00,690.2707846079848,690.2707846079848,669.5165405273438,669.5165405273438,64000,0.0,0.0
2006-07-07 00:00:00+09:00,661.8298847512638,661.8298847512638,642.6129891429227,653.3744506835938,56000,0.0,0.0
2006-07-10 00:00:00+09:00,649.5310715619255,653.3744506835938,636.4635825482536,653.3744506835938,22000,0.0,0.0
2006-07-11 00:00:00+09:00,668.7479208578413,668.7479208578413,658.7551358335288,665.6732177734375,36000,0.0,0.0
2006-07-12 00:00:00+09:00,650.2998444347847,650.2998444347847,627.2395662633385,630.3142700195312,48000,0.0,0.0
2006-07-13 00:00:00+09:00,623.3960939055036,623.3960939055036,599.5671433369824,603.4105224609375,57000,0.0,0.0
2006-07-14 00:00:00+09:00,595.7236673990885,595.7236673990885,576.5067749023438,576.5067749023438,75000,0.0,0.0
2006-07-17 00:00:00+09:00,576.5067749023438,576.5067749023438,576.5067749023438,576.5067749023438,0,0.0,0.0
2006-07-18 00:00:00+09:00,576.5067395393563,576.5067395393563,548.065740388748,551.9091186523438,24000,0.0,0.0
2006-07-19 00:00:00+09:00,567.2828259698276,567.2828259698276,551.909307650862,557.2900390625,14000,0.0,0.0
2006-07-20 00:00:00+09:00,566.5139908040364,576.5067749023438,563.4392880045573,576.5067749023438,64000,0.0,0.0
2006-07-21 00:00:00+09:00,568.8201330041372,571.8948364257812,562.6707261608493,571.8948364257812,12000,0.0,0.0
2006-07-24 00:00:00+09:00,557.2899844477085,562.6707153320312,550.3719018821508,562.6707153320312,12000,0.0,0.0
2006-07-25 00:00:00+09:00,562.6706441525278,562.6706441525278,554.98388671875,554.98388671875,6000,0.0,0.0
2006-07-26 00:00:00+09:00,553.4466761945789,553.4466761945789,500.4080363925985,515.7815551757812,55000,0.0,0.0
2006-07-27 00:00:00+09:00,515.7815551757812,515.7815551757812,490.4152491835297,515.7815551757812,52000,0.0,0.0
2006-07-28 00:00:00+09:00,531.1549124882139,551.9091565362338,500.4078842689251,534.998291015625,55000,0.0,0.0
2006-07-31 00:00:00+09:00,544.9910898987675,552.6778471610916,525.0055210167253,545.759765625,185000,0.0,0.0
2006-08-01 00:00:00+09:00,541.9163877809202,599.5670673320819,541.9163877809202,591.8803100585938,71000,0.0,0.0
2006-08-02 00:00:00+09:00,591.8803604789402,591.8803604789402,578.044196208004,583.4249267578125,44000,0.0,0.0
2006-08-03 00:00:00+09:00,572.6634501769116,572.6634501769116,561.1333135961684,571.1260986328125,17000,0.0,0.0
2006-08-04 00:00:00+09:00,563.439340912317,584.1935867576548,545.7597981551775,571.1260986328125,123000,0.0,0.0
2006-08-07 00:00:00+09:00,571.1262634022677,576.5069953589513,551.9093635569693,552.6780395507812,28000,0.0,0.0
2006-08-08 00:00:00+09:00,558.8273287609796,558.8273287609796,556.5213012695312,556.5213012695312,5000,0.0,0.0
2006-08-09 00:00:00+09:00,554.98388671875,554.98388671875,554.98388671875,554.98388671875,1000,0.0,0.0
2006-08-10 00:00:00+09:00,539.6103016714031,548.0657337488753,520.3934105862393,547.2970581054688,68000,0.0,0.0
2006-08-11 00:00:00+09:00,547.2971129160765,547.2971129160765,538.0730042714235,542.68505859375,18000,0.0,0.0
2006-08-14 00:00:00+09:00,542.6850340147276,571.8947100665118,541.9163583291544,568.8200073242188,41000,0.0,0.0
2006-08-15 00:00:00+09:00,568.8200073242188,576.5067641799515,554.9838449838999,568.8200073242188,22000,0.0,0.0
2006-08-16 00:00:00+09:00,584.1935319010416,592.6489645996094,568.8200179036459,576.5067749023438,113000,0.0,0.0
2006-08-17 00:00:00+09:00,591.8803585158314,591.8803585158314,579.5815458713466,581.8875732421875,35000,0.0,0.0
2006-08-18 00:00:00+09:00,589.5742797851562,595.7236855717028,584.193549721928,589.5742797851562,41000,0.0,0.0
2006-08-21 00:00:00+09:00,584.9622233870762,600.3357377993515,584.9622233870762,588.0369262695312,32000,0.0,0.0
2006-08-22 00:00:00+09:00,588.0369314218497,601.1044187867797,585.7309042398032,591.8803100585938,96000,0.0,0.0
2006-08-23 00:00:00+09:00,578.0441305226293,584.1935361664871,571.1260491732894,579.5814819335938,36000,0.0,0.0
2006-08-24 00:00:00+09:00,576.5067641799515,576.5067641799515,565.7453045819257,568.8200073242188,47000,0.0,0.0
2006-08-25 00:00:00+09:00,568.8201107449001,568.8201107449001,553.4465942382812,553.4465942382812,17000,0.0,0.0
2006-08-28 00:00:00+09:00,538.0730523003473,539.6104038783483,532.6923217773438,532.6923217773438,32000,0.0,0.0
2006-08-29 00:00:00+09:00,529.6174915225007,530.3861671270325,515.781330640926,528.8488159179688,48000,0.0,0.0
2006-08-30 00:00:00+09:00,537.3043008243336,537.3043008243336,519.6247601677389,522.699462890625,11000,0.0,0.0
2006-08-31 00:00:00+09:00,538.073042371088,538.073042371088,517.3187964510604,525.0055541992188,58000,0.0,0.0
2006-09-01 00:00:00+09:00,536.5357726617908,544.9912074745124,536.5357726617908,541.91650390625,26000,0.0,0.0
2006-09-04 00:00:00+09:00,544.9911489540574,548.8345280016883,541.9164457159527,544.2224731445312,57000,0.0,0.0
2006-09-05 00:00:00+09:00,549.6031400772398,549.6031400772398,539.6103557121991,542.68505859375,21000,0.0,0.0
2006-09-06 00:00:00+09:00,544.2224740914801,549.6032047675258,542.6851224697527,544.9911499023438,14000,0.0,0.0
2006-09-07 00:00:00+09:00,544.991090927446,546.5284423828125,541.1477122890295,546.5284423828125,23000,0.0,0.0
2006-09-08 00:00:00+09:00,545.7598257132074,547.2971773349348,538.8417434154344,544.9911499023438,26000,0.0,0.0
2006-09-11 00:00:00+09:00,541.1478111333819,541.1478111333819,526.5429696397254,527.3116455078125,39000,0.0,0.0
2006-09-12 00:00:00+09:00,525.005592044726,534.2297020074444,505.7886962890625,505.7886962890625,82000,0.0,0.0
2006-09-13 00:00:00+09:00,513.4753723622115,514.2440480693406,484.2656954913072,491.18377685546875,141000,0.0,0.0
2006-09-14 00:00:00+09:00,475.8102957532297,482.72837759778395,461.2054563036152,470.4295654296875,63000,0.0,0.0
2006-09-15 00:00:00+09:00,466.58614900447117,468.89217610004516,461.20541911479853,465.0487976074219,63000,0.0,0.0
2006-09-18 00:00:00+09:00,465.0487976074219,465.0487976074219,465.0487976074219,465.0487976074219,0,0.0,0.0
2006-09-19 00:00:00+09:00,444.2946662394206,476.5790537516276,438.9139349873861,461.2055358886719,147000,0.0,0.0
2006-09-20 00:00:00+09:00,461.2055315290179,461.2055315290179,455.0561244419643,457.3621520996094,37000,0.0,0.0
2006-09-21 00:00:00+09:00,461.2055108098701,468.1235934720181,461.2055108098701,465.81756591796875,36000,0.0,0.0
2006-09-22 00:00:00+09:00,463.51153473204556,464.2802105773723,461.2055071960652,462.74285888671875,25000,0.0,0.0
2006-09-25 00:00:00+09:00,461.2055358886719,461.2055358886719,459.6681841023763,461.2055358886719,24000,0.0,0.0
2006-09-26 00:00:00+09:00,461.9742117818197,461.9742117818197,461.2055358886719,461.2055358886719,7000,0.0,0.0
2006-09-27 00:00:00+09:00,465.0488726708197,476.5790100097657,465.0488726708197,476.5790100097656,7000,0.0,0.0
2006-09-28 00:00:00+09:00,491.95261548913044,534.9984693444294,491.18393952742866,530.3864135742188,85000,0.0,0.0
2006-09-29 00:00:00+09:00,538.0729318779206,575.738037109375,538.0729318779206,575.738037109375,111000,0.0,0.0
2006-10-02 00:00:00+09:00,560.3646230173636,564.9766775277944,557.2899200104096,559.595947265625,54000,0.0,0.0
2006-10-03 00:00:00+09:00,558.0586491902669,558.8273250155978,544.2224843343099,553.4465942382812,29000,0.0,0.0
2006-10-04 00:00:00+09:00,542.6850437759664,548.8344493711614,528.8488811867775,531.923583984375,21000,0.0,0.0
2006-10-05 00:00:00+09:00,539.6104038783483,539.6104038783483,523.4682123093378,532.6923217773438,12000,0.0,0.0
2006-10-06 00:00:00+09:00,525.0054789528918,525.0054789528918,499.63918201958955,515.0126953125,87000,0.0,0.0
2006-10-09 00:00:00+09:00,515.0126953125,515.0126953125,515.0126953125,515.0126953125,0,0.0,0.0
2006-10-10 00:00:00+09:00,508.8634338378906,508.8634338378906,508.8634338378906,508.8634338378906,1000,0.0,0.0
2006-10-11 00:00:00+09:00,499.63922119140625,499.63922119140625,491.9524639423077,499.63922119140625,67000,0.0,0.0
2006-10-12 00:00:00+09:00,495.0271668419471,499.63922119140625,484.26570669320915,499.63922119140625,60000,0.0,0.0
2006-10-13 00:00:00+09:00,501.945284692134,528.0802612304688,501.945284692134,528.0802612304688,14000,0.0,0.0
2006-10-16 00:00:00+09:00,531.9236291287214,531.9236291287214,517.3187896006207,519.6248168945312,32000,0.0,0.0
2006-10-17 00:00:00+09:00,518.8561984470912,518.8561984470912,509.63208825247625,516.5501708984375,11000,0.0,0.0
2006-10-18 00:00:00+09:00,508.8634060737782,511.16943359375,499.639295993891,511.16943359375,13000,0.0,0.0
2006-10-19 00:00:00+09:00,515.0127175713413,541.9163669967099,514.2440418734736,531.1549072265625,74000,0.0,0.0
2006-10-20 00:00:00+09:00,568.820073274958,584.1935887688758,564.9766944014785,572.6634521484375,264000,0.0,0.0
2006-10-23 00:00:00+09:00,581.8874114005796,599.5669496597782,581.8874114005796,595.7235717773438,104000,0.0,0.0
2006-10-24 00:00:00+09:00,603.4104772751102,621.0900199213874,603.4104772751102,615.7092895507812,342000,0.0,0.0
2006-10-25 00:00:00+09:00,617.2466320461698,626.4707411178435,607.2538472185231,608.7911987304688,201000,0.0,0.0
2006-10-26 00:00:00+09:00,607.2539015848924,608.7912532344745,600.3358191617734,603.4105224609375,84000,0.0,0.0
2006-10-27 00:00:00+09:00,600.3358144906852,609.5599243164063,597.2611112154448,599.567138671875,94000,0.0,0.0
2006-10-30 00:00:00+09:00,592.6490488002955,599.567131082011,576.506856809626,593.417724609375,56000,0.0,0.0
2006-10-31 00:00:00+09:00,594.1863320344414,600.3357377993515,588.0369262695312,588.0369262695312,63000,0.0,0.0
2006-11-01 00:00:00+09:00,590.3430108409987,590.3430108409987,581.1189012966081,584.9622802734375,49000,0.0,0.0
2006-11-02 00:00:00+09:00,583.4249038696289,583.4249038696289,557.2899279387101,565.745361328125,75000,0.0,0.0
2006-11-03 00:00:00+09:00,565.745361328125,565.745361328125,565.745361328125,565.745361328125,0,0.0,0.0
2006-11-06 00:00:00+09:00,565.7453730782086,579.5815370937082,565.7453730782086,574.969482421875,41000,0.0,0.0
2006-11-07 00:00:00+09:00,581.1188608479713,607.2538360712928,581.1188608479713,600.3357543945312,83000,0.0,0.0
2006-11-08 00:00:00+09:00,607.253885269165,614.9406433105469,584.9622869491577,590.343017578125,92000,0.0,0.0
2006-11-09 00:00:00+09:00,603.4104164123535,614.9405517578125,595.7236595153809,614.9405517578125,99000,0.0,0.0
2006-11-10 00:00:00+09:00,617.2467004348697,633.3888930987954,610.3286178646159,614.1719970703125,180000,0.0,0.0
2006-11-13 00:00:00+09:00,618.0153631319665,618.0153631319665,597.2611158626095,603.4105224609375,10000,0.0,0.0
2006-11-14 00:00:00+09:00,611.0972427349302,622.6273793903063,607.2538638498049,621.8587036132812,37000,0.0,0.0
2006-11-15 00:00:00+09:00,622.6273881310648,628.7767944335938,618.7840091919841,628.7767944335938,51000,0.0,0.0
2006-11-16 00:00:00+09:00,616.477903137207,627.2393627929688,614.9405517578125,614.9405517578125,41000,0.0,0.0
2006-11-17 00:00:00+09:00,614.9406598328026,614.9406598328026,600.3358191617734,603.4105224609375,41000,0.0,0.0
2006-11-20 00:00:00+09:00,607.2538214214777,612.634551484706,589.5742797851562,589.5742797851562,33000,0.0,0.0
2006-11-21 00:00:00+09:00,588.8056640625,604.9478558971116,588.8056640625,588.8056640625,14000,0.0,0.0
2006-11-22 00:00:00+09:00,602.6417906942247,610.3285482285897,599.5670876804786,607.2538452148438,21000,0.0,0.0
2006-11-23 00:00:00+09:00,607.2538452148438,607.2538452148438,607.2538452148438,607.2538452148438,0,0.0,0.0
2006-11-24 00:00:00+09:00,613.4031960952221,613.4031960952221,607.2537906205833,611.8658447265625,13000,0.0,0.0
2006-11-27 00:00:00+09:00,601.8730479649136,602.6417236328125,601.8730479649136,602.6417236328125,2000,0.0,0.0
2006-11-28 00:00:00+09:00,595.7236553556355,611.8658447265625,595.7236553556355,611.8658447265625,4000,0.0,0.0
2006-11-29 00:00:00+09:00,607.2539043910612,607.2539043910612,600.3358219359732,605.716552734375,6000,0.0,0.0
2006-11-30 00:00:00+09:00,606.4851603294304,606.4851603294304,600.3357543945312,600.3357543945312,5000,0.0,0.0
2006-12-01 00:00:00+09:00,603.4104573619808,610.3285390387424,600.3357543945312,600.3357543945312,8000,0.0,0.0
2006-12-04 00:00:00+09:00,609.5598035400702,609.5598035400702,601.873046875,601.873046875,5000,0.0,0.0
2006-12-05 00:00:00+09:00,587.2682505489174,594.1863320344414,585.73089910769,588.0369262695312,34000,0.0,0.0
2006-12-06 00:00:00+09:00,584.1935476664625,588.0369262695312,568.820033254187,588.0369262695312,31000,0.0,0.0
2006-12-07 00:00:00+09:00,574.200743565291,587.2682303666429,573.4320678710938,573.4320678710938,19000,0.0,0.0
2006-12-08 00:00:00+09:00,567.2827619497211,567.2827619497211,555.7526245117188,555.7526245117188,39000,0.0,0.0
2006-12-11 00:00:00+09:00,553.4465895432693,558.0586444561299,549.6032104492188,549.6032104492188,37000,0.0,0.0
2006-12-12 00:00:00+09:00,550.3719184966919,577.2755737304688,550.3719184966919,577.2755737304688,49000,0.0,0.0
2006-12-13 00:00:00+09:00,584.9622869491577,591.8803691864014,578.0442047119141,590.343017578125,32000,0.0,0.0
2006-12-14 00:00:00+09:00,591.8803535623753,591.8803535623753,572.6634589661943,578.044189453125,48000,0.0,0.0
2006-12-15 00:00:00+09:00,578.8128226936637,591.8803100585938,578.8128226936637,591.8803100585938,46000,0.0,0.0
2006-12-18 00:00:00+09:00,587.2682505489174,591.8803048726,574.9694390190972,588.0369262695312,151000,0.0,0.0
2006-12-19 00:00:00+09:00,581.1188333445582,583.4248604610049,576.5067791116649,579.5814819335938,69000,0.0,0.0
2006-12-20 00:00:00+09:00,575.7381492687014,575.7381492687014,564.976688534707,568.0513916015625,42000,0.0,0.0
2006-12-21 00:00:00+09:00,568.0513262482727,568.0513262482727,561.1332451437606,564.9766235351562,19000,0.0,0.0
2006-12-22 00:00:00+09:00,561.1332926657722,564.976671382661,554.98388671875,554.98388671875,20000,0.0,0.0
2006-12-25 00:00:00+09:00,550.3719387189716,550.3719387189716,541.91650390625,541.91650390625,23000,0.0,0.0
2006-12-26 00:00:00+09:00,541.9164504041846,548.0658569335938,541.9164504041846,548.0658569335938,21000,0.0,0.0
2006-12-27 00:00:00+09:00,563.439345742292,575.7381582005138,548.0658301695145,574.969482421875,19000,0.0,0.0
2006-12-28 00:00:00+09:00,574.9695240634671,574.9695240634671,558.8273315429688,558.8273315429688,42000,0.0,0.0
2006-12-29 00:00:00+09:00,555.7526254390485,556.5213012695312,555.7526254390485,556.5213012695312,3000,0.0,0.0
2007-01-04 00:00:00+09:00,564.2080623831349,571.8948207262293,557.2899798743499,558.8273315429688,8000,0.0,0.0
2007-01-05 00:00:00+09:00,558.8273278285194,564.9767344621207,547.2971903905169,555.7526245117188,13000,0.0,0.0
2007-01-09 00:00:00+09:00,545.7599328082541,545.7599328082541,521.1623020337976,530.3864135742188,55000,0.0,0.0
2007-01-10 00:00:00+09:00,535.7671453061312,535.7671453061312,525.7743578040082,530.3864135742188,12000,0.0,0.0
2007-01-11 00:00:00+09:00,530.386285614549,534.9983402720669,525.7742309570312,525.7742309570312,20000,0.0,0.0
2007-01-12 00:00:00+09:00,526.5428977683738,526.5428977683738,517.3187886103877,518.8561401367188,28000,0.0,0.0
2007-01-15 00:00:00+09:00,515.012828214669,516.5501799406828,488.10917300942504,498.1019592285156,152000,0.0,0.0
2007-01-16 00:00:00+09:00,498.1017493104782,507.3258557791908,480.4222119121125,481.1908874511719,121000,0.0,0.0
2007-01-17 00:00:00+09:00,481.9596795184796,499.63922119140625,481.9596795184796,499.63922119140625,211000,0.0,0.0
2007-01-18 00:00:00+09:00,503.48255819903164,515.0126931196202,503.48255819903164,513.475341796875,203000,0.0,0.0
2007-01-19 00:00:00+09:00,513.4753680861139,513.4753680861139,509.6319895824754,510.4006652832031,39000,0.0,0.0
2007-01-22 00:00:00+09:00,511.16940403843785,514.244107220624,511.16940403843785,511.9380798339844,50000,0.0,0.0
2007-01-23 00:00:00+09:00,511.93811580113,518.8561984470912,511.93811580113,516.5501708984375,71000,0.0,0.0
2007-01-24 00:00:00+09:00,516.5500044389204,521.1620580499822,505.78854601310957,507.3258972167969,96000,0.0,0.0
2007-01-25 00:00:00+09:00,509.6319240223277,511.16927522601503,505.78854601310957,507.3258972167969,52000,0.0,0.0
2007-01-26 00:00:00+09:00,503.4825733896425,504.25124907420684,499.63919496682075,502.7138977050781,32000,0.0,0.0
2007-01-29 00:00:00+09:00,505.7886443130974,512.7067260742188,512.7067260742188,512.7067260742188,40000,0.0,0.0
2007-01-30 00:00:00+09:00,514.2440569394033,557.2898972811172,514.2440569394033,542.68505859375,549000,0.0,0.0
2007-01-31 00:00:00+09:00,545.7597454860482,545.7597454860482,528.8488801329595,531.1549072265625,82000,0.0,0.0
2007-02-01 00:00:00+09:00,531.1550414173315,543.4538556903811,522.6996066046099,541.91650390625,33000,0.0,0.0
2007-02-02 00:00:00+09:00,541.916386993838,548.8344685299295,538.073008362676,545.759765625,38000,0.0,0.0
2007-02-05 00:00:00+09:00,534.2296922424231,548.0658569335938,533.4610164262469,548.0658569335938,20000,0.0,0.0
2007-02-06 00:00:00+09:00,541.916499546596,541.916499546596,538.0731201171875,538.0731201171875,5000,0.0,0.0
2007-02-07 00:00:00+09:00,532.6922628498763,534.2296142578125,532.6922628498763,534.2296142578125,19000,0.0,0.0
2007-02-08 00:00:00+09:00,531.9237614763914,531.9237614763914,526.5430297851562,526.5430297851562,19000,0.0,0.0
2007-02-09 00:00:00+09:00,515.7815703018852,530.3864135742188,515.0128943401835,530.3864135742188,61000,0.0,0.0
2007-02-13 00:00:00+09:00,536.5356424265894,536.5356424265894,526.5428582553207,534.998291015625,14000,0.0,0.0
2007-02-14 00:00:00+09:00,530.3862218772911,530.3862218772911,524.23681640625,524.23681640625,9000,0.0,0.0
2007-02-15 00:00:00+09:00,523.4681886407826,523.4681886407826,514.2440795898438,514.2440795898438,25000,0.0,0.0
2007-02-16 00:00:00+09:00,505.01987041126597,515.0126532352332,503.4825192075787,507.3258972167969,67000,0.0,0.0
2007-02-19 00:00:00+09:00,500.4078380374089,507.3259187476035,500.4078380374089,501.176513671875,19000,0.0,0.0
2007-02-20 00:00:00+09:00,503.482694757295,503.482694757295,501.9453430175781,501.9453430175781,23000,0.0,0.0
2007-02-21 00:00:00+09:00,501.9452714169008,521.162165422142,501.1765956566912,517.3187866210938,123000,0.0,0.0
2007-02-22 00:00:00+09:00,525.0056300571987,538.0731201171875,525.0056300571987,538.0731201171875,123000,0.0,0.0
2007-02-23 00:00:00+09:00,538.84179947593,545.7598824934527,537.3044476942583,541.1478271484375,62000,0.0,0.0
2007-02-26 00:00:00+09:00,544.9911489540574,548.0658521921621,537.3043908587957,544.2224731445312,81000,0.0,0.0
2007-02-27 00:00:00+09:00,527.3116611133922,541.1478271484375,515.0128468600186,541.1478271484375,190000,0.0,0.0
2007-02-28 00:00:00+09:00,518.08752259754,520.3935501461937,507.3260607038225,516.5501708984375,82000,0.0,0.0
2007-03-01 00:00:00+09:00,521.9308070890893,545.7597540990478,518.8561042490946,537.3043212890625,81000,0.0,0.0
2007-03-02 00:00:00+09:00,536.5356908214563,539.6103939207197,525.0055541992188,525.0055541992188,103000,0.0,0.0
2007-03-05 00:00:00+09:00,513.4753957220357,528.080234821914,499.6392323642564,508.09466552734375,145000,0.0,0.0
2007-03-06 00:00:00+09:00,514.2440491676331,524.2368333816529,488.1090750694275,491.95245361328125,216000,0.0,0.0
2007-03-07 00:00:00+09:00,484.26580810546875,491.9525669642857,482.72845633370537,484.26580810546875,345000,0.0,0.0
2007-03-08 00:00:00+09:00,484.2657175683749,488.109096279235,481.9596903418588,485.0343933105469,219000,0.0,0.0
2007-03-09 00:00:00+09:00,495.0271798848746,518.8561279849229,490.4151254138975,509.63201904296875,270000,0.0,0.0
2007-03-12 00:00:00+09:00,515.0127533279259,515.0127533279259,507.3259958155688,512.7067260742188,333000,0.0,0.0
2007-03-13 00:00:00+09:00,522.6995549997808,572.6634830512305,521.9308791836047,548.0658569335938,549000,0.0,0.0
2007-03-14 00:00:00+09:00,538.0731691235173,545.7599286824247,525.0056778733748,526.5430297851562,353000,0.0,0.0
2007-03-15 00:00:00+09:00,515.0127081996884,540.3790057677328,506.55727567700694,524.23681640625,1309000,0.0,0.0
2007-03-16 00:00:00+09:00,525.0055522274516,540.37906766603,515.0127671923757,523.4682006835938,520000,0.0,0.0
2007-03-19 00:00:00+09:00,530.38640956461,536.5358172117358,521.1622980939211,526.5430297851562,213000,0.0,0.0
2007-03-20 00:00:00+09:00,526.5430297851562,526.5430297851562,515.0128904467952,526.5430297851562,213000,0.0,0.0
2007-03-22 00:00:00+09:00,526.542916421588,544.9911353911034,526.542916421588,533.4609985351562,219000,0.0,0.0
2007-03-23 00:00:00+09:00,541.916499546596,541.916499546596,533.4610648018974,538.0731201171875,122000,0.0,0.0
2007-03-26 00:00:00+09:00,541.9165030392734,541.9165030392734,530.3863646767356,541.1478271484375,80000,0.0,0.0
2007-03-27 00:00:00+09:00,541.1476614559398,541.1476614559398,526.4383544921875,526.4383544921875,32000,5.0,0.0
2007-03-28 00:00:00+09:00,526.4383921502422,526.4383921502422,519.4708251953125,519.4708251953125,40000,0.0,0.0
2007-03-29 00:00:00+09:00,522.567510265714,545.7927329441901,518.6966398193013,544.244384765625,88000,0.0,0.0
2007-03-30 00:00:00+09:00,534.9543809931795,540.3736004822566,522.5675935895748,539.5994262695312,28000,0.0,0.0
2007-04-02 00:00:00+09:00,541.9218853661466,545.7927559759048,526.4384029271139,528.7609252929688,73000,0.0,0.0
2007-04-03 00:00:00+09:00,541.1476884084949,544.244384765625,538.0509920513647,544.244384765625,85000,0.0,0.0
2007-04-04 00:00:00+09:00,545.7927831013998,557.4053955078125,541.9219122992622,557.4053955078125,197000,0.0,0.0
2007-04-05 00:00:00+09:00,557.4053955078125,561.2762663099501,554.3086988661024,557.4053955078125,106000,0.0,0.0
2007-04-06 00:00:00+09:00,559.7279719238281,580.6306762695312,557.4054492187499,580.6306762695312,210000,0.0,0.0
2007-04-09 00:00:00+09:00,572.8887939453125,572.8887939453125,543.4701802021749,572.8887939453125,128000,0.0,0.0
2007-04-10 00:00:00+09:00,572.1146750286126,607.7266845703125,562.05041146248,607.7266845703125,677000,0.0,0.0
2007-04-11 00:00:00+09:00,606.9525417751737,613.9201092190214,599.2108001708984,613.1459350585938,435000,0.0,0.0
2007-04-12 00:00:00+09:00,610.8234309246415,623.2102178635442,599.2108181694202,620.8876953125,259000,0.0,0.0
2007-04-13 00:00:00+09:00,627.0810801947296,627.0810801947296,610.0492483869714,622.43603515625,206000,0.0,0.0
2007-04-16 00:00:00+09:00,623.2102135911231,637.9195229802303,620.1135168776268,621.661865234375,150000,0.0,0.0
2007-04-17 00:00:00+09:00,619.3393469451371,621.6618694961815,611.5976051083229,620.8876953125,187000,0.0,0.0
2007-04-18 00:00:00+09:00,630.177750688544,681.2732439876152,630.177750688544,671.983154296875,341000,0.0,0.0
2007-04-19 00:00:00+09:00,675.854033507596,676.6282076582346,654.177157289712,670.434814453125,182000,0.0,0.0
2007-04-20 00:00:00+09:00,654.9513046157944,665.7897422808312,654.9513046157944,664.2413940429688,90000,0.0,0.0
2007-04-23 00:00:00+09:00,673.5314525257457,689.0149341930043,668.1122339422053,681.273193359375,316000,0.0,0.0
2007-04-24 00:00:00+09:00,681.2732799538759,683.5958024991731,669.6606672273894,676.6282348632812,210000,0.0,0.0
2007-04-25 00:00:00+09:00,676.6282476869708,709.1435639373744,653.4030217938252,674.3057250976562,428000,0.0,0.0
2007-04-26 00:00:00+09:00,680.4989723792444,751.7229831402119,674.3055801391602,724.6268920898438,437000,0.0,0.0
2007-04-27 00:00:00+09:00,724.6269930800013,728.4978637695312,707.5951620460697,728.4978637695312,110000,0.0,0.0
2007-05-01 00:00:00+09:00,723.0786512880068,735.4654376055744,714.5627356946791,716.111083984375,85000,0.0,0.0
2007-05-02 00:00:00+09:00,723.8528639681023,750.9489604802773,723.8528639681023,742.4330444335938,127000,0.0,0.0
2007-05-07 00:00:00+09:00,743.2071298304417,751.7230448597488,730.8203443332676,736.2395629882812,100000,0.0,0.0
2007-05-08 00:00:00+09:00,750.1746528694777,781.1416148042342,747.077956676002,767.2064819335938,186000,0.0,0.0
2007-05-09 00:00:00+09:00,844.6239624023438,844.6239624023438,844.6239624023438,844.6239624023438,203000,0.0,0.0
2007-05-10 00:00:00+09:00,905.7838456290108,905.7838456290108,867.0751342773438,867.0751342773438,640000,0.0,0.0
2007-05-11 00:00:00+09:00,859.3333920070103,897.2679291316441,836.10816519601,867.0751342773438,233000,0.0,0.0
2007-05-14 00:00:00+09:00,870.9458384020575,898.8161052309233,867.0749680091594,898.0419311523438,180000,0.0,0.0
2007-05-15 00:00:00+09:00,913.5254432949318,929.0089253846764,905.7837022500595,915.0737915039062,235000,0.0,0.0
2007-05-16 00:00:00+09:00,921.2672421671903,929.008983698007,874.8167929822899,893.39697265625,188000,0.0,0.0
2007-05-17 00:00:00+09:00,894.1710229822107,901.9127634409313,829.9145771748312,859.3331909179688,160000,0.0,0.0
2007-05-18 00:00:00+09:00,828.3663627502499,863.204200436008,809.0120084803842,822.9471435546875,186000,0.0,0.0
2007-05-21 00:00:00+09:00,822.9471749117021,872.4943237304688,822.9471749117021,872.4943237304688,78000,0.0,0.0
2007-05-22 00:00:00+09:00,872.4941059978835,987.0718590481823,872.4941059978835,971.58837890625,362000,0.0,0.0
2007-05-23 00:00:00+09:00,967.7176988812951,994.8137944499714,946.0408224263541,992.4912719726562,248000,0.0,0.0
2007-05-24 00:00:00+09:00,989.3943005792026,1027.3288238408466,988.6201266350874,1010.2969970703125,171000,0.0,0.0
2007-05-25 00:00:00+09:00,1006.4261674880981,1012.6195592880249,979.3300783634186,990.9426879882812,195000,0.0,0.0
2007-05-28 00:00:00+09:00,980.878581182669,1021.9098083355352,956.1050100715045,1007.2005004882812,182000,0.0,0.0
2007-05-29 00:00:00+09:00,993.265529546878,1002.5556202363267,983.2012646333088,999.4589233398438,79000,0.0,0.0
2007-05-30 00:00:00+09:00,998.6845470372277,998.6845470372277,946.0407104492188,946.0407104492188,70000,0.0,0.0
2007-05-31 00:00:00+09:00,946.8148106791583,978.5559449701195,946.8148106791583,971.58837890625,169000,0.0,0.0
2007-06-01 00:00:00+09:00,956.1050013100229,981.6527462842988,940.6215195074313,952.234130859375,69000,0.0,0.0
2007-06-04 00:00:00+09:00,967.717718153083,977.7819824218751,952.2342346626336,977.781982421875,98000,0.0,0.0
2007-06-05 00:00:00+09:00,978.5561810661765,1039.7159423828125,978.5561810661765,1039.7159423828125,215000,0.0,0.0
2007-06-06 00:00:00+09:00,1053.6509711655153,1090.03715459298,1012.619743045183,1036.619140625,339000,0.0,0.0
2007-06-07 00:00:00+09:00,1014.1680505524926,1049.0058843500972,1014.1680505524926,1044.36083984375,122000,0.0,0.0
2007-06-08 00:00:00+09:00,1029.6516325176888,1049.7801606721698,1014.1681493219339,1025.78076171875,272000,0.0,0.0
2007-06-11 00:00:00+09:00,1038.941594602835,1062.166816538815,1026.5548095703125,1026.5548095703125,145000,0.0,0.0
2007-06-12 00:00:00+09:00,1034.2965740289612,1071.4569299820976,1025.7806591230342,1067.5860595703125,118000,0.0,0.0
2007-06-13 00:00:00+09:00,1060.618522693054,1088.4887904426525,1055.1993039639653,1084.617919921875,131000,0.0,0.0
2007-06-14 00:00:00+09:00,1114.0365994641834,1145.7777395462067,1099.3272906456848,1140.3585205078125,249000,0.0,0.0
2007-06-15 00:00:00+09:00,1145.777769414009,1145.777769414009,1122.5525443583197,1134.9393310546875,181000,0.0,0.0
2007-06-18 00:00:00+09:00,1140.3584794548665,1215.453369140625,1140.3584794548665,1215.453369140625,207000,0.0,0.0
2007-06-19 00:00:00+09:00,1199.195684563624,1199.195684563624,1121.0041002247433,1130.294189453125,305000,0.0,0.0
2007-06-20 00:00:00+09:00,1130.2941920670503,1130.2941920670503,1068.3602637346091,1084.617919921875,197000,0.0,0.0
2007-06-21 00:00:00+09:00,1079.9731010898577,1087.71484375,1045.1352591192172,1087.71484375,373000,0.0,0.0
2007-06-22 00:00:00+09:00,1145.7775306956994,1156.615966796875,1112.488048384946,1156.615966796875,352000,0.0,0.0
2007-06-25 00:00:00+09:00,1145.7778021498823,1169.0030278691368,1141.9069311966732,1151.197021484375,193000,0.0,0.0
2007-06-26 00:00:00+09:00,1151.1970582738415,1151.1970582738415,1110.9399990739494,1122.5526123046875,151000,0.0,0.0
2007-06-27 00:00:00+09:00,1107.8433926669034,1155.06802366109,1107.8433926669034,1149.6488037109375,102000,0.0,0.0
2007-06-28 00:00:00+09:00,1171.3255577937273,1220.0985321103199,1162.0354674477096,1216.2276611328125,264000,0.0,0.0
2007-06-29 00:00:00+09:00,1221.6466664459747,1239.4526698225636,1206.9373593087923,1233.25927734375,220000,0.0,0.0
2007-07-02 00:00:00+09:00,1238.6785815135543,1291.3224212278803,1237.1302332866624,1285.1290283203125,204000,0.0,0.0
2007-07-03 00:00:00+09:00,1304.4834569594439,1362.5465188419116,1303.7092828010109,1316.0960693359375,167000,0.0,0.0
2007-07-04 00:00:00+09:00,1292.870720577969,1354.8046473122429,1288.2256760728983,1316.8701171875,155000,0.0,0.0
2007-07-05 00:00:00+09:00,1334.676083356177,1347.062868352522,1316.0959058616595,1323.837646484375,115000,0.0,0.0
2007-07-06 00:00:00+09:00,1338.5471918694327,1338.5471918694327,1316.0961400682681,1325.38623046875,114000,0.0,0.0
2007-07-09 00:00:00+09:00,1323.8378863443345,1354.8048544459564,1323.8378863443345,1324.612060546875,92000,0.0,0.0
2007-07-10 00:00:00+09:00,1326.934439848075,1343.1920963456303,1324.6119174912815,1328.4827880859375,149000,0.0,0.0
2007-07-11 00:00:00+09:00,1306.8059542835947,1328.482830302517,1300.6125611353311,1320.7410888671875,172000,0.0,0.0
2007-07-12 00:00:00+09:00,1323.8377730648565,1323.8377730648565,1278.1614990234375,1278.1614990234375,234000,0.0,0.0
2007-07-13 00:00:00+09:00,1238.678501889266,1286.677293837475,1201.518146832588,1254.9361572265625,178000,0.0,0.0
2007-07-17 00:00:00+09:00,1235.5818167892155,1238.6785130718954,1169.0028467116013,1184.486328125,224000,0.0,0.0
2007-07-18 00:00:00+09:00,1162.0353511810304,1246.4203300476074,1161.2611770629883,1238.6785888671875,260000,0.0,0.0
2007-07-19 00:00:00+09:00,1217.776054214276,1238.678758259912,1196.0991759447274,1230.162841796875,227000,0.0,0.0
2007-07-20 00:00:00+09:00,1238.6785888671875,1238.6785888671875,1231.7110218048097,1238.6785888671875,78000,0.0,0.0
2007-07-23 00:00:00+09:00,1238.678597270025,1247.1945126262565,1223.1951148041499,1237.1302490234375,82000,0.0,0.0
2007-07-24 00:00:00+09:00,1213.9048177083334,1223.969079589844,1192.2279459635417,1207.71142578125,96000,0.0,0.0
2007-07-25 00:00:00+09:00,1192.2279742081857,1207.7114543927078,1162.8093618575942,1202.292236328125,107000,0.0,0.0
2007-07-26 00:00:00+09:00,1199.969882965088,1238.6785888671875,1199.969882965088,1238.6785888671875,319000,0.0,0.0
2007-07-27 00:00:00+09:00,1215.4533305506552,1219.324201030116,1176.7446257560484,1199.9698486328125,103000,0.0,0.0
2007-07-30 00:00:00+09:00,1146.5519788282538,1180.6156432904033,1130.294320789501,1172.8739013671875,114000,0.0,0.0
2007-07-31 00:00:00+09:00,1211.5827109507393,1227.0661960747104,1199.1959228515625,1199.1959228515625,76000,0.0,0.0
2007-08-01 00:00:00+09:00,1222.4210263313505,1269.6456511611239,1222.4210263313505,1265.7747802734375,163000,0.0,0.0
2007-08-02 00:00:00+09:00,1261.9038592929155,1264.2263817333321,1242.549505622779,1252.61376953125,118000,0.0,0.0
2007-08-03 00:00:00+09:00,1288.2254505192425,1288.2254505192425,1258.0326665226978,1267.32275390625,64000,0.0,0.0
2007-08-06 00:00:00+09:00,1238.6788099176888,1238.6788099176888,1151.197118967252,1199.1959228515625,150000,0.0,0.0
2007-08-07 00:00:00+09:00,1245.6462086798904,1254.936298489809,1162.035400390625,1162.035400390625,166000,0.0,0.0
2007-08-08 00:00:00+09:00,1172.8739462988913,1179.0673400747269,1068.3604263316633,1076.8763427734375,149000,0.0,0.0
2007-08-09 00:00:00+09:00,1061.3928395977457,1091.5856337219705,1009.5231676407443,1014.168212890625,276000,0.0,0.0
2007-08-10 00:00:00+09:00,944.4924255173569,971.5885196920351,921.2672019390612,956.8792114257812,347000,0.0,0.0
2007-08-13 00:00:00+09:00,972.362736074622,1073.0053759549571,972.362736074622,1049.7801513671875,205000,0.0,0.0
2007-08-14 00:00:00+09:00,1094.6823405509158,1158.1646262122845,1083.8439015355602,1122.5526123046875,194000,0.0,0.0
2007-08-15 00:00:00+09:00,1114.0365790568608,1114.8107531910211,1098.5530963736521,1099.3272705078125,62000,0.0,0.0
2007-08-16 00:00:00+09:00,1091.5856079955201,1108.6174401770106,1083.8438660948427,1107.069091796875,132000,0.0,0.0
2007-08-17 00:00:00+09:00,1104.7465162249089,1104.7465162249089,1049.7801513671875,1049.7801513671875,236000,0.0,0.0
2007-08-20 00:00:00+09:00,1161.261375914229,1161.261375914229,1091.585693359375,1091.585693359375,83000,0.0,0.0
2007-08-21 00:00:00+09:00,1085.3922144749781,1122.5525755982299,1083.8438660948427,1107.069091796875,14000,0.0,0.0
2007-08-22 00:00:00+09:00,1107.0690527144181,1136.4876708984375,1107.0690527144181,1136.4876708984375,33000,0.0,0.0
2007-08-23 00:00:00+09:00,1136.4876120872343,1157.3903133994656,1136.4876120872343,1147.3260498046875,76000,0.0,0.0
2007-08-24 00:00:00+09:00,1147.3259833097777,1159.7127685546875,1145.777635154164,1159.7127685546875,19000,0.0,0.0
2007-08-27 00:00:00+09:00,1169.777031566177,1169.777031566177,1159.7127685546875,1159.7127685546875,15000,0.0,0.0
2007-08-28 00:00:00+09:00,1128.7459716796875,1128.7459716796875,1128.7459716796875,1128.7459716796875,1000,0.0,0.0
2007-08-29 00:00:00+09:00,1107.069091796875,1122.5525755982299,1097.7790015160622,1107.069091796875,25000,0.0,0.0
2007-08-30 00:00:00+09:00,1110.1658248585668,1130.2943544585128,1110.1658248585668,1122.5526123046875,29000,0.0,0.0
2007-08-31 00:00:00+09:00,1123.3267841248837,1161.2613205977434,1123.3267841248837,1145.003662109375,25000,0.0,0.0
2007-09-03 00:00:00+09:00,1160.4869697423135,1200.7440227287047,1145.777661920363,1199.9698486328125,94000,0.0,0.0
2007-09-04 00:00:00+09:00,1203.8408629778519,1230.9369595722087,1193.0024243401092,1196.09912109375,86000,0.0,0.0
2007-09-05 00:00:00+09:00,1207.7116057082235,1215.4533467704557,1173.6479450344018,1174.422119140625,55000,0.0,0.0
2007-09-06 00:00:00+09:00,1141.132661165149,1199.9698947123345,1141.132661165149,1169.0029296875,24000,0.0,0.0
2007-09-07 00:00:00+09:00,1168.2286775550062,1169.0028516289328,1138.035888671875,1138.035888671875,14000,0.0,0.0
2007-09-10 00:00:00+09:00,1099.3272705078125,1107.069011849417,1099.3272705078125,1099.3272705078125,36000,0.0,0.0
2007-09-11 00:00:00+09:00,1099.3273498961976,1134.1651884492462,1099.3273498961976,1107.069091796875,44000,0.0,0.0
2007-09-12 00:00:00+09:00,1117.907567012392,1138.0360966123383,1117.907567012392,1122.5526123046875,57000,0.0,0.0
2007-09-13 00:00:00+09:00,1122.552407193346,1138.035888671875,1122.552407193346,1138.035888671875,8000,0.0,0.0
2007-09-14 00:00:00+09:00,1159.712757863562,1184.486328125,1159.712757863562,1184.486328125,20000,0.0,0.0
2007-09-18 00:00:00+09:00,1230.9366856924494,1246.420166015625,1192.2279848845108,1246.420166015625,101000,0.0,0.0
2007-09-19 00:00:00+09:00,1246.4204468522337,1261.9039306640625,1223.19522113449,1261.9039306640625,42000,0.0,0.0
2007-09-20 00:00:00+09:00,1261.9038295506834,1261.9038295506834,1234.807735051129,1235.5819091796875,34000,0.0,0.0
2007-09-21 00:00:00+09:00,1234.0336598027704,1261.9039306640625,1234.0336598027704,1261.9039306640625,40000,0.0,0.0
2007-09-25 00:00:00+09:00,1269.6456311558516,1393.513497610081,1269.6456311558516,1336.224609375,191000,0.0,0.0
2007-09-26 00:00:00+09:00,1343.1921640884816,1354.8047764581227,1317.6444168752712,1338.547119140625,67000,0.0,0.0
2007-09-27 00:00:00+09:00,1340.0953642443305,1347.062931129483,1289.7740478515625,1289.7740478515625,43000,0.0,0.0
2007-09-28 00:00:00+09:00,1316.0960693359375,1319.966940128102,1294.4191928998162,1316.0960693359375,45000,0.0,0.0
2007-10-01 00:00:00+09:00,1316.0960744526571,1316.0960744526571,1292.870849609375,1292.870849609375,14000,0.0,0.0
2007-10-02 00:00:00+09:00,1292.8708445829502,1323.8378109202665,1292.8708445829502,1316.0960693359375,71000,0.0,0.0
2007-10-03 00:00:00+09:00,1324.6120587127634,1392.7393884419996,1324.6120587127634,1391.1910400390625,96000,0.0,0.0
2007-10-04 00:00:00+09:00,1393.5134827923896,1401.2552243634584,1366.4173872936487,1383.44921875,51000,0.0,0.0
2007-10-05 00:00:00+09:00,1393.5136645166174,1455.4476051618003,1393.5136645166174,1438.415771484375,78000,0.0,0.0
2007-10-09 00:00:00+09:00,1496.4785313656457,1496.4785313656457,1463.9632192511308,1470.9307861328125,100000,0.0,0.0
2007-10-10 00:00:00+09:00,1484.8660051061752,1484.8660051061752,1447.7056462714013,1455.4473876953125,25000,0.0,0.0
2007-10-11 00:00:00+09:00,1432.222205177348,1453.8990817962485,1432.222205177348,1447.7056884765625,31000,0.0,0.0
2007-10-12 00:00:00+09:00,1432.2223216820885,1456.2217227481126,1432.2223216820885,1448.47998046875,15000,0.0,0.0
2007-10-15 00:00:00+09:00,1484.8660038583025,1545.2515869140625,1484.8660038583025,1545.2515869140625,177000,0.0,0.0
2007-10-16 00:00:00+09:00,1535.1874180340217,1535.1874180340217,1470.9309602948265,1505.768798828125,51000,0.0,0.0
2007-10-17 00:00:00+09:00,1496.4786038626269,1563.8317536484772,1482.543469424175,1525.123046875,151000,0.0,0.0
2007-10-18 00:00:00+09:00,1501.8978806268601,1625.7657470703125,1467.8342173549106,1625.7657470703125,283000,0.0,0.0
2007-10-19 00:00:00+09:00,1532.8649977463942,1552.2193537785458,1509.6397705078125,1509.6397705078125,135000,0.0,0.0
2007-10-22 00:00:00+09:00,1464.7374481541287,1528.9939006894315,1416.7386522843844,1528.2197265625,74000,0.0,0.0
2007-10-23 00:00:00+09:00,1528.9940270928037,1552.2192528207956,1511.1880207013432,1527.4456787109375,66000,0.0,0.0
2007-10-24 00:00:00+09:00,1527.4456804691517,1528.9940288528003,1504.99462890625,1504.99462890625,27000,0.0,0.0
2007-10-25 00:00:00+09:00,1504.2202411038172,1504.2202411038172,1397.3842178035975,1453.89892578125,61000,0.0,0.0
2007-10-26 00:00:00+09:00,1454.6732718193437,1486.4144129287597,1454.6732718193437,1467.06005859375,43000,0.0,0.0
2007-10-29 00:00:00+09:00,1470.9309918501915,1501.1237858934323,1389.6427001953125,1389.6427001953125,31000,0.0,0.0
2007-10-30 00:00:00+09:00,1459.318311828276,1467.0600535355877,1394.2876814868569,1401.2552490234375,47000,0.0,0.0
2007-10-31 00:00:00+09:00,1424.4806157084345,1594.7989501953125,1424.4806157084345,1594.7989501953125,75000,0.0,0.0
2007-11-01 00:00:00+09:00,1594.798891651387,1594.798891651387,1451.5766610904616,1517.3814697265625,111000,0.0,0.0
2007-11-02 00:00:00+09:00,1505.768578637231,1546.7998046875,1478.6724859625251,1546.7998046875,97000,0.0,0.0
2007-11-05 00:00:00+09:00,1548.3484825721155,1548.3484825721155,1504.2205508188101,1509.6397705078125,79000,0.0,0.0
2007-11-06 00:00:00+09:00,1506.5429414371702,1509.6396381307718,1467.06005859375,1467.06005859375,19000,0.0,0.0
2007-11-07 00:00:00+09:00,1490.2851385819285,1490.2851385819285,1447.7055631938736,1470.9307861328125,36000,0.0,0.0
2007-11-08 00:00:00+09:00,1425.2544421380153,1446.157141723961,1396.610001964682,1439.1895751953125,18000,0.0,0.0
2007-11-09 00:00:00+09:00,1455.4473041735198,1470.9307861328125,1455.4473041735198,1470.9307861328125,31000,0.0,0.0
2007-11-12 00:00:00+09:00,1470.1566143543548,1470.1566143543548,1425.2545166015625,1425.2545166015625,18000,0.0,0.0
2007-11-13 00:00:00+09:00,1426.0288059359204,1493.3819580078125,1426.0288059359204,1493.3819580078125,37000,0.0,0.0
2007-11-14 00:00:00+09:00,1509.6395641656093,1529.7680916878173,1509.6395641656093,1525.123046875,86000,0.0,0.0
2007-11-15 00:00:00+09:00,1523.5746393462275,1525.1229875569452,1504.2202867122562,1513.5103759765625,73000,0.0,0.0
2007-11-16 00:00:00+09:00,1498.8011877591625,1498.8011877591625,1446.9315185546875,1446.9315185546875,19000,0.0,0.0
2007-11-19 00:00:00+09:00,1491.833341899671,1491.833341899671,1382.6748046875,1382.6748046875,28000,0.0,0.0
2007-11-20 00:00:00+09:00,1336.2245463398217,1394.2876060011697,1336.2245463398217,1370.2882080078125,62000,0.0,0.0
2007-11-21 00:00:00+09:00,1370.2883343564513,1370.2883343564513,1335.450495347389,1369.51416015625,26000,0.0,0.0
2007-11-22 00:00:00+09:00,1276.613109484791,1308.354248046875,1230.936836919841,1308.354248046875,74000,0.0,0.0
2007-11-26 00:00:00+09:00,1277.3874488453412,1308.354417302198,1277.3874488453412,1299.8385009765625,19000,0.0,0.0
2007-11-27 00:00:00+09:00,1300.6125183105469,1300.6125183105469,1223.1951065063477,1238.6785888671875,38000,0.0,0.0
2007-11-28 00:00:00+09:00,1238.6785442073171,1238.6785442073171,1107.0689488852897,1110.9398193359375,92000,0.0,0.0
2007-11-29 00:00:00+09:00,1169.003094889323,1199.9700642903645,1131.8427316080729,1161.2613525390625,98000,0.0,0.0
2007-11-30 00:00:00+09:00,1158.9384825384795,1296.741455078125,1157.3901345324161,1296.741455078125,102000,0.0,0.0
2007-12-03 00:00:00+09:00,1298.2898983712923,1298.2898983712923,1178.2929190942798,1233.25927734375,68000,0.0,0.0
2007-12-04 00:00:00+09:00,1210.034013319507,1210.034013319507,1118.6814774450977,1126.4232177734375,67000,0.0,0.0
2007-12-05 00:00:00+09:00,1109.3914773615056,1109.3914773615056,1059.0701612215908,1064.4893798828125,196000,0.0,0.0
2007-12-06 00:00:00+09:00,1076.1018252372742,1106.2946102619171,983.2009482383728,990.9426879882812,201000,0.0,0.0
2007-12-07 00:00:00+09:00,1014.1681856630461,1041.2642822265625,1014.1681856630461,1041.2642822265625,334000,0.0,0.0
2007-12-10 00:00:00+09:00,1068.360472910503,1102.4241401627219,1046.68359375,1046.68359375,167000,0.0,0.0
2007-12-11 00:00:00+09:00,1077.6502975518952,1087.7145603882277,1058.2959459435638,1072.2310791015625,131000,0.0,0.0
2007-12-12 00:00:00+09:00,1060.618449491613,1060.618449491613,1037.393227969899,1052.876708984375,111000,0.0,0.0
2007-12-13 00:00:00+09:00,1082.2956023520612,1091.585693359375,1068.3604658410904,1091.585693359375,155000,0.0,0.0
2007-12-14 00:00:00+09:00,1089.2630368271314,1109.3915648708453,1070.6828570944724,1071.45703125,49000,0.0,0.0
2007-12-17 00:00:00+09:00,1070.6827312486744,1070.6827312486744,1026.5548095703125,1026.5548095703125,52000,0.0,0.0
2007-12-18 00:00:00+09:00,1017.2650187447567,1056.7479076001468,1017.2650187447567,1038.167724609375,205000,0.0,0.0
2007-12-19 00:00:00+09:00,1026.5550150324789,1049.0060673974426,1025.7808408129974,1033.5225830078125,16000,0.0,0.0
2007-12-20 00:00:00+09:00,1028.1032868664176,1028.1032868664176,901.9128984935063,958.4276123046875,171000,0.0,0.0
2007-12-21 00:00:00+09:00,956.8792328115009,975.4594120893942,898.8161725680845,908.1062622070312,163000,0.0,0.0
2007-12-25 00:00:00+09:00,929.0090039062501,971.5885832519532,929.0090039062501,967.7177124023438,74000,0.0,0.0
2007-12-26 00:00:00+09:00,967.7176575993022,967.7176575993022,936.7506925561246,955.3308715820312,28000,0.0,0.0
2007-12-27 00:00:00+09:00,970.8143759155273,970.8143759155273,929.0089721679688,929.0089721679688,13000,0.0,0.0
2007-12-28 00:00:00+09:00,913.5256251284951,920.4931934557463,882.5586547851562,882.5586547851562,30000,0.0,0.0
2008-01-04 00:00:00+09:00,882.5586188180106,882.5586188180106,836.10816519601,867.0751342773438,60000,0.0,0.0
2008-01-07 00:00:00+09:00,829.9146201445678,829.9146201445678,789.6575676748686,828.3662719726562,52000,0.0,0.0
2008-01-08 00:00:00+09:00,828.3663160698266,843.8497986131878,791.9801320929276,809.011962890625,58000,0.0,0.0
2008-01-09 00:00:00+09:00,798.9476569461241,798.9476569461241,754.819734033402,760.2389526367188,131000,0.0,0.0
2008-01-10 00:00:00+09:00,767.9807516891892,773.399970703125,698.3050786528717,716.111083984375,191000,0.0,0.0
2008-01-11 00:00:00+09:00,716.8852290509695,716.8852290509695,638.6936435929264,642.5645141601562,251000,0.0,0.0
2008-01-15 00:00:00+09:00,667.3380275417019,670.4347237251901,565.9212275324642,572.8887939453125,266000,0.0,0.0
2008-01-16 00:00:00+09:00,541.9219070479581,570.5663507062073,524.8900756835938,524.8900756835938,297000,0.0,0.0
2008-01-17 00:00:00+09:00,589.9207085852145,602.3074951171875,558.1795680970337,602.3074951171875,174000,0.0,0.0
2008-01-18 00:00:00+09:00,571.3404805176893,679.724853515625,558.1795209393686,679.724853515625,188000,0.0,0.0
2008-01-21 00:00:00+09:00,679.7249301644259,726.9495551530705,654.1771822197493,699.0792846679688,216000,0.0,0.0
2008-01-22 00:00:00+09:00,629.4036363538805,708.3694062285372,629.4036363538805,704.49853515625,135000,0.0,0.0
2008-01-23 00:00:00+09:00,758.6906755474253,781.915900309081,755.5939789125378,769.5291137695312,242000,0.0,0.0
2008-01-24 00:00:00+09:00,761.7872655892938,846.9464111328125,761.7872655892938,846.9464111328125,210000,0.0,0.0
2008-01-25 00:00:00+09:00,967.7176616398907,967.7176616398907,850.8173681137919,864.7525024414062,221000,0.0,0.0
2008-01-28 00:00:00+09:00,818.3020588989258,825.2696260986328,764.8840437011719,774.1741333007812,214000,0.0,0.0
2008-01-29 00:00:00+09:00,774.174168854063,820.6246189853068,768.7549496720846,778.8192138671875,215000,0.0,0.0
2008-01-30 00:00:00+09:00,779.593338296316,882.5584961845086,745.5296770400718,833.0113525390625,180000,0.0,0.0
2008-01-31 00:00:00+09:00,843.075788645131,944.4926190514783,833.0115230322874,932.8800048828125,192000,0.0,0.0
2008-02-01 00:00:00+09:00,959.2018200899647,959.2018200899647,874.8168334960938,874.8168334960938,110000,0.0,0.0
2008-02-04 00:00:00+09:00,898.04199828086,935.9765309668618,883.3326896883286,930.5573120117188,79000,0.0,0.0
2008-02-05 00:00:00+09:00,930.5572439952495,952.2341182314117,901.1386289604578,920.4929809570312,91000,0.0,0.0
2008-02-06 00:00:00+09:00,858.5590168720968,894.1710229822107,858.5590168720968,859.3331909179688,150000,0.0,0.0
2008-02-07 00:00:00+09:00,921.2673006924716,929.0090427150974,867.0751065340909,894.1712036132812,158000,0.0,0.0
2008-02-08 00:00:00+09:00,905.7836303710939,936.7505920931825,899.590238026676,905.7836303710938,136000,0.0,0.0
2008-02-12 00:00:00+09:00,893.3970579964773,893.3970579964773,856.2366950988769,867.0751342773438,45000,0.0,0.0
2008-02-13 00:00:00+09:00,896.4937107862625,916.6222396985619,871.7201367403553,874.8168334960938,93000,0.0,0.0
2008-02-14 00:00:00+09:00,905.009482623459,913.5253973444668,840.753035183128,843.8497314453125,96000,0.0,0.0
2008-02-15 00:00:00+09:00,843.8497271993887,890.3001708984375,834.5596384595789,890.3001708984375,104000,0.0,0.0
2008-02-18 00:00:00+09:00,897.2678434216584,901.1387141870667,820.6246022665729,893.39697265625,143000,0.0,0.0
2008-02-19 00:00:00+09:00,880.2360528186359,880.2360528186359,854.6883045837942,874.8168334960938,82000,0.0,0.0
2008-02-20 00:00:00+09:00,874.8167725718098,874.8167725718098,832.2371951457482,852.36572265625,111000,0.0,0.0
2008-02-21 00:00:00+09:00,852.3656521218834,870.1716557538573,851.5914780509279,865.526611328125,70000,0.0,0.0
2008-02-22 00:00:00+09:00,863.2042397122657,863.2042397122657,836.1081425015668,849.2691040039062,47000,0.0,0.0
2008-02-25 00:00:00+09:00,862.4300255325923,884.8810764665645,852.3657613208115,878.6876831054688,56000,0.0,0.0
2008-02-26 00:00:00+09:00,905.7838152783382,905.7838152783382,839.204833984375,839.204833984375,40000,0.0,0.0
2008-02-27 00:00:00+09:00,851.5915422431038,867.8491989586539,851.5915422431038,864.7525024414062,79000,0.0,0.0
2008-02-28 00:00:00+09:00,860.8816424005682,881.0101700106535,839.9789406516336,851.591552734375,84000,0.0,0.0
2008-02-29 00:00:00+09:00,843.8497840965188,851.5915252350189,832.2371723887685,845.3981323242188,42000,0.0,0.0
2008-03-03 00:00:00+09:00,797.3993618365415,797.3993618365415,727.7236894430573,750.9489135742188,122000,0.0,0.0
2008-03-04 00:00:00+09:00,771.0774482685811,771.851622413429,716.111083984375,716.111083984375,84000,0.0,0.0
2008-03-05 00:00:00+09:00,698.3050833078736,716.1110887580744,692.8858642578125,692.8858642578125,65000,0.0,0.0
2008-03-06 00:00:00+09:00,708.3693609390667,757.1423333315927,696.7567484646557,723.8528442382812,112000,0.0,0.0
2008-03-07 00:00:00+09:00,710.6919017038958,715.3369468130717,692.8858954520554,698.3051147460938,80000,0.0,0.0
2008-03-10 00:00:00+09:00,675.0798987686195,681.2732923353041,622.4360534518005,630.1777954101562,65000,0.0,0.0
2008-03-11 00:00:00+09:00,606.9525841346154,704.49853515625,600.7591904189561,704.49853515625,106000,0.0,0.0
2008-03-12 00:00:00+09:00,774.1742412860577,774.1742412860577,735.4655292217549,754.8198852539062,91000,0.0,0.0
2008-03-13 00:00:00+09:00,723.8527768076416,723.8527768076416,677.4023312370978,679.724853515625,60000,0.0,0.0
2008-03-14 00:00:00+09:00,665.7896969642169,671.9830894941165,623.2101233211564,627.0809936523438,77000,0.0,0.0
2008-03-17 00:00:00+09:00,607.7265828450521,607.7265828450521,569.7920572916667,603.855712890625,90000,0.0,0.0
2008-03-18 00:00:00+09:00,604.6300361786913,610.8234296350671,572.1147205327181,576.759765625,72000,0.0,0.0
2008-03-19 00:00:00+09:00,603.8558476864141,637.1453367255369,596.1141060494089,601.5333251953125,140000,0.0,0.0
2008-03-21 00:00:00+09:00,601.5332614373983,627.0810061316508,582.9530834779421,624.7584838867188,56000,0.0,0.0
2008-03-24 00:00:00+09:00,624.7585378297617,659.5963745117188,623.2101895327859,659.5963745117188,43000,0.0,0.0
2008-03-25 00:00:00+09:00,678.9507089572483,700.627584499783,678.9507089572483,696.7567138671875,117000,0.0,0.0
2008-03-26 00:00:00+09:00,711.5813908811475,721.7245466722165,694.4160503116462,713.922119140625,56000,7.0,0.0
2008-03-27 00:00:00+09:00,701.4382060838782,717.8233032226562,689.7345652704653,717.8233032226562,45000,0.0,0.0
2008-03-28 00:00:00+09:00,710.0208719889323,717.0430564371744,702.2184448242188,702.2184448242188,24000,0.0,0.0
2008-03-31 00:00:00+09:00,694.4160114156789,694.4160114156789,671.7889728414601,678.8111572265625,20000,0.0,0.0
2008-04-01 00:00:00+09:00,686.6135522037572,694.4159789333454,674.909912109375,674.909912109375,20000,0.0,0.0
2008-04-02 00:00:00+09:00,699.0975275735293,699.8777703498391,663.2063598632812,663.2063598632812,46000,0.0,0.0
2008-04-03 00:00:00+09:00,635.1175880660553,656.1841419699663,635.1175880660553,651.502685546875,45000,0.0,0.0
2008-04-04 00:00:00+09:00,659.3050831386021,670.2284809657506,648.3816853114537,655.4038696289062,29000,0.0,0.0
2008-04-07 00:00:00+09:00,655.403836797721,655.403836797721,647.6014101691768,648.3816528320312,21000,0.0,0.0
2008-04-08 00:00:00+09:00,647.6014718609655,651.502685546875,647.6014718609655,651.502685546875,15000,0.0,0.0
2008-04-09 00:00:00+09:00,667.1075165847252,681.9321280643858,667.1075165847252,678.8111572265625,84000,0.0,0.0
2008-04-10 00:00:00+09:00,647.6014137042345,663.2062670465052,647.6014137042345,659.3050537109375,122000,0.0,0.0
2008-04-11 00:00:00+09:00,660.0852574129489,717.04296875,660.0852574129489,717.04296875,92000,0.0,0.0
2008-04-14 00:00:00+09:00,696.7566945654714,733.4280995426014,696.7566945654714,730.30712890625,49000,0.0,0.0
2008-04-15 00:00:00+09:00,722.5047607421875,732.6479161305767,721.7245180200036,722.5047607421875,26000,0.0,0.0
2008-04-16 00:00:00+09:00,710.0207845673306,717.8232107713671,692.8554469184501,715.4824829101562,49000,0.0,0.0
2008-04-17 00:00:00+09:00,793.5068969726562,793.5068969726562,793.5068969726562,793.5068969726562,37000,0.0,0.0
2008-04-18 00:00:00+09:00,823.1559944717694,853.5854577745173,781.0228914371954,790.3858032226562,233000,0.0,0.0
2008-04-21 00:00:00+09:00,803.6498887253581,815.3535278815526,733.4280537881909,769.3192138671875,95000,0.0,0.0
2008-04-22 00:00:00+09:00,753.714445910022,776.3414841412754,745.1317762360984,749.813232421875,75000,0.0,0.0
2008-04-23 00:00:00+09:00,737.3294986122534,756.8355700041119,728.7468271998356,741.230712890625,94000,0.0,0.0
2008-04-24 00:00:00+09:00,719.3837781182651,737.329360435749,663.2063030374461,678.8111572265625,318000,0.0,0.0
2008-04-25 00:00:00+09:00,671.0088029055252,756.8355102539062,653.8434614358489,756.8355102539062,625000,0.0,0.0
2008-04-28 00:00:00+09:00,795.8475698078648,834.8597055827602,792.7265989458732,815.3536376953125,280000,0.0,0.0
2008-04-30 00:00:00+09:00,818.4746365149044,826.2770639364002,790.3858977975198,803.6500244140625,64000,0.0,0.0
2008-05-01 00:00:00+09:00,811.4524863003555,823.1561279296875,803.6500585474674,823.1561279296875,108000,0.0,0.0
2008-05-02 00:00:00+09:00,857.4867294311523,889.4766802106585,841.8818753923689,873.871826171875,145000,0.0,0.0
2008-05-07 00:00:00+09:00,894.9384078083539,894.9384078083539,850.4645723723677,863.7286987304688,55000,0.0,0.0
2008-05-08 00:00:00+09:00,848.1237374225647,850.4644653087355,813.0128191300022,817.6942749023438,45000,0.0,0.0
2008-05-09 00:00:00+09:00,817.6943345317,838.7608870434899,803.6499661905066,813.0128784179688,46000,0.0,0.0
2008-05-12 00:00:00+09:00,813.01284003752,813.01284003752,790.3858032226562,790.3858032226562,47000,0.0,0.0
2008-05-13 00:00:00+09:00,798.9685639880952,798.9685639880952,780.2427382696242,786.4846801757812,53000,0.0,0.0
2008-05-14 00:00:00+09:00,786.4847083884064,793.5068932847314,770.8798530632396,774.7810668945312,117000,0.0,0.0
2008-05-15 00:00:00+09:00,772.4403418930881,804.4302954462362,760.7367003492534,791.9464111328125,119000,0.0,0.0
2008-05-16 00:00:00+09:00,818.4746404147421,856.7065349622371,818.4746404147421,820.8153686523438,134000,0.0,0.0
2008-05-19 00:00:00+09:00,836.4201722301136,867.6298801491477,836.4201722301136,858.2669677734375,83000,0.0,0.0
2008-05-20 00:00:00+09:00,863.7286684332342,872.311338128596,850.4645425404022,864.5089111328125,91000,0.0,0.0
2008-05-21 00:00:00+09:00,864.5088793701836,864.5088793701836,851.2447539646844,860.607666015625,84000,0.0,0.0
2008-05-22 00:00:00+09:00,866.069407495959,909.7629992254849,858.2669804014008,905.08154296875,75000,0.0,0.0
2008-05-23 00:00:00+09:00,906.6419369667178,907.4221795974981,895.7185401357935,905.8616943359375,64000,0.0,0.0
2008-05-26 00:00:00+09:00,901.9605189732142,937.071438829438,901.1802763097426,928.48876953125,103000,0.0,0.0
2008-05-27 00:00:00+09:00,930.8294106891046,940.9725643680304,928.4886829170448,940.1923217773438,77000,0.0,0.0
2008-05-28 00:00:00+09:00,947.9948672296059,1096.2409781544004,947.9948672296059,1031.4808349609375,441000,0.0,0.0
2008-05-29 00:00:00+09:00,1014.3154119676159,1014.3154119676159,940.192362631521,967.5008544921875,177000,0.0,0.0
2008-05-30 00:00:00+09:00,984.6663577221249,1037.7228651112725,977.64417292062,1015.0958251953125,127000,0.0,0.0
2008-06-02 00:00:00+09:00,1015.0957658387397,1029.9203773306199,1007.2933387377501,1021.3377075195312,32000,0.0,0.0
2008-06-03 00:00:00+09:00,1023.6782173449965,1075.9544677734375,1023.6782173449965,1075.9544677734375,43000,0.0,0.0
2008-06-04 00:00:00+09:00,1084.5374520553346,1131.3520183311043,1084.5374520553346,1121.2088623046875,60000,0.0,0.0
2008-06-05 00:00:00+09:00,1121.208742092885,1135.2531104698314,1100.9224322150735,1127.45068359375,63000,0.0,0.0
2008-06-06 00:00:00+09:00,1135.2531818901402,1178.1665324083242,1127.4507545231977,1169.5838623046875,90000,0.0,0.0
2008-06-09 00:00:00+09:00,1138.3741432300667,1154.7592405623705,1129.01123046875,1129.01123046875,48000,0.0,0.0
2008-06-10 00:00:00+09:00,1120.4284039690776,1120.4284039690776,1037.722686127349,1115.7469482421875,136000,0.0,0.0
2008-06-11 00:00:00+09:00,1084.5373397482965,1092.3397666529606,1029.9203514156486,1037.7227783203125,95000,0.0,0.0
2008-06-12 00:00:00+09:00,1006.5130750868055,1061.1300636574074,1006.5130750868055,1053.32763671875,47000,0.0,0.0
2008-06-13 00:00:00+09:00,1021.3377363469051,1022.1179790790266,994.8094834547777,1014.3155517578125,42000,0.0,0.0
2008-06-16 00:00:00+09:00,987.006908542636,1029.920252392316,985.4464233117385,1016.6561279296875,55000,0.0,0.0
2008-06-17 00:00:00+09:00,1013.5350673143932,1021.3374927748582,1007.2931269460213,1018.9967651367188,15000,0.0,0.0
2008-06-18 00:00:00+09:00,1015.8760755579943,1052.5474853515625,1013.5353472732985,1052.5474853515625,25000,0.0,0.0
2008-06-19 00:00:00+09:00,1052.5473875660398,1057.228843700507,1029.9203495827817,1031.4808349609375,11000,0.0,0.0
2008-06-20 00:00:00+09:00,1032.2612597749435,1032.2612597749435,1022.1181030273438,1022.1181030273438,6000,0.0,0.0
2008-06-23 00:00:00+09:00,1001.0513603687286,1006.5130591392517,994.8094189167023,998.7106323242188,16000,0.0,0.0
2008-06-24 00:00:00+09:00,984.6663144491553,984.6663144491553,951.8961201489457,959.6985473632812,64000,0.0,0.0
2008-06-25 00:00:00+09:00,959.698517068821,983.1057979729386,955.7973035848015,960.478759765625,24000,0.0,0.0
2008-06-26 00:00:00+09:00,967.5009440368602,967.5009440368602,960.478759765625,960.478759765625,21000,0.0,0.0
2008-06-27 00:00:00+09:00,944.8740534489823,954.2369672734148,936.2913824432525,940.9728393554688,34000,0.0,0.0
2008-06-30 00:00:00+09:00,909.7628887939454,958.1379309082032,909.7628887939454,936.2911376953125,22000,0.0,0.0
2008-07-01 00:00:00+09:00,915.2247122415682,959.6985473632812,915.2247122415682,959.6985473632812,18000,0.0,0.0
2008-07-02 00:00:00+09:00,960.4787775545038,960.4787775545038,912.8839721679688,912.8839721679688,37000,0.0,0.0
2008-07-03 00:00:00+09:00,885.575439453125,891.8173808765832,876.99276999587,885.575439453125,34000,0.0,0.0
2008-07-04 00:00:00+09:00,885.5754752323545,905.08154296875,885.5754752323545,905.08154296875,17000,0.0,0.0
2008-07-07 00:00:00+09:00,905.8616697149762,920.686279296875,901.1802140575345,920.686279296875,41000,0.0,0.0
2008-07-08 00:00:00+09:00,919.9060427856446,936.2911376953126,913.6641018676759,936.2911376953125,13000,0.0,0.0
2008-07-09 00:00:00+09:00,936.2912657202744,965.1602464133161,936.2912657202744,959.6985473632812,26000,0.0,0.0
2008-07-10 00:00:00+09:00,955.7975180318036,998.710875984252,947.9950893131767,990.908447265625,84000,0.0,0.0
2008-07-11 00:00:00+09:00,1022.1179790790266,1022.1179790790266,990.9082697941707,1014.3155517578125,32000,0.0,0.0
2008-07-14 00:00:00+09:00,1010.4143380972056,1014.3155517578126,1010.4143380972056,1014.3155517578125,17000,0.0,0.0
2008-07-15 00:00:00+09:00,1013.5353965367872,1013.5353965367872,987.7873841536355,988.567626953125,10000,0.0,0.0
2008-07-16 00:00:00+09:00,967.501035808352,967.501035808352,958.1381225585938,958.1381225585938,5000,0.0,0.0
2008-07-17 00:00:00+09:00,944.0936057449233,944.0936057449233,880.1137084960938,880.1137084960938,10000,0.0,0.0
2008-07-18 00:00:00+09:00,880.8939833855314,890.2568955207187,880.8939833855314,885.575439453125,9000,0.0,0.0
2008-07-22 00:00:00+09:00,880.113713754689,880.113713754689,791.9462938484126,805.9906616210938,60000,0.0,0.0
2008-07-23 00:00:00+09:00,800.528993118641,830.9584577693496,795.0672943351805,805.21044921875,118000,0.0,0.0
2008-07-24 00:00:00+09:00,961.2589932304786,961.2589932304786,920.6863733863349,929.26904296875,448000,0.0,0.0
2008-07-25 00:00:00+09:00,913.6642820247934,975.3034607438016,898.0594266528925,944.09375,113000,0.0,0.0
2008-07-28 00:00:00+09:00,944.0936228006827,951.8960494353992,897.2790629923844,928.48876953125,64000,0.0,0.0
2008-07-29 00:00:00+09:00,897.27910267223,897.27910267223,858.2669677734374,858.2669677734375,50000,0.0,0.0
2008-07-30 00:00:00+09:00,873.8718048964624,908.9827256289096,873.8718048964624,904.30126953125,40000,0.0,0.0
2008-07-31 00:00:00+09:00,934.7307783283171,973.7429143186475,934.7307783283171,951.8961181640625,120000,0.0,0.0
2008-08-01 00:00:00+09:00,951.8959836798199,951.8959836798199,920.686279296875,920.686279296875,65000,0.0,0.0
2008-08-04 00:00:00+09:00,919.9060836142683,919.9060836142683,863.7286128591984,880.1137084960938,24000,0.0,0.0
2008-08-05 00:00:00+09:00,820.0350151799339,834.8596253496949,766.978515625,766.978515625,103000,0.0,0.0
2008-08-06 00:00:00+09:00,788.0451656523204,799.7488067263648,764.6378835042317,786.4846801757812,70000,0.0,0.0
2008-08-07 00:00:00+09:00,817.6942652905082,817.6942652905082,788.8252883670837,792.7265014648438,47000,0.0,0.0
2008-08-08 00:00:00+09:00,792.7265002586154,800.5289264422631,767.7587364709425,789.6055297851562,43000,0.0,0.0
2008-08-11 00:00:00+09:00,814.5733198082964,886.3556430097939,813.793077164802,861.3878784179688,49000,0.0,0.0
2008-08-12 00:00:00+09:00,848.1237677101435,857.4866795891884,813.7930908203125,813.7930908203125,19000,0.0,0.0
2008-08-13 00:00:00+09:00,876.2125253888919,879.3334960937499,842.6620903116681,879.33349609375,86000,0.0,0.0
2008-08-14 00:00:00+09:00,863.728609095356,875.432248784995,858.2669105735245,869.1903076171875,14000,0.0,0.0
2008-08-15 00:00:00+09:00,868.410124187228,878.5532792765667,862.9484252929688,862.9484252929688,10000,0.0,0.0
2008-08-18 00:00:00+09:00,874.6519227735404,890.2567742057178,873.8716802019316,888.6962890625,11000,0.0,0.0
2008-08-19 00:00:00+09:00,889.4767833891369,935.5111081434869,889.4767833891369,933.9506225585938,73000,0.0,0.0
2008-08-20 00:00:00+09:00,936.2911289462457,936.2911289462457,901.9604542182168,914.4443359375,106000,0.0,0.0
2008-08-21 00:00:00+09:00,908.9827197910931,908.9827197910931,873.871799284141,885.575439453125,28000,0.0,0.0
2008-08-22 00:00:00+09:00,898.0592803398188,905.0814641131102,852.8052071341633,855.1459350585938,36000,0.0,0.0
2008-08-25 00:00:00+09:00,886.3557067210064,886.3557067210064,864.5089111328126,864.5089111328125,11000,0.0,0.0
2008-08-26 00:00:00+09:00,858.2669699729026,866.0693969726562,843.4423586733707,866.0693969726562,28000,0.0,0.0
2008-08-27 00:00:00+09:00,858.2669677734374,859.0472104714133,858.2669677734374,858.2669677734375,4000,0.0,0.0
2008-08-28 00:00:00+09:00,859.0473041619955,869.970703125,859.0473041619955,869.970703125,9000,0.0,0.0
2008-08-29 00:00:00+09:00,885.5754230403098,928.48876953125,871.5310550978203,928.48876953125,56000,0.0,0.0
2008-09-01 00:00:00+09:00,928.4889230114675,944.0937788603997,926.9284374265743,933.9506225585938,31000,0.0,0.0
2008-09-02 00:00:00+09:00,944.093590329971,951.8960166963344,919.1258259576081,924.5875244140625,40000,0.0,0.0
2008-09-03 00:00:00+09:00,930.8295005760257,940.1924125684081,930.8295005760257,937.8516845703125,15000,0.0,0.0
2008-09-04 00:00:00+09:00,937.8516515202614,937.8516515202614,916.7851002797896,930.8294677734375,13000,0.0,0.0
2008-09-05 00:00:00+09:00,920.6864893467449,920.6864893467449,877.7731360297356,899.6199340820312,35000,0.0,0.0
2008-09-08 00:00:00+09:00,881.6742241223934,881.6742241223934,878.5532534175354,879.33349609375,14000,0.0,0.0
2008-09-09 00:00:00+09:00,802.8697509765625,802.8697509765625,802.8697509765625,802.8697509765625,12000,0.0,0.0
2008-09-10 00:00:00+09:00,791.166103535215,802.8697441200555,777.9019775390625,777.9019775390625,79000,0.0,0.0
2008-09-11 00:00:00+09:00,771.6600133152833,772.4402559981097,702.9986572265625,702.9986572265625,40000,0.0,0.0
2008-09-12 00:00:00+09:00,710.8010683695475,749.032958984375,706.8998550415039,749.032958984375,62000,0.0,0.0
2008-09-16 00:00:00+09:00,702.2183724336845,702.2183724336845,671.0086669921875,671.0086669921875,88000,0.0,0.0
2008-09-17 00:00:00+09:00,663.2062849213805,678.8111386842365,594.544928364814,616.3917236328125,129000,0.0,0.0
2008-09-18 00:00:00+09:00,596.8856745633212,686.6135864257812,578.1598494789818,686.6135864257812,91000,0.0,0.0
2008-09-19 00:00:00+09:00,702.9987538439162,739.6701649767288,702.9987538439162,733.42822265625,115000,0.0,0.0
2008-09-22 00:00:00+09:00,717.8232948996804,717.8232948996804,682.7123728665439,686.6135864257812,74000,0.0,0.0
2008-09-24 00:00:00+09:00,666.3272377149593,666.3272377149593,631.9965603619638,659.3050537109375,65000,0.0,0.0
2008-09-25 00:00:00+09:00,647.6014426095145,674.9099371773856,631.996588570731,655.4038696289062,87000,0.0,0.0
2008-09-26 00:00:00+09:00,624.1942716899671,643.7003426802786,577.3797013132196,592.9845581054688,278000,0.0,0.0
2008-09-29 00:00:00+09:00,585.1819539807507,585.1819539807507,518.8613325295989,529.7847290039062,228000,0.0,0.0
2008-09-30 00:00:00+09:00,483.7503857711656,525.8834838867188,471.2665048480387,525.8834838867188,175000,0.0,0.0
2008-10-01 00:00:00+09:00,540.7081455462809,540.7081455462809,495.45407275885765,500.1355285644531,150000,0.0,0.0
2008-10-02 00:00:00+09:00,504.0367257845604,504.0367257845604,447.85925789525953,460.3431396484375,126000,0.0,0.0
2008-10-03 00:00:00+09:00,459.562862145447,460.34310469577883,429.91364523283755,450.9801940917969,115000,0.0,0.0
2008-10-06 00:00:00+09:00,387.7806091308594,387.7806091308594,387.7806091308594,387.7806091308594,10000,0.0,0.0
2008-10-07 00:00:00+09:00,371.39551343898734,413.5286179047548,359.6918733096075,389.3410949707031,97000,0.0,0.0
2008-10-08 00:00:00+09:00,354.23015337741464,358.1313665203377,326.9216613769531,326.9216613769531,142000,0.0,0.0
2008-10-09 00:00:00+09:00,307.4156533284312,337.8451215512962,301.9539539038144,328.4822082519531,329000,0.0,0.0
2008-10-10 00:00:00+09:00,288.68979329008675,303.514404296875,273.0849395987307,303.514404296875,192000,0.0,0.0
2008-10-14 00:00:00+09:00,358.13138077660665,365.9338073730469,345.64749822230226,365.9338073730469,138000,0.0,0.0
2008-10-15 00:00:00+09:00,305.07489013671875,305.07489013671875,305.07489013671875,305.07489013671875,17000,0.0,0.0
2008-10-16 00:00:00+09:00,374.51648734466374,404.1657092594496,370.6152739348235,400.2644958496094,168000,0.0,0.0
2008-10-17 00:00:00+09:00,359.691855213254,364.37331102947854,335.50433349609375,335.50433349609375,77000,0.0,0.0
2008-10-20 00:00:00+09:00,319.8995359835823,322.2402642956573,306.635408881824,319.1192932128906,270000,0.0,0.0
2008-10-21 00:00:00+09:00,320.6797149734307,334.724082052559,306.6353478943023,312.8772888183594,250000,0.0,0.0
2008-10-22 00:00:00+09:00,307.4155821940104,308.19582478841147,290.2502451171875,292.5909729003906,133000,0.0,0.0
2008-10-23 00:00:00+09:00,327.7019638433689,331.6031776986471,305.0749234827553,319.8995361328125,707000,0.0,0.0
2008-10-24 00:00:00+09:00,319.8994276258681,319.8994276258681,283.22802982485393,287.90948486328125,195000,0.0,0.0
2008-10-27 00:00:00+09:00,280.8873226768092,285.568778054756,262.9417437280131,266.84295654296875,116000,0.0,0.0
2008-10-28 00:00:00+09:00,262.1615420147815,303.514404296875,253.57887248453568,303.514404296875,149000,0.0,0.0
2008-10-29 00:00:00+09:00,326.92169167550554,335.50436138536367,312.877323059374,326.1414489746094,226000,0.0,0.0
2008-10-30 00:00:00+09:00,322.24027003522986,354.23022420337617,321.4600272506409,351.8894958496094,283000,0.0,0.0
2008-10-31 00:00:00+09:00,355.79068170362905,374.51650705645164,343.30679813508067,362.8128662109375,175000,0.0,0.0
2008-11-04 00:00:00+09:00,374.5164573849656,405.726162167046,374.5164573849656,396.3632507324219,108000,0.0,0.0
2008-11-05 00:00:00+09:00,419.77055224856815,466.58511197889175,419.77055224856815,461.9036560058594,198000,0.0,0.0
2008-11-06 00:00:00+09:00,433.0346634392393,440.8370898075139,414.3088401553803,420.55078125,123000,0.0,0.0
2008-11-07 00:00:00+09:00,386.2201235371251,409.62740375149633,367.49429936562814,387.0003662109375,170000,0.0,0.0
2008-11-10 00:00:00+09:00,402.60520557690694,435.3753967285156,402.60520557690694,435.3753967285156,129000,0.0,0.0
2008-11-11 00:00:00+09:00,414.30890680467405,478.2888133168836,414.30890680467405,453.321044921875,216000,0.0,0.0
2008-11-12 00:00:00+09:00,437.7161643196182,482.1899991970126,437.7161643196182,469.70611572265625,171000,0.0,0.0
2008-11-13 00:00:00+09:00,446.2987546875,491.55282421875,439.276571484375,487.651611328125,195000,0.0,0.0
2008-11-14 00:00:00+09:00,514.9601806640625,514.9601806640625,415.0891153231534,429.13348388671875,199000,0.0,0.0
2008-11-17 00:00:00+09:00,413.5286007862126,443.17782121994105,401.82496114131976,429.9136962890625,78000,0.0,0.0
2008-11-18 00:00:00+09:00,428.3532380061363,429.13348069831505,409.6274133938462,418.2100830078125,52000,0.0,0.0
2008-11-19 00:00:00+09:00,408.8472219913564,408.8472219913564,366.714111328125,366.714111328125,131000,0.0,0.0
2008-11-20 00:00:00+09:00,335.50433349609375,347.2079730366551,327.70190713571947,335.50433349609375,181000,0.0,0.0
2008-11-21 00:00:00+09:00,330.042670938243,374.51650602921194,320.67975828751275,358.9116516113281,198000,0.0,0.0
2008-11-25 00:00:00+09:00,390.12131295911604,405.7261654774807,383.09912932585195,404.9459228515625,140000,0.0,0.0
2008-11-26 00:00:00+09:00,392.46207064115083,418.99032193697417,391.68182795597954,405.7261962890625,105000,0.0,0.0
2008-11-27 00:00:00+09:00,405.7261533994932,428.3531888775419,372.1757214837659,375.29669189453125,162000,0.0,0.0
2008-11-28 00:00:00+09:00,383.0991590802574,414.3088665409708,383.0991590802574,408.0669250488281,160000,0.0,0.0
2008-12-01 00:00:00+09:00,422.8915400752315,422.8915400752315,415.0891131365741,421.3310546875,100000,0.0,0.0
2008-12-02 00:00:00+09:00,398.70406816826494,400.26455375796456,379.19799829701907,380.75848388671875,123000,0.0,0.0
2008-12-03 00:00:00+09:00,386.2201199986628,397.9237599986223,376.07696533203125,376.07696533203125,87000,0.0,0.0
2008-12-04 00:00:00+09:00,382.3189342867944,389.34111879410284,358.91165259576616,362.8128662109375,82000,0.0,0.0
2008-12-05 00:00:00+09:00,362.8128399987438,381.538663998679,361.2523546654159,376.07696533203125,36000,0.0,0.0
2008-12-08 00:00:00+09:00,387.7806110646465,397.9237658812268,384.65964035185254,394.0225524902344,74000,0.0,0.0
2008-12-09 00:00:00+09:00,404.16574235923395,410.4076843261719,402.6052568674994,410.4076843261719,65000,0.0,0.0
2008-12-10 00:00:00+09:00,409.62741643732244,433.8149400745738,402.60523215553974,429.13348388671875,115000,0.0,0.0
2008-12-11 00:00:00+09:00,429.1334530912028,431.4741810171548,422.1112693133467,428.35321044921875,58000,0.0,0.0
2008-12-12 00:00:00+09:00,432.2544236591388,434.59515158509083,413.5286002515227,428.35321044921875,123000,0.0,0.0
2008-12-15 00:00:00+09:00,438.49642992948014,444.7383719925332,435.3754588979536,440.837158203125,46000,0.0,0.0
2008-12-16 00:00:00+09:00,441.617319657926,467.3653259277344,441.617319657926,467.3653259277344,87000,0.0,0.0
2008-12-17 00:00:00+09:00,474.38756277901786,474.38756277901786,431.4742141723633,436.9359130859375,59000,0.0,0.0
2008-12-18 00:00:00+09:00,424.4520283538653,440.83712503664316,424.4520283538653,431.4742126464844,26000,0.0,0.0
2008-12-19 00:00:00+09:00,429.13345364606965,436.9358800759982,425.2322404311054,429.9136962890625,40000,0.0,0.0
2008-12-22 00:00:00+09:00,436.93587951104286,436.93587951104286,428.35321044921875,428.35321044921875,17000,0.0,0.0
2008-12-24 00:00:00+09:00,418.2100827796437,433.034693922952,413.5286266291253,417.4298400878906,41000,0.0,0.0
2008-12-25 00:00:00+09:00,417.4298048662542,424.4519884995183,396.3632539664619,404.9459228515625,28000,0.0,0.0
2008-12-26 00:00:00+09:00,405.72617616277444,435.3753967285156,397.9237496981057,435.3753967285156,41000,0.0,0.0
2008-12-29 00:00:00+09:00,436.93591459297835,442.3976135253906,429.91373025130554,442.3976135253906,48000,0.0,0.0
2008-12-30 00:00:00+09:00,436.93585494700136,443.9580383300781,436.93585494700136,443.9580383300781,10000,0.0,0.0
2009-01-05 00:00:00+09:00,461.9037153076592,461.9037153076592,452.540802159531,453.321044921875,24000,0.0,0.0
2009-01-06 00:00:00+09:00,452.5407366380624,452.5407366380624,439.2766115986709,440.0568542480469,12000,0.0,0.0
2009-01-07 00:00:00+09:00,444.7383491566639,475.94805786941225,444.7383491566639,471.2666015625,99000,0.0,0.0
2009-01-08 00:00:00+09:00,463.46413869956103,463.46413869956103,452.5407414911539,454.1012268066406,36000,0.0,0.0
2009-01-09 00:00:00+09:00,452.5407721125241,454.8815002441406,448.63955855982994,454.8815002441406,11000,0.0,0.0
2009-01-13 00:00:00+09:00,450.1999791150353,450.1999791150353,436.93585494700136,443.9580383300781,29000,0.0,0.0
2009-01-14 00:00:00+09:00,458.7827453613281,458.7827453613281,435.37546243472974,458.7827453613281,84000,0.0,0.0
2009-01-15 00:00:00+09:00,443.9580989346512,450.2000405716938,436.93591459297835,442.3976135253906,49000,0.0,0.0
2009-01-16 00:00:00+09:00,444.7383101443027,460.3431631318221,433.03467040366314,440.0568542480469,31000,0.0,0.0
2009-01-19 00:00:00+09:00,440.83718601304366,440.83718601304366,422.1113586425781,422.1113586425781,22000,0.0,0.0
2009-01-20 00:00:00+09:00,406.5064686599287,411.9681678549757,388.56088559048845,401.82501220703125,66000,0.0,0.0
2009-01-21 00:00:00+09:00,401.0447067530544,401.82494937319655,392.462037931491,397.14349365234375,34000,0.0,0.0
2009-01-22 00:00:00+09:00,398.70400806828945,401.82497877723887,388.56085326420384,392.4620666503906,51000,0.0,0.0
2009-01-23 00:00:00+09:00,390.1213684082031,390.1213684082031,387.0003974609375,390.1213684082031,7000,0.0,0.0
2009-01-26 00:00:00+09:00,390.12133665759154,394.02255002416746,386.2201232910156,386.2201232910156,8000,0.0,0.0
2009-01-27 00:00:00+09:00,392.4620666503906,397.9237653910521,387.0003679097291,392.4620666503906,46000,0.0,0.0
2009-01-28 00:00:00+09:00,390.90161551339287,425.23229631696427,390.90161551339287,409.62744140625,45000,0.0,0.0
2009-01-29 00:00:00+09:00,425.23232701668655,428.3532982241485,401.0448001588567,403.3855285644531,123000,0.0,0.0
2009-01-30 00:00:00+09:00,387.7806697953568,391.6818837772014,385.43994140625,385.43994140625,55000,0.0,0.0
2009-02-02 00:00:00+09:00,389.3410994481856,411.9681372918678,386.22012871112605,404.16571044921875,42000,0.0,0.0
2009-02-03 00:00:00+09:00,401.0447097219713,404.9459228515625,397.14349659238013,404.9459228515625,34000,0.0,0.0
2009-02-04 00:00:00+09:00,412.74835147170006,420.5507777755129,411.1878662109375,411.1878662109375,125000,0.0,0.0
2009-02-05 00:00:00+09:00,413.5286320277623,444.73834010532926,413.5286320277623,436.9359130859375,134000,0.0,0.0
2009-02-06 00:00:00+09:00,436.93591330353166,447.8593111361199,436.1556706012039,437.7161560058594,69000,0.0,0.0
2009-02-09 00:00:00+09:00,431.47421198064626,433.8149400745738,427.572998490767,429.13348388671875,47000,0.0,0.0
2009-02-10 00:00:00+09:00,421.331049992488,421.331049992488,403.3854682335487,405.7261962890625,82000,0.0,0.0
2009-02-12 00:00:00+09:00,405.7262259177791,408.84719688637745,395.58307026983465,401.82501220703125,47000,0.0,0.0
2009-02-13 00:00:00+09:00,397.1435251217372,400.2644958496094,395.5830397578011,400.2644958496094,37000,0.0,0.0
2009-02-16 00:00:00+09:00,392.46203763466184,403.38543430838996,392.46203763466184,396.3632507324219,23000,0.0,0.0
2009-02-17 00:00:00+09:00,396.36331030273436,396.36331030273436,390.1213684082031,390.1213684082031,56000,0.0,0.0
2009-02-18 00:00:00+09:00,387.7805816229043,395.5830078125,387.7805816229043,395.5830078125,26000,0.0,0.0
2009-02-19 00:00:00+09:00,398.70404052734375,402.6052542311338,398.70404052734375,398.70404052734375,31000,0.0,0.0
2009-02-20 00:00:00+09:00,394.0226113991659,394.0226113991659,377.6375127073194,380.75848388671875,58000,0.0,0.0
2009-02-23 00:00:00+09:00,384.6596341451009,384.6596341451009,374.5164794921875,374.5164794921875,37000,0.0,0.0
2009-02-24 00:00:00+09:00,374.5164799987033,376.85720799869523,371.3955093320475,376.07696533203125,28000,0.0,0.0
2009-02-25 00:00:00+09:00,387.7805859211304,407.2866516113281,381.5386449002672,407.2866516113281,62000,0.0,0.0
2009-02-26 00:00:00+09:00,407.28668189460626,407.28668189460626,394.02255623903477,406.5064392089844,34000,0.0,0.0
2009-02-27 00:00:00+09:00,394.8027946821027,394.8027946821027,390.9015812959159,392.4620666503906,47000,0.0,0.0
2009-03-02 00:00:00+09:00,401.82494937319655,401.82494937319655,387.0003395904961,397.14349365234375,35000,0.0,0.0
2009-03-03 00:00:00+09:00,387.7806707739355,393.2423703623008,387.7806707739355,391.681884765625,20000,0.0,0.0
2009-03-04 00:00:00+09:00,397.9237680398073,401.04473876953125,394.0225546276523,401.04473876953125,24000,0.0,0.0
2009-03-05 00:00:00+09:00,401.8249804926853,402.60522317325365,396.3632817287071,397.92376708984375,24000,0.0,0.0
2009-03-06 00:00:00+09:00,397.143587401419,411.96820068359375,396.363344597094,411.96820068359375,35000,0.0,0.0
2009-03-09 00:00:00+09:00,404.16571115211883,411.96813800833735,404.16571115211883,406.5064392089844,10000,0.0,0.0
2009-03-10 00:00:00+09:00,406.5064389742338,406.5064389742338,402.6052255483774,405.7261962890625,8000,0.0,0.0
2009-03-11 00:00:00+09:00,403.385412323341,417.42977870984026,403.385412323341,416.6495361328125,19000,0.0,0.0
2009-03-12 00:00:00+09:00,416.6495747667678,447.0790380924306,416.6495747667678,440.0568542480469,103000,0.0,0.0
2009-03-13 00:00:00+09:00,444.7383149137202,458.0024400953575,444.7383149137202,454.1012268066406,54000,0.0,0.0
2009-03-16 00:00:00+09:00,467.36541971709903,487.6517317582419,467.36541971709903,479.0690612792969,118000,0.0,0.0
2009-03-17 00:00:00+09:00,479.0690612792969,483.750517904176,471.26663357116496,479.0690612792969,77000,0.0,0.0
2009-03-18 00:00:00+09:00,486.0911903441046,505.5972573723592,485.3109476629744,498.5750732421875,86000,0.0,0.0
2009-03-19 00:00:00+09:00,498.5750098409532,498.5750098409532,481.4096730389173,493.1133117675781,50000,0.0,0.0
2009-03-23 00:00:00+09:00,480.6295468209232,482.9702751333628,468.92590525872544,479.0690612792969,34000,0.0,0.0
2009-03-24 00:00:00+09:00,494.6739166955606,494.6739166955606,475.9480901960441,479.0690612792969,37000,0.0,0.0
2009-03-25 00:00:00+09:00,464.24441487149886,475.1678128684753,461.90368672928963,462.6839294433594,62000,0.0,0.0
2009-03-26 00:00:00+09:00,468.220371300066,472.1749352468571,446.8657259873941,449.23846435546875,144000,8.0,0.0
2009-03-27 00:00:00+09:00,461.89300948227003,472.1748744193754,455.56570798251295,457.9384460449219,83000,0.0,0.0
2009-03-30 00:00:00+09:00,458.7293830804065,466.63851037489627,445.2838666797739,446.8656921386719,28000,0.0,0.0
2009-03-31 00:00:00+09:00,445.2838286007943,455.56569320436506,445.2838286007943,448.4474792480469,19000,0.0,0.0
2009-04-01 00:00:00+09:00,451.6112027235434,452.4021155129016,446.8657259873941,449.23846435546875,55000,0.0,0.0
2009-04-02 00:00:00+09:00,461.10204396615865,481.665771484375,459.5202187724497,481.665771484375,53000,0.0,0.0
2009-04-03 00:00:00+09:00,490.3658822061267,490.3658822061267,460.31119910317057,461.10211181640625,52000,0.0,0.0
2009-04-06 00:00:00+09:00,479.2930451920889,489.5749091978598,474.54756949711776,488.78399658203125,67000,0.0,0.0
2009-04-07 00:00:00+09:00,488.78396914143207,489.5748817128583,466.63841714149663,478.5021057128906,70000,0.0,0.0
2009-04-08 00:00:00+09:00,477.7111810261771,478.50209357754494,468.22023040976296,471.3838806152344,24000,0.0,0.0
2009-04-09 00:00:00+09:00,478.50212848644225,478.50212848644225,471.3839150048257,473.75665283203125,29000,0.0,0.0
2009-04-10 00:00:00+09:00,476.92026847480923,476.92026847480923,466.6384053070273,471.3838806152344,38000,0.0,0.0
2009-04-13 00:00:00+09:00,468.2202796743697,473.75666811646533,462.6838912322741,470.593017578125,84000,0.0,0.0
2009-04-14 00:00:00+09:00,469.0112680063461,495.11138916015625,467.42944248187274,495.11138916015625,111000,0.0,0.0
2009-04-15 00:00:00+09:00,489.57487053964655,492.7385207531499,478.50209479238475,484.0384826660156,170000,0.0,0.0
2009-04-16 00:00:00+09:00,480.8748502715077,485.6203257676081,464.26568603515625,464.26568603515625,171000,0.0,0.0
2009-04-17 00:00:00+09:00,465.0566849159983,466.63851037489627,444.49295395032493,446.8656921386719,162000,0.0,0.0
2009-04-20 00:00:00+09:00,453.1929599636204,457.93843598418187,431.8383178710938,431.83831787109375,126000,0.0,0.0
2009-04-21 00:00:00+09:00,419.18372025360935,473.7566951545509,415.2291568549904,468.2203063964844,205000,0.0,0.0
2009-04-22 00:00:00+09:00,468.22029869002523,470.5930366901436,445.28383135554765,469.8021240234375,106000,0.0,0.0
2009-04-23 00:00:00+09:00,462.68390716068325,466.63847046974894,436.58378932084986,448.4474792480469,165000,0.0,0.0
2009-04-24 00:00:00+09:00,440.53835317400535,450.0293051274848,435.7928771972656,435.7928771972656,87000,0.0,0.0
2009-04-27 00:00:00+09:00,437.3747175886825,449.23840793918924,432.6292414484798,438.95654296875,100000,0.0,0.0
2009-04-28 00:00:00+09:00,438.1656717855142,438.1656717855142,397.0382080078125,397.0382080078125,93000,0.0,0.0
2009-04-30 00:00:00+09:00,405.73818592744715,417.6018755744485,403.3654479980469,403.3654479980469,110000,0.0,0.0
2009-05-01 00:00:00+09:00,411.2745666503906,432.629207611084,411.2745666503906,423.9291687011719,93000,0.0,0.0
2009-05-07 00:00:00+09:00,442.91107177734375,469.8021011352539,442.91107177734375,461.8929748535156,87000,0.0,0.0
2009-05-08 00:00:00+09:00,458.7293513699144,461.10208939424155,449.2383992726058,453.1929626464844,53000,0.0,0.0
2009-05-11 00:00:00+09:00,455.5656814841028,465.05663318168826,453.1929435597064,453.9838562011719,44000,0.0,0.0
2009-05-12 00:00:00+09:00,450.82017212953843,472.9657244446737,437.3746582239207,464.26568603515625,68000,0.0,0.0
2009-05-13 00:00:00+09:00,464.2658023071289,480.0840579223633,461.89306396484375,474.54766845703125,187000,0.0,0.0
2009-05-14 00:00:00+09:00,472.1748854968012,472.1748854968012,458.72936949437974,465.0566711425781,26000,0.0,0.0
2009-05-15 00:00:00+09:00,465.0566711425781,466.6384965546277,457.14754408233017,465.0566711425781,9000,0.0,0.0
2009-05-18 00:00:00+09:00,457.1475068756211,457.1475068756211,446.8656425341279,447.65655517578125,34000,0.0,0.0
2009-05-19 00:00:00+09:00,461.10214806272273,462.6839736135383,450.82028198242193,450.8202819824219,27000,0.0,0.0
2009-05-20 00:00:00+09:00,461.10206596310394,470.59301757812494,459.5202406939338,470.593017578125,66000,0.0,0.0
2009-05-21 00:00:00+09:00,462.68388748168945,466.6384506225586,455.565673828125,455.565673828125,18000,0.0,0.0
2009-05-22 00:00:00+09:00,460.31125348651426,463.4749047132257,455.5657766464471,456.356689453125,15000,0.0,0.0
2009-05-25 00:00:00+09:00,456.356689453125,468.22038155329284,456.356689453125,456.356689453125,36000,0.0,0.0
2009-05-26 00:00:00+09:00,465.8475578079358,465.8475578079358,446.8656539244206,448.4474792480469,72000,0.0,0.0
2009-05-27 00:00:00+09:00,455.5657586348685,458.72940973649946,448.4475436561986,450.8202819824219,53000,0.0,0.0
2009-05-28 00:00:00+09:00,452.40204596601967,460.3111726437473,451.61113329824695,457.14752197265625,26000,0.0,0.0
2009-05-29 00:00:00+09:00,462.68387986531434,463.47479248046875,458.72931678954245,463.47479248046875,30000,0.0,0.0
2009-06-01 00:00:00+09:00,466.6385192871093,467.4294320316638,463.47486830889164,466.6385192871094,22000,0.0,0.0
2009-06-02 00:00:00+09:00,474.5475807510504,484.8294450006565,465.84754177061444,470.593017578125,128000,0.0,0.0
2009-06-03 00:00:00+09:00,482.4566960261418,514.0932006835938,480.08395817683294,514.0932006835938,165000,0.0,0.0
2009-06-04 00:00:00+09:00,512.5114468240232,537.8206540745922,503.02049410505975,521.2114868164062,134000,0.0,0.0
2009-06-05 00:00:00+09:00,526.7477789984808,526.7477789984808,508.5567896336685,512.5113525390625,55000,0.0,0.0
2009-06-08 00:00:00+09:00,513.3023646682409,522.7933174818293,510.1387137303781,510.92962646484375,25000,0.0,0.0
2009-06-09 00:00:00+09:00,510.138685245079,510.138685245079,485.6203918457031,485.6203918457031,66000,0.0,0.0
2009-06-10 00:00:00+09:00,478.5022909599438,495.9023742675781,478.5022909599438,495.9023742675781,63000,0.0,0.0
2009-06-11 00:00:00+09:00,502.22956756167287,511.72052001953125,498.2750040375652,511.72052001953125,73000,0.0,0.0
2009-06-12 00:00:00+09:00,507.7659789850973,513.3023681640625,507.7659789850973,513.3023681640625,34000,0.0,0.0
2009-06-15 00:00:00+09:00,522.7931708133582,523.5840833259351,506.9749205618194,522.0022583007812,48000,0.0,0.0
2009-06-16 00:00:00+09:00,510.1386759281159,517.2568900108338,506.1841125488281,506.1841125488281,45000,0.0,0.0
2009-06-17 00:00:00+09:00,512.5113598097081,518.0477479558006,503.02040870212085,504.60223388671875,15000,0.0,0.0
2009-06-18 00:00:00+09:00,499.0658183105469,499.0658183105469,490.3657802734375,494.3203430175781,21000,0.0,0.0
2009-06-19 00:00:00+09:00,496.6930957738904,501.43857121122056,491.1567077636719,491.1567077636719,20000,0.0,0.0
2009-06-22 00:00:00+09:00,490.3658679875178,490.3658679875178,482.45674108449333,485.6203918457031,25000,0.0,0.0
2009-06-23 00:00:00+09:00,478.50214776386787,478.50214776386787,472.96575927734375,472.96575927734375,36000,0.0,0.0
2009-06-24 00:00:00+09:00,470.5930213545477,476.12940984107183,470.5930213545477,472.96575927734375,26000,0.0,0.0
2009-06-25 00:00:00+09:00,471.3840173339844,476.1294940185547,470.5931045532227,474.54766845703125,32000,0.0,0.0
2009-06-26 00:00:00+09:00,482.4566810244605,498.27493286132807,482.4566810244605,498.2749328613281,69000,0.0,0.0
2009-06-29 00:00:00+09:00,496.6930876444995,502.2294755641038,486.4112243652344,486.4112243652344,30000,0.0,0.0
2009-06-30 00:00:00+09:00,494.32037377621134,502.22949975663073,494.32037377621134,500.6476745605469,30000,0.0,0.0
2009-07-01 00:00:00+09:00,496.6930806640625,499.856730859375,491.94760537109374,494.3203430175781,31000,0.0,0.0
2009-07-02 00:00:00+09:00,497.48405860162546,497.48405860162546,490.3658447265625,490.3658447265625,6000,0.0,0.0
2009-07-03 00:00:00+09:00,482.4566810244605,498.27493286132807,480.87485584077376,498.2749328613281,32000,0.0,0.0
2009-07-06 00:00:00+09:00,496.69311895722564,496.69311895722564,490.36581807878963,492.7385559082031,20000,0.0,0.0
2009-07-07 00:00:00+09:00,496.6930957738904,498.2749209196671,490.3657951907835,491.1567077636719,35000,0.0,0.0
2009-07-08 00:00:00+09:00,491.1566997248952,491.94761228483867,486.4112243652344,486.4112243652344,26000,0.0,0.0
2009-07-09 00:00:00+09:00,486.41132017041815,486.41132017041815,480.87493116034835,482.4567565917969,27000,0.0,0.0
2009-07-10 00:00:00+09:00,490.3658447265625,490.3658447265625,484.03854350428423,490.3658447265625,30000,0.0,0.0
2009-07-13 00:00:00+09:00,476.1294991936482,478.5022375617229,446.8657259873941,449.23846435546875,53000,0.0,0.0
2009-07-14 00:00:00+09:00,453.19302274518066,466.6385399994007,425.5110754570806,438.1656799316406,67000,0.0,0.0
2009-07-15 00:00:00+09:00,446.07480772824067,446.07480772824067,432.62929047402065,438.1656799316406,14000,0.0,0.0
2009-07-16 00:00:00+09:00,459.5202448005811,462.6838953671944,447.65655517578125,447.65655517578125,28000,0.0,0.0
2009-07-17 00:00:00+09:00,455.5657192887931,460.3111955313847,454.7748065816945,458.7293701171875,16000,0.0,0.0
2009-07-21 00:00:00+09:00,461.1021132672419,482.4567565917969,449.23842253137803,482.4567565917969,14000,0.0,0.0
2009-07-22 00:00:00+09:00,482.4567565917969,482.4567565917969,468.22032770876024,482.4567565917969,22000,0.0,0.0
2009-07-23 00:00:00+09:00,480.083969193146,480.083969193146,464.2657165014443,470.593017578125,25000,0.0,0.0
2009-07-24 00:00:00+09:00,470.59305586662094,477.7112701570405,469.01123046875,469.01123046875,22000,0.0,0.0
2009-07-27 00:00:00+09:00,469.01121135673134,477.71125069049873,467.4293860233191,469.8021240234375,21000,0.0,0.0
2009-07-28 00:00:00+09:00,484.03854767298185,484.8294603325782,476.92033373661445,480.083984375,25000,0.0,0.0
2009-07-29 00:00:00+09:00,482.45674108449333,485.6203918457031,474.5476141814688,485.6203918457031,17000,0.0,0.0
2009-07-30 00:00:00+09:00,480.0840191508448,485.62040816905886,467.42941568064134,476.12945556640625,42000,0.0,0.0
2009-07-31 00:00:00+09:00,476.92039652403236,476.92039652403236,465.05670506821065,467.429443359375,17000,0.0,0.0
2009-08-03 00:00:00+09:00,455.5657321626106,457.9384703509575,444.49295395032493,446.8656921386719,65000,0.0,0.0
2009-08-04 00:00:00+09:00,453.98389739728503,464.265762669349,446.8656829781639,461.10211181640625,32000,0.0,0.0
2009-08-05 00:00:00+09:00,454.7748194331616,454.7748194331616,446.8656921386719,446.8656921386719,50000,0.0,0.0
2009-08-06 00:00:00+09:00,446.07480081154483,446.07480081154483,433.4201965332031,433.4201965332031,84000,0.0,0.0
2009-08-07 00:00:00+09:00,436.5837707519531,440.53833389282227,423.13825607299805,423.9291687011719,108000,0.0,0.0
2009-08-10 00:00:00+09:00,427.0929010164006,438.95659271130063,426.3019882367406,438.1656799316406,30000,0.0,0.0
2009-08-11 00:00:00+09:00,430.25650745738636,435.0019836425781,430.25650745738636,435.0019836425781,20000,0.0,0.0
2009-08-12 00:00:00+09:00,431.0474052010002,434.21105588137453,430.2564925309066,431.83831787109375,24000,0.0,0.0
2009-08-13 00:00:00+09:00,431.8382647970448,439.74739052592844,431.8382647970448,436.583740234375,39000,0.0,0.0
2009-08-14 00:00:00+09:00,436.58382665583514,446.8656921386719,436.58382665583514,446.8656921386719,63000,0.0,0.0
2009-08-17 00:00:00+09:00,441.3293242071667,441.3293242071667,433.4201965332031,433.4201965332031,55000,0.0,0.0
2009-08-18 00:00:00+09:00,431.0474243164063,433.42016243190943,431.0474243164063,431.04742431640625,43000,0.0,0.0
2009-08-19 00:00:00+09:00,432.62928376580675,433.4201965332031,431.04745823101405,433.4201965332031,20000,0.0,0.0
2009-08-20 00:00:00+09:00,438.95654713023794,438.95654713023794,432.6292455499823,435.0019836425781,23000,0.0,0.0
2009-08-21 00:00:00+09:00,435.00191508859825,439.74739052592844,435.00191508859825,436.583740234375,28000,0.0,0.0
2009-08-24 00:00:00+09:00,438.1656151856355,440.53835317400535,435.7928771972656,435.7928771972656,45000,0.0,0.0
2009-08-25 00:00:00+09:00,439.7474598277699,439.7474598277699,434.2110709450462,435.0019836425781,57000,0.0,0.0
2009-08-26 00:00:00+09:00,435.7928963401101,437.37472173517403,431.8383328524503,435.0019836425781,55000,0.0,0.0
2009-08-27 00:00:00+09:00,435.00203805811265,435.00203805811265,427.88382288988896,430.2565612792969,77000,0.0,0.0
2009-08-28 00:00:00+09:00,427.8837699186318,429.4655953157432,427.0928572200761,428.6746826171875,28000,0.0,0.0
2009-08-31 00:00:00+09:00,427.0927693457577,427.88368188158313,423.13820666663025,424.72003173828125,38000,0.0,0.0
2009-09-02 00:00:00+09:00,429.46550695323407,429.46550695323407,423.92911920245575,424.72003173828125,70000,0.0,0.0
2009-09-03 00:00:00+09:00,424.72003173828125,427.0927693457577,423.13820666663025,424.72003173828125,21000,0.0,0.0
2009-09-04 00:00:00+09:00,424.7201007647578,424.7201007647578,413.64732346362814,416.81097412109375,36000,0.0,0.0
2009-09-07 00:00:00+09:00,413.6473502239198,416.811001086053,412.0655247928532,414.4382629394531,39000,0.0,0.0
2009-09-08 00:00:00+09:00,411.2745666503906,411.2745666503906,403.36544036865234,411.2745666503906,63000,0.0,0.0
2009-09-09 00:00:00+09:00,411.2745628135578,414.438213296739,407.3199997095813,408.9018249511719,39000,0.0,0.0
2009-09-10 00:00:00+09:00,408.90187040537654,413.6473466576633,405.7382195705187,412.0655212402344,118000,0.0,0.0
2009-09-11 00:00:00+09:00,407.3200264422346,408.110939114938,402.5745504060144,406.52911376953125,82000,0.0,0.0
2009-09-14 00:00:00+09:00,405.73823592330245,405.73823592330245,402.5745849609375,402.5745849609375,34000,0.0,0.0
2009-09-15 00:00:00+09:00,401.7836845975473,403.3655101274589,395.4563824779009,397.0382080078125,73000,0.0,0.0
2009-09-16 00:00:00+09:00,393.8745457083879,398.6200221627059,393.8745457083879,396.2472839355469,50000,0.0,0.0
2009-09-17 00:00:00+09:00,396.2472305450745,397.82905581671156,394.6654052734375,394.6654052734375,33000,0.0,0.0
2009-09-18 00:00:00+09:00,394.66544358927,396.2472690144775,386.7563164632325,393.0836181640625,58000,0.0,0.0
2009-09-21 00:00:00+09:00,393.0836181640625,393.0836181640625,393.0836181640625,393.0836181640625,0,0.0,0.0
2009-09-24 00:00:00+09:00,389.12898910197805,389.12898910197805,366.19252429718665,371.7289123535156,139000,0.0,0.0
2009-09-25 00:00:00+09:00,370.1471337890625,370.1471337890625,355.91070556640625,355.91070556640625,59000,0.0,0.0
2009-09-28 00:00:00+09:00,343.256115522541,343.256115522541,332.183337602459,337.7197265625,53000,0.0,0.0
2009-09-29 00:00:00+09:00,336.9287796020508,341.67425537109375,327.43782806396484,341.67425537109375,37000,0.0,0.0
2009-09-30 00:00:00+09:00,340.0924523815311,349.5834045410156,328.22876218217533,349.5834045410156,42000,0.0,0.0
2009-10-01 00:00:00+09:00,345.6288882943087,349.5834522336028,340.0924987792969,340.0924987792969,29000,0.0,0.0
2009-10-02 00:00:00+09:00,329.01973362198794,329.01973362198794,323.48334387354106,328.22882080078125,25000,0.0,0.0
2009-10-05 00:00:00+09:00,328.2288240131579,332.18338815789474,327.4379111842105,330.6015625,25000,0.0,0.0
2009-10-06 00:00:00+09:00,336.1378964510831,349.58341230912646,336.1378964510831,348.0015869140625,32000,0.0,0.0
2009-10-07 00:00:00+09:00,351.9561858780083,355.910749764278,344.04705810546875,344.04705810546875,190000,0.0,0.0
2009-10-08 00:00:00+09:00,344.0470442535184,344.8379569989288,334.55609130859375,334.55609130859375,33000,0.0,0.0
2009-10-09 00:00:00+09:00,332.9741891085956,332.9741891085956,325.0650634765625,325.0650634765625,85000,0.0,0.0
2009-10-13 00:00:00+09:00,331.392391204834,331.392391204834,313.20140075683594,316.36505126953125,136000,0.0,0.0
2009-10-14 00:00:00+09:00,312.41053822705203,312.41053822705203,306.08323618701047,309.24688720703125,86000,0.0,0.0
2009-10-15 00:00:00+09:00,310.0377540298655,322.69235623516613,308.4559287542029,312.4104919433594,132000,0.0,0.0
2009-10-16 00:00:00+09:00,315.5741386413574,320.3196144104004,313.99231338500977,316.36505126953125,47000,0.0,0.0
2009-10-19 00:00:00+09:00,313.20143449276907,318.7378234863281,312.4105217794035,318.7378234863281,29000,0.0,0.0
2009-10-20 00:00:00+09:00,320.3195915785916,327.43780472478255,320.3195915785916,321.1105041503906,38000,0.0,0.0
2009-10-21 00:00:00+09:00,317.1559867289529,319.52872478428174,311.6195979331856,317.9468994140625,62000,0.0,0.0
2009-10-22 00:00:00+09:00,317.1559638977051,317.9468765258789,313.99231338500977,316.36505126953125,24000,0.0,0.0
2009-10-23 00:00:00+09:00,319.52870178222656,322.6923522949219,316.36505126953125,322.6923522949219,18000,0.0,0.0
2009-10-26 00:00:00+09:00,322.692387053156,323.4832997665216,313.20143449276907,318.7378234863281,39000,0.0,0.0
2009-10-27 00:00:00+09:00,318.7378120991721,323.48328820982977,317.9468994140625,317.9468994140625,24000,0.0,0.0
2009-10-28 00:00:00+09:00,320.31962574256954,336.9287915218139,316.3650624617971,323.4832763671875,98000,0.0,0.0
2009-10-29 00:00:00+09:00,316.36502826633165,323.4832414023241,314.783203125,314.783203125,55000,0.0,0.0
2009-10-30 00:00:00+09:00,317.9468765258789,318.73778915405273,310.82866287231445,316.36505126953125,40000,0.0,0.0
2009-11-02 00:00:00+09:00,316.365102002078,317.1560147570832,308.45597445202606,309.24688720703125,41000,0.0,0.0
2009-11-04 00:00:00+09:00,307.6650199694511,312.4104958558694,307.6650199694511,308.4559326171875,44000,0.0,0.0
2009-11-05 00:00:00+09:00,306.0832185136511,306.0832185136511,292.6377024549119,297.3831787109375,43000,0.0,0.0
2009-11-06 00:00:00+09:00,298.17407595985816,304.50137730648646,298.17407595985816,300.54681396484375,32000,0.0,0.0
2009-11-09 00:00:00+09:00,300.54683241733284,306.0832214355469,300.54683241733284,306.0832214355469,18000,0.0,0.0
2009-11-10 00:00:00+09:00,306.0831718838092,306.87408447265625,302.919521528421,306.87408447265625,6000,0.0,0.0
2009-11-11 00:00:00+09:00,304.5013540762442,304.5013540762442,297.38314060433197,298.9649658203125,32000,0.0,0.0
2009-11-12 00:00:00+09:00,298.96497725433915,299.7558898925781,298.96497725433915,299.7558898925781,6000,0.0,0.0
2009-11-13 00:00:00+09:00,299.7559327156313,299.7559327156313,293.4286307058027,294.21954345703125,7000,0.0,0.0
2009-11-16 00:00:00+09:00,295.01047009379926,295.01047009379926,276.81947595932905,282.3558654785156,59000,0.0,0.0
2009-11-17 00:00:00+09:00,279.19218906136445,280.7740144951399,268.1194110249364,272.073974609375,51000,0.0,0.0
2009-11-18 00:00:00+09:00,268.91025427616006,268.91025427616006,261.0011291503906,261.0011291503906,40000,0.0,0.0
2009-11-19 00:00:00+09:00,256.2557175095017,263.3739318847656,249.13750313423776,263.3739318847656,47000,0.0,0.0
2009-11-20 00:00:00+09:00,255.464808236985,265.7466735839844,255.464808236985,265.7466735839844,16000,0.0,0.0
2009-11-24 00:00:00+09:00,265.7466743283155,265.7466743283155,256.25572167373286,259.41937255859375,12000,0.0,0.0
2009-11-25 00:00:00+09:00,256.25572167373286,259.41937255859375,254.6738962313024,259.41937255859375,26000,0.0,0.0
2009-11-26 00:00:00+09:00,255.4647673125551,255.4647673125551,252.30111694335938,252.30111694335938,21000,0.0,0.0
2009-11-27 00:00:00+09:00,251.51019197351792,251.51019197351792,242.0192413330078,242.0192413330078,58000,0.0,0.0
2009-11-30 00:00:00+09:00,242.0192642211914,249.13747787475586,242.0192642211914,246.76473999023438,29000,0.0,0.0
2009-12-01 00:00:00+09:00,245.97379005480113,251.5101776123047,243.60105253015675,251.5101776123047,23000,0.0,0.0
2009-12-02 00:00:00+09:00,254.67390049795617,260.2102896392161,253.8829877634905,255.46481323242188,21000,0.0,0.0
2009-12-03 00:00:00+09:00,261.0011291503906,262.5829541755445,257.8374791000829,261.0011291503906,39000,0.0,0.0
2009-12-04 00:00:00+09:00,264.95571191760075,272.8648376464844,264.95571191760075,272.8648376464844,47000,0.0,0.0
2009-12-07 00:00:00+09:00,276.81938951665705,285.51942747289485,275.23756443370473,278.4012145996094,71000,0.0,0.0
2009-12-08 00:00:00+09:00,278.40131245390853,278.40131245390853,268.11944580078125,268.11944580078125,49000,0.0,0.0
2009-12-09 00:00:00+09:00,261.79211072223944,263.3739361646699,259.41937255859375,259.41937255859375,34000,0.0,0.0
2009-12-10 00:00:00+09:00,262.58303140277513,262.58303140277513,253.09207846050614,257.8375549316406,44000,0.0,0.0
2009-12-11 00:00:00+09:00,257.83752812440633,261.00117877623956,257.046615461448,260.21026611328125,17000,0.0,0.0
2009-12-14 00:00:00+09:00,261.00116342397837,261.79207604041466,257.0466003417969,257.0466003417969,14000,0.0,0.0
2009-12-15 00:00:00+09:00,257.83747767802305,257.83747767802305,251.5101776123047,251.5101776123047,18000,0.0,0.0
2009-12-16 00:00:00+09:00,251.51020420619417,257.0465923490978,249.13746643066403,249.13746643066406,27000,0.0,0.0
2009-12-17 00:00:00+09:00,249.13752010455144,253.0920839157348,247.55569458007812,247.55569458007812,38000,0.0,0.0
2009-12-18 00:00:00+09:00,245.18291473388672,249.9283905029297,245.18291473388672,246.76473999023438,28000,0.0,0.0
2009-12-21 00:00:00+09:00,249.92840636403938,249.92840636403938,238.8556288668984,240.4374542236328,90000,0.0,0.0
2009-12-22 00:00:00+09:00,241.22832877963197,242.0192413330078,236.4828534593769,242.0192413330078,189000,0.0,0.0
2009-12-24 00:00:00+09:00,245.97384668406133,246.7647593743638,242.81019592285156,242.81019592285156,159000,0.0,0.0
2009-12-25 00:00:00+09:00,244.39199087960378,249.13746643066403,244.39199087960378,249.13746643066406,44000,0.0,0.0
2009-12-28 00:00:00+09:00,253.88301505029727,270.49218425919526,252.3011894113546,268.11944580078125,120000,0.0,0.0
2009-12-29 00:00:00+09:00,271.2830391153258,276.81942766869975,264.9557379114698,270.49212646484375,126000,0.0,0.0
2009-12-30 00:00:00+09:00,267.3284912109375,268.9103166027182,261.7921023397051,267.3284912109375,56000,0.0,0.0
2010-01-04 00:00:00+09:00,269.701166788737,269.701166788737,257.04656658750594,261.0011291503906,52000,0.0,0.0
2010-01-05 00:00:00+09:00,264.955742091031,264.955742091031,260.21026611328125,260.21026611328125,31000,0.0,0.0
2010-01-06 00:00:00+09:00,259.4193531794789,268.91030512506956,258.6284405173463,266.5375671386719,66000,0.0,0.0
2010-01-07 00:00:00+09:00,269.701256686538,270.49216946274487,262.5830417006763,264.9557800292969,56000,0.0,0.0
2010-01-08 00:00:00+09:00,264.1648439647865,272.8648837360818,264.1648439647865,269.70123291015625,57000,0.0,0.0
2010-01-12 00:00:00+09:00,280.77397937109896,295.0104064941406,276.8194162813652,295.0104064941406,123000,0.0,0.0
2010-01-13 00:00:00+09:00,292.63770378960504,294.2195292154948,283.9376639472114,284.72857666015625,138000,0.0,0.0
2010-01-14 00:00:00+09:00,289.4740858874874,299.75595232611397,288.6831730845161,293.42864990234375,74000,0.0,0.0
2010-01-15 00:00:00+09:00,297.3832139172001,298.9650395231427,291.8468242964012,293.42864990234375,46000,0.0,0.0
2010-01-18 00:00:00+09:00,287.1013253064659,291.8468017578125,285.51949982268377,291.8468017578125,39000,0.0,0.0
2010-01-19 00:00:00+09:00,293.42862817653327,293.42862817653327,283.14676249918847,285.5195007324219,27000,0.0,0.0
2010-01-20 00:00:00+09:00,290.26495774411364,290.26495774411364,283.146743521506,286.3103942871094,24000,0.0,0.0
2010-01-21 00:00:00+09:00,280.77403204022676,284.72859587177925,280.77403204022676,283.93768310546875,35000,0.0,0.0
2010-01-22 00:00:00+09:00,279.98308185004646,279.98308185004646,276.81943120767306,279.1921691894531,42000,0.0,0.0
2010-01-25 00:00:00+09:00,276.81944664023325,277.61035934491963,272.86488311680137,276.0285339355469,53000,0.0,0.0
2010-01-26 00:00:00+09:00,278.4012914197198,283.1467679780105,272.864902101714,275.2376403808594,56000,0.0,0.0
2010-01-27 00:00:00+09:00,272.8648412367877,276.8194041532629,261.79206507065715,268.9102783203125,134000,0.0,0.0
2010-01-28 00:00:00+09:00,267.32849902198427,268.9103244599842,265.7466735839844,265.7466735839844,29000,0.0,0.0
2010-01-29 00:00:00+09:00,261.00116342397837,261.00116342397837,257.0466003417969,257.0466003417969,76000,0.0,0.0
2010-02-01 00:00:00+09:00,257.04664363982573,257.83755638948674,248.3466033935547,248.3466033935547,79000,0.0,0.0
2010-02-02 00:00:00+09:00,249.13747787475586,250.71930313110352,246.76473999023438,246.76473999023438,74000,0.0,0.0
2010-02-03 00:00:00+09:00,249.13747787475586,249.9283905029297,245.97382736206055,246.76473999023438,46000,0.0,0.0
2010-02-04 00:00:00+09:00,249.1374741774339,257.0466003417969,249.1374741774339,257.0466003417969,26000,0.0,0.0
2010-02-05 00:00:00+09:00,248.3465275794455,251.5101776123047,248.3465275794455,251.5101776123047,32000,0.0,0.0
2010-02-08 00:00:00+09:00,250.7192917587615,255.4647673125551,250.7192917587615,252.30111694335938,17000,0.0,0.0
2010-02-09 00:00:00+09:00,253.09205627441406,253.88296895027162,251.51023092269898,253.09205627441406,7000,0.0,0.0
2010-02-10 00:00:00+09:00,247.55564138956578,252.30111694335938,247.55564138956578,252.30111694335938,22000,0.0,0.0
2010-02-12 00:00:00+09:00,252.30114359855654,253.09205627441406,249.13749289512634,253.09205627441406,10000,0.0,0.0
2010-02-15 00:00:00+09:00,253.88294212795722,254.67385472025617,249.13746657416362,252.30111694335938,20000,0.0,0.0
2010-02-16 00:00:00+09:00,250.7193603515625,253.09209877760253,249.1375347342025,250.7193603515625,31000,0.0,0.0
2010-02-17 00:00:00+09:00,254.67385472025617,254.67385472025617,250.7192917587615,252.30111694335938,30000,0.0,0.0
2010-02-18 00:00:00+09:00,252.30111694335938,253.0920295356583,252.30111694335938,252.30111694335938,19000,0.0,0.0
2010-02-19 00:00:00+09:00,253.88301158628255,253.88301158628255,249.9284475428825,250.7193603515625,17000,0.0,0.0
2010-02-22 00:00:00+09:00,250.7193603515625,253.88301158628255,250.7193603515625,250.7193603515625,33000,0.0,0.0
2010-02-23 00:00:00+09:00,249.9283905029297,250.71930313110352,245.18291473388672,246.76473999023438,37000,0.0,0.0
2010-02-24 00:00:00+09:00,245.973835016066,245.973835016066,243.60109705771168,245.18292236328125,52000,0.0,0.0
2010-02-25 00:00:00+09:00,246.7647476688508,246.7647476688508,244.39200971049647,245.18292236328125,35000,0.0,0.0
2010-02-26 00:00:00+09:00,245.1829562933681,247.55569458007812,242.8102180066581,247.55569458007812,59000,0.0,0.0
2010-03-01 00:00:00+09:00,245.97384643554688,246.76475912505023,245.1829337460435,245.97384643554688,21000,0.0,0.0
2010-03-02 00:00:00+09:00,246.76473999023438,248.34656524658203,245.97382736206055,246.76473999023438,40000,0.0,0.0
2010-03-03 00:00:00+09:00,245.973835016066,247.55566032163557,244.39200971049647,245.18292236328125,48000,0.0,0.0
2010-03-04 00:00:00+09:00,244.3920059959487,244.3920059959487,239.64653015136716,239.6465301513672,136000,0.0,0.0
2010-03-05 00:00:00+09:00,239.64654154526562,242.81019225873447,239.64654154526562,240.4374542236328,81000,0.0,0.0
2010-03-08 00:00:00+09:00,241.22837829589844,243.6011164430712,237.27381471727713,241.22837829589844,317000,0.0,0.0
2010-03-09 00:00:00+09:00,241.22835909935733,245.18292236328125,240.43744644657258,245.18292236328125,114000,0.0,0.0
2010-03-10 00:00:00+09:00,244.39202915879545,244.39202915879545,241.22837829589844,241.22837829589844,70000,0.0,0.0
2010-03-11 00:00:00+09:00,241.2283661365509,255.4647943019867,241.2283661365509,253.09205627441406,245000,0.0,0.0
2010-03-12 00:00:00+09:00,257.0466296064539,269.70123291015625,253.09206607404693,269.70123291015625,276000,0.0,0.0
2010-03-15 00:00:00+09:00,282.35585757284775,283.93768310546875,270.4921660781903,283.93768310546875,178000,0.0,0.0
2010-03-16 00:00:00+09:00,280.77402969886515,286.3104190168709,272.864902101714,275.2376403808594,302000,0.0,0.0
2010-03-17 00:00:00+09:00,275.2376058864864,279.98308185004646,275.2376058864864,279.1921691894531,85000,0.0,0.0
2010-03-18 00:00:00+09:00,279.1921616260188,282.35581218268754,273.65577315184845,274.4466857910156,71000,0.0,0.0
2010-03-19 00:00:00+09:00,273.655776890346,277.61034014020646,273.655776890346,276.8194274902344,48000,0.0,0.0
2010-03-23 00:00:00+09:00,276.81938951665705,279.9830396825617,276.02847697518087,278.4012145996094,66000,0.0,0.0
2010-03-24 00:00:00+09:00,278.4012145996094,280.7739522240378,274.44665189222854,278.4012145996094,152000,0.0,0.0
2010-03-25 00:00:00+09:00,279.983100382487,289.47405293782555,279.983100382487,284.72857666015625,142000,0.0,0.0
2010-03-26 00:00:00+09:00,286.31037520311423,289.4740257578448,285.5194625644316,287.1012878417969,154000,0.0,0.0
2010-03-29 00:00:00+09:00,287.1013387044271,288.71881103515625,284.67513020833337,288.71881103515625,65000,8.0,0.0
2010-03-30 00:00:00+09:00,289.5274959080656,289.5274959080656,284.67507977552816,287.1012878417969,39000,0.0,0.0
2010-03-31 00:00:00+09:00,286.2925399116848,286.2925399116848,277.39644403872285,279.013916015625,102000,0.0,0.0
2010-04-01 00:00:00+09:00,279.8226729910714,283.0576171875,279.0139369419643,283.0576171875,65000,0.0,0.0
2010-04-02 00:00:00+09:00,285.48382568359375,286.29256173368896,283.86635358340345,285.48382568359375,36000,0.0,0.0
2010-04-05 00:00:00+09:00,286.2926025390625,291.9537556966146,286.2926025390625,291.14501953125,66000,0.0,0.0
2010-04-06 00:00:00+09:00,294.37995387850367,294.37995387850367,287.9100647822728,290.3362731933594,89000,0.0,0.0
2010-04-07 00:00:00+09:00,292.7624918619792,296.8061726888021,292.7624918619792,295.9974365234375,102000,0.0,0.0
2010-04-08 00:00:00+09:00,294.37996419270837,301.6585896809896,294.37996419270837,295.9974365234375,126000,0.0,0.0
2010-04-09 00:00:00+09:00,295.99740625396976,300.0410866672754,295.99740625396976,298.4236145019531,63000,0.0,0.0
2010-04-12 00:00:00+09:00,298.4236349018436,302.4673155915705,297.6148987638983,300.0411071777344,109000,0.0,0.0
2010-04-13 00:00:00+09:00,303.27602020681724,303.27602020681724,294.3799236140839,295.18865966796875,95000,0.0,0.0
2010-04-14 00:00:00+09:00,295.18870035807294,296.8061726888021,285.48386637369794,291.14501953125,68000,0.0,0.0
2010-04-15 00:00:00+09:00,297.61487841929204,301.65855883259763,295.1886701713087,298.4236145019531,59000,0.0,0.0
2010-04-16 00:00:00+09:00,300.849853515625,300.849853515625,295.18870035807294,295.9974365234375,38000,0.0,0.0
2010-04-19 00:00:00+09:00,291.14500933038823,291.14500933038823,287.10132864524394,290.3362731933594,40000,0.0,0.0
2010-04-20 00:00:00+09:00,291.144979065953,294.37992327779693,291.144979065953,292.762451171875,42000,0.0,0.0
2010-04-21 00:00:00+09:00,295.18869026847506,299.2323709570843,295.18869026847506,297.6148986816406,49000,0.0,0.0
2010-04-22 00:00:00+09:00,297.6148678296233,297.6148678296233,293.57118756019906,295.18865966796875,26000,0.0,0.0
2010-04-23 00:00:00+09:00,297.61486748964086,297.61486748964086,291.144979065953,292.762451171875,49000,0.0,0.0
2010-04-26 00:00:00+09:00,295.99741733197084,323.4944451715528,295.99741733197084,313.78961181640625,379000,0.0,0.0
2010-04-27 00:00:00+09:00,317.02452660087374,329.96430319682776,312.9808464146381,321.0682067871094,309000,0.0,0.0
2010-04-28 00:00:00+09:00,314.5983491175383,333.19927978515625,314.5983491175383,333.19927978515625,207000,0.0,0.0
2010-04-30 00:00:00+09:00,334.00800712020305,353.4176733935321,333.19927102548104,349.3739929199219,386000,0.0,0.0
2010-05-06 00:00:00+09:00,341.2866719083966,352.60897855938606,337.2429909616146,342.9041442871094,203000,0.0,0.0
2010-05-07 00:00:00+09:00,319.4507750686334,323.49445576570474,303.27605228034815,317.0245666503906,344000,0.0,0.0
2010-05-10 00:00:00+09:00,317.02453451384287,317.8332705712761,303.2760215374772,304.89349365234375,204000,0.0,0.0
2010-05-11 00:00:00+09:00,310.55467661908074,310.55467661908074,286.2925925082151,290.3362731933594,303000,0.0,0.0
2010-05-12 00:00:00+09:00,287.1013387044271,293.57122802734375,270.92661539713544,274.16156005859375,336000,0.0,0.0
2010-05-13 00:00:00+09:00,279.013916015625,284.6750679347826,276.5877080502717,279.013916015625,228000,0.0,0.0
2010-05-14 00:00:00+09:00,279.01392719962377,288.71875945004547,276.5877191370184,284.6750793457031,149000,0.0,0.0
2010-05-17 00:00:00+09:00,284.67508783284023,285.48382387781993,268.50036693324705,273.352783203125,119000,0.0,0.0
2010-05-18 00:00:00+09:00,273.3528132482948,274.1615493821655,257.9868267047516,261.2217712402344,197000,0.0,0.0
2010-05-19 00:00:00+09:00,251.51694742838544,274.16156005859375,251.51694742838544,274.16156005859375,114000,0.0,0.0
2010-05-20 00:00:00+09:00,264.4566863558186,272.5440467948344,264.4566863558186,270.92657470703125,68000,0.0,0.0
2010-05-21 00:00:00+09:00,251.51696738835764,258.79559345425866,249.09075869972398,256.369384765625,184000,0.0,0.0
2010-05-24 00:00:00+09:00,253.94310538376433,260.4129934190195,253.94310538376433,255.56057739257812,88000,0.0,0.0
2010-05-25 00:00:00+09:00,254.7518559117471,257.98680011380105,250.7081756591797,250.7081756591797,62000,0.0,0.0
2010-05-26 00:00:00+09:00,253.9431453477468,254.7518814794275,244.23831176757812,244.23831176757812,222000,0.0,0.0
2010-05-27 00:00:00+09:00,245.04697087125956,259.6042166655918,245.04697087125956,257.1780090332031,137000,0.0,0.0
2010-05-28 00:00:00+09:00,261.2217031811911,263.64791095067585,253.94307987273686,254.75181579589844,151000,0.0,0.0
2010-05-31 00:00:00+09:00,250.70813618009055,255.56055171906004,250.70813618009055,254.75181579589844,31000,0.0,0.0
2010-06-01 00:00:00+09:00,254.75188188492115,256.36935415085713,252.32567348601714,253.94314575195312,38000,0.0,0.0
2010-06-02 00:00:00+09:00,250.70818004041615,253.13438823435567,244.23829152324413,245.04702758789062,193000,0.0,0.0
2010-06-03 00:00:00+09:00,249.89943926186825,250.70817531125942,246.66449506430362,248.28196716308594,116000,0.0,0.0
2010-06-04 00:00:00+09:00,251.5169525146484,256.3693696049632,250.70821633292928,251.51695251464844,93000,0.0,0.0
2010-06-07 00:00:00+09:00,246.66452016262028,246.66452016262028,243.42957563589738,244.23831176757812,93000,0.0,0.0
2010-06-08 00:00:00+09:00,242.62082933191448,245.0470376252336,242.62082933191448,243.4295654296875,100000,0.0,0.0
2010-06-09 00:00:00+09:00,241.0033614900377,241.81209760242038,230.4897920290629,232.91600036621094,316000,0.0,0.0
2010-06-10 00:00:00+09:00,229.68106068241215,229.68106068241215,223.21117164910476,227.25485229492188,240000,0.0,0.0
2010-06-11 00:00:00+09:00,230.48977595503612,230.48977595503612,223.21115145119288,225.63735961914062,468000,0.0,0.0
2010-06-14 00:00:00+09:00,227.25482344383266,236.95965576171875,226.44608741734214,236.95965576171875,307000,0.0,0.0
2010-06-15 00:00:00+09:00,238.57715922556108,253.94314575195312,236.95968695962506,253.94314575195312,267000,0.0,0.0
2010-06-16 00:00:00+09:00,258.7954954117064,262.0304391043527,254.75181579589844,254.75181579589844,110000,0.0,0.0
2010-06-17 00:00:00+09:00,254.7518393867894,254.7518393867894,245.04700741014983,245.85574340820312,45000,0.0,0.0
2010-06-18 00:00:00+09:00,247.47321943803266,248.28195544926805,239.38585932567864,240.19459533691406,108000,0.0,0.0
2010-06-21 00:00:00+09:00,240.19459142183004,248.28195140236303,240.19459142183004,245.85574340820312,100000,0.0,0.0
2010-06-22 00:00:00+09:00,250.70816136613675,256.369313396985,250.70816136613675,255.56057739257812,129000,0.0,0.0
2010-06-23 00:00:00+09:00,253.13443984744677,257.17812099516954,247.47328624063485,256.369384765625,82000,0.0,0.0
2010-06-24 00:00:00+09:00,258.79552141020565,261.2217294234264,255.5605773925781,255.56057739257812,61000,0.0,0.0
2010-06-25 00:00:00+09:00,257.9867849136694,257.9867849136694,251.51689689075604,253.13436889648438,80000,0.0,0.0
2010-06-28 00:00:00+09:00,253.13438381072012,253.13438381072012,249.8994396086662,250.7081756591797,61000,0.0,0.0
2010-06-29 00:00:00+09:00,253.94310940739405,254.75184542461506,248.28195728684705,249.89942932128906,67000,0.0,0.0
2010-06-30 00:00:00+09:00,242.6208193939511,247.47323578183014,241.8120833293046,245.04702758789062,40000,0.0,0.0
2010-07-01 00:00:00+09:00,245.85574741556186,245.85574741556186,240.19459533691406,240.19459533691406,25000,0.0,0.0
2010-07-02 00:00:00+09:00,240.19461028429927,240.19461028429927,237.7684020996094,237.76840209960938,27000,0.0,0.0
2010-07-05 00:00:00+09:00,234.53343943545693,245.85574340820312,234.53343943545693,245.85574340820312,30000,0.0,0.0
2010-07-06 00:00:00+09:00,245.8557336345997,248.28194153230956,242.62078977098653,247.47320556640625,13000,0.0,0.0
2010-07-07 00:00:00+09:00,245.04705810546875,245.04705810546875,242.620849609375,242.620849609375,7000,0.0,0.0
2010-07-08 00:00:00+09:00,245.0470376252336,247.47324591855275,243.42956542968753,243.4295654296875,57000,0.0,0.0
2010-07-09 00:00:00+09:00,245.0470376252336,245.0470376252336,243.42956542968753,243.4295654296875,16000,0.0,0.0
2010-07-12 00:00:00+09:00,242.62082933191448,245.0470376252336,242.62082933191448,243.4295654296875,18000,0.0,0.0
2010-07-13 00:00:00+09:00,243.42956017331534,245.8557684142454,241.0033519323853,241.8120880126953,49000,0.0,0.0
2010-07-14 00:00:00+09:00,245.85574340820312,245.85574340820312,242.62079941598992,245.85574340820312,35000,0.0,0.0
2010-07-15 00:00:00+09:00,245.85579427083334,245.85579427083334,242.620849609375,242.620849609375,22000,0.0,0.0
2010-07-16 00:00:00+09:00,241.0033516754975,242.62082383439346,238.57714343715358,239.38587951660156,24000,0.0,0.0
2010-07-21 00:00:00+09:00,232.91599010507403,234.5334622585815,231.29851795156657,232.1072540283203,22000,0.0,0.0
2010-07-22 00:00:00+09:00,232.10727945963544,232.10727945963544,230.48980712890625,230.48980712890625,23000,0.0,0.0
2010-07-23 00:00:00+09:00,233.724684975364,235.34215684370562,229.68100530450994,231.29847717285156,30000,0.0,0.0
2010-07-26 00:00:00+09:00,234.5334725909763,238.57715315288968,232.91600036621094,232.91600036621094,37000,0.0,0.0
2010-07-27 00:00:00+09:00,234.5334725909763,236.15094481574164,232.91600036621094,232.91600036621094,27000,0.0,0.0
2010-07-28 00:00:00+09:00,235.34217445322332,242.62079840538487,235.34217445322332,241.00332641601562,111000,0.0,0.0
2010-07-29 00:00:00+09:00,238.57712781469976,239.3858638411903,235.34218370873774,236.95965576171875,75000,0.0,0.0
2010-07-30 00:00:00+09:00,236.95967127825762,239.38587951660156,235.34219911936165,239.38587951660156,32000,0.0,0.0
2010-08-02 00:00:00+09:00,241.00334634586258,241.00334634586258,237.7684020996094,237.76840209960938,17000,0.0,0.0
2010-08-03 00:00:00+09:00,239.38587951660156,241.0033516754975,239.38587951660156,239.38587951660156,29000,0.0,0.0
2010-08-04 00:00:00+09:00,238.57713243953086,238.57713243953086,233.72471618652344,233.72471618652344,30000,0.0,0.0
2010-08-05 00:00:00+09:00,232.9159490411932,235.34215684370562,231.29847717285156,231.29847717285156,41000,0.0,0.0
2010-08-06 00:00:00+09:00,231.2985281414456,232.91600036621094,231.2985281414456,232.91600036621094,33000,0.0,0.0
2010-08-09 00:00:00+09:00,232.10726917965312,232.10726917965312,227.25485240237813,229.68106079101562,27000,0.0,0.0
2010-08-10 00:00:00+09:00,228.0635528564453,228.87228885948235,227.25481685340827,228.0635528564453,30000,0.0,0.0
2010-08-11 00:00:00+09:00,227.2548158617987,227.2548158617987,223.21113586425778,223.2111358642578,46000,0.0,0.0
2010-08-12 00:00:00+09:00,218.35873446621738,220.78494262695312,211.88884603758873,220.78494262695312,78000,0.0,0.0
2010-08-13 00:00:00+09:00,218.35874460039346,222.40242505595631,216.74127241816834,221.59368896484375,45000,0.0,0.0
2010-08-16 00:00:00+09:00,221.59368340587972,221.59368340587972,215.12379483928467,217.5500030517578,59000,0.0,0.0
2010-08-17 00:00:00+09:00,215.12378464883832,216.7412567138672,215.12378464883832,216.7412567138672,9000,0.0,0.0
2010-08-18 00:00:00+09:00,215.12378923820728,215.12378923820728,212.6975810889042,213.50631713867188,78000,0.0,0.0
2010-08-19 00:00:00+09:00,212.6975810889042,215.12378923820728,211.8888450391365,213.50631713867188,54000,0.0,0.0
2010-08-20 00:00:00+09:00,211.88883432241587,214.31504234900842,209.46262629582333,210.2713623046875,95000,0.0,0.0
2010-08-23 00:00:00+09:00,209.46263583314183,209.46263583314183,205.4189556047028,206.22769165039062,34000,0.0,0.0
2010-08-24 00:00:00+09:00,202.18402099609375,203.8014931640625,201.37528491210938,202.18402099609375,56000,0.0,0.0
2010-08-25 00:00:00+09:00,199.7578078190169,206.22769633137372,198.9490717549723,202.9927520751953,114000,0.0,0.0
2010-08-26 00:00:00+09:00,203.80148351332718,208.65389978745404,203.80148351332718,206.22769165039062,57000,0.0,0.0
2010-08-27 00:00:00+09:00,207.84518939256668,210.2713978290558,207.0364532470703,207.0364532470703,41000,0.0,0.0
2010-08-30 00:00:00+09:00,209.4626368898334,215.12378923820728,209.4626368898334,213.50631713867188,61000,0.0,0.0
2010-08-31 00:00:00+09:00,211.0800983135517,213.50630634014425,210.2713623046875,210.2713623046875,126000,0.0,0.0
2010-09-01 00:00:00+09:00,212.6975820911673,223.2111507876889,212.6975820911673,220.78494262695312,74000,0.0,0.0
2010-09-02 00:00:00+09:00,226.44608085037123,230.48976086555643,223.21113683822307,228.0635528564453,66000,0.0,0.0
2010-09-03 00:00:00+09:00,228.0635479499089,228.87228393554688,226.44607597863293,228.87228393554688,30000,0.0,0.0
2010-09-06 00:00:00+09:00,228.87232466146978,230.48979692056145,228.06358853192395,229.68106079101562,32000,0.0,0.0
2010-09-07 00:00:00+09:00,229.68106079101562,229.68106079101562,228.87232466146978,229.68106079101562,12000,0.0,0.0
2010-09-08 00:00:00+09:00,226.44611616575847,227.25485229492188,224.0199077782682,227.25485229492188,27000,0.0,0.0
2010-09-09 00:00:00+09:00,227.25485229492188,228.87232455324875,227.25485229492188,227.25485229492188,45000,0.0,0.0
2010-09-10 00:00:00+09:00,228.06358853192395,233.72474143874476,228.06358853192395,229.68106079101562,26000,0.0,0.0
2010-09-13 00:00:00+09:00,232.10726917965312,232.91600530919894,229.68106079101562,229.68106079101562,25000,0.0,0.0
2010-09-14 00:00:00+09:00,229.68100530450994,232.10721310702237,229.68100530450994,231.29847717285156,42000,0.0,0.0
2010-09-16 00:00:00+09:00,232.91599010507403,232.91599010507403,231.29851795156657,232.1072540283203,25000,0.0,0.0
2010-09-17 00:00:00+09:00,232.10725429140288,234.53346252441406,231.2985182137325,234.53346252441406,49000,0.0,0.0
2010-09-21 00:00:00+09:00,234.53348795572919,234.53348795572919,230.48980712890625,230.48980712890625,55000,0.0,0.0
2010-09-22 00:00:00+09:00,230.48976086555643,230.48976086555643,228.0635528564453,228.0635528564453,63000,0.0,0.0
2010-09-24 00:00:00+09:00,224.82860786327416,224.82860786327416,220.78492786573327,223.2111358642578,36000,0.0,0.0
2010-09-27 00:00:00+09:00,219.16747519340657,224.01989161835283,214.3150587684603,217.5500030517578,53000,0.0,0.0
2010-09-28 00:00:00+09:00,215.93254638232773,226.44611605637365,215.93254638232773,224.82864379882812,29000,0.0,0.0
2010-09-29 00:00:00+09:00,224.82864379882812,227.2548521851464,217.55001863987326,224.82864379882812,41000,0.0,0.0
2010-09-30 00:00:00+09:00,220.78494262695312,224.01988684126746,219.97620657337455,220.78494262695312,14000,0.0,0.0
2010-10-01 00:00:00+09:00,226.44611594460227,227.25485207297586,219.97622691761364,222.40243530273438,30000,0.0,0.0
2010-10-04 00:00:00+09:00,222.40236776846427,224.01983953405312,218.3586883544922,218.3586883544922,13000,0.0,0.0
2010-10-05 00:00:00+09:00,218.35874460039346,221.59368896484375,218.35874460039346,221.59368896484375,4000,0.0,0.0
2010-10-06 00:00:00+09:00,222.40242549351285,226.44610595703125,218.35874502999442,226.44610595703125,38000,0.0,0.0
2010-10-07 00:00:00+09:00,226.44606156782672,235.34215684370562,225.6373256336559,231.29847717285156,56000,0.0,0.0
2010-10-08 00:00:00+09:00,231.29852251325335,238.5771473475865,225.63736986432758,226.44610595703125,53000,0.0,0.0
2010-10-12 00:00:00+09:00,226.44604718243636,226.44604718243636,218.3586883544922,218.3586883544922,55000,0.0,0.0
2010-10-13 00:00:00+09:00,224.828633329294,226.44610551151914,220.78495287373116,221.59368896484375,60000,0.0,0.0
2010-10-14 00:00:00+09:00,223.2111715412826,225.63737992760088,221.59369928373707,224.82864379882812,32000,0.0,0.0
2010-10-15 00:00:00+09:00,231.29853271484376,231.29853271484376,219.97622691761364,222.40243530273438,84000,0.0,0.0
2010-10-18 00:00:00+09:00,223.21115554752845,223.21115554752845,217.5500030517578,217.5500030517578,51000,0.0,0.0
2010-10-19 00:00:00+09:00,217.55000828816884,219.16748046875003,215.12380001729707,219.16748046875,48000,0.0,0.0
2010-10-20 00:00:00+09:00,218.3586883544922,218.3586883544922,215.12374482331452,218.3586883544922,64000,0.0,0.0
2010-10-21 00:00:00+09:00,215.93253091010905,219.16747519340657,215.12379483928467,217.5500030517578,39000,0.0,0.0
2010-10-22 00:00:00+09:00,215.93252068135277,218.35872877889605,215.93252068135277,216.7412567138672,23000,0.0,0.0
2010-10-25 00:00:00+09:00,219.16747490445476,219.16747490445476,212.69758634638967,215.12379455566406,70000,0.0,0.0
2010-10-26 00:00:00+09:00,211.88885498046875,214.3150632436039,211.08011889275704,211.88885498046875,41000,0.0,0.0
2010-10-27 00:00:00+09:00,210.27136276883317,214.31504282208,210.27136276883317,212.69757080078125,38000,0.0,0.0
2010-10-28 00:00:00+09:00,212.69757033128005,212.69757033128005,210.2713623046875,210.2713623046875,79000,0.0,0.0
2010-10-29 00:00:00+09:00,212.6975955660381,212.6975955660381,202.18402620345827,203.80149841308594,117000,0.0,0.0
2010-11-01 00:00:00+09:00,203.8014931640625,204.6102292480469,200.566548828125,202.18402099609375,52000,0.0,0.0
2010-11-02 00:00:00+09:00,197.33160902737592,200.56655343766076,195.71413682223348,196.5228729248047,105000,0.0,0.0
2010-11-04 00:00:00+09:00,196.52288335561752,207.0364532470703,195.71414721012115,207.0364532470703,74000,0.0,0.0
2010-11-05 00:00:00+09:00,208.65389074753446,213.50630681143062,207.84515473688512,212.69757080078125,66000,0.0,0.0
2010-11-08 00:00:00+09:00,212.6975810889042,216.74126133774266,212.6975810889042,213.50631713867188,32000,0.0,0.0
2010-11-09 00:00:00+09:00,213.50632715589217,213.50632715589217,211.08011889275704,211.88885498046875,18000,0.0,0.0
2010-11-10 00:00:00+09:00,209.4626573521456,228.06358831391918,209.4626573521456,224.82864379882812,168000,0.0,0.0
2010-11-11 00:00:00+09:00,226.44612116073444,229.6810657487449,220.78496813171608,224.01991271972656,82000,0.0,0.0
2010-11-12 00:00:00+09:00,220.78494262695312,223.2111507876889,218.35873446621738,220.78494262695312,36000,0.0,0.0
2010-11-15 00:00:00+09:00,219.9762172154018,226.44610595703125,217.55000893729076,226.44610595703125,17000,0.0,0.0
2010-11-16 00:00:00+09:00,228.06358853192395,231.29853305010727,224.82864401374064,229.68106079101562,70000,0.0,0.0
2010-11-17 00:00:00+09:00,227.2548475795322,232.91600036621094,225.63737535476685,232.91600036621094,97000,0.0,0.0
2010-11-18 00:00:00+09:00,234.53343744147315,236.15090942382812,224.01986955616573,236.15090942382812,102000,0.0,0.0
2010-11-19 00:00:00+09:00,236.15092431302713,236.95966035519504,226.44609180701232,233.72471618652344,99000,0.0,0.0
2010-11-22 00:00:00+09:00,234.53348295567397,238.57716369628906,228.0635937706899,238.57716369628906,147000,0.0,0.0
2010-11-24 00:00:00+09:00,235.34219911936165,239.38587951660156,228.06357440432984,239.38587951660156,106000,0.0,0.0
2010-11-25 00:00:00+09:00,245.8557684142454,245.8557684142454,239.38587977176525,241.8120880126953,94000,0.0,0.0
2010-11-26 00:00:00+09:00,239.38585338853812,241.81206136207058,236.15090942382812,236.15090942382812,67000,0.0,0.0
2010-11-29 00:00:00+09:00,236.15091528073705,241.00333134814946,234.53344325826623,240.19459533691406,32000,0.0,0.0
2010-11-30 00:00:00+09:00,239.38585338853812,239.38585338853812,236.15090942382812,236.15090942382812,36000,0.0,0.0
2010-12-01 00:00:00+09:00,235.34217834472656,239.38585838501396,234.53344233666908,235.34217834472656,29000,0.0,0.0
2010-12-02 00:00:00+09:00,237.76839178820927,240.19459986768078,236.15091973522826,236.95965576171875,27000,0.0,0.0
2010-12-03 00:00:00+09:00,236.95967075742524,236.95967075742524,232.91599036907328,234.53346252441406,27000,0.0,0.0
2010-12-06 00:00:00+09:00,233.72472179179292,237.7684020996094,233.72472179179292,237.76840209960938,41000,0.0,0.0
2010-12-07 00:00:00+09:00,236.95966035519504,236.95966035519504,232.91598014435553,233.72471618652344,57000,0.0,0.0
2010-12-08 00:00:00+09:00,232.9159490411932,234.5334209095348,231.29847717285156,231.29847717285156,86000,0.0,0.0
2010-12-09 00:00:00+09:00,232.10725429140288,235.34219860208447,232.10725429140288,234.53346252441406,128000,0.0,0.0
2010-12-10 00:00:00+09:00,236.95966035519504,236.95966035519504,232.10724410218765,233.72471618652344,94000,0.0,0.0
2010-12-13 00:00:00+09:00,233.7247364785936,234.5334725909763,230.4897920290629,232.91600036621094,83000,0.0,0.0
2010-12-14 00:00:00+09:00,232.91597032055412,235.34217834472656,232.91597032055412,235.34217834472656,77000,0.0,0.0
2010-12-15 00:00:00+09:00,236.95967664750313,243.42956542968753,236.95967664750313,243.4295654296875,251000,0.0,0.0
2010-12-16 00:00:00+09:00,245.85579924261452,255.56063342324404,245.85579924261452,251.51695251464844,304000,0.0,0.0
2010-12-17 00:00:00+09:00,253.9431610598058,258.79557815012055,251.5169525146484,251.51695251464844,158000,0.0,0.0
2010-12-20 00:00:00+09:00,253.9431610598058,253.9431610598058,248.2820077877719,251.51695251464844,109000,0.0,0.0
2010-12-21 00:00:00+09:00,252.32564776020666,252.32564776020666,248.28196750763922,250.7081756591797,21000,0.0,0.0
2010-12-22 00:00:00+09:00,250.7082010244394,253.13440942145013,249.09072875976562,249.09072875976562,42000,0.0,0.0
2010-12-24 00:00:00+09:00,249.09071273548548,249.09071273548548,241.8120880126953,241.8120880126953,83000,0.0,0.0
2010-12-27 00:00:00+09:00,241.00337727864584,245.85579427083334,240.19464111328125,242.620849609375,47000,0.0,0.0
2010-12-28 00:00:00+09:00,244.23830152746055,244.23830152746055,241.00335713636838,243.4295654296875,38000,0.0,0.0
2010-12-29 00:00:00+09:00,243.4295857747396,243.4295857747396,241.00337727864584,242.620849609375,56000,0.0,0.0
2010-12-30 00:00:00+09:00,242.620849609375,243.4295857747396,239.38590494791669,242.620849609375,69000,0.0,0.0
2011-01-04 00:00:00+09:00,247.47322170551007,253.13437383602826,245.0470136495737,252.3256378173828,88000,0.0,0.0
2011-01-05 00:00:00+09:00,253.13443984744677,256.369384765625,252.3257036179022,256.369384765625,68000,0.0,0.0
2011-01-06 00:00:00+09:00,260.4129953151796,269.3090914284311,260.4129953151796,265.2654113769531,195000,0.0,0.0
2011-01-07 00:00:00+09:00,266.8828421776448,266.8828421776448,262.8391627507108,264.4566345214844,86000,0.0,0.0
2011-01-11 00:00:00+09:00,263.647929613518,267.6916095155658,263.647929613518,266.88287353515625,79000,0.0,0.0
2011-01-12 00:00:00+09:00,268.5003139484184,271.7352574899656,264.4566345214844,264.4566345214844,151000,0.0,0.0
2011-01-13 00:00:00+09:00,267.6915780630316,267.6915780630316,260.4129550945504,264.4566345214844,92000,0.0,0.0
2011-01-14 00:00:00+09:00,267.6916198730469,269.30909189644893,260.4129957677374,267.6916198730469,67000,0.0,0.0
2011-01-17 00:00:00+09:00,267.69161217730976,281.4401239809783,267.69161217730976,279.013916015625,214000,0.0,0.0
2011-01-18 00:00:00+09:00,279.8227028944625,280.63143902999565,272.5440776746643,275.7790222167969,69000,0.0,0.0
2011-01-19 00:00:00+09:00,276.58770751953125,277.3964435064305,273.3527635719344,276.58770751953125,35000,0.0,0.0
2011-01-20 00:00:00+09:00,276.58771739286533,276.58771739286533,274.1615093455595,274.9702453613281,55000,0.0,0.0
2011-01-21 00:00:00+09:00,274.97027551342626,274.97027551342626,265.26544226001124,270.11785888671875,150000,0.0,0.0
2011-01-24 00:00:00+09:00,266.8828838613458,269.30909189644893,266.07414784964476,267.6916198730469,30000,0.0,0.0
2011-01-25 00:00:00+09:00,266.88288768576507,291.9537044077612,266.0741516624749,289.5274963378906,361000,0.0,0.0
2011-01-26 00:00:00+09:00,288.718759885976,288.718759885976,284.67507977552816,287.1012878417969,94000,0.0,0.0
2011-01-27 00:00:00+09:00,286.2926025390625,291.14501953125,286.2926025390625,288.71881103515625,77000,0.0,0.0
2011-01-28 00:00:00+09:00,287.1013387044271,289.52754720052087,284.67513020833337,288.71881103515625,43000,0.0,0.0
2011-01-31 00:00:00+09:00,287.1013387044271,289.52754720052087,281.440185546875,288.71881103515625,58000,0.0,0.0
2011-02-01 00:00:00+09:00,287.9100748697917,296.8061726888021,287.1013387044271,295.9974365234375,153000,0.0,0.0
2011-02-02 00:00:00+09:00,296.8061226443375,307.31969102138487,296.8061226443375,301.6585388183594,151000,0.0,0.0
2011-02-03 00:00:00+09:00,302.4672854800439,307.3197018246436,301.6585494226107,304.89349365234375,62000,0.0,0.0
2011-02-04 00:00:00+09:00,308.937133144892,308.937133144892,297.6148298359169,306.51092529296875,137000,0.0,0.0
2011-02-07 00:00:00+09:00,307.3197124010622,311.3633928273919,305.70224023053026,308.1284484863281,110000,0.0,0.0
2011-02-08 00:00:00+09:00,310.5546673646907,314.5983479293351,309.7459312517618,313.78961181640625,84000,0.0,0.0
2011-02-09 00:00:00+09:00,307.319713553997,331.58179620299677,307.319713553997,320.2594909667969,265000,0.0,0.0
2011-02-10 00:00:00+09:00,320.2594715052148,326.7293598184514,320.2594715052148,325.9206237792969,80000,0.0,0.0
2011-02-14 00:00:00+09:00,338.860434131408,359.8875732421875,338.860434131408,359.8875732421875,273000,0.0,0.0
2011-02-15 00:00:00+09:00,356.6526286267587,359.8875731040989,355.0351563880886,357.46136474609375,116000,0.0,0.0
2011-02-16 00:00:00+09:00,355.0351283689297,375.2535297566819,355.0351283689297,374.4447937011719,169000,0.0,0.0
2011-02-17 00:00:00+09:00,387.3845582411024,387.3845582411024,362.31374131944443,363.93121337890625,246000,0.0,0.0
2011-02-18 00:00:00+09:00,355.03514558297616,356.65261777242023,341.28663197270146,349.3739929199219,180000,0.0,0.0
2011-02-21 00:00:00+09:00,343.71287027994794,346.94781494140625,335.6255086263021,339.669189453125,145000,0.0,0.0
2011-02-22 00:00:00+09:00,340.47785355494574,346.9477415084839,331.58175761883075,336.4341735839844,90000,0.0,0.0
2011-02-23 00:00:00+09:00,331.58180840070855,354.22641970612284,331.58180840070855,347.75653076171875,191000,0.0,0.0
2011-02-24 00:00:00+09:00,339.6691364449248,339.6691364449248,325.9206237792969,325.9206237792969,158000,0.0,0.0
2011-02-25 00:00:00+09:00,322.6856903820503,331.581787109375,317.83327398532776,331.581787109375,195000,0.0,0.0
2011-02-28 00:00:00+09:00,338.05171712239587,351.80023193359375,338.05171712239587,351.80023193359375,167000,0.0,0.0
2011-03-01 00:00:00+09:00,357.4613651520926,367.9749347153894,355.8438929115854,364.739990234375,157000,0.0,0.0
2011-03-02 00:00:00+09:00,351.8001808360322,355.0351250276279,346.94776454863865,350.1827087402344,199000,0.0,0.0
2011-03-03 00:00:00+09:00,351.80023193359375,355.0351765950521,350.1827596028646,351.80023193359375,68000,0.0,0.0
2011-03-04 00:00:00+09:00,351.8002113519713,351.8002113519713,342.9041140534157,347.75653076171875,85000,0.0,0.0
2011-03-07 00:00:00+09:00,346.94774203425663,346.94774203425663,338.8603820800781,338.8603820800781,68000,0.0,0.0
2011-03-08 00:00:00+09:00,334.0080060707294,342.90410308471974,332.3905338863675,337.2429504394531,41000,0.0,0.0
2011-03-09 00:00:00+09:00,342.0953669925388,342.0953669925388,337.2429504394531,337.2429504394531,41000,0.0,0.0
2011-03-10 00:00:00+09:00,335.62543493256607,335.62543493256607,323.4943951157263,324.3031311035156,65000,0.0,0.0
2011-03-11 00:00:00+09:00,315.4070207500206,317.83322860194386,306.51092529296875,306.51092529296875,174000,0.0,0.0
2011-03-14 00:00:00+09:00,267.6916095155658,298.42357677112926,258.7955137310606,266.88287353515625,293000,0.0,0.0
2011-03-15 00:00:00+09:00,260.41301785982574,261.2217539401357,202.18402007750444,241.8120880126953,560000,0.0,0.0
2011-03-16 00:00:00+09:00,260.4130234829215,261.2217595806946,202.18402444326205,243.4295654296875,285000,0.0,0.0
2011-03-17 00:00:00+09:00,218.358746398723,248.2819820163258,218.358746398723,243.4295654296875,175000,0.0,0.0
2011-03-18 00:00:00+09:00,257.9868178298105,277.396484375,253.9431372995627,277.396484375,350000,0.0,0.0
2011-03-22 00:00:00+09:00,297.6148678296233,297.6148678296233,290.3362433446597,295.18865966796875,269000,0.0,0.0
2011-03-23 00:00:00+09:00,306.51096850102493,339.66914715153155,295.1886635959739,326.7293701171875,368000,0.0,0.0
2011-03-24 00:00:00+09:00,339.6691593653719,347.7565203026427,339.6691593653719,344.5215759277344,242000,0.0,0.0
2011-03-25 00:00:00+09:00,347.75647802967444,356.65257397927076,336.4341740938246,338.8603820800781,339000,0.0,0.0
2011-03-28 00:00:00+09:00,339.669189453125,345.3303426106771,337.24298095703125,339.669189453125,202000,0.0,0.0
2011-03-29 00:00:00+09:00,333.07364356631325,346.2646789550781,330.60032443091984,346.2646789550781,234000,8.0,0.0
2011-03-30 00:00:00+09:00,347.9135646590267,352.86020301910764,342.1424865722656,342.1424865722656,90000,0.0,0.0
2011-03-31 00:00:00+09:00,332.2491538045536,348.7379455566406,332.2491538045536,348.7379455566406,229000,0.0,0.0
2011-04-01 00:00:00+09:00,343.7913450583433,389.13552726028314,343.7913450583433,385.8377685546875,636000,0.0,0.0
2011-04-04 00:00:00+09:00,414.69314751016753,418.8153457955568,389.95995779783146,400.67767333984375,536000,0.0,0.0
2011-04-05 00:00:00+09:00,403.1510170867003,403.1510170867003,379.2422655621312,384.18890380859375,353000,0.0,0.0
2011-04-06 00:00:00+09:00,388.3110888852911,394.90660631858697,375.94449369786145,389.1355285644531,244000,0.0,0.0
2011-04-07 00:00:00+09:00,399.0288338496767,430.3575439453125,395.7310748922414,430.3575439453125,569000,0.0,0.0
2011-04-08 00:00:00+09:00,424.5863952636719,429.5330328783943,421.288636853857,424.5863952636719,365000,0.0,0.0
2011-04-11 00:00:00+09:00,424.5864290640174,424.5864290640174,403.9754373618806,413.86871337890625,256000,0.0,0.0
2011-04-12 00:00:00+09:00,416.34204711914066,441.0752380371094,411.3954089355469,412.2198486328125,479000,0.0,0.0
2011-04-13 00:00:00+09:00,408.0976321092292,443.54853752477845,406.44875278757576,441.899658203125,320000,0.0,0.0
2011-04-14 00:00:00+09:00,441.0752258300781,449.3196225745655,432.0063894111419,441.0752258300781,320000,0.0,0.0
2011-04-15 00:00:00+09:00,478.1750369451742,491.36607244711,465.8084411621093,465.8084411621094,967000,0.0,0.0
2011-04-18 00:00:00+09:00,466.63290005770597,471.57953857421876,450.96854475541545,453.4418640136719,417000,0.0,0.0
2011-04-19 00:00:00+09:00,446.0218774127616,465.8084302000191,446.0218774127616,456.7395935058594,226000,0.0,0.0
2011-04-20 00:00:00+09:00,460.8617994091179,469.1061965362935,454.2662817073774,455.9151611328125,180000,0.0,0.0
2011-04-21 00:00:00+09:00,464.15952904544656,464.15952904544656,432.830821934031,441.899658203125,271000,0.0,0.0
2011-04-22 00:00:00+09:00,438.60193496501427,440.25081441976994,430.3575376912358,434.479736328125,172000,0.0,0.0
2011-04-25 00:00:00+09:00,441.0752380371094,442.72411743164065,428.708642578125,432.8308410644531,164000,0.0,0.0
2011-04-26 00:00:00+09:00,424.5864440917969,432.8308410644531,402.32657226562503,432.8308410644531,639000,0.0,0.0
2011-04-27 00:00:00+09:00,430.35750947840074,430.35750947840074,414.6931556851256,420.4642333984375,239000,0.0,0.0
2011-04-28 00:00:00+09:00,420.4642145924023,449.31960186835147,417.1664560465795,446.8462829589844,390000,0.0,0.0
2011-05-02 00:00:00+09:00,449.31959580105973,454.266233552998,433.6552429199219,433.6552429199219,251000,0.0,0.0
2011-05-06 00:00:00+09:00,432.8308062606983,447.67071961820795,428.7086081058345,440.2507629394531,158000,0.0,0.0
2011-05-09 00:00:00+09:00,450.1440747070313,475.70170532226564,450.1440747070313,474.0528259277344,528000,0.0,0.0
2011-05-10 00:00:00+09:00,474.8771913109756,510.3280927456491,467.4572351967416,507.03033447265625,791000,0.0,0.0
2011-05-11 00:00:00+09:00,504.5571033990205,507.03042253332944,483.1216709016765,497.13714599609375,445000,0.0,0.0
2011-05-12 00:00:00+09:00,493.0149389648438,493.0149389648438,474.0528259277344,474.0528259277344,179000,0.0,0.0
2011-05-13 00:00:00+09:00,474.87727528994844,486.41943128657914,473.2283958618583,479.82391357421875,199000,0.0,0.0
2011-05-16 00:00:00+09:00,478.1749282648534,484.77044451678245,465.8083352924865,467.45721435546875,131000,0.0,0.0
2011-05-17 00:00:00+09:00,477.3505760673043,478.17501574963126,470.75505860868867,471.5794982910156,106000,0.0,0.0
2011-05-18 00:00:00+09:00,472.40390168029677,478.9994186322032,469.93058282333186,475.70166015625,58000,0.0,0.0
2011-05-19 00:00:00+09:00,482.29714766792625,501.2592577471781,482.29714766792625,493.0148620605469,268000,0.0,0.0
2011-05-20 00:00:00+09:00,502.9081368845043,507.03033472781993,490.5415433545575,493.0148620605469,151000,0.0,0.0
2011-05-23 00:00:00+09:00,493.8393242647904,493.8393242647904,476.5260925292969,476.5260925292969,98000,0.0,0.0
2011-05-24 00:00:00+09:00,471.5794620613085,477.3505393942266,462.51062625243713,475.70166015625,70000,0.0,0.0
2011-05-25 00:00:00+09:00,471.57949165675956,475.70169001040256,455.0906982421875,455.0906982421875,196000,0.0,0.0
2011-05-26 00:00:00+09:00,461.6862436840949,470.7550806136039,458.38848480063706,469.106201171875,50000,0.0,0.0
2011-05-27 00:00:00+09:00,470.7550043119054,484.7704772949219,469.9305647246691,484.7704772949219,109000,0.0,0.0
2011-05-30 00:00:00+09:00,493.0149217599169,497.1371201023911,486.4194044119581,489.7171630859375,192000,0.0,0.0
2011-05-31 00:00:00+09:00,489.7172157558693,489.7172157558693,483.946137455716,487.243896484375,55000,0.0,0.0
2011-06-01 00:00:00+09:00,488.0682837489478,489.7171630859375,482.29720606948393,489.7171630859375,57000,0.0,0.0
2011-06-02 00:00:00+09:00,482.29723271635385,484.770551858489,469.93063700567814,479.82391357421875,89000,0.0,0.0
2011-06-03 00:00:00+09:00,479.8238509551052,479.8238509551052,473.2283341034886,476.5260925292969,21000,0.0,0.0
2011-06-06 00:00:00+09:00,469.93061719019767,469.93061719019767,447.6707458496094,447.6707458496094,197000,0.0,0.0
2011-06-07 00:00:00+09:00,445.19738369300717,452.6173400878906,441.0751856958497,452.6173400878906,114000,0.0,0.0
2011-06-08 00:00:00+09:00,450.96847814209895,450.96847814209895,432.0063666297255,440.2507629394531,183000,0.0,0.0
2011-06-09 00:00:00+09:00,434.4796840451798,440.25076144236436,434.4796840451798,436.9530029296875,62000,0.0,0.0
2011-06-10 00:00:00+09:00,446.84631591796875,447.6707556152344,432.8308410644531,432.8308410644531,159000,0.0,0.0
2011-06-13 00:00:00+09:00,425.4108483510095,455.09067498014974,424.5864087224223,454.2662353515625,155000,0.0,0.0
2011-06-14 00:00:00+09:00,450.96842372564623,470.7549724814333,446.8462260681906,467.45721435546875,115000,0.0,0.0
2011-06-15 00:00:00+09:00,464.1594977387406,466.63281655439994,459.2128601074218,459.2128601074219,74000,0.0,0.0
2011-06-16 00:00:00+09:00,452.6173973762268,464.15955322917245,447.67075915353576,463.3351135253906,68000,0.0,0.0
2011-06-17 00:00:00+09:00,467.4573083496094,486.4194213867188,465.80842895507817,474.0528259277344,224000,0.0,0.0
2011-06-20 00:00:00+09:00,467.4572568583241,480.64829056155725,467.4572568583241,476.5260925292969,135000,0.0,0.0
2011-06-21 00:00:00+09:00,478.9994274270946,481.472746329472,474.8772292564655,478.17498779296875,78000,0.0,0.0
2011-06-22 00:00:00+09:00,481.47279300230883,481.47279300230883,478.1750341461286,479.82391357421875,54000,0.0,0.0
2011-06-23 00:00:00+09:00,477.35059951862115,477.35059951862115,470.75508173598047,472.4039611816406,65000,0.0,0.0
2011-06-24 00:00:00+09:00,476.52609977523827,476.52609977523827,471.5794620613085,475.70166015625,51000,0.0,0.0
2011-06-27 00:00:00+09:00,472.4039696057638,474.8772888183594,469.93065039316815,474.8772888183594,43000,0.0,0.0
2011-06-28 00:00:00+09:00,478.99945068359375,478.99945068359375,474.87725231282275,478.99945068359375,32000,0.0,0.0
2011-06-29 00:00:00+09:00,479.82386279794275,486.4193798123475,479.82386279794275,485.5949401855469,71000,0.0,0.0
2011-06-30 00:00:00+09:00,483.94606523184945,483.94606523184945,469.9305914517107,478.17498779296875,134000,0.0,0.0
2011-07-01 00:00:00+09:00,474.05279683325574,477.3505554199219,474.05279683325574,477.3505554199219,21000,0.0,0.0
2011-07-04 00:00:00+09:00,479.82390624581234,483.1216650516255,479.82390624581234,480.6483459472656,30000,0.0,0.0
2011-07-05 00:00:00+09:00,483.1216490543648,483.1216490543648,478.1750110094396,478.99945068359375,43000,0.0,0.0
2011-07-06 00:00:00+09:00,478.9994766640452,478.9994766640452,461.6862425677544,465.8084411621094,79000,0.0,0.0
2011-07-07 00:00:00+09:00,463.3351579844523,463.3351579844523,457.5640795042189,458.3885192871094,68000,0.0,0.0
2011-07-08 00:00:00+09:00,465.8083769491802,465.8083769491802,456.73954129176246,459.2128601074219,17000,0.0,0.0
2011-07-11 00:00:00+09:00,454.2662817073774,456.7396008455301,453.44184199465985,455.9151611328125,22000,0.0,0.0
2011-07-12 00:00:00+09:00,455.9151278154566,455.9151278154566,448.495170943234,449.3196105957031,43000,0.0,0.0
2011-07-13 00:00:00+09:00,446.0218811035156,449.3196399286802,446.0218811035156,446.0218811035156,24000,0.0,0.0
2011-07-14 00:00:00+09:00,447.67071961820795,447.67071961820795,438.6018836775076,440.2507629394531,49000,0.0,0.0
2011-07-15 00:00:00+09:00,440.2507452531295,440.2507452531295,428.70859088319725,435.3041076660156,102000,0.0,0.0
2011-07-19 00:00:00+09:00,436.1285633015183,440.25076144236436,435.30412367334907,436.9530029296875,20000,0.0,0.0
2011-07-20 00:00:00+09:00,436.95305551025854,439.4263746923921,430.3575376912358,434.479736328125,55000,0.0,0.0
2011-07-21 00:00:00+09:00,434.4796840451798,438.60188218602593,434.4796840451798,436.9530029296875,46000,0.0,0.0
2011-07-22 00:00:00+09:00,441.0752392716579,441.0752392716579,436.12860107421875,436.12860107421875,55000,0.0,0.0
2011-07-25 00:00:00+09:00,435.30414413539677,435.30414413539677,428.7086268000119,431.18194580078125,25000,0.0,0.0
2011-07-26 00:00:00+09:00,430.3575376912358,434.479736328125,428.70865823648006,434.479736328125,12000,0.0,0.0
2011-07-27 00:00:00+09:00,430.35748441862967,433.6552429199219,430.35748441862967,433.6552429199219,34000,0.0,0.0
2011-07-28 00:00:00+09:00,432.8308664454092,436.1286254278504,405.6243548402692,416.3420715332031,133000,0.0,0.0
2011-07-29 00:00:00+09:00,417.16650390625,423.7620217545702,415.51762444416994,417.16650390625,64000,0.0,0.0
2011-08-01 00:00:00+09:00,413.86873161792755,422.1131286621094,413.86873161792755,422.1131286621094,15000,0.0,0.0
2011-08-02 00:00:00+09:00,427.8842077920603,427.8842077920603,422.11312984496124,425.410888671875,54000,0.0,0.0
2011-08-03 00:00:00+09:00,423.76195566121817,425.41083486612564,419.6397576489495,424.5863952636719,72000,0.0,0.0
2011-08-04 00:00:00+09:00,422.93756469726566,422.93756469726566,412.2198486328125,412.2198486328125,56000,0.0,0.0
2011-08-05 00:00:00+09:00,397.3799179109408,397.3799179109408,380.8911246366279,389.9599609375,89000,0.0,0.0
2011-08-08 00:00:00+09:00,375.1200870281094,386.6622435520513,350.38689447680554,351.2113342285156,105000,0.0,0.0
2011-08-09 00:00:00+09:00,322.355934161275,348.73800549928217,313.28709713883507,345.44024658203125,182000,0.0,0.0
2011-08-10 00:00:00+09:00,358.6312206078928,379.2422102980016,347.0890663814319,348.7379455566406,59000,0.0,0.0
2011-08-11 00:00:00+09:00,335.5469860121783,350.38690185546875,330.6003473977481,350.38690185546875,51000,0.0,0.0
2011-08-12 00:00:00+09:00,348.7379944745232,353.68463269401997,336.37139892578125,336.37139892578125,40000,0.0,0.0
2011-08-15 00:00:00+09:00,340.4935446783284,342.9668634048054,338.02022595185144,338.84466552734375,20000,0.0,0.0
2011-08-16 00:00:00+09:00,342.14242382931303,347.089061282267,338.02022595185144,338.84466552734375,20000,0.0,0.0
2011-08-17 00:00:00+09:00,336.37141964934597,354.50909423828125,333.8981003872184,354.50909423828125,18000,0.0,0.0
2011-08-18 00:00:00+09:00,354.5090736463232,354.5090736463232,338.84471922939264,339.6691589355469,19000,0.0,0.0
2011-08-19 00:00:00+09:00,333.0736376953125,334.7225170898438,329.77587890625,329.77587890625,24000,0.0,0.0
2011-08-22 00:00:00+09:00,321.53145178641364,328.9514083661001,311.6381763468317,312.4626159667969,34000,0.0,0.0
2011-08-23 00:00:00+09:00,312.46265905530146,313.2870987889566,298.44718358316396,304.21826171875,56000,0.0,0.0
2011-08-24 00:00:00+09:00,310.8137860979353,316.5848643543956,300.0960693359375,300.0960693359375,24000,0.0,0.0
2011-08-25 00:00:00+09:00,307.5159925870617,310.8137512207031,300.9204753197789,310.8137512207031,49000,0.0,0.0
2011-08-26 00:00:00+09:00,309.989351272583,316.5848693847656,309.989351272583,316.5848693847656,28000,0.0,0.0
2011-08-29 00:00:00+09:00,318.2337362996213,324.8292541503906,315.76041710558275,324.8292541503906,34000,0.0,0.0
2011-08-30 00:00:00+09:00,333.07359876130755,356.982347187243,333.07359876130755,344.6157531738281,49000,0.0,0.0
2011-08-31 00:00:00+09:00,344.6157782255713,346.2646575472248,327.3025453482101,331.42474365234375,38000,0.0,0.0
2011-09-01 00:00:00+09:00,331.424771183715,345.44024658203125,331.424771183715,345.44024658203125,72000,0.0,0.0
2011-09-02 00:00:00+09:00,346.26467039259217,346.26467039259217,334.7225147128391,343.7913513183594,16000,0.0,0.0
2011-09-05 00:00:00+09:00,332.2492117325061,332.2492117325061,324.00481441904446,324.8292541503906,45000,0.0,0.0
2011-09-06 00:00:00+09:00,318.233693306553,318.233693306553,310.8137367268665,312.4626159667969,47000,0.0,0.0
2011-09-07 00:00:00+09:00,318.2336891410277,324.82920601441685,316.5848099226804,319.882568359375,37000,0.0,0.0
2011-09-08 00:00:00+09:00,325.6536618746244,328.1269808255709,317.40926537146936,321.5314636230469,86000,0.0,0.0
2011-09-09 00:00:00+09:00,318.2337169446443,318.2337169446443,313.2870788574219,313.2870788574219,11000,0.0,0.0
2011-09-12 00:00:00+09:00,309.1648864746094,309.1648864746094,302.5693688964844,309.1648864746094,16000,0.0,0.0
2011-09-13 00:00:00+09:00,309.98928501295006,312.4626037763513,303.3937683105469,303.3937683105469,26000,0.0,0.0
2011-09-14 00:00:00+09:00,303.3938283396291,305.0427078414749,297.6227500831688,300.0960693359375,28000,0.0,0.0
2011-09-15 00:00:00+09:00,302.56939057380924,311.63822789346017,302.56939057380924,306.69158935546875,22000,0.0,0.0
2011-09-16 00:00:00+09:00,312.46263917621815,313.2870788574219,308.34044077019945,313.2870788574219,31000,0.0,0.0
2011-09-20 00:00:00+09:00,309.1648543941364,309.1648543941364,301.74489788867714,305.8670959472656,20000,0.0,0.0
2011-09-21 00:00:00+09:00,303.39378161716706,315.7603759765625,303.39378161716706,315.7603759765625,24000,0.0,0.0
2011-09-22 00:00:00+09:00,309.9893201326069,313.2870788574219,301.7449233205695,313.2870788574219,64000,0.0,0.0
2011-09-26 00:00:00+09:00,302.5693832220033,302.5693832220033,281.13395007821015,283.6072692871094,75000,0.0,0.0
2011-09-27 00:00:00+09:00,290.20276341563414,291.02720308442855,277.8361683837179,282.7828063964844,26000,0.0,0.0
2011-09-28 00:00:00+09:00,283.6072723731566,293.50054931640625,283.6072723731566,293.50054931640625,37000,0.0,0.0
2011-09-29 00:00:00+09:00,290.20274852807967,290.20274852807967,284.4316711425781,284.4316711425781,26000,0.0,0.0
2011-09-30 00:00:00+09:00,286.0805488653547,287.7294281095354,280.3094715107222,281.1339111328125,38000,0.0,0.0
2011-10-03 00:00:00+09:00,278.6605902563167,278.6605902563167,260.5229187011719,260.5229187011719,72000,0.0,0.0
2011-10-04 00:00:00+09:00,248.98077988544298,248.98077988544298,242.3852625374842,244.85858154296875,166000,0.0,0.0
2011-10-05 00:00:00+09:00,244.85858565110428,244.85858565110428,234.96530946318086,235.7897491455078,98000,0.0,0.0
2011-10-06 00:00:00+09:00,234.14086254797746,243.2096987734273,234.14086254797746,236.6141815185547,125000,0.0,0.0
2011-10-07 00:00:00+09:00,244.85862070045724,258.04965750586905,244.85862070045724,248.98081970214844,88000,0.0,0.0
2011-10-11 00:00:00+09:00,255.57628668389518,258.0496055872877,254.751847049431,256.4007263183594,42000,0.0,0.0
2011-10-12 00:00:00+09:00,258.0496230097542,284.4316930938185,256.4007436295002,281.9583740234375,112000,0.0,0.0
2011-10-13 00:00:00+09:00,288.55392626543954,295.973884369408,281.9584079508009,295.1494445800781,95000,0.0,0.0
2011-10-14 00:00:00+09:00,291.8516203599169,293.50049957098986,282.7827846990155,285.256103515625,51000,0.0,0.0
2011-10-17 00:00:00+09:00,296.79827880859375,296.79827880859375,291.02720116509335,296.79827880859375,43000,0.0,0.0
2011-10-18 00:00:00+09:00,293.5005100671698,293.5005100671698,286.90499298700865,291.0271911621094,46000,0.0,0.0
2011-10-19 00:00:00+09:00,291.0272169707437,291.0272169707437,272.8895433918305,277.836181640625,48000,0.0,0.0
2011-10-20 00:00:00+09:00,281.1339392676368,281.95837897223396,274.5384216308594,274.5384216308594,31000,0.0,0.0
2011-10-21 00:00:00+09:00,277.8361656986066,277.8361656986066,274.5384070552997,276.1872863769531,19000,0.0,0.0
2011-10-24 00:00:00+09:00,282.78276860879066,297.6226806640625,282.78276860879066,297.6226806640625,48000,0.0,0.0
2011-10-25 00:00:00+09:00,299.2715950012207,299.2715950012207,288.55387947776103,290.2027587890625,41000,0.0,0.0
2011-10-26 00:00:00+09:00,285.25613278394553,289.37833123458057,276.18729619254844,281.9583740234375,38000,0.0,0.0
2011-10-27 00:00:00+09:00,286.90503135423984,293.50054931640625,273.71399542990696,293.50054931640625,38000,0.0,0.0
2011-10-28 00:00:00+09:00,297.62276394806764,298.44720373739744,291.027245633429,295.1494445800781,54000,0.0,0.0
2011-10-31 00:00:00+09:00,293.5005286350723,299.2716064453125,290.2027698863636,299.2716064453125,41000,0.0,0.0
2011-11-01 00:00:00+09:00,297.6227480427603,298.4471877880311,289.37835059005226,293.50054931640625,42000,0.0,0.0
2011-11-02 00:00:00+09:00,289.3783177342908,289.3783177342908,281.13392121764434,286.9049987792969,50000,0.0,0.0
2011-11-04 00:00:00+09:00,286.9049900220788,293.5005070340806,280.309473010077,284.4316711425781,32000,0.0,0.0
2011-11-07 00:00:00+09:00,277.836129581227,281.13388779584096,277.836129581227,280.3094482421875,7000,0.0,0.0
2011-11-08 00:00:00+09:00,277.8361628821137,277.8361628821137,269.5917663574219,269.5917663574219,25000,0.0,0.0
2011-11-09 00:00:00+09:00,274.53841170796585,274.53841170796585,268.767333984375,268.767333984375,16000,0.0,0.0
2011-11-10 00:00:00+09:00,248.98080393473305,257.22520141601564,244.03416544596354,247.33192443847656,125000,0.0,0.0
2011-11-11 00:00:00+09:00,248.15631016759968,252.2785080109153,245.6829914616103,246.50743103027344,47000,0.0,0.0
2011-11-14 00:00:00+09:00,255.57633275041184,262.1718510149386,255.57633275041184,258.0496520996094,43000,0.0,0.0
2011-11-15 00:00:00+09:00,258.0496055872877,259.69848485621606,256.4007263183594,256.4007263183594,24000,0.0,0.0
2011-11-16 00:00:00+09:00,256.4007483147956,256.4007483147956,252.27854978883423,253.92742919921875,19000,0.0,0.0
2011-11-17 00:00:00+09:00,253.9274540368691,263.82073146687696,253.10301425103512,261.347412109375,27000,0.0,0.0
2011-11-18 00:00:00+09:00,255.57630979097806,259.69850833599384,255.57630979097806,257.2251892089844,27000,0.0,0.0
2011-11-21 00:00:00+09:00,260.52290078440024,260.52290078440024,255.57626342773438,255.57626342773438,5000,0.0,0.0
2011-11-22 00:00:00+09:00,254.751892967346,261.34741123187274,252.27857361814847,258.0496520996094,24000,0.0,0.0
2011-11-24 00:00:00+09:00,258.04959985274303,262.17179793345775,255.57628100431415,260.5229187011719,29000,0.0,0.0
2011-11-25 00:00:00+09:00,262.9962695121765,270.4162269592285,262.17182979583737,263.8207092285156,83000,0.0,0.0
2011-11-28 00:00:00+09:00,270.4161591045673,275.3627961613582,267.9428405761719,267.9428405761719,52000,0.0,0.0
2011-11-29 00:00:00+09:00,272.065096522224,278.6606140136719,272.065096522224,278.6606140136719,48000,0.0,0.0
2011-11-30 00:00:00+09:00,288.55388928256656,309.1648813741785,281.1339321295863,295.9738464355469,301000,0.0,0.0
2011-12-01 00:00:00+09:00,309.1648454251497,309.1648454251497,298.4471307837445,303.3937683105469,129000,0.0,0.0
2011-12-02 00:00:00+09:00,299.27158751231076,302.5693460523913,284.43167408194824,291.0271911621094,149000,0.0,0.0
2011-12-05 00:00:00+09:00,295.1494067518824,300.9204845375337,291.8516480172245,295.9738464355469,117000,0.0,0.0
2011-12-06 00:00:00+09:00,294.32494508625825,294.32494508625825,281.1339111328125,281.1339111328125,107000,0.0,0.0
2011-12-07 00:00:00+09:00,281.95839812089116,286.0805969238281,279.48507883912896,286.0805969238281,71000,0.0,0.0
2011-12-08 00:00:00+09:00,285.2561518636982,294.32498906167706,284.4317121184274,293.50054931640625,147000,0.0,0.0
2011-12-09 00:00:00+09:00,292.6760937534483,293.5005334541622,288.5538952498786,291.8516540527344,81000,0.0,0.0
2011-12-12 00:00:00+09:00,295.97387528419495,321.5315079689026,295.97387528419495,316.5848693847656,316000,0.0,0.0
2011-12-13 00:00:00+09:00,316.5848826036096,316.5848826036096,307.5160448206937,308.3404846191406,94000,0.0,0.0
2011-12-14 00:00:00+09:00,307.5159912109375,309.16487052037957,300.9204739731694,307.5159912109375,50000,0.0,0.0
2011-12-15 00:00:00+09:00,305.04269575321234,305.04269575321234,284.4317027969142,287.7294616699219,161000,0.0,0.0
2011-12-16 00:00:00+09:00,287.72947644500294,288.5539162055903,284.43171740265336,286.0805969238281,41000,0.0,0.0
2011-12-19 00:00:00+09:00,289.3783089015795,291.0271881545799,276.1872748775758,284.4316711425781,60000,0.0,0.0
2011-12-20 00:00:00+09:00,279.48506105688983,284.43169930568433,277.01174193249255,277.836181640625,88000,0.0,0.0
2011-12-21 00:00:00+09:00,286.08060842589407,286.08060842589407,267.9429329637336,271.2406921386719,87000,0.0,0.0
2011-12-22 00:00:00+09:00,274.53840427223696,274.53840427223696,267.9428870524835,269.5917663574219,56000,0.0,0.0
2011-12-26 00:00:00+09:00,272.0650527056526,275.36281092026655,262.17177806181064,266.2939758300781,51000,0.0,0.0
2011-12-27 00:00:00+09:00,265.46955068237685,266.2939902807693,262.17179228880696,264.6451110839844,39000,0.0,0.0
2011-12-28 00:00:00+09:00,263.8206571691176,268.7672944910386,263.8206571691176,266.2939758300781,21000,0.0,0.0
2011-12-29 00:00:00+09:00,266.29403063146077,270.4162292480469,266.29403063146077,270.4162292480469,24000,0.0,0.0
2011-12-30 00:00:00+09:00,272.0651025170678,279.4850598584424,271.2406628124707,274.5384216308594,47000,0.0,0.0
2012-01-04 00:00:00+09:00,278.66060396407664,278.66060396407664,271.2406470537906,272.8895263671875,121000,0.0,0.0
2012-01-05 00:00:00+09:00,272.88957995679004,273.7140197753906,272.06514013818946,273.7140197753906,13000,0.0,0.0
2012-01-06 00:00:00+09:00,274.538413030451,277.0117320667614,271.24065431537053,272.0650939941406,34000,0.0,0.0
2012-01-10 00:00:00+09:00,272.06510368369806,283.60725959755194,270.4162242674332,277.836181640625,86000,0.0,0.0
2012-01-11 00:00:00+09:00,281.95839812089116,294.32499452970217,280.30951859971634,286.0805969238281,183000,0.0,0.0
2012-01-12 00:00:00+09:00,286.90501216419955,286.90501216419955,280.3094946431835,281.9583740234375,26000,0.0,0.0
2012-01-13 00:00:00+09:00,284.4316711425781,291.0271881545799,283.6072315160779,284.4316711425781,62000,0.0,0.0
2012-01-16 00:00:00+09:00,280.309473010077,284.4316711425781,280.309473010077,284.4316711425781,21000,0.0,0.0
2012-01-17 00:00:00+09:00,282.782794811908,291.0271911621094,282.782794811908,291.0271911621094,60000,0.0,0.0
2012-01-18 00:00:00+09:00,291.0271515764509,292.67603062220985,287.72939348493304,288.5538330078125,97000,0.0,0.0
2012-01-19 00:00:00+09:00,289.37831189206906,300.0960271473309,287.7294326220288,291.0271911621094,95000,0.0,0.0
2012-01-20 00:00:00+09:00,291.85167182670847,300.0960693359375,284.4317140684023,300.0960693359375,185000,0.0,0.0
2012-01-23 00:00:00+09:00,303.3938367464237,306.6915958414935,296.7983185562841,302.56939697265625,110000,0.0,0.0
2012-01-24 00:00:00+09:00,303.3937901327055,303.3937901327055,296.7982729559075,300.92047119140625,68000,0.0,0.0
2012-01-25 00:00:00+09:00,300.9205110611454,310.81378813712826,300.0960713048135,306.69158935546875,145000,0.0,0.0
2012-01-26 00:00:00+09:00,311.6381806244721,313.28705988703547,303.3937843116554,305.04266357421875,110000,0.0,0.0
2012-01-27 00:00:00+09:00,300.9204573483811,319.882568359375,300.9204573483811,319.882568359375,201000,0.0,0.0
2012-01-30 00:00:00+09:00,323.1803515873489,328.1269896218492,318.2337135528487,324.0047912597656,215000,0.0,0.0
2012-01-31 00:00:00+09:00,322.3559092335887,324.0047885647068,313.28707291243916,317.4092712402344,58000,0.0,0.0
2012-02-01 00:00:00+09:00,309.98926848531426,309.98926848531426,298.4471148714993,301.744873046875,223000,0.0,0.0
2012-02-02 00:00:00+09:00,301.74493290179345,305.0426917313212,298.4471740722656,298.4471740722656,82000,0.0,0.0
2012-02-03 00:00:00+09:00,300.9205174251213,302.56939697265625,299.27163787758644,302.56939697265625,42000,0.0,0.0
2012-02-06 00:00:00+09:00,304.2182297798052,304.2182297798052,297.6227126030073,300.92047119140625,65000,0.0,0.0
2012-02-07 00:00:00+09:00,300.92048581966685,300.92048581966685,297.62272707095815,299.2716064453125,28000,0.0,0.0
2012-02-08 00:00:00+09:00,299.27163787758644,302.56939697265625,297.6227583300515,302.56939697265625,66000,0.0,0.0
2012-02-09 00:00:00+09:00,302.56938225143966,304.21826171875,299.2716233168191,304.21826171875,84000,0.0,0.0
2012-02-10 00:00:00+09:00,305.04267361183065,311.6381908791135,303.39379429500997,310.8137512207031,70000,0.0,0.0
2012-02-13 00:00:00+09:00,310.81375852544255,311.63819820322885,305.8671204587246,309.98931884765625,34000,0.0,0.0
2012-02-14 00:00:00+09:00,312.4626232328869,313.2870628720238,308.3404250372024,311.63818359375,61000,0.0,0.0
2012-02-15 00:00:00+09:00,311.63823080062866,319.88262844085693,311.63823080062866,316.5848693847656,138000,0.0,0.0
2012-02-16 00:00:00+09:00,312.4626232328869,313.2870628720238,309.1648646763393,311.63818359375,115000,0.0,0.0
2012-02-17 00:00:00+09:00,312.4626159667969,316.5848140666227,309.9892971069014,312.4626159667969,111000,0.0,0.0
2012-02-20 00:00:00+09:00,315.76039190911627,317.4092712402344,314.11151257799816,317.4092712402344,96000,0.0,0.0
2012-02-21 00:00:00+09:00,314.93593482669235,315.7603744466575,309.9892971069014,312.4626159667969,69000,0.0,0.0
2012-02-22 00:00:00+09:00,312.4626332468801,317.4092712402344,310.813753915762,317.4092712402344,67000,0.0,0.0
2012-02-23 00:00:00+09:00,318.23372910897945,329.77588508702536,318.23372910897945,325.6536865234375,176000,0.0,0.0
2012-02-24 00:00:00+09:00,327.30253378631517,328.95141304972225,319.88257710098304,322.35589599609375,116000,0.0,0.0
2012-02-27 00:00:00+09:00,328.1270018932866,342.96691655177693,323.1803636737898,336.37139892578125,250000,0.0,0.0
2012-02-28 00:00:00+09:00,336.371420082606,336.371420082606,328.9514622866662,330.600341796875,51000,0.0,0.0
2012-02-29 00:00:00+09:00,333.8980449329723,342.14244110415683,326.47808837890625,326.47808837890625,143000,0.0,0.0
2012-03-01 00:00:00+09:00,328.95144537430775,334.7225233633307,319.8826085344146,325.6536865234375,84000,0.0,0.0
2012-03-02 00:00:00+09:00,329.77584366945877,329.77584366945877,315.76037031350677,319.882568359375,117000,0.0,0.0
2012-03-05 00:00:00+09:00,316.5848473837209,321.53148562409154,316.5848473837209,319.05816650390625,60000,0.0,0.0
2012-03-06 00:00:00+09:00,322.35587605998745,328.95139270571605,320.70699689855525,328.126953125,161000,0.0,0.0
2012-03-07 00:00:00+09:00,321.5314819335938,333.89807739257816,321.5314819335938,329.77587890625,123000,0.0,0.0
2012-03-08 00:00:00+09:00,335.5469433263018,339.6691416472637,333.898063997917,334.7225036621094,74000,0.0,0.0
2012-03-09 00:00:00+09:00,340.4935496805971,349.56238514424496,338.02023091778403,348.7379455566406,173000,0.0,0.0
2012-03-12 00:00:00+09:00,354.5091007008272,362.7534983915441,349.56246208639703,350.38690185546875,211000,0.0,0.0
2012-03-13 00:00:00+09:00,347.913549775414,348.73798946682496,342.96691162694844,343.7913513183594,116000,0.0,0.0
2012-03-14 00:00:00+09:00,354.509082472468,354.509082472468,342.1424865722656,342.1424865722656,137000,0.0,0.0
2012-03-15 00:00:00+09:00,342.1424993821133,345.4402584123023,333.8981018066406,333.8981018066406,169000,0.0,0.0
2012-03-16 00:00:00+09:00,336.3713611705379,343.79131766694684,336.3713611705379,337.19580078125,149000,0.0,0.0
2012-03-19 00:00:00+09:00,337.195855477006,342.14249394366135,335.5469759881209,341.31805419921875,115000,0.0,0.0
2012-03-21 00:00:00+09:00,341.3180135591024,342.14245320538043,334.7224963888782,335.54693603515625,130000,0.0,0.0
2012-03-22 00:00:00+09:00,334.7224963888782,338.84469462026834,331.4247378037661,335.54693603515625,128000,0.0,0.0
2012-03-23 00:00:00+09:00,333.89810081729274,333.89810081729274,329.77590204177056,330.600341796875,83000,0.0,0.0
2012-03-26 00:00:00+09:00,333.8980567426002,337.1958153277123,331.4247378037661,335.54693603515625,59000,0.0,0.0
2012-03-27 00:00:00+09:00,338.8447131698938,346.26467039259217,337.19583378707193,343.7913513183594,160000,0.0,0.0
2012-03-28 00:00:00+09:00,341.26963456316696,348.83472498451795,339.58850335842226,344.63189697265625,116000,8.0,0.0
2012-03-29 00:00:00+09:00,344.6319097066097,351.35643477405574,344.6319097066097,350.515869140625,92000,0.0,0.0
2012-03-30 00:00:00+09:00,350.515869140625,350.515869140625,341.2696471728867,350.515869140625,98000,0.0,0.0
2012-04-02 00:00:00+09:00,350.51586315119374,359.7620849609375,349.67529753212614,359.7620849609375,190000,0.0,0.0
2012-04-03 00:00:00+09:00,361.44324778404143,365.6460762466466,357.2404193214363,362.2838134765625,244000,0.0,0.0
2012-04-04 00:00:00+09:00,361.44324592141544,365.6460743623621,355.55928610409006,357.24041748046875,152000,0.0,0.0
2012-04-05 00:00:00+09:00,353.0375577375222,357.24038580582607,347.99416405555763,354.71868896484375,70000,0.0,0.0
2012-04-06 00:00:00+09:00,353.0375637973312,353.0375637973312,345.47247314453125,345.47247314453125,47000,0.0,0.0
2012-04-09 00:00:00+09:00,344.63189697265625,347.15359377977325,342.9507657679116,344.63189697265625,61000,0.0,0.0
2012-04-10 00:00:00+09:00,345.47249019175695,347.9941872004559,337.06683349609375,337.06683349609375,87000,0.0,0.0
2012-04-11 00:00:00+09:00,332.02340573680647,332.86397132095027,326.98001223194353,329.501708984375,115000,0.0,0.0
2012-04-12 00:00:00+09:00,330.3423261303587,333.7045889917364,327.8206289843254,331.1828918457031,49000,0.0,0.0
2012-04-13 00:00:00+09:00,333.70459792423986,337.907426613462,326.9800720214844,326.9800720214844,80000,0.0,0.0
2012-04-16 00:00:00+09:00,326.9800500869751,327.8206157684326,322.7772216796875,322.7772216796875,38000,0.0,0.0
2012-04-17 00:00:00+09:00,323.6177394701087,326.1394361413044,309.328125,309.328125,130000,0.0,0.0
2012-04-18 00:00:00+09:00,313.53097759639365,320.25550258505626,313.53097759639365,318.5743713378906,59000,0.0,0.0
2012-04-19 00:00:00+09:00,320.25550258505626,321.9366338322219,318.5743713378906,318.5743713378906,47000,0.0,0.0
2012-04-20 00:00:00+09:00,316.89323781195014,316.89323781195014,313.5309753417969,313.5309753417969,21000,0.0,0.0
2012-04-23 00:00:00+09:00,313.5309764780897,317.73380458101315,313.5309764780897,316.05267333984375,30000,0.0,0.0
2012-04-24 00:00:00+09:00,315.21206953394136,321.93659368399875,314.37150401518414,320.2554626464844,69000,0.0,0.0
2012-04-25 00:00:00+09:00,326.1394748193612,326.1394748193612,319.41494956535377,324.4583435058594,53000,0.0,0.0
2012-04-26 00:00:00+09:00,325.29898281440046,325.29898281440046,278.22729537872493,280.7489929199219,572000,0.0,0.0
2012-04-27 00:00:00+09:00,282.43006115424924,289.1545864198266,268.1404449648973,275.7055358886719,447000,0.0,0.0
2012-05-01 00:00:00+09:00,271.5027338094985,273.18386528819514,262.25651067666735,263.0970764160156,252000,0.0,0.0
2012-05-02 00:00:00+09:00,261.41587222201156,262.25643772754853,258.0536101998635,259.7347412109375,170000,0.0,0.0
2012-05-07 00:00:00+09:00,254.69138627303272,257.21308316682513,253.8508206417686,255.53195190429688,83000,0.0,0.0
2012-05-08 00:00:00+09:00,256.3725489513882,259.73481188845557,256.3725489513882,258.0536804199219,24000,0.0,0.0
2012-05-09 00:00:00+09:00,258.05364767182306,258.05364767182306,250.48855702346344,253.01025390625,82000,0.0,0.0
2012-05-10 00:00:00+09:00,252.16968827865446,255.53195078903653,252.16968827865446,253.01025390625,47000,0.0,0.0
2012-05-11 00:00:00+09:00,255.53191383387332,255.53191383387332,251.32908630371094,251.32908630371094,67000,0.0,0.0
2012-05-14 00:00:00+09:00,249.6480073928833,249.6480073928833,241.2423505783081,242.08291625976562,100000,0.0,0.0
2012-05-15 00:00:00+09:00,237.88006947288375,238.7206350893957,231.1555445407881,234.51780700683594,201000,0.0,0.0
2012-05-16 00:00:00+09:00,234.51784157492895,235.35840731534088,231.15557861328125,231.15557861328125,38000,0.0,0.0
2012-05-17 00:00:00+09:00,226.95271863435445,243.7640311257881,225.2715873852111,239.5612030029297,116000,0.0,0.0
2012-05-18 00:00:00+09:00,228.63388061523438,232.8367093030144,228.63388061523438,228.63388061523438,72000,0.0,0.0
2012-05-21 00:00:00+09:00,229.47442726466966,237.8800839410312,229.47442726466966,231.99612426757812,19000,0.0,0.0
2012-05-22 00:00:00+09:00,234.51782796730777,237.88009073386414,232.83669658402957,236.19895935058594,48000,0.0,0.0
2012-05-23 00:00:00+09:00,237.88009467279866,237.88009467279866,231.99613473389553,232.83670043945312,62000,0.0,0.0
2012-05-24 00:00:00+09:00,230.31501287286932,231.15557861328125,228.63388139204545,231.15557861328125,41000,0.0,0.0
2012-05-25 00:00:00+09:00,232.83671009410511,233.67727583451702,231.15557861328125,231.15557861328125,37000,0.0,0.0
2012-05-28 00:00:00+09:00,229.47439439561634,229.47439439561634,226.95269775390625,226.95269775390625,44000,0.0,0.0
2012-05-29 00:00:00+09:00,226.9527302617612,234.51782127048656,226.11216459412503,231.99612426757812,53000,0.0,0.0
2012-05-30 00:00:00+09:00,231.99613473389553,239.56122608391385,231.99613473389553,232.83670043945312,38000,0.0,0.0
2012-05-31 00:00:00+09:00,231.1555778279024,231.1555778279024,226.11218340256636,228.63388061523438,19000,0.0,0.0
2012-06-01 00:00:00+09:00,228.63384301117745,229.47440861048324,224.43101501464844,224.43101501464844,52000,0.0,0.0
2012-06-04 00:00:00+09:00,223.5904505391993,223.5904505391993,215.18479450389106,216.02536010742188,80000,0.0,0.0
2012-06-05 00:00:00+09:00,216.0253648161888,218.54706168174744,213.5036679506302,215.18479919433594,118000,0.0,0.0
2012-06-06 00:00:00+09:00,217.70649131448351,220.228188125076,214.34422890036024,216.02536010742188,114000,0.0,0.0
2012-06-07 00:00:00+09:00,221.06874550389878,221.90931107615697,217.7064832148661,220.22817993164062,97000,0.0,0.0
2012-06-08 00:00:00+09:00,221.90934087687017,223.5904722471495,217.70651245117188,217.70651245117188,33000,0.0,0.0
2012-06-11 00:00:00+09:00,220.22818582708186,223.59044820612127,220.22818582708186,221.90931701660156,20000,0.0,0.0
2012-06-12 00:00:00+09:00,221.90931701660156,222.74988261136141,220.22818582708186,221.90931701660156,22000,0.0,0.0
2012-06-13 00:00:00+09:00,221.06877036461464,223.59046736497146,218.5470733642578,218.5470733642578,89000,0.0,0.0
2012-06-14 00:00:00+09:00,218.54705926583293,221.06875610351562,218.54705926583293,221.06875610351562,31000,0.0,0.0
2012-06-15 00:00:00+09:00,221.90933122306035,221.90933122306035,219.38763427734375,219.38763427734375,33000,0.0,0.0
2012-06-18 00:00:00+09:00,222.74986267089844,226.11212474894975,221.90929715138563,222.74986267089844,81000,0.0,0.0
2012-06-19 00:00:00+09:00,221.06875854730606,221.06875854730606,213.5036679506302,215.18479919433594,209000,0.0,0.0
2012-06-20 00:00:00+09:00,216.8659420306866,220.22820469782903,216.025376363901,218.5470733642578,111000,0.0,0.0
2012-06-21 00:00:00+09:00,220.22817993164062,221.90931107615697,219.38761435938244,220.22817993164062,61000,0.0,0.0
2012-06-22 00:00:00+09:00,221.06878056164683,233.67726614501072,220.22821485608924,232.83670043945312,143000,0.0,0.0
2012-06-25 00:00:00+09:00,232.83671009410511,234.51784157492895,230.31501287286932,231.15557861328125,59000,0.0,0.0
2012-06-26 00:00:00+09:00,225.27160070892563,226.95273205749973,223.59046936035156,223.59046936035156,39000,0.0,0.0
2012-06-27 00:00:00+09:00,228.63386439213522,228.63386439213522,224.43103600257393,226.11216735839844,28000,0.0,0.0
2012-06-28 00:00:00+09:00,228.6338548273178,231.15555175556028,224.43102661358034,227.7932891845703,51000,0.0,0.0
2012-06-29 00:00:00+09:00,228.63388139204545,231.99614435369318,226.9527499112216,231.15557861328125,33000,0.0,0.0
2012-07-02 00:00:00+09:00,237.88010453657668,240.40180175781248,229.47444713245739,231.15557861328125,176000,0.0,0.0
2012-07-03 00:00:00+09:00,231.15555859994197,231.99612426757812,227.79329592939735,231.99612426757812,67000,0.0,0.0
2012-07-04 00:00:00+09:00,235.35838693812272,237.8800839410312,228.6338615970335,231.99612426757812,66000,0.0,0.0
2012-07-05 00:00:00+09:00,233.67727661132812,235.35840809774055,231.15557938170946,233.67727661132812,58000,0.0,0.0
2012-07-06 00:00:00+09:00,235.35838693812272,235.35838693812272,231.99612426757812,231.99612426757812,20000,0.0,0.0
2012-07-09 00:00:00+09:00,231.9960910373264,231.9960910373264,226.95269775390625,226.95269775390625,71000,0.0,0.0
2012-07-10 00:00:00+09:00,231.155561425872,231.155561425872,226.11216735839844,226.11216735839844,61000,0.0,0.0
2012-07-11 00:00:00+09:00,226.112149778881,226.112149778881,220.22819049095472,221.06875610351562,59000,0.0,0.0
2012-07-12 00:00:00+09:00,221.90933603140024,222.74990169818585,217.7065076974722,218.5470733642578,64000,0.0,0.0
2012-07-13 00:00:00+09:00,220.22821435262992,221.0687800562659,216.02538583444996,216.86595153808594,63000,0.0,0.0
2012-07-17 00:00:00+09:00,217.70650566281296,217.70650566281296,213.50367736816406,213.50367736816406,136000,0.0,0.0
2012-07-18 00:00:00+09:00,215.18480868602362,215.18480868602362,210.98198039137472,213.50367736816406,51000,0.0,0.0
2012-07-19 00:00:00+09:00,212.66309059990778,214.34422175089517,210.98195944892035,211.82252502441406,64000,0.0,0.0
2012-07-20 00:00:00+09:00,213.50366930457636,214.34423493175973,206.77914428710938,206.77914428710938,112000,0.0,0.0
2012-07-23 00:00:00+09:00,205.93858007657326,205.93858007657326,198.3734893798828,198.3734893798828,59000,0.0,0.0
2012-07-24 00:00:00+09:00,196.69235110592533,197.53291670894208,192.48952309084143,194.170654296875,108000,0.0,0.0
2012-07-25 00:00:00+09:00,195.01121989989176,195.01121989989176,190.8083918848079,194.170654296875,38000,0.0,0.0
2012-07-26 00:00:00+09:00,189.12726061059794,192.48952302145304,183.24330139160156,183.24330139160156,149000,0.0,0.0
2012-07-27 00:00:00+09:00,186.60557556152344,189.12727252857107,184.92444425015836,186.60557556152344,77000,0.0,0.0
2012-07-30 00:00:00+09:00,190.80840488009983,192.48953620062935,188.28670789930555,189.1272735595703,41000,0.0,0.0
2012-07-31 00:00:00+09:00,187.446141217206,187.446141217206,180.72161597174568,186.60557556152344,74000,0.0,0.0
2012-08-01 00:00:00+09:00,186.60556380245666,186.60556380245666,181.56217018617403,183.24330139160156,66000,0.0,0.0
2012-08-02 00:00:00+09:00,184.92444425015836,186.60557556152344,184.92444425015836,186.60557556152344,24000,0.0,0.0
2012-08-03 00:00:00+09:00,184.08386699431534,184.9244325970291,182.4027357888878,183.24330139160156,30000,0.0,0.0
2012-08-06 00:00:00+09:00,184.0838765038384,184.92444214997468,181.5621795654297,181.5621795654297,63000,0.0,0.0
2012-08-07 00:00:00+09:00,181.56217018617403,185.76499819974288,179.04047337803271,183.24330139160156,46000,0.0,0.0
2012-08-08 00:00:00+09:00,184.08386817345254,188.28669621394232,184.08386817345254,185.76499938964844,29000,0.0,0.0
2012-08-09 00:00:00+09:00,186.60556973544033,189.1272666237571,183.24330721768465,184.9244384765625,25000,0.0,0.0
2012-08-10 00:00:00+09:00,187.44613177435738,189.1272630010332,185.76500054768152,188.2866973876953,48000,0.0,0.0
2012-08-13 00:00:00+09:00,188.2867327634529,188.2867327634529,187.4461669921875,187.4461669921875,6000,0.0,0.0
2012-08-14 00:00:00+09:00,184.92442788598746,188.28669021118722,182.40273114208762,184.0838623046875,41000,0.0,0.0
2012-08-15 00:00:00+09:00,184.0838728471236,184.9244384765625,183.24330721768465,184.9244384765625,17000,0.0,0.0
2012-08-16 00:00:00+09:00,183.24333813586043,187.4461669921875,183.24333813586043,187.4461669921875,20000,0.0,0.0
2012-08-17 00:00:00+09:00,187.4461422390408,189.96783921983507,187.4461422390408,189.1272735595703,37000,0.0,0.0
2012-08-20 00:00:00+09:00,191.6489705403646,192.48953620062935,187.4461422390408,189.1272735595703,38000,0.0,0.0
2012-08-21 00:00:00+09:00,189.96786430598374,189.96786430598374,187.4461669921875,187.4461669921875,20000,0.0,0.0
2012-08-22 00:00:00+09:00,188.28670789930555,189.1272735595703,188.28670789930555,189.1272735595703,7000,0.0,0.0
2012-08-23 00:00:00+09:00,188.28670789930555,189.1272735595703,187.4461422390408,189.1272735595703,31000,0.0,0.0
2012-08-24 00:00:00+09:00,186.60557556152344,186.60557556152344,182.40274728311076,186.60557556152344,194000,0.0,0.0
2012-08-27 00:00:00+09:00,186.6055649977464,187.44613060584436,184.92443378155048,185.76499938964844,34000,0.0,0.0
2012-08-28 00:00:00+09:00,185.76499938964844,185.76499938964844,184.08386817345254,185.76499938964844,29000,0.0,0.0
2012-08-29 00:00:00+09:00,183.24330139160156,183.24330139160156,181.56217018617403,183.24330139160156,28000,0.0,0.0
2012-08-30 00:00:00+09:00,182.40274897161518,182.40274897161518,178.19992065429688,178.19992065429688,56000,0.0,0.0
2012-08-31 00:00:00+09:00,175.67821089581747,175.67821089581747,172.31594848632812,172.31594848632812,43000,0.0,0.0
2012-09-03 00:00:00+09:00,176.5187764981898,178.19990770293447,172.31594848632812,172.31594848632812,59000,0.0,0.0
2012-09-04 00:00:00+09:00,172.31594848632812,173.15651408870048,170.63481728158348,172.31594848632812,31000,0.0,0.0
2012-09-05 00:00:00+09:00,172.31597164560694,173.15653736095138,165.59144592285156,165.59144592285156,111000,0.0,0.0
2012-09-06 00:00:00+09:00,166.43199040339545,166.43199040339545,163.91029357910156,163.91029357910156,51000,0.0,0.0
2012-09-07 00:00:00+09:00,164.75086147630986,168.9536895751953,164.75086147630986,168.9536895751953,57000,0.0,0.0
2012-09-10 00:00:00+09:00,169.7942551949724,169.7942551949724,167.27255833564112,168.9536895751953,32000,0.0,0.0
2012-09-11 00:00:00+09:00,168.95368841922644,168.95368841922644,166.43199157714844,166.43199157714844,22000,0.0,0.0
2012-09-12 00:00:00+09:00,168.95370878422926,168.95370878422926,164.75088020750712,165.59144592285156,29000,0.0,0.0
2012-09-13 00:00:00+09:00,166.43198226928712,168.1131134033203,166.43198226928712,168.1131134033203,22000,0.0,0.0
2012-09-14 00:00:00+09:00,168.11312971443965,170.63482666015625,166.43199841729526,170.63482666015625,97000,0.0,0.0
2012-09-18 00:00:00+09:00,172.31594848632812,173.15651408870048,168.9536860768388,172.31594848632812,73000,0.0,0.0
2012-09-19 00:00:00+09:00,173.99706569084753,174.83763122558594,170.63480355189395,174.83763122558594,31000,0.0,0.0
2012-09-20 00:00:00+09:00,173.15650680541992,173.15650680541992,168.1131134033203,168.1131134033203,80000,0.0,0.0
2012-09-21 00:00:00+09:00,168.11314306888482,168.95370878422926,165.59144592285156,165.59144592285156,49000,0.0,0.0
2012-09-24 00:00:00+09:00,166.43197171771945,167.2725372314453,164.75084069026775,167.2725372314453,29000,0.0,0.0
2012-09-25 00:00:00+09:00,169.7942551949724,169.7942551949724,167.27255833564112,168.9536895751953,18000,0.0,0.0
2012-09-26 00:00:00+09:00,168.1131134033203,168.1131134033203,167.27254783630372,168.1131134033203,14000,0.0,0.0
2012-09-27 00:00:00+09:00,168.11312971443965,170.63482666015625,165.59143276872305,170.63482666015625,75000,0.0,0.0
2012-09-28 00:00:00+09:00,168.9536789703369,168.9536789703369,167.27254783630372,168.1131134033203,27000,0.0,0.0
2012-10-01 00:00:00+09:00,168.11312161959137,168.11312161959137,163.91029357910156,163.91029357910156,65000,0.0,0.0
2012-10-02 00:00:00+09:00,163.91029829831467,163.91029829831467,163.06973266601562,163.06973266601562,34000,0.0,0.0
2012-10-03 00:00:00+09:00,163.0697279710036,163.91029357910156,162.22916236290567,163.91029357910156,25000,0.0,0.0
2012-10-04 00:00:00+09:00,163.91030306643154,163.91030306643154,162.2291717529297,162.2291717529297,43000,0.0,0.0
2012-10-05 00:00:00+09:00,163.91029829831467,163.91029829831467,161.38860140141753,163.06973266601562,61000,0.0,0.0
2012-10-09 00:00:00+09:00,163.06972556139428,163.06972556139428,158.8668975830078,158.8668975830078,39000,0.0,0.0
2012-10-10 00:00:00+09:00,158.02633666992188,158.86690229050657,157.1857710493372,158.02633666992188,26000,0.0,0.0
2012-10-11 00:00:00+09:00,158.02633198733054,158.8668975830078,157.18576639165323,158.8668975830078,31000,0.0,0.0
2012-10-12 00:00:00+09:00,158.02633198733054,161.3885943700397,158.02633198733054,158.8668975830078,35000,0.0,0.0
2012-10-15 00:00:00+09:00,158.8669137954712,161.38861083984375,158.8669137954712,161.38861083984375,10000,0.0,0.0
2012-10-16 00:00:00+09:00,162.22916236290567,164.75085918719952,162.22916236290567,163.91029357910156,21000,0.0,0.0
2012-10-17 00:00:00+09:00,163.9102889080437,166.43198566047514,163.9102889080437,164.7508544921875,13000,0.0,0.0
2012-10-18 00:00:00+09:00,166.43198226928712,168.1131134033203,165.59141670227052,168.1131134033203,39000,0.0,0.0
2012-10-19 00:00:00+09:00,168.11311929532798,173.15651287418783,168.11311929532798,169.79425048828125,26000,0.0,0.0
2012-10-22 00:00:00+09:00,165.59141670227052,168.1131134033203,163.9102855682373,168.1131134033203,28000,0.0,0.0
2012-10-23 00:00:00+09:00,168.9536789703369,171.47537567138673,166.43198226928712,168.1131134033203,36000,0.0,0.0
2012-10-24 00:00:00+09:00,166.43199157714844,168.11312280520042,164.75086034909643,166.43199157714844,37000,0.0,0.0
2012-10-25 00:00:00+09:00,167.27256508243894,173.9970903118837,165.59143377507775,173.15652465820312,118000,0.0,0.0
2012-10-26 00:00:00+09:00,173.9970903118837,179.8810498876479,172.3159590045225,173.15652465820312,84000,0.0,0.0
2012-10-29 00:00:00+09:00,173.15651882396025,173.15651882396025,168.9536906971651,171.4753875732422,42000,0.0,0.0
2012-10-30 00:00:00+09:00,171.47537567138673,171.47537567138673,168.1131134033203,168.1131134033203,52000,0.0,0.0
2012-10-31 00:00:00+09:00,168.9536848918046,171.47538168123452,168.9536848918046,169.79425048828125,10000,0.0,0.0
2012-11-01 00:00:00+09:00,171.4753864345266,171.4753864345266,167.27255833564112,168.9536895751953,48000,0.0,0.0
2012-11-02 00:00:00+09:00,168.9536848918046,169.79425048828125,166.4319881023747,169.79425048828125,73000,0.0,0.0
2012-11-05 00:00:00+09:00,168.9536848918046,169.79425048828125,165.59142250589807,169.79425048828125,82000,0.0,0.0
2012-11-06 00:00:00+09:00,169.79427449957367,169.79427449957367,165.59144592285156,165.59144592285156,72000,0.0,0.0
2012-11-07 00:00:00+09:00,166.43198226928712,168.1131134033203,166.43198226928712,168.1131134033203,36000,0.0,0.0
2012-11-08 00:00:00+09:00,165.59142596312242,168.11312280520042,165.59142596312242,166.43199157714844,42000,0.0,0.0
2012-11-09 00:00:00+09:00,165.59142596312242,168.11312280520042,165.59142596312242,166.43199157714844,27000,0.0,0.0
2012-11-12 00:00:00+09:00,166.43197171771945,168.95366825889704,166.43197171771945,167.2725372314453,46000,0.0,0.0
2012-11-13 00:00:00+09:00,168.11310274517118,168.11310274517118,166.43197171771945,167.2725372314453,13000,0.0,0.0
2012-11-14 00:00:00+09:00,165.59142596312242,166.43199157714844,165.59142596312242,166.43199157714844,17000,0.0,0.0
2012-11-15 00:00:00+09:00,166.43199271586403,168.9536895751953,166.43199271586403,168.9536895751953,19000,0.0,0.0
2012-11-16 00:00:00+09:00,169.79425167921113,173.9970796910728,168.9536860768388,172.31594848632812,74000,0.0,0.0
2012-11-19 00:00:00+09:00,175.6782216192449,176.51878727292552,173.15652465820312,173.15652465820312,35000,0.0,0.0
2012-11-20 00:00:00+09:00,175.67819213867188,176.5187576512971,173.99706111342144,175.67819213867188,30000,0.0,0.0
2012-11-21 00:00:00+09:00,175.67822366390587,178.19992065429688,175.67822366390587,178.19992065429688,23000,0.0,0.0
2012-11-22 00:00:00+09:00,180.72160686765397,188.2866973876953,180.72160686765397,188.2866973876953,146000,0.0,0.0
2012-11-26 00:00:00+09:00,193.33011827970807,196.6923812063117,189.12728962145354,191.64898681640625,193000,0.0,0.0
2012-11-27 00:00:00+09:00,191.648959841047,191.648959841047,187.44613177435738,188.2866973876953,75000,0.0,0.0
2012-11-28 00:00:00+09:00,187.4461422390408,192.48953620062935,186.60557657877604,189.1272735595703,84000,0.0,0.0
2012-11-29 00:00:00+09:00,189.1272666237571,190.80839788263495,183.24330721768465,184.9244384765625,80000,0.0,0.0
2012-11-30 00:00:00+09:00,185.76499938964844,187.44613060584436,184.92443378155048,185.76499938964844,43000,0.0,0.0
2012-12-03 00:00:00+09:00,186.60555904858734,186.60555904858734,182.40273114208762,184.0838623046875,48000,0.0,0.0
2012-12-04 00:00:00+09:00,184.08386699431534,184.08386699431534,183.24330139160156,183.24330139160156,27000,0.0,0.0
2012-12-05 00:00:00+09:00,182.40274047851562,184.08387172716556,180.72160922986572,182.40274047851562,48000,0.0,0.0
2012-12-06 00:00:00+09:00,184.92442701581265,195.01121394394787,184.92442701581265,192.48951721191406,126000,0.0,0.0
2012-12-07 00:00:00+09:00,191.64898681640625,192.48955254805716,189.96785535310445,191.64898681640625,52000,0.0,0.0
2012-12-10 00:00:00+09:00,194.1706612150548,198.3734893798828,192.48952994912358,198.3734893798828,139000,0.0,0.0
2012-12-11 00:00:00+09:00,199.21404911921576,199.21404911921576,195.85178668682394,196.69235229492188,73000,0.0,0.0
2012-12-12 00:00:00+09:00,197.53294537176234,203.4169054466659,197.53294537176234,202.5763397216797,93000,0.0,0.0
2012-12-13 00:00:00+09:00,204.2574462890625,208.46027440200618,203.41688066647376,204.2574462890625,105000,0.0,0.0
2012-12-14 00:00:00+09:00,200.89519212225906,201.73575777967437,198.37349515001313,200.05462646484375,65000,0.0,0.0
2012-12-17 00:00:00+09:00,207.61970877941744,207.61970877941744,200.05461817611882,204.2574462890625,137000,0.0,0.0
2012-12-18 00:00:00+09:00,205.09801191165124,205.09801191165124,200.89518379870756,204.2574462890625,66000,0.0,0.0
2012-12-19 00:00:00+09:00,205.09801191165124,206.7791431568287,201.7357494212963,204.2574462890625,122000,0.0,0.0
2012-12-20 00:00:00+09:00,207.619699283522,207.619699283522,204.25743694694674,205.93856811523438,79000,0.0,0.0
2012-12-21 00:00:00+09:00,206.77916345517497,206.77916345517497,200.05463781435628,203.41690063476562,57000,0.0,0.0
2012-12-25 00:00:00+09:00,205.09804007187194,215.18482892786562,205.09804007187194,212.6631317138672,191000,0.0,0.0
2012-12-26 00:00:00+09:00,214.34426318986615,215.18482892786562,210.14143449986878,212.6631317138672,84000,0.0,0.0
2012-12-27 00:00:00+09:00,217.70651447342104,217.70651447342104,209.3008575439453,209.3008575439453,123000,0.0,0.0
2012-12-28 00:00:00+09:00,210.98197571997548,216.02536956188726,210.98197571997548,214.34423828125,130000,0.0,0.0
2013-01-04 00:00:00+09:00,220.22817993164062,220.22817993164062,214.34422092583344,220.22817993164062,153000,0.0,0.0
2013-01-07 00:00:00+09:00,225.27161292890054,231.15557296808825,224.43104720901658,229.4744415283203,239000,0.0,0.0
2013-01-08 00:00:00+09:00,226.11215682527913,226.11215682527913,223.59045990901205,225.27159118652344,85000,0.0,0.0
2013-01-09 00:00:00+09:00,225.2716053592777,236.19895935058594,224.4310396676386,236.19895935058594,170000,0.0,0.0
2013-01-10 00:00:00+09:00,240.40173472528872,259.7347413640357,239.56116921925624,251.32908630371094,567000,0.0,0.0
2013-01-11 00:00:00+09:00,258.0536690387789,258.0536690387789,250.48857776402642,254.69140625,242000,0.0,0.0
2013-01-15 00:00:00+09:00,258.8942565917969,263.937651200728,255.53199351917615,258.8942565917969,292000,0.0,0.0
2013-01-16 00:00:00+09:00,258.8942565917969,262.2565196644176,255.53199351917615,258.8942565917969,305000,0.0,0.0
2013-01-17 00:00:00+09:00,260.57536125183105,273.18384647369385,260.57536125183105,268.98101806640625,307000,0.0,0.0
2013-01-18 00:00:00+09:00,273.1838124442171,283.2705993652344,273.1838124442171,283.2705993652344,279000,0.0,0.0
2013-01-21 00:00:00+09:00,288.3139740616695,289.1545395837152,282.43001540734974,286.6328430175781,230000,0.0,0.0
2013-01-22 00:00:00+09:00,292.5168590012875,300.9225158691406,291.67629331450223,300.9225158691406,357000,0.0,0.0
2013-01-23 00:00:00+09:00,299.24136678617293,322.7772046232877,295.8791042380137,306.80645751953125,581000,0.0,0.0
2013-01-24 00:00:00+09:00,311.00926252320295,324.45831171339546,297.5602133330104,321.9366149902344,441000,0.0,0.0
2013-01-25 00:00:00+09:00,324.45837634122825,332.8640337593948,324.45837634122825,332.0234680175781,398000,0.0,0.0
2013-01-28 00:00:00+09:00,336.22623827091604,337.0668038665933,304.284745635179,317.7337951660156,495000,0.0,0.0
2013-01-29 00:00:00+09:00,311.84985562028555,320.25551210600753,307.6470273774246,316.89324951171875,151000,0.0,0.0
2013-01-30 00:00:00+09:00,316.89324737302053,321.9366412304161,300.9225001579346,311.849853515625,241000,0.0,0.0
2013-01-31 00:00:00+09:00,313.53101206489924,313.53101206489924,301.7630920410156,301.7630920410156,112000,0.0,0.0
2013-02-01 00:00:00+09:00,301.7630636972924,306.80645751953125,300.92249806025256,306.80645751953125,131000,0.0,0.0
2013-02-04 00:00:00+09:00,304.28476578561884,319.4149475097656,304.28476578561884,319.4149475097656,139000,0.0,0.0
2013-02-05 00:00:00+09:00,312.6904306640625,315.2121276855469,312.6904306640625,315.2121276855469,48000,0.0,0.0
2013-02-06 00:00:00+09:00,322.7771805646214,325.29887728778255,315.2120903951381,321.9366149902344,117000,0.0,0.0
2013-02-07 00:00:00+09:00,324.4583539938126,330.34231378126515,318.57439420636,325.2989196777344,151000,0.0,0.0
2013-02-08 00:00:00+09:00,326.9799976448738,327.8205631915187,319.4149077250695,321.0960388183594,49000,0.0,0.0
2013-02-12 00:00:00+09:00,321.09609528003665,321.936660974487,308.48760986328125,308.48760986328125,84000,0.0,0.0
2013-02-13 00:00:00+09:00,308.48760986328125,314.37156972443375,308.48760986328125,308.48760986328125,62000,0.0,0.0
2013-02-14 00:00:00+09:00,306.8064119580766,306.8064119580766,291.6762327382262,298.4007568359375,82000,0.0,0.0
2013-02-15 00:00:00+09:00,293.3574069795155,293.3574069795155,274.02439735049296,282.4300537109375,144000,0.0,0.0
2013-02-18 00:00:00+09:00,280.7489074881917,295.8790881312679,279.9083418969097,293.3573913574219,35000,0.0,0.0
2013-02-19 00:00:00+09:00,294.19799037485814,300.9225158691406,294.19799037485814,300.9225158691406,17000,0.0,0.0
2013-02-20 00:00:00+09:00,302.6036144438244,318.57436076169296,302.6036144438244,317.7337951660156,109000,0.0,0.0
2013-02-21 00:00:00+09:00,317.73380458101315,318.57437020159784,316.05267333984375,316.05267333984375,32000,0.0,0.0
2013-02-22 00:00:00+09:00,314.3715515136719,314.3715515136719,304.2847637645701,314.3715515136719,57000,0.0,0.0
2013-02-25 00:00:00+09:00,318.5743932723999,322.7772216796875,316.89326190948486,322.7772216796875,76000,0.0,0.0
2013-02-26 00:00:00+09:00,318.57437020159784,320.25550144276724,308.4875827545815,316.05267333984375,84000,0.0,0.0
2013-02-27 00:00:00+09:00,311.8498779296875,325.2989292689732,311.00931222098217,323.6177978515625,113000,0.0,0.0
2013-02-28 00:00:00+09:00,337.9073935843803,388.34133292533255,337.9073935843803,373.2111511230469,1448000,0.0,0.0
2013-03-01 00:00:00+09:00,366.4866266330751,405.9932125315947,363.12436400341386,400.1092529296875,905000,0.0,0.0
2013-03-04 00:00:00+09:00,400.10930712233744,401.79043866486825,367.32724204298626,374.892333984375,517000,0.0,0.0
2013-03-05 00:00:00+09:00,377.4139478793747,392.54412841796875,366.48659526816783,392.54412841796875,330000,0.0,0.0
2013-03-06 00:00:00+09:00,399.26863050952403,409.35541696450144,384.9790163649726,407.6742858886719,327000,0.0,0.0
2013-03-07 00:00:00+09:00,411.0366072166623,428.68848605418765,397.5875566737858,427.0073547363281,363000,0.0,0.0
2013-03-08 00:00:00+09:00,437.09411046374765,458.948815986935,434.57241367261065,446.34033203125,452000,0.0,0.0
2013-03-11 00:00:00+09:00,448.02144603544065,448.02144603544065,421.9639135268128,432.8912658691406,219000,0.0,0.0
2013-03-12 00:00:00+09:00,416.0799808502197,427.84789950052897,400.1092341105143,403.47149658203125,182000,0.0,0.0
2013-03-13 00:00:00+09:00,398.42809043379725,421.1233614078743,398.42809043379725,419.4422302246094,78000,0.0,0.0
2013-03-14 00:00:00+09:00,427.8479018976659,429.5290331428434,402.63093322000384,408.514892578125,168000,0.0,0.0
2013-03-15 00:00:00+09:00,411.8771772520605,416.9205712592286,407.67434891275377,412.7177429199219,98000,0.0,0.0
2013-03-18 00:00:00+09:00,395.0658447761846,417.76111671013564,395.0658447761846,413.55828857421875,144000,0.0,0.0
2013-03-19 00:00:00+09:00,418.6016785747176,430.36959724950884,416.07998171583375,427.847900390625,148000,0.0,0.0
2013-03-21 00:00:00+09:00,437.09415251437616,453.0649003947092,437.09415251437616,452.2243347167969,140000,0.0,0.0
2013-03-22 00:00:00+09:00,448.86201558586293,448.86201558586293,414.39882712327795,440.45635986328125,127000,0.0,0.0
2013-03-25 00:00:00+09:00,437.09409757424856,443.81862215231394,436.2535320019904,440.45635986328125,49000,0.0,0.0
2013-03-26 00:00:00+09:00,433.7318369547526,433.7318369547526,423.6450500488281,423.6450500488281,47000,0.0,0.0
2013-03-27 00:00:00+09:00,427.06158447265625,433.04044665527346,426.20746130371094,427.06158447265625,15000,8.0,0.0
2013-03-28 00:00:00+09:00,427.0615423879316,427.0615423879316,419.37443462494883,423.6450500488281,55000,0.0,0.0
2013-03-29 00:00:00+09:00,419.3744727588091,419.3744727588091,415.10385694660124,416.8121032714844,45000,0.0,0.0
2013-04-01 00:00:00+09:00,427.06159266029914,427.91571584561973,418.52036080709314,420.2286071777344,120000,0.0,0.0
2013-04-02 00:00:00+09:00,415.10384632457385,423.6450777304293,402.2919992157907,422.79095458984375,98000,0.0,0.0
2013-04-03 00:00:00+09:00,415.9579805362678,426.20745849609375,415.9579805362678,426.20745849609375,61000,0.0,0.0
2013-04-04 00:00:00+09:00,418.52035802153614,420.22860438080767,414.2497421233572,419.3744812011719,42000,0.0,0.0
2013-04-05 00:00:00+09:00,429.623951149369,434.74869012928195,422.7909658428184,426.20745849609375,86000,0.0,0.0
2013-04-08 00:00:00+09:00,435.6027803252394,435.6027803252394,430.47804173317775,434.7486572265625,55000,0.0,0.0
2013-04-09 00:00:00+09:00,433.0404523264365,434.74869868669856,427.06159006551917,428.76983642578125,57000,0.0,0.0
2013-04-10 00:00:00+09:00,423.6451027272439,428.769841873138,420.2286099633145,421.0827331542969,65000,0.0,0.0
2013-04-11 00:00:00+09:00,421.93687034779265,426.20748644443023,415.9580078125,415.9580078125,63000,0.0,0.0
2013-04-12 00:00:00+09:00,418.5203527832031,427.06158447265625,416.8121064453125,427.06158447265625,65000,0.0,0.0
2013-04-15 00:00:00+09:00,427.0615653386192,434.7486735147143,421.0827034238785,430.4780578613281,33000,0.0,0.0
2013-04-16 00:00:00+09:00,425.3533491092086,425.3533491092086,418.52036358134984,421.0827331542969,16000,0.0,0.0
2013-04-17 00:00:00+09:00,469.7676719809478,472.3300411008439,451.83108814167525,452.6852111816406,362000,0.0,0.0
2013-04-18 00:00:00+09:00,452.6852052861994,459.51818951693446,448.41459014198995,450.9769592285156,168000,0.0,0.0
2013-04-19 00:00:00+09:00,448.41468678733514,448.41468678733514,442.4358242968373,443.2899475097656,36000,0.0,0.0
2013-04-22 00:00:00+09:00,443.2899056147603,446.70639814358316,439.0192899537318,439.8734130859375,55000,0.0,0.0
2013-04-23 00:00:00+09:00,444.14407623935335,444.99819946289057,439.8734601216673,444.9981994628906,52000,0.0,0.0
2013-04-24 00:00:00+09:00,448.4146536410644,451.8311462402344,446.7064073414794,451.8311462402344,58000,0.0,0.0
2013-04-25 00:00:00+09:00,457.8099434592507,461.2264355746182,444.1439749977805,450.9769592285156,153000,0.0,0.0
2013-04-26 00:00:00+09:00,448.41465777661426,449.268780934284,418.52034725817333,425.35333251953125,213000,0.0,0.0
2013-04-30 00:00:00+09:00,427.9156695989173,434.7486543430118,423.64505413385825,433.89453125,58000,0.0,0.0
2013-05-01 00:00:00+09:00,431.3321859956992,431.3321859956992,422.79095458984375,422.79095458984375,41000,0.0,0.0
2013-05-02 00:00:00+09:00,427.0615702927715,429.6239397145281,422.79095458984375,422.79095458984375,24000,0.0,0.0
2013-05-07 00:00:00+09:00,431.33216197096453,434.7486543430118,427.0615465059055,433.89453125,51000,0.0,0.0
2013-05-08 00:00:00+09:00,434.7486735147143,434.7486735147143,429.6239347306509,430.4780578613281,63000,0.0,0.0
2013-05-09 00:00:00+09:00,459.5182409553885,464.6429797021028,444.99814783969776,456.95587158203125,199000,0.0,0.0
2013-05-10 00:00:00+09:00,495.3913913089018,541.5140380859375,486.8501604242656,541.5140380859375,742000,0.0,0.0
2013-05-13 00:00:00+09:00,538.0976059857537,542.3682219062755,515.8904031990401,522.723388671875,268000,0.0,0.0
2013-05-14 00:00:00+09:00,522.723368898502,529.5563541128615,512.4738910769628,516.7445068359375,108000,0.0,0.0
2013-05-15 00:00:00+09:00,525.2857920497754,525.2857920497754,491.12086248556244,514.1821899414062,139000,0.0,0.0
2013-05-16 00:00:00+09:00,514.1820806088655,514.1820806088655,485.14189665421196,491.1207580566406,72000,0.0,0.0
2013-05-17 00:00:00+09:00,495.3913965765035,499.662012064232,492.8290272838664,497.9537658691406,17000,0.0,0.0
2013-05-20 00:00:00+09:00,503.9327110721423,516.7445596587222,503.9327110721423,514.1821899414062,38000,0.0,0.0
2013-05-21 00:00:00+09:00,516.7446156819661,519.3069856770834,505.64101236979167,512.4739990234375,63000,0.0,0.0
2013-05-22 00:00:00+09:00,514.1821481966255,518.4527640454346,510.7656555175781,510.7656555175781,23000,0.0,0.0
2013-05-23 00:00:00+09:00,504.7868275922887,504.7868275922887,456.9559268390431,464.6430358886719,86000,0.0,0.0
2013-05-24 00:00:00+09:00,460.3723682588744,477.4548309029885,436.4569205571147,439.8734130859375,71000,0.0,0.0
2013-05-27 00:00:00+09:00,427.9156695989173,434.7486543430118,427.0615465059055,433.89453125,36000,0.0,0.0
2013-05-28 00:00:00+09:00,425.3533439413149,438.1651916503906,425.3533439413149,438.1651916503906,5000,0.0,0.0
2013-05-29 00:00:00+09:00,448.4146592307226,453.5393981933594,445.8522897494042,453.5393981933594,20000,0.0,0.0
2013-05-30 00:00:00+09:00,444.144053914626,444.144053914626,427.91571348313005,438.1651916503906,31000,0.0,0.0
2013-05-31 00:00:00+09:00,431.33216768152573,439.87339872472427,431.33216768152573,435.602783203125,8000,0.0,0.0
2013-06-03 00:00:00+09:00,434.7486896827573,450.97702976914707,416.8121032714844,416.8121032714844,80000,0.0,0.0
2013-06-04 00:00:00+09:00,405.7085073068893,409.125,391.18841336116907,409.125,45000,0.0,0.0
2013-06-05 00:00:00+09:00,401.4378941853841,415.1038650512695,401.4378941853841,409.9791259765625,20000,0.0,0.0
2013-06-06 00:00:00+09:00,389.4801688994337,394.60490796389996,380.08481394791227,381.7930603027344,52000,0.0,0.0
2013-06-07 00:00:00+09:00,341.6492701728563,358.73173368149907,339.94102382199196,353.60699462890625,85000,0.0,0.0
2013-06-10 00:00:00+09:00,371.5435656073953,383.5012895579781,367.2729499107586,376.6683044433594,53000,0.0,0.0
2013-06-11 00:00:00+09:00,375.81414794921875,381.7930093938654,374.9600248856978,375.81414794921875,17000,0.0,0.0
2013-06-12 00:00:00+09:00,374.10592077412736,374.10592077412736,350.1904737840005,372.3976745605469,86000,0.0,0.0
2013-06-13 00:00:00+09:00,360.439971404064,360.439971404064,350.1904935442328,351.04461669921875,25000,0.0,0.0
2013-06-14 00:00:00+09:00,364.7105790823342,364.7105790823342,356.1693477220922,357.8775939941406,13000,0.0,0.0
2013-06-17 00:00:00+09:00,352.7528607511181,363.0023385453394,352.7528607511181,359.5858459472656,18000,0.0,0.0
2013-06-18 00:00:00+09:00,360.43992379995495,360.43992379995495,355.315185546875,355.315185546875,10000,0.0,0.0
2013-06-19 00:00:00+09:00,359.5858459472656,363.85646169485784,356.16935334919185,359.5858459472656,19000,0.0,0.0
2013-06-20 00:00:00+09:00,365.564697265625,365.564697265625,356.1693428966487,365.564697265625,12000,0.0,0.0
2013-06-21 00:00:00+09:00,358.7317056311182,358.7317056311182,350.190474544663,354.4610900878906,10000,0.0,0.0
2013-06-24 00:00:00+09:00,351.0446044459487,351.0446044459487,338.2327575683594,338.2327575683594,34000,0.0,0.0
2013-06-25 00:00:00+09:00,333.96215255462727,334.81627570694087,327.12916733611826,332.25390625,17000,0.0,0.0
2013-06-26 00:00:00+09:00,333.108004596837,333.9621276855469,328.83738915328786,333.9621276855469,22000,0.0,0.0
2013-06-27 00:00:00+09:00,333.9621829223633,341.6492919921875,326.27507385253904,341.6492919921875,18000,0.0,0.0
2013-06-28 00:00:00+09:00,343.3575134277344,351.0446219373105,340.79514392454234,343.3575134277344,41000,0.0,0.0
2013-07-01 00:00:00+09:00,350.1904472937951,358.73167771559497,350.1904472937951,355.315185546875,34000,0.0,0.0
2013-07-02 00:00:00+09:00,365.564702943314,372.39768804505815,365.564702943314,367.27294921875,22000,0.0,0.0
2013-07-03 00:00:00+09:00,374.1059047154018,374.1059047154018,358.731689453125,358.731689453125,45000,0.0,0.0
2013-07-04 00:00:00+09:00,362.14822106327574,362.14822106327574,357.87760524885033,361.2940979003906,13000,0.0,0.0
2013-07-05 00:00:00+09:00,360.4399576530182,363.8564501426203,353.6069726738141,356.1693420410156,46000,0.0,0.0
2013-07-08 00:00:00+09:00,360.4399576530182,363.8564501426203,356.1693420410156,356.1693420410156,56000,0.0,0.0
2013-07-09 00:00:00+09:00,357.87763818704855,362.14825439453125,357.02351494555205,362.14825439453125,29000,0.0,0.0
2013-07-10 00:00:00+09:00,364.710590551931,367.2729600405862,361.2940979003906,361.2940979003906,36000,0.0,0.0
2013-07-11 00:00:00+09:00,361.29409455904994,361.29409455904994,351.04461669921875,351.04461669921875,30000,0.0,0.0
2013-07-12 00:00:00+09:00,361.2940979003906,363.8564673890459,355.31523576019504,361.2940979003906,55000,0.0,0.0
2013-07-16 00:00:00+09:00,361.29407495705476,361.29407495705476,353.6069669792451,354.4610900878906,55000,0.0,0.0
2013-07-17 00:00:00+09:00,353.6069669792451,354.4610900878906,353.6069669792451,354.4610900878906,14000,0.0,0.0
2013-07-18 00:00:00+09:00,355.31522961128053,355.31522961128053,345.065751834032,350.19049072265625,272000,0.0,0.0
2013-07-19 00:00:00+09:00,346.77400861467635,347.62813178860415,330.54566831004865,334.8162841796875,134000,0.0,0.0
2013-07-22 00:00:00+09:00,337.3786512536196,343.3575134277344,336.5245280858889,343.3575134277344,38000,0.0,0.0
2013-07-23 00:00:00+09:00,341.6492529419868,343.35749920669673,338.2327604125669,339.0868835449219,24000,0.0,0.0
2013-07-24 00:00:00+09:00,401.4378601914152,401.4378601914152,358.731704851903,372.3976745605469,844000,0.0,0.0
2013-07-25 00:00:00+09:00,378.37654499584016,379.2306681222416,368.1270674790228,374.9600524902344,129000,0.0,0.0
2013-07-26 00:00:00+09:00,369.8353576660156,370.6894808938817,359.5858789316226,369.8353576660156,66000,0.0,0.0
2013-07-29 00:00:00+09:00,363.0022941551772,363.0022941551772,346.7739562988281,346.7739562988281,67000,0.0,0.0
2013-07-30 00:00:00+09:00,348.4822394978744,359.58584026618905,348.4822394978744,357.8775939941406,38000,0.0,0.0
2013-07-31 00:00:00+09:00,351.04461325738663,351.04461325738663,340.7951354980469,340.7951354980469,93000,0.0,0.0
2013-08-01 00:00:00+09:00,347.62810128261674,347.62810128261674,336.52450099594836,344.21160888671875,43000,0.0,0.0
2013-08-02 00:00:00+09:00,348.4822555763134,353.60699462890625,345.06576287458483,353.60699462890625,39000,0.0,0.0
2013-08-05 00:00:00+09:00,354.461062504695,357.023431631235,351.0445703359751,355.315185546875,21000,0.0,0.0
2013-08-06 00:00:00+09:00,357.0234730167902,357.0234730167902,349.33636474609375,349.33636474609375,69000,0.0,0.0
2013-08-07 00:00:00+09:00,351.04457152418314,353.6069406593962,346.7739562988281,346.7739562988281,28000,0.0,0.0
2013-08-08 00:00:00+09:00,348.4822023889701,348.4822023889701,341.6492180284021,346.7739562988281,30000,0.0,0.0
2013-08-09 00:00:00+09:00,345.06575976319573,345.9198829309264,342.5033902600037,343.3575134277344,6000,0.0,0.0
2013-08-12 00:00:00+09:00,363.85646169485784,377.522432087153,353.6069839006365,359.5858459472656,359000,0.0,0.0
2013-08-13 00:00:00+09:00,363.0023718430869,369.8353576660156,359.5858789316226,369.8353576660156,96000,0.0,0.0
2013-08-14 00:00:00+09:00,371.5435985733351,372.3977217884462,364.71061285244616,368.1271057128906,62000,0.0,0.0
2013-08-15 00:00:00+09:00,368.12711121028343,374.105973805346,367.27298798241736,369.8353576660156,50000,0.0,0.0
2013-08-16 00:00:00+09:00,368.981201171875,375.8141863787616,367.2729548701534,368.981201171875,35000,0.0,0.0
2013-08-19 00:00:00+09:00,373.25182544225936,374.96007178295616,368.98120959051727,371.5435791015625,25000,0.0,0.0
2013-08-20 00:00:00+09:00,369.8353381089761,372.3977076570753,363.8564758300781,363.8564758300781,20000,0.0,0.0
2013-08-21 00:00:00+09:00,362.14821539582096,364.71058484437634,358.7317227977472,359.5858459472656,27000,0.0,0.0
2013-08-22 00:00:00+09:00,362.14822106327574,362.14822106327574,359.5858515746205,361.2940979003906,8000,0.0,0.0
2013-08-23 00:00:00+09:00,364.7105877049161,364.7105877049161,360.4399719238281,360.4399719238281,15000,0.0,0.0
2013-08-26 00:00:00+09:00,363.0023391158493,368.981201171875,360.4399696632668,368.981201171875,20000,0.0,0.0
2013-08-27 00:00:00+09:00,368.9812289280017,368.9812289280017,365.56473606755725,368.1271057128906,16000,0.0,0.0
2013-08-28 00:00:00+09:00,363.00229292649493,363.00229292649493,353.606939462515,355.315185546875,41000,0.0,0.0
2013-08-29 00:00:00+09:00,355.3152329865225,360.4399719238281,355.3152329865225,360.4399719238281,29000,0.0,0.0
2013-08-30 00:00:00+09:00,354.4610900878906,357.87758252247266,353.6069669792451,354.4610900878906,24000,0.0,0.0
2013-09-02 00:00:00+09:00,354.461062504695,355.315185546875,354.461062504695,355.315185546875,10000,0.0,0.0
2013-09-03 00:00:00+09:00,357.0234820859652,361.2940979003906,355.31523576019504,361.2940979003906,39000,0.0,0.0
2013-09-04 00:00:00+09:00,362.14822106327574,363.0023442261608,356.16935892308015,361.2940979003906,38000,0.0,0.0
2013-09-05 00:00:00+09:00,365.5646740141369,365.5646740141369,358.731689453125,358.731689453125,17000,0.0,0.0
2013-09-06 00:00:00+09:00,360.44000791153815,362.14825439453125,356.1693917040555,362.14825439453125,24000,0.0,0.0
2013-09-09 00:00:00+09:00,363.8565090635063,365.56475558493116,362.14826254208134,364.71063232421875,34000,0.0,0.0
2013-09-10 00:00:00+09:00,364.7105854175709,368.981201171875,359.58584651240596,368.981201171875,36000,0.0,0.0
2013-09-11 00:00:00+09:00,370.689409568093,375.81414794921875,369.8352865045721,375.81414794921875,40000,0.0,0.0
2013-09-12 00:00:00+09:00,374.10590182217686,375.81414794921875,369.8352865045721,375.81414794921875,46000,0.0,0.0
2013-09-13 00:00:00+09:00,377.5224218694387,392.04251501826326,374.9600524902344,374.9600524902344,95000,0.0,0.0
2013-09-17 00:00:00+09:00,374.9600248856978,376.6682710127397,372.3976556951349,375.81414794921875,28000,0.0,0.0
2013-09-18 00:00:00+09:00,373.25177875865586,376.6682710127397,372.3976556951349,375.81414794921875,25000,0.0,0.0
2013-09-19 00:00:00+09:00,374.9600665805576,379.2306823730469,374.1059434220598,379.2306823730469,24000,0.0,0.0
2013-09-20 00:00:00+09:00,379.2306547357795,382.64714712078654,379.2306547357795,380.08477783203125,16000,0.0,0.0
2013-09-24 00:00:00+09:00,381.79302234020867,388.6260070800781,379.2306530627576,388.6260070800781,25000,0.0,0.0
2013-09-25 00:00:00+09:00,382.64719460227275,392.0425498268821,382.64719460227275,385.2095642089844,20000,0.0,0.0
2013-09-26 00:00:00+09:00,384.35544925639283,388.62606535924164,378.3765867124045,387.7719421386719,23000,0.0,0.0
2013-09-27 00:00:00+09:00,391.1884183198019,392.04254150390625,387.7719255833844,392.04254150390625,22000,0.0,0.0
2013-09-30 00:00:00+09:00,390.33428955078125,392.04253589454834,385.20955051947993,390.33428955078125,32000,0.0,0.0
2013-10-01 00:00:00+09:00,396.3131743443695,397.16729756493925,385.2095724769626,387.7719421386719,42000,0.0,0.0
2013-10-02 00:00:00+09:00,390.3342339502622,390.3342339502622,374.10589599609375,374.10589599609375,32000,0.0,0.0
2013-10-03 00:00:00+09:00,374.1059236504666,379.23066233060996,371.54355431039494,373.2518005371094,38000,0.0,0.0
2013-10-04 00:00:00+09:00,373.25184758791266,379.23071013508746,373.25184758791266,378.3765869140625,16000,0.0,0.0
2013-10-07 00:00:00+09:00,381.7930473459178,396.3131408691406,381.7930473459178,396.3131408691406,79000,0.0,0.0
2013-10-08 00:00:00+09:00,390.3342675913935,392.8966369628906,386.06365197223164,392.8966369628906,35000,0.0,0.0
2013-10-09 00:00:00+09:00,392.04250063916646,398.87548539976194,390.3342544490176,398.0213623046875,51000,0.0,0.0
2013-10-10 00:00:00+09:00,402.29197036163714,408.27083191690565,398.87547804434087,404.8543395996094,82000,0.0,0.0
2013-10-11 00:00:00+09:00,411.6873398138552,422.7909402652662,409.9790935905612,418.52032470703125,97000,0.0,0.0
2013-10-15 00:00:00+09:00,421.0827034238785,431.33218099200536,420.2285802932013,430.4780578613281,83000,0.0,0.0
2013-10-16 00:00:00+09:00,430.4779944259129,462.08054560400575,426.2073794018463,456.1016845703125,130000,0.0,0.0
2013-10-17 00:00:00+09:00,447.56054999928585,467.20538330078125,444.1440572511997,467.20538330078125,133000,0.0,0.0
2013-10-18 00:00:00+09:00,463.7888297581309,511.61972196154767,461.22646053294784,503.0784912109375,332000,0.0,0.0
2013-10-21 00:00:00+09:00,477.4548757838674,482.57961505882844,459.51828832150386,462.0806579589844,220000,0.0,0.0
2013-10-22 00:00:00+09:00,468.0595036880438,469.76775005186875,461.22651823274384,466.35125732421875,84000,0.0,0.0
2013-10-23 00:00:00+09:00,462.0806240377444,462.93474718753697,442.43579159251686,451.8311462402344,114000,0.0,0.0
2013-10-24 00:00:00+09:00,450.97705078125,450.97705078125,437.31107954545456,441.5816955566406,54000,0.0,0.0
2013-10-25 00:00:00+09:00,448.41464951104325,448.41464951104325,432.1863098144531,432.1863098144531,54000,0.0,0.0
2013-10-28 00:00:00+09:00,433.8945532468286,437.3110457920792,429.6239375652653,431.3321838378906,34000,0.0,0.0
2013-10-29 00:00:00+09:00,431.3321838378906,431.3321838378906,431.3321838378906,431.3321838378906,0,0.0,0.0
2013-10-30 00:00:00+09:00,439.01929206470453,439.87341520101717,427.91569129264,431.3321838378906,50000,0.0,0.0
2013-10-31 00:00:00+09:00,431.33218099200536,431.33218099200536,431.33218099200536,430.4780578613281,0,0.0,0.0
2013-11-01 00:00:00+09:00,441.5816470268078,471.47595581972513,433.04041594311707,454.39349365234375,204000,0.0,0.0
2013-11-05 00:00:00+09:00,463.788840230306,472.3300711737739,457.80997856987847,461.2264709472656,150000,0.0,0.0
2013-11-06 00:00:00+09:00,465.49713692673816,469.76775286184585,465.49713692673816,467.20538330078125,50000,0.0,0.0
2013-11-07 00:00:00+09:00,467.20534707165643,468.05947019244553,460.37236210534337,465.4971008300781,75000,0.0,0.0
2013-11-08 00:00:00+09:00,456.10177914126893,466.35125732421875,453.5394095955314,466.35125732421875,62000,0.0,0.0
2013-11-11 00:00:00+09:00,466.3512465078619,473.1842318046804,465.49712334575963,472.3301086425781,46000,0.0,0.0
2013-11-12 00:00:00+09:00,472.3300185785061,497.0995855564024,472.3300185785061,490.2666015625,156000,0.0,0.0
2013-11-13 00:00:00+09:00,490.2666192416487,495.391357421875,484.28775803138467,495.391357421875,47000,0.0,0.0
2013-11-14 00:00:00+09:00,495.391359601702,495.391359601702,474.03828375680104,478.30889892578125,67000,0.0,0.0
2013-11-15 00:00:00+09:00,476.6007355071686,484.28784414438104,465.49713414230627,466.35125732421875,66000,0.0,0.0
2013-11-18 00:00:00+09:00,468.0595203344373,471.47601318359375,468.0595203344373,471.47601318359375,28000,0.0,0.0
2013-11-19 00:00:00+09:00,474.0383935353113,484.2878723144531,474.0383935353113,484.2878723144531,29000,0.0,0.0
2013-11-20 00:00:00+09:00,478.30894764191515,481.7254401250717,465.4971008300781,465.4971008300781,37000,0.0,0.0
2013-11-21 00:00:00+09:00,469.76773915627115,478.3089707772943,468.05949283206655,472.3301086425781,69000,0.0,0.0
2013-11-22 00:00:00+09:00,472.3301363958829,477.4548756696176,465.4971506975699,471.47601318359375,77000,0.0,0.0
2013-11-25 00:00:00+09:00,464.643002947315,482.57958945814886,464.643002947315,473.1842346191406,102000,0.0,0.0
2013-11-26 00:00:00+09:00,473.18422329989346,477.45483903364703,467.20536127263847,469.7677307128906,75000,0.0,0.0
2013-11-27 00:00:00+09:00,474.03831855787774,474.89244165437844,469.76770307537436,470.621826171875,32000,0.0,0.0
2013-11-28 00:00:00+09:00,476.6006918546361,492.8290308245969,473.18419943990756,480.8713073730469,70000,0.0,0.0
2013-11-29 00:00:00+09:00,473.1842377463836,485.1419621659673,473.1842377463836,483.4337158203125,63000,0.0,0.0
2013-12-02 00:00:00+09:00,476.60077990331683,484.28788925659615,476.60077990331683,480.01727294921875,20000,0.0,0.0
2013-12-03 00:00:00+09:00,482.5795461250479,489.41253084894237,482.5795461250479,487.70428466796875,48000,0.0,0.0
2013-12-04 00:00:00+09:00,486.85016445346645,491.1207799311284,486.85016445346645,488.55841064453125,62000,0.0,0.0
2013-12-05 00:00:00+09:00,488.55849399130875,490.26674047379583,482.5796313026039,485.9961242675781,31000,0.0,0.0
2013-12-06 00:00:00+09:00,485.99611046973695,485.99611046973695,476.60075508280005,481.7254943847656,143000,0.0,0.0
2013-12-09 00:00:00+09:00,483.43367207133684,490.26665683559605,483.43367207133684,488.55841064453125,47000,0.0,0.0
2013-12-10 00:00:00+09:00,491.120846740201,501.3703252808661,490.2667235284789,499.6620788574219,128000,0.0,0.0
2013-12-11 00:00:00+09:00,495.391424120087,498.8079167002255,489.41256210484454,497.09967041015625,104000,0.0,0.0
2013-12-12 00:00:00+09:00,492.82902902333524,493.6831521238956,486.8501673194126,489.41253662109375,60000,0.0,0.0
2013-12-13 00:00:00+09:00,488.55843548691064,490.2666817648369,486.8501892089844,486.8501892089844,38000,0.0,0.0
2013-12-16 00:00:00+09:00,487.7043123479475,487.7043123479475,482.57957351416877,486.8501892089844,69000,0.0,0.0
2013-12-17 00:00:00+09:00,486.85024750882167,487.7043707500652,485.1420010263346,485.9961242675781,47000,0.0,0.0
2013-12-18 00:00:00+09:00,486.85014276919156,496.2454964015795,485.99601971170176,491.1207580566406,125000,0.0,0.0
2013-12-19 00:00:00+09:00,490.26672655470827,491.97497298869683,474.03838543181723,481.7254943847656,185000,0.0,0.0
2013-12-20 00:00:00+09:00,481.72544680359545,481.72544680359545,474.8924617425515,476.6007080078125,123000,0.0,0.0
2013-12-24 00:00:00+09:00,480.01718023338253,480.01718023338253,470.62182617187506,470.621826171875,123000,0.0,0.0
2013-12-25 00:00:00+09:00,478.30893404038113,490.2666573913907,469.76770307537436,470.621826171875,162000,0.0,0.0
2013-12-26 00:00:00+09:00,486.8501499720982,556.0341186523438,486.8501499720982,556.0341186523438,333000,0.0,0.0
2013-12-27 00:00:00+09:00,552.6175627253606,563.721161358173,532.1186114032452,555.179931640625,171000,0.0,0.0
2013-12-30 00:00:00+09:00,555.1800708151848,607.2815851532253,548.3470853282287,579.0955200195312,98000,0.0,0.0
2014-01-06 00:00:00+09:00,575.6789892435769,589.344959314641,560.3047729136297,585.928466796875,64000,0.0,0.0
2014-01-07 00:00:00+09:00,594.4697326660156,638.8841379801432,594.4697326660156,614.9686889648438,143000,0.0,0.0
2014-01-08 00:00:00+09:00,638.8841495408537,655.112490237747,600.4486057850537,618.3851928710938,140000,0.0,0.0
2014-01-09 00:00:00+09:00,619.2393036860569,674.7573102234276,619.2393036860569,670.4866943359375,177000,0.0,0.0
2014-01-10 00:00:00+09:00,649.9876024199696,666.2159394054878,643.154618426067,665.36181640625,91000,0.0,0.0
2014-01-14 00:00:00+09:00,642.3004939499506,653.4040929145109,631.1968949853903,647.4252319335938,82000,0.0,0.0
2014-01-15 00:00:00+09:00,640.5923706220319,641.4464937828614,623.5099074054444,629.48876953125,60000,0.0,0.0
2014-01-16 00:00:00+09:00,629.4887858693709,640.5923872483422,615.8228149414062,615.8228149414062,56000,0.0,0.0
2014-01-17 00:00:00+09:00,613.2603673577652,613.2603673577652,577.3871982365589,592.7614135742188,146000,0.0,0.0
2014-01-20 00:00:00+09:00,589.344984754384,602.1568322490444,589.344984754384,593.6156005859375,60000,0.0,0.0
2014-01-21 00:00:00+09:00,597.8862362013336,627.7805480114004,597.8862362013336,618.3851928710938,48000,0.0,0.0
2014-01-22 00:00:00+09:00,608.9897944202162,640.5923503718965,608.9897944202162,623.5098876953125,41000,0.0,0.0
2014-01-23 00:00:00+09:00,623.509893365245,634.613494205996,616.6769082324752,625.2181396484375,52000,0.0,0.0
2014-01-24 00:00:00+09:00,614.9686450800621,621.801630025396,614.9686450800621,620.0933837890625,29000,0.0,0.0
2014-01-27 00:00:00+09:00,589.3449469141736,606.42740914357,585.9284544682944,600.4485473632812,52000,0.0,0.0
2014-01-28 00:00:00+09:00,613.260390327844,631.196975560274,611.5521441152317,617.531005859375,42000,0.0,0.0
2014-01-29 00:00:00+09:00,621.8016271551724,626.0722427262931,616.6768884698275,619.2392578125,42000,0.0,0.0
2014-01-30 00:00:00+09:00,617.531032900267,627.7805106247528,597.8862005950026,607.2815551757812,27000,0.0,0.0
2014-01-31 00:00:00+09:00,607.2815913416404,640.5923959300004,607.2815913416404,618.3851928710938,66000,0.0,0.0
2014-02-03 00:00:00+09:00,631.1969987736192,666.2160474200582,626.9263830850291,661.09130859375,200000,0.0,0.0
2014-02-04 00:00:00+09:00,624.3639843059036,637.175830769089,622.6557381108122,633.7593383789062,84000,0.0,0.0
2014-02-05 00:00:00+09:00,633.7593383789062,639.738200061726,629.4887228911778,633.7593383789062,51000,0.0,0.0
2014-02-06 00:00:00+09:00,633.7593889738384,651.69597545423,631.1970194766396,649.1336059570312,24000,0.0,0.0
2014-02-07 00:00:00+09:00,661.9453410203545,666.2159561237115,652.5499877929688,652.5499877929688,73000,0.0,0.0
2014-02-10 00:00:00+09:00,654.2582338343116,657.6747259169973,649.9876187309545,652.5499877929688,61000,0.0,0.0
2014-02-12 00:00:00+09:00,652.5499966259574,658.528857851588,652.5499966259574,655.1123657226562,24000,0.0,0.0
2014-02-13 00:00:00+09:00,647.4253929036458,651.6960089518229,638.0300375976562,640.5924072265625,46000,0.0,0.0
2014-02-14 00:00:00+09:00,640.5924072265625,644.8630232747396,636.3217911783854,640.5924072265625,56000,0.0,0.0
2014-02-17 00:00:00+09:00,637.1758864944046,637.1758864944046,631.197024288693,632.0511474609375,50000,0.0,0.0
2014-02-18 00:00:00+09:00,632.9052152813605,635.4675845739976,623.5098612083578,633.7593383789062,17000,0.0,0.0
2014-02-19 00:00:00+09:00,626.0721869593309,633.7592943026242,620.9474487304688,620.9474487304688,26000,0.0,0.0
2014-02-20 00:00:00+09:00,611.5521721521145,629.4887582068553,611.5521721521145,626.072265625,27000,0.0,0.0
2014-02-21 00:00:00+09:00,626.0723128266387,638.8841609745235,621.8016967773438,621.8016967773438,48000,0.0,0.0
2014-02-24 00:00:00+09:00,616.6769268722215,626.9264048811781,610.6980647003302,612.4063110351562,24000,0.0,0.0
2014-02-25 00:00:00+09:00,605.5733133804608,613.2604217308475,590.1990966796875,590.1990966796875,68000,0.0,0.0
2014-02-26 00:00:00+09:00,594.4697655966115,594.4697655966115,586.7826565587244,587.6367797851562,70000,0.0,0.0
2014-02-27 00:00:00+09:00,585.0744049807629,589.345021075513,567.1378173828125,567.1378173828125,50000,0.0,0.0
2014-02-28 00:00:00+09:00,560.3046694711538,570.5541451322115,554.3258086688702,555.179931640625,59000,0.0,0.0
2014-03-03 00:00:00+09:00,550.0552689705737,550.0552689705737,531.2645610243741,541.5140380859375,52000,0.0,0.0
2014-03-04 00:00:00+09:00,541.5140264601935,556.0341186523438,537.2434111095611,556.0341186523438,32000,0.0,0.0
2014-03-05 00:00:00+09:00,562.0130943184469,579.9496824349931,562.0130943184469,572.2625732421875,39000,0.0,0.0
2014-03-06 00:00:00+09:00,580.8037719726562,580.8037719726562,574.8249096141142,580.8037719726562,22000,0.0,0.0
2014-03-07 00:00:00+09:00,580.803742029215,597.8862050300742,580.803742029215,590.1990966796875,35000,0.0,0.0
2014-03-10 00:00:00+09:00,591.907354253316,595.3238469185588,591.907354253316,593.6156005859375,14000,0.0,0.0
2014-03-11 00:00:00+09:00,591.0532972645041,600.4486531458763,591.0532972645041,595.3239135742188,17000,0.0,0.0
2014-03-12 00:00:00+09:00,599.594510551121,599.594510551121,583.3661690974582,589.3450317382812,32000,0.0,0.0
2014-03-13 00:00:00+09:00,589.3448782784599,597.8861083984375,580.8036481584821,597.8861083984375,26000,0.0,0.0
2014-03-14 00:00:00+09:00,589.345012346438,589.345012346438,576.5331642519503,583.3661499023438,16000,0.0,0.0
2014-03-17 00:00:00+09:00,583.3661499023438,584.2202731086429,574.8249178393519,583.3661499023438,8000,0.0,0.0
2014-03-18 00:00:00+09:00,577.3872568039667,580.8037494477771,571.4083946772984,573.9707641601562,12000,0.0,0.0
2014-03-19 00:00:00+09:00,563.7212663754773,567.9918820298369,523.5774792244963,531.2645874023438,129000,0.0,0.0
2014-03-20 00:00:00+09:00,531.2645962115415,531.2645962115415,495.391424120087,497.09967041015625,101000,0.0,0.0
2014-03-24 00:00:00+09:00,497.9537265119881,507.349079842403,494.5372343918373,495.391357421875,112000,0.0,0.0
2014-03-25 00:00:00+09:00,495.39137921258936,495.39137921258936,492.8290100097656,492.8290100097656,31000,0.0,0.0
2014-03-26 00:00:00+09:00,492.8290546849831,508.20327129560644,491.1208083949138,497.09967041015625,32000,0.0,0.0
2014-03-27 00:00:00+09:00,490.171422490659,498.8316949728261,483.24320450492525,497.9656677246094,40000,8.0,0.0
2014-03-28 00:00:00+09:00,486.7073983266844,488.43945312500006,485.8413709275266,488.439453125,7000,0.0,0.0
2014-03-31 00:00:00+09:00,486.7073996138531,500.5638380370233,486.7073996138531,491.03753662109375,35000,0.0,0.0
2014-04-01 00:00:00+09:00,493.6355826837554,493.6355826837554,473.7169539087968,481.5111999511719,75000,0.0,0.0
2014-04-02 00:00:00+09:00,481.51117322796404,495.36760986761766,481.51117322796404,487.5733642578125,52000,0.0,0.0
2014-04-03 00:00:00+09:00,496.2337018970027,509.2241129414268,490.17151007627143,492.76959228515625,84000,0.0,0.0
2014-04-04 00:00:00+09:00,488.43936799422556,504.02785846212635,488.43936799422556,497.9656677246094,36000,0.0,0.0
2014-04-07 00:00:00+09:00,498.83173025470893,517.8843310630485,498.83173025470893,505.75994873046875,160000,0.0,0.0
2014-04-08 00:00:00+09:00,500.56372196592133,510.09002117288526,492.76947716022363,502.2957763671875,18000,0.0,0.0
2014-04-09 00:00:00+09:00,493.63554212782117,497.09965119538487,467.65472412109375,467.65472412109375,96000,0.0,0.0
2014-04-10 00:00:00+09:00,472.85088772243927,477.1810240568938,465.056642320421,467.65472412109375,33000,0.0,0.0
2014-04-11 00:00:00+09:00,452.9322820182975,466.78871894428744,452.9322820182975,453.7983093261719,51000,0.0,0.0
2014-04-14 00:00:00+09:00,448.602171905281,458.1284728530765,442.5399803930475,446.8701171875,39000,0.0,0.0
2014-04-15 00:00:00+09:00,447.7361134353193,451.2002226301767,444.2720042404619,446.0040588378906,25000,0.0,0.0
2014-04-16 00:00:00+09:00,532.6068117988669,532.6068117988669,478.9131169508511,479.7791442871094,1515000,0.0,0.0
2014-04-17 00:00:00+09:00,485.8412774767194,498.8316859654018,480.6451140812465,484.9752502441406,243000,0.0,0.0
2014-04-18 00:00:00+09:00,488.43937139461866,510.95608000500886,487.57334414037285,503.1618347167969,125000,0.0,0.0
2014-04-21 00:00:00+09:00,506.62597603993873,506.62597603993873,496.233648326299,505.75994873046875,52000,0.0,0.0
2014-04-22 00:00:00+09:00,505.759881315331,506.6259085093641,493.63550059886757,497.099609375,46000,0.0,0.0
2014-04-23 00:00:00+09:00,501.42980798085534,501.42980798085534,489.30542574988476,498.83172607421875,60000,0.0,0.0
2014-04-24 00:00:00+09:00,498.83178410588755,516.1523321651198,488.4394552703482,492.76959228515625,216000,0.0,0.0
2014-04-25 00:00:00+09:00,497.9657138534899,531.740779662683,497.9657138534899,524.8125610351562,204000,0.0,0.0
2014-04-28 00:00:00+09:00,525.678555186202,575.9081370656083,525.678555186202,568.1138916015625,239000,0.0,0.0
2014-04-30 00:00:00+09:00,581.9703979492188,596.6928633735293,556.8556039901007,581.9703979492188,199000,0.0,0.0
2014-05-01 00:00:00+09:00,581.1043696617012,585.4345065444263,568.113959013526,580.2383422851562,68000,0.0,0.0
2014-05-02 00:00:00+09:00,580.238289791363,594.0947265625,574.1760987039905,594.0947265625,94000,0.0,0.0
2014-05-07 00:00:00+09:00,590.6306173697158,594.0947265625,575.0421260021866,594.0947265625,56000,0.0,0.0
2014-05-08 00:00:00+09:00,596.6928243597182,627.8698079256832,596.6928243597182,620.9415893554688,189000,0.0,0.0
2014-05-09 00:00:00+09:00,627.0038418050584,637.3961706747556,609.6832936888966,620.0756225585938,141000,0.0,0.0
2014-05-12 00:00:00+09:00,627.8698120117188,641.7262492423222,622.6736480502425,627.8698120117188,99000,0.0,0.0
2014-05-13 00:00:00+09:00,636.5300714713821,636.5300714713821,601.0229518382846,605.3530883789062,64000,0.0,0.0
2014-05-14 00:00:00+09:00,606.2191172542736,616.6114449786324,600.1569260817308,607.951171875,58000,0.0,0.0
2014-05-15 00:00:00+09:00,614.0133162423701,634.79797010671,610.5492072649802,629.601806640625,92000,0.0,0.0
2014-05-16 00:00:00+09:00,627.8697585025777,639.1281127929688,612.2812679466516,639.1281127929688,62000,0.0,0.0
2014-05-19 00:00:00+09:00,628.7358858847205,628.7358858847205,597.5588998077922,599.2909545898438,56000,0.0,0.0
2014-05-20 00:00:00+09:00,607.0850786984139,614.8793236460397,597.5587793179823,601.0228881835938,53000,0.0,0.0
2014-05-21 00:00:00+09:00,609.6832924263675,617.4775390625,601.889045790235,617.4775390625,39000,0.0,0.0
2014-05-22 00:00:00+09:00,624.4057595876342,629.6019240224828,612.2813759063209,620.0756225585938,34000,0.0,0.0
2014-05-23 00:00:00+09:00,628.7357691805128,628.7357691805128,614.8793334960938,614.8793334960938,50000,0.0,0.0
2014-05-26 00:00:00+09:00,614.8793434867176,629.601806640625,614.8793434867176,629.601806640625,52000,0.0,0.0
2014-05-27 00:00:00+09:00,631.3339258344687,640.8602264986375,628.7358438351498,635.6640625,74000,0.0,0.0
2014-05-28 00:00:00+09:00,632.1999595059928,646.9224243164062,632.1999595059928,646.9224243164062,84000,0.0,0.0
2014-05-29 00:00:00+09:00,646.9224305805407,658.1807861328125,638.2621570787932,658.1807861328125,67000,0.0,0.0
2014-05-30 00:00:00+09:00,666.8410581641657,667.7070855124308,655.5827026367188,655.5827026367188,35000,0.0,0.0
2014-06-02 00:00:00+09:00,655.5826329645121,657.3146874769678,640.860169608638,642.5922241210938,15000,0.0,0.0
2014-06-03 00:00:00+09:00,640.8602324375838,653.8506425545618,633.9320137085289,646.056396484375,47000,0.0,0.0
2014-06-04 00:00:00+09:00,645.1903691432432,653.8506425545618,637.3961230730563,646.056396484375,33000,0.0,0.0
2014-06-05 00:00:00+09:00,653.85064453125,653.85064453125,639.99420703125,649.5205078125,35000,0.0,0.0
2014-06-06 00:00:00+09:00,641.7261945522897,641.7261945522897,635.6640037805407,639.1281127929688,21000,0.0,0.0
2014-06-09 00:00:00+09:00,633.0659754631928,633.0659754631928,621.8076202223973,627.0037841796875,57000,0.0,0.0
2014-06-10 00:00:00+09:00,617.4774775130026,620.9415867837627,614.8793955599324,616.6114501953125,38000,0.0,0.0
2014-06-11 00:00:00+09:00,608.8171343748596,608.8171343748596,598.4248077567967,602.7549438476562,45000,0.0,0.0
2014-06-12 00:00:00+09:00,597.5588980386424,601.0230075924895,595.8268432617188,595.8268432617188,51000,0.0,0.0
2014-06-13 00:00:00+09:00,596.6928780197252,610.54931640625,593.228768423094,610.54931640625,72000,0.0,0.0
2014-06-16 00:00:00+09:00,606.219124893763,627.0037806044064,599.2909063235486,620.9415893554688,46000,0.0,0.0
2014-06-17 00:00:00+09:00,621.8076125388421,623.5396671698695,606.2191208595954,614.0133666992188,40000,0.0,0.0
2014-06-18 00:00:00+09:00,608.8172053489365,622.6736424550289,603.6210414341518,618.343505859375,41000,0.0,0.0
2014-06-19 00:00:00+09:00,615.7454176682693,615.7454176682693,607.0851445646367,607.951171875,28000,0.0,0.0
2014-06-20 00:00:00+09:00,605.3530279541015,606.2190551757812,604.4870007324218,606.2190551757812,19000,0.0,0.0
2014-06-23 00:00:00+09:00,608.8171976114036,622.6736345413929,605.3530883789062,605.3530883789062,28000,0.0,0.0
2014-06-24 00:00:00+09:00,614.0133682422423,616.6114501953125,614.0133682422423,616.6114501953125,11000,0.0,0.0
2014-06-25 00:00:00+09:00,616.6113879566461,616.6113879566461,614.8793334960938,614.8793334960938,13000,0.0,0.0
2014-06-26 00:00:00+09:00,620.9416451961437,620.9416451961437,597.558905418883,610.54931640625,20000,0.0,0.0
2014-06-27 00:00:00+09:00,611.4152147804282,611.4152147804282,587.1664527211478,601.0228881835938,36000,0.0,0.0
2014-06-30 00:00:00+09:00,592.3627354616375,601.0230093718953,591.4967080706117,599.2909545898438,8000,0.0,0.0
2014-07-01 00:00:00+09:00,604.4870031530207,609.6831665039062,599.2908398021351,609.6831665039062,17000,0.0,0.0
2014-07-02 00:00:00+09:00,618.343505859375,618.343505859375,609.6832326680673,618.343505859375,36000,0.0,0.0
2014-07-03 00:00:00+09:00,608.8171991853633,614.879390357906,607.951171875,607.951171875,14000,0.0,0.0
2014-07-04 00:00:00+09:00,607.9512350684008,612.2813720703125,604.4871254668715,612.2813720703125,13000,0.0,0.0
2014-07-07 00:00:00+09:00,609.6831701144366,616.6113879566461,609.6831701144366,614.8793334960938,26000,0.0,0.0
2014-07-08 00:00:00+09:00,606.2190576033158,617.4774115302346,604.4870031530207,609.6831665039062,16000,0.0,0.0
2014-07-09 00:00:00+09:00,603.6210861206055,608.8172504200655,588.8986206054688,588.8986206054688,24000,0.0,0.0
2014-07-10 00:00:00+09:00,597.5588357552842,597.5588357552842,589.7645900715197,594.0947265625,20000,0.0,0.0
2014-07-11 00:00:00+09:00,594.0947867053294,594.0947867053294,590.6306771618581,592.3627319335938,5000,0.0,0.0
2014-07-14 00:00:00+09:00,592.362666015625,593.2286933051215,584.5684204101562,584.5684204101562,12000,0.0,0.0
2014-07-15 00:00:00+09:00,582.8364917916156,594.9608764648438,582.8364917916156,594.9608764648438,18000,0.0,0.0
2014-07-16 00:00:00+09:00,594.960758609909,604.4870589661084,594.960758609909,601.8889770507812,12000,0.0,0.0
2014-07-17 00:00:00+09:00,594.9608764648438,601.8890962781171,593.2288215115254,594.9608764648438,5000,0.0,0.0
2014-07-18 00:00:00+09:00,577.640202094184,592.362666015625,577.640202094184,584.5684204101562,38000,0.0,0.0
2014-07-22 00:00:00+09:00,581.9703947368421,581.9703947368421,575.908203125,575.908203125,16000,0.0,0.0
2014-07-23 00:00:00+09:00,571.5779984363018,571.5779984363018,563.7837530030795,564.6497802734375,16000,0.0,0.0
2014-07-24 00:00:00+09:00,558.5875865812465,562.0516956453162,557.721559315229,560.3196411132812,14000,0.0,0.0
2014-07-25 00:00:00+09:00,561.1857299804688,567.2479215080356,557.7216205361449,561.1857299804688,38000,0.0,0.0
2014-07-28 00:00:00+09:00,561.1857299804688,561.1857299804688,558.5876478972259,561.1857299804688,9000,0.0,0.0
2014-07-29 00:00:00+09:00,569.8460137666161,583.7024517913362,558.587657871531,580.2383422851562,65000,0.0,0.0
2014-07-30 00:00:00+09:00,573.3101294445015,596.6928688629329,573.3101294445015,592.3627319335938,47000,0.0,0.0
2014-07-31 00:00:00+09:00,574.1761437335997,574.1761437335997,564.6498427063455,567.2479248046875,47000,0.0,0.0
2014-08-01 00:00:00+09:00,558.587527700571,572.443962496244,558.587527700571,562.9176635742188,31000,0.0,0.0
2014-08-04 00:00:00+09:00,558.5875820106185,562.0516910463432,553.3914184570312,553.3914184570312,16000,0.0,0.0
2014-08-05 00:00:00+09:00,553.3914751325335,553.3914751325335,545.5972290039062,545.5972290039062,13000,0.0,0.0
2014-08-06 00:00:00+09:00,530.0087300090047,541.2670853850129,529.1427026723886,533.4728393554688,31000,0.0,0.0
2014-08-07 00:00:00+09:00,535.2048551978135,568.9799188753454,535.2048551978135,568.1138916015625,37000,0.0,0.0
2014-08-08 00:00:00+09:00,550.7933921085041,561.1857202614948,542.9991459937612,543.8651733398438,35000,0.0,0.0
2014-08-11 00:00:00+09:00,551.6594252586365,569.8459997177124,551.6594252586365,554.2575073242188,17000,0.0,0.0
2014-08-12 00:00:00+09:00,547.3292846679688,551.6594214137596,547.3292846679688,547.3292846679688,8000,0.0,0.0
2014-08-13 00:00:00+09:00,553.3914799690247,554.2575073242188,549.0613431930542,554.2575073242188,7000,0.0,0.0
2014-08-14 00:00:00+09:00,548.1953134611836,549.9273681640625,541.2670946496678,549.9273681640625,22000,0.0,0.0
2014-08-15 00:00:00+09:00,541.2670903312512,548.1953090874913,540.4010629867212,542.1331176757812,23000,0.0,0.0
2014-08-18 00:00:00+09:00,542.1331186476787,545.5972280320088,536.9369545711833,543.8651733398438,17000,0.0,0.0
2014-08-19 00:00:00+09:00,539.5350341796875,539.5350341796875,538.669006837505,539.5350341796875,6000,0.0,0.0
2014-08-20 00:00:00+09:00,542.1330612615832,549.061279296875,535.2048432262914,549.061279296875,20000,0.0,0.0
2014-08-21 00:00:00+09:00,546.463198679798,552.5253894733933,546.463198679798,550.7933349609375,16000,0.0,0.0
2014-08-22 00:00:00+09:00,554.2575073242188,554.2575073242188,549.0613431930542,554.2575073242188,14000,0.0,0.0
2014-08-25 00:00:00+09:00,562.0517006850824,571.578000696694,558.587591589951,568.1138916015625,31000,0.0,0.0
2014-08-26 00:00:00+09:00,576.7742327789762,580.2383422851562,574.1761506493411,580.2383422851562,28000,0.0,0.0
2014-08-27 00:00:00+09:00,587.1665698135886,597.5588984828556,585.4345150353774,596.69287109375,43000,0.0,0.0
2014-08-28 00:00:00+09:00,601.8890389616212,605.3531485383787,593.2287650197273,603.62109375,45000,0.0,0.0
2014-08-29 00:00:00+09:00,603.6209759278731,612.2812481793491,598.4248125769875,609.6831665039062,40000,0.0,0.0
2014-09-01 00:00:00+09:00,617.4774205575235,623.5396112221837,614.0133116062891,622.673583984375,45000,0.0,0.0
2014-09-02 00:00:00+09:00,623.5397321818261,627.8698692108666,617.4775403411694,620.0756225585938,34000,0.0,0.0
2014-09-03 00:00:00+09:00,620.9415852233284,620.9415852233284,607.0851481751091,614.0133666992188,17000,0.0,0.0
2014-09-04 00:00:00+09:00,614.8793334960938,622.6735785685794,606.2190611933319,614.8793334960938,45000,0.0,0.0
2014-09-05 00:00:00+09:00,614.8794480801316,619.2095850384425,591.4967085052534,600.156982421875,65000,0.0,0.0
2014-09-08 00:00:00+09:00,597.5588957980646,597.5588957980646,579.3723207085583,591.4967041015625,30000,0.0,0.0
2014-09-09 00:00:00+09:00,593.2287632885777,600.156982421875,587.1665715469426,600.156982421875,41000,0.0,0.0
2014-09-10 00:00:00+09:00,603.6210906540138,604.4871180437613,593.2287619770437,597.5588989257812,8000,0.0,0.0
2014-09-11 00:00:00+09:00,594.9607123745002,622.673583984375,594.9607123745002,622.673583984375,31000,0.0,0.0
2014-09-12 00:00:00+09:00,627.0037318166441,648.6544131639039,627.0037318166441,639.994140625,45000,0.0,0.0
2014-09-16 00:00:00+09:00,641.7262597787156,647.7884511666388,640.8602324375838,646.056396484375,35000,0.0,0.0
2014-09-17 00:00:00+09:00,646.0563935150972,646.0563935150972,639.9942021550359,640.8602294921875,45000,0.0,0.0
2014-09-18 00:00:00+09:00,635.6639533814448,652.9844970703125,635.6639533814448,652.9844970703125,61000,0.0,0.0
2014-09-19 00:00:00+09:00,657.3146381528359,659.9127197265625,652.1184750053826,659.9127197265625,38000,0.0,0.0
2014-09-22 00:00:00+09:00,669.4391642453791,700.6161499023438,666.8410821072987,700.6161499023438,69000,0.0,0.0
2014-09-24 00:00:00+09:00,687.6256879386256,717.9366439560713,686.7596606238413,715.3385620117188,56000,0.0,0.0
2014-09-25 00:00:00+09:00,702.3480952477483,723.1327491145128,701.4820680032998,719.6686401367188,73000,0.0,0.0
2014-09-26 00:00:00+09:00,718.8025795200892,767.3001029575893,715.3384707031249,757.7738037109375,80000,0.0,0.0
2014-09-29 00:00:00+09:00,757.7739233258127,757.7739233258127,728.328993733724,753.4437866210938,73000,0.0,0.0
2014-09-30 00:00:00+09:00,749.1136561703709,768.1662578301954,749.1136561703709,764.7021484375,116000,0.0,0.0
2014-10-01 00:00:00+09:00,759.5058763704247,797.6110742727038,756.0417674702176,783.754638671875,92000,0.0,0.0
2014-10-02 00:00:00+09:00,778.5585795084636,778.5585795084636,746.5155678935436,753.4437866210938,41000,0.0,0.0
2014-10-03 00:00:00+09:00,740.4533696397443,743.9174789713923,733.5251509764485,741.3193969726562,41000,0.0,0.0
2014-10-06 00:00:00+09:00,747.3816061500472,779.4246182329576,747.3816061500472,773.3624267578125,28000,0.0,0.0
2014-10-07 00:00:00+09:00,773.3623640767644,783.754691477572,770.7642822265625,770.7642822265625,43000,0.0,0.0
2014-10-08 00:00:00+09:00,764.7022107126481,767.30029296875,752.5778268508394,767.30029296875,24000,0.0,0.0
2014-10-09 00:00:00+09:00,763.8361181696301,770.7643369285383,757.7739267555854,759.5059814453125,28000,0.0,0.0
2014-10-10 00:00:00+09:00,720.5346339285713,777.6924294084821,720.5346339285713,757.7738037109375,57000,0.0,0.0
2014-10-14 00:00:00+09:00,736.1233105903744,795.0131754376044,719.668789530119,777.692626953125,70000,0.0,0.0
2014-10-15 00:00:00+09:00,763.8361122087248,763.8361122087248,737.8552920655709,749.1136474609375,75000,0.0,0.0
2014-10-16 00:00:00+09:00,736.1232314830927,755.1758327685375,727.4629581715269,738.7213134765625,42000,0.0,0.0
2014-10-17 00:00:00+09:00,736.123149222814,744.7834215666119,701.4820598476228,707.5442504882812,62000,0.0,0.0
2014-10-20 00:00:00+09:00,720.5346935506834,761.2379755180898,720.5346935506834,760.3719482421875,48000,0.0,0.0
2014-10-21 00:00:00+09:00,760.3720038566897,775.0944686238466,744.7835117502883,750.845703125,47000,0.0,0.0
2014-10-22 00:00:00+09:00,744.7835165826325,762.1040634799031,744.7835165826325,759.5059814453125,24000,0.0,0.0
2014-10-23 00:00:00+09:00,743.917475436405,749.9796667379821,729.1950108468602,735.2572021484375,27000,0.0,0.0
2014-10-24 00:00:00+09:00,730.06103515625,730.06103515625,730.06103515625,730.06103515625,11000,0.0,0.0
2014-10-27 00:00:00+09:00,730.0611025936954,744.783568482299,730.0611025936954,743.051513671875,17000,0.0,0.0
2014-10-28 00:00:00+09:00,747.3815903064816,758.6399456645166,728.3289889313454,744.7835083007812,18000,0.0,0.0
2014-10-29 00:00:00+09:00,742.18541037418,742.18541037418,711.0084269745646,717.9366455078125,33000,0.0,0.0
2014-10-30 00:00:00+09:00,710.1423517713536,737.8552240356015,710.1423517713536,736.9891967773438,43000,0.0,0.0
2014-10-31 00:00:00+09:00,745.6495595821042,800.2092834539654,744.7835322190588,788.950927734375,89000,0.0,0.0
2014-11-04 00:00:00+09:00,832.2522958866459,838.3144874279639,788.950927734375,788.950927734375,76000,0.0,0.0
2014-11-05 00:00:00+09:00,777.6925678126299,795.879142338315,772.4964036624342,781.1566772460938,31000,0.0,0.0
2014-11-06 00:00:00+09:00,779.4246182329576,784.6207823545108,771.6303720506281,773.3624267578125,32000,0.0,0.0
2014-11-07 00:00:00+09:00,795.013064694095,810.6015561586851,794.1470373905066,800.209228515625,39000,0.0,0.0
2014-11-10 00:00:00+09:00,801.9412888797209,814.9316985268007,796.7451250208891,809.7355346679688,35000,0.0,0.0
2014-11-11 00:00:00+09:00,801.9412888797209,820.9938896954378,797.6111523306944,809.7355346679688,73000,0.0,0.0
2014-11-12 00:00:00+09:00,810.601564060004,822.7259464284228,810.601564060004,813.1996459960938,43000,0.0,0.0
2014-11-13 00:00:00+09:00,816.663821507504,822.7260131835938,813.19971197831,822.7260131835938,49000,0.0,0.0
2014-11-14 00:00:00+09:00,828.7881344123668,831.3862163384244,808.0034790039062,808.0034790039062,49000,0.0,0.0
2014-11-17 00:00:00+09:00,820.127802346561,820.127802346561,801.0752029256272,812.3335571289062,31000,0.0,0.0
2014-11-18 00:00:00+09:00,818.395751953125,820.9938337053571,801.9412341889881,818.395751953125,26000,0.0,0.0
2014-11-19 00:00:00+09:00,820.127806454613,822.7258882068453,816.663697451637,818.395751953125,42000,0.0,0.0
2014-11-20 00:00:00+09:00,814.0657198061501,819.2618839751256,786.3528442382812,786.3528442382812,35000,0.0,0.0
2014-11-21 00:00:00+09:00,799.3431931633104,801.0752477530467,782.0226472659473,787.2188110351562,83000,0.0,0.0
2014-11-25 00:00:00+09:00,774.2283897012842,779.4245533905545,768.1661987304688,768.1661987304688,62000,0.0,0.0
2014-11-26 00:00:00+09:00,755.1758408101986,769.0322782562572,752.5777587890625,752.5777587890625,81000,0.0,0.0
2014-11-27 00:00:00+09:00,744.7835002013293,753.4437734594842,730.9270629882812,730.9270629882812,67000,0.0,0.0
2014-11-28 00:00:00+09:00,726.5969181521504,732.6591093643851,717.0706176757812,717.0706176757812,58000,0.0,0.0
2014-12-01 00:00:00+09:00,720.5347335760999,733.5251434362459,720.5347335760999,728.3289794921875,86000,0.0,0.0
2014-12-02 00:00:00+09:00,738.721283026056,788.0848388671875,737.8552557305975,788.0848388671875,105000,0.0,0.0
2014-12-03 00:00:00+09:00,800.2092853483606,805.4054495389344,788.0849022370219,792.4150390625,118000,0.0,0.0
2014-12-04 00:00:00+09:00,792.415045953566,813.1997028966105,750.8457320674773,805.4054565429688,125000,0.0,0.0
2014-12-05 00:00:00+09:00,805.4052818516785,822.7258255474136,788.9507653407303,816.6636352539062,82000,0.0,0.0
2014-12-08 00:00:00+09:00,813.1996616009585,840.912536117711,813.1996616009585,840.0465087890625,52000,0.0,0.0
2014-12-09 00:00:00+09:00,831.3861653987408,840.0464379549777,825.323974609375,825.323974609375,36000,0.0,0.0
2014-12-10 00:00:00+09:00,820.1278623856325,824.4579989346591,790.6829338522518,809.7355346679688,39000,0.0,0.0
2014-12-11 00:00:00+09:00,783.7548221815501,791.5490690319743,779.4246850424255,784.620849609375,23000,0.0,0.0
2014-12-12 00:00:00+09:00,771.630313324689,793.2809955167398,769.032231461643,776.8264770507812,20000,0.0,0.0
2014-12-15 00:00:00+09:00,776.826417237686,781.1565533426898,769.0321722486791,778.5584716796875,16000,0.0,0.0
2014-12-16 00:00:00+09:00,777.6925611066389,777.6925611066389,769.0322875976562,769.0322875976562,18000,0.0,0.0
2014-12-17 00:00:00+09:00,762.1040066649011,776.8264704300186,757.773870263396,766.4341430664062,10000,0.0,0.0
2014-12-18 00:00:00+09:00,759.5059312971407,780.2905862015094,759.5059312971407,776.8264770507812,19000,0.0,0.0
2014-12-19 00:00:00+09:00,785.4868187486079,790.6829829299659,774.2284630223324,789.8169555664062,28000,0.0,0.0
2014-12-22 00:00:00+09:00,794.1470363393523,798.4771728515625,783.7547087100478,798.4771728515625,19000,0.0,0.0
2014-12-24 00:00:00+09:00,787.2188110351562,800.2092204581786,787.2188110351562,787.2188110351562,17000,0.0,0.0
2014-12-25 00:00:00+09:00,777.6924971498515,792.4149609043587,765.568115234375,765.568115234375,22000,0.0,0.0
2014-12-26 00:00:00+09:00,778.5586635328659,797.6112670898438,767.3003068855609,797.6112670898438,29000,0.0,0.0
2014-12-29 00:00:00+09:00,785.4868192140009,800.2092844032379,785.4868192140009,790.6829833984375,23000,0.0,0.0
2014-12-30 00:00:00+09:00,786.3528475068306,792.4150390625,786.3528475068306,792.4150390625,9000,0.0,0.0
2015-01-05 00:00:00+09:00,785.4866943359375,788.0847760151082,785.4866943359375,785.4866943359375,9000,0.0,0.0
2015-01-06 00:00:00+09:00,759.5060386833507,772.4964498352895,751.7117919921875,751.7117919921875,64000,0.0,0.0
2015-01-07 00:00:00+09:00,738.7212668843101,761.2379760742188,738.7212668843101,761.2379760742188,19000,0.0,0.0
2015-01-08 00:00:00+09:00,774.2284021398524,788.0848388671875,763.836074594351,788.0848388671875,46000,0.0,0.0
2015-01-09 00:00:00+09:00,795.8790909442364,799.3432001540045,792.4149817344681,798.4771728515625,24000,0.0,0.0
2015-01-13 00:00:00+09:00,792.415040458729,795.0131225585938,790.6829857254859,795.0131225585938,29000,0.0,0.0
2015-01-14 00:00:00+09:00,780.2906498877278,788.0848961130214,770.7643489457022,781.1566772460938,31000,0.0,0.0
2015-01-15 00:00:00+09:00,778.5586007616973,791.5490112304688,778.5586007616973,791.5490112304688,21000,0.0,0.0
2015-01-16 00:00:00+09:00,782.8886641941714,782.8886641941714,769.8982549431619,770.7642822265625,12000,0.0,0.0
2015-01-19 00:00:00+09:00,771.6302575211499,786.3527203470304,763.8360124956838,783.754638671875,13000,0.0,0.0
2015-01-20 00:00:00+09:00,774.2284536318929,787.21886392773,764.702152748279,772.4963989257812,22000,0.0,0.0
2015-01-21 00:00:00+09:00,762.1040781163958,787.2188715997771,762.1040781163958,786.3528442382812,20000,0.0,0.0
2015-01-22 00:00:00+09:00,781.1566743850708,788.0848932266235,775.0944828987122,775.9605102539062,19000,0.0,0.0
2015-01-23 00:00:00+09:00,774.2284531513047,774.2284531513047,758.6399608059764,771.63037109375,34000,0.0,0.0
2015-01-26 00:00:00+09:00,763.8361249210858,779.4246172664141,763.8361249210858,771.63037109375,37000,0.0,0.0
2015-01-27 00:00:00+09:00,774.2283989560287,788.9508629182799,774.2283989560287,782.888671875,32000,0.0,0.0
2015-01-28 00:00:00+09:00,784.6207349694293,805.4053902004076,784.6207349694293,796.7451171875,49000,0.0,0.0
2015-01-29 00:00:00+09:00,770.7643086902647,814.9317016601562,752.5777351144269,814.9317016601562,218000,0.0,0.0
2015-01-30 00:00:00+09:00,801.9413560084292,822.7260131835938,801.9413560084292,822.7260131835938,66000,0.0,0.0
2015-02-02 00:00:00+09:00,819.2619036543997,822.7260131835938,816.663821507504,822.7260131835938,19000,0.0,0.0
2015-02-03 00:00:00+09:00,809.7355325700902,818.3958056457061,801.9412868020358,806.2714233398438,44000,0.0,0.0
2015-02-04 00:00:00+09:00,801.9412353257821,820.9938348691592,796.745071813952,820.1278076171875,58000,0.0,0.0
2015-02-05 00:00:00+09:00,807.1375108273345,819.2618940371872,783.7547717797615,804.5394287109375,53000,0.0,0.0
2015-02-06 00:00:00+09:00,791.5489425998263,799.3431882052951,775.9604513888888,779.424560546875,39000,0.0,0.0
2015-02-09 00:00:00+09:00,775.9605102539062,782.888729095459,772.4964008331299,775.9605102539062,37000,0.0,0.0
2015-02-10 00:00:00+09:00,762.9700266986812,775.0944085077408,755.17578125,755.17578125,36000,0.0,0.0
2015-02-12 00:00:00+09:00,749.1135322884338,767.3001035925461,749.1135322884338,758.6398315429688,55000,0.0,0.0
2015-02-13 00:00:00+09:00,758.6400112732215,762.9701483238676,747.3816549415412,751.7117919921875,34000,0.0,0.0
2015-02-16 00:00:00+09:00,753.443779633424,758.6399436308959,741.3193969726562,741.3193969726562,50000,0.0,0.0
2015-02-17 00:00:00+09:00,741.319390384045,744.7834996849051,722.2667892293149,730.06103515625,43000,0.0,0.0
2015-02-18 00:00:00+09:00,724.8648088727679,734.3911086309524,716.2045363653274,727.462890625,56000,0.0,0.0
2015-02-19 00:00:00+09:00,724.8648691825276,726.596923828125,705.8122680809557,726.596923828125,61000,0.0,0.0
2015-02-20 00:00:00+09:00,727.4629615961119,744.7835083007812,721.4007702494777,744.7835083007812,39000,0.0,0.0
2015-02-23 00:00:00+09:00,735.2571996173588,736.1232269431742,727.4629536850192,730.9270629882812,29000,0.0,0.0
2015-02-24 00:00:00+09:00,718.802679928455,733.5251444571101,718.802679928455,730.06103515625,39000,0.0,0.0
2015-02-25 00:00:00+09:00,728.3289131751427,730.0609676654523,720.53466796875,720.53466796875,30000,0.0,0.0
2015-02-26 00:00:00+09:00,715.3385620117188,717.9366439560713,714.4725346969346,715.3385620117188,41000,0.0,0.0
2015-02-27 00:00:00+09:00,715.3385015669872,716.2045288085938,709.2763108757416,716.2045288085938,46000,0.0,0.0
2015-03-02 00:00:00+09:00,711.8744613267348,735.25719910754,711.8744613267348,730.06103515625,61000,0.0,0.0
2015-03-03 00:00:00+09:00,730.061100908409,739.58740234375,723.9989090859192,739.58740234375,46000,0.0,0.0
2015-03-04 00:00:00+09:00,737.8552737909001,737.8552737909001,717.9366455078125,717.9366455078125,70000,0.0,0.0
2015-03-05 00:00:00+09:00,709.2763013357593,723.1327370150904,701.4820562661356,702.3480834960938,85000,0.0,0.0
2015-03-06 00:00:00+09:00,702.3481292529733,713.606483975894,678.099365234375,678.099365234375,147000,0.0,0.0
2015-03-09 00:00:00+09:00,678.0994253317311,691.9558631418304,676.3673706054688,676.3673706054688,92000,0.0,0.0
2015-03-10 00:00:00+09:00,678.0993517246171,678.9653789937418,653.8505881891264,657.314697265625,88000,0.0,0.0
2015-03-11 00:00:00+09:00,657.314695570204,662.5108591715494,650.3864774350767,654.7166137695312,98000,0.0,0.0
2015-03-12 00:00:00+09:00,660.778872013092,665.1090087890625,656.4487352371216,665.1090087890625,73000,0.0,0.0
2015-03-13 00:00:00+09:00,666.8410099741748,682.4295011164282,661.6448462600903,677.2333374023438,60000,0.0,0.0
2015-03-16 00:00:00+09:00,678.9654526948624,695.4199725943552,676.3673706054688,676.3673706054688,78000,0.0,0.0
2015-03-17 00:00:00+09:00,678.9654636548913,698.8840933284405,678.9654636548913,697.1520385742188,77000,0.0,0.0
2015-03-18 00:00:00+09:00,684.1615685399058,699.7500599749923,684.1615685399058,698.0180053710938,39000,0.0,0.0
2015-03-19 00:00:00+09:00,692.8219016886646,704.0802575911055,691.9558743115538,697.1520385742188,61000,0.0,0.0
2015-03-20 00:00:00+09:00,691.9558100114789,700.6160829778303,690.2237554182086,691.0897827148438,40000,0.0,0.0
2015-03-23 00:00:00+09:00,692.8218961814313,694.5539509218848,685.0276498493902,686.7597045898438,45000,0.0,0.0
2015-03-24 00:00:00+09:00,685.0276399128178,685.0276399128178,666.841065401858,668.5731201171875,64000,0.0,0.0
2015-03-25 00:00:00+09:00,669.4390858057717,671.1711403615435,667.70703125,667.70703125,26000,0.0,0.0
2015-03-26 00:00:00+09:00,667.7070894129135,667.7070894129135,658.180788526348,662.5109252929688,50000,0.0,0.0
2015-03-27 00:00:00+09:00,673.0130615234375,673.0130615234375,665.136445718872,673.0130615234375,49000,8.0,0.0
2015-03-30 00:00:00+09:00,680.0144508036111,684.3903481704298,666.8867587031554,676.5137329101562,45000,0.0,0.0
2015-03-31 00:00:00+09:00,673.8882084896691,673.8882084896691,663.3860545911288,665.1364135742188,46000,0.0,0.0
2015-04-01 00:00:00+09:00,665.1364639665208,666.8868230822221,659.8853866194166,662.5109252929688,38000,0.0,0.0
2015-04-02 00:00:00+09:00,661.6356738669803,661.6356738669803,648.5079819251752,659.8853149414062,55000,0.0,0.0
2015-04-03 00:00:00+09:00,659.8854194916138,659.8854194916138,649.3832642742406,655.509521484375,30000,0.0,0.0
2015-04-06 00:00:00+09:00,658.1350602887183,660.7605990930615,648.5080846727928,655.509521484375,16000,0.0,0.0
2015-04-07 00:00:00+09:00,652.0087819978655,658.135039009926,650.2584228515625,650.2584228515625,29000,0.0,0.0
2015-04-08 00:00:00+09:00,650.2584438756884,655.509521484375,649.3832642742406,655.509521484375,44000,0.0,0.0
2015-04-09 00:00:00+09:00,656.3847010858227,658.1350602887183,652.0088030785839,655.509521484375,20000,0.0,0.0
2015-04-10 00:00:00+09:00,654.634294782366,681.7648604752181,647.6328584745332,673.8882446289062,92000,0.0,0.0
2015-04-13 00:00:00+09:00,666.8868010113953,693.1421868779856,666.8868010113953,687.0159301757812,136000,0.0,0.0
2015-04-14 00:00:00+09:00,693.1422295277212,699.2684866068803,687.015972448562,697.5181274414062,52000,0.0,0.0
2015-04-15 00:00:00+09:00,692.2670511099009,695.7677694467399,676.5138185941256,682.6400756835938,69000,0.0,0.0
2015-04-16 00:00:00+09:00,678.2641387264813,683.515215929525,669.512343388075,673.0130615234375,39000,0.0,0.0
2015-04-17 00:00:00+09:00,699.2684362030029,713.2713085174561,691.3918205261231,700.1436157226562,775000,0.0,0.0
2015-04-20 00:00:00+09:00,687.0159157961798,694.0173518807268,675.6385821587908,683.5151977539062,102000,0.0,0.0
2015-04-21 00:00:00+09:00,677.3889519841916,681.7648496068285,671.2626953125,671.2626953125,117000,0.0,0.0
2015-04-22 00:00:00+09:00,672.13791218035,676.5138100461074,643.2569862663505,650.2584228515625,179000,0.0,0.0
2015-04-23 00:00:00+09:00,664.2612661850313,673.0130615234375,662.51090711735,673.0130615234375,73000,0.0,0.0
2015-04-24 00:00:00+09:00,673.8882588231287,680.0145157215208,671.2627201523892,677.3889770507812,29000,0.0,0.0
2015-04-27 00:00:00+09:00,673.8882603000951,675.6386194177577,644.1321552998311,647.6328735351562,253000,0.0,0.0
2015-04-28 00:00:00+09:00,649.3831750867178,656.3846109367094,648.5079956054688,648.5079956054688,63000,0.0,0.0
2015-04-30 00:00:00+09:00,645.8825001923934,652.8839365088421,644.1321411132812,644.1321411132812,55000,0.0,0.0
2015-05-01 00:00:00+09:00,646.757693976325,652.0087713293127,641.5066166233372,647.6328735351562,83000,0.0,0.0
2015-05-07 00:00:00+09:00,647.632852081382,653.7591087902599,637.1306977233055,642.3817749023438,77000,0.0,0.0
2015-05-08 00:00:00+09:00,642.3817102034128,652.008684062047,640.6313513200247,641.5065307617188,57000,0.0,0.0
2015-05-11 00:00:00+09:00,645.8824858118277,645.8824858118277,638.8810496512658,640.6314086914062,32000,0.0,0.0
2015-05-12 00:00:00+09:00,640.6313513200247,645.8824279701888,640.6313513200247,641.5065307617188,51000,0.0,0.0
2015-05-13 00:00:00+09:00,645.882524985805,650.2584228515625,645.882524985805,650.2584228515625,46000,0.0,0.0
2015-05-14 00:00:00+09:00,649.3831308205268,652.0086690852999,638.0057983398438,638.0057983398438,44000,0.0,0.0
2015-05-15 00:00:00+09:00,641.5065234141213,645.0072411408014,639.7561645507812,639.7561645507812,26000,0.0,0.0
2015-05-18 00:00:00+09:00,648.5080243720383,650.2583834121788,639.756229171336,640.6314086914062,66000,0.0,0.0
2015-05-19 00:00:00+09:00,643.2569619975932,647.6328596982571,629.2540893554688,629.2540893554688,100000,0.0,0.0
2015-05-20 00:00:00+09:00,631.0043334960938,634.5050510189569,630.1291541153779,631.0043334960938,48000,0.0,0.0
2015-05-21 00:00:00+09:00,631.0044268036959,638.8810423948654,624.0029907226562,624.0029907226562,59000,0.0,0.0
2015-05-22 00:00:00+09:00,624.0029579509388,631.0043936642733,612.6256249167702,616.1263427734375,122000,0.0,0.0
2015-05-25 00:00:00+09:00,616.1263427734375,619.6270606301048,614.3759838451039,616.1263427734375,61000,0.0,0.0
2015-05-26 00:00:00+09:00,615.251191898044,615.251191898044,607.3745763545413,608.249755859375,106000,0.0,0.0
2015-05-27 00:00:00+09:00,606.4994217310197,614.3760375976562,605.6242421902823,614.3760375976562,67000,0.0,0.0
2015-05-28 00:00:00+09:00,614.375939688847,636.2554247205011,613.5007602875808,634.5050659179688,121000,0.0,0.0
2015-05-29 00:00:00+09:00,630.1293265255049,636.255583866725,627.5037876649819,628.3789672851562,89000,0.0,0.0
2015-06-01 00:00:00+09:00,628.3788101091056,637.1306041217672,625.7532719053071,634.5050659179688,55000,0.0,0.0
2015-06-02 00:00:00+09:00,634.5051665962654,634.5051665962654,629.2540893554688,629.2540893554688,24000,0.0,0.0
2015-06-03 00:00:00+09:00,628.378888273306,630.1292472935659,623.1278112125262,624.0029907226562,28000,0.0,0.0
2015-06-04 00:00:00+09:00,623.1278330050303,624.0030125457677,614.3760375976562,614.3760375976562,55000,0.0,0.0
2015-06-05 00:00:00+09:00,614.3759910864464,618.7518884588571,614.3759910864464,617.876708984375,25000,0.0,0.0
2015-06-08 00:00:00+09:00,617.8767770885747,629.2541115108857,617.8767770885747,619.6271362304688,37000,0.0,0.0
2015-06-09 00:00:00+09:00,619.6270679333392,622.2526063567856,617.876708984375,617.876708984375,53000,0.0,0.0
2015-06-10 00:00:00+09:00,618.7518884588571,622.2526063567856,617.876708984375,617.876708984375,43000,0.0,0.0
2015-06-11 00:00:00+09:00,619.6270642869016,620.5022437562334,617.0015258789062,617.0015258789062,25000,0.0,0.0
2015-06-12 00:00:00+09:00,617.0015726347963,623.1278293843617,613.5008544921875,613.5008544921875,56000,0.0,0.0
2015-06-15 00:00:00+09:00,617.0015222376043,618.7518811659379,614.3759838451039,616.1263427734375,18000,0.0,0.0
2015-06-16 00:00:00+09:00,618.7519566595217,627.5037523689916,618.7519566595217,619.6271362304688,40000,0.0,0.0
2015-06-17 00:00:00+09:00,620.5023158014158,622.2526749433097,618.7519566595217,619.6271362304688,23000,0.0,0.0
2015-06-18 00:00:00+09:00,619.6270569629046,619.6270569629046,614.3759802089817,615.2511596679688,34000,0.0,0.0
2015-06-19 00:00:00+09:00,617.001626992942,618.7519862184538,610.8753697036503,611.7505493164062,52000,0.0,0.0
2015-06-22 00:00:00+09:00,611.7504738787095,618.7519099173786,608.249755859375,608.249755859375,44000,0.0,0.0
2015-06-23 00:00:00+09:00,608.2498098486258,608.2498098486258,606.4994506835938,606.4994506835938,38000,0.0,0.0
2015-06-24 00:00:00+09:00,607.37451171875,607.37451171875,606.4993323070515,607.37451171875,33000,0.0,0.0
2015-06-25 00:00:00+09:00,609.1248705421469,609.1248705421469,606.4993323070515,607.37451171875,24000,0.0,0.0
2015-06-26 00:00:00+09:00,609.1249353642086,611.7504738787095,606.4993968497078,608.249755859375,30000,0.0,0.0
2015-06-29 00:00:00+09:00,603.8738907060249,606.4994293612684,599.4979929472855,601.2483520507812,72000,0.0,0.0
2015-06-30 00:00:00+09:00,595.997321423465,601.2483991452576,595.997321423465,597.7476806640625,82000,0.0,0.0
2015-07-01 00:00:00+09:00,599.4980399046601,601.2483991452576,596.8725010437638,597.7476806640625,101000,0.0,0.0
2015-07-02 00:00:00+09:00,600.3732125034417,600.3732125034417,595.997314453125,595.997314453125,62000,0.0,0.0
2015-07-03 00:00:00+09:00,597.7476088579963,599.4979678883271,595.1220703125,595.1220703125,21000,0.0,0.0
2015-07-06 00:00:00+09:00,599.4979678883271,599.4979678883271,588.9958137063419,595.1220703125,29000,0.0,0.0
2015-07-07 00:00:00+09:00,592.4965137622975,592.4965137622975,588.995795808015,590.7461547851562,36000,0.0,0.0
2015-07-08 00:00:00+09:00,590.7461617209694,590.7461617209694,577.6184692382812,577.6184692382812,68000,0.0,0.0
2015-07-09 00:00:00+09:00,568.8667069082185,568.8667069082185,539.1106022391732,555.739013671875,60000,0.0,0.0
2015-07-10 00:00:00+09:00,559.2397138323103,564.4907909574963,551.3630981445312,551.3630981445312,60000,0.0,0.0
2015-07-13 00:00:00+09:00,553.9886474609375,560.9900837637614,552.2382883852315,553.9886474609375,42000,0.0,0.0
2015-07-14 00:00:00+09:00,557.4893297195434,567.9914834976196,555.7389707565308,560.1148681640625,67000,0.0,0.0
2015-07-15 00:00:00+09:00,563.6156005859375,564.4907800899529,559.2397030658603,563.6156005859375,39000,0.0,0.0
2015-07-16 00:00:00+09:00,571.4921983858434,574.1177368164062,567.9914804784263,574.1177368164062,64000,0.0,0.0
2015-07-17 00:00:00+09:00,574.1177692177855,576.7433077965253,564.4907944290726,567.1163330078125,90000,0.0,0.0
2015-07-21 00:00:00+09:00,569.7418430276114,581.119176298516,569.7418430276114,574.992919921875,141000,0.0,0.0
2015-07-22 00:00:00+09:00,574.9930038116051,601.248392113505,574.1178242015419,595.997314453125,168000,0.0,0.0
2015-07-23 00:00:00+09:00,604.7491054890659,610.0001831054688,594.2469502562601,610.0001831054688,109000,0.0,0.0
2015-07-24 00:00:00+09:00,671.2625896529646,676.5136659735875,656.3845400778663,660.7604370117188,574000,0.0,0.0
2015-07-27 00:00:00+09:00,665.1363917181284,674.7633658087855,653.7590587018972,659.8853149414062,265000,0.0,0.0
2015-07-28 00:00:00+09:00,659.0102363627225,659.0102363627225,650.25844039509,654.6343383789062,66000,0.0,0.0
2015-07-29 00:00:00+09:00,661.635768041534,661.635768041534,652.0087925806122,652.8839721679688,26000,0.0,0.0
2015-07-30 00:00:00+09:00,653.7591517553252,659.0102292794644,652.8839721679688,652.8839721679688,46000,0.0,0.0
2015-07-31 00:00:00+09:00,652.0087422901282,671.2626917268838,652.0087422901282,670.3875122070312,99000,0.0,0.0
2015-08-03 00:00:00+09:00,677.3889981783353,682.6400756835938,673.8882798414965,682.6400756835938,69000,0.0,0.0
2015-08-04 00:00:00+09:00,687.8911372432002,708.8954467773438,684.3904189875096,708.8954467773438,132000,0.0,0.0
2015-08-05 00:00:00+09:00,706.2699212390731,772.7835693359375,700.1436641775198,772.7835693359375,285000,0.0,0.0
2015-08-06 00:00:00+09:00,746.5281509643834,776.2842554576882,743.9026123326212,764.9069213867188,213000,0.0,0.0
2015-08-07 00:00:00+09:00,752.6544643895869,769.2828769749382,752.6544643895869,764.0317993164062,92000,0.0,0.0
2015-08-10 00:00:00+09:00,751.7791849034996,764.0316978122877,719.3975436445596,724.6486206054688,90000,0.0,0.0
2015-08-11 00:00:00+09:00,720.2727515845778,750.0288555382542,720.2727515845778,731.6500854492188,69000,0.0,0.0
2015-08-12 00:00:00+09:00,743.9026594441493,751.7792758382639,738.651581848073,746.5281982421875,106000,0.0,0.0
2015-08-13 00:00:00+09:00,748.2784360688308,761.4061279296875,740.4018209523168,761.4061279296875,81000,0.0,0.0
2015-08-14 00:00:00+09:00,753.5295762204333,793.7878346480059,753.5295762204333,792.0374755859375,171000,0.0,0.0
2015-08-17 00:00:00+09:00,778.909764733556,785.036021310112,743.0274047851562,743.0274047851562,96000,0.0,0.0
2015-08-18 00:00:00+09:00,729.8997191665595,748.2784890736312,729.0245396471752,744.7777709960938,41000,0.0,0.0
2015-08-19 00:00:00+09:00,735.1507962828657,748.2784890736312,732.5252577247127,744.7777709960938,22000,0.0,0.0
2015-08-20 00:00:00+09:00,733.400463534406,733.400463534406,706.2698974609375,706.2698974609375,34000,0.0,0.0
2015-08-21 00:00:00+09:00,681.7648315429688,695.7677035643904,673.0130365295802,681.7648315429688,39000,0.0,0.0
2015-08-24 00:00:00+09:00,657.2598010539352,665.1364165126375,627.5036982099489,636.2554931640625,73000,0.0,0.0
2015-08-25 00:00:00+09:00,601.2483136576991,687.0159042522472,592.4965186990718,651.133544921875,124000,0.0,0.0
2015-08-26 00:00:00+09:00,664.26120968617,732.5252075195312,664.26120968617,732.5252075195312,121000,0.0,0.0
2015-08-27 00:00:00+09:00,743.9026187945016,746.5281574490704,686.1407683939873,691.391845703125,111000,0.0,0.0
2015-08-28 00:00:00+09:00,695.7676973204682,730.7748770598629,695.7676973204682,724.6486206054688,60000,0.0,0.0
2015-08-31 00:00:00+09:00,724.6485705874887,737.7762620836389,717.6471351228753,727.2741088867188,82000,0.0,0.0
2015-09-01 00:00:00+09:00,727.2740828059566,730.7748004127242,692.2669067382812,692.2669067382812,45000,0.0,0.0
2015-09-02 00:00:00+09:00,669.5123325347901,704.5195133209229,659.0101782989502,700.1436157226562,70000,0.0,0.0
2015-09-03 00:00:00+09:00,700.1436661896173,707.1451028515136,697.5181274414062,697.5181274414062,14000,0.0,0.0
2015-09-04 00:00:00+09:00,689.641469251935,693.1421873699651,645.0073132470508,657.2598266601562,29000,0.0,0.0
2015-09-07 00:00:00+09:00,638.8809629242995,645.0072187331627,618.7518366951778,634.5050659179688,57000,0.0,0.0
2015-09-08 00:00:00+09:00,635.3803648780057,647.632878801273,618.751953125,618.751953125,41000,0.0,0.0
2015-09-09 00:00:00+09:00,630.1291930725524,641.5065257252513,624.8781164636146,625.7532958984375,77000,0.0,0.0
2015-09-10 00:00:00+09:00,618.751953125,626.628569218529,617.8767735590524,618.751953125,32000,0.0,0.0
2015-09-11 00:00:00+09:00,618.7518294507207,645.8823905723224,618.7518294507207,632.7546997070312,41000,0.0,0.0
2015-09-14 00:00:00+09:00,645.0073097330729,656.3846435546875,641.5065916341147,656.3846435546875,32000,0.0,0.0
2015-09-15 00:00:00+09:00,644.1321623357479,659.8853945667853,644.1321623357479,649.3832397460938,9000,0.0,0.0
2015-09-16 00:00:00+09:00,658.1350026041667,658.1350026041667,645.8824892578125,656.3846435546875,18000,0.0,0.0
2015-09-17 00:00:00+09:00,660.7605545895958,690.5166590346903,660.7605545895958,689.6414794921875,44000,0.0,0.0
2015-09-18 00:00:00+09:00,688.7663327730619,698.393308199369,681.764896099384,682.6400756835938,13000,0.0,0.0
2015-09-24 00:00:00+09:00,679.1393397177419,679.1393397177419,676.5138010332661,678.26416015625,7000,0.0,0.0
2015-09-25 00:00:00+09:00,699.2684504570652,708.0202458319973,680.8896801697081,703.6443481445312,24000,0.0,0.0
2015-09-28 00:00:00+09:00,693.1421648160679,693.1421648160679,641.5065742552749,666.8867797851562,35000,0.0,0.0
2015-09-29 00:00:00+09:00,680.0144832835477,680.0144832835477,656.3846363740809,669.5123291015625,10000,0.0,0.0
2015-09-30 00:00:00+09:00,656.3847010858227,666.8868563031959,644.1321866655541,655.509521484375,25000,0.0,0.0
2015-10-01 00:00:00+09:00,668.637160069168,687.0159301757812,667.7619805402817,687.0159301757812,19000,0.0,0.0
2015-10-02 00:00:00+09:00,678.2641800423912,698.393310546875,678.2641800423912,698.393310546875,14000,0.0,0.0
2015-10-05 00:00:00+09:00,685.2655888424644,691.391845703125,685.2655888424644,691.391845703125,2000,0.0,0.0
2015-10-06 00:00:00+09:00,704.5195419009369,715.8968761179707,694.0173872390596,707.1450805664062,18000,0.0,0.0
2015-10-07 00:00:00+09:00,694.0174250527034,716.7720947265625,694.0174250527034,716.7720947265625,11000,0.0,0.0
2015-10-08 00:00:00+09:00,715.021722702753,715.8969022899045,698.393310546875,698.393310546875,21000,0.0,0.0
2015-10-09 00:00:00+09:00,698.3933024388838,711.52099609375,685.2656087840176,711.52099609375,14000,0.0,0.0
2015-10-13 00:00:00+09:00,711.5209783421885,712.3961578973449,695.7677463493725,707.1450805664062,35000,0.0,0.0
2015-10-14 00:00:00+09:00,694.0173772047013,708.0202498847458,687.8911204071819,689.6414794921875,16000,0.0,0.0
2015-10-15 00:00:00+09:00,689.6413685332055,692.2669067382812,681.7647539179786,692.2669067382812,6000,0.0,0.0
2015-10-16 00:00:00+09:00,693.1422146267362,708.8954467773438,693.1422146267362,708.8954467773438,12000,0.0,0.0
2015-10-19 00:00:00+09:00,695.7677145565257,707.1450482536765,683.5152013442096,699.2684326171875,37000,0.0,0.0
2015-10-20 00:00:00+09:00,687.8911204071819,696.6429158322097,687.8911204071819,689.6414794921875,11000,0.0,0.0
2015-10-21 00:00:00+09:00,689.6415123572717,692.2670511099009,682.6400756835938,682.6400756835938,19000,0.0,0.0
2015-10-22 00:00:00+09:00,686.140729049663,693.1421650603738,677.3889340362745,681.7648315429688,19000,0.0,0.0
2015-10-23 00:00:00+09:00,690.5166759349681,708.8954467773438,687.8911372432002,708.8954467773438,21000,0.0,0.0
2015-10-26 00:00:00+09:00,700.1435619934538,708.0201770658801,700.1435619934538,701.8939208984375,12000,0.0,0.0
2015-10-27 00:00:00+09:00,701.8939208984375,701.8939208984375,701.8939208984375,701.8939208984375,1000,0.0,0.0
2015-10-28 00:00:00+09:00,701.8939566750197,707.1450336576258,694.0173412011105,695.7677001953125,17000,0.0,0.0
2015-10-29 00:00:00+09:00,695.7676738338248,715.021622040547,669.5122899155672,674.7633666992188,132000,0.0,0.0
2015-10-30 00:00:00+09:00,674.7634237791108,696.6429122284983,673.8882442411352,688.7662963867188,91000,0.0,0.0
2015-11-02 00:00:00+09:00,687.0159301757812,694.017366406872,687.0159301757812,687.0159301757812,34700,0.0,0.0
2015-11-04 00:00:00+09:00,692.26699285959,693.1421723701584,680.8896592222011,683.5151977539062,43200,0.0,0.0
2015-11-05 00:00:00+09:00,693.1421868779856,693.1421868779856,680.0144939446905,687.0159301757812,26000,0.0,0.0
2015-11-06 00:00:00+09:00,688.7663327730619,692.2670511099009,680.0145369309646,682.6400756835938,88500,0.0,0.0
2015-11-09 00:00:00+09:00,682.6399863355514,693.142139971483,682.6399863355514,690.5166015625,48900,0.0,0.0
2015-11-10 00:00:00+09:00,690.516713149675,692.2670723718542,687.0159947053168,687.8911743164062,25200,0.0,0.0
2015-11-11 00:00:00+09:00,688.7662426231781,693.142139971483,687.0158836838561,690.5166015625,45300,0.0,0.0
2015-11-12 00:00:00+09:00,694.0173802529612,707.1450734481623,692.2670211602677,705.3947143554688,47400,0.0,0.0
2015-11-13 00:00:00+09:00,696.6429122284983,701.8939894563513,688.7662963867188,688.7662963867188,19800,0.0,0.0
2015-11-16 00:00:00+09:00,687.0159629321007,694.8925790676279,676.513808084731,680.0145263671875,62100,0.0,0.0
2015-11-17 00:00:00+09:00,682.6401088892487,691.3919051570596,673.8883126214378,675.638671875,69900,0.0,0.0
2015-11-18 00:00:00+09:00,679.1393903821244,680.8897496356865,675.638671875,675.638671875,53900,0.0,0.0
2015-11-19 00:00:00+09:00,674.7634241673853,681.7648604752181,673.8882446289062,673.8882446289062,60600,0.0,0.0
2015-11-20 00:00:00+09:00,673.8881278132761,680.0143835206695,659.8852576249483,660.7604370117188,92500,0.0,0.0
2015-11-24 00:00:00+09:00,660.7605089172524,669.5123037373485,660.7605089172524,663.3860473632812,96100,0.0,0.0
2015-11-25 00:00:00+09:00,665.1364899702978,666.011669562364,653.7591552734375,653.7591552734375,120800,0.0,0.0
2015-11-26 00:00:00+09:00,660.7605884541774,663.386127216247,652.0087925806122,652.8839721679688,65600,0.0,0.0
2015-11-27 00:00:00+09:00,652.8838864281064,670.3874758765811,652.8838864281064,661.6356811523438,63300,0.0,0.0
2015-11-30 00:00:00+09:00,669.512343388075,676.5137796588,665.136445718872,673.0130615234375,58200,0.0,0.0
2015-12-01 00:00:00+09:00,669.5122890320634,680.8896220482945,659.8853149414062,659.8853149414062,91900,0.0,0.0
2015-12-02 00:00:00+09:00,656.3846691234692,658.1350282411317,646.757693976325,647.6328735351562,114700,0.0,0.0
2015-12-03 00:00:00+09:00,655.5094605326001,659.0101786128811,640.6314086914062,640.6314086914062,73300,0.0,0.0
2015-12-04 00:00:00+09:00,643.2568748693898,647.6327719773448,633.6299012318887,638.0057983398438,88300,0.0,0.0
2015-12-07 00:00:00+09:00,633.6299757578226,680.0144905577738,633.6299757578226,671.2626953125,45400,0.0,0.0
2015-12-08 00:00:00+09:00,658.1349808887769,669.5123143349924,647.632826938424,651.133544921875,28800,0.0,0.0
2015-12-09 00:00:00+09:00,650.258325178659,656.3845812705172,638.8809924366367,641.5065307617188,38400,0.0,0.0
2015-12-10 00:00:00+09:00,660.7605920099669,660.7605920099669,641.5066409845109,653.7591552734375,28800,0.0,0.0
2015-12-11 00:00:00+09:00,652.8838560258315,652.8838560258315,639.7561645507812,639.7561645507812,14000,0.0,0.0
2015-12-14 00:00:00+09:00,631.8795277141702,635.3802453192349,631.8795277141702,634.5050659179688,10900,0.0,0.0
2015-12-15 00:00:00+09:00,638.0058955565054,650.258409325766,624.8782022322974,631.879638671875,32500,0.0,0.0
2015-12-16 00:00:00+09:00,638.8809777614347,638.8809777614347,633.6299012318887,638.0057983398438,5500,0.0,0.0
2015-12-17 00:00:00+09:00,638.0059053570112,650.2584193144847,638.0059053570112,649.3832397460938,16700,0.0,0.0
2015-12-18 00:00:00+09:00,649.3831819056151,649.3831819056151,635.3803100585938,635.3803100585938,24200,0.0,0.0
2015-12-21 00:00:00+09:00,635.3803461363982,635.3803461363982,625.7533711949376,629.2540893554688,26500,0.0,0.0
2015-12-22 00:00:00+09:00,647.6328706609245,647.6328706609245,625.7533817872446,631.879638671875,80000,0.0,0.0
2015-12-24 00:00:00+09:00,625.7532719053071,634.5050659179688,624.0029131027748,634.5050659179688,57900,0.0,0.0
2015-12-25 00:00:00+09:00,634.5050659179688,634.5050659179688,634.5050659179688,634.5050659179688,0,0.0,0.0
2015-12-28 00:00:00+09:00,628.3789637950009,640.6314784093881,617.0016287959271,627.5037841796875,17700,0.0,0.0
2015-12-29 00:00:00+09:00,633.6300414868812,643.2570172553283,627.5037841796875,627.5037841796875,15500,0.0,0.0
2015-12-30 00:00:00+09:00,626.6284365925147,639.7561273032518,622.2525396889357,631.0043334960938,13100,0.0,0.0
2016-01-04 00:00:00+09:00,625.7533817872446,631.879638671875,617.8767657927199,631.879638671875,19500,0.0,0.0
2016-01-05 00:00:00+09:00,631.8796645603823,634.5052033327938,623.1278686523438,623.1278686523438,2300,0.0,0.0
2016-01-06 00:00:00+09:00,621.3773893296146,638.0057983398438,618.7518510648416,638.0057983398438,23700,0.0,0.0
2016-01-07 00:00:00+09:00,626.6285727980446,638.0059072203555,619.6271362304688,619.6271362304688,21900,0.0,0.0
2016-01-08 00:00:00+09:00,612.6256961633663,638.8810831417964,602.1235413719944,618.751953125,63300,0.0,0.0
2016-01-12 00:00:00+09:00,605.6242920271146,634.5052192480608,605.6242920271146,611.7505493164062,26000,0.0,0.0
2016-01-13 00:00:00+09:00,616.1264066828254,631.879638671875,616.1264066828254,631.879638671875,6000,0.0,0.0
2016-01-14 00:00:00+09:00,625.7533388809419,625.7533388809419,611.7504669619278,621.37744140625,5600,0.0,0.0
2016-01-15 00:00:00+09:00,610.0001690136578,619.6271444213338,598.6228344409496,606.4994506835938,32100,0.0,0.0
2016-01-18 00:00:00+09:00,591.6213839548939,602.9987182617188,586.3703065825132,602.9987182617188,11000,0.0,0.0
2016-01-19 00:00:00+09:00,594.2469085916116,610.8753198776802,587.2454722606353,599.4979858398438,10500,0.0,0.0
2016-01-20 00:00:00+09:00,599.498051000264,604.7491288192444,569.741943359375,569.741943359375,35200,0.0,0.0
2016-01-21 00:00:00+09:00,552.2382996887305,562.7404543579298,541.7361450195312,541.7361450195312,31200,0.0,0.0
2016-01-22 00:00:00+09:00,567.9914587402344,569.7418176269531,548.7375109863282,568.8666381835938,22500,0.0,0.0
2016-01-25 00:00:00+09:00,584.6199683490474,589.8710459090688,560.1149397356143,562.740478515625,19300,0.0,0.0
2016-01-26 00:00:00+09:00,551.3630981445312,562.7404319157677,546.1120210193453,551.3630981445312,22200,0.0,0.0
2016-01-27 00:00:00+09:00,638.8810266565393,638.8810266565393,589.8709752965857,590.7461547851562,467900,0.0,0.0
2016-01-28 00:00:00+09:00,591.6214114480587,612.6257219136702,570.6171009824471,610.0001831054688,142000,0.0,0.0
2016-01-29 00:00:00+09:00,608.2498239000012,610.0001831054688,573.2426397906486,610.0001831054688,63500,0.0,0.0
2016-02-01 00:00:00+09:00,610.0001220703125,614.3760196461396,574.9929414636948,595.1220703125,76000,0.0,0.0
2016-02-02 00:00:00+09:00,590.7462043928305,603.8738978237823,589.8710248307669,602.9987182617188,13000,0.0,0.0
2016-02-03 00:00:00+09:00,602.998685948989,602.998685948989,558.3645306755515,565.365966796875,46900,0.0,0.0
2016-02-04 00:00:00+09:00,564.4907767555931,578.4936487371272,564.4907767555931,577.6184692382812,20800,0.0,0.0
2016-02-05 00:00:00+09:00,568.86667761003,569.7418571140455,538.23539496949,563.6156005859375,26600,0.0,0.0
2016-02-08 00:00:00+09:00,548.7375912375294,567.9915418072673,547.8624116661776,559.23974609375,61700,0.0,0.0
2016-02-09 00:00:00+09:00,550.4879741762352,555.7390518313345,526.8581247282887,534.7347412109375,43400,0.0,0.0
2016-02-10 00:00:00+09:00,525.9828703282243,534.7346651756158,509.3544601181806,516.3558959960938,60000,0.0,0.0
2016-02-12 00:00:00+09:00,463.8451085030059,497.10192760322144,455.0933140029492,482.223876953125,75700,0.0,0.0
2016-02-15 00:00:00+09:00,482.22393910169205,539.1106106835614,468.22106609692423,527.7332763671875,73700,0.0,0.0
2016-02-16 00:00:00+09:00,536.4850791741994,537.3602587487087,490.9757412997159,529.483642578125,16200,0.0,0.0
2016-02-17 00:00:00+09:00,529.483686319987,540.8610217285157,518.9815305582682,525.1077880859375,29400,0.0,0.0
2016-02-18 00:00:00+09:00,533.8595149342607,545.2368488590892,529.4836172708651,538.2354125976562,23500,0.0,0.0
2016-02-19 00:00:00+09:00,532.1091558689025,539.9857716630145,521.607001476753,538.2354125976562,15300,0.0,0.0
2016-02-22 00:00:00+09:00,539.1105671875,547.862362109375,530.358772265625,546.9871826171875,17200,0.0,0.0
2016-02-23 00:00:00+09:00,548.7375560087315,548.7375560087315,523.3573500689338,535.60986328125,30700,0.0,0.0
2016-02-24 00:00:00+09:00,535.60984921875,546.9871826171875,525.9828748046875,546.9871826171875,16500,0.0,0.0
2016-02-25 00:00:00+09:00,546.1119964599609,560.1148681640625,545.2368169784546,560.1148681640625,17300,0.0,0.0
2016-02-26 00:00:00+09:00,594.246935255984,594.246935255984,568.8667274173632,575.8681640625,51600,0.0,0.0
2016-02-29 00:00:00+09:00,573.2424889427442,580.2439239221976,566.2410539632908,572.3673095703125,8800,0.0,0.0
2016-03-01 00:00:00+09:00,567.1163295200893,569.7418680826823,546.1120210193453,551.3630981445312,13700,0.0,0.0
2016-03-02 00:00:00+09:00,560.1149042259084,564.4908019151733,552.2382883852315,553.9886474609375,10800,0.0,0.0
2016-03-03 00:00:00+09:00,545.2368272287777,553.1134427104133,541.7361092369397,547.8623657226562,7500,0.0,0.0
2016-03-04 00:00:00+09:00,542.6113099689725,554.8638234198847,541.7361304367645,553.1134643554688,9000,0.0,0.0
2016-03-07 00:00:00+09:00,559.23974609375,564.4908235218603,550.4879503802327,559.23974609375,16500,0.0,0.0
2016-03-08 00:00:00+09:00,559.2397030658603,564.4907800899529,542.6112924895672,563.6156005859375,14400,0.0,0.0
2016-03-09 00:00:00+09:00,563.615607766544,568.8666848575367,553.1134535845588,565.365966796875,9700,0.0,0.0
2016-03-10 00:00:00+09:00,560.1149605161787,568.8667567742441,557.4894216387592,567.9915771484375,5700,0.0,0.0
2016-03-11 00:00:00+09:00,567.9915017298025,571.4922197681989,560.9900656530099,564.4907836914062,4500,0.0,0.0
2016-03-14 00:00:00+09:00,570.6170438878676,580.2440185546875,566.2411463120404,580.2440185546875,10300,0.0,0.0
2016-03-15 00:00:00+09:00,581.1192016601562,582.8695607013013,577.6184835778662,581.1192016601562,5400,0.0,0.0
2016-03-16 00:00:00+09:00,581.1191442962877,584.6198620330123,580.2439648621065,581.9943237304688,4300,0.0,0.0
2016-03-17 00:00:00+09:00,585.4951207402927,589.871018503673,580.2440434242362,586.3703002929688,2800,0.0,0.0
2016-03-18 00:00:00+09:00,581.9943989980382,589.8710149243274,577.6185012612108,585.4951171875,27200,0.0,0.0
2016-03-22 00:00:00+09:00,590.7462193415715,591.6213989257812,585.4951418363131,591.6213989257812,5100,0.0,0.0
2016-03-23 00:00:00+09:00,590.7461511628917,590.7461511628917,569.7418435659889,589.8709716796875,8800,0.0,0.0
2016-03-24 00:00:00+09:00,590.7462298431171,594.2469482421875,586.3703318442792,594.2469482421875,5700,0.0,0.0
2016-03-25 00:00:00+09:00,595.1220774720491,597.7476160491317,577.6184869581654,596.8724365234375,8900,0.0,0.0
2016-03-28 00:00:00+09:00,595.1221243259126,595.1221243259126,588.995867163734,593.3717651367188,5100,0.0,0.0
2016-03-29 00:00:00+09:00,590.7266880217053,599.5435042608352,585.4365982782274,592.4900512695312,3500,5.0,0.0
2016-03-30 00:00:00+09:00,596.0167559084194,596.8984375,581.028168851551,596.8984375,3400,0.0,0.0
2016-03-31 00:00:00+09:00,581.9098295054041,595.1350529032543,574.8563770265507,586.3182373046875,10600,0.0,0.0
2016-04-01 00:00:00+09:00,595.1350529032543,595.1350529032543,571.329650787124,586.3182373046875,8200,0.0,0.0
2016-04-04 00:00:00+09:00,578.3831787109375,578.3831787109375,560.7495452136528,578.3831787109375,13200,0.0,0.0
2016-04-05 00:00:00+09:00,573.0930975028552,573.0930975028552,561.6312355527982,566.9213256835938,12800,0.0,0.0
2016-04-06 00:00:00+09:00,558.1044521597929,568.6846313476562,551.9326809668726,568.6846313476562,11100,0.0,0.0
2016-04-07 00:00:00+09:00,568.6846357073102,568.6846357073102,542.2341875348773,555.4594116210938,29000,0.0,0.0
2016-04-08 00:00:00+09:00,538.7074584960938,543.1158665034268,529.0089608799611,538.7074584960938,35500,0.0,0.0
2016-04-11 00:00:00+09:00,529.8906758797268,530.7723575367647,517.5471326811975,524.6005859375,70100,0.0,0.0
2016-04-12 00:00:00+09:00,520.1921776523109,547.5243090204832,512.2570427389705,524.6005859375,33100,0.0,0.0
2016-04-13 00:00:00+09:00,529.0089790394765,536.9441137250686,526.363934144279,532.5357055664062,32200,0.0,0.0
2016-04-14 00:00:00+09:00,538.7074619809722,543.115870016823,534.2990539451213,540.4708251953125,19000,0.0,0.0
2016-04-15 00:00:00+09:00,542.2342362837358,543.11591796875,522.8372392134232,533.4174194335938,69300,0.0,0.0
2016-04-18 00:00:00+09:00,523.7188800542572,523.7188800542572,510.4936558104628,512.2570190429688,36200,0.0,0.0
2016-04-19 00:00:00+09:00,502.5585021972656,510.49363644248564,502.5585021972656,502.5585021972656,59200,0.0,0.0
2016-04-20 00:00:00+09:00,508.7303074034543,508.7303074034543,479.63481321920125,488.4516296386719,85900,0.0,0.0
2016-04-21 00:00:00+09:00,502.5585428873698,506.0852695041233,490.21499972873266,491.9783630371094,105000,0.0,0.0
2016-04-22 00:00:00+09:00,492.86004469129773,501.67686123318146,488.4516364203559,491.9783630371094,81200,0.0,0.0
2016-04-25 00:00:00+09:00,507.84863111413046,510.4936760678499,497.2684512992527,506.9669494628906,54200,0.0,0.0
2016-04-26 00:00:00+09:00,509.61191164214034,514.0203191822973,506.9668671180462,511.3752746582031,19800,0.0,0.0
2016-04-27 00:00:00+09:00,511.3753015854779,542.2341559914981,504.32184914981616,539.589111328125,53600,0.0,0.0
2016-04-28 00:00:00+09:00,548.4059871268313,551.9327137321485,522.8372192382812,522.8372192382812,35000,0.0,0.0
2016-05-02 00:00:00+09:00,522.8372706034723,527.245679293215,509.61204453424455,517.5471801757812,17700,0.0,0.0
2016-05-06 00:00:00+09:00,514.9020443564967,514.9020443564967,502.5585021972656,502.5585021972656,23500,0.0,0.0
2016-05-09 00:00:00+09:00,502.55851704806565,509.61196991891575,494.6233825683594,494.6233825683594,23800,0.0,0.0
2016-05-10 00:00:00+09:00,500.7951158264373,506.96688662007296,497.2683896586455,506.085205078125,17900,0.0,0.0
2016-05-11 00:00:00+09:00,511.37531802528787,512.25699960809,499.03177586605676,502.5585021972656,24300,0.0,0.0
2016-05-12 00:00:00+09:00,503.44019428888953,509.6119654973348,499.03178628285724,507.8486022949219,8600,0.0,0.0
2016-05-13 00:00:00+09:00,505.20353979103976,506.0852213613557,499.0317687988281,499.0317687988281,18300,0.0,0.0
2016-05-16 00:00:00+09:00,499.913457448859,506.9669101112767,499.913457448859,502.5585021972656,12000,0.0,0.0
2016-05-17 00:00:00+09:00,499.9134678840637,510.49364709854126,499.9134678840637,507.8486022949219,16400,0.0,0.0
2016-05-18 00:00:00+09:00,510.49364709854126,511.3753286997477,502.5585126876831,507.8486022949219,19200,0.0,0.0
2016-05-19 00:00:00+09:00,504.321875890096,512.2570103009541,504.321875890096,507.8486022949219,6700,0.0,0.0
2016-05-20 00:00:00+09:00,502.55845957788927,512.2569561662345,502.55845957788927,511.3752746582031,22700,0.0,0.0
2016-05-23 00:00:00+09:00,514.0203534417956,514.902035008591,505.2035377738402,513.138671875,8200,0.0,0.0
2016-05-24 00:00:00+09:00,507.84863111413046,514.0204026728092,502.5585412066916,506.9669494628906,16000,0.0,0.0
2016-05-25 00:00:00+09:00,511.3753374267158,513.1387006592217,506.08524772919804,512.2570190429688,22000,0.0,0.0
2016-05-26 00:00:00+09:00,514.0203960010678,519.3104858398438,507.84862452249575,519.3104858398438,37600,0.0,0.0
2016-05-27 00:00:00+09:00,522.8372770719319,531.6540945604974,520.1922318253622,521.0739135742188,22100,0.0,0.0
2016-05-30 00:00:00+09:00,521.07384098091,530.7723388671875,518.4287961028343,530.7723388671875,28800,0.0,0.0
2016-05-31 00:00:00+09:00,529.0089187990641,550.1692755510267,529.0089187990641,547.5242309570312,60100,0.0,0.0
2016-06-01 00:00:00+09:00,543.9975262926771,545.7608894249062,534.299029065417,543.1158447265625,14300,0.0,0.0
2016-06-02 00:00:00+09:00,537.825795356801,537.825795356801,529.0089790394765,532.5357055664062,15100,0.0,0.0
2016-06-03 00:00:00+09:00,529.0089539680292,537.8257698674964,528.1272723780826,535.1807250976562,5500,0.0,0.0
2016-06-06 00:00:00+09:00,539.5891723632812,571.3297119140625,536.9441274007162,571.3297119140625,37200,0.0,0.0
2016-06-07 00:00:00+09:00,569.5662987438063,569.5662987438063,557.2227566657672,561.6311645507812,6100,0.0,0.0
2016-06-08 00:00:00+09:00,561.6311645507812,566.0395724357952,560.7494829737784,561.6311645507812,3100,0.0,0.0
2016-06-09 00:00:00+09:00,564.2762451171875,564.2762451171875,555.4594287872314,564.2762451171875,8300,0.0,0.0
2016-06-10 00:00:00+09:00,564.2762128325509,564.2762128325509,558.1044417546948,563.39453125,9500,0.0,0.0
2016-06-13 00:00:00+09:00,558.9861380440848,568.6846357073102,552.8143668038505,555.4594116210938,11900,0.0,0.0
2016-06-14 00:00:00+09:00,555.4594016664307,558.9861280262176,534.2990435077096,535.1807250976562,11100,0.0,0.0
2016-06-15 00:00:00+09:00,535.180714135031,551.0509824289859,525.482216844281,544.8792114257812,5900,0.0,0.0
2016-06-16 00:00:00+09:00,536.0624000106656,536.0624000106656,511.37531579964804,516.6654052734375,10100,0.0,0.0
2016-06-17 00:00:00+09:00,513.1386824627311,528.1272694075188,504.32186661285607,518.4287719726562,9000,0.0,0.0
2016-06-20 00:00:00+09:00,527.24560546875,530.772331926735,518.4287893237877,527.24560546875,8000,0.0,0.0
2016-06-21 00:00:00+09:00,533.4173404469209,539.589111328125,521.9554802389706,539.589111328125,2400,0.0,0.0
2016-06-22 00:00:00+09:00,539.589111328125,539.589111328125,531.6539773380055,539.589111328125,9500,0.0,0.0
2016-06-23 00:00:00+09:00,533.4174194335938,537.8258278586648,527.2456476384943,533.4174194335938,6600,0.0,0.0
2016-06-24 00:00:00+09:00,533.4173705631566,536.9440969801032,459.35611580728033,508.73028564453125,30600,0.0,0.0
2016-06-27 00:00:00+09:00,491.09661534449435,508.73024605704353,482.27979998821974,504.32183837890625,15700,0.0,0.0
2016-06-28 00:00:00+09:00,495.5050738261783,531.6540204932127,495.5050738261783,530.7723388671875,10200,0.0,0.0
2016-06-29 00:00:00+09:00,513.1387309741496,528.1273193359375,494.62341593899987,528.1273193359375,20000,0.0,0.0
2016-06-30 00:00:00+09:00,528.1272621677347,528.1272621677347,513.1386754284166,514.9020385742188,8600,0.0,0.0
2016-07-01 00:00:00+09:00,533.417399054233,533.417399054233,517.5471293303054,522.8372192382812,10200,0.0,0.0
2016-07-04 00:00:00+09:00,528.1273260164024,531.654052734375,524.6005992984298,531.654052734375,6600,0.0,0.0
2016-07-05 00:00:00+09:00,532.5356809454449,534.2990441273835,519.3104570809057,520.192138671875,4700,0.0,0.0
2016-07-06 00:00:00+09:00,519.3104570809057,523.7188650357522,510.4936411712129,520.192138671875,9500,0.0,0.0
2016-07-07 00:00:00+09:00,520.192138671875,521.9555018538135,515.7837307170286,520.192138671875,2900,0.0,0.0
2016-07-08 00:00:00+09:00,520.192089738517,533.4173123589877,511.3752746582031,511.3752746582031,16400,0.0,0.0
2016-07-11 00:00:00+09:00,511.3752746582031,511.3752746582031,511.3752746582031,511.3752746582031,0,0.0,0.0
2016-07-12 00:00:00+09:00,507.8485824742268,527.2455769437286,504.3218562070447,513.138671875,14100,0.0,0.0
2016-07-13 00:00:00+09:00,520.1922221387554,520.1922221387554,513.1387682792468,515.7838134765625,6900,0.0,0.0
2016-07-14 00:00:00+09:00,515.78368219836,515.78368219836,499.0317335457637,511.3752746582031,11300,0.0,0.0
2016-07-15 00:00:00+09:00,514.0203191822973,514.9020006903287,507.84854862607756,511.3752746582031,31800,0.0,0.0
2016-07-19 00:00:00+09:00,514.020377856773,525.4822387695312,505.2035617700359,525.4822387695312,33300,0.0,0.0
2016-07-20 00:00:00+09:00,521.0738307261627,527.2456019868787,520.192149117489,525.4822387695312,16000,0.0,0.0
2016-07-21 00:00:00+09:00,520.1921776523109,524.6005859375,520.1921776523109,524.6005859375,15900,0.0,0.0
2016-07-22 00:00:00+09:00,524.6005466267214,524.6005466267214,515.7837307170286,520.192138671875,6400,0.0,0.0
2016-07-25 00:00:00+09:00,520.1921351426313,520.1921351426313,514.9020456327062,518.4287719726562,13500,0.0,0.0
2016-07-26 00:00:00+09:00,514.0203735033671,514.0203735033671,507.8486022949219,507.8486022949219,26500,0.0,0.0
2016-07-27 00:00:00+09:00,485.8066117659859,498.1501554406207,479.63483992866844,486.68829345703125,57600,0.0,0.0
2016-07-28 00:00:00+09:00,489.3332627240349,514.9020278033088,489.3332627240349,509.6119384765625,21900,0.0,0.0
2016-07-29 00:00:00+09:00,505.20352353617704,506.085205078125,499.91343428448937,506.085205078125,6200,0.0,0.0
2016-08-01 00:00:00+09:00,507.84863111413046,510.4936760678499,491.0966797405741,506.9669494628906,18900,0.0,0.0
2016-08-02 00:00:00+09:00,515.7838134765625,520.1922221387554,508.730359617054,515.7838134765625,14400,0.0,0.0
2016-08-03 00:00:00+09:00,513.1386574137086,513.1386574137086,499.91343428448937,506.085205078125,4300,0.0,0.0
2016-08-04 00:00:00+09:00,510.4936639490262,510.4936639490262,495.50507623376984,500.795166015625,9300,0.0,0.0
2016-08-05 00:00:00+09:00,505.20357416717104,505.20357416717104,497.26843949438825,500.795166015625,2500,0.0,0.0
2016-08-08 00:00:00+09:00,509.61199441661006,509.61199441661006,500.795177904212,506.9669494628906,4000,0.0,0.0
2016-08-09 00:00:00+09:00,508.7302569221048,511.3753015854779,506.0852122587316,509.6119384765625,7100,0.0,0.0
2016-08-10 00:00:00+09:00,509.61191164214034,511.3752746582031,499.9134150537951,511.3752746582031,5300,0.0,0.0
2016-08-12 00:00:00+09:00,504.32184199422915,511.37529432981273,500.7951158264373,506.085205078125,15600,0.0,0.0
2016-08-15 00:00:00+09:00,509.6119654973348,509.6119654973348,502.5585126876831,507.8486022949219,8000,0.0,0.0
2016-08-16 00:00:00+09:00,506.96693742778945,506.96693742778945,500.795166015625,500.795166015625,3500,0.0,0.0
2016-08-17 00:00:00+09:00,499.9134288994945,503.44015502929693,498.15006583459325,503.4401550292969,10800,0.0,0.0
2016-08-18 00:00:00+09:00,500.795166015625,507.8486190580986,498.1501211246974,500.795166015625,9000,0.0,0.0
2016-08-19 00:00:00+09:00,500.79513193946,502.5584950800919,498.1500872285122,499.0317687988281,5200,0.0,0.0
2016-08-22 00:00:00+09:00,507.8485845019876,507.8485845019876,498.1500872285122,499.0317687988281,4400,0.0,0.0
2016-08-23 00:00:00+09:00,499.0317687988281,499.9134503691441,498.1500872285122,499.0317687988281,5500,0.0,0.0
2016-08-24 00:00:00+09:00,498.15009428325453,504.3218653628701,498.15009428325453,502.5585021972656,7600,0.0,0.0
2016-08-25 00:00:00+09:00,506.96688115909933,506.96688115909933,498.15006583459325,503.4401550292969,14300,0.0,0.0
2016-08-26 00:00:00+09:00,499.0317888532366,502.5585152762277,484.04320155552455,493.74169921875,15400,0.0,0.0
2016-08-29 00:00:00+09:00,493.74169921875,501.67683367047994,493.74169921875,493.74169921875,7800,0.0,0.0
2016-08-30 00:00:00+09:00,493.7416740674956,496.38671875,484.92485845914746,496.38671875,14400,0.0,0.0
2016-08-31 00:00:00+09:00,496.3867293694736,504.32186358674755,493.7416846303822,501.67681884765625,10500,0.0,0.0
2016-09-01 00:00:00+09:00,502.558522325881,503.44020394399655,497.2684326171875,497.2684326171875,15500,0.0,0.0
2016-09-02 00:00:00+09:00,498.1500872285122,499.0317687988281,493.74167937693244,499.0317687988281,20200,0.0,0.0
2016-09-05 00:00:00+09:00,498.1500872285122,499.9134503691441,491.9783162363005,499.0317687988281,14800,0.0,0.0
2016-09-06 00:00:00+09:00,499.03180275500665,501.67684764593423,499.03180275500665,500.795166015625,1400,0.0,0.0
2016-09-07 00:00:00+09:00,501.6768206144634,502.5585021972656,499.913457448859,502.5585021972656,3500,0.0,0.0
2016-09-08 00:00:00+09:00,497.26840565819623,501.67681350977597,493.74167937693244,499.0317687988281,20200,0.0,0.0
2016-09-09 00:00:00+09:00,495.50504074771845,502.5584932850525,493.7416776133849,498.15008544921875,37600,0.0,0.0
2016-09-12 00:00:00+09:00,495.5050624302456,496.38674403599333,492.86001761300224,493.74169921875,25500,0.0,0.0
2016-09-13 00:00:00+09:00,493.7417061447252,502.558522325881,491.978342908494,497.2684326171875,21300,0.0,0.0
2016-09-14 00:00:00+09:00,490.21496406074044,498.1500983710762,486.68823770059123,489.3332824707031,21000,0.0,0.0
2016-09-15 00:00:00+09:00,489.3333009037658,490.2149825270159,483.1615295410156,483.1615295410156,12300,0.0,0.0
2016-09-16 00:00:00+09:00,485.8065561105539,492.86000883085234,485.8065561105539,489.3332824707031,9800,0.0,0.0
2016-09-20 00:00:00+09:00,493.74169042088965,497.26841678103887,484.9248745205166,489.3332824707031,13700,0.0,0.0
2016-09-21 00:00:00+09:00,489.33327538132016,489.33327538132016,484.924867495002,485.8065490722656,19900,0.0,0.0
2016-09-23 00:00:00+09:00,484.92493007494056,489.3333385301673,484.92493007494056,486.68829345703125,11800,0.0,0.0
2016-09-26 00:00:00+09:00,486.68830004355885,491.0967085584462,486.68830004355885,490.21502685546875,1700,0.0,0.0
2016-09-27 00:00:00+09:00,490.21502685546875,490.21502685546875,483.161573231649,490.21502685546875,31600,0.0,0.0
2016-09-28 00:00:00+09:00,488.4516634495138,493.7417536673786,488.4516634495138,490.21502685546875,6300,0.0,0.0
2016-09-29 00:00:00+09:00,491.0966544015067,493.74169921875,491.0966544015067,493.74169921875,5800,0.0,0.0
2016-09-30 00:00:00+09:00,493.74172634548614,493.74172634548614,487.56995476616754,491.9783630371094,18700,0.0,0.0
2016-10-03 00:00:00+09:00,494.62337907439695,494.62337907439695,484.9248814454872,492.8600158691406,10800,0.0,0.0
2016-10-04 00:00:00+09:00,492.86007196440113,496.38679877631097,490.21502685546875,490.21502685546875,48500,0.0,0.0
2016-10-05 00:00:00+09:00,492.86001935064684,500.7951538303532,492.86001935064684,494.6233825683594,25500,0.0,0.0
2016-10-06 00:00:00+09:00,499.9134503691441,500.79513193946,492.85999780661643,499.0317687988281,40100,0.0,0.0
2016-10-07 00:00:00+09:00,498.1500925288678,501.67681884765625,492.8600030506851,501.67681884765625,23100,0.0,0.0
2016-10-11 00:00:00+09:00,504.3218582207238,504.3218582207238,493.74167937693244,499.0317687988281,66800,0.0,0.0
2016-10-12 00:00:00+09:00,499.03182310056854,500.7951864330794,495.5050964355469,495.5050964355469,32400,0.0,0.0
2016-10-13 00:00:00+09:00,496.3867223148852,499.9134485835523,495.50504074771845,498.15008544921875,64800,0.0,0.0
2016-10-14 00:00:00+09:00,501.6768206144634,505.2035469456723,499.03177586605676,502.5585021972656,27900,0.0,0.0
2016-10-17 00:00:00+09:00,506.9669494628906,511.37535771908966,506.0852678116508,506.9669494628906,59600,0.0,0.0
2016-10-18 00:00:00+09:00,492.8600047864412,506.9669101112767,492.8600047864412,502.5585021972656,106100,0.0,0.0
2016-10-19 00:00:00+09:00,500.7951390316612,508.7302732768812,500.7951390316612,502.5585021972656,52900,0.0,0.0
2016-10-20 00:00:00+09:00,503.44016759535845,514.9020278033088,503.44016759535845,509.6119384765625,88800,0.0,0.0
2016-10-21 00:00:00+09:00,509.6119561227811,522.8371798975937,509.6119561227811,518.4287719726562,79100,0.0,0.0
2016-10-24 00:00:00+09:00,518.4287754899365,523.7188650357522,517.5470938989672,520.192138671875,66200,0.0,0.0
2016-10-25 00:00:00+09:00,521.0738443538843,537.825795356801,521.0738443538843,532.5357055664062,37900,0.0,0.0
2016-10-26 00:00:00+09:00,533.4173404469209,546.6425637637867,533.4173404469209,539.589111328125,26500,0.0,0.0
2016-10-27 00:00:00+09:00,540.4707928825827,543.1158375459559,536.9440666647519,539.589111328125,38300,0.0,0.0
2016-10-28 00:00:00+09:00,539.5891149067335,544.8792042685642,537.8257517861233,541.3524780273438,29700,0.0,0.0
2016-10-31 00:00:00+09:00,542.2342406446561,552.8144209499177,542.2342406446561,551.9327392578125,27800,0.0,0.0
2016-11-01 00:00:00+09:00,552.8143346449908,584.5548706054688,552.8143346449908,584.5548706054688,51400,0.0,0.0
2016-11-02 00:00:00+09:00,573.0930752224392,584.5549367268881,566.9213036431207,571.3297119140625,63000,0.0,0.0
2016-11-04 00:00:00+09:00,564.2762553212074,571.3297085127225,564.2762553212074,569.5663452148438,17400,0.0,0.0
2016-11-07 00:00:00+09:00,568.6846167888117,583.6732035878966,568.6846167888117,576.6197509765625,34200,0.0,0.0
2016-11-08 00:00:00+09:00,576.6197438401442,581.0281516676682,566.0395650540866,573.093017578125,27400,0.0,0.0
2016-11-09 00:00:00+09:00,573.0930894420993,579.2648611745526,542.2342307798324,546.6426391601562,54000,0.0,0.0
2016-11-10 00:00:00+09:00,564.2762519409938,573.0930683775719,558.986162079047,567.802978515625,35600,0.0,0.0
2016-11-11 00:00:00+09:00,567.8030018907912,580.1465454101562,565.1579568509272,580.1465454101562,49500,0.0,0.0
2016-11-14 00:00:00+09:00,578.3831240768094,600.425163866322,578.3831240768094,596.8984375,22100,0.0,0.0
2016-11-15 00:00:00+09:00,605.7152846960713,633.047415446549,598.6618315991738,612.7687377929688,58900,0.0,0.0
2016-11-16 00:00:00+09:00,603.9518402099609,618.0587445068359,603.9518402099609,617.1770629882812,19800,0.0,0.0
2016-11-17 00:00:00+09:00,617.17711631914,631.2840218350061,604.8335739927572,628.6389770507812,29600,0.0,0.0
2016-11-18 00:00:00+09:00,628.6390058538886,630.4023691241661,618.0588262322243,627.75732421875,11700,0.0,0.0
2016-11-21 00:00:00+09:00,602.1884663606584,617.1770519069704,602.1884663606584,611.886962890625,29700,0.0,0.0
2016-11-22 00:00:00+09:00,611.8870595661092,615.4137861342136,608.3603329980049,614.5321044921875,4700,0.0,0.0
2016-11-24 00:00:00+09:00,606.596884765625,620.7037890624999,606.596884765625,617.1770629882812,27800,0.0,0.0
2016-11-25 00:00:00+09:00,617.1771629820479,622.4672529504654,615.413799659242,621.5855712890625,30100,0.0,0.0
2016-11-28 00:00:00+09:00,622.4672563221027,628.639027985353,618.0588479912095,623.3489379882812,42400,0.0,0.0
2016-11-29 00:00:00+09:00,620.7037890624999,620.7037890624999,611.0052923583984,617.1770629882812,9100,0.0,0.0
2016-11-30 00:00:00+09:00,624.2305620675027,625.9939252371848,624.2305620675027,625.1122436523438,9900,0.0,0.0
2016-12-01 00:00:00+09:00,630.4023402402645,654.2077432982885,625.1122506718148,628.6389770507812,23500,0.0,0.0
2016-12-02 00:00:00+09:00,631.2840797649658,633.9291247919139,625.9939897110694,626.8756713867188,12000,0.0,0.0
2016-12-05 00:00:00+09:00,614.5320722207256,617.1771170079023,613.650390625,613.650390625,10800,0.0,0.0
2016-12-06 00:00:00+09:00,613.6503258960735,619.8220964151432,611.886962890625,611.886962890625,9100,0.0,0.0
2016-12-07 00:00:00+09:00,611.8870492761283,614.5320941577254,605.7152778857351,609.2420043945312,9100,0.0,0.0
2016-12-08 00:00:00+09:00,607.4786513559787,617.1771494182658,607.4786513559787,614.5321044921875,6100,0.0,0.0
2016-12-09 00:00:00+09:00,633.04740004106,633.04740004106,619.8221758062189,620.703857421875,23500,0.0,0.0
2016-12-12 00:00:00+09:00,621.5855712890625,630.4023879030918,599.5435297539894,621.5855712890625,53600,0.0,0.0
2016-12-13 00:00:00+09:00,618.0588546302248,629.520716413667,617.1771729545754,626.8756713867188,28300,0.0,0.0
2016-12-14 00:00:00+09:00,625.1122149400308,629.5206226617518,619.8221256739656,625.993896484375,26400,0.0,0.0
2016-12-15 00:00:00+09:00,618.0588412766436,622.467249559644,618.0588412766436,619.8222045898438,6100,0.0,0.0
2016-12-16 00:00:00+09:00,619.8222045898438,621.5855679030439,615.4137963068434,619.8222045898438,11400,0.0,0.0
2016-12-19 00:00:00+09:00,615.4138504923328,618.9405774292517,615.4138504923328,616.2955322265625,3600,0.0,0.0
2016-12-20 00:00:00+09:00,614.5321044921875,617.1771494182658,609.2420146400309,614.5321044921875,5700,0.0,0.0
2016-12-21 00:00:00+09:00,612.7687090292744,616.2954354121767,610.1236642420977,613.650390625,10700,0.0,0.0
2016-12-22 00:00:00+09:00,618.9405057832793,618.9405057832793,599.5435098755412,611.00537109375,11500,0.0,0.0
2016-12-26 00:00:00+09:00,616.2953814697265,620.7037890624999,613.6503369140624,617.1770629882812,18400,0.0,0.0
2016-12-27 00:00:00+09:00,620.7038745185574,633.0474174777332,617.1771479587928,629.5206909179688,33900,0.0,0.0
2016-12-28 00:00:00+09:00,625.9939322665564,629.5206586455229,623.3488874823314,628.6389770507812,10700,0.0,0.0
2016-12-29 00:00:00+09:00,628.6389699917082,632.1656963310726,623.3488804826616,625.1122436523438,21500,0.0,0.0
2016-12-30 00:00:00+09:00,619.8221895025017,630.4023691241661,619.8221895025017,627.75732421875,23900,0.0,0.0
2017-01-04 00:00:00+09:00,630.4023725579099,630.4023725579099,626.8756459981454,629.5206909179688,8800,0.0,0.0
2017-01-05 00:00:00+09:00,632.1657069493007,645.390930944056,627.7572989510489,630.40234375,41200,0.0,0.0
2017-01-06 00:00:00+09:00,624.2305690770731,632.1657034297477,624.2305690770731,628.6389770507812,4400,0.0,0.0
2017-01-10 00:00:00+09:00,622.4672058875898,628.6389770507812,622.4672058875898,628.6389770507812,1500,0.0,0.0
2017-01-11 00:00:00+09:00,628.6389411174075,630.4023042060959,623.3488518513424,625.993896484375,10700,0.0,0.0
2017-01-12 00:00:00+09:00,625.1122149400308,627.7572595730634,623.3488518513424,625.993896484375,5600,0.0,0.0
2017-01-13 00:00:00+09:00,620.7038643185028,628.6389989475746,620.7038643185028,624.2305908203125,6100,0.0,0.0
2017-01-16 00:00:00+09:00,624.2305151367187,624.2305151367187,612.7686553955078,617.1770629882812,17200,0.0,0.0
2017-01-17 00:00:00+09:00,615.4137573242188,618.9404837272228,614.5320757234678,615.4137573242188,7500,0.0,0.0
2017-01-18 00:00:00+09:00,612.7686984297159,612.7686984297159,604.8335642054461,608.3602905273438,8100,0.0,0.0
2017-01-19 00:00:00+09:00,602.1885547720509,611.88705272592,602.1885547720509,611.00537109375,6200,0.0,0.0
2017-01-20 00:00:00+09:00,607.4785442795863,611.8869517126749,596.0166849535565,606.5968627929688,12000,0.0,0.0
2017-01-23 00:00:00+09:00,608.3603123574361,608.3603123574361,596.8984513999771,603.951904296875,5300,0.0,0.0
2017-01-24 00:00:00+09:00,603.0701904296875,603.0701904296875,595.1350563450864,603.0701904296875,11900,0.0,0.0
2017-01-25 00:00:00+09:00,608.360225766204,608.360225766204,601.3067738732626,606.5968627929688,12400,0.0,0.0
2017-01-26 00:00:00+09:00,606.5969595129342,617.1771390393226,605.7152778857351,609.2420043945312,21100,0.0,0.0
2017-01-27 00:00:00+09:00,610.1236860217302,612.7687309033274,606.5969595129342,609.2420043945312,3900,0.0,0.0
2017-01-30 00:00:00+09:00,600.4251457348205,603.9518719946432,599.5434641698648,603.0701904296875,4700,0.0,0.0
2017-01-31 00:00:00+09:00,602.1885595631107,602.1885595631107,597.7801513671875,597.7801513671875,2700,0.0,0.0
2017-02-01 00:00:00+09:00,596.8984628558512,596.8984628558512,591.6083730816488,594.25341796875,13300,0.0,0.0
2017-02-02 00:00:00+09:00,593.3717328934442,594.2534145173573,590.7266880217053,592.4900512695312,7300,0.0,0.0
2017-02-03 00:00:00+09:00,593.3717259389912,593.3717259389912,578.38313850814,588.9633178710938,12200,0.0,0.0
2017-02-06 00:00:00+09:00,585.4365557448308,586.3182373046875,579.2647848258341,586.3182373046875,7800,0.0,0.0
2017-02-07 00:00:00+09:00,588.0816905929381,588.9633722879801,578.3831919474774,585.4366455078125,10500,0.0,0.0
2017-02-08 00:00:00+09:00,582.7915361755925,586.3182625669727,578.383128186367,583.6732177734375,16300,0.0,0.0
2017-02-09 00:00:00+09:00,586.3182228123217,590.7266305026399,576.6197258936216,579.2647705078125,17200,0.0,0.0
2017-02-10 00:00:00+09:00,587.2000022194602,587.2000022194602,576.6198219992898,581.909912109375,7400,0.0,0.0
2017-02-13 00:00:00+09:00,588.0816257626628,588.9633073605079,580.1464913820572,583.6732177734375,25900,0.0,0.0
2017-02-14 00:00:00+09:00,583.6732721299749,583.6732721299749,564.2762751709727,580.1465454101562,50600,0.0,0.0
2017-02-15 00:00:00+09:00,581.9099054103945,581.9099054103945,566.0396352628383,578.3831787109375,56900,0.0,0.0
2017-02-16 00:00:00+09:00,578.383128186367,583.6732177734375,569.5663122079163,583.6732177734375,12100,0.0,0.0
2017-02-17 00:00:00+09:00,582.7915802938076,582.7915802938076,571.3297186541412,574.8564453125,35800,0.0,0.0
2017-02-20 00:00:00+09:00,577.501425405649,577.501425405649,568.684609750601,573.093017578125,13200,0.0,0.0
2017-02-21 00:00:00+09:00,573.9746740554413,581.9098077981432,566.9212218397062,575.738037109375,39900,0.0,0.0
2017-02-22 00:00:00+09:00,577.5014508820759,577.5014508820759,566.9212716292745,570.447998046875,40400,0.0,0.0
2017-02-23 00:00:00+09:00,570.4479799416451,576.6197509765625,566.9212536359781,576.6197509765625,32500,0.0,0.0
2017-02-24 00:00:00+09:00,575.7380694001457,576.6197509765625,571.3296615180619,576.6197509765625,7500,0.0,0.0
2017-02-27 00:00:00+09:00,574.8564130604358,577.501457905806,573.0930498301891,573.9747314453125,3700,0.0,0.0
2017-02-28 00:00:00+09:00,573.0930819833205,577.5014903062691,572.2114003187309,574.8564453125,5300,0.0,0.0
2017-03-01 00:00:00+09:00,580.1464520458761,586.3182228123217,575.7380443555579,579.2647705078125,33300,0.0,0.0
2017-03-02 00:00:00+09:00,583.6732721299749,583.6732721299749,575.7381370103831,580.1465454101562,3700,0.0,0.0
2017-03-03 00:00:00+09:00,577.501503684304,583.6732754794034,576.6198219992898,581.909912109375,24000,0.0,0.0
2017-03-06 00:00:00+09:00,584.5548741849742,586.3182373046875,576.6197401462641,586.3182373046875,9600,0.0,0.0
2017-03-07 00:00:00+09:00,588.9633213327892,593.3717294265974,585.4365948577425,590.7266845703125,8000,0.0,0.0
2017-03-08 00:00:00+09:00,593.3717397655961,596.0167846679688,588.963331594975,596.0167846679688,8400,0.0,0.0
2017-03-09 00:00:00+09:00,607.4786479702957,620.7038725269784,602.1885581476225,612.7687377929688,23100,0.0,0.0
2017-03-10 00:00:00+09:00,613.6504247228526,632.1657392619042,608.3603348545522,631.2840576171875,27400,0.0,0.0
2017-03-13 00:00:00+09:00,622.4672630084718,627.7573530623681,622.4672630084718,626.8756713867188,7100,0.0,0.0
2017-03-14 00:00:00+09:00,626.875606822026,630.4023331613904,622.4671988978205,625.1122436523438,8400,0.0,0.0
2017-03-15 00:00:00+09:00,622.467246149474,627.7573360600927,617.1771562388552,618.058837890625,20700,0.0,0.0
2017-03-16 00:00:00+09:00,616.2954677762397,616.2954677762397,612.7687412081353,614.5321044921875,8300,0.0,0.0
2017-03-17 00:00:00+09:00,612.7686406835655,614.5320036783384,600.4250997201556,610.1235961914062,13300,0.0,0.0
2017-03-21 00:00:00+09:00,610.1236536882926,612.7686984297159,608.3602905273438,608.3602905273438,22800,0.0,0.0
2017-03-22 00:00:00+09:00,608.3603227673323,609.2420043945312,608.3603227673323,609.2420043945312,14400,0.0,0.0
2017-03-23 00:00:00+09:00,608.3603261972403,611.00537109375,608.3603261972403,611.00537109375,8100,0.0,0.0
2017-03-24 00:00:00+09:00,611.0053745187444,616.2954643414175,610.1236928816322,612.7687377929688,9800,0.0,0.0
2017-03-27 00:00:00+09:00,614.5320036783384,614.5320036783384,609.2419146940198,610.1235961914062,2000,0.0,0.0
2017-03-28 00:00:00+09:00,611.8870561558566,612.7687377929688,608.3603296074078,612.7687377929688,5300,0.0,0.0
2017-03-29 00:00:00+09:00,621.7800144790914,626.2856667579255,620.8788840233246,623.582275390625,13600,15.0,0.0
2017-03-30 00:00:00+09:00,622.68115234375,651.5173272713911,622.68115234375,622.68115234375,42300,0.0,0.0
2017-03-31 00:00:00+09:00,628.087942637568,646.1105521824048,621.780029296875,621.780029296875,19200,0.0,0.0
2017-04-03 00:00:00+09:00,630.791328222796,658.7263727583769,628.0879368161268,629.8901977539062,51400,0.0,0.0
2017-04-04 00:00:00+09:00,629.8902111302613,631.6924721063135,614.5709928338172,620.87890625,19900,0.0,0.0
2017-04-05 00:00:00+09:00,629.8901293945313,638.000302734375,621.7799560546875,630.791259765625,24800,0.0,0.0
2017-04-06 00:00:00+09:00,623.5823300697664,632.5936354175954,623.5823300697664,631.6925048828125,13700,0.0,0.0
2017-04-07 00:00:00+09:00,628.9890896150436,628.9890896150436,627.1868286132812,627.1868286132812,13800,0.0,0.0
2017-04-10 00:00:00+09:00,627.1867972136922,627.1867972136922,620.8788840233246,623.582275390625,7900,0.0,0.0
2017-04-11 00:00:00+09:00,620.8788914107724,638.9015007405482,620.8788914107724,622.68115234375,15800,0.0,0.0
2017-04-12 00:00:00+09:00,625.3845175233914,625.3845175233914,610.0653002353545,610.9664306640625,29000,0.0,0.0
2017-04-13 00:00:00+09:00,609.1641771775758,610.9664380567993,597.4494814626223,610.0653076171875,11800,0.0,0.0
2017-04-14 00:00:00+09:00,609.1641771775758,612.7686989360229,604.6585249795168,610.0653076171875,9800,0.0,0.0
2017-04-17 00:00:00+09:00,612.7686620807368,622.6810963202781,612.7686620807368,614.5709228515625,12900,0.0,0.0
2017-04-18 00:00:00+09:00,644.3082570694335,671.3421699534656,622.6811267622078,640.7037353515625,51900,0.0,0.0
2017-04-19 00:00:00+09:00,645.2094133071478,656.0229788933011,640.7037609795839,652.41845703125,16700,0.0,0.0
2017-04-20 00:00:00+09:00,652.4184010325612,652.4184010325612,638.9014452100635,644.3082275390625,13100,0.0,0.0
2017-04-21 00:00:00+09:00,640.7037814917437,646.1105644579188,638.9015205030188,642.5060424804688,5900,0.0,0.0
2017-04-24 00:00:00+09:00,645.2094116210938,647.9128030105676,643.4071506947779,645.2094116210938,4600,0.0,0.0
2017-04-25 00:00:00+09:00,647.9127807617188,647.9127807617188,645.2093894650774,647.9127807617188,10200,0.0,0.0
2017-04-26 00:00:00+09:00,651.5173248631994,651.5173248631994,644.3082811579358,645.2094116210938,16200,0.0,0.0
2017-04-27 00:00:00+09:00,648.8139092167722,648.8139092167722,639.8026049220948,640.7037353515625,43900,0.0,0.0
2017-04-28 00:00:00+09:00,640.7037373040084,654.2206937872153,635.2969547107256,647.9127807617188,26900,0.0,0.0
2017-05-01 00:00:00+09:00,641.6048677362222,647.9127807617188,638.9014764395807,647.9127807617188,14500,0.0,0.0
2017-05-02 00:00:00+09:00,647.9127733866374,648.8139038085938,643.4071212768554,648.8139038085938,10500,0.0,0.0
2017-05-08 00:00:00+09:00,645.2094651651848,653.3196400066466,645.2094651651848,646.110595703125,14900,0.0,0.0
2017-05-09 00:00:00+09:00,645.2094174051892,646.1105478764255,630.7913298654084,637.0992431640625,54400,0.0,0.0
2017-05-10 00:00:00+09:00,635.2969434044578,639.8025954853405,630.7912913235751,634.3958129882812,45300,0.0,0.0
2017-05-11 00:00:00+09:00,630.791259765625,631.6923901367188,612.76865234375,630.791259765625,33800,0.0,0.0
2017-05-12 00:00:00+09:00,617.2743604336566,625.3845345123469,612.7687081677175,616.3732299804688,19900,0.0,0.0
2017-05-15 00:00:00+09:00,612.7686620807368,617.2743140078011,610.9664013099111,614.5709228515625,4500,0.0,0.0
2017-05-16 00:00:00+09:00,613.6698682897231,615.4721292832319,612.7687377929688,612.7687377929688,8900,0.0,0.0
2017-05-17 00:00:00+09:00,614.5709428630892,614.5709428630892,604.6585083007812,604.6585083007812,13300,0.0,0.0
2017-05-18 00:00:00+09:00,602.8563318196133,609.1642456054688,602.8563318196133,609.1642456054688,7200,0.0,0.0
2017-05-19 00:00:00+09:00,610.0653076171875,610.9664380567993,604.6585249795168,610.0653076171875,9600,0.0,0.0
2017-05-22 00:00:00+09:00,610.9664603666312,612.7687213116654,603.7574165864938,607.3619384765625,15000,0.0,0.0
2017-05-23 00:00:00+09:00,606.4608080040454,612.7687213116654,602.8562861139767,607.3619384765625,6900,0.0,0.0
2017-05-24 00:00:00+09:00,607.3619474391405,613.6698608398438,604.6585559816963,613.6698608398438,5100,0.0,0.0
2017-05-25 00:00:00+09:00,613.6698442925347,613.6698442925347,604.6585396773727,608.2630615234375,8900,0.0,0.0
2017-05-26 00:00:00+09:00,608.2630988733092,610.9664904238573,602.8563157722132,603.7574462890625,5400,0.0,0.0
2017-05-29 00:00:00+09:00,603.7574462890625,610.9664904238573,603.7574462890625,603.7574462890625,1100,0.0,0.0
2017-05-30 00:00:00+09:00,604.6585768059118,609.1642293901585,601.9551852553637,603.7574462890625,5700,0.0,0.0
2017-05-31 00:00:00+09:00,604.6585470590111,610.065329894114,604.6585470590111,607.3619384765625,2000,0.0,0.0
2017-06-01 00:00:00+09:00,612.7686671445487,612.7686671445487,605.5596240016716,606.4607543945312,12600,0.0,0.0
2017-06-02 00:00:00+09:00,606.460800600405,611.8675833695023,606.460800600405,608.2630615234375,5200,0.0,0.0
2017-06-05 00:00:00+09:00,608.2630467379639,613.6698293756347,603.7573945399049,610.0653076171875,14000,0.0,0.0
2017-06-06 00:00:00+09:00,612.7686671445487,613.6697975374083,603.7573632159523,606.4607543945312,10600,0.0,0.0
2017-06-07 00:00:00+09:00,606.4608169533258,618.1755132689175,605.559686467511,613.6698608398438,9500,0.0,0.0
2017-06-08 00:00:00+09:00,612.7687377929688,616.3732597799863,612.7687377929688,612.7687377929688,2000,0.0,0.0
2017-06-09 00:00:00+09:00,612.7686989360229,614.5709598152465,607.3619162983521,610.0653076171875,2300,0.0,0.0
2017-06-12 00:00:00+09:00,611.8675516188233,611.8675516188233,603.757377886026,604.6585083007812,4000,0.0,0.0
2017-06-13 00:00:00+09:00,603.7574165864938,610.065329894114,603.7574165864938,607.3619384765625,5300,0.0,0.0
2017-06-14 00:00:00+09:00,603.7574165864938,609.1641994215968,603.7574165864938,607.3619384765625,2500,0.0,0.0
2017-06-15 00:00:00+09:00,604.6585929012863,612.7687677688148,604.6585929012863,609.1642456054688,2900,0.0,0.0
2017-06-16 00:00:00+09:00,605.5596407860825,612.7686841287739,605.5596407860825,611.8675537109375,2200,0.0,0.0
2017-06-19 00:00:00+09:00,611.8676372279782,612.7687677688148,606.4608539829593,609.1642456054688,6300,0.0,0.0
2017-06-20 00:00:00+09:00,609.1642456054688,614.5710288504877,606.4608539829593,609.1642456054688,9600,0.0,0.0
2017-06-21 00:00:00+09:00,609.1641455731101,610.0652759659697,604.658493608812,606.4607543945312,6800,0.0,0.0
2017-06-22 00:00:00+09:00,604.6585249795168,610.0653076171875,604.6585249795168,610.0653076171875,4000,0.0,0.0
2017-06-23 00:00:00+09:00,610.9664693823995,615.4721218114732,607.3619474391405,613.6698608398438,9500,0.0,0.0
2017-06-26 00:00:00+09:00,616.3732299804688,618.1754908868444,609.1641863549662,616.3732299804688,7100,0.0,0.0
2017-06-27 00:00:00+09:00,619.0765747786268,619.0765747786268,612.7686620807368,614.5709228515625,2800,0.0,0.0
2017-06-28 00:00:00+09:00,612.7686989360229,612.7686989360229,610.0653076171875,610.0653076171875,5300,0.0,0.0
2017-06-29 00:00:00+09:00,612.768730354029,613.6698608398438,610.0653388965848,613.6698608398438,5100,0.0,0.0
2017-06-30 00:00:00+09:00,611.8675610927705,612.7686915214787,610.0653002353545,610.9664306640625,1900,0.0,0.0
2017-07-03 00:00:00+09:00,619.977774240547,619.977774240547,612.768730354029,613.6698608398438,8400,0.0,0.0
2017-07-04 00:00:00+09:00,613.6698092970737,619.9777221679688,612.7686788869458,619.9777221679688,6700,0.0,0.0
2017-07-05 00:00:00+09:00,619.0766541053508,627.1868286132812,619.0766541053508,627.1868286132812,9900,0.0,0.0
2017-07-06 00:00:00+09:00,628.9891132784638,631.6925048828125,622.6811995349835,631.6925048828125,12100,0.0,0.0
2017-07-07 00:00:00+09:00,632.5935032209677,632.5935032209677,622.681069409813,625.3844604492188,5100,0.0,0.0
2017-07-10 00:00:00+09:00,642.5060959930847,643.4072265625,633.4947902989321,643.4072265625,13200,0.0,0.0
2017-07-11 00:00:00+09:00,647.9128567790054,649.7151178548859,635.2970292478426,646.110595703125,13900,0.0,0.0
2017-07-12 00:00:00+09:00,647.9127807617188,648.8139111939325,644.3082590328636,647.9127807617188,900,0.0,0.0
2017-07-13 00:00:00+09:00,638.0004208616632,646.110595703125,633.4947681719622,646.110595703125,5200,0.0,0.0
2017-07-14 00:00:00+09:00,635.2969822215899,642.5060259914803,635.2969822215899,637.0992431640625,1900,0.0,0.0
2017-07-17 00:00:00+09:00,637.0992431640625,637.0992431640625,637.0992431640625,637.0992431640625,0,0.0,0.0
2017-07-18 00:00:00+09:00,632.593590807881,639.8026345777714,630.7913298654084,637.0992431640625,8800,0.0,0.0
2017-07-19 00:00:00+09:00,637.0992869367503,638.9015480030495,624.4834594726562,624.4834594726562,8300,0.0,0.0
2017-07-20 00:00:00+09:00,630.7913533757242,648.8139634721734,628.9890923660793,641.6049194335938,8600,0.0,0.0
2017-07-21 00:00:00+09:00,633.4946783198867,634.3958087300146,618.175461347713,619.9777221679688,53900,0.0,0.0
2017-07-24 00:00:00+09:00,631.6924071055296,639.8025806632326,629.890146314929,636.1980590820312,10800,0.0,0.0
2017-07-25 00:00:00+09:00,642.5059718491335,642.5059718491335,631.6924071055296,636.1980590820312,15500,0.0,0.0
2017-07-26 00:00:00+09:00,636.1980832042238,645.2093874989013,634.3958223452884,640.7037353515625,21500,0.0,0.0
2017-07-27 00:00:00+09:00,648.8138767930328,666.8364844817281,643.4070944864242,659.62744140625,54600,0.0,0.0
2017-07-28 00:00:00+09:00,647.9127660320139,665.9353742665622,647.9127660320139,649.7150268554688,12100,0.0,0.0
2017-07-31 00:00:00+09:00,647.9128794095764,649.7151405484069,640.7038348542542,643.4072265625,2900,0.0,0.0
2017-08-01 00:00:00+09:00,644.3083109480611,648.8139634721734,638.9015279191264,641.6049194335938,24800,0.0,0.0
2017-08-02 00:00:00+09:00,639.8026745299443,652.4185019150418,638.0004134749304,647.01171875,13200,0.0,0.0
2017-08-03 00:00:00+09:00,650.6162124424765,659.6275173239512,644.3082990254442,657.8252563476562,13400,0.0,0.0
2017-08-04 00:00:00+09:00,650.6161448091228,660.52857914832,650.6161448091228,658.726318359375,5800,0.0,0.0
2017-08-07 00:00:00+09:00,662.3309401010623,662.3309401010623,655.1218958550643,661.4298095703125,9100,0.0,0.0
2017-08-08 00:00:00+09:00,654.2206663870127,659.6274487538475,649.7150144146503,658.726318359375,9600,0.0,0.0
2017-08-09 00:00:00+09:00,662.3309087883936,663.2320392765411,656.9241258595088,657.8252563476562,16500,0.0,0.0
2017-08-10 00:00:00+09:00,655.1218648832138,658.7263868358037,655.1218648832138,657.8252563476562,2600,0.0,0.0
2017-08-11 00:00:00+09:00,657.8252563476562,657.8252563476562,657.8252563476562,657.8252563476562,0,0.0,0.0
2017-08-14 00:00:00+09:00,651.517342930624,658.7263868358037,642.5060380491492,657.8252563476562,10000,0.0,0.0
2017-08-15 00:00:00+09:00,654.220703125,656.9240944602273,648.8139204545455,654.220703125,2500,0.0,0.0
2017-08-16 00:00:00+09:00,650.6161425578644,658.7263160800538,647.9127513838013,651.5172729492188,5900,0.0,0.0
2017-08-17 00:00:00+09:00,654.2206957369756,656.0229566067744,653.3195653020762,655.121826171875,6100,0.0,0.0
2017-08-18 00:00:00+09:00,649.7150435624785,655.121826171875,647.0116522577803,655.121826171875,4600,0.0,0.0
2017-08-21 00:00:00+09:00,649.7150098680617,654.2206618088943,644.3082275390625,644.3082275390625,6800,0.0,0.0
2017-08-22 00:00:00+09:00,644.3082682291666,656.9240944602273,644.3082682291666,654.220703125,3600,0.0,0.0
2017-08-23 00:00:00+09:00,654.2207629700557,656.0230240250696,647.01171875,647.01171875,5400,0.0,0.0
2017-08-24 00:00:00+09:00,647.0117496902592,651.5174025432555,640.7038356960645,650.6162719726562,8400,0.0,0.0
2017-08-25 00:00:00+09:00,647.0116558236135,650.6161775830766,633.4946992256272,639.8026123046875,7800,0.0,0.0
2017-08-28 00:00:00+09:00,647.0116232312329,658.726318359375,642.5059712588705,658.726318359375,13100,0.0,0.0
2017-08-29 00:00:00+09:00,658.7263479114727,662.3308696510703,650.6161739973779,655.121826171875,7100,0.0,0.0
2017-08-30 00:00:00+09:00,662.3308846309268,662.3308846309268,652.4184496228448,653.319580078125,4100,0.0,0.0
2017-08-31 00:00:00+09:00,653.3195613641109,656.022952652514,618.175474614869,640.7037353515625,14900,0.0,0.0
2017-09-01 00:00:00+09:00,647.0116377046896,662.330854753408,646.1105072900591,656.924072265625,9300,0.0,0.0
2017-09-04 00:00:00+09:00,656.924185103729,656.924185103729,643.4072265625,643.4072265625,2000,0.0,0.0
2017-09-05 00:00:00+09:00,643.4071171500466,643.4071171500466,628.989030491222,634.3958129882812,5500,0.0,0.0
2017-09-06 00:00:00+09:00,628.989013671875,632.5935352401953,620.8788401431545,628.989013671875,5800,0.0,0.0
2017-09-07 00:00:00+09:00,630.7913152051746,639.8026197081056,630.7913152051746,638.9014892578125,16200,0.0,0.0
2017-09-08 00:00:00+09:00,634.39578125,638.000302734375,630.791259765625,630.791259765625,5900,0.0,0.0
2017-09-11 00:00:00+09:00,632.5936055934176,635.2969970703125,628.087953131926,635.2969970703125,39800,0.0,0.0
2017-09-12 00:00:00+09:00,637.0992155751532,656.0229546516429,637.0992155751532,647.9127807617188,14000,0.0,0.0
2017-09-13 00:00:00+09:00,647.01171875,653.3196324425487,638.9015440024373,647.01171875,6500,0.0,0.0
2017-09-14 00:00:00+09:00,640.7038124754838,647.9128567790054,638.9015513996034,646.110595703125,9900,0.0,0.0
2017-09-15 00:00:00+09:00,646.1106182707458,648.8140099789916,638.0004431460085,643.4072265625,20700,0.0,0.0
2017-09-18 00:00:00+09:00,643.4072265625,643.4072265625,643.4072265625,643.4072265625,0,0.0,0.0
2017-09-19 00:00:00+09:00,652.41845703125,660.528631220865,646.1105437726605,652.41845703125,12700,0.0,0.0
2017-09-20 00:00:00+09:00,650.6161887122845,654.2207105334052,646.1105364358837,653.319580078125,9600,0.0,0.0
2017-09-21 00:00:00+09:00,649.7151103325209,649.7151103325209,639.8026745299443,647.01171875,14800,0.0,0.0
2017-09-22 00:00:00+09:00,641.6048897684619,647.0116725474097,638.0003679158301,645.2094116210938,11500,0.0,0.0
2017-09-25 00:00:00+09:00,647.0117024625285,647.0117024625285,637.0992669094815,641.6049194335938,47400,0.0,0.0
2017-09-26 00:00:00+09:00,644.3082645040163,650.6161775830766,639.8026123046875,639.8026123046875,18400,0.0,0.0
2017-09-27 00:00:00+09:00,642.5060073390151,663.2320075757576,641.6048768939394,654.220703125,7600,0.0,0.0
2017-09-28 00:00:00+09:00,651.5172876789236,653.3195485023784,648.8138964437413,649.7150268554688,6700,0.0,0.0
2017-09-29 00:00:00+09:00,648.8138964437413,655.1218093258333,646.1105052085591,649.7150268554688,8600,0.0,0.0
2017-10-02 00:00:00+09:00,656.0229418509945,656.924072265625,653.319550607103,656.924072265625,1500,0.0,0.0
2017-10-03 00:00:00+09:00,656.9241859668509,656.9241859668509,649.7151414020569,650.6162719726562,2900,0.0,0.0
2017-10-04 00:00:00+09:00,652.4184496228448,656.0229714439655,649.7150582570043,653.319580078125,6900,0.0,0.0
2017-10-05 00:00:00+09:00,656.9240944602273,657.825224905303,645.2093986742424,654.220703125,28900,0.0,0.0
2017-10-06 00:00:00+09:00,653.3196347935648,661.4298095703125,653.3196347935648,661.4298095703125,9300,0.0,0.0
2017-10-09 00:00:00+09:00,661.4298095703125,661.4298095703125,661.4298095703125,661.4298095703125,0,0.0,0.0
2017-10-10 00:00:00+09:00,661.4297337739364,665.0342554838761,656.0229512090268,663.2319946289062,21100,0.0,0.0
2017-10-11 00:00:00+09:00,656.924072265625,657.8252026802554,652.4184201924726,656.924072265625,7600,0.0,0.0
2017-10-12 00:00:00+09:00,653.3196187281346,662.3309238140399,653.3196187281346,656.0230102539062,7600,0.0,0.0
2017-10-13 00:00:00+09:00,654.2207122844368,662.3308864036653,654.2207122844368,660.5286254882812,4300,0.0,0.0
2017-10-16 00:00:00+09:00,665.9354322479993,666.836562738186,661.4297797970656,665.0343017578125,18000,0.0,0.0
2017-10-17 00:00:00+09:00,800.2039009232955,800.2039009232955,735.3225035511364,743.4326782226562,756100,0.0,0.0
2017-10-18 00:00:00+09:00,723.6077492523193,734.4213146209717,711.8930534362793,720.9043579101562,124200,0.0,0.0
2017-10-19 00:00:00+09:00,720.9043833602398,736.2236015066449,718.2009919226389,732.6190795898438,27300,0.0,0.0
2017-10-20 00:00:00+09:00,736.223575515747,736.223575515747,719.1020970153809,720.9043579101562,27300,0.0,0.0
2017-10-23 00:00:00+09:00,734.4213464841321,734.4213464841321,720.9043891868781,724.5089111328125,20500,0.0,0.0
2017-10-24 00:00:00+09:00,733.5201896000834,742.531494140625,730.816798237921,742.531494140625,34400,0.0,0.0
2017-10-25 00:00:00+09:00,742.5315314026252,743.4326619019001,734.4213569091498,738.02587890625,15600,0.0,0.0
2017-10-26 00:00:00+09:00,730.8167873935291,758.7518310546875,728.1133960714816,758.7518310546875,81100,0.0,0.0
2017-10-27 00:00:00+09:00,758.7518757359263,758.7518757359263,749.740570798445,753.3450927734375,18100,0.0,0.0
2017-10-30 00:00:00+09:00,770.4665250679201,792.9947860348183,769.5653946292441,781.2800903320312,105400,0.0,0.0
2017-10-31 00:00:00+09:00,789.3902623417491,792.0936536511387,769.5653927395591,774.071044921875,41200,0.0,0.0
2017-11-01 00:00:00+09:00,769.5654460108557,775.873359502748,763.2575325189634,774.9722290039062,26300,0.0,0.0
2017-11-02 00:00:00+09:00,775.8733446161044,777.6756055792081,748.8394301695503,776.7744750976562,22800,0.0,0.0
2017-11-03 00:00:00+09:00,776.7744750976562,776.7744750976562,776.7744750976562,776.7744750976562,0,0.0,0.0
2017-11-06 00:00:00+09:00,774.9722514380652,786.6869482621289,765.9609461887853,772.2688598632812,28300,0.0,0.0
2017-11-07 00:00:00+09:00,771.3676536124855,774.9721753583382,762.3563492478536,774.071044921875,21600,0.0,0.0
2017-11-08 00:00:00+09:00,770.4665177868259,792.0936481106665,766.8619960661857,782.1812133789062,41700,0.0,0.0
2017-11-09 00:00:00+09:00,780.3789879157529,792.0936840391996,770.466552734375,770.466552734375,28100,0.0,0.0
2017-11-10 00:00:00+09:00,756.9496348603493,788.4892029795305,756.9496348603493,780.3790283203125,10500,0.0,0.0
2017-11-13 00:00:00+09:00,779.4779267858287,785.785840644211,769.5654907226562,769.5654907226562,48100,0.0,0.0
2017-11-14 00:00:00+09:00,767.7631151885807,772.2687672730208,758.7518110197007,768.6642456054688,36700,0.0,0.0
2017-11-15 00:00:00+09:00,759.6529709311093,762.356362286736,731.7179269229665,735.3224487304688,25500,0.0,0.0
2017-11-16 00:00:00+09:00,725.4099858122053,732.6190291494694,715.497551223467,716.398681640625,40000,0.0,0.0
2017-11-17 00:00:00+09:00,716.3987412022514,719.1021326784863,707.3874362814684,709.189697265625,25700,0.0,0.0
2017-11-20 00:00:00+09:00,706.4862742704504,737.1247096342199,706.4862742704504,735.3224487304688,24900,0.0,0.0
2017-11-21 00:00:00+09:00,747.9382803780692,781.2801073346819,746.1360194614955,756.9495849609375,66800,0.0,0.0
2017-11-22 00:00:00+09:00,756.949533509814,766.8619678772045,747.9382295394591,763.2574462890625,25300,0.0,0.0
2017-11-23 00:00:00+09:00,763.2574462890625,763.2574462890625,763.2574462890625,763.2574462890625,0,0.0,0.0
2017-11-24 00:00:00+09:00,763.2574762492419,790.2913892214701,758.7518240872039,789.3902587890625,34700,0.0,0.0
2017-11-27 00:00:00+09:00,783.0823809821526,797.5004685491427,777.6755981445312,777.6755981445312,24300,0.0,0.0
2017-11-28 00:00:00+09:00,774.972178986973,776.774439868338,755.1473092919574,758.7518310546875,23100,0.0,0.0
2017-11-29 00:00:00+09:00,748.8394388392352,754.2462217911431,735.3224814594656,746.1360473632812,29100,0.0,0.0
2017-11-30 00:00:00+09:00,738.926987102722,747.9382918234869,729.915682381957,740.729248046875,20600,0.0,0.0
2017-12-01 00:00:00+09:00,745.23486328125,748.8393849899865,745.23486328125,745.23486328125,3900,0.0,0.0
2017-12-04 00:00:00+09:00,745.2349094441486,752.4439533081791,743.432648478141,747.0371704101562,8100,0.0,0.0
2017-12-05 00:00:00+09:00,740.7292111453295,747.0371241356182,730.8167764463044,745.23486328125,5500,0.0,0.0
2017-12-06 00:00:00+09:00,741.6303919148563,743.4326528915631,731.7179565429688,731.7179565429688,7100,0.0,0.0
2017-12-07 00:00:00+09:00,728.113394245541,753.3450465213766,728.113394245541,751.5427856445312,7800,0.0,0.0
2017-12-08 00:00:00+09:00,765.0597906609847,765.0597906609847,754.2462247152464,760.5541381835938,7100,0.0,0.0
2017-12-11 00:00:00+09:00,760.5541200936559,760.5541200936559,740.7292496646744,747.9382934570312,10700,0.0,0.0
2017-12-12 00:00:00+09:00,751.5427583735041,769.5653664879766,747.9382367506095,762.3563232421875,9200,0.0,0.0
2017-12-13 00:00:00+09:00,751.5427635493671,754.2461547851562,749.7405027255077,754.2461547851562,1600,0.0,0.0
2017-12-14 00:00:00+09:00,754.2461547851562,754.2461547851562,754.2461547851562,754.2461547851562,0,0.0,0.0
2017-12-15 00:00:00+09:00,753.3450912991584,753.3450912991584,740.7292644113735,746.1360473632812,5500,0.0,0.0
2017-12-18 00:00:00+09:00,747.9382545628023,747.9382545628023,738.9269502909614,745.23486328125,5200,0.0,0.0
2017-12-19 00:00:00+09:00,736.2235508181014,738.9269420695755,715.497551223467,716.398681640625,34300,0.0,0.0
2017-12-20 00:00:00+09:00,720.9043579897327,736.2235755970145,691.1670532226562,691.1670532226562,49800,0.0,0.0
2017-12-21 00:00:00+09:00,693.8704003337747,698.376052283994,688.4636179935114,696.5737915039062,28100,0.0,0.0
2017-12-22 00:00:00+09:00,693.8704355247083,714.596435546875,693.8704355247083,714.596435546875,14800,0.0,0.0
2017-12-25 00:00:00+09:00,721.8054883575439,723.6077492523193,716.3987056732178,720.9043579101562,9300,0.0,0.0
2017-12-26 00:00:00+09:00,722.7066486301135,723.6077791146897,713.6953437843515,717.2998657226562,10300,0.0,0.0
2017-12-27 00:00:00+09:00,719.1020822881761,725.4099952907039,717.299821430311,722.7066040039062,7800,0.0,0.0
2017-12-28 00:00:00+09:00,718.2010051114472,729.915701556176,718.2010051114472,723.6077880859375,8600,0.0,0.0
2017-12-29 00:00:00+09:00,729.9156494140625,731.7179102768133,725.4099972571856,729.9156494140625,9500,0.0,0.0
2018-01-01 00:00:00+09:00,729.9156494140625,729.9156494140625,729.9156494140625,729.9156494140625,0,0.0,0.0
2018-01-02 00:00:00+09:00,729.9156494140625,729.9156494140625,729.9156494140625,729.9156494140625,0,0.0,0.0
2018-01-03 00:00:00+09:00,729.9156494140625,729.9156494140625,729.9156494140625,729.9156494140625,0,0.0,0.0
2018-01-04 00:00:00+09:00,734.421348008029,735.3224784963824,731.7179565429688,731.7179565429688,6600,0.0,0.0
2018-01-05 00:00:00+09:00,730.8168349120498,738.927009405525,730.8168349120498,738.02587890625,6000,0.0,0.0
2018-01-08 00:00:00+09:00,738.02587890625,738.02587890625,738.02587890625,738.02587890625,0,0.0,0.0
2018-01-09 00:00:00+09:00,738.02587890625,738.02587890625,733.5202264098748,738.02587890625,31300,0.0,0.0
2018-01-10 00:00:00+09:00,738.02587890625,738.927009405525,731.7179654113248,738.02587890625,28700,0.0,0.0
2018-01-11 00:00:00+09:00,738.0258307722207,738.0258307722207,710.991917557121,729.0145263671875,60600,0.0,0.0
2018-01-12 00:00:00+09:00,734.421277158749,734.421277158749,712.7941475246263,725.4099731445312,24400,0.0,0.0
2018-01-15 00:00:00+09:00,729.9156568076909,732.6190481292008,724.5088741646709,729.0145263671875,21500,0.0,0.0
2018-01-16 00:00:00+09:00,729.9156955662619,732.6190870313221,729.0145650779085,731.7179565429688,6900,0.0,0.0
2018-01-17 00:00:00+09:00,731.7179565429688,733.5202175196756,726.3111736128483,731.7179565429688,8000,0.0,0.0
2018-01-18 00:00:00+09:00,732.6190112064745,733.5201416015625,729.0144896261229,733.5201416015625,10200,0.0,0.0
2018-01-19 00:00:00+09:00,729.9157329119714,731.7179939808899,720.9044275673792,727.2123413085938,23800,0.0,0.0
2018-01-22 00:00:00+09:00,728.1133569760003,733.5201393297825,725.4099657991092,726.3110961914062,17300,0.0,0.0
2018-01-23 00:00:00+09:00,730.8168186314431,732.6190795898438,725.4100357562413,732.6190795898438,14600,0.0,0.0
2018-01-24 00:00:00+09:00,734.4213569091498,739.8281399048001,731.7179654113248,738.02587890625,69600,0.0,0.0
2018-01-25 00:00:00+09:00,735.3224487304688,742.5314923454733,734.4213182785932,735.3224487304688,223800,0.0,0.0
2018-01-26 00:00:00+09:00,680.3535186332178,712.7942162104309,672.2433442389146,694.7716064453125,176600,0.0,0.0
2018-01-29 00:00:00+09:00,700.1783432805925,723.6077344328388,700.1783432805925,722.7066040039062,63800,0.0,0.0
2018-01-30 00:00:00+09:00,721.8054442299211,726.3110961914062,720.904313837624,726.3110961914062,23700,0.0,0.0
2018-01-31 00:00:00+09:00,727.2122819959021,734.4213256835938,725.4100210739791,734.4213256835938,20600,0.0,0.0
2018-02-01 00:00:00+09:00,734.4213717774633,738.0258938475367,732.6191107424265,736.2236328125,17700,0.0,0.0
2018-02-02 00:00:00+09:00,737.124748406975,738.02587890625,733.5202264098748,738.02587890625,17000,0.0,0.0
2018-02-05 00:00:00+09:00,729.9156881522428,734.4213405482443,729.9156881522428,732.6190795898438,18300,0.0,0.0
2018-02-06 00:00:00+09:00,706.4862347146739,736.2235379615926,705.5851043132521,725.4099731445312,66300,0.0,0.0
2018-02-07 00:00:00+09:00,723.6077383176622,737.1246948242188,717.2998252812691,737.1246948242188,22000,0.0,0.0
2018-02-08 00:00:00+09:00,738.926987102722,740.729248046875,732.6190737981865,740.729248046875,35100,0.0,0.0
2018-02-09 00:00:00+09:00,720.9043595793698,763.2574907046578,718.2009682309472,757.8507080078125,81500,0.0,0.0
2018-02-12 00:00:00+09:00,757.8507080078125,757.8507080078125,757.8507080078125,757.8507080078125,0,0.0,0.0
2018-02-13 00:00:00+09:00,755.1473280395657,757.8507194287288,737.1247187784782,741.63037109375,21800,0.0,0.0
2018-02-14 00:00:00+09:00,740.7292496646744,748.8394239310759,740.7292496646744,747.9382934570312,12900,0.0,0.0
2018-02-15 00:00:00+09:00,741.6303919148563,743.4326528915631,729.0145650779085,731.7179565429688,30200,0.0,0.0
2018-02-16 00:00:00+09:00,732.6190407081887,736.2235624336903,720.9043451003087,729.9156494140625,24600,0.0,0.0
2018-02-19 00:00:00+09:00,724.5089111328125,729.915694051714,714.5964757814929,724.5089111328125,28600,0.0,0.0
2018-02-20 00:00:00+09:00,717.2998943718112,727.2123300980548,702.8818060427295,706.486328125,86100,0.0,0.0
2018-02-21 00:00:00+09:00,717.2998417252686,722.706624451841,710.9919285442675,712.794189453125,38600,0.0,0.0
2018-02-22 00:00:00+09:00,720.9043615004596,743.4326227973489,715.4975787892062,735.3224487304688,66400,0.0,0.0
2018-02-23 00:00:00+09:00,747.0371538720763,761.4552412809462,739.8281101676413,741.63037109375,41100,0.0,0.0
2018-02-26 00:00:00+09:00,751.5427986811666,751.5427986811666,735.3224505081918,742.531494140625,27600,0.0,0.0
2018-02-27 00:00:00+09:00,742.5314625809832,747.0371146597513,736.2235496707078,738.9269409179688,24200,0.0,0.0
2018-02-28 00:00:00+09:00,729.9156881522428,738.9269929442459,724.508905277041,732.6190795898438,34300,0.0,0.0
2018-03-01 00:00:00+09:00,732.6190089374854,734.4212697220795,721.8054442299211,726.3110961914062,29700,0.0,0.0
2018-03-02 00:00:00+09:00,720.9043378159679,732.6190333054774,720.9043378159679,730.8167724609375,11300,0.0,0.0
2018-03-05 00:00:00+09:00,720.9043451003087,733.5201711395641,720.9043451003087,729.9156494140625,30100,0.0,0.0
2018-03-06 00:00:00+09:00,729.9156513540553,743.4326078606118,729.9156513540553,737.1246948242188,10100,0.0,0.0
2018-03-07 00:00:00+09:00,738.9270256273675,745.2349392607719,734.4213730320787,743.4326782226562,8900,0.0,0.0
2018-03-08 00:00:00+09:00,743.4326024268819,752.4439066987228,735.3224285822249,745.23486328125,35500,0.0,0.0
2018-03-09 00:00:00+09:00,752.4439198213465,770.4665286793428,747.0371371639476,765.9608764648438,44100,0.0,0.0
2018-03-12 00:00:00+09:00,764.1586136987826,770.4665267835603,754.2461788512749,758.7518310546875,22800,0.0,0.0
2018-03-13 00:00:00+09:00,759.6529454625243,792.0936406424184,759.6529454625243,783.0823364257812,34700,0.0,0.0
2018-03-14 00:00:00+09:00,780.3789548632598,825.435476506635,774.9721722660547,819.1275634765625,53300,0.0,0.0
2018-03-15 00:00:00+09:00,810.1162811346665,821.8309770798841,802.0061070187465,816.4241943359375,40500,0.0,0.0
2018-03-16 00:00:00+09:00,809.2151546242267,814.6219373945445,798.4015890835911,801.10498046875,17100,0.0,0.0
2018-03-19 00:00:00+09:00,802.0060868069057,807.4128694145927,782.1812172453867,796.5993041992188,20700,0.0,0.0
2018-03-20 00:00:00+09:00,783.9834469881924,796.5992725719105,783.9834469881924,792.9947509765625,11700,0.0,0.0
2018-03-21 00:00:00+09:00,792.9947509765625,792.9947509765625,792.9947509765625,792.9947509765625,0,0.0,0.0
2018-03-22 00:00:00+09:00,795.6982124612458,799.302734375,790.2914295906145,799.302734375,12800,0.0,0.0
2018-03-23 00:00:00+09:00,794.7970265451488,797.500417791901,766.8619836620427,791.1925048828125,59700,0.0,0.0
2018-03-26 00:00:00+09:00,782.1812299994637,788.4891431446207,770.4665341584579,787.5880126953125,24200,0.0,0.0
2018-03-27 00:00:00+09:00,788.4891729245242,801.1049996913165,779.477868091101,783.9835205078125,36100,0.0,0.0
2018-03-28 00:00:00+09:00,795.9036411911561,795.9036411911561,783.9834253668646,787.6511840820312,3900,15.0,0.0
2018-03-29 00:00:00+09:00,794.9867296942349,797.737548828125,780.3156943134878,797.737548828125,9700,0.0,0.0
2018-03-30 00:00:00+09:00,802.3222302078107,802.3222302078107,793.15283329115,799.5714111328125,3800,0.0,0.0
2018-04-02 00:00:00+09:00,805.0731029163708,812.4086209383878,794.9867656360973,806.906982421875,18700,0.0,0.0
2018-04-03 00:00:00+09:00,805.0730943452487,816.0763712611291,799.5714558873085,807.8239135742188,20300,0.0,0.0
2018-04-04 00:00:00+09:00,805.9900598895305,813.3255780682748,790.4020837596988,805.0731201171875,8600,0.0,0.0
2018-04-05 00:00:00+09:00,802.3222922193855,809.6578103196771,802.3222922193855,805.9900512695312,4000,0.0,0.0
2018-04-06 00:00:00+09:00,805.9900512695312,810.5747500822135,783.0665572061203,805.9900512695312,17400,0.0,0.0
2018-04-09 00:00:00+09:00,800.4884041526101,806.906982421875,793.1528861305931,806.906982421875,5600,0.0,0.0
2018-04-10 00:00:00+09:00,794.9868007702775,816.076416015625,794.9868007702775,816.076416015625,24000,0.0,0.0
2018-04-11 00:00:00+09:00,820.6610882416804,822.4949677684775,802.32229297371,812.4086303710938,10300,0.0,0.0
2018-04-12 00:00:00+09:00,813.3255326564073,813.3255326564073,794.9867382334895,796.8206176757812,9600,0.0,0.0
2018-04-13 00:00:00+09:00,794.986782621414,809.6578189789027,794.986782621414,805.0731201171875,3300,0.0,0.0
2018-04-16 00:00:00+09:00,812.408656842521,816.076416015625,811.4917170492452,816.076416015625,12800,0.0,0.0
2018-04-17 00:00:00+09:00,820.661046085485,825.2457446669682,816.076347504002,823.411865234375,55000,0.0,0.0
2018-04-18 00:00:00+09:00,820.6610882416804,820.6610882416804,810.5747508442967,812.4086303710938,6600,0.0,0.0
2018-04-19 00:00:00+09:00,812.4085875574319,816.9932861328125,806.9069492669753,816.9932861328125,10400,0.0,0.0
2018-04-20 00:00:00+09:00,807.8238636673964,819.7440795898438,807.8238636673964,819.7440795898438,4300,0.0,0.0
2018-04-23 00:00:00+09:00,819.7440795898438,819.7440795898438,817.9102002171595,819.7440795898438,1000,0.0,0.0
2018-04-24 00:00:00+09:00,822.4949945685569,823.4119343618329,805.9900782895892,816.076416015625,58300,0.0,0.0
2018-04-25 00:00:00+09:00,808.7408033537384,819.7440795898438,808.7408033537384,819.7440795898438,45400,0.0,0.0
2018-04-26 00:00:00+09:00,811.4916521324635,818.827169891853,769.3124250159739,790.4020385742188,55200,0.0,0.0
2018-04-27 00:00:00+09:00,777.5649282686379,820.6610976420176,754.6414339210955,817.9102783203125,59900,0.0,0.0
2018-04-30 00:00:00+09:00,817.9102783203125,817.9102783203125,817.9102783203125,817.9102783203125,0,0.0,0.0
2018-05-01 00:00:00+09:00,812.4086303710938,817.9102689514849,811.4916906076952,812.4086303710938,8200,0.0,0.0
2018-05-02 00:00:00+09:00,805.0731208068503,812.4086389918785,790.4020844367938,811.49169921875,9800,0.0,0.0
2018-05-03 00:00:00+09:00,811.49169921875,811.49169921875,811.49169921875,811.49169921875,0,0.0,0.0
2018-05-04 00:00:00+09:00,811.49169921875,811.49169921875,811.49169921875,811.49169921875,0,0.0,0.0
2018-05-07 00:00:00+09:00,809.6578196724929,815.1594583112641,805.0731208068503,811.49169921875,6000,0.0,0.0
2018-05-08 00:00:00+09:00,811.4916648907656,815.159423828125,811.4916648907656,815.159423828125,2600,0.0,0.0
2018-05-09 00:00:00+09:00,816.993311907794,818.8271913958025,814.2424926757812,814.2424926757812,3300,0.0,0.0
2018-05-10 00:00:00+09:00,814.2424401731608,818.8271385975593,813.3255004882812,813.3255004882812,11300,0.0,0.0
2018-05-11 00:00:00+09:00,811.4916542784808,813.325533723178,803.2391967773438,803.2391967773438,10400,0.0,0.0
2018-05-14 00:00:00+09:00,811.4916211185218,815.1593798580406,799.571405215086,813.3255004882812,7300,0.0,0.0
2018-05-15 00:00:00+09:00,811.4916648907656,817.9102430311445,790.4020510009491,815.159423828125,13400,0.0,0.0
2018-05-16 00:00:00+09:00,811.49169921875,815.1594583112641,811.49169921875,811.49169921875,1400,0.0,0.0
2018-05-17 00:00:00+09:00,811.4916444975754,811.4916444975754,771.1462972005208,797.737548828125,48400,0.0,0.0
2018-05-18 00:00:00+09:00,803.2392148592686,807.8239135742188,802.3222751162785,807.8239135742188,29100,0.0,0.0
2018-05-21 00:00:00+09:00,813.325578765007,813.325578765007,809.6578196724929,811.49169921875,17400,0.0,0.0
2018-05-22 00:00:00+09:00,806.906955666738,811.4916542784808,803.2391967773438,803.2391967773438,8500,0.0,0.0
2018-05-23 00:00:00+09:00,804.1562062639508,805.9900858677455,797.7376276506697,802.3223266601562,39300,0.0,0.0
2018-05-24 00:00:00+09:00,798.6545674525669,802.3223266601562,794.0698684430803,802.3223266601562,17600,0.0,0.0
2018-05-25 00:00:00+09:00,802.3222944471572,829.8304873996311,793.1528967963325,825.2457885742188,65700,0.0,0.0
2018-05-28 00:00:00+09:00,825.2458144988503,825.2458144988503,816.9933563538618,822.4949951171875,8400,0.0,0.0
2018-05-29 00:00:00+09:00,821.5779847081931,821.5779847081931,813.325527272508,816.9932861328125,4500,0.0,0.0
2018-05-30 00:00:00+09:00,812.4085853428769,818.8271633309132,803.2391882171108,804.1561279296875,9800,0.0,0.0
2018-05-31 00:00:00+09:00,825.2458217075892,825.2458217075892,802.3223266601562,802.3223266601562,28600,0.0,0.0
2018-06-01 00:00:00+09:00,803.2391586214893,816.9932538033642,779.3987269729063,787.6511840820312,18700,0.0,0.0
2018-06-04 00:00:00+09:00,787.6512898297991,819.7441828962053,787.6512898297991,802.3223266601562,17300,0.0,0.0
2018-06-05 00:00:00+09:00,805.0731460658482,811.4917246791294,794.0698684430803,802.3223266601562,59800,0.0,0.0
2018-06-06 00:00:00+09:00,802.3223266601562,805.0731460658482,802.3223266601562,802.3223266601562,7900,0.0,0.0
2018-06-07 00:00:00+09:00,802.3223001018047,802.3223001018047,793.1529023863555,798.654541015625,6600,0.0,0.0
2018-06-08 00:00:00+09:00,799.5715067639329,799.5715067639329,790.4021087505851,795.9037475585938,3900,0.0,0.0
2018-06-11 00:00:00+09:00,794.0698156301813,798.6545143347436,791.3189964074439,794.9867553710938,3100,0.0,0.0
2018-06-12 00:00:00+09:00,794.9867382334895,804.1561354449484,794.9867382334895,796.8206176757812,10900,0.0,0.0
2018-06-13 00:00:00+09:00,799.5714549887372,805.9900331824541,795.9036960208989,801.4053344726562,13800,0.0,0.0
2018-06-14 00:00:00+09:00,795.9037037204099,799.5714627237298,793.1528844679201,794.06982421875,11200,0.0,0.0
2018-06-15 00:00:00+09:00,794.0698040418389,796.8206232244319,776.64794921875,776.64794921875,22000,0.0,0.0
2018-06-18 00:00:00+09:00,775.7310352777417,779.3987943097878,772.0632762456956,773.8971557617188,17200,0.0,0.0
2018-06-19 00:00:00+09:00,770.2294067240373,796.8206600514148,770.2294067240373,785.8173828125,25600,0.0,0.0
2018-06-20 00:00:00+09:00,770.2294311523438,778.4818893432617,761.9769729614258,770.2294311523438,19800,0.0,0.0
2018-06-21 00:00:00+09:00,761.0600069036894,773.8971636466433,761.0600069036894,766.5616455078125,17500,0.0,0.0
2018-06-22 00:00:00+09:00,761.976910533397,761.976910533397,752.807513294728,757.3922119140625,18100,0.0,0.0
2018-06-25 00:00:00+09:00,752.8075561523438,755.5583754805497,751.8906163762751,752.8075561523438,10200,0.0,0.0
2018-06-26 00:00:00+09:00,743.6381097854814,774.8140601340713,693.2064253980567,771.1463012695312,86400,0.0,0.0
2018-06-27 00:00:00+09:00,775.7310773108,779.3988365415839,749.1398228876166,750.0567626953125,26900,0.0,0.0
2018-06-28 00:00:00+09:00,750.0567074876334,763.8108035907075,727.1332139825101,729.884033203125,23100,0.0,0.0
2018-06-29 00:00:00+09:00,730.8009160951127,782.1495375522347,723.4653987440952,749.1397094726562,51100,0.0,0.0
2018-07-02 00:00:00+09:00,762.8938045058139,762.8938045058139,742.721131790516,749.1397094726562,38700,0.0,0.0
2018-07-03 00:00:00+09:00,740.8873205008113,759.2261155627125,739.053440994621,741.8042602539062,15900,0.0,0.0
2018-07-04 00:00:00+09:00,742.721181841039,745.4720010330428,735.3856639956954,737.2195434570312,11500,0.0,0.0
2018-07-05 00:00:00+09:00,734.4687492312952,737.2195685168057,719.797713041906,728.0501708984375,11100,0.0,0.0
2018-07-06 00:00:00+09:00,725.299318529212,745.4719923694681,716.1299213290955,738.136474609375,14900,0.0,0.0
2018-07-09 00:00:00+09:00,731.7178965692934,738.136474609375,727.1331979692352,738.136474609375,21000,0.0,0.0
2018-07-10 00:00:00+09:00,746.388934199481,762.8938492063492,741.8042355864621,750.9736328125,26100,0.0,0.0
2018-07-11 00:00:00+09:00,750.9736657303371,750.9736657303371,734.46875,734.46875,22100,0.0,0.0
2018-07-12 00:00:00+09:00,733.5518167321887,739.0534553576801,712.4622020011383,714.2960815429688,13800,0.0,0.0
2018-07-13 00:00:00+09:00,717.9638493005905,719.7977288645766,706.0436321346803,713.379150390625,18700,0.0,0.0
2018-07-16 00:00:00+09:00,713.379150390625,713.379150390625,713.379150390625,713.379150390625,0,0.0,0.0
2018-07-17 00:00:00+09:00,707.8775283952374,713.379167216962,698.7081303590296,705.126708984375,17800,0.0,0.0
2018-07-18 00:00:00+09:00,708.7944769064586,713.3791759808859,701.4589583873749,704.2097778320312,5600,0.0,0.0
2018-07-19 00:00:00+09:00,709.7113638707525,709.7113638707525,701.4589061513252,703.2927856445312,4400,0.0,0.0
2018-07-20 00:00:00+09:00,703.2927216913595,703.2927216913595,683.1200491004731,690.45556640625,32800,0.0,0.0
2018-07-23 00:00:00+09:00,686.7878675690924,690.4556265414241,681.2862291105951,684.0370483398438,19200,0.0,0.0
2018-07-24 00:00:00+09:00,684.0370663009218,688.6217651367188,673.0337890950087,688.6217651367188,17900,0.0,0.0
2018-07-25 00:00:00+09:00,688.621721214223,688.621721214223,679.4523241274825,686.787841796875,22600,0.0,0.0
2018-07-26 00:00:00+09:00,686.7878770219519,705.1266721360228,686.7878770219519,689.5386962890625,17800,0.0,0.0
2018-07-27 00:00:00+09:00,695.0403442382812,697.7911635426544,689.538705629535,695.0403442382812,17400,0.0,0.0
2018-07-30 00:00:00+09:00,680.3692893675121,687.7048073121754,679.4523496244293,684.0370483398438,27300,0.0,0.0
2018-07-31 00:00:00+09:00,684.0370387721706,687.704797693201,673.0337620090794,678.535400390625,16800,0.0,0.0
2018-08-01 00:00:00+09:00,687.7047729492188,689.53865234375,682.203134765625,687.7047729492188,23100,0.0,0.0
2018-08-02 00:00:00+09:00,687.7047729492188,690.4555920410156,687.7047729492188,687.7047729492188,6600,0.0,0.0
2018-08-03 00:00:00+09:00,687.704797693201,687.704797693201,676.7015209301098,678.535400390625,9600,0.0,0.0
2018-08-06 00:00:00+09:00,678.5354262291172,686.7878841156876,673.9507274032449,675.7846069335938,17800,0.0,0.0
2018-08-07 00:00:00+09:00,680.3692638361565,686.787841796875,678.5353844188083,686.787841796875,9100,0.0,0.0
2018-08-08 00:00:00+09:00,687.7048073121754,691.372566284507,679.4523496244293,684.0370483398438,25100,0.0,0.0
2018-08-09 00:00:00+09:00,687.7047729492188,689.53865234375,682.203134765625,687.7047729492188,19100,0.0,0.0
2018-08-10 00:00:00+09:00,687.7047717170151,690.4555908038831,681.2861938476562,681.2861938476562,18300,0.0,0.0
2018-08-13 00:00:00+09:00,680.3692979236577,684.0370569421141,674.8676593959732,683.1201171875,14700,0.0,0.0
2018-08-14 00:00:00+09:00,684.0370569421141,684.0370569421141,677.6184786598154,683.1201171875,17000,0.0,0.0
2018-08-15 00:00:00+09:00,685.8709711854757,685.8709711854757,679.452392578125,679.452392578125,1900,0.0,0.0
2018-08-16 00:00:00+09:00,678.5353696596372,679.4523093483665,645.5255408653846,655.6118774414062,60300,0.0,0.0
2018-08-17 00:00:00+09:00,655.6118774414062,661.1135155737817,655.6118774414062,655.6118774414062,1900,0.0,0.0
2018-08-20 00:00:00+09:00,655.6118774414062,657.4457568188647,651.9441186864892,655.6118774414062,9300,0.0,0.0
2018-08-21 00:00:00+09:00,654.694937752677,659.2796361963232,653.7779980639477,655.6118774414062,10600,0.0,0.0
2018-08-22 00:00:00+09:00,659.2796802813372,659.2796802813372,656.5288610312065,657.44580078125,900,0.0,0.0
2018-08-23 00:00:00+09:00,655.6119212811628,658.3627405312936,655.6119212811628,657.44580078125,4300,0.0,0.0
2018-08-24 00:00:00+09:00,655.6119363658366,655.6119363658366,630.8545625450289,636.356201171875,37900,0.0,0.0
2018-08-27 00:00:00+09:00,620.7681990029156,645.5255717844203,620.7681990029156,632.6884155273438,26100,0.0,0.0
2018-08-28 00:00:00+09:00,634.5223388671875,636.3562184592892,625.352940906679,634.5223388671875,17000,0.0,0.0
2018-08-29 00:00:00+09:00,632.6884413806632,635.4392606910139,625.3529232197279,629.9376220703125,17100,0.0,0.0
2018-08-30 00:00:00+09:00,632.6884155273438,635.4392347252888,632.6884155273438,632.6884155273438,2800,0.0,0.0
2018-08-31 00:00:00+09:00,632.6884164905958,644.6086330331723,629.9375972884628,639.1069946289062,18200,0.0,0.0
2018-09-03 00:00:00+09:00,647.3594512497169,647.3594512497169,628.1037168641021,632.6884155273438,31400,0.0,0.0
2018-09-04 00:00:00+09:00,630.8545698522644,633.6053891975504,622.6021118164062,622.6021118164062,32000,0.0,0.0
2018-09-05 00:00:00+09:00,626.2697737654286,627.1867134049094,619.8511962890625,619.8511962890625,24100,0.0,0.0
2018-09-06 00:00:00+09:00,620.7682236615349,624.4359827378216,620.7682236615349,623.51904296875,23600,0.0,0.0
2018-09-07 00:00:00+09:00,612.5157556719687,617.1004544419685,608.8479966559689,611.5988159179688,21700,0.0,0.0
2018-09-10 00:00:00+09:00,610.6818590378012,618.0173768640811,609.7649193095164,613.4326782226562,25900,0.0,0.0
2018-09-11 00:00:00+09:00,613.4326868114357,617.1004457759286,612.5157470703125,612.5157470703125,38300,0.0,0.0
2018-09-12 00:00:00+09:00,612.5157548384233,614.3496343439275,605.1802368164062,605.1802368164062,14600,0.0,0.0
2018-09-13 00:00:00+09:00,602.4294080821746,604.2632875588326,576.7550954089617,599.6785888671875,22100,0.0,0.0
2018-09-14 00:00:00+09:00,596.9277369449013,610.6818322662124,596.9277369449013,609.764892578125,3300,0.0,0.0
2018-09-17 00:00:00+09:00,609.764892578125,609.764892578125,609.764892578125,609.764892578125,0,0.0,0.0
2018-09-18 00:00:00+09:00,606.0972464160601,607.0141862744808,596.0109079734328,604.2633666992188,15500,0.0,0.0
2018-09-19 00:00:00+09:00,605.1802446798313,607.9310639738305,589.5922686805023,597.8447265625,46500,0.0,0.0
2018-09-20 00:00:00+09:00,596.9278140850921,618.0174296364855,596.0108742785098,614.3496704101562,28100,0.0,0.0
2018-09-21 00:00:00+09:00,612.5157742170242,625.3529311616923,609.7649548717382,622.6021118164062,17400,0.0,0.0
2018-09-24 00:00:00+09:00,622.6021118164062,622.6021118164062,622.6021118164062,622.6021118164062,0,0.0,0.0
2018-09-25 00:00:00+09:00,623.5190335508623,623.5190335508623,616.1835155090876,618.0173950195312,9500,0.0,0.0
2018-09-26 00:00:00+09:00,618.934300515504,623.5189990378411,618.934300515504,621.6851196289062,4000,0.0,0.0
2018-09-27 00:00:00+09:00,620.7682495117188,620.7682495117188,600.595573752106,620.7682495117188,29300,0.0,0.0
2018-09-28 00:00:00+09:00,614.3496537805481,622.6021118164062,608.8480150899761,622.6021118164062,19100,0.0,0.0
2018-10-01 00:00:00+09:00,626.269852816528,628.1037323269717,618.0173950195312,618.0173950195312,9700,0.0,0.0
2018-10-02 00:00:00+09:00,621.6851387355639,659.2796677741452,621.6851387355639,632.6884155273438,30300,0.0,0.0
2018-10-03 00:00:00+09:00,628.1036972213577,667.5321044921875,624.4359384054666,667.5321044921875,30000,0.0,0.0
2018-10-04 00:00:00+09:00,667.5321226445259,673.0337610179698,656.5288458976381,672.1168212890625,30900,0.0,0.0
2018-10-05 00:00:00+09:00,667.5321044921875,672.1168030120514,664.7812853802691,667.5321044921875,11700,0.0,0.0
2018-10-08 00:00:00+09:00,667.5321044921875,667.5321044921875,667.5321044921875,667.5321044921875,0,0.0,0.0
2018-10-09 00:00:00+09:00,658.3626708984375,671.1998260413039,650.1102140208804,658.3626708984375,21800,0.0,0.0
2018-10-10 00:00:00+09:00,655.6119644507933,655.6119644507933,651.9442052091106,652.8611450195312,6400,0.0,0.0
2018-10-11 00:00:00+09:00,629.9375963293988,635.4392347252888,628.1037168641021,632.6884155273438,15900,0.0,0.0
2018-10-12 00:00:00+09:00,632.6884343073918,644.608651185647,632.6884343073918,643.6917114257812,6700,0.0,0.0
2018-10-15 00:00:00+09:00,650.110262720496,656.5288407727435,640.02392578125,640.02392578125,18600,0.0,0.0
2018-10-16 00:00:00+09:00,632.6884232238591,633.6053629676618,619.8512668106214,625.3529052734375,14600,0.0,0.0
2018-10-17 00:00:00+09:00,626.2698108016923,631.7714489639327,625.3528711079856,629.0206298828125,3900,0.0,0.0
2018-10-18 00:00:00+09:00,623.5190191501524,651.0272111714827,619.851260213975,639.1069946289062,15900,0.0,0.0
2018-10-19 00:00:00+09:00,703.2927731075803,715.2129896009291,661.1135455157306,678.535400390625,333300,0.0,0.0
2018-10-22 00:00:00+09:00,673.0337390602899,673.0337390602899,646.4424877895156,648.2763671875,47100,0.0,0.0
2018-10-23 00:00:00+09:00,648.2763832769967,648.2763832769967,631.7714682855031,640.02392578125,21400,0.0,0.0
2018-10-24 00:00:00+09:00,646.4424818044224,663.8643359239742,638.1900245898979,662.0304565429688,38600,0.0,0.0
2018-10-25 00:00:00+09:00,647.359479134161,654.6949973113186,632.6884427798458,642.7747802734375,29800,0.0,0.0
2018-10-26 00:00:00+09:00,644.6086020696731,651.0271798996698,614.3495922996884,616.1834716796875,21800,0.0,0.0
2018-10-29 00:00:00+09:00,624.435971624201,632.6884293989701,605.1802368164062,605.1802368164062,19300,0.0,0.0
2018-10-30 00:00:00+09:00,614.3496071420064,614.3496071420064,594.176933474657,601.512451171875,13900,0.0,0.0
2018-10-31 00:00:00+09:00,602.4294014832365,618.0173768640811,601.5124617549515,613.4326782226562,13600,0.0,0.0
2018-11-01 00:00:00+09:00,620.7682243691435,636.3562004611308,615.266585748442,629.9376220703125,24500,0.0,0.0
2018-11-02 00:00:00+09:00,620.7682099678146,651.0272216796875,620.7682099678146,651.0272216796875,11100,0.0,0.0
2018-11-05 00:00:00+09:00,633.6053249119045,658.3626965075939,632.6883852231753,655.6118774414062,16400,0.0,0.0
2018-11-06 00:00:00+09:00,651.0271970960829,673.9506899515789,641.8577999538845,660.1965942382812,33200,0.0,0.0
2018-11-07 00:00:00+09:00,656.5288280445141,674.8676221239698,648.276370708759,667.5321044921875,51100,0.0,0.0
2018-11-08 00:00:00+09:00,666.6151599121093,688.6217126464843,666.6151599121093,687.7047729492188,30700,0.0,0.0
2018-11-09 00:00:00+09:00,673.9507007468771,693.2064350539307,667.5321226445259,672.1168212890625,35800,0.0,0.0
2018-11-12 00:00:00+09:00,658.3626965075939,667.5320933948864,655.6118774414062,655.6118774414062,10300,0.0,0.0
2018-11-13 00:00:00+09:00,643.6917122005575,651.9441700492827,639.1070133957103,650.1102905273438,4200,0.0,0.0
2018-11-14 00:00:00+09:00,650.1103260109255,659.2797241210938,647.3595065778751,659.2797241210938,6200,0.0,0.0
2018-11-15 00:00:00+09:00,651.9441199474388,662.0304565429688,651.027180256936,662.0304565429688,4200,0.0,0.0
2018-11-16 00:00:00+09:00,653.7780417810757,665.6982585316423,652.8611020310321,657.44580078125,7000,0.0,0.0
2018-11-19 00:00:00+09:00,658.3627074524596,669.3659839001331,658.3627074524596,667.5321044921875,9200,0.0,0.0
2018-11-20 00:00:00+09:00,665.6982336241081,675.7845704972005,662.0304747611652,666.6151733398438,14200,0.0,0.0
2018-11-21 00:00:00+09:00,662.0304577988361,680.3692516436793,653.7780005686567,668.4490356445312,16500,0.0,0.0
2018-11-22 00:00:00+09:00,674.8676255841121,686.787841796875,663.8643490800233,686.787841796875,12500,0.0,0.0
2018-11-23 00:00:00+09:00,686.787841796875,686.787841796875,686.787841796875,686.787841796875,0,0.0,0.0
2018-11-26 00:00:00+09:00,686.7878503646443,692.2894886853223,671.1998751227231,685.8709106445312,78300,0.0,0.0
2018-11-27 00:00:00+09:00,677.6185220210268,684.9540405273438,666.6152442615514,684.9540405273438,14600,0.0,0.0
2018-11-28 00:00:00+09:00,683.1200914841922,685.8709106445312,674.8676340031751,685.8709106445312,14900,0.0,0.0
2018-11-29 00:00:00+09:00,684.9539538574219,694.1233508300782,675.7845568847656,687.7047729492188,18800,0.0,0.0
2018-11-30 00:00:00+09:00,686.787920153923,691.3726192203711,681.2862812741853,684.9540405273438,9000,0.0,0.0
2018-12-03 00:00:00+09:00,695.0403615154287,697.791180888181,687.7048431880891,693.2064819335938,21400,0.0,0.0
2018-12-04 00:00:00+09:00,691.3725749790268,695.9572737520973,679.4523581690436,683.1201171875,21000,0.0,0.0
2018-12-05 00:00:00+09:00,671.1998667494158,696.8741785922897,670.2829270407418,686.787841796875,30600,0.0,0.0
2018-12-06 00:00:00+09:00,681.2862812741853,700.5420173532673,681.2862812741853,684.9540405273438,26100,0.0,0.0
2018-12-07 00:00:00+09:00,684.9539284269173,690.45556640625,674.8675921314741,690.45556640625,18800,0.0,0.0
2018-12-10 00:00:00+09:00,691.372584438197,692.2895242053564,686.7878856023999,688.6217651367188,19700,0.0,0.0
2018-12-11 00:00:00+09:00,687.7048599672127,688.6217997805022,676.7015822077373,684.9540405273438,10800,0.0,0.0
2018-12-12 00:00:00+09:00,685.8708923257697,685.8708923257697,680.3692541520336,681.2861938476562,6000,0.0,0.0
2018-12-13 00:00:00+09:00,683.1201536974764,705.126708984375,678.5354546793726,705.126708984375,37600,0.0,0.0
2018-12-14 00:00:00+09:00,704.2097419195251,704.2097419195251,687.7048260932862,695.0403442382812,6400,0.0,0.0
2018-12-17 00:00:00+09:00,687.7048063987969,688.621746140662,673.0337705289559,677.6184692382812,19200,0.0,0.0
2018-12-18 00:00:00+09:00,673.9507537718243,686.7879109865258,661.113596557123,679.452392578125,35900,0.0,0.0
2018-12-19 00:00:00+09:00,673.9507434437576,679.4523821657475,655.6119477037914,661.1135864257812,15500,0.0,0.0
2018-12-20 00:00:00+09:00,662.0305082012155,665.6982672494217,647.3594720083908,656.5288696289062,20000,0.0,0.0
2018-12-21 00:00:00+09:00,656.5288353814019,660.1965942382812,632.6884028116863,660.1965942382812,18400,0.0,0.0
2018-12-24 00:00:00+09:00,660.1965942382812,660.1965942382812,660.1965942382812,660.1965942382812,0,0.0,0.0
2018-12-25 00:00:00+09:00,615.266585748442,631.7715016105464,614.3496459783252,629.9376220703125,17600,0.0,0.0
2018-12-26 00:00:00+09:00,632.6884258590416,645.5255823257468,632.6884258590416,644.608642578125,2000,0.0,0.0
2018-12-27 00:00:00+09:00,649.193353020655,675.7846061811055,649.193353020655,669.3660278320312,11700,0.0,0.0
2018-12-28 00:00:00+09:00,669.3660439029127,669.3660439029127,654.6950073242188,654.6950073242188,1900,0.0,0.0
2018-12-31 00:00:00+09:00,654.6950073242188,654.6950073242188,654.6950073242188,654.6950073242188,0,0.0,0.0
2019-01-04 00:00:00+09:00,649.1933404330549,649.1933404330549,630.8545455055676,638.1900634765625,4700,0.0,0.0
2019-01-07 00:00:00+09:00,644.6086339950562,650.1102724075317,641.8578147888184,645.5255737304688,8900,0.0,0.0
2019-01-08 00:00:00+09:00,645.5255456349207,651.0271838079456,614.3495959877796,635.439208984375,29700,0.0,0.0
2019-01-09 00:00:00+09:00,636.3561744579371,643.6916923191236,627.1867771314538,632.6884155273438,4900,0.0,0.0
2019-01-10 00:00:00+09:00,628.1037226694073,628.1037226694073,611.5988073291893,612.5157470703125,21200,0.0,0.0
2019-01-11 00:00:00+09:00,612.5157572876515,624.4359741210938,608.8479982619768,624.4359741210938,12400,0.0,0.0
2019-01-15 00:00:00+09:00,618.9342932520385,630.854509270226,603.3463184590242,629.0206298828125,14100,0.0,0.0
2019-01-16 00:00:00+09:00,629.0206651396952,634.5223036103048,623.5190266690856,631.771484375,3800,0.0,0.0
2019-01-17 00:00:00+09:00,629.0206815831801,630.8545611213235,609.7649464326746,623.51904296875,15800,0.0,0.0
2019-01-18 00:00:00+09:00,627.1867150324854,627.1867150324854,618.9342582557422,626.269775390625,4800,0.0,0.0
2019-01-21 00:00:00+09:00,621.6851720346442,626.2698709434543,614.3496537805481,622.6021118164062,8900,0.0,0.0
2019-01-22 00:00:00+09:00,622.6021118164062,622.6021118164062,622.6021118164062,622.6021118164062,0,0.0,0.0
2019-01-23 00:00:00+09:00,618.934289458999,622.6020482113487,604.2632544496006,609.764892578125,32600,0.0,0.0
2019-01-24 00:00:00+09:00,608.8480659913221,610.6819457081634,591.4262086813295,604.2633666992188,20300,0.0,0.0
2019-01-25 00:00:00+09:00,613.432652609689,620.7681701296852,605.1801953996932,616.1834716796875,26600,0.0,0.0
2019-01-28 00:00:00+09:00,615.266531989688,631.7714464096796,605.1801953996932,616.1834716796875,14700,0.0,0.0
2019-01-29 00:00:00+09:00,610.6818590378012,620.7681960489361,607.9310398529464,613.4326782226562,14800,0.0,0.0
2019-01-30 00:00:00+09:00,601.5124701768339,615.2665662936822,601.5124701768339,612.5157470703125,19300,0.0,0.0
2019-01-31 00:00:00+09:00,610.6818051706103,610.6818051706103,579.5058571588975,606.0971069335938,45200,0.0,0.0
2019-02-01 00:00:00+09:00,607.014114616087,607.014114616087,592.3430786132812,592.3430786132812,26600,0.0,0.0
2019-02-04 00:00:00+09:00,596.0108367490096,596.0108367490096,579.5059212698063,585.9244995117188,54000,0.0,0.0
2019-02-05 00:00:00+09:00,585.924534114327,589.5922933263103,574.9212564783772,582.2567749023438,217200,0.0,0.0
2019-02-06 00:00:00+09:00,584.0906200140295,586.8414392605633,579.5059212698063,585.9244995117188,11400,0.0,0.0
2019-02-07 00:00:00+09:00,586.8414050349922,592.3430432071953,585.0075256442578,589.5922241210938,20000,0.0,0.0
2019-02-08 00:00:00+09:00,588.6753015384287,591.4261207044962,584.0906029283163,587.7583618164062,8700,0.0,0.0
2019-02-12 00:00:00+09:00,596.9277764978543,597.8447162466989,582.2567405163402,585.9244995117188,30500,0.0,0.0
2019-02-13 00:00:00+09:00,585.9245088799055,591.4261474609375,583.1736895893895,591.4261474609375,6900,0.0,0.0
2019-02-14 00:00:00+09:00,591.4261824996382,597.8447612244405,591.4261824996382,594.177001953125,8400,0.0,0.0
2019-02-15 00:00:00+09:00,591.4261824996382,596.0108815887828,584.0906639570071,594.177001953125,5500,0.0,0.0
2019-02-18 00:00:00+09:00,595.0939681150121,605.1803065576395,593.2600883981708,604.2633666992188,15300,0.0,0.0
2019-02-19 00:00:00+09:00,593.2600106988842,599.6785888671875,590.5091914838972,599.6785888671875,16600,0.0,0.0
2019-02-20 00:00:00+09:00,599.678624532309,608.8480224609375,591.4261663965432,608.8480224609375,11400,0.0,0.0
2019-02-21 00:00:00+09:00,604.2633229434218,606.0972025274687,596.0108648152112,602.429443359375,9400,0.0,0.0
2019-02-22 00:00:00+09:00,596.9278051537203,609.7649622538004,596.9278051537203,608.8480224609375,13800,0.0,0.0
2019-02-25 00:00:00+09:00,618.0173890563264,638.1900634765625,618.0173890563264,638.1900634765625,12200,0.0,0.0
2019-02-26 00:00:00+09:00,632.6884069594564,633.6053466796875,628.103708358301,633.6053466796875,7400,0.0,0.0
2019-02-27 00:00:00+09:00,632.6884413806632,634.522320920897,629.9376220703125,629.9376220703125,2500,0.0,0.0
2019-02-28 00:00:00+09:00,629.9375963293988,633.605355259992,628.1037168641021,632.6884155273438,3400,0.0,0.0
2019-03-01 00:00:00+09:00,634.5222692888709,635.439208984375,630.8545105068542,635.439208984375,4400,0.0,0.0
2019-03-04 00:00:00+09:00,635.439208984375,635.439208984375,635.439208984375,635.439208984375,0,0.0,0.0
2019-03-05 00:00:00+09:00,638.1900980513909,639.1070378474417,629.0207000908824,634.5223388671875,3200,0.0,0.0
2019-03-06 00:00:00+09:00,631.7715016105464,637.2731402312477,629.9376220703125,629.9376220703125,1000,0.0,0.0
2019-03-07 00:00:00+09:00,629.0206808512492,629.0206808512492,609.7649457231496,617.1004638671875,10300,0.0,0.0
2019-03-08 00:00:00+09:00,607.9310654648789,616.1835233671171,598.7616677957254,610.681884765625,13100,0.0,0.0
2019-03-11 00:00:00+09:00,605.1802559629281,622.6021118164062,605.1802559629281,622.6021118164062,600,0.0,0.0
2019-03-12 00:00:00+09:00,615.2665416976344,624.4359387423085,611.5987828797647,621.6851196289062,2000,0.0,0.0
2019-03-13 00:00:00+09:00,617.1004898299033,626.2698878957265,605.180272344333,614.3496704101562,80000,0.0,0.0
2019-03-14 00:00:00+09:00,609.7649364099689,613.4326954259687,607.931056901969,611.5988159179688,3200,0.0,0.0
2019-03-15 00:00:00+09:00,605.180263289486,610.6819020466631,605.180263289486,608.8480224609375,5100,0.0,0.0
2019-03-18 00:00:00+09:00,608.8480224609375,609.7649622538004,608.8480224609375,608.8480224609375,3300,0.0,0.0
2019-03-19 00:00:00+09:00,608.8479862504778,608.8479862504778,596.9277696522004,599.6785888671875,4600,0.0,0.0
2019-03-20 00:00:00+09:00,601.5124597447519,604.2632789204139,596.0108213934279,600.5955200195312,4300,0.0,0.0
2019-03-22 00:00:00+09:00,600.5955458564993,600.5955458564993,595.0939072685007,597.8447265625,44800,0.0,0.0
2019-03-25 00:00:00+09:00,590.5091905549652,594.1769495025115,588.675311081192,593.260009765625,8600,0.0,0.0
2019-03-26 00:00:00+09:00,590.5091650390625,597.8446826171875,586.84140625,596.0108032226562,9800,0.0,0.0
2019-03-27 00:00:00+09:00,612.9055998261318,612.9055998261318,588.5020077963011,594.1336059570312,4900,15.0,0.0
2019-03-28 00:00:00+09:00,596.0108712443487,596.0108712443487,564.098478138352,590.3792724609375,23000,0.0,0.0
2019-03-29 00:00:00+09:00,591.3178186937927,591.3178186937927,580.9932218594566,583.8090209960938,4600,0.0,0.0
2019-04-01 00:00:00+09:00,588.5020109630766,596.0108085511223,569.7300169929625,591.3178100585938,15100,0.0,0.0
2019-04-02 00:00:00+09:00,603.5196744140625,603.5196744140625,581.9318789062501,586.6248779296875,15200,0.0,0.0
2019-04-03 00:00:00+09:00,588.5020036203333,597.8880004882812,587.5634039335386,597.8880004882812,5800,0.0,0.0
2019-04-04 00:00:00+09:00,597.8880004882812,597.8880004882812,597.8880004882812,597.8880004882812,0,0.0,0.0
2019-04-05 00:00:00+09:00,600.703857421875,600.703857421875,596.9494583129882,600.703857421875,700,0.0,0.0
2019-04-08 00:00:00+09:00,600.703857421875,602.5810569763183,597.8880580902099,600.703857421875,1500,0.0,0.0
2019-04-09 00:00:00+09:00,605.3968632935726,609.1512624457807,590.3792666847397,595.072265625,24700,0.0,0.0
2019-04-10 00:00:00+09:00,596.0108677344987,599.7652669013302,591.3178687759593,593.195068359375,4900,0.0,0.0
2019-04-11 00:00:00+09:00,592.2564605569615,599.7652587890625,587.5634616618985,599.7652587890625,41900,0.0,0.0
2019-04-12 00:00:00+09:00,616.6600375394208,616.6600375394208,609.1512395176319,613.84423828125,2200,0.0,0.0
2019-04-15 00:00:00+09:00,605.3968405067374,613.84423828125,605.3968405067374,613.84423828125,6200,0.0,0.0
2019-04-16 00:00:00+09:00,613.84423828125,613.84423828125,613.84423828125,613.84423828125,0,0.0,0.0
2019-04-17 00:00:00+09:00,611.9670387758027,618.5372370448681,611.9670387758027,613.84423828125,3100,0.0,0.0
2019-04-18 00:00:00+09:00,612.9056362989472,619.4758345441121,612.9056362989472,615.721435546875,3900,0.0,0.0
2019-04-19 00:00:00+09:00,611.9671069486642,612.9057068059474,597.8881090894157,608.2127075195312,11000,0.0,0.0
2019-04-22 00:00:00+09:00,600.7038597178683,606.3354584027234,590.3792621289675,598.82666015625,11700,0.0,0.0
2019-04-23 00:00:00+09:00,592.2564697265625,600.7038678684628,587.5634707588401,592.2564697265625,17700,0.0,0.0
2019-04-24 00:00:00+09:00,593.1950660488959,596.9494652011041,592.2564662608438,595.072265625,1400,0.0,0.0
2019-04-25 00:00:00+09:00,595.0722644715797,626.0460574172613,585.686266609252,596.0108642578125,93800,0.0,0.0
2019-04-26 00:00:00+09:00,604.4583080903983,614.7829065205138,596.9495092321325,608.2127075195312,15200,0.0,0.0
2019-05-07 00:00:00+09:00,608.2126579643417,608.2126579643417,597.8880603754409,598.82666015625,12900,0.0,0.0
2019-05-08 00:00:00+09:00,596.0108585357666,602.5810569763183,586.6248607635498,600.703857421875,10400,0.0,0.0
2019-05-09 00:00:00+09:00,600.703857421875,604.4582565307617,594.1336589813233,600.703857421875,5100,0.0,0.0
2019-05-10 00:00:00+09:00,597.8880673179144,598.8266671096222,588.5020694008357,593.195068359375,15300,0.0,0.0
2019-05-13 00:00:00+09:00,593.1950648991142,596.9494640440453,589.4406657541831,596.0108642578125,10600,0.0,0.0
2019-05-14 00:00:00+09:00,582.8704322366153,582.8704322366153,565.0370373694725,574.4230346679688,15800,0.0,0.0
2019-05-15 00:00:00+09:00,577.2388273072474,588.5020239376328,565.0370309576633,580.0546264648438,22400,0.0,0.0
2019-05-16 00:00:00+09:00,580.0546769867674,591.3178745981609,577.2388775839189,588.5020751953125,33300,0.0,0.0
2019-05-17 00:00:00+09:00,588.5020625673492,598.82666015625,577.2388651976391,598.82666015625,9500,0.0,0.0
2019-05-20 00:00:00+09:00,596.0108596730121,599.7652587890625,583.809062545848,599.7652587890625,11100,0.0,0.0
2019-05-21 00:00:00+09:00,593.1950718526431,596.0108712443487,581.9318742858208,590.3792724609375,9900,0.0,0.0
2019-05-22 00:00:00+09:00,590.3792771484375,590.3792771484375,581.9318789062501,586.6248779296875,5000,0.0,0.0
2019-05-23 00:00:00+09:00,586.6248791034405,586.6248791034405,579.1160806509165,585.686279296875,4400,0.0,0.0
2019-05-24 00:00:00+09:00,580.0546105552058,596.9494050373963,578.1774111682959,594.1336059570312,12500,0.0,0.0
2019-05-27 00:00:00+09:00,594.1336740010092,594.1336740010092,587.5634753943631,588.5020751953125,7900,0.0,0.0
2019-05-28 00:00:00+09:00,593.1950181182175,596.0108172548546,580.0546221472442,583.8090209960938,28600,0.0,0.0
2019-05-29 00:00:00+09:00,583.8090761905652,589.4406749962619,580.9932767877168,588.5020751953125,14900,0.0,0.0
2019-05-30 00:00:00+09:00,586.6248607635498,600.703857421875,582.870461654663,600.703857421875,15100,0.0,0.0
2019-05-31 00:00:00+09:00,599.7652376401026,617.5986328125,596.01083865644,617.5986328125,17800,0.0,0.0
2019-06-03 00:00:00+09:00,619.4758289700737,621.3530284518013,611.9670310431637,620.4144287109375,14100,0.0,0.0
2019-06-04 00:00:00+09:00,617.5987060923635,617.5987060923635,600.7039086612655,608.2127075195312,14700,0.0,0.0
2019-06-05 00:00:00+09:00,612.9056887159161,623.2302868412991,612.9056887159161,622.2916870117188,16500,0.0,0.0
2019-06-06 00:00:00+09:00,622.2916706034492,635.4320678710938,617.5986715792906,635.4320678710938,19100,0.0,0.0
2019-06-07 00:00:00+09:00,633.5548205841752,638.2478192551691,613.8442261660009,624.1688232421875,24800,0.0,0.0
2019-06-10 00:00:00+09:00,628.8618230245199,638.2478203830949,619.475825665945,623.230224609375,17900,0.0,0.0
2019-06-11 00:00:00+09:00,624.1688039397077,643.87939774833,624.1688039397077,641.0635986328125,10500,0.0,0.0
2019-06-12 00:00:00+09:00,645.7566598125917,645.7566598125917,635.4320620539601,640.1250610351562,2200,0.0,0.0
2019-06-13 00:00:00+09:00,640.1250610351562,643.8794602201132,640.1250610351562,640.1250610351562,8100,0.0,0.0
2019-06-14 00:00:00+09:00,634.4934203183741,640.1250187235668,624.1688232421875,624.1688232421875,4800,0.0,0.0
2019-06-17 00:00:00+09:00,625.1074185905969,634.4934158667321,624.1688188629835,627.9232177734375,5400,0.0,0.0
2019-06-18 00:00:00+09:00,618.5372461844523,618.5372461844523,603.5196499189725,606.33544921875,15700,0.0,0.0
2019-06-19 00:00:00+09:00,608.212643109159,611.0284423828125,599.7652452881985,611.0284423828125,25300,0.0,0.0
2019-06-20 00:00:00+09:00,605.3968339399859,619.475830078125,605.3968339399859,619.475830078125,8000,0.0,0.0
2019-06-21 00:00:00+09:00,618.5372359181179,618.5372359181179,611.967037661021,614.7828369140625,1000,0.0,0.0
2019-06-24 00:00:00+09:00,614.7828414143505,614.7828414143505,602.581044561852,611.0284423828125,6100,0.0,0.0
2019-06-25 00:00:00+09:00,593.1950535973837,610.0898494276889,593.1950535973837,605.3968505859375,13100,0.0,0.0
2019-06-26 00:00:00+09:00,606.3354629005754,656.0812516524802,606.3354629005754,644.8180541992188,33500,0.0,0.0
2019-06-27 00:00:00+09:00,632.6162767097131,639.1864754292503,620.4144790877158,628.8618774414062,18100,0.0,0.0
2019-06-28 00:00:00+09:00,629.8004064096442,637.3092041015625,615.7214107372974,637.3092041015625,7700,0.0,0.0
2019-07-01 00:00:00+09:00,639.1864706429953,648.5724687434799,630.7390723525593,632.6162719726562,8100,0.0,0.0
2019-07-02 00:00:00+09:00,632.6162298890554,632.6162298890554,608.2126364511986,616.6600341796875,35200,0.0,0.0
2019-07-03 00:00:00+09:00,619.4758289700737,620.4144287109375,609.1512318205725,620.4144287109375,11300,0.0,0.0
2019-07-04 00:00:00+09:00,623.2302169686103,629.8004150390625,616.6600188981581,629.8004150390625,10800,0.0,0.0
2019-07-05 00:00:00+09:00,626.0460362105786,626.0460362105786,610.0898403851215,612.9056396484375,15000,0.0,0.0
2019-07-08 00:00:00+09:00,616.6600330665843,621.3530317961627,605.3968361155966,617.5986328125,13900,0.0,0.0
2019-07-09 00:00:00+09:00,617.5986283869902,621.35302734375,610.0898304734706,621.35302734375,17400,0.0,0.0
2019-07-10 00:00:00+09:00,614.7828931330911,618.5372924804688,611.9670936225579,618.5372924804688,14800,0.0,0.0
2019-07-11 00:00:00+09:00,617.5986261942301,623.230224609375,617.5986261942301,623.230224609375,4700,0.0,0.0
2019-07-12 00:00:00+09:00,623.2302158900669,642.940810067313,619.4758169991629,630.739013671875,14700,0.0,0.0
2019-07-16 00:00:00+09:00,623.2302202236152,629.8004183283823,619.4758213066056,626.984619140625,6800,0.0,0.0
2019-07-17 00:00:00+09:00,626.0460663739373,638.2478637695312,619.4758677763097,638.2478637695312,10300,0.0,0.0
2019-07-18 00:00:00+09:00,633.5548239532194,633.5548239532194,617.5986283869902,621.35302734375,2600,0.0,0.0
2019-07-19 00:00:00+09:00,622.2916215842274,632.6162186240864,622.2916215842274,626.0460205078125,3800,0.0,0.0
2019-07-22 00:00:00+09:00,620.4144527435302,621.3530525207519,596.0108585357666,600.703857421875,25200,0.0,0.0
2019-07-23 00:00:00+09:00,601.6424618127211,602.5810615971403,585.6862654775944,596.949462890625,11000,0.0,0.0
2019-07-24 00:00:00+09:00,599.7652599370592,600.7038597178683,581.9318641016849,598.82666015625,15800,0.0,0.0
2019-07-25 00:00:00+09:00,591.3178722581727,594.1336716498782,588.5020728664671,590.3792724609375,63900,0.0,0.0
2019-07-26 00:00:00+09:00,595.0722587585449,602.5810569763183,590.3792598724365,600.703857421875,20300,0.0,0.0
2019-07-29 00:00:00+09:00,593.1950592041015,600.703857421875,591.3178596496582,600.703857421875,17000,0.0,0.0
2019-07-30 00:00:00+09:00,603.5196510492369,605.3968505859375,595.0722531340843,605.3968505859375,11600,0.0,0.0
2019-07-31 00:00:00+09:00,610.0898471460829,610.0898471460829,602.5810490273619,607.2740478515625,9000,0.0,0.0
2019-08-01 00:00:00+09:00,603.5195986090499,605.3967979826396,591.3178026807177,597.8880004882812,27400,0.0,0.0
2019-08-02 00:00:00+09:00,593.195089831026,597.8880889594361,576.30029296875,576.30029296875,21900,0.0,0.0
2019-08-05 00:00:00+09:00,576.3002396761094,576.3002396761094,565.0370428094755,569.7300415039062,18600,0.0,0.0
2019-08-06 00:00:00+09:00,564.09844197725,572.5458396108527,549.0808461841784,570.6686401367188,19500,0.0,0.0
2019-08-07 00:00:00+09:00,578.1774259453251,582.8704245325437,578.1774259453251,580.9932250976562,2100,0.0,0.0
2019-08-08 00:00:00+09:00,584.7476121690538,592.2564097570994,581.9318130735367,591.3178100585938,5600,0.0,0.0
2019-08-09 00:00:00+09:00,591.3178745981609,593.1950742000598,584.7476759915146,588.5020751953125,3900,0.0,0.0
2019-08-13 00:00:00+09:00,587.5634231197622,587.5634231197622,577.2388262278814,580.9932250976562,8000,0.0,0.0
2019-08-14 00:00:00+09:00,582.8704245325437,582.8704245325437,580.0546253802125,580.9932250976562,2700,0.0,0.0
2019-08-15 00:00:00+09:00,575.3616377105462,575.3616377105462,563.1598411522475,571.6072387695312,10400,0.0,0.0
2019-08-16 00:00:00+09:00,567.8528442382812,568.7914439808239,565.9756447531961,567.8528442382812,10800,0.0,0.0
2019-08-19 00:00:00+09:00,566.9142422872477,572.5458407205648,566.9142422872477,569.7300415039062,1200,0.0,0.0
2019-08-20 00:00:00+09:00,560.3440397921248,573.4844360351562,546.2650438174484,573.4844360351562,19700,0.0,0.0
2019-08-21 00:00:00+09:00,572.5458363035111,574.4230357668014,568.7914373769307,573.4844360351562,11400,0.0,0.0
2019-08-22 00:00:00+09:00,573.484440459451,574.4230401983372,569.7300415039062,569.7300415039062,6700,0.0,0.0
2019-08-23 00:00:00+09:00,573.4844360351562,575.3616354984465,570.668636840221,573.4844360351562,3600,0.0,0.0
2019-08-26 00:00:00+09:00,570.6686357485703,577.2388338575176,568.7914362888711,574.4230346679688,5500,0.0,0.0
2019-08-27 00:00:00+09:00,574.4230945083095,578.1774938188214,574.4230945083095,575.3616943359375,1100,0.0,0.0
2019-08-28 00:00:00+09:00,576.3002777829695,592.2564743991103,576.3002777829695,588.5020751953125,7300,0.0,0.0
2019-08-29 00:00:00+09:00,587.5634908769341,587.5634908769341,573.484493491704,576.30029296875,2500,0.0,0.0
2019-08-30 00:00:00+09:00,576.3002275880486,581.9318259032412,566.9142303960608,580.0546264648438,11300,0.0,0.0
2019-09-02 00:00:00+09:00,574.4230390849866,583.8090364556564,569.7300403996518,570.6686401367188,10000,0.0,0.0
2019-09-03 00:00:00+09:00,570.6686412427924,573.484440459451,567.8528420261339,569.7300415039062,16800,0.0,0.0
2019-09-04 00:00:00+09:00,578.1774796875001,597.8880755859375,577.2388798828125,586.6248779296875,20200,0.0,0.0
2019-09-05 00:00:00+09:00,583.8090927845891,585.686292439845,570.6686951977978,575.3616943359375,18500,0.0,0.0
2019-09-06 00:00:00+09:00,577.2388338575176,580.9932327769161,567.8528365590214,574.4230346679688,14200,0.0,0.0
2019-09-09 00:00:00+09:00,571.6072387695312,575.3616377105462,571.6072387695312,571.6072387695312,3000,0.0,0.0
2019-09-10 00:00:00+09:00,571.607236571866,573.4844360351562,570.668636840221,573.4844360351562,3700,0.0,0.0
2019-09-11 00:00:00+09:00,572.5458396108527,572.5458396108527,565.037041714317,570.6686401367188,11400,0.0,0.0
2019-09-12 00:00:00+09:00,572.5458429509944,572.5458429509944,567.8528442382812,567.8528442382812,18200,0.0,0.0
2019-09-13 00:00:00+09:00,570.6686479565308,570.6686479565308,563.1598499571028,564.0984497070312,12400,0.0,0.0
2019-09-17 00:00:00+09:00,565.037047226433,567.8528464651029,565.037047226433,565.9756469726562,6000,0.0,0.0
2019-09-18 00:00:00+09:00,565.9756447531961,567.8528442382812,561.282646040483,567.8528442382812,8000,0.0,0.0
2019-09-19 00:00:00+09:00,565.0370494569597,566.9142489568168,564.0984497070312,564.0984497070312,2000,0.0,0.0
2019-09-20 00:00:00+09:00,562.2212468835692,566.9142456054688,562.2212468835692,566.9142456054688,8600,0.0,0.0
2019-09-24 00:00:00+09:00,564.0984452681108,567.8528442382812,558.4668468128551,567.8528442382812,7700,0.0,0.0
2019-09-25 00:00:00+09:00,566.9142456054688,566.9142456054688,561.2826471391893,566.9142456054688,6500,0.0,0.0
2019-09-26 00:00:00+09:00,566.9142444957387,567.8528442382812,565.9756447531961,567.8528442382812,5600,0.0,0.0
2019-09-27 00:00:00+09:00,564.0984542054347,564.0984542054347,543.4492595423405,560.3440551757812,15400,0.0,0.0
2019-09-30 00:00:00+09:00,562.2212592345265,563.1598589995257,555.651060879532,556.5896606445312,12800,0.0,0.0
2019-10-01 00:00:00+09:00,553.773867029722,553.773867029722,547.2036686073355,551.8966674804688,15500,0.0,0.0
2019-10-02 00:00:00+09:00,548.1422119140625,551.8966106258026,548.1422119140625,548.1422119140625,3700,0.0,0.0
2019-10-03 00:00:00+09:00,548.1422718015491,550.0194713625134,545.3264724601029,549.0808715820312,4100,0.0,0.0
2019-10-04 00:00:00+09:00,549.0808738852446,552.8352730229216,546.265074531987,547.2036743164062,2300,0.0,0.0
2019-10-07 00:00:00+09:00,547.2036122361275,548.1422119140625,546.2650125581924,548.1422119140625,2800,0.0,0.0
2019-10-08 00:00:00+09:00,546.2650125581924,551.8966106258026,539.6948148126471,548.1422119140625,20600,0.0,0.0
2019-10-09 00:00:00+09:00,543.4492809467249,548.1422799186311,540.6334815635813,542.5106811523438,11600,0.0,0.0
2019-10-10 00:00:00+09:00,542.510676538002,546.2650756835938,538.7562773924103,546.2650756835938,10400,0.0,0.0
2019-10-11 00:00:00+09:00,547.2036789546564,547.2036789546564,541.5720802004062,543.4492797851562,6500,0.0,0.0
2019-10-15 00:00:00+09:00,551.8966779165318,551.8966779165318,543.4492797851562,543.4492797851562,16000,0.0,0.0
2019-10-16 00:00:00+09:00,550.0194830587636,550.9580828592052,537.8176856530231,539.6948852539062,32300,0.0,0.0
2019-10-17 00:00:00+09:00,539.6948794660897,545.3264782083446,539.6948794660897,544.3878784179688,6700,0.0,0.0
2019-10-18 00:00:00+09:00,544.3878772623978,546.2650768391647,539.6948783204806,545.3264770507812,9200,0.0,0.0
2019-10-21 00:00:00+09:00,545.3264770507812,546.2650768391647,545.3264770507812,545.3264770507812,6700,0.0,0.0
2019-10-23 00:00:00+09:00,544.387876110798,547.2036754699917,544.387876110798,546.2650756835938,5300,0.0,0.0
2019-10-24 00:00:00+09:00,546.2650768391647,548.1422764159316,544.3878772623978,545.3264770507812,7700,0.0,0.0
2019-10-25 00:00:00+09:00,563.1598411522475,571.6072387695312,559.4054422112325,571.6072387695312,64400,0.0,0.0
2019-10-28 00:00:00+09:00,572.5458948530536,578.1774938188214,564.098496404402,575.3616943359375,47300,0.0,0.0
2019-10-29 00:00:00+09:00,576.3002453167178,576.3002453167178,565.0370483398438,565.0370483398438,20800,0.0,0.0
2019-10-30 00:00:00+09:00,567.8528409255179,570.6686401367188,559.405443291915,570.6686401367188,12700,0.0,0.0
2019-10-31 00:00:00+09:00,570.6686324949187,577.2388305664062,569.7300327704205,577.2388305664062,11800,0.0,0.0
2019-11-01 00:00:00+09:00,579.1160972720287,581.931896772541,572.5458984375,572.5458984375,26300,0.0,0.0
2019-11-05 00:00:00+09:00,578.1774302909045,578.1774302909045,574.4230313929116,577.2388305664062,12600,0.0,0.0
2019-11-06 00:00:00+09:00,577.238892794432,578.177492620114,575.361693143068,576.30029296875,9500,0.0,0.0
2019-11-07 00:00:00+09:00,579.1160853232108,581.931884765625,577.2388856949345,581.931884765625,13700,0.0,0.0
2019-11-08 00:00:00+09:00,582.8704367185894,583.8090364556564,570.6686401367188,570.6686401367188,22900,0.0,0.0
2019-11-11 00:00:00+09:00,577.238892794432,577.238892794432,576.30029296875,576.30029296875,1100,0.0,0.0
2019-11-12 00:00:00+09:00,577.238892794432,577.238892794432,576.30029296875,576.30029296875,1100,0.0,0.0
2019-11-13 00:00:00+09:00,573.484493491704,580.0546922714781,573.484493491704,576.30029296875,8400,0.0,0.0
2019-11-14 00:00:00+09:00,577.238892794432,579.116092445796,574.423093317386,576.30029296875,13300,0.0,0.0
2019-11-15 00:00:00+09:00,577.2388262278814,581.9318248151,577.2388262278814,580.9932250976562,17800,0.0,0.0
2019-11-18 00:00:00+09:00,581.9318259032412,582.87042562244,580.0546264648438,580.0546264648438,12900,0.0,0.0
2019-11-19 00:00:00+09:00,581.9318248151,582.8704245325437,580.0546253802125,580.9932250976562,9300,0.0,0.0
2019-11-20 00:00:00+09:00,581.9318835862017,582.8704833984375,580.05468396173,582.8704833984375,5200,0.0,0.0
2019-11-21 00:00:00+09:00,581.9318835862017,583.8090832106733,580.9932837739658,582.8704833984375,7700,0.0,0.0
2019-11-22 00:00:00+09:00,581.931884765625,582.8704845797631,580.9932849514869,581.931884765625,7100,0.0,0.0
2019-11-25 00:00:00+09:00,587.5635106593003,608.2127075195312,581.9319115156009,608.2127075195312,18600,0.0,0.0
2019-11-26 00:00:00+09:00,605.3968517232386,605.3968517232386,597.8880535623301,604.458251953125,10100,0.0,0.0
2019-11-27 00:00:00+09:00,600.703866693038,600.703866693038,593.195068359375,593.195068359375,5800,0.0,0.0
2019-11-28 00:00:00+09:00,594.1336059570312,598.8266044243064,594.1336059570312,594.1336059570312,3700,0.0,0.0
2019-11-29 00:00:00+09:00,596.9494560455607,602.5810546875,596.9494560455607,602.5810546875,8200,0.0,0.0
2019-12-02 00:00:00+09:00,601.6424296214168,624.1688232421875,601.6424296214168,624.1688232421875,20500,0.0,0.0
2019-12-03 00:00:00+09:00,622.2916326653467,622.2916326653467,612.905635189248,616.6600341796875,4600,0.0,0.0
2019-12-04 00:00:00+09:00,615.7214480377907,615.7214480377907,605.3968505859375,605.3968505859375,4700,0.0,0.0
2019-12-05 00:00:00+09:00,611.9670387758027,615.7214377866973,610.0898392703555,613.84423828125,2800,0.0,0.0
2019-12-06 00:00:00+09:00,610.0898494276889,613.8442485010901,605.3968505859375,605.3968505859375,2900,0.0,0.0
2019-12-09 00:00:00+09:00,610.08984375,610.08984375,606.3354447115385,610.08984375,6400,0.0,0.0
2019-12-10 00:00:00+09:00,616.6600420673077,616.6600420673077,608.2126442307692,610.08984375,11600,0.0,0.0
2019-12-11 00:00:00+09:00,610.0898505738063,610.0898505738063,602.5810524128979,604.458251953125,3400,0.0,0.0
2019-12-12 00:00:00+09:00,605.3968574631382,608.2126568001761,598.8266590100499,599.7652587890625,11000,0.0,0.0
2019-12-13 00:00:00+09:00,607.2740512634656,608.2126510335792,601.6424526427843,604.458251953125,8600,0.0,0.0
2019-12-16 00:00:00+09:00,604.4582363696809,619.4758323043313,604.4582363696809,617.5986328125,25500,0.0,0.0
2019-12-17 00:00:00+09:00,618.5372748219295,662.6514658942067,618.5372748219295,632.6162719726562,70300,0.0,0.0
2019-12-18 00:00:00+09:00,632.616213117327,634.493412562779,628.861814226423,630.739013671875,6600,0.0,0.0
2019-12-19 00:00:00+09:00,625.107493255098,687.9936825164967,623.2302935756533,664.5286865234375,75800,0.0,0.0
2019-12-20 00:00:00+09:00,658.8970325627333,662.6514316086749,647.6338354249089,659.8356323242188,19500,0.0,0.0
2019-12-23 00:00:00+09:00,657.9584350585938,659.835634588005,652.3268364703605,657.9584350585938,12900,0.0,0.0
2019-12-24 00:00:00+09:00,657.9584305567099,661.7128295898438,656.0812310401429,661.7128295898438,9600,0.0,0.0
2019-12-25 00:00:00+09:00,664.5286345563616,664.5286345563616,653.2654373604911,657.0198364257812,8100,0.0,0.0
2019-12-26 00:00:00+09:00,657.0198319175026,661.7128307169133,657.0198319175026,660.7742309570312,9000,0.0,0.0
2019-12-27 00:00:00+09:00,661.7128184925426,675.7918146306819,657.9584195223722,671.0988159179688,13300,0.0,0.0
2019-12-30 00:00:00+09:00,671.0988215056943,681.4234187596281,665.4672230035486,666.4058227539062,9400,0.0,0.0
2020-01-06 00:00:00+09:00,661.7128870042704,673.9146849206612,657.0198878056585,664.5286865234375,15500,0.0,0.0
2020-01-07 00:00:00+09:00,664.5286288646942,666.4058283812611,661.7128295898438,661.7128295898438,2800,0.0,0.0
2020-01-08 00:00:00+09:00,661.7128273452694,676.7304234268641,657.9584283248706,663.5900268554688,15200,0.0,0.0
2020-01-09 00:00:00+09:00,663.5900643832746,697.3796574777554,656.0812659178345,682.362060546875,41000,0.0,0.0
2020-01-10 00:00:00+09:00,676.7304628650676,682.3620617238615,672.0374638160727,681.4234619140625,5800,0.0,0.0
2020-01-14 00:00:00+09:00,681.423460738695,682.362060546875,670.1602630405347,682.362060546875,3500,0.0,0.0
2020-01-15 00:00:00+09:00,682.3620173672919,682.3620173672919,667.3444213867188,667.3444213867188,3900,0.0,0.0
2020-01-16 00:00:00+09:00,666.4058766285134,673.9146752384122,655.1426787136653,672.0374755859375,5400,0.0,0.0
2020-01-17 00:00:00+09:00,663.5900313701602,675.7918282694701,659.8356323242188,659.8356323242188,7200,0.0,0.0
2020-01-20 00:00:00+09:00,656.081243509518,656.081243509518,651.3882446289062,651.3882446289062,5100,0.0,0.0
2020-01-21 00:00:00+09:00,647.6338478044279,653.2654464809881,640.1250495690142,649.5110473632812,9900,0.0,0.0
2020-01-22 00:00:00+09:00,649.5110485115548,652.326847854813,647.6338489493827,648.5724487304688,1800,0.0,0.0
2020-01-23 00:00:00+09:00,648.5723930336643,648.5723930336643,641.0635954298014,643.87939453125,1400,0.0,0.0
2020-01-24 00:00:00+09:00,646.6952537747623,646.6952537747623,642.0022548359034,644.8180541992188,3100,0.0,0.0
2020-01-27 00:00:00+09:00,638.2478070682323,644.81800508217,629.800409621741,634.493408203125,3900,0.0,0.0
2020-01-28 00:00:00+09:00,626.9846202387088,635.4320178167752,625.1074207769162,626.0460205078125,4200,0.0,0.0
2020-01-29 00:00:00+09:00,621.3530871821386,626.9846861596201,616.6600880342372,622.2916870117188,4700,0.0,0.0
2020-01-30 00:00:00+09:00,619.4758010137649,619.4758010137649,591.3178100585938,591.3178100585938,12600,0.0,0.0
2020-01-31 00:00:00+09:00,600.7038585680751,615.721455032277,595.0722598939994,599.7652587890625,21800,0.0,0.0
2020-02-03 00:00:00+09:00,546.265066206085,604.458251953125,546.265066206085,604.458251953125,34200,0.0,0.0
2020-02-04 00:00:00+09:00,606.3354661729601,642.0022583007812,600.7038674159356,642.0022583007812,14700,0.0,0.0
2020-02-05 00:00:00+09:00,647.6338387625558,657.9584361921038,635.4320418003628,657.0198364257812,27500,0.0,0.0
2020-02-06 00:00:00+09:00,656.0812366594587,682.3620301164899,651.388237827846,657.0198364257812,40300,0.0,0.0
2020-02-07 00:00:00+09:00,671.0988170292532,671.0988170292532,651.3882224032192,670.1602172851562,14200,0.0,0.0
2020-02-10 00:00:00+09:00,657.0198352938883,663.5900336468271,636.3706404703661,657.9584350585938,13200,0.0,0.0
2020-02-12 00:00:00+09:00,644.8180530459382,663.5900487677995,644.8180530459382,645.7566528320312,11200,0.0,0.0
2020-02-13 00:00:00+09:00,642.9408282768436,642.9408282768436,615.721435546875,615.721435546875,4100,0.0,0.0
2020-02-14 00:00:00+09:00,614.7828733004056,615.7214731069712,585.686279296875,585.686279296875,8100,0.0,0.0
2020-02-17 00:00:00+09:00,577.2388775839189,606.3354714133523,577.2388775839189,588.5020751953125,6500,0.0,0.0
2020-02-18 00:00:00+09:00,586.6248663954848,600.7038631889764,586.6248663954848,596.0108642578125,2400,0.0,0.0
2020-02-19 00:00:00+09:00,596.0109093748493,611.0285070913809,596.0109093748493,608.2127075195312,5400,0.0,0.0
2020-02-20 00:00:00+09:00,610.0898392703555,628.861834324828,608.2126397649082,613.84423828125,4200,0.0,0.0
2020-02-21 00:00:00+09:00,604.4582429663535,619.4758390648965,604.4582429663535,611.967041015625,6700,0.0,0.0
2020-02-25 00:00:00+09:00,611.9670547485351,619.4758529663086,600.703857421875,600.703857421875,4700,0.0,0.0
2020-02-26 00:00:00+09:00,600.7038798309178,600.7038798309178,582.8704833984375,582.8704833984375,900,0.0,0.0
2020-02-27 00:00:00+09:00,580.0546971055328,591.317895107582,572.5458984375,572.5458984375,2800,0.0,0.0
2020-02-28 00:00:00+09:00,564.0984788470798,564.0984788470798,525.6158871120876,540.6334838867188,16200,0.0,0.0
2020-03-02 00:00:00+09:00,525.6158770699786,565.037067850227,520.9228781675681,549.0808715820312,9300,0.0,0.0
2020-03-03 00:00:00+09:00,558.4668567836685,571.6072534138724,556.5896572650679,559.4054565429688,8000,0.0,0.0
2020-03-04 00:00:00+09:00,550.0194448586951,576.3002374457999,550.0194448586951,571.6072387695312,4700,0.0,0.0
2020-03-05 00:00:00+09:00,580.9932452057443,584.7476442054584,563.1598499571028,564.0984497070312,2500,0.0,0.0
2020-03-06 00:00:00+09:00,554.7124691074619,564.0984668926982,538.7562728725603,550.0194702148438,3700,0.0,0.0
2020-03-09 00:00:00+09:00,535.9404472832207,541.572045678491,516.2298528997748,520.9228515625,20400,0.0,0.0
2020-03-10 00:00:00+09:00,483.3788684504497,534.0632546569046,473.9928710048099,515.291259765625,28500,0.0,0.0
2020-03-11 00:00:00+09:00,550.9581012180873,560.3440995352609,518.1071071079799,525.6159057617188,10800,0.0,0.0
2020-03-12 00:00:00+09:00,516.2298971776804,526.554495121234,488.0719027861706,509.6596984863281,10500,0.0,0.0
2020-03-13 00:00:00+09:00,488.07188376402246,489.01048354049175,465.54548912875987,475.8700866699219,23900,0.0,0.0
2020-03-16 00:00:00+09:00,485.25606199550447,507.78245558910623,473.9928651987036,494.6420593261719,43600,0.0,0.0
2020-03-17 00:00:00+09:00,476.80869718362356,500.27369212376254,475.870097386018,491.8262939453125,19800,0.0,0.0
2020-03-18 00:00:00+09:00,482.4402539725094,483.37885368840927,449.5892639160156,449.5892639160156,32500,0.0,0.0
2020-03-19 00:00:00+09:00,451.46649863795227,459.91389674136514,445.83489990234375,445.83489990234375,10900,0.0,0.0
2020-03-23 00:00:00+09:00,444.8962819329624,445.8348816838758,393.2732956327241,435.5102844238281,52200,0.0,0.0
2020-03-24 00:00:00+09:00,428.00151616310586,459.9139099121094,423.3085170823701,459.9139099121094,22600,0.0,0.0
2020-03-25 00:00:00+09:00,478.6858756410564,482.44027466569213,438.3260861262222,458.97528076171875,46700,0.0,0.0
2020-03-26 00:00:00+09:00,456.1595047745369,458.0367043826626,437.38750869328027,440.20330810546875,35900,0.0,0.0
2020-03-27 00:00:00+09:00,440.20329710023594,440.20329710023594,424.2471008300781,424.2471008300781,27100,0.0,0.0
2020-03-30 00:00:00+09:00,417.45138067948193,417.45138067948193,362.1148023103413,405.80157470703125,57200,15.0,0.0
2020-03-31 00:00:00+09:00,409.68483484929527,409.68483484929527,385.4144062444792,386.3852233886719,22100,0.0,0.0
2020-04-01 00:00:00+09:00,379.5894982530663,381.53113251523035,367.9396926800822,374.73541259765625,17900,0.0,0.0
2020-04-02 00:00:00+09:00,372.7937894780585,380.5603267588514,364.0564350371665,365.0272521972656,15100,0.0,0.0
2020-04-03 00:00:00+09:00,366.96887789951285,368.9105121741134,339.78599805510447,345.61090087890625,25900,0.0,0.0
2020-04-06 00:00:00+09:00,344.640074098265,377.6478558428876,339.78598854758525,373.76458740234375,31000,0.0,0.0
2020-04-07 00:00:00+09:00,373.76461601257324,389.2976909637451,365.9980785369873,388.3268737792969,34200,0.0,0.0
2020-04-08 00:00:00+09:00,382.50195674941546,409.6848369245008,382.50195674941546,408.7140197753906,17500,0.0,0.0
2020-04-09 00:00:00+09:00,408.7140110234667,410.65564528011026,389.29766845703125,389.29766845703125,6900,0.0,0.0
2020-04-10 00:00:00+09:00,397.0642061505999,407.7431945800781,396.09338902064735,407.7431945800781,9400,0.0,0.0
2020-04-13 00:00:00+09:00,411.62647604827146,411.62647604827146,399.97667012237696,401.9183044433594,4900,0.0,0.0
2020-04-14 00:00:00+09:00,400.9474888851768,410.6556605288857,398.03503739206417,405.80157470703125,4200,0.0,0.0
2020-04-15 00:00:00+09:00,410.6556605288857,410.6556605288857,390.26850007709703,405.80157470703125,16700,0.0,0.0
2020-04-16 00:00:00+09:00,399.0058624340412,406.77239990234375,394.1517765163522,406.77239990234375,6500,0.0,0.0
2020-04-17 00:00:00+09:00,401.9182864918428,412.59727478027344,394.1517495548024,396.0933837890625,49300,0.0,0.0
2020-04-20 00:00:00+09:00,399.9766668310306,399.9766668310306,394.1517639160156,394.1517639160156,7700,0.0,0.0
2020-04-21 00:00:00+09:00,394.151758803934,394.151758803934,379.58950170526646,382.501953125,17700,0.0,0.0
2020-04-22 00:00:00+09:00,373.76460671726664,383.4727783203125,365.9980694348299,383.4727783203125,27700,0.0,0.0
2020-04-23 00:00:00+09:00,378.61870193481445,389.2976909637451,375.7062503814697,388.3268737792969,16100,0.0,0.0
2020-04-24 00:00:00+09:00,393.1809531843692,393.1809531843692,385.4144158375175,391.23931884765625,4600,0.0,0.0
2020-04-27 00:00:00+09:00,390.2684969274009,399.97666849275913,390.2684969274009,398.0350341796875,16400,0.0,0.0
2020-04-28 00:00:00+09:00,403.8599403782895,413.56811202199833,399.97667172080594,405.80157470703125,19000,0.0,0.0
2020-04-30 00:00:00+09:00,413.5681103692539,414.5389275297451,389.2976813569737,401.9183044433594,52300,0.0,0.0
2020-05-01 00:00:00+09:00,403.85992538185786,403.85992538185786,389.29766845703125,389.29766845703125,15700,0.0,0.0
2020-05-07 00:00:00+09:00,389.2976765039548,390.26849365234375,389.2976765039548,390.26849365234375,3800,0.0,0.0
2020-05-08 00:00:00+09:00,390.26850659919506,390.26850659919506,380.560334793245,384.443603515625,27000,0.0,0.0
2020-05-11 00:00:00+09:00,391.23930445541566,397.06420725127794,385.41440165955345,393.1809387207031,40700,0.0,0.0
2020-05-12 00:00:00+09:00,399.0058466410465,404.83074951171875,394.15176091548636,404.83074951171875,17600,0.0,0.0
2020-05-13 00:00:00+09:00,400.9474729391245,406.77237569368805,400.9474729391245,403.85992431640625,22200,0.0,0.0
2020-05-14 00:00:00+09:00,403.85992431640625,414.53891269977277,403.85992431640625,403.85992431640625,22300,0.0,0.0
2020-05-15 00:00:00+09:00,407.74320427389705,415.50974149816176,398.0350327435662,412.5972900390625,25000,0.0,0.0
2020-05-18 00:00:00+09:00,412.59730143719406,416.480570156603,402.8891296386719,402.8891296386719,15700,0.0,0.0
2020-05-19 00:00:00+09:00,410.655654073611,410.655654073611,406.77238547717025,408.7140197753906,5800,0.0,0.0
2020-05-20 00:00:00+09:00,407.74320094705485,412.597286672615,404.83074951171875,404.83074951171875,22900,0.0,0.0
2020-05-21 00:00:00+09:00,410.6556670774896,416.480570156603,401.9183124588196,402.8891296386719,40200,0.0,0.0
2020-05-22 00:00:00+09:00,413.5681103692539,414.5389275297451,394.15176715942977,401.9183044433594,65600,0.0,0.0
2020-05-25 00:00:00+09:00,401.9183044433594,404.830755924833,392.21013283844735,401.9183044433594,22400,0.0,0.0
2020-05-26 00:00:00+09:00,402.8891071906457,407.7431928194486,396.09338731032153,403.85992431640625,23900,0.0,0.0
2020-05-27 00:00:00+09:00,404.83074951171875,411.626469527503,403.8599323666067,404.83074951171875,27200,0.0,0.0
2020-05-28 00:00:00+09:00,412.59727743551514,425.217900039425,408.7140089420044,418.42218017578125,106900,0.0,0.0
2020-05-29 00:00:00+09:00,422.30544866929193,426.1887171628027,412.59727743551514,418.42218017578125,43100,0.0,0.0
2020-06-01 00:00:00+09:00,427.1595554994733,432.9844585290116,418.42220095516586,432.0136413574219,56800,0.0,0.0
2020-06-02 00:00:00+09:00,436.867731874829,453.3716239678781,433.9552803289968,443.6634521484375,51300,0.0,0.0
2020-06-03 00:00:00+09:00,450.4591450352823,461.1381333874118,443.6634251748362,451.4299621582031,142200,0.0,0.0
2020-06-04 00:00:00+09:00,459.1965138247925,461.1381481327197,428.1303648979566,449.48834228515625,88900,0.0,0.0
2020-06-05 00:00:00+09:00,452.40079207409957,455.3132435252204,432.9844490666275,445.6050720214844,90900,0.0,0.0
2020-06-08 00:00:00+09:00,453.3715946089937,453.3715946089937,442.69260629914584,447.54669189453125,58400,0.0,0.0
2020-06-09 00:00:00+09:00,451.42996849951805,455.31323704575044,444.6342485436113,448.51751708984375,60100,0.0,0.0
2020-06-10 00:00:00+09:00,449.48833422640183,450.4591513629599,443.6634314070532,448.51751708984375,16200,0.0,0.0
2020-06-11 00:00:00+09:00,445.60506690108537,447.54670117952145,433.95526123046875,433.95526123046875,31400,0.0,0.0
2020-06-12 00:00:00+09:00,398.0350266215957,427.1595407646393,398.0350266215957,415.5097351074219,89000,0.0,0.0
2020-06-15 00:00:00+09:00,421.3346427138231,431.042814204925,407.74320262628044,408.7140197753906,22100,0.0,0.0
2020-06-16 00:00:00+09:00,414.5389229514382,427.1595458984375,412.5972886518998,427.1595458984375,19400,0.0,0.0
2020-06-17 00:00:00+09:00,420.36383702477747,421.3346542003543,409.68484809343204,417.4513854980469,35000,0.0,0.0
2020-06-18 00:00:00+09:00,420.36383702477747,425.2179229026617,412.59729962016263,417.4513854980469,41700,0.0,0.0
2020-06-19 00:00:00+09:00,419.3930019162736,419.3930019162736,411.62646484375,411.62646484375,20800,0.0,0.0
2020-06-22 00:00:00+09:00,412.5972791649829,422.3054504394531,410.6556449100889,422.3054504394531,14200,0.0,0.0
2020-06-23 00:00:00+09:00,424.2470864402406,426.188720703125,416.480549388703,426.188720703125,14800,0.0,0.0
2020-06-24 00:00:00+09:00,426.1887253655328,426.1887253655328,412.5972853766547,419.39300537109375,29200,0.0,0.0
2020-06-25 00:00:00+09:00,412.5972738784538,420.3638107985188,409.6848225334294,410.6556396484375,38100,0.0,0.0
2020-06-26 00:00:00+09:00,410.6556494169146,417.4513693836248,410.6556494169146,415.5097351074219,11500,0.0,0.0
2020-06-29 00:00:00+09:00,413.56810883208584,416.4805603027344,410.65565736143736,416.4805603027344,8200,0.0,0.0
2020-06-30 00:00:00+09:00,419.3930134057448,422.30546488772916,416.4805619237605,420.36383056640625,13500,0.0,0.0
2020-07-01 00:00:00+09:00,423.2762657926696,424.2470829160473,416.4805459290259,418.42218017578125,27200,0.0,0.0
2020-07-02 00:00:00+09:00,418.4221994136196,429.101188261763,418.4221994136196,428.13037109375,34700,0.0,0.0
2020-07-03 00:00:00+09:00,428.1303477185838,428.1303477185838,409.6848225334294,410.6556396484375,22400,0.0,0.0
2020-07-06 00:00:00+09:00,406.772387120864,416.4805586511949,398.0350327435662,412.5972900390625,45700,0.0,0.0
2020-07-07 00:00:00+09:00,416.48054415057356,416.48054415057356,409.68482431594884,414.5389099121094,8600,0.0,0.0
2020-07-08 00:00:00+09:00,412.59729167520305,417.45137745961716,412.59729167520305,416.4805603027344,6500,0.0,0.0
2020-07-09 00:00:00+09:00,416.48054233848626,416.48054233848626,399.9766513833481,410.6556396484375,49200,0.0,0.0
2020-07-10 00:00:00+09:00,407.74321708588155,410.65566863649497,402.8891311681925,406.77239990234375,14700,0.0,0.0
2020-07-13 00:00:00+09:00,407.74320262628044,410.655654073611,404.8307511789498,408.7140197753906,14800,0.0,0.0
2020-07-14 00:00:00+09:00,409.6848449707031,410.65566213888013,404.830759129818,409.6848449707031,7600,0.0,0.0
2020-07-15 00:00:00+09:00,411.6264712227212,413.5681055209416,407.74320262628044,408.7140197753906,17000,0.0,0.0
2020-07-16 00:00:00+09:00,408.7140197753906,411.6264712227212,405.80156832806006,408.7140197753906,7600,0.0,0.0
2020-07-17 00:00:00+09:00,408.7140262001439,409.6848433645148,405.80157470703125,405.80157470703125,3500,0.0,0.0
2020-07-20 00:00:00+09:00,405.80157470703125,406.77239187140214,404.83075754266036,405.80157470703125,3900,0.0,0.0
2020-07-21 00:00:00+09:00,406.77239187140214,406.77239187140214,403.8599403782895,405.80157470703125,3300,0.0,0.0
2020-07-22 00:00:00+09:00,409.68482883998325,411.6264630998884,406.7723774501256,407.7431945800781,8900,0.0,0.0
2020-07-27 00:00:00+09:00,403.8599403782895,407.743209035773,402.8891232139186,405.80157470703125,12100,0.0,0.0
2020-07-28 00:00:00+09:00,407.74321708588155,409.68485145295716,405.80158271880595,406.77239990234375,8300,0.0,0.0
2020-07-29 00:00:00+09:00,404.8307396601705,404.8307396601705,397.0642026882727,399.9766540527344,11300,0.0,0.0
2020-07-30 00:00:00+09:00,400.9474693747128,400.9474693747128,396.0933837890625,396.0933837890625,6700,0.0,0.0
2020-07-31 00:00:00+09:00,380.5603143021353,389.29766845703125,375.7062286605264,389.29766845703125,16600,0.0,0.0
2020-08-03 00:00:00+09:00,389.2976639691521,397.0642009061925,389.2976639691521,396.0933837890625,8400,0.0,0.0
2020-08-04 00:00:00+09:00,396.0934046894386,399.005856194508,391.23931884765625,391.23931884765625,9100,0.0,0.0
2020-08-05 00:00:00+09:00,393.1809387207031,395.12257298599053,392.2101215880594,393.1809387207031,1900,0.0,0.0
2020-08-06 00:00:00+09:00,393.1809369703183,393.1809369703183,389.29766845703125,389.29766845703125,4900,0.0,0.0
2020-08-07 00:00:00+09:00,386.38521994566304,389.29767135228866,378.6186828613281,378.6186828613281,18100,0.0,0.0
2020-08-11 00:00:00+09:00,383.47278785705566,392.2101425170898,383.47278785705566,388.3268737792969,12400,0.0,0.0
2020-08-12 00:00:00+09:00,388.3268593555659,393.18094509751046,387.356042207177,390.26849365234375,7800,0.0,0.0
2020-08-13 00:00:00+09:00,394.1517719390644,395.1225891113281,391.2393204222733,395.1225891113281,6500,0.0,0.0
2020-08-14 00:00:00+09:00,393.1809547668007,396.09340628359183,393.1809547668007,395.1225891113281,3400,0.0,0.0
2020-08-17 00:00:00+09:00,400.94749214491037,400.94749214491037,393.1809547668007,395.1225891113281,3700,0.0,0.0
2020-08-18 00:00:00+09:00,395.12256486345046,396.09338197613704,391.239296412704,392.2101135253906,3500,0.0,0.0
2020-08-19 00:00:00+09:00,391.239296412704,392.2101135253906,390.26847930001736,392.2101135253906,900,0.0,0.0
2020-08-20 00:00:00+09:00,389.2976765039548,393.18094509751046,389.2976765039548,390.26849365234375,2500,0.0,0.0
2020-08-21 00:00:00+09:00,393.1809306380772,394.15174775076383,392.2101135253906,392.2101135253906,5800,0.0,0.0
2020-08-24 00:00:00+09:00,394.1517558533468,397.06420725127794,393.1809387207031,393.1809387207031,15500,0.0,0.0
2020-08-25 00:00:00+09:00,398.03503580139454,404.830755924833,397.06421864090333,401.9183044433594,22100,0.0,0.0
2020-08-26 00:00:00+09:00,401.91829006488507,404.83074144216687,401.91829006488507,403.85992431640625,5100,0.0,0.0
2020-08-27 00:00:00+09:00,404.83074144216687,404.83074144216687,398.0350215618427,403.85992431640625,19200,0.0,0.0
2020-08-28 00:00:00+09:00,401.91830762528696,415.5097479797652,401.91830762528696,409.6848449707031,30800,0.0,0.0
2020-08-31 00:00:00+09:00,409.6848465467283,418.4222010939334,409.6848465467283,413.568115234375,14000,0.0,0.0
2020-09-01 00:00:00+09:00,414.5389259889687,420.3638289302657,412.59729167520305,416.4805603027344,9200,0.0,0.0
2020-09-02 00:00:00+09:00,417.45136126980566,417.45136126980566,413.5680927928773,414.5389099121094,4100,0.0,0.0
2020-09-03 00:00:00+09:00,413.5681104417761,427.1595506910364,413.5681104417761,420.36383056640625,17900,0.0,0.0
2020-09-04 00:00:00+09:00,414.53893701562055,425.2179260253906,408.7140339193823,425.2179260253906,12900,0.0,0.0
2020-09-07 00:00:00+09:00,425.21789730296416,429.1011657714844,424.2470801858341,429.1011657714844,14200,0.0,0.0
2020-09-08 00:00:00+09:00,430.0719909667969,430.0719909667969,418.42218534241414,430.0719909667969,12200,0.0,0.0
2020-09-09 00:00:00+09:00,428.1303647015546,432.9844504691459,427.1595475480363,431.0428161621094,13100,0.0,0.0
2020-09-10 00:00:00+09:00,428.13035042938094,433.9552531563113,427.1595333082259,432.98443603515625,14400,0.0,0.0
2020-09-11 00:00:00+09:00,432.9844600957858,439.78018032150436,432.0136429206831,435.89691162109375,17000,0.0,0.0
2020-09-14 00:00:00+09:00,441.7218146717097,441.7218146717097,434.92609444599105,435.89691162109375,12400,0.0,0.0
2020-09-15 00:00:00+09:00,440.750997496607,440.750997496607,435.89691162109375,435.89691162109375,12700,0.0,0.0
2020-09-16 00:00:00+09:00,438.8093550545829,438.8093550545829,432.0136349541801,434.92608642578125,13700,0.0,0.0
2020-09-17 00:00:00+09:00,431.0428161621094,434.92608477618245,430.0719990085911,431.0428161621094,9700,0.0,0.0
2020-09-18 00:00:00+09:00,431.04282418583216,436.8677272153704,429.10118984265273,432.0136413574219,18300,0.0,0.0
2020-09-23 00:00:00+09:00,427.1595429211128,439.7801657801457,425.21790863510773,437.8385314941406,23300,0.0,0.0
2020-09-24 00:00:00+09:00,432.0136413574219,434.926092872191,427.1595554994733,432.0136413574219,47900,0.0,0.0
2020-09-25 00:00:00+09:00,432.01361712287456,432.01361712287456,429.1011657714844,429.1011657714844,18600,0.0,0.0
2020-09-28 00:00:00+09:00,429.101188261763,430.0720054297761,428.13037109375,428.13037109375,7900,0.0,0.0
2020-09-29 00:00:00+09:00,429.101188261763,430.0720054297761,428.13037109375,428.13037109375,11400,0.0,0.0
2020-09-30 00:00:00+09:00,428.13036618532834,428.13036618532834,416.4805603027344,416.4805603027344,8300,0.0,0.0
2020-10-02 00:00:00+09:00,417.4513676481427,418.42218478220815,411.62646484375,411.62646484375,10100,0.0,0.0
2020-10-05 00:00:00+09:00,411.62648089055165,416.48056675011003,411.62648089055165,413.568115234375,7900,0.0,0.0
2020-10-06 00:00:00+09:00,416.4805586511949,422.3054615693934,411.62647288602943,412.5972900390625,13700,0.0,0.0
2020-10-07 00:00:00+09:00,411.62647288602943,413.56810719209557,410.6556557329963,412.5972900390625,10700,0.0,0.0
2020-10-08 00:00:00+09:00,412.5972883718314,412.5972883718314,407.74320262628044,408.7140197753906,16900,0.0,0.0
2020-10-09 00:00:00+09:00,409.6848225334294,413.5680909934619,409.6848225334294,410.6556396484375,18700,0.0,0.0
2020-10-12 00:00:00+09:00,410.6556652690089,418.42220267362376,410.6556652690089,417.4513854980469,9400,0.0,0.0
2020-10-13 00:00:00+09:00,419.3930019162736,419.3930019162736,410.65564770968456,411.62646484375,19800,0.0,0.0
2020-10-14 00:00:00+09:00,412.5972900390625,413.56810719209557,409.68483857996324,412.5972900390625,15500,0.0,0.0
2020-10-15 00:00:00+09:00,408.7140214269302,414.5389243451287,408.7140214269302,412.5972900390625,11800,0.0,0.0
2020-10-16 00:00:00+09:00,412.5972900390625,418.422192957261,412.5972900390625,412.5972900390625,12800,0.0,0.0
2020-10-19 00:00:00+09:00,411.62647769325656,418.4221978438528,405.80157470703125,405.80157470703125,11000,0.0,0.0
2020-10-20 00:00:00+09:00,407.74320094705485,409.6848352372789,398.03502949593445,404.83074951171875,10500,0.0,0.0
2020-10-21 00:00:00+09:00,399.0058421008992,412.59728197781544,399.0058421008992,411.62646484375,14100,0.0,0.0
2020-10-22 00:00:00+09:00,412.59728197781544,412.59728197781544,410.65564770968456,411.62646484375,2500,0.0,0.0
2020-10-23 00:00:00+09:00,403.8599277712264,412.59728197781544,403.8599277712264,411.62646484375,12300,0.0,0.0
2020-10-26 00:00:00+09:00,417.45137580422795,417.45137580422795,411.62647288602943,412.5972900390625,3500,0.0,0.0
2020-10-27 00:00:00+09:00,404.83073695838874,416.48054233848626,404.83073695838874,410.6556396484375,4200,0.0,0.0
2020-10-28 00:00:00+09:00,405.80155856792743,408.7140099452092,403.85992431640625,403.85992431640625,2800,0.0,0.0
2020-10-29 00:00:00+09:00,399.97666849275913,402.8891199623666,384.44359398818597,398.0350341796875,24400,0.0,0.0
2020-10-30 00:00:00+09:00,398.03503083945503,399.9766651362329,388.3268593555659,390.26849365234375,5100,0.0,0.0
2020-11-02 00:00:00+09:00,392.2101215880594,398.03502438392167,389.29767019012826,393.1809387207031,15000,0.0,0.0
2020-11-04 00:00:00+09:00,391.23931080073265,397.06421369106613,390.26849365234375,390.26849365234375,10600,0.0,0.0
2020-11-05 00:00:00+09:00,390.2684953060056,394.1517639160156,390.2684953060056,394.1517639160156,3200,0.0,0.0
2020-11-06 00:00:00+09:00,395.1225921998541,402.8891296386719,395.1225921998541,402.8891296386719,6200,0.0,0.0
2020-11-09 00:00:00+09:00,405.80158271880595,406.77239990234375,399.97667961757907,406.77239990234375,7300,0.0,0.0
2020-11-10 00:00:00+09:00,410.6556605288857,412.59729485762745,399.97667172080594,405.80157470703125,17500,0.0,0.0
2020-11-11 00:00:00+09:00,407.74321063434905,412.59729647523415,405.80157629799504,409.6848449707031,6900,0.0,0.0
2020-11-12 00:00:00+09:00,412.59729647523415,412.59729647523415,408.71402780252606,409.6848449707031,6200,0.0,0.0
2020-11-13 00:00:00+09:00,409.6848225334294,415.50972522347814,407.74318830341315,410.6556396484375,14700,0.0,0.0
2020-11-16 00:00:00+09:00,409.6848369245008,413.5681055209416,404.8307511789498,408.7140197753906,17600,0.0,0.0
2020-11-17 00:00:00+09:00,408.7140262001439,411.62647769325656,403.8599403782895,405.80157470703125,7300,0.0,0.0
2020-11-18 00:00:00+09:00,410.65566213888013,410.65566213888013,406.77239346617205,409.6848449707031,2600,0.0,0.0
2020-11-19 00:00:00+09:00,405.80157470703125,408.7140262001439,404.83075754266036,405.80157470703125,1700,0.0,0.0
2020-11-20 00:00:00+09:00,406.77237569368805,408.7140099452092,398.0350215618427,403.85992431640625,21600,0.0,0.0
2020-11-24 00:00:00+09:00,406.77237569368805,407.7431928194486,399.00583868760333,403.85992431640625,39200,0.0,0.0
2020-11-25 00:00:00+09:00,405.80158271880595,407.74321708588155,401.9183139846547,406.77239990234375,37700,0.0,0.0
2020-11-26 00:00:00+09:00,406.7723774501256,410.65564596993585,405.801560320173,407.7431945800781,8900,0.0,0.0
2020-11-27 00:00:00+09:00,407.74319630748823,411.62646484375,404.83074490529185,411.62646484375,14000,0.0,0.0
2020-11-30 00:00:00+09:00,412.59730300357063,415.50975455418404,403.8599483517303,406.77239990234375,30900,0.0,0.0
2020-12-01 00:00:00+09:00,405.80156832806006,412.5972883718314,404.8307511789498,408.7140197753906,17800,0.0,0.0
2020-12-02 00:00:00+09:00,406.7723774501256,416.48054874965123,402.8891089303153,407.7431945800781,18400,0.0,0.0
2020-12-03 00:00:00+09:00,407.7431945800781,412.597280229841,406.7723774501256,407.7431945800781,47000,0.0,0.0
2020-12-04 00:00:00+09:00,405.80155856792743,407.7431928194486,400.9474729391245,403.85992431640625,22100,0.0,0.0
2020-12-07 00:00:00+09:00,406.77239187140214,412.59729485762745,402.8891232139186,405.80157470703125,11000,0.0,0.0
2020-12-08 00:00:00+09:00,404.83074144216687,409.6848270709698,403.85992431640625,403.85992431640625,14500,0.0,0.0
2020-12-09 00:00:00+09:00,404.830765914917,406.77240028381345,383.47278785705566,388.3268737792969,107000,0.0,0.0
2020-12-10 00:00:00+09:00,390.26850814819335,390.26850814819335,386.3852394104004,388.3268737792969,93800,0.0,0.0
2020-12-11 00:00:00+09:00,388.3268737792969,389.2976909637451,387.3560565948486,388.3268737792969,26100,0.0,0.0
2020-12-14 00:00:00+09:00,388.32685767705715,399.97666340736885,386.3852233886719,386.3852233886719,155700,0.0,0.0
2020-12-15 00:00:00+09:00,386.38521084927095,392.2101135253906,386.38521084927095,392.2101135253906,18700,0.0,0.0
2020-12-16 00:00:00+09:00,389.29766845703125,392.2101198419966,388.3268513287095,389.29766845703125,12100,0.0,0.0
2020-12-17 00:00:00+09:00,389.2976765039548,393.18094509751046,389.2976765039548,390.26849365234375,9500,0.0,0.0
2020-12-18 00:00:00+09:00,389.2976845109433,392.2101360160127,389.2976845109433,391.23931884765625,9200,0.0,0.0
2020-12-21 00:00:00+09:00,390.268485585353,394.15175409864014,388.3268513287095,389.29766845703125,17300,0.0,0.0
2020-12-22 00:00:00+09:00,389.2976666890103,392.2101180607486,384.4435810694466,385.4143981933594,25800,0.0,0.0
2020-12-23 00:00:00+09:00,386.3852298012263,386.3852298012263,383.4727783203125,383.4727783203125,12300,0.0,0.0
2020-12-24 00:00:00+09:00,384.4435891002866,387.3560405328645,381.53113766770866,386.3852233886719,32500,0.0,0.0
2020-12-25 00:00:00+09:00,382.501953125,386.38522168464465,380.5603188451777,382.501953125,59900,0.0,0.0
2020-12-28 00:00:00+09:00,380.5603268393987,388.32686412183546,379.58950967909414,383.4727783203125,115100,0.0,0.0
2020-12-29 00:00:00+09:00,383.47276394553387,388.3268495650976,383.47276394553387,385.4143981933594,16400,0.0,0.0
2020-12-30 00:00:00+09:00,387.3560565948486,388.3268737792969,385.41442222595214,388.3268737792969,15400,0.0,0.0
2021-01-04 00:00:00+09:00,391.2393237797901,391.2393237797901,384.443603515625,384.443603515625,25000,0.0,0.0
2021-01-05 00:00:00+09:00,384.4435891002866,387.3560405328645,380.560320523516,386.3852233886719,9700,0.0,0.0
2021-01-06 00:00:00+09:00,383.47277195609394,387.3560405328645,383.47277195609394,386.3852233886719,10700,0.0,0.0
2021-01-07 00:00:00+09:00,387.3560485839844,393.1809515702097,384.4435970908717,387.3560485839844,35700,0.0,0.0
2021-01-08 00:00:00+09:00,387.3560342003877,389.29766845703125,386.3852170720659,389.29766845703125,53400,0.0,0.0
2021-01-12 00:00:00+09:00,387.3560565948486,391.2393253326416,387.3560565948486,388.3268737792969,23600,0.0,0.0
2021-01-13 00:00:00+09:00,388.3268513287095,391.2393027136748,388.3268513287095,389.29766845703125,16100,0.0,0.0
2021-01-14 00:00:00+09:00,389.29766845703125,390.268485585353,386.3852170720659,389.29766845703125,17800,0.0,0.0
2021-01-15 00:00:00+09:00,388.32686734258687,391.23931884765625,387.3560501742304,391.23931884765625,15500,0.0,0.0
2021-01-18 00:00:00+09:00,389.29768291272615,391.2393172414679,387.3560485839844,387.3560485839844,14200,0.0,0.0
2021-01-19 00:00:00+09:00,388.3268610010006,394.1517639160156,388.3268610010006,394.1517639160156,28000,0.0,0.0
2021-01-20 00:00:00+09:00,394.1517639160156,395.1225810685181,393.18094676351313,394.1517639160156,5500,0.0,0.0
2021-01-21 00:00:00+09:00,393.18094043685056,397.064208984375,393.18094043685056,397.064208984375,16800,0.0,0.0
2021-01-22 00:00:00+09:00,398.03501980975994,400.94747117422156,396.09338556678546,399.9766540527344,13300,0.0,0.0
2021-01-25 00:00:00+09:00,402.88911522149465,404.83074951171875,398.03502949593445,404.83074951171875,24000,0.0,0.0
2021-01-26 00:00:00+09:00,404.8307431902204,407.7431945800781,402.8891089303153,407.7431945800781,14100,0.0,0.0
2021-01-27 00:00:00+09:00,407.743209035773,410.6556605288857,404.83075754266036,405.80157470703125,19600,0.0,0.0
2021-01-28 00:00:00+09:00,398.0350421989051,408.7140311359489,394.1517734945255,399.005859375,74200,0.0,0.0
2021-01-29 00:00:00+09:00,399.005859375,404.8307624315693,388.3268704379562,399.005859375,117200,0.0,0.0
2021-02-01 00:00:00+09:00,394.1517639160156,400.9474839835331,394.1517639160156,394.1517639160156,33000,0.0,0.0
2021-02-02 00:00:00+09:00,397.06421864090333,401.9183044433594,395.1225843199209,401.9183044433594,23800,0.0,0.0
2021-02-03 00:00:00+09:00,403.8599323666067,409.6848352372789,401.9182980763826,404.83074951171875,32600,0.0,0.0
2021-02-04 00:00:00+09:00,403.85992160055616,417.45136126980566,403.85992160055616,414.5389099121094,46600,0.0,0.0
2021-02-05 00:00:00+09:00,413.56811679573946,421.3346542003543,412.59729962016263,417.4513854980469,22700,0.0,0.0
2021-02-08 00:00:00+09:00,417.45137745961716,423.2762804009142,415.50974314585153,416.4805603027344,116400,0.0,0.0
2021-02-09 00:00:00+09:00,417.4513854980469,420.36383702477747,414.53893397131634,417.4513854980469,50300,0.0,0.0
2021-02-10 00:00:00+09:00,417.4513854980469,418.42220267362376,415.50975114689317,417.4513854980469,43400,0.0,0.0
2021-02-12 00:00:00+09:00,415.50975114689317,420.36383702477747,415.50975114689317,417.4513854980469,33200,0.0,0.0
2021-02-15 00:00:00+09:00,418.42220267362376,420.36383702477747,416.48056832247005,417.4513854980469,44600,0.0,0.0
2021-02-16 00:00:00+09:00,416.48056832247005,419.3930198492006,416.48056832247005,417.4513854980469,21100,0.0,0.0
2021-02-17 00:00:00+09:00,418.42220422419535,423.2762901200677,418.42220422419535,421.33465576171875,14200,0.0,0.0
2021-02-18 00:00:00+09:00,423.2762901200677,427.15955883676554,421.33465576171875,421.33465576171875,33400,0.0,0.0
2021-02-19 00:00:00+09:00,424.24708469434717,424.24708469434717,418.42218192966504,422.3054504394531,22500,0.0,0.0
2021-02-22 00:00:00+09:00,424.24710884268427,427.1595603908034,422.3054744772715,425.2179260253906,18400,0.0,0.0
2021-02-24 00:00:00+09:00,426.1887367577239,431.0428225977891,425.21791958971085,428.13037109375,35300,0.0,0.0
2021-02-25 00:00:00+09:00,431.04282418583216,432.0136413574219,423.27628681311444,432.0136413574219,41300,0.0,0.0
2021-02-26 00:00:00+09:00,432.0136349541801,436.8677207401821,427.15954916817805,434.92608642578125,61600,0.0,0.0
2021-03-01 00:00:00+09:00,436.867709763706,446.57588109178835,434.9260754980895,444.6342468261719,42700,0.0,0.0
2021-03-02 00:00:00+09:00,452.400801823057,465.02142504988046,446.5758987952923,450.45916748046875,87300,0.0,0.0
2021-03-03 00:00:00+09:00,450.45915074502267,494.14592183020807,450.45915074502267,481.5252990722656,166000,0.0,0.0
2021-03-04 00:00:00+09:00,499.97085035398135,525.2120971679688,499.97085035398135,525.2120971679688,397000,0.0,0.0
2021-03-05 00:00:00+09:00,518.4163450102567,532.9786018925672,504.8249052534334,521.3287963867188,221100,0.0,0.0
2021-03-08 00:00:00+09:00,527.1537202533923,527.1537202533923,498.0292053222656,498.0292053222656,179400,0.0,0.0
2021-03-09 00:00:00+09:00,499.9708443777902,513.5622848074777,499.9708443777902,509.67901611328125,84000,0.0,0.0
2021-03-10 00:00:00+09:00,509.67900169415987,515.5039045706645,504.82491596373933,511.6206359863281,47000,0.0,0.0
2021-03-11 00:00:00+09:00,509.6790145317561,512.5914660433662,498.02920848531596,505.7957458496094,45700,0.0,0.0
2021-03-12 00:00:00+09:00,508.7082020256801,519.3871909995016,503.8541161284885,517.445556640625,69200,0.0,0.0
2021-03-15 00:00:00+09:00,517.4455313306336,529.0953369140625,514.5330799347764,529.0953369140625,89400,0.0,0.0
2021-03-16 00:00:00+09:00,533.9494091883143,555.307385555847,525.2120552197783,549.4824829101562,198900,0.0,0.0
2021-03-17 00:00:00+09:00,553.3657558488931,559.1906585420394,527.153693729735,542.686767578125,234100,0.0,0.0
2021-03-18 00:00:00+09:00,536.8618739696818,536.8618739696818,521.3287998584433,529.0953369140625,87700,0.0,0.0
2021-03-19 00:00:00+09:00,524.2412720898062,533.949443795173,501.91247716746267,505.7957458496094,127900,0.0,0.0
2021-03-22 00:00:00+09:00,509.67899538436023,516.4747153228184,507.73736111622935,514.5330810546875,38900,0.0,0.0
2021-03-23 00:00:00+09:00,510.6498267992541,510.6498267992541,494.14593505859375,494.14593505859375,51700,0.0,0.0
2021-03-24 00:00:00+09:00,488.3210172575664,502.8832742334381,473.7587602816946,477.64202880859375,67900,0.0,0.0
2021-03-25 00:00:00+09:00,480.55449953117216,491.2334884096427,480.55449953117216,487.3502197265625,30900,0.0,0.0
2021-03-26 00:00:00+09:00,490.26266171950704,503.8541018463844,487.35021026374756,500.941650390625,66200,0.0,0.0
2021-03-29 00:00:00+09:00,505.79571984435796,508.7081712062257,493.1750972762646,499.0,68700,0.0,0.0
2021-03-30 00:00:00+09:00,508.0,512.0,499.0,501.0,22000,15.0,0.0
2021-03-31 00:00:00+09:00,503.0,510.0,500.0,502.0,20900,0.0,0.0
2021-04-01 00:00:00+09:00,497.0,504.0,494.0,494.0,31300,0.0,0.0
2021-04-02 00:00:00+09:00,494.0,496.0,485.0,491.0,24100,0.0,0.0
2021-04-05 00:00:00+09:00,486.0,493.0,482.0,487.0,40600,0.0,0.0
2021-04-06 00:00:00+09:00,492.0,512.0,491.0,505.0,60300,0.0,0.0
2021-04-07 00:00:00+09:00,495.0,508.0,495.0,508.0,33700,0.0,0.0
2021-04-08 00:00:00+09:00,513.0,515.0,509.0,514.0,49500,0.0,0.0
2021-04-09 00:00:00+09:00,511.0,511.0,496.0,501.0,19000,0.0,0.0
2021-04-12 00:00:00+09:00,505.0,505.0,496.0,499.0,24700,0.0,0.0
2021-04-13 00:00:00+09:00,499.0,500.0,494.0,495.0,21200,0.0,0.0
2021-04-14 00:00:00+09:00,495.0,495.0,487.0,487.0,27600,0.0,0.0
2021-04-15 00:00:00+09:00,487.0,495.0,487.0,492.0,29400,0.0,0.0
2021-04-16 00:00:00+09:00,493.0,497.0,487.0,491.0,13000,0.0,0.0
2021-04-19 00:00:00+09:00,486.0,491.0,485.0,487.0,8000,0.0,0.0
2021-04-20 00:00:00+09:00,487.0,487.0,476.0,476.0,9100,0.0,0.0
2021-04-21 00:00:00+09:00,468.0,474.0,466.0,474.0,16400,0.0,0.0
2021-04-22 00:00:00+09:00,470.0,473.0,465.0,466.0,16900,0.0,0.0
2021-04-23 00:00:00+09:00,470.0,483.0,469.0,473.0,22400,0.0,0.0
2021-04-26 00:00:00+09:00,465.0,477.0,462.0,469.0,57200,0.0,0.0
2021-04-27 00:00:00+09:00,467.0,477.0,465.0,473.0,16800,0.0,0.0
2021-04-28 00:00:00+09:00,481.0,502.0,477.0,495.0,105400,0.0,0.0
2021-04-30 00:00:00+09:00,492.0,504.0,490.0,498.0,51200,0.0,0.0
2021-05-06 00:00:00+09:00,510.0,510.0,497.0,505.0,36600,0.0,0.0
2021-05-07 00:00:00+09:00,506.0,507.0,504.0,506.0,11000,0.0,0.0
2021-05-10 00:00:00+09:00,506.0,506.0,493.0,493.0,23800,0.0,0.0
2021-05-11 00:00:00+09:00,493.0,497.0,488.0,493.0,13700,0.0,0.0
2021-05-12 00:00:00+09:00,486.0,490.0,482.0,485.0,24100,0.0,0.0
2021-05-13 00:00:00+09:00,482.0,482.0,473.0,473.0,23200,0.0,0.0
2021-05-14 00:00:00+09:00,479.0,480.0,467.0,480.0,44400,0.0,0.0
2021-05-17 00:00:00+09:00,480.0,481.0,461.0,467.0,27100,0.0,0.0
2021-05-18 00:00:00+09:00,465.0,481.0,465.0,481.0,13500,0.0,0.0
2021-05-19 00:00:00+09:00,477.0,482.0,477.0,482.0,11800,0.0,0.0
2021-05-20 00:00:00+09:00,484.0,484.0,473.0,479.0,31500,0.0,0.0
2021-05-21 00:00:00+09:00,476.0,476.0,468.0,471.0,25400,0.0,0.0
2021-05-24 00:00:00+09:00,479.0,480.0,470.0,472.0,30100,0.0,0.0
2021-05-25 00:00:00+09:00,470.0,473.0,466.0,466.0,24900,0.0,0.0
2021-05-26 00:00:00+09:00,464.0,474.0,463.0,471.0,19700,0.0,0.0
2021-05-27 00:00:00+09:00,469.0,475.0,468.0,473.0,24800,0.0,0.0
2021-05-28 00:00:00+09:00,470.0,474.0,466.0,470.0,62100,0.0,0.0
2021-05-31 00:00:00+09:00,484.0,487.0,470.0,474.0,78100,0.0,0.0
2021-06-01 00:00:00+09:00,474.0,477.0,468.0,474.0,23300,0.0,0.0
2021-06-02 00:00:00+09:00,475.0,480.0,469.0,475.0,52100,0.0,0.0
2021-06-03 00:00:00+09:00,476.0,479.0,470.0,475.0,33700,0.0,0.0
2021-06-04 00:00:00+09:00,475.0,480.0,472.0,477.0,24300,0.0,0.0
2021-06-07 00:00:00+09:00,480.0,482.0,475.0,478.0,25900,0.0,0.0
2021-06-08 00:00:00+09:00,479.0,484.0,477.0,481.0,48200,0.0,0.0
2021-06-09 00:00:00+09:00,484.0,485.0,480.0,482.0,41500,0.0,0.0
2021-06-10 00:00:00+09:00,483.0,485.0,478.0,480.0,30400,0.0,0.0
2021-06-11 00:00:00+09:00,477.0,479.0,473.0,473.0,27400,0.0,0.0
2021-06-14 00:00:00+09:00,473.0,483.0,473.0,478.0,28400,0.0,0.0
2021-06-15 00:00:00+09:00,478.0,480.0,474.0,476.0,9000,0.0,0.0
2021-06-16 00:00:00+09:00,475.0,481.0,474.0,476.0,10600,0.0,0.0
2021-06-17 00:00:00+09:00,475.0,480.0,473.0,474.0,12200,0.0,0.0
2021-06-18 00:00:00+09:00,475.0,475.0,469.0,470.0,13800,0.0,0.0
2021-06-21 00:00:00+09:00,463.0,464.0,456.0,461.0,44400,0.0,0.0
2021-06-22 00:00:00+09:00,466.0,470.0,462.0,462.0,19400,0.0,0.0
2021-06-23 00:00:00+09:00,463.0,466.0,455.0,456.0,24400,0.0,0.0
2021-06-24 00:00:00+09:00,452.0,459.0,451.0,454.0,58900,0.0,0.0
2021-06-25 00:00:00+09:00,451.0,470.0,450.0,463.0,72600,0.0,0.0
2021-06-28 00:00:00+09:00,460.0,464.0,460.0,462.0,20200,0.0,0.0
2021-06-29 00:00:00+09:00,462.0,462.0,456.0,458.0,22600,0.0,0.0
2021-06-30 00:00:00+09:00,459.0,462.0,458.0,462.0,21200,0.0,0.0
2021-07-01 00:00:00+09:00,461.0,462.0,456.0,459.0,30700,0.0,0.0
2021-07-02 00:00:00+09:00,458.0,464.0,458.0,463.0,10800,0.0,0.0
2021-07-05 00:00:00+09:00,464.0,466.0,459.0,465.0,25300,0.0,0.0
2021-07-06 00:00:00+09:00,464.0,485.0,462.0,475.0,92500,0.0,0.0
2021-07-07 00:00:00+09:00,478.0,478.0,467.0,469.0,50200,0.0,0.0
2021-07-08 00:00:00+09:00,470.0,472.0,464.0,465.0,18400,0.0,0.0
2021-07-09 00:00:00+09:00,465.0,468.0,460.0,467.0,62100,0.0,0.0
2021-07-12 00:00:00+09:00,469.0,471.0,462.0,465.0,28000,0.0,0.0
2021-07-13 00:00:00+09:00,470.0,482.0,468.0,482.0,51500,0.0,0.0
2021-07-14 00:00:00+09:00,481.0,499.0,480.0,493.0,83400,0.0,0.0
2021-07-15 00:00:00+09:00,495.0,495.0,484.0,488.0,44100,0.0,0.0
2021-07-16 00:00:00+09:00,485.0,493.0,479.0,492.0,42700,0.0,0.0
2021-07-19 00:00:00+09:00,493.0,493.0,481.0,488.0,21300,0.0,0.0
2021-07-20 00:00:00+09:00,480.0,485.0,477.0,483.0,26700,0.0,0.0
2021-07-21 00:00:00+09:00,483.0,502.0,481.0,500.0,190800,0.0,0.0
2021-07-26 00:00:00+09:00,501.0,503.0,483.0,493.0,110600,0.0,0.0
2021-07-27 00:00:00+09:00,500.0,524.0,496.0,517.0,202700,0.0,0.0
2021-07-28 00:00:00+09:00,491.0,502.0,488.0,492.0,191800,0.0,0.0
2021-07-29 00:00:00+09:00,489.0,497.0,486.0,494.0,36400,0.0,0.0
2021-07-30 00:00:00+09:00,495.0,495.0,485.0,485.0,29700,0.0,0.0
2021-08-02 00:00:00+09:00,490.0,495.0,487.0,492.0,16300,0.0,0.0
2021-08-03 00:00:00+09:00,495.0,504.0,487.0,501.0,40800,0.0,0.0
2021-08-04 00:00:00+09:00,500.0,500.0,487.0,487.0,21000,0.0,0.0
2021-08-05 00:00:00+09:00,487.0,489.0,483.0,487.0,22300,0.0,0.0
2021-08-06 00:00:00+09:00,489.0,495.0,484.0,493.0,23300,0.0,0.0
2021-08-10 00:00:00+09:00,493.0,505.0,493.0,494.0,39200,0.0,0.0
2021-08-11 00:00:00+09:00,500.0,504.0,497.0,498.0,16700,0.0,0.0
2021-08-12 00:00:00+09:00,501.0,521.0,501.0,518.0,84800,0.0,0.0
2021-08-13 00:00:00+09:00,521.0,527.0,511.0,525.0,95700,0.0,0.0
2021-08-16 00:00:00+09:00,519.0,525.0,515.0,516.0,39700,0.0,0.0
2021-08-17 00:00:00+09:00,512.0,530.0,507.0,524.0,103300,0.0,0.0
2021-08-18 00:00:00+09:00,524.0,541.0,523.0,528.0,115200,0.0,0.0
2021-08-19 00:00:00+09:00,522.0,548.0,511.0,525.0,175700,0.0,0.0
2021-08-20 00:00:00+09:00,530.0,536.0,505.0,509.0,119900,0.0,0.0
2021-08-23 00:00:00+09:00,514.0,524.0,510.0,518.0,43300,0.0,0.0
2021-08-24 00:00:00+09:00,520.0,522.0,515.0,521.0,15700,0.0,0.0
2021-08-25 00:00:00+09:00,527.0,539.0,523.0,533.0,38100,0.0,0.0
2021-08-26 00:00:00+09:00,535.0,535.0,520.0,523.0,17200,0.0,0.0
2021-08-27 00:00:00+09:00,521.0,530.0,517.0,524.0,28400,0.0,0.0
2021-08-30 00:00:00+09:00,532.0,543.0,526.0,542.0,53900,0.0,0.0
2021-08-31 00:00:00+09:00,539.0,569.0,535.0,564.0,164400,0.0,0.0
2021-09-01 00:00:00+09:00,564.0,564.0,555.0,559.0,46600,0.0,0.0
2021-09-02 00:00:00+09:00,562.0,562.0,549.0,552.0,20500,0.0,0.0
2021-09-03 00:00:00+09:00,559.0,571.0,556.0,568.0,68300,0.0,0.0
2021-09-06 00:00:00+09:00,575.0,580.0,565.0,565.0,47500,0.0,0.0
2021-09-07 00:00:00+09:00,565.0,569.0,556.0,559.0,34600,0.0,0.0
2021-09-08 00:00:00+09:00,560.0,567.0,557.0,563.0,30800,0.0,0.0
2021-09-09 00:00:00+09:00,563.0,563.0,551.0,552.0,12500,0.0,0.0
2021-09-10 00:00:00+09:00,555.0,568.0,547.0,564.0,39400,0.0,0.0
2021-09-13 00:00:00+09:00,595.0,615.0,592.0,615.0,275500,0.0,0.0
2021-09-14 00:00:00+09:00,628.0,650.0,613.0,617.0,299800,0.0,0.0
2021-09-15 00:00:00+09:00,607.0,621.0,595.0,620.0,90900,0.0,0.0
2021-09-16 00:00:00+09:00,625.0,679.0,618.0,679.0,280400,0.0,0.0
2021-09-17 00:00:00+09:00,670.0,712.0,656.0,687.0,370000,0.0,0.0
2021-09-21 00:00:00+09:00,670.0,684.0,658.0,681.0,190300,0.0,0.0
2021-09-22 00:00:00+09:00,674.0,709.0,662.0,676.0,249000,0.0,0.0
2021-09-24 00:00:00+09:00,691.0,744.0,682.0,742.0,378800,0.0,0.0
2021-09-27 00:00:00+09:00,735.0,746.0,703.0,715.0,286500,0.0,0.0
2021-09-28 00:00:00+09:00,708.0,713.0,679.0,707.0,174300,0.0,0.0
2021-09-29 00:00:00+09:00,693.0,701.0,690.0,693.0,69300,0.0,0.0
2021-09-30 00:00:00+09:00,687.0,687.0,640.0,643.0,201300,0.0,0.0
2021-10-01 00:00:00+09:00,643.0,670.0,642.0,659.0,100500,0.0,0.0
2021-10-04 00:00:00+09:00,666.0,668.0,648.0,655.0,54300,0.0,0.0
2021-10-05 00:00:00+09:00,645.0,646.0,624.0,643.0,74100,0.0,0.0
2021-10-06 00:00:00+09:00,635.0,645.0,608.0,608.0,97600,0.0,0.0
2021-10-07 00:00:00+09:00,600.0,625.0,592.0,623.0,90700,0.0,0.0
2021-10-08 00:00:00+09:00,622.0,638.0,613.0,615.0,51600,0.0,0.0
2021-10-11 00:00:00+09:00,611.0,622.0,605.0,619.0,55400,0.0,0.0
2021-10-12 00:00:00+09:00,619.0,622.0,609.0,613.0,38700,0.0,0.0
2021-10-13 00:00:00+09:00,610.0,610.0,590.0,591.0,91800,0.0,0.0
2021-10-14 00:00:00+09:00,590.0,601.0,584.0,594.0,47800,0.0,0.0
2021-10-15 00:00:00+09:00,595.0,610.0,595.0,605.0,43700,0.0,0.0
2021-10-18 00:00:00+09:00,607.0,610.0,600.0,602.0,42400,0.0,0.0
2021-10-19 00:00:00+09:00,603.0,629.0,603.0,629.0,83200,0.0,0.0
2021-10-20 00:00:00+09:00,628.0,633.0,612.0,612.0,41200,0.0,0.0
2021-10-21 00:00:00+09:00,630.0,635.0,619.0,634.0,58700,0.0,0.0
2021-10-22 00:00:00+09:00,635.0,639.0,623.0,629.0,47700,0.0,0.0
2021-10-25 00:00:00+09:00,631.0,633.0,612.0,618.0,100600,0.0,0.0
2021-10-26 00:00:00+09:00,617.0,617.0,611.0,612.0,42300,0.0,0.0
2021-10-27 00:00:00+09:00,611.0,611.0,600.0,601.0,46100,0.0,0.0
2021-10-28 00:00:00+09:00,594.0,595.0,577.0,587.0,61800,0.0,0.0
2021-10-29 00:00:00+09:00,583.0,598.0,577.0,590.0,72500,0.0,0.0
2021-11-01 00:00:00+09:00,593.0,607.0,590.0,607.0,53400,0.0,0.0
2021-11-02 00:00:00+09:00,607.0,610.0,593.0,598.0,33400,0.0,0.0
2021-11-04 00:00:00+09:00,599.0,599.0,591.0,591.0,22300,0.0,0.0
2021-11-05 00:00:00+09:00,590.0,591.0,577.0,584.0,46700,0.0,0.0
2021-11-08 00:00:00+09:00,586.0,594.0,584.0,588.0,26800,0.0,0.0
2021-11-09 00:00:00+09:00,585.0,590.0,579.0,581.0,26600,0.0,0.0
2021-11-10 00:00:00+09:00,581.0,588.0,580.0,588.0,24900,0.0,0.0
2021-11-11 00:00:00+09:00,584.0,594.0,583.0,586.0,58300,0.0,0.0
2021-11-12 00:00:00+09:00,584.0,589.0,584.0,589.0,9900,0.0,0.0
2021-11-15 00:00:00+09:00,592.0,595.0,580.0,584.0,54100,0.0,0.0
2021-11-16 00:00:00+09:00,584.0,586.0,580.0,584.0,21500,0.0,0.0
2021-11-17 00:00:00+09:00,583.0,585.0,578.0,579.0,22800,0.0,0.0
2021-11-18 00:00:00+09:00,580.0,582.0,571.0,572.0,22100,0.0,0.0
2021-11-19 00:00:00+09:00,570.0,573.0,555.0,555.0,26200,0.0,0.0
2021-11-22 00:00:00+09:00,555.0,566.0,554.0,566.0,12300,0.0,0.0
2021-11-24 00:00:00+09:00,566.0,569.0,555.0,558.0,6500,0.0,0.0
2021-11-25 00:00:00+09:00,560.0,560.0,555.0,555.0,12200,0.0,0.0
2021-11-26 00:00:00+09:00,555.0,557.0,541.0,547.0,26600,0.0,0.0
2021-11-29 00:00:00+09:00,522.0,535.0,516.0,520.0,35300,0.0,0.0
2021-11-30 00:00:00+09:00,520.0,521.0,501.0,501.0,42600,0.0,0.0
2021-12-01 00:00:00+09:00,500.0,503.0,490.0,503.0,56700,0.0,0.0
2021-12-02 00:00:00+09:00,499.0,499.0,490.0,498.0,16700,0.0,0.0
2021-12-03 00:00:00+09:00,499.0,507.0,495.0,507.0,40900,0.0,0.0
2021-12-06 00:00:00+09:00,502.0,516.0,500.0,510.0,34600,0.0,0.0
2021-12-07 00:00:00+09:00,519.0,530.0,515.0,527.0,39900,0.0,0.0
2021-12-08 00:00:00+09:00,532.0,532.0,517.0,522.0,34300,0.0,0.0
2021-12-09 00:00:00+09:00,526.0,527.0,515.0,526.0,37900,0.0,0.0
2021-12-10 00:00:00+09:00,521.0,521.0,509.0,510.0,18400,0.0,0.0
2021-12-13 00:00:00+09:00,517.0,519.0,507.0,519.0,42300,0.0,0.0
2021-12-14 00:00:00+09:00,514.0,519.0,506.0,510.0,43000,0.0,0.0
2021-12-15 00:00:00+09:00,510.0,521.0,506.0,508.0,73400,0.0,0.0
2021-12-16 00:00:00+09:00,515.0,515.0,509.0,512.0,31200,0.0,0.0
2021-12-17 00:00:00+09:00,521.0,528.0,511.0,518.0,63300,0.0,0.0
2021-12-20 00:00:00+09:00,512.0,512.0,497.0,498.0,43600,0.0,0.0
2021-12-21 00:00:00+09:00,504.0,504.0,490.0,497.0,47900,0.0,0.0
2021-12-22 00:00:00+09:00,499.0,504.0,496.0,504.0,22900,0.0,0.0
2021-12-23 00:00:00+09:00,505.0,516.0,505.0,516.0,31300,0.0,0.0
2021-12-24 00:00:00+09:00,522.0,530.0,518.0,522.0,34600,0.0,0.0
2021-12-27 00:00:00+09:00,522.0,528.0,514.0,522.0,40200,0.0,0.0
2021-12-28 00:00:00+09:00,525.0,526.0,517.0,521.0,34700,0.0,0.0
2021-12-29 00:00:00+09:00,519.0,523.0,515.0,522.0,22000,0.0,0.0
2021-12-30 00:00:00+09:00,522.0,524.0,516.0,524.0,19700,0.0,0.0
2022-01-04 00:00:00+09:00,525.0,528.0,513.0,522.0,38500,0.0,0.0
2022-01-05 00:00:00+09:00,524.0,559.0,521.0,556.0,134800,0.0,0.0
2022-01-06 00:00:00+09:00,543.0,568.0,535.0,568.0,106700,0.0,0.0
2022-01-07 00:00:00+09:00,574.0,574.0,557.0,565.0,51800,0.0,0.0
2022-01-11 00:00:00+09:00,567.0,578.0,560.0,577.0,46300,0.0,0.0
2022-01-12 00:00:00+09:00,577.0,580.0,568.0,575.0,57600,0.0,0.0
2022-01-13 00:00:00+09:00,571.0,588.0,571.0,586.0,68400,0.0,0.0
2022-01-14 00:00:00+09:00,576.0,580.0,563.0,570.0,50700,0.0,0.0
2022-01-17 00:00:00+09:00,572.0,576.0,552.0,558.0,43400,0.0,0.0
2022-01-18 00:00:00+09:00,560.0,561.0,537.0,541.0,37000,0.0,0.0
2022-01-19 00:00:00+09:00,533.0,549.0,531.0,540.0,64700,0.0,0.0
2022-01-20 00:00:00+09:00,534.0,553.0,530.0,553.0,36900,0.0,0.0
2022-01-21 00:00:00+09:00,544.0,544.0,533.0,538.0,30500,0.0,0.0
2022-01-24 00:00:00+09:00,534.0,553.0,533.0,551.0,47900,0.0,0.0
2022-01-25 00:00:00+09:00,553.0,555.0,530.0,536.0,59400,0.0,0.0
2022-01-26 00:00:00+09:00,538.0,548.0,537.0,546.0,17800,0.0,0.0
2022-01-27 00:00:00+09:00,550.0,550.0,522.0,522.0,43400,0.0,0.0
2022-01-28 00:00:00+09:00,542.0,542.0,531.0,541.0,32200,0.0,0.0
2022-01-31 00:00:00+09:00,535.0,542.0,529.0,535.0,39000,0.0,0.0
2022-02-01 00:00:00+09:00,562.0,563.0,514.0,515.0,119500,0.0,0.0
2022-02-02 00:00:00+09:00,521.0,557.0,521.0,553.0,70100,0.0,0.0
2022-02-03 00:00:00+09:00,548.0,554.0,537.0,549.0,53000,0.0,0.0
2022-02-04 00:00:00+09:00,547.0,554.0,540.0,553.0,52600,0.0,0.0
2022-02-07 00:00:00+09:00,548.0,548.0,539.0,542.0,25200,0.0,0.0
2022-02-08 00:00:00+09:00,540.0,542.0,529.0,534.0,59700,0.0,0.0
2022-02-09 00:00:00+09:00,534.0,558.0,534.0,551.0,82700,0.0,0.0
2022-02-10 00:00:00+09:00,550.0,557.0,545.0,557.0,120200,0.0,0.0
2022-02-14 00:00:00+09:00,550.0,550.0,536.0,541.0,39200,0.0,0.0
2022-02-15 00:00:00+09:00,539.0,541.0,533.0,536.0,55200,0.0,0.0
2022-02-16 00:00:00+09:00,537.0,541.0,533.0,540.0,37000,0.0,0.0
2022-02-17 00:00:00+09:00,537.0,542.0,532.0,535.0,35900,0.0,0.0
2022-02-18 00:00:00+09:00,528.0,538.0,524.0,534.0,32100,0.0,0.0
2022-02-21 00:00:00+09:00,527.0,527.0,518.0,520.0,39100,0.0,0.0
2022-02-22 00:00:00+09:00,520.0,520.0,512.0,518.0,26800,0.0,0.0
2022-02-24 00:00:00+09:00,514.0,522.0,510.0,522.0,85900,0.0,0.0
2022-02-25 00:00:00+09:00,516.0,519.0,504.0,505.0,57100,0.0,0.0
2022-02-28 00:00:00+09:00,508.0,514.0,506.0,512.0,58200,0.0,0.0
2022-03-01 00:00:00+09:00,510.0,510.0,502.0,503.0,116400,0.0,0.0
2022-03-02 00:00:00+09:00,501.0,501.0,491.0,492.0,91300,0.0,0.0
2022-03-03 00:00:00+09:00,495.0,502.0,494.0,501.0,44500,0.0,0.0
2022-03-04 00:00:00+09:00,500.0,500.0,486.0,489.0,49700,0.0,0.0
2022-03-07 00:00:00+09:00,485.0,485.0,464.0,470.0,65700,0.0,0.0
2022-03-08 00:00:00+09:00,462.0,469.0,456.0,457.0,71300,0.0,0.0
2022-03-09 00:00:00+09:00,456.0,461.0,453.0,455.0,41100,0.0,0.0
2022-03-10 00:00:00+09:00,460.0,469.0,460.0,468.0,64900,0.0,0.0
2022-03-11 00:00:00+09:00,462.0,475.0,458.0,474.0,55900,0.0,0.0
2022-03-14 00:00:00+09:00,472.0,482.0,469.0,481.0,42500,0.0,0.0
2022-03-15 00:00:00+09:00,480.0,480.0,470.0,470.0,46800,0.0,0.0
2022-03-16 00:00:00+09:00,472.0,478.0,471.0,472.0,62700,0.0,0.0
2022-03-17 00:00:00+09:00,478.0,480.0,472.0,473.0,62500,0.0,0.0
2022-03-18 00:00:00+09:00,476.0,496.0,476.0,496.0,72800,0.0,0.0
2022-03-22 00:00:00+09:00,499.0,499.0,490.0,490.0,66900,0.0,0.0
2022-03-23 00:00:00+09:00,495.0,497.0,485.0,488.0,106700,0.0,0.0
2022-03-24 00:00:00+09:00,486.0,491.0,479.0,489.0,150600,0.0,0.0
2022-03-25 00:00:00+09:00,490.0,504.0,487.0,502.0,88300,0.0,0.0
2022-03-28 00:00:00+09:00,502.0,504.0,496.0,497.0,110100,0.0,0.0
2022-03-29 00:00:00+09:00,498.0,508.0,497.0,508.0,70600,0.0,0.0
2022-03-30 00:00:00+09:00,501.0,501.0,487.0,490.0,70300,0.0,0.0
2022-03-31 00:00:00+09:00,492.0,512.0,492.0,508.0,118900,0.0,0.0
2022-04-01 00:00:00+09:00,502.0,502.0,495.0,496.0,40500,0.0,0.0
2022-04-04 00:00:00+09:00,496.0,498.0,483.0,496.0,61000,0.0,0.0
2022-04-05 00:00:00+09:00,496.0,500.0,486.0,486.0,34000,0.0,0.0
2022-04-06 00:00:00+09:00,486.0,486.0,470.0,470.0,79600,0.0,0.0
2022-04-07 00:00:00+09:00,470.0,470.0,460.0,467.0,50100,0.0,0.0
2022-04-08 00:00:00+09:00,464.0,469.0,460.0,460.0,56700,0.0,0.0
2022-04-11 00:00:00+09:00,462.0,470.0,462.0,469.0,22200,0.0,0.0
2022-04-12 00:00:00+09:00,464.0,467.0,460.0,460.0,56700,0.0,0.0
2022-04-13 00:00:00+09:00,461.0,474.0,461.0,468.0,52500,0.0,0.0
2022-04-14 00:00:00+09:00,475.0,487.0,473.0,484.0,62900,0.0,0.0
2022-04-15 00:00:00+09:00,479.0,490.0,476.0,488.0,76900,0.0,0.0
2022-04-18 00:00:00+09:00,493.0,507.0,491.0,503.0,157500,0.0,0.0
2022-04-19 00:00:00+09:00,507.0,514.0,504.0,509.0,78600,0.0,0.0
2022-04-20 00:00:00+09:00,512.0,525.0,504.0,520.0,97700,0.0,0.0
2022-04-21 00:00:00+09:00,520.0,523.0,515.0,518.0,77300,0.0,0.0
2022-04-22 00:00:00+09:00,502.0,505.0,484.0,499.0,337600,0.0,0.0
2022-04-25 00:00:00+09:00,485.0,491.0,480.0,488.0,115400,0.0,0.0
2022-04-26 00:00:00+09:00,488.0,494.0,480.0,482.0,137600,0.0,0.0
2022-04-27 00:00:00+09:00,475.0,475.0,465.0,474.0,144300,0.0,0.0
2022-04-28 00:00:00+09:00,472.0,506.0,467.0,491.0,278700,0.0,0.0
2022-05-02 00:00:00+09:00,494.0,494.0,485.0,491.0,102800,0.0,0.0
2022-05-06 00:00:00+09:00,485.0,487.0,478.0,480.0,206500,0.0,0.0
2022-05-09 00:00:00+09:00,480.0,483.0,477.0,479.0,94400,0.0,0.0
2022-05-10 00:00:00+09:00,477.0,477.0,468.0,474.0,114400,0.0,0.0
2022-05-11 00:00:00+09:00,471.0,474.0,468.0,468.0,60900,0.0,0.0
2022-05-12 00:00:00+09:00,468.0,468.0,455.0,456.0,95300,0.0,0.0
2022-05-13 00:00:00+09:00,456.0,463.0,452.0,460.0,82700,0.0,0.0
2022-05-16 00:00:00+09:00,467.0,467.0,459.0,461.0,35300,0.0,0.0
2022-05-17 00:00:00+09:00,461.0,462.0,459.0,458.0,58400,0.0,0.0
2022-05-18 00:00:00+09:00,462.0,466.0,462.0,465.0,45700,0.0,0.0
2022-05-19 00:00:00+09:00,458.0,461.0,447.0,456.0,94700,0.0,0.0
2022-05-20 00:00:00+09:00,460.0,464.0,460.0,463.0,37100,0.0,0.0
2022-05-23 00:00:00+09:00,463.0,464.0,458.0,461.0,170400,0.0,0.0
2022-05-24 00:00:00+09:00,462.0,472.0,459.0,464.0,148700,0.0,0.0
2022-05-25 00:00:00+09:00,459.0,459.0,448.0,454.0,171200,0.0,0.0
2022-05-26 00:00:00+09:00,451.0,459.0,450.0,454.0,115500,0.0,0.0
2022-05-27 00:00:00+09:00,454.0,458.0,450.0,454.0,133800,0.0,0.0
2022-05-30 00:00:00+09:00,455.0,464.0,453.0,458.0,161800,0.0,0.0
2022-05-31 00:00:00+09:00,458.0,460.0,454.0,459.0,72700,0.0,0.0
2022-06-01 00:00:00+09:00,458.0,464.0,455.0,463.0,109100,0.0,0.0
2022-06-02 00:00:00+09:00,464.0,464.0,458.0,460.0,39600,0.0,0.0
2022-06-03 00:00:00+09:00,461.0,465.0,460.0,463.0,83200,0.0,0.0
2022-06-06 00:00:00+09:00,461.0,465.0,461.0,464.0,72700,0.0,0.0
2022-06-07 00:00:00+09:00,464.0,467.0,458.0,465.0,140800,0.0,0.0
2022-06-08 00:00:00+09:00,467.0,478.0,465.0,477.0,216100,0.0,0.0
2022-06-09 00:00:00+09:00,477.0,487.0,475.0,486.0,109200,0.0,0.0
2022-06-10 00:00:00+09:00,480.0,482.0,475.0,477.0,70300,0.0,0.0
2022-06-13 00:00:00+09:00,468.0,468.0,461.0,463.0,85000,0.0,0.0
2022-06-14 00:00:00+09:00,460.0,460.0,448.0,452.0,130800,0.0,0.0
2022-06-15 00:00:00+09:00,454.0,461.0,452.0,457.0,88200,0.0,0.0
2022-06-16 00:00:00+09:00,458.0,462.0,455.0,457.0,68400,0.0,0.0
2022-06-17 00:00:00+09:00,450.0,454.0,445.0,447.0,108700,0.0,0.0
2022-06-20 00:00:00+09:00,451.0,452.0,437.0,439.0,155800,0.0,0.0
2022-06-21 00:00:00+09:00,444.0,454.0,442.0,452.0,90700,0.0,0.0
2022-06-22 00:00:00+09:00,454.0,454.0,447.0,447.0,40500,0.0,0.0
2022-06-23 00:00:00+09:00,446.0,448.0,443.0,444.0,55600,0.0,0.0
2022-06-24 00:00:00+09:00,446.0,447.0,441.0,444.0,58800,0.0,0.0
2022-06-27 00:00:00+09:00,450.0,455.0,447.0,448.0,60800,0.0,0.0
2022-06-28 00:00:00+09:00,450.0,451.0,447.0,449.0,63400,0.0,0.0
2022-06-29 00:00:00+09:00,447.0,450.0,445.0,445.0,64300,0.0,0.0
2022-06-30 00:00:00+09:00,445.0,447.0,442.0,445.0,65700,0.0,0.0
2022-07-01 00:00:00+09:00,449.0,450.0,439.0,443.0,97900,0.0,0.0
2022-07-04 00:00:00+09:00,444.0,446.0,440.0,446.0,35900,0.0,0.0
2022-07-05 00:00:00+09:00,448.0,449.0,444.0,449.0,58900,0.0,0.0
2022-07-06 00:00:00+09:00,445.0,447.0,433.0,441.0,150400,0.0,0.0
2022-07-07 00:00:00+09:00,440.0,440.0,434.0,435.0,142100,0.0,0.0
2022-07-08 00:00:00+09:00,438.0,446.0,435.0,443.0,127800,0.0,0.0
2022-07-11 00:00:00+09:00,446.0,451.0,444.0,449.0,82400,0.0,0.0
2022-07-12 00:00:00+09:00,446.0,446.0,440.0,440.0,66300,0.0,0.0
2022-07-13 00:00:00+09:00,442.0,445.0,439.0,445.0,27600,0.0,0.0
2022-07-14 00:00:00+09:00,444.0,452.0,444.0,450.0,40300,0.0,0.0
2022-07-15 00:00:00+09:00,447.0,447.0,442.0,444.0,88600,0.0,0.0
2022-07-19 00:00:00+09:00,450.0,457.0,448.0,455.0,107200,0.0,0.0
2022-07-20 00:00:00+09:00,460.0,463.0,457.0,463.0,86000,0.0,0.0
2022-07-21 00:00:00+09:00,460.0,466.0,458.0,465.0,53600,0.0,0.0
2022-07-22 00:00:00+09:00,470.0,484.0,464.0,480.0,376300,0.0,0.0
2022-07-25 00:00:00+09:00,482.0,484.0,471.0,478.0,216300,0.0,0.0
2022-07-26 00:00:00+09:00,480.0,485.0,476.0,479.0,146000,0.0,0.0
2022-07-27 00:00:00+09:00,478.0,485.0,477.0,481.0,128600,0.0,0.0
2022-07-28 00:00:00+09:00,485.0,490.0,479.0,490.0,276600,0.0,0.0
2022-07-29 00:00:00+09:00,510.0,526.0,505.0,514.0,747700,0.0,0.0
2022-08-01 00:00:00+09:00,520.0,550.0,518.0,549.0,499600,0.0,0.0
2022-08-02 00:00:00+09:00,544.0,544.0,528.0,532.0,249700,0.0,0.0
2022-08-03 00:00:00+09:00,526.0,527.0,510.0,512.0,173300,0.0,0.0
2022-08-04 00:00:00+09:00,518.0,521.0,514.0,519.0,111200,0.0,0.0
2022-08-05 00:00:00+09:00,520.0,525.0,515.0,525.0,92900,0.0,0.0
2022-08-08 00:00:00+09:00,526.0,528.0,520.0,528.0,118000,0.0,0.0
2022-08-09 00:00:00+09:00,527.0,532.0,520.0,520.0,128400,0.0,0.0
2022-08-10 00:00:00+09:00,520.0,536.0,510.0,536.0,235000,0.0,0.0
2022-08-12 00:00:00+09:00,543.0,543.0,527.0,533.0,208500,0.0,0.0
2022-08-15 00:00:00+09:00,535.0,542.0,530.0,536.0,128600,0.0,0.0
2022-08-16 00:00:00+09:00,536.0,538.0,524.0,524.0,130100,0.0,0.0
2022-08-17 00:00:00+09:00,522.0,527.0,517.0,524.0,121700,0.0,0.0
2022-08-18 00:00:00+09:00,518.0,528.0,517.0,525.0,141800,0.0,0.0
2022-08-19 00:00:00+09:00,526.0,531.0,523.0,527.0,162300,0.0,0.0
2022-08-22 00:00:00+09:00,521.0,527.0,520.0,524.0,135700,0.0,0.0
2022-08-23 00:00:00+09:00,519.0,527.0,518.0,521.0,85800,0.0,0.0
2022-08-24 00:00:00+09:00,521.0,526.0,517.0,522.0,141900,0.0,0.0
2022-08-25 00:00:00+09:00,525.0,532.0,520.0,531.0,113700,0.0,0.0
2022-08-26 00:00:00+09:00,531.0,532.0,522.0,528.0,89200,0.0,0.0
2022-08-29 00:00:00+09:00,516.0,521.0,513.0,516.0,92000,0.0,0.0
2022-08-30 00:00:00+09:00,517.0,533.0,514.0,530.0,241900,0.0,0.0
2022-08-31 00:00:00+09:00,524.0,526.0,519.0,522.0,80400,0.0,0.0
2022-09-01 00:00:00+09:00,516.0,524.0,516.0,516.0,140400,0.0,0.0
2022-09-02 00:00:00+09:00,517.0,517.0,501.0,513.0,176700,0.0,0.0
2022-09-05 00:00:00+09:00,512.0,512.0,502.0,508.0,94700,0.0,0.0
2022-09-06 00:00:00+09:00,508.0,514.0,505.0,510.0,33400,0.0,0.0
2022-09-07 00:00:00+09:00,510.0,510.0,504.0,510.0,84400,0.0,0.0
2022-09-08 00:00:00+09:00,513.0,525.0,512.0,519.0,131100,0.0,0.0
2022-09-09 00:00:00+09:00,520.0,530.0,517.0,525.0,147800,0.0,0.0
2022-09-12 00:00:00+09:00,528.0,529.0,522.0,522.0,80200,0.0,0.0
2022-09-13 00:00:00+09:00,524.0,529.0,521.0,524.0,142200,0.0,0.0
2022-09-14 00:00:00+09:00,513.0,516.0,509.0,514.0,162700,0.0,0.0
2022-09-15 00:00:00+09:00,514.0,516.0,510.0,515.0,116400,0.0,0.0
2022-09-16 00:00:00+09:00,512.0,516.0,509.0,513.0,111500,0.0,0.0
2022-09-20 00:00:00+09:00,513.0,520.0,512.0,513.0,73600,0.0,0.0
2022-09-21 00:00:00+09:00,510.0,513.0,508.0,511.0,54900,0.0,0.0
2022-09-22 00:00:00+09:00,505.0,509.0,502.0,508.0,68000,0.0,0.0
2022-09-26 00:00:00+09:00,500.0,500.0,486.0,490.0,141000,0.0,0.0
2022-09-27 00:00:00+09:00,492.0,501.0,492.0,499.0,69800,0.0,0.0
2022-09-28 00:00:00+09:00,497.0,499.0,488.0,497.0,90600,0.0,0.0
2022-09-29 00:00:00+09:00,501.0,505.0,497.0,500.0,51000,0.0,0.0
2022-09-30 00:00:00+09:00,494.0,500.0,491.0,494.0,56800,0.0,0.0
2022-10-03 00:00:00+09:00,489.0,500.0,484.0,500.0,50200,0.0,0.0
2022-10-04 00:00:00+09:00,501.0,508.0,501.0,508.0,61900,0.0,0.0
2022-10-05 00:00:00+09:00,508.0,509.0,502.0,503.0,117400,0.0,0.0
2022-10-06 00:00:00+09:00,502.0,509.0,496.0,504.0,256100,0.0,0.0
2022-10-07 00:00:00+09:00,498.0,518.0,497.0,515.0,166900,0.0,0.0
2022-10-11 00:00:00+09:00,515.0,515.0,501.0,506.0,146000,0.0,0.0
2022-10-12 00:00:00+09:00,501.0,509.0,498.0,502.0,183400,0.0,0.0
2022-10-13 00:00:00+09:00,503.0,506.0,495.0,502.0,54900,0.0,0.0
2022-10-14 00:00:00+09:00,511.0,513.0,504.0,513.0,63800,0.0,0.0
2022-10-17 00:00:00+09:00,508.0,522.0,508.0,518.0,69200,0.0,0.0
2022-10-18 00:00:00+09:00,525.0,528.0,522.0,523.0,52500,0.0,0.0
2022-10-19 00:00:00+09:00,524.0,529.0,523.0,527.0,80700,0.0,0.0
2022-10-20 00:00:00+09:00,529.0,534.0,525.0,533.0,108900,0.0,0.0
2022-10-21 00:00:00+09:00,533.0,533.0,528.0,529.0,66900,0.0,0.0
2022-10-24 00:00:00+09:00,492.0,506.0,491.0,502.0,739400,0.0,0.0
2022-10-25 00:00:00+09:00,502.0,511.0,501.0,504.0,210400,0.0,0.0
2022-10-26 00:00:00+09:00,507.0,515.0,505.0,511.0,122700,0.0,0.0
2022-10-27 00:00:00+09:00,514.0,522.0,512.0,517.0,269900,0.0,0.0
2022-10-28 00:00:00+09:00,514.0,551.0,507.0,542.0,468900,0.0,0.0
2022-10-31 00:00:00+09:00,542.0,555.0,539.0,543.0,206600,0.0,0.0
2022-11-01 00:00:00+09:00,545.0,551.0,538.0,547.0,125600,0.0,0.0
2022-11-02 00:00:00+09:00,549.0,569.0,549.0,563.0,195900,0.0,0.0
2022-11-04 00:00:00+09:00,564.0,576.0,556.0,563.0,140900,0.0,0.0
2022-11-07 00:00:00+09:00,564.0,565.0,545.0,550.0,131500,0.0,0.0
2022-11-08 00:00:00+09:00,548.0,555.0,545.0,548.0,92100,0.0,0.0
2022-11-09 00:00:00+09:00,552.0,554.0,547.0,551.0,69500,0.0,0.0
2022-11-10 00:00:00+09:00,552.0,552.0,543.0,550.0,51800,0.0,0.0
2022-11-11 00:00:00+09:00,557.0,559.0,548.0,559.0,155300,0.0,0.0
2022-11-14 00:00:00+09:00,551.0,552.0,541.0,548.0,155200,0.0,0.0
2022-11-15 00:00:00+09:00,557.0,559.0,552.0,554.0,100900,0.0,0.0
2022-11-16 00:00:00+09:00,554.0,557.0,549.0,554.0,87900,0.0,0.0
2022-11-17 00:00:00+09:00,554.0,558.0,551.0,555.0,58400,0.0,0.0
2022-11-18 00:00:00+09:00,555.0,560.0,554.0,558.0,61900,0.0,0.0
2022-11-21 00:00:00+09:00,559.0,561.0,555.0,555.0,131800,0.0,0.0
2022-11-22 00:00:00+09:00,557.0,579.0,557.0,572.0,173000,0.0,0.0
2022-11-24 00:00:00+09:00,575.0,578.0,572.0,573.0,64000,0.0,0.0
2022-11-25 00:00:00+09:00,573.0,574.0,566.0,574.0,82800,0.0,0.0
2022-11-28 00:00:00+09:00,571.0,572.0,566.0,567.0,45600,0.0,0.0
2022-11-29 00:00:00+09:00,565.0,569.0,557.0,567.0,69800,0.0,0.0
2022-11-30 00:00:00+09:00,566.0,577.0,565.0,577.0,77200,0.0,0.0
2022-12-01 00:00:00+09:00,578.0,578.0,567.0,569.0,50000,0.0,0.0
2022-12-02 00:00:00+09:00,568.0,568.0,559.0,561.0,45900,0.0,0.0
2022-12-05 00:00:00+09:00,558.0,559.0,545.0,545.0,49700,0.0,0.0
2022-12-06 00:00:00+09:00,545.0,549.0,544.0,544.0,31400,0.0,0.0
2022-12-07 00:00:00+09:00,544.0,545.0,540.0,541.0,36800,0.0,0.0
2022-12-08 00:00:00+09:00,540.0,541.0,532.0,541.0,54500,0.0,0.0
2022-12-09 00:00:00+09:00,543.0,547.0,539.0,539.0,26100,0.0,0.0
2022-12-12 00:00:00+09:00,543.0,543.0,536.0,537.0,42000,0.0,0.0
2022-12-13 00:00:00+09:00,538.0,543.0,537.0,537.0,38700,0.0,0.0
2022-12-14 00:00:00+09:00,537.0,539.0,534.0,539.0,33200,0.0,0.0
2022-12-15 00:00:00+09:00,537.0,552.0,536.0,547.0,62000,0.0,0.0
2022-12-16 00:00:00+09:00,540.0,542.0,536.0,537.0,46600,0.0,0.0
2022-12-19 00:00:00+09:00,533.0,533.0,518.0,525.0,52200,0.0,0.0
2022-12-20 00:00:00+09:00,529.0,531.0,505.0,509.0,106700,0.0,0.0
2022-12-21 00:00:00+09:00,508.0,515.0,505.0,507.0,64900,0.0,0.0
2022-12-22 00:00:00+09:00,511.0,511.0,500.0,507.0,53100,0.0,0.0
2022-12-23 00:00:00+09:00,504.0,504.0,491.0,497.0,83400,0.0,0.0
2022-12-26 00:00:00+09:00,489.0,499.0,489.0,495.0,48200,0.0,0.0
2022-12-27 00:00:00+09:00,501.0,512.0,501.0,508.0,60100,0.0,0.0
2022-12-28 00:00:00+09:00,505.0,512.0,504.0,509.0,45100,0.0,0.0
2022-12-29 00:00:00+09:00,507.0,507.0,499.0,507.0,21400,0.0,0.0
2022-12-30 00:00:00+09:00,507.0,510.0,504.0,510.0,42400,0.0,0.0
2023-01-04 00:00:00+09:00,510.0,510.0,502.0,506.0,48000,0.0,0.0
2023-01-05 00:00:00+09:00,506.0,508.0,504.0,507.0,21200,0.0,0.0
2023-01-06 00:00:00+09:00,507.0,514.0,505.0,511.0,60200,0.0,0.0
2023-01-10 00:00:00+09:00,510.0,511.0,507.0,509.0,28300,0.0,0.0
2023-01-11 00:00:00+09:00,509.0,514.0,508.0,508.0,25500,0.0,0.0
2023-01-12 00:00:00+09:00,509.0,512.0,508.0,508.0,20300,0.0,0.0
2023-01-13 00:00:00+09:00,508.0,510.0,504.0,506.0,38800,0.0,0.0
2023-01-16 00:00:00+09:00,506.0,509.0,504.0,506.0,36900,0.0,0.0
2023-01-17 00:00:00+09:00,507.0,512.0,507.0,511.0,10400,0.0,0.0
2023-01-18 00:00:00+09:00,512.0,518.0,510.0,518.0,46800,0.0,0.0
2023-01-19 00:00:00+09:00,515.0,515.0,510.0,510.0,21200,0.0,0.0
2023-01-20 00:00:00+09:00,510.0,515.0,510.0,515.0,16800,0.0,0.0
2023-01-23 00:00:00+09:00,517.0,523.0,515.0,523.0,27700,0.0,0.0
2023-01-24 00:00:00+09:00,524.0,528.0,522.0,522.0,29400,0.0,0.0
2023-01-25 00:00:00+09:00,524.0,526.0,522.0,522.0,43200,0.0,0.0
2023-01-26 00:00:00+09:00,523.0,527.0,522.0,522.0,25200,0.0,0.0
2023-01-27 00:00:00+09:00,523.0,534.0,523.0,532.0,76300,0.0,0.0
2023-01-30 00:00:00+09:00,530.0,531.0,527.0,527.0,91800,0.0,0.0
2023-01-31 00:00:00+09:00,526.0,536.0,526.0,534.0,62500,0.0,0.0
2023-02-01 00:00:00+09:00,505.0,511.0,499.0,504.0,435100,0.0,0.0
2023-02-02 00:00:00+09:00,506.0,510.0,501.0,503.0,101200,0.0,0.0
2023-02-03 00:00:00+09:00,503.0,503.0,495.0,495.0,97600,0.0,0.0
2023-02-06 00:00:00+09:00,502.0,504.0,498.0,504.0,57200,0.0,0.0
2023-02-07 00:00:00+09:00,504.0,505.0,501.0,501.0,49600,0.0,0.0
2023-02-08 00:00:00+09:00,504.0,504.0,500.0,501.0,26200,0.0,0.0
2023-02-09 00:00:00+09:00,502.0,513.0,501.0,509.0,91500,0.0,0.0
2023-02-10 00:00:00+09:00,507.0,511.0,506.0,509.0,36800,0.0,0.0
2023-02-13 00:00:00+09:00,509.0,514.0,508.0,510.0,39900,0.0,0.0
2023-02-14 00:00:00+09:00,512.0,513.0,510.0,510.0,41500,0.0,0.0
2023-02-15 00:00:00+09:00,510.0,511.0,505.0,506.0,27900,0.0,0.0
2023-02-16 00:00:00+09:00,510.0,510.0,505.0,508.0,36000,0.0,0.0
2023-02-17 00:00:00+09:00,503.0,506.0,500.0,506.0,68600,0.0,0.0
2023-02-20 00:00:00+09:00,504.0,512.0,504.0,509.0,23700,0.0,0.0
2023-02-21 00:00:00+09:00,506.0,522.0,506.0,517.0,115200,0.0,0.0
2023-02-22 00:00:00+09:00,512.0,518.0,510.0,517.0,64500,0.0,0.0
2023-02-24 00:00:00+09:00,520.0,521.0,516.0,519.0,41200,0.0,0.0
2023-02-27 00:00:00+09:00,523.0,534.0,521.0,533.0,57500,0.0,0.0
2023-02-28 00:00:00+09:00,531.0,537.0,527.0,533.0,75800,0.0,0.0
2023-03-01 00:00:00+09:00,534.0,550.0,533.0,546.0,94500,0.0,0.0
2023-03-02 00:00:00+09:00,551.0,551.0,539.0,540.0,40400,0.0,0.0
2023-03-03 00:00:00+09:00,542.0,551.0,542.0,542.0,66900,0.0,0.0
2023-03-06 00:00:00+09:00,548.0,564.0,548.0,557.0,101800,0.0,0.0
2023-03-07 00:00:00+09:00,554.0,557.0,549.0,550.0,39100,0.0,0.0
2023-03-08 00:00:00+09:00,550.0,555.0,544.0,547.0,46800,0.0,0.0
2023-03-09 00:00:00+09:00,549.0,550.0,545.0,546.0,26400,0.0,0.0
2023-03-10 00:00:00+09:00,541.0,544.0,534.0,537.0,49900,0.0,0.0
2023-03-13 00:00:00+09:00,527.0,530.0,522.0,528.0,38900,0.0,0.0
2023-03-14 00:00:00+09:00,523.0,525.0,512.0,523.0,43200,0.0,0.0
2023-03-15 00:00:00+09:00,526.0,535.0,526.0,531.0,35700,0.0,0.0
2023-03-16 00:00:00+09:00,513.0,516.0,507.0,512.0,50000,0.0,0.0
2023-03-17 00:00:00+09:00,520.0,522.0,510.0,512.0,33000,0.0,0.0
2023-03-20 00:00:00+09:00,515.0,515.0,502.0,503.0,32700,0.0,0.0
2023-03-22 00:00:00+09:00,511.0,515.0,508.0,515.0,18400,0.0,0.0
2023-03-23 00:00:00+09:00,510.0,516.0,510.0,516.0,11500,0.0,0.0
2023-03-24 00:00:00+09:00,512.0,519.0,508.0,512.0,44200,0.0,0.0
2023-03-27 00:00:00+09:00,520.0,524.0,515.0,520.0,26700,0.0,0.0
2023-03-28 00:00:00+09:00,517.0,527.0,516.0,521.0,26000,0.0,0.0
2023-03-29 00:00:00+09:00,518.0,527.0,518.0,525.0,33800,0.0,0.0
2023-03-30 00:00:00+09:00,515.0,528.0,515.0,528.0,39000,0.0,0.0
2023-03-31 00:00:00+09:00,530.0,543.0,524.0,543.0,81800,0.0,0.0
2023-04-03 00:00:00+09:00,543.0,543.0,525.0,533.0,47300,0.0,0.0
2023-04-04 00:00:00+09:00,534.0,541.0,531.0,536.0,16200,0.0,0.0
2023-04-05 00:00:00+09:00,536.0,536.0,524.0,529.0,20000,0.0,0.0
2023-04-06 00:00:00+09:00,530.0,530.0,520.0,520.0,36300,0.0,0.0
2023-04-07 00:00:00+09:00,523.0,561.0,521.0,556.0,288100,0.0,0.0
2023-04-10 00:00:00+09:00,561.0,564.0,541.0,549.0,140200,0.0,0.0
2023-04-11 00:00:00+09:00,556.0,556.0,544.0,548.0,53400,0.0,0.0
2023-04-12 00:00:00+09:00,549.0,570.0,549.0,568.0,172100,0.0,0.0
2023-04-13 00:00:00+09:00,568.0,580.0,562.0,562.0,142500,0.0,0.0
2023-04-14 00:00:00+09:00,565.0,572.0,561.0,566.0,79900,0.0,0.0
2023-04-17 00:00:00+09:00,568.0,568.0,551.0,562.0,55900,0.0,0.0
2023-04-18 00:00:00+09:00,559.0,584.0,559.0,575.0,136700,0.0,0.0
2023-04-19 00:00:00+09:00,572.0,577.0,570.0,571.0,24000,0.0,0.0
2023-04-20 00:00:00+09:00,571.0,578.0,569.0,573.0,40700,0.0,0.0
2023-04-21 00:00:00+09:00,673.0,673.0,644.0,660.0,1451700,0.0,0.0
2023-04-24 00:00:00+09:00,650.0,703.0,645.0,669.0,1206900,0.0,0.0
2023-04-25 00:00:00+09:00,670.0,672.0,647.0,654.0,380400,0.0,0.0
2023-04-26 00:00:00+09:00,650.0,662.0,647.0,657.0,169200,0.0,0.0
2023-04-27 00:00:00+09:00,657.0,668.0,653.0,660.0,98600,0.0,0.0
2023-04-28 00:00:00+09:00,670.0,673.0,571.0,632.0,909200,0.0,0.0
2023-05-01 00:00:00+09:00,649.0,678.0,646.0,671.0,389700,0.0,0.0
2023-05-02 00:00:00+09:00,666.0,676.0,656.0,658.0,147700,0.0,0.0
2023-05-08 00:00:00+09:00,658.0,658.0,633.0,638.0,156200,0.0,0.0
2023-05-09 00:00:00+09:00,648.0,661.0,639.0,654.0,127000,0.0,0.0
2023-05-10 00:00:00+09:00,657.0,658.0,635.0,640.0,98200,0.0,0.0
2023-05-11 00:00:00+09:00,648.0,657.0,631.0,631.0,71300,0.0,0.0
2023-05-12 00:00:00+09:00,625.0,634.0,622.0,628.0,50400,0.0,0.0
2023-05-15 00:00:00+09:00,630.0,632.0,622.0,630.0,45900,0.0,0.0
2023-05-16 00:00:00+09:00,635.0,637.0,625.0,628.0,35500,0.0,0.0
2023-05-17 00:00:00+09:00,630.0,630.0,622.0,622.0,52600,0.0,0.0
2023-05-18 00:00:00+09:00,632.0,652.0,628.0,649.0,157100,0.0,0.0
2023-05-19 00:00:00+09:00,649.0,650.0,638.0,649.0,62800,0.0,0.0
2023-05-22 00:00:00+09:00,642.0,660.0,640.0,660.0,169600,0.0,0.0
2023-05-23 00:00:00+09:00,661.0,663.0,633.0,639.0,125800,0.0,0.0
2023-05-24 00:00:00+09:00,640.0,660.0,639.0,654.0,86300,0.0,0.0
2023-05-25 00:00:00+09:00,651.0,665.0,649.0,663.0,97200,0.0,0.0
2023-05-26 00:00:00+09:00,664.0,664.0,642.0,650.0,53700,0.0,0.0
2023-05-29 00:00:00+09:00,646.0,652.0,633.0,644.0,71800,0.0,0.0
2023-05-30 00:00:00+09:00,641.0,641.0,629.0,634.0,55000,0.0,0.0
2023-05-31 00:00:00+09:00,634.0,639.0,626.0,632.0,90300,0.0,0.0
2023-06-01 00:00:00+09:00,626.0,635.0,623.0,626.0,43800,0.0,0.0
2023-06-02 00:00:00+09:00,624.0,629.0,623.0,623.0,36000,0.0,0.0
2023-06-05 00:00:00+09:00,633.0,645.0,633.0,640.0,52800,0.0,0.0
2023-06-06 00:00:00+09:00,640.0,646.0,634.0,636.0,32500,0.0,0.0
2023-06-07 00:00:00+09:00,639.0,648.0,631.0,638.0,55300,0.0,0.0
2023-06-08 00:00:00+09:00,635.0,653.0,635.0,643.0,101900,0.0,0.0
2023-06-09 00:00:00+09:00,643.0,649.0,643.0,646.0,40700,0.0,0.0
2023-06-12 00:00:00+09:00,648.0,651.0,641.0,647.0,66000,0.0,0.0
2023-06-13 00:00:00+09:00,649.0,649.0,641.0,645.0,34500,0.0,0.0
2023-06-14 00:00:00+09:00,647.0,664.0,647.0,660.0,73900,0.0,0.0
2023-06-15 00:00:00+09:00,660.0,660.0,649.0,656.0,50500,0.0,0.0
2023-06-16 00:00:00+09:00,656.0,656.0,646.0,651.0,52100,0.0,0.0
2023-06-19 00:00:00+09:00,655.0,660.0,649.0,652.0,46400,0.0,0.0
2023-06-20 00:00:00+09:00,652.0,655.0,648.0,648.0,50700,0.0,0.0
2023-06-21 00:00:00+09:00,647.0,652.0,646.0,650.0,47700,0.0,0.0
2023-06-22 00:00:00+09:00,650.0,653.0,647.0,647.0,51700,0.0,0.0
2023-06-23 00:00:00+09:00,655.0,656.0,645.0,647.0,72200,0.0,0.0
2023-06-26 00:00:00+09:00,650.0,664.0,647.0,657.0,117800,0.0,0.0
2023-06-27 00:00:00+09:00,656.0,697.0,656.0,695.0,281500,0.0,0.0
2023-06-28 00:00:00+09:00,690.0,711.0,688.0,710.0,181100,0.0,0.0
2023-06-29 00:00:00+09:00,719.0,720.0,698.0,707.0,106000,0.0,0.0
2023-06-30 00:00:00+09:00,726.0,749.0,719.0,726.0,381700,0.0,0.0
2023-07-03 00:00:00+09:00,729.0,764.0,726.0,760.0,229900,0.0,0.0
2023-07-04 00:00:00+09:00,760.0,776.0,750.0,763.0,162000,0.0,0.0
2023-07-05 00:00:00+09:00,778.0,809.0,773.0,802.0,256600,0.0,0.0
2023-07-06 00:00:00+09:00,794.0,815.0,786.0,807.0,211900,0.0,0.0
2023-07-07 00:00:00+09:00,796.0,796.0,768.0,793.0,190300,0.0,0.0
2023-07-10 00:00:00+09:00,797.0,803.0,752.0,755.0,208700,0.0,0.0
2023-07-11 00:00:00+09:00,768.0,769.0,750.0,754.0,89300,0.0,0.0
2023-07-12 00:00:00+09:00,755.0,760.0,728.0,728.0,92700,0.0,0.0
2023-07-13 00:00:00+09:00,723.0,734.0,717.0,727.0,108000,0.0,0.0
2023-07-14 00:00:00+09:00,742.0,748.0,720.0,726.0,69500,0.0,0.0
2023-07-18 00:00:00+09:00,739.0,782.0,737.0,757.0,122700,0.0,0.0
2023-07-19 00:00:00+09:00,760.0,779.0,760.0,779.0,77900,0.0,0.0
2023-07-20 00:00:00+09:00,778.0,778.0,762.0,769.0,37900,0.0,0.0
2023-07-21 00:00:00+09:00,769.0,774.0,763.0,763.0,26300,0.0,0.0
2023-07-24 00:00:00+09:00,771.0,795.0,770.0,792.0,68400,0.0,0.0
2023-07-25 00:00:00+09:00,791.0,791.0,774.0,782.0,51700,0.0,0.0
2023-07-26 00:00:00+09:00,776.0,778.0,765.0,772.0,67000,0.0,0.0
2023-07-27 00:00:00+09:00,773.0,784.0,765.0,771.0,196900,0.0,0.0
2023-07-28 00:00:00+09:00,702.0,715.0,682.0,705.0,703100,0.0,0.0
2023-07-31 00:00:00+09:00,720.0,770.0,717.0,770.0,264100,0.0,0.0
2023-08-01 00:00:00+09:00,740.0,768.0,732.0,761.0,177800,0.0,0.0
2023-08-02 00:00:00+09:00,767.0,781.0,755.0,765.0,105600,0.0,0.0
2023-08-03 00:00:00+09:00,755.0,755.0,731.0,737.0,92900,0.0,0.0
2023-08-04 00:00:00+09:00,737.0,760.0,727.0,753.0,104800,0.0,0.0
2023-08-07 00:00:00+09:00,756.0,757.0,739.0,754.0,42400,0.0,0.0
2023-08-08 00:00:00+09:00,764.0,764.0,746.0,748.0,76400,0.0,0.0
2023-08-09 00:00:00+09:00,752.0,779.0,747.0,779.0,142700,0.0,0.0
2023-08-10 00:00:00+09:00,780.0,834.0,763.0,825.0,204400,0.0,0.0
2023-08-14 00:00:00+09:00,820.0,825.0,778.0,782.0,121000,0.0,0.0
2023-08-15 00:00:00+09:00,788.0,788.0,768.0,782.0,50700,0.0,0.0
2023-08-16 00:00:00+09:00,774.0,785.0,768.0,770.0,50700,0.0,0.0
2023-08-17 00:00:00+09:00,766.0,769.0,746.0,763.0,71600,0.0,0.0
2023-08-18 00:00:00+09:00,748.0,759.0,734.0,740.0,56400,0.0,0.0
2023-08-21 00:00:00+09:00,740.0,766.0,737.0,755.0,50900,0.0,0.0
2023-08-22 00:00:00+09:00,760.0,765.0,751.0,760.0,36400,0.0,0.0
2023-08-23 00:00:00+09:00,757.0,776.0,753.0,775.0,31700,0.0,0.0
2023-08-24 00:00:00+09:00,775.0,779.0,768.0,768.0,26100,0.0,0.0
2023-08-25 00:00:00+09:00,765.0,780.0,764.0,779.0,29100,0.0,0.0
2023-08-28 00:00:00+09:00,779.0,795.0,773.0,790.0,51300,0.0,0.0
2023-08-29 00:00:00+09:00,797.0,829.0,795.0,829.0,154400,0.0,0.0
2023-08-30 00:00:00+09:00,825.0,840.0,814.0,827.0,74200,0.0,0.0
2023-08-31 00:00:00+09:00,827.0,846.0,824.0,845.0,53500,0.0,0.0
2023-09-01 00:00:00+09:00,845.0,861.0,840.0,860.0,83200,0.0,0.0
2023-09-04 00:00:00+09:00,860.0,863.0,855.0,859.0,31200,0.0,0.0
2023-09-05 00:00:00+09:00,860.0,873.0,855.0,857.0,39300,0.0,0.0
2023-09-06 00:00:00+09:00,858.0,889.0,853.0,884.0,111300,0.0,0.0
2023-09-07 00:00:00+09:00,883.0,909.0,874.0,905.0,132600,0.0,0.0
2023-09-08 00:00:00+09:00,891.0,905.0,885.0,893.0,86900,0.0,0.0
2023-09-11 00:00:00+09:00,891.0,896.0,876.0,880.0,51100,0.0,0.0
2023-09-12 00:00:00+09:00,883.0,890.0,865.0,865.0,42500,0.0,0.0
2023-09-13 00:00:00+09:00,861.0,869.0,828.0,866.0,144400,0.0,0.0
2023-09-14 00:00:00+09:00,874.0,908.0,855.0,903.0,139500,0.0,0.0
2023-09-15 00:00:00+09:00,907.0,920.0,899.0,900.0,93500,0.0,0.0
2023-09-19 00:00:00+09:00,900.0,900.0,885.0,894.0,34200,0.0,0.0
2023-09-20 00:00:00+09:00,898.0,909.0,867.0,870.0,51200,0.0,0.0
2023-09-21 00:00:00+09:00,862.0,870.0,854.0,854.0,62600,0.0,0.0
2023-09-22 00:00:00+09:00,849.0,876.0,841.0,869.0,139900,0.0,0.0
2023-09-25 00:00:00+09:00,880.0,880.0,854.0,873.0,103500,0.0,0.0
2023-09-26 00:00:00+09:00,878.0,879.0,860.0,860.0,63600,0.0,0.0
2023-09-27 00:00:00+09:00,851.0,876.0,848.0,876.0,55400,0.0,0.0
2023-09-28 00:00:00+09:00,877.0,895.0,869.0,875.0,58000,0.0,0.0
2023-09-29 00:00:00+09:00,875.0,884.0,862.0,880.0,88700,0.0,0.0
2023-10-02 00:00:00+09:00,875.0,887.0,856.0,856.0,89000,0.0,0.0
2023-10-03 00:00:00+09:00,855.0,855.0,823.0,824.0,116100,0.0,0.0
2023-10-04 00:00:00+09:00,802.0,811.0,772.0,775.0,174800,0.0,0.0
2023-10-05 00:00:00+09:00,785.0,796.0,769.0,796.0,81800,0.0,0.0
2023-10-06 00:00:00+09:00,797.0,810.0,782.0,800.0,72700,0.0,0.0
2023-10-10 00:00:00+09:00,823.0,835.0,816.0,821.0,62700,0.0,0.0
2023-10-11 00:00:00+09:00,839.0,840.0,813.0,813.0,27500,0.0,0.0
2023-10-12 00:00:00+09:00,819.0,825.0,811.0,823.0,30100,0.0,0.0
2023-10-13 00:00:00+09:00,828.0,838.0,814.0,827.0,39200,0.0,0.0
2023-10-16 00:00:00+09:00,814.0,830.0,808.0,816.0,44900,0.0,0.0
2023-10-17 00:00:00+09:00,829.0,831.0,813.0,814.0,49300,0.0,0.0
2023-10-18 00:00:00+09:00,820.0,831.0,818.0,831.0,45800,0.0,0.0
2023-10-19 00:00:00+09:00,821.0,835.0,819.0,830.0,44500,0.0,0.0
2023-10-20 00:00:00+09:00,835.0,846.0,827.0,840.0,106600,0.0,0.0
2023-10-23 00:00:00+09:00,832.0,840.0,800.0,805.0,189300,0.0,0.0
2023-10-24 00:00:00+09:00,806.0,812.0,746.0,797.0,280900,0.0,0.0
2023-10-25 00:00:00+09:00,806.0,810.0,796.0,796.0,74100,0.0,0.0
2023-10-26 00:00:00+09:00,793.0,865.0,770.0,784.0,972600,0.0,0.0
2023-10-27 00:00:00+09:00,799.0,829.0,780.0,826.0,311900,0.0,0.0
2023-10-30 00:00:00+09:00,841.0,849.0,820.0,825.0,191200,0.0,0.0
2023-10-31 00:00:00+09:00,830.0,835.0,809.0,833.0,124600,0.0,0.0
2023-11-01 00:00:00+09:00,840.0,860.0,833.0,860.0,208300,0.0,0.0
2023-11-02 00:00:00+09:00,868.0,868.0,820.0,824.0,115700,0.0,0.0
2023-11-06 00:00:00+09:00,844.0,872.0,837.0,872.0,101800,0.0,0.0
2023-11-07 00:00:00+09:00,852.0,870.0,839.0,850.0,112300,0.0,0.0
2023-11-08 00:00:00+09:00,851.0,857.0,825.0,825.0,137900,0.0,0.0
2023-11-09 00:00:00+09:00,830.0,840.0,826.0,835.0,42500,0.0,0.0
2023-11-10 00:00:00+09:00,878.0,918.0,864.0,918.0,302200,0.0,0.0
2023-11-13 00:00:00+09:00,925.0,958.0,911.0,917.0,292600,0.0,0.0
2023-11-14 00:00:00+09:00,921.0,921.0,900.0,919.0,95000,0.0,0.0
2023-11-15 00:00:00+09:00,921.0,922.0,901.0,919.0,113100,0.0,0.0
2023-11-16 00:00:00+09:00,914.0,917.0,892.0,892.0,81300,0.0,0.0
2023-11-17 00:00:00+09:00,890.0,912.0,888.0,911.0,73600,0.0,0.0
2023-11-20 00:00:00+09:00,914.0,914.0,892.0,897.0,132000,0.0,0.0
2023-11-21 00:00:00+09:00,900.0,902.0,884.0,885.0,77300,0.0,0.0
2023-11-22 00:00:00+09:00,886.0,918.0,886.0,912.0,116700,0.0,0.0
2023-11-24 00:00:00+09:00,914.0,916.0,908.0,909.0,89200,0.0,0.0
2023-11-27 00:00:00+09:00,917.0,917.0,896.0,913.0,102100,0.0,0.0
2023-11-28 00:00:00+09:00,913.0,926.0,903.0,910.0,95700,0.0,0.0
2023-11-29 00:00:00+09:00,914.0,950.0,914.0,950.0,75500,0.0,0.0
2023-11-30 00:00:00+09:00,950.0,982.0,949.0,982.0,167900,0.0,0.0
2023-12-01 00:00:00+09:00,981.0,982.0,954.0,967.0,131100,0.0,0.0
2023-12-04 00:00:00+09:00,970.0,987.0,966.0,972.0,122000,0.0,0.0
2023-12-05 00:00:00+09:00,974.0,976.0,958.0,964.0,69400,0.0,0.0
2023-12-06 00:00:00+09:00,969.0,1009.0,967.0,1008.0,178500,0.0,0.0
2023-12-07 00:00:00+09:00,1000.0,1001.0,987.0,997.0,112600,0.0,0.0
2023-12-08 00:00:00+09:00,980.0,981.0,948.0,955.0,194700,0.0,0.0
2023-12-11 00:00:00+09:00,970.0,982.0,958.0,978.0,91200,0.0,0.0
2023-12-12 00:00:00+09:00,981.0,989.0,955.0,955.0,74500,0.0,0.0
2023-12-13 00:00:00+09:00,955.0,969.0,955.0,963.0,33200,0.0,0.0
2023-12-14 00:00:00+09:00,960.0,967.0,941.0,949.0,72200,0.0,0.0
2023-12-15 00:00:00+09:00,940.0,961.0,940.0,954.0,63200,0.0,0.0
2023-12-18 00:00:00+09:00,949.0,956.0,940.0,954.0,84900,0.0,0.0
2023-12-19 00:00:00+09:00,952.0,962.0,944.0,954.0,84500,0.0,0.0
2023-12-20 00:00:00+09:00,945.0,975.0,905.0,972.0,2143000,0.0,0.0
2023-12-21 00:00:00+09:00,957.0,974.0,937.0,961.0,1803000,0.0,0.0
2023-12-22 00:00:00+09:00,960.0,999.0,960.0,987.0,825900,0.0,0.0
2023-12-25 00:00:00+09:00,987.0,1092.0,975.0,1091.0,827300,0.0,0.0
2023-12-26 00:00:00+09:00,1063.0,1082.0,1002.0,1017.0,941200,0.0,0.0
2023-12-27 00:00:00+09:00,1033.0,1047.0,1011.0,1024.0,376300,0.0,0.0
2023-12-28 00:00:00+09:00,1020.0,1037.0,987.0,996.0,431700,0.0,0.0
2023-12-29 00:00:00+09:00,1005.0,1014.0,974.0,985.0,355500,0.0,0.0
2024-01-04 00:00:00+09:00,1000.0,1033.0,991.0,1029.0,524200,0.0,0.0
2024-01-05 00:00:00+09:00,1070.0,1120.0,1061.0,1119.0,867200,0.0,0.0
2024-01-09 00:00:00+09:00,1132.0,1149.0,1123.0,1141.0,629100,0.0,0.0
2024-01-10 00:00:00+09:00,1109.0,1142.0,1091.0,1136.0,489700,0.0,0.0
2024-01-11 00:00:00+09:00,1145.0,1184.0,1128.0,1168.0,442400,0.0,0.0
2024-01-12 00:00:00+09:00,1185.0,1208.0,1146.0,1172.0,493100,0.0,0.0
2024-01-15 00:00:00+09:00,1172.0,1202.0,1160.0,1199.0,73200,0.0,0.0
2024-01-16 00:00:00+09:00,1215.0,1215.0,1183.0,1184.0,335300,0.0,0.0
2024-01-17 00:00:00+09:00,1173.0,1196.0,1148.0,1152.0,448100,0.0,0.0
2024-01-18 00:00:00+09:00,1150.0,1164.0,1124.0,1147.0,318000,0.0,0.0
2024-01-19 00:00:00+09:00,1164.0,1202.0,1164.0,1185.0,321600,0.0,0.0
2024-01-22 00:00:00+09:00,1205.0,1208.0,1176.0,1203.0,243700,0.0,0.0
2024-01-23 00:00:00+09:00,1209.0,1234.0,1192.0,1206.0,330500,0.0,0.0
2024-01-24 00:00:00+09:00,1201.0,1212.0,1182.0,1184.0,164300,0.0,0.0
2024-01-25 00:00:00+09:00,1185.0,1209.0,1184.0,1207.0,175200,0.0,0.0
2024-01-26 00:00:00+09:00,1207.0,1245.0,1197.0,1201.0,418300,0.0,0.0
2024-01-29 00:00:00+09:00,1171.0,1182.0,1160.0,1167.0,389300,0.0,0.0
2024-01-30 00:00:00+09:00,1159.0,1161.0,1135.0,1149.0,587100,0.0,0.0
2024-01-31 00:00:00+09:00,1239.0,1311.0,1200.0,1292.0,1596000,0.0,0.0
2024-02-01 00:00:00+09:00,1298.0,1309.0,1251.0,1275.0,551000,0.0,0.0
2024-02-02 00:00:00+09:00,1252.0,1266.0,1232.0,1234.0,303400,0.0,0.0
2024-02-05 00:00:00+09:00,1250.0,1254.0,1218.0,1230.0,239900,0.0,0.0
2024-02-06 00:00:00+09:00,1221.0,1225.0,1205.0,1216.0,171900,0.0,0.0
2024-02-07 00:00:00+09:00,1215.0,1246.0,1203.0,1225.0,239500,0.0,0.0
2024-02-08 00:00:00+09:00,1240.0,1251.0,1200.0,1243.0,268500,0.0,0.0
2024-02-09 00:00:00+09:00,1235.0,1255.0,1230.0,1237.0,157400,0.0,0.0
2024-02-13 00:00:00+09:00,1255.0,1260.0,1219.0,1260.0,188500,0.0,0.0
2024-02-14 00:00:00+09:00,1285.0,1319.0,1280.0,1319.0,297600,0.0,0.0
2024-02-15 00:00:00+09:00,1336.0,1388.0,1330.0,1371.0,452500,0.0,0.0
2024-02-16 00:00:00+09:00,1390.0,1450.0,1390.0,1431.0,522300,0.0,0.0
2024-02-19 00:00:00+09:00,1433.0,1456.0,1410.0,1440.0,376300,0.0,0.0
2024-02-20 00:00:00+09:00,1436.0,1436.0,1393.0,1409.0,371000,0.0,0.0
2024-02-21 00:00:00+09:00,1404.0,1452.0,1400.0,1444.0,305500,0.0,0.0
2024-02-22 00:00:00+09:00,1504.0,1589.0,1489.0,1586.0,735000,0.0,0.0
2024-02-26 00:00:00+09:00,1595.0,1618.0,1561.0,1575.0,723800,0.0,0.0
2024-02-27 00:00:00+09:00,1560.0,1568.0,1525.0,1548.0,345500,0.0,0.0
2024-02-28 00:00:00+09:00,1544.0,1556.0,1516.0,1530.0,282000,0.0,0.0
2024-02-29 00:00:00+09:00,1515.0,1561.0,1495.0,1539.0,236100,0.0,0.0
2024-03-01 00:00:00+09:00,1566.0,1579.0,1530.0,1563.0,351100,0.0,0.0
2024-03-04 00:00:00+09:00,1560.0,1574.0,1518.0,1522.0,319100,0.0,0.0
2024-03-05 00:00:00+09:00,1515.0,1573.0,1505.0,1555.0,271500,0.0,0.0
2024-03-06 00:00:00+09:00,1555.0,1578.0,1530.0,1561.0,169800,0.0,0.0
2024-03-07 00:00:00+09:00,1596.0,1605.0,1504.0,1522.0,453200,0.0,0.0
2024-03-08 00:00:00+09:00,1595.0,1679.0,1586.0,1619.0,909100,0.0,0.0
2024-03-11 00:00:00+09:00,1519.0,1527.0,1390.0,1439.0,1141900,0.0,0.0
2024-03-12 00:00:00+09:00,1425.0,1481.0,1389.0,1435.0,639400,0.0,0.0
2024-03-13 00:00:00+09:00,1455.0,1459.0,1373.0,1381.0,409900,0.0,0.0
2024-03-14 00:00:00+09:00,1370.0,1382.0,1345.0,1373.0,262500,0.0,0.0
2024-03-15 00:00:00+09:00,1361.0,1441.0,1347.0,1420.0,406200,0.0,0.0
2024-03-18 00:00:00+09:00,1426.0,1508.0,1426.0,1489.0,449300,0.0,0.0
2024-03-19 00:00:00+09:00,1489.0,1542.0,1470.0,1532.0,489000,0.0,0.0
2024-03-21 00:00:00+09:00,1540.0,1570.0,1519.0,1530.0,303400,0.0,0.0
2024-03-22 00:00:00+09:00,1533.0,1536.0,1505.0,1509.0,209200,0.0,0.0
2024-03-25 00:00:00+09:00,1485.0,1511.0,1477.0,1483.0,179100,0.0,0.0
2024-03-26 00:00:00+09:00,1468.0,1516.0,1451.0,1504.0,208800,0.0,0.0
2024-03-27 00:00:00+09:00,1512.0,1519.0,1490.0,1507.0,173400,0.0,0.0
2024-03-28 00:00:00+09:00,1480.0,1528.0,1461.0,1463.0,152000,0.0,0.0
2024-03-29 00:00:00+09:00,1512.0,1525.0,1477.0,1515.0,147700,0.0,0.0
2024-04-01 00:00:00+09:00,1497.0,1498.0,1420.0,1431.0,288700,0.0,0.0
2024-04-02 00:00:00+09:00,1407.0,1430.0,1395.0,1417.0,205800,0.0,0.0
2024-04-03 00:00:00+09:00,1389.0,1457.0,1383.0,1436.0,217700,0.0,0.0
2024-04-04 00:00:00+09:00,1450.0,1480.0,1433.0,1473.0,225800,0.0,0.0
2024-04-05 00:00:00+09:00,1418.0,1437.0,1403.0,1430.0,196600,0.0,0.0
2024-04-08 00:00:00+09:00,1452.0,1479.0,1440.0,1477.0,164200,0.0,0.0
2024-04-09 00:00:00+09:00,1480.0,1559.0,1478.0,1558.0,294600,0.0,0.0
2024-04-10 00:00:00+09:00,1540.0,1691.0,1532.0,1679.0,786400,0.0,0.0
2024-04-11 00:00:00+09:00,1656.0,1677.0,1590.0,1661.0,513100,0.0,0.0
2024-04-12 00:00:00+09:00,1677.0,1705.0,1619.0,1636.0,316200,0.0,0.0
2024-04-15 00:00:00+09:00,1617.0,1630.0,1580.0,1618.0,145500,0.0,0.0
2024-04-16 00:00:00+09:00,1588.0,1634.0,1572.0,1587.0,295400,0.0,0.0
2024-04-17 00:00:00+09:00,1612.0,1620.0,1551.0,1557.0,303500,0.0,0.0
2024-04-18 00:00:00+09:00,1533.0,1586.0,1503.0,1558.0,379300,0.0,0.0
2024-04-19 00:00:00+09:00,1507.0,1507.0,1406.0,1461.0,909700,0.0,0.0
2024-04-22 00:00:00+09:00,1521.0,1579.0,1420.0,1438.0,2965700,0.0,0.0
2024-04-23 00:00:00+09:00,1436.0,1453.0,1384.0,1389.0,1056900,0.0,0.0
2024-04-24 00:00:00+09:00,1396.0,1427.0,1380.0,1392.0,691900,0.0,0.0
2024-04-25 00:00:00+09:00,1372.0,1455.0,1305.0,1440.0,2951700,0.0,0.0
2024-04-26 00:00:00+09:00,1422.0,1566.0,1385.0,1549.0,2242700,0.0,0.0
2024-04-30 00:00:00+09:00,1556.0,1685.0,1533.0,1567.0,1429000,0.0,0.0
2024-05-01 00:00:00+09:00,1588.0,1599.0,1505.0,1510.0,448900,0.0,0.0
2024-05-02 00:00:00+09:00,1503.0,1565.0,1500.0,1551.0,303000,0.0,0.0
2024-05-07 00:00:00+09:00,1570.0,1580.0,1543.0,1575.0,227400,0.0,0.0
2024-05-08 00:00:00+09:00,1575.0,1581.0,1513.0,1513.0,242100,0.0,0.0
2024-05-09 00:00:00+09:00,1511.0,1655.0,1505.0,1622.0,548200,0.0,0.0
2024-05-10 00:00:00+09:00,1621.0,1735.0,1602.0,1735.0,936500,0.0,0.0
2024-05-13 00:00:00+09:00,1732.0,1786.0,1667.0,1679.0,721200,0.0,0.0
2024-05-14 00:00:00+09:00,1695.0,1713.0,1660.0,1680.0,248400,0.0,0.0
2024-05-15 00:00:00+09:00,1693.0,1694.0,1611.0,1642.0,261700,0.0,0.0
2024-05-16 00:00:00+09:00,1620.0,1630.0,1513.0,1544.0,515700,0.0,0.0
2024-05-17 00:00:00+09:00,1562.0,1616.0,1549.0,1577.0,385000,0.0,0.0
2024-05-20 00:00:00+09:00,1581.0,1693.0,1577.0,1689.0,371000,0.0,0.0
2024-05-21 00:00:00+09:00,1685.0,1811.0,1674.0,1780.0,636000,0.0,0.0
2024-05-22 00:00:00+09:00,1777.0,1794.0,1708.0,1719.0,417500,0.0,0.0
2024-05-23 00:00:00+09:00,1720.0,1748.0,1685.0,1710.0,269900,0.0,0.0
2024-05-24 00:00:00+09:00,1630.0,1666.0,1615.0,1625.0,330800,0.0,0.0
2024-05-27 00:00:00+09:00,1623.0,1650.0,1598.0,1638.0,187600,0.0,0.0
2024-05-28 00:00:00+09:00,1645.0,1674.0,1610.0,1615.0,174200,0.0,0.0
2024-05-29 00:00:00+09:00,1623.0,1642.0,1611.0,1611.0,141900,0.0,0.0
2024-05-30 00:00:00+09:00,1590.0,1614.0,1580.0,1593.0,150500,0.0,0.0
2024-05-31 00:00:00+09:00,1608.0,1654.0,1587.0,1645.0,155400,0.0,0.0
2024-06-03 00:00:00+09:00,1667.0,1675.0,1645.0,1662.0,158000,0.0,0.0
2024-06-04 00:00:00+09:00,1650.0,1708.0,1623.0,1665.0,245000,0.0,0.0
2024-06-05 00:00:00+09:00,1655.0,1679.0,1599.0,1602.0,229200,0.0,0.0
2024-06-06 00:00:00+09:00,1632.0,1636.0,1585.0,1585.0,130700,0.0,0.0
2024-06-07 00:00:00+09:00,1585.0,1598.0,1550.0,1589.0,107000,0.0,0.0
2024-06-10 00:00:00+09:00,1594.0,1651.0,1594.0,1651.0,131800,0.0,0.0
2024-06-11 00:00:00+09:00,1650.0,1676.0,1610.0,1610.0,122300,0.0,0.0
2024-06-12 00:00:00+09:00,1610.0,1666.0,1598.0,1659.0,135900,0.0,0.0
2024-06-13 00:00:00+09:00,1670.0,1720.0,1611.0,1611.0,175300,0.0,0.0
2024-06-14 00:00:00+09:00,1609.0,1724.0,1609.0,1724.0,250400,0.0,0.0
2024-06-17 00:00:00+09:00,1684.0,1698.0,1617.0,1629.0,281300,0.0,0.0
2024-06-18 00:00:00+09:00,1650.0,1660.0,1606.0,1614.0,145400,0.0,0.0
2024-06-19 00:00:00+09:00,1616.0,1645.0,1615.0,1626.0,99400,0.0,0.0
2024-06-20 00:00:00+09:00,1626.0,1632.0,1590.0,1604.0,137000,0.0,0.0
2024-06-21 00:00:00+09:00,1603.0,1617.0,1563.0,1565.0,238300,0.0,0.0
2024-06-24 00:00:00+09:00,1565.0,1617.0,1557.0,1607.0,158400,0.0,0.0
2024-06-25 00:00:00+09:00,1619.0,1649.0,1619.0,1637.0,131400,0.0,0.0
2024-06-26 00:00:00+09:00,1630.0,1645.0,1619.0,1635.0,63400,0.0,0.0
2024-06-27 00:00:00+09:00,1630.0,1644.0,1626.0,1636.0,52400,0.0,0.0
2024-06-28 00:00:00+09:00,1638.0,1673.0,1634.0,1653.0,130600,0.0,0.0
2024-07-01 00:00:00+09:00,1653.0,1721.0,1649.0,1690.0,193800,0.0,0.0
2024-07-02 00:00:00+09:00,1690.0,1806.0,1690.0,1806.0,369100,0.0,0.0
2024-07-03 00:00:00+09:00,1805.0,1880.0,1804.0,1876.0,346300,0.0,0.0
2024-07-04 00:00:00+09:00,1901.0,1920.0,1856.0,1892.0,220700,0.0,0.0
2024-07-05 00:00:00+09:00,1890.0,1907.0,1869.0,1879.0,145800,0.0,0.0
2024-07-08 00:00:00+09:00,1859.0,1884.0,1841.0,1866.0,125400,0.0,0.0
2024-07-09 00:00:00+09:00,1885.0,1909.0,1862.0,1885.0,162400,0.0,0.0
2024-07-10 00:00:00+09:00,1900.0,1915.0,1872.0,1881.0,119500,0.0,0.0
2024-07-11 00:00:00+09:00,1905.0,1924.0,1873.0,1897.0,114000,0.0,0.0
2024-07-12 00:00:00+09:00,1885.0,1903.0,1817.0,1826.0,185100,0.0,0.0
2024-07-16 00:00:00+09:00,1842.0,1913.0,1832.0,1904.0,152000,0.0,0.0
2024-07-17 00:00:00+09:00,1934.0,1980.0,1898.0,1915.0,227000,0.0,0.0
2024-07-18 00:00:00+09:00,1888.0,1894.0,1822.0,1824.0,257900,0.0,0.0
2024-07-19 00:00:00+09:00,1809.0,1843.0,1801.0,1828.0,84400,0.0,0.0
2024-07-22 00:00:00+09:00,1824.0,1843.0,1795.0,1822.0,171100,0.0,0.0
2024-07-23 00:00:00+09:00,1832.0,1851.0,1825.0,1841.0,136100,0.0,0.0
2024-07-24 00:00:00+09:00,1840.0,1852.0,1780.0,1789.0,192200,0.0,0.0
2024-07-25 00:00:00+09:00,1740.0,1774.0,1685.0,1704.0,323400,0.0,0.0
2024-07-26 00:00:00+09:00,1714.0,1731.0,1688.0,1701.0,177400,0.0,0.0
2024-07-29 00:00:00+09:00,1750.0,1790.0,1691.0,1766.0,343700,0.0,0.0
2024-07-30 00:00:00+09:00,1994.0,1994.0,1811.0,1920.0,1691800,0.0,0.0
2024-07-31 00:00:00+09:00,1894.0,1894.0,1740.0,1798.0,868100,0.0,0.0
2024-08-01 00:00:00+09:00,1718.0,1727.0,1557.0,1570.0,816900,0.0,0.0
2024-08-02 00:00:00+09:00,1490.0,1530.0,1429.0,1442.0,598900,0.0,0.0
2024-08-05 00:00:00+09:00,1322.0,1352.0,1170.0,1190.0,686200,0.0,0.0
2024-08-06 00:00:00+09:00,1370.0,1445.0,1337.0,1404.0,513000,0.0,0.0
2024-08-07 00:00:00+09:00,1362.0,1506.0,1346.0,1454.0,498900,0.0,0.0
2024-08-08 00:00:00+09:00,1394.0,1449.0,1349.0,1401.0,426100,0.0,0.0
2024-08-09 00:00:00+09:00,1431.0,1499.0,1402.0,1425.0,301100,0.0,0.0
2024-08-13 00:00:00+09:00,1425.0,1497.0,1425.0,1497.0,244200,0.0,0.0
2024-08-14 00:00:00+09:00,1519.0,1524.0,1489.0,1511.0,205100,0.0,0.0
2024-08-15 00:00:00+09:00,1511.0,1598.0,1511.0,1570.0,172600,0.0,0.0
2024-08-16 00:00:00+09:00,1620.0,1627.0,1583.0,1597.0,188200,0.0,0.0
2024-08-19 00:00:00+09:00,1569.0,1595.0,1557.0,1563.0,138900,0.0,0.0
2024-08-20 00:00:00+09:00,1567.0,1582.0,1531.0,1540.0,106600,0.0,0.0
2024-08-21 00:00:00+09:00,1500.0,1526.0,1476.0,1520.0,133000,0.0,0.0
2024-08-22 00:00:00+09:00,1521.0,1528.0,1475.0,1475.0,146500,0.0,0.0
2024-08-23 00:00:00+09:00,1478.0,1504.0,1465.0,1487.0,195200,0.0,0.0
2024-08-26 00:00:00+09:00,1472.0,1486.0,1427.0,1450.0,121100,0.0,0.0
2024-08-27 00:00:00+09:00,1457.0,1526.0,1451.0,1522.0,155300,0.0,0.0
2024-08-28 00:00:00+09:00,1501.0,1501.0,1472.0,1482.0,121700,0.0,0.0
2024-08-29 00:00:00+09:00,1469.0,1498.0,1465.0,1491.0,75100,0.0,0.0
2024-08-30 00:00:00+09:00,1497.0,1497.0,1473.0,1476.0,99700,0.0,0.0
2024-09-02 00:00:00+09:00,1498.0,1524.0,1487.0,1510.0,126200,0.0,0.0
2024-09-03 00:00:00+09:00,1504.0,1508.0,1485.0,1491.0,85500,0.0,0.0
2024-09-04 00:00:00+09:00,1438.0,1439.0,1392.0,1397.0,228900,0.0,0.0
2024-09-05 00:00:00+09:00,1380.0,1419.0,1365.0,1375.0,83400,0.0,0.0
2024-09-06 00:00:00+09:00,1374.0,1389.0,1353.0,1368.0,190800,0.0,0.0
2024-09-09 00:00:00+09:00,1308.0,1368.0,1296.0,1354.0,139200,0.0,0.0
2024-09-10 00:00:00+09:00,1353.0,1384.0,1336.0,1370.0,109100,0.0,0.0
2024-09-11 00:00:00+09:00,1360.0,1370.0,1297.0,1325.0,123300,0.0,0.0
2024-09-12 00:00:00+09:00,1373.0,1384.0,1361.0,1373.0,87400,0.0,0.0
2024-09-13 00:00:00+09:00,1373.0,1387.0,1361.0,1366.0,33400,0.0,0.0
2024-09-17 00:00:00+09:00,1366.0,1375.0,1327.0,1348.0,90100,0.0,0.0
2024-09-18 00:00:00+09:00,1364.0,1370.0,1334.0,1358.0,66200,0.0,0.0
2024-09-19 00:00:00+09:00,1387.0,1417.0,1378.0,1409.0,102200,0.0,0.0
2024-09-20 00:00:00+09:00,1427.0,1429.0,1410.0,1410.0,45800,0.0,0.0
2024-09-24 00:00:00+09:00,1438.0,1454.0,1410.0,1410.0,67500,0.0,0.0
2024-09-25 00:00:00+09:00,1412.0,1427.0,1402.0,1413.0,58700,0.0,0.0
2024-09-26 00:00:00+09:00,1434.0,1455.0,1427.0,1448.0,117000,0.0,0.0
2024-09-27 00:00:00+09:00,1448.0,1473.0,1424.0,1467.0,116100,0.0,0.0
2024-09-30 00:00:00+09:00,1401.0,1428.0,1385.0,1399.0,160500,0.0,0.0
2024-10-01 00:00:00+09:00,1408.0,1450.0,1392.0,1443.0,136300,0.0,0.0
2024-10-02 00:00:00+09:00,1423.0,1450.0,1401.0,1406.0,83200,0.0,0.0
2024-10-03 00:00:00+09:00,1452.0,1455.0,1412.0,1412.0,66600,0.0,0.0
2024-10-04 00:00:00+09:00,1441.0,1450.0,1424.0,1426.0,79200,0.0,0.0
2024-10-07 00:00:00+09:00,1469.0,1500.0,1441.0,1469.0,131800,0.0,0.0
2024-10-08 00:00:00+09:00,1468.0,1489.0,1433.0,1439.0,98200,0.0,0.0
2024-10-09 00:00:00+09:00,1450.0,1450.0,1410.0,1416.0,78600,0.0,0.0
2024-10-10 00:00:00+09:00,1425.0,1427.0,1395.0,1408.0,120000,0.0,0.0
2024-10-11 00:00:00+09:00,1408.0,1435.0,1408.0,1414.0,67300,0.0,0.0
2024-10-15 00:00:00+09:00,1444.0,1455.0,1423.0,1451.0,97000,0.0,0.0
2024-10-16 00:00:00+09:00,1437.0,1482.0,1427.0,1473.0,129600,0.0,0.0
2024-10-17 00:00:00+09:00,1458.0,1472.0,1417.0,1427.0,170700,0.0,0.0
2024-10-18 00:00:00+09:00,1425.0,1430.0,1417.0,1425.0,52500,0.0,0.0
2024-10-21 00:00:00+09:00,1421.0,1434.0,1401.0,1430.0,87200,0.0,0.0
2024-10-22 00:00:00+09:00,1422.0,1428.0,1398.0,1416.0,125200,0.0,0.0
2024-10-23 00:00:00+09:00,1404.0,1444.0,1402.0,1421.0,139400,0.0,0.0
2024-10-24 00:00:00+09:00,1391.0,1414.0,1375.0,1399.0,189300,0.0,0.0
2024-10-25 00:00:00+09:00,1390.0,1393.0,1350.0,1361.0,235500,0.0,0.0
2024-10-28 00:00:00+09:00,1365.0,1435.0,1352.0,1435.0,249100,0.0,0.0
2024-10-29 00:00:00+09:00,1495.0,1542.0,1371.0,1394.0,1433800,0.0,0.0
2024-10-30 00:00:00+09:00,1402.0,1402.0,1336.0,1336.0,671800,0.0,0.0
2024-10-31 00:00:00+09:00,1316.0,1349.0,1309.0,1332.0,171000,0.0,0.0
2024-11-01 00:00:00+09:00,1302.0,1317.0,1286.0,1287.0,390300,0.0,0.0
2024-11-05 00:00:00+09:00,1302.0,1325.0,1293.0,1320.0,195300,0.0,0.0
2024-11-06 00:00:00+09:00,1319.0,1377.0,1319.0,1364.0,306600,0.0,0.0
2024-11-07 00:00:00+09:00,1400.0,1480.0,1400.0,1467.0,475200,0.0,0.0
2024-11-08 00:00:00+09:00,1437.0,1463.0,1422.0,1447.0,290900,0.0,0.0
2024-11-11 00:00:00+09:00,1442.0,1478.0,1439.0,1474.0,183700,0.0,0.0
2024-11-12 00:00:00+09:00,1471.0,1481.0,1420.0,1433.0,130700,0.0,0.0
2024-11-13 00:00:00+09:00,1450.0,1450.0,1382.0,1398.0,152500,0.0,0.0
2024-11-14 00:00:00+09:00,1408.0,1429.0,1401.0,1411.0,67400,0.0,0.0
2024-11-15 00:00:00+09:00,1411.0,1421.0,1399.0,1414.0,60100,0.0,0.0
2024-11-18 00:00:00+09:00,1400.0,1406.0,1389.0,1391.0,71200,0.0,0.0
2024-11-19 00:00:00+09:00,1404.0,1516.0,1404.0,1506.0,283700,0.0,0.0
2024-11-20 00:00:00+09:00,1493.0,1514.0,1467.0,1482.0,85200,0.0,0.0
2024-11-21 00:00:00+09:00,1502.0,1549.0,1495.0,1527.0,182800,0.0,0.0
2024-11-22 00:00:00+09:00,1528.0,1592.0,1527.0,1577.0,193500,0.0,0.0
2024-11-25 00:00:00+09:00,1581.0,1599.0,1570.0,1590.0,111600,0.0,0.0
2024-11-26 00:00:00+09:00,1595.0,1607.0,1578.0,1606.0,168600,0.0,0.0
2024-11-27 00:00:00+09:00,1611.0,1625.0,1582.0,1612.0,164100,0.0,0.0
2024-11-28 00:00:00+09:00,1580.0,1610.0,1571.0,1601.0,86600,0.0,0.0
2024-11-29 00:00:00+09:00,1591.0,1621.0,1591.0,1608.0,59100,0.0,0.0
2024-12-02 00:00:00+09:00,1615.0,1658.0,1593.0,1643.0,161400,0.0,0.0
2024-12-03 00:00:00+09:00,1658.0,1683.0,1647.0,1677.0,153300,0.0,0.0
2024-12-04 00:00:00+09:00,1684.0,1718.0,1679.0,1700.0,190200,0.0,0.0
2024-12-05 00:00:00+09:00,1702.0,1713.0,1662.0,1677.0,128500,0.0,0.0
2024-12-06 00:00:00+09:00,1677.0,1690.0,1664.0,1675.0,84700,0.0,0.0
2024-12-09 00:00:00+09:00,1678.0,1689.0,1667.0,1678.0,49500,0.0,0.0
2024-12-10 00:00:00+09:00,1686.0,1695.0,1639.0,1642.0,98800,0.0,0.0
2024-12-11 00:00:00+09:00,1645.0,1651.0,1617.0,1646.0,47500,0.0,0.0
2024-12-12 00:00:00+09:00,1665.0,1669.0,1643.0,1663.0,68600,0.0,0.0
2024-12-13 00:00:00+09:00,1644.0,1659.0,1625.0,1656.0,53200,0.0,0.0
2024-12-16 00:00:00+09:00,1656.0,1694.0,1653.0,1693.0,42200,0.0,0.0
2024-12-17 00:00:00+09:00,1699.0,1700.0,1660.0,1667.0,73600,0.0,0.0
2024-12-18 00:00:00+09:00,1672.0,1717.0,1672.0,1717.0,88600,0.0,0.0
2024-12-19 00:00:00+09:00,1680.0,1699.0,1672.0,1687.0,65600,0.0,0.0
2024-12-20 00:00:00+09:00,1697.0,1748.0,1697.0,1728.0,106300,0.0,0.0
2024-12-23 00:00:00+09:00,1750.0,1784.0,1742.0,1763.0,105100,0.0,0.0
2024-12-24 00:00:00+09:00,1785.0,1786.0,1746.0,1758.0,75600,0.0,0.0
2024-12-25 00:00:00+09:00,1751.0,1758.0,1721.0,1744.0,34100,0.0,0.0
2024-12-26 00:00:00+09:00,1751.0,1878.0,1751.0,1857.0,223400,0.0,0.0
2024-12-27 00:00:00+09:00,1840.0,1867.0,1826.0,1865.0,86000,0.0,0.0
