Date,Open,High,Low,Close,Volume,Dividends,Stock Splits
2001-01-01 00:00:00+09:00,1264.1258544921875,1264.1258544921875,1264.1258544921875,1264.1258544921875,0,0.0,0.0
2001-01-02 00:00:00+09:00,1264.1258544921875,1264.1258544921875,1264.1258544921875,1264.1258544921875,0,0.0,0.0
2001-01-03 00:00:00+09:00,1264.1258544921875,1264.1258544921875,1264.1258544921875,1264.1258544921875,0,0.0,0.0
2001-01-04 00:00:00+09:00,1305.8354769336934,1305.8354769336934,1257.7088623046875,1257.7088623046875,30500,0.0,0.0
2001-01-05 00:00:00+09:00,1267.3342406294728,1267.3342406294728,1251.2920350518846,1260.9173583984375,43700,0.0,0.0
2001-01-08 00:00:00+09:00,1260.9173583984375,1260.9173583984375,1260.9173583984375,1260.9173583984375,0,0.0,0.0
2001-01-09 00:00:00+09:00,1260.917512622033,1260.917512622033,1247.4420582886678,1257.0673828125,32900,0.0,0.0
2001-01-10 00:00:00+09:00,1232.0409897214854,1238.4578698762848,1200.5982769629684,1209.5819091796875,124200,0.0,0.0
2001-01-11 00:00:00+09:00,1209.5821731591616,1225.6243770472142,1149.2634865400842,1212.14892578125,100700,0.0,0.0
2001-01-12 00:00:00+09:00,1206.3736795404907,1212.148872687227,1174.289273169733,1193.5399169921875,52500,0.0,0.0
2001-01-15 00:00:00+09:00,1212.7907944112865,1283.3765020225253,1199.9570293910613,1264.1258544921875,123900,0.0,0.0
2001-01-16 00:00:00+09:00,1263.4841662411764,1270.5427370023,1251.2920894719623,1264.1258544921875,68200,0.0,0.0
2001-01-17 00:00:00+09:00,1251.2921785053454,1251.2921785053454,1206.3739977384869,1219.207763671875,116900,0.0,0.0
2001-01-18 00:00:00+09:00,1219.8493893354366,1269.9010739057492,1219.2077010717146,1251.2921142578125,252600,0.0,0.0
2001-01-19 00:00:00+09:00,1289.7933228747681,1341.1283805016244,1283.376440671411,1296.210205078125,202600,0.0,0.0
2001-01-22 00:00:00+09:00,1347.545473474517,1347.545473474517,1283.3766414043018,1286.5850830078125,93500,0.0,0.0
2001-01-23 00:00:00+09:00,1270.5429026035251,1302.6273193359375,1270.5429026035251,1302.6273193359375,54800,0.0,0.0
2001-01-24 00:00:00+09:00,1315.4607753561002,1315.4607753561002,1270.5426025390625,1270.5426025390625,48400,0.0,0.0
2001-01-25 00:00:00+09:00,1276.9590406680763,1289.7927998707705,1270.5421610667292,1280.16748046875,61200,0.0,0.0
2001-01-26 00:00:00+09:00,1276.9594028115705,1276.9594028115705,1235.2496735740065,1240.3831787109375,53300,0.0,0.0
2001-01-29 00:00:00+09:00,1238.458412571957,1246.8003604286594,1219.207763671875,1219.207763671875,49200,0.0,0.0
2001-01-30 00:00:00+09:00,1238.4577524587355,1238.4577524587355,1219.2071138194806,1229.47412109375,40400,0.0,0.0
2001-01-31 00:00:00+09:00,1232.0413966247434,1251.292043447005,1223.057761441021,1250.0086669921875,43200,0.0,0.0
2001-02-01 00:00:00+09:00,1244.8750664206113,1244.8750664206113,1215.9990983850817,1221.7742919921875,51600,0.0,0.0
2001-02-02 00:00:00+09:00,1232.041057180851,1232.041057180851,1206.37353515625,1206.37353515625,49500,0.0,0.0
2001-02-05 00:00:00+09:00,1187.12297905816,1196.1066124131946,1154.3968861219619,1155.03857421875,82400,0.0,0.0
2001-02-06 00:00:00+09:00,1155.0386434217955,1161.455524774139,1135.7879993647657,1136.4296875,74800,0.0,0.0
2001-02-07 00:00:00+09:00,1135.7883270315601,1148.6220934386965,1129.3714438279922,1131.2965087890625,73800,0.0,0.0
2001-02-08 00:00:00+09:00,1129.3708517699115,1129.3708517699115,1071.6189332134957,1087.6611328125,114300,0.0,0.0
2001-02-09 00:00:00+09:00,1090.8699320160106,1128.7295355389192,1089.5865556254034,1118.4625244140625,154600,0.0,0.0
2001-02-12 00:00:00+09:00,1118.4625244140625,1118.4625244140625,1118.4625244140625,1118.4625244140625,0,0.0,0.0
2001-02-13 00:00:00+09:00,1155.0384623777934,1155.0384623777934,1122.9540606450769,1148.62158203125,51100,0.0,0.0
2001-02-14 00:00:00+09:00,1122.9541286417286,1132.5794497443721,1099.211669921875,1099.211669921875,62000,0.0,0.0
2001-02-15 00:00:00+09:00,1118.4624265629452,1141.5631995728513,1100.495158666352,1125.52099609375,58100,0.0,0.0
2001-02-16 00:00:00+09:00,1147.9802357373317,1169.1559471846945,1142.8467299319104,1161.4556884765625,72500,0.0,0.0
2001-02-19 00:00:00+09:00,1155.0383774724714,1180.7058969718596,1148.6214975976243,1180.064208984375,73300,0.0,0.0
2001-02-20 00:00:00+09:00,1167.8723654836185,1173.6475584997463,1155.038603225557,1166.5889892578125,72600,0.0,0.0
2001-02-21 00:00:00+09:00,1158.2471726590695,1161.4556135805628,1155.0387317375762,1155.680419921875,21700,0.0,0.0
2001-02-22 00:00:00+09:00,1155.0388483903403,1155.0388483903403,1123.5961241841587,1126.8045654296875,33900,0.0,0.0
2001-02-23 00:00:00+09:00,1159.530165082953,1159.530165082953,1126.8040785200142,1142.20458984375,46900,0.0,0.0
2001-02-26 00:00:00+09:00,1142.2051112699191,1176.8562775668718,1139.6383582108856,1162.7391357421875,92300,0.0,0.0
2001-02-27 00:00:00+09:00,1164.6637828976084,1166.5888470015714,1148.62158203125,1148.62158203125,65700,0.0,0.0
2001-02-28 00:00:00+09:00,1148.6220645680148,1149.9054411764707,1090.8701171875,1090.8701171875,90300,0.0,0.0
2001-03-01 00:00:00+09:00,1090.8701301890717,1103.0622081147144,1058.7857145952755,1084.4532470703125,109800,0.0,0.0
2001-03-02 00:00:00+09:00,1078.0361682499256,1082.5279856176337,1071.619286296057,1078.6778564453125,76100,0.0,0.0
2001-03-05 00:00:00+09:00,1071.6197218623065,1071.6197218623065,1045.9521836141075,1046.5938720703125,65800,0.0,0.0
2001-03-06 00:00:00+09:00,1049.8019771852355,1106.9122314453125,1049.8019771852355,1106.9122314453125,57500,0.0,0.0
2001-03-07 00:00:00+09:00,1155.0384626596585,1155.0384626596585,1108.1952361184613,1117.820556640625,128800,0.0,0.0
2001-03-08 00:00:00+09:00,1155.0386858097086,1155.0386858097086,1103.7036331070549,1106.2703857421875,160400,0.0,0.0
2001-03-09 00:00:00+09:00,1110.1207663143382,1122.954532398897,1082.5281692325368,1090.8701171875,113400,0.0,0.0
2001-03-12 00:00:00+09:00,1142.2048209054128,1142.2048209054128,1078.0360107421875,1078.0360107421875,63300,0.0,0.0
2001-03-13 00:00:00+09:00,1045.95166015625,1058.7854228575536,1026.7010161042945,1045.95166015625,84500,0.0,0.0
2001-03-14 00:00:00+09:00,1045.95166015625,1045.95166015625,1045.95166015625,1045.95166015625,0,0.0,0.0
2001-03-15 00:00:00+09:00,1026.7012970597386,1039.5350632729853,1004.2422061865569,1031.193115234375,92500,0.0,0.0
2001-03-16 00:00:00+09:00,1033.1178974549464,1078.0360669095091,1033.1178974549464,1045.95166015625,59400,0.0,0.0
2001-03-19 00:00:00+09:00,1045.9516489912824,1090.2281298381527,1033.1178864269723,1052.3685302734375,36900,0.0,0.0
2001-03-20 00:00:00+09:00,1052.3685302734375,1052.3685302734375,1052.3685302734375,1052.3685302734375,0,0.0,0.0
2001-03-21 00:00:00+09:00,1052.3682936946902,1090.8695727323009,1052.3682936946902,1087.6611328125,93500,0.0,0.0
2001-03-22 00:00:00+09:00,1090.8695520979636,1155.0383492801966,1087.661112238852,1142.20458984375,120200,0.0,0.0
2001-03-23 00:00:00+09:00,1149.263706008405,1219.207728317124,1149.263706008405,1218.5660400390625,151900,0.0,0.0
2001-03-26 00:00:00+09:00,1276.3176514892577,1283.376220703125,1251.2918151855467,1283.376220703125,171100,0.0,0.0
2001-03-27 00:00:00+09:00,1263.3942465028233,1263.3942465028233,1251.7916462798382,1255.6591796875,59400,9.0,0.0
2001-03-28 00:00:00+09:00,1263.3939808238638,1263.3939808238638,1237.6104301948053,1240.8333740234375,90300,0.0,0.0
2001-03-29 00:00:00+09:00,1226.6527609734787,1262.7497418534128,1198.9354363692435,1224.718994140625,170700,0.0,0.0
2001-03-30 00:00:00+09:00,1244.056742900127,1244.056742900127,1192.4896240234375,1192.4896240234375,40000,0.0,0.0
2001-04-02 00:00:00+09:00,1211.8270150072285,1211.8270150072285,1192.4893498741344,1198.2906494140625,43900,0.0,0.0
2001-04-03 00:00:00+09:00,1192.489214380475,1202.1580458484248,1160.2597761539757,1195.712158203125,36400,0.0,0.0
2001-04-04 00:00:00+09:00,1173.1515049428247,1186.0432797224162,1153.8138427734375,1153.8138427734375,48200,0.0,0.0
2001-04-05 00:00:00+09:00,1192.4891648507519,1194.4229310640235,1176.374446406823,1186.6878662109375,59400,0.0,0.0
2001-04-06 00:00:00+09:00,1263.3940170750475,1263.3940170750475,1187.3325405368557,1191.2000732421875,142700,0.0,0.0
2001-04-09 00:00:00+09:00,1186.0433747915508,1192.4892626980268,1153.8139352591718,1159.615234375,68300,0.0,0.0
2001-04-10 00:00:00+09:00,1147.3679131286378,1176.3744053144742,1131.8977839628583,1135.1207275390625,52400,0.0,0.0
2001-04-11 00:00:00+09:00,1182.1756515717118,1182.1756515717118,1134.4760887492982,1148.012451171875,62500,0.0,0.0
2001-04-12 00:00:00+09:00,1155.1031862745099,1176.374617718181,1147.368120294993,1150.591064453125,93400,0.0,0.0
2001-04-13 00:00:00+09:00,1179.596979376975,1211.8264050430125,1147.3675537109375,1147.3675537109375,85500,0.0,0.0
2001-04-16 00:00:00+09:00,1166.7057571024725,1166.7057571024725,1144.1451485397176,1145.434326171875,55300,0.0,0.0
2001-04-17 00:00:00+09:00,1153.8138356731508,1153.8138356731508,1140.9220609728923,1152.524658203125,31500,0.0,0.0
2001-04-18 00:00:00+09:00,1144.145060537131,1162.838134765625,1121.5844537096384,1162.838134765625,136800,0.0,0.0
2001-04-19 00:00:00+09:00,1192.4889402962774,1203.4469467746756,1173.1512818049864,1179.59716796875,173000,0.0,0.0
2001-04-20 00:00:00+09:00,1179.5974511391228,1186.0433388502654,1144.1450687278375,1153.1693115234375,186100,0.0,0.0
2001-04-23 00:00:00+09:00,1153.8139969529477,1153.8139969529477,1126.741266298186,1137.0546875,99900,0.0,0.0
2001-04-24 00:00:00+09:00,1114.4940572878481,1115.138646100623,1088.065915964076,1099.02392578125,122200,0.0,0.0
2001-04-25 00:00:00+09:00,1099.02392578125,1108.048169160099,1095.8009817173752,1099.02392578125,86700,0.0,0.0
2001-04-26 00:00:00+09:00,1099.02392578125,1108.048169160099,1095.8009817173752,1099.02392578125,86700,0.0,0.0
2001-04-27 00:00:00+09:00,1108.693037650328,1111.2713935518404,1096.4458471181442,1105.4700927734375,86700,0.0,0.0
2001-04-30 00:00:00+09:00,1105.4700927734375,1105.4700927734375,1105.4700927734375,1105.4700927734375,0,0.0,0.0
2001-05-01 00:00:00+09:00,1112.5602965518606,1153.8139807808982,1105.4698195749947,1145.434326171875,112700,0.0,0.0
2001-05-02 00:00:00+09:00,1160.259765625,1160.259765625,1148.0125792100694,1160.259765625,101600,0.0,0.0
2001-05-03 00:00:00+09:00,1160.259765625,1160.259765625,1160.259765625,1160.259765625,0,0.0,0.0
2001-05-04 00:00:00+09:00,1160.259765625,1160.259765625,1160.259765625,1160.259765625,0,0.0,0.0
2001-05-07 00:00:00+09:00,1179.597413052003,1186.0433005550194,1149.301741787826,1168.639404296875,1200,0.0,0.0
2001-05-08 00:00:00+09:00,1169.9286408915825,1172.506996023024,1150.5909774057711,1157.036865234375,600,0.0,0.0
2001-05-09 00:00:00+09:00,1160.259824810606,1160.9044136021673,1134.476273148148,1148.6572265625,1300,0.0,0.0
2001-05-10 00:00:00+09:00,1128.0307943170722,1140.9225748235528,1121.5849040638316,1134.4766845703125,1700,0.0,0.0
2001-05-11 00:00:00+09:00,1129.31997236772,1140.9225748235528,1128.0307943170722,1134.4766845703125,300,0.0,0.0
2001-05-14 00:00:00+09:00,1153.8138002810458,1153.8138002810458,1126.0964855256912,1135.1207275390625,500,0.0,0.0
2001-05-15 00:00:00+09:00,1115.1385065348072,1131.8978135694344,1111.915562874302,1118.3614501953125,54900,0.0,0.0
2001-05-16 00:00:00+09:00,1124.8070440482552,1131.2529296875,1117.071981281161,1131.2529296875,76600,0.0,0.0
2001-05-17 00:00:00+09:00,1134.4762578342618,1157.036865234375,1134.4762578342618,1157.036865234375,95900,0.0,0.0
2001-05-18 00:00:00+09:00,1166.0615168847494,1172.507406972559,1160.260215805721,1164.7723388671875,76500,0.0,0.0
2001-05-21 00:00:00+09:00,1160.9047637114654,1198.9355138830238,1160.9047637114654,1192.4896240234375,97400,0.0,0.0
2001-05-22 00:00:00+09:00,1217.6279865797035,1224.7184618853555,1205.38080196085,1206.025390625,143100,0.0,0.0
2001-05-23 00:00:00+09:00,1204.736350868138,1206.0255283436522,1180.2419788333657,1186.6878662109375,63100,0.0,0.0
2001-05-24 00:00:00+09:00,1160.2595795618804,1171.8621753574992,1160.2595795618804,1170.572998046875,44800,0.0,0.0
2001-05-25 00:00:00+09:00,1186.0432274562124,1186.0432274562124,1170.5730984024356,1177.66357421875,32900,0.0,0.0
2001-05-28 00:00:00+09:00,1173.1517293994655,1178.953029160232,1160.2599521533175,1160.904541015625,20600,0.0,0.0
2001-05-29 00:00:00+09:00,1161.5491298779323,1166.7058407763916,1155.1032412548584,1160.904541015625,44800,0.0,0.0
2001-05-30 00:00:00+09:00,1150.5910034179688,1155.103125,1115.138619559152,1128.0303955078125,92800,0.0,0.0
2001-05-31 00:00:00+09:00,1070.0171561002028,1102.2465885128595,1070.0171561002028,1092.5777587890625,86400,0.0,0.0
2001-06-01 00:00:00+09:00,1124.8077438495777,1127.3860997094048,1102.2471300760906,1113.8497314453125,47000,0.0,0.0
2001-06-04 00:00:00+09:00,1133.1872134560033,1133.1872134560033,1089.3551710697643,1102.2469482421875,33100,0.0,0.0
2001-06-05 00:00:00+09:00,1105.4697348201976,1105.4697348201976,1076.4632403205421,1095.8009033203125,36500,0.0,0.0
2001-06-06 00:00:00+09:00,1095.801123775653,1102.247012739039,1079.6864013671875,1079.6864013671875,33600,0.0,0.0
2001-06-07 00:00:00+09:00,1075.818737359583,1089.3551025390625,1073.8849709053718,1089.3551025390625,27500,0.0,0.0
2001-06-08 00:00:00+09:00,1095.8008321126304,1095.8008321126304,1082.9090576171875,1082.9090576171875,111200,0.0,0.0
2001-06-11 00:00:00+09:00,1073.24019838178,1086.131972536516,1073.24019838178,1077.7523193359375,47500,0.0,0.0
2001-06-12 00:00:00+09:00,1076.463408203125,1076.463408203125,1047.4569091796875,1047.4569091796875,58700,0.0,0.0
2001-06-13 00:00:00+09:00,1031.3419262618297,1031.3419262618297,1015.2272086639886,1021.673095703125,93400,0.0,0.0
2001-06-14 00:00:00+09:00,1024.8962745666504,1031.3421630859375,1002.3356647491455,1031.3421630859375,56300,0.0,0.0
2001-06-15 00:00:00+09:00,1012.0050037014869,1018.4508954448085,979.775544984879,999.1132202148438,50700,0.0,0.0
2001-06-18 00:00:00+09:00,999.1125127636782,1017.8055855831276,999.1125127636782,1003.6246337890625,17500,0.0,0.0
2001-06-19 00:00:00+09:00,1005.5586921608378,1018.450470265464,999.1128031085248,1001.0465698242188,25400,0.0,0.0
2001-06-20 00:00:00+09:00,979.7751565834291,999.1128241475757,970.1063228013558,981.7089233398438,32500,0.0,0.0
2001-06-21 00:00:00+09:00,972.0397862358044,1015.2272303192254,972.0397862358044,1014.5826416015625,58300,0.0,0.0
2001-06-22 00:00:00+09:00,1024.8963654152424,1037.1435546875,1024.8963654152424,1037.1435546875,28000,0.0,0.0
2001-06-25 00:00:00+09:00,1024.8962495349701,1037.143437422495,1006.2031732855903,1015.2274169921875,32400,0.0,0.0
2001-06-26 00:00:00+09:00,1019.7393188476562,1020.3839075447787,999.1124805397391,1019.7393188476562,53700,0.0,0.0
2001-06-27 00:00:00+09:00,1018.4499138510151,1018.4499138510151,992.6663717282046,1012.0040283203125,22400,0.0,0.0
2001-06-28 00:00:00+09:00,1012.0050037014869,1018.4508954448085,992.6673284715222,999.1132202148438,40300,0.0,0.0
2001-06-29 00:00:00+09:00,1024.8962745666504,1035.8542850494384,1022.9625080108643,1031.3421630859375,81600,0.0,0.0
2001-07-02 00:00:00+09:00,999.1126535162571,1012.6490184993806,979.7749892546522,995.8897094726562,24000,0.0,0.0
2001-07-03 00:00:00+09:00,967.5280679238809,981.0644366290119,967.5280679238809,977.8414916992188,79000,0.0,0.0
2001-07-04 00:00:00+09:00,966.88282918587,969.4611833970324,895.9780883789062,895.9780883789062,161500,0.0,0.0
2001-07-05 00:00:00+09:00,902.4242014755706,941.0995243959522,897.2674917528531,903.71337890625,119700,0.0,0.0
2001-07-06 00:00:00+09:00,912.093184259588,912.7377730823863,883.731276056463,886.3096313476562,102600,0.0,0.0
2001-07-09 00:00:00+09:00,870.1950108053113,872.7733663928826,824.4291991259208,847.6343994140625,137400,0.0,0.0
2001-07-10 00:00:00+09:00,857.3030835319969,876.6407470703125,854.0801396089443,876.6407470703125,105700,0.0,0.0
2001-07-11 00:00:00+09:00,825.0736927950074,852.1464233398436,825.0736927950074,852.1464233398438,64600,0.0,0.0
2001-07-12 00:00:00+09:00,839.2547140789459,870.1949800357734,839.2547140789459,865.0382690429688,33800,0.0,0.0
2001-07-13 00:00:00+09:00,890.8219144241898,891.4665033637152,870.195068359375,870.195068359375,74100,0.0,0.0
2001-07-16 00:00:00+09:00,863.7490225497158,886.3096313476562,863.1044337269176,886.3096313476562,93900,0.0,0.0
2001-07-17 00:00:00+09:00,834.7423276461087,844.4111576960637,821.8505542461688,837.9652709960938,69500,0.0,0.0
2001-07-18 00:00:00+09:00,837.965463126216,854.0801835709509,828.296630859375,828.296630859375,74800,0.0,0.0
2001-07-19 00:00:00+09:00,821.8505542461688,837.9652709960938,821.8505542461688,837.9652709960938,58500,0.0,0.0
2001-07-20 00:00:00+09:00,837.9652709960938,837.9652709960938,837.9652709960938,837.9652709960938,0,0.0,0.0
2001-07-23 00:00:00+09:00,850.8572488619586,850.8572488619586,808.9589752437562,818.6278076171875,54700,0.0,0.0
2001-07-24 00:00:00+09:00,799.2902254603216,799.9348143518218,776.0850253663123,776.7296142578125,174600,0.0,0.0
2001-07-25 00:00:00+09:00,786.3984213020209,835.3871754159172,783.1754769524224,806.3806762695312,87000,0.0,0.0
2001-07-26 00:00:00+09:00,805.7360873996115,812.1819760988084,792.8443100012178,806.3806762695312,47500,0.0,0.0
2001-07-27 00:00:00+09:00,799.2903100115255,799.2903100115255,765.7716841078164,768.99462890625,111200,0.0,0.0
2001-07-30 00:00:00+09:00,767.0605318178689,768.9942978644685,709.0475504198788,731.608154296875,80000,0.0,0.0
2001-07-31 00:00:00+09:00,739.987987404098,754.8135307057481,727.7407994592568,753.5243530273438,122400,0.0,0.0
2001-08-01 00:00:00+09:00,753.5243059371337,773.5065587036445,746.433829149017,756.1026611328125,92700,0.0,0.0
2001-08-02 00:00:00+09:00,778.663410546875,805.7361450195312,774.1512881347655,805.7361450195312,180300,0.0,0.0
2001-08-03 00:00:00+09:00,831.5193520340265,831.5193520340265,786.3981468848933,788.9765014648438,83200,0.0,0.0
2001-08-06 00:00:00+09:00,801.8686431610282,801.8686431610282,767.0608403228485,788.332275390625,48000,0.0,0.0
2001-08-07 00:00:00+09:00,783.8199561866554,783.8199561866554,756.7472274367874,763.193115234375,50400,0.0,0.0
2001-08-08 00:00:00+09:00,763.8378362713639,769.6391362936781,741.2772250734755,741.9218139648438,112400,0.0,0.0
2001-08-09 00:00:00+09:00,721.9395719800182,727.7408721120005,709.6923828125,709.6923828125,87300,0.0,0.0
2001-08-10 00:00:00+09:00,715.493761169544,741.2773201306086,712.2708162994109,712.9154052734375,46200,0.0,0.0
2001-08-13 00:00:00+09:00,709.0476253318051,719.3610453366314,663.2818240603885,667.7939453125,96900,0.0,0.0
2001-08-14 00:00:00+09:00,668.4385794902325,686.4870657252629,668.4385794902325,676.1736450195312,136200,0.0,0.0
2001-08-15 00:00:00+09:00,680.0412171898819,687.1316943359375,660.0589634146341,660.7035522460938,75800,0.0,0.0
2001-08-16 00:00:00+09:00,651.0345526460427,658.1250279718907,638.1427793263191,641.36572265625,104400,0.0,0.0
2001-08-17 00:00:00+09:00,638.142800680021,644.5886875555767,632.3415024920208,634.2752685546875,145700,0.0,0.0
2001-08-20 00:00:00+09:00,628.4740424401981,631.6969862475838,620.0943885409955,625.2510986328125,72000,0.0,0.0
2001-08-21 00:00:00+09:00,624.6064417184876,628.4739738653514,619.449732189336,623.9618530273438,129300,0.0,0.0
2001-08-22 00:00:00+09:00,618.8053075396826,622.0282518497851,609.136474609375,609.136474609375,144400,0.0,0.0
2001-08-23 00:00:00+09:00,610.4257302374589,620.7391533460116,610.4257302374589,612.3594970703125,71000,0.0,0.0
2001-08-24 00:00:00+09:00,612.3593041204637,615.5822478263608,596.8891743321572,599.467529296875,78900,0.0,0.0
2001-08-27 00:00:00+09:00,605.9133440365425,622.0280606332591,596.2445140785127,597.53369140625,133100,0.0,0.0
2001-08-28 00:00:00+09:00,580.7745903787411,587.2204792841655,560.7923347719253,579.4854125976562,292000,0.0,0.0
2001-08-29 00:00:00+09:00,573.039188342148,577.5513079353932,567.2378917222612,573.6837768554688,75800,0.0,0.0
2001-08-30 00:00:00+09:00,573.6842325383966,586.5760130448774,565.9491642345081,567.2383422851562,374200,0.0,0.0
2001-08-31 00:00:00+09:00,560.79248046875,576.9072069190015,559.5033023527299,560.79248046875,196500,0.0,0.0
2001-09-03 00:00:00+09:00,573.6839792426593,573.6839792426593,554.9909057617188,554.9909057617188,115600,0.0,0.0
2001-09-04 00:00:00+09:00,554.9911789466595,560.79248046875,538.8764524964081,560.79248046875,136000,0.0,0.0
2001-09-05 00:00:00+09:00,560.1476970982636,560.1476970982636,532.4303772188329,547.2559204101562,141600,0.0,0.0
2001-09-06 00:00:00+09:00,534.3641403486145,547.2559169553361,534.3641403486145,546.611328125,99200,0.0,0.0
2001-09-07 00:00:00+09:00,535.0086312642911,535.6532199766577,518.8939134551258,528.562744140625,264600,0.0,0.0
2001-09-10 00:00:00+09:00,516.31545459265,517.6046317576753,504.06827152490916,504.7128601074219,196800,0.0,0.0
2001-09-11 00:00:00+09:00,504.06837721246626,517.6047402833892,504.06837721246626,507.29132080078125,108500,0.0,0.0
2001-09-12 00:00:00+09:00,475.0619506835937,475.0619506835937,475.0619506835937,475.06195068359375,30300,0.0,0.0
2001-09-13 00:00:00+09:00,444.76635715992154,455.07977993464436,443.4771793130812,450.5676574707031,296400,0.0,0.0
2001-09-14 00:00:00+09:00,451.21226130305115,482.15253064954607,449.9230834136138,476.9958190917969,211000,0.0,0.0
2001-09-17 00:00:00+09:00,457.6579788871433,461.525511103091,434.45278559145714,444.7662048339844,186600,0.0,0.0
2001-09-18 00:00:00+09:00,470.54975267273284,476.995639695647,462.81468824523586,466.6822204589844,134400,0.0,0.0
2001-09-19 00:00:00+09:00,466.68239055907173,473.12827993143463,457.01355650052744,458.302734375,227300,0.0,0.0
2001-09-20 00:00:00+09:00,490.53217624531356,490.53217624531356,465.3932079489046,480.86334228515625,226200,0.0,0.0
2001-09-21 00:00:00+09:00,476.99581909179693,485.3754753731393,460.8810954738308,476.9958190917969,260400,0.0,0.0
2001-09-24 00:00:00+09:00,476.99581909179693,476.99581909179693,476.99581909179693,476.9958190917969,0,0.0,0.0
2001-09-25 00:00:00+09:00,507.8009471215572,520.7715971118907,502.6126871254238,511.0436096191406,172000,4.5,0.0
2001-09-26 00:00:00+09:00,525.3113551121883,525.3113551121883,511.04363929432634,516.8804321289062,120400,0.0,0.0
2001-09-27 00:00:00+09:00,517.5290201307852,518.8260853441456,496.12744411033924,512.3407592773438,130500,0.0,0.0
2001-09-28 00:00:00+09:00,512.3407592773438,512.3407592773438,512.3407592773438,512.3407592773438,0,0.0,0.0
2001-10-01 00:00:00+09:00,509.0981048858212,512.3407679742659,496.1274525320423,505.2069091796875,142500,0.0,0.0
2001-10-02 00:00:00+09:00,512.3407679742659,512.3407679742659,503.90984394430967,505.2069091796875,149300,0.0,0.0
2001-10-03 00:00:00+09:00,512.3407514018397,518.8260773689517,502.61276245117193,502.6127624511719,93300,0.0,0.0
2001-10-04 00:00:00+09:00,511.0436812674164,518.826072352707,507.1524857247711,509.09808349609375,180600,0.0,0.0
2001-10-05 00:00:00+09:00,518.8260119700292,556.4408978378564,517.5289469401041,554.4953002929688,256800,0.0,0.0
2001-10-08 00:00:00+09:00,554.4953002929688,554.4953002929688,554.4953002929688,554.4953002929688,0,0.0,0.0
2001-10-09 00:00:00+09:00,560.9807418878863,571.3572642811882,533.7423706054688,533.7423706054688,195400,0.0,0.0
2001-10-10 00:00:00+09:00,532.4451154782131,535.0392451516757,522.7171292027281,523.3656616210938,92700,0.0,0.0
2001-10-11 00:00:00+09:00,542.8217346618226,560.9806457377258,542.8217346618226,556.44091796875,126700,0.0,0.0
2001-10-12 00:00:00+09:00,573.9513421492143,577.842537689209,564.8718858892267,570.7086791992188,149800,0.0,0.0
2001-10-15 00:00:00+09:00,557.737811748798,557.737811748798,541.5245032677283,548.0098266601562,137200,0.0,0.0
2001-10-16 00:00:00+09:00,535.0392859322684,551.2525976271857,532.4451560610817,544.7672729492188,61800,0.0,0.0
2001-10-17 00:00:00+09:00,570.7086356026786,609.6205880301338,564.2233101981026,590.1646118164062,316500,0.0,0.0
2001-10-18 00:00:00+09:00,591.4616554054054,607.6749683277027,591.4616554054054,599.892578125,269700,0.0,0.0
2001-10-19 00:00:00+09:00,606.3779932657877,622.59130859375,603.1353302001953,622.59130859375,136100,0.0,0.0
2001-10-22 00:00:00+09:00,620.6457357162084,626.4825294690254,601.1897565401517,607.0265502929688,150900,0.0,0.0
2001-10-23 00:00:00+09:00,619.9972155448718,654.369446113782,619.9972155448718,632.3193359375,254200,0.0,0.0
2001-10-24 00:00:00+09:00,635.5619608561198,645.2899500528971,622.59130859375,622.59130859375,272100,0.0,0.0
2001-10-25 00:00:00+09:00,635.5621128300598,635.5621128300598,620.6458591615992,623.239990234375,156000,0.0,0.0
2001-10-26 00:00:00+09:00,629.7252685673242,638.1561938931483,625.1855395457266,626.4826049804688,157800,0.0,0.0
2001-10-29 00:00:00+09:00,632.9679923930921,632.9679923930921,603.1354845548931,616.1061401367188,88000,0.0,0.0
2001-10-30 00:00:00+09:00,590.1647580961941,593.4074216022171,572.6543751636697,580.436767578125,160900,0.0,0.0
2001-10-31 00:00:00+09:00,573.9513350506218,590.1646496000744,570.7086721407312,572.0057373046875,53700,0.0,0.0
2001-11-01 00:00:00+09:00,583.679233164888,588.2189605339483,577.1939083519449,583.0307006835938,101200,0.0,0.0
2001-11-02 00:00:00+09:00,584.9763782555657,592.7587690971031,584.9763782555657,590.8131713867188,65900,0.0,0.0
2001-11-05 00:00:00+09:00,596.6499155405405,607.6749683277027,592.7587204391891,599.892578125,104700,0.0,0.0
2001-11-06 00:00:00+09:00,606.3780354045111,618.7001559100573,601.8383067972047,614.8089599609375,94100,0.0,0.0
2001-11-07 00:00:00+09:00,608.3236359148394,608.3236359148394,580.4367314965685,586.9220581054688,120600,0.0,0.0
2001-11-08 00:00:00+09:00,596.0015061557554,596.0015061557554,586.9220490434805,594.055908203125,50900,0.0,0.0
2001-11-09 00:00:00+09:00,594.055908203125,594.055908203125,594.055908203125,594.055908203125,0,0.0,0.0
2001-11-12 00:00:00+09:00,580.4365230155979,580.4365230155979,562.2776150329871,562.9261474609375,139100,0.0,0.0
2001-11-13 00:00:00+09:00,551.2528076171875,567.4661254882812,550.6042749023437,567.4661254882812,49100,0.0,0.0
2001-11-14 00:00:00+09:00,591.4618504427931,604.4325050577667,586.9221213275524,597.2986450195312,77800,0.0,0.0
2001-11-15 00:00:00+09:00,603.1354845548931,616.1061401367188,600.541353438528,616.1061401367188,131000,0.0,0.0
2001-11-16 00:00:00+09:00,622.5911857745399,645.2898227559033,622.5911857745399,634.2647705078125,142500,0.0,0.0
2001-11-19 00:00:00+09:00,648.5325728744638,680.9592015181869,640.7501819999702,680.3106689453125,215200,0.0,0.0
2001-11-20 00:00:00+09:00,687.4447408536586,687.4447408536586,658.2607660060976,664.74609375,116300,0.0,0.0
2001-11-21 00:00:00+09:00,626.4825067665372,664.0973984771574,626.4825067665372,638.8046264648438,59800,0.0,0.0
2001-11-22 00:00:00+09:00,648.5324501991272,664.0972290039062,642.695658147335,664.0972290039062,34400,0.0,0.0
2001-11-23 00:00:00+09:00,664.0972290039062,664.0972290039062,664.0972290039062,664.0972290039062,0,0.0,0.0
2001-11-26 00:00:00+09:00,664.0973282442748,687.4444999403626,650.4781447548902,679.662109375,89500,0.0,0.0
2001-11-27 00:00:00+09:00,692.632793550457,727.0050201966875,687.4445329246108,718.5740966796875,158500,0.0,0.0
2001-11-28 00:00:00+09:00,712.7373026389361,712.7373026389361,656.9635009765625,656.9635009765625,61100,0.0,0.0
2001-11-29 00:00:00+09:00,631.0222721557617,656.9635783081054,631.0222721557617,648.5326538085938,143900,0.0,0.0
2001-11-30 00:00:00+09:00,648.5325404575892,687.4444928850446,647.8840079171316,680.9591674804688,100800,0.0,0.0
2001-12-03 00:00:00+09:00,680.9592464853665,680.9592464853665,612.8633218368299,638.8046264648438,95200,0.0,0.0
2001-12-04 00:00:00+09:00,638.8046431908241,674.4739379882812,629.0766537006085,674.4739379882812,121800,0.0,0.0
2001-12-05 00:00:00+09:00,686.795870985743,706.900377124136,680.9590788810483,703.65771484375,96800,0.0,0.0
2001-12-06 00:00:00+09:00,717.925502411681,731.5446853842603,713.3857747541546,724.4108276367188,176000,0.0,0.0
2001-12-07 00:00:00+09:00,719.2226520592059,752.2978145975462,714.0343912688779,736.7330322265625,170700,0.0,0.0
2001-12-10 00:00:00+09:00,725.0595751953125,745.8126220703125,719.8713134765625,745.8126220703125,108300,0.0,0.0
2001-12-11 00:00:00+09:00,706.900661618856,725.7081104142201,706.900661618856,707.5491943359375,112000,0.0,0.0
2001-12-12 00:00:00+09:00,707.5489820516206,726.3564252042302,703.657786916598,724.4108276367188,81700,0.0,0.0
2001-12-13 00:00:00+09:00,726.3564417155847,726.3564417155847,700.4151402257423,704.3063354492188,43000,0.0,0.0
2001-12-14 00:00:00+09:00,649.1811756807216,675.1224814022289,640.101718678194,661.5032958984375,290300,0.0,0.0
2001-12-17 00:00:00+09:00,622.5913173406217,644.6414264964353,567.4660444510874,615.4574584960938,510900,0.0,0.0
2001-12-18 00:00:00+09:00,616.1060278455196,625.83401775887,586.9220581054688,586.9220581054688,222400,0.0,0.0
2001-12-19 00:00:00+09:00,599.8926771448014,609.6206665039062,598.5956118969208,609.6206665039062,71800,0.0,0.0
2001-12-20 00:00:00+09:00,615.4574656501618,616.1059982799301,609.6206719822467,614.160400390625,173300,0.0,0.0
2001-12-21 00:00:00+09:00,584.3279241126353,584.3279241126353,567.4660750261442,576.5455322265625,164700,0.0,0.0
2001-12-24 00:00:00+09:00,576.5455322265625,576.5455322265625,576.5455322265625,576.5455322265625,0,0.0,0.0
2001-12-25 00:00:00+09:00,576.5455710224721,579.1397018257228,557.7381226989044,564.2234497070312,92200,0.0,0.0
2001-12-26 00:00:00+09:00,564.2232123168383,575.8967960199452,562.9261474609375,562.9261474609375,55000,0.0,0.0
2001-12-27 00:00:00+09:00,575.8969976684299,583.030856873782,569.4116711181097,582.38232421875,39500,0.0,0.0
2001-12-28 00:00:00+09:00,588.8673706054688,594.0556293773232,587.5703059125052,588.8673706054688,34000,0.0,0.0
2001-12-31 00:00:00+09:00,588.8673706054688,588.8673706054688,588.8673706054688,588.8673706054688,0,0.0,0.0
2002-01-01 00:00:00+09:00,588.8673706054688,588.8673706054688,588.8673706054688,588.8673706054688,0,0.0,0.0
2002-01-02 00:00:00+09:00,588.8673706054688,588.8673706054688,588.8673706054688,588.8673706054688,0,0.0,0.0
2002-01-03 00:00:00+09:00,588.8673706054688,588.8673706054688,588.8673706054688,588.8673706054688,0,0.0,0.0
2002-01-04 00:00:00+09:00,647.2354806187641,647.2354806187641,629.0765693388789,645.9384155273438,88600,0.0,0.0
2002-01-07 00:00:00+09:00,651.7752403568069,677.0680108781158,645.2899145821123,656.9635009765625,114700,0.0,0.0
2002-01-08 00:00:00+09:00,643.9929730127727,644.6415057146991,600.5412819837136,612.8634033203125,164900,0.0,0.0
2002-01-09 00:00:00+09:00,625.1854517487047,628.4281148801814,622.5913212435233,625.833984375,110500,0.0,0.0
2002-01-10 00:00:00+09:00,624.536840950869,626.4824385862299,606.3779296875,606.3779296875,64000,0.0,0.0
2002-01-11 00:00:00+09:00,586.9219291039312,593.4072542874001,583.6792665121968,588.218994140625,83700,0.0,0.0
2002-01-14 00:00:00+09:00,588.218994140625,588.218994140625,588.218994140625,588.218994140625,0,0.0,0.0
2002-01-15 00:00:00+09:00,573.3029075184087,580.4367672273482,564.2234497070312,564.2234497070312,162400,0.0,0.0
2002-01-16 00:00:00+09:00,564.2233532992276,570.7086791992188,562.9262881192294,570.7086791992188,57300,0.0,0.0
2002-01-17 00:00:00+09:00,562.9263162875394,570.7087077569523,560.9807184201861,565.5204467773438,44500,0.0,0.0
2002-01-18 00:00:00+09:00,570.7086791992188,581.7337332292037,562.9262881192294,570.7086791992188,84900,0.0,0.0
2002-01-21 00:00:00+09:00,570.0600510577074,590.1645579778312,564.2232587260585,583.0307006835938,34400,0.0,0.0
2002-01-22 00:00:00+09:00,583.6793999922902,594.704455325478,573.9514099924187,591.4617919921875,38300,0.0,0.0
2002-01-23 00:00:00+09:00,564.8717925777855,568.7629874749919,557.7379352662406,559.6835327148438,87800,0.0,0.0
2002-01-24 00:00:00+09:00,566.8175681053559,583.6794179574603,560.9807739257812,560.9807739257812,35900,0.0,0.0
2002-01-25 00:00:00+09:00,583.6795578510428,586.9222220613264,573.9515652201922,584.9766235351562,66200,0.0,0.0
2002-01-28 00:00:00+09:00,597.9470497982768,597.9470497982768,586.9219957347511,592.7587890625,55900,0.0,0.0
2002-01-29 00:00:00+09:00,580.4366929954458,581.0852256133178,552.5497904269495,555.1439208984375,107100,0.0,0.0
2002-01-30 00:00:00+09:00,555.1436823918269,555.7922147310696,538.2818415715144,548.0098266601562,132600,0.0,0.0
2002-01-31 00:00:00+09:00,548.0098266601562,548.0098266601562,548.0098266601562,548.0098266601562,0,0.0,0.0
2002-02-01 00:00:00+09:00,551.2527110964753,551.2527110964753,517.5290158293968,529.8511352539062,175400,0.0,0.0
2002-02-04 00:00:00+09:00,518.8261382433833,519.4746709161875,505.8554847872987,508.4496154785156,62000,0.0,0.0
2002-02-05 00:00:00+09:00,496.12744852568494,503.9098398751075,493.53331807587745,494.83038330078125,86200,0.0,0.0
2002-02-06 00:00:00+09:00,507.80106484300734,511.69226074218744,504.5584015936905,511.6922607421875,84600,0.0,0.0
2002-02-07 00:00:00+09:00,511.69230220882037,511.69230220882037,506.50404058946606,509.7467041015625,40700,0.0,0.0
2002-02-08 00:00:00+09:00,505.8556031645014,525.3115879015976,505.8556031645014,519.4747924804688,72100,0.0,0.0
2002-02-11 00:00:00+09:00,519.4747924804688,519.4747924804688,519.4747924804688,519.4747924804688,0,0.0,0.0
2002-02-12 00:00:00+09:00,528.5541127947147,564.2234087501862,528.5541127947147,544.118896484375,59700,0.0,0.0
2002-02-13 00:00:00+09:00,531.148467537858,543.4705931583944,531.148467537858,536.3367309570312,39100,0.0,0.0
2002-02-14 00:00:00+09:00,551.2527251912055,562.2777796950296,550.6041925733334,555.1439208984375,52600,0.0,0.0
2002-02-15 00:00:00+09:00,557.7380822128277,559.0351475202995,529.2026454484505,544.118896484375,108900,0.0,0.0
2002-02-18 00:00:00+09:00,551.252713823049,574.5998875849664,551.252713823049,573.9513549804688,65700,0.0,0.0
2002-02-19 00:00:00+09:00,583.6793237802933,583.6793237802933,567.4660092308408,572.0057373046875,84200,0.0,0.0
2002-02-20 00:00:00+09:00,565.520390690984,584.9763674349398,560.3321302259291,575.8969116210938,70500,0.0,0.0
2002-02-21 00:00:00+09:00,575.8970393105159,619.348730339575,575.8970393105159,612.8634033203125,132800,0.0,0.0
2002-02-22 00:00:00+09:00,606.37791656166,609.6205792170699,596.6499285954301,603.13525390625,94100,0.0,0.0
2002-02-25 00:00:00+09:00,612.8633296236079,618.7001232390709,603.135340264503,609.6206665039062,71000,0.0,0.0
2002-02-26 00:00:00+09:00,629.0766900161217,629.0766900161217,597.2985891802557,601.8383178710938,77100,0.0,0.0
2002-02-27 00:00:00+09:00,595.3528764204545,615.4573853191845,594.0558113302139,606.3779296875,99000,0.0,0.0
2002-02-28 00:00:00+09:00,593.4072269667064,606.3778767364704,587.5704345703125,587.5704345703125,106600,0.0,0.0
2002-03-01 00:00:00+09:00,590.8132204096369,616.1059927433096,590.8132204096369,609.6206665039062,55500,0.0,0.0
2002-03-04 00:00:00+09:00,672.5283400902381,674.4739379882812,662.1518179673415,674.4739379882812,184100,0.0,0.0
2002-03-05 00:00:00+09:00,732.8417986024101,732.8417986024101,680.95919339162,687.4445190429688,257800,0.0,0.0
2002-03-06 00:00:00+09:00,669.2854886054993,693.9297217130661,661.5030992031097,664.0972290039062,110900,0.0,0.0
2002-03-07 00:00:00+09:00,702.360965745866,726.3566774103139,693.9300400259249,723.114013671875,149000,0.0,0.0
2002-03-08 00:00:00+09:00,749.0551613095199,810.665758992987,736.0845091656321,779.5361938476562,598600,0.0,0.0
2002-03-11 00:00:00+09:00,784.7242772420248,810.0170432027181,778.2389526367188,778.2389526367188,311100,0.0,0.0
2002-03-12 00:00:00+09:00,778.2389322916666,778.2389322916666,763.3226860894097,770.45654296875,177600,0.0,0.0
2002-03-13 00:00:00+09:00,745.8125723779729,745.8125723779729,732.8419189453125,732.8419189453125,249500,0.0,0.0
2002-03-14 00:00:00+09:00,712.7374061246888,732.8419189453125,710.1432754381567,732.8419189453125,73000,0.0,0.0
2002-03-15 00:00:00+09:00,762.6743058190589,765.2684361109605,719.8711560026832,747.758056640625,89900,0.0,0.0
2002-03-18 00:00:00+09:00,760.7285698553856,778.238946143617,760.7285698553856,762.025634765625,91600,0.0,0.0
2002-03-19 00:00:00+09:00,739.3271545923056,771.7537841796875,739.3271545923056,771.7537841796875,124400,0.0,0.0
2002-03-20 00:00:00+09:00,778.2390814177029,778.2390814177029,738.6785947789697,743.2183227539062,158100,0.0,0.0
2002-03-21 00:00:00+09:00,743.2183227539062,743.2183227539062,743.2183227539062,743.2183227539062,0,0.0,0.0
2002-03-22 00:00:00+09:00,756.1888360327127,756.1888360327127,745.8123168418693,751.6491088867188,131400,0.0,0.0
2002-03-25 00:00:00+09:00,777.5908159601609,778.8878815414121,759.4318978226424,773.0510864257812,194700,0.0,0.0
2002-03-26 00:00:00+09:00,760.3563419815157,771.423172301452,738.8736713604626,750.5914916992188,157700,4.5,0.0
2002-03-27 00:00:00+09:00,776.6312029042921,797.4628864692019,763.6114006762235,793.5569458007812,195700,0.0,0.0
2002-03-28 00:00:00+09:00,800.0667299181349,800.0667299181349,764.9132690429688,764.9132690429688,74900,0.0,0.0
2002-03-29 00:00:00+09:00,755.148681640625,792.2551254798626,755.148681640625,755.148681640625,41400,0.0,0.0
2002-04-01 00:00:00+09:00,781.1880194481382,781.1880194481382,755.1484187998669,764.9132690429688,41400,0.0,0.0
2002-04-02 00:00:00+09:00,764.9133388194701,781.188090709246,764.2623487438791,772.7252197265625,30800,0.0,0.0
2002-04-03 00:00:00+09:00,749.2898389625225,781.1883638184422,749.2898389625225,766.8665771484375,127500,0.0,0.0
2002-04-04 00:00:00+09:00,753.8466475034329,779.2352651654656,753.8466475034329,762.9605102539062,170000,0.0,0.0
2002-04-05 00:00:00+09:00,768.1682222073531,768.1682222073531,750.5914916992188,750.5914916992188,103000,0.0,0.0
2002-04-08 00:00:00+09:00,755.1484854934563,764.9133365989751,755.1484854934563,761.6583862304688,53900,0.0,0.0
2002-04-09 00:00:00+09:00,762.3092932505151,765.5642432643943,751.8934532061015,760.3563232421875,77600,0.0,0.0
2002-04-10 00:00:00+09:00,747.3365416051198,750.5914916992188,734.316741228724,750.5914916992188,89700,0.0,0.0
2002-04-11 00:00:00+09:00,763.6115547969424,768.1684864964978,754.4976913978314,755.148681640625,54600,0.0,0.0
2002-04-12 00:00:00+09:00,768.1682191240026,768.1682191240026,740.8266384433177,764.9132690429688,50600,0.0,0.0
2002-04-15 00:00:00+09:00,751.8937881443283,761.658642535813,742.779924045609,751.2427978515625,34700,0.0,0.0
2002-04-16 00:00:00+09:00,743.430959275498,758.4037369141464,743.430959275498,757.7527465820312,36400,0.0,0.0
2002-04-17 00:00:00+09:00,761.6584867157741,813.7376994826647,761.6584867157741,811.7847290039062,133200,0.0,0.0
2002-04-18 00:00:00+09:00,800.7178479804368,823.5025021912621,794.2079467773438,794.2079467773438,185500,0.0,0.0
2002-04-19 00:00:00+09:00,794.2080897838478,806.5769042968749,791.6041288337368,806.576904296875,89200,0.0,0.0
2002-04-22 00:00:00+09:00,822.8514708039907,842.3811734338321,819.5965203656837,831.96533203125,126000,0.0,0.0
2002-04-23 00:00:00+09:00,846.2872602442447,855.4011230468751,820.2476522367296,855.401123046875,144400,0.0,0.0
2002-04-24 00:00:00+09:00,852.7970717210036,865.8168743426983,838.4752888371394,846.2871704101562,74600,0.0,0.0
2002-04-25 00:00:00+09:00,846.2873386062739,865.1660561597985,846.2873386062739,852.7972412109375,64500,0.0,0.0
2002-04-26 00:00:00+09:00,844.3340296072554,852.7968996033188,835.2201696114947,839.777099609375,57700,0.0,0.0
2002-04-29 00:00:00+09:00,839.777099609375,839.777099609375,839.777099609375,839.777099609375,0,0.0,0.0
2002-04-30 00:00:00+09:00,813.737814418805,835.8714829709965,811.7848436641998,815.039794921875,61400,0.0,0.0
2002-05-01 00:00:00+09:00,846.2871748147551,846.2871748147551,820.2475694358396,820.8985595703125,42000,0.0,0.0
2002-05-02 00:00:00+09:00,820.2476591222426,837.8243946748621,816.9927080939797,830.0125122070312,29900,0.0,0.0
2002-05-03 00:00:00+09:00,830.0125122070311,830.0125122070311,830.0125122070311,830.0125122070312,0,0.0,0.0
2002-05-06 00:00:00+09:00,830.0125122070311,830.0125122070311,830.0125122070311,830.0125122070312,0,0.0,0.0
2002-05-07 00:00:00+09:00,839.7773276985465,839.7773276985465,800.7179171079165,802.0198974609375,38100,0.0,0.0
2002-05-08 00:00:00+09:00,813.7376994826647,825.4555223552151,807.2277978868033,811.7847290039062,113700,0.0,0.0
2002-05-09 00:00:00+09:00,824.1534401842085,845.6361127956453,824.1534401842085,831.3143310546875,109200,0.0,0.0
2002-05-10 00:00:00+09:00,839.7775481138436,845.6364612402192,826.7577411663422,841.0795288085938,76300,0.0,0.0
2002-05-13 00:00:00+09:00,826.7576596679688,826.7576596679688,811.1338928710937,813.7378540039062,43300,0.0,0.0
2002-05-14 00:00:00+09:00,820.2477676062275,830.0126219824922,813.7378646887178,814.3888549804688,46800,0.0,0.0
2002-05-15 00:00:00+09:00,822.2006869124464,839.7774236872967,820.8987064106057,826.1066284179688,51800,0.0,0.0
2002-05-16 00:00:00+09:00,833.2671996124031,841.0790796087695,826.7572996154313,839.777099609375,34900,0.0,0.0
2002-05-17 00:00:00+09:00,839.7772690993089,846.2871704101562,829.3614270019531,846.2871704101562,52200,0.0,0.0
2002-05-20 00:00:00+09:00,846.2872281863796,862.5619825745792,833.2674246758199,853.4481201171875,43400,0.0,0.0
2002-05-21 00:00:00+09:00,827.4082896151284,847.5889796057413,827.4082896151284,839.777099609375,29800,0.0,0.0
2002-05-22 00:00:00+09:00,813.737724881723,822.200597220493,813.737724881723,816.99267578125,108200,0.0,0.0
2002-05-23 00:00:00+09:00,830.0125591386379,835.871471320793,825.4556274414061,825.4556274414062,54800,0.0,0.0
2002-05-24 00:00:00+09:00,826.7578479742548,830.0128001316338,813.7380393447389,817.6439819335938,31800,0.0,0.0
2002-05-27 00:00:00+09:00,808.5295862854251,823.5023564018219,803.9726562500001,803.97265625,42700,0.0,0.0
2002-05-28 00:00:00+09:00,800.0667724609374,807.2276630199857,787.6979614953086,800.0667724609375,57400,0.0,0.0
2002-05-29 00:00:00+09:00,787.0471913800554,796.8120448711231,775.3293671907743,776.63134765625,54700,0.0,0.0
2002-05-30 00:00:00+09:00,768.1683843353323,770.7723449601979,755.1485812110046,756.4505615234375,56400,0.0,0.0
2002-05-31 00:00:00+09:00,755.1484854934563,774.6781877044939,753.8465053460537,761.6583862304688,39800,0.0,0.0
2002-06-03 00:00:00+09:00,762.309332505712,774.6781431953862,759.0543823242188,759.0543823242188,48900,0.0,0.0
2002-06-04 00:00:00+09:00,748.6389376401268,751.8938895429098,733.0151685067676,734.9681396484375,71100,0.0,0.0
2002-06-05 00:00:00+09:00,721.9482068425958,735.6190024636009,711.5323625599254,716.0892944335938,156900,0.0,0.0
2002-06-06 00:00:00+09:00,729.1090230855856,740.1758564717061,722.59912109375,722.59912109375,91600,0.0,0.0
2002-06-07 00:00:00+09:00,716.0892703034157,716.0892703034157,696.5595629315044,699.8145141601562,120900,0.0,0.0
2002-06-10 00:00:00+09:00,700.4654469873815,710.8812900652608,699.814456795014,703.7203979492188,86900,0.0,0.0
2002-06-11 00:00:00+09:00,696.5595703125,706.3244241019275,693.3046190493575,696.5595703125,63300,0.0,0.0
2002-06-12 00:00:00+09:00,683.5395572060033,693.304408023232,677.6806467156662,680.2846069335938,63100,0.0,0.0
2002-06-13 00:00:00+09:00,685.4929214625682,689.3988640350045,670.5201416015625,670.5201416015625,80800,0.0,0.0
2002-06-14 00:00:00+09:00,667.2648508884085,682.8886132506736,657.4999994119928,675.7277221679688,184100,0.0,0.0
2002-06-17 00:00:00+09:00,688.7477775664919,688.7477775664919,651.6413283025126,653.5942993164062,86400,0.0,0.0
2002-06-18 00:00:00+09:00,677.0300458889564,680.2849980326532,670.5201416015625,670.5201416015625,45600,0.0,0.0
2002-06-19 00:00:00+09:00,674.4258603852371,674.4258603852371,660.7550659179688,660.7550659179688,81800,0.0,0.0
2002-06-20 00:00:00+09:00,650.9903434693343,666.6141117125984,647.7353917519877,661.4061889648438,96700,0.0,0.0
2002-06-21 00:00:00+09:00,644.4805870758244,649.0375205197948,631.4607772359087,636.668701171875,68200,0.0,0.0
2002-06-24 00:00:00+09:00,625.6015301274318,664.0099487304688,618.4406385234757,664.0099487304688,54800,0.0,0.0
2002-06-25 00:00:00+09:00,677.0297556499756,683.53965714661,660.1040117587263,667.9158935546875,47900,0.0,0.0
2002-06-26 00:00:00+09:00,651.6410210792055,654.8959712344463,642.5271606445312,642.5271606445312,74900,0.0,0.0
2002-06-27 00:00:00+09:00,644.4802354491202,654.8960776381969,644.4802354491202,645.1312255859375,22900,0.0,0.0
2002-06-28 00:00:00+09:00,672.4731128877806,677.0300458889564,652.9434000255992,670.5201416015625,51400,0.0,0.0
2002-07-01 00:00:00+09:00,649.6882044695426,673.7748413085938,649.6882044695426,673.7748413085938,81600,0.0,0.0
2002-07-02 00:00:00+09:00,664.0100242690285,664.0100242690285,649.0372492119818,657.5001220703125,30100,0.0,0.0
2002-07-03 00:00:00+09:00,637.9704154741646,660.1040829497989,637.9704154741646,657.5001220703125,77500,0.0,0.0
2002-07-04 00:00:00+09:00,644.4801766531808,650.9900774274554,636.017305646624,637.9702758789062,89300,0.0,0.0
2002-07-05 00:00:00+09:00,643.1783377225281,644.480318163262,627.5545724337218,635.366455078125,130200,0.0,0.0
2002-07-08 00:00:00+09:00,654.8960513544713,655.5470414651616,639.9232788085938,639.9232788085938,130400,0.0,0.0
2002-07-09 00:00:00+09:00,637.9702758789062,637.9702758789062,623.6484941755023,637.9702758789062,137400,0.0,0.0
2002-07-10 00:00:00+09:00,640.574409274451,641.8763897811064,621.6956919279479,637.3194580078125,108100,0.0,0.0
2002-07-11 00:00:00+09:00,637.3194222047157,644.4803145890384,622.3466472193138,631.4605102539062,68700,0.0,0.0
2002-07-12 00:00:00+09:00,630.809349822998,630.809349822998,622.997469329834,624.950439453125,62100,0.0,0.0
2002-07-15 00:00:00+09:00,621.6955951136403,621.6955951136403,608.0248019226597,609.3267822265625,78600,0.0,0.0
2002-07-16 00:00:00+09:00,606.0719291611639,611.2798512162544,593.0521240234375,593.0521240234375,48900,0.0,0.0
2002-07-17 00:00:00+09:00,586.5422069040105,601.5149824409609,586.5422069040105,599.56201171875,50600,0.0,0.0
2002-07-18 00:00:00+09:00,606.0716809082031,650.989990234375,605.4206909179687,650.989990234375,95400,0.0,0.0
2002-07-19 00:00:00+09:00,630.158457010734,630.158457010734,615.1856837553137,619.7426147460938,59400,0.0,0.0
2002-07-22 00:00:00+09:00,600.2130266236798,622.3466957182623,598.9110460887043,604.7699584960938,71500,0.0,0.0
2002-07-23 00:00:00+09:00,602.1660846212636,623.6487665591033,599.5621231742527,613.8839111328125,66000,0.0,0.0
2002-07-24 00:00:00+09:00,620.3937436655405,624.2996853885135,602.166015625,602.166015625,36000,0.0,0.0
2002-07-25 00:00:00+09:00,611.279871983682,623.6486872847363,605.4209594726562,605.4209594726562,49300,0.0,0.0
2002-07-26 00:00:00+09:00,599.5621343470982,599.5621343470982,564.4086541573661,569.6165771484375,109200,0.0,0.0
2002-07-29 00:00:00+09:00,572.8715210673133,576.1264728915594,546.8319064733446,557.8987426757812,101400,0.0,0.0
2002-07-30 00:00:00+09:00,576.1263569374255,592.4011127831155,572.2204155344599,580.6832885742188,87500,0.0,0.0
2002-07-31 00:00:00+09:00,585.8911886499104,590.4481201171875,578.7302963441894,590.4481201171875,30800,0.0,0.0
2002-08-01 00:00:00+09:00,591.7500823360161,591.7500823360161,573.5223570275359,581.9852294921875,28900,0.0,0.0
2002-08-02 00:00:00+09:00,567.0124101204825,602.1658775676766,566.3614199825714,586.5421142578125,78900,0.0,0.0
2002-08-05 00:00:00+09:00,582.6361087290721,608.024721288216,582.6361087290721,600.8638305664062,61600,0.0,0.0
2002-08-06 00:00:00+09:00,587.8441920093567,591.0991432386444,580.6832993049237,581.3342895507812,47200,0.0,0.0
2002-08-07 00:00:00+09:00,600.8640094895944,608.6758926032187,593.703116635439,608.02490234375,54000,0.0,0.0
2002-08-08 00:00:00+09:00,618.4405491410856,622.3464894514503,607.3737182617188,607.3737182617188,72400,0.0,0.0
2002-08-09 00:00:00+09:00,622.3467377672697,624.9506990131579,616.4878249640213,618.4407958984375,67200,0.0,0.0
2002-08-12 00:00:00+09:00,606.0719497516592,617.1387844947077,604.1189789146506,605.4209594726562,27100,0.0,0.0
2002-08-13 00:00:00+09:00,595.655989035582,613.8837132902228,595.655989035582,609.3267822265625,15400,0.0,0.0
2002-08-14 00:00:00+09:00,605.4209227237402,624.2996396688891,598.9110203288612,621.6956787109375,49800,0.0,0.0
2002-08-15 00:00:00+09:00,622.3467377672697,624.9506990131579,616.4878249640213,618.4407958984375,39900,0.0,0.0
2002-08-16 00:00:00+09:00,605.4209896689966,618.4407958984375,605.4209896689966,618.4407958984375,29900,0.0,0.0
2002-08-19 00:00:00+09:00,618.4405691779946,618.4405691779946,611.9306684498051,615.8366088867188,39000,0.0,0.0
2002-08-20 00:00:00+09:00,615.185891856318,618.4408436650815,602.1660846212636,613.8839111328125,59700,0.0,0.0
2002-08-21 00:00:00+09:00,600.8639882623894,621.6956758294494,600.8639882623894,606.722900390625,41800,0.0,0.0
2002-08-22 00:00:00+09:00,605.4209339275909,617.1387584552217,604.1189534245208,611.2798461914062,83000,0.0,0.0
2002-08-23 00:00:00+09:00,611.2798461914062,611.2798461914062,611.2798461914062,611.2798461914062,0,0.0,0.0
2002-08-26 00:00:00+09:00,611.279902472245,621.6957474557977,609.977921849301,618.4407958984375,48300,0.0,0.0
2002-08-27 00:00:00+09:00,618.4406139845445,618.4406139845445,595.6559597851139,600.212890625,60800,0.0,0.0
2002-08-28 00:00:00+09:00,613.23285513112,613.23285513112,586.5422531561986,595.005126953125,35900,0.0,0.0
2002-08-29 00:00:00+09:00,585.8912658691406,585.8912658691406,572.8714599609375,572.8714599609375,67700,0.0,0.0
2002-08-30 00:00:00+09:00,566.3613965380323,592.4010009765625,566.3613965380323,592.4010009765625,44900,0.0,0.0
2002-09-02 00:00:00+09:00,598.910902086195,598.910902086195,580.683178979224,592.4010009765625,30700,0.0,0.0
2002-09-03 00:00:00+09:00,595.0051460353807,595.0051460353807,566.361572265625,566.361572265625,46800,0.0,0.0
2002-09-04 00:00:00+09:00,559.8514973195989,563.1064478854106,553.3415961879757,555.945556640625,51300,0.0,0.0
2002-09-05 00:00:00+09:00,562.455630387931,579.3813785246049,561.1536497620331,566.361572265625,24600,0.0,0.0
2002-09-06 00:00:00+09:00,555.9455433598271,562.4554443359375,555.294553262216,562.4554443359375,59800,0.0,0.0
2002-09-09 00:00:00+09:00,568.9654360958369,569.6164262973195,560.5025634765625,560.5025634765625,59700,0.0,0.0
2002-09-10 00:00:00+09:00,561.8046926618304,575.4754905133929,561.8046926618304,569.6165771484375,43900,0.0,0.0
2002-09-11 00:00:00+09:00,582.6362990475773,583.2872893258427,574.1734254301264,579.38134765625,56800,0.0,0.0
2002-09-12 00:00:00+09:00,559.8516020519195,561.8045727567517,557.8986313470872,558.5496215820312,87100,0.0,0.0
2002-09-13 00:00:00+09:00,552.0395142191275,554.6434741918591,534.4627844031883,539.0197143554688,145900,0.0,0.0
2002-09-16 00:00:00+09:00,539.0197143554688,539.0197143554688,539.0197143554688,539.0197143554688,0,0.0,0.0
2002-09-17 00:00:00+09:00,546.8318183366642,563.1065748347792,546.8318183366642,559.8516235351562,50700,0.0,0.0
2002-09-18 00:00:00+09:00,559.851713770329,566.3616174188211,539.6710124600031,557.8987426757812,45300,0.0,0.0
2002-09-19 00:00:00+09:00,556.5965734488321,582.6361792242161,556.5965734488321,572.2203369140625,44900,0.0,0.0
2002-09-20 00:00:00+09:00,572.2205386439732,575.4754905133929,553.3418178013393,569.6165771484375,21900,0.0,0.0
2002-09-23 00:00:00+09:00,569.6165771484375,569.6165771484375,569.6165771484375,569.6165771484375,0,0.0,0.0
2002-09-24 00:00:00+09:00,563.1065748347792,563.7575650947039,548.1337988565134,559.8516235351562,43800,0.0,0.0
2002-09-25 00:00:00+09:00,546.4362766917159,549.70835020484,533.3479826392197,536.6200561523438,58200,4.5,0.0
2002-09-26 00:00:00+09:00,556.9067520313479,556.9067520313479,520.9139537214487,522.877197265625,70800,0.0,0.0
2002-09-27 00:00:00+09:00,526.8038356129716,539.8921296654678,526.8038356129716,536.6200561523438,52700,0.0,0.0
2002-09-30 00:00:00+09:00,547.7449991861979,547.7449991861979,526.8037327895929,530.0758056640625,27200,0.0,0.0
2002-10-01 00:00:00+09:00,526.1492098807064,526.1492098807064,507.1711911163526,509.7888488769531,60400,0.0,0.0
2002-10-02 00:00:00+09:00,517.6420365578217,523.531768958606,499.97283935546875,499.97283935546875,39100,0.0,0.0
2002-10-03 00:00:00+09:00,498.0093417005474,502.5902423469388,479.6857391149819,480.99456787109375,59500,0.0,0.0
2002-10-04 00:00:00+09:00,471.17838768985683,482.3034329547562,465.94307227108067,468.56072998046875,45000,0.0,0.0
2002-10-07 00:00:00+09:00,464.6341225444407,465.94295105865035,451.54583740234375,451.54583740234375,64300,0.0,0.0
2002-10-08 00:00:00+09:00,438.45763391565396,450.23709273726854,438.45763391565396,441.7297058105469,117100,0.0,0.0
2002-10-09 00:00:00+09:00,441.72969019690225,445.00176197613854,420.7884308097899,422.0972595214844,86200,0.0,0.0
2002-10-10 00:00:00+09:00,406.3913789665949,412.935523555429,386.75894520009274,405.0825500488281,90600,0.0,0.0
2002-10-11 00:00:00+09:00,407.04580113917217,426.6782352777175,404.4281432540328,424.0605773925781,91000,0.0,0.0
2002-10-14 00:00:00+09:00,424.0605773925781,424.0605773925781,424.0605773925781,424.0605773925781,0,0.0,0.0
2002-10-15 00:00:00+09:00,454.81810642699315,457.4357645934794,445.00188830266956,453.50927734375,71800,0.0,0.0
2002-10-16 00:00:00+09:00,473.1418640313376,473.1418640313376,452.2005920410156,452.2005920410156,99900,0.0,0.0
2002-10-17 00:00:00+09:00,455.4724075427158,462.01655132924907,452.8547500281025,454.8179931640625,59700,0.0,0.0
2002-10-18 00:00:00+09:00,460.05330777330465,482.3033966272056,458.7444790171928,480.99456787109375,80600,0.0,0.0
2002-10-21 00:00:00+09:00,507.1712731695795,512.4065895377815,500.6271277093268,503.8992004394531,115100,0.0,0.0
2002-10-22 00:00:00+09:00,510.4432729085286,510.4432729085286,471.17840576171875,471.17840576171875,91500,0.0,0.0
2002-10-23 00:00:00+09:00,470.523968719269,470.523968719269,454.16360819356424,467.90631103515625,87000,0.0,0.0
2002-10-24 00:00:00+09:00,467.9064552371968,470.52411372803425,462.0167236328125,462.0167236328125,24300,0.0,0.0
2002-10-25 00:00:00+09:00,458.0901416979338,497.3550109863281,458.0901416979338,497.3550109863281,60200,0.0,0.0
2002-10-28 00:00:00+09:00,497.3551805106757,499.97283935546875,484.2668862867106,499.97283935546875,32100,0.0,0.0
2002-10-29 00:00:00+09:00,496.7007222175598,504.55369806289673,494.7374782562256,502.5904541015625,44700,0.0,0.0
2002-10-30 00:00:00+09:00,482.9579895500123,503.89925738957925,482.9579895500123,498.6639404296875,64500,0.0,0.0
2002-10-31 00:00:00+09:00,498.6637560786033,499.9725848347151,480.99456787109375,480.99456787109375,41700,0.0,0.0
2002-11-01 00:00:00+09:00,480.9945994557201,486.2299148239456,467.90631103515625,467.90631103515625,24600,0.0,0.0
2002-11-04 00:00:00+09:00,467.90631103515625,467.90631103515625,467.90631103515625,467.90631103515625,0,0.0,0.0
2002-11-05 00:00:00+09:00,474.450469108846,509.7888488769531,474.450469108846,509.7888488769531,79700,0.0,0.0
2002-11-06 00:00:00+09:00,518.9508019768487,520.2596312378244,507.17133862806776,509.13458251953125,53300,0.0,0.0
2002-11-07 00:00:00+09:00,510.4432643278864,518.9506520666845,484.2666866700461,514.3697509765625,39200,0.0,0.0
2002-11-08 00:00:00+09:00,503.89923981437585,503.89923981437585,496.0462646484375,496.0462646484375,20800,0.0,0.0
2002-11-11 00:00:00+09:00,484.266624292834,484.266624292834,474.4504089355469,474.4504089355469,33400,0.0,0.0
2002-11-12 00:00:00+09:00,473.7960300724186,503.89909275657783,472.4872012600639,492.7740478515625,78800,0.0,0.0
2002-11-13 00:00:00+09:00,499.31817045665923,499.31817045665923,478.3769103588701,480.99456787109375,42100,0.0,0.0
2002-11-14 00:00:00+09:00,481.6489826888489,483.6122258248089,454.8179931640625,454.8179931640625,60700,0.0,0.0
2002-11-15 00:00:00+09:00,458.0900500067349,480.99455250707166,458.0900500067349,474.4504089355469,46500,0.0,0.0
2002-11-18 00:00:00+09:00,480.9946006288819,480.9946006288819,461.36216795015207,472.4872131347656,23500,0.0,0.0
2002-11-19 00:00:00+09:00,467.90631103515625,469.21513987721266,462.01658124590256,467.90631103515625,31000,0.0,0.0
2002-11-20 00:00:00+09:00,458.7445091407616,486.8843292449738,458.09009471973343,467.90631103515625,50400,0.0,0.0
2002-11-21 00:00:00+09:00,477.06815542825836,490.81085949409294,477.06815542825836,482.9578857421875,68100,0.0,0.0
2002-11-22 00:00:00+09:00,503.89908614813106,503.89908614813106,487.5387262082567,500.62701416015625,69800,0.0,0.0
2002-11-25 00:00:00+09:00,499.9726746786795,513.7153790873866,499.9726746786795,507.1712341308594,52200,0.0,0.0
2002-11-26 00:00:00+09:00,507.8256427965666,509.7888862609863,490.81086610492906,497.3550109863281,43500,0.0,0.0
2002-11-27 00:00:00+09:00,490.8108026489577,503.89909071959653,490.8108026489577,501.28143310546875,30200,0.0,0.0
2002-11-28 00:00:00+09:00,519.6051677161691,519.6051677161691,510.44336375140045,511.0977783203125,92800,0.0,0.0
2002-11-29 00:00:00+09:00,517.6419967125202,542.5097538238675,511.0978501042709,531.3847045898438,129500,0.0,0.0
2002-12-02 00:00:00+09:00,531.3847045898438,531.3847045898438,531.3847045898438,531.3847045898438,0,0.0,0.0
2002-12-03 00:00:00+09:00,516.3330433461417,529.4213334182873,516.3330433461417,521.568359375,41500,0.0,0.0
2002-12-04 00:00:00+09:00,515.0242210615779,516.3330500858767,501.28151630644055,504.5535888671875,40500,0.0,0.0
2002-12-05 00:00:00+09:00,498.00936108780905,509.78882035138406,498.00936108780905,501.28143310546875,16600,0.0,0.0
2002-12-06 00:00:00+09:00,488.1931661660183,494.73731048459763,474.45046309700166,482.3034362792969,69100,0.0,0.0
2002-12-09 00:00:00+09:00,484.26665216072803,484.9210665555398,478.3769226074219,478.3769226074219,41600,0.0,0.0
2002-12-10 00:00:00+09:00,477.0680620747227,487.53869169501843,471.1783329133064,486.88427734375,37000,0.0,0.0
2002-12-11 00:00:00+09:00,486.230019914343,493.4285801015002,484.92119078940533,492.1197509765625,34000,0.0,0.0
2002-12-12 00:00:00+09:00,492.7741514352652,493.4285659790039,474.4505442105807,476.4137878417969,26800,0.0,0.0
2002-12-13 00:00:00+09:00,489.50207871657153,489.50207871657153,473.796129666842,476.4137878417969,114000,0.0,0.0
2002-12-16 00:00:00+09:00,464.63417009626113,465.2885844203404,458.09002685546875,458.09002685546875,32900,0.0,0.0
2002-12-17 00:00:00+09:00,464.63419357825967,486.8842817214439,464.63419357825967,474.4504089355469,31000,0.0,0.0
2002-12-18 00:00:00+09:00,467.90631103515625,471.1783831402972,466.5974821930999,467.90631103515625,43500,0.0,0.0
2002-12-19 00:00:00+09:00,461.36225684214446,467.9064023292671,458.09018409858317,463.32550048828125,40400,0.0,0.0
2002-12-20 00:00:00+09:00,469.86969365300354,486.23005903089364,468.56086442277234,484.2668151855469,83500,0.0,0.0
2002-12-23 00:00:00+09:00,484.2668151855468,484.2668151855468,484.2668151855468,484.2668151855469,0,0.0,0.0
2002-12-24 00:00:00+09:00,477.7223756968113,511.0975005742598,461.3620203647287,498.00921630859375,56100,0.0,0.0
2002-12-25 00:00:00+09:00,482.3032587003136,498.00919928214205,482.3032587003136,491.4650573730469,31000,0.0,0.0
2002-12-26 00:00:00+09:00,497.35504555133036,503.8991908875321,493.4285583496093,493.4285583496094,26800,0.0,0.0
2002-12-27 00:00:00+09:00,496.70052777458636,503.2446717505361,494.08287018420646,500.62701416015625,21800,0.0,0.0
2002-12-30 00:00:00+09:00,487.5388309156537,490.8109036063628,480.3402709960937,480.34027099609375,31500,0.0,0.0
2002-12-31 00:00:00+09:00,480.3402709960937,480.3402709960937,480.3402709960937,480.34027099609375,0,0.0,0.0
2003-01-01 00:00:00+09:00,480.3402709960937,480.3402709960937,480.3402709960937,480.34027099609375,0,0.0,0.0
2003-01-02 00:00:00+09:00,480.3402709960937,480.3402709960937,480.3402709960937,480.34027099609375,0,0.0,0.0
2003-01-03 00:00:00+09:00,480.3402709960937,480.3402709960937,480.3402709960937,480.34027099609375,0,0.0,0.0
2003-01-06 00:00:00+09:00,500.62699900241876,500.62699900241876,479.0313245356478,494.0828552246094,16900,0.0,0.0
2003-01-07 00:00:00+09:00,507.1712859133457,507.1712859133457,490.8109218516248,492.1197509765625,50400,0.0,0.0
2003-01-08 00:00:00+09:00,491.46523596191406,492.77406481933593,486.2299205322265,490.8108215332031,26700,0.0,0.0
2003-01-09 00:00:00+09:00,477.7224823164809,487.53869770654563,477.7224823164809,479.03131103515625,44900,0.0,0.0
2003-01-10 00:00:00+09:00,474.45052214183255,480.99466727482337,471.1784495753372,473.1416931152344,67900,0.0,0.0
2003-01-13 00:00:00+09:00,473.14169311523443,473.14169311523443,473.14169311523443,473.1416931152344,0,0.0,0.0
2003-01-14 00:00:00+09:00,466.59750459459093,474.45047802395294,466.59750459459093,471.17840576171875,51400,0.0,0.0
2003-01-15 00:00:00+09:00,471.178384289517,477.06811409313593,471.178384289517,472.4872131347656,73000,0.0,0.0
2003-01-16 00:00:00+09:00,467.9062575219383,467.9062575219383,464.6341857910157,464.6341857910156,61100,0.0,0.0
2003-01-17 00:00:00+09:00,461.3620857015314,472.4871289028449,461.3620857015314,469.2150573730469,90300,0.0,0.0
2003-01-20 00:00:00+09:00,464.63422739795686,465.28864180274275,454.8180113261691,457.4356689453125,113400,0.0,0.0
2003-01-21 00:00:00+09:00,458.7444550038062,464.6341840980063,458.7444550038062,460.05328369140625,122000,0.0,0.0
2003-01-22 00:00:00+09:00,461.3621702222181,463.97982792560657,445.00180957604016,446.3106384277344,215700,0.0,0.0
2003-01-23 00:00:00+09:00,445.00179525438125,457.4356689453125,439.7664800160944,457.4356689453125,214800,0.0,0.0
2003-01-24 00:00:00+09:00,458.0899967376842,458.0899967376842,449.5826110839844,449.5826110839844,113700,0.0,0.0
2003-01-27 00:00:00+09:00,451.54583740234375,456.12673720207766,445.0016948312953,451.54583740234375,85500,0.0,0.0
2003-01-28 00:00:00+09:00,448.92838402681576,454.1637004586153,448.92838402681576,450.2372131347656,29700,0.0,0.0
2003-01-29 00:00:00+09:00,450.89160508375903,450.89160508375903,438.4577291815944,442.38421630859375,54400,0.0,0.0
2003-01-30 00:00:00+09:00,439.7663404574207,443.69282564007625,433.2221984863281,433.2221984863281,30200,0.0,0.0
2003-01-31 00:00:00+09:00,433.222442487178,438.4577590127028,420.134151173366,428.64154052734375,62300,0.0,0.0
2003-02-03 00:00:00+09:00,438.4577855093036,439.76661471977917,428.64156643073716,437.1489562988281,59500,0.0,0.0
2003-02-04 00:00:00+09:00,438.4577767314032,444.347508060631,437.8033621392668,440.4210205078125,35700,0.0,0.0
2003-02-05 00:00:00+09:00,443.6928477829469,456.78113237831406,439.1119481745684,448.92816162109375,103400,0.0,0.0
2003-02-06 00:00:00+09:00,456.1267517089844,456.1267517089844,445.001708984375,445.001708984375,24000,0.0,0.0
2003-02-07 00:00:00+09:00,454.81807455925247,454.81807455925247,443.0386136354157,444.3474426269531,26400,0.0,0.0
2003-02-10 00:00:00+09:00,439.11204829463253,446.9650208423756,439.11204829463253,441.7297058105469,23200,0.0,0.0
2003-02-11 00:00:00+09:00,441.72970581054693,441.72970581054693,441.72970581054693,441.7297058105469,0,0.0,0.0
2003-02-12 00:00:00+09:00,442.3842384870662,454.1637004586153,442.3842384870662,450.2372131347656,64400,0.0,0.0
2003-02-13 00:00:00+09:00,454.81807135433127,457.4357293189605,445.65626847812894,452.8548278808594,74300,0.0,0.0
2003-02-14 00:00:00+09:00,453.509126586914,459.3988555036272,453.509126586914,458.09002685546875,60500,0.0,0.0
2003-02-17 00:00:00+09:00,467.90632805127774,467.90632805127774,453.50921026508456,465.9430847167969,71200,0.0,0.0
2003-02-18 00:00:00+09:00,464.63417009626113,465.2885844203404,454.81795523507253,458.09002685546875,48900,0.0,0.0
2003-02-19 00:00:00+09:00,458.0901310361665,462.67103234652814,451.5459863070784,455.47247314453125,82400,0.0,0.0
2003-02-20 00:00:00+09:00,456.126783883231,458.09002685546875,451.5458836146763,458.09002685546875,42800,0.0,0.0
2003-02-21 00:00:00+09:00,458.0900650573291,459.39889381463576,452.2003356494492,454.8179931640625,36400,0.0,0.0
2003-02-24 00:00:00+09:00,455.47252956656524,458.0901877824651,448.92838402681576,450.2372131347656,33300,0.0,0.0
2003-02-25 00:00:00+09:00,456.7811659869026,457.43558026482077,438.457566205193,445.001708984375,39900,0.0,0.0
2003-02-26 00:00:00+09:00,445.65626847812894,453.5092423720167,445.65626847812894,452.8548278808594,28100,0.0,0.0
2003-02-27 00:00:00+09:00,451.54596749187385,455.4724541657162,448.2738952636719,448.2738952636719,35800,0.0,0.0
2003-02-28 00:00:00+09:00,454.81810642699315,456.1269355102363,445.65630284429113,453.50927734375,30000,0.0,0.0
2003-03-03 00:00:00+09:00,453.5090967703074,453.5090967703074,441.0752254302845,449.5826110839844,58500,0.0,0.0
2003-03-04 00:00:00+09:00,454.16364419871365,458.0901310361665,449.58274288835196,455.47247314453125,35900,0.0,0.0
2003-03-05 00:00:00+09:00,452.2003356494492,457.43565067867576,451.5459212707958,454.8179931640625,20800,0.0,0.0
2003-03-06 00:00:00+09:00,456.12690928346484,458.0901527954453,451.5460077555104,454.1636657714844,26600,0.0,0.0
2003-03-07 00:00:00+09:00,454.8179063939337,454.8179063939337,437.80313579502393,438.4575500488281,24100,0.0,0.0
2003-03-10 00:00:00+09:00,437.1489169833896,439.1121606225366,428.64152788041946,435.840087890625,52300,0.0,0.0
2003-03-11 00:00:00+09:00,435.18563711515037,435.18563711515037,425.36941973661317,426.0238342285156,28400,0.0,0.0
2003-03-12 00:00:00+09:00,419.47965583046454,434.53118794294613,419.47965583046454,429.9502868652344,38700,0.0,0.0
2003-03-13 00:00:00+09:00,425.3694934045483,437.1489562988281,425.3694934045483,437.1489562988281,31500,0.0,0.0
2003-03-14 00:00:00+09:00,437.1487929672681,443.6929365745625,431.2590637207031,431.2590637207031,101300,0.0,0.0
2003-03-17 00:00:00+09:00,426.02370605468747,433.87667759486607,412.281005859375,412.281005859375,46400,0.0,0.0
2003-03-18 00:00:00+09:00,418.8253912325039,430.60485536091807,418.8253912325039,420.78863525390625,44700,0.0,0.0
2003-03-19 00:00:00+09:00,418.82532204198475,428.6415405273438,418.82532204198475,428.64154052734375,17500,0.0,0.0
2003-03-20 00:00:00+09:00,435.185494815602,448.27378037396596,434.5310805376838,445.001708984375,36600,0.0,0.0
2003-03-21 00:00:00+09:00,445.001708984375,445.001708984375,445.001708984375,445.001708984375,0,0.0,0.0
2003-03-24 00:00:00+09:00,458.0899799733922,458.0899799733922,448.2737661168195,451.54583740234375,64400,0.0,0.0
2003-03-25 00:00:00+09:00,431.913384229617,440.42076907050335,429.95014157402784,435.1854553222656,52500,0.0,0.0
2003-03-26 00:00:00+09:00,438.8093662261963,446.0569683710734,430.2440182367961,442.7626037597656,55800,4.5,0.0
2003-03-27 00:00:00+09:00,436.17391201350245,439.46827690786427,429.58518222477886,432.8795471191406,33200,0.0,0.0
2003-03-28 00:00:00+09:00,440.78608647958123,440.78608647958123,428.26749807433157,433.5384826660156,59300,0.0,0.0
2003-03-31 00:00:00+09:00,428.2674457303327,429.5851917171953,388.0761931310246,397.3004150390625,72200,0.0,0.0
2003-04-01 00:00:00+09:00,415.09001111984253,421.6787414550781,415.09001111984253,421.6787414550781,103400,0.0,0.0
2003-04-02 00:00:00+09:00,415.08999181135994,419.04322982861095,406.52464277398263,413.1133728027344,37600,0.0,0.0
2003-04-03 00:00:00+09:00,428.2674071476803,428.2674071476803,407.18347325733293,407.84234619140625,22000,0.0,0.0
2003-04-04 00:00:00+09:00,407.842390266953,414.4311203197309,405.20689824584184,413.7722473144531,40600,0.0,0.0
2003-04-07 00:00:00+09:00,413.7722719632662,421.67874849759613,406.52466847346375,411.13677978515625,76000,0.0,0.0
2003-04-08 00:00:00+09:00,409.81891771138004,410.47779056943693,395.9825876921856,401.2535705566406,81900,0.0,0.0
2003-04-09 00:00:00+09:00,395.9825876921856,403.23018913081125,395.9825876921856,401.2535705566406,221900,0.0,0.0
2003-04-10 00:00:00+09:00,395.9825422159831,395.9825422159831,389.39381439208984,395.32366943359375,187900,0.0,0.0
2003-04-11 00:00:00+09:00,390.0528692413685,396.641600140716,390.0528692413685,395.98272705078125,141500,0.0,0.0
2003-04-14 00:00:00+09:00,391.3706445396978,401.91261476298934,380.82867431640625,380.82867431640625,41300,0.0,0.0
2003-04-15 00:00:00+09:00,375.55765855690476,395.9827241977188,375.55765855690476,394.66497802734375,101900,0.0,0.0
2003-04-16 00:00:00+09:00,390.05281072138104,395.98266764113174,382.8052078194635,383.4640808105469,94700,0.0,0.0
2003-04-17 00:00:00+09:00,378.8520202636719,384.1230048934273,376.2165279487942,378.8520202636719,220900,0.0,0.0
2003-04-18 00:00:00+09:00,376.8753952854778,378.8520144915205,375.55764914811596,376.2165222167969,197300,0.0,0.0
2003-04-21 00:00:00+09:00,382.1463419931528,403.2302781031199,378.193103972534,399.9359130859375,290700,0.0,0.0
2003-04-22 00:00:00+09:00,403.88896967913655,406.52446050901676,388.73489740732555,390.0526428222656,208800,0.0,0.0
2003-04-23 00:00:00+09:00,392.02935381633483,393.34709954344856,378.1930236816407,378.1930236816406,235000,0.0,0.0
2003-04-24 00:00:00+09:00,379.5108962034228,384.7818808729148,379.5108962034228,380.1697692871094,87900,0.0,0.0
2003-04-25 00:00:00+09:00,378.8519156240199,378.8519156240199,352.49699975452285,361.0623474121094,262500,0.0,0.0
2003-04-28 00:00:00+09:00,363.0390463369864,363.0390463369864,355.13256982873986,355.79144287109375,90700,0.0,0.0
2003-04-29 00:00:00+09:00,355.79144287109375,355.79144287109375,355.79144287109375,355.79144287109375,0,0.0,0.0
2003-04-30 00:00:00+09:00,359.08587646484375,367.651227646574,359.08587646484375,359.08587646484375,70300,0.0,0.0
2003-05-01 00:00:00+09:00,365.67453445926793,371.6043917748236,363.03904231902095,367.6511535644531,101400,0.0,0.0
2003-05-02 00:00:00+09:00,365.6745460429377,373.58102271413634,363.0390538192048,372.9221496582031,71500,0.0,0.0
2003-05-05 00:00:00+09:00,372.9221496582031,372.9221496582031,372.9221496582031,372.9221496582031,0,0.0,0.0
2003-05-06 00:00:00+09:00,379.5108173076923,388.73503856169873,376.87532552083337,385.440673828125,127400,0.0,0.0
2003-05-07 00:00:00+09:00,386.099659428052,387.41740570596346,379.51092803849485,380.82867431640625,110100,0.0,0.0
2003-05-08 00:00:00+09:00,376.21641930113447,376.21641930113447,368.968817528258,371.60430908203125,76900,0.0,0.0
2003-05-09 00:00:00+09:00,366.33340602032376,371.604390279609,366.33340602032376,366.9922790527344,127700,0.0,0.0
2003-05-12 00:00:00+09:00,372.263235510528,383.464076225004,372.263235510528,381.4874572753906,108800,0.0,0.0
2003-05-13 00:00:00+09:00,394.66496938155433,395.32384245230816,382.1463810372312,390.71173095703125,196200,0.0,0.0
2003-05-14 00:00:00+09:00,388.73500941149615,394.0059925899571,386.0995178222656,386.0995178222656,61400,0.0,0.0
2003-05-15 00:00:00+09:00,390.0527352256642,390.0527352256642,376.87527795452695,378.1930236816406,90300,0.0,0.0
2003-05-16 00:00:00+09:00,379.51082910667543,383.46406690987,376.21646427068,377.5342102050781,92100,0.0,0.0
2003-05-19 00:00:00+09:00,377.53430862162764,388.0762788449192,375.5576892047605,380.82867431640625,157900,0.0,0.0
2003-05-20 00:00:00+09:00,392.0293957736458,421.6786778069467,390.7116499054991,407.84234619140625,687600,0.0,0.0
2003-05-21 00:00:00+09:00,401.25373568950886,404.5481013355639,388.73514623449955,392.6883850097656,485700,0.0,0.0
2003-05-22 00:00:00+09:00,392.0294434729768,395.32380854417835,386.09958634481416,389.3939514160156,190200,0.0,0.0
2003-05-23 00:00:00+09:00,395.32379454552535,405.8657624000727,389.3939376273425,396.64154052734375,357700,0.0,0.0
2003-05-26 00:00:00+09:00,398.6182431726648,399.9359894310868,390.05289249292156,392.6883850097656,179100,0.0,0.0
2003-05-27 00:00:00+09:00,395.3237383845723,395.3237383845723,382.1462804384199,386.0995178222656,204100,0.0,0.0
2003-05-28 00:00:00+09:00,394.6648571651282,394.6648571651282,382.14627238025764,382.8051452636719,110300,0.0,0.0
2003-05-29 00:00:00+09:00,386.0995004570444,397.95921207517887,384.78175472169613,391.3704833984375,216800,0.0,0.0
2003-05-30 00:00:00+09:00,394.0059238688151,395.32366943359375,387.41719604492187,395.32366943359375,288500,0.0,0.0
2003-06-02 00:00:00+09:00,403.88906198886815,411.7955362855507,399.27695198246994,401.2535705566406,494700,0.0,0.0
2003-06-03 00:00:00+09:00,406.5245534210957,406.5245534210957,395.3237148341287,401.2535705566406,295000,0.0,0.0
2003-06-04 00:00:00+09:00,403.230225734447,431.561761202717,402.57135281658026,428.92626953125,908400,0.0,0.0
2003-06-05 00:00:00+09:00,440.78602286560897,440.78602286560897,423.6553254149276,432.8795471191406,461600,0.0,0.0
2003-06-06 00:00:00+09:00,434.8561645135647,434.8561645135647,420.3609590297792,432.2206726074219,288300,0.0,0.0
2003-06-09 00:00:00+09:00,432.8795471191406,434.85616605575774,426.29081733041704,432.8795471191406,228200,0.0,0.0
2003-06-10 00:00:00+09:00,428.2674635093631,432.8795746548485,422.996479343094,431.56182861328125,188200,0.0,0.0
2003-06-11 00:00:00+09:00,434.1972806251655,437.491645425053,424.9730591854807,427.6085510253906,227500,0.0,0.0
2003-06-12 00:00:00+09:00,428.92625825301457,430.9028769546414,424.31414794921875,424.31414794921875,164900,0.0,0.0
2003-06-13 00:00:00+09:00,427.6086340351016,427.6086340351016,415.74891845323435,423.6553955078125,226900,0.0,0.0
2003-06-16 00:00:00+09:00,423.6552362337545,424.97298191410835,419.04312635251614,421.0197448730469,71700,0.0,0.0
2003-06-17 00:00:00+09:00,424.9731653386896,428.26753096147013,419.70218034224075,420.3610534667969,200600,0.0,0.0
2003-06-18 00:00:00+09:00,420.3609649658203,434.8561706542969,420.3609649658203,434.8561706542969,317100,0.0,0.0
2003-06-19 00:00:00+09:00,441.4449739741708,449.35145111997684,432.87962373288093,440.1272277832031,384200,0.0,0.0
2003-06-20 00:00:00+09:00,434.85612869262695,445.3980954488119,434.85612869262695,442.7626037597656,281300,0.0,0.0
2003-06-23 00:00:00+09:00,448.03359670273323,448.03359670273323,441.44486733945774,446.7158508300781,176200,0.0,0.0
2003-06-24 00:00:00+09:00,440.78595298164464,442.1036987304687,434.85609711193644,442.10369873046875,178900,0.0,0.0
2003-06-25 00:00:00+09:00,438.8093662261963,444.08034960428876,437.4916203816732,442.7626037597656,175100,0.0,0.0
2003-06-26 00:00:00+09:00,436.17382646292316,437.4915721622069,430.24397081614626,435.51495361328125,203200,0.0,0.0
2003-06-27 00:00:00+09:00,442.76270538015467,448.0336899680136,436.17397464533093,447.37481689453125,256500,0.0,0.0
2003-06-30 00:00:00+09:00,448.0335083007812,455.2811091703527,444.7391442691578,448.03350830078125,175200,0.0,0.0
2003-07-01 00:00:00+09:00,455.2811589630557,467.79974365234375,451.9867945711378,467.79974365234375,437600,0.0,0.0
2003-07-02 00:00:00+09:00,480.9773136043813,484.2716787660551,473.72971024869884,475.7063293457031,527600,0.0,0.0
2003-07-03 00:00:00+09:00,487.5660648400914,490.20155708247034,451.98691956797666,457.2579040527344,510700,0.0,0.0
2003-07-04 00:00:00+09:00,450.66912676836995,466.48207858480396,448.0336347989643,463.1877136230469,147200,0.0,0.0
2003-07-07 00:00:00+09:00,469.77632635708517,480.9771644329203,461.2109795932112,477.68280029296875,167800,0.0,0.0
2003-07-08 00:00:00+09:00,487.5660574061111,496.79028011379427,480.31845385007426,481.6361999511719,350800,0.0,0.0
2003-07-09 00:00:00+09:00,484.2715773323091,484.2715773323091,467.7997549740673,472.411865234375,152300,0.0,0.0
2003-07-10 00:00:00+09:00,469.11763526429525,473.07087376371345,463.84665059840427,464.5055236816406,129700,0.0,0.0
2003-07-11 00:00:00+09:00,451.32791793225294,459.89326527987237,450.6690450593591,453.9634094238281,127800,0.0,0.0
2003-07-14 00:00:00+09:00,467.1408769127276,467.1408769127276,457.25778360709865,457.9166564941406,134700,0.0,0.0
2003-07-15 00:00:00+09:00,461.2111394805026,469.11761615731126,455.9401550292969,455.9401550292969,145800,0.0,0.0
2003-07-16 00:00:00+09:00,448.03349099230405,451.32785489665923,440.78589040272266,441.44476318359375,225300,0.0,0.0
2003-07-17 00:00:00+09:00,438.15052313307314,438.15052313307314,422.33757192225545,429.5851745605469,203600,0.0,0.0
2003-07-18 00:00:00+09:00,415.09001111984253,424.97310662269587,415.09001111984253,421.6787414550781,205200,0.0,0.0
2003-07-21 00:00:00+09:00,421.6787414550781,421.6787414550781,421.6787414550781,421.6787414550781,0,0.0,0.0
2003-07-22 00:00:00+09:00,421.6786143543956,421.6786143543956,417.7253773448232,419.7019958496094,222400,0.0,0.0
2003-07-23 00:00:00+09:00,425.6319398092568,432.87954249950724,423.6553208937339,430.9029235839844,227900,0.0,0.0
2003-07-24 00:00:00+09:00,432.8794784887004,446.7158088513529,432.8794784887004,442.10369873046875,210900,0.0,0.0
2003-07-25 00:00:00+09:00,445.39824481502245,448.03373738789236,435.5151476667601,440.7861328125,233000,0.0,0.0
2003-07-28 00:00:00+09:00,459.8933933677012,459.8933933677012,450.66917057809115,455.9401550292969,242700,0.0,0.0
2003-07-29 00:00:00+09:00,459.234662660568,459.8935359212001,450.01043701171875,450.01043701171875,112200,0.0,0.0
2003-07-30 00:00:00+09:00,448.0336812488392,451.3280465521394,440.12720452091844,443.42156982421875,108800,0.0,0.0
2003-07-31 00:00:00+09:00,443.4213815262068,446.05687264969094,435.5149081557544,441.44476318359375,81700,0.0,0.0
2003-08-01 00:00:00+09:00,448.03355460017696,448.03355460017696,438.1504614839966,442.10369873046875,132700,0.0,0.0
2003-08-04 00:00:00+09:00,432.2205609489889,448.6923811071059,432.2205609489889,448.03350830078125,85200,0.0,0.0
2003-08-05 00:00:00+09:00,448.03363037109375,448.03363037109375,434.19729766845705,434.8561706542969,73300,0.0,0.0
2003-08-06 00:00:00+09:00,428.9263046684615,440.12714518975775,428.9263046684615,430.9029235839844,49600,0.0,0.0
2003-08-07 00:00:00+09:00,428.2675421274852,431.5619078361582,424.9731764188123,425.6320495605469,53700,0.0,0.0
2003-08-08 00:00:00+09:00,425.6319914452824,444.0804368949231,425.6319914452824,426.9497375488281,41600,0.0,0.0
2003-08-11 00:00:00+09:00,425.63187302809496,433.53834744966946,425.63187302809496,428.2673645019531,40500,0.0,0.0
2003-08-12 00:00:00+09:00,429.58520955093036,435.5150667379831,428.9263365301467,431.56182861328125,44800,0.0,0.0
2003-08-13 00:00:00+09:00,434.8562430193324,446.05708564255764,434.8562430193324,440.1272277832031,45200,0.0,0.0
2003-08-14 00:00:00+09:00,441.44480206524884,448.0335304542824,440.78592922634544,444.7391662597656,91700,0.0,0.0
2003-08-15 00:00:00+09:00,448.69248060240363,454.6223371742416,448.69248060240363,451.3279724121094,148800,0.0,0.0
2003-08-18 00:00:00+09:00,451.98706672988646,460.55241930640034,451.98706672988646,455.28143310546875,82100,0.0,0.0
2003-08-19 00:00:00+09:00,463.18764936634886,467.7997596729839,455.2811745549745,461.8699035644531,180500,0.0,0.0
2003-08-20 00:00:00+09:00,467.7998905343982,468.45876361965793,462.52890585232046,465.1643981933594,85100,0.0,0.0
2003-08-21 00:00:00+09:00,465.8232698481134,467.79988909782253,462.52890443193155,464.5055236816406,62100,0.0,0.0
2003-08-22 00:00:00+09:00,464.5053853645599,464.5053853645599,457.25778360709865,457.9166564941406,65500,0.0,0.0
2003-08-25 00:00:00+09:00,459.89348704680737,463.18785299986473,454.6225015219156,456.59912109375,49000,0.0,0.0
2003-08-26 00:00:00+09:00,451.98706672988646,457.91692620593454,450.66932017965354,455.28143310546875,51300,0.0,0.0
2003-08-27 00:00:00+09:00,461.2111424163027,465.164380779871,455.28128487095023,457.2579040527344,91000,0.0,0.0
2003-08-28 00:00:00+09:00,461.2110153637796,480.3183288574219,459.89326960559737,480.3183288574219,352100,0.0,0.0
2003-08-29 00:00:00+09:00,519.8507117626893,546.2056274414062,513.9208557349781,546.2056274414062,1161900,0.0,0.0
2003-09-01 00:00:00+09:00,565.971824270207,593.6444862252113,552.7943661963953,575.196044921875,1157900,0.0,0.0
2003-09-02 00:00:00+09:00,581.1258029131823,581.7846757056009,560.7007463482065,561.359619140625,320000,0.0,0.0
2003-09-03 00:00:00+09:00,567.9485628607757,576.5139124166807,544.2291333213466,547.5234985351562,307600,0.0,0.0
2003-09-04 00:00:00+09:00,547.5234760957605,550.1589681587967,536.981507843616,537.640380859375,157000,0.0,0.0
2003-09-05 00:00:00+09:00,538.2991974659456,550.1589105068109,535.6637056790865,539.616943359375,184500,0.0,0.0
2003-09-08 00:00:00+09:00,533.6871412780388,539.6169984033503,529.0750301805742,536.9815063476562,132700,0.0,0.0
2003-09-09 00:00:00+09:00,543.570116246199,553.4532092688571,532.3692774871863,538.2991333007812,537500,0.0,0.0
2003-09-10 00:00:00+09:00,551.4766425142861,573.2194492083978,546.2056590732893,559.3831176757812,444000,0.0,0.0
2003-09-11 00:00:00+09:00,552.7945359848485,556.7477746212121,540.9348200757576,543.5703125,131600,0.0,0.0
2003-09-12 00:00:00+09:00,552.7944411869863,556.0888061523438,542.2524732978424,556.0888061523438,147200,0.0,0.0
2003-09-15 00:00:00+09:00,556.0888061523438,556.0888061523438,556.0888061523438,556.0888061523438,0,0.0,0.0
2003-09-16 00:00:00+09:00,544.2291333213466,553.4533559200135,537.6404028937274,547.5234985351562,250900,0.0,0.0
2003-09-17 00:00:00+09:00,552.1356142624962,561.3598369351394,546.8646298781288,549.5001220703125,117000,0.0,0.0
2003-09-18 00:00:00+09:00,536.9815786554052,556.7477717347452,536.9815786554052,542.2525634765625,178200,0.0,0.0
2003-09-19 00:00:00+09:00,542.9114323313644,544.8880516238329,538.2993206489377,540.2759399414062,95400,0.0,0.0
2003-09-22 00:00:00+09:00,533.6871788588275,534.346051919147,519.1919715317975,526.4395751953125,166100,0.0,0.0
2003-09-23 00:00:00+09:00,526.4395751953125,526.4395751953125,526.4395751953125,526.4395751953125,0,0.0,0.0
2003-09-24 00:00:00+09:00,526.4395664210277,540.9347735064628,517.8742167796343,522.486328125,123900,0.0,0.0
2003-09-25 00:00:00+09:00,502.9385836143193,510.8901817742295,502.9385836143193,504.9264831542969,106800,4.5,0.0
2003-09-26 00:00:00+09:00,505.5891626935797,528.7813261198907,505.5891626935797,522.817626953125,98800,0.0,0.0
2003-09-29 00:00:00+09:00,530.1066132563694,530.7692465229399,515.5286813918192,520.1671142578125,91600,0.0,0.0
2003-09-30 00:00:00+09:00,513.5406298264,522.1548597460687,510.8900975434251,516.191162109375,84000,0.0,0.0
2003-10-01 00:00:00+09:00,506.251882292095,506.91451564588044,498.3002820466694,503.6013488769531,120900,0.0,0.0
2003-10-02 00:00:00+09:00,516.8538248276803,518.1790910451872,506.91432819637873,512.2153930664062,82900,0.0,0.0
2003-10-03 00:00:00+09:00,522.1550039355835,535.4076690100908,516.8539379057806,529.4439697265625,190100,0.0,0.0
2003-10-06 00:00:00+09:00,516.1911837469971,530.1064788159149,516.1911837469971,521.4922485351562,439700,0.0,0.0
2003-10-07 00:00:00+09:00,520.167088800547,523.4802549712512,517.5165558639837,519.5044555664062,87100,0.0,0.0
2003-10-08 00:00:00+09:00,523.4802598371889,523.4802598371889,508.90232855058366,510.8902282714844,74600,0.0,0.0
2003-10-09 00:00:00+09:00,508.2397676307892,509.56503429996985,495.64973427357273,497.63763427734375,99100,0.0,0.0
2003-10-10 00:00:00+09:00,484.38497765901406,498.96291132317043,484.38497765901406,496.3123779296875,199800,0.0,0.0
2003-10-13 00:00:00+09:00,496.31237792968744,496.31237792968744,496.31237792968744,496.3123779296875,0,0.0,0.0
2003-10-14 00:00:00+09:00,500.2879647990219,520.82958984375,499.6253317330629,520.82958984375,144600,0.0,0.0
2003-10-15 00:00:00+09:00,527.4561108614491,529.444010776756,510.2276449287887,524.1429443359375,108800,0.0,0.0
2003-10-16 00:00:00+09:00,524.1429138572353,528.7813467232285,519.504480991242,520.1671142578125,91500,0.0,0.0
2003-10-17 00:00:00+09:00,526.7935690521906,549.9857387588908,517.5167011695105,547.335205078125,225100,0.0,0.0
2003-10-20 00:00:00+09:00,560.5878926052832,573.8405614612001,546.6725903065704,571.8526611328125,368400,0.0,0.0
2003-10-21 00:00:00+09:00,585.1052295764778,585.1052295764778,537.3956298828125,537.3956298828125,334900,0.0,0.0
2003-10-22 00:00:00+09:00,544.0220069151658,557.2746745623075,540.7088400033804,551.3109741210938,211200,0.0,0.0
2003-10-23 00:00:00+09:00,530.1067462657232,536.0704471612127,523.4804119374016,526.7935791015625,261600,0.0,0.0
2003-10-24 00:00:00+09:00,530.1065976662404,530.7692309133232,516.8539327245844,518.17919921875,175000,0.0,0.0
2003-10-27 00:00:00+09:00,518.1790566147558,526.1306533914528,499.62533080246277,500.2879638671875,148200,0.0,0.0
2003-10-28 00:00:00+09:00,516.8538881155897,531.4318182932088,506.914390267213,528.11865234375,102700,0.0,0.0
2003-10-29 00:00:00+09:00,543.3593496618399,543.3593496618399,533.4198493631477,542.6967163085938,166700,0.0,0.0
2003-10-30 00:00:00+09:00,546.6725328233507,546.6725328233507,532.094598614728,536.7330322265625,102500,0.0,0.0
2003-10-31 00:00:00+09:00,536.733023071289,545.3472567749023,530.106689453125,530.106689453125,102600,0.0,0.0
2003-11-03 00:00:00+09:00,530.106689453125,530.106689453125,530.106689453125,530.106689453125,0,0.0,0.0
2003-11-04 00:00:00+09:00,536.7330003821332,549.9856670582352,536.0703670483281,548.660400390625,135800,0.0,0.0
2003-11-05 00:00:00+09:00,549.9857575205497,573.1779280184043,540.7088893214079,571.8526611328125,276200,0.0,0.0
2003-11-06 00:00:00+09:00,563.238271077474,565.2261708577474,546.6724395751953,556.6119384765625,173000,0.0,0.0
2003-11-07 00:00:00+09:00,563.2383617765697,569.8646954445294,559.9251949425899,568.5394287109375,183500,0.0,0.0
2003-11-10 00:00:00+09:00,570.5271606445312,574.502959673413,565.8887284441691,570.5271606445312,190900,0.0,0.0
2003-11-11 00:00:00+09:00,550.6482845839633,556.6119844170026,544.684584750924,554.6240844726562,189700,0.0,0.0
2003-11-12 00:00:00+09:00,549.9855900644214,550.6482233054629,530.7692260742188,530.7692260742188,114800,0.0,0.0
2003-11-13 00:00:00+09:00,538.0581969457584,544.0218961729896,532.094497718527,534.0823974609375,143600,0.0,0.0
2003-11-14 00:00:00+09:00,540.0462477582055,542.6967814895341,526.7935791015625,526.7935791015625,85900,0.0,0.0
2003-11-17 00:00:00+09:00,497.6375628637399,512.8781273722167,489.68596398975205,491.01123046875,143600,0.0,0.0
2003-11-18 00:00:00+09:00,487.0355331066043,516.1914017551629,481.0718327012173,512.8782348632812,117500,0.0,0.0
2003-11-19 00:00:00+09:00,496.97492962424093,498.9628293427379,489.68596398975205,491.01123046875,60400,0.0,0.0
2003-11-20 00:00:00+09:00,491.0112013872932,510.89019739487594,491.0112013872932,506.9143981933594,96100,0.0,0.0
2003-11-21 00:00:00+09:00,503.6012979078043,511.5528973484538,501.6133980476419,506.2518310546875,90500,0.0,0.0
2003-11-24 00:00:00+09:00,506.2518310546875,506.2518310546875,506.2518310546875,506.2518310546875,0,0.0,0.0
2003-11-25 00:00:00+09:00,528.7812948994252,528.7812948994252,517.5165304717433,518.841796875,60100,0.0,0.0
2003-11-26 00:00:00+09:00,523.4802253704119,534.7449897138258,518.841792993712,531.4318237304688,71000,0.0,0.0
2003-11-27 00:00:00+09:00,538.0581556971828,543.359221270554,531.4318237304688,531.4318237304688,81900,0.0,0.0
2003-11-28 00:00:00+09:00,530.1066132563694,531.4318797895103,520.1671142578125,520.1671142578125,42600,0.0,0.0
2003-12-01 00:00:00+09:00,513.5407326094428,534.7449951171875,511.5528329993417,534.7449951171875,101800,0.0,0.0
2003-12-02 00:00:00+09:00,545.3470757063045,547.3349751317224,535.4075785792152,541.3712768554688,144400,0.0,0.0
2003-12-03 00:00:00+09:00,540.7087855113637,547.9977519827178,540.0461521957859,546.6724853515625,139100,0.0,0.0
2003-12-04 00:00:00+09:00,547.335107887459,555.9493408203125,546.6724745849318,555.9493408203125,221600,0.0,0.0
2003-12-05 00:00:00+09:00,555.9491357539391,555.9491357539391,544.6843737660763,550.6480712890625,56700,0.0,0.0
2003-12-08 00:00:00+09:00,548.6603289052807,548.6603289052807,533.4197642134674,534.0823974609375,45100,0.0,0.0
2003-12-09 00:00:00+09:00,522.1550633140029,546.0098631608354,522.1550633140029,537.3956298828125,91500,0.0,0.0
2003-12-10 00:00:00+09:00,524.142796692667,529.4438616402541,517.5164655081833,523.4801635742188,59700,0.0,0.0
2003-12-11 00:00:00+09:00,528.7812285218057,533.4196603509444,519.5043648635285,523.4801635742188,67100,0.0,0.0
2003-12-12 00:00:00+09:00,523.4801635742188,532.0943941140476,517.5164655081833,523.4801635742188,111400,0.0,0.0
2003-12-15 00:00:00+09:00,534.0823151629073,540.046013471178,528.78125,528.78125,83100,0.0,0.0
2003-12-16 00:00:00+09:00,520.167068009524,522.8176008401457,512.2154695176587,514.203369140625,66600,0.0,0.0
2003-12-17 00:00:00+09:00,527.4558150265195,527.4558150265195,503.6010294223051,505.58892822265625,47500,0.0,0.0
2003-12-18 00:00:00+09:00,500.95077002662646,508.9023695508587,500.95077002662646,501.6134033203125,72300,0.0,0.0
2003-12-19 00:00:00+09:00,511.55272340774536,516.8537878990173,503.6011266708374,508.9021911621094,65300,0.0,0.0
2003-12-22 00:00:00+09:00,508.90243459302326,516.8540351335392,507.57716783627063,512.8782348632812,57300,0.0,0.0
2003-12-23 00:00:00+09:00,512.8782348632812,512.8782348632812,512.8782348632812,512.8782348632812,0,0.0,0.0
2003-12-24 00:00:00+09:00,513.5407104492188,517.5165094978579,511.55281092489923,513.5407104492188,30100,0.0,0.0
2003-12-25 00:00:00+09:00,511.55286151178467,516.8539274341865,507.5770620699832,510.8902282714844,34500,0.0,0.0
2003-12-26 00:00:00+09:00,513.5408682416576,516.8540351335392,510.8903347281523,512.8782348632812,48700,0.0,0.0
2003-12-29 00:00:00+09:00,520.8297424316406,529.4439748128256,516.8539428710938,516.8539428710938,31000,0.0,0.0
2003-12-30 00:00:00+09:00,521.4923204448322,528.7812855336417,521.4923204448322,528.11865234375,43200,0.0,0.0
2003-12-31 00:00:00+09:00,528.11865234375,528.11865234375,528.11865234375,528.11865234375,0,0.0,0.0
2004-01-01 00:00:00+09:00,528.11865234375,528.11865234375,528.11865234375,528.11865234375,0,0.0,0.0
2004-01-02 00:00:00+09:00,528.11865234375,528.11865234375,528.11865234375,528.11865234375,0,0.0,0.0
2004-01-05 00:00:00+09:00,542.034067052574,551.9735670596506,536.7330003821332,548.660400390625,73800,0.0,0.0
2004-01-06 00:00:00+09:00,559.2626066415709,559.2626066415709,541.3715042964021,547.335205078125,124400,0.0,0.0
2004-01-07 00:00:00+09:00,550.6482956284885,550.6482956284885,540.046162379324,545.3472290039062,73100,0.0,0.0
2004-01-08 00:00:00+09:00,544.6845297204443,552.6361286944654,544.6845297204443,549.985595703125,64400,0.0,0.0
2004-01-09 00:00:00+09:00,544.021901740546,584.4425302498923,544.021901740546,577.153564453125,250800,0.0,0.0
2004-01-12 00:00:00+09:00,577.153564453125,577.153564453125,577.153564453125,577.153564453125,0,0.0,0.0
2004-01-13 00:00:00+09:00,583.1174146075581,583.1174146075581,563.9010452625363,569.86474609375,119700,0.0,0.0
2004-01-14 00:00:00+09:00,563.238195758248,576.4908591878539,558.5997635578859,570.5271606445312,75600,0.0,0.0
2004-01-15 00:00:00+09:00,563.23828125,573.8404136029411,559.9251148897058,563.23828125,77800,0.0,0.0
2004-01-16 00:00:00+09:00,563.2382661138419,577.8161977073765,561.2503663510871,577.153564453125,124900,0.0,0.0
2004-01-19 00:00:00+09:00,581.7920843001899,583.1173510070241,567.8767838784314,577.8162841796875,129200,0.0,0.0
2004-01-20 00:00:00+09:00,577.815941323693,595.70703125,571.1896117213571,595.70703125,211500,0.0,0.0
2004-01-21 00:00:00+09:00,589.0809171861773,593.056716402282,577.8161527405474,587.093017578125,208000,0.0,0.0
2004-01-22 00:00:00+09:00,589.7435915757061,614.9236550362418,589.7435915757061,605.6467895507812,373500,0.0,0.0
2004-01-23 00:00:00+09:00,599.0205924763154,616.2490608439971,598.3579590775585,607.6348266601562,207400,0.0,0.0
2004-01-26 00:00:00+09:00,609.6225783001681,611.6104780120165,587.755681469836,591.06884765625,87100,0.0,0.0
2004-01-27 00:00:00+09:00,604.3214729606331,616.2488704532772,596.3698746322037,612.2730712890625,290600,0.0,0.0
2004-01-28 00:00:00+09:00,622.2125046083809,632.8146346123575,612.9356408549013,624.863037109375,397400,0.0,0.0
2004-01-29 00:00:00+09:00,614.2609916326826,622.2125902298694,607.6346594683603,617.5741577148438,251400,0.0,0.0
2004-01-30 00:00:00+09:00,629.5015524839744,654.0189813701923,622.875220352564,646.0673828125,367400,0.0,0.0
2004-02-02 00:00:00+09:00,649.3805897978646,656.0069223468224,641.4289907391152,648.7179565429688,310400,0.0,0.0
2004-02-03 00:00:00+09:00,648.7177849054834,649.38041798506,627.5135263590325,634.802490234375,156100,0.0,0.0
2004-02-04 00:00:00+09:00,608.2973379229973,621.5500032372238,597.695205671616,599.68310546875,267800,0.0,0.0
2004-02-05 00:00:00+09:00,586.430420126006,608.2973171476536,586.430420126006,594.3820190429688,196900,0.0,0.0
2004-02-06 00:00:00+09:00,609.6226406941372,610.9479073043418,596.3699745920907,599.0205078125,99500,0.0,0.0
2004-02-09 00:00:00+09:00,602.996119343227,618.2366806013524,602.996119343227,603.6587524414062,121900,0.0,0.0
2004-02-10 00:00:00+09:00,597.6951902925299,602.9962562818206,588.4183248112711,589.7435913085938,96700,0.0,0.0
2004-02-11 00:00:00+09:00,589.7435913085938,589.7435913085938,589.7435913085938,589.7435913085938,0,0.0,0.0
2004-02-12 00:00:00+09:00,583.1173498921804,601.0084504002359,583.1173498921804,585.7678833007812,187300,0.0,0.0
2004-02-13 00:00:00+09:00,583.1170050055617,595.70703125,577.815941323693,595.70703125,134100,0.0,0.0
2004-02-16 00:00:00+09:00,592.3941807633739,595.7073473224532,586.4304809570312,586.4304809570312,61500,0.0,0.0
2004-02-17 00:00:00+09:00,586.4304649908811,602.9962973352563,585.7678316971061,600.3457641601562,247900,0.0,0.0
2004-02-18 00:00:00+09:00,600.3456816318072,604.321480847912,586.4303843754409,587.093017578125,115400,0.0,0.0
2004-02-19 00:00:00+09:00,589.7435711000857,604.321502071099,589.7435711000857,592.3941040039062,294200,0.0,0.0
2004-02-20 00:00:00+09:00,593.0567016601562,602.9961994533431,592.3940684739438,593.0567016601562,237700,0.0,0.0
2004-02-23 00:00:00+09:00,599.6830849876106,602.3336179599315,594.3820190429688,594.3820190429688,161300,0.0,0.0
2004-02-24 00:00:00+09:00,597.0324738171636,599.6830064423231,584.4424438476562,584.4424438476562,185700,0.0,0.0
2004-02-25 00:00:00+09:00,584.4424572456173,587.0929899315385,569.8645274730509,570.5271606445312,189500,0.0,0.0
2004-02-26 00:00:00+09:00,583.7798150809151,585.1050814034598,573.8403176618303,579.8040161132812,116900,0.0,0.0
2004-02-27 00:00:00+09:00,585.767946639151,597.6953482675499,581.1295126725513,597.03271484375,191100,0.0,0.0
2004-03-01 00:00:00+09:00,603.6588797090355,613.5983782772414,595.7072808544709,606.9720458984375,309700,0.0,0.0
2004-03-02 00:00:00+09:00,614.923675603308,622.875274856799,608.2973428920654,610.9478759765625,260100,0.0,0.0
2004-03-03 00:00:00+09:00,612.2729945477911,615.5861601027034,607.6345627709139,610.2850952148438,112700,0.0,0.0
2004-03-04 00:00:00+09:00,610.9479936539412,610.9479936539412,601.6711260713435,607.6348266601562,127400,0.0,0.0
2004-03-05 00:00:00+09:00,612.2729846627844,616.9114163647752,609.6224522616468,611.6103515625,192100,0.0,0.0
2004-03-08 00:00:00+09:00,616.2488603694908,622.2125590182277,609.6225285375607,613.5983276367188,186500,0.0,0.0
2004-03-09 00:00:00+09:00,610.947804900991,614.2609708711699,608.2972721248478,612.2730712890625,93800,0.0,0.0
2004-03-10 00:00:00+09:00,612.2732835911487,612.2732835911487,596.37008141995,597.03271484375,78900,0.0,0.0
2004-03-11 00:00:00+09:00,589.743561063494,595.7072599955967,585.1051285607474,593.7193603515625,97900,0.0,0.0
2004-03-12 00:00:00+09:00,576.4910163706784,590.4063167658327,576.4910163706784,585.7678833007812,245700,0.0,0.0
2004-03-15 00:00:00+09:00,592.3940473726395,596.3698463482948,586.4303489091566,587.755615234375,138900,0.0,0.0
2004-03-16 00:00:00+09:00,581.1292311416049,587.7555621694453,576.4907994221167,578.4786987304688,184900,0.0,0.0
2004-03-17 00:00:00+09:00,579.1415497792792,589.0810500615322,577.1536497228286,585.7678833007812,217500,0.0,0.0
2004-03-18 00:00:00+09:00,587.0929290666613,589.7434614777975,576.4907994221167,578.4786987304688,221500,0.0,0.0
2004-03-19 00:00:00+09:00,576.4909263353669,591.0688578059164,576.4909263353669,589.7435913085938,288300,0.0,0.0
2004-03-22 00:00:00+09:00,583.117049422748,589.080746519117,579.8038843692096,581.129150390625,96000,0.0,0.0
2004-03-23 00:00:00+09:00,579.1414038721864,587.7556352798963,578.478770686978,585.1051025390625,117500,0.0,0.0
2004-03-24 00:00:00+09:00,583.7799682617188,587.093134937438,580.4668015859996,583.7799682617188,148800,0.0,0.0
2004-03-25 00:00:00+09:00,586.4303759524696,609.6225377133018,586.4303759524696,604.3214721679688,180300,0.0,0.0
2004-03-26 00:00:00+09:00,624.6320646409654,629.959417004641,616.6410360954519,626.6298217773438,330600,4.5,0.0
2004-03-29 00:00:00+09:00,632.6230367024739,643.9436594645182,629.9593607584635,631.2911987304688,333300,0.0,0.0
2004-03-30 00:00:00+09:00,634.6207781741922,639.2822109624601,619.9705608396358,625.2979125976562,121800,0.0,0.0
2004-03-31 00:00:00+09:00,619.3044069705503,634.6205374655209,619.3044069705503,629.9591064453125,229600,0.0,0.0
2004-04-01 00:00:00+09:00,629.9592934270721,629.9592934270721,611.9794827267223,618.638671875,172400,0.0,0.0
2004-04-02 00:00:00+09:00,615.9751604790467,637.9504905285695,615.9751604790467,636.61865234375,234900,0.0,0.0
2004-04-05 00:00:00+09:00,645.9414719705571,654.5984195330492,639.9482005811396,650.6029052734375,226500,0.0,0.0
2004-04-06 00:00:00+09:00,661.2575149824034,710.5355171059663,659.2597581395563,705.8740844726562,1080100,0.0,0.0
2004-04-07 00:00:00+09:00,699.2149147620568,700.5467526949369,679.9032647352952,692.5557250976562,415800,0.0,0.0
2004-04-08 00:00:00+09:00,679.2374321697968,679.2374321697968,663.921293993419,675.9078369140625,385600,0.0,0.0
2004-04-09 00:00:00+09:00,665.9190217135782,673.2441309524276,660.5916695398696,663.9212646484375,257600,0.0,0.0
2004-04-12 00:00:00+09:00,659.259781376008,685.2306212483962,656.5961054916605,681.235107421875,178000,0.0,0.0
2004-04-13 00:00:00+09:00,692.5557661056519,697.2171991467476,673.9100339412689,681.9010620117188,194500,0.0,0.0
2004-04-14 00:00:00+09:00,668.5826766630644,694.5535176888208,668.5826766630644,693.2216796875,217400,0.0,0.0
2004-04-15 00:00:00+09:00,699.2149801815257,713.1992797851562,685.8965996066395,713.1992797851562,473300,0.0,0.0
2004-04-16 00:00:00+09:00,719.1924842318198,722.5220790662263,705.8741048941935,708.5377807617188,282700,0.0,0.0
2004-04-19 00:00:00+09:00,699.2148949964991,713.8651118440448,693.8875434155734,705.8740844726562,116900,0.0,0.0
2004-04-20 00:00:00+09:00,705.8741398533294,735.8404948471028,705.8741398533294,733.1768188476562,215500,0.0,0.0
2004-04-21 00:00:00+09:00,732.5108023250804,732.5108023250804,713.1991539001465,724.519775390625,256300,0.0,0.0
2004-04-22 00:00:00+09:00,732.5110147165698,745.8293968023255,714.5311989007994,715.863037109375,527600,0.0,0.0
2004-04-23 00:00:00+09:00,729.1813609456232,731.8450371499907,719.8584942303366,728.5154418945312,173700,0.0,0.0
2004-04-26 00:00:00+09:00,751.8224777207796,751.8224777207796,729.181233927594,731.8449096679688,273300,0.0,0.0
2004-04-27 00:00:00+09:00,729.1813819843103,731.1791391952262,715.8630005782042,723.1881103515625,189200,0.0,0.0
2004-04-28 00:00:00+09:00,732.5108231205643,732.5108231205643,723.8538770291394,727.1834716796875,120700,0.0,0.0
2004-04-29 00:00:00+09:00,727.1834716796875,727.1834716796875,727.1834716796875,727.1834716796875,0,0.0,0.0
2004-04-30 00:00:00+09:00,699.8810522762346,710.5357590663581,699.2151331018518,701.212890625,189400,0.0,0.0
2004-05-03 00:00:00+09:00,701.212890625,701.212890625,701.212890625,701.212890625,0,0.0,0.0
2004-05-04 00:00:00+09:00,701.212890625,701.212890625,701.212890625,701.212890625,0,0.0,0.0
2004-05-05 00:00:00+09:00,701.212890625,701.212890625,701.212890625,701.212890625,0,0.0,0.0
2004-05-06 00:00:00+09:00,699.8808851885199,707.2059943579526,687.8943429112664,691.2239379882812,212100,0.0,0.0
2004-05-07 00:00:00+09:00,686.5624693920441,691.2239022589154,672.5781707914302,674.575927734375,197300,0.0,0.0
2004-05-10 00:00:00+09:00,654.5983468477843,665.2530503570057,609.3158569335938,609.3158569335938,300600,0.0,0.0
2004-05-11 00:00:00+09:00,602.6566823323567,631.9571177164713,602.6566823323567,623.3001708984375,288000,0.0,0.0
2004-05-12 00:00:00+09:00,652.6006534548337,652.6006534548337,624.6320540210552,633.2890014648438,284500,0.0,0.0
2004-05-13 00:00:00+09:00,632.6229690863831,632.6229690863831,609.3158070674111,618.638671875,139400,0.0,0.0
2004-05-14 00:00:00+09:00,619.3045689059505,625.9637578189178,599.9929210583456,607.9839477539062,149500,0.0,0.0
2004-05-17 00:00:00+09:00,599.3272553890123,601.3250129069756,575.3541651734517,580.6815185546875,114500,0.0,0.0
2004-05-18 00:00:00+09:00,567.3631351015983,584.6770335906142,567.3631351015983,580.6815185546875,291600,0.0,0.0
2004-05-19 00:00:00+09:00,590.0041376888948,610.6476233190931,587.3404621237079,607.9839477539062,175200,0.0,0.0
2004-05-20 00:00:00+09:00,601.3248948317307,613.9773566277472,593.3338663289835,605.986328125,127600,0.0,0.0
2004-05-21 00:00:00+09:00,621.3023933078931,621.3023933078931,609.3158519579016,612.6454467773438,94000,0.0,0.0
2004-05-24 00:00:00+09:00,629.9593658609076,630.6252848523039,622.6342569555483,627.9616088867188,128300,0.0,0.0
2004-05-25 00:00:00+09:00,631.2912294424264,631.9571484608255,622.6342822032369,627.2957153320312,182900,0.0,0.0
2004-05-26 00:00:00+09:00,624.6320791786595,639.2822985197369,624.6320791786595,632.6231079101562,114000,0.0,0.0
2004-05-27 00:00:00+09:00,638.6163330078125,641.9459280704184,632.6230618951219,638.6163330078125,157900,0.0,0.0
2004-05-28 00:00:00+09:00,645.2756191300757,650.6029720227905,641.946023572129,647.2733764648438,77300,0.0,0.0
2004-05-31 00:00:00+09:00,652.6006762059275,668.5827335823991,649.2710809191625,664.5872192382812,206500,0.0,0.0
2004-06-01 00:00:00+09:00,668.5827281339574,671.9123233935887,665.2531328743262,667.9168090820312,114600,0.0,0.0
2004-06-02 00:00:00+09:00,672.5782725974046,683.2329779058784,669.2486771885066,671.912353515625,218700,0.0,0.0
2004-06-03 00:00:00+09:00,675.9078184470152,680.5692516776843,647.9392190630008,649.2710571289062,103100,0.0,0.0
2004-06-04 00:00:00+09:00,645.9415465194361,664.5872818828838,645.9415465194361,656.5962524414062,52100,0.0,0.0
2004-06-07 00:00:00+09:00,664.5871429595795,671.9122517497151,664.5871429595795,666.5848999023438,48100,0.0,0.0
2004-06-08 00:00:00+09:00,675.9077196782177,676.5736386138614,668.5826113861385,672.578125,80000,0.0,0.0
2004-06-09 00:00:00+09:00,677.9056495816101,681.235245110007,667.9168629964194,679.2374877929688,65200,0.0,0.0
2004-06-10 00:00:00+09:00,670.5805394191368,679.2374877929688,670.5805394191368,679.2374877929688,74600,0.0,0.0
2004-06-11 00:00:00+09:00,665.9188441546314,679.9031398818787,665.9188441546314,668.58251953125,118200,0.0,0.0
2004-06-14 00:00:00+09:00,668.5827335823991,672.5782479265171,659.2598667794573,664.5872192382812,25200,0.0,0.0
2004-06-15 00:00:00+09:00,651.2688911343798,657.9280822502733,644.6097000184864,647.2733764648438,116300,0.0,0.0
2004-06-16 00:00:00+09:00,649.2710671869003,661.9235290090039,649.2710671869003,650.6029052734375,68700,0.0,0.0
2004-06-17 00:00:00+09:00,652.600642142536,653.2665611651304,643.9436948488085,647.939208984375,71800,0.0,0.0
2004-06-18 00:00:00+09:00,647.2732754321809,647.2732754321809,618.638758103391,625.9638671875,112500,0.0,0.0
2004-06-21 00:00:00+09:00,629.2934468054647,655.2642874672775,629.2934468054647,635.95263671875,56300,0.0,0.0
2004-06-22 00:00:00+09:00,632.6230418264929,639.2822317404559,624.6320139297371,627.9616088867188,53600,0.0,0.0
2004-06-23 00:00:00+09:00,629.2934776802836,639.2822630402882,623.9661254882812,623.9661254882812,70700,0.0,0.0
2004-06-24 00:00:00+09:00,631.957173430532,637.2845257882182,627.9616591622672,634.620849609375,95300,0.0,0.0
2004-06-25 00:00:00+09:00,638.6164096209793,639.2823287133891,633.2890568817011,636.61865234375,69000,0.0,0.0
2004-06-28 00:00:00+09:00,639.9482005811396,651.2688243167061,639.9482005811396,650.6029052734375,91100,0.0,0.0
2004-06-29 00:00:00+09:00,659.2599506027128,659.2599506027128,644.6097294782081,651.2689208984375,94100,0.0,0.0
2004-06-30 00:00:00+09:00,657.2619421523318,657.2619421523318,648.6049966123314,654.5982666015625,35100,0.0,0.0
2004-07-01 00:00:00+09:00,654.5985285230904,654.5985285230904,643.2779029026503,644.6097412109375,89300,0.0,0.0
2004-07-02 00:00:00+09:00,639.2821607836787,645.2754310410257,635.9525661962638,642.6117553710938,44400,0.0,0.0
2004-07-05 00:00:00+09:00,637.284500608019,637.284500608019,627.2957153320312,627.2957153320312,36100,0.0,0.0
2004-07-06 00:00:00+09:00,632.6230728002851,637.2845059682872,623.9661254882812,623.9661254882812,57400,0.0,0.0
2004-07-07 00:00:00+09:00,619.3047029069327,623.9661361546193,615.3091886946299,617.3069458007812,100100,0.0,0.0
2004-07-08 00:00:00+09:00,616.641011821938,618.6387688796765,609.3159026102303,611.3136596679688,54900,0.0,0.0
2004-07-09 00:00:00+09:00,617.9728648361651,621.9683790484679,609.9818364115595,617.3069458007812,92500,0.0,0.0
2004-07-12 00:00:00+09:00,619.3047284976967,621.302485686399,613.9773759944908,616.6410522460938,55200,0.0,0.0
2004-07-13 00:00:00+09:00,617.9728393554688,619.3046773713211,615.3091633237641,617.9728393554688,91800,0.0,0.0
2004-07-14 00:00:00+09:00,617.9728922706485,619.3047304005421,599.3271584521376,600.6589965820312,73100,0.0,0.0
2004-07-15 00:00:00+09:00,607.3181566510882,609.3159137453353,592.6679379599435,596.6634521484375,57900,0.0,0.0
2004-07-16 00:00:00+09:00,591.3362111341233,600.6590793276793,589.3384536640756,595.3317260742188,100000,0.0,0.0
2004-07-19 00:00:00+09:00,595.3317260742188,595.3317260742188,595.3317260742188,595.3317260742188,0,0.0,0.0
2004-07-20 00:00:00+09:00,595.3314188224118,599.3269317004145,586.6744742534058,587.3403930664062,72100,0.0,0.0
2004-07-21 00:00:00+09:00,590.0043728207581,595.9976452309013,590.0043728207581,595.3317260742188,51700,0.0,0.0
2004-07-22 00:00:00+09:00,592.667887323866,595.997482196472,586.008697578654,590.0042114257812,47500,0.0,0.0
2004-07-23 00:00:00+09:00,588.6722964696764,593.3337286815405,580.6812698207668,584.0108642578125,46500,0.0,0.0
2004-07-26 00:00:00+09:00,579.3495076962959,596.6634010297483,579.3495076962959,582.01318359375,113100,0.0,0.0
2004-07-27 00:00:00+09:00,579.3495022957785,588.6723678499634,568.0288798371254,569.3607177734375,120700,0.0,0.0
2004-07-28 00:00:00+09:00,586.008862024066,587.340700346848,572.6904787962463,579.3496704101562,145700,0.0,0.0
2004-07-29 00:00:00+09:00,584.0109040972525,584.0109040972525,566.697011843514,573.356201171875,53800,0.0,0.0
2004-07-30 00:00:00+09:00,584.6767945294963,593.333740234375,576.0198488246177,593.333740234375,63800,0.0,0.0
2004-08-02 00:00:00+09:00,599.9930115087072,603.9885254588207,592.6679026001659,595.9974975585938,90700,0.0,0.0
2004-08-03 00:00:00+09:00,602.6566306124913,604.654387399052,590.0041709642732,592.6678466796875,101900,0.0,0.0
2004-08-04 00:00:00+09:00,592.6679798473011,592.6679798473011,573.3563265713778,586.0087890625,63900,0.0,0.0
2004-08-05 00:00:00+09:00,593.3338062983872,594.6656442474296,584.0109406550904,590.0042114257812,40600,0.0,0.0
2004-08-06 00:00:00+09:00,590.004355046092,590.004355046092,576.0200531770537,584.677001953125,39300,0.0,0.0
2004-08-09 00:00:00+09:00,566.0311131119039,576.6858164175397,559.3719235458815,576.0198974609375,63400,0.0,0.0
2004-08-10 00:00:00+09:00,578.6835887219322,583.3450215424772,572.0243989782966,582.01318359375,47100,0.0,0.0
2004-08-11 00:00:00+09:00,588.6725010087081,593.9998539590132,582.679228939615,586.6747436523438,101600,0.0,0.0
2004-08-12 00:00:00+09:00,592.0021124559546,595.9976272756799,584.677001953125,584.677001953125,129800,0.0,0.0
2004-08-13 00:00:00+09:00,575.3541833795216,582.6792945105109,568.0290722485323,570.6927490234375,34600,0.0,0.0
2004-08-16 00:00:00+09:00,560.7038473946707,570.6926332746233,552.0468996320452,559.3720092773438,63400,0.0,0.0
2004-08-17 00:00:00+09:00,556.7083627687279,572.02450193581,546.7195763554133,563.3675537109375,155500,0.0,0.0
2004-08-18 00:00:00+09:00,564.0333660281889,569.3607177734375,559.3719332510965,569.3607177734375,104400,0.0,0.0
2004-08-19 00:00:00+09:00,574.022245649858,592.002060768821,574.022245649858,586.0087890625,85500,0.0,0.0
2004-08-20 00:00:00+09:00,586.0088402263667,586.0088402263667,582.6792445432624,584.677001953125,35700,0.0,0.0
2004-08-23 00:00:00+09:00,585.3427886962891,593.3338165283203,583.3450317382812,583.3450317382812,69800,0.0,0.0
2004-08-24 00:00:00+09:00,583.3450215424772,584.6768594912043,579.3495076962959,582.01318359375,41100,0.0,0.0
2004-08-25 00:00:00+09:00,578.6834793778153,592.667775197072,578.0175605292792,591.3359375,35100,0.0,0.0
2004-08-26 00:00:00+09:00,592.6679026001659,597.9952545336505,590.0042266334236,595.9974975585938,45200,0.0,0.0
2004-08-27 00:00:00+09:00,597.3290584465516,597.3290584465516,588.6721155705146,592.001708984375,35900,0.0,0.0
2004-08-30 00:00:00+09:00,598.6612097968882,598.6612097968882,579.3495578679564,588.6724243164062,63500,0.0,0.0
2004-08-31 00:00:00+09:00,588.0065976362293,588.0065976362293,582.6792445432624,584.677001953125,46600,0.0,0.0
2004-09-01 00:00:00+09:00,582.6791127522786,588.0064646402994,582.6791127522786,583.3450317382812,39100,0.0,0.0
2004-09-02 00:00:00+09:00,582.6792760726509,585.3429527632687,576.6860035187607,580.6815185546875,30800,0.0,0.0
2004-09-03 00:00:00+09:00,580.015411200551,580.6813301571532,576.0198974609375,576.0198974609375,22600,0.0,0.0
2004-09-06 00:00:00+09:00,576.685806640625,585.3427529296874,569.3606982421875,582.6790771484375,45000,0.0,0.0
2004-09-07 00:00:00+09:00,582.6791127522786,589.3383026123047,579.3495178222656,583.3450317382812,52200,0.0,0.0
2004-09-08 00:00:00+09:00,588.6724243164062,592.667938508599,588.0065052843742,588.6724243164062,60800,0.0,0.0
2004-09-09 00:00:00+09:00,588.672275468929,590.0041131962342,579.3494113777922,581.34716796875,30300,0.0,0.0
2004-09-10 00:00:00+09:00,579.3496506759257,582.6792463694654,574.022297566262,576.6859741210938,137400,0.0,0.0
2004-09-13 00:00:00+09:00,572.6903733690167,589.3383493390462,570.026697213812,577.351806640625,99800,0.0,0.0
2004-09-14 00:00:00+09:00,580.0156152371844,584.0111303823315,576.0201000920374,578.6837768554688,166400,0.0,0.0
2004-09-15 00:00:00+09:00,580.0156177356057,581.3474561230582,570.6927490234375,570.6927490234375,59700,0.0,0.0
2004-09-16 00:00:00+09:00,567.363037109375,574.6881467434163,562.7016037058942,567.363037109375,85300,0.0,0.0
2004-09-17 00:00:00+09:00,568.0289052208358,572.6903382062353,568.0289052208358,568.69482421875,78800,0.0,0.0
2004-09-20 00:00:00+09:00,568.69482421875,568.69482421875,568.69482421875,568.69482421875,0,0.0,0.0
2004-09-21 00:00:00+09:00,567.363037109375,576.0199848586965,567.363037109375,567.363037109375,105100,0.0,0.0
2004-09-22 00:00:00+09:00,568.0289717136199,576.0200006240108,561.3697809549608,565.3652954101562,65100,0.0,0.0
2004-09-23 00:00:00+09:00,565.3652954101562,565.3652954101562,565.3652954101562,565.3652954101562,0,0.0,0.0
2004-09-24 00:00:00+09:00,558.7061157226562,564.6993875242104,554.0446820992253,558.7061157226562,71600,0.0,0.0
2004-09-27 00:00:00+09:00,565.7358396979074,566.4053495673724,557.0322113948627,560.3797607421875,48800,4.5,0.0
2004-09-28 00:00:00+09:00,555.6932374524724,561.7188267742462,552.3456878292648,553.0151977539062,81200,0.0,0.0
2004-09-29 00:00:00+09:00,562.3884144176136,562.3884144176136,548.998214074337,552.3457641601562,48900,0.0,0.0
2004-09-30 00:00:00+09:00,554.3543245068773,559.0408948831431,553.684814453125,553.684814453125,33800,0.0,0.0
2004-10-01 00:00:00+09:00,560.3798674444595,563.7274174291933,555.693297465832,561.0493774414062,67800,0.0,0.0
2004-10-04 00:00:00+09:00,566.4056498564079,579.795854344739,566.4056498564079,576.4483032226562,107400,0.0,0.0
2004-10-05 00:00:00+09:00,582.4735255599711,583.8125451589596,575.7784275650289,579.1259765625,74600,0.0,0.0
2004-10-06 00:00:00+09:00,576.4479527627268,585.1515803886448,575.7784429453485,581.134521484375,104300,0.0,0.0
2004-10-07 00:00:00+09:00,580.4652865015607,582.4738169046802,575.7787155609483,579.7957763671875,121400,0.0,0.0
2004-10-08 00:00:00+09:00,574.4394836425781,577.7870330810547,566.4053649902344,567.744384765625,130600,0.0,0.0
2004-10-11 00:00:00+09:00,567.744384765625,567.744384765625,567.744384765625,567.744384765625,0,0.0,0.0
2004-10-12 00:00:00+09:00,572.4311421467708,573.1006522545448,557.0324096679688,557.0324096679688,162800,0.0,0.0
2004-10-13 00:00:00+09:00,550.3372384031663,555.0238085598844,530.251937731518,530.9214477539062,722700,0.0,0.0
2004-10-14 00:00:00+09:00,528.9129198778857,530.2519399282095,518.2007594752956,520.2092895507812,386600,0.0,0.0
2004-10-15 00:00:00+09:00,516.1923814736643,518.8704223632812,510.1667894720262,518.8704223632812,200400,0.0,0.0
2004-10-18 00:00:00+09:00,525.5651383547438,528.9126870066849,517.5310215900853,519.53955078125,210300,0.0,0.0
2004-10-19 00:00:00+09:00,522.8872222900391,535.60791015625,522.8872222900391,530.2518310546875,155900,0.0,0.0
2004-10-20 00:00:00+09:00,535.6078789362213,535.6078789362213,522.887191811486,523.5567016601562,162700,0.0,0.0
2004-10-21 00:00:00+09:00,524.8957827060572,528.9128422675832,515.5226437291633,520.8787231445312,240000,0.0,0.0
2004-10-22 00:00:00+09:00,523.5568228033525,532.2604528499555,523.5568228033525,528.9129028320312,157100,0.0,0.0
2004-10-25 00:00:00+09:00,527.57383816856,527.57383816856,515.5226591241005,517.5311889648438,211200,0.0,0.0
2004-10-26 00:00:00+09:00,515.5226440429688,518.2006837522829,510.16656462434054,515.5226440429688,201100,0.0,0.0
2004-10-27 00:00:00+09:00,518.2006684742197,520.8787081045774,510.836059490736,513.5140991210938,164600,0.0,0.0
2004-10-28 00:00:00+09:00,508.827575364038,514.1836551047121,506.14953549370097,511.505615234375,323800,0.0,0.0
2004-10-29 00:00:00+09:00,509.4969776507823,509.4969776507823,495.43727130299465,497.44580078125,223300,0.0,0.0
2004-11-01 00:00:00+09:00,498.7848815509434,504.14096081592,498.11537164282134,500.1239013671875,96200,0.0,0.0
2004-11-02 00:00:00+09:00,502.8019256591797,506.14947509765625,500.12388610839844,502.1324157714844,92300,0.0,0.0
2004-11-03 00:00:00+09:00,502.1324157714844,502.1324157714844,502.1324157714844,502.1324157714844,0,0.0,0.0
2004-11-04 00:00:00+09:00,508.8275146484375,508.8275146484375,500.79339599609375,502.1324157714844,147000,0.0,0.0
2004-11-05 00:00:00+09:00,508.82742212173787,511.5054611855365,502.1323244622413,503.4713439941406,83500,0.0,0.0
2004-11-08 00:00:00+09:00,510.8359651111421,510.8359651111421,490.0811618104273,492.0896911621094,161200,0.0,0.0
2004-11-09 00:00:00+09:00,493.42875700099495,499.4543456210885,493.42875700099495,498.1153259277344,102700,0.0,0.0
2004-11-10 00:00:00+09:00,498.78494408812304,500.12396407225225,486.0642542388958,489.41180419921875,128900,0.0,0.0
2004-11-11 00:00:00+09:00,490.7505789130149,494.0981272002797,488.0725402832031,488.0725402832031,108200,0.0,0.0
2004-11-12 00:00:00+09:00,486.0641784667969,488.0727081298828,480.03858947753906,483.3861389160156,118600,0.0,0.0
2004-11-15 00:00:00+09:00,485.3946988048449,490.0812683105469,485.3946988048449,490.0812683105469,88900,0.0,0.0
2004-11-16 00:00:00+09:00,495.43723987199434,496.77625943921595,490.7506713867187,490.75067138671875,98700,0.0,0.0
2004-11-17 00:00:00+09:00,488.7422180175781,491.4202575683594,482.7166290283203,483.3861389160156,124400,0.0,0.0
2004-11-18 00:00:00+09:00,485.39466857910156,491.4202575683594,482.047119140625,483.3861389160156,90400,0.0,0.0
2004-11-19 00:00:00+09:00,482.7166592524602,490.0812684782259,482.7166592524602,487.4032287597656,112400,0.0,0.0
2004-11-22 00:00:00+09:00,482.71670574789437,482.71670574789437,476.02160580686945,480.0386657714844,127000,0.0,0.0
2004-11-23 00:00:00+09:00,480.0386657714844,480.0386657714844,480.0386657714844,480.0386657714844,0,0.0,0.0
2004-11-24 00:00:00+09:00,486.7336883544922,487.4031982421875,480.03858947753906,482.047119140625,65700,0.0,0.0
2004-11-25 00:00:00+09:00,484.72528076171875,486.73381093062085,482.04724053651586,484.72528076171875,82100,0.0,0.0
2004-11-26 00:00:00+09:00,484.72528076171875,488.742341099523,484.055770705418,484.72528076171875,81800,0.0,0.0
2004-11-29 00:00:00+09:00,490.7508086326661,492.7593385452145,488.0727687492682,491.4203186035156,57500,0.0,0.0
2004-11-30 00:00:00+09:00,492.0898441674771,492.0898441674771,486.0642542388958,489.41180419921875,51100,0.0,0.0
2004-12-01 00:00:00+09:00,485.39466857910156,486.0641784667969,482.047119140625,483.3861389160156,70500,0.0,0.0
2004-12-02 00:00:00+09:00,488.07258722056514,492.7591552734375,486.73356777688736,492.7591552734375,61800,0.0,0.0
2004-12-03 00:00:00+09:00,493.4288170609613,506.8190156243524,493.4288170609613,504.81048583984375,134600,0.0,0.0
2004-12-06 00:00:00+09:00,510.83602885009435,511.50553871752567,503.4714203083499,504.14093017578125,110200,0.0,0.0
2004-12-07 00:00:00+09:00,506.14961445443583,508.1581446705249,496.77647344602036,498.7850036621094,102500,0.0,0.0
2004-12-08 00:00:00+09:00,491.42016748832316,502.8018334928211,490.08114795838225,499.45428466796875,99500,0.0,0.0
2004-12-09 00:00:00+09:00,495.4373322154321,497.44586194062975,492.0897826734359,493.4288024902344,81900,0.0,0.0
2004-12-10 00:00:00+09:00,486.7336128909572,494.0982205137915,486.7336128909572,492.0896911621094,143000,0.0,0.0
2004-12-13 00:00:00+09:00,488.07267798447026,496.7763059869368,486.0641484454395,494.0982666015625,73200,0.0,0.0
2004-12-14 00:00:00+09:00,490.7506715943213,493.42871072989743,486.7336128909572,492.0896911621094,93800,0.0,0.0
2004-12-15 00:00:00+09:00,501.4628139628802,502.13232372785063,496.7762456080869,499.45428466796875,62200,0.0,0.0
2004-12-16 00:00:00+09:00,498.7848204334203,498.7848204334203,494.7677614769095,497.44580078125,34200,0.0,0.0
2004-12-17 00:00:00+09:00,496.10682678222656,504.8104553222656,495.43731689453125,502.1324157714844,92600,0.0,0.0
2004-12-20 00:00:00+09:00,502.13247568819537,513.5141451371278,502.13247568819537,511.505615234375,239000,0.0,0.0
2004-12-21 00:00:00+09:00,515.5226591241005,526.2348182747312,512.8446193364429,517.5311889648438,233100,0.0,0.0
2004-12-22 00:00:00+09:00,524.8957213574968,525.565231206167,520.8786622654751,523.5567016601562,128500,0.0,0.0
2004-12-23 00:00:00+09:00,523.5567016601562,523.5567016601562,523.5567016601562,523.5567016601562,0,0.0,0.0
2004-12-24 00:00:00+09:00,521.5483699315031,526.234940649758,521.5483699315031,522.8873901367188,113500,0.0,0.0
2004-12-27 00:00:00+09:00,521.5482025146484,525.5652618408203,521.5482025146484,524.895751953125,59100,0.0,0.0
2004-12-28 00:00:00+09:00,525.5654305471501,525.5654305471501,520.8788598288952,522.8873901367188,53500,0.0,0.0
2004-12-29 00:00:00+09:00,525.5652926329782,526.2348025598992,516.1921536560843,520.8787231445312,87300,0.0,0.0
2004-12-30 00:00:00+09:00,522.2177429983732,525.5652926329782,517.5311735099262,520.8787231445312,51400,0.0,0.0
2004-12-31 00:00:00+09:00,520.8787231445312,520.8787231445312,520.8787231445312,520.8787231445312,0,0.0,0.0
2005-01-03 00:00:00+09:00,520.8787231445312,520.8787231445312,520.8787231445312,520.8787231445312,0,0.0,0.0
2005-01-04 00:00:00+09:00,527.5737915039062,527.5737915039062,521.5482025146484,524.895751953125,35700,0.0,0.0
2005-01-05 00:00:00+09:00,527.5737915039062,527.5737915039062,520.8786926269531,524.895751953125,73700,0.0,0.0
2005-01-06 00:00:00+09:00,524.2264103419344,525.5654305471501,522.2178800341109,522.8873901367188,103000,0.0,0.0
2005-01-07 00:00:00+09:00,525.5654305471501,525.5654305471501,520.2093497262874,522.8873901367188,107700,0.0,0.0
2005-01-10 00:00:00+09:00,522.8873901367188,522.8873901367188,522.8873901367188,522.8873901367188,0,0.0,0.0
2005-01-11 00:00:00+09:00,525.5654587004187,530.9215398081938,522.2179080080593,529.58251953125,156000,0.0,0.0
2005-01-12 00:00:00+09:00,528.9128419521808,528.9128419521808,524.2262724665285,526.2348022460938,88600,0.0,0.0
2005-01-13 00:00:00+09:00,526.234940649758,527.5739608549736,521.5483699315031,522.8873901367188,71900,0.0,0.0
2005-01-14 00:00:00+09:00,519.5396425681346,528.9127804495184,518.8701327194643,523.5567016601562,115900,0.0,0.0
2005-01-17 00:00:00+09:00,526.904296875,528.9128265962516,524.8957671537485,526.904296875,67100,0.0,0.0
2005-01-18 00:00:00+09:00,524.2262420654297,526.2347717285156,523.5567321777344,524.895751953125,38100,0.0,0.0
2005-01-19 00:00:00+09:00,526.9043586936627,526.9043586936627,521.5482788085938,521.5482788085938,83400,0.0,0.0
2005-01-20 00:00:00+09:00,516.1919555664062,518.8699942463876,513.5139168864249,516.1919555664062,105300,0.0,0.0
2005-01-21 00:00:00+09:00,512.1748975464343,516.1919555664062,510.83587820644357,516.1919555664062,54800,0.0,0.0
2005-01-24 00:00:00+09:00,512.1750793059149,514.1836090286831,507.48850995278883,513.5140991210938,58100,0.0,0.0
2005-01-25 00:00:00+09:00,509.4969328629343,511.50546216462783,506.1493840267783,508.8274230957031,59600,0.0,0.0
2005-01-26 00:00:00+09:00,510.83615028966705,514.8532104492188,509.4971302364831,514.8532104492188,74800,0.0,0.0
2005-01-27 00:00:00+09:00,518.8700410508618,526.234648085132,518.8700410508618,519.53955078125,158900,0.0,0.0
2005-01-28 00:00:00+09:00,522.2178207417304,522.2178207417304,512.175170342851,514.8532104492188,134700,0.0,0.0
2005-01-31 00:00:00+09:00,515.5228712512601,520.2094428080898,512.1753201392389,518.8704223632812,74000,0.0,0.0
2005-02-01 00:00:00+09:00,525.5651383547438,525.5651383547438,512.1749437469797,519.53955078125,99200,0.0,0.0
2005-02-02 00:00:00+09:00,525.5652618408203,525.5652618408203,518.8701629638672,524.895751953125,74100,0.0,0.0
2005-02-03 00:00:00+09:00,520.8785232563737,525.565090946341,515.522445896411,516.1919555664062,106800,0.0,0.0
2005-02-04 00:00:00+09:00,514.1834265564203,518.8699942463876,514.1834265564203,516.1919555664062,53300,0.0,0.0
2005-02-07 00:00:00+09:00,516.8617089091584,521.5482788085938,516.8617089091584,521.5482788085938,48100,0.0,0.0
2005-02-08 00:00:00+09:00,520.2090135863783,520.2090135863783,515.522445896411,516.1919555664062,93200,0.0,0.0
2005-02-09 00:00:00+09:00,515.5226591241005,524.8957983809023,515.5226591241005,517.5311889648438,66900,0.0,0.0
2005-02-10 00:00:00+09:00,518.2005313204735,522.2175897028028,517.5310215900853,519.53955078125,72700,0.0,0.0
2005-02-11 00:00:00+09:00,519.53955078125,519.53955078125,519.53955078125,519.53955078125,0,0.0,0.0
2005-02-14 00:00:00+09:00,522.217818533539,530.2519388186704,522.217818533539,525.5653686523438,127500,0.0,0.0
2005-02-15 00:00:00+09:00,525.565352814107,530.9214328427857,525.565352814107,528.9129028320312,103300,0.0,0.0
2005-02-16 00:00:00+09:00,538.2860665457589,563.0579377673921,532.9299862816221,562.388427734375,569500,0.0,0.0
2005-02-17 00:00:00+09:00,559.0409856569581,565.7360872815923,554.3544145197142,557.7019653320312,341800,0.0,0.0
2005-02-18 00:00:00+09:00,554.3543683649821,564.397019965797,553.6848582582611,559.71044921875,173100,0.0,0.0
2005-02-21 00:00:00+09:00,561.718887438353,562.3883974352998,556.3628074627787,561.0493774414062,104600,0.0,0.0
2005-02-22 00:00:00+09:00,563.7272177325037,563.7272177325037,557.0321201347306,559.0406494140625,71100,0.0,0.0
2005-02-23 00:00:00+09:00,559.0408483298428,559.0408483298428,553.0152583478445,555.6932983398438,140000,0.0,0.0
2005-02-24 00:00:00+09:00,555.6933894524208,557.0324096679688,553.0153490213247,557.0324096679688,104900,0.0,0.0
2005-02-25 00:00:00+09:00,557.0323174597255,563.7274174291933,557.0323174597255,561.0493774414062,100700,0.0,0.0
2005-02-28 00:00:00+09:00,564.3970471909466,571.7616587201287,563.7275370519301,569.0836181640625,163500,0.0,0.0
2005-03-01 00:00:00+09:00,575.1089018708342,575.1089018708342,569.0833138419198,574.4393920898438,141400,0.0,0.0
2005-03-02 00:00:00+09:00,575.7784575883113,581.1345362635514,573.1004182506912,575.1089477539062,162800,0.0,0.0
2005-03-03 00:00:00+09:00,575.7786402696806,584.4822708784083,575.1091302228554,577.7871704101562,132000,0.0,0.0
2005-03-04 00:00:00+09:00,578.4564667630058,582.4735255599711,576.4479373645231,579.1259765625,96000,0.0,0.0
2005-03-07 00:00:00+09:00,583.8127750089799,583.8127750089799,579.7957146304777,582.4737548828125,88300,0.0,0.0
2005-03-08 00:00:00+09:00,582.4735565711107,586.490615581946,582.4735565711107,583.14306640625,104600,0.0,0.0
2005-03-09 00:00:00+09:00,583.8127287594859,587.8297888197577,583.8127287594859,584.4822387695312,107300,0.0,0.0
2005-03-10 00:00:00+09:00,584.4822702374838,586.4908003757569,580.4652099609375,580.4652099609375,95600,0.0,0.0
2005-03-11 00:00:00+09:00,585.1517802835748,585.1517802835748,580.4652099609375,580.4652099609375,106000,0.0,0.0
2005-03-14 00:00:00+09:00,580.4651338789198,581.8041537955955,562.3883650037977,578.4566040039062,140100,0.0,0.0
2005-03-15 00:00:00+09:00,578.4564969259313,581.1345362635514,570.4223789130712,575.1089477539062,97600,0.0,0.0
2005-03-16 00:00:00+09:00,575.1090550668923,576.4480749855579,570.4224853515625,570.4224853515625,96400,0.0,0.0
2005-03-17 00:00:00+09:00,570.422408931213,571.7614286704882,561.049270756287,565.73583984375,140200,0.0,0.0
2005-03-18 00:00:00+09:00,565.7359921073689,571.7615825558497,564.3969720077065,567.0750122070312,81000,0.0,0.0
2005-03-21 00:00:00+09:00,567.0750122070312,567.0750122070312,567.0750122070312,567.0750122070312,0,0.0,0.0
2005-03-22 00:00:00+09:00,571.0919496438964,571.0919496438964,563.7273406801417,564.3968505859375,107100,0.0,0.0
2005-03-23 00:00:00+09:00,564.3969283138413,564.3969283138413,546.3201583678464,555.6932983398438,114300,0.0,0.0
2005-03-24 00:00:00+09:00,555.6933137274766,563.7274339259461,551.6762536282419,555.0238037109375,79600,0.0,0.0
2005-03-25 00:00:00+09:00,553.0152736613201,558.3713537936331,553.0152736613201,555.0238037109375,42100,0.0,0.0
2005-03-28 00:00:00+09:00,562.0921169981664,562.7652812101403,558.7262959382972,560.7457885742188,39600,4.5,0.0
2005-03-29 00:00:00+09:00,558.7262464652033,560.7457389223064,543.2434709607459,548.6287841796875,62000,0.0,0.0
2005-03-30 00:00:00+09:00,548.6286465212596,561.4187622070312,541.8970066866428,561.4187622070312,173900,0.0,0.0
2005-03-31 00:00:00+09:00,561.4188570063166,570.1699902690049,559.3993647149268,569.496826171875,100500,0.0,0.0
2005-04-01 00:00:00+09:00,570.84310315614,574.8820873765844,562.0919706785106,574.2089233398438,50500,0.0,0.0
2005-04-04 00:00:00+09:00,570.8432230029587,570.8432230029587,565.4579095784025,568.82373046875,43600,0.0,0.0
2005-04-05 00:00:00+09:00,574.2089285373139,584.9795532226562,573.5357644944801,584.9795532226562,175600,0.0,0.0
2005-04-06 00:00:00+09:00,585.6526417080762,589.0184614880077,579.5941661041996,586.3258056640625,108500,0.0,0.0
2005-04-07 00:00:00+09:00,586.3259351006869,587.6722633098734,582.2869504731277,585.6527709960938,54600,0.0,0.0
2005-04-08 00:00:00+09:00,585.6527489730992,589.0185693694963,583.6332567352609,587.6722412109375,61900,0.0,0.0
2005-04-11 00:00:00+09:00,587.6720540834989,587.6720540834989,579.5940877043444,582.2867431640625,28100,0.0,0.0
2005-04-12 00:00:00+09:00,584.3065309053309,584.3065309053309,570.8432467830883,572.1895751953125,47400,0.0,0.0
2005-04-13 00:00:00+09:00,572.1892136793871,578.9208514873798,570.8428861177885,577.5745239257812,88000,0.0,0.0
2005-04-14 00:00:00+09:00,558.726176693947,566.8041455136184,554.6871922841112,566.1309814453125,105700,0.0,0.0
2005-04-15 00:00:00+09:00,557.3797574671303,559.3992493420112,549.3017899676066,551.9944458007812,57600,0.0,0.0
2005-04-18 00:00:00+09:00,518.3363740938204,538.5312977598134,518.3363740938204,523.0485229492188,137700,0.0,0.0
2005-04-19 00:00:00+09:00,523.0486224834735,531.7997577373798,521.7022939828726,525.068115234375,120500,0.0,0.0
2005-04-20 00:00:00+09:00,538.53125,545.9360546875,533.1459375000001,538.53125,84500,0.0,0.0
2005-04-21 00:00:00+09:00,538.5313732789294,546.6093438781134,527.0875815967522,543.9166870117188,135900,0.0,0.0
2005-04-22 00:00:00+09:00,550.648117884194,554.6871016339558,543.9164783012576,551.9944458007812,146500,0.0,0.0
2005-04-25 00:00:00+09:00,551.9944458007812,556.033429550543,545.9359701761385,551.9944458007812,154100,0.0,0.0
2005-04-26 00:00:00+09:00,558.7262464652033,558.7262464652033,548.6287841796875,548.6287841796875,111100,0.0,0.0
2005-04-27 00:00:00+09:00,538.5313218941718,549.975112484423,537.8581577418041,548.6287841796875,94200,0.0,0.0
2005-04-28 00:00:00+09:00,555.3603442471483,564.1114769443761,551.9945239789838,556.0335083007812,103900,0.0,0.0
2005-04-29 00:00:00+09:00,556.0335083007812,556.0335083007812,556.0335083007812,556.0335083007812,0,0.0,0.0
2005-05-02 00:00:00+09:00,568.8236620747451,570.8431543661347,558.726200617797,569.496826171875,108900,0.0,0.0
2005-05-03 00:00:00+09:00,569.496826171875,569.496826171875,569.496826171875,569.496826171875,0,0.0,0.0
2005-05-04 00:00:00+09:00,569.496826171875,569.496826171875,569.496826171875,569.496826171875,0,0.0,0.0
2005-05-05 00:00:00+09:00,569.496826171875,569.496826171875,569.496826171875,569.496826171875,0,0.0,0.0
2005-05-06 00:00:00+09:00,582.2870408690278,589.0186829599993,577.5748914053479,582.960205078125,215500,0.0,0.0
2005-05-09 00:00:00+09:00,588.3453734368258,589.0185374796597,580.267404922819,584.9795532226562,106000,0.0,0.0
2005-05-10 00:00:00+09:00,585.652602235293,586.3257661459083,579.5941270397556,584.3062744140625,65000,0.0,0.0
2005-05-11 00:00:00+09:00,578.9212198235422,584.3065334963193,576.2285629871536,582.960205078125,71100,0.0,0.0
2005-05-12 00:00:00+09:00,582.2869930089078,584.3064854702103,568.1505457797897,576.228515625,48400,0.0,0.0
2005-05-13 00:00:00+09:00,562.7652325496496,581.6138288551402,562.7652325496496,576.228515625,79100,0.0,0.0
2005-05-16 00:00:00+09:00,570.1700143959772,574.8821632752828,565.4578655166715,572.8626708984375,90500,0.0,0.0
2005-05-17 00:00:00+09:00,566.1311411150335,574.2091122129888,555.3605129844265,562.7653198242188,106600,0.0,0.0
2005-05-18 00:00:00+09:00,562.7651017568644,565.4577577461316,546.6091658212606,554.6871337890625,149400,0.0,0.0
2005-05-19 00:00:00+09:00,554.6872593470982,567.4773781912668,554.6872593470982,565.4578857421875,67900,0.0,0.0
2005-05-20 00:00:00+09:00,566.1311022700096,572.1895801777742,560.7457885742188,560.7457885742188,37500,0.0,0.0
2005-05-23 00:00:00+09:00,554.0141040932612,571.5163722663168,554.0141040932612,570.1700439453125,27300,0.0,0.0
2005-05-24 00:00:00+09:00,571.5163705891732,572.8626989062267,560.745744052746,564.7847290039062,37900,0.0,0.0
2005-05-25 00:00:00+09:00,562.0919847834774,568.8236253198065,556.0335083007812,556.0335083007812,46000,0.0,0.0
2005-05-26 00:00:00+09:00,556.0335060563093,567.477294921875,556.0335060563093,567.477294921875,92000,0.0,0.0
2005-05-27 00:00:00+09:00,568.8236620747451,572.1894825603945,564.111513394836,569.496826171875,74800,0.0,0.0
2005-05-30 00:00:00+09:00,568.8236569410179,576.228461942617,568.8236569410179,575.5552978515625,129200,0.0,0.0
2005-05-31 00:00:00+09:00,577.5749136879435,580.9407348632812,568.8237786320657,580.9407348632812,88800,0.0,0.0
2005-06-01 00:00:00+09:00,577.5746997837693,580.2673557268172,575.5552078264834,578.2478637695312,69300,0.0,0.0
2005-06-02 00:00:00+09:00,578.9210423009955,580.9405343090223,575.5552222876177,576.9015502929688,77800,0.0,0.0
2005-06-03 00:00:00+09:00,578.2479149187114,578.2479149187114,570.1699463750275,573.5357666015625,67900,0.0,0.0
2005-06-06 00:00:00+09:00,566.8044199661095,580.2677078512902,565.4580911775914,579.5945434570312,156300,0.0,0.0
2005-06-07 00:00:00+09:00,578.9212421580786,581.6138990983488,575.555420982741,580.9407348632812,87200,0.0,0.0
2005-06-08 00:00:00+09:00,578.9209916856554,583.633139292399,578.2478277418348,581.6136474609375,89300,0.0,0.0
2005-06-09 00:00:00+09:00,582.2868403944858,582.2868403944858,576.9015285758085,578.9210205078125,63600,0.0,0.0
2005-06-10 00:00:00+09:00,585.6529156641977,585.6529156641977,580.940765768049,583.6334228515625,100900,0.0,0.0
2005-06-13 00:00:00+09:00,578.9209916856554,585.6526311238606,578.2478277418348,581.6136474609375,49400,0.0,0.0
2005-06-14 00:00:00+09:00,581.6136474609375,582.9599753485785,579.5941556294758,581.6136474609375,16000,0.0,0.0
2005-06-15 00:00:00+09:00,568.150302000542,585.6525624887103,568.150302000542,582.2867431640625,73500,0.0,0.0
2005-06-16 00:00:00+09:00,582.2867826822167,584.3062744140625,582.2867826822167,584.3062744140625,33700,0.0,0.0
2005-06-17 00:00:00+09:00,584.9796473733684,595.7502737922106,581.6138266174802,593.0576171875,296700,0.0,0.0
2005-06-20 00:00:00+09:00,606.5209261149635,609.2135828346748,599.1161201357575,601.8087768554688,106800,0.0,0.0
2005-06-21 00:00:00+09:00,600.4623339953108,601.8086620984393,597.0965137374895,601.135498046875,44200,0.0,0.0
2005-06-22 00:00:00+09:00,597.0965356033839,599.1160278320312,596.4233715271682,599.1160278320312,31500,0.0,0.0
2005-06-23 00:00:00+09:00,601.8086448075941,603.8281369042638,595.0770044853615,597.0964965820312,64600,0.0,0.0
2005-06-24 00:00:00+09:00,592.3844162228414,596.4234008789062,591.0380880041531,596.4234008789062,76400,0.0,0.0
2005-06-27 00:00:00+09:00,592.3844308982607,595.0770874023438,591.0381026462193,595.0770874023438,65000,0.0,0.0
2005-06-28 00:00:00+09:00,597.0965112028823,597.0965112028823,592.3843628619351,595.7501831054688,44600,0.0,0.0
2005-06-29 00:00:00+09:00,593.7307904217695,601.1355961980047,592.3844620988176,597.769775390625,67600,0.0,0.0
2005-06-30 00:00:00+09:00,599.1160033490025,600.462331446416,593.7306909593485,595.7501831054688,52800,0.0,0.0
2005-07-01 00:00:00+09:00,601.1354087136008,601.1354087136008,592.38427734375,592.38427734375,45500,0.0,0.0
2005-07-04 00:00:00+09:00,595.7502829061972,599.1161037135769,595.0771187447212,597.769775390625,45600,0.0,0.0
2005-07-05 00:00:00+09:00,596.4233618247009,597.7696899552308,594.4038696289062,594.4038696289062,42800,0.0,0.0
2005-07-06 00:00:00+09:00,599.1160033490025,599.1160033490025,592.3843628619351,595.7501831054688,34500,0.0,0.0
2005-07-07 00:00:00+09:00,598.4428836618539,598.4428836618539,590.3649144785668,591.7112426757812,38200,0.0,0.0
2005-07-08 00:00:00+09:00,593.0575390625,596.423359375,587.6722265625,589.0185546875,61700,0.0,0.0
2005-07-11 00:00:00+09:00,582.286772152286,593.730558425799,582.286772152286,591.0379028320312,54700,0.0,0.0
2005-07-12 00:00:00+09:00,585.6526311238606,591.0379426744249,578.9209916856554,581.6136474609375,72400,0.0,0.0
2005-07-13 00:00:00+09:00,578.9211722400701,585.6528137777453,572.1895307023949,576.228515625,82400,0.0,0.0
2005-07-14 00:00:00+09:00,578.9211278503842,583.6332765654455,574.8821432374746,580.2674560546875,66100,0.0,0.0
2005-07-15 00:00:00+09:00,582.2869483611423,584.3064406675971,575.5553073396262,580.2674560546875,76900,0.0,0.0
2005-07-18 00:00:00+09:00,580.2674560546875,580.2674560546875,580.2674560546875,580.2674560546875,0,0.0,0.0
2005-07-19 00:00:00+09:00,577.5745239257812,582.2866703913762,572.8623774601863,577.5745239257812,93500,0.0,0.0
2005-07-20 00:00:00+09:00,578.9208514873798,580.9403428297777,575.5550325833834,577.5745239257812,65000,0.0,0.0
2005-07-21 00:00:00+09:00,582.2868403944858,583.6331683491552,578.9210205078125,578.9210205078125,46800,0.0,0.0
2005-07-22 00:00:00+09:00,582.960011669865,582.960011669865,572.8625518834356,578.2478637695312,57900,0.0,0.0
2005-07-25 00:00:00+09:00,578.2479149187114,578.2479149187114,572.8626025562555,573.5357666015625,45100,0.0,0.0
2005-07-26 00:00:00+09:00,572.8625093855948,575.5551651288878,569.4966897064785,570.843017578125,48100,0.0,0.0
2005-07-27 00:00:00+09:00,572.8626509310197,582.960112463294,569.4968304202617,580.2674560546875,62000,0.0,0.0
2005-07-28 00:00:00+09:00,584.306161733774,586.9988168569712,576.9013601449819,577.5745239257812,72900,0.0,0.0
2005-07-29 00:00:00+09:00,576.9014496635776,578.9209413193428,572.8624663520474,574.8819580078125,74100,0.0,0.0
2005-08-01 00:00:00+09:00,578.9211480289733,583.6332969082789,572.8626708984375,572.8626708984375,88600,0.0,0.0
2005-08-02 00:00:00+09:00,572.8625952663623,577.5747435235473,571.5162671928808,574.2089233398438,66700,0.0,0.0
2005-08-03 00:00:00+09:00,578.2479149187114,578.2479149187114,572.8626025562555,573.5357666015625,134300,0.0,0.0
2005-08-04 00:00:00+09:00,571.5161385815372,576.2282857783226,571.5161385815372,574.8819580078125,194200,0.0,0.0
2005-08-05 00:00:00+09:00,577.5747142956444,582.960026317049,574.2088942822664,576.9015502929688,118600,0.0,0.0
2005-08-08 00:00:00+09:00,578.9212198235422,584.9796977054165,577.5748914053479,582.960205078125,107300,0.0,0.0
2005-08-09 00:00:00+09:00,589.6917964316118,594.4039454898552,580.2674983151248,593.0576171875,118800,0.0,0.0
2005-08-10 00:00:00+09:00,595.750153995338,600.4623021060356,591.0380058846404,598.4428100585938,68300,0.0,0.0
2005-08-11 00:00:00+09:00,599.115988678701,599.115988678701,589.0185281953521,597.0964965820312,54300,0.0,0.0
2005-08-12 00:00:00+09:00,596.4234470676731,599.1161037135769,593.0576262602935,597.769775390625,79600,0.0,0.0
2005-08-15 00:00:00+09:00,599.1161037135769,601.1355961980047,596.4234470676731,597.769775390625,64000,0.0,0.0
2005-08-16 00:00:00+09:00,599.1161037135769,600.4624320365288,593.7307904217695,597.769775390625,82200,0.0,0.0
2005-08-17 00:00:00+09:00,595.750197759436,597.7696899552308,592.3843774331116,594.4038696289062,119400,0.0,0.0
2005-08-18 00:00:00+09:00,597.0965356033839,605.1745045179731,594.4038792985209,599.1160278320312,161500,0.0,0.0
2005-08-19 00:00:00+09:00,604.5012963158744,604.5012963158744,598.4428200721741,603.1549682617188,45400,0.0,0.0
2005-08-22 00:00:00+09:00,600.4623194177723,602.4818115234375,597.7696632768855,602.4818115234375,53400,0.0,0.0
2005-08-23 00:00:00+09:00,602.4818615618545,658.3544811256913,599.7892051973323,631.4279174804688,445100,0.0,0.0
2005-08-24 00:00:00+09:00,624.6962134576613,631.4278536888861,619.3109012726815,626.0425415039062,173400,0.0,0.0
2005-08-25 00:00:00+09:00,620.6572875976562,623.3499439429823,618.6377953386617,620.6572875976562,148000,0.0,0.0
2005-08-26 00:00:00+09:00,619.3109594249933,620.6572875976562,614.5988108206726,620.6572875976562,132700,0.0,0.0
2005-08-29 00:00:00+09:00,622.003526744276,622.003526744276,611.2329029045483,611.9060668945312,99600,0.0,0.0
2005-08-30 00:00:00+09:00,617.9644522693045,617.9644522693045,611.9059772470564,614.5986328125,52300,0.0,0.0
2005-08-31 00:00:00+09:00,615.2719895072605,625.3694510418436,613.2524972003439,619.3109741210938,75400,0.0,0.0
2005-09-01 00:00:00+09:00,619.9841015625001,630.7547265625001,619.9841015625001,622.6767578125,161400,0.0,0.0
2005-09-02 00:00:00+09:00,627.388884182634,630.7547043767469,622.0035718720535,624.6962280273438,78900,0.0,0.0
2005-09-05 00:00:00+09:00,629.4085543539888,635.4670324172893,629.4085543539888,630.7548828125,145000,0.0,0.0
2005-09-06 00:00:00+09:00,628.7351975963961,630.7546896657635,625.3693774807838,626.0425415039062,86700,0.0,0.0
2005-09-07 00:00:00+09:00,632.101233864239,636.1402193841383,628.7354125976562,628.7354125976562,93500,0.0,0.0
2005-09-08 00:00:00+09:00,625.369280646829,630.0814280790441,622.6766249712775,629.4082641601562,94800,0.0,0.0
2005-09-09 00:00:00+09:00,630.0814952188487,640.8521190687435,627.3888392563749,640.178955078125,215600,0.0,0.0
2005-09-12 00:00:00+09:00,640.1789915314688,645.564303763069,635.4668433288188,636.8131713867188,116200,0.0,0.0
2005-09-13 00:00:00+09:00,639.5057910875066,646.2374309936909,635.466807143796,640.178955078125,203500,0.0,0.0
2005-09-14 00:00:00+09:00,640.178950881958,651.6227386474609,639.505786895752,646.2374267578125,245100,0.0,0.0
2005-09-15 00:00:00+09:00,642.1984284652742,650.2763961189254,638.1594446384486,647.583740234375,174100,0.0,0.0
2005-09-16 00:00:00+09:00,646.2374267578125,648.2569187164306,640.852114868164,646.2374267578125,236600,0.0,0.0
2005-09-19 00:00:00+09:00,646.2374267578125,646.2374267578125,646.2374267578125,646.2374267578125,0,0.0,0.0
2005-09-20 00:00:00+09:00,646.2375097962382,646.9106738689426,642.1985253600117,644.218017578125,100000,0.0,0.0
2005-09-21 00:00:00+09:00,646.2373404777486,652.2958155447276,639.5057015144388,642.8715209960938,184000,0.0,0.0
2005-09-22 00:00:00+09:00,640.1788654107697,652.2958155447276,636.1398820327838,642.8715209960938,226700,0.0,0.0
2005-09-23 00:00:00+09:00,642.8715209960938,642.8715209960938,642.8715209960938,642.8715209960938,0,0.0,0.0
2005-09-26 00:00:00+09:00,636.1399669647217,649.6032466888428,636.1399669647217,646.2374267578125,169800,0.0,0.0
2005-09-27 00:00:00+09:00,649.2808300169623,655.3678377983714,640.488485443816,647.9281616210938,184600,4.5,0.0
2005-09-28 00:00:00+09:00,643.1939396863187,650.6336172221227,643.1939396863187,648.6046142578125,108600,0.0,0.0
2005-09-29 00:00:00+09:00,649.2808837890625,656.044226328532,645.8992125193279,649.2808837890625,226400,0.0,0.0
2005-09-30 00:00:00+09:00,649.2808837890625,650.6335522969564,640.4885384877523,649.2808837890625,181200,0.0,0.0
2005-10-03 00:00:00+09:00,649.2809261658032,662.1312778295013,648.6045918677138,652.66259765625,255100,0.0,0.0
2005-10-04 00:00:00+09:00,656.0444141877003,666.8657653495593,651.9864075020032,659.4260864257812,380400,0.0,0.0
2005-10-05 00:00:00+09:00,668.8945532301071,670.9235559193794,661.4548767027753,664.8365478515625,205300,0.0,0.0
2005-10-06 00:00:00+09:00,651.3098036487651,662.1311503345182,649.2808011451864,653.3388061523438,200900,0.0,0.0
2005-10-07 00:00:00+09:00,662.8076121275907,667.5419522142164,651.9862633581606,652.66259765625,101600,0.0,0.0
2005-10-10 00:00:00+09:00,652.66259765625,652.66259765625,652.66259765625,652.66259765625,0,0.0,0.0
2005-10-11 00:00:00+09:00,659.4260484441514,659.4260484441514,649.9573667229022,655.3680419921875,104400,0.0,0.0
2005-10-12 00:00:00+09:00,653.339038333796,681.7450834787437,653.339038333796,666.1893920898438,184200,0.0,0.0
2005-10-13 00:00:00+09:00,659.42589074523,675.6579126712664,659.42589074523,672.9525756835938,196300,0.0,0.0
2005-10-14 00:00:00+09:00,675.6579928311435,675.6579928311435,666.1893122509273,669.5709838867188,119900,0.0,0.0
2005-10-17 00:00:00+09:00,672.9525586086518,679.0395666764687,664.160213621805,664.8365478515625,93600,0.0,0.0
2005-10-18 00:00:00+09:00,671.5998938535237,671.5998938535237,662.8075488181804,664.1602172851562,84300,0.0,0.0
2005-10-19 00:00:00+09:00,662.807667286427,675.6580200195312,648.604645844575,675.6580200195312,131000,0.0,0.0
2005-10-20 00:00:00+09:00,672.9527714213386,674.3054403086177,658.0734136612689,660.1024169921875,109800,0.0,0.0
2005-10-21 00:00:00+09:00,660.1023522076409,671.6000366210938,652.6626740577598,671.6000366210938,264800,0.0,0.0
2005-10-24 00:00:00+09:00,669.571048565765,685.803073985541,669.571048565765,679.716064453125,259800,0.0,0.0
2005-10-25 00:00:00+09:00,679.7159835846131,685.8029923928335,670.9236375282948,672.2763061523438,144000,0.0,0.0
2005-10-26 00:00:00+09:00,676.3342526879641,683.7739294675317,675.6579184352761,683.0975952148438,207600,0.0,0.0
2005-10-27 00:00:00+09:00,683.0975989047789,685.126601673803,679.0395933667307,682.4212646484375,81800,0.0,0.0
2005-10-28 00:00:00+09:00,675.6580733719406,681.0687486341784,675.6580733719406,677.0107421875,87800,0.0,0.0
2005-10-31 00:00:00+09:00,674.9816856651573,681.7450292088963,673.6290169564095,675.6580200195312,93200,0.0,0.0
2005-11-01 00:00:00+09:00,676.3342563413653,683.0975989047789,675.6579220850239,682.4212646484375,45700,0.0,0.0
2005-11-02 00:00:00+09:00,683.0977860708086,686.47945827908,672.9527694459946,681.7451171875,153100,0.0,0.0
2005-11-03 00:00:00+09:00,681.7451171875,681.7451171875,681.7451171875,681.7451171875,0,0.0,0.0
2005-11-04 00:00:00+09:00,677.6867239903304,685.1263986049946,672.2760515433017,674.3050537109375,178800,0.0,0.0
2005-11-07 00:00:00+09:00,667.5420453882929,683.774070808069,667.5420453882929,679.716064453125,129700,0.0,0.0
2005-11-08 00:00:00+09:00,679.715927623072,684.4502674174616,678.3632591103893,682.4212646484375,81100,0.0,0.0
2005-11-09 00:00:00+09:00,683.0976207836254,710.150991903769,681.7449522276182,700.6823120117188,183500,0.0,0.0
2005-11-10 00:00:00+09:00,706.0930250757258,707.4456937061391,697.3006789780395,704.7403564453125,66500,0.0,0.0
2005-11-11 00:00:00+09:00,706.7694577817564,730.4411621093751,704.7404545536748,730.441162109375,162100,0.0,0.0
2005-11-14 00:00:00+09:00,742.6149638533027,742.6149638533027,710.1509217176392,713.5325927734375,108000,0.0,0.0
2005-11-15 00:00:00+09:00,700.006073257403,720.9724387366103,700.006073257403,716.2380981445312,57600,0.0,0.0
2005-11-16 00:00:00+09:00,716.2379296180761,723.0012717296727,709.4745875064796,713.5325927734375,141400,0.0,0.0
2005-11-17 00:00:00+09:00,710.1510964806087,736.5281372070312,710.1510964806087,736.5281372070312,80600,0.0,0.0
2005-11-18 00:00:00+09:00,736.527914428711,750.0545978892934,736.527914428711,743.9675903320312,151800,0.0,0.0
2005-11-21 00:00:00+09:00,750.0547410637059,768.3157672212534,743.9677323445235,751.4074096679688,160100,0.0,0.0
2005-11-22 00:00:00+09:00,767.6392822265625,769.6682847346503,752.0835963312225,767.6392822265625,115500,0.0,0.0
2005-11-23 00:00:00+09:00,767.6392822265625,767.6392822265625,767.6392822265625,767.6392822265625,0,0.0,0.0
2005-11-24 00:00:00+09:00,773.726740528208,777.1084133452018,764.258056640625,764.258056640625,191300,0.0,0.0
2005-11-25 00:00:00+09:00,759.5235023430538,767.6395148346982,754.1128273486241,758.84716796875,92000,0.0,0.0
2005-11-28 00:00:00+09:00,759.5233801639441,787.9294193152225,759.5233801639441,781.1660766601562,140400,0.0,0.0
2005-11-29 00:00:00+09:00,781.166037463267,811.6010778839137,781.166037463267,810.9247436523438,260500,0.0,0.0
2005-11-30 00:00:00+09:00,811.6013240078728,811.6013240078728,785.2242809776169,789.2822875976562,171500,0.0,0.0
2005-12-01 00:00:00+09:00,762.2287549290751,785.9004553927109,762.2287549290751,785.22412109375,223400,0.0,0.0
2005-12-02 00:00:00+09:00,795.3692736806139,810.2486308413056,785.2242574346877,804.16162109375,256300,0.0,0.0
2005-12-05 00:00:00+09:00,808.2194960351084,831.891196755802,807.5431617288028,827.8331909179688,226200,0.0,0.0
2005-12-06 00:00:00+09:00,823.0986796027403,823.7750137683958,811.6009987865967,814.3063354492188,145100,0.0,0.0
2005-12-07 00:00:00+09:00,814.9831250795446,821.0701359722549,804.8381069250274,809.5724487304688,157800,0.0,0.0
2005-12-08 00:00:00+09:00,796.045434169239,811.6011223475674,796.045434169239,802.8087768554688,117700,0.0,0.0
2005-12-09 00:00:00+09:00,798.7507897391537,808.8958040034105,798.07445545487,799.4271240234375,178200,0.0,0.0
2005-12-12 00:00:00+09:00,803.4852866773549,813.6303029232811,800.7799490117745,804.16162109375,140700,0.0,0.0
2005-12-13 00:00:00+09:00,804.1614752616591,808.8958153178675,796.7217980304748,797.3981323242188,88300,0.0,0.0
2005-12-14 00:00:00+09:00,808.895973655868,809.5723080820017,795.3692851331946,802.1326293945312,156700,0.0,0.0
2005-12-15 00:00:00+09:00,789.9584611864772,802.1324785677756,764.2577578259582,785.22412109375,94400,0.0,0.0
2005-12-16 00:00:00+09:00,771.6976442622567,804.8380338931512,771.6976442622567,790.635009765625,130800,0.0,0.0
2005-12-19 00:00:00+09:00,789.9584736344761,796.0454824210432,783.1951305382905,794.0164794921875,58100,0.0,0.0
2005-12-20 00:00:00+09:00,797.3981410727617,816.3355015053634,794.01646956694,806.8668212890625,114200,0.0,0.0
2005-12-21 00:00:00+09:00,808.219574050713,813.6302490234375,802.8088990779886,813.6302490234375,144900,0.0,0.0
2005-12-22 00:00:00+09:00,812.953914651847,815.6592521382091,810.2485771654848,813.6302490234375,110600,0.0,0.0
2005-12-23 00:00:00+09:00,813.6302490234375,813.6302490234375,813.6302490234375,813.6302490234375,0,0.0,0.0
2005-12-26 00:00:00+09:00,818.364501953125,824.4515106453383,813.6301618591813,818.364501953125,91100,0.0,0.0
2005-12-27 00:00:00+09:00,813.6301692937383,823.7751838734607,811.6011663777938,817.0118408203125,69500,0.0,0.0
2005-12-28 00:00:00+09:00,812.2775092242002,831.8912042845681,812.2775092242002,826.4805297851562,70800,0.0,0.0
2005-12-29 00:00:00+09:00,829.186246850309,842.036604672622,821.7465660058119,834.596923828125,120800,0.0,0.0
2005-12-30 00:00:00+09:00,840.0074260109349,840.0074260109349,821.7463950106971,822.4227294921875,43000,0.0,0.0
2006-01-02 00:00:00+09:00,822.4227294921875,822.4227294921875,822.4227294921875,822.4227294921875,0,0.0,0.0
2006-01-03 00:00:00+09:00,822.4227294921875,822.4227294921875,822.4227294921875,822.4227294921875,0,0.0,0.0
2006-01-04 00:00:00+09:00,827.8328892356143,836.6252320134436,822.4222167569501,827.1565551757812,63700,0.0,0.0
2006-01-05 00:00:00+09:00,845.4177379608154,867.0604320526123,835.2727251052856,865.707763671875,145000,0.0,0.0
2006-01-06 00:00:00+09:00,878.5582998770254,891.4086522231867,869.0896192009067,876.529296875,113000,0.0,0.0
2006-01-09 00:00:00+09:00,876.529296875,876.529296875,876.529296875,876.529296875,0,0.0,0.0
2006-01-10 00:00:00+09:00,906.288276980276,906.288276980276,885.9982409284788,904.9356079101562,152000,0.0,0.0
2006-01-11 00:00:00+09:00,891.4086239751941,904.9353102267146,883.968946536858,903.5826416015625,113400,0.0,0.0
2006-01-12 00:00:00+09:00,903.5825553716616,933.3412622850996,903.5825553716616,930.6359252929688,190500,0.0,0.0
2006-01-13 00:00:00+09:00,926.5780673481672,936.7230826840961,914.4040489450526,915.0803833007812,107000,0.0,0.0
2006-01-16 00:00:00+09:00,908.3168775184453,912.3748829280586,879.2345054162166,900.2008666992188,99800,0.0,0.0
2006-01-17 00:00:00+09:00,886.6742966871994,910.3459979717547,879.2346191406249,879.234619140625,114900,0.0,0.0
2006-01-18 00:00:00+09:00,845.417855354735,848.799526776154,790.6347783277482,799.4271240234375,130500,0.0,0.0
2006-01-19 00:00:00+09:00,777.784545310619,857.5920030033608,777.784545310619,842.712646484375,146700,0.0,0.0
2006-01-20 00:00:00+09:00,846.0943415487966,871.1187145602318,831.2149846230783,838.6546630859375,85800,0.0,0.0
2006-01-23 00:00:00+09:00,784.547841347411,825.804236452749,784.547841347411,808.2195434570312,112600,0.0,0.0
2006-01-24 00:00:00+09:00,798.7509191506682,814.9829446033491,798.0745847568065,808.8959350585938,101900,0.0,0.0
2006-01-25 00:00:00+09:00,808.8959011168484,845.4179568528934,803.4852261929899,825.8042602539062,171600,0.0,0.0
2006-01-26 00:00:00+09:00,852.8575638105285,861.6499098291937,845.4178864101194,860.2972412109375,128000,0.0,0.0
2006-01-27 00:00:00+09:00,869.0897741247106,940.1048918547453,862.326429578993,913.051513671875,266000,0.0,0.0
2006-01-30 00:00:00+09:00,946.868166398774,1034.7916389929458,943.4864943759212,989.4772338867188,563300,0.0,0.0
2006-01-31 00:00:00+09:00,1028.7043441034134,1028.7043441034134,994.211299034857,1006.3853149414062,419300,0.0,0.0
2006-02-01 00:00:00+09:00,1000.9748958197416,1017.8832555464264,967.1581763663719,971.8925170898438,329500,0.0,0.0
2006-02-02 00:00:00+09:00,996.2406401173168,1023.2940179887986,996.2406401173168,1021.2650146484375,381600,0.0,0.0
2006-02-03 00:00:00+09:00,1017.8829476268022,1067.9316772775553,1011.1196057821059,1049.670654296875,566200,0.0,0.0
2006-02-06 00:00:00+09:00,1095.661428031114,1115.2751202613006,1065.2263883635828,1086.1927490234375,481800,0.0,0.0
2006-02-07 00:00:00+09:00,1088.2219347129105,1149.7683586152566,1086.1929317271188,1130.1546630859375,292500,0.0,0.0
2006-02-08 00:00:00+09:00,1125.42049689441,1126.0968313276398,1084.1640964673913,1088.8984375,258600,0.0,0.0
2006-02-09 00:00:00+09:00,1113.2462381502478,1124.0675867592417,1097.690549524819,1109.188232421875,165000,0.0,0.0
2006-02-10 00:00:00+09:00,1091.6038087492536,1105.8068322831657,1049.6710726015126,1061.8450927734375,178300,0.0,0.0
2006-02-13 00:00:00+09:00,1028.0281004717767,1034.7914432380385,990.8297152573375,1012.472412109375,260000,0.0,0.0
2006-02-14 00:00:00+09:00,958.3656263419076,1006.3853577958776,940.1046017044824,953.6312866210938,422200,0.0,0.0
2006-02-15 00:00:00+09:00,953.6313994034476,962.4237456390823,906.2879965961843,933.3413696289062,592500,0.0,0.0
2006-02-16 00:00:00+09:00,952.2787513326226,959.7184290774088,935.3703928217451,951.6024169921875,212400,0.0,0.0
2006-02-17 00:00:00+09:00,965.1293060856052,1000.9750336416928,951.6026164417985,969.8636474609375,350800,0.0,0.0
2006-02-20 00:00:00+09:00,942.8099640336291,952.2786437298062,835.2728160556183,837.3018188476562,403300,0.0,0.0
2006-02-21 00:00:00+09:00,836.6255831275796,898.848342745799,817.011887160967,896.1430053710938,418400,0.0,0.0
2006-02-22 00:00:00+09:00,896.8194381611914,924.5491492958889,896.8194381611914,911.0224609375,250200,0.0,0.0
2006-02-23 00:00:00+09:00,956.3367482880016,957.01308262201,920.4910285855517,931.3123779296875,145700,0.0,0.0
2006-02-24 00:00:00+09:00,926.5778561760399,935.3702007966883,899.5244881125058,919.8145141601562,216500,0.0,0.0
2006-02-27 00:00:00+09:00,920.4912790168263,961.0713500976562,920.4912790168263,961.0713500976562,291200,0.0,0.0
2006-02-28 00:00:00+09:00,973.9216593952922,974.5979938809834,933.3415902538217,937.3995971679688,131500,0.0,0.0
2006-03-01 00:00:00+09:00,936.0466330555425,936.0466330555425,896.8192452540819,902.2299194335938,220300,0.0,0.0
2006-03-02 00:00:00+09:00,915.7567013377064,925.9017164928508,892.7613336527123,896.1430053710938,226600,0.0,0.0
2006-03-03 00:00:00+09:00,869.0897313168175,899.5247802734376,869.0897313168175,899.5247802734375,136100,0.0,0.0
2006-03-06 00:00:00+09:00,912.374983885258,912.374983885258,872.4712596085861,904.2589721679688,108900,0.0,0.0
2006-03-07 00:00:00+09:00,912.3751816235833,912.3751816235833,890.0561445638515,891.4088134765625,125200,0.0,0.0
2006-03-08 00:00:00+09:00,902.9061688844174,904.9351715111239,883.2924768262541,883.9688110351562,118600,0.0,0.0
2006-03-09 00:00:00+09:00,872.4712114462787,905.6115907957886,872.4712114462787,902.2299194335938,123300,0.0,0.0
2006-03-10 00:00:00+09:00,902.9063418935859,920.4910346945097,902.9063418935859,908.3170166015625,127600,0.0,0.0
2006-03-13 00:00:00+09:00,932.6649668979231,940.7809782124808,923.1962870309392,934.6939697265625,71500,0.0,0.0
2006-03-14 00:00:00+09:00,961.7475908140257,961.7475908140257,929.9598715677112,945.5155639648438,130800,0.0,0.0
2006-03-15 00:00:00+09:00,945.5153486046755,968.5107147366919,930.6359940486649,962.4237060546875,154400,0.0,0.0
2006-03-16 00:00:00+09:00,971.2160801642715,971.2160801642715,935.3703613281249,935.370361328125,117100,0.0,0.0
2006-03-17 00:00:00+09:00,929.959589512504,953.6312881546404,927.9305867717494,942.1336059570312,100100,0.0,0.0
2006-03-20 00:00:00+09:00,938.7521099637798,977.3031692346267,938.7521099637798,975.9505004882812,122000,0.0,0.0
2006-03-21 00:00:00+09:00,975.9505004882811,975.9505004882811,975.9505004882811,975.9505004882812,0,0.0,0.0
2006-03-22 00:00:00+09:00,977.3029024506656,1002.327267426911,963.7762186797221,991.5059204101562,239800,0.0,0.0
2006-03-23 00:00:00+09:00,1003.6801150438262,1003.6801150438262,966.4817280307464,970.5397338867188,117100,0.0,0.0
2006-03-24 00:00:00+09:00,967.834290888893,986.0953152452871,956.3366088867189,956.3366088867188,89300,0.0,0.0
2006-03-27 00:00:00+09:00,963.7764186075289,990.8297917614244,963.7764186075289,987.4481201171875,113500,0.0,0.0
2006-03-28 00:00:00+09:00,992.5433163357765,998.6575462105349,974.8799855864745,988.4671630859375,56700,6.5,0.0
2006-03-29 00:00:00+09:00,995.2611636924617,1021.0768116244163,983.7120580386925,1018.359375,143700,0.0,0.0
2006-03-30 00:00:00+09:00,1031.945840328523,1046.2123726832951,1020.3967427079931,1040.09814453125,160200,0.0,0.0
2006-03-31 00:00:00+09:00,1046.2125602213541,1048.2506366373698,1019.0382080078125,1019.0382080078125,112200,0.0,0.0
2006-04-03 00:00:00+09:00,1019.0381543732683,1049.6092990044665,1019.0381543732683,1042.1363525390625,228000,0.0,0.0
2006-04-04 00:00:00+09:00,1039.4189828357485,1049.6093650204127,1028.5492418387735,1038.7396240234375,174600,0.0,0.0
2006-04-05 00:00:00+09:00,1040.0984650165813,1040.7778239094728,1019.7176982298423,1021.076416015625,100300,0.0,0.0
2006-04-06 00:00:00+09:00,1031.2668897621384,1053.0063762393374,1029.9081718573134,1050.2889404296875,128100,0.0,0.0
2006-04-07 00:00:00+09:00,1046.2123276132863,1049.6091208847579,1038.060023761754,1047.571044921875,118500,0.0,0.0
2006-04-10 00:00:00+09:00,1066.5937527482997,1086.9745250938086,1061.1588801228306,1086.295166015625,213400,0.0,0.0
2006-04-11 00:00:00+09:00,1086.9742979372684,1106.6757070873814,1076.7839138941065,1099.2027587890625,308000,0.0,0.0
2006-04-12 00:00:00+09:00,1105.9966526955552,1117.5457577912705,1092.4094702300079,1093.7681884765625,328700,0.0,0.0
2006-04-13 00:00:00+09:00,1093.7679013117931,1097.164696036364,1061.8380309008276,1065.9141845703125,321000,0.0,0.0
2006-04-14 00:00:00+09:00,1065.9139388474412,1076.1043206719864,1046.2125339866536,1048.2506103515625,213100,0.0,0.0
2006-04-17 00:00:00+09:00,1045.5329864203736,1059.7995183988191,1042.8155517578125,1042.8155517578125,67300,0.0,0.0
2006-04-18 00:00:00+09:00,1042.1364557555833,1042.1364557555833,1025.83184367075,1038.060302734375,98000,0.0,0.0
2006-04-19 00:00:00+09:00,1038.7398987623749,1050.2890016263125,1025.1527189224485,1027.1907958984375,224400,0.0,0.0
2006-04-20 00:00:00+09:00,1033.9843858184008,1039.4192577543713,1026.511436906441,1027.1907958984375,142000,0.0,0.0
2006-04-21 00:00:00+09:00,1027.8698861581308,1110.751661512587,1027.19052734375,1100.561279296875,1037100,0.0,0.0
2006-04-24 00:00:00+09:00,1120.9422570562278,1158.3069989581022,1103.9582834644668,1147.437255859375,1138900,0.0,0.0
2006-04-25 00:00:00+09:00,1167.8183301149659,1188.1991037644416,1150.1549929520868,1170.5357666015625,1050900,0.0,0.0
2006-04-26 00:00:00+09:00,1164.4208236018537,1175.2905629120228,1154.909801705456,1165.779541015625,404300,0.0,0.0
2006-04-27 00:00:00+09:00,1168.4972205528845,1222.1665696364182,1168.4972205528845,1209.9381103515625,706500,0.0,0.0
2006-04-28 00:00:00+09:00,1209.938119935306,1222.8459381715616,1178.6876126264774,1185.481201171875,736800,0.0,0.0
2006-05-01 00:00:00+09:00,1188.8780893769654,1201.1065497248428,1179.3670646619496,1188.19873046875,393400,0.0,0.0
2006-05-02 00:00:00+09:00,1185.4811826989285,1232.3569429317229,1171.8940058198577,1225.5633544921875,390000,0.0,0.0
2006-05-03 00:00:00+09:00,1225.5633544921875,1225.5633544921875,1225.5633544921875,1225.5633544921875,0,0.0,0.0
2006-05-04 00:00:00+09:00,1225.5633544921875,1225.5633544921875,1225.5633544921875,1225.5633544921875,0,0.0,0.0
2006-05-05 00:00:00+09:00,1225.5633544921875,1225.5633544921875,1225.5633544921875,1225.5633544921875,0,0.0,0.0
2006-05-08 00:00:00+09:00,1286.7054891168113,1304.3688168449198,1260.210497524649,1270.40087890625,467500,0.0,0.0
2006-05-09 00:00:00+09:00,1269.7216604167377,1277.1946075887997,1245.2647423990798,1247.982177734375,207900,0.0,0.0
2006-05-10 00:00:00+09:00,1247.9823300013834,1260.2107905022135,1223.5254089997231,1227.6015625,334800,0.0,0.0
2006-05-11 00:00:00+09:00,1250.0204067515217,1286.0264293372993,1220.807973332872,1227.6015625,489800,0.0,0.0
2006-05-12 00:00:00+09:00,1222.8459576605653,1226.2427519874002,1165.100454104372,1180.7257080078125,531600,0.0,0.0
2006-05-15 00:00:00+09:00,1148.116640573632,1174.611639971485,1148.116640573632,1162.3831787109375,235100,0.0,0.0
2006-05-16 00:00:00+09:00,1142.6818349835928,1165.1006819244124,1108.0345260750535,1112.7900390625,454700,0.0,0.0
2006-05-17 00:00:00+09:00,1099.882057082485,1157.6275634765625,1099.882057082485,1157.6275634765625,460700,0.0,0.0
2006-05-18 00:00:00+09:00,1118.2247026029236,1146.7577752088305,1108.7136784009547,1138.60546875,319600,0.0,0.0
2006-05-19 00:00:00+09:00,1118.2245639092907,1140.6434038904613,1114.1484111854415,1134.5291748046875,130100,0.0,0.0
2006-05-22 00:00:00+09:00,1157.627634406307,1174.6116079157891,1114.1486622220325,1118.9041748046875,277800,0.0,0.0
2006-05-23 00:00:00+09:00,1100.5613831443238,1116.1866373494593,1073.387028004958,1087.653564453125,360800,0.0,0.0
2006-05-24 00:00:00+09:00,1107.3548494664633,1116.186513910061,1089.0121617759146,1114.1484375,235700,0.0,0.0
2006-05-25 00:00:00+09:00,1093.7679878769407,1107.3551678505673,1059.1206789441928,1066.5936279296875,391400,0.0,0.0
2006-05-26 00:00:00+09:00,1080.1809343119724,1100.5617066574812,1075.4254207646868,1086.295166015625,204200,0.0,0.0
2006-05-29 00:00:00+09:00,1095.8058043615638,1095.8058043615638,1060.4791448285189,1064.5552978515625,160800,0.0,0.0
2006-05-30 00:00:00+09:00,1044.174513226583,1050.9681014713885,1027.8699014390502,1033.984130859375,229800,0.0,0.0
2006-05-31 00:00:00+09:00,1019.0381373097758,1026.5110836500476,992.5431457397217,1017.0000610351562,437900,0.0,0.0
2006-06-01 00:00:00+09:00,1003.4127904919611,1016.9999643645672,964.6893449550337,984.3907470703125,320700,0.0,0.0
2006-06-02 00:00:00+09:00,970.8038824608708,1008.1686225135985,917.1345285669529,995.2608032226562,484800,0.0,0.0
2006-06-05 00:00:00+09:00,961.2927205630806,995.2606612190199,951.1023383662988,973.5211791992188,176700,0.0,0.0
2006-06-06 00:00:00+09:00,951.1024028870587,965.3689389303646,942.2707377173931,952.4611206054688,154700,0.0,0.0
2006-06-07 00:00:00+09:00,961.292752005582,978.2767228890729,911.0201981904492,923.2486572265625,345700,0.0,0.0
2006-06-08 00:00:00+09:00,908.9821643169618,913.7376763873793,881.1284507616587,883.8458862304688,199300,0.0,0.0
2006-06-09 00:00:00+09:00,883.8461022930808,908.3030274910445,862.106613228224,900.830078125,411500,0.0,0.0
2006-06-12 00:00:00+09:00,917.1345686895494,955.8580282564415,896.7538004964483,950.4231567382812,421000,0.0,0.0
2006-06-13 00:00:00+09:00,957.2169539533342,962.6518266514369,937.515540422712,951.1027221679688,392800,0.0,0.0
2006-06-14 00:00:00+09:00,937.5152570841699,982.3529432925433,920.5312850355436,972.8419189453125,354100,0.0,0.0
2006-06-15 00:00:00+09:00,1025.1525033804087,1025.1525033804087,978.2767427884615,1015.6414794921875,353200,0.0,0.0
2006-06-16 00:00:00+09:00,1029.228507220159,1048.9299109887295,1022.4349197137552,1036.0220947265625,330500,0.0,0.0
2006-06-19 00:00:00+09:00,1034.6639992490461,1063.1970839295843,1025.1529710221998,1029.2291259765625,393600,0.0,0.0
2006-06-20 00:00:00+09:00,1023.1144031693178,1042.1364505057993,1006.8097911666196,1014.9620971679688,228100,0.0,0.0
2006-06-21 00:00:00+09:00,1025.8316472555825,1038.7394626846265,1013.6031905333307,1030.587158203125,210100,0.0,0.0
2006-06-22 00:00:00+09:00,1066.5936388847156,1074.0665879469652,1035.343124624399,1059.800048828125,203200,0.0,0.0
2006-06-23 00:00:00+09:00,1040.0984622410365,1076.1044834681918,1027.1906433105469,1065.2347412109375,180900,0.0,0.0
2006-06-26 00:00:00+09:00,1060.479425617866,1067.9523748054357,1050.2890403620888,1063.876220703125,195600,0.0,0.0
2006-06-27 00:00:00+09:00,1083.577224522421,1097.164399751542,1060.4790266329146,1091.0501708984375,184600,0.0,0.0
2006-06-28 00:00:00+09:00,1071.348981799277,1071.348981799277,1046.2127025814118,1049.6094970703125,404500,0.0,0.0
2006-06-29 00:00:00+09:00,1046.2126555847324,1058.441115195463,1042.1365023811554,1057.0823974609375,176900,0.0,0.0
2006-06-30 00:00:00+09:00,1080.1807224135098,1083.5775171380806,1060.4793130109992,1065.9141845703125,162700,0.0,0.0
2006-07-03 00:00:00+09:00,1045.5335272427262,1072.0285289077465,1045.5335272427262,1063.876220703125,108700,0.0,0.0
2006-07-04 00:00:00+09:00,1059.7996174870207,1073.3867920701875,1054.364747653754,1063.1964111328125,100200,0.0,0.0
2006-07-05 00:00:00+09:00,1042.815900012497,1057.082436755339,1025.8319276995899,1029.9080810546875,182500,0.0,0.0
2006-07-06 00:00:00+09:00,1028.549231282552,1028.549231282552,995.9400086263021,1019.0382080078125,279300,0.0,0.0
2006-07-07 00:00:00+09:00,1049.6093542480469,1049.6093542480469,1010.2065435384114,1019.0382080078125,104800,0.0,0.0
2006-07-10 00:00:00+09:00,1032.6255063657406,1046.2126840810795,1005.4511509350633,1045.5333251953125,139500,0.0,0.0
2006-07-11 00:00:00+09:00,1004.7718207357417,1034.6636125629038,1001.3750262099279,1025.152587890625,133800,0.0,0.0
2006-07-12 00:00:00+09:00,1019.0381164963738,1038.0601613376396,1003.4128653767629,1004.0922241210938,99300,0.0,0.0
2006-07-13 00:00:00+09:00,989.8258954789903,1002.7337142944335,972.1625644683837,978.2767944335938,178300,0.0,0.0
2006-07-14 00:00:00+09:00,982.3528908804751,984.3909674175715,917.1344416933896,921.8899536132812,273200,0.0,0.0
2006-07-17 00:00:00+09:00,921.8899536132812,921.8899536132812,921.8899536132812,921.8899536132812,0,0.0,0.0
2006-07-18 00:00:00+09:00,925.2866685445747,928.683462481963,864.1443776715852,879.0902709960938,246600,0.0,0.0
2006-07-19 00:00:00+09:00,876.3729108642762,916.4550827565182,876.3729108642762,904.2266235351562,132900,0.0,0.0
2006-07-20 00:00:00+09:00,944.9881731542133,953.8198383238788,923.9280485188569,952.4611206054688,127400,0.0,0.0
2006-07-21 00:00:00+09:00,951.1022693127186,980.9940549196897,930.7215063988746,971.4830322265625,256100,0.0,0.0
2006-07-24 00:00:00+09:00,983.7115075077571,983.7115075077571,940.9119046258588,957.8958740234375,112200,0.0,0.0
2006-07-25 00:00:00+09:00,964.6895368606412,976.917995778593,937.5151837096372,938.8739013671875,198800,0.0,0.0
2006-07-26 00:00:00+09:00,917.8138895986349,935.4772213007552,907.6235059243347,919.172607421875,266400,0.0,0.0
2006-07-27 00:00:00+09:00,915.7760553175402,1055.0446690713204,886.5636143838205,1053.006591796875,1071100,0.0,0.0
2006-07-28 00:00:00+09:00,1021.0765936165969,1031.2669787824311,996.6196692185946,1024.473388671875,701100,0.0,0.0
2006-07-31 00:00:00+09:00,1044.8540610319649,1059.7999578737745,1036.0223947163502,1039.419189453125,522000,0.0,0.0
2006-08-01 00:00:00+09:00,1044.8538533342362,1078.8217939497833,1034.663471149572,1038.7396240234375,408000,0.0,0.0
2006-08-02 00:00:00+09:00,1025.8315851168056,1044.8536277547332,1025.8315851168056,1042.8155517578125,407000,0.0,0.0
2006-08-03 00:00:00+09:00,1051.647555167215,1061.158579567952,1044.8539663095455,1045.5333251953125,431900,0.0,0.0
2006-08-04 00:00:00+09:00,1055.0443670028792,1071.3489805302902,1054.3650081059038,1067.2728271484375,562000,0.0,0.0
2006-08-07 00:00:00+09:00,1084.2566945107696,1099.202588796006,1051.647470615709,1062.5172119140625,493400,0.0,0.0
2006-08-08 00:00:00+09:00,1076.1046786667714,1082.2189097955597,1053.006472180237,1081.53955078125,238500,0.0,0.0
2006-08-09 00:00:00+09:00,1095.8060816558318,1118.9042879647584,1082.8982604831965,1116.8662109375,393100,0.0,0.0
2006-08-10 00:00:00+09:00,1113.4694313315015,1114.1487903500076,1080.8601984432087,1092.4093017578125,305900,0.0,0.0
2006-08-11 00:00:00+09:00,1105.3167635871641,1115.507145550168,1093.0883052315594,1112.1103515625,384900,0.0,0.0
2006-08-14 00:00:00+09:00,1112.1103991442615,1131.8118051156625,1100.5612990920608,1131.1324462890625,180700,0.0,0.0
2006-08-15 00:00:00+09:00,1120.9422481441836,1152.8721182428362,1120.9422481441836,1145.399169921875,246000,0.0,0.0
2006-08-16 00:00:00+09:00,1160.3450849817154,1165.100597625083,1146.0785470516123,1149.475341796875,232900,0.0,0.0
2006-08-17 00:00:00+09:00,1146.0784820049223,1159.6656602148205,1133.170662705519,1144.0404052734375,200300,0.0,0.0
2006-08-18 00:00:00+09:00,1144.7195589926034,1165.7796814429125,1139.964047471566,1161.024169921875,312900,0.0,0.0
2006-08-21 00:00:00+09:00,1171.2148451768885,1174.611639971485,1158.9863839163409,1162.3831787109375,197500,0.0,0.0
2006-08-22 00:00:00+09:00,1155.5894024188701,1167.817861703726,1144.7196608323318,1156.9481201171875,113300,0.0,0.0
2006-08-23 00:00:00+09:00,1152.192759304567,1158.3069897489897,1141.3230162922598,1145.399169921875,244800,0.0,0.0
2006-08-24 00:00:00+09:00,1117.5450065677685,1134.5289732329322,1116.1862892345555,1118.224365234375,160900,0.0,0.0
2006-08-25 00:00:00+09:00,1107.355015889632,1145.3991145950426,1103.9582213623632,1133.170654296875,267800,0.0,0.0
2006-08-28 00:00:00+09:00,1133.1705132770194,1137.2466662024763,1108.713595724278,1129.0943603515625,202600,0.0,0.0
2006-08-29 00:00:00+09:00,1141.3230198372041,1141.3230198372041,1111.4312264605153,1118.9041748046875,89500,0.0,0.0
2006-08-30 00:00:00+09:00,1139.2848549563137,1153.5513916015625,1131.1325483018857,1153.5513916015625,310600,0.0,0.0
2006-08-31 00:00:00+09:00,1154.910340383952,1180.0466242628968,1152.1929042889308,1169.1768798828125,263000,0.0,0.0
2006-09-01 00:00:00+09:00,1180.725989886928,1180.725989886928,1168.4975273909758,1180.046630859375,149300,0.0,0.0
2006-09-04 00:00:00+09:00,1187.5191972740802,1265.645460252638,1186.839838465571,1255.455078125,698100,0.0,0.0
2006-09-05 00:00:00+09:00,1256.8141523819395,1256.8141523819395,1207.900304289237,1216.0526123046875,261300,0.0,0.0
2006-09-06 00:00:00+09:00,1201.1068027399078,1212.655906612407,1182.764108354174,1199.0687255859375,185900,0.0,0.0
2006-09-07 00:00:00+09:00,1182.7639474785167,1192.2749729033872,1162.3831787109375,1162.3831787109375,174500,0.0,0.0
2006-09-08 00:00:00+09:00,1134.5294058080187,1178.687735974199,1132.491329031118,1167.8179931640625,326500,0.0,0.0
2006-09-11 00:00:00+09:00,1156.2687802600917,1163.062368863265,1135.888014450572,1143.3609619140625,176200,0.0,0.0
2006-09-12 00:00:00+09:00,1131.1326369398812,1131.8119958809862,1098.5234077668395,1110.072509765625,236900,0.0,0.0
2006-09-13 00:00:00+09:00,1123.6596495989456,1148.1165706301197,1112.1105480008912,1119.58349609375,232900,0.0,0.0
2006-09-14 00:00:00+09:00,1127.7357367523064,1140.6435554259774,1111.4311236908272,1122.980224609375,78100,0.0,0.0
2006-09-15 00:00:00+09:00,1123.6594595265062,1123.6594595265062,1080.859854961712,1096.485107421875,206400,0.0,0.0
2006-09-18 00:00:00+09:00,1096.485107421875,1096.485107421875,1096.485107421875,1096.485107421875,0,0.0,0.0
2006-09-19 00:00:00+09:00,1103.2786394112206,1131.1323489037454,1100.5612043387791,1101.919921875,239900,0.0,0.0
2006-09-20 00:00:00+09:00,1099.2026562808064,1099.8820151536622,1072.0283013665714,1076.7838134765625,156700,0.0,0.0
2006-09-21 00:00:00+09:00,1080.1805795581931,1090.3709623842137,1078.142502992989,1079.501220703125,185300,0.0,0.0
2006-09-22 00:00:00+09:00,1065.9139499809905,1078.142408298172,1056.4029268454049,1067.9520263671875,107700,0.0,0.0
2006-09-25 00:00:00+09:00,1047.5714462087124,1079.5013151917276,1035.3429857471322,1073.3870849609375,213700,0.0,0.0
2006-09-26 00:00:00+09:00,1081.580913949418,1107.527930824467,1079.5324652487561,1084.9949951171875,159800,8.0,0.0
2006-09-27 00:00:00+09:00,1111.624881970741,1119.8186771695425,1084.3122313080692,1093.1888427734375,177000,0.0,0.0
2006-09-28 00:00:00+09:00,1095.9200548540502,1109.5763795251287,1065.8761405776775,1084.9949951171875,479500,0.0,0.0
2006-09-29 00:00:00+09:00,1105.4793750424328,1105.4793750424328,1084.9948900200284,1100.016845703125,238100,0.0,0.0
2006-10-02 00:00:00+09:00,1127.32934672159,1158.0560702845648,1119.8183698506407,1145.765380859375,561900,0.0,0.0
2006-10-03 00:00:00+09:00,1145.7653217930947,1149.8622180569557,1134.1574490454889,1143.0340576171875,212700,0.0,0.0
2006-10-04 00:00:00+09:00,1143.0343111478364,1157.3734512518415,1094.5543612723907,1100.69970703125,262300,0.0,0.0
2006-10-05 00:00:00+09:00,1130.0609700272723,1134.8406840998953,1112.3077463289587,1119.8187255859375,143200,0.0,0.0
2006-10-06 00:00:00+09:00,1131.4265762011598,1131.4265762011598,1106.1623738357748,1115.7218017578125,166900,0.0,0.0
2006-10-09 00:00:00+09:00,1115.7218017578125,1115.7218017578125,1115.7218017578125,1115.7218017578125,0,0.0,0.0
2006-10-10 00:00:00+09:00,1078.8497961157916,1105.4796328553584,1078.8497961157916,1089.092041015625,139200,0.0,0.0
2006-10-11 00:00:00+09:00,1082.2638564440467,1090.4576522026136,1052.9027549758484,1053.5855712890625,204800,0.0,0.0
2006-10-12 00:00:00+09:00,1054.2681346126387,1062.461928404965,1031.7352016837415,1046.0743408203125,266200,0.0,0.0
2006-10-13 00:00:00+09:00,1068.607457177033,1093.1888427734375,1054.26831557913,1093.1888427734375,291900,0.0,0.0
2006-10-16 00:00:00+09:00,1097.2856604176259,1115.0388820547498,1092.5059468999386,1112.3076171875,269300,0.0,0.0
2006-10-17 00:00:00+09:00,1113.6733441055565,1115.0389766550422,1089.0919582148147,1095.2373046875,291800,0.0,0.0
2006-10-18 00:00:00+09:00,1085.677965593248,1085.677965593248,1065.876292006956,1083.6295166015625,308400,0.0,0.0
2006-10-19 00:00:00+09:00,1091.1401319256156,1091.1401319256156,1069.290016643,1078.1666259765625,253200,0.0,0.0
2006-10-20 00:00:00+09:00,1089.77494022764,1113.6735134782462,1085.6780419561076,1108.893798828125,480600,0.0,0.0
2006-10-23 00:00:00+09:00,1153.9595947265625,1184.0035131691475,1145.082982459435,1153.9595947265625,1107800,0.0,0.0
2006-10-24 00:00:00+09:00,1174.4438051332581,1177.175069796359,1129.3779381920983,1136.888916015625,495900,0.0,0.0
2006-10-25 00:00:00+09:00,1137.5718117948704,1147.1312387847433,1115.038876747313,1117.7701416015625,762900,0.0,0.0
2006-10-26 00:00:00+09:00,1132.7922483642726,1134.8406972763237,1115.7218407638466,1121.8671875,321500,0.0,0.0
2006-10-27 00:00:00+09:00,1114.356186917702,1119.1359009547264,1097.9685959336182,1099.334228515625,479700,0.0,0.0
2006-10-30 00:00:00+09:00,1119.8182698212336,1121.8667178757846,1093.8712611302537,1094.5540771484375,546900,0.0,0.0
2006-10-31 00:00:00+09:00,1094.554286523688,1094.554286523688,1054.9509498933862,1064.5103759765625,552900,0.0,0.0
2006-11-01 00:00:00+09:00,1044.0256522271263,1056.9991560808317,1033.7834123426223,1040.611572265625,842800,0.0,0.0
2006-11-02 00:00:00+09:00,1041.9775053067222,1067.2417043213675,1039.2462405483823,1061.7791748046875,585400,0.0,0.0
2006-11-03 00:00:00+09:00,1061.7791748046875,1061.7791748046875,1061.7791748046875,1061.7791748046875,0,0.0,0.0
2006-11-06 00:00:00+09:00,1061.7793879494025,1096.6030206088362,1058.3653063161246,1089.092041015625,390400,0.0,0.0
2006-11-07 00:00:00+09:00,1102.7482362227006,1102.7482362227006,1077.4840351451528,1081.5809326171875,310100,0.0,0.0
2006-11-08 00:00:00+09:00,1078.8495983492944,1088.409025170111,1058.3651123046875,1058.3651123046875,257000,0.0,0.0
2006-11-09 00:00:00+09:00,1093.1885147683113,1093.1885147683113,1053.5851831901962,1062.4617919921875,286600,0.0,0.0
2006-11-10 00:00:00+09:00,1071.3388802355823,1073.3873293373713,1059.7310019921122,1060.413818359375,395600,0.0,0.0
2006-11-13 00:00:00+09:00,1060.4135022083199,1073.3870093184023,1052.2197082440573,1055.6337890625,287300,0.0,0.0
2006-11-14 00:00:00+09:00,1056.3166643109237,1095.2371878181782,1056.3166643109237,1089.774658203125,400200,0.0,0.0
2006-11-15 00:00:00+09:00,1093.1888296344553,1102.748257251496,1087.0434833092147,1091.140380859375,227500,0.0,0.0
2006-11-16 00:00:00+09:00,1101.3825737593702,1106.1622873466706,1093.871595265041,1095.9200439453125,284000,0.0,0.0
2006-11-17 00:00:00+09:00,1102.7480197145453,1104.1136519371018,1092.5057780453699,1098.651123046875,294700,0.0,0.0
2006-11-20 00:00:00+09:00,1097.2856028448675,1097.2856028448675,1048.8056539948452,1059.730712890625,399800,0.0,0.0
2006-11-21 00:00:00+09:00,1059.0476802879793,1082.263425697258,1059.0476802879793,1063.827392578125,261000,0.0,0.0
2006-11-22 00:00:00+09:00,1065.1933427290483,1084.9950138438833,1063.8277102383702,1081.5809326171875,140700,0.0,0.0
2006-11-23 00:00:00+09:00,1081.5809326171875,1081.5809326171875,1081.5809326171875,1081.5809326171875,0,0.0,0.0
2006-11-24 00:00:00+09:00,1083.6290776119956,1086.3603418277787,1074.7524689107001,1078.849365234375,135700,0.0,0.0
2006-11-27 00:00:00+09:00,1058.3650560235258,1091.1402319519964,1058.3650560235258,1087.0433349609375,129500,0.0,0.0
2006-11-28 00:00:00+09:00,1065.19346958268,1090.4576736689362,1065.19346958268,1089.092041015625,175800,0.0,0.0
2006-11-29 00:00:00+09:00,1091.8233196421324,1104.114013671875,1083.629523622304,1104.114013671875,145800,0.0,0.0
2006-11-30 00:00:00+09:00,1112.9903564453125,1112.9903564453125,1097.9684007141489,1112.9903564453125,120600,0.0,0.0
2006-12-01 00:00:00+09:00,1100.6997151542282,1112.3075905621822,1091.1402883476778,1108.210693359375,155000,0.0,0.0
2006-12-04 00:00:00+09:00,1095.919940185547,1096.6027563476562,1084.3120654296874,1092.505859375,280600,0.0,0.0
2006-12-05 00:00:00+09:00,1092.5061937381554,1092.5061937381554,1073.3873353477377,1080.8983154296875,322800,0.0,0.0
2006-12-06 00:00:00+09:00,1080.8979894743493,1091.8230481171727,1070.6557469967022,1087.0433349609375,151000,0.0,0.0
2006-12-07 00:00:00+09:00,1073.3867941508406,1099.333803169754,1073.3867941508406,1096.6025390625,179600,0.0,0.0
2006-12-08 00:00:00+09:00,1083.6292991278985,1096.6028068049181,1083.6292991278985,1087.7261962890625,176800,0.0,0.0
2006-12-11 00:00:00+09:00,1086.3607581654458,1123.2328392094016,1086.3607581654458,1118.453125,206000,0.0,0.0
2006-12-12 00:00:00+09:00,1115.0391462354237,1119.8188608855448,1100.0171859064712,1108.893798828125,96000,0.0,0.0
2006-12-13 00:00:00+09:00,1116.4046049322692,1116.4046049322692,1104.7967283060623,1113.67333984375,81300,0.0,0.0
2006-12-14 00:00:00+09:00,1113.6734236787545,1123.2328522081857,1111.624974708162,1120.5015869140625,112200,0.0,0.0
2006-12-15 00:00:00+09:00,1126.6470693323733,1130.7439677663094,1117.0876396531896,1122.5501708984375,140600,0.0,0.0
2006-12-18 00:00:00+09:00,1134.8405871478203,1134.8405871478203,1121.8670786304867,1123.91552734375,112900,0.0,0.0
2006-12-19 00:00:00+09:00,1116.4044877649894,1130.0608117743473,1106.1622447579712,1108.210693359375,133800,0.0,0.0
2006-12-20 00:00:00+09:00,1108.893472759109,1117.7700830706044,1100.699678625421,1115.038818359375,115000,0.0,0.0
2006-12-21 00:00:00+09:00,1114.3560021815676,1118.4528992484118,1107.5278404034943,1115.038818359375,102800,0.0,0.0
2006-12-22 00:00:00+09:00,1111.6247374703385,1123.232612493063,1109.5762889369164,1115.038818359375,93600,0.0,0.0
2006-12-25 00:00:00+09:00,1113.6732628766226,1119.8186089010799,1109.5763655269845,1114.3560791015625,100400,0.0,0.0
2006-12-26 00:00:00+09:00,1112.9905438176766,1123.2327880859375,1109.576462394923,1123.2327880859375,130100,0.0,0.0
2006-12-27 00:00:00+09:00,1128.012305860548,1143.0342615076013,1125.2810411974474,1136.888916015625,210400,0.0,0.0
2006-12-28 00:00:00+09:00,1145.082505749118,1150.5450341009325,1136.888713221396,1143.0340576171875,169800,0.0,0.0
2006-12-29 00:00:00+09:00,1150.5450341009325,1150.5450341009325,1134.1574490454889,1143.0340576171875,47400,0.0,0.0
2007-01-04 00:00:00+09:00,1143.7168736611643,1143.7168736611643,1135.5230811334425,1143.0340576171875,50700,0.0,0.0
2007-01-05 00:00:00+09:00,1142.3516827784547,1144.4001317015482,1109.5765000089593,1116.4046630859375,159200,0.0,0.0
2007-01-09 00:00:00+09:00,1120.5015609321244,1122.550009855218,1099.334255393492,1116.4046630859375,119000,0.0,0.0
2007-01-10 00:00:00+09:00,1108.893656589674,1112.990554335695,1096.6029633516112,1099.334228515625,146800,0.0,0.0
2007-01-11 00:00:00+09:00,1093.188808787953,1100.6997874866834,1076.1184026544745,1081.5809326171875,308600,0.0,0.0
2007-01-12 00:00:00+09:00,1102.065185546875,1113.6730592484219,1093.8713923457829,1102.065185546875,166600,0.0,0.0
2007-01-15 00:00:00+09:00,1114.3562466896187,1134.8407365184719,1112.3077977067333,1128.0125732421875,163800,0.0,0.0
2007-01-16 00:00:00+09:00,1139.6202444757487,1142.351509291748,1133.47489863975,1134.15771484375,202700,0.0,0.0
2007-01-17 00:00:00+09:00,1145.765548078981,1149.8624451519693,1131.426408323523,1146.4483642578125,193200,0.0,0.0
2007-01-18 00:00:00+09:00,1146.4483103623415,1147.1311265090733,1135.5232520146362,1138.2545166015625,116400,0.0,0.0
2007-01-19 00:00:00+09:00,1143.034578022204,1144.400210731908,1136.8892308285363,1141.6689453125,122900,0.0,0.0
2007-01-22 00:00:00+09:00,1167.6158071118732,1183.3205811256587,1164.8845420659975,1174.4439697265625,348600,0.0,0.0
2007-01-23 00:00:00+09:00,1153.9594299173466,1174.4439168389565,1153.9594299173466,1166.2501220703125,135800,0.0,0.0
2007-01-24 00:00:00+09:00,1180.58932925516,1187.4174919460515,1166.9330038733767,1176.492431640625,210100,0.0,0.0
2007-01-25 00:00:00+09:00,1177.1751576345512,1190.8314819690588,1173.7610765509244,1175.126708984375,301200,0.0,0.0
2007-01-26 00:00:00+09:00,1161.4702058857654,1175.1265281184023,1156.0076769927107,1172.395263671875,154900,0.0,0.0
2007-01-29 00:00:00+09:00,1188.1000523118985,1214.7298810706134,1178.5406266036418,1205.853271484375,714600,0.0,0.0
2007-01-30 00:00:00+09:00,1212.6813512323945,1218.8266959176938,1196.2937654049297,1211.99853515625,506500,0.0,0.0
2007-01-31 00:00:00+09:00,1215.412825409734,1215.412825409734,1195.6111557822721,1200.390869140625,276100,0.0,0.0
2007-02-01 00:00:00+09:00,1160.7875735058983,1205.1706277870062,1152.593778869386,1201.07373046875,353500,0.0,0.0
2007-02-02 00:00:00+09:00,1211.9990488688152,1240.6773362223307,1211.3162325032554,1229.0694580078125,498700,0.0,0.0
2007-02-05 00:00:00+09:00,1229.7519213718238,1243.40824476296,1223.6065758458126,1231.1175537109375,274200,0.0,0.0
2007-02-06 00:00:00+09:00,1242.7254370843957,1248.1879664781732,1229.0691135999518,1238.6285400390625,216200,0.0,0.0
2007-02-07 00:00:00+09:00,1237.9459082658302,1237.9459082658302,1216.0957874359865,1222.9239501953125,229800,0.0,0.0
2007-02-08 00:00:00+09:00,1202.439253063426,1227.703450884747,1202.439253063426,1221.55810546875,270700,0.0,0.0
2007-02-09 00:00:00+09:00,1222.2413710742078,1231.1179843836853,1205.1709608636743,1228.38671875,230300,0.0,0.0
2007-02-13 00:00:00+09:00,1222.240985261292,1233.84886054031,1211.3159261751575,1218.826904296875,205200,0.0,0.0
2007-02-14 00:00:00+09:00,1221.5583885116491,1231.117816929292,1218.8271232494656,1227.7037353515625,149000,0.0,0.0
2007-02-15 00:00:00+09:00,1231.1180223448087,1239.3118194985177,1225.6554909090025,1234.5321044921875,205500,0.0,0.0
2007-02-16 00:00:00+09:00,1241.3602305100055,1246.8227617773762,1216.7788398068371,1228.38671875,212200,0.0,0.0
2007-02-19 00:00:00+09:00,1222.241053903673,1248.1880706904549,1222.241053903673,1242.042724609375,159200,0.0,0.0
2007-02-20 00:00:00+09:00,1244.0911281069514,1245.456760519802,1236.5801498362728,1241.35986328125,89400,0.0,0.0
2007-02-21 00:00:00+09:00,1244.7736580902995,1255.01589883158,1228.3860729042506,1235.2142333984375,237200,0.0,0.0
2007-02-22 00:00:00+09:00,1242.7254236264496,1248.870769127899,1234.5316296245169,1236.580078125,141300,0.0,0.0
2007-02-23 00:00:00+09:00,1235.214562297064,1245.4568057655306,1229.069216215984,1242.042724609375,172400,0.0,0.0
2007-02-26 00:00:00+09:00,1261.84433891937,1263.209971320798,1242.7254852993797,1252.284912109375,131400,0.0,0.0
2007-02-27 00:00:00+09:00,1252.9676339959021,1256.381714742485,1229.7518849191388,1237.9456787109375,129000,0.0,0.0
2007-02-28 00:00:00+09:00,1156.0077255679469,1194.2454294260715,1156.0077255679469,1186.0516357421875,212900,0.0,0.0
2007-03-01 00:00:00+09:00,1199.7079081371487,1204.4876209185716,1162.1530219973972,1172.395263671875,326300,0.0,0.0
2007-03-02 00:00:00+09:00,1169.6641953602634,1173.761092717042,1148.4968923502413,1158.7391357421875,226600,0.0,0.0
2007-03-05 00:00:00+09:00,1127.3295873754164,1136.2061982996322,1108.893549302045,1114.3560791015625,328300,0.0,0.0
2007-03-06 00:00:00+09:00,1114.356000564759,1140.3030152837914,1114.356000564759,1133.474853515625,234300,0.0,0.0
2007-03-07 00:00:00+09:00,1140.3030606797486,1149.1796713317467,1134.15771484375,1134.15771484375,216200,0.0,0.0
2007-03-08 00:00:00+09:00,1133.4747941849562,1153.276462276139,1130.0607134795798,1149.1795654296875,92900,0.0,0.0
2007-03-09 00:00:00+09:00,1162.835838109029,1186.7344020161436,1160.7873897741335,1172.395263671875,274300,0.0,0.0
2007-03-12 00:00:00+09:00,1174.4438927676497,1183.3205035850797,1171.7126279007482,1175.126708984375,255500,0.0,0.0
2007-03-13 00:00:00+09:00,1175.8096793875436,1179.2237609188664,1169.6643326311628,1173.76123046875,259200,0.0,0.0
2007-03-14 00:00:00+09:00,1151.9107617714421,1154.6420261739827,1134.157543154929,1138.937255859375,259700,0.0,0.0
2007-03-15 00:00:00+09:00,1138.937287440472,1157.3733226688248,1134.1575746034914,1156.0076904296875,269700,0.0,0.0
2007-03-16 00:00:00+09:00,1163.5186631944443,1173.0780888310185,1158.0561342592594,1161.47021484375,161300,0.0,0.0
2007-03-19 00:00:00+09:00,1161.4702600284133,1164.2015246022604,1152.5936501634108,1162.153076171875,136100,0.0,0.0
2007-03-20 00:00:00+09:00,1173.7611591659972,1175.8096079603533,1164.2017314590025,1168.9814453125,196200,0.0,0.0
2007-03-22 00:00:00+09:00,1184.6860535020774,1186.7345020095736,1175.8094433029262,1181.27197265625,182400,0.0,0.0
2007-03-23 00:00:00+09:00,1181.272036308209,1184.0033011320431,1161.4703663354126,1178.540771484375,181500,0.0,0.0
2007-03-26 00:00:00+09:00,1175.1264373690324,1181.9545979580448,1160.7873001321063,1171.029541015625,190100,0.0,0.0
2007-03-27 00:00:00+09:00,1171.0293481911824,1195.0680738138753,1171.0293481911824,1186.139404296875,199800,10.0,0.0
2007-03-28 00:00:00+09:00,1182.0190594164196,1190.2609122421006,1170.3431012467047,1172.403564453125,130000,0.0,0.0
2007-03-29 00:00:00+09:00,1159.3534073080853,1184.7657746483692,1140.8092473570673,1176.52392578125,120000,0.0,0.0
2007-03-30 00:00:00+09:00,1176.5246700505038,1189.5742723452845,1160.7277830620849,1188.887451171875,241000,0.0,0.0
2007-04-02 00:00:00+09:00,1189.573983489863,1195.0685515429338,1151.1120071183661,1151.798828125,217100,0.0,0.0
2007-04-03 00:00:00+09:00,1152.4857615751378,1168.969467342601,1152.4857615751378,1167.5958251953125,157500,0.0,0.0
2007-04-04 00:00:00+09:00,1171.7164615028782,1176.5242078279193,1163.4746106599507,1174.4637451171875,106700,0.0,0.0
2007-04-05 00:00:00+09:00,1175.150848728352,1179.2717751411926,1163.4748905586373,1172.403564453125,137100,0.0,0.0
2007-04-06 00:00:00+09:00,1168.282600844202,1173.090348172779,1159.3539272339876,1163.474853515625,130500,0.0,0.0
2007-04-09 00:00:00+09:00,1162.7876777582353,1181.3318403686737,1162.1008569208116,1180.64501953125,157000,0.0,0.0
2007-04-10 00:00:00+09:00,1181.3319074603874,1182.7055492132483,1169.6559525610696,1170.3427734375,118100,0.0,0.0
2007-04-11 00:00:00+09:00,1164.161719827091,1172.4035727108226,1160.7276144588695,1167.5958251953125,176200,0.0,0.0
2007-04-12 00:00:00+09:00,1164.161721272593,1164.161721272593,1149.738478708154,1156.606689453125,128700,0.0,0.0
2007-04-13 00:00:00+09:00,1157.2934273384712,1166.9089216902448,1142.183364785684,1143.5570068359375,108500,0.0,0.0
2007-04-16 00:00:00+09:00,1151.1118625636334,1165.5351018916979,1140.8095487578728,1155.2327880859375,195400,0.0,0.0
2007-04-17 00:00:00+09:00,1138.0624930372517,1152.4857352543804,1127.0733561099155,1131.881103515625,163400,0.0,0.0
2007-04-18 00:00:00+09:00,1146.9909747943345,1160.0405727111563,1137.3754815924658,1153.17236328125,133100,0.0,0.0
2007-04-19 00:00:00+09:00,1153.8589497896453,1155.2325913965378,1127.759759258689,1132.5675048828125,141800,0.0,0.0
2007-04-20 00:00:00+09:00,1133.254416793313,1142.183087955927,1123.6389247720365,1129.8203125,188600,0.0,0.0
2007-04-23 00:00:00+09:00,1143.5568356647173,1158.6668959557824,1099.6002966361634,1106.468505859375,581900,0.0,0.0
2007-04-24 00:00:00+09:00,1107.15567578125,1131.8812367788462,1101.661106670673,1116.0843505859375,437500,0.0,0.0
2007-04-25 00:00:00+09:00,1116.0839987718712,1116.0839987718712,1087.9243409567039,1106.468505859375,267600,0.0,0.0
2007-04-26 00:00:00+09:00,1095.4792927161377,1106.4684266869579,1078.308770886731,1088.611083984375,384700,0.0,0.0
2007-04-27 00:00:00+09:00,1088.611298094923,1094.1058661610175,1065.2593838140226,1074.8748779296875,446400,0.0,0.0
2007-05-01 00:00:00+09:00,1078.3089754943064,1080.369438504805,1065.2593764278147,1068.6934814453125,285600,0.0,0.0
2007-05-02 00:00:00+09:00,1065.946080217355,1067.3197220733055,1026.7972873227745,1030.918212890625,602000,0.0,0.0
2007-05-07 00:00:00+09:00,1094.1058504226617,1095.479492419426,1081.0562514534022,1084.4903564453125,509400,0.0,0.0
2007-05-08 00:00:00+09:00,1072.1275789424844,1081.7430729240314,1054.9570539754363,1062.5120849609375,356000,0.0,0.0
2007-05-09 00:00:00+09:00,1060.4514776800097,1074.187895784673,1058.3910149643102,1065.946044921875,347400,0.0,0.0
2007-05-10 00:00:00+09:00,1083.803372763357,1083.803372763357,1060.4514623235887,1064.5723876953125,407300,0.0,0.0
2007-05-11 00:00:00+09:00,1053.583029528082,1057.0171332749142,1040.53343529012,1050.14892578125,174500,0.0,0.0
2007-05-14 00:00:00+09:00,1054.2701563687797,1058.3910820614265,1042.594200239614,1044.6546630859375,334700,0.0,0.0
2007-05-15 00:00:00+09:00,1048.7756037417832,1048.7756037417832,1030.9182588188714,1035.0391845703125,196100,0.0,0.0
2007-05-16 00:00:00+09:00,1030.9181249600315,1035.725871045788,996.5770814903436,1006.87939453125,310900,0.0,0.0
2007-05-17 00:00:00+09:00,996.5772701353945,1036.4128881008342,989.0222391419491,1013.0609741210938,208000,0.0,0.0
2007-05-18 00:00:00+09:00,1010.3137063469087,1010.3137063469087,984.2145079504556,986.9617919921875,247000,0.0,0.0
2007-05-21 00:00:00+09:00,982.8407901121524,997.2640302186201,982.8407901121524,991.0826416015625,171000,0.0,0.0
2007-05-22 00:00:00+09:00,991.0827938730995,995.2037202509503,980.7804779284727,993.830078125,228300,0.0,0.0
2007-05-23 00:00:00+09:00,999.3245315551758,1019.9291610717773,999.3245315551758,1011.00048828125,242500,0.0,0.0
2007-05-24 00:00:00+09:00,1024.7368850861312,1035.7260205830335,1012.3741076521162,1025.4237060546875,249700,0.0,0.0
2007-05-25 00:00:00+09:00,1012.3741071571804,1012.3741071571804,994.5167619834446,1003.4454345703125,150100,0.0,0.0
2007-05-28 00:00:00+09:00,1020.6161348491987,1025.4238824561598,1017.1820294156549,1019.2424926757812,106400,0.0,0.0
2007-05-29 00:00:00+09:00,1005.5058072828748,1019.2422254151545,1004.1321654696469,1017.1817626953125,116300,0.0,0.0
2007-05-30 00:00:00+09:00,1029.5446169017243,1040.533752238901,1025.423691150283,1035.0391845703125,215100,0.0,0.0
2007-05-31 00:00:00+09:00,1041.2203616159136,1048.775390625,1033.6653326068272,1048.775390625,203800,0.0,0.0
2007-06-01 00:00:00+09:00,1055.6438900853373,1066.6330262215542,1052.896606051283,1063.8857421875,206700,0.0,0.0
2007-06-04 00:00:00+09:00,1076.9354933476736,1081.7432410858328,1070.0672822931604,1077.622314453125,351000,0.0,0.0
2007-06-05 00:00:00+09:00,1071.4407728883787,1074.8748779296875,1064.5725628057608,1074.8748779296875,202800,0.0,0.0
2007-06-06 00:00:00+09:00,1071.4409565420278,1071.4409565420278,1061.1386396522007,1069.3804931640625,152600,0.0,0.0
2007-06-07 00:00:00+09:00,1048.7755071037047,1065.2592085905999,1048.7755071037047,1064.5723876953125,166500,0.0,0.0
2007-06-08 00:00:00+09:00,1085.1773790617974,1085.1773790617974,1059.7649974002238,1069.3804931640625,295900,0.0,0.0
2007-06-11 00:00:00+09:00,1071.4408102869534,1085.177230931658,1068.0067051257772,1083.8035888671875,176200,0.0,0.0
2007-06-12 00:00:00+09:00,1083.8035510370908,1084.4903720453524,1063.8857417974991,1074.8748779296875,151600,0.0,0.0
2007-06-13 00:00:00+09:00,1046.7152695766715,1064.5726166954337,1042.5943433184957,1063.198974609375,354100,0.0,0.0
2007-06-14 00:00:00+09:00,1065.2596405165623,1078.3092428181837,1061.138713473945,1076.248779296875,84800,0.0,0.0
2007-06-15 00:00:00+09:00,1079.6827459751541,1087.2377779126393,1074.1881772933466,1085.8641357421875,105900,0.0,0.0
2007-06-18 00:00:00+09:00,1100.9739690160604,1111.27628313661,1099.6003271333204,1109.2158203125,152500,0.0,0.0
2007-06-19 00:00:00+09:00,1105.094764338929,1105.094764338929,1093.4188097126012,1103.0343017578125,74000,0.0,0.0
2007-06-20 00:00:00+09:00,1103.0344318401703,1111.96310407798,1092.7321177196209,1109.2158203125,137100,0.0,0.0
2007-06-21 00:00:00+09:00,1109.9027404031635,1112.6500244140625,1102.3477093731915,1112.6500244140625,85000,0.0,0.0
2007-06-22 00:00:00+09:00,1103.034864066851,1111.2767185928797,1100.2875792248415,1109.903076171875,56700,0.0,0.0
2007-06-25 00:00:00+09:00,1113.336807260378,1129.8205107608403,1112.6499862811922,1114.71044921875,177100,0.0,0.0
2007-06-26 00:00:00+09:00,1111.962853070693,1114.0233154296875,1103.0341828483836,1114.0233154296875,156900,0.0,0.0
2007-06-27 00:00:00+09:00,1099.6001974559513,1109.2156895011626,1094.1056305729733,1103.0343017578125,116600,0.0,0.0
2007-06-28 00:00:00+09:00,1110.5896218789592,1118.8314743604355,1100.2873062771134,1118.1446533203125,137400,0.0,0.0
2007-06-29 00:00:00+09:00,1113.3372041642233,1134.628662109375,1109.2162768200003,1134.628662109375,136600,0.0,0.0
2007-07-02 00:00:00+09:00,1145.617378248577,1149.051483099442,1138.062347576674,1146.30419921875,269000,0.0,0.0
2007-07-03 00:00:00+09:00,1145.61740872964,1150.425155648769,1136.6887358798285,1149.051513671875,219600,0.0,0.0
2007-07-04 00:00:00+09:00,1150.4255502622295,1150.4255502622295,1120.2054164045949,1134.628662109375,236400,0.0,0.0
2007-07-05 00:00:00+09:00,1150.4252315346712,1160.7275470409518,1141.4965580958947,1155.9197998046875,275200,0.0,0.0
2007-07-06 00:00:00+09:00,1150.4254714400015,1167.5960008644793,1150.4254714400015,1166.9091796875,306400,0.0,0.0
2007-07-09 00:00:00+09:00,1187.5131967522414,1251.38753295696,1184.765913474619,1242.4588623046875,918200,0.0,0.0
2007-07-10 00:00:00+09:00,1230.7830902586682,1250.01407604396,1221.8544182869255,1247.95361328125,520800,0.0,0.0
2007-07-11 00:00:00+09:00,1206.7443420172665,1237.651283047874,1205.370700193684,1235.5908203125,287700,0.0,0.0
2007-07-12 00:00:00+09:00,1235.5907321506077,1235.5907321506077,1201.9365098741318,1211.552001953125,300900,0.0,0.0
2007-07-13 00:00:00+09:00,1217.0466556941356,1236.9644621360826,1212.925730223388,1235.5908203125,282500,0.0,0.0
2007-07-17 00:00:00+09:00,1235.590889010959,1237.651351860894,1235.590889010959,1236.2777099609375,163100,0.0,0.0
2007-07-18 00:00:00+09:00,1235.5909345383843,1235.5909345383843,1202.6235277246865,1218.42041015625,173700,0.0,0.0
2007-07-19 00:00:00+09:00,1229.4096770877547,1232.8437823310167,1209.4918666768358,1213.61279296875,138600,0.0,0.0
2007-07-20 00:00:00+09:00,1221.1679559881038,1222.5415982333097,1204.6842490456322,1208.80517578125,84900,0.0,0.0
2007-07-23 00:00:00+09:00,1184.0792151626276,1184.766036053093,1175.8373644770409,1177.8978271484375,207100,0.0,0.0
2007-07-24 00:00:00+09:00,1177.8977738671647,1188.2000867581312,1175.8373112889715,1178.5845947265625,155200,0.0,0.0
2007-07-25 00:00:00+09:00,1167.5955891260421,1182.0188287564226,1153.8591704304417,1173.7769775390625,115200,0.0,0.0
2007-07-26 00:00:00+09:00,1160.7275844070145,1182.705858194603,1160.0407633511525,1164.8485107421875,126600,0.0,0.0
2007-07-27 00:00:00+09:00,1082.4297665665558,1130.5072308176086,1082.4297665665558,1111.2762451171875,486200,0.0,0.0
2007-07-30 00:00:00+09:00,1111.9629806061705,1150.424949052091,1106.4684136853245,1146.9908447265625,484100,0.0,0.0
2007-07-31 00:00:00+09:00,1166.9087864861415,1245.2063742786197,1166.2219655405936,1230.0963134765625,845700,0.0,0.0
2007-08-01 00:00:00+09:00,1201.9369930149992,1221.1679849032391,1179.9587165712965,1183.392822265625,489100,0.0,0.0
2007-08-02 00:00:00+09:00,1201.9366358650434,1214.299412691084,1142.8700354739613,1173.7769775390625,606100,0.0,0.0
2007-08-03 00:00:00+09:00,1160.0402026596698,1179.2711829287466,1150.4247125251313,1168.9688720703125,292200,0.0,0.0
2007-08-06 00:00:00+09:00,1112.650164835294,1173.7772417922945,1112.650164835294,1142.1834716796875,534200,0.0,0.0
2007-08-07 00:00:00+09:00,1136.688882692519,1136.688882692519,1119.518355763629,1123.6392822265625,309400,0.0,0.0
2007-08-08 00:00:00+09:00,1123.6389247720365,1155.9195051291795,1118.1443579027357,1129.8203125,307600,0.0,0.0
2007-08-09 00:00:00+09:00,1030.2313683016987,1063.8855929995543,1022.6763382674862,1023.3631591796875,1068600,0.0,0.0
2007-08-10 00:00:00+09:00,1000.6978976724932,1029.5443710439722,993.8296897269031,1024.0498046875,721800,0.0,0.0
2007-08-13 00:00:00+09:00,1112.650244891827,1124.326204251803,1096.8533586989183,1116.0843505859375,548600,0.0,0.0
2007-08-14 00:00:00+09:00,1114.710441654884,1125.6995772472922,1114.0236206803586,1119.5181884765625,158800,0.0,0.0
2007-08-15 00:00:00+09:00,1113.3364818862026,1113.3364818862026,1088.610933861586,1096.852783203125,178300,0.0,0.0
2007-08-16 00:00:00+09:00,1035.725998106217,1043.9678495500332,1030.2314304770064,1039.846923828125,266400,0.0,0.0
2007-08-17 00:00:00+09:00,1081.0563405693451,1081.0563405693451,1012.3742350693867,1031.605224609375,369400,0.0,0.0
2007-08-20 00:00:00+09:00,1011.0005423109965,1016.4951104757301,991.0827327138369,999.3245849609375,343900,0.0,0.0
2007-08-21 00:00:00+09:00,1022.676331177981,1030.2313611598197,1019.9290475482214,1028.1708984375,226900,0.0,0.0
2007-08-22 00:00:00+09:00,1031.6048648489757,1037.0994313728052,1022.6761942477528,1026.797119140625,186700,0.0,0.0
2007-08-23 00:00:00+09:00,1039.1602933877373,1044.6548620242884,1035.039366910324,1040.533935546875,103500,0.0,0.0
2007-08-24 00:00:00+09:00,1030.9181063329072,1038.4731357597307,1012.3739431943405,1032.291748046875,212100,0.0,0.0
2007-08-27 00:00:00+09:00,1026.7973479918003,1030.9182738031386,1020.6159592747929,1025.4237060546875,176000,0.0,0.0
2007-08-28 00:00:00+09:00,998.6377032297011,1037.7864990234375,998.6377032297011,1037.7864990234375,200200,0.0,0.0
2007-08-29 00:00:00+09:00,1023.3632431490184,1028.8578108974696,1018.5554963691237,1025.4237060546875,249600,0.0,0.0
2007-08-30 00:00:00+09:00,1050.149238616345,1050.8360595703125,1030.9182519052542,1050.8360595703125,169100,0.0,0.0
2007-08-31 00:00:00+09:00,1090.6719097262485,1111.963363883373,1078.3091298930794,1110.5897216796875,246200,0.0,0.0
2007-09-03 00:00:00+09:00,1085.1771469643697,1096.1662826298318,1078.9957581525475,1092.732177734375,91600,0.0,0.0
2007-09-04 00:00:00+09:00,1072.1276313191886,1088.611336092834,1065.9462420290715,1083.8035888671875,63100,0.0,0.0
2007-09-05 00:00:00+09:00,1083.8035280676881,1087.9244540299228,1064.572540243927,1067.31982421875,177700,0.0,0.0
2007-09-06 00:00:00+09:00,1063.8857417974991,1074.8748779296875,1050.1493216322633,1074.8748779296875,206300,0.0,0.0
2007-09-07 00:00:00+09:00,1077.6221619627347,1082.429909020567,1060.45163675619,1074.8748779296875,159500,0.0,0.0
2007-09-10 00:00:00+09:00,1033.6654474073841,1069.3801339623235,1033.6654474073841,1064.5723876953125,220000,0.0,0.0
2007-09-11 00:00:00+09:00,1063.198745904738,1068.006492171749,1043.2809399414064,1064.5723876953125,112600,0.0,0.0
2007-09-12 00:00:00+09:00,1065.9459761343487,1072.814184743462,1059.0777675252357,1065.2591552734375,223300,0.0,0.0
2007-09-13 00:00:00+09:00,1075.5615304845353,1079.6824558886906,1068.0065005769172,1070.7537841796875,153000,0.0,0.0
2007-09-14 00:00:00+09:00,1070.7538383125197,1088.6111826333188,1065.259270829197,1081.05615234375,163600,0.0,0.0
2007-09-18 00:00:00+09:00,1096.1663362323113,1096.853157244988,1089.2981261055425,1092.04541015625,290800,0.0,0.0
2007-09-19 00:00:00+09:00,1144.9305119653627,1153.17236328125,1135.315018763494,1153.17236328125,245100,0.0,0.0
2007-09-20 00:00:00+09:00,1122.2655866712641,1131.194260249432,1118.8314814488917,1124.3260498046875,175700,0.0,0.0
2007-09-21 00:00:00+09:00,1062.5117442800465,1111.9628403292795,1062.5117442800465,1096.852783203125,207600,0.0,0.0
2007-09-25 00:00:00+09:00,1073.3540192314229,1112.7494983661243,1073.3540192314229,1112.058349609375,159400,10.0,0.0
2007-09-26 00:00:00+09:00,1104.4557132851344,1126.572473501107,1099.6176719878904,1112.058349609375,164700,0.0,0.0
2007-09-27 00:00:00+09:00,1118.2789536693333,1132.1019320830458,1111.367464462477,1125.881591796875,154200,0.0,0.0
2007-09-28 00:00:00+09:00,1121.0433195336466,1126.572509765625,1112.0583854066815,1126.572509765625,169100,0.0,0.0
2007-10-01 00:00:00+09:00,1133.4842133332697,1143.8514469918057,1116.896639479612,1131.4107666015625,183300,0.0,0.0
2007-10-02 00:00:00+09:00,1153.5276443041287,1153.5276443041287,1135.557770875784,1150.0718994140625,146800,0.0,0.0
2007-10-03 00:00:00+09:00,1161.1303269187274,1161.1303269187274,1133.4843667539958,1145.925048828125,271700,0.0,0.0
2007-10-04 00:00:00+09:00,1154.21838891557,1154.21838891557,1135.557373046875,1135.557373046875,227100,0.0,0.0
2007-10-05 00:00:00+09:00,1134.175362243839,1140.3957024389604,1130.7196176909936,1131.4107666015625,236300,0.0,0.0
2007-10-09 00:00:00+09:00,1148.68956573708,1153.5276084327236,1123.1170543458213,1141.778076171875,192100,0.0,0.0
2007-10-10 00:00:00+09:00,1153.5273886222792,1153.5273886222792,1136.9398168266323,1143.16015625,101800,0.0,0.0
2007-10-11 00:00:00+09:00,1147.30689814118,1153.52723674556,1139.0131133353402,1147.998046875,168700,0.0,0.0
2007-10-12 00:00:00+09:00,1150.7623841149798,1150.7623841149798,1134.865966796875,1134.865966796875,168700,0.0,0.0
2007-10-15 00:00:00+09:00,1135.557373046875,1140.3954141980182,1122.4255470652008,1135.557373046875,118500,0.0,0.0
2007-10-16 00:00:00+09:00,1123.807889979588,1128.6459313263638,1109.2937659392614,1118.9698486328125,195900,0.0,0.0
2007-10-17 00:00:00+09:00,1106.5291095005316,1106.5291095005316,1096.85302734375,1096.85302734375,195900,0.0,0.0
2007-10-18 00:00:00+09:00,1112.7494964788223,1129.337066612668,1095.4707775893996,1118.2786865234375,306000,0.0,0.0
2007-10-19 00:00:00+09:00,1091.3238829980655,1091.3238829980655,1080.2655029296875,1080.2655029296875,306000,0.0,0.0
2007-10-22 00:00:00+09:00,1057.457528463224,1062.2955694431212,886.0526480325838,935.1242065429688,551600,0.0,0.0
2007-10-23 00:00:00+09:00,908.1693259176398,908.1693259176398,902.64013671875,902.64013671875,551600,0.0,0.0
2007-10-24 00:00:00+09:00,904.022772337261,904.022772337261,840.4370727539062,840.4370727539062,551600,0.0,0.0
2007-10-25 00:00:00+09:00,841.1280861685797,841.1280861685797,839.7457885742188,839.7457885742188,551600,0.0,0.0
2007-10-26 00:00:00+09:00,833.5254940795897,833.5254940795897,829.3786010742188,829.3786010742188,551600,0.0,0.0
2007-10-29 00:00:00+09:00,833.5254594799683,841.1280963408967,803.1149120362547,830.7608642578125,698000,0.0,0.0
2007-10-30 00:00:00+09:00,822.4667421105789,822.4667421105789,807.261474609375,807.261474609375,698000,0.0,0.0
2007-10-31 00:00:00+09:00,807.9529298514904,823.158203125,803.8060371405331,823.158203125,382300,0.0,0.0
2007-11-01 00:00:00+09:00,823.1580582420426,837.6721801757814,823.1580582420426,837.6721801757812,382300,0.0,0.0
2007-11-02 00:00:00+09:00,823.8493365239262,828.6873779296875,823.8493365239262,828.6873779296875,382300,0.0,0.0
2007-11-05 00:00:00+09:00,819.0113125718789,832.8342883114886,812.7909734890545,816.9378662109375,510300,0.0,0.0
2007-11-06 00:00:00+09:00,801.5552152829811,801.5552152829811,784.4536743164062,784.4536743164062,510300,0.0,0.0
2007-11-07 00:00:00+09:00,781.7083138591048,781.7083138591048,765.7929077148438,765.7929077148438,510300,0.0,0.0
2007-11-08 00:00:00+09:00,765.792948105756,765.792948105756,751.969970703125,751.969970703125,510300,0.0,0.0
2007-11-09 00:00:00+09:00,751.9699388586956,751.9699388586956,715.3390502929688,715.3390502929688,510300,0.0,0.0
2007-11-12 00:00:00+09:00,711.8830356180498,726.3971557617188,711.8830356180498,726.3971557617188,510300,0.0,0.0
2007-11-13 00:00:00+09:00,726.3973465038689,726.3973465038689,723.6327514648438,723.6327514648438,510300,0.0,0.0
2007-11-14 00:00:00+09:00,723.6327197516142,740.9114379882812,723.6327197516142,740.9114379882812,510300,0.0,0.0
2007-11-15 00:00:00+09:00,729.161865234375,729.161865234375,729.161865234375,729.161865234375,510300,0.0,0.0
2007-11-16 00:00:00+09:00,728.470837615257,728.470837615257,713.2655639648438,713.2655639648438,510300,0.0,0.0
2007-11-19 00:00:00+09:00,713.956670863491,713.956670863491,695.295654296875,695.295654296875,510300,0.0,0.0
2007-11-20 00:00:00+09:00,654.5178810768282,682.85498046875,654.5178810768282,682.85498046875,510300,0.0,0.0
2007-11-21 00:00:00+09:00,683.5460740417993,683.5460740417993,657.9735717773438,657.9735717773438,510300,0.0,0.0
2007-11-22 00:00:00+09:00,659.3559057190631,672.4877319335938,659.3559057190631,672.4877319335938,510300,0.0,0.0
2007-11-26 00:00:00+09:00,684.2373069273223,688.3841996965787,666.267438260544,678.0169677734375,224900,0.0,0.0
2007-11-27 00:00:00+09:00,656.5913857573672,666.9586181640625,656.5913857573672,666.9586181640625,510300,0.0,0.0
2007-11-28 00:00:00+09:00,670.414251552484,675.252292543069,666.9585079877804,673.8699951171875,510300,0.0,0.0
2007-11-29 00:00:00+09:00,693.2222080116956,695.295654296875,693.2222080116956,695.295654296875,510300,0.0,0.0
2007-11-30 00:00:00+09:00,695.9867729291524,695.9867729291524,655.900146484375,655.900146484375,510300,0.0,0.0
2007-12-03 00:00:00+09:00,658.819010359665,675.25244140625,658.819010359665,675.25244140625,510300,0.0,0.0
2007-12-04 00:00:00+09:00,677.3257827758789,677.3257827758789,663.5028076171875,663.5028076171875,510300,0.0,0.0
2007-12-05 00:00:00+09:00,665.576212059637,667.649658203125,665.576212059637,667.649658203125,510300,0.0,0.0
2007-12-06 00:00:00+09:00,667.6496683653237,680.781494140625,667.6496683653237,680.781494140625,510300,0.0,0.0
2007-12-07 00:00:00+09:00,680.7815024553847,700.1336669921875,680.7815024553847,700.1336669921875,510300,0.0,0.0
2007-12-10 00:00:00+09:00,698.060245513916,698.060245513916,685.6195678710938,685.6195678710938,510300,0.0,0.0
2007-12-11 00:00:00+09:00,704.2805384237935,704.2805384237935,702.2070922851562,702.2070922851562,510300,0.0,0.0
2007-12-12 00:00:00+09:00,692.5310802212504,693.2222290039062,692.5310802212504,693.2222290039062,510300,0.0,0.0
2007-12-13 00:00:00+09:00,691.839869333222,691.839869333222,671.1054077148438,671.1054077148438,510300,0.0,0.0
2007-12-14 00:00:00+09:00,672.4877337697136,672.4877337697136,666.2673950195312,666.2673950195312,510300,0.0,0.0
2007-12-17 00:00:00+09:00,668.3407689008762,668.3407689008762,653.135498046875,653.135498046875,510300,0.0,0.0
2007-12-18 00:00:00+09:00,647.606453228099,658.6648344998702,636.5480719563278,644.8418579101562,176000,0.0,0.0
2007-12-19 00:00:00+09:00,639.3127207683003,639.3127207683003,631.7100830078125,631.7100830078125,510300,0.0,0.0
2007-12-20 00:00:00+09:00,622.0339594660578,622.0339594660578,613.7401733398438,613.7401733398438,510300,0.0,0.0
2007-12-21 00:00:00+09:00,613.7399352960346,629.6363525390625,613.7399352960346,629.6363525390625,510300,0.0,0.0
2007-12-25 00:00:00+09:00,628.2542114257812,628.2542114257812,628.2542114257812,628.2542114257812,510300,0.0,0.0
2007-12-26 00:00:00+09:00,639.312654094123,644.1506958007812,631.0188683112804,644.1506958007812,510300,0.0,0.0
2007-12-27 00:00:00+09:00,644.8418066273565,644.8418066273565,635.8568725585938,635.8568725585938,510300,0.0,0.0
2007-12-28 00:00:00+09:00,642.0773956096725,642.0773956096725,624.1075223202737,626.1809692382812,75700,0.0,0.0
2008-01-04 00:00:00+09:00,622.0338226646505,622.0338226646505,573.6534142351777,578.491455078125,194800,0.0,0.0
2008-01-07 00:00:00+09:00,580.3717683063319,580.3717683063319,575.0359497070312,575.0359497070312,510300,0.0,0.0
2008-01-08 00:00:00+09:00,575.0357705006143,575.0357705006143,562.5950927734375,562.5950927734375,510300,0.0,0.0
2008-01-09 00:00:00+09:00,562.5950110445991,564.66845703125,562.5950110445991,564.66845703125,510300,0.0,0.0
2008-01-10 00:00:00+09:00,566.7419893657742,566.7419893657742,550.1544189453125,550.1544189453125,510300,0.0,0.0
2008-01-11 00:00:00+09:00,552.2279402858527,552.2279402858527,534.94921875,534.94921875,510300,0.0,0.0
2008-01-15 00:00:00+09:00,535.6402813328275,535.6402813328275,505.229736328125,505.229736328125,510300,0.0,0.0
2008-01-16 00:00:00+09:00,477.5836969003103,498.31815552116313,469.2899134519692,470.6722106933594,368000,0.0,0.0
2008-01-17 00:00:00+09:00,472.7458071501359,492.78912353515625,472.7458071501359,492.78912353515625,368000,0.0,0.0
2008-01-18 00:00:00+09:00,480.3482781081903,505.9207763671875,480.3482781081903,505.9207763671875,368000,0.0,0.0
2008-01-21 00:00:00+09:00,478.2749521026164,478.2749521026164,471.36346435546875,471.36346435546875,368000,0.0,0.0
2008-01-22 00:00:00+09:00,458.9228262414135,458.9228262414135,446.4821472167969,446.4821472167969,368000,0.0,0.0
2008-01-23 00:00:00+09:00,463.06966393189595,463.06966393189595,454.77587890625,454.77587890625,368000,0.0,0.0
2008-01-24 00:00:00+09:00,454.7759683761823,465.8343505859375,454.7759683761823,465.8343505859375,368000,0.0,0.0
2008-01-25 00:00:00+09:00,472.0546071815222,490.0244750976563,472.0546071815222,490.02447509765625,368000,0.0,0.0
2008-01-28 00:00:00+09:00,485.1863732588918,485.1863732588918,472.7456970214844,472.7456970214844,368000,0.0,0.0
2008-01-29 00:00:00+09:00,473.4369639405009,474.12811279296875,473.4369639405009,474.12811279296875,368000,0.0,0.0
2008-01-30 00:00:00+09:00,477.5838151288456,477.5838151288456,467.2165832519531,467.2165832519531,368000,0.0,0.0
2008-01-31 00:00:00+09:00,481.730712890625,481.730712890625,481.730712890625,481.730712890625,368000,0.0,0.0
2008-02-01 00:00:00+09:00,481.7306704116116,481.7306704116116,463.7608032226562,463.76080322265625,368000,0.0,0.0
2008-02-04 00:00:00+09:00,463.7609079905919,464.4520568847656,463.7609079905919,464.4520568847656,368000,0.0,0.0
2008-02-05 00:00:00+09:00,465.83422622795047,465.83422622795047,460.9961853027344,460.9961853027344,368000,0.0,0.0
2008-02-06 00:00:00+09:00,443.7175259924239,443.7175259924239,434.04144287109375,434.04144287109375,368000,0.0,0.0
2008-02-07 00:00:00+09:00,435.4237404598552,435.4237404598552,434.04144287109375,434.04144287109375,368000,0.0,0.0
2008-02-08 00:00:00+09:00,433.35024807837704,433.35024807837704,428.51220703125,428.51220703125,368000,0.0,0.0
2008-02-12 00:00:00+09:00,428.51220703125,428.51220703125,428.51220703125,428.51220703125,368000,0.0,0.0
2008-02-13 00:00:00+09:00,429.89453125,429.89453125,429.89453125,429.89453125,368000,0.0,0.0
2008-02-14 00:00:00+09:00,433.3502088790821,437.4971008300781,433.3502088790821,437.4971008300781,368000,0.0,0.0
2008-02-15 00:00:00+09:00,429.8946186945989,434.04151212252106,429.2034697899452,431.27691650390625,452800,0.0,0.0
2008-02-18 00:00:00+09:00,429.2034007481166,445.0998229980469,429.2034007481166,445.0998229980469,452800,0.0,0.0
2008-02-19 00:00:00+09:00,457.540567943028,464.4520568847656,457.540567943028,464.4520568847656,452800,0.0,0.0
2008-02-20 00:00:00+09:00,462.3784729371588,462.3784729371588,458.9227294921875,458.9227294921875,452800,0.0,0.0
2008-02-21 00:00:00+09:00,475.51027004198096,481.0394592285156,475.51027004198096,481.0394592285156,452800,0.0,0.0
2008-02-22 00:00:00+09:00,474.81923262691083,478.9661254882812,474.81923262691083,478.96612548828125,452800,0.0,0.0
2008-02-25 00:00:00+09:00,479.6573671937157,488.6423034667968,479.6573671937157,488.6423034667969,452800,0.0,0.0
2008-02-26 00:00:00+09:00,471.3634107021456,471.3634107021456,468.59881591796875,468.59881591796875,452800,0.0,0.0
2008-02-27 00:00:00+09:00,468.5987835588126,481.0394592285156,468.5987835588126,481.0394592285156,452800,0.0,0.0
2008-02-28 00:00:00+09:00,484.4950941819411,494.1711730957031,484.4950941819411,494.1711730957031,452800,0.0,0.0
2008-02-29 00:00:00+09:00,486.56894905191456,486.56894905191456,469.29022216796875,469.29022216796875,452800,0.0,0.0
2008-03-03 00:00:00+09:00,460.9960734353137,463.06951904296875,460.9960734353137,463.06951904296875,452800,0.0,0.0
2008-03-04 00:00:00+09:00,461.24061651462716,474.12811279296875,461.24061651462716,474.12811279296875,452800,0.0,0.0
2008-03-05 00:00:00+09:00,465.1430724377477,468.59881591796875,465.1430724377477,468.59881591796875,452800,0.0,0.0
2008-03-06 00:00:00+09:00,470.6722509819164,472.7456970214844,470.6722509819164,472.7456970214844,452800,0.0,0.0
2008-03-07 00:00:00+09:00,472.7458266977163,472.7458266977163,449.24676513671875,449.24676513671875,452800,0.0,0.0
2008-03-10 00:00:00+09:00,429.8945044732863,429.8945044732863,428.51220703125,428.51220703125,452800,0.0,0.0
2008-03-11 00:00:00+09:00,428.51218261718753,431.9679260253906,428.51218261718753,431.9679260253906,452800,0.0,0.0
2008-03-12 00:00:00+09:00,457.5405639286211,465.8343505859375,457.5405639286211,465.8343505859375,452800,0.0,0.0
2008-03-13 00:00:00+09:00,466.5253947885012,476.20147705078125,466.5253947885012,476.20147705078125,452800,0.0,0.0
2008-03-14 00:00:00+09:00,474.320549180958,474.320549180958,454.0847473144531,454.0847473144531,452800,0.0,0.0
2008-03-17 00:00:00+09:00,455.4669774997454,455.4669774997454,450.6289367675781,450.6289367675781,452800,0.0,0.0
2008-03-18 00:00:00+09:00,449.2466945274204,458.2316284179688,449.2466945274204,458.23162841796875,452800,0.0,0.0
2008-03-19 00:00:00+09:00,455.55122978489885,469.29022216796875,455.55122978489885,469.29022216796875,452800,0.0,0.0
2008-03-21 00:00:00+09:00,488.6421553923608,509.3766174316406,488.6421553923608,509.3766174316406,452800,0.0,0.0
2008-03-24 00:00:00+09:00,510.75894369883076,510.75894369883076,504.5386047363281,504.5386047363281,452800,0.0,0.0
2008-03-25 00:00:00+09:00,516.9793898264567,530.8023681640625,516.9793898264567,530.8023681640625,452800,0.0,0.0
2008-03-26 00:00:00+09:00,528.5993935061804,528.701416015625,528.5993935061804,528.701416015625,452800,10.0,0.0
2008-03-27 00:00:00+09:00,513.9957421494611,513.9957421494611,494.38827514648443,494.3882751464844,452800,0.0,0.0
2008-03-28 00:00:00+09:00,496.4891273856963,521.69873046875,496.4891273856963,521.69873046875,452800,0.0,0.0
2008-03-31 00:00:00+09:00,518.19748777251,518.19748777251,501.3910827636719,501.3910827636719,452800,0.0,0.0
2008-04-01 00:00:00+09:00,514.6960643308895,517.4971313476562,514.6960643308895,517.4971313476562,452800,0.0,0.0
2008-04-02 00:00:00+09:00,517.497277690637,544.107421875,517.497277690637,544.107421875,452800,0.0,0.0
2008-04-03 00:00:00+09:00,545.5078006967636,550.40966796875,545.5078006967636,550.40966796875,452800,0.0,0.0
2008-04-04 00:00:00+09:00,551.810355740641,551.810355740641,548.3090209960938,548.3090209960938,452800,0.0,0.0
2008-04-07 00:00:00+09:00,563.0146697465321,563.0146697465321,561.6141357421875,561.6141357421875,452800,0.0,0.0
2008-04-08 00:00:00+09:00,562.3142403411865,562.3142403411865,560.2134399414062,560.2134399414062,452800,0.0,0.0
2008-04-09 00:00:00+09:00,560.2135997213376,560.2135997213376,549.7095947265625,549.7095947265625,452800,0.0,0.0
2008-04-10 00:00:00+09:00,547.6086846280527,547.6086846280527,544.8076171875,544.8076171875,452800,0.0,0.0
2008-04-11 00:00:00+09:00,544.8077276900523,561.6141357421875,544.8077276900523,561.6141357421875,452800,0.0,0.0
2008-04-14 00:00:00+09:00,560.9137067413329,560.9137067413329,560.2134399414062,560.2134399414062,452800,0.0,0.0
2008-04-15 00:00:00+09:00,557.4124230088366,560.9137573242188,557.4124230088366,560.9137573242188,452800,0.0,0.0
2008-04-16 00:00:00+09:00,560.9136937591079,560.9136937591079,540.60595703125,540.60595703125,452800,0.0,0.0
2008-04-17 00:00:00+09:00,545.5078630496293,546.2081298828125,545.5078630496293,546.2081298828125,452800,0.0,0.0
2008-04-18 00:00:00+09:00,539.7741136928845,539.7741136928845,535.0038452148438,535.0038452148438,452800,0.0,0.0
2008-04-21 00:00:00+09:00,514.696004998194,514.696004998194,511.1946716308593,511.1946716308594,452800,0.0,0.0
2008-04-22 00:00:00+09:00,527.3009865930838,542.006591796875,527.3009865930838,542.006591796875,452800,0.0,0.0
2008-04-23 00:00:00+09:00,555.3116443602655,595.9271240234375,555.3116443602655,595.9271240234375,452800,0.0,0.0
2008-04-24 00:00:00+09:00,596.6273677945832,601.5292358398438,596.6273677945832,601.5292358398438,452800,0.0,0.0
2008-04-25 00:00:00+09:00,619.0359948199728,619.0359948199728,612.0333251953125,612.0333251953125,452800,0.0,0.0
2008-04-28 00:00:00+09:00,628.139454729042,628.8397216796875,628.139454729042,628.8397216796875,452800,0.0,0.0
2008-04-30 00:00:00+09:00,626.0384777631916,640.7440795898438,626.0384777631916,640.7440795898438,452800,0.0,0.0
2008-05-01 00:00:00+09:00,621.8369750976562,621.8369750976562,621.8369750976562,621.8369750976562,452800,0.0,0.0
2008-05-02 00:00:00+09:00,626.73876953125,626.73876953125,626.73876953125,626.73876953125,452800,0.0,0.0
2008-05-07 00:00:00+09:00,640.7440795898438,640.7440795898438,640.7440795898438,640.7440795898438,452800,0.0,0.0
2008-05-08 00:00:00+09:00,641.4534125862103,642.844970703125,641.4534125862103,642.844970703125,452800,0.0,0.0
2008-05-09 00:00:00+09:00,641.4445294435784,641.4445294435784,624.6381225585938,624.6381225585938,452800,0.0,0.0
2008-05-12 00:00:00+09:00,622.5371862590642,635.1419886805077,622.5371862590642,633.741455078125,113600,0.0,0.0
2008-05-13 00:00:00+09:00,626.0386564656758,626.0386564656758,624.6381225585938,624.6381225585938,113600,0.0,0.0
2008-05-14 00:00:00+09:00,632.3409679138582,642.844970703125,632.3409679138582,642.844970703125,113600,0.0,0.0
2008-05-15 00:00:00+09:00,644.2455761825245,644.2455761825245,642.144775390625,642.144775390625,113600,0.0,0.0
2008-05-16 00:00:00+09:00,642.1447058560556,642.1447058560556,638.6433715820312,638.6433715820312,113600,0.0,0.0
2008-05-19 00:00:00+09:00,634.4417724609375,634.4417724609375,634.4417724609375,634.4417724609375,113600,0.0,0.0
2008-05-20 00:00:00+09:00,619.0359286271691,620.4364624023438,619.0359286271691,620.4364624023438,113600,0.0,0.0
2008-05-21 00:00:00+09:00,588.2242219974763,589.624755859375,588.2242219974763,589.624755859375,113600,0.0,0.0
2008-05-22 00:00:00+09:00,568.6167033417521,580.521240234375,568.6167033417521,580.521240234375,113600,0.0,0.0
2008-05-23 00:00:00+09:00,593.8264218563098,593.8264218563098,585.4232177734375,585.4232177734375,113600,0.0,0.0
2008-05-26 00:00:00+09:00,580.5212039128403,580.5212039128403,570.7174682617188,570.7174682617188,113600,0.0,0.0
2008-05-27 00:00:00+09:00,566.5159091032242,567.9164428710938,566.5159091032242,567.9164428710938,113600,0.0,0.0
2008-05-28 00:00:00+09:00,563.714833224086,564.4151000976562,563.714833224086,564.4151000976562,113600,0.0,0.0
2008-05-29 00:00:00+09:00,583.3223056085095,584.7228393554688,583.3223056085095,584.7228393554688,113600,0.0,0.0
2008-05-30 00:00:00+09:00,584.7228494690578,604.330322265625,584.7228494690578,604.330322265625,113600,0.0,0.0
2008-06-02 00:00:00+09:00,607.8317473589962,607.8317473589962,606.4312133789062,606.4312133789062,113600,0.0,0.0
2008-06-03 00:00:00+09:00,600.1287841796875,600.1287841796875,600.1287841796875,600.1287841796875,113600,0.0,0.0
2008-06-04 00:00:00+09:00,609.9324845480262,610.6327514648438,609.9324845480262,610.6327514648438,113600,0.0,0.0
2008-06-05 00:00:00+09:00,632.1449141807577,640.0439453125,632.1449141807577,640.0439453125,113600,0.0,0.0
2008-06-06 00:00:00+09:00,626.73876953125,626.73876953125,626.73876953125,626.73876953125,113600,0.0,0.0
2008-06-09 00:00:00+09:00,623.237500304139,623.237500304139,618.3356323242188,618.3356323242188,113600,0.0,0.0
2008-06-10 00:00:00+09:00,618.3356815918536,618.3356815918536,602.9298095703125,602.9298095703125,113600,0.0,0.0
2008-06-11 00:00:00+09:00,602.929854683254,612.0333251953125,602.929854683254,612.0333251953125,113600,0.0,0.0
2008-06-12 00:00:00+09:00,596.6272895732111,596.6272895732111,594.5264892578125,594.5264892578125,113600,0.0,0.0
2008-06-13 00:00:00+09:00,577.019881098013,590.324951171875,577.019881098013,590.324951171875,113600,0.0,0.0
2008-06-16 00:00:00+09:00,593.8263128576144,596.6273803710938,593.8263128576144,596.6273803710938,113600,0.0,0.0
2008-06-17 00:00:00+09:00,596.6273677945832,601.5292358398438,596.6273677945832,601.5292358398438,113600,0.0,0.0
2008-06-18 00:00:00+09:00,604.0140045452346,605.0306396484375,604.0140045452346,605.0306396484375,113600,0.0,0.0
2008-06-19 00:00:00+09:00,596.6273931559726,596.6273931559726,591.7255249023438,591.7255249023438,113600,0.0,0.0
2008-06-20 00:00:00+09:00,582.6219901117149,582.6219901117149,579.8209228515625,579.8209228515625,113600,0.0,0.0
2008-06-23 00:00:00+09:00,570.7174682617188,572.1180019261647,564.4150667717121,570.7174682617188,160500,0.0,0.0
2008-06-24 00:00:00+09:00,570.5575633917389,570.5575633917389,568.61669921875,568.61669921875,160500,0.0,0.0
2008-06-25 00:00:00+09:00,558.1126961543642,570.7174998316272,558.1126961543642,568.61669921875,140100,0.0,0.0
2008-06-26 00:00:00+09:00,572.1179969424293,572.1179969424293,558.8129272460938,558.8129272460938,140100,0.0,0.0
2008-06-27 00:00:00+09:00,547.6086354533986,547.6086354533986,539.9057006835938,539.9057006835938,140100,0.0,0.0
2008-06-30 00:00:00+09:00,540.6060115698916,540.6060115698916,532.903076171875,532.903076171875,140100,0.0,0.0
2008-07-01 00:00:00+09:00,532.903118420781,532.903118420781,530.10205078125,530.10205078125,140100,0.0,0.0
2008-07-02 00:00:00+09:00,530.1018820173754,530.1018820173754,512.59521484375,512.59521484375,140100,0.0,0.0
2008-07-03 00:00:00+09:00,512.5952291139414,512.5952291139414,497.1893615722656,497.1893615722656,140100,0.0,0.0
2008-07-04 00:00:00+09:00,497.8896153978079,508.3936157226562,497.8896153978079,508.39361572265625,140100,0.0,0.0
2008-07-07 00:00:00+09:00,511.1946208519537,511.1946208519537,510.4943542480469,510.4943542480469,140100,0.0,0.0
2008-07-08 00:00:00+09:00,501.39110621220647,501.39110621220647,495.7889709472656,495.7889709472656,140100,0.0,0.0
2008-07-09 00:00:00+09:00,506.9932232692136,506.9932232692136,490.8870849609375,490.8870849609375,140100,0.0,0.0
2008-07-10 00:00:00+09:00,495.7887575839428,495.7887575839428,493.6879577636719,493.6879577636719,140100,0.0,0.0
2008-07-11 00:00:00+09:00,492.9878856098431,492.9878856098431,490.8870849609375,490.8870849609375,140100,0.0,0.0
2008-07-14 00:00:00+09:00,502.7915603069316,502.7915603069316,488.7862243652343,488.7862243652344,140100,0.0,0.0
2008-07-15 00:00:00+09:00,483.8843908726995,483.8843908726995,480.383056640625,480.383056640625,140100,0.0,0.0
2008-07-16 00:00:00+09:00,469.8790257622214,476.1814270019531,469.8790257622214,476.1814270019531,140100,0.0,0.0
2008-07-17 00:00:00+09:00,483.8844204973241,483.8844204973241,482.48388671875,482.48388671875,140100,0.0,0.0
2008-07-18 00:00:00+09:00,482.4838571798697,482.4838571798697,480.383056640625,480.383056640625,140100,0.0,0.0
2008-07-22 00:00:00+09:00,494.38844767655473,497.1895153687732,478.98257536935336,495.0887145996094,123900,0.0,0.0
2008-07-23 00:00:00+09:00,497.18939140501726,499.29019165039057,497.18939140501726,499.2901916503906,123900,0.0,0.0
2008-07-24 00:00:00+09:00,507.6933382635247,511.1946716308593,507.6933382635247,511.1946716308594,123900,0.0,0.0
2008-07-25 00:00:00+09:00,492.28750430332144,498.58990478515625,492.28750430332144,498.58990478515625,123900,0.0,0.0
2008-07-28 00:00:00+09:00,499.29030785193805,499.29030785193805,491.5873718261718,491.5873718261719,123900,0.0,0.0
2008-07-29 00:00:00+09:00,464.2768457271328,464.2768457271328,462.8763122558594,462.8763122558594,123900,0.0,0.0
2008-07-30 00:00:00+09:00,464.27678341082674,469.17864990234375,464.27678341082674,469.17864990234375,123900,0.0,0.0
2008-07-31 00:00:00+09:00,460.07516507489964,460.07516507489964,457.974365234375,457.974365234375,123900,0.0,0.0
2008-08-01 00:00:00+09:00,458.67473549231124,458.67473549231124,453.0726013183594,453.0726013183594,123900,0.0,0.0
2008-08-04 00:00:00+09:00,434.86576499506174,434.86576499506174,432.06469726562494,432.064697265625,123900,0.0,0.0
2008-08-05 00:00:00+09:00,433.46517084475835,433.46517084475835,429.9638366699219,429.9638366699219,123900,0.0,0.0
2008-08-06 00:00:00+09:00,429.96377689274215,458.6747131347656,429.96377689274215,458.6747131347656,123900,0.0,0.0
2008-08-07 00:00:00+09:00,458.67470336727126,458.67470336727126,457.274169921875,457.274169921875,123900,0.0,0.0
2008-08-08 00:00:00+09:00,462.8763593905757,471.9798278808594,462.8763593905757,471.9798278808594,123900,0.0,0.0
2008-08-11 00:00:00+09:00,472.680182617545,478.2823181152344,472.680182617545,478.2823181152344,123900,0.0,0.0
2008-08-12 00:00:00+09:00,476.8817583473536,482.4838935408614,469.8790893554688,469.87908935546875,173200,0.0,0.0
2008-08-13 00:00:00+09:00,469.8791250596459,469.8791250596459,461.4759216308594,461.4759216308594,173200,0.0,0.0
2008-08-14 00:00:00+09:00,460.7756546784605,461.4759216308594,460.7756546784605,461.4759216308594,173200,0.0,0.0
2008-08-15 00:00:00+09:00,472.6802247262317,475.4812927246093,472.6802247262317,475.4812927246094,173200,0.0,0.0
2008-08-18 00:00:00+09:00,496.48909599130803,499.29016282341695,489.4864289110357,492.9877624511719,200900,0.0,0.0
2008-08-19 00:00:00+09:00,474.78082275390625,474.78082275390625,474.78082275390625,474.78082275390625,200900,0.0,0.0
2008-08-20 00:00:00+09:00,474.7809659517728,474.7809659517728,473.3804321289062,473.38043212890625,200900,0.0,0.0
2008-08-21 00:00:00+09:00,475.4811946846054,475.4811946846054,467.07799242213815,467.77825927734375,69800,0.0,0.0
2008-08-22 00:00:00+09:00,467.7782968374399,467.7782968374399,455.1734924316406,455.1734924316406,69800,0.0,0.0
2008-08-25 00:00:00+09:00,455.17343909544786,460.77557373046875,455.17343909544786,460.77557373046875,69800,0.0,0.0
2008-08-26 00:00:00+09:00,448.17076499417703,450.9718322753906,448.17076499417703,450.9718322753906,69800,0.0,0.0
2008-08-27 00:00:00+09:00,442.568615625,442.568615625,437.666748046875,437.666748046875,69800,0.0,0.0
2008-08-28 00:00:00+09:00,436.96656579213936,436.96656579213936,432.06469726562494,432.064697265625,69800,0.0,0.0
2008-08-29 00:00:00+09:00,440.46788379253366,443.2689514160156,440.46788379253366,443.2689514160156,69800,0.0,0.0
2008-09-01 00:00:00+09:00,443.2688111336001,443.2688111336001,434.16534423828125,434.16534423828125,69800,0.0,0.0
2008-09-02 00:00:00+09:00,434.86574839760095,434.86574839760095,425.06201171875,425.06201171875,69800,0.0,0.0
2008-09-03 00:00:00+09:00,421.56060954868394,421.56060954868394,417.3590087890625,417.3590087890625,69800,0.0,0.0
2008-09-04 00:00:00+09:00,417.3590006925622,417.3590006925622,411.7568664550781,411.7568664550781,69800,0.0,0.0
2008-09-05 00:00:00+09:00,404.05389404296875,404.05389404296875,404.05389404296875,404.05389404296875,69800,0.0,0.0
2008-09-08 00:00:00+09:00,404.0539274310122,424.36166381835943,404.0539274310122,424.3616638183594,69800,0.0,0.0
2008-09-09 00:00:00+09:00,424.36169709632145,424.36169709632145,418.0592956542969,418.0592956542969,69800,0.0,0.0
2008-09-10 00:00:00+09:00,414.55792382145904,414.55792382145904,406.15472266291596,410.3563232421875,118300,0.0,0.0
2008-09-11 00:00:00+09:00,402.65340222530136,402.65340222530136,401.25286865234375,401.25286865234375,118300,0.0,0.0
2008-09-12 00:00:00+09:00,402.6534413796395,404.7542419433594,402.6534413796395,404.7542419433594,118300,0.0,0.0
2008-09-16 00:00:00+09:00,404.7542453115202,418.75958251953125,404.7542453115202,418.75958251953125,118300,0.0,0.0
2008-09-17 00:00:00+09:00,429.2636143261234,429.2636143261234,422.9612121582031,422.9612121582031,118300,0.0,0.0
2008-09-18 00:00:00+09:00,412.4570918593296,451.6720275878906,412.4570918593296,451.6720275878906,118300,0.0,0.0
2008-09-19 00:00:00+09:00,455.24741554509257,465.67752075195307,455.24741554509257,465.6775207519531,118300,0.0,0.0
2008-09-22 00:00:00+09:00,474.08068122350585,474.08068122350585,468.4785461425781,468.4785461425781,118300,0.0,0.0
2008-09-24 00:00:00+09:00,443.26882707462755,451.6720275878906,443.26882707462755,451.6720275878906,118300,0.0,0.0
2008-09-25 00:00:00+09:00,445.2804937224901,445.2804937224901,442.4397888183594,442.4397888183594,118300,9.0,0.0
2008-09-26 00:00:00+09:00,433.2076007416332,433.2076007416332,425.3956604003906,425.3956604003906,118300,0.0,0.0
2008-09-29 00:00:00+09:00,425.3955388036268,425.3955388036268,411.9021911621094,411.9021911621094,118300,0.0,0.0
2008-09-30 00:00:00+09:00,393.43756370277674,406.2207336425781,393.43756370277674,406.2207336425781,118300,0.0,0.0
2008-10-01 00:00:00+09:00,406.2208047064791,406.2208047064791,401.9597473144531,401.9597473144531,118300,0.0,0.0
2008-10-02 00:00:00+09:00,402.67001215386085,402.67001215386085,391.30718994140625,391.30718994140625,118300,0.0,0.0
2008-10-03 00:00:00+09:00,376.39337158203125,376.39337158203125,376.39337158203125,376.39337158203125,118300,0.0,0.0
2008-10-06 00:00:00+09:00,374.26292249216027,374.26292249216027,356.5085144042969,356.5085144042969,118300,0.0,0.0
2008-10-07 00:00:00+09:00,345.8558200097853,352.2474060058594,345.8558200097853,352.2474060058594,118300,0.0,0.0
2008-10-08 00:00:00+09:00,352.2473992719337,352.2473992719337,302.5350646972656,302.5350646972656,118300,0.0,0.0
2008-10-09 00:00:00+09:00,301.1148205199913,307.50640869140625,301.1148205199913,307.50640869140625,118300,0.0,0.0
2008-10-10 00:00:00+09:00,307.5063507522362,307.5063507522362,294.01300048828125,294.01300048828125,118300,0.0,0.0
2008-10-14 00:00:00+09:00,330.23197728207236,337.333740234375,330.23197728207236,337.333740234375,118300,0.0,0.0
2008-10-15 00:00:00+09:00,324.55058746667453,328.8116455078125,324.55058746667453,328.8116455078125,118300,0.0,0.0
2008-10-16 00:00:00+09:00,308.2165308091247,308.2165308091247,292.5926513671875,292.5926513671875,118300,0.0,0.0
2008-10-17 00:00:00+09:00,313.8978799909553,317.4487609863281,313.8978799909553,317.4487609863281,118300,0.0,0.0
2008-10-20 00:00:00+09:00,302.53505978884397,304.66558837890625,302.53505978884397,304.66558837890625,118300,0.0,0.0
2008-10-21 00:00:00+09:00,318.1589764835859,351.5372619628906,318.1589764835859,351.5372619628906,118300,0.0,0.0
2008-10-22 00:00:00+09:00,365.740836050591,365.740836050591,357.2187194824219,357.2187194824219,118300,0.0,0.0
2008-10-23 00:00:00+09:00,327.3912875457895,330.9421691894531,327.3912875457895,330.9421691894531,118300,0.0,0.0
2008-10-24 00:00:00+09:00,318.68447174490274,318.68447174490274,299.6943664550781,299.6943664550781,118300,0.0,0.0
2008-10-27 00:00:00+09:00,299.69436068148224,315.3182373046875,299.69436068148224,315.3182373046875,118300,0.0,0.0
2008-10-28 00:00:00+09:00,310.34705645751956,355.0881652832031,310.34705645751956,355.0881652832031,118300,0.0,0.0
2008-10-29 00:00:00+09:00,355.0880786984466,366.4508972167969,355.0880786984466,366.4508972167969,118300,0.0,0.0
2008-10-30 00:00:00+09:00,366.45092443517734,367.87127685546875,366.45092443517734,367.87127685546875,118300,0.0,0.0
2008-10-31 00:00:00+09:00,357.21869427490236,367.161162902832,355.0881652832031,355.0881652832031,118300,0.0,0.0
2008-11-04 00:00:00+09:00,355.7983091497697,368.58148193359375,355.7983091497697,368.58148193359375,337100,0.0,0.0
2008-11-05 00:00:00+09:00,369.29159129237775,384.91546630859375,369.29159129237775,384.91546630859375,337100,0.0,0.0
2008-11-06 00:00:00+09:00,385.6257069905599,385.6257069905599,383.49517822265625,383.49517822265625,337100,0.0,0.0
2008-11-07 00:00:00+09:00,376.3933667725068,378.5238952636719,376.3933667725068,378.5238952636719,337100,0.0,0.0
2008-11-10 00:00:00+09:00,384.915530734592,385.6257069905599,382.78500196668836,383.49517822265625,473700,0.0,0.0
2008-11-11 00:00:00+09:00,382.78501525878903,390.5969543457031,382.78501525878903,390.5969543457031,473700,0.0,0.0
2008-11-12 00:00:00+09:00,390.5969509180041,393.4376560155896,389.88677464360774,392.0173034667969,164000,0.0,0.0
2008-11-13 00:00:00+09:00,392.72738339535823,394.1477355957031,392.72738339535823,394.1477355957031,164000,0.0,0.0
2008-11-14 00:00:00+09:00,394.1477868391231,398.4088439941407,394.1477868391231,398.4088439941406,164000,0.0,0.0
2008-11-17 00:00:00+09:00,398.4088628527144,403.3800964355469,398.4088628527144,403.3800964355469,164000,0.0,0.0
2008-11-18 00:00:00+09:00,401.2496249550267,404.8005065917969,401.2496249550267,404.8005065917969,164000,0.0,0.0
2008-11-19 00:00:00+09:00,404.80047436395165,405.5106506347656,404.80047436395165,405.5106506347656,164000,0.0,0.0
2008-11-20 00:00:00+09:00,406.22082690557954,406.22082690557954,405.5106506347656,405.5106506347656,164000,0.0,0.0
2008-11-21 00:00:00+09:00,405.51058323072346,408.3512878417968,405.51058323072346,408.3512878417969,164000,0.0,0.0
2008-11-25 00:00:00+09:00,408.3513689943928,412.6124267578125,408.3513689943928,412.6124267578125,22700,0.0,0.0
2008-11-26 00:00:00+09:00,406.22078810797797,409.0614929199219,406.22078810797797,409.0614929199219,22700,0.0,0.0
2008-11-27 00:00:00+09:00,411.95220097942223,411.95220097942223,411.1920471191406,411.1920471191406,22700,0.0,0.0
2008-11-28 00:00:00+09:00,411.9022301196248,421.134521484375,411.9022301196248,421.134521484375,22700,0.0,0.0
2008-12-01 00:00:00+09:00,421.13448442366456,423.9751892089844,421.13448442366456,423.9751892089844,22700,0.0,0.0
2008-12-02 00:00:00+09:00,423.9751931826274,423.9751931826274,409.0614929199219,409.0614929199219,22700,0.0,0.0
2008-12-03 00:00:00+09:00,412.6123907945181,412.6123907945181,401.9597473144531,401.9597473144531,22700,0.0,0.0
2008-12-04 00:00:00+09:00,391.3072000370134,391.3072000370134,375.6833190917969,375.6833190917969,22700,0.0,0.0
2008-12-05 00:00:00+09:00,376.3933634203534,376.3933634203534,366.4508972167969,366.4508972167969,22700,0.0,0.0
2008-12-08 00:00:00+09:00,373.55279541015625,373.55279541015625,373.55279541015625,373.55279541015625,22700,0.0,0.0
2008-12-09 00:00:00+09:00,373.55270050511217,374.9730529785156,373.55270050511217,374.9730529785156,22700,0.0,0.0
2008-12-10 00:00:00+09:00,375.68325245250355,390.5969543457031,375.68325245250355,390.5969543457031,22700,0.0,0.0
2008-12-11 00:00:00+09:00,382.7849634013045,387.0460205078125,382.7849634013045,387.0460205078125,22700,0.0,0.0
2008-12-12 00:00:00+09:00,399.1190091115124,399.1190091115124,376.39337158203125,376.39337158203125,22700,0.0,0.0
2008-12-15 00:00:00+09:00,384.915530734592,384.915530734592,383.49517822265625,383.49517822265625,22700,0.0,0.0
2008-12-16 00:00:00+09:00,383.49512840972386,383.49512840972386,378.5238952636719,378.5238952636719,49400,0.0,0.0
2008-12-17 00:00:00+09:00,379.23411039872605,379.23411039872605,374.9730529785156,374.9730529785156,60500,0.0,0.0
2008-12-18 00:00:00+09:00,372.13238525390625,372.13238525390625,372.13238525390625,372.13238525390625,49900,0.0,0.0
2008-12-19 00:00:00+09:00,372.8425735473633,372.8425735473633,355.0881652832031,355.0881652832031,103600,0.0,0.0
2008-12-22 00:00:00+09:00,360.059326171875,360.059326171875,360.059326171875,360.059326171875,48500,0.0,0.0
2008-12-24 00:00:00+09:00,360.05939361195504,360.05939361195504,345.14569091796875,345.14569091796875,76000,0.0,0.0
2008-12-25 00:00:00+09:00,335.2032310818932,341.5948181152344,335.2032310818932,341.5948181152344,29200,0.0,0.0
2008-12-26 00:00:00+09:00,343.0152207517526,346.56610295415175,342.3050443112728,345.8559265136719,42500,0.0,0.0
2008-12-29 00:00:00+09:00,359.349153242961,360.05932943514074,358.63897705078125,358.63897705078125,111300,0.0,0.0
2008-12-30 00:00:00+09:00,351.53723846015856,365.7407632464276,350.8270622208451,361.4797058105469,33800,0.0,0.0
2009-01-05 00:00:00+09:00,376.39343321323395,376.39343321323395,361.4797311425209,363.6102600097656,28900,0.0,0.0
2009-01-06 00:00:00+09:00,362.9000549316406,362.9000549316406,362.9000549316406,362.9000549316406,49500,0.0,0.0
2009-01-07 00:00:00+09:00,362.90007621654564,392.0173034667969,362.90007621654564,392.0173034667969,127200,0.0,0.0
2009-01-08 00:00:00+09:00,370.71206846621584,370.71206846621584,370.00189208984375,370.00189208984375,110300,0.0,0.0
2009-01-09 00:00:00+09:00,371.4221904466876,371.4221904466876,367.1611328125,367.1611328125,111600,0.0,0.0
2009-01-13 00:00:00+09:00,368.5813726931202,368.5813726931202,347.98626708984375,347.98626708984375,135500,0.0,0.0
2009-01-14 00:00:00+09:00,347.98639852212244,356.5085144042969,347.98639852212244,356.5085144042969,73400,0.0,0.0
2009-01-15 00:00:00+09:00,361.4797024661547,362.9000549316406,361.4797024661547,362.9000549316406,165100,0.0,0.0
2009-01-16 00:00:00+09:00,372.84248448625397,392.72741699218756,372.84248448625397,392.7274169921875,201600,0.0,0.0
2009-01-19 00:00:00+09:00,411.1920741700059,412.6124267578125,411.1920741700059,412.6124267578125,197300,0.0,0.0
2009-01-20 00:00:00+09:00,407.64115924082733,414.0327453613281,407.64115924082733,414.0327453613281,94100,0.0,0.0
2009-01-21 00:00:00+09:00,407.6412518796668,407.6412518796668,401.2496643066406,401.2496643066406,150000,0.0,0.0
2009-01-22 00:00:00+09:00,401.2495796585742,411.1920471191406,401.2495796585742,411.1920471191406,78900,0.0,0.0
2009-01-23 00:00:00+09:00,411.90223914989525,411.90223914989525,392.0173034667969,392.0173034667969,56100,0.0,0.0
2009-01-26 00:00:00+09:00,392.0172423743844,392.0172423743844,378.5238952636719,378.5238952636719,162000,0.0,0.0
2009-01-27 00:00:00+09:00,374.2630187210055,389.88690185546875,374.2630187210055,389.88690185546875,156500,0.0,0.0
2009-01-28 00:00:00+09:00,385.6257723700291,385.6257723700291,370.00189208984375,370.00189208984375,142200,0.0,0.0
2009-01-29 00:00:00+09:00,357.92889586310264,357.92889586310264,357.2187194824219,357.2187194824219,136500,0.0,0.0
2009-01-30 00:00:00+09:00,357.2186067972223,357.2186067972223,339.4642028808594,339.4642028808594,121100,0.0,0.0
2009-02-02 00:00:00+09:00,339.4642060194287,339.4642060194287,324.5505065917969,324.5505065917969,105700,0.0,0.0
2009-02-03 00:00:00+09:00,324.55051157282685,324.55051157282685,308.9266357421875,308.9266357421875,162700,0.0,0.0
2009-02-04 00:00:00+09:00,318.15897588315215,326.68109130859375,318.15897588315215,326.68109130859375,68600,0.0,0.0
2009-02-05 00:00:00+09:00,318.8691509582658,318.8691509582658,314.60809326171875,314.60809326171875,68500,0.0,0.0
2009-02-06 00:00:00+09:00,314.6080660657818,314.6080660657818,313.1877136230469,313.1877136230469,93100,0.0,0.0
2009-02-09 00:00:00+09:00,321.70985785436847,321.70985785436847,313.8979187011719,313.8979187011719,50500,0.0,0.0
2009-02-10 00:00:00+09:00,318.8691711425781,323.84040543656045,314.6081131763076,318.8691711425781,71100,0.0,0.0
2009-02-12 00:00:00+09:00,297.5638411022368,298.2740173339844,297.5638411022368,298.2740173339844,115000,0.0,0.0
2009-02-13 00:00:00+09:00,294.7232037324172,295.4333801269531,294.7232037324172,295.4333801269531,112000,0.0,0.0
2009-02-16 00:00:00+09:00,311.7674038091563,311.7674038091563,308.2165222167969,308.2165222167969,138300,0.0,0.0
2009-02-17 00:00:00+09:00,313.187718639635,313.187718639635,311.05718994140625,311.05718994140625,63800,0.0,0.0
2009-02-18 00:00:00+09:00,310.34698486328125,310.34698486328125,310.34698486328125,310.34698486328125,46700,0.0,0.0
2009-02-19 00:00:00+09:00,303.9554506880126,313.8979187011719,303.9554506880126,313.8979187011719,85200,0.0,0.0
2009-02-20 00:00:00+09:00,312.47757131798124,312.47757131798124,311.76739501953125,311.76739501953125,43900,0.0,0.0
2009-02-23 00:00:00+09:00,304.6657028374441,307.50640869140625,304.6657028374441,307.50640869140625,102800,0.0,0.0
2009-02-24 00:00:00+09:00,301.82497246320855,305.3758544921875,301.82497246320855,305.3758544921875,79700,0.0,0.0
2009-02-25 00:00:00+09:00,305.3758262815537,328.8116455078125,305.3758262815537,328.8116455078125,73100,0.0,0.0
2009-02-26 00:00:00+09:00,328.81164373200517,329.5218200683594,328.81164373200517,329.5218200683594,55000,0.0,0.0
2009-02-27 00:00:00+09:00,325.97094014705385,328.8116455078125,325.97094014705385,328.8116455078125,34000,0.0,0.0
2009-03-02 00:00:00+09:00,328.81156357112025,328.81156357112025,324.5505065917969,324.5505065917969,27300,0.0,0.0
2009-03-03 00:00:00+09:00,318.86914232798983,318.86914232798983,318.1589660644531,318.1589660644531,29500,0.0,0.0
2009-03-04 00:00:00+09:00,324.55059634546,325.2607727050781,324.55059634546,325.2607727050781,39400,0.0,0.0
2009-03-05 00:00:00+09:00,338.04399288594084,338.04399288594084,331.65240478515625,331.65240478515625,68700,0.0,0.0
2009-03-06 00:00:00+09:00,336.62355930494226,336.62355930494226,326.68109130859375,326.68109130859375,101100,0.0,0.0
2009-03-09 00:00:00+09:00,327.39126415170114,328.1014404296875,327.39126415170114,328.1014404296875,71900,0.0,0.0
2009-03-10 00:00:00+09:00,319.57933871231415,322.4200439453125,319.57933871231415,322.4200439453125,70100,0.0,0.0
2009-03-11 00:00:00+09:00,330.23191589756135,330.23191589756135,324.5505065917969,324.5505065917969,70800,0.0,0.0
2009-03-12 00:00:00+09:00,324.5505379086449,324.5505379086449,298.2740173339844,298.2740173339844,108300,0.0,0.0
2009-03-13 00:00:00+09:00,294.7231248056023,303.2452392578125,294.7231248056023,303.2452392578125,114500,0.0,0.0
2009-03-16 00:00:00+09:00,313.8978799909553,317.4487609863281,313.8978799909553,317.4487609863281,63900,0.0,0.0
2009-03-17 00:00:00+09:00,317.4487609863281,317.4487609863281,317.4487609863281,317.4487609863281,58300,0.0,0.0
2009-03-18 00:00:00+09:00,323.1301705789246,323.1301705789246,317.4487609863281,317.4487609863281,51400,0.0,0.0
2009-03-19 00:00:00+09:00,317.4487760360927,317.4487760360927,311.05718994140625,311.05718994140625,44700,0.0,0.0
2009-03-23 00:00:00+09:00,313.1877406962031,314.60809326171875,313.1877406962031,314.60809326171875,90700,0.0,0.0
2009-03-24 00:00:00+09:00,316.02843390570746,319.5793151855469,316.02843390570746,319.5793151855469,90900,0.0,0.0
2009-03-25 00:00:00+09:00,319.5792464371566,323.130126953125,319.5792464371566,323.130126953125,77300,0.0,0.0
2009-03-26 00:00:00+09:00,323.13017805848364,327.3912353515625,323.13017805848364,327.3912353515625,57100,0.0,0.0
2009-03-27 00:00:00+09:00,330.2319435668147,330.2319435668147,325.97088623046875,325.97088623046875,69400,0.0,0.0
2009-03-30 00:00:00+09:00,319.579316955708,319.579316955708,306.0859680175781,306.0859680175781,78300,0.0,0.0
2009-03-31 00:00:00+09:00,304.6656275335348,304.6656275335348,301.11474609375,301.11474609375,89900,0.0,0.0
2009-04-01 00:00:00+09:00,308.92668982573144,311.76739501953125,308.92668982573144,311.76739501953125,44100,0.0,0.0
2009-04-02 00:00:00+09:00,311.76733565382676,324.5505065917969,311.76733565382676,324.5505065917969,99100,0.0,0.0
2009-04-03 00:00:00+09:00,329.5218200683594,329.5218200683594,329.5218200683594,329.5218200683594,68500,0.0,0.0
2009-04-06 00:00:00+09:00,374.2628990395555,374.2628990395555,365.74078369140625,365.74078369140625,190200,0.0,0.0
2009-04-07 00:00:00+09:00,365.7407570244453,377.10357666015625,365.7407570244453,377.10357666015625,111800,0.0,0.0
2009-04-08 00:00:00+09:00,362.18988204986033,362.18988204986033,361.4797058105469,361.4797058105469,61600,0.0,0.0
2009-04-09 00:00:00+09:00,377.81374461615263,380.6544494628906,377.81374461615263,380.6544494628906,92700,0.0,0.0
2009-04-10 00:00:00+09:00,383.49520178402173,386.3359069824219,383.49520178402173,386.3359069824219,53300,0.0,0.0
2009-04-13 00:00:00+09:00,397.69877743591195,397.69877743591195,391.30718994140625,391.30718994140625,90700,0.0,0.0
2009-04-14 00:00:00+09:00,395.5681848387787,395.5681848387787,392.0173034667969,392.0173034667969,90200,0.0,0.0
2009-04-15 00:00:00+09:00,372.13238525390625,372.13238525390625,372.13238525390625,372.13238525390625,89900,0.0,0.0
2009-04-16 00:00:00+09:00,372.13229584078067,384.91546630859375,372.13229584078067,384.91546630859375,67000,0.0,0.0
2009-04-17 00:00:00+09:00,385.62571363758957,393.4376525878906,385.62571363758957,393.4376525878906,27900,0.0,0.0
2009-04-20 00:00:00+09:00,404.8005065917969,404.8005065917969,404.8005065917969,404.8005065917969,88900,0.0,0.0
2009-04-21 00:00:00+09:00,393.4376525878906,393.4376525878906,393.4376525878906,393.4376525878906,64100,0.0,0.0
2009-04-22 00:00:00+09:00,402.67001894687087,402.67001894687087,400.53948974609375,400.53948974609375,111500,0.0,0.0
2009-04-23 00:00:00+09:00,406.220823491015,410.48188108008156,398.4088845777262,406.9309997558594,66600,0.0,0.0
2009-04-24 00:00:00+09:00,411.90219608088717,411.90219608088717,409.77166748046875,409.77166748046875,82100,0.0,0.0
2009-04-27 00:00:00+09:00,410.48192117805155,415.4531555175781,410.48192117805155,415.4531555175781,144800,0.0,0.0
2009-04-28 00:00:00+09:00,426.8158979945713,426.8158979945713,409.0614929199219,409.0614929199219,73600,0.0,0.0
2009-04-30 00:00:00+09:00,419.0039739511119,421.13450263221927,406.93097809150356,416.16326904296875,76500,0.0,0.0
2009-05-01 00:00:00+09:00,410.48188092381815,419.7141723632812,410.48188092381815,419.71417236328125,30100,0.0,0.0
2009-05-07 00:00:00+09:00,431.7872009277344,431.7872009277344,431.7872009277344,431.7872009277344,48600,0.0,0.0
2009-05-08 00:00:00+09:00,431.7871454278692,442.4397888183594,431.7871454278692,442.4397888183594,47400,0.0,0.0
2009-05-11 00:00:00+09:00,442.4397888183594,442.4397888183594,442.4397888183594,442.4397888183594,37500,0.0,0.0
2009-05-12 00:00:00+09:00,442.4397551785208,442.4397551785208,430.36676025390625,430.36676025390625,39900,0.0,0.0
2009-05-13 00:00:00+09:00,427.52608753551135,436.04820223721595,427.52608753551135,429.6566162109375,94400,0.0,0.0
2009-05-14 00:00:00+09:00,404.8005065917969,404.8005065917969,404.8005065917969,404.8005065917969,79400,0.0,0.0
2009-05-15 00:00:00+09:00,433.207593320021,433.207593320021,428.2363586425781,428.2363586425781,63800,0.0,0.0
2009-05-18 00:00:00+09:00,414.0327132238101,414.7428894042969,414.0327132238101,414.7428894042969,37900,0.0,0.0
2009-05-19 00:00:00+09:00,425.3956604003906,425.3956604003906,425.3956604003906,425.3956604003906,54700,0.0,0.0
2009-05-20 00:00:00+09:00,425.3955756179425,425.3955756179425,422.55487060546875,422.55487060546875,38000,0.0,0.0
2009-05-21 00:00:00+09:00,412.61236086283645,414.7428894042969,412.61236086283645,414.7428894042969,31400,0.0,0.0
2009-05-22 00:00:00+09:00,414.7428992248324,414.7428992248324,410.4818420410156,410.4818420410156,39800,0.0,0.0
2009-05-25 00:00:00+09:00,413.32254848116605,413.32254848116605,409.77166748046875,409.77166748046875,46700,0.0,0.0
2009-05-26 00:00:00+09:00,409.06154528829603,412.6124267578125,409.06154528829603,412.6124267578125,67900,0.0,0.0
2009-05-27 00:00:00+09:00,417.5836214970403,417.5836214970403,416.16326904296875,416.16326904296875,35200,0.0,0.0
2009-05-28 00:00:00+09:00,416.1632961351044,417.5836486816406,416.1632961351044,417.5836486816406,61200,0.0,0.0
2009-05-29 00:00:00+09:00,417.5836214970403,417.5836214970403,416.16326904296875,416.16326904296875,46100,0.0,0.0
2009-06-01 00:00:00+09:00,426.815885828975,427.52606201171875,426.815885828975,427.52606201171875,47600,0.0,0.0
2009-06-02 00:00:00+09:00,427.52609782164836,438.1787414550781,427.52609782164836,438.1787414550781,34300,0.0,0.0
2009-06-03 00:00:00+09:00,438.88897705078125,438.88897705078125,438.88897705078125,438.88897705078125,35900,0.0,0.0
2009-06-04 00:00:00+09:00,441.729634570468,445.9906921386719,441.729634570468,445.9906921386719,51900,0.0,0.0
2009-06-05 00:00:00+09:00,459.4840985521858,460.19427490234375,459.4840985521858,460.19427490234375,69300,0.0,0.0
2009-06-08 00:00:00+09:00,493.5724910469943,493.5724910469943,488.6012573242188,488.60125732421875,86500,0.0,0.0
2009-06-09 00:00:00+09:00,492.15215381419813,494.99285888671875,492.15215381419813,494.99285888671875,50400,0.0,0.0
2009-06-10 00:00:00+09:00,497.1233825683594,497.1233825683594,497.1233825683594,497.1233825683594,81300,0.0,0.0
2009-06-11 00:00:00+09:00,501.3843994140625,504.9352804297428,497.1233421952461,501.3843994140625,53300,0.0,0.0
2009-06-12 00:00:00+09:00,501.3844019466416,527.6609215954032,500.6742257399183,513.4573974609375,162400,0.0,0.0
2009-06-15 00:00:00+09:00,536.8932408862929,539.0237696199687,526.2405972179141,527.6609497070312,101800,0.0,0.0
2009-06-16 00:00:00+09:00,526.9507681039663,527.6609443413032,514.8777720692393,517.00830078125,90500,0.0,0.0
2009-06-17 00:00:00+09:00,525.5305380833744,545.4154773622047,524.820361680559,541.1544189453125,104800,0.0,0.0
2009-06-18 00:00:00+09:00,534.7626342773438,539.7338672653137,532.632105853928,534.7626342773438,81900,0.0,0.0
2009-06-19 00:00:00+09:00,525.5304508484929,546.8357393964048,525.5304508484929,540.4441528320312,145800,0.0,0.0
2009-06-22 00:00:00+09:00,546.8357324537889,564.5901393516391,543.2848510742188,543.2848510742188,153900,0.0,0.0
2009-06-23 00:00:00+09:00,541.8645953481279,549.676535779097,538.313713334051,541.1544189453125,143400,0.0,0.0
2009-06-24 00:00:00+09:00,550.3865093823923,553.2272139469466,534.7626342773438,534.7626342773438,140200,0.0,0.0
2009-06-25 00:00:00+09:00,534.7626378443334,551.806865345348,534.0524616984578,546.8356323242188,100500,0.0,0.0
2009-06-26 00:00:00+09:00,563.1697487740232,563.1697487740232,547.5458717588549,558.90869140625,98400,0.0,0.0
2009-06-29 00:00:00+09:00,566.0106224473475,582.3446805606335,563.1699166885151,576.6632690429688,170100,0.0,0.0
2009-06-30 00:00:00+09:00,570.2714233398438,578.7935367645986,562.4594860338185,570.2714233398438,65000,0.0,0.0
2009-07-01 00:00:00+09:00,557.4884427595916,573.1123226840642,551.8070318779652,566.0105590820312,104000,0.0,0.0
2009-07-02 00:00:00+09:00,568.1409823697586,571.6918635095695,551.0967528986658,558.90869140625,107500,0.0,0.0
2009-07-03 00:00:00+09:00,546.835717095269,566.7206522623698,541.8644833034939,562.4595947265625,75600,0.0,0.0
2009-07-06 00:00:00+09:00,556.7782879677547,562.4596990694666,551.096876866043,557.4884643554688,38400,0.0,0.0
2009-07-07 00:00:00+09:00,564.5899823573247,570.2713909848198,534.0524109845386,542.5745239257812,94100,0.0,0.0
2009-07-08 00:00:00+09:00,527.6609148657797,529.7914434587775,505.64545273813616,516.298095703125,140500,0.0,0.0
2009-07-09 00:00:00+09:00,517.008183039672,517.7183591152759,490.731668242326,500.67413330078125,86400,0.0,0.0
2009-07-10 00:00:00+09:00,500.67426903176,510.61673678558213,487.89109620541717,494.99285888671875,111100,0.0,0.0
2009-07-13 00:00:00+09:00,489.31134023515006,492.15204467773435,440.30918860057045,447.41094970703125,138400,0.0,0.0
2009-07-14 00:00:00+09:00,460.904289175611,482.2095721883511,457.35340867348765,464.4551696777344,130200,0.0,0.0
2009-07-15 00:00:00+09:00,471.5569893441549,486.4706893083526,462.32469889012776,465.8755798339844,81400,0.0,0.0
2009-07-16 00:00:00+09:00,475.8180983621188,478.65880342696727,468.7163356999976,470.1366882324219,87800,0.0,0.0
2009-07-17 00:00:00+09:00,475.8182105332791,485.76068060412376,471.55715193148853,474.3978576660156,55200,0.0,0.0
2009-07-21 00:00:00+09:00,478.6587746441803,490.0215942203033,477.23842219716494,482.20965576171875,123200,0.0,0.0
2009-07-22 00:00:00+09:00,503.5148543670398,514.8776719550125,492.1520367790671,507.06573486328125,127900,0.0,0.0
2009-07-23 00:00:00+09:00,507.0660231184251,509.19655262732607,498.54390508282137,502.09478759765625,100800,0.0,0.0
2009-07-24 00:00:00+09:00,505.64545273813616,518.4286242961227,505.64545273813616,516.298095703125,59800,0.0,0.0
2009-07-27 00:00:00+09:00,531.2118330912375,575.9529366804727,530.5016568437893,565.30029296875,302500,0.0,0.0
2009-07-28 00:00:00+09:00,568.1410515445402,572.4021094311242,547.5459384260506,556.0680541992188,229800,0.0,0.0
2009-07-29 00:00:00+09:00,564.5901820970618,591.5768826249716,556.0680661408798,588.0260009765625,240100,0.0,0.0
2009-07-30 00:00:00+09:00,587.3157241892927,610.0413628519981,581.6343145236164,605.0701293945312,166100,0.0,0.0
2009-07-31 00:00:00+09:00,610.0413628519981,612.8820676848362,597.9683673124358,605.0701293945312,162900,0.0,0.0
2009-08-03 00:00:00+09:00,605.0703417862254,655.4928702684109,598.6787536687654,651.2318115234375,229500,0.0,0.0
2009-08-04 00:00:00+09:00,653.3622765382484,667.5658042890799,636.3180432372505,640.5791015625,124000,0.0,0.0
2009-08-05 00:00:00+09:00,634.8977326606406,637.7384383996143,612.1720867488503,612.8822631835938,143200,0.0,0.0
2009-08-06 00:00:00+09:00,612.1717698877907,632.0566997681365,607.2005374177041,618.5633544921875,98400,0.0,0.0
2009-08-07 00:00:00+09:00,615.0127240349265,627.0857220818015,599.3888442095589,615.722900390625,81000,0.0,0.0
2009-08-10 00:00:00+09:00,633.4772557287312,638.4484897983513,620.694082406851,637.0281372070312,66100,0.0,0.0
2009-08-11 00:00:00+09:00,639.1586591612618,642.7095406010466,627.7958385539505,639.8688354492188,72600,0.0,0.0
2009-08-12 00:00:00+09:00,625.6652730879413,639.158621769747,625.6652730879413,629.9263305664062,54300,0.0,0.0
2009-08-13 00:00:00+09:00,624.9552288769863,632.0569928414975,620.6941704982796,625.6654052734375,58000,0.0,0.0
2009-08-14 00:00:00+09:00,624.2449289957682,641.2891591389973,623.5347527398003,639.1586303710938,68100,0.0,0.0
2009-08-17 00:00:00+09:00,617.8533224863548,627.0856135120131,615.0126175553831,622.1143798828125,66000,0.0,0.0
2009-08-18 00:00:00+09:00,607.9110527479071,621.4044055542274,606.490699820926,615.0128173828125,74800,0.0,0.0
2009-08-19 00:00:00+09:00,615.0127240349265,624.2450166590073,612.8821949678309,615.722900390625,41400,0.0,0.0
2009-08-20 00:00:00+09:00,622.8246033957641,634.8976002688861,610.7516065226422,627.7958374023438,54200,0.0,0.0
2009-08-21 00:00:00+09:00,624.2448768882484,627.7957578716856,596.5480052174388,609.3311767578125,87400,0.0,0.0
2009-08-24 00:00:00+09:00,624.9550649282095,635.6077080803948,624.2448887180637,630.636474609375,40000,0.0,0.0
2009-08-25 00:00:00+09:00,627.7958169664655,642.7095185007367,621.404230594635,636.3179321289062,84400,0.0,0.0
2009-08-26 00:00:00+09:00,637.0281484998795,649.1011457401225,632.767090650382,644.840087890625,47700,0.0,0.0
2009-08-27 00:00:00+09:00,638.4483167711195,650.5213105254121,634.1872601519574,646.26025390625,95600,0.0,0.0
2009-08-28 00:00:00+09:00,649.8112639370344,653.362145160734,639.1586202659354,643.419677734375,74700,0.0,0.0
2009-08-31 00:00:00+09:00,638.448518612868,645.5502818899856,624.2449920586329,637.7383422851562,48400,0.0,0.0
2009-09-02 00:00:00+09:00,619.9838412537867,632.0568370170334,615.0126077042146,626.3754272460938,110500,0.0,0.0
2009-09-03 00:00:00+09:00,624.9551893789557,627.0857184336567,616.4330731601517,617.1432495117188,58100,0.0,0.0
2009-09-04 00:00:00+09:00,614.3023906137752,622.1143285290948,607.2006288725754,617.853271484375,48400,0.0,0.0
2009-09-07 00:00:00+09:00,637.028108392443,649.811281136104,632.0568745476859,636.3179321289062,94800,0.0,0.0
2009-09-08 00:00:00+09:00,639.1586949405798,641.9994002514268,627.7958736971917,637.7383422851562,47400,0.0,0.0
2009-09-09 00:00:00+09:00,625.6652881758554,639.8688134465898,625.6652881758554,636.3179321289062,41300,0.0,0.0
2009-09-10 00:00:00+09:00,638.4484541151259,644.1298641628689,634.1873965793186,639.1586303710938,55100,0.0,0.0
2009-09-11 00:00:00+09:00,632.767081918912,638.4484923065116,616.433027054563,623.5347900390625,84700,0.0,0.0
2009-09-14 00:00:00+09:00,620.6940059751412,623.5347108079794,604.3599531863217,605.0701293945312,59800,0.0,0.0
2009-09-15 00:00:00+09:00,602.2294701771946,612.1719378452143,595.1277075571805,598.6785888671875,44200,0.0,0.0
2009-09-16 00:00:00+09:00,596.5481350999007,607.9109567208512,580.9242553710938,580.9242553710938,86800,0.0,0.0
2009-09-17 00:00:00+09:00,589.4464360451212,592.2871417610013,576.6632603236608,591.5769653320312,81600,0.0,0.0
2009-09-18 00:00:00+09:00,589.4463571913305,589.4463571913305,576.6631831799523,586.6056518554688,53200,0.0,0.0
2009-09-21 00:00:00+09:00,586.6056518554688,586.6056518554688,586.6056518554688,586.6056518554688,0,0.0,0.0
2009-09-24 00:00:00+09:00,587.3156867197988,595.1276245117188,575.242691950468,595.1276245117188,77100,0.0,0.0
2009-09-25 00:00:00+09:00,591.9144819752395,591.9144819752395,572.6362057227286,577.63427734375,56000,4.5,0.0
2009-09-28 00:00:00+09:00,575.4922466490266,591.9144819752395,571.2081852595797,577.63427734375,87400,0.0,0.0
2009-09-29 00:00:00+09:00,570.4943423991494,576.9204363686017,561.2122066654963,571.92236328125,57500,0.0,0.0
2009-09-30 00:00:00+09:00,571.9225188151445,592.6288272366666,566.2104337333453,576.9205932617188,30000,0.0,0.0
2009-10-01 00:00:00+09:00,576.9204519376597,576.9204519376597,553.3581067471364,559.0701904296875,49100,0.0,0.0
2009-10-02 00:00:00+09:00,554.7861460287739,554.7861460287739,531.2238000584399,544.0759887695312,60400,0.0,0.0
2009-10-05 00:00:00+09:00,543.3618481117608,545.5038790504404,526.939610915216,531.9376831054688,44100,0.0,0.0
2009-10-06 00:00:00+09:00,535.5078497363022,539.0779020678775,526.2257136742063,538.3638916015625,34600,0.0,0.0
2009-10-07 00:00:00+09:00,559.7842564262515,565.496340675499,549.7881089900685,563.3543090820312,103900,0.0,0.0
2009-10-08 00:00:00+09:00,551.2160342170001,555.5000966591012,527.6536907854445,541.9338989257812,105700,0.0,0.0
2009-10-09 00:00:00+09:00,541.9339573176827,559.7842194164206,528.3677581226419,544.0759887695312,135500,0.0,0.0
2009-10-13 00:00:00+09:00,539.0779154589221,561.9262509485718,539.0779154589221,560.4982299804688,78800,0.0,0.0
2009-10-14 00:00:00+09:00,560.4983492692311,561.9263705412546,539.0780301888783,548.3601684570312,70800,0.0,0.0
2009-10-15 00:00:00+09:00,555.5002685862303,559.7843323542475,546.9321410501958,552.6442260742188,60000,0.0,0.0
2009-10-16 00:00:00+09:00,554.0720849672542,556.9281266423432,545.5039599419874,551.9300537109375,33500,0.0,0.0
2009-10-19 00:00:00+09:00,552.6441437752015,554.0721648185483,540.505964906754,553.358154296875,54500,0.0,0.0
2009-10-20 00:00:00+09:00,565.4963275748239,572.6364327209707,551.9301277971451,557.6422119140625,74900,0.0,0.0
2009-10-21 00:00:00+09:00,554.7861380372993,560.4982218266151,546.2180123533255,550.5020751953125,71400,0.0,0.0
2009-10-22 00:00:00+09:00,571.2082730366083,571.2082730366083,553.3580145042142,570.4942626953125,153100,0.0,0.0
2009-10-23 00:00:00+09:00,580.4905235339122,580.4905235339122,545.5040098153861,560.4982299804688,169000,0.0,0.0
2009-10-26 00:00:00+09:00,553.3581616458482,567.6383722689668,546.9320668654448,563.3543090820312,108200,0.0,0.0
2009-10-27 00:00:00+09:00,577.6343864870455,577.6343864870455,522.6555882676357,532.6517333984375,209300,0.0,0.0
2009-10-28 00:00:00+09:00,546.2181275573481,546.2181275573481,519.0857238355452,526.225830078125,109300,0.0,0.0
2009-10-29 00:00:00+09:00,519.0855761989641,519.7995866201456,506.94739903887825,514.801513671875,90800,0.0,0.0
2009-10-30 00:00:00+09:00,529.7957177271862,537.6498321409316,524.7976449184392,527.6536865234375,63000,0.0,0.0
2009-11-02 00:00:00+09:00,534.793813212534,534.793813212534,504.8053750884667,508.37542724609375,124600,0.0,0.0
2009-11-04 00:00:00+09:00,504.8053609722994,516.9435379688045,504.8053609722994,511.9454650878906,72000,0.0,0.0
2009-11-05 00:00:00+09:00,504.8053701926738,518.3715682600865,499.80729722046914,512.6594848632812,117400,0.0,0.0
2009-11-06 00:00:00+09:00,519.7995340323079,519.7995340323079,501.94927530867085,506.23333740234375,73800,0.0,0.0
2009-11-09 00:00:00+09:00,506.94738069269545,514.0874846461137,494.09519357654256,504.0913391113281,94700,0.0,0.0
2009-11-10 00:00:00+09:00,507.6614685058594,521.2276680861847,506.2334474974041,507.6614685058594,52300,0.0,0.0
2009-11-11 00:00:00+09:00,508.3753848436386,514.0874678194098,498.37923963603896,500.5212707519531,61600,0.0,0.0
2009-11-12 00:00:00+09:00,496.23723214132747,501.23530498303865,485.52707605194627,488.38311767578125,87700,0.0,0.0
2009-11-13 00:00:00+09:00,488.3831841122788,490.52521562154317,474.10297405051625,484.09912109375,77600,0.0,0.0
2009-11-16 00:00:00+09:00,479.81499307237334,484.0990555105195,474.10290982151173,479.1009826660156,60500,0.0,0.0
2009-11-17 00:00:00+09:00,474.1029007242333,478.3869630801752,458.3946720857798,459.82269287109375,51600,0.0,0.0
2009-11-18 00:00:00+09:00,466.9627821724832,471.2468443942491,439.11637773100483,444.8284606933594,117900,0.0,0.0
2009-11-19 00:00:00+09:00,458.3945516601562,458.3945516601562,441.25830673828125,446.2563781738281,111600,0.0,0.0
2009-11-20 00:00:00+09:00,446.2565232526617,455.53865893631706,443.4004815038447,452.6826171875,112300,0.0,0.0
2009-11-24 00:00:00+09:00,474.1029303036278,481.95704511287465,444.1144919410489,452.6826171875,172400,0.0,0.0
2009-11-25 00:00:00+09:00,456.25260204600977,463.3927053644137,434.83229209079803,438.40234375,160000,0.0,0.0
2009-11-26 00:00:00+09:00,440.5444149891799,443.4004565774404,429.8342590332031,429.8342590332031,158100,0.0,0.0
2009-11-27 00:00:00+09:00,429.8342687574484,434.1183312367585,419.1241125591731,421.2661437988281,230000,0.0,0.0
2009-11-30 00:00:00+09:00,431.9762507634365,439.8303644136808,431.9762507634365,438.40234375,96500,0.0,0.0
2009-12-01 00:00:00+09:00,438.40235807658013,444.11444091796875,430.5482441696707,444.11444091796875,104400,0.0,0.0
2009-12-02 00:00:00+09:00,443.40053222077717,451.9686584472656,441.9725111830291,451.9686584472656,101300,0.0,0.0
2009-12-03 00:00:00+09:00,455.53866110409007,487.66913093118103,455.53866110409007,485.527099609375,196500,0.0,0.0
2009-12-04 00:00:00+09:00,481.2430136161938,491.95316970557496,471.96087833873014,488.38311767578125,107500,0.0,0.0
2009-12-07 00:00:00+09:00,494.8091900669743,498.3792419433594,486.24106556365007,498.3792419433594,92200,0.0,0.0
2009-12-08 00:00:00+09:00,489.09709300165594,496.2371965491254,487.66907229216207,492.6671447753906,129100,0.0,0.0
2009-12-09 00:00:00+09:00,485.52707366721256,496.23722970398927,481.9570216549536,490.525146484375,101800,0.0,0.0
2009-12-10 00:00:00+09:00,486.95510619226167,499.09328332608635,486.95510619226167,489.0971374511719,150500,0.0,0.0
2009-12-11 00:00:00+09:00,489.0970792701776,499.8072342906924,489.0970792701776,496.2371826171875,96600,0.0,0.0
2009-12-14 00:00:00+09:00,508.375479010087,508.375479010087,497.6653214466723,507.6614685058594,86600,0.0,0.0
2009-12-15 00:00:00+09:00,502.66331832064446,509.8034222740627,502.66331832064446,504.0913391113281,47100,0.0,0.0
2009-12-16 00:00:00+09:00,499.80719739740545,506.94730021736837,496.95115626942027,502.6632385253906,131000,0.0,0.0
2009-12-17 00:00:00+09:00,501.94930792530266,506.94738069269545,501.94930792530266,504.0913391113281,46300,0.0,0.0
2009-12-18 00:00:00+09:00,499.80746143064323,503.3775147265764,499.80746143064323,501.9494934082031,51000,0.0,0.0
2009-12-21 00:00:00+09:00,508.3752687278369,511.945319772274,503.37719726562506,503.377197265625,57900,0.0,0.0
2009-12-22 00:00:00+09:00,507.6614168145683,514.8015211298224,504.09136465694127,508.37542724609375,64700,0.0,0.0
2009-12-24 00:00:00+09:00,514.0875799005681,522.6557062322443,511.9455483176491,518.3716430664062,87600,0.0,0.0
2009-12-25 00:00:00+09:00,521.2275159456425,524.0835571289062,517.6574644665627,524.0835571289062,53700,0.0,0.0
2009-12-28 00:00:00+09:00,531.2235945418074,532.6516149572424,524.7975026723501,528.3675537109375,64100,0.0,0.0
2009-12-29 00:00:00+09:00,526.2257397101426,533.3658447265625,521.9416767002908,533.3658447265625,58600,0.0,0.0
2009-12-30 00:00:00+09:00,527.6536865234375,531.937748930935,522.6556137146905,527.6536865234375,43100,0.0,0.0
2010-01-04 00:00:00+09:00,532.6517311167495,535.5077725704585,521.227565301913,534.7937622070312,33000,0.0,0.0
2010-01-05 00:00:00+09:00,535.5076975636667,553.3579541491223,529.0816051929028,549.7879028320312,169100,0.0,0.0
2010-01-06 00:00:00+09:00,546.21788083142,565.4961589784112,542.6478293227178,561.2120971679688,144400,0.0,0.0
2010-01-07 00:00:00+09:00,570.4943374198904,576.2064208984375,561.2122017672514,576.2064208984375,109900,0.0,0.0
2010-01-08 00:00:00+09:00,576.2064660279234,578.3484975001461,564.0682876853277,572.6364135742188,58200,0.0,0.0
2010-01-12 00:00:00+09:00,579.0625027175702,593.3427124023438,574.7784398121381,593.3427124023438,118700,0.0,0.0
2010-01-13 00:00:00+09:00,596.1986186787996,606.1947631835938,589.0585154610894,606.1947631835938,164100,0.0,0.0
2010-01-14 00:00:00+09:00,605.4808761829385,655.4616088867188,603.3388447813478,655.4616088867188,248300,0.0,0.0
2010-01-15 00:00:00+09:00,648.3214959338702,648.3214959338702,635.4693076884852,645.4654541015625,118700,0.0,0.0
2010-01-18 00:00:00+09:00,640.4673808950238,649.7495168500242,623.3311299011771,645.4654541015625,91700,0.0,0.0
2010-01-19 00:00:00+09:00,647.6075281113584,649.749559626611,637.6113810401798,644.0374755859375,134200,0.0,0.0
2010-01-20 00:00:00+09:00,648.3214996885724,682.5940018747525,640.4673846042396,676.1679077148438,348800,0.0,0.0
2010-01-21 00:00:00+09:00,681.8797974945396,690.4479206044186,660.459489719842,664.029541015625,184300,0.0,0.0
2010-01-22 00:00:00+09:00,651.1775669925836,706.156374732089,651.1775669925836,704.0143432617188,310000,0.0,0.0
2010-01-25 00:00:00+09:00,694.0181130149148,710.4403523146505,686.1639985672151,706.8703002929688,160100,0.0,0.0
2010-01-26 00:00:00+09:00,704.0144560046074,709.7265408403446,686.1641908929287,696.1603393554688,272500,0.0,0.0
2010-01-27 00:00:00+09:00,703.3002820813978,703.3002820813978,659.7456453230574,660.4596557617188,189800,0.0,0.0
2010-01-28 00:00:00+09:00,661.8876826778338,684.0220064782792,660.4596617874826,672.5978393554688,204100,0.0,0.0
2010-01-29 00:00:00+09:00,661.8876766390414,670.4558019029771,654.7475722524282,660.4596557617188,132000,0.0,0.0
2010-02-01 00:00:00+09:00,648.3215856520925,661.1737756760326,628.3292900592967,654.7476806640625,159600,0.0,0.0
2010-02-02 00:00:00+09:00,651.8916481281149,664.743838343127,645.4655530206088,662.601806640625,66800,0.0,0.0
2010-02-03 00:00:00+09:00,656.8896379593616,676.8819312885596,656.8896379593616,665.457763671875,113900,0.0,0.0
2010-02-04 00:00:00+09:00,655.4614743671185,659.7455362910866,638.3252266712461,647.6073608398438,141000,0.0,0.0
2010-02-05 00:00:00+09:00,631.8993023463657,646.1795125688825,627.6152392796107,639.75341796875,154500,0.0,0.0
2010-02-08 00:00:00+09:00,641.1814389910016,644.7514915466309,634.7553443908691,639.75341796875,124600,0.0,0.0
2010-02-09 00:00:00+09:00,629.043173009699,641.8953604264692,621.1890584772283,628.3291625976562,111500,0.0,0.0
2010-02-10 00:00:00+09:00,629.043290899637,629.043290899637,614.049069436649,616.1911010742188,128700,0.0,0.0
2010-02-12 00:00:00+09:00,617.6192412695764,621.9033053708682,609.7651237505413,618.333251953125,92800,0.0,0.0
2010-02-15 00:00:00+09:00,616.9049657216111,616.9049657216111,599.7687166737886,600.4827270507812,73100,0.0,0.0
2010-02-16 00:00:00+09:00,610.4790368159423,610.4790368159423,599.7688782753117,601.1968994140625,48500,0.0,0.0
2010-02-17 00:00:00+09:00,611.9071558011872,624.7593481050627,611.9071558011872,618.333251953125,103900,0.0,0.0
2010-02-18 00:00:00+09:00,621.9029940683907,628.3290870036554,612.620859828564,622.6170043945312,66400,0.0,0.0
2010-02-19 00:00:00+09:00,627.6151798973399,640.4673678815857,583.3465323960485,604.766845703125,118800,0.0,0.0
2010-02-22 00:00:00+09:00,610.4789352416992,627.6151860555013,610.4789352416992,616.905029296875,60100,0.0,0.0
2010-02-23 00:00:00+09:00,615.4769872764632,631.1852166501084,602.6247996071171,617.6190185546875,71400,0.0,0.0
2010-02-24 00:00:00+09:00,610.4789029909799,613.3349446423997,601.1967676238656,609.764892578125,56800,0.0,0.0
2010-02-25 00:00:00+09:00,606.194882674956,614.0489977626174,601.910819899868,608.3369140625,88400,0.0,0.0
2010-02-26 00:00:00+09:00,601.910803928848,609.7649188081094,599.7687725981405,604.766845703125,70500,0.0,0.0
2010-03-01 00:00:00+09:00,615.4770962193243,621.9031911914518,605.4809484849037,611.9070434570312,56100,0.0,0.0
2010-03-02 00:00:00+09:00,614.7629843025564,616.1910051720165,604.7668382163359,611.1929321289062,74900,0.0,0.0
2010-03-03 00:00:00+09:00,611.9069425636363,620.4750677803967,606.9088695205261,611.1929321289062,65100,0.0,0.0
2010-03-04 00:00:00+09:00,604.766786982098,606.9088181048209,594.0566313684834,602.624755859375,81700,0.0,0.0
2010-03-05 00:00:00+09:00,602.6247884495755,616.1909862938195,602.6247884495755,609.764892578125,54200,0.0,0.0
2010-03-08 00:00:00+09:00,624.7590942382812,635.469250139509,621.1890422712054,624.7590942382812,61700,0.0,0.0
2010-03-09 00:00:00+09:00,620.475228881836,623.3312713623047,606.9090270996094,614.0491333007812,81500,0.0,0.0
2010-03-10 00:00:00+09:00,609.764908778376,620.475065255748,609.764908778376,613.3349609375,45000,0.0,0.0
2010-03-11 00:00:00+09:00,614.7629325077452,624.0450673772001,614.7629325077452,621.1890258789062,31400,0.0,0.0
2010-03-12 00:00:00+09:00,626.1872860601617,629.0433284139139,614.049106056715,619.0471801757812,101600,0.0,0.0
2010-03-15 00:00:00+09:00,626.1871736218012,631.899257303642,618.3330585592701,626.9011840820312,36000,0.0,0.0
2010-03-16 00:00:00+09:00,624.7590353729528,629.043097329796,621.9029940683907,622.6170043945312,34400,0.0,0.0
2010-03-17 00:00:00+09:00,624.7590777517736,626.1870985009205,611.9068910094513,621.1890258789062,48500,0.0,0.0
2010-03-18 00:00:00+09:00,618.3330662489212,635.4693175075518,618.3330662489212,620.47509765625,57700,0.0,0.0
2010-03-19 00:00:00+09:00,621.9030752873075,646.1794295465136,619.7610440291423,640.4673461914062,139700,0.0,0.0
2010-03-23 00:00:00+09:00,647.6075680754905,663.3158001567042,634.7553781908612,644.7515258789062,130400,0.0,0.0
2010-03-24 00:00:00+09:00,644.75145403259,647.6074959109181,631.1852551105311,636.8973388671875,86400,0.0,0.0
2010-03-25 00:00:00+09:00,642.609465524052,642.609465524052,633.3273287998156,635.4693603515625,77500,0.0,0.0
2010-03-26 00:00:00+09:00,646.1795469771984,647.6075680754905,622.6171988553779,644.7515258789062,125000,0.0,0.0
2010-03-29 00:00:00+09:00,640.7958074992135,648.7068668510557,630.7271865059599,642.953369140625,126100,6.5,0.0
2010-03-30 00:00:00+09:00,645.1110229492188,650.1453341650989,630.0080893015781,645.1110229492188,109100,0.0,0.0
2010-03-31 00:00:00+09:00,655.898813760634,661.6523121269553,648.7069408027323,655.1796264648438,126000,0.0,0.0
2010-04-01 00:00:00+09:00,658.0563756480045,660.213937535375,645.8301916195716,655.1796264648438,74500,0.0,0.0
2010-04-02 00:00:00+09:00,661.6523019891035,661.6523019891035,652.3028672870837,655.8988037109375,51700,0.0,0.0
2010-04-05 00:00:00+09:00,655.898845631412,670.2825922461359,655.898845631412,665.9674682617188,73500,0.0,0.0
2010-04-06 00:00:00+09:00,655.8988345286886,670.2825808999316,653.0220852544398,658.056396484375,87000,0.0,0.0
2010-04-07 00:00:00+09:00,655.8988037109375,670.2825494063528,651.5836800023129,655.8988037109375,67500,0.0,0.0
2010-04-08 00:00:00+09:00,649.4262492314595,654.4605612410056,640.7960000722373,646.5494995117188,63500,0.0,0.0
2010-04-09 00:00:00+09:00,637.9191306435602,653.7412511330284,637.1999433485843,650.864501953125,72600,0.0,0.0
2010-04-12 00:00:00+09:00,659.4948010981478,659.4948010981478,647.9878034781146,651.583740234375,62900,0.0,0.0
2010-04-13 00:00:00+09:00,655.1795517752902,655.1795517752902,637.1998714301943,642.953369140625,47600,0.0,0.0
2010-04-14 00:00:00+09:00,647.2685950142998,647.9877823420934,637.9191597529821,644.391845703125,38800,0.0,0.0
2010-04-15 00:00:00+09:00,643.6726083025154,652.3028555646721,642.2342337588227,647.9877319335938,28300,0.0,0.0
2010-04-16 00:00:00+09:00,646.5494480520555,646.5494480520555,634.3232627162546,637.2000122070312,45100,0.0,0.0
2010-04-19 00:00:00+09:00,637.9190515494247,698.3307768370817,637.9190515494247,687.54296875,575800,0.0,0.0
2010-04-20 00:00:00+09:00,681.7895715537192,697.6116924125607,665.2482633831121,684.6663208007812,323900,0.0,0.0
2010-04-21 00:00:00+09:00,697.6115861175754,715.5912661721521,687.5429652870124,709.8377685546875,220300,0.0,0.0
2010-04-22 00:00:00+09:00,719.1872411920118,749.3931053220763,714.8721177448598,742.2012329101562,569900,0.0,0.0
2010-04-23 00:00:00+09:00,724.2216322417452,756.5850616865104,724.2216322417452,749.3931884765625,194700,0.0,0.0
2010-04-26 00:00:00+09:00,756.5849112778648,775.2837779064051,751.5506010317193,760.1808471679688,144200,0.0,0.0
2010-04-27 00:00:00+09:00,750.1123669954274,760.9001766837604,747.9548050577607,758.7426147460938,93000,0.0,0.0
2010-04-28 00:00:00+09:00,730.6941477015398,745.7970779197803,729.2557733950407,744.3587036132812,131300,0.0,0.0
2010-04-30 00:00:00+09:00,759.4618950497788,814.1201374965432,755.8659580467022,812.6817626953125,372800,0.0,0.0
2010-05-06 00:00:00+09:00,791.8253895358968,797.5788891873838,765.9346411042053,773.845703125,285500,0.0,0.0
2010-05-07 00:00:00+09:00,733.5709639398085,746.5163338916875,729.2558406225155,735.0093383789062,155200,0.0,0.0
2010-05-10 00:00:00+09:00,719.1872293171523,747.9547184898383,712.714544253298,734.2901611328125,135500,0.0,0.0
2010-05-11 00:00:00+09:00,755.8659125638295,762.3385987798852,705.5227975500636,716.3106079101562,223000,0.0,0.0
2010-05-12 00:00:00+09:00,714.1531377704327,747.9549479166667,694.7350766225961,701.207763671875,203900,0.0,0.0
2010-05-13 00:00:00+09:00,711.9953656619823,745.077978611933,706.241867757643,729.255859375,165800,0.0,0.0
2010-05-14 00:00:00+09:00,726.3791894433004,732.1326879735444,709.8378811688491,714.8721923828125,101800,0.0,0.0
2010-05-17 00:00:00+09:00,704.0843591156954,712.7146066227315,686.1046768093702,694.7349243164062,135000,0.0,0.0
2010-05-18 00:00:00+09:00,694.7350463867188,704.084482828776,677.4745483398438,686.1047973632812,170200,0.0,0.0
2010-05-19 00:00:00+09:00,681.7896420414836,681.7896420414836,663.0907700023712,675.3169555664062,92000,0.0,0.0
2010-05-20 00:00:00+09:00,674.597694496921,675.316881804487,653.7412625775066,658.7755737304688,94800,0.0,0.0
2010-05-21 00:00:00+09:00,637.1999418764873,643.6726275163162,633.6040054099157,642.2342529296875,118700,0.0,0.0
2010-05-24 00:00:00+09:00,637.1999814475244,643.6726674893164,621.3778600120328,635.0424194335938,111900,0.0,0.0
2010-05-25 00:00:00+09:00,633.603999139007,633.603999139007,599.8021966877774,607.7132568359375,86300,0.0,0.0
2010-05-26 00:00:00+09:00,612.0285037131811,619.9395654533045,579.6650693217673,594.7680053710938,134100,0.0,0.0
2010-05-27 00:00:00+09:00,588.2951506845194,617.0626397155472,587.5759634587437,606.9940185546875,123200,0.0,0.0
2010-05-28 00:00:00+09:00,619.9396561056583,640.0769071160508,604.8367178478637,622.81640625,123600,0.0,0.0
2010-05-31 00:00:00+09:00,622.8162030338691,632.8848252538162,617.0627046224708,624.2545776367188,111200,0.0,0.0
2010-06-01 00:00:00+09:00,623.5353685925891,623.5353685925891,614.9051212764286,617.0626831054688,56800,0.0,0.0
2010-06-02 00:00:00+09:00,606.2748413085938,620.6585860608735,605.5556540709797,606.2748413085938,71400,0.0,0.0
2010-06-03 00:00:00+09:00,617.0627755892478,639.357584497484,616.3435882051112,636.4808349609375,67600,0.0,0.0
2010-06-04 00:00:00+09:00,640.7959079656126,647.2685939046593,631.4464727203231,635.7615966796875,62400,0.0,0.0
2010-06-07 00:00:00+09:00,624.9736991990799,624.9736991990799,601.9597079742576,606.9940185546875,99100,0.0,0.0
2010-06-08 00:00:00+09:00,596.2063500048712,617.7819718385819,594.0487878215001,605.5557861328125,69300,0.0,0.0
2010-06-09 00:00:00+09:00,604.8365566133002,606.2749313020358,586.8568730041059,591.1719970703125,80800,0.0,0.0
2010-06-10 00:00:00+09:00,597.6447247937853,608.4325357106405,593.3296004270431,605.5557861328125,89600,0.0,0.0
2010-06-11 00:00:00+09:00,625.6929312811958,646.5493623239023,619.9394330625181,621.3778076171875,117900,0.0,0.0
2010-06-14 00:00:00+09:00,627.8505660543107,639.357563828502,625.6930039716498,633.6040649414062,40500,0.0,0.0
2010-06-15 00:00:00+09:00,632.8847756239335,640.0766480742054,626.4120904186886,632.1655883789062,43200,0.0,0.0
2010-06-16 00:00:00+09:00,650.864552476671,655.8988639322916,642.2343042670356,647.2686157226562,65300,0.0,0.0
2010-06-17 00:00:00+09:00,650.1453021625141,665.2482350667317,635.7615565394495,638.6383056640625,56000,0.0,0.0
2010-06-18 00:00:00+09:00,632.1656193116895,638.6383048336521,625.6929337897268,634.3231811523438,35200,0.0,0.0
2010-06-21 00:00:00+09:00,640.0766910497446,650.8645004494593,639.3575037564302,642.2342529296875,56600,0.0,0.0
2010-06-22 00:00:00+09:00,640.7958162774362,646.5493140666837,632.8847568172209,637.9190673828125,68200,0.0,0.0
2010-06-23 00:00:00+09:00,627.1315314665127,629.2890940747691,618.5012810334873,622.81640625,64400,0.0,0.0
2010-06-24 00:00:00+09:00,617.7820027197774,630.0081890366997,611.3093158461128,620.6587524414062,27100,0.0,0.0
2010-06-25 00:00:00+09:00,612.0284416553375,614.905191087325,599.0830692113938,603.398193359375,49800,0.0,0.0
2010-06-28 00:00:00+09:00,604.1173163103911,606.2748781543568,564.5620158376869,586.1376342773438,81400,0.0,0.0
2010-06-29 00:00:00+09:00,591.8912352010442,610.5901077590358,580.3842367038186,583.260986328125,40300,0.0,0.0
2010-06-30 00:00:00+09:00,562.4045713417503,573.9115702438833,560.9661964789836,573.1923828125,71900,0.0,0.0
2010-07-01 00:00:00+09:00,573.9116540857264,574.6308416221746,558.0895282838642,558.8087158203125,63800,0.0,0.0
2010-07-02 00:00:00+09:00,553.0551249186198,568.8772481282551,553.0551249186198,560.9661865234375,41000,0.0,0.0
2010-07-05 00:00:00+09:00,557.3701104228983,571.03466796875,557.3701104228983,571.03466796875,25700,0.0,0.0
2010-07-06 00:00:00+09:00,581.8225205629991,593.3295172614021,560.9660890471438,585.41845703125,71400,0.0,0.0
2010-07-07 00:00:00+09:00,591.17186661349,591.17186661349,558.8084432587368,565.2811279296875,117000,0.0,0.0
2010-07-08 00:00:00+09:00,576.7881799181935,589.0143632830429,576.7881799181935,587.5759887695312,55800,0.0,0.0
2010-07-09 00:00:00+09:00,594.7679241626771,611.3092328153272,589.7336128336098,596.206298828125,83400,0.0,0.0
2010-07-12 00:00:00+09:00,594.7678522647005,606.994035443056,591.1719160357725,592.6102905273438,42300,0.0,0.0
2010-07-13 00:00:00+09:00,592.6104022388201,600.5214634337559,588.2952779506734,589.0144653320312,54800,0.0,0.0
2010-07-14 00:00:00+09:00,599.8022589797195,637.919189106728,597.6446968970586,633.6040649414062,240000,0.0,0.0
2010-07-15 00:00:00+09:00,632.8847983589385,650.8644801304993,624.9737383794518,643.672607421875,225400,0.0,0.0
2010-07-16 00:00:00+09:00,634.3234068273672,639.3577195799654,611.3094056726328,622.81640625,194000,0.0,0.0
2010-07-21 00:00:00+09:00,626.4121202442743,637.1999294333261,623.5353711271939,630.008056640625,120700,0.0,0.0
2010-07-22 00:00:00+09:00,647.2684503022857,650.8643861372984,606.9939689501435,610.5899047851562,293200,0.0,0.0
2010-07-23 00:00:00+09:00,642.9534516461129,650.8645120131231,626.4121436060003,650.1453247070312,330600,0.0,0.0
2010-07-26 00:00:00+09:00,656.6180943610944,717.029835791907,656.6180943610944,709.1187744140625,456400,0.0,0.0
2010-07-27 00:00:00+09:00,701.9267230448298,709.1185952071744,681.789480990265,686.8237915039062,362500,0.0,0.0
2010-07-28 00:00:00+09:00,694.01565010666,710.5569557568706,693.296462904477,709.8377685546875,193000,0.0,0.0
2010-07-29 00:00:00+09:00,708.3996381710738,715.5915126702724,693.2967017227564,701.207763671875,125900,0.0,0.0
2010-07-30 00:00:00+09:00,690.4198192949054,695.4541304772641,676.036073059595,684.6663208007812,171000,0.0,0.0
2010-08-02 00:00:00+09:00,676.7552708991518,696.1733286188937,676.0360835761984,688.2622680664062,186200,0.0,0.0
2010-08-03 00:00:00+09:00,701.9269103057136,706.9612221624144,688.2623495518114,695.4542236328125,137000,0.0,0.0
2010-08-04 00:00:00+09:00,686.1046839196167,687.5430585190289,669.5633760263764,676.7552490234375,120300,0.0,0.0
2010-08-05 00:00:00+09:00,684.6662497745606,694.0156838576166,676.0360029286628,685.3854370117188,100300,0.0,0.0
2010-08-06 00:00:00+09:00,684.6663093202045,684.6663093202045,669.5633760263764,676.7552490234375,90100,0.0,0.0
2010-08-09 00:00:00+09:00,665.9674677309782,672.4401537024456,657.3372197690218,661.65234375,71100,0.0,0.0
2010-08-10 00:00:00+09:00,661.6523019891035,667.4058002672697,649.4261181480006,655.8988037109375,78500,0.0,0.0
2010-08-11 00:00:00+09:00,647.987738622378,647.987738622378,624.254558406464,630.008056640625,137400,0.0,0.0
2010-08-12 00:00:00+09:00,619.2203776516463,625.6930645260538,594.768005014996,616.3436279296875,143700,0.0,0.0
2010-08-13 00:00:00+09:00,611.3090919521587,614.185840620169,601.9596587811258,610.5899047851562,64500,0.0,0.0
2010-08-16 00:00:00+09:00,601.2404587046912,609.1515173718582,591.1718385828423,602.6788330078125,99200,0.0,0.0
2010-08-17 00:00:00+09:00,592.6103206360384,594.7678824830142,585.4184478127854,590.4527587890625,63800,0.0,0.0
2010-08-18 00:00:00+09:00,596.2064320433373,597.6448070301728,581.103494681564,586.8569946289062,98100,0.0,0.0
2010-08-19 00:00:00+09:00,589.733534843472,607.7132157838217,589.733534843472,606.2748413085938,136600,0.0,0.0
2010-08-20 00:00:00+09:00,604.1174113438984,622.8162835997811,596.9255373993283,605.5557861328125,176300,0.0,0.0
2010-08-23 00:00:00+09:00,597.6447554795326,600.5215052050659,573.1923828125,573.1923828125,155000,0.0,0.0
2010-08-24 00:00:00+09:00,564.561917806409,568.8770407450568,557.3700462419962,558.0892333984375,91000,0.0,0.0
2010-08-25 00:00:00+09:00,553.0551249186198,557.3702494303385,542.9865010579426,548.0208129882812,88900,0.0,0.0
2010-08-26 00:00:00+09:00,548.7399090935202,554.4934074850644,542.9864107019761,550.1782836914062,95900,0.0,0.0
2010-08-27 00:00:00+09:00,548.0206438292282,562.4043877617539,545.8630822393493,560.246826171875,84900,0.0,0.0
2010-08-30 00:00:00+09:00,572.4731954581819,578.2266949100228,565.2813211433806,568.8772583007812,90600,0.0,0.0
2010-08-31 00:00:00+09:00,561.6852260346108,563.8427877223238,540.109609157481,540.8287963867188,81900,0.0,0.0
2010-09-01 00:00:00+09:00,542.9864401035207,546.582376792948,535.0753793867807,543.7056274414062,89100,0.0,0.0
2010-09-02 00:00:00+09:00,558.8083652881307,559.5275523734437,543.7054364965596,548.73974609375,74300,0.0,0.0
2010-09-03 00:00:00+09:00,547.3016860485077,556.6511235237122,540.1098110675812,552.3359985351562,64100,0.0,0.0
2010-09-06 00:00:00+09:00,554.4933702015664,568.1579279626945,551.6166211992237,566.0003662109375,66900,0.0,0.0
2010-09-07 00:00:00+09:00,568.157988681378,574.630674628381,558.8085534245959,561.685302734375,88600,0.0,0.0
2010-09-08 00:00:00+09:00,553.0549002465629,553.0549002465629,546.5822161084367,550.8973388671875,75000,0.0,0.0
2010-09-09 00:00:00+09:00,558.0895282838642,563.1238410390022,550.1784653829332,558.8087158203125,80300,0.0,0.0
2010-09-10 00:00:00+09:00,557.370289756209,567.4389143453534,557.370289756209,562.4046020507812,88200,0.0,0.0
2010-09-13 00:00:00+09:00,567.4387693256912,567.4387693256912,554.4933981623674,555.2125854492188,79400,0.0,0.0
2010-09-14 00:00:00+09:00,560.9660939019941,560.9660939019941,549.4590971040045,554.493408203125,43100,0.0,0.0
2010-09-16 00:00:00+09:00,573.9114259673801,574.6306132179658,560.9660554568377,566.0003662109375,59700,0.0,0.0
2010-09-17 00:00:00+09:00,568.158119800044,589.7337446025773,560.9662448658662,586.8569946289062,115000,0.0,0.0
2010-09-21 00:00:00+09:00,606.2750148121903,606.2750148121903,582.5418291789729,589.7337036132812,112200,0.0,0.0
2010-09-22 00:00:00+09:00,591.8911426741017,594.0487045550523,578.9457713883984,585.41845703125,54400,0.0,0.0
2010-09-24 00:00:00+09:00,576.78816696167,586.1376010894775,573.1922307586669,575.3497924804688,98900,0.0,0.0
2010-09-27 00:00:00+09:00,582.5417284977174,588.2952270507812,578.2266045829194,588.2952270507812,54900,0.0,0.0
2010-09-28 00:00:00+09:00,597.0106264702893,597.0106264702893,581.0322398737609,586.1162719726562,60400,8.0,0.0
2010-09-29 00:00:00+09:00,589.0214136041747,592.6528649827453,579.5796400198907,591.9265747070312,61100,0.0,0.0
2010-09-30 00:00:00+09:00,587.5689162247127,593.3792392528927,576.674560546875,576.674560546875,69200,0.0,0.0
2010-10-01 00:00:00+09:00,577.4009887223998,578.1272792742519,562.1488871335063,564.3277587890625,72400,0.0,0.0
2010-10-04 00:00:00+09:00,559.9699931773105,579.5798372963602,551.980797425105,562.1488647460938,97800,0.0,0.0
2010-10-05 00:00:00+09:00,556.3384938866201,578.1272077464095,554.1596225006411,575.2220458984375,80900,0.0,0.0
2010-10-06 00:00:00+09:00,576.6745707451543,577.4008611365209,567.959086048754,573.7694091796875,49700,0.0,0.0
2010-10-07 00:00:00+09:00,571.5906265586727,576.6746600858783,566.5065930314673,574.4957885742188,52000,0.0,0.0
2010-10-08 00:00:00+09:00,574.4955828660534,578.1270340851814,560.6960682333669,562.8749389648438,72600,0.0,0.0
2010-10-12 00:00:00+09:00,559.9698998340754,564.3276422452354,543.2652205912949,545.444091796875,108700,0.0,0.0
2010-10-13 00:00:00+09:00,551.2542630216866,559.9697454410018,549.0753924168578,554.159423828125,87500,0.0,0.0
2010-10-14 00:00:00+09:00,560.6960778539437,565.7801096479561,557.0646265725063,559.9697875976562,76100,0.0,0.0
2010-10-15 00:00:00+09:00,554.159423828125,573.0429690699746,548.3491022152482,554.159423828125,68800,0.0,0.0
2010-10-18 00:00:00+09:00,551.9807817508013,574.4957873222155,550.5282007461939,566.506591796875,72800,0.0,0.0
2010-10-19 00:00:00+09:00,572.3168840504655,583.2112409803602,569.4117222024937,575.2220458984375,82600,0.0,0.0
2010-10-20 00:00:00+09:00,564.3275464424163,577.4007714565263,562.8749658852929,573.0430297851562,64600,0.0,0.0
2010-10-21 00:00:00+09:00,573.042959359976,576.6744103064904,563.6011868990385,575.9481201171875,65700,0.0,0.0
2010-10-22 00:00:00+09:00,580.306111340645,582.484982847556,559.2436867738381,566.506591796875,147700,0.0,0.0
2010-10-25 00:00:00+09:00,565.7800999401461,570.1378414030997,560.6960682333669,562.8749389648438,51400,0.0,0.0
2010-10-26 00:00:00+09:00,563.6012917758526,589.7477434561757,563.6012917758526,580.3059692382812,148100,0.0,0.0
2010-10-27 00:00:00+09:00,591.2003304670848,599.1895241220453,582.4848464798549,596.2843627929688,104500,0.0,0.0
2010-10-28 00:00:00+09:00,606.4524024201357,611.5364345362327,597.0106284902414,603.5472412109375,160000,0.0,0.0
2010-10-29 00:00:00+09:00,597.7369434575071,600.6421047865837,582.4848464798549,596.2843627929688,75200,0.0,0.0
2010-11-01 00:00:00+09:00,587.5689366470149,591.9266790696132,583.9374846281829,588.2952270507812,49100,0.0,0.0
2010-11-02 00:00:00+09:00,582.4849327698142,582.4849327698142,567.959123972562,571.590576171875,59600,0.0,0.0
2010-11-04 00:00:00+09:00,579.5796578756192,597.0106250297732,577.40078698135,595.5580444335938,105300,0.0,0.0
2010-11-05 00:00:00+09:00,602.8208431708216,613.7151957582461,602.0945529983265,608.6311645507812,98400,0.0,0.0
2010-11-08 00:00:00+09:00,613.7153600237331,619.525682958869,607.9050370885972,614.441650390625,110600,0.0,0.0
2010-11-09 00:00:00+09:00,604.2737540971395,613.7155315049073,603.5474635273112,609.3577880859375,119900,0.0,0.0
2010-11-10 00:00:00+09:00,610.8101559200802,618.7993493982264,609.35757528769,618.0730590820312,61900,0.0,0.0
2010-11-11 00:00:00+09:00,619.525682958869,621.704554059545,610.0839081892731,614.441650390625,64300,0.0,0.0
2010-11-12 00:00:00+09:00,608.6313015864446,616.6204952826866,601.3683982262245,604.2735595703125,67700,0.0,0.0
2010-11-15 00:00:00+09:00,604.2735675535077,615.1679227377656,603.5472772078905,610.8101806640625,46800,0.0,0.0
2010-11-16 00:00:00+09:00,613.7152954832522,614.4415857737649,604.2735217065868,606.452392578125,52800,0.0,0.0
2010-11-17 00:00:00+09:00,595.557941445872,611.5363252407611,591.9264905833971,608.6311645507812,52900,0.0,0.0
2010-11-18 00:00:00+09:00,608.6313274554891,615.894231124409,604.2735852541372,614.441650390625,52900,0.0,0.0
2010-11-19 00:00:00+09:00,616.6204566453031,616.6204566453031,604.2735217065868,606.452392578125,50500,0.0,0.0
2010-11-22 00:00:00+09:00,610.0838932520907,623.8834098851737,604.9998608083232,618.7993774414062,92800,0.0,0.0
2010-11-24 00:00:00+09:00,607.9051130022322,617.3468889508928,602.0947893415179,610.083984375,145800,0.0,0.0
2010-11-25 00:00:00+09:00,612.989240935079,615.1681126445638,605.0000446669678,609.3577880859375,160300,0.0,0.0
2010-11-26 00:00:00+09:00,607.1789218259969,613.7155370131188,606.45263124965,607.9052124023438,132100,0.0,0.0
2010-11-29 00:00:00+09:00,616.620552337427,623.1571659664456,603.5473250793897,605.7261962890625,216300,0.0,0.0
2010-11-30 00:00:00+09:00,606.4525303305705,613.7154348854277,597.737044864742,602.0947875976562,121400,0.0,0.0
2010-12-01 00:00:00+09:00,599.1895141601562,602.0946754409327,592.6529012784091,599.1895141601562,50700,0.0,0.0
2010-12-02 00:00:00+09:00,611.5364172660323,628.241093747171,610.0838367024551,626.7885131835938,189700,0.0,0.0
2010-12-03 00:00:00+09:00,648.5772962139092,658.745361328125,641.3143925608979,658.745361328125,253200,0.0,0.0
2010-12-06 00:00:00+09:00,654.3875619393807,675.4499806921466,654.3875619393807,666.7344970703125,153900,0.0,0.0
2010-12-07 00:00:00+09:00,660.9244216160221,666.008455628453,631.8727986878454,657.29296875,189700,0.0,0.0
2010-12-08 00:00:00+09:00,660.1978829257854,677.6288501317467,650.7561090225564,676.17626953125,185900,0.0,0.0
2010-12-09 00:00:00+09:00,676.9025681515958,684.8917615525266,670.365955369016,682.712890625,283800,0.0,0.0
2010-12-10 00:00:00+09:00,679.8077309617719,681.9866018943417,668.913376298923,673.2711181640625,83100,0.0,0.0
2010-12-13 00:00:00+09:00,666.7344307362841,680.5339450979284,666.008140506724,677.6287841796875,109300,0.0,0.0
2010-12-14 00:00:00+09:00,673.2711472070517,693.6072767882788,673.2711472070517,691.4284057617188,170500,0.0,0.0
2010-12-15 00:00:00+09:00,702.3228022257487,714.6697387695312,700.1439310709635,714.6697387695312,267200,0.0,0.0
2010-12-16 00:00:00+09:00,707.4068474177756,730.6481401460803,707.4068474177756,719.7537841796875,253600,0.0,0.0
2010-12-17 00:00:00+09:00,716.1223877198987,722.6590018065915,714.6698068117447,721.2064208984375,129400,0.0,0.0
2010-12-20 00:00:00+09:00,718.301213628736,723.3852464855623,713.9434711800279,716.8486328125,125600,0.0,0.0
2010-12-21 00:00:00+09:00,713.9433905980096,727.7429067947159,708.1330679888702,722.6588745117188,136200,0.0,0.0
2010-12-22 00:00:00+09:00,712.4908185956889,716.8485606054485,697.9650118964904,702.32275390625,220900,0.0,0.0
2010-12-24 00:00:00+09:00,695.0598704603591,701.5964836621806,667.460836941557,696.512451171875,141300,0.0,0.0
2010-12-27 00:00:00+09:00,685.6181308049536,707.4068425890093,681.2603884481424,703.775390625,102100,0.0,0.0
2010-12-28 00:00:00+09:00,712.490782279124,721.9325561523438,708.8593307894241,721.9325561523438,127300,0.0,0.0
2010-12-29 00:00:00+09:00,716.8486049538792,733.5532836914062,715.3960241940943,733.5532836914062,150000,0.0,0.0
2010-12-30 00:00:00+09:00,737.1845970227027,762.604755540727,718.3010506950276,756.79443359375,143500,0.0,0.0
2011-01-04 00:00:00+09:00,769.8676544369321,770.5939446769669,739.3634643554688,739.3634643554688,224000,0.0,0.0
2011-01-05 00:00:00+09:00,733.5532735790727,744.4476291272767,728.4692409899108,736.4584350585938,145600,0.0,0.0
2011-01-06 00:00:00+09:00,737.1846495983647,744.4475525500727,733.5531981225107,740.8161010742188,221300,0.0,0.0
2011-01-07 00:00:00+09:00,744.4475525500727,745.9001331404144,738.6372301887063,740.8161010742188,127000,0.0,0.0
2011-01-11 00:00:00+09:00,735.0059430803572,739.3636858258928,724.8378766741071,737.184814453125,115100,0.0,0.0
2011-01-12 00:00:00+09:00,747.3528790720906,747.3528790720906,727.0167463082241,729.1956176757812,111300,0.0,0.0
2011-01-13 00:00:00+09:00,734.2794567289806,737.1846177842882,726.2902638268849,732.1005859375,131900,0.0,0.0
2011-01-14 00:00:00+09:00,731.3744662320101,732.8270470984094,725.5641427664132,727.0167236328125,160200,0.0,0.0
2011-01-17 00:00:00+09:00,727.7427978515625,737.18457067798,727.0165076341458,727.7427978515625,77100,0.0,0.0
2011-01-18 00:00:00+09:00,728.4692611542657,733.553293884156,725.5640995943285,730.6481323242188,81000,0.0,0.0
2011-01-19 00:00:00+09:00,733.5532912983393,743.7213567222767,732.8270009109152,740.0899047851562,114700,0.0,0.0
2011-01-20 00:00:00+09:00,735.0059395259001,735.7322299799771,719.7538399902836,721.2064208984375,143700,0.0,0.0
2011-01-21 00:00:00+09:00,722.6588646141258,726.2903161951014,696.5124132311022,698.6912841796875,174400,0.0,0.0
2011-01-24 00:00:00+09:00,697.2387422113429,713.9434204101562,692.8810000725219,713.9434204101562,115700,0.0,0.0
2011-01-25 00:00:00+09:00,724.1113233603979,740.0897076271269,719.0272920028024,735.0056762695312,168700,0.0,0.0
2011-01-26 00:00:00+09:00,745.9000947316488,748.0789655049642,692.1546156565348,697.2386474609375,552900,0.0,0.0
2011-01-27 00:00:00+09:00,697.9648860787747,703.7752077110641,690.7019840384128,694.3334350585938,249900,0.0,0.0
2011-01-28 00:00:00+09:00,695.7861630074822,696.5124533655276,676.902613698302,687.0706787109375,309800,0.0,0.0
2011-01-31 00:00:00+09:00,673.2710803616432,683.4391441427251,662.376726310484,675.449951171875,222800,0.0,0.0
2011-02-01 00:00:00+09:00,681.9866119417829,681.9866119417829,666.7345151890913,670.365966796875,135400,0.0,0.0
2011-02-02 00:00:00+09:00,674.723793112176,680.5341164113121,669.6397602254319,672.544921875,211000,0.0,0.0
2011-02-03 00:00:00+09:00,676.1763433200209,684.8918278740921,672.5448914224913,681.2603759765625,109100,0.0,0.0
2011-02-04 00:00:00+09:00,687.0706309331551,694.3335340085586,684.1654697029938,692.1546630859375,130000,0.0,0.0
2011-02-07 00:00:00+09:00,703.0490572261615,710.3119607099028,701.5964765294132,707.4067993164062,148700,0.0,0.0
2011-02-08 00:00:00+09:00,713.9434458771824,724.1115112304688,712.4908651124272,724.1115112304688,225900,0.0,0.0
2011-02-09 00:00:00+09:00,726.2903564701488,729.1955178960294,712.490839697216,713.9434204101562,187000,0.0,0.0
2011-02-10 00:00:00+09:00,711.038160591048,717.5747728947451,695.0597749597886,716.1221923828125,146700,0.0,0.0
2011-02-14 00:00:00+09:00,724.1113851984422,724.1113851984422,711.7644508470144,716.1221923828125,98100,0.0,0.0
2011-02-15 00:00:00+09:00,716.1221923828125,719.0273534066778,712.4907411029808,716.1221923828125,111000,0.0,0.0
2011-02-16 00:00:00+09:00,716.1222864451141,721.2063189046637,713.9434153910215,715.39599609375,111000,0.0,0.0
2011-02-17 00:00:00+09:00,719.0273767052815,719.7536669847818,713.9433447487795,718.3010864257812,103200,0.0,0.0
2011-02-18 00:00:00+09:00,720.4801304443605,722.6590018065915,718.3012590821296,721.2064208984375,104200,0.0,0.0
2011-02-21 00:00:00+09:00,721.2063775377904,727.0167008210758,717.5749254857371,724.8378295898438,91500,0.0,0.0
2011-02-22 00:00:00+09:00,724.8376369818956,732.1005391560628,722.6587663296455,727.7427978515625,170400,0.0,0.0
2011-02-23 00:00:00+09:00,721.9327113525145,730.6481968014382,718.3012590821296,721.2064208984375,273500,0.0,0.0
2011-02-24 00:00:00+09:00,718.3011829552283,718.3011829552283,704.5016657902645,708.1331176757812,226500,0.0,0.0
2011-02-25 00:00:00+09:00,708.1329948023746,720.4799290707236,708.1329948023746,717.5747680664062,105200,0.0,0.0
2011-02-28 00:00:00+09:00,721.2062319800967,736.4583275204612,719.7536514524429,732.1005859375,136600,0.0,0.0
2011-03-01 00:00:00+09:00,741.5424546485151,745.1739064342571,727.7429378626955,731.3743896484375,143000,0.0,0.0
2011-03-02 00:00:00+09:00,718.3010583174856,729.1954120836759,713.2170265599301,717.5747680664062,180200,0.0,0.0
2011-03-03 00:00:00+09:00,711.7644130683944,729.9216685038127,711.7644130683944,727.7427978515625,117500,0.0,0.0
2011-03-04 00:00:00+09:00,735.7322283269382,744.44771375628,735.005937874493,738.6373901367188,164500,0.0,0.0
2011-03-07 00:00:00+09:00,740.8160691034226,740.8160691034226,725.563973563058,732.1005859375,81900,0.0,0.0
2011-03-08 00:00:00+09:00,726.2901939422246,740.8159978210691,726.2901939422246,735.0056762695312,76600,0.0,0.0
2011-03-09 00:00:00+09:00,745.1738317741608,757.5207666086254,745.1738317741608,753.1630249023438,202400,0.0,0.0
2011-03-10 00:00:00+09:00,748.8053868611653,754.6157099405924,736.4584503173828,749.5316772460938,162400,0.0,0.0
2011-03-11 00:00:00+09:00,744.447688733117,747.3528504452463,728.4692993164062,728.4692993164062,223000,0.0,0.0
2011-03-14 00:00:00+09:00,630.420056640625,671.8186087472099,619.5257008231027,635.5040893554688,167500,0.0,0.0
2011-03-15 00:00:00+09:00,620.9783182413842,622.4308991027675,543.9915325880664,565.053955078125,318400,0.0,0.0
2011-03-16 00:00:00+09:00,574.4956417393298,597.01064160522,556.3383837829666,581.758544921875,283800,0.0,0.0
2011-03-17 00:00:00+09:00,565.0539341302566,608.6313583562404,565.0539341302566,588.2952270507812,159700,0.0,0.0
2011-03-18 00:00:00+09:00,612.9889521381818,627.5147566912193,610.8100814552263,622.4307250976562,102800,0.0,0.0
2011-03-22 00:00:00+09:00,644.2195789758179,656.5665156641932,639.1355462217809,651.4824829101562,143100,0.0,0.0
2011-03-23 00:00:00+09:00,672.5450070784395,672.5450070784395,643.4933869022651,649.3037109375,89100,0.0,0.0
2011-03-24 00:00:00+09:00,644.9457958435744,653.6612795711903,644.2195055329398,646.3983764648438,94300,0.0,0.0
2011-03-25 00:00:00+09:00,657.2928658995618,657.2928658995618,634.0515711937209,643.4933471679688,88700,0.0,0.0
2011-03-28 00:00:00+09:00,652.9350247317797,652.9350247317797,625.3359914283229,636.2303466796875,75600,0.0,0.0
2011-03-29 00:00:00+09:00,647.2506043799772,652.3933447098976,624.4756114903299,645.78125,100100,10.0,0.0
2011-03-30 00:00:00+09:00,656.0666387744732,668.5561492550622,643.5771282938841,667.8214721679688,80300,0.0,0.0
2011-03-31 00:00:00+09:00,672.9642336592715,687.6577758789062,664.1481083274907,687.6577758789062,86300,0.0,0.0
2011-04-01 00:00:00+09:00,690.5965155797289,690.5965155797289,664.1481383873138,665.6174926757812,65100,0.0,0.0
2011-04-04 00:00:00+09:00,666.352126664645,666.352126664645,650.9239076349234,655.3319702148438,67300,0.0,0.0
2011-04-05 00:00:00+09:00,653.8626623098687,656.8013709045199,628.8836392553344,636.965087890625,73700,0.0,0.0
2011-04-06 00:00:00+09:00,647.2505399975187,647.2505399975187,625.2102264902252,630.3529663085938,67300,0.0,0.0
2011-04-07 00:00:00+09:00,637.6998128641814,642.8425532905054,614.9248195476034,618.5982055664062,55300,0.0,0.0
2011-04-08 00:00:00+09:00,615.659477733006,637.6997931649752,613.4554461898091,628.8836669921875,65500,0.0,0.0
2011-04-11 00:00:00+09:00,625.944918706547,635.4957214567643,623.0062101680186,634.0263671875,36700,0.0,0.0
2011-04-12 00:00:00+09:00,623.0061699924698,628.883586690512,606.8432740728539,609.781982421875,63600,0.0,0.0
2011-04-13 00:00:00+09:00,609.7819308387418,620.0674091902387,603.9045146378865,611.9859619140625,56200,0.0,0.0
2011-04-14 00:00:00+09:00,612.7208170286367,629.6183935174361,609.7821080740629,625.9450073242188,44400,0.0,0.0
2011-04-15 00:00:00+09:00,625.2103300855753,635.4958114265836,625.2103300855753,625.9450073242188,52900,0.0,0.0
2011-04-18 00:00:00+09:00,631.8223757164501,642.8425334324347,625.9449582679249,628.8836669921875,42200,0.0,0.0
2011-04-19 00:00:00+09:00,620.0674438476562,631.8222769063796,615.659381450635,620.0674438476562,58000,0.0,0.0
2011-04-20 00:00:00+09:00,620.8020724890367,630.3528736042526,620.8020724890367,623.006103515625,60600,0.0,0.0
2011-04-21 00:00:00+09:00,636.9650514090401,655.3319790736607,624.4755405970982,642.8424682617188,118100,0.0,0.0
2011-04-22 00:00:00+09:00,647.9852263760752,669.2908630709801,646.5158721212541,661.944091796875,320800,0.0,0.0
2011-04-25 00:00:00+09:00,658.2707391036184,673.6989595513595,647.9852588051243,670.0255737304688,208700,0.0,0.0
2011-04-26 00:00:00+09:00,671.4949250373045,674.4336336807938,662.6787991068365,669.2908935546875,78700,0.0,0.0
2011-04-27 00:00:00+09:00,667.0868316887486,667.0868316887486,655.3319976501804,661.944091796875,88600,0.0,0.0
2011-04-28 00:00:00+09:00,663.4134491034464,667.0868347573968,658.2707091879158,662.6787719726562,69200,0.0,0.0
2011-05-02 00:00:00+09:00,662.6787325583144,667.8214721679688,654.5972846002862,667.8214721679688,57900,0.0,0.0
2011-05-06 00:00:00+09:00,664.8827818119325,664.8827818119325,647.9852083515188,657.5360107421875,41900,0.0,0.0
2011-05-09 00:00:00+09:00,649.454659755496,654.597400273922,641.3732103693982,651.65869140625,60800,0.0,0.0
2011-05-10 00:00:00+09:00,651.6585724289354,661.2093745051204,642.1077703527502,652.3932495117188,52800,0.0,0.0
2011-05-11 00:00:00+09:00,656.0666779325663,656.0666779325663,642.1078124446393,647.9852294921875,66500,0.0,0.0
2011-05-12 00:00:00+09:00,641.3731199462605,645.0465055129631,628.1489319061315,629.6182861328125,77500,0.0,0.0
2011-05-13 00:00:00+09:00,625.2101023817404,627.4141332949545,605.3738241628132,615.6593017578125,115300,0.0,0.0
2011-05-16 00:00:00+09:00,615.6594788765793,622.2715735184519,611.2514157819976,614.1901245117188,64100,0.0,0.0
2011-05-17 00:00:00+09:00,617.1288916308009,617.1288916308009,605.374055599738,613.4555053710938,49500,0.0,0.0
2011-05-18 00:00:00+09:00,613.4553594487897,625.9448697609208,613.4553594487897,622.271484375,50400,0.0,0.0
2011-05-19 00:00:00+09:00,628.1488915755285,632.5569539725498,617.8634126491456,620.0674438476562,57600,0.0,0.0
2011-05-20 00:00:00+09:00,616.3940460931688,630.352910069057,616.3940460931688,617.1287231445312,70200,0.0,0.0
2011-05-23 00:00:00+09:00,620.802138730704,629.6182637777673,609.0473053346196,609.781982421875,103800,0.0,0.0
2011-05-24 00:00:00+09:00,616.3940677575265,625.2101926837366,612.7206823716057,622.271484375,89400,0.0,0.0
2011-05-25 00:00:00+09:00,625.9447793528118,625.9447793528118,614.9246247867411,615.6593017578125,46900,0.0,0.0
2011-05-26 00:00:00+09:00,625.2102234527695,630.352963246153,622.2715149994075,629.6182861328125,57200,0.0,0.0
2011-05-27 00:00:00+09:00,630.3529663085938,636.230383243872,620.0674866718567,630.3529663085938,69500,0.0,0.0
2011-05-30 00:00:00+09:00,633.2916658761161,649.4545622209821,629.6182803431919,642.8424682617188,71000,0.0,0.0
2011-05-31 00:00:00+09:00,642.8424351895018,656.8012994964738,642.8424351895018,649.4545288085938,71200,0.0,0.0
2011-06-01 00:00:00+09:00,655.3318997051638,656.8012537403772,643.5770674234568,653.1278686523438,74400,0.0,0.0
2011-06-02 00:00:00+09:00,639.1691582419655,649.4546389493075,634.0264178882945,646.5159301757812,60000,0.0,0.0
2011-06-03 00:00:00+09:00,646.515822570448,656.8013015658869,635.4956665039062,635.4956665039062,83200,0.0,0.0
2011-06-06 00:00:00+09:00,630.3528831831577,634.7609453033197,621.5367589428338,625.2101440429688,42300,0.0,0.0
2011-06-07 00:00:00+09:00,625.9449306606833,642.1078279312644,623.0062220660323,636.965087890625,39600,0.0,0.0
2011-06-08 00:00:00+09:00,639.9038637290753,642.8425726325382,631.8224142445519,638.4345092773438,25000,0.0,0.0
2011-06-09 00:00:00+09:00,631.0876280235658,631.0876280235658,620.8021486378499,626.6795654296875,48900,0.0,0.0
2011-06-10 00:00:00+09:00,627.4142301489804,636.2303551627834,622.2714905575953,623.7408447265625,98700,0.0,0.0
2011-06-13 00:00:00+09:00,625.944866640348,625.944866640348,619.3327729786541,621.5368041992188,51200,0.0,0.0
2011-06-14 00:00:00+09:00,621.536877297794,625.9449402573529,617.1288143382352,624.4755859375,44600,0.0,0.0
2011-06-15 00:00:00+09:00,628.1488927205404,636.9650175306532,622.2714761804651,634.760986328125,72400,0.0,0.0
2011-06-16 00:00:00+09:00,631.0876985353844,640.6385018892378,625.2102810868594,628.8836669921875,72200,0.0,0.0
2011-06-17 00:00:00+09:00,627.4141740470097,639.9036833664467,627.4141740470097,639.1690063476562,80300,0.0,0.0
2011-06-20 00:00:00+09:00,636.9651079625892,661.2094546324455,636.9651079625892,656.8013916015625,88900,0.0,0.0
2011-06-21 00:00:00+09:00,661.20947265625,661.20947265625,646.5159288194444,661.20947265625,64900,0.0,0.0
2011-06-22 00:00:00+09:00,660.4747164870247,673.6989043588451,659.7400393830347,671.494873046875,74400,0.0,0.0
2011-06-23 00:00:00+09:00,667.086810422935,675.902935670815,664.1481020069748,671.494873046875,65800,0.0,0.0
2011-06-24 00:00:00+09:00,674.4334587268891,688.3923211624129,670.7600738754354,685.45361328125,83700,0.0,0.0
2011-06-27 00:00:00+09:00,681.04588420479,683.984593521747,669.291046936962,677.3724975585938,63300,0.0,0.0
2011-06-28 00:00:00+09:00,687.6577573714718,689.8617886450983,677.372278094548,683.2496948242188,65600,0.0,0.0
2011-06-29 00:00:00+09:00,690.5967079564144,700.8821908408717,690.5967079564144,697.9434814453125,65300,0.0,0.0
2011-06-30 00:00:00+09:00,697.9432092842969,697.9432092842969,679.5762827241839,691.3311157226562,70900,0.0,0.0
2011-07-01 00:00:00+09:00,698.6778926262799,699.4125696952876,690.5964448671957,692.8004760742188,36400,0.0,0.0
2011-07-04 00:00:00+09:00,698.6779689315922,715.5755433642175,698.6779689315922,711.16748046875,90800,0.0,0.0
2011-07-05 00:00:00+09:00,714.1061490203698,714.1061490203698,697.2085755353198,701.6166381835938,120700,0.0,0.0
2011-07-06 00:00:00+09:00,703.085992399685,705.290023723822,692.0658357790003,701.6166381835938,79100,0.0,0.0
2011-07-07 00:00:00+09:00,704.5552368164062,708.2286217841664,700.8818518486461,704.5552368164062,31100,0.0,0.0
2011-07-08 00:00:00+09:00,704.5555775853207,706.0249322831003,695.739449398643,697.9434814453125,33100,0.0,0.0
2011-07-11 00:00:00+09:00,689.1272553695304,692.0659643476521,682.5151601687567,688.392578125,46400,0.0,0.0
2011-07-12 00:00:00+09:00,677.3724975585938,679.5765295463115,672.9644335831582,677.3724975585938,31100,0.0,0.0
2011-07-13 00:00:00+09:00,674.4336028953328,683.2497284233764,672.9642486406589,676.6376342773438,38800,0.0,0.0
2011-07-14 00:00:00+09:00,673.6988919771635,678.841631610577,663.4134127103366,668.55615234375,52700,0.0,0.0
2011-07-15 00:00:00+09:00,662.6786844644201,672.2294859034861,662.6786844644201,670.7601318359375,35000,0.0,0.0
2011-07-19 00:00:00+09:00,672.2294859034861,673.6988399710347,663.4133614981945,670.7601318359375,46100,0.0,0.0
2011-07-20 00:00:00+09:00,678.1068566016902,679.5762105704913,671.4947637420854,674.4334716796875,24600,0.0,0.0
2011-07-21 00:00:00+09:00,670.7602971759363,672.9643288205451,666.3522338867188,666.3522338867188,27900,0.0,0.0
2011-07-22 00:00:00+09:00,672.2294921875,672.964169228142,666.3520758623633,672.2294921875,37000,0.0,0.0
2011-07-25 00:00:00+09:00,664.8827155657431,678.1069021736805,664.8827155657431,670.7601318359375,30200,0.0,0.0
2011-07-26 00:00:00+09:00,669.2907995472783,678.1069242394489,667.8214454319166,675.9028930664062,80200,0.0,0.0
2011-07-27 00:00:00+09:00,675.9029065148305,697.9432186837923,667.0867816472457,693.53515625,88500,0.0,0.0
2011-07-28 00:00:00+09:00,695.0046076435425,702.3513793945312,688.3925130676525,702.3513793945312,80000,0.0,0.0
2011-07-29 00:00:00+09:00,700.147305369124,700.147305369124,686.1884398895717,692.0658569335938,51300,0.0,0.0
2011-08-01 00:00:00+09:00,697.2088040964227,699.4128361430921,690.5967079564144,697.9434814453125,30400,0.0,0.0
2011-08-02 00:00:00+09:00,686.9229672218315,689.8616751029944,680.3108744892149,685.45361328125,30300,0.0,0.0
2011-08-03 00:00:00+09:00,671.4949743908059,682.5151326138498,665.6175566718492,666.3522338867188,31900,0.0,0.0
2011-08-04 00:00:00+09:00,663.4134582182321,668.55619820442,649.4545925414365,664.8828125,65700,0.0,0.0
2011-08-05 00:00:00+09:00,631.0876141109983,655.3319578428526,631.0876141109983,652.3932495117188,48000,0.0,0.0
2011-08-08 00:00:00+09:00,649.4544960696913,661.20932857774,642.107725752161,656.0665893554688,81400,0.0,0.0
2011-08-09 00:00:00+09:00,645.0464416837432,672.964169228142,635.4956401553961,672.2294921875,113700,0.0,0.0
2011-08-10 00:00:00+09:00,680.3109411512103,680.3109411512103,655.3319217136929,658.2706298828125,116900,0.0,0.0
2011-08-11 00:00:00+09:00,646.5157957650273,676.6375544313524,645.0464416837432,672.2294921875,92500,0.0,0.0
2011-08-12 00:00:00+09:00,683.2496909969318,688.3924306065861,660.474701297034,667.8214721679688,53800,0.0,0.0
2011-08-15 00:00:00+09:00,674.4336093716821,674.4336093716821,644.3118468616179,648.7199096679688,76200,0.0,0.0
2011-08-16 00:00:00+09:00,649.4545319120763,655.3319484904661,645.7811465505827,650.189208984375,31900,0.0,0.0
2011-08-17 00:00:00+09:00,653.1279141525338,653.1279141525338,644.3117893270777,649.4545288085938,19200,0.0,0.0
2011-08-18 00:00:00+09:00,649.4545681930061,650.1892453063466,625.2102234527695,629.6182861328125,50600,0.0,0.0
2011-08-19 00:00:00+09:00,616.3939787288839,631.8221951213827,613.4552708445984,615.6593017578125,49600,0.0,0.0
2011-08-22 00:00:00+09:00,611.2513798196517,611.2513798196517,589.9457427826686,590.680419921875,48500,0.0,0.0
2011-08-23 00:00:00+09:00,593.6191938275575,611.2514471095642,593.6191938275575,606.8433837890625,37000,0.0,0.0
2011-08-24 00:00:00+09:00,617.8634001958939,625.9448477608818,614.9246919904436,617.1287231445312,81200,0.0,0.0
2011-08-25 00:00:00+09:00,617.8633922772768,621.536777487011,598.7617891866595,600.9658203125,82600,0.0,0.0
2011-08-26 00:00:00+09:00,597.2923364257813,606.8431363932292,592.8842749023438,606.1084594726562,47900,0.0,0.0
2011-08-29 00:00:00+09:00,602.435281713657,602.435281713657,589.9457697756909,597.2925415039062,61100,0.0,0.0
2011-08-30 00:00:00+09:00,603.1699842874342,622.2715915852092,598.7619210648706,618.5982055664062,62900,0.0,0.0
2011-08-31 00:00:00+09:00,618.5982277642215,631.0877406763258,609.7821010027361,623.370849609375,87800,0.0,0.0
2011-09-01 00:00:00+09:00,631.8222811483923,641.3730830727285,631.0876040772896,635.4956665039062,63900,0.0,0.0
2011-09-02 00:00:00+09:00,626.6795374431881,633.29163103872,610.5166419874434,620.0674438476562,56800,0.0,0.0
2011-09-05 00:00:00+09:00,609.0473419709217,613.4554047596135,598.7618621306408,603.9046020507812,33800,0.0,0.0
2011-09-06 00:00:00+09:00,611.9860161006377,611.9860161006377,584.8029637648351,595.8231201171875,73800,0.0,0.0
2011-09-07 00:00:00+09:00,605.3738371430741,613.4552839981394,601.7004522089535,604.63916015625,44000,0.0,0.0
2011-09-08 00:00:00+09:00,617.1287355829754,624.4755062446775,609.047287855103,620.0674438476562,45500,0.0,0.0
2011-09-09 00:00:00+09:00,602.435247787884,613.4554047596135,596.5578307362948,603.9046020507812,85000,0.0,0.0
2011-09-12 00:00:00+09:00,582.5989081167788,589.9456787109375,578.9255228196995,589.9456787109375,44600,0.0,0.0
2011-09-13 00:00:00+09:00,594.3537410674327,594.3537410674327,587.7416475326899,589.9456787109375,54300,0.0,0.0
2011-09-14 00:00:00+09:00,593.6189930777849,598.0270549075705,573.78271484375,573.78271484375,38400,0.0,0.0
2011-09-15 00:00:00+09:00,584.0682983398438,592.1497464929737,576.7215272915438,584.0682983398438,43600,0.0,0.0
2011-09-16 00:00:00+09:00,587.7417661899938,617.1288544994935,584.0683801513063,589.2111206054688,66000,0.0,0.0
2011-09-20 00:00:00+09:00,611.9860688730138,620.067517561613,603.1699430309055,608.3126831054688,38900,0.0,0.0
2011-09-21 00:00:00+09:00,611.2514098096523,617.1288272116682,607.5780239333924,612.7207641601562,17100,0.0,0.0
2011-09-22 00:00:00+09:00,598.7617891866595,604.6392055222341,591.4150187671913,600.9658203125,33300,0.0,0.0
2011-09-26 00:00:00+09:00,597.2925081765255,599.4965395720109,560.5586515851033,574.5175170898438,52600,0.0,0.0
2011-09-27 00:00:00+09:00,577.45609639613,587.0068969726562,573.7827115590044,587.0068969726562,46200,0.0,0.0
2011-09-28 00:00:00+09:00,599.654861101318,618.2545776367188,591.4709858257418,618.2545776367188,62800,10.0,0.0
2011-09-29 00:00:00+09:00,618.2544070315852,650.2459106445312,614.5344647510101,650.2459106445312,39900,0.0,0.0
2011-09-30 00:00:00+09:00,647.270127700317,648.014116352846,606.3507518112165,627.1824340820312,78800,0.0,0.0
2011-10-03 00:00:00+09:00,621.9745042253248,621.9745042253248,582.5431062301786,601.142822265625,83000,0.0,0.0
2011-10-04 00:00:00+09:00,588.4950213515967,595.9349078415032,583.2871008086622,593.7029418945312,25400,0.0,0.0
2011-10-05 00:00:00+09:00,596.6787881851196,597.4227766990662,569.1512131690979,571.3831787109375,47600,0.0,0.0
2011-10-06 00:00:00+09:00,575.8472322162829,616.7666091825563,575.8472322162829,607.8387451171875,73600,0.0,0.0
2011-10-07 00:00:00+09:00,616.7664893000617,616.7664893000617,598.1667761124845,601.88671875,45700,0.0,0.0
2011-10-11 00:00:00+09:00,598.1668877355831,610.8146950633255,577.335205078125,577.335205078125,119800,0.0,0.0
2011-10-12 00:00:00+09:00,581.7991806372739,597.4229438001676,578.0792370270613,596.678955078125,39000,0.0,0.0
2011-10-13 00:00:00+09:00,604.8626670326298,615.2785063173245,601.8867129512885,610.8145751953125,33000,0.0,0.0
2011-10-14 00:00:00+09:00,604.1186944262912,604.1186944262912,586.2629694678786,587.0069580078125,33600,0.0,0.0
2011-10-17 00:00:00+09:00,595.9348105299753,604.8626728600124,591.4708793649567,601.88671875,26800,0.0,0.0
2011-10-18 00:00:00+09:00,592.2149313122665,603.3747604199096,592.2149313122665,597.4228515625,15500,0.0,0.0
2011-10-19 00:00:00+09:00,608.5827802758973,608.5827802758973,588.495084594419,590.72705078125,20000,0.0,0.0
2011-10-20 00:00:00+09:00,582.5432505053143,582.5432505053143,574.3593734228642,575.8473510742188,26800,0.0,0.0
2011-10-21 00:00:00+09:00,576.5910983085632,580.3110408782959,571.3831787109375,571.3831787109375,30300,0.0,0.0
2011-10-24 00:00:00+09:00,570.6392424447196,586.2630026681082,569.8952538626535,583.2870483398438,29300,0.0,0.0
2011-10-25 00:00:00+09:00,575.1030954741424,578.8230378769506,561.711302824033,563.1992797851562,32800,0.0,0.0
2011-10-26 00:00:00+09:00,558.7354391696899,570.6392567818272,553.52751896438,563.943359375,33000,0.0,0.0
2011-10-27 00:00:00+09:00,566.1753492417355,578.0791673598271,565.4313606093547,572.1272583007812,42100,0.0,0.0
2011-10-28 00:00:00+09:00,592.2149810000404,592.2149810000404,574.3592529296875,574.3592529296875,48800,0.0,0.0
2011-10-31 00:00:00+09:00,575.1031760973808,587.0069934551533,572.1272217579377,580.3110961914062,56000,0.0,0.0
2011-11-01 00:00:00+09:00,579.5669928923679,581.054969767573,565.43121257792,566.919189453125,51500,0.0,0.0
2011-11-02 00:00:00+09:00,558.7353895436163,562.4553322170092,545.3435959194018,547.5755615234375,46800,0.0,0.0
2011-11-04 00:00:00+09:00,548.3197049795361,557.2475699181446,540.8798175306957,545.34375,47700,0.0,0.0
2011-11-07 00:00:00+09:00,540.1356811523438,541.623658235408,535.6717499031508,540.1356811523438,35100,0.0,0.0
2011-11-08 00:00:00+09:00,537.1596775599888,540.135631452288,520.7919311523438,520.7919311523438,34800,0.0,0.0
2011-11-09 00:00:00+09:00,528.9758813175155,542.36767578125,523.7679612482854,542.36767578125,37400,0.0,0.0
2011-11-10 00:00:00+09:00,522.2799651582362,530.4638392561573,522.2799651582362,526.743896484375,28900,0.0,0.0
2011-11-11 00:00:00+09:00,530.4638660777699,534.9277976296164,520.7920143821023,531.9518432617188,32700,0.0,0.0
2011-11-14 00:00:00+09:00,539.3915812174479,539.3915812174479,515.5839528050916,517.81591796875,53600,0.0,0.0
2011-11-15 00:00:00+09:00,517.0722045898438,523.0241148585038,517.0722045898438,517.0722045898438,20300,0.0,0.0
2011-11-16 00:00:00+09:00,516.3281960880056,523.0240948845359,505.91235351562506,505.912353515625,21000,0.0,0.0
2011-11-17 00:00:00+09:00,508.14409619001714,523.7678531738976,499.21623505637115,523.0238647460938,33800,0.0,0.0
2011-11-18 00:00:00+09:00,511.8642272949219,519.3041143195574,509.6322611875312,511.8642272949219,38500,0.0,0.0
2011-11-21 00:00:00+09:00,508.888304240502,514.840214231619,508.1443154916124,510.37628173828125,14000,0.0,0.0
2011-11-22 00:00:00+09:00,508.1442214811245,519.3040506498168,508.1442214811245,514.0961303710938,20500,0.0,0.0
2011-11-24 00:00:00+09:00,508.88815161026196,511.864105713246,505.912197507278,511.1201171875,28900,0.0,0.0
2011-11-25 00:00:00+09:00,510.37612866175397,523.7679221251819,510.37612866175397,511.1201171875,19600,0.0,0.0
2011-11-28 00:00:00+09:00,532.6959455193646,547.5757205338721,531.9519567686393,540.8798217773438,49000,0.0,0.0
2011-11-29 00:00:00+09:00,540.8797520934811,557.9914911555858,535.6718315093624,551.2955932617188,51800,0.0,0.0
2011-11-30 00:00:00+09:00,553.5275234375,557.991455078125,543.8556715494792,557.991455078125,41200,0.0,0.0
2011-12-01 00:00:00+09:00,566.1752346013556,581.0550042360824,554.271418893574,561.7113037109375,31500,0.0,0.0
2011-12-02 00:00:00+09:00,565.431396484375,569.8953285618832,559.4794870476974,565.431396484375,22500,0.0,0.0
2011-12-05 00:00:00+09:00,565.4314503855519,573.6153266411322,565.4314503855519,572.871337890625,13700,0.0,0.0
2011-12-06 00:00:00+09:00,566.1753251772757,567.6633023787929,557.9914505689314,563.943359375,38900,0.0,0.0
2011-12-07 00:00:00+09:00,565.4313411458334,567.6633069661458,549.063591796875,557.991455078125,64900,0.0,0.0
2011-12-08 00:00:00+09:00,549.8075919373395,549.8075919373395,537.1597853569135,543.1116943359375,33300,0.0,0.0
2011-12-09 00:00:00+09:00,538.6477328746571,543.1116643625686,538.6477328746571,542.36767578125,36000,0.0,0.0
2011-12-12 00:00:00+09:00,543.1116943359375,550.5515805597174,543.1116943359375,543.1116943359375,17600,0.0,0.0
2011-12-13 00:00:00+09:00,545.3434797498915,546.087468126085,533.4396657307942,535.671630859375,29400,0.0,0.0
2011-12-14 00:00:00+09:00,532.6957467215402,535.6717006138393,514.8400233677455,520.7919311523438,53100,0.0,0.0
2011-12-15 00:00:00+09:00,523.0239996328928,523.0239996328928,505.912261380323,506.65625,34100,0.0,0.0
2011-12-16 00:00:00+09:00,508.14407601441155,511.8640180057323,502.93615722656256,502.9361572265625,27900,0.0,0.0
2011-12-19 00:00:00+09:00,506.65616673258097,506.65616673258097,491.77639678448753,493.2643737792969,38900,0.0,0.0
2011-12-20 00:00:00+09:00,493.26434284807686,500.70422735558935,493.26434284807686,494.0083312988281,23900,0.0,0.0
2011-12-21 00:00:00+09:00,501.44836745098206,505.91229950544187,496.240446720779,497.7284240722656,22600,0.0,0.0
2011-12-22 00:00:00+09:00,494.0083321286112,497.7282743886158,491.7763667726084,492.5203552246094,28200,0.0,0.0
2011-12-26 00:00:00+09:00,494.7524108886719,495.4963994764744,492.5204451252643,494.7524108886719,9900,0.0,0.0
2011-12-27 00:00:00+09:00,495.49639782934133,496.984375,493.2644320733533,496.984375,10600,0.0,0.0
2011-12-28 00:00:00+09:00,504.42419706072127,504.42419706072127,497.72830063956127,499.96026611328125,20100,0.0,0.0
2011-12-29 00:00:00+09:00,502.192296766697,502.192296766697,493.26443371306686,494.7524108886719,18400,0.0,0.0
2011-12-30 00:00:00+09:00,499.21633479661904,505.1682434082031,495.49639191437893,505.1682434082031,16700,0.0,0.0
2012-01-04 00:00:00+09:00,522.2801843733234,522.2801843733234,517.0722623069228,520.0482177734375,31400,0.0,0.0
2012-01-05 00:00:00+09:00,520.791993236815,520.791993236815,518.5600275515144,519.3040161132812,15100,0.0,0.0
2012-01-06 00:00:00+09:00,519.3038947445223,520.0478831324084,510.37603408988866,517.81591796875,23400,0.0,0.0
2012-01-10 00:00:00+09:00,525.2559246074162,525.2559246074162,518.5600275515144,519.3040161132812,48200,0.0,0.0
2012-01-11 00:00:00+09:00,523.0239589221156,523.7679474838825,517.8160389897474,519.3040161132812,14000,0.0,0.0
2012-01-12 00:00:00+09:00,519.3040161132812,520.791993236815,515.5840733044469,519.3040161132812,24300,0.0,0.0
2012-01-13 00:00:00+09:00,523.0238965715681,524.5118735177176,516.3280003138951,520.7919311523438,16500,0.0,0.0
2012-01-16 00:00:00+09:00,511.86410473739113,514.096070310374,510.37612768873595,512.6080932617188,8800,0.0,0.0
2012-01-17 00:00:00+09:00,514.0962494555137,517.0722045898438,513.3522606719312,517.0722045898438,5900,0.0,0.0
2012-01-18 00:00:00+09:00,517.8160389897474,529.7198559780176,517.8160389897474,519.3040161132812,18200,0.0,0.0
2012-01-19 00:00:00+09:00,516.3280003138951,529.7197928292411,516.3280003138951,520.7919311523438,20100,0.0,0.0
2012-01-20 00:00:00+09:00,531.95180719549,541.623658235408,531.95180719549,540.1356811523438,53700,0.0,0.0
2012-01-23 00:00:00+09:00,532.6957670135287,541.6236290305152,532.6957670135287,537.9036865234375,17500,0.0,0.0
2012-01-24 00:00:00+09:00,542.3675846477131,543.11157310402,538.6476423661787,541.6235961914062,15200,0.0,0.0
2012-01-25 00:00:00+09:00,543.1117837653479,546.8317274897681,543.1117837653479,545.34375,31400,0.0,0.0
2012-01-26 00:00:00+09:00,543.1117594176234,543.8557481291544,534.1838948792515,538.6478271484375,28400,0.0,0.0
2012-01-27 00:00:00+09:00,539.3918442758929,543.8557767802452,531.9519567686393,540.8798217773438,40100,0.0,0.0
2012-01-30 00:00:00+09:00,552.0395165559287,560.2233907905853,541.6236766209112,557.2474365234375,67600,0.0,0.0
2012-01-31 00:00:00+09:00,562.4553481158088,570.6392222286049,557.9914167815564,569.1512451171875,53400,0.0,0.0
2012-02-01 00:00:00+09:00,575.1032415992855,578.0791962776777,568.4073435729032,574.3592529296875,42300,0.0,0.0
2012-02-02 00:00:00+09:00,585.5190488601744,593.7029237489443,569.8952877088864,578.0791625976562,48700,0.0,0.0
2012-02-03 00:00:00+09:00,573.6152111848614,576.5911655878958,563.943359375,563.943359375,23000,0.0,0.0
2012-02-06 00:00:00+09:00,565.4311861528379,570.6391049726667,550.5514180961842,558.7352905273438,24900,0.0,0.0
2012-02-07 00:00:00+09:00,557.9915174188461,560.2234834885214,550.5516305199282,556.5035400390625,35700,0.0,0.0
2012-02-08 00:00:00+09:00,553.5274619244515,560.2233586412796,553.5274619244515,559.4793701171875,29700,0.0,0.0
2012-02-09 00:00:00+09:00,557.9915174188461,558.7355061087379,554.2715739693871,556.5035400390625,17100,0.0,0.0
2012-02-10 00:00:00+09:00,557.9914272231543,560.223392932047,551.2955300964765,554.271484375,24500,0.0,0.0
2012-02-13 00:00:00+09:00,555.0154389726355,559.4793701171875,552.7834734003594,559.4793701171875,14400,0.0,0.0
2012-02-14 00:00:00+09:00,556.5033834601015,564.6872567462796,553.527429537855,563.1992797851562,10000,0.0,0.0
2012-02-15 00:00:00+09:00,567.6631778907275,571.3831200787401,563.9432357027149,566.919189453125,54700,0.0,0.0
2012-02-16 00:00:00+09:00,565.4313033717644,570.6392232712412,561.7113605864239,567.6632690429688,36500,0.0,0.0
2012-02-17 00:00:00+09:00,568.4073211308053,574.3592302525939,564.6873779296875,564.6873779296875,33000,0.0,0.0
2012-02-20 00:00:00+09:00,566.1752002176814,584.0309226949802,566.1752002176814,568.4071655273438,49400,0.0,0.0
2012-02-21 00:00:00+09:00,571.3831740038561,582.5430016211188,570.6391854960385,578.8230590820312,18900,0.0,0.0
2012-02-22 00:00:00+09:00,582.5431707000732,595.1909790039062,577.3352496337891,595.1909790039062,42400,0.0,0.0
2012-02-23 00:00:00+09:00,592.215045248597,608.5827977554678,589.9830789976601,604.8628540039062,27900,0.0,0.0
2012-02-24 00:00:00+09:00,597.4229944266525,613.0467589135263,592.9590617161172,607.0948486328125,24600,0.0,0.0
2012-02-27 00:00:00+09:00,610.0706775229053,613.7906206785327,601.8868025805248,611.5586547851562,62700,0.0,0.0
2012-02-28 00:00:00+09:00,611.5585497128837,636.8541588250955,609.3265842029826,633.1342163085938,70000,0.0,0.0
2012-02-29 00:00:00+09:00,639.8302253398303,662.8938729974288,635.3662935351338,646.526123046875,89000,0.0,0.0
2012-03-01 00:00:00+09:00,651.7340826587142,656.1980147317191,633.1343656878605,636.8543090820312,56200,0.0,0.0
2012-03-02 00:00:00+09:00,645.7821160082548,647.2700932340803,630.90234375,630.90234375,34200,0.0,0.0
2012-03-05 00:00:00+09:00,619.7424374393365,628.6702996833607,610.8145751953125,610.8145751953125,34800,0.0,0.0
2012-03-06 00:00:00+09:00,610.814623228897,632.3902920153014,609.3266460712139,628.6703491210938,44200,0.0,0.0
2012-03-07 00:00:00+09:00,627.1824537410292,639.8302612304688,620.4865556583848,639.8302612304688,40700,0.0,0.0
2012-03-08 00:00:00+09:00,642.8062263958827,642.8062263958827,627.9264526367188,627.9264526367188,49900,0.0,0.0
2012-03-09 00:00:00+09:00,618.9984402935041,631.6462449629628,618.9984402935041,624.2063598632812,88900,0.0,0.0
2012-03-12 00:00:00+09:00,624.2063627208696,625.6943397476178,616.0224890737545,619.742431640625,52300,0.0,0.0
2012-03-13 00:00:00+09:00,613.0467302573417,622.7185840114016,604.8628540039062,604.8628540039062,47600,0.0,0.0
2012-03-14 00:00:00+09:00,623.4625205089696,633.1343734524262,616.7666223173459,627.9264526367188,57500,0.0,0.0
2012-03-15 00:00:00+09:00,631.6462393019931,637.5981473283958,627.182308282191,633.1342163085938,49700,0.0,0.0
2012-03-16 00:00:00+09:00,639.0861428317414,654.7099018532391,633.1342346330756,651.7339477539062,81100,0.0,0.0
2012-03-19 00:00:00+09:00,662.8939912878949,691.9095531961192,662.8939912878949,684.4696655273438,105000,0.0,0.0
2012-03-21 00:00:00+09:00,674.0538721521473,690.4216262220671,665.1260062958274,665.8699951171875,52400,0.0,0.0
2012-03-22 00:00:00+09:00,669.5896606445312,681.4934768337673,668.1016836208767,669.5896606445312,30300,0.0,0.0
2012-03-23 00:00:00+09:00,658.4301069035877,674.7978609735073,655.4541516181476,665.8699951171875,37600,0.0,0.0
2012-03-26 00:00:00+09:00,677.029783334305,677.029783334305,648.0142211914062,648.0142211914062,36000,0.0,0.0
2012-03-27 00:00:00+09:00,660.6617929559005,679.2615055954248,660.6617929559005,678.5175170898438,34600,0.0,0.0
2012-03-28 00:00:00+09:00,665.7296109361713,674.7564531183567,660.4639529965632,663.472900390625,61400,10.0,0.0
2012-03-29 00:00:00+09:00,664.9773740876559,664.9773740876559,648.428163420316,663.472900390625,34500,0.0,0.0
2012-03-30 00:00:00+09:00,667.2341491354388,671.7475706628487,655.1983583956788,665.7296752929688,16200,0.0,0.0
2012-04-02 00:00:00+09:00,667.2340895832958,667.986326437392,649.1804050849879,652.9415893554688,37000,0.0,0.0
2012-04-03 00:00:00+09:00,657.45480021724,659.7115100578026,645.419014400906,649.9324340820312,19200,0.0,0.0
2012-04-04 00:00:00+09:00,649.9326992418639,650.6849361622827,625.1088808680427,635.6401977539062,28500,0.0,0.0
2012-04-05 00:00:00+09:00,628.1176937327666,639.4012451171875,628.1176937327666,639.4012451171875,12700,0.0,0.0
2012-04-06 00:00:00+09:00,628.1175713693681,630.3742812066233,624.356388307276,626.6130981445312,22000,0.0,0.0
2012-04-09 00:00:00+09:00,627.365560967908,635.6401666881081,622.099902782326,628.1177978515625,14400,0.0,0.0
2012-04-10 00:00:00+09:00,627.365482015849,635.6400866947151,625.8610084378734,629.6221923828125,17300,0.0,0.0
2012-04-11 00:00:00+09:00,620.5953369140625,624.3565207741477,611.5684956498579,620.5953369140625,27300,0.0,0.0
2012-04-12 00:00:00+09:00,619.8430037366179,627.3653702868196,604.0460339811943,623.6041870117188,21100,0.0,0.0
2012-04-13 00:00:00+09:00,623.6041516948577,633.3832276562969,622.8519150824393,626.6130981445312,11800,0.0,0.0
2012-04-16 00:00:00+09:00,619.0907670815977,628.8698435968599,612.3206371864162,623.6041870117188,23600,0.0,0.0
2012-04-17 00:00:00+09:00,623.6043668659202,628.1177880977604,616.8342350181598,621.34765625,13100,0.0,0.0
2012-04-18 00:00:00+09:00,628.1177351307402,653.6937866210938,628.1177351307402,653.6937866210938,27100,0.0,0.0
2012-04-19 00:00:00+09:00,658.9593864230934,669.4907008179831,653.6937292256487,655.950439453125,50500,0.0,0.0
2012-04-20 00:00:00+09:00,642.4101704843474,645.4191174187004,634.8878031484652,638.6489868164062,34200,0.0,0.0
2012-04-23 00:00:00+09:00,624.356388307276,634.8877008811337,620.595205245184,626.6130981445312,38800,0.0,0.0
2012-04-24 00:00:00+09:00,619.8429686327656,631.8787544314602,619.8429686327656,626.6130981445312,30400,0.0,0.0
2012-04-25 00:00:00+09:00,631.1266517223011,631.1266517223011,615.3296795099432,620.5953369140625,17100,0.0,0.0
2012-04-26 00:00:00+09:00,631.8789672851562,634.8879147484189,625.861072358631,631.8789672851562,13700,0.0,0.0
2012-04-27 00:00:00+09:00,622.0997778020753,631.1266185924319,610.8162268141295,613.0729370117188,33100,0.0,0.0
2012-05-01 00:00:00+09:00,613.0730068880539,613.0730068880539,592.0103759765625,592.0103759765625,25000,0.0,0.0
2012-05-02 00:00:00+09:00,595.7716730019865,616.0820709452361,592.0104881976811,615.329833984375,20400,0.0,0.0
2012-05-07 00:00:00+09:00,606.303046948982,606.303046948982,592.0105433608546,595.771728515625,13200,0.0,0.0
2012-05-08 00:00:00+09:00,601.7894391223732,610.8162807092089,600.2849655245674,608.5595703125,11100,0.0,0.0
2012-05-09 00:00:00+09:00,599.5326412215771,599.5326412215771,579.2222506155764,579.9744873046875,27600,0.0,0.0
2012-05-10 00:00:00+09:00,571.6999616486509,587.496934273153,564.1775937322212,578.4700927734375,15300,0.0,0.0
2012-05-11 00:00:00+09:00,578.4701678368352,580.7268785045993,558.912008716214,559.6642456054688,23300,0.0,0.0
2012-05-14 00:00:00+09:00,561.1687150550451,561.1687150550451,540.1060823183946,542.36279296875,13600,0.0,0.0
2012-05-15 00:00:00+09:00,531.0790582136674,535.5924779718572,525.0611652027477,529.5745849609375,20300,0.0,0.0
2012-05-16 00:00:00+09:00,528.0701974959863,532.583617987405,516.7866462674396,519.7955932617188,19900,0.0,0.0
2012-05-17 00:00:00+09:00,518.2910989332402,540.8582004833087,518.2910989332402,531.8313598632812,18700,0.0,0.0
2012-05-18 00:00:00+09:00,518.2912716069677,528.0703522033257,510.0166649485111,527.318115234375,21400,0.0,0.0
2012-05-21 00:00:00+09:00,526.5657058869949,528.822416055082,519.0433386600379,521.300048828125,497300,0.0,0.0
2012-05-22 00:00:00+09:00,522.8046664619966,576.9657254335991,515.282297160385,552.1419067382812,481000,0.0,0.0
2012-05-23 00:00:00+09:00,546.1239422297074,554.398547415006,523.556837178893,532.5836791992188,46400,0.0,0.0
2012-05-24 00:00:00+09:00,527.318133658435,533.3360296203002,523.5569486822693,525.8136596679688,26900,0.0,0.0
2012-05-25 00:00:00+09:00,525.8133762032645,527.317849382673,522.8044298444476,526.5656127929688,23200,0.0,0.0
2012-05-28 00:00:00+09:00,528.0701938008153,528.0701938008153,513.0254589346953,517.5388793945312,20600,0.0,0.0
2012-05-29 00:00:00+09:00,512.273352120836,525.0613800005044,511.5211151867378,524.3091430664062,27200,0.0,0.0
2012-05-30 00:00:00+09:00,526.5657384229419,529.5746854996444,519.7956075003611,528.8224487304688,24400,0.0,0.0
2012-05-31 00:00:00+09:00,517.5389142474756,540.1060180664062,516.0344406595469,540.1060180664062,31200,0.0,0.0
2012-06-01 00:00:00+09:00,536.3447571243706,536.3447571243706,515.2821299161204,518.2910766601562,24800,0.0,0.0
2012-06-04 00:00:00+09:00,513.7777279757194,516.0344383475014,511.52101760393725,512.2732543945312,41600,0.0,0.0
2012-06-05 00:00:00+09:00,519.0432837701612,521.2999936995967,509.26420740927415,513.025390625,73800,0.0,0.0
2012-06-06 00:00:00+09:00,519.0433133461652,522.8044967762098,514.5298932301115,518.2910766601562,51700,0.0,0.0
2012-06-07 00:00:00+09:00,534.0882077991453,534.8404447115385,521.3001802884615,528.0703125,49700,0.0,0.0
2012-06-08 00:00:00+09:00,528.8223952709031,538.6014722816026,525.8134484983802,533.3358154296875,50100,0.0,0.0
2012-06-11 00:00:00+09:00,534.0880779109589,555.1507063356164,534.0880779109589,549.1328125,30600,0.0,0.0
2012-06-12 00:00:00+09:00,538.6016807400026,558.15984233112,533.3360218500864,551.3897094726562,27200,0.0,0.0
2012-06-13 00:00:00+09:00,562.6731995442708,570.9478054199219,555.1508305664062,564.1776733398438,45500,0.0,0.0
2012-06-14 00:00:00+09:00,567.1865127042836,580.7267742807784,552.894014373539,573.2044067382812,34300,0.0,0.0
2012-06-15 00:00:00+09:00,580.7267779181985,582.2312514361213,571.6999368106618,575.4611206054688,34300,0.0,0.0
2012-06-18 00:00:00+09:00,573.2045161132812,577.7179375,559.664251953125,564.1776733398438,26800,0.0,0.0
2012-06-19 00:00:00+09:00,564.9297353178879,565.6819719827586,544.6193453663793,545.37158203125,29300,0.0,0.0
2012-06-20 00:00:00+09:00,559.6640149272666,559.6640149272666,548.3804662392168,555.90283203125,15900,0.0,0.0
2012-06-21 00:00:00+09:00,552.14174522348,555.9029287740486,549.8850350931388,552.8939819335938,23800,0.0,0.0
2012-06-22 00:00:00+09:00,549.1327653556034,551.3894753502155,544.6193453663793,545.37158203125,25300,0.0,0.0
2012-06-25 00:00:00+09:00,547.628292025862,551.3894753502155,543.8671087015086,545.37158203125,27900,0.0,0.0
2012-06-26 00:00:00+09:00,542.3626851342909,544.6193953359593,538.6015014648438,538.6015014648438,34300,0.0,0.0
2012-06-27 00:00:00+09:00,538.6014520474138,545.37158203125,531.0790853987069,545.37158203125,25000,0.0,0.0
2012-06-28 00:00:00+09:00,552.1418829752604,567.1866209309895,552.1418829752604,564.1776733398438,33300,0.0,0.0
2012-06-29 00:00:00+09:00,558.9119613082321,579.2223555953415,553.6463035300926,568.6910400390625,45100,0.0,0.0
2012-07-02 00:00:00+09:00,585.2402316372753,585.2402316372753,570.1954956054688,570.1954956054688,33100,0.0,0.0
2012-07-03 00:00:00+09:00,570.9477000517004,586.7446719898898,567.1865162568934,575.4611206054688,23800,0.0,0.0
2012-07-04 00:00:00+09:00,575.4611456068657,586.7446974815101,575.4611456068657,578.4700927734375,19500,0.0,0.0
2012-07-05 00:00:00+09:00,577.7178629032258,584.487994109123,577.7178629032258,582.9835205078125,10100,0.0,0.0
2012-07-06 00:00:00+09:00,586.744583671259,588.2490569627238,572.4520874023438,572.4520874023438,31400,0.0,0.0
2012-07-09 00:00:00+09:00,595.019424477303,600.285083100996,580.7269224987078,591.2582397460938,57900,0.0,0.0
2012-07-10 00:00:00+09:00,582.2313510635903,589.753719940381,578.470166625195,587.4970092773438,25800,0.0,0.0
2012-07-11 00:00:00+09:00,574.708948135376,583.7357902526855,569.4432902336121,577.7178955078125,19100,0.0,0.0
2012-07-12 00:00:00+09:00,574.7089461872284,575.4611830277876,562.6731567382812,562.6731567382812,20700,0.0,0.0
2012-07-13 00:00:00+09:00,556.65509435723,561.1685140412076,543.8670719192936,558.9118041992188,27600,0.0,0.0
2012-07-17 00:00:00+09:00,546.1238186961207,549.1327653556034,535.592505387931,545.37158203125,12600,0.0,0.0
2012-07-18 00:00:00+09:00,556.6551462809246,556.6551462809246,527.3179155985515,541.6104125976562,20600,0.0,0.0
2012-07-19 00:00:00+09:00,526.5657170935152,556.6551866417161,526.5657170935152,536.3424072265625,18800,0.0,0.0
2012-07-20 00:00:00+09:00,530.32679574149,537.0969250488282,526.5656127929688,526.5656127929688,17400,0.0,0.0
2012-07-23 00:00:00+09:00,519.043356513149,529.5746709931259,518.2911197645792,519.7955932617188,18300,0.0,0.0
2012-07-24 00:00:00+09:00,516.7865738407257,528.0701234879032,512.2731539818548,513.025390625,14000,0.0,0.0
2012-07-25 00:00:00+09:00,517.5389827952665,518.2912196888643,507.7599031784955,511.5210876464844,23300,0.0,0.0
2012-07-26 00:00:00+09:00,510.7687842831974,524.3090466058742,507.7598371003803,514.5299682617188,21400,0.0,0.0
2012-07-27 00:00:00+09:00,528.8222793736874,528.8222793736874,503.2462374125133,509.2641296386719,33900,0.0,0.0
2012-07-30 00:00:00+09:00,527.3179570575094,527.3179570575094,513.0254589346953,517.5388793945312,28800,0.0,0.0
2012-07-31 00:00:00+09:00,512.2731175885882,527.317849382673,512.2731175885882,526.5656127929688,24100,0.0,0.0
2012-08-01 00:00:00+09:00,531.8313708598387,541.6104484004015,531.0791341259493,538.6015014648438,31200,0.0,0.0
2012-08-02 00:00:00+09:00,542.3627249337576,542.3627249337576,528.822462730141,537.8493041992188,19900,0.0,0.0
2012-08-03 00:00:00+09:00,526.5656384554776,536.3447145982223,524.3089285763828,529.5745849609375,18200,0.0,0.0
2012-08-06 00:00:00+09:00,525.0612055460613,546.8760693868002,525.0612055460613,541.6104125976562,20500,0.0,0.0
2012-08-07 00:00:00+09:00,541.6105769230769,541.6105769230769,527.3180755876068,528.0703125,24900,0.0,0.0
2012-08-08 00:00:00+09:00,539.3538486206729,546.1239806117273,530.3270059659336,544.6195068359375,18100,0.0,0.0
2012-08-09 00:00:00+09:00,543.1149473448057,543.1149473448057,513.7777133469561,528.8224487304688,36500,0.0,0.0
2012-08-10 00:00:00+09:00,529.5747651002046,534.8404232759168,522.0523962777585,528.2723999023438,11900,0.0,0.0
2012-08-13 00:00:00+09:00,528.8224522750033,531.0791625976562,526.5657419523504,531.0791625976562,10100,0.0,0.0
2012-08-14 00:00:00+09:00,534.0880047191273,540.858134356412,528.8223483345726,529.5745849609375,20700,0.0,0.0
2012-08-15 00:00:00+09:00,540.8582548603706,541.610491654335,535.5925973026201,540.1060180664062,17500,0.0,0.0
2012-08-16 00:00:00+09:00,536.3447985028296,547.6283496634782,536.3447985028296,543.1149291992188,19300,0.0,0.0
2012-08-17 00:00:00+09:00,548.3807220874755,552.8941436684424,536.3449312048972,552.1419067382812,12100,0.0,0.0
2012-08-20 00:00:00+09:00,548.3806581510239,561.1686844727899,548.3806581510239,549.8851318359375,9600,0.0,0.0
2012-08-21 00:00:00+09:00,549.1329353841146,564.1776733398438,549.1329353841146,564.1776733398438,15100,0.0,0.0
2012-08-22 00:00:00+09:00,564.1775801375105,564.1775801375105,551.389554987727,556.6552124023438,14600,0.0,0.0
2012-08-23 00:00:00+09:00,554.3983588728433,556.6550686104533,545.3715199224036,555.90283203125,21800,0.0,0.0
2012-08-24 00:00:00+09:00,555.9029259064168,563.42529296875,543.8671386066839,563.42529296875,15800,0.0,0.0
2012-08-27 00:00:00+09:00,560.4164222182073,560.4164222182073,542.3627388178893,546.8761596679688,21700,0.0,0.0
2012-08-28 00:00:00+09:00,551.3896919964029,551.3896919964029,522.0524505395683,522.8046875,27400,0.0,0.0
2012-08-29 00:00:00+09:00,522.8044298444476,530.32679574149,520.5477200753348,526.5656127929688,22000,0.0,0.0
2012-08-30 00:00:00+09:00,524.3089623737475,526.5656723983117,511.5209389012171,513.7776489257812,27600,0.0,0.0
2012-08-31 00:00:00+09:00,505.5032596072635,507.7599705876531,499.485363659558,500.9898376464844,31800,0.0,0.0
2012-09-03 00:00:00+09:00,503.9985539007836,514.5298669673671,497.22842407226557,497.2284240722656,41000,0.0,0.0
2012-09-04 00:00:00+09:00,497.22847246508684,505.50307639415786,493.4672888609636,495.7239990234375,25500,0.0,0.0
2012-09-05 00:00:00+09:00,492.71510244516224,493.46733924278846,481.4315504807692,488.95391845703125,28700,0.0,0.0
2012-09-06 00:00:00+09:00,490.4584655761719,500.2375454112796,486.69728102420737,490.4584655761719,26700,0.0,0.0
2012-09-07 00:00:00+09:00,510.01648608069013,510.01648608069013,492.71504186261365,501.74188232421875,34700,0.0,0.0
2012-09-10 00:00:00+09:00,501.741928918021,505.5031127929687,497.22850826808383,505.50311279296875,10800,0.0,0.0
2012-09-11 00:00:00+09:00,505.50308388157896,508.5120308094455,497.22847982994597,500.2374267578125,14700,0.0,0.0
2012-09-12 00:00:00+09:00,503.2464818169089,511.5210876464844,497.2285866681267,511.5210876464844,26800,0.0,0.0
2012-09-13 00:00:00+09:00,511.52098544808325,518.2911161378373,503.99861801502317,517.5388793945312,20100,0.0,0.0
2012-09-14 00:00:00+09:00,519.043356513149,523.5567770045676,516.0344095188698,519.7955932617188,38800,0.0,0.0
2012-09-18 00:00:00+09:00,519.7955753827335,524.3089957189078,507.75978781960225,521.300048828125,24300,0.0,0.0
2012-09-19 00:00:00+09:00,525.8134872502769,526.5657239988467,515.2821727703,519.7955932617188,27500,0.0,0.0
2012-09-20 00:00:00+09:00,507.75982311793734,529.574689592634,504.7508760179792,505.50311279296875,29500,0.0,0.0
2012-09-21 00:00:00+09:00,506.25549024895054,519.0435189773788,502.4943053288246,503.998779296875,27200,0.0,0.0
2012-09-24 00:00:00+09:00,500.9896655273438,509.26426961263024,500.9896655273438,507.7597961425781,9800,0.0,0.0
2012-09-25 00:00:00+09:00,507.7599482913669,522.8046875,507.00771133093525,522.8046875,24900,0.0,0.0
2012-09-26 00:00:00+09:00,530.4367566531932,535.0160667825733,509.8298610709828,515.9356079101562,29300,10.0,0.0
2012-09-27 00:00:00+09:00,515.9357259721899,521.2782556790024,508.30354067674324,511.3564147949219,17400,0.0,0.0
2012-09-28 00:00:00+09:00,507.5401653151914,508.30338360889846,496.0918909095856,506.7769470214844,36700,0.0,0.0
2012-10-01 00:00:00+09:00,505.2505282698006,509.0666198730469,494.56547178071116,509.0666198730469,21300,0.0,0.0
2012-10-02 00:00:00+09:00,504.4873215952602,512.8827233162101,500.67122990391937,501.4344482421875,12100,0.0,0.0
2012-10-03 00:00:00+09:00,497.6184648452455,507.5403054019759,495.3288093321539,498.3816833496094,44300,0.0,0.0
2012-10-04 00:00:00+09:00,499.14483314137823,514.4092011273531,493.80230434628703,510.5931091308594,21900,0.0,0.0
2012-10-05 00:00:00+09:00,513.6460568596335,519.7518049352309,509.8299643123851,518.9885864257812,13800,0.0,0.0
2012-10-09 00:00:00+09:00,526.6207092194464,526.6207092194464,509.8299039979569,513.64599609375,32500,0.0,0.0
2012-10-10 00:00:00+09:00,506.01386887814516,507.54030588833564,487.6966247558594,487.6966247558594,30000,0.0,0.0
2012-10-11 00:00:00+09:00,485.4068845278257,491.5126315030185,467.8528619741465,470.14251708984375,33200,0.0,0.0
2012-10-12 00:00:00+09:00,474.7218714560232,480.82761899886594,473.19543457031256,473.1954345703125,13000,0.0,0.0
2012-10-15 00:00:00+09:00,470.90574221217986,492.2758569316953,466.3264319151408,490.7494201660156,16400,0.0,0.0
2012-10-16 00:00:00+09:00,486.1701273253828,493.8023114278221,486.1701273253828,493.0390930175781,8400,0.0,0.0
2012-10-17 00:00:00+09:00,498.38144955156787,506.0136310148384,495.3285769662596,502.1975402832031,12900,0.0,0.0
2012-10-18 00:00:00+09:00,503.72418239778364,519.7517700195312,497.6184347323559,519.7517700195312,22600,0.0,0.0
2012-10-19 00:00:00+09:00,512.1195459294569,518.2252931238468,504.4873619364694,510.5931091308594,16200,0.0,0.0
2012-10-22 00:00:00+09:00,509.8298585848044,509.8298585848044,496.091928263657,499.90802001953125,19700,0.0,0.0
2012-10-23 00:00:00+09:00,499.1448016683564,503.72411177540556,496.091928263657,499.90802001953125,23500,0.0,0.0
2012-10-24 00:00:00+09:00,492.2759446843266,492.2759446843266,482.354103938751,486.1701965332031,28500,0.0,0.0
2012-10-25 00:00:00+09:00,486.1701098689766,490.7494201660156,483.88045472045707,490.7494201660156,10100,0.0,0.0
2012-10-26 00:00:00+09:00,493.03917130997814,495.32882690429693,480.82767480694463,495.3288269042969,24100,0.0,0.0
2012-10-29 00:00:00+09:00,495.32880980681176,496.09202831190703,483.11731372528794,487.6966247558594,16600,0.0,0.0
2012-10-30 00:00:00+09:00,483.88049277028733,488.4598034274194,473.19543457031256,473.1954345703125,28100,0.0,0.0
2012-10-31 00:00:00+09:00,473.95869651207556,483.11731866689826,473.95869651207556,476.24835205078125,21400,0.0,0.0
2012-11-01 00:00:00+09:00,477.7746194244191,483.11714711766336,477.01140118252704,479.3010559082031,13200,0.0,0.0
2012-11-02 00:00:00+09:00,480.0643268403553,481.590763491676,476.2482352120536,480.8275451660156,26000,0.0,0.0
2012-11-05 00:00:00+09:00,480.8275451660157,483.1172001429967,477.7746718633743,480.8275451660156,9100,0.0,0.0
2012-11-06 00:00:00+09:00,477.0114998412288,477.0114998412288,465.5632238450393,467.08966064453125,24600,0.0,0.0
2012-11-07 00:00:00+09:00,471.66900170696664,471.66900170696664,460.2207249665063,461.7471618652344,30200,0.0,0.0
2012-11-08 00:00:00+09:00,460.22061708310594,460.22061708310594,445.71946994450064,448.0091247558594,33200,0.0,0.0
2012-11-09 00:00:00+09:00,444.95631091798583,445.71952929005784,435.7976904531216,437.3241271972656,26500,0.0,0.0
2012-11-12 00:00:00+09:00,435.79764376803564,436.5608620583474,423.5861511230469,423.5861511230469,44800,0.0,0.0
2012-11-13 00:00:00+09:00,428.9287360630835,428.9287360630835,416.7172417979423,419.00689697265625,74500,0.0,0.0
2012-11-14 00:00:00+09:00,419.77009833613533,427.4022819422469,419.00687997552416,422.05975341796875,25500,0.0,0.0
2012-11-15 00:00:00+09:00,429.6919301440301,435.7976769311567,425.87583840207606,434.271240234375,52900,0.0,0.0
2012-11-16 00:00:00+09:00,439.61382653870555,454.11497706689204,436.5609527432979,451.0621032714844,34900,0.0,0.0
2012-11-19 00:00:00+09:00,454.11493346345947,460.2206804680102,452.5884967123218,453.3517150878906,34600,0.0,0.0
2012-11-20 00:00:00+09:00,454.11494685654657,463.27356763348536,452.58851006039015,456.40460205078125,43900,0.0,0.0
2012-11-21 00:00:00+09:00,463.27354681296424,469.37929372318456,460.2206733578541,465.5632019042969,37600,0.0,0.0
2012-11-22 00:00:00+09:00,467.8529397885258,479.3012172711162,467.0897212896865,477.7747802734375,35000,0.0,0.0
2012-11-26 00:00:00+09:00,483.1172699122037,484.6437067839642,472.4322118098801,473.9586486816406,42600,0.0,0.0
2012-11-27 00:00:00+09:00,469.3792835319832,502.1976724618617,469.3792835319832,483.88043212890625,76600,0.0,0.0
2012-11-28 00:00:00+09:00,484.6436410488499,488.45973271065185,473.95858439580434,480.0643310546875,21300,0.0,0.0
2012-11-29 00:00:00+09:00,480.06442255943824,492.27591820482934,480.06442255943824,485.4069519042969,13100,0.0,0.0
2012-11-30 00:00:00+09:00,491.5126727068866,492.2758911427668,473.9586486816406,473.9586486816406,16700,0.0,0.0
2012-12-03 00:00:00+09:00,489.2230310560782,489.2230310560782,476.24831728392013,482.35406494140625,20800,0.0,0.0
2012-12-04 00:00:00+09:00,483.88053223038315,490.74949877624033,483.88053223038315,487.6966247558594,10600,0.0,0.0
2012-12-05 00:00:00+09:00,484.6436731032969,493.0390753145351,483.11723633761727,490.7494201660156,18600,0.0,0.0
2012-12-06 00:00:00+09:00,498.38168774938293,498.38168774938293,492.2759396605697,497.61846923828125,26000,0.0,0.0
2012-12-07 00:00:00+09:00,502.9609948577642,502.9609948577642,486.9334062507641,487.6966247558594,20800,0.0,0.0
2012-12-10 00:00:00+09:00,503.72411177540556,503.72411177540556,492.27583650778274,499.90802001953125,34300,0.0,0.0
2012-12-11 00:00:00+09:00,500.67130370339066,500.67130370339066,489.98624539264756,493.8023376464844,12100,0.0,0.0
2012-12-12 00:00:00+09:00,493.802376682773,502.96099881599287,490.7495026383663,497.61846923828125,24100,0.0,0.0
2012-12-13 00:00:00+09:00,504.4873099491514,512.8827114762931,503.72409162850215,509.0666198730469,30100,0.0,0.0
2012-12-14 00:00:00+09:00,501.4344757625035,518.2252801259359,501.4344757625035,512.8827514648438,55100,0.0,0.0
2012-12-17 00:00:00+09:00,534.2528484276767,534.2528484276767,512.8827344905695,515.9356079101562,26100,0.0,0.0
2012-12-18 00:00:00+09:00,517.4620623806263,523.5678094293653,517.4620623806263,518.2252807617188,12300,0.0,0.0
2012-12-19 00:00:00+09:00,525.0942297894021,526.6206665039062,518.2252645741338,526.6206665039062,29600,0.0,0.0
2012-12-20 00:00:00+09:00,528.1470612444197,534.2528076171875,521.2780965750558,534.2528076171875,27500,0.0,0.0
2012-12-21 00:00:00+09:00,534.252920724922,534.252920724922,511.35636697956824,519.7517700195312,31500,0.0,0.0
2012-12-25 00:00:00+09:00,533.4896760880089,533.4896760880089,512.1195603076594,529.673583984375,47800,0.0,0.0
2012-12-26 00:00:00+09:00,525.0942734600144,532.726457667282,523.5678366185609,529.673583984375,25500,0.0,0.0
2012-12-27 00:00:00+09:00,531.9633178710938,534.2529734716867,527.3840066699079,531.9633178710938,35500,0.0,0.0
2012-12-28 00:00:00+09:00,534.2528945087356,534.2528945087356,528.9103655636483,529.673583984375,33800,0.0,0.0
2013-01-04 00:00:00+09:00,564.7815991473454,570.8873461651546,550.2804499800487,567.83447265625,58600,0.0,0.0
2013-01-07 00:00:00+09:00,587.678034416983,587.678034416983,562.4918329419695,571.6504516601562,38400,0.0,0.0
2013-01-08 00:00:00+09:00,572.4138899237378,576.9932010431277,538.8322750482118,544.1748046875,43500,0.0,0.0
2013-01-09 00:00:00+09:00,555.6230995526452,555.6230995526452,544.174821402522,551.8070068359375,21200,0.0,0.0
2013-01-10 00:00:00+09:00,559.4390269511455,566.3079918113915,557.9125903155353,564.7815551757812,23600,0.0,0.0
2013-01-11 00:00:00+09:00,563.2550150690297,572.4136332002333,554.096396937826,567.0711059570312,37700,0.0,0.0
2013-01-15 00:00:00+09:00,585.3884497565192,587.6781047099346,559.4390269511455,564.7815551757812,75700,0.0,0.0
2013-01-16 00:00:00+09:00,563.2552408038032,563.2552408038032,525.0943166301038,532.7265014648438,75600,0.0,0.0
2013-01-17 00:00:00+09:00,540.3586056731468,542.6482607819313,519.7517096940861,525.09423828125,112600,0.0,0.0
2013-01-18 00:00:00+09:00,543.4114990234375,547.9908094084665,538.8321886384085,543.4114990234375,82600,0.0,0.0
2013-01-21 00:00:00+09:00,546.4642833362926,548.7539381547408,533.4895726984198,537.3056640625,68100,0.0,0.0
2013-01-22 00:00:00+09:00,538.8320724662693,541.1217271651344,525.0941442730783,531.1998901367188,40000,0.0,0.0
2013-01-23 00:00:00+09:00,531.2000031091715,537.3057502713459,524.3310375517253,527.3839111328125,46200,0.0,0.0
2013-01-24 00:00:00+09:00,546.4642680561626,551.043577565013,536.5424307869864,545.7010498046875,133000,0.0,0.0
2013-01-25 00:00:00+09:00,557.1494664259947,560.2023402146303,550.2805004015646,558.6759033203125,95500,0.0,0.0
2013-01-28 00:00:00+09:00,571.6504906384698,571.6504906384698,553.333251953125,553.333251953125,58500,0.0,0.0
2013-01-29 00:00:00+09:00,554.0965144153485,561.7286978094993,550.280422718273,556.3861694335938,57600,0.0,0.0
2013-01-30 00:00:00+09:00,564.7816771643867,572.4138619909324,560.9655847511137,570.1242065429688,78100,0.0,0.0
2013-01-31 00:00:00+09:00,575.4668466543222,587.6783447265625,571.6507535067472,587.6783447265625,51800,0.0,0.0
2013-02-01 00:00:00+09:00,605.9954321884528,635.7609508979612,599.8896847608613,625.839111328125,109100,0.0,0.0
2013-02-04 00:00:00+09:00,625.0759013184196,625.8391197571478,594.5471637692904,618.9701538085938,45500,0.0,0.0
2013-02-05 00:00:00+09:00,609.0482982288707,641.1034718198639,609.0482982288707,638.0505981445312,89300,0.0,0.0
2013-02-06 00:00:00+09:00,647.2092718624714,680.7908850251468,644.9196164195617,666.2897338867188,128600,0.0,0.0
2013-02-07 00:00:00+09:00,676.2115316287105,700.634521484375,676.2115316287105,700.634521484375,106300,0.0,0.0
2013-02-08 00:00:00+09:00,689.1864992280246,699.1083425170216,679.2646559390275,683.0807495117188,122900,0.0,0.0
2013-02-12 00:00:00+09:00,683.0804625453211,699.8712672112396,683.0804625453211,690.712646484375,84100,0.0,0.0
2013-02-13 00:00:00+09:00,684.6069596929582,691.4759258437236,668.5793720078387,680.0276489257812,84200,0.0,0.0
2013-02-14 00:00:00+09:00,668.5793805803572,689.9494977678572,667.0529436383929,683.84375,65100,0.0,0.0
2013-02-15 00:00:00+09:00,671.6322456447557,671.6322456447557,648.7356918159572,664.0000610351562,60200,0.0,0.0
2013-02-18 00:00:00+09:00,663.9999744990101,683.8436518978311,661.7103194145308,668.5792846679688,66500,0.0,0.0
2013-02-19 00:00:00+09:00,670.1057221530383,681.5539975884546,668.5792854283161,673.9218139648438,39100,0.0,0.0
2013-02-20 00:00:00+09:00,674.6850939764493,686.8965888900501,674.6850939764493,684.60693359375,24800,0.0,0.0
2013-02-21 00:00:00+09:00,676.2116438526218,683.0806108894994,666.2898025771319,675.4484252929688,27500,0.0,0.0
2013-02-22 00:00:00+09:00,664.0001047523789,669.3426343308463,653.3150455954441,661.71044921875,44000,0.0,0.0
2013-02-25 00:00:00+09:00,662.4736412124549,689.9495065161973,662.4736412124549,687.6598510742188,47300,0.0,0.0
2013-02-26 00:00:00+09:00,686.1333264119147,686.8965447950203,674.685050665331,681.5540161132812,44400,0.0,0.0
2013-02-27 00:00:00+09:00,675.4482052304329,676.2114235414278,658.6574023885465,665.5263671875,45000,0.0,0.0
2013-02-28 00:00:00+09:00,660.1839947180414,673.9219275561046,656.3679022630238,664.7633056640625,52800,0.0,0.0
2013-03-01 00:00:00+09:00,669.3425813708003,670.1057998216221,658.6575230592938,660.1839599609375,36800,0.0,0.0
2013-03-04 00:00:00+09:00,657.8943133474767,671.6322456447557,641.1035072063578,664.0000610351562,45900,0.0,0.0
2013-03-05 00:00:00+09:00,657.8942957678506,670.1057908169058,656.3678588867188,656.3678588867188,34500,0.0,0.0
2013-03-06 00:00:00+09:00,660.9472132090449,666.2897426460695,656.3679022630238,664.7633056640625,54800,0.0,0.0
2013-03-07 00:00:00+09:00,670.8690810242775,676.9748292019729,648.7357438801318,649.4989624023438,85800,0.0,0.0
2013-03-08 00:00:00+09:00,638.0505388327206,651.788469094669,638.0505388327206,648.735595703125,118100,0.0,0.0
2013-03-11 00:00:00+09:00,660.1838659806685,671.6321411132812,651.7884642167525,671.6321411132812,68400,0.0,0.0
2013-03-12 00:00:00+09:00,671.6321136754588,671.6321136754588,660.947057321531,665.5263671875,44200,0.0,0.0
2013-03-13 00:00:00+09:00,668.57939811908,672.3954905740976,658.6575577360343,664.7633056640625,42500,0.0,0.0
2013-03-14 00:00:00+09:00,667.8159707220549,673.9217167400851,663.999879460786,669.3424072265625,50200,0.0,0.0
2013-03-15 00:00:00+09:00,673.9218660324201,676.2115212964034,660.947152869848,670.1057739257812,67000,0.0,0.0
2013-03-18 00:00:00+09:00,670.1056844594167,670.1056844594167,656.3677547096792,658.6574096679688,32400,0.0,0.0
2013-03-19 00:00:00+09:00,657.8943219866072,668.5793805803572,657.8943219866072,662.4736328125,26400,0.0,0.0
2013-03-21 00:00:00+09:00,663.2368512834822,673.15869140625,658.6575404575893,662.4736328125,71400,0.0,0.0
2013-03-22 00:00:00+09:00,665.5264886792802,665.5264886792802,644.1563720703125,644.1563720703125,49100,0.0,0.0
2013-03-25 00:00:00+09:00,649.4988494587835,657.1310333537164,640.3402287848642,653.31494140625,69400,0.0,0.0
2013-03-26 00:00:00+09:00,655.604606654576,667.8161010742188,640.3402386300223,667.8161010742188,55100,0.0,0.0
2013-03-27 00:00:00+09:00,678.6246648935171,722.6310424804688,675.5364980453099,722.6310424804688,123500,10.0,0.0
2013-03-28 00:00:00+09:00,724.1752061843872,724.1752061843872,682.4849491119385,691.7494506835938,72300,0.0,0.0
2013-03-29 00:00:00+09:00,696.3816447886386,702.55797866703,684.8010187666546,697.1536865234375,56000,0.0,0.0
2013-04-01 00:00:00+09:00,693.2935235355063,693.2935235355063,644.6548910380264,646.198974609375,74400,0.0,0.0
2013-04-02 00:00:00+09:00,623.0378434152314,627.6700950391364,609.9131304808337,611.4572143554688,69800,0.0,0.0
2013-04-03 00:00:00+09:00,625.3537777127791,639.2505283286185,621.4935692083792,635.3903198242188,41300,0.0,0.0
2013-04-04 00:00:00+09:00,638.4786087161351,661.6398641713758,625.3538972914988,658.5516967773438,48800,0.0,0.0
2013-04-05 00:00:00+09:00,660.0957882363078,681.7129602487249,653.1474115180309,669.3602905273438,70400,0.0,0.0
2013-04-08 00:00:00+09:00,686.3450911672492,694.8375501130756,663.9558812191611,674.7644653320312,67500,0.0,0.0
2013-04-09 00:00:00+09:00,679.3967481591236,689.4332910296561,670.9042888071345,671.6763305664062,61700,0.0,0.0
2013-04-10 00:00:00+09:00,671.676295273969,681.7128376171432,669.3601701178518,680.9407958984375,30700,0.0,0.0
2013-04-11 00:00:00+09:00,687.1172281901041,694.837646484375,686.3451863606771,694.837646484375,43800,0.0,0.0
2013-04-12 00:00:00+09:00,694.8375516724817,717.2267616708173,687.8891761557569,715.6826782226562,66600,0.0,0.0
2013-04-15 00:00:00+09:00,710.278471112886,726.4913492578542,707.1903038471778,724.947265625,72400,0.0,0.0
2013-04-16 00:00:00+09:00,709.5064491659907,731.895662469379,701.0139889474642,728.8074951171875,95800,0.0,0.0
2013-04-17 00:00:00+09:00,728.8074471745466,749.6525754305983,728.8074471745466,745.0203247070312,84400,0.0,0.0
2013-04-18 00:00:00+09:00,745.0203076530905,794.430980906767,742.7041823443244,787.4826049804688,144200,0.0,0.0
2013-04-19 00:00:00+09:00,779.7622353799112,779.7622353799112,765.8654826701702,771.269775390625,73100,0.0,0.0
2013-04-22 00:00:00+09:00,787.4823436551881,806.0113399764866,787.4823436551881,795.2027587890625,130700,0.0,0.0
2013-04-23 00:00:00+09:00,748.8805626915978,775.902026293872,745.0203536055586,771.269775390625,154000,0.0,0.0
2013-04-24 00:00:00+09:00,772.0417928790856,793.6589630797,765.0934167431739,773.5858764648438,93700,0.0,0.0
2013-04-25 00:00:00+09:00,772.0416577220313,790.5706575073601,772.0416577220313,786.71044921875,66900,0.0,0.0
2013-04-26 00:00:00+09:00,791.3427414073888,798.2911166977951,782.8502827191144,794.430908203125,74400,0.0,0.0
2013-04-30 00:00:00+09:00,799.0632412658633,813.7320350668792,795.2030323708592,809.871826171875,144100,0.0,0.0
2013-05-01 00:00:00+09:00,810.6438679508758,819.9083692988859,787.4826145808508,809.871826171875,102200,0.0,0.0
2013-05-02 00:00:00+09:00,810.6437172614359,843.0694659518933,801.379217635591,842.2974243164062,100200,0.0,0.0
2013-05-07 00:00:00+09:00,848.4738794399426,879.3555493012691,847.7018376934095,871.6351318359375,72500,0.0,0.0
2013-05-08 00:00:00+09:00,864.6865992437215,876.2672233407355,844.6135174755636,845.3855590820312,67600,0.0,0.0
2013-05-09 00:00:00+09:00,841.5255570123898,847.7018913757835,828.4008464901782,831.489013671875,46800,0.0,0.0
2013-05-10 00:00:00+09:00,845.3857046481783,876.2673742243674,840.7534542117498,872.4071655273438,74700,0.0,0.0
2013-05-13 00:00:00+09:00,886.3039616351696,887.8480451920252,860.8265829470506,862.3706665039062,42800,0.0,0.0
2013-05-14 00:00:00+09:00,880.1274706433703,886.3038037706922,871.6350125933027,883.2156372070312,59800,0.0,0.0
2013-05-15 00:00:00+09:00,887.0758935697049,900.2006021777859,866.2307681333411,878.5834350585938,82400,0.0,0.0
2013-05-16 00:00:00+09:00,881.6715671705163,901.7446501358695,849.2458177649456,870.0909423828125,79200,0.0,0.0
2013-05-17 00:00:00+09:00,883.987928393952,883.987928393952,846.157877309844,853.8782958984375,105100,0.0,0.0
2013-05-20 00:00:00+09:00,860.8266163037025,904.0609575709736,860.8266163037025,894.0244140625,111000,0.0,0.0
2013-05-21 00:00:00+09:00,888.6201164252411,888.6201164252411,864.686820500669,865.4588623046875,52700,0.0,0.0
2013-05-22 00:00:00+09:00,867.7751879381004,882.4439855989758,863.9149780273438,863.9149780273438,47300,0.0,0.0
2013-05-23 00:00:00+09:00,854.6502166062259,878.5835108381978,822.9965048800693,824.5405883789062,144600,0.0,0.0
2013-05-24 00:00:00+09:00,783.6223910047233,836.1212309932172,783.6223910047233,822.9965209960938,117800,0.0,0.0
2013-05-27 00:00:00+09:00,789.0267496744791,789.7987915039063,763.5493693033854,764.3214111328125,78500,0.0,0.0
2013-05-28 00:00:00+09:00,764.3212003486101,802.9232811742975,747.3362847853076,796.7469482421875,92800,0.0,0.0
2013-05-29 00:00:00+09:00,806.7836501264342,812.1879425196255,785.9385223241244,799.063232421875,56400,0.0,0.0
2013-05-30 00:00:00+09:00,774.3579590713905,786.7106284085213,757.3730387328355,758.1450805664062,57700,0.0,0.0
2013-05-31 00:00:00+09:00,800.607327764262,817.592246964661,745.7923612538834,792.1148681640625,103000,0.0,0.0
2013-06-03 00:00:00+09:00,760.4610798939938,760.4610798939938,733.439620202329,734.9837036132812,106600,0.0,0.0
2013-06-04 00:00:00+09:00,717.9988592356323,765.865449851341,713.3666085308863,762.7772827148438,106400,0.0,0.0
2013-06-05 00:00:00+09:00,752.7407920966714,773.5859217239638,728.8074951171875,728.8074951171875,42500,0.0,0.0
2013-06-06 00:00:00+09:00,725.7191234072222,747.3362887853098,692.5213337194451,707.1901245117188,70700,0.0,0.0
2013-06-07 00:00:00+09:00,707.1903241878182,707.1903241878182,667.0441485789028,682.4849853515625,79000,0.0,0.0
2013-06-10 00:00:00+09:00,701.7859271892065,721.0869702912199,701.7859271892065,715.6826782226562,44700,0.0,0.0
2013-06-11 00:00:00+09:00,710.2784914010358,711.0505332395152,687.1172362466542,694.0656127929688,50700,0.0,0.0
2013-06-12 00:00:00+09:00,689.4333577519576,697.9258179258338,676.3086465741487,688.6613159179688,44400,0.0,0.0
2013-06-13 00:00:00+09:00,673.2204332701554,682.4849346454328,643.110803800504,652.3753051757812,72100,0.0,0.0
2013-06-14 00:00:00+09:00,667.8161949356115,680.9409062811669,650.8312743707752,653.1473999023438,133000,0.0,0.0
2013-06-17 00:00:00+09:00,648.514988111413,665.4999044667119,643.8827381963315,657.0074462890625,74500,0.0,0.0
2013-06-18 00:00:00+09:00,656.2356451676355,660.0958548450922,644.6550161352656,651.6033935546875,50300,0.0,0.0
2013-06-19 00:00:00+09:00,664.7280393818257,682.4850021063112,657.0076208059625,669.3602905273438,49700,0.0,0.0
2013-06-20 00:00:00+09:00,663.9558627567777,664.7279044576577,634.6182781233388,635.3903198242188,108600,0.0,0.0
2013-06-21 00:00:00+09:00,623.809671252335,664.7278798864609,618.405379545941,619.949462890625,387800,0.0,0.0
2013-06-24 00:00:00+09:00,629.9860813654649,654.6914178896008,629.9860813654649,647.7430419921875,92200,0.0,0.0
2013-06-25 00:00:00+09:00,643.1106830977466,648.5149745523495,621.4935172793349,634.6182250976562,94600,0.0,0.0
2013-06-26 00:00:00+09:00,635.390379166092,640.0226298039978,609.9130006576096,612.2291259765625,72500,0.0,0.0
2013-06-27 00:00:00+09:00,610.6850432594224,623.8097534179688,606.0527926152296,623.8097534179688,57200,0.0,0.0
2013-06-28 00:00:00+09:00,621.4936803598873,661.6398559856192,619.1775548430182,659.32373046875,117800,0.0,0.0
2013-07-01 00:00:00+09:00,666.2719461192255,666.2719461192255,650.0590714164401,657.0074462890625,74400,0.0,0.0
2013-07-02 00:00:00+09:00,657.007488255163,670.1321971862297,653.9193214478531,664.7279052734375,104200,0.0,0.0
2013-07-03 00:00:00+09:00,666.2720314180877,690.9773674614005,666.2720314180877,684.0289916992188,105400,0.0,0.0
2013-07-04 00:00:00+09:00,681.7128664451582,690.205325710047,681.7128664451582,684.0289916992188,33600,0.0,0.0
2013-07-05 00:00:00+09:00,693.2935389433551,708.734375,687.8892463235294,708.734375,66300,0.0,0.0
2013-07-08 00:00:00+09:00,726.4913033508169,727.2633451184586,711.0504679979833,711.822509765625,71200,0.0,0.0
2013-07-09 00:00:00+09:00,719.5430590795221,762.777405977004,719.5430590795221,751.19677734375,159800,0.0,0.0
2013-07-10 00:00:00+09:00,759.6891848717207,759.6891848717207,729.5795525444879,750.4246826171875,65900,0.0,0.0
2013-07-11 00:00:00+09:00,745.0203693957047,761.233247900689,741.932202061422,758.1450805664062,56400,0.0,0.0
2013-07-12 00:00:00+09:00,759.6891848717207,759.6891848717207,745.792431489921,750.4246826171875,49600,0.0,0.0
2013-07-16 00:00:00+09:00,750.4246500984567,759.6891519515241,745.7923991719231,753.5128173828125,46200,0.0,0.0
2013-07-17 00:00:00+09:00,758.1449840399821,773.5858187454807,751.1966084225077,767.4094848632812,107500,0.0,0.0
2013-07-18 00:00:00+09:00,765.0934007500273,782.0783198383225,762.0052336430645,775.1299438476562,627400,0.0,0.0
2013-07-19 00:00:00+09:00,783.6223399410113,785.1664233694665,750.4245462292247,763.5492553710938,83100,0.0,0.0
2013-07-22 00:00:00+09:00,782.8502985314478,795.2029659638966,768.9535476699429,792.8868408203125,87300,0.0,0.0
2013-07-23 00:00:00+09:00,789.7987420962189,794.4309927830003,775.901990035875,780.5342407226562,41900,0.0,0.0
2013-07-24 00:00:00+09:00,768.1814547811643,778.2179964014208,765.8653297918744,774.3577880859375,41700,0.0,0.0
2013-07-25 00:00:00+09:00,794.4310144603139,827.6288119547681,794.4310144603139,807.5557250976562,130200,0.0,0.0
2013-07-26 00:00:00+09:00,806.0115897700472,823.7685500810732,788.2546294590212,818.3642578125,111900,0.0,0.0
2013-07-29 00:00:00+09:00,813.7319939581903,813.7319939581903,771.2696982582847,772.8137817382812,82600,0.0,0.0
2013-07-30 00:00:00+09:00,760.4611743716742,785.1665120162363,760.4611743716742,784.3944702148438,67700,0.0,0.0
2013-07-31 00:00:00+09:00,765.8654906217716,772.0418252235602,747.3364868164062,747.3364868164062,65400,0.0,0.0
2013-08-01 00:00:00+09:00,740.3880598152415,740.3880598152415,704.8741382808295,717.226806640625,146300,0.0,0.0
2013-08-02 00:00:00+09:00,741.1600836880805,748.1084594726562,733.439666149663,748.1084594726562,61700,0.0,0.0
2013-08-05 00:00:00+09:00,748.8805456440817,750.4246292433479,734.9837932506864,738.0719604492188,65600,0.0,0.0
2013-08-06 00:00:00+09:00,744.2483477808321,754.2848918899097,734.9838455262989,750.4246826171875,90200,0.0,0.0
2013-08-07 00:00:00+09:00,749.6526247444799,751.1967084205756,728.0354532791396,728.8074951171875,55400,0.0,0.0
2013-08-08 00:00:00+09:00,717.2267216367271,745.0202221522516,716.4546799557403,719.5428466796875,52900,0.0,0.0
2013-08-09 00:00:00+09:00,717.2269417140794,728.8075704823369,701.7861033564028,710.278564453125,60900,0.0,0.0
2013-08-12 00:00:00+09:00,705.6461293594614,707.9622545105318,689.4332533019682,698.69775390625,53400,0.0,0.0
2013-08-13 00:00:00+09:00,702.558036787721,717.9988727610776,697.925785995714,714.9107055664062,50600,0.0,0.0
2013-08-14 00:00:00+09:00,725.7192093286759,727.2632927527794,711.8224585117438,722.6310424804688,36500,0.0,0.0
2013-08-15 00:00:00+09:00,711.0503326149486,724.9470817865763,707.1901245117188,707.1901245117188,62000,0.0,0.0
2013-08-16 00:00:00+09:00,697.1536945757475,704.8741120129097,686.3451101637204,696.3816528320312,89200,0.0,0.0
2013-08-19 00:00:00+09:00,694.8375548320184,714.1385980217967,687.8891792836984,709.50634765625,51700,0.0,0.0
2013-08-20 00:00:00+09:00,697.9258179258338,708.7344036016764,687.88927408398,688.6613159179688,27900,0.0,0.0
2013-08-21 00:00:00+09:00,694.0655391133513,704.8741237046604,687.1171633046525,689.4332885742188,36800,0.0,0.0
2013-08-22 00:00:00+09:00,689.4333617620924,701.0139893392832,684.0290688927367,694.0656127929688,17300,0.0,0.0
2013-08-23 00:00:00+09:00,707.1903157552083,707.9623575846354,688.6613118489583,694.837646484375,43400,0.0,0.0
2013-08-26 00:00:00+09:00,701.7859531618515,702.5579949145047,694.8375773879717,695.609619140625,12300,0.0,0.0
2013-08-27 00:00:00+09:00,695.6095902220727,697.9257153837444,688.6612147370575,692.5214233398438,11800,0.0,0.0
2013-08-28 00:00:00+09:00,690.2053670883179,694.8376178741455,679.3967819213867,691.7494506835938,45200,0.0,0.0
2013-08-29 00:00:00+09:00,680.9408246938046,687.1171587046329,680.9408246938046,684.0289916992188,21200,0.0,0.0
2013-08-30 00:00:00+09:00,684.8011027018229,693.2935628255208,658.551680501302,660.0957641601562,56100,0.0,0.0
2013-09-02 00:00:00+09:00,658.5514954957044,673.220286133944,653.147204207932,666.2719116210938,54000,0.0,0.0
2013-09-03 00:00:00+09:00,677.8527262369792,694.837646484375,677.0806844075521,694.837646484375,43900,0.0,0.0
2013-09-04 00:00:00+09:00,684.029018139017,717.2268147304139,679.3967674518453,716.4547729492188,31100,0.0,0.0
2013-09-05 00:00:00+09:00,720.3149862524023,725.71927875376,710.2784430355949,721.8590698242188,31800,0.0,0.0
2013-09-06 00:00:00+09:00,724.9471515582314,725.7191932531816,704.8740674895264,724.1751098632812,27400,0.0,0.0
2013-09-09 00:00:00+09:00,744.2483235677083,744.2483235677083,724.9472778320312,741.16015625,45600,0.0,0.0
2013-09-10 00:00:00+09:00,734.9838135527771,747.3364826881179,734.2117717318183,741.9321899414062,28500,0.0,0.0
2013-09-11 00:00:00+09:00,753.5127920426106,753.5127920426106,722.6311202375856,732.6676635742188,25800,0.0,0.0
2013-09-12 00:00:00+09:00,733.439782856636,734.2118247333273,712.5946521859738,731.1236572265625,17200,0.0,0.0
2013-09-13 00:00:00+09:00,719.5428852282072,736.5278031198602,715.6826766164679,733.4396362304688,66200,0.0,0.0
2013-09-17 00:00:00+09:00,732.6677000585738,759.6891642335476,725.7193235564378,758.1450805664062,54100,0.0,0.0
2013-09-18 00:00:00+09:00,762.7771846248414,770.497601473271,758.9169762006267,760.4610595703125,25400,0.0,0.0
2013-09-19 00:00:00+09:00,761.2332317669232,771.269775390625,755.0568972292605,771.269775390625,27400,0.0,0.0
2013-09-20 00:00:00+09:00,776.6740763020181,777.4461181273681,766.6375325724691,770.4977416992188,26200,0.0,0.0
2013-09-24 00:00:00+09:00,758.917021066343,766.6374383711888,756.6008958748891,762.0051879882812,16600,0.0,0.0
2013-09-25 00:00:00+09:00,760.461104527312,762.7772297187659,753.5127289529509,762.0051879882812,19700,0.0,0.0
2013-09-26 00:00:00+09:00,750.3060410552824,769.8046387958043,746.4063215071781,768.2447509765625,22100,10.0,0.0
2013-09-27 00:00:00+09:00,772.9244764678332,776.0442523567043,763.5651488012197,764.3450927734375,32300,0.0,0.0
2013-09-30 00:00:00+09:00,765.124939216276,769.8046024530727,757.3255004882812,757.3255004882812,31400,0.0,0.0
2013-10-01 00:00:00+09:00,760.445411967044,760.445411967044,751.8660278320312,751.8660278320312,25600,0.0,0.0
2013-10-02 00:00:00+09:00,745.6262932357541,750.3059561640121,721.4480347730885,724.5678100585938,37800,0.0,0.0
2013-10-03 00:00:00+09:00,717.548513191669,736.2671700575386,707.4092407226562,707.4092407226562,34400,0.0,0.0
2013-10-04 00:00:00+09:00,701.9495473080749,717.5484261371433,699.6097154837147,710.5289306640625,29800,0.0,0.0
2013-10-07 00:00:00+09:00,711.3089261968084,715.2086461869226,694.9301022383294,696.489990234375,27300,0.0,0.0
2013-10-08 00:00:00+09:00,698.0497803144007,701.9494997574978,690.2503414282063,697.2698364257812,25700,0.0,0.0
2013-10-09 00:00:00+09:00,698.0496599794217,717.5482538335955,691.0301661919191,712.8685913085938,24900,0.0,0.0
2013-10-10 00:00:00+09:00,708.1890015183833,719.1082151981822,708.1890015183833,711.3087768554688,19500,0.0,0.0
2013-10-11 00:00:00+09:00,725.3479709402754,740.9468520357652,717.5485303925306,735.4872436523438,33900,0.0,0.0
2013-10-15 00:00:00+09:00,740.9466678375542,741.7266116984357,715.9884642893418,719.88818359375,24000,0.0,0.0
2013-10-16 00:00:00+09:00,718.3283316857531,733.1472657813333,717.5483877859858,730.8074340820312,17700,0.0,0.0
2013-10-17 00:00:00+09:00,739.386767578125,758.8853637695313,738.6068237304688,756.5455322265625,32300,0.0,0.0
2013-10-18 00:00:00+09:00,764.3449949686233,775.2642091824607,760.4452756065384,769.024658203125,52100,0.0,0.0
2013-10-21 00:00:00+09:00,772.9243773188457,778.3839844240242,764.3449947249937,776.8240966796875,53300,0.0,0.0
2013-10-22 00:00:00+09:00,818.9412043644832,821.2810363769531,786.9635001940605,790.8632202148438,169100,0.0,0.0
2013-10-23 00:00:00+09:00,786.963504185691,797.8827202992685,769.8047360072121,771.3646240234375,85200,0.0,0.0
2013-10-24 00:00:00+09:00,768.2446778205133,776.044116174021,750.3059696074455,773.7042846679688,75000,0.0,0.0
2013-10-25 00:00:00+09:00,771.3646659177659,771.3646659177659,749.5262325045228,751.0861206054688,85900,0.0,0.0
2013-10-28 00:00:00+09:00,756.5455199816605,760.4452391568236,748.746081631334,754.2056884765625,46200,0.0,0.0
2013-10-29 00:00:00+09:00,744.8463992890086,747.1862309098118,730.8074095641896,733.9271850585938,62400,0.0,0.0
2013-10-30 00:00:00+09:00,743.2865991551477,744.8464870862183,723.0080560512297,726.9077758789062,69600,0.0,0.0
2013-10-31 00:00:00+09:00,727.6876592739544,728.4676031745696,715.9885007647268,719.1082763671875,57600,0.0,0.0
2013-11-01 00:00:00+09:00,722.2279905352676,724.5678220380817,701.9494508442126,711.3087768554688,74100,0.0,0.0
2013-11-05 00:00:00+09:00,722.2279783296636,730.8073603616575,712.0887086554891,716.7683715820312,48200,0.0,0.0
2013-11-06 00:00:00+09:00,720.6681633850553,733.1472657813333,717.5483877859858,730.8074340820312,34200,0.0,0.0
2013-11-07 00:00:00+09:00,726.1277839328932,727.6876717608908,715.2085691369098,717.5484008789062,43100,0.0,0.0
2013-11-08 00:00:00+09:00,711.3088746055159,713.6487064298763,705.849267015342,710.5289306640625,54900,0.0,0.0
2013-11-11 00:00:00+09:00,722.2279163585972,723.0078601127641,710.5287600460929,712.8685913085938,56000,0.0,0.0
2013-11-12 00:00:00+09:00,717.548461254223,724.5679570708404,712.868797376478,721.4481811523438,63700,0.0,0.0
2013-11-13 00:00:00+09:00,723.7880241827439,732.3674080900824,719.1083602332865,727.687744140625,66600,0.0,0.0
2013-11-14 00:00:00+09:00,733.9271973436252,737.0469728902506,725.3478145904054,732.3673095703125,78300,0.0,0.0
2013-11-15 00:00:00+09:00,739.3866464025688,745.6261961612403,729.2473780447276,744.8462524414062,96800,0.0,0.0
2013-11-18 00:00:00+09:00,744.8464479076149,748.7461675301679,738.6068965115302,743.2865600585938,51000,0.0,0.0
2013-11-19 00:00:00+09:00,739.386767578125,744.8463745117188,730.02744140625,740.9466552734375,68600,0.0,0.0
2013-11-20 00:00:00+09:00,738.6070198714417,747.1864044739611,731.5875233784714,735.4872436523438,49700,0.0,0.0
2013-11-21 00:00:00+09:00,738.6068475410941,757.3255004882812,733.1472404314978,757.3255004882812,93300,0.0,0.0
2013-11-22 00:00:00+09:00,763.5651255195232,765.9049573648333,750.3060783960995,755.7656860351562,100100,0.0,0.0
2013-11-25 00:00:00+09:00,767.4648686623086,769.804700578962,753.4258771623884,764.3450927734375,119400,0.0,0.0
2013-11-26 00:00:00+09:00,765.904846314461,778.3839476800733,762.7850709730579,773.7042846679688,120500,0.0,0.0
2013-11-27 00:00:00+09:00,776.0443575877064,793.2031273032135,773.7045253537736,785.4036865234375,104200,0.0,0.0
2013-11-28 00:00:00+09:00,793.9829698852064,802.562353646245,791.6431379503776,801.7824096679688,94000,0.0,0.0
2013-11-29 00:00:00+09:00,805.6820308641455,824.4006840497598,798.6625359195402,814.2614135742188,121600,0.0,0.0
2013-12-02 00:00:00+09:00,823.6207516772598,833.7600222944989,813.4814810600209,828.3004150390625,109400,0.0,0.0
2013-12-03 00:00:00+09:00,836.8797485351563,837.6596923828125,822.8407592773438,830.6401977539062,72900,0.0,0.0
2013-12-04 00:00:00+09:00,816.6012823733291,825.9606093919346,804.1221796818551,809.581787109375,64300,0.0,0.0
2013-12-05 00:00:00+09:00,822.8408094367127,822.8408094367127,797.8826047902911,801.0023803710938,76900,0.0,0.0
2013-12-06 00:00:00+09:00,795.5429250543768,824.4008546887022,795.5429250543768,823.6209106445312,95300,0.0,0.0
2013-12-09 00:00:00+09:00,826.7406582302517,842.3395385742188,826.7406582302517,842.3395385742188,104000,0.0,0.0
2013-12-10 00:00:00+09:00,842.3393433403289,854.0385008867223,831.4201296303617,847.7989501953125,94300,0.0,0.0
2013-12-11 00:00:00+09:00,839.2196411700581,854.0385753542878,819.7210435592297,838.439697265625,80400,0.0,0.0
2013-12-12 00:00:00+09:00,841.5594362175209,841.5594362175209,822.0608394562252,835.3198852539062,50900,0.0,0.0
2013-12-13 00:00:00+09:00,829.0803466452692,837.6597293480895,818.9410761782998,829.8602905273438,91500,0.0,0.0
2013-12-16 00:00:00+09:00,832.2001232390709,832.2001232390709,805.682031214583,806.4619750976562,55300,0.0,0.0
2013-12-17 00:00:00+09:00,813.4815420288551,825.1807013101904,813.4815420288551,820.5010375976562,33600,0.0,0.0
2013-12-18 00:00:00+09:00,822.0610225561893,830.6404070420699,810.361861893625,823.6209106445312,65700,0.0,0.0
2013-12-19 00:00:00+09:00,836.0998910226202,836.0998910226202,822.8408442433436,827.5205078125,55700,0.0,0.0
2013-12-20 00:00:00+09:00,815.8213134299264,825.9605840557284,809.5817622755866,816.6012573242188,70200,0.0,0.0
2013-12-24 00:00:00+09:00,815.0415556560191,816.6014438008153,800.2226182804551,804.9022827148438,65800,0.0,0.0
2013-12-25 00:00:00+09:00,805.6822267872418,809.5819471492323,795.5429538460664,804.9022827148438,55500,0.0,0.0
2013-12-26 00:00:00+09:00,808.021826171875,832.980029296875,808.021826171875,830.6401977539062,40000,0.0,0.0
2013-12-27 00:00:00+09:00,837.6597168652618,837.6597168652618,819.7210078448697,835.3198852539062,57700,0.0,0.0
2013-12-30 00:00:00+09:00,842.3394532155063,842.3394532155063,826.7405744522562,841.5595092773438,65800,0.0,0.0
2014-01-06 00:00:00+09:00,849.3588621497479,869.6374024765555,838.4396481276208,860.278076171875,77300,0.0,0.0
2014-01-07 00:00:00+09:00,868.8574711040859,868.8574711040859,851.6987059655851,854.8184814453125,45900,0.0,0.0
2014-01-08 00:00:00+09:00,870.4172752643453,904.7348022460938,869.6373314693056,904.7348022460938,112200,0.0,0.0
2014-01-09 00:00:00+09:00,923.4537826012804,935.932887771568,913.3145096504218,928.9133911132812,191800,0.0,0.0
2014-01-10 00:00:00+09:00,933.5927247619629,935.9325561523438,916.4339612325033,935.9325561523438,102900,0.0,0.0
2014-01-14 00:00:00+09:00,911.7545408591246,925.0135889297877,896.9356047801483,912.5344848632812,91800,0.0,0.0
2014-01-15 00:00:00+09:00,935.152943698425,935.152943698425,921.1139503818515,928.9133911132812,62300,0.0,0.0
2014-01-16 00:00:00+09:00,935.1526486164814,935.9325924435177,921.893603556865,923.4534912109375,62400,0.0,0.0
2014-01-17 00:00:00+09:00,917.2139050292969,939.0523313395182,914.874073638916,935.9325561523438,88000,0.0,0.0
2014-01-20 00:00:00+09:00,935.9325561523438,952.3113758850097,926.5732305908203,935.9325561523438,69400,0.0,0.0
2014-01-21 00:00:00+09:00,942.9522363590289,943.7321803096982,920.3338617896229,924.2335815429688,38700,0.0,0.0
2014-01-22 00:00:00+09:00,932.8128539835272,953.091394287517,917.9939206844579,934.3727416992188,86700,0.0,0.0
2014-01-23 00:00:00+09:00,941.3925127747518,943.7323450351696,914.0944697365445,915.6543579101562,78200,0.0,0.0
2014-01-24 00:00:00+09:00,889.136071702454,912.5343893788344,882.896520322086,889.916015625,81000,0.0,0.0
2014-01-27 00:00:00+09:00,853.2585933764275,871.9772462475739,850.9187617675342,866.5176391601562,82900,0.0,0.0
2014-01-28 00:00:00+09:00,926.5733684971199,935.15275153876,875.8770141601562,875.8770141601562,214400,0.0,0.0
2014-01-29 00:00:00+09:00,925.013524471267,946.8519550658668,910.9745333747385,932.0330200195312,290100,0.0,0.0
2014-01-30 00:00:00+09:00,917.9939463688778,921.8936657672162,868.0775380701452,892.2557983398438,137100,0.0,0.0
2014-01-31 00:00:00+09:00,912.534439810969,917.9940475705218,871.9773535971482,887.5762329101562,142000,0.0,0.0
2014-02-03 00:00:00+09:00,867.2976327698087,880.5566793139515,847.019090996414,856.37841796875,81700,0.0,0.0
2014-02-04 00:00:00+09:00,813.4815330617678,824.4007482706505,794.7628784179688,794.7628784179688,104700,0.0,0.0
2014-02-05 00:00:00+09:00,784.623664393347,813.481592407814,784.623664393347,810.36181640625,100000,0.0,0.0
2014-02-06 00:00:00+09:00,808.0219343642318,831.4202529269027,808.0219343642318,820.5010375976562,41300,0.0,0.0
2014-02-07 00:00:00+09:00,843.899500462916,848.5791649756493,826.7407305828937,840.7797241210938,49000,0.0,0.0
2014-02-10 00:00:00+09:00,858.7182007949718,863.397864014563,847.0190427459939,854.8184814453125,39300,0.0,0.0
2014-02-12 00:00:00+09:00,873.537109375,877.4368286132812,850.1387939453125,857.938232421875,60500,0.0,0.0
2014-02-13 00:00:00+09:00,857.9383949549726,863.3980029228679,834.5400750925643,837.6598510742188,22600,0.0,0.0
2014-02-14 00:00:00+09:00,832.980243226276,843.8994598977814,795.5429289239714,808.0220336914062,94900,0.0,0.0
2014-02-17 00:00:00+09:00,804.9020863009575,838.4396732301641,804.9020863009575,829.8602905273438,65700,0.0,0.0
2014-02-18 00:00:00+09:00,820.500939483503,854.0385254129617,820.500939483503,852.4786376953125,35000,0.0,0.0
2014-02-19 00:00:00+09:00,850.1389154582263,871.197402354898,842.3394758668665,854.0386352539062,53700,0.0,0.0
2014-02-20 00:00:00+09:00,872.7573892525699,896.9356547278421,839.2197952062245,857.1585083007812,122400,0.0,0.0
2014-02-21 00:00:00+09:00,865.7378297329378,875.0971576219425,855.5985578531827,864.9578857421875,47400,0.0,0.0
2014-02-24 00:00:00+09:00,880.5566535785044,883.6764291447702,845.4591784580149,867.297607421875,30000,0.0,0.0
2014-02-25 00:00:00+09:00,869.637329374041,877.4367673056466,865.7376104082381,873.5370483398438,27100,0.0,0.0
2014-02-26 00:00:00+09:00,858.7180777181736,865.7375715414829,850.1386963785733,850.9186401367188,20200,0.0,0.0
2014-02-27 00:00:00+09:00,843.8992310131813,860.2780515781321,839.219567994624,847.7989501953125,28400,0.0,0.0
2014-02-28 00:00:00+09:00,836.8798456483688,889.9160334434192,835.3199577720437,841.5595092773438,109300,0.0,0.0
2014-03-03 00:00:00+09:00,816.6011479237634,828.3003047708087,797.1025531786878,822.8406982421875,69200,0.0,0.0
2014-03-04 00:00:00+09:00,804.9020739813536,854.8184816701197,804.9020739813536,847.01904296875,71900,0.0,0.0
2014-03-05 00:00:00+09:00,863.3978269238371,863.3978269238371,846.23906252246,847.7989501953125,30900,0.0,0.0
2014-03-06 00:00:00+09:00,841.5594969122196,857.1583754462737,818.9411230378412,843.119384765625,75800,0.0,0.0
2014-03-07 00:00:00+09:00,849.358911927689,849.358911927689,830.6402582212936,838.439697265625,47900,0.0,0.0
2014-03-10 00:00:00+09:00,838.4396238155599,839.2195676516675,822.84074709341,824.400634765625,26900,0.0,0.0
2014-03-11 00:00:00+09:00,823.6207271971289,847.7989871811354,823.6207271971289,835.3198852539062,35900,0.0,0.0
2014-03-12 00:00:00+09:00,822.8408454617853,829.8603408259142,811.921630450918,815.8213500976562,57700,0.0,0.0
2014-03-13 00:00:00+09:00,810.361861893625,829.8604629978989,810.361861893625,823.6209106445312,32300,0.0,0.0
2014-03-14 00:00:00+09:00,811.1416778870241,822.8408367027023,778.384033203125,778.384033203125,132700,0.0,0.0
2014-03-17 00:00:00+09:00,766.68490131327,776.824172642947,751.0860223445361,755.7656860351562,58600,0.0,0.0
2014-03-18 00:00:00+09:00,779.1639653986151,786.9634044916943,765.1249750310725,772.1444702148438,62300,0.0,0.0
2014-03-19 00:00:00+09:00,792.4228878210087,802.5621570549389,774.4841807148244,787.7432250976562,45700,0.0,0.0
2014-03-20 00:00:00+09:00,782.2838169090099,787.743424803689,756.5456654055231,762.7852172851562,69600,0.0,0.0
2014-03-24 00:00:00+09:00,779.164034297958,820.5010651465983,779.164034297958,801.7824096679688,89900,0.0,0.0
2014-03-25 00:00:00+09:00,822.8406982421875,845.4590681464751,815.0412603441573,822.8406982421875,75900,0.0,0.0
2014-03-26 00:00:00+09:00,833.7599971764215,856.3783694103936,833.7599971764215,847.01904296875,98300,0.0,0.0
2014-03-27 00:00:00+09:00,865.158274726095,873.8335172256274,848.5964481360785,856.4830322265625,76100,12.0,0.0
2014-03-28 00:00:00+09:00,864.3695690104167,891.1839534505209,847.0190849609376,887.2406616210938,119300,0.0,0.0
2014-03-31 00:00:00+09:00,899.0706903872282,912.4778848930027,880.142886379076,906.957275390625,132800,0.0,0.0
2014-04-01 00:00:00+09:00,901.4363237765726,928.2507026115712,901.4363237765726,918.7868041992188,129200,0.0,0.0
2014-04-02 00:00:00+09:00,929.0395174315983,943.2353674432865,908.5344007480486,909.3230590820312,134000,0.0,0.0
2014-04-03 00:00:00+09:00,910.1118271928655,929.039629491504,901.4365844726562,901.4365844726562,107400,0.0,0.0
2014-04-04 00:00:00+09:00,903.0138087917019,921.9416091506546,898.2818587019636,904.5911254882812,88800,0.0,0.0
2014-04-07 00:00:00+09:00,885.6634189267701,892.7613448130933,869.1015918586827,872.2562255859375,53600,0.0,0.0
2014-04-08 00:00:00+09:00,855.6943867333939,863.5809709429183,839.9212183143452,841.49853515625,75500,0.0,0.0
2014-04-09 00:00:00+09:00,828.0912189814396,832.0345105003989,813.8953695131864,818.6273193359375,79800,0.0,0.0
2014-04-10 00:00:00+09:00,826.5141047987827,832.8233727743459,808.3749593690385,813.8955688476562,65200,0.0,0.0
2014-04-11 00:00:00+09:00,800.4881046161577,819.4159021637319,789.4468893800728,810.7406616210938,47800,0.0,0.0
2014-04-14 00:00:00+09:00,804.4316638650791,815.4728827808743,803.6430053710938,803.6430053710938,32700,0.0,0.0
2014-04-15 00:00:00+09:00,801.2768719059407,812.318088644802,796.544921875,796.544921875,48500,0.0,0.0
2014-04-16 00:00:00+09:00,804.431475231922,828.8798828125,804.431475231922,828.8798828125,26700,0.0,0.0
2014-04-17 00:00:00+09:00,828.8799605520148,829.6686189350329,817.0500848067434,824.1480102539062,30000,0.0,0.0
2014-04-18 00:00:00+09:00,833.6121554777278,841.4987416222664,820.9936176464661,840.7100830078125,60600,0.0,0.0
2014-04-21 00:00:00+09:00,864.3696899414062,867.524323846302,849.385178893152,864.3696899414062,77000,0.0,0.0
2014-04-22 00:00:00+09:00,835.9779158629498,848.5964504420132,821.7820644615035,827.3026733398438,133000,0.0,0.0
2014-04-23 00:00:00+09:00,823.3591236998259,829.6683890155333,802.8540114237766,806.7973022460938,97600,0.0,0.0
2014-04-24 00:00:00+09:00,802.0656298176117,807.5862388724036,788.6584363988316,797.3336791992188,93800,0.0,0.0
2014-04-25 00:00:00+09:00,802.8543323077986,816.261526462251,796.5450644704092,802.065673828125,67300,0.0,0.0
2014-04-28 00:00:00+09:00,778.4057947716346,779.194453125,746.0708022836538,768.94189453125,179200,0.0,0.0
2014-04-30 00:00:00+09:00,768.9419994295919,775.2512671172193,765.7873655857783,773.6739501953125,75100,0.0,0.0
2014-05-01 00:00:00+09:00,781.5604296680466,795.756280055559,776.0398211840139,791.81298828125,56900,0.0,0.0
2014-05-02 00:00:00+09:00,794.9677038900222,800.4883129448141,785.5038026532362,797.3336791992188,51600,0.0,0.0
2014-05-07 00:00:00+09:00,780.7718539162923,781.5605123545917,751.5914916992188,751.5914916992188,95800,0.0,0.0
2014-05-08 00:00:00+09:00,751.5915149079651,764.99870877306,747.6482225947019,750.8028564453125,50100,0.0,0.0
2014-05-09 00:00:00+09:00,746.0708303351151,761.0553396124589,738.9729048879523,749.2254638671875,73600,0.0,0.0
2014-05-12 00:00:00+09:00,755.5347800396858,757.9007553425241,741.3389282226562,741.3389282226562,35400,0.0,0.0
2014-05-13 00:00:00+09:00,756.3234168546363,761.0553673250512,751.5914663842215,758.6893920898438,50300,0.0,0.0
2014-05-14 00:00:00+09:00,759.4780505015796,768.9419514424092,753.1687832076931,758.6893920898438,24000,0.0,0.0
2014-05-15 00:00:00+09:00,747.6482251700709,749.2255421008094,738.1843235856396,744.4935913085938,39200,0.0,0.0
2014-05-16 00:00:00+09:00,738.1840984485154,738.9727566733536,724.7769086262667,727.1428833007812,66600,0.0,0.0
2014-05-19 00:00:00+09:00,729.5089122643258,733.4522036819708,722.4109877125647,723.1996459960938,28200,0.0,0.0
2014-05-20 00:00:00+09:00,725.5657641918627,737.3956407819475,721.6224719951679,728.7203979492188,28100,0.0,0.0
2014-05-21 00:00:00+09:00,720.8338135558289,734.2410070245916,720.0451551164899,728.7203979492188,31600,0.0,0.0
2014-05-22 00:00:00+09:00,728.7204016621364,743.704912085925,727.1430847754218,738.9729614257812,36300,0.0,0.0
2014-05-23 00:00:00+09:00,738.9729770024618,758.6894385019939,738.9729770024618,757.1121215820312,50900,0.0,0.0
2014-05-26 00:00:00+09:00,760.2666984158209,767.3646240234375,755.5347480107432,767.3646240234375,24900,0.0,0.0
2014-05-27 00:00:00+09:00,768.1533056188513,775.2512314407913,765.7873303448712,766.5759887695312,32600,0.0,0.0
2014-05-28 00:00:00+09:00,764.9985961914062,771.307862964119,762.632621151639,764.9985961914062,29600,0.0,0.0
2014-05-29 00:00:00+09:00,760.2667468299746,764.9986975363853,753.9574792214272,759.4780883789062,39900,0.0,0.0
2014-05-30 00:00:00+09:00,757.9007421340385,764.2100094983177,756.3234252929688,756.3234252929688,36300,0.0,0.0
2014-06-02 00:00:00+09:00,767.3646618727541,773.6739293907212,760.2667359150411,768.1533203125,39500,0.0,0.0
2014-06-03 00:00:00+09:00,774.4625939904,776.0399108824374,767.3646679762313,772.0966186523438,39700,0.0,0.0
2014-06-04 00:00:00+09:00,767.364541316378,767.364541316378,758.689299842092,761.8439331054688,45600,0.0,0.0
2014-06-05 00:00:00+09:00,768.9420193156387,770.5193362783375,758.689459058097,762.6327514648438,42400,0.0,0.0
2014-06-06 00:00:00+09:00,767.3646825076851,773.6739501953125,764.2100486638714,773.6739501953125,49200,0.0,0.0
2014-06-09 00:00:00+09:00,775.2512143999033,775.2512143999033,763.421338290037,771.3079223632812,41600,0.0,0.0
2014-06-10 00:00:00+09:00,768.9418729671762,774.4624812859148,757.9006563296988,763.4212646484375,42000,0.0,0.0
2014-06-11 00:00:00+09:00,762.6325285808618,776.0397188454684,761.8438703300026,774.46240234375,36900,0.0,0.0
2014-06-12 00:00:00+09:00,772.0966125112295,772.0966125112295,761.8440527945329,768.1533203125,50600,0.0,0.0
2014-06-13 00:00:00+09:00,766.5760240467316,776.0399255781728,762.6327317419646,773.6739501953125,116400,0.0,0.0
2014-06-16 00:00:00+09:00,776.8284450789956,781.5603949982586,767.3645452404699,778.40576171875,75200,0.0,0.0
2014-06-17 00:00:00+09:00,784.7148736411176,807.5859604105572,783.1375573121907,806.7973022460938,120100,0.0,0.0
2014-06-18 00:00:00+09:00,811.5294240999131,824.9366157517095,807.58613243762,821.781982421875,87300,0.0,0.0
2014-06-19 00:00:00+09:00,823.3593389096468,828.0912891332655,810.740804979997,816.2614135742188,94800,0.0,0.0
2014-06-20 00:00:00+09:00,812.3182488049329,818.6275167568158,803.6430053710938,803.6430053710938,93600,0.0,0.0
2014-06-23 00:00:00+09:00,813.895516353863,823.3594177068148,802.8542981087523,811.529541015625,57100,0.0,0.0
2014-06-24 00:00:00+09:00,806.0089635337271,813.106889827077,802.8543296255716,808.3749389648438,52200,0.0,0.0
2014-06-25 00:00:00+09:00,801.2769566092667,803.6429318748452,793.3903723906715,795.75634765625,52400,0.0,0.0
2014-06-26 00:00:00+09:00,804.431505259901,804.431505259901,794.9676051980198,796.544921875,35900,0.0,0.0
2014-06-27 00:00:00+09:00,797.3335967652827,798.1222551201445,780.7717713131848,791.81298828125,57200,0.0,0.0
2014-06-30 00:00:00+09:00,778.4056083254101,809.163276739484,778.4056083254101,806.7973022460938,52200,0.0,0.0
2014-07-01 00:00:00+09:00,806.797590339149,817.0501501381802,799.699664324435,811.529541015625,68100,0.0,0.0
2014-07-02 00:00:00+09:00,808.3749416655144,813.1068925435563,797.3337229500829,802.065673828125,70000,0.0,0.0
2014-07-03 00:00:00+09:00,798.122230341498,801.2768636630059,792.6016220288592,798.910888671875,69500,0.0,0.0
2014-07-04 00:00:00+09:00,812.3182518537654,813.8955688476562,802.8543498904206,813.8955688476562,52100,0.0,0.0
2014-07-07 00:00:00+09:00,810.7409171045354,813.89555102323,801.2770153484513,802.065673828125,65400,0.0,0.0
2014-07-08 00:00:00+09:00,804.4316234923245,815.4728418539839,793.3904051306652,809.16357421875,68000,0.0,0.0
2014-07-09 00:00:00+09:00,800.4883623456622,800.4883623456622,786.292509614409,789.4471435546875,88700,0.0,0.0
2014-07-10 00:00:00+09:00,795.7563871020085,795.7563871020085,772.0966332734056,773.6739501953125,104800,0.0,0.0
2014-07-11 00:00:00+09:00,762.6326652902071,790.2357090183946,752.3801061911661,769.7305908203125,86400,0.0,0.0
2014-07-14 00:00:00+09:00,776.828434301418,794.1789170979979,772.8851427567407,793.3902587890625,37100,0.0,0.0
2014-07-15 00:00:00+09:00,792.6017456054688,797.3336963255014,791.0244286987911,792.6017456054688,23600,0.0,0.0
2014-07-16 00:00:00+09:00,793.3902587890625,800.4881835694815,784.7150173907725,793.3902587890625,54300,0.0,0.0
2014-07-17 00:00:00+09:00,791.0244286987911,796.5450378721625,785.5038195254198,792.6017456054688,45600,0.0,0.0
2014-07-18 00:00:00+09:00,786.2925736503178,786.2925736503178,772.8853783122482,783.137939453125,49300,0.0,0.0
2014-07-22 00:00:00+09:00,783.9265341592002,790.2358020397571,783.1378756741306,789.4471435546875,35000,0.0,0.0
2014-07-23 00:00:00+09:00,791.8130387931035,804.4315732758621,783.9264547413793,800.48828125,61800,0.0,0.0
2014-07-24 00:00:00+09:00,797.3335802134901,806.7974802753713,791.0243135055694,796.544921875,34700,0.0,0.0
2014-07-25 00:00:00+09:00,828.0913113680753,883.2973987926136,828.0913113680753,867.5242309570312,486300,0.0,0.0
2014-07-28 00:00:00+09:00,867.5241965226079,874.6221217668838,851.751029313106,854.1170043945312,105300,0.0,0.0
2014-07-29 00:00:00+09:00,859.6374892139522,882.5085783765253,859.6374892139522,860.4261474609375,151500,0.0,0.0
2014-07-30 00:00:00+09:00,865.94702482729,895.9160475444457,865.94702482729,892.7614135742188,133400,0.0,0.0
2014-07-31 00:00:00+09:00,895.12734859423,905.3799085340759,882.5088132836506,898.281982421875,156600,0.0,0.0
2014-08-01 00:00:00+09:00,862.0036575964059,894.338652986573,862.0036575964059,874.6221923828125,122100,0.0,0.0
2014-08-04 00:00:00+09:00,869.1013881777756,869.8900464247608,855.6941979790258,860.4261474609375,70800,0.0,0.0
2014-08-05 00:00:00+09:00,855.6943717562536,862.0036390134427,839.9212036132812,839.9212036132812,80700,0.0,0.0
2014-08-06 00:00:00+09:00,832.0346402410252,849.3851256299375,828.8800065339501,845.4418334960938,86500,0.0,0.0
2014-08-07 00:00:00+09:00,848.5964207711388,852.5397126892203,836.7665450168944,847.0191040039062,82500,0.0,0.0
2014-08-08 00:00:00+09:00,832.823271550679,850.1737563746515,813.1068115234375,813.1068115234375,103800,0.0,0.0
2014-08-11 00:00:00+09:00,818.6273301203448,839.921104603244,808.374772035986,839.1324462890625,99800,0.0,0.0
2014-08-12 00:00:00+09:00,833.6119300698334,843.0758308842496,831.2459548662293,835.9779052734375,65500,0.0,0.0
2014-08-13 00:00:00+09:00,828.0913420000586,843.8645104191073,827.3026835791062,841.49853515625,51200,0.0,0.0
2014-08-14 00:00:00+09:00,827.3025943329059,847.0190527297816,827.3025943329059,838.3438110351562,74800,0.0,0.0
2014-08-15 00:00:00+09:00,835.1892531703895,841.4985204275785,830.4573027274978,839.9212036132812,59900,0.0,0.0
2014-08-18 00:00:00+09:00,843.0757404407666,865.9468316220409,841.4984238075753,862.0035400390625,39100,0.0,0.0
2014-08-19 00:00:00+09:00,861.2149301094945,861.2149301094945,820.2046953423758,824.9366455078125,228500,0.0,0.0
2014-08-20 00:00:00+09:00,832.0344679058992,844.6530001205858,832.0344679058992,843.07568359375,82200,0.0,0.0
2014-08-21 00:00:00+09:00,848.5963958712056,855.6943211154814,844.6531040688301,854.1170043945312,69400,0.0,0.0
2014-08-22 00:00:00+09:00,859.6377738023596,863.5810663427374,848.5965546893018,854.9058227539062,83700,0.0,0.0
2014-08-25 00:00:00+09:00,864.3696078325872,864.3696078325872,853.3283902142878,858.8489990234375,34200,0.0,0.0
2014-08-26 00:00:00+09:00,859.6378531659467,863.5811460703777,847.8079744526539,850.1739501953125,35900,0.0,0.0
2014-08-27 00:00:00+09:00,846.2305820847976,854.117167192764,839.9213139984244,848.5965576171875,45200,0.0,0.0
2014-08-28 00:00:00+09:00,842.2871851270444,845.4418187792056,830.4573089314398,843.864501953125,75900,0.0,0.0
2014-08-29 00:00:00+09:00,833.6118887400073,850.9623727062137,828.8799385674056,847.8077392578125,87100,0.0,0.0
2014-09-01 00:00:00+09:00,841.4985204275785,848.596446091916,836.7665699846867,839.9212036132812,76600,0.0,0.0
2014-09-02 00:00:00+09:00,843.0756660272615,865.1580969428492,831.2457923224823,860.4261474609375,108300,0.0,0.0
2014-09-03 00:00:00+09:00,863.5810314651824,866.735665370078,850.1738373693759,864.3696899414062,128800,0.0,0.0
2014-09-04 00:00:00+09:00,860.4262413046115,865.1581913026203,850.1736829755922,850.9623413085938,56300,0.0,0.0
2014-09-05 00:00:00+09:00,855.6945966824358,855.6945966824358,839.1327657789047,840.7100830078125,53400,0.0,0.0
2014-09-08 00:00:00+09:00,855.694294424407,857.271611096157,832.8232026840311,838.3438110351562,95500,0.0,0.0
2014-09-09 00:00:00+09:00,846.2305042316204,859.6376976817021,841.4985536021799,853.3284301757812,75300,0.0,0.0
2014-09-10 00:00:00+09:00,843.0758208118785,867.5242309570312,843.0758208118785,867.5242309570312,73500,0.0,0.0
2014-09-11 00:00:00+09:00,867.5241496705788,873.8334162136376,854.116958266579,855.6942749023438,106100,0.0,0.0
2014-09-12 00:00:00+09:00,849.385133336802,874.6222032223894,849.385133336802,865.9469604492188,119500,0.0,0.0
2014-09-16 00:00:00+09:00,863.5810314651824,874.6222501323172,854.1171297504955,864.3696899414062,86800,0.0,0.0
2014-09-17 00:00:00+09:00,859.6377444797092,865.9470123291015,851.7511596679688,851.7511596679688,85500,0.0,0.0
2014-09-18 00:00:00+09:00,859.63764703924,871.4675229159269,858.8489886474609,867.5242309570312,85200,0.0,0.0
2014-09-19 00:00:00+09:00,869.8900861513646,897.4931260564397,868.3127695853603,896.7044677734375,163100,0.0,0.0
2014-09-22 00:00:00+09:00,894.338860296434,895.9161775103606,873.833736515387,880.1430053710938,102100,0.0,0.0
2014-09-24 00:00:00+09:00,873.8335619390324,901.4366076681534,872.2562450402255,900.64794921875,96300,0.0,0.0
2014-09-25 00:00:00+09:00,900.6480045615083,914.8438575230732,900.6480045615083,913.2665405273438,82300,0.0,0.0
2014-09-26 00:00:00+09:00,916.4540431347742,927.610874964241,910.8756272200408,914.0632934570312,81200,12.0,0.0
2014-09-29 00:00:00+09:00,925.2202205509335,926.8140538335363,914.0633875727137,920.438720703125,45900,0.0,0.0
2014-09-30 00:00:00+09:00,912.4695322734071,926.8140314707183,906.0941992968244,922.0325317382812,98300,0.0,0.0
2014-10-01 00:00:00+09:00,927.6109652364328,928.4078818732338,902.1096328587988,907.6880493164062,85900,0.0,0.0
2014-10-02 00:00:00+09:00,883.780464366566,893.3434630792791,874.217465653853,876.6082153320312,96200,0.0,0.0
2014-10-03 00:00:00+09:00,864.6546437731528,878.999144775841,860.6700601612949,863.8577270507812,71200,0.0,0.0
2014-10-06 00:00:00+09:00,889.3589115503347,889.3589115503347,871.8267466272994,885.3743286132812,49800,0.0,0.0
2014-10-07 00:00:00+09:00,875.0144069723887,896.5311546848244,871.8267406446204,872.6236572265625,73500,0.0,0.0
2014-10-08 00:00:00+09:00,860.6700142525337,890.1559314074816,848.7162640545819,884.5775146484375,102800,0.0,0.0
2014-10-09 00:00:00+09:00,893.3435856962953,893.3435856962953,861.4669189453125,861.4669189453125,75500,0.0,0.0
2014-10-10 00:00:00+09:00,840.7469507949887,848.7161162053677,835.9654515487613,838.356201171875,54900,0.0,0.0
2014-10-14 00:00:00+09:00,805.6827221750865,835.168637823433,805.6827221750865,820.0272216796875,59400,0.0,0.0
2014-10-15 00:00:00+09:00,822.4178856382979,830.3870511968084,812.8548869680851,824.01171875,83700,0.0,0.0
2014-10-16 00:00:00+09:00,797.7134032345201,806.4794845887457,790.5411548537902,793.7288208007812,65400,0.0,0.0
2014-10-17 00:00:00+09:00,805.6827342891214,819.2303173582758,788.1505679643334,792.9320678710938,70500,0.0,0.0
2014-10-20 00:00:00+09:00,828.7932686680712,856.6853498251697,819.2302694142088,851.10693359375,111700,0.0,0.0
2014-10-21 00:00:00+09:00,820.0272110276142,820.8241276564067,788.9474625047017,794.52587890625,171400,0.0,0.0
2014-10-22 00:00:00+09:00,798.510398071289,808.0733968505859,788.1504827270508,796.9165649414062,130200,0.0,0.0
2014-10-23 00:00:00+09:00,790.5413285136816,808.0734950734609,780.9783285719839,800.9012451171875,83400,0.0,0.0
2014-10-24 00:00:00+09:00,802.4950745196968,814.4488243884113,769.0245748872964,770.618408203125,177600,0.0,0.0
2014-10-27 00:00:00+09:00,770.6183721657354,773.0091220276767,758.664622856029,766.6337890625,139200,0.0,0.0
2014-10-28 00:00:00+09:00,766.6337975164776,772.2122139225226,757.0707979632574,759.4615478515625,161500,0.0,0.0
2014-10-29 00:00:00+09:00,760.2586027043741,777.7907717394854,760.2586027043741,762.6493530273438,103300,0.0,0.0
2014-10-30 00:00:00+09:00,765.8368219957854,769.8214048365543,754.6799900416323,757.0707397460938,168000,0.0,0.0
2014-10-31 00:00:00+09:00,759.461553079548,780.9783022224103,758.6646364446271,772.2122192382812,186500,0.0,0.0
2014-11-04 00:00:00+09:00,800.9011865732621,802.495019780373,778.5875216737085,780.978271484375,226000,0.0,0.0
2014-11-05 00:00:00+09:00,781.7751412898936,826.4024684175531,781.7751412898936,824.01171875,178700,0.0,0.0
2014-11-06 00:00:00+09:00,831.9809459339489,835.9655290083451,800.9011979536576,806.4796142578125,141000,0.0,0.0
2014-11-07 00:00:00+09:00,809.667277940271,815.2456942252925,799.3073619823738,808.870361328125,84600,0.0,0.0
2014-11-10 00:00:00+09:00,804.8857149674991,814.4487135611723,802.4949653190807,811.2610473632812,88100,0.0,0.0
2014-11-11 00:00:00+09:00,816.8394890384398,837.5593199799026,812.0579895904099,824.8086547851562,129800,0.0,0.0
2014-11-12 00:00:00+09:00,835.9655318311068,836.762448448677,818.4333662445631,821.6210327148438,90200,0.0,0.0
2014-11-13 00:00:00+09:00,824.0116916883472,835.1685231038567,816.839442921234,830.3870239257812,49900,0.0,0.0
2014-11-14 00:00:00+09:00,848.7161892820886,848.7161892820886,831.9809404793433,846.325439453125,88600,0.0,0.0
2014-11-17 00:00:00+09:00,848.7162731346601,848.7162731346601,808.8704387151926,812.05810546875,111500,0.0,0.0
2014-11-18 00:00:00+09:00,817.6364332986401,839.1531815433411,817.6364332986401,835.9655151367188,114700,0.0,0.0
2014-11-19 00:00:00+09:00,844.7317374465812,857.4824051816239,839.1533203125,839.1533203125,91200,0.0,0.0
2014-11-20 00:00:00+09:00,847.1222534179688,878.998913941693,835.1685057215723,847.1222534179688,839300,0.0,0.0
2014-11-21 00:00:00+09:00,848.7160242292227,882.9834317802619,829.5900293170149,869.4358520507812,732000,0.0,0.0
2014-11-25 00:00:00+09:00,884.5775549847147,916.4542236328125,876.6083878226902,916.4542236328125,498100,0.0,0.0
2014-11-26 00:00:00+09:00,904.5003185272217,909.2818180084229,890.1558200836181,892.5465698242188,148100,0.0,0.0
2014-11-27 00:00:00+09:00,888.5619637229225,890.155796841708,876.6082153320312,876.6082153320312,57900,0.0,0.0
2014-11-28 00:00:00+09:00,880.5928817776818,892.5466313040756,869.4360488863808,875.0144653320312,268200,0.0,0.0
2014-12-01 00:00:00+09:00,876.608158991887,915.6570678924347,868.6389939101425,911.6724853515625,307200,0.0,0.0
2014-12-02 00:00:00+09:00,907.6878203014221,913.2662353515626,900.515572379813,913.2662353515625,84500,0.0,0.0
2014-12-03 00:00:00+09:00,916.4540989652594,944.346180238115,910.8756827106882,936.3770141601562,169000,0.0,0.0
2014-12-04 00:00:00+09:00,937.1738891601562,949.9245543187978,913.2663919877033,937.1738891601562,265000,0.0,0.0
2014-12-05 00:00:00+09:00,933.9862098469642,951.5183741956273,921.2355448661183,949.1276245117188,733700,0.0,0.0
2014-12-08 00:00:00+09:00,956.3000024723101,957.0969191410371,936.377085754137,944.3462524414062,188500,0.0,0.0
2014-12-09 00:00:00+09:00,944.3462476901666,945.143164354884,928.4079143958178,931.5955810546875,116400,0.0,0.0
2014-12-10 00:00:00+09:00,924.4232125388615,949.9245425399336,918.0478800385935,929.2047119140625,146800,0.0,0.0
2014-12-11 00:00:00+09:00,905.2972552014982,922.8294203550483,900.5157556141663,910.8756713867188,166100,0.0,0.0
2014-12-12 00:00:00+09:00,904.500360647698,923.626359463156,904.500360647698,909.2818603515625,74600,0.0,0.0
2014-12-15 00:00:00+09:00,891.7496836518682,900.5157663329858,882.9836009707507,883.780517578125,70300,0.0,0.0
2014-12-16 00:00:00+09:00,872.623593202151,900.5156715236809,863.0605949204836,894.937255859375,214000,0.0,0.0
2014-12-17 00:00:00+09:00,884.57754619345,891.7497965679914,873.4207122774966,875.8114624023438,71300,0.0,0.0
2014-12-18 00:00:00+09:00,908.4851204080785,908.4851204080785,895.7344520514738,898.922119140625,48500,0.0,0.0
2014-12-19 00:00:00+09:00,916.4540599885969,932.3923914666594,909.2818108234687,917.2509765625,123700,0.0,0.0
2014-12-22 00:00:00+09:00,926.813953144904,926.813953144904,905.2972061673353,918.8447875976562,54700,0.0,0.0
2014-12-24 00:00:00+09:00,926.8139208063878,935.580002602493,924.4231712256319,930.0015869140625,54800,0.0,0.0
2014-12-25 00:00:00+09:00,918.0481342071058,927.6111356050965,914.8604670744422,919.6419677734375,35300,0.0,0.0
2014-12-26 00:00:00+09:00,913.2663398487708,931.5954199678998,913.2663398487708,930.0015869140625,17000,0.0,0.0
2014-12-29 00:00:00+09:00,926.0172149684533,930.7987152178603,914.8603810531708,923.62646484375,40800,0.0,0.0
2014-12-30 00:00:00+09:00,925.2201926977774,926.0171093150882,908.4849437342517,909.2818603515625,38100,0.0,0.0
2015-01-05 00:00:00+09:00,910.0787054956838,927.6108696996288,907.6879558315096,918.8447875976562,47600,0.0,0.0
2015-01-06 00:00:00+09:00,900.5158482457066,900.5158482457066,882.9836812887105,884.5775146484375,69900,0.0,0.0
2015-01-07 00:00:00+09:00,886.9680981182324,892.5465138296679,885.3742650578223,887.7650146484375,33700,0.0,0.0
2015-01-08 00:00:00+09:00,889.3589174800355,902.9064995563442,889.3589174800355,898.125,34500,0.0,0.0
2015-01-09 00:00:00+09:00,904.5004272460938,910.0788439780081,896.5312604862163,904.5004272460938,48800,0.0,0.0
2015-01-13 00:00:00+09:00,896.5312856488523,900.515869140625,886.1713685702433,900.515869140625,45300,0.0,0.0
2015-01-14 00:00:00+09:00,895.7343801094034,899.7189636508153,873.4207122774966,875.8114624023438,40000,0.0,0.0
2015-01-15 00:00:00+09:00,880.5927633833651,892.5465113025963,876.6081807436213,890.15576171875,40900,0.0,0.0
2015-01-16 00:00:00+09:00,890.1559314074816,919.6418485624296,867.0453476914414,884.5775146484375,82800,0.0,0.0
2015-01-19 00:00:00+09:00,885.3743507928737,904.5003493698574,873.4206016822587,883.780517578125,94100,0.0,0.0
2015-01-20 00:00:00+09:00,876.6082763671875,894.1404418945312,875.014443137429,894.1404418945312,50200,0.0,0.0
2015-01-21 00:00:00+09:00,894.1404362656109,894.1404362656109,878.2021040683629,881.3897705078125,126300,0.0,0.0
2015-01-22 00:00:00+09:00,881.3897146883877,881.3897146883877,863.0606338223544,876.6082153320312,83100,0.0,0.0
2015-01-23 00:00:00+09:00,882.9835842495052,887.7650838032029,875.0144183266757,880.5928344726562,43200,0.0,0.0
2015-01-26 00:00:00+09:00,900.5156992716961,926.0170288085938,892.5465337914156,926.0170288085938,68700,0.0,0.0
2015-01-27 00:00:00+09:00,926.0170080982804,930.7985072795108,882.186598937002,887.7650146484375,351100,0.0,0.0
2015-01-28 00:00:00+09:00,882.9834838756516,887.7649828858085,867.8420703434879,878.9989013671875,183500,0.0,0.0
2015-01-29 00:00:00+09:00,862.263835614087,871.0299189706074,858.2792522702142,861.4669189453125,128200,0.0,0.0
2015-01-30 00:00:00+09:00,861.4668330689601,873.4205819089549,861.4668330689601,865.451416015625,84400,0.0,0.0
2015-02-02 00:00:00+09:00,864.6544189453125,867.0451684907835,854.2945042482719,864.6544189453125,49500,0.0,0.0
2015-02-03 00:00:00+09:00,864.6543727776942,873.4204539763622,863.0605398324819,870.2327880859375,105400,0.0,0.0
2015-02-04 00:00:00+09:00,875.0144016359418,882.186650829679,871.8267353276142,877.4051513671875,59200,0.0,0.0
2015-02-05 00:00:00+09:00,880.5928732881486,885.374373052609,873.4206236414577,882.1867065429688,92300,0.0,0.0
2015-02-06 00:00:00+09:00,885.3744061251926,891.7497393826197,880.5929061821223,888.5620727539062,68900,0.0,0.0
2015-02-09 00:00:00+09:00,894.9374225469867,895.7343392188897,886.1713391560545,891.749755859375,52900,0.0,0.0
2015-02-10 00:00:00+09:00,879.7958468554164,893.343427830545,879.7958468554164,890.15576171875,39600,0.0,0.0
2015-02-12 00:00:00+09:00,900.5158392503072,909.2819226412394,890.952839187472,891.749755859375,73000,0.0,0.0
2015-02-13 00:00:00+09:00,890.1559314074816,896.5312648463893,884.5775146484374,884.5775146484375,80400,0.0,0.0
2015-02-16 00:00:00+09:00,897.3281963509573,909.2819467463963,893.343612885811,905.29736328125,75000,0.0,0.0
2015-02-17 00:00:00+09:00,893.3434810875576,907.6879794457878,893.3434810875576,897.3280639648438,36700,0.0,0.0
2015-02-18 00:00:00+09:00,908.4848193188647,915.6570678924347,903.703320269818,911.6724853515625,95300,0.0,0.0
2015-02-19 00:00:00+09:00,913.2663640401449,930.001611548734,906.0941151078924,926.0170288085938,105200,0.0,0.0
2015-02-20 00:00:00+09:00,928.4077488735813,934.7830810546875,921.235500169837,934.7830810546875,52800,0.0,0.0
2015-02-23 00:00:00+09:00,932.3925291071283,934.783279181762,919.6418620424155,922.8295288085938,31900,0.0,0.0
2015-02-24 00:00:00+09:00,930.7985034409811,931.5954199678998,923.6262546987133,930.0015869140625,51200,0.0,0.0
2015-02-25 00:00:00+09:00,932.3923897256657,937.9708057325713,925.2201405739297,937.1738891601562,45700,0.0,0.0
2015-02-26 00:00:00+09:00,936.3769813582514,951.5183963759594,933.9862316186134,947.5338134765625,72600,0.0,0.0
2015-02-27 00:00:00+09:00,948.3309294452011,954.7062634246647,943.5494289606036,950.7216796875,86800,0.0,0.0
2015-03-02 00:00:00+09:00,950.7214576343245,955.5029570021417,937.1738760921756,949.1276245117188,81800,0.0,0.0
2015-03-03 00:00:00+09:00,947.5336083291629,950.7212739585293,922.8291997015733,926.8137817382812,79600,0.0,0.0
2015-03-04 00:00:00+09:00,923.6262690009615,939.5645997861378,919.6416863046675,935.5800170898438,60200,0.0,0.0
2015-03-05 00:00:00+09:00,941.955397417407,955.5029792753561,932.3923984588546,947.5338134765625,144300,0.0,0.0
2015-03-06 00:00:00+09:00,954.7062440398556,955.5031607711076,945.9401599960839,949.9247436523438,85700,0.0,0.0
2015-03-09 00:00:00+09:00,941.1584667328449,949.9245489801449,935.5800507572903,941.9553833007812,33100,0.0,0.0
2015-03-10 00:00:00+09:00,947.533792852333,948.3307094148665,925.220129101395,929.2047119140625,73600,0.0,0.0
2015-03-11 00:00:00+09:00,918.0480270127118,948.3308612370895,918.0480270127118,940.3616943359375,87400,0.0,0.0
2015-03-12 00:00:00+09:00,932.3923767243584,955.5029570021417,932.3923767243584,949.1276245117188,136300,0.0,0.0
2015-03-13 00:00:00+09:00,955.5028930868535,956.2998095948492,950.7213940388792,951.518310546875,102400,0.0,0.0
2015-03-16 00:00:00+09:00,956.299932476777,986.582763671875,956.299932476777,986.582763671875,180500,0.0,0.0
2015-03-17 00:00:00+09:00,982.5979855813887,988.1764007468954,972.2380717025907,978.6134033203125,128800,0.0,0.0
2015-03-18 00:00:00+09:00,976.2228092329402,987.3796413384596,970.6443931801806,984.9888916015625,165200,0.0,0.0
2015-03-19 00:00:00+09:00,984.9886550137829,996.1454844395054,950.721250349064,953.1119995117188,184400,0.0,0.0
2015-03-20 00:00:00+09:00,956.2999515329705,989.7704498366245,946.7369520176408,969.8475341796875,152600,0.0,0.0
2015-03-23 00:00:00+09:00,979.4105140786422,981.0043472992747,955.5030157691555,969.0505981445312,62700,0.0,0.0
2015-03-24 00:00:00+09:00,972.2382646847233,987.3796802822723,969.0505982431341,986.582763671875,85800,0.0,0.0
2015-03-25 00:00:00+09:00,986.582523890904,989.7701895577567,970.6441955566405,981.801025390625,85400,0.0,0.0
2015-03-26 00:00:00+09:00,972.2382309263116,973.0351475090381,957.0968158545083,962.6752319335938,45800,0.0,0.0
2015-03-27 00:00:00+09:00,955.4191352915299,975.5756571331234,948.1627874285563,952.194091796875,67300,14.0,0.0
2015-03-30 00:00:00+09:00,962.6751583890972,962.6751583890972,936.874819135788,944.1311645507812,59900,0.0,0.0
2015-03-31 00:00:00+09:00,959.4503363877712,961.8691187484127,942.5188598632812,942.5188598632812,26400,0.0,0.0
2015-04-01 00:00:00+09:00,940.099867323064,946.5499521760524,928.8122188303342,940.9061279296875,67700,0.0,0.0
2015-04-02 00:00:00+09:00,941.7123352766437,973.1564971566002,941.7123352766437,962.6751098632812,121100,0.0,0.0
2015-04-03 00:00:00+09:00,967.5127856304191,982.0254774148754,967.5127856304191,976.3816528320312,56300,0.0,0.0
2015-04-06 00:00:00+09:00,973.9628708679552,982.0254774148754,973.1566102132632,976.3816528320312,38200,0.0,0.0
2015-04-07 00:00:00+09:00,982.0256619813013,999.7633997182377,972.3505323066086,983.63818359375,113100,0.0,0.0
2015-04-08 00:00:00+09:00,990.8943786873513,996.5382034642524,971.5441223094047,974.7691650390625,60600,0.0,0.0
2015-04-09 00:00:00+09:00,981.219298154313,981.219298154313,971.5441694954372,973.9629516601562,27300,0.0,0.0
2015-04-10 00:00:00+09:00,975.5754731033022,977.1879945464482,962.6753015581346,973.9629516601562,47100,0.0,0.0
2015-04-13 00:00:00+09:00,974.7691973907521,977.9942402274461,964.2878081714967,965.9003295898438,31800,0.0,0.0
2015-04-14 00:00:00+09:00,971.544013333011,994.1193099083838,966.7064497811454,993.3130493164062,112100,0.0,0.0
2015-04-15 00:00:00+09:00,982.8318754378935,990.0882223443259,975.5755285314611,984.4443969726562,102400,0.0,0.0
2015-04-16 00:00:00+09:00,985.250244140625,989.2815462852266,973.9625981357406,985.250244140625,70000,0.0,0.0
2015-04-17 00:00:00+09:00,983.6380340626283,990.8943802155493,977.9942092770231,982.0255126953125,61200,0.0,0.0
2015-04-20 00:00:00+09:00,983.6379151403656,990.8942604159913,967.5127034167531,971.5440063476562,68100,0.0,0.0
2015-04-21 00:00:00+09:00,993.3132378294196,1027.9824498640503,977.1880229295913,982.8318481445312,441100,0.0,0.0
2015-04-22 00:00:00+09:00,979.6067605457707,1001.37579966901,971.5441534630894,998.1507568359375,135500,0.0,0.0
2015-04-23 00:00:00+09:00,998.1506369192311,1019.1134128157578,993.313073250802,1005.406982421875,156300,0.0,0.0
2015-04-24 00:00:00+09:00,1004.6008574656951,1011.857203948192,998.9570324237529,1006.21337890625,79000,0.0,0.0
2015-04-27 00:00:00+09:00,1011.0509018495858,1011.0509018495858,985.2505598566139,1003.7945556640625,58600,0.0,0.0
2015-04-28 00:00:00+09:00,1007.8259129678049,1007.8259129678049,991.7006983603201,999.7633056640625,61300,0.0,0.0
2015-04-30 00:00:00+09:00,988.4754857645406,1006.2132187880479,981.2191404367422,993.3130493164062,91000,0.0,0.0
2015-05-01 00:00:00+09:00,989.2818130841084,997.3444195477116,984.4442492059466,990.0880737304688,62800,0.0,0.0
2015-05-07 00:00:00+09:00,985.2505098523069,1006.2132866576751,981.2192066205052,990.0880737304688,76900,0.0,0.0
2015-05-08 00:00:00+09:00,991.7007665314743,1011.8572861764229,986.0569410308887,1011.051025390625,80100,0.0,0.0
2015-05-11 00:00:00+09:00,1011.8570002396519,1020.7258663772107,1007.0194368918927,1008.6319580078125,95800,0.0,0.0
2015-05-12 00:00:00+09:00,1008.6322430332311,1012.663546962221,986.0569410308887,1011.051025390625,61600,0.0,0.0
2015-05-13 00:00:00+09:00,998.9571389120133,1000.569660524462,975.5755755315062,983.63818359375,176400,0.0,0.0
2015-05-14 00:00:00+09:00,969.9314851752949,975.5753092785594,952.1937522793212,971.5440063476562,142800,0.0,0.0
2015-05-15 00:00:00+09:00,986.8632065904793,990.0882497492717,973.9630339553096,986.0569458007812,38300,0.0,0.0
2015-05-18 00:00:00+09:00,991.7006241842274,1001.3757522250492,988.4755815039535,998.9569702148438,45400,0.0,0.0
2015-05-19 00:00:00+09:00,1004.6007493494795,1018.3071801190953,998.1506642814252,1007.01953125,127700,0.0,0.0
2015-05-20 00:00:00+09:00,1011.0508384334231,1023.9510086207714,995.731886335947,996.5381469726562,108500,0.0,0.0
2015-05-21 00:00:00+09:00,996.5383178028981,1019.9198802756198,996.5383178028981,1010.2447509765625,79000,0.0,0.0
2015-05-22 00:00:00+09:00,1019.1135040428755,1019.9197647264538,1004.6008117384675,1014.2759399414062,63100,0.0,0.0
2015-05-25 00:00:00+09:00,1019.9198881057463,1030.4012782601926,1015.8885842001899,1021.5324096679688,85600,0.0,0.0
2015-05-26 00:00:00+09:00,1027.9824546620816,1035.2388014008727,1018.3073256770267,1019.1135864257812,57700,0.0,0.0
2015-05-27 00:00:00+09:00,1022.3384203967103,1027.1759839001647,1011.8570328058922,1024.7572021484375,144600,0.0,0.0
2015-05-28 00:00:00+09:00,1027.982371562236,1035.23871771444,1009.4383758399368,1014.2759399414062,87600,0.0,0.0
2015-05-29 00:00:00+09:00,1021.5323960242489,1030.4012644980191,1016.6948314021924,1020.7261352539062,86800,0.0,0.0
2015-06-01 00:00:00+09:00,1022.3388336931874,1022.3388336931874,1011.8574418651027,1016.6950073242188,45000,0.0,0.0
2015-06-02 00:00:00+09:00,1026.3696981558403,1040.0761277462955,1013.4695291295297,1030.4010009765625,176600,0.0,0.0
2015-06-03 00:00:00+09:00,1037.6574450438322,1048.945094018668,1030.401099274295,1043.30126953125,198300,0.0,0.0
2015-06-04 00:00:00+09:00,1044.1075974102168,1065.8766361207001,1036.851251173389,1040.0762939453125,165700,0.0,0.0
2015-06-05 00:00:00+09:00,1035.238569471571,1047.3324779934353,1030.4010060628254,1044.9136962890625,80200,0.0,0.0
2015-06-08 00:00:00+09:00,1048.1389309249762,1065.070405962995,1047.33267020888,1056.2015380859375,129600,0.0,0.0
2015-06-09 00:00:00+09:00,1049.751422261083,1052.9764650330064,1036.0449904804082,1040.0762939453125,84000,0.0,0.0
2015-06-10 00:00:00+09:00,1044.913899361949,1051.3639851604794,1030.4012063152552,1042.4951171875,85100,0.0,0.0
2015-06-11 00:00:00+09:00,1050.5576327135793,1064.2640638387757,1040.0762442060764,1058.6202392578125,75300,0.0,0.0
2015-06-12 00:00:00+09:00,1064.2642289694995,1077.1644014418573,1055.3953603947539,1075.5518798828125,234500,0.0,0.0
2015-06-15 00:00:00+09:00,1075.5514438649243,1075.5514438649243,1054.588672095443,1071.5201416015625,78800,0.0,0.0
2015-06-16 00:00:00+09:00,1070.7142448512586,1070.7142448512586,1056.2015517734553,1057.0078125,69100,0.0,0.0
2015-06-17 00:00:00+09:00,1057.0076649597816,1065.8765317138302,1053.782622503764,1062.6514892578125,75900,0.0,0.0
2015-06-18 00:00:00+09:00,1057.8141539164742,1060.2329362806124,1046.526502883829,1047.332763671875,67700,0.0,0.0
2015-06-19 00:00:00+09:00,1052.9764964209985,1068.2954500442747,1052.170235703984,1063.4578857421875,111200,0.0,0.0
2015-06-22 00:00:00+09:00,1065.876602310318,1088.4519009976773,1058.620256303667,1073.939208984375,109300,0.0,0.0
2015-06-23 00:00:00+09:00,1080.3891764322916,1088.4517822265625,1067.4890071614582,1088.4517822265625,161700,0.0,0.0
2015-06-24 00:00:00+09:00,1088.4517846518006,1104.5769962762715,1087.645524070577,1095.7081298828125,99600,0.0,0.0
2015-06-25 00:00:00+09:00,1094.0958639318033,1094.0958639318033,1072.3268231608683,1074.74560546875,52900,0.0,0.0
2015-06-26 00:00:00+09:00,1084.420437887145,1087.645480081605,1066.6827058176157,1086.032958984375,77100,0.0,0.0
2015-06-29 00:00:00+09:00,1066.6827367495184,1067.4889973215136,1052.1700464536066,1059.4263916015625,76200,0.0,0.0
2015-06-30 00:00:00+09:00,1052.170194956307,1061.0390625,1046.526370155775,1061.0390625,75800,0.0,0.0
2015-07-01 00:00:00+09:00,1061.0390872896635,1061.845347994291,1044.9138731971154,1048.138916015625,55200,0.0,0.0
2015-07-02 00:00:00+09:00,1052.1701919720242,1058.620277440052,1042.4950637699826,1046.5263671875,62400,0.0,0.0
2015-07-03 00:00:00+09:00,1044.1078560708752,1046.5266387490317,1033.6264644655305,1040.8828125,53400,0.0,0.0
2015-07-06 00:00:00+09:00,1027.9824546620816,1032.0137584058543,1013.4697611844992,1019.1135864257812,93600,0.0,0.0
2015-07-07 00:00:00+09:00,1019.9196974184547,1036.044910025861,1014.2758730058624,1017.5009155273438,65800,0.0,0.0
2015-07-08 00:00:00+09:00,1012.663503210529,1015.8885462143843,986.8631591796875,986.8631591796875,85300,0.0,0.0
2015-07-09 00:00:00+09:00,967.5127034167531,973.1565275200174,943.3248858313343,971.5440063476562,102000,0.0,0.0
2015-07-10 00:00:00+09:00,985.2508422141261,985.2508422141261,960.256753745519,969.931884765625,94600,0.0,0.0
2015-07-13 00:00:00+09:00,983.6377232827843,992.5065880009078,975.5751189935812,985.250244140625,33000,0.0,0.0
2015-07-14 00:00:00+09:00,1005.4073545862814,1025.5638773325982,993.3134409384913,1016.6950073242188,107700,0.0,0.0
2015-07-15 00:00:00+09:00,1015.0820564050643,1015.8883169740914,992.5067604723067,1009.438232421875,96200,0.0,0.0
2015-07-16 00:00:00+09:00,1012.6634093649518,1012.6634093649518,995.7319351637863,1002.98828125,76800,0.0,0.0
2015-07-17 00:00:00+09:00,1005.406915775973,1009.4382185657723,995.7317890804543,1008.6319580078125,44000,0.0,0.0
2015-07-21 00:00:00+09:00,1014.2759445987073,1014.2759445987073,998.9569915403803,1003.7945556640625,60500,0.0,0.0
2015-07-22 00:00:00+09:00,998.1507369663136,1004.6008225040605,983.6380445063834,1000.5695190429688,56700,0.0,0.0
2015-07-23 00:00:00+09:00,1004.6008929481989,1019.1135864257812,1002.9883714506898,1019.1135864257812,73100,0.0,0.0
2015-07-24 00:00:00+09:00,1011.8573540039062,1017.5011798828125,995.7321372070312,1007.8260498046875,78700,0.0,0.0
2015-07-27 00:00:00+09:00,935.2623506680156,953.0000849048229,935.2623506680156,940.0999145507812,209500,0.0,0.0
2015-07-28 00:00:00+09:00,940.0999680156856,953.8063997963603,922.3622327701066,936.0686645507812,171000,0.0,0.0
2015-07-29 00:00:00+09:00,916.7182627239035,920.749565550306,874.7927133293188,881.2427978515625,263000,0.0,0.0
2015-07-30 00:00:00+09:00,887.6929697279113,903.0119219757136,869.1489749016243,875.5990600585938,158300,0.0,0.0
2015-07-31 00:00:00+09:00,890.918220087146,912.6872625689134,886.8869159238558,909.4622192382812,118500,0.0,0.0
2015-08-03 00:00:00+09:00,914.2996835783711,925.5873339929188,910.2683798588897,921.5560302734375,94700,0.0,0.0
2015-08-04 00:00:00+09:00,921.5561455322695,921.5561455322695,903.0121461033611,917.5248413085938,68900,0.0,0.0
2015-08-05 00:00:00+09:00,908.6557967574507,921.5559677850632,897.3681471082899,914.2996215820312,83900,0.0,0.0
2015-08-06 00:00:00+09:00,923.1684158728455,961.8689258832355,923.1684158728455,945.7437133789062,143000,0.0,0.0
2015-08-07 00:00:00+09:00,958.6439033703926,958.6439033703926,936.8748660356571,943.324951171875,82300,0.0,0.0
2015-08-10 00:00:00+09:00,943.3249939274667,953.0001220703125,933.6498657846208,953.0001220703125,74100,0.0,0.0
2015-08-11 00:00:00+09:00,955.4187344497074,965.9001214099152,944.131086954099,953.8062133789062,75500,0.0,0.0
2015-08-12 00:00:00+09:00,944.1312118139023,961.8689459385016,931.2310415414663,943.324951171875,113900,0.0,0.0
2015-08-13 00:00:00+09:00,934.456152032081,958.6439730510306,934.456152032081,947.3563232421875,98200,0.0,0.0
2015-08-14 00:00:00+09:00,948.1625777771152,954.6126633402248,940.0999708232281,950.5813598632812,69500,0.0,0.0
2015-08-17 00:00:00+09:00,952.193841629994,956.2251449391812,944.9374956734572,955.4188842773438,45500,0.0,0.0
2015-08-18 00:00:00+09:00,955.4188980179733,960.2564620585706,940.9062058961813,956.2251586914062,71700,0.0,0.0
2015-08-19 00:00:00+09:00,945.7439157168071,952.1940020985073,928.8124389648438,928.8124389648438,73700,0.0,0.0
2015-08-20 00:00:00+09:00,926.3934057617187,928.0059269205728,907.0431518554688,907.0431518554688,51300,0.0,0.0
2015-08-21 00:00:00+09:00,886.8868253497918,897.3682151039258,871.56787109375,871.56787109375,80600,0.0,0.0
2015-08-24 00:00:00+09:00,832.8673586890811,877.2117001488095,832.8673586890811,846.5737915039062,121900,0.0,0.0
2015-08-25 00:00:00+09:00,822.3859993553916,874.7929502947057,810.2920876001652,815.9359130859375,145800,0.0,0.0
2015-08-26 00:00:00+09:00,840.123665896329,857.0551409287887,821.5796694322066,851.4113159179688,102000,0.0,0.0
2015-08-27 00:00:00+09:00,875.5991877602953,881.2430130957669,861.0864940405114,865.1177978515625,110500,0.0,0.0
2015-08-28 00:00:00+09:00,886.0805527317068,892.5306386478611,875.599163117956,885.2742919921875,68300,0.0,0.0
2015-08-31 00:00:00+09:00,875.5991058916851,875.5991058916851,852.2175459737672,867.5364990234375,102900,0.0,0.0
2015-09-01 00:00:00+09:00,865.1177532602019,865.9240139808545,840.929931640625,840.929931640625,111800,0.0,0.0
2015-09-02 00:00:00+09:00,819.9671294836581,843.3486897147556,814.3233046002898,821.5796508789062,117100,0.0,0.0
2015-09-03 00:00:00+09:00,836.0923093072814,841.7361339602718,821.5796173424492,823.192138671875,51900,0.0,0.0
2015-09-04 00:00:00+09:00,827.2232765289674,827.2232765289674,795.7791168948254,803.0354614257812,73400,0.0,0.0
2015-09-07 00:00:00+09:00,801.4230369195149,811.9044247263093,786.1040855095845,808.6793823242188,45000,0.0,0.0
2015-09-08 00:00:00+09:00,805.4544204711914,822.3858947753906,805.4544204711914,806.2606811523438,49800,0.0,0.0
2015-09-09 00:00:00+09:00,823.9984383099453,851.4113022067536,823.192177607098,850.6050415039062,66800,0.0,0.0
2015-09-10 00:00:00+09:00,826.417151605934,844.9611462273355,819.1608058845161,839.3173217773438,65600,0.0,0.0
2015-09-11 00:00:00+09:00,832.0609838073614,852.217499887966,832.0609838073614,843.3486328125,73400,0.0,0.0
2015-09-14 00:00:00+09:00,853.0237647146131,853.0237647146131,830.4484665936214,832.8672485351562,32600,0.0,0.0
2015-09-15 00:00:00+09:00,857.0550099235846,866.7301370346693,844.9611010347288,847.3798828125,45400,0.0,0.0
2015-09-16 00:00:00+09:00,871.5676659020712,871.5676659020712,850.6048913290334,866.7301025390625,69000,0.0,0.0
2015-09-17 00:00:00+09:00,866.7303532334158,869.9553964082378,857.0552237089498,863.5053100585938,54100,0.0,0.0
2015-09-18 00:00:00+09:00,873.1802583344717,875.5990402135145,852.2174820494336,853.0237426757812,85600,0.0,0.0
2015-09-24 00:00:00+09:00,836.0923357179179,844.15494261973,817.54833984375,817.54833984375,119900,0.0,0.0
2015-09-25 00:00:00+09:00,817.5482654790769,843.3486052180616,811.904441161174,841.736083984375,76700,0.0,0.0
2015-09-28 00:00:00+09:00,858.0805069360978,872.7904584835737,835.1983600844685,860.5321655273438,81200,14.0,0.0
2015-09-29 00:00:00+09:00,848.2738736370417,848.2738736370417,827.8433853509857,830.2950439453125,62100,0.0,0.0
2015-09-30 00:00:00+09:00,843.3705065882655,856.4460183183161,834.3810922738556,847.4566040039062,54100,0.0,0.0
2015-10-01 00:00:00+09:00,849.9083312292063,863.8010635666068,842.5533552858766,859.7149658203125,33200,0.0,0.0
2015-10-02 00:00:00+09:00,849.9083116319445,865.4354827098358,844.1877749190372,860.5321655273438,30400,0.0,0.0
2015-10-05 00:00:00+09:00,867.8873102070019,878.5111661699877,858.0806739334764,871.1561889648438,25400,0.0,0.0
2015-10-06 00:00:00+09:00,886.6831090491808,902.2102787007333,881.7797923171115,891.58642578125,60700,0.0,0.0
2015-10-07 00:00:00+09:00,900.5761118893171,903.8449906983527,885.8661572486567,903.0277709960938,25600,0.0,0.0
2015-10-08 00:00:00+09:00,889.1349525695077,903.0276862034063,886.6832936929375,896.4899291992188,19400,0.0,0.0
2015-10-09 00:00:00+09:00,898.1242216662446,924.2752454090287,896.4897826823205,920.1891479492188,51100,0.0,0.0
2015-10-13 00:00:00+09:00,911.1998517172677,920.1892672947475,909.5654125213623,915.2859497070312,21900,0.0,0.0
2015-10-14 00:00:00+09:00,900.5759246157904,905.4792418097057,894.0381683572366,895.672607421875,37800,0.0,0.0
2015-10-15 00:00:00+09:00,895.6726806858026,925.0925862557742,895.6726806858026,917.7376098632812,31300,0.0,0.0
2015-10-16 00:00:00+09:00,915.2859629755435,921.0065002441406,900.5760099991509,902.21044921875,37100,0.0,0.0
2015-10-19 00:00:00+09:00,905.4793877458702,911.1999253940842,898.1244107695951,899.7588500976562,11700,0.0,0.0
2015-10-20 00:00:00+09:00,894.8554474742501,905.4793021017983,893.2210083007812,893.2210083007812,16500,0.0,0.0
2015-10-21 00:00:00+09:00,816.4023387131182,842.5533645778027,810.6818018052185,841.7361450195312,209100,0.0,0.0
2015-10-22 00:00:00+09:00,824.5745953599574,845.8223054485192,824.5745953599574,844.1878662109375,75100,0.0,0.0
2015-10-23 00:00:00+09:00,868.7043528180131,871.9732309095202,842.5533280859563,848.2738647460938,85000,0.0,0.0
2015-10-26 00:00:00+09:00,858.080590289572,868.7044452169667,853.9944922405741,864.6183471679688,29200,0.0,0.0
2015-10-27 00:00:00+09:00,815.5852087147778,831.9296016749938,814.767989066767,822.940185546875,147100,0.0,0.0
2015-10-28 00:00:00+09:00,826.2089858196191,833.5639619545118,819.67122925527,828.66064453125,88800,0.0,0.0
2015-10-29 00:00:00+09:00,836.8328402366864,836.8328402366864,824.5745466785318,828.66064453125,71300,0.0,0.0
2015-10-30 00:00:00+09:00,823.7573256676558,834.3811800661474,823.7573256676558,826.208984375,76400,0.0,0.0
2015-11-02 00:00:00+09:00,826.2089351788237,826.2089351788237,809.0473252492933,813.1334228515625,87300,0.0,0.0
2015-11-04 00:00:00+09:00,816.4023314227024,836.0156006460707,816.4023314227024,829.4778442382812,70000,0.0,0.0
2015-11-05 00:00:00+09:00,824.5745889180301,837.650102716532,824.5745889180301,831.9295654296875,65700,0.0,0.0
2015-11-06 00:00:00+09:00,837.6499702063683,850.7254819364189,833.5638727907275,847.4566040039062,66300,0.0,0.0
2015-11-09 00:00:00+09:00,853.1772570663624,872.79052734375,853.1772570663624,872.79052734375,102200,0.0,0.0
2015-11-10 00:00:00+09:00,871.1561889648438,876.0595071016064,862.1667723807788,871.1561889648438,46100,0.0,0.0
2015-11-11 00:00:00+09:00,862.9838962395543,880.9627274112116,862.9838962395543,880.1455078125,54600,0.0,0.0
2015-11-12 00:00:00+09:00,874.4248527040772,887.5003645202129,871.9731942385517,885.0487060546875,40300,0.0,0.0
2015-11-13 00:00:00+09:00,877.6938049886828,880.9626832195532,863.8010725074839,874.4249267578125,63900,0.0,0.0
2015-11-16 00:00:00+09:00,862.1668110379175,869.5217885728381,858.080712407406,867.0701293945312,41100,0.0,0.0
2015-11-17 00:00:00+09:00,870.3388515738554,883.4143648369368,870.3388515738554,878.5110473632812,39300,0.0,0.0
2015-11-18 00:00:00+09:00,878.5109733196806,881.7798513599399,856.4460465479306,858.897705078125,60600,0.0,0.0
2015-11-19 00:00:00+09:00,862.1667890837698,870.3389861366966,858.8979102625991,862.9840087890625,56400,0.0,0.0
2015-11-20 00:00:00+09:00,862.9838682930425,866.2527465820312,857.2633312873121,866.2527465820312,39100,0.0,0.0
2015-11-24 00:00:00+09:00,862.1665927469452,875.2421050540079,862.1665927469452,873.607666015625,39700,0.0,0.0
2015-11-25 00:00:00+09:00,870.3388030400696,871.9732421068114,858.8977295728762,865.4354858398438,32400,0.0,0.0
2015-11-26 00:00:00+09:00,873.6077469386412,873.6077469386412,867.0699901795119,872.79052734375,31800,0.0,0.0
2015-11-27 00:00:00+09:00,877.69384765625,881.7799456434765,874.4249692664688,877.69384765625,22300,0.0,0.0
2015-11-30 00:00:00+09:00,878.511028979198,886.6832245976092,878.511028979198,881.7799072265625,44900,0.0,0.0
2015-12-01 00:00:00+09:00,881.7798963869856,897.3070678710938,881.7798963869856,897.3070678710938,49700,0.0,0.0
2015-12-02 00:00:00+09:00,897.3071005624495,938.9852992224539,878.511050186369,883.4143676757812,52900,0.0,0.0
2015-12-03 00:00:00+09:00,878.5111705093525,884.231708363832,875.2422917353642,880.9628295898438,30700,0.0,0.0
2015-12-04 00:00:00+09:00,871.1560881539677,876.8766253182058,864.6183313948385,872.79052734375,34900,0.0,0.0
2015-12-07 00:00:00+09:00,890.7693410474201,891.5865606263627,876.8766082053961,878.5110473632812,28600,0.0,0.0
2015-12-08 00:00:00+09:00,876.87656244269,876.87656244269,866.2527084708773,870.3388061523438,35600,0.0,0.0
2015-12-09 00:00:00+09:00,861.3494049188303,867.8871613129011,854.8116485247594,859.7149658203125,34600,0.0,0.0
2015-12-10 00:00:00+09:00,850.7255601605166,850.7255601605166,841.7361450195312,841.7361450195312,30000,0.0,0.0
2015-12-11 00:00:00+09:00,840.1016679404439,858.8977169313293,840.1016679404439,845.8222045898438,63000,0.0,0.0
2015-12-14 00:00:00+09:00,827.0262039441147,836.8328387734916,821.3056669603116,826.208984375,47200,0.0,0.0
2015-12-15 00:00:00+09:00,823.7572782283316,826.2089367944874,815.5850830078125,815.5850830078125,78400,0.0,0.0
2015-12-16 00:00:00+09:00,816.4023593636447,847.4567033634629,816.4023593636447,843.37060546875,44000,0.0,0.0
2015-12-17 00:00:00+09:00,852.3600637075064,862.166699148053,845.822306747142,846.6395263671875,41900,0.0,0.0
2015-12-18 00:00:00+09:00,853.9944135512858,856.4460721547823,833.5639251888149,835.1983642578125,39000,0.0,0.0
2015-12-21 00:00:00+09:00,846.6394548087285,846.6394548087285,818.0367705246498,829.4778442382812,38700,0.0,0.0
2015-12-22 00:00:00+09:00,829.4778985595702,829.4778985595702,810.6818476562499,817.2196044921875,47900,0.0,0.0
2015-12-24 00:00:00+09:00,813.1335625281702,822.9401984581581,805.7785855806791,807.4130249023438,54400,0.0,0.0
2015-12-25 00:00:00+09:00,807.4130249023438,807.4130249023438,807.4130249023438,807.4130249023438,0,0.0,0.0
2015-12-28 00:00:00+09:00,817.2195314422366,832.7467025396392,813.1334337850255,830.2950439453125,57400,0.0,0.0
2015-12-29 00:00:00+09:00,820.488333276057,838.4671612960502,819.6711138206027,836.0155029296875,23900,0.0,0.0
2015-12-30 00:00:00+09:00,840.9188842773438,845.0049818685844,832.7466890948622,840.9188842773438,26000,0.0,0.0
2016-01-04 00:00:00+09:00,840.1017956652722,844.1878938932161,817.2196455887862,818.036865234375,26700,0.0,0.0
2016-01-05 00:00:00+09:00,813.950662225305,819.671199008013,809.0473449829839,812.3162231445312,29200,0.0,0.0
2016-01-06 00:00:00+09:00,813.9506776391006,818.8539949742759,796.789066965987,804.14404296875,47900,0.0,0.0
2016-01-07 00:00:00+09:00,813.1334869448477,813.1334869448477,777.1758252106032,782.8963623046875,73500,0.0,0.0
2016-01-08 00:00:00+09:00,776.3585321397801,784.5307272149357,761.6485810045001,763.2830200195312,63400,0.0,0.0
2016-01-12 00:00:00+09:00,758.379734713512,758.379734713512,715.8843185442204,716.7015380859375,120300,0.0,0.0
2016-01-13 00:00:00+09:00,737.9492152865489,773.9068736172335,737.9492152865489,763.2830200195312,66700,0.0,0.0
2016-01-14 00:00:00+09:00,738.766529849487,765.734777067444,737.9493102368217,756.745361328125,56900,0.0,0.0
2016-01-15 00:00:00+09:00,777.9929308769031,777.9929308769031,756.7452247815255,764.9174194335938,48500,0.0,0.0
2016-01-18 00:00:00+09:00,749.3902883917667,775.5413126322646,746.1214103617045,763.2830200195312,61200,0.0,0.0
2016-01-19 00:00:00+09:00,755.9281336578504,760.831451281577,740.4009611827162,742.035400390625,41700,0.0,0.0
2016-01-20 00:00:00+09:00,737.1320866651569,742.0354043148142,711.7982788085938,711.7982788085938,79900,0.0,0.0
2016-01-21 00:00:00+09:00,706.8948162519015,720.7875467447134,679.9265747070312,679.9265747070312,89900,0.0,0.0
2016-01-22 00:00:00+09:00,693.0022111688497,719.15323800541,691.3677719915647,717.518798828125,77800,0.0,0.0
2016-01-25 00:00:00+09:00,720.7876126350614,735.4975639133279,707.7121003877132,712.6154174804688,62000,0.0,0.0
2016-01-26 00:00:00+09:00,737.1320642281578,798.4235329832707,719.1532333933246,780.4447021484375,373200,0.0,0.0
2016-01-27 00:00:00+09:00,788.6169180880053,792.7030161091867,764.9175495651533,779.6275024414062,81200,0.0,0.0
2016-01-28 00:00:00+09:00,755.9280932080615,762.465849689861,740.4009215637878,743.6697998046875,106500,0.0,0.0
2016-01-29 00:00:00+09:00,740.4009509671118,766.5519779328376,735.4976334110382,760.0142211914062,78200,0.0,0.0
2016-02-01 00:00:00+09:00,764.9174478177241,813.1333980540977,764.9174478177241,806.5956420898438,105900,0.0,0.0
2016-02-02 00:00:00+09:00,782.8963091106356,800.8751387561825,768.1863575824608,795.1546020507812,84900,0.0,0.0
2016-02-03 00:00:00+09:00,777.9929961186306,777.9929961186306,758.3797273089172,769.82080078125,50800,0.0,0.0
2016-02-04 00:00:00+09:00,764.9175534180753,774.724188718307,742.0354043842012,749.390380859375,99600,0.0,0.0
2016-02-05 00:00:00+09:00,739.5837020035628,752.6592149671618,730.5942868410887,743.6697998046875,72200,0.0,0.0
2016-02-08 00:00:00+09:00,743.6698154680043,774.7241594106243,736.314839271068,770.6380615234375,45700,0.0,0.0
2016-02-09 00:00:00+09:00,744.4870726581112,759.197025795154,728.1426802836191,728.9598999023438,183200,0.0,0.0
2016-02-10 00:00:00+09:00,727.325377699908,741.2181096335019,688.0988404756433,694.6365966796875,98900,0.0,0.0
2016-02-12 00:00:00+09:00,684.012692172674,691.3676673573264,651.3239135742188,651.3239135742188,72700,0.0,0.0
2016-02-15 00:00:00+09:00,686.4643706747405,715.8842722750866,684.8299316969435,708.529296875,37100,0.0,0.0
2016-02-16 00:00:00+09:00,702.8089083158053,734.6804750882662,702.8089083158053,722.4221801757812,55100,0.0,0.0
2016-02-17 00:00:00+09:00,717.5188174040421,743.6698449176291,701.1744252080503,714.2499389648438,38300,0.0,0.0
2016-02-18 00:00:00+09:00,726.5081846721959,746.1214539996791,717.518769563766,736.3148193359375,37600,0.0,0.0
2016-02-19 00:00:00+09:00,728.9598629393962,729.7770825166825,698.7227385798024,700.357177734375,53400,0.0,0.0
2016-02-22 00:00:00+09:00,698.7228425343831,712.6155774151837,698.7228425343831,706.0778198242188,33900,0.0,0.0
2016-02-23 00:00:00+09:00,708.529370604895,714.2499076224663,691.3677595521813,695.453857421875,34300,0.0,0.0
2016-02-24 00:00:00+09:00,690.5504844545014,697.905460028573,667.6683382240564,672.5716552734375,79900,0.0,0.0
2016-02-25 00:00:00+09:00,672.5715646652949,692.1848302205404,672.5715646652949,686.4642944335938,56500,0.0,0.0
2016-02-26 00:00:00+09:00,686.4644520647995,695.4538675085051,674.206158277928,677.4750366210938,83600,0.0,0.0
2016-02-29 00:00:00+09:00,688.9161752666542,707.7122274981288,682.37841796875,682.37841796875,98500,0.0,0.0
2016-03-01 00:00:00+09:00,688.9161563914212,691.3678153109636,672.5717635944717,685.6472778320312,44600,0.0,0.0
2016-03-02 00:00:00+09:00,706.0777402253744,727.325450000675,701.9916421916628,709.3466186523438,51200,0.0,0.0
2016-03-03 00:00:00+09:00,708.5292123279806,731.4113552866697,708.5292123279806,729.7769165039062,40400,0.0,0.0
2016-03-04 00:00:00+09:00,725.6910496761925,756.7453963965701,721.6049514235112,745.3043212890625,49800,0.0,0.0
2016-03-07 00:00:00+09:00,757.5626304490225,757.5626304490225,729.7771618025643,732.2288208007812,29900,0.0,0.0
2016-03-08 00:00:00+09:00,732.2287427325582,734.680401469386,699.5399595748547,702.808837890625,78900,0.0,0.0
2016-03-09 00:00:00+09:00,697.0884031366419,706.0778198242188,693.0023046422888,706.0778198242188,33100,0.0,0.0
2016-03-10 00:00:00+09:00,706.0777348313376,715.8843700373284,696.2710996253468,699.5399780273438,66100,0.0,0.0
2016-03-11 00:00:00+09:00,702.8089083158053,723.2393998366136,697.9055903508113,722.4221801757812,54900,0.0,0.0
2016-03-14 00:00:00+09:00,738.766482443338,746.9386780455873,730.5942868410887,743.6697998046875,27800,0.0,0.0
2016-03-15 00:00:00+09:00,743.6699408726977,750.2076985946554,736.3149634354952,740.4010620117188,34200,0.0,0.0
2016-03-16 00:00:00+09:00,735.4976196289062,740.400937093099,731.411521742079,735.4976196289062,29300,0.0,0.0
2016-03-17 00:00:00+09:00,737.9492885441878,743.6698256646854,714.249920473555,717.518798828125,66400,0.0,0.0
2016-03-18 00:00:00+09:00,724.8738391582783,728.9599374624399,710.9811049241287,722.4221801757812,64600,0.0,0.0
2016-03-22 00:00:00+09:00,728.1426802836191,737.9493157083143,719.9704840963731,728.9598999023438,61800,0.0,0.0
2016-03-23 00:00:00+09:00,735.4976542109022,735.4976542109022,719.9704815108943,724.0565795898438,38900,0.0,0.0
2016-03-24 00:00:00+09:00,719.9704762334409,723.2393546726393,711.798280135445,714.2499389648438,40500,0.0,0.0
2016-03-25 00:00:00+09:00,713.4327992406385,718.3361174484779,709.3467007341056,710.9811401367188,45900,0.0,0.0
2016-03-28 00:00:00+09:00,723.2392363154064,724.8736752675317,710.9809441744674,721.6047973632812,47400,0.0,0.0
2016-03-29 00:00:00+09:00,716.6225751553362,722.435272752193,705.8275653326023,709.9794921875,83700,14.0,0.0
2016-03-30 00:00:00+09:00,709.9793568806476,709.9793568806476,687.5589561370482,689.2197265625,73900,0.0,0.0
2016-03-31 00:00:00+09:00,694.202338357218,707.48850751238,691.711181640625,691.711181640625,74100,0.0,0.0
2016-04-01 00:00:00+09:00,694.2020752856234,694.2020752856234,673.4424438476562,673.4424438476562,64300,0.0,0.0
2016-04-04 00:00:00+09:00,677.5943335843374,693.3716526261295,670.9512518825301,689.2197265625,70700,0.0,0.0
2016-04-05 00:00:00+09:00,682.5767836137251,682.5767836137251,657.6652221679688,657.6652221679688,73600,0.0,0.0
2016-04-06 00:00:00+09:00,653.5133268731902,658.4956394033542,637.7360038610038,645.20947265625,69900,0.0,0.0
2016-04-07 00:00:00+09:00,646.8701310231896,648.5309015778063,637.735892972798,641.0574340820312,105900,0.0,0.0
2016-04-08 00:00:00+09:00,628.6016745579838,644.3789953196768,622.7889774352547,632.7536010742188,129600,0.0,0.0
2016-04-11 00:00:00+09:00,635.244758996951,638.5663002204644,625.2801353264106,631.9232177734375,76100,0.0,0.0
2016-04-12 00:00:00+09:00,631.9232541734466,647.70057589394,630.2624834660263,641.8878784179688,81100,0.0,0.0
2016-04-13 00:00:00+09:00,651.8525224375394,662.6475323632567,647.7005955430328,658.49560546875,95300,0.0,0.0
2016-04-14 00:00:00+09:00,669.2904257659175,687.5588989257812,668.4600406222874,687.5588989257812,97300,0.0,0.0
2016-04-15 00:00:00+09:00,680.9160240023743,684.2375655828737,674.2729408413755,677.594482421875,31900,0.0,0.0
2016-04-18 00:00:00+09:00,656.0044452019458,670.1209965543927,655.1740598282724,660.1563720703125,45700,0.0,0.0
2016-04-19 00:00:00+09:00,675.1033199994991,680.0856323242188,669.2906222873264,680.0856323242188,33800,0.0,0.0
2016-04-20 00:00:00+09:00,689.2198076945979,695.0325048679258,670.1209455536633,680.9159545898438,137600,0.0,0.0
2016-04-21 00:00:00+09:00,669.2906579376754,680.9160539812578,665.138730779253,665.9691162109375,167700,0.0,0.0
2016-04-22 00:00:00+09:00,662.6474354999133,677.5943701352496,658.4955092123198,673.4424438476562,148000,0.0,0.0
2016-04-25 00:00:00+09:00,680.9160809878323,680.9160809878323,667.6299135539234,679.2553100585938,64300,0.0,0.0
2016-04-26 00:00:00+09:00,665.9690223345297,665.9690223345297,646.0397747833717,654.3436279296875,183800,0.0,0.0
2016-04-27 00:00:00+09:00,651.0220336914062,656.8347304207938,646.8701074561294,651.0220336914062,74100,0.0,0.0
2016-04-28 00:00:00+09:00,660.1562893775202,663.4778304561493,639.3966576360888,643.548583984375,100500,0.0,0.0
2016-05-02 00:00:00+09:00,635.2447691417875,639.3966957374855,625.2801453121125,627.7713012695312,106600,0.0,0.0
2016-05-06 00:00:00+09:00,629.4321352118689,633.5840622251397,623.6194373932896,626.9409790039062,62600,0.0,0.0
2016-05-09 00:00:00+09:00,637.7358067729084,637.7358067729084,625.280029296875,625.280029296875,40100,0.0,0.0
2016-05-10 00:00:00+09:00,628.6016006767362,640.2269935558304,623.6192894428387,638.5662231445312,60700,0.0,0.0
2016-05-11 00:00:00+09:00,643.5487146043591,646.0398709189567,637.7360165369649,640.2271728515625,42600,0.0,0.0
2016-05-12 00:00:00+09:00,637.7359315134099,650.1917114257812,635.2447755309357,650.1917114257812,53400,0.0,0.0
2016-05-13 00:00:00+09:00,649.3613112600226,649.3613112600226,631.0928344726562,631.0928344726562,59700,0.0,0.0
2016-05-16 00:00:00+09:00,632.7535950903799,643.5486039305046,632.7535950903799,635.2447509765625,30700,0.0,0.0
2016-05-17 00:00:00+09:00,640.2269935558304,641.05737876148,634.4142971162834,638.5662231445312,25100,0.0,0.0
2016-05-18 00:00:00+09:00,639.3966576360888,648.5308956023185,635.2447312878024,643.548583984375,44000,0.0,0.0
2016-05-19 00:00:00+09:00,647.7006417953551,647.7006417953551,639.3967874133633,640.2271728515625,17400,0.0,0.0
2016-05-20 00:00:00+09:00,646.0397847883241,651.0220967532726,641.887858150867,650.1917114257812,32300,0.0,0.0
2016-05-23 00:00:00+09:00,650.1917114257812,651.8524820807642,644.3790141333413,650.1917114257812,28300,0.0,0.0
2016-05-24 00:00:00+09:00,649.3613321940104,650.1917175292969,641.8878641764322,647.7005615234375,23000,0.0,0.0
2016-05-25 00:00:00+09:00,650.1917053688574,655.1740172873926,650.1917053688574,652.682861328125,20900,0.0,0.0
2016-05-26 00:00:00+09:00,657.6652221679688,659.3259929310192,655.174066023393,657.6652221679688,36800,0.0,0.0
2016-05-27 00:00:00+09:00,659.3259500281869,660.1563353556783,647.700555443307,650.1917114257812,54800,0.0,0.0
2016-05-30 00:00:00+09:00,659.3259866966391,662.6475281913325,657.6652159492925,660.1563720703125,42200,0.0,0.0
2016-05-31 00:00:00+09:00,660.1563830253406,681.7464030991252,659.3259976378872,680.0856323242188,48400,0.0,0.0
2016-06-01 00:00:00+09:00,678.424751460039,685.8982187343846,657.6651201424124,675.1032104492188,32600,0.0,0.0
2016-06-02 00:00:00+09:00,668.4602789467058,670.9514352657619,662.6475808689083,663.4779663085938,35000,0.0,0.0
2016-06-03 00:00:00+09:00,665.1387371879645,670.1210498260765,659.326039110167,663.4779663085938,27800,0.0,0.0
2016-06-06 00:00:00+09:00,656.0044493320461,661.8171469843553,653.513293195342,658.49560546875,38500,0.0,0.0
2016-06-07 00:00:00+09:00,663.4778542314428,664.3082395308564,656.8347718361343,659.325927734375,22800,0.0,0.0
2016-06-08 00:00:00+09:00,657.6652159492925,660.9867574439859,653.5132890809257,660.1563720703125,23000,0.0,0.0
2016-06-09 00:00:00+09:00,657.6652200898487,664.3083031210593,655.1740639531447,658.49560546875,21300,0.0,0.0
2016-06-10 00:00:00+09:00,664.3082989386793,664.3082989386793,655.1740598282724,660.1563720703125,58400,0.0,0.0
2016-06-13 00:00:00+09:00,652.6829544245501,654.3437253009484,637.7360165369649,640.2271728515625,43900,0.0,0.0
2016-06-14 00:00:00+09:00,641.887858150867,652.6828674082556,641.887858150867,650.1917114257812,85400,0.0,0.0
2016-06-15 00:00:00+09:00,650.1916777038574,665.9689981079101,644.3789807128906,664.3082275390625,105100,0.0,0.0
2016-06-16 00:00:00+09:00,656.0043937281558,657.6651643451892,631.0928344726562,631.0928344726562,105900,0.0,0.0
2016-06-17 00:00:00+09:00,634.4144561808214,640.2271540777662,622.789060386932,623.6194458007812,68100,0.0,0.0
2016-06-20 00:00:00+09:00,631.9232177734375,636.9055296087076,627.7712912440456,631.9232177734375,32800,0.0,0.0
2016-06-21 00:00:00+09:00,633.5839607484879,643.548583984375,628.6016491305444,643.548583984375,35900,0.0,0.0
2016-06-22 00:00:00+09:00,643.5486223331835,643.5486223331835,625.2801453121125,627.7713012695312,54700,0.0,0.0
2016-06-23 00:00:00+09:00,624.449752004523,633.5839903982062,622.7889813874897,631.0928344726562,59900,0.0,0.0
2016-06-24 00:00:00+09:00,635.244801195362,639.3967280005604,585.4216795329806,590.4039916992188,96400,0.0,0.0
2016-06-27 00:00:00+09:00,589.573486328125,596.2165678642166,583.7607899840449,589.573486328125,64600,0.0,0.0
2016-06-28 00:00:00+09:00,583.7609442895015,583.7609442895015,567.1532360593592,576.2874755859375,75300,0.0,0.0
2016-06-29 00:00:00+09:00,582.9304047920334,592.8950270961708,581.2696344080106,589.573486328125,37900,0.0,0.0
2016-06-30 00:00:00+09:00,597.047177971734,603.6902620103624,595.3864069620768,597.8775634765625,30100,0.0,0.0
2016-07-01 00:00:00+09:00,610.3331531825402,610.3331531825402,597.0469893037366,600.3685302734375,36100,0.0,0.0
2016-07-04 00:00:00+09:00,600.368526400862,607.0116082974138,592.0646740301725,602.029296875,24600,0.0,0.0
2016-07-05 00:00:00+09:00,607.8420510902038,611.9939776686888,598.7078126175368,603.6901245117188,37800,0.0,0.0
2016-07-06 00:00:00+09:00,595.3861826722051,595.3861826722051,581.2696344080106,589.573486328125,53700,0.0,0.0
2016-07-07 00:00:00+09:00,597.0471516522495,597.0471516522495,581.2698277560147,584.5913696289062,58700,0.0,0.0
2016-07-08 00:00:00+09:00,592.8951730359777,592.8951730359777,580.4393920898438,580.4393920898438,71900,0.0,0.0
2016-07-11 00:00:00+09:00,580.4393920898438,580.4393920898438,580.4393920898438,580.4393920898438,0,0.0,0.0
2016-07-12 00:00:00+09:00,611.1636127844712,631.0928610274431,611.1636127844712,620.2978515625,88500,0.0,0.0
2016-07-13 00:00:00+09:00,632.7536071053606,641.0574602169795,627.7712952383893,630.262451171875,61300,0.0,0.0
2016-07-14 00:00:00+09:00,630.2623402872883,630.2623402872883,615.3154073160483,625.280029296875,42000,0.0,0.0
2016-07-15 00:00:00+09:00,626.1106079572876,654.3437122948842,623.6194516922055,645.20947265625,64200,0.0,0.0
2016-07-19 00:00:00+09:00,651.8525348745732,653.5133056640625,640.2271393481477,653.5133056640625,28900,0.0,0.0
2016-07-20 00:00:00+09:00,647.7006079008498,654.3436910588072,640.2271393481477,653.5133056640625,27400,0.0,0.0
2016-07-21 00:00:00+09:00,655.1740233907298,660.1563353556783,646.8701701158155,650.1917114257812,28900,0.0,0.0
2016-07-22 00:00:00+09:00,650.1916973645174,656.00439453125,646.8701561263845,656.00439453125,24800,0.0,0.0
2016-07-25 00:00:00+09:00,683.407136942181,696.6933024234384,681.7463662570237,695.0325317382812,157800,0.0,0.0
2016-07-26 00:00:00+09:00,695.0325110445991,695.0325110445991,673.4424927803702,678.4248046875,79600,0.0,0.0
2016-07-27 00:00:00+09:00,688.3893224807013,708.3185670398531,685.0677817208426,697.5235595703125,83400,0.0,0.0
2016-07-28 00:00:00+09:00,703.3365042758073,704.1668897590137,695.8630349269498,696.6934204101562,44700,0.0,0.0
2016-07-29 00:00:00+09:00,707.4883381399114,734.891055462232,690.0502452984348,709.1491088867188,148800,0.0,0.0
2016-08-01 00:00:00+09:00,718.2835199509492,718.2835199509492,684.2377114908463,691.711181640625,46300,0.0,0.0
2016-08-02 00:00:00+09:00,680.0855895996093,687.5590576171875,670.1209655761719,672.6121215820312,57500,0.0,0.0
2016-08-03 00:00:00+09:00,660.1563312506221,671.7817257632116,649.3613220603603,651.8524780273438,41700,0.0,0.0
2016-08-04 00:00:00+09:00,650.1917724609375,696.6933551656789,650.1917724609375,674.27294921875,47700,0.0,0.0
2016-08-05 00:00:00+09:00,668.460025621084,674.2727214960499,665.9688702460986,666.7992553710938,15400,0.0,0.0
2016-08-08 00:00:00+09:00,666.7992553710938,669.2904107460791,658.4954041211423,666.7992553710938,55100,0.0,0.0
2016-08-09 00:00:00+09:00,669.2906284706265,683.4071801877488,667.6298576803769,677.594482421875,27100,0.0,0.0
2016-08-10 00:00:00+09:00,679.2552042643229,679.2552042643229,668.4601949055989,672.6121215820312,18400,0.0,0.0
2016-08-12 00:00:00+09:00,678.4248251081842,678.4248251081842,668.4602009939881,670.1209716796875,20900,0.0,0.0
2016-08-15 00:00:00+09:00,670.1208458371157,680.0854680800468,670.1208458371157,671.7816162109375,8500,0.0,0.0
2016-08-16 00:00:00+09:00,670.9513342223192,674.2728754808455,653.5132426150559,654.3436279296875,36600,0.0,0.0
2016-08-17 00:00:00+09:00,647.700628921332,652.6829414514962,639.3967747043919,645.20947265625,54600,0.0,0.0
2016-08-18 00:00:00+09:00,642.7182515331655,649.3613342363507,640.227095519471,646.8701782226562,33300,0.0,0.0
2016-08-19 00:00:00+09:00,648.5309488984525,653.5132609258413,645.2094075468599,646.8701782226562,31700,0.0,0.0
2016-08-22 00:00:00+09:00,646.8701860321235,671.7817464698176,646.8701860321235,668.460205078125,36400,0.0,0.0
2016-08-23 00:00:00+09:00,667.6298279494382,667.6298279494382,655.1740475772472,665.138671875,29400,0.0,0.0
2016-08-24 00:00:00+09:00,669.2905452637332,669.2905452637332,656.8347658853759,661.8170776367188,34200,0.0,0.0
2016-08-25 00:00:00+09:00,660.9867165729498,660.9867165729498,651.022092705016,651.8524780273438,21500,0.0,0.0
2016-08-26 00:00:00+09:00,651.8525005803859,655.1740419846172,641.8878763676922,642.71826171875,41300,0.0,0.0
2016-08-29 00:00:00+09:00,654.3436159378936,664.3082395308564,646.8701482431715,659.325927734375,62300,0.0,0.0
2016-08-30 00:00:00+09:00,660.1563658750147,664.3082927044172,654.343668313851,662.6475219726562,27900,0.0,0.0
2016-08-31 00:00:00+09:00,665.1385347156502,671.7816162109375,665.1385347156502,671.7816162109375,26200,0.0,0.0
2016-09-01 00:00:00+09:00,675.9337053869524,680.0856323242188,673.4425492245927,680.0856323242188,22000,0.0,0.0
2016-09-02 00:00:00+09:00,676.7640564873556,676.7640564873556,666.7994323427565,669.2905883789062,18000,0.0,0.0
2016-09-05 00:00:00+09:00,675.9335957019239,679.255136712744,670.9512841856935,675.1032104492188,16500,0.0,0.0
2016-09-06 00:00:00+09:00,676.763984877731,677.5943701352496,667.6297470450254,673.4424438476562,23300,0.0,0.0
2016-09-07 00:00:00+09:00,667.6298576803769,678.4248678169998,667.6298576803769,677.594482421875,31800,0.0,0.0
2016-09-08 00:00:00+09:00,680.0856955232131,680.0856955232131,674.2729972708779,679.2553100585938,19700,0.0,0.0
2016-09-09 00:00:00+09:00,680.9160616781288,686.728759765625,676.7641344727743,686.728759765625,40100,0.0,0.0
2016-09-12 00:00:00+09:00,678.4248271781221,678.4248271781221,665.13866165199,669.2905883789062,33300,0.0,0.0
2016-09-13 00:00:00+09:00,675.9336690796353,675.9336690796353,666.7994303082887,670.1209716796875,29300,0.0,0.0
2016-09-14 00:00:00+09:00,660.9866566560706,665.1385828913475,650.1916484443509,651.0220336914062,65100,0.0,0.0
2016-09-15 00:00:00+09:00,648.5309448242188,656.0044128183519,646.0397888261743,648.5309448242188,56700,0.0,0.0
2016-09-16 00:00:00+09:00,657.6651756614264,677.5944234087423,652.6828637245974,676.7640380859375,56200,0.0,0.0
2016-09-20 00:00:00+09:00,665.1386596225894,682.5767518224326,665.1386596225894,670.1209716796875,29600,0.0,0.0
2016-09-21 00:00:00+09:00,670.9513093693591,690.0501708984375,661.8170712467565,690.0501708984375,36300,0.0,0.0
2016-09-23 00:00:00+09:00,693.3717847679093,709.9794921875,690.8806286549707,709.9794921875,73500,0.0,0.0
2016-09-26 00:00:00+09:00,709.149202658252,709.149202658252,695.0326494437435,696.6934204101562,30900,0.0,0.0
2016-09-27 00:00:00+09:00,694.2021803193934,705.8275756835938,682.576784955193,705.8275756835938,43200,0.0,0.0
2016-09-28 00:00:00+09:00,728.6233921314714,734.533431233349,720.1804791287892,732.8448486328125,47100,14.0,0.0
2016-09-29 00:00:00+09:00,732.000515948667,746.3534672417782,726.0904771809154,741.2877197265625,40400,0.0,0.0
2016-09-30 00:00:00+09:00,732.8448616611985,733.6891529764764,725.2462398236976,727.7791137695312,28600,0.0,0.0
2016-10-03 00:00:00+09:00,741.287799457172,755.640752294042,738.7549254271361,749.730712890625,46700,0.0,0.0
2016-10-04 00:00:00+09:00,751.4191245394805,763.239200655832,751.4191245394805,757.3291625976562,30300,0.0,0.0
2016-10-05 00:00:00+09:00,756.4850332594235,766.6165292405765,750.5749939370842,761.55078125,30500,0.0,0.0
2016-10-06 00:00:00+09:00,769.1493801025921,781.8137496981342,769.1493801025921,778.4365844726562,45300,0.0,0.0
2016-10-07 00:00:00+09:00,776.7478841145834,776.7478841145834,765.7720987955729,772.5264282226562,22000,0.0,0.0
2016-10-11 00:00:00+09:00,772.526521402552,778.4365603641016,769.1493562816665,775.9036865234375,21400,0.0,0.0
2016-10-12 00:00:00+09:00,764.0837132111761,779.2809583358182,764.0837132111761,774.2152099609375,35600,0.0,0.0
2016-10-13 00:00:00+09:00,778.4365844726562,780.9694583917648,764.9279235707447,778.4365844726562,36000,0.0,0.0
2016-10-14 00:00:00+09:00,775.9037927525644,775.9037927525644,769.1494615860569,774.2152099609375,22300,0.0,0.0
2016-10-17 00:00:00+09:00,770.8380443776837,778.4366669400048,766.6165873986165,774.2152099609375,40500,0.0,0.0
2016-10-18 00:00:00+09:00,773.3709657282637,780.9695887539782,771.6823828336605,779.281005859375,25300,0.0,0.0
2016-10-19 00:00:00+09:00,777.5923614824549,801.2325201377304,777.5923614824549,798.6996459960938,58000,0.0,0.0
2016-10-20 00:00:00+09:00,793.6337729252732,794.4780641730661,780.1251129605877,791.9451904296875,33400,0.0,0.0
2016-10-21 00:00:00+09:00,797.8552987095647,797.8552987095647,783.5023462460064,792.78955078125,48100,0.0,0.0
2016-10-24 00:00:00+09:00,797.0109574845068,802.0767050956372,792.7895011418982,800.3881225585938,38300,0.0,0.0
2016-10-25 00:00:00+09:00,800.3881178930792,809.6753217926824,800.3881178930792,806.2981567382812,37100,0.0,0.0
2016-10-26 00:00:00+09:00,807.9868762580717,835.8484926807638,807.9868762580717,827.4055786132812,80700,0.0,0.0
2016-10-27 00:00:00+09:00,827.4054825207419,829.9383564468258,811.3639476555438,817.2739868164062,48500,0.0,0.0
2016-10-28 00:00:00+09:00,818.9625404891655,822.3397056045847,810.5196277006173,820.651123046875,93400,0.0,0.0
2016-10-31 00:00:00+09:00,810.5196483971044,821.4954353024818,803.7653179937952,816.4296875,79700,0.0,0.0
2016-11-01 00:00:00+09:00,816.4297915212538,816.4297915212538,802.076837585513,807.9868774414062,54500,0.0,0.0
2016-11-02 00:00:00+09:00,801.2324315361798,802.9210141105448,782.6580232181651,789.412353515625,61900,0.0,0.0
2016-11-04 00:00:00+09:00,779.2809314871502,785.190971054225,759.0179386857508,784.3466796875,81000,0.0,0.0
2016-11-07 00:00:00+09:00,793.6337729252732,797.0109379164445,786.8794429429304,791.9451904296875,32200,0.0,0.0
2016-11-08 00:00:00+09:00,787.7238028529354,795.3224247454074,787.7238028529354,792.78955078125,18400,0.0,0.0
2016-11-09 00:00:00+09:00,791.9452377094689,791.9452377094689,737.0663033266165,745.5092163085938,94200,0.0,0.0
2016-11-10 00:00:00+09:00,796.1668287707913,813.0526575888357,786.879622920867,811.3640747070312,84500,0.0,0.0
2016-11-11 00:00:00+09:00,827.4055523473781,827.4055523473781,806.2982678487206,818.1183471679688,65200,0.0,0.0
2016-11-14 00:00:00+09:00,827.4055202962899,837.5370164631832,823.1840635600843,834.1598510742188,65500,0.0,0.0
2016-11-15 00:00:00+09:00,831.62688052068,835.8483367669778,820.6510942803055,824.0282592773438,21200,0.0,0.0
2016-11-16 00:00:00+09:00,836.69274364158,842.602783203125,825.7169558844251,842.602783203125,38000,0.0,0.0
2016-11-17 00:00:00+09:00,838.3812815551759,844.2913208007812,829.938368347168,844.2913208007812,27400,0.0,0.0
2016-11-18 00:00:00+09:00,844.2913078171596,851.889929587514,841.7584338937081,849.3570556640625,65700,0.0,0.0
2016-11-21 00:00:00+09:00,852.7341791588491,858.6442180243064,846.8241402933917,857.7999267578125,44500,0.0,0.0
2016-11-22 00:00:00+09:00,859.4885733127594,867.087195277214,853.5785340070724,864.5543212890625,40500,0.0,0.0
2016-11-24 00:00:00+09:00,881.4402465820312,884.8174122777478,872.9973323427397,881.4402465820312,56600,0.0,0.0
2016-11-25 00:00:00+09:00,886.5058642905831,889.8830294878805,871.3086209027446,880.5958251953125,65800,0.0,0.0
2016-11-28 00:00:00+09:00,883.9729084859368,884.8171997070312,872.9971226117084,884.8171997070312,50200,0.0,0.0
2016-11-29 00:00:00+09:00,880.5957757057799,888.1943969726562,876.3743194464042,888.1943969726562,35100,0.0,0.0
2016-11-30 00:00:00+09:00,889.0388657351054,894.1046142578125,882.2845343714959,894.1046142578125,53500,0.0,0.0
2016-12-01 00:00:00+09:00,894.9488206343217,901.7031513560902,887.3501985723321,891.5716552734375,78300,0.0,0.0
2016-12-02 00:00:00+09:00,894.9486943601652,898.3258592445433,880.5957436015589,884.8171997070312,51200,0.0,0.0
2016-12-05 00:00:00+09:00,878.9073351666033,887.3502490490874,870.4644212841191,883.9730834960938,47700,0.0,0.0
2016-12-06 00:00:00+09:00,889.038818359375,899.1703148648949,884.817361482075,889.038818359375,87100,0.0,0.0
2016-12-07 00:00:00+09:00,903.3917659009262,914.3675537109375,893.2602694609159,914.3675537109375,106400,0.0,0.0
2016-12-08 00:00:00+09:00,920.2774612579764,928.7203737465816,920.2774612579764,926.1875,102700,0.0,0.0
2016-12-09 00:00:00+09:00,928.7203611510511,931.2532348632812,919.4331575395405,931.2532348632812,77000,0.0,0.0
2016-12-12 00:00:00+09:00,934.6304135701573,937.1632873196698,901.7030548264931,913.5231323242188,84400,0.0,0.0
2016-12-13 00:00:00+09:00,913.5232648561025,922.8104699516821,907.6132252498245,921.1218872070312,56300,0.0,0.0
2016-12-14 00:00:00+09:00,928.7204934538697,943.0734465345205,928.7204934538697,938.8519897460938,74700,0.0,0.0
2016-12-15 00:00:00+09:00,937.1634070307231,947.2949033229471,927.8762020961844,938.8519897460938,85600,0.0,0.0
2016-12-16 00:00:00+09:00,952.3605987119004,960.8035118210483,949.8277247791559,959.1149291992188,66700,0.0,0.0
2016-12-19 00:00:00+09:00,960.8035809224177,966.7136205238737,949.8277930911423,959.9592895507812,61300,0.0,0.0
2016-12-20 00:00:00+09:00,956.5819898123086,965.02490234375,948.9833685340113,965.02490234375,36000,0.0,0.0
2016-12-21 00:00:00+09:00,966.7135911652333,974.3122132791959,959.1149690512708,963.33642578125,77200,0.0,0.0
2016-12-22 00:00:00+09:00,958.2708087423573,972.6237635869564,953.2050599736752,970.9351806640625,54700,0.0,0.0
2016-12-26 00:00:00+09:00,973.4680550484035,978.5338038170855,970.0908892026155,970.9351806640625,42900,0.0,0.0
2016-12-27 00:00:00+09:00,968.4019939550436,968.4019939550436,952.3604613611938,957.4262084960938,27500,0.0,0.0
2016-12-28 00:00:00+09:00,959.1149291992188,960.8035118210483,947.2948508464115,959.1149291992188,31200,0.0,0.0
2016-12-29 00:00:00+09:00,966.7135560649807,966.7135560649807,942.2291079201035,953.2048950195312,60000,0.0,0.0
2016-12-30 00:00:00+09:00,946.450513242713,948.9833870515695,921.1217751541479,941.384765625,69600,0.0,0.0
2017-01-04 00:00:00+09:00,952.3605587906168,957.4263064437583,948.1391024129988,954.8934326171875,69300,0.0,0.0
2017-01-05 00:00:00+09:00,958.2707429323716,977.6894452120584,958.2707429323716,976.8451538085938,67100,0.0,0.0
2017-01-06 00:00:00+09:00,970.9349480037343,983.5993168907396,958.2705791167292,978.5335693359375,47100,0.0,0.0
2017-01-10 00:00:00+09:00,987.8209936709804,997.9524910419649,976.000913404832,995.4196166992188,89300,0.0,0.0
2017-01-11 00:00:00+09:00,996.2636833736333,1005.5508872016926,993.7308096023444,1003.8623046875,61400,0.0,0.0
2017-01-12 00:00:00+09:00,1008.9279947304785,1013.149450775376,997.1079178047659,1010.6165771484375,82300,0.0,0.0
2017-01-13 00:00:00+09:00,1000.4851537208035,1000.4851537208035,970.9349593071089,986.1322021484375,60700,0.0,0.0
2017-01-16 00:00:00+09:00,978.5338038170855,981.9109696628736,965.8694318953804,970.9351806640625,20300,0.0,0.0
2017-01-17 00:00:00+09:00,966.7135560649807,966.7135560649807,944.7619818661253,953.2048950195312,38300,0.0,0.0
2017-01-18 00:00:00+09:00,953.2048420323734,958.2705896428201,932.941851590587,954.0491333007812,33600,0.0,0.0
2017-01-19 00:00:00+09:00,965.0251793006798,977.6895517324473,962.4923048143263,975.1566772460938,57400,0.0,0.0
2017-01-20 00:00:00+09:00,975.1565466194509,997.9524139430225,968.4022155606149,993.73095703125,47900,0.0,0.0
2017-01-23 00:00:00+09:00,984.4437966464428,997.9524593791556,980.2223395424701,992.0424194335938,56300,0.0,0.0
2017-01-24 00:00:00+09:00,1032.5682119022015,1051.9869108995445,1025.813881816169,1042.69970703125,257200,0.0,0.0
2017-01-25 00:00:00+09:00,1042.6998129600336,1046.9212696926652,1013.1496158316115,1021.592529296875,120500,0.0,0.0
2017-01-26 00:00:00+09:00,1072.2498401750167,1106.021488684466,1068.8726753240717,1100.1114501953125,308300,0.0,0.0
2017-01-27 00:00:00+09:00,1088.2913732170052,1114.4644008118285,1073.094131387753,1100.1114501953125,154000,0.0,0.0
2017-01-30 00:00:00+09:00,1115.30908203125,1129.6620376667772,1102.6447094116675,1115.30908203125,130300,0.0,0.0
2017-01-31 00:00:00+09:00,1097.5789234357298,1135.5720400161974,1097.5789234357298,1117.8419189453125,137900,0.0,0.0
2017-02-01 00:00:00+09:00,1103.488790720106,1113.6202868858607,1083.2257983885968,1099.267333984375,140400,0.0,0.0
2017-02-02 00:00:00+09:00,1110.2432754384126,1110.2432754384126,1066.340119299403,1069.71728515625,65000,0.0,0.0
2017-02-03 00:00:00+09:00,1073.938567335157,1094.2015591716693,1068.8728193760287,1089.9801025390625,78000,0.0,0.0
2017-02-06 00:00:00+09:00,1101.8001339413704,1106.021590393253,1082.3814342627102,1104.3330078125,63000,0.0,0.0
2017-02-07 00:00:00+09:00,1099.2673926611403,1099.2673926611403,1084.9144389935218,1092.5130615234375,58900,0.0,0.0
2017-02-08 00:00:00+09:00,1084.0703524057922,1100.1118918884324,1083.2260608540744,1095.046142578125,72600,0.0,0.0
2017-02-09 00:00:00+09:00,1095.0457829680954,1110.2430259082848,1076.471374930086,1108.554443359375,68000,0.0,0.0
2017-02-10 00:00:00+09:00,1122.9075769631258,1130.5061996643801,1111.0874972056192,1121.218994140625,72700,0.0,0.0
2017-02-13 00:00:00+09:00,1122.9075237931481,1131.3504375058785,1111.9317359665986,1122.063232421875,75300,0.0,0.0
2017-02-14 00:00:00+09:00,1129.661938206296,1150.769224047221,1129.661938206296,1144.014892578125,95300,0.0,0.0
2017-02-15 00:00:00+09:00,1150.76907493742,1168.499192746434,1149.0804922889424,1154.146240234375,104400,0.0,0.0
2017-02-16 00:00:00+09:00,1154.1462292678225,1154.1462292678225,1138.1046942597109,1146.547607421875,54600,0.0,0.0
2017-02-17 00:00:00+09:00,1143.1705695433936,1144.0148609536916,1133.8833640301166,1140.6376953125,53000,0.0,0.0
2017-02-20 00:00:00+09:00,1131.3504535035922,1131.3504535035922,1116.9974999889944,1123.7518310546875,43500,0.0,0.0
2017-02-21 00:00:00+09:00,1122.9074348742279,1148.2361740067292,1118.6859783521443,1144.8590087890625,61500,0.0,0.0
2017-02-22 00:00:00+09:00,1149.924932613584,1149.924932613584,1130.5062296399333,1144.014892578125,75400,0.0,0.0
2017-02-23 00:00:00+09:00,1141.4818435713955,1144.8590087890625,1124.5960174830614,1144.8590087890625,64700,0.0,0.0
2017-02-24 00:00:00+09:00,1124.5961474072801,1154.9906378777473,1117.8418161916209,1152.457763671875,70500,0.0,0.0
2017-02-27 00:00:00+09:00,1156.6790689063055,1202.2707986296198,1153.3019037416157,1187.9178466796875,258100,0.0,0.0
2017-02-28 00:00:00+09:00,1208.1808720931012,1252.9283118002531,1208.1808720931012,1230.1324462890625,295000,0.0,0.0
2017-03-01 00:00:00+09:00,1255.461287197447,1283.3229028514588,1214.0910094081564,1273.19140625,274500,0.0,0.0
2017-03-02 00:00:00+09:00,1278.25690188165,1285.8555228307484,1253.772456601222,1259.6824951171875,128400,0.0,0.0
2017-03-03 00:00:00+09:00,1259.6825898226493,1259.6825898226493,1242.7967642218096,1250.3953857421875,86600,0.0,0.0
2017-03-06 00:00:00+09:00,1250.39550256306,1252.928376639825,1230.9768013078606,1236.8868408203125,91500,0.0,0.0
2017-03-07 00:00:00+09:00,1242.7968490792966,1272.3470458984375,1237.7311010531582,1272.3470458984375,127000,0.0,0.0
2017-03-08 00:00:00+09:00,1260.5268972837996,1261.3711885746798,1242.7967801753202,1252.083984375,143600,0.0,0.0
2017-03-09 00:00:00+09:00,1251.2395142338405,1263.0595906166163,1242.7966025318578,1258.838134765625,95000,0.0,0.0
2017-03-10 00:00:00+09:00,1267.2812982696335,1299.3643691119025,1267.2812982696335,1291.7657470703125,172600,0.0,0.0
2017-03-13 00:00:00+09:00,1294.2986957219641,1307.8073579082338,1285.8557818555457,1286.7000732421875,82500,0.0,0.0
2017-03-14 00:00:00+09:00,1281.6343360345095,1282.4786274284716,1265.592799549229,1274.8800048828125,48800,0.0,0.0
2017-03-15 00:00:00+09:00,1259.6828065736313,1284.1672579078372,1251.2398923204569,1279.94580078125,99200,0.0,0.0
2017-03-16 00:00:00+09:00,1273.191425793859,1307.807373046875,1273.191425793859,1307.807373046875,72800,0.0,0.0
2017-03-17 00:00:00+09:00,1302.7415825525918,1306.118748029073,1288.3886292775471,1296.83154296875,84100,0.0,0.0
2017-03-21 00:00:00+09:00,1292.610197995329,1306.963152512586,1287.5444493421794,1289.2330322265625,83800,0.0,0.0
2017-03-22 00:00:00+09:00,1266.436984828849,1267.2812761520684,1251.239741010903,1257.1497802734375,63300,0.0,0.0
2017-03-23 00:00:00+09:00,1257.149678932046,1261.371135207842,1250.3953488907723,1252.92822265625,69700,0.0,0.0
2017-03-24 00:00:00+09:00,1255.4611925747306,1268.1255623720547,1246.173988056693,1263.059814453125,32700,0.0,0.0
2017-03-27 00:00:00+09:00,1250.3952187686266,1257.9938392743104,1234.353686589961,1239.41943359375,60500,0.0,0.0
2017-03-28 00:00:00+09:00,1252.0841583556114,1272.3471521523306,1247.0184099064315,1270.6585693359375,81800,0.0,0.0
2017-03-29 00:00:00+09:00,1297.094933111936,1307.32842370848,1278.3335336849389,1287.7142333984375,90700,15.0,0.0
2017-03-30 00:00:00+09:00,1288.5670616255238,1313.297997950567,1288.5670616255238,1297.094970703125,82700,0.0,0.0
2017-03-31 00:00:00+09:00,1303.0644318230231,1303.0644318230231,1250.191398594602,1251.044189453125,89800,0.0,0.0
2017-04-03 00:00:00+09:00,1251.0442742986993,1252.7498561314173,1234.8412468878778,1241.66357421875,64500,0.0,0.0
2017-04-04 00:00:00+09:00,1234.8413028011603,1238.252466621053,1209.257574151965,1222.0494384765625,73100,0.0,0.0
2017-04-05 00:00:00+09:00,1219.4909289456152,1235.6939552742633,1208.4046477733825,1210.1102294921875,70800,0.0,0.0
2017-04-06 00:00:00+09:00,1199.8770436162533,1206.6993722224581,1170.8821470398834,1176.8516845703125,75600,0.0,0.0
2017-04-07 00:00:00+09:00,1185.3793407049704,1204.993531234621,1174.2930591012548,1191.348876953125,80800,0.0,0.0
2017-04-10 00:00:00+09:00,1197.3184582805836,1205.8463675275964,1187.0849671841684,1199.8768310546875,42400,0.0,0.0
2017-04-11 00:00:00+09:00,1195.6129013193442,1199.8768560316103,1161.5012636212175,1183.673828125,52500,0.0,0.0
2017-04-12 00:00:00+09:00,1177.7042142228663,1212.6686405683677,1176.8514233363906,1205.8463134765625,163300,0.0,0.0
2017-04-13 00:00:00+09:00,1197.3183674719494,1197.3183674719494,1163.206733071039,1182.8209228515625,110200,0.0,0.0
2017-04-14 00:00:00+09:00,1170.8818281214872,1209.2574160788556,1151.2676387210545,1185.3792724609375,94100,0.0,0.0
2017-04-17 00:00:00+09:00,1202.43524075227,1222.0494326226972,1199.0240769487175,1209.257568359375,117000,0.0,0.0
2017-04-18 00:00:00+09:00,1216.0798429945328,1235.6940340105737,1193.9072792372692,1201.5823974609375,107900,0.0,0.0
2017-04-19 00:00:00+09:00,1296.2420654296875,1296.2420654296875,1261.2776412963867,1282.597412109375,586800,0.0,0.0
2017-04-20 00:00:00+09:00,1296.2422686161583,1321.8259976020036,1281.744822190846,1314.15087890625,335900,0.0,0.0
2017-04-21 00:00:00+09:00,1321.8259634622714,1419.8969220417302,1283.450370974657,1398.5771484375,1047000,0.0,0.0
2017-04-24 00:00:00+09:00,1423.308092181702,1477.8867128525403,1385.7852904705007,1465.0948486328125,796100,0.0,0.0
2017-04-25 00:00:00+09:00,1430.983244398057,1500.9121037786533,1423.3081256855526,1488.1202392578125,632300,0.0,0.0
2017-04-26 00:00:00+09:00,1509.4398320185674,1593.0133368421941,1509.4398320185674,1575.95751953125,1009700,0.0,0.0
2017-04-27 00:00:00+09:00,1573.3990934581182,1628.8304978346914,1565.7239759290542,1609.21630859375,739900,0.0,0.0
2017-04-28 00:00:00+09:00,1609.2164076063368,1624.566643608941,1593.8661716037327,1611.7747802734375,513100,0.0,0.0
2017-05-01 00:00:00+09:00,1620.3028274794756,1620.3028274794756,1590.45514381538,1610.0693359375,386300,0.0,0.0
2017-05-02 00:00:00+09:00,1594.7190241446488,1684.2620709549099,1594.7190241446488,1672.322998046875,868400,0.0,0.0
2017-05-08 00:00:00+09:00,1701.3177333811107,1761.0130924471146,1675.734008067109,1730.3126220703125,785500,0.0,0.0
2017-05-09 00:00:00+09:00,1726.9018145547384,1743.1048439258693,1697.9069198906095,1704.729248046875,452700,0.0,0.0
2017-05-10 00:00:00+09:00,1726.901542190957,1756.749223167097,1710.698515375338,1734.57666015625,397800,0.0,0.0
2017-05-11 00:00:00+09:00,1729.4600830078125,1755.0438120463896,1712.4042636487611,1729.4600830078125,382800,0.0,0.0
2017-05-12 00:00:00+09:00,1708.9932469414978,1728.607440893421,1697.906963403454,1713.2572021484375,241200,0.0,0.0
2017-05-15 00:00:00+09:00,1697.0538612148168,1737.9878236963802,1691.0843250195887,1734.57666015625,273700,0.0,0.0
2017-05-16 00:00:00+09:00,1748.22125988906,1768.6882404926394,1743.1045147381653,1754.1907958984375,271500,0.0,0.0
2017-05-17 00:00:00+09:00,1743.9574515480288,1745.6630334077336,1723.4904692315727,1737.9879150390625,149100,0.0,0.0
2017-05-18 00:00:00+09:00,1675.734225769043,1724.343310180664,1675.734225769043,1705.5819091796875,225600,0.0,0.0
2017-05-19 00:00:00+09:00,1714.109977521095,1730.3130071593541,1703.0236940843913,1714.9627685546875,192600,0.0,0.0
2017-05-22 00:00:00+09:00,1700.465223092007,1731.165698533989,1687.6733583245143,1712.404296875,222200,0.0,0.0
2017-05-23 00:00:00+09:00,1718.3737638035682,1729.460046150688,1710.698645255562,1720.079345703125,164400,0.0,0.0
2017-05-24 00:00:00+09:00,1741.399102018389,1744.8102657833613,1725.1960741347702,1735.4295654296875,130200,0.0,0.0
2017-05-25 00:00:00+09:00,1732.8709642867789,1795.9774856239942,1732.8709642867789,1788.3023681640625,613600,0.0,0.0
2017-05-26 00:00:00+09:00,1782.3331792303857,1782.3331792303857,1678.2926778590424,1683.409423828125,357900,0.0,0.0
2017-05-29 00:00:00+09:00,1688.5259095473812,1704.7289359521287,1664.6477653719635,1685.11474609375,170500,0.0,0.0
2017-05-30 00:00:00+09:00,1674.028626393662,1681.7037449048912,1627.1251243805946,1667.206298828125,467500,0.0,0.0
2017-05-31 00:00:00+09:00,1660.3838880333533,1672.3229606745792,1634.8001609450118,1662.9422607421875,294900,0.0,0.0
2017-06-01 00:00:00+09:00,1662.9422902331805,1685.9676450210245,1662.9422902331805,1673.17578125,151300,0.0,0.0
2017-06-02 00:00:00+09:00,1677.4399784101427,1720.9323215209292,1667.206485913487,1713.2572021484375,236400,0.0,0.0
2017-06-05 00:00:00+09:00,1703.8760833740234,1739.6932983398438,1697.9065475463867,1732.8709716796875,123600,0.0,0.0
2017-06-06 00:00:00+09:00,1720.9321599390205,1728.6072785908793,1695.348431099491,1717.52099609375,157500,0.0,0.0
2017-06-07 00:00:00+09:00,1717.5207293669155,1797.6830672817566,1709.845611906984,1788.3023681640625,294500,0.0,0.0
2017-06-08 00:00:00+09:00,1794.2720562359234,1810.475083359727,1784.0385654208897,1798.5360107421875,158300,0.0,0.0
2017-06-09 00:00:00+09:00,1792.5664657348748,1819.002983545427,1788.3025112493017,1813.033447265625,166700,0.0,0.0
2017-06-12 00:00:00+09:00,1796.8305628782064,1797.6833538430276,1758.4549694612538,1770.39404296875,144100,0.0,0.0
2017-06-13 00:00:00+09:00,1764.424332535482,1765.2771234163595,1744.8101422753002,1749.0740966796875,102400,0.0,0.0
2017-06-14 00:00:00+09:00,1763.5715960299199,1764.424386937091,1726.0487961143897,1743.1046142578125,177700,0.0,0.0
2017-06-15 00:00:00+09:00,1726.0488232250375,1732.0183596689976,1697.0539319258028,1699.6123046875,139400,0.0,0.0
2017-06-16 00:00:00+09:00,1665.500698175905,1706.4346631080318,1665.500698175905,1696.201171875,232400,0.0,0.0
2017-06-19 00:00:00+09:00,1679.1454090261993,1703.876346995605,1673.1758722749635,1676.5870361328125,160800,0.0,0.0
2017-06-20 00:00:00+09:00,1693.6428244272242,1737.13516281886,1691.0844515806575,1733.7239990234375,176300,0.0,0.0
2017-06-21 00:00:00+09:00,1719.226392093121,1780.6273346678752,1714.1096468785581,1778.9217529296875,229100,0.0,0.0
2017-06-22 00:00:00+09:00,1776.3635131419721,1782.3330496719739,1750.77978515625,1750.77978515625,68400,0.0,0.0
2017-06-23 00:00:00+09:00,1761.8659136247798,1772.0994039265693,1743.9573055966478,1754.1907958984375,73600,0.0,0.0
2017-06-26 00:00:00+09:00,1758.4548622532895,1785.7441714638157,1753.3381167763157,1782.3330078125,77300,0.0,0.0
2017-06-27 00:00:00+09:00,1790.8608309159633,1822.414093174959,1774.6578043505333,1819.0029296875,115800,0.0,0.0
2017-06-28 00:00:00+09:00,1808.7696385652116,1820.708712087094,1755.0438077167398,1756.7493896484375,204600,0.0,0.0
2017-06-29 00:00:00+09:00,1757.6020661956652,1766.1299752989921,1743.9574116303422,1755.896484375,124000,0.0,0.0
2017-06-30 00:00:00+09:00,1737.1352768420945,1774.6580810546875,1722.6378297599563,1774.6580810546875,267600,0.0,0.0
2017-07-03 00:00:00+09:00,1791.7139111929514,1812.1808954236183,1784.8915831160625,1800.2418212890625,110600,0.0,0.0
2017-07-04 00:00:00+09:00,1790.8608028131837,1801.0942931149732,1749.9268416060252,1754.1907958984375,162200,0.0,0.0
2017-07-05 00:00:00+09:00,1749.0741787472286,1772.0995336112828,1728.6071966458471,1766.9827880859375,166500,0.0,0.0
2017-07-06 00:00:00+09:00,1792.566510960426,1890.6374666028853,1775.5106925878247,1888.931884765625,492300,0.0,0.0
2017-07-07 00:00:00+09:00,1876.14027265451,1922.190988437848,1853.9677057958659,1914.515869140625,291600,0.0,0.0
2017-07-10 00:00:00+09:00,1934.9823836536932,1939.2463377825027,1895.7540056686469,1925.6016845703125,169300,0.0,0.0
2017-07-11 00:00:00+09:00,1924.7491394097417,1947.7744946441514,1909.3989025868018,1911.957275390625,183100,0.0,0.0
2017-07-12 00:00:00+09:00,1905.1349122195966,1906.8404940568569,1876.992811904804,1888.931884765625,112400,0.0,0.0
2017-07-13 00:00:00+09:00,1911.9571379799256,1919.6322558397915,1891.4901570202833,1913.6627197265625,148600,0.0,0.0
2017-07-14 00:00:00+09:00,1923.0438743553725,1926.4550386557812,1886.3738581259797,1904.282470703125,155600,0.0,0.0
2017-07-17 00:00:00+09:00,1904.282470703125,1904.282470703125,1904.282470703125,1904.282470703125,0,0.0,0.0
2017-07-18 00:00:00+09:00,1889.7848055873137,1894.9015514508174,1871.0234040878006,1888.0792236328125,149000,0.0,0.0
2017-07-19 00:00:00+09:00,1907.6930769009828,1907.6930769009828,1879.5509796556844,1884.667724609375,110900,0.0,0.0
2017-07-20 00:00:00+09:00,1886.3737284565432,1946.9218906267124,1886.3737284565432,1945.21630859375,150500,0.0,0.0
2017-07-21 00:00:00+09:00,1948.6271512295054,1965.6829687457373,1933.2769154648965,1953.743896484375,168200,0.0,0.0
2017-07-24 00:00:00+09:00,1940.9522888845581,1969.094391491408,1905.9878583730174,1965.6832275390625,194700,0.0,0.0
2017-07-25 00:00:00+09:00,1998.9415070884468,2044.1394165917266,1983.5912736722387,2015.14453125,421700,0.0,0.0
2017-07-26 00:00:00+09:00,1876.140073396974,1932.4242755988832,1757.6021323959833,1775.5107421875,1472100,0.0,0.0
2017-07-27 00:00:00+09:00,1755.043580952983,1756.7491626643075,1675.7340313763905,1686.8203125,809000,0.0,0.0
2017-07-28 00:00:00+09:00,1731.165698533989,1737.988026409985,1700.465223092007,1712.404296875,626500,0.0,0.0
2017-07-31 00:00:00+09:00,1692.789825862221,1702.1705251491148,1657.8254012474345,1662.08935546875,293900,0.0,0.0
2017-08-01 00:00:00+09:00,1647.5921382580773,1652.708884029065,1591.3079347772114,1610.0693359375,448300,0.0,0.0
2017-08-02 00:00:00+09:00,1610.0692446469177,1692.789963254307,1610.0692446469177,1687.6732177734375,374600,0.0,0.0
2017-08-03 00:00:00+09:00,1685.9676874492695,1687.673269328328,1633.0946491984578,1641.62255859375,227100,0.0,0.0
2017-08-04 00:00:00+09:00,1639.064343665257,1656.1201640988183,1639.064343665257,1651.00341796875,153300,0.0,0.0
2017-08-07 00:00:00+09:00,1667.20634764362,1671.4703024969285,1639.064245611784,1648.4449462890625,130000,0.0,0.0
2017-08-08 00:00:00+09:00,1656.1200650250178,1679.9982122035453,1642.4754094944308,1648.4449462890625,151000,0.0,0.0
2017-08-09 00:00:00+09:00,1656.9725577586614,1696.2009353484186,1656.9725577586614,1695.34814453125,336100,0.0,0.0
2017-08-10 00:00:00+09:00,1696.2013439029138,1709.8460002641236,1661.2369119773132,1677.43994140625,181400,0.0,0.0
2017-08-11 00:00:00+09:00,1677.43994140625,1677.43994140625,1677.43994140625,1677.43994140625,0,0.0,0.0
2017-08-14 00:00:00+09:00,1650.1504933525305,1687.673295268557,1649.2977023998935,1679.1453857421875,202500,0.0,0.0
2017-08-15 00:00:00+09:00,1684.2623531133963,1715.8156225134953,1681.7039799187937,1708.1405029296875,234500,0.0,0.0
2017-08-16 00:00:00+09:00,1714.1097766275082,1757.6021142434302,1712.4041947602173,1737.1351318359375,236400,0.0,0.0
2017-08-17 00:00:00+09:00,1743.9577276541243,1743.9577276541243,1707.2877118648198,1708.1405029296875,136200,0.0,0.0
2017-08-18 00:00:00+09:00,1674.8812633504747,1702.1705711036393,1674.8812633504747,1684.261962890625,109800,0.0,0.0
2017-08-21 00:00:00+09:00,1704.728920468908,1704.728920468908,1676.5868222320528,1686.8203125,63600,0.0,0.0
2017-08-22 00:00:00+09:00,1676.5870167236328,1712.4042368164064,1676.5870167236328,1705.5819091796875,59000,0.0,0.0
2017-08-23 00:00:00+09:00,1737.135188204056,1748.2214707011854,1711.5514593645264,1717.52099609375,108500,0.0,0.0
2017-08-24 00:00:00+09:00,1715.8153076171875,1728.6071712425642,1706.4346076252446,1715.8153076171875,45000,0.0,0.0
2017-08-25 00:00:00+09:00,1710.6984557194496,1717.5207825618004,1688.5258934818096,1714.109619140625,99900,0.0,0.0
2017-08-28 00:00:00+09:00,1711.5514321687358,1717.5209688031061,1689.378867526789,1693.642822265625,97800,0.0,0.0
2017-08-29 00:00:00+09:00,1697.0539000161061,1716.6680908203125,1677.4397092119,1716.6680908203125,143600,0.0,0.0
2017-08-30 00:00:00+09:00,1729.4600617439514,1729.4600617439514,1692.790050572852,1718.373779296875,107400,0.0,0.0
2017-08-31 00:00:00+09:00,1724.3432967491765,1770.3940079383235,1724.3432967491765,1747.36865234375,229000,0.0,0.0
2017-09-01 00:00:00+09:00,1749.9269439515251,1749.9269439515251,1708.1401894419614,1715.8153076171875,182100,0.0,0.0
2017-09-04 00:00:00+09:00,1712.4041634811417,1712.4041634811417,1664.647872069317,1673.17578125,233600,0.0,0.0
2017-09-05 00:00:00+09:00,1667.2062411395439,1670.6174048042794,1623.7139044141645,1633.0946044921875,288400,0.0,0.0
2017-09-06 00:00:00+09:00,1598.9829996959515,1635.653009822312,1593.8662540969244,1616.038818359375,229300,0.0,0.0
2017-09-07 00:00:00+09:00,1625.4195290614132,1662.0895394232393,1625.4195290614132,1655.2672119140625,216400,0.0,0.0
2017-09-08 00:00:00+09:00,1650.1502985281418,1675.7340240867175,1650.1502985281418,1674.0284423828125,128700,0.0,0.0
2017-09-11 00:00:00+09:00,1705.5817700651426,1742.251778121543,1705.5817700651426,1734.57666015625,127000,0.0,0.0
2017-09-12 00:00:00+09:00,1748.2214432916971,1752.485398031433,1728.6072514889122,1747.36865234375,136700,0.0,0.0
2017-09-13 00:00:00+09:00,1748.221206665039,1782.3328399658203,1732.018180847168,1732.8709716796875,224300,0.0,0.0
2017-09-14 00:00:00+09:00,1743.104715051468,1743.957506007951,1720.9321501829072,1732.0184326171875,101800,0.0,0.0
2017-09-15 00:00:00+09:00,1733.7241105540206,1749.0743486209033,1720.932245498285,1748.2215576171875,178900,0.0,0.0
2017-09-18 00:00:00+09:00,1748.2215576171875,1748.2215576171875,1748.2215576171875,1748.2215576171875,0,0.0,0.0
2017-09-19 00:00:00+09:00,1755.8966327661751,1789.1554810798618,1751.632677854164,1779.7747802734375,222100,0.0,0.0
2017-09-20 00:00:00+09:00,1786.5969964522349,1786.5969964522349,1747.3686137139043,1751.632568359375,83200,0.0,0.0
2017-09-21 00:00:00+09:00,1760.160463579963,1764.4244181913486,1733.7239449893727,1739.6934814453125,102800,0.0,0.0
2017-09-22 00:00:00+09:00,1734.5768756809857,1746.5159495548962,1710.698727933165,1724.3433837890625,75400,0.0,0.0
2017-09-25 00:00:00+09:00,1739.6938703230778,1766.9831859359888,1737.1354969843674,1763.572021484375,90600,0.0,0.0
2017-09-26 00:00:00+09:00,1756.7494676543447,1760.1606316692073,1737.1352745688835,1748.2215576171875,108700,0.0,0.0
2017-09-27 00:00:00+09:00,1761.1074063570857,1773.134481327329,1737.0532564165985,1770.5572509765625,52400,15.0,0.0
2017-09-28 00:00:00+09:00,1781.725554586428,1793.7526316183516,1772.2757083470592,1792.8935546875,86900,0.0,0.0
2017-09-29 00:00:00+09:00,1795.470717272996,1799.7661017640796,1779.148256206878,1793.7525634765625,60300,0.0,0.0
2017-10-02 00:00:00+09:00,1799.7658707791527,1813.5110993865353,1786.8797189597315,1792.0341796875,138900,0.0,0.0
2017-10-03 00:00:00+09:00,1811.7929967014918,1817.8065343861342,1797.1886908959323,1808.356689453125,108500,0.0,0.0
2017-10-04 00:00:00+09:00,1810.9339459604562,1822.9610215028881,1798.9068704180243,1812.652099609375,83700,0.0,0.0
2017-10-05 00:00:00+09:00,1889.9690999744532,1999.9309385184213,1889.9690999744532,1944.0909423828125,889100,0.0,0.0
2017-10-06 00:00:00+09:00,1944.9498319892475,2017.1122815860217,1925.1910660282258,1997.353515625,513000,0.0,0.0
2017-10-09 00:00:00+09:00,1997.3535156250002,1997.3535156250002,1997.3535156250002,1997.353515625,0,0.0,0.0
2017-10-10 00:00:00+09:00,1977.5945456599986,2029.9982238899117,1972.4400855062368,2023.1256103515625,265400,0.0,0.0
2017-10-11 00:00:00+09:00,2028.2802134072554,2028.2802134072554,1967.2857639570582,1982.7491455078125,221900,0.0,0.0
2017-10-12 00:00:00+09:00,1968.1446149522471,1999.0713745062765,1926.0498588925964,1926.908935546875,305400,0.0,0.0
2017-10-13 00:00:00+09:00,1928.6274050086504,1978.4538591246867,1925.191097828234,1970.72216796875,181500,0.0,0.0
2017-10-16 00:00:00+09:00,1975.876803084758,1983.6084949229157,1930.3457289267178,1934.64111328125,163300,0.0,0.0
2017-10-17 00:00:00+09:00,1932.9229990641277,1944.0909986142758,1839.2836182205765,1855.6060791015625,487300,0.0,0.0
2017-10-18 00:00:00+09:00,1852.1696643456426,1854.7468948618935,1791.1752087943714,1801.484130859375,490800,0.0,0.0
2017-10-19 00:00:00+09:00,1812.6523509537806,1871.06958311722,1795.4708120821806,1863.337890625,382700,0.0,0.0
2017-10-20 00:00:00+09:00,1884.8147282729396,1884.8147282729396,1835.8473447216372,1873.646728515625,244700,0.0,0.0
2017-10-23 00:00:00+09:00,1915.7411860386817,1926.050107219159,1764.5436753916827,1903.714111328125,777200,0.0,0.0
2017-10-24 00:00:00+09:00,1928.6277222707306,1956.9772611727058,1874.5058752760508,1938.9366455078125,444400,0.0,0.0
2017-10-25 00:00:00+09:00,1958.6950318113772,2023.98486620509,1954.3996479696857,2008.521484375,417400,0.0,0.0
2017-10-26 00:00:00+09:00,2011.957901609757,2037.7302060710265,1981.8902130716097,2002.508056640625,330200,0.0,0.0
2017-10-27 00:00:00+09:00,2002.5079248300967,2012.8168459360431,1975.017468547573,1981.031005859375,181900,0.0,0.0
2017-10-30 00:00:00+09:00,2037.7299975575515,2042.025381194899,1986.1853939093842,2012.8167724609375,278000,0.0,0.0
2017-10-31 00:00:00+09:00,2019.6900598041082,2042.0260621668929,2013.6765207064354,2027.4217529296875,205500,0.0,0.0
2017-11-01 00:00:00+09:00,2044.6026985012754,2095.288227581769,2034.2937773323615,2062.643310546875,324000,0.0,0.0
2017-11-02 00:00:00+09:00,2078.107249787339,2113.3294065633954,2062.6438638856553,2098.72509765625,444200,0.0,0.0
2017-11-03 00:00:00+09:00,2098.72509765625,2098.72509765625,2098.72509765625,2098.72509765625,0,0.0,0.0
2017-11-06 00:00:00+09:00,2113.329398652972,2145.9743243232215,2051.475855277763,2055.771240234375,251700,0.0,0.0
2017-11-07 00:00:00+09:00,2044.6023751638986,2102.160509254647,2044.6023751638986,2088.415283203125,211800,0.0,0.0
2017-11-08 00:00:00+09:00,2088.4159483506946,2130.5107165404042,2081.543333136048,2126.21533203125,197100,0.0,0.0
2017-11-09 00:00:00+09:00,2129.6516652753276,2179.4781261813255,2092.7113580519153,2130.5107421875,294000,0.0,0.0
2017-11-10 00:00:00+09:00,2077.247635974931,2130.510395871724,2064.3614843869973,2097.865478515625,120200,0.0,0.0
2017-11-13 00:00:00+09:00,2092.7113257718374,2107.315633053496,2067.798095703125,2067.798095703125,117300,0.0,0.0
2017-11-14 00:00:00+09:00,2077.2481650174336,2097.0069358178475,2055.771240234375,2055.771240234375,158700,0.0,0.0
2017-11-15 00:00:00+09:00,2043.7434955764495,2054.0524161089916,1990.4807394916493,1994.776123046875,193300,0.0,0.0
2017-11-16 00:00:00+09:00,1981.030996481242,2045.4617530883943,1958.6950008574292,2035.15283203125,237800,0.0,0.0
2017-11-17 00:00:00+09:00,2134.805861746593,2134.805861746593,2029.99849147171,2042.8846435546875,202800,0.0,0.0
2017-11-20 00:00:00+09:00,2023.1259245069296,2045.4619219749466,2006.8034648187634,2014.53515625,121900,0.0,0.0
2017-11-21 00:00:00+09:00,2014.5354029048938,2052.3347878634504,2014.5354029048938,2043.7440185546875,115800,0.0,0.0
2017-11-22 00:00:00+09:00,2055.7709043358554,2062.643519143497,2036.012136763885,2044.6029052734375,117300,0.0,0.0
2017-11-23 00:00:00+09:00,2044.6029052734373,2044.6029052734373,2044.6029052734373,2044.6029052734375,0,0.0,0.0
2017-11-24 00:00:00+09:00,2027.421060853523,2036.8709047812301,2011.0986031602108,2029.998291015625,79700,0.0,0.0
2017-11-27 00:00:00+09:00,2028.2801375742235,2037.7299815019308,1998.2124523497012,2029.998291015625,123700,0.0,0.0
2017-11-28 00:00:00+09:00,2039.4484792069138,2051.475555326921,1963.8497150240123,1973.299560546875,177900,0.0,0.0
2017-11-29 00:00:00+09:00,2016.2530990760085,2033.434633793316,1962.1312647164907,1972.440185546875,138600,0.0,0.0
2017-11-30 00:00:00+09:00,1958.6950699719287,1962.1313771122302,1895.9824646614238,1950.96337890625,245100,0.0,0.0
2017-12-01 00:00:00+09:00,1954.3998223981862,1973.2995129884105,1929.4865938928908,1949.245361328125,97000,0.0,0.0
2017-12-04 00:00:00+09:00,1987.903857443781,1987.903857443781,1911.4460167728662,1914.88232421875,141700,0.0,0.0
2017-12-05 00:00:00+09:00,1905.4325801126545,1905.4325801126545,1878.8011959902503,1895.1236572265625,136100,0.0,0.0
2017-12-06 00:00:00+09:00,1881.3781286592507,1881.3781286592507,1831.5516759367683,1834.12890625,163600,0.0,0.0
2017-12-07 00:00:00+09:00,1865.9150843394887,1904.573546031605,1865.9150843394887,1889.96923828125,180200,0.0,0.0
2017-12-08 00:00:00+09:00,1889.9690858174706,1914.0232378187839,1871.9284718164856,1901.1370849609375,170200,0.0,0.0
2017-12-11 00:00:00+09:00,1901.1369227344633,1905.4323066538814,1877.9418495696054,1898.5596923828125,91000,0.0,0.0
2017-12-12 00:00:00+09:00,1911.4461267689273,1936.3593571852414,1871.0695119562802,1871.9285888671875,107100,0.0,0.0
2017-12-13 00:00:00+09:00,1864.196414866728,1866.773644933364,1822.9607338005515,1825.5379638671875,122700,0.0,0.0
2017-12-14 00:00:00+09:00,1844.437983996103,1870.2102893150982,1841.0016766202368,1859.9013671875,84000,0.0,0.0
2017-12-15 00:00:00+09:00,1855.606232897648,1871.069618171795,1829.8339241074027,1844.438232421875,90200,0.0,0.0
2017-12-18 00:00:00+09:00,1868.4918547889474,1927.7681481132865,1854.7466273514196,1925.19091796875,175900,0.0,0.0
2017-12-19 00:00:00+09:00,1913.1643009307056,1930.3458393315202,1881.3784548891988,1891.6873779296875,131600,0.0,0.0
2017-12-20 00:00:00+09:00,1890.828309481374,1905.4326171875,1875.3649248513582,1905.4326171875,52000,0.0,0.0
2017-12-21 00:00:00+09:00,1903.7143250196275,1917.4595548031627,1879.660172898441,1914.88232421875,84900,0.0,0.0
2017-12-22 00:00:00+09:00,1915.7411442438188,1919.1774512290096,1896.84145582527,1908.8685302734375,53100,0.0,0.0
2017-12-25 00:00:00+09:00,1912.3049145746952,1930.3455269763433,1897.7006092971706,1929.4864501953125,116100,0.0,0.0
2017-12-26 00:00:00+09:00,1929.4864707615063,1932.0637011320694,1894.264322363812,1896.841552734375,55800,0.0,0.0
2017-12-27 00:00:00+09:00,1900.2780292217549,1920.8958740234375,1893.4054142878606,1920.8958740234375,71200,0.0,0.0
2017-12-28 00:00:00+09:00,1920.0367341605918,2005.9444180156518,1906.291504743782,2003.3671875,316800,0.0,0.0
2017-12-29 00:00:00+09:00,2019.6897990433213,2055.771028970935,1979.3131846005156,1999.9310302734375,319200,0.0,0.0
2018-01-01 00:00:00+09:00,1999.9310302734375,1999.9310302734375,1999.9310302734375,1999.9310302734375,0,0.0,0.0
2018-01-02 00:00:00+09:00,1999.9310302734375,1999.9310302734375,1999.9310302734375,1999.9310302734375,0,0.0,0.0
2018-01-03 00:00:00+09:00,1999.9310302734375,1999.9310302734375,1999.9310302734375,1999.9310302734375,0,0.0,0.0
2018-01-04 00:00:00+09:00,2031.7167189577792,2035.1530263048537,1995.6354918134973,2018.83056640625,126400,0.0,0.0
2018-01-05 00:00:00+09:00,2028.2806084366937,2039.4486083984375,2017.1126084749499,2039.4486083984375,80300,0.0,0.0
2018-01-08 00:00:00+09:00,2039.4486083984375,2039.4486083984375,2039.4486083984375,2039.4486083984375,0,0.0,0.0
2018-01-09 00:00:00+09:00,2039.4484344843881,2039.4484344843881,2014.535205924975,2030.857666015625,90300,0.0,0.0
2018-01-10 00:00:00+09:00,2030.8573953807227,2031.716472113117,2014.5349374652262,2026.56201171875,73100,0.0,0.0
2018-01-11 00:00:00+09:00,2008.5213065825703,2027.420993813031,1984.4671591983479,2023.1256103515625,98100,0.0,0.0
2018-01-12 00:00:00+09:00,2023.1259604137224,2071.234263506363,2023.1259604137224,2032.5758056640625,160300,0.0,0.0
2018-01-15 00:00:00+09:00,2049.757205344535,2049.757205344535,2010.2396733052021,2034.2938232421875,109300,0.0,0.0
2018-01-16 00:00:00+09:00,2028.2802673263454,2061.784261576971,2013.6759621401752,2059.20703125,109400,0.0,0.0
2018-01-17 00:00:00+09:00,2053.1938304690816,2059.2073688846813,2025.703369140625,2025.703369140625,138300,0.0,0.0
2018-01-18 00:00:00+09:00,2056.6298724431967,2110.751711191702,2041.1664899436237,2042.8846435546875,237100,0.0,0.0
2018-01-19 00:00:00+09:00,2062.643704874007,2117.6246282858924,2062.643704874007,2096.147705078125,221200,0.0,0.0
2018-01-22 00:00:00+09:00,2103.0201466181506,2146.833066339362,2097.0066086172,2132.228759765625,342000,0.0,0.0
2018-01-23 00:00:00+09:00,2147.692440026836,2166.5921334990717,2121.061053770503,2140.81982421875,181500,0.0,0.0
2018-01-24 00:00:00+09:00,2126.2152217646744,2145.1149126248047,2109.033684619101,2132.228759765625,179700,0.0,0.0
2018-01-25 00:00:00+09:00,2117.624050916961,2117.624050916961,2089.2745200121904,2114.187744140625,182800,0.0,0.0
2018-01-26 00:00:00+09:00,2319.5074024516575,2422.5966203383978,2285.144329822744,2332.3935546875,1281900,0.0,0.0
2018-01-29 00:00:00+09:00,2375.3478384801833,2517.095539510646,2326.3804508514777,2456.10107421875,1017500,0.0,0.0
2018-01-30 00:00:00+09:00,2480.1551946403297,2534.277043362997,2401.1201139659584,2408.851806640625,487700,0.0,0.0
2018-01-31 00:00:00+09:00,2379.6428519983333,2391.6699277846064,2266.244708870615,2271.399169921875,497900,0.0,0.0
2018-02-01 00:00:00+09:00,2282.5669248287772,2309.1983040796968,2252.4992385777396,2263.667236328125,246500,0.0,0.0
2018-02-02 00:00:00+09:00,2253.358915336991,2265.385993039895,2200.9552196314794,2249.922607421875,216000,0.0,0.0
2018-02-05 00:00:00+09:00,2190.646055080747,2244.7678987945064,2174.3235942781844,2176.041748046875,264700,0.0,0.0
2018-02-06 00:00:00+09:00,1918.318718536284,2005.0854854741096,1901.1371805287938,1978.4541015625,419400,0.0,0.0
2018-02-07 00:00:00+09:00,2143.397130817363,2160.578670944156,2033.4352740058914,2036.87158203125,407300,0.0,0.0
2018-02-08 00:00:00+09:00,2061.7842254832067,2095.2882191473086,2028.2802318191045,2033.4346923828125,245300,0.0,0.0
2018-02-09 00:00:00+09:00,1928.6277695908907,1976.7360792109753,1902.8554608658455,1955.2591552734375,241100,0.0,0.0
2018-02-12 00:00:00+09:00,1955.2591552734375,1955.2591552734375,1955.2591552734375,1955.2591552734375,0,0.0,0.0
2018-02-13 00:00:00+09:00,2011.0986865905925,2011.9577633469319,1932.922701763705,1936.3590087890625,247000,0.0,0.0
2018-02-14 00:00:00+09:00,1915.7408592209965,1926.9088552612984,1822.9605844246432,1852.169189453125,240000,0.0,0.0
2018-02-15 00:00:00+09:00,1878.8009401404338,1926.9092403909433,1852.1695596446161,1896.841552734375,182300,0.0,0.0
2018-02-16 00:00:00+09:00,1908.8684603866857,1939.7952221211233,1893.4050795194667,1925.19091796875,156100,0.0,0.0
2018-02-19 00:00:00+09:00,1950.1040915066017,2023.1256103515625,1943.2314779682524,2023.1256103515625,300500,0.0,0.0
2018-02-20 00:00:00+09:00,2023.1261209896281,2023.1261209896281,1969.8633526238714,1998.212890625,176100,0.0,0.0
2018-02-21 00:00:00+09:00,1996.494722661284,2023.9851835585134,1970.7224155701315,1999.9310302734375,149900,0.0,0.0
2018-02-22 00:00:00+09:00,1973.2998585514238,1975.018012542326,1925.191546806156,1974.158935546875,182200,0.0,0.0
2018-02-23 00:00:00+09:00,1952.681382694454,1958.6949197287088,1926.0500043998968,1954.3995361328125,254100,0.0,0.0
2018-02-26 00:00:00+09:00,1968.1449550605175,1972.4403390741809,1944.9498813867358,1953.5406494140625,211100,0.0,0.0
2018-02-27 00:00:00+09:00,2011.9579699864203,2020.5487384321352,1981.0312035818467,2001.6490478515625,167900,0.0,0.0
2018-02-28 00:00:00+09:00,1975.8770290564255,2017.9718005450188,1962.131797549946,1988.76318359375,163300,0.0,0.0
2018-03-01 00:00:00+09:00,1974.1586445140417,1985.3266438085077,1932.9229548113985,1950.1044921875,127600,0.0,0.0
2018-03-02 00:00:00+09:00,1900.2780175737437,1938.9364763399367,1888.2509415131506,1914.88232421875,183100,0.0,0.0
2018-03-05 00:00:00+09:00,1879.6601964264844,1895.9826569987436,1831.5518915819307,1837.5654296875,243800,0.0,0.0
2018-03-06 00:00:00+09:00,1889.109992816294,1935.500142708099,1883.096454867356,1910.5869140625,160500,0.0,0.0
2018-03-07 00:00:00+09:00,1891.6874732495016,1891.6874732495016,1839.2837784864591,1858.1834716796875,155000,0.0,0.0
2018-03-08 00:00:00+09:00,1885.6739087321341,1888.2511395868933,1843.5791381044007,1853.8880615234375,129100,0.0,0.0
2018-03-09 00:00:00+09:00,1889.9690241698104,1905.432407094836,1859.9013351489268,1878.801025390625,153000,0.0,0.0
2018-03-12 00:00:00+09:00,1914.0232106827073,1950.9635150181455,1895.123520092483,1949.245361328125,151200,0.0,0.0
2018-03-13 00:00:00+09:00,1950.963660623119,2007.6627366253763,1939.7956608044926,1998.212890625,177700,0.0,0.0
2018-03-14 00:00:00+09:00,1975.8770616087195,2021.4081417240507,1969.0044457422543,2006.8038330078125,188200,0.0,0.0
2018-03-15 00:00:00+09:00,2006.8038585526317,2048.8986312705592,1989.6223186677632,2040.307861328125,243400,0.0,0.0
2018-03-16 00:00:00+09:00,2037.730393124661,2037.730393124661,1971.5814722685907,1980.1722412109375,163400,0.0,0.0
2018-03-19 00:00:00+09:00,1969.0047706713517,1998.2133929238935,1953.541382420006,1975.018310546875,147000,0.0,0.0
2018-03-20 00:00:00+09:00,1932.063651265165,1947.5270330894305,1917.4593462089142,1940.6544189453125,67400,0.0,0.0
2018-03-21 00:00:00+09:00,1940.6544189453125,1940.6544189453125,1940.6544189453125,1940.6544189453125,0,0.0,0.0
2018-03-22 00:00:00+09:00,1961.2723706130273,1963.8496010606136,1924.3320675309599,1942.3726806640625,70500,0.0,0.0
2018-03-23 00:00:00+09:00,1856.4649304766322,1883.0963107842563,1825.5381662484237,1830.692626953125,133000,0.0,0.0
2018-03-26 00:00:00+09:00,1787.7388321596354,1810.9339059070214,1735.3351470266523,1810.0748291015625,198400,0.0,0.0
2018-03-27 00:00:00+09:00,1848.7331889512495,1889.1097967025082,1838.4242678232686,1882.2371826171875,125900,0.0,0.0
2018-03-28 00:00:00+09:00,1848.4558890530611,1869.2445213573128,1832.8644148248723,1864.04736328125,100000,18.0,0.0
2018-03-29 00:00:00+09:00,1884.835670837177,1892.631406608103,1861.4484635243996,1877.9061279296875,130200,0.0,0.0
2018-03-30 00:00:00+09:00,1883.1038566450638,1930.744478593306,1874.441925381747,1905.6248779296875,124300,0.0,0.0
2018-04-02 00:00:00+09:00,1905.6245870258083,1934.2089558311955,1895.2302710965766,1915.1527099609375,54900,0.0,0.0
2018-04-03 00:00:00+09:00,1883.969672608771,1896.0963739497008,1863.181041738605,1881.37109375,104100,0.0,0.0
2018-04-04 00:00:00+09:00,1892.631663452998,1896.0964353769396,1855.3853652706277,1866.6458740234375,77900,0.0,0.0
2018-04-05 00:00:00+09:00,1879.6387325416208,1879.6387325416208,1846.7233998980348,1864.9134521484375,71700,0.0,0.0
2018-04-06 00:00:00+09:00,1866.6458847943472,1880.5049725700826,1837.1953232709097,1855.3853759765625,85600,0.0,0.0
2018-04-09 00:00:00+09:00,1828.5336079147628,1843.2588904038917,1799.9492360241009,1836.329345703125,127600,0.0,0.0
2018-04-10 00:00:00+09:00,1836.3290731634029,1851.920546426111,1797.3503900066326,1846.723388671875,93700,0.0,0.0
2018-04-11 00:00:00+09:00,1863.1810406077343,1864.047233560132,1830.2657084166167,1851.9205322265625,136800,0.0,0.0
2018-04-12 00:00:00+09:00,1851.9205638054952,1851.9205638054952,1806.8785295127516,1818.1390380859375,147200,0.0,0.0
2018-04-13 00:00:00+09:00,1833.7305756102737,1908.223173391324,1828.5334176255492,1897.828857421875,246600,0.0,0.0
2018-04-16 00:00:00+09:00,1905.6249131944444,1958.4626948784721,1899.5615611979167,1948.9345703125,376700,0.0,0.0
2018-04-17 00:00:00+09:00,1963.6597571574466,2005.237025945959,1951.5330537607972,1967.99072265625,371600,0.0,0.0
2018-04-18 00:00:00+09:00,1999.1733144891123,2090.1235735971522,1994.8423497696817,2068.46875,647900,0.0,0.0
2018-04-19 00:00:00+09:00,2096.186990558565,2139.4966391238245,2081.4617100463765,2118.7080078125,405900,0.0,0.0
2018-04-20 00:00:00+09:00,1858.850289033883,1931.6105053800368,1780.8929143772893,1891.765625,1770800,0.0,0.0
2018-04-23 00:00:00+09:00,1884.8359238178634,1981.8495375437828,1854.5191695285137,1978.384765625,759100,0.0,0.0
2018-04-24 00:00:00+09:00,2003.5046017598988,2152.4898120939683,2000.906022509886,2108.31396484375,1720000,0.0,0.0
2018-04-25 00:00:00+09:00,2055.4762487373164,2055.4762487373164,1905.6248408015574,1939.4063720703125,1555200,0.0,0.0
2018-04-26 00:00:00+09:00,1940.2723354231975,1950.6666515058218,1863.181157810401,1934.208984375,1086100,0.0,0.0
2018-04-27 00:00:00+09:00,1953.2650619506835,2084.0601947021482,1922.948309326172,2078.863037109375,1111200,0.0,0.0
2018-04-30 00:00:00+09:00,2078.863037109375,2078.863037109375,2078.863037109375,2078.863037109375,0,0.0,0.0
2018-05-01 00:00:00+09:00,2055.476207893953,2055.476207893953,1910.8219614892796,1931.610595703125,780100,0.0,0.0
2018-05-02 00:00:00+09:00,1974.9202674543353,2026.8918534399756,1935.941577965105,1967.99072265625,664000,0.0,0.0
2018-05-03 00:00:00+09:00,1967.99072265625,1967.99072265625,1967.99072265625,1967.99072265625,0,0.0,0.0
2018-05-04 00:00:00+09:00,1967.99072265625,1967.99072265625,1967.99072265625,1967.99072265625,0,0.0,0.0
2018-05-07 00:00:00+09:00,1966.2578999810005,1967.9902857959617,1932.4763765892565,1941.1383056640625,208700,0.0,0.0
2018-05-08 00:00:00+09:00,1959.3282734553018,2008.7012670834858,1935.0748730765447,1995.7083740234375,367400,0.0,0.0
2018-05-09 00:00:00+09:00,1977.5187927012441,2042.4832734075924,1974.92021347299,2036.419921875,382600,0.0,0.0
2018-05-10 00:00:00+09:00,2052.8773872641814,2118.7080545351,2052.8773872641814,2109.179931640625,532500,0.0,0.0
2018-05-11 00:00:00+09:00,2091.855713190552,2160.284947700719,2071.0670849849316,2115.242919921875,479200,0.0,0.0
2018-05-14 00:00:00+09:00,2112.644421695944,2156.8202583119723,2107.4472644469993,2154.2216796875,238200,0.0,0.0
2018-05-15 00:00:00+09:00,2143.8272276921057,2146.4258061499145,2084.9261159817775,2089.257080078125,289000,0.0,0.0
2018-05-16 00:00:00+09:00,2077.9976501717265,2104.849641482824,2061.5399780778275,2094.455322265625,317600,0.0,0.0
2018-05-17 00:00:00+09:00,2080.5954049457455,2098.78545636284,2063.271546453275,2077.996826171875,131500,0.0,0.0
2018-05-18 00:00:00+09:00,2077.997034460393,2090.1237366206456,2067.602718323034,2076.2646484375,171600,0.0,0.0
2018-05-21 00:00:00+09:00,2073.665609331273,2094.454236993742,2066.7360667771172,2089.257080078125,188900,0.0,0.0
2018-05-22 00:00:00+09:00,2101.3841622749765,2102.2503552520066,2071.0674080789236,2084.060302734375,240300,0.0,0.0
2018-05-23 00:00:00+09:00,2087.5249845035273,2117.8417373905077,2066.736353952455,2079.729248046875,286500,0.0,0.0
2018-05-24 00:00:00+09:00,2075.3984710602726,2075.3984710602726,2025.159276017912,2041.616943359375,175600,0.0,0.0
2018-05-25 00:00:00+09:00,2026.0253657243127,2077.1307511786667,2026.0253657243127,2042.4830322265625,141200,0.0,0.0
2018-05-28 00:00:00+09:00,2033.8211382332495,2071.067436761371,2033.8211382332495,2044.2154541015625,74300,0.0,0.0
2018-05-29 00:00:00+09:00,2039.8842798901971,2042.4828585906944,1980.1169697787648,1993.10986328125,137400,0.0,0.0
2018-05-30 00:00:00+09:00,1954.1312834427404,1989.6451941790667,1953.265090497952,1962.793212890625,142500,0.0,0.0
2018-05-31 00:00:00+09:00,1980.983168157555,2013.898498454882,1975.7860107421875,1975.7860107421875,369300,0.0,0.0
2018-06-01 00:00:00+09:00,1972.3212571273657,1997.4408515308323,1961.9269422017933,1976.6522216796875,161900,0.0,0.0
2018-06-04 00:00:00+09:00,1933.3427167201148,2005.2367335157103,1932.4765237466738,1983.5819091796875,193400,0.0,0.0
2018-06-05 00:00:00+09:00,1993.9762754265091,2014.764907316273,1970.5890645505249,1980.1171875,112100,0.0,0.0
2018-06-06 00:00:00+09:00,1980.1169508084445,2031.22233142861,1949.800199593092,2015.630859375,155800,0.0,0.0
2018-06-07 00:00:00+09:00,2026.891354699117,2115.2430291347196,2026.891354699117,2097.052978515625,351500,0.0,0.0
2018-06-08 00:00:00+09:00,2086.6593137450773,2135.1661305029534,2082.328347963124,2116.97607421875,326200,0.0,0.0
2018-06-11 00:00:00+09:00,2122.1725882929245,2152.489339554252,2112.6444664679357,2144.693603515625,321200,0.0,0.0
2018-06-12 00:00:00+09:00,2144.6935673978123,2178.4750896629635,2118.7077810400037,2142.961181640625,275400,0.0,0.0
2018-06-13 00:00:00+09:00,2128.2362055156373,2159.419153581801,2107.447573471529,2157.686767578125,184500,0.0,0.0
2018-06-14 00:00:00+09:00,2157.686608838848,2233.045394454657,2155.9542229626227,2208.7919921875,419900,0.0,0.0
2018-06-15 00:00:00+09:00,2234.7780665887854,2334.3902672313084,2234.7780665887854,2317.06640625,592700,0.0,0.0
2018-06-18 00:00:00+09:00,2295.4118296459,2364.707281106909,2270.2922284912847,2293.679443359375,373700,0.0,0.0
2018-06-19 00:00:00+09:00,2282.4188651711006,2288.4822169950844,2217.454381342701,2219.186767578125,206100,0.0,0.0
2018-06-20 00:00:00+09:00,2208.7917840215487,2261.62954826677,2168.946912623513,2257.298583984375,241300,0.0,0.0
2018-06-21 00:00:00+09:00,2278.0882481334297,2303.2078523904142,2246.0390978745186,2247.771484375,198200,0.0,0.0
2018-06-22 00:00:00+09:00,2221.784946776977,2307.538049985913,2198.3977368109036,2305.8056640625,298700,0.0,0.0
2018-06-25 00:00:00+09:00,2307.538107408548,2318.798616190947,2278.087545977658,2285.01708984375,164000,0.0,0.0
2018-06-26 00:00:00+09:00,2268.5595792148656,2352.5803043709716,2265.0948070434797,2351.714111328125,226700,0.0,0.0
2018-06-27 00:00:00+09:00,2362.974710532869,2399.354819712627,2345.650849018698,2391.55908203125,290700,0.0,0.0
2018-06-28 00:00:00+09:00,2377.700174711765,2415.812672958511,2368.1720501500786,2412.347900390625,219700,0.0,0.0
2018-06-29 00:00:00+09:00,2412.3478291061274,2439.199815713772,2371.636752636473,2408.883056640625,230600,0.0,0.0
2018-07-02 00:00:00+09:00,2416.6784707731067,2472.981015791118,2385.495522763131,2393.291259765625,270700,0.0,0.0
2018-07-03 00:00:00+09:00,2395.890235631029,2454.7913694064846,2370.7706344620847,2424.474609375,208100,0.0,0.0
2018-07-04 00:00:00+09:00,2401.953105949086,2429.671280990691,2323.1295456745215,2342.185791015625,268700,0.0,0.0
2018-07-05 00:00:00+09:00,2344.784542643229,2382.8970361328124,2328.326875,2338.72119140625,172400,0.0,0.0
2018-07-06 00:00:00+09:00,2356.0448900190286,2394.1573808869834,2355.178697044757,2389.826416015625,263400,0.0,0.0
2018-07-09 00:00:00+09:00,2415.8122554321076,2479.9105368598507,2394.1574306254374,2474.71337890625,306400,0.0,0.0
2018-07-10 00:00:00+09:00,2472.114456029024,2544.8746572576288,2448.7272484912583,2505.02978515625,360200,0.0,0.0
2018-07-11 00:00:00+09:00,2477.3119146124827,2483.3752654524433,2418.4107921671507,2460.854248046875,170400,0.0,0.0
2018-07-12 00:00:00+09:00,2459.9878024683853,2464.3187669093504,2424.4738940524685,2448.727294921875,158500,0.0,0.0
2018-07-13 00:00:00+09:00,2467.7841921700074,2502.431916875799,2456.523681640625,2456.523681640625,136500,0.0,0.0
2018-07-16 00:00:00+09:00,2456.523681640625,2456.523681640625,2456.523681640625,2456.523681640625,0,0.0,0.0
2018-07-17 00:00:00+09:00,2453.9247728203572,2468.650053843282,2418.410859765068,2428.80517578125,200600,0.0,0.0
2018-07-18 00:00:00+09:00,2442.664389757871,2475.5797255063812,2434.86865234375,2434.86865234375,237700,0.0,0.0
2018-07-19 00:00:00+09:00,2452.1923182755027,2485.9738443838546,2440.931809572719,2460.854248046875,182500,0.0,0.0
2018-07-20 00:00:00+09:00,2451.326084968616,2477.3118738552093,2399.35450719543,2423.60791015625,212800,0.0,0.0
2018-07-23 00:00:00+09:00,2397.6221677977233,2494.635781523643,2388.9602380007664,2472.98095703125,412300,0.0,0.0
2018-07-24 00:00:00+09:00,2213.1230898916097,2238.242686606622,2112.64470303156,2226.982177734375,2079800,0.0,0.0
2018-07-25 00:00:00+09:00,2217.4541823308273,2320.531154087612,2189.736005051692,2304.073486328125,750300,0.0,0.0
2018-07-26 00:00:00+09:00,2347.3825388702194,2364.7063952456456,2279.8194990060583,2287.615234375,570400,0.0,0.0
2018-07-27 00:00:00+09:00,2278.087490603392,2302.3408935451766,2211.3906325134826,2223.517333984375,455100,0.0,0.0
2018-07-30 00:00:00+09:00,2216.587411927195,2246.9041604295207,2201.862134083208,2228.714111328125,281500,0.0,0.0
2018-07-31 00:00:00+09:00,2206.193168321464,2206.193168321464,2101.383834451461,2115.242919921875,597200,0.0,0.0
2018-08-01 00:00:00+09:00,2119.574630944608,2119.574630944608,2030.3567367936907,2103.983154296875,558700,0.0,0.0
2018-08-02 00:00:00+09:00,2122.172702088648,2122.172702088648,2077.130669227991,2079.729248046875,204900,0.0,0.0
2018-08-03 00:00:00+09:00,2096.1871387351853,2151.623492817438,2093.5885596375797,2137.764404296875,372000,0.0,0.0
2018-08-06 00:00:00+09:00,2128.2357411650837,2128.2357411650837,2036.4193030033014,2047.6798095703125,327800,0.0,0.0
2018-08-07 00:00:00+09:00,2036.4196889977204,2086.6588816654653,2006.1029348016677,2084.060302734375,237400,0.0,0.0
2018-08-08 00:00:00+09:00,2084.060547081461,2106.5815671247356,2038.1523139163253,2048.546630859375,256500,0.0,0.0
2018-08-09 00:00:00+09:00,2071.9340238486843,2081.462148540296,2035.5539113898026,2057.208740234375,133900,0.0,0.0
2018-08-10 00:00:00+09:00,2038.1520295576615,2048.546345050518,1975.786136600521,1981.8494873046875,180700,0.0,0.0
2018-08-13 00:00:00+09:00,1982.7157635009432,2000.039623382996,1909.089359002219,1915.1527099609375,218100,0.0,0.0
2018-08-14 00:00:00+09:00,1934.208976843809,1957.5961879386514,1924.6808538051696,1951.5328369140625,118200,0.0,0.0
2018-08-15 00:00:00+09:00,1954.1313282321676,1957.596100090735,1888.3006629193817,1894.364013671875,189300,0.0,0.0
2018-08-16 00:00:00+09:00,1856.2513618018754,1874.4414124774887,1812.9417173361294,1833.7303466796875,298500,0.0,0.0
2018-08-17 00:00:00+09:00,1828.5334258467255,1849.3220578790902,1789.5547407860422,1821.6038818359375,444400,0.0,0.0
2018-08-20 00:00:00+09:00,1827.6673278368648,1832.864486115074,1799.949150353083,1802.5477294921875,162600,0.0,0.0
2018-08-21 00:00:00+09:00,1775.6956212660846,1787.822323069853,1746.245059742647,1767.03369140625,302900,0.0,0.0
2018-08-22 00:00:00+09:00,1758.371663528721,1817.2727832922446,1749.7097341517322,1803.4136962890625,179000,0.0,0.0
2018-08-23 00:00:00+09:00,1798.2167350524817,1819.8715608599537,1789.5548047294928,1812.9420166015625,117400,0.0,0.0
2018-08-24 00:00:00+09:00,1814.6744141211875,1814.6744141211875,1773.0971483083872,1801.6815185546875,125800,0.0,0.0
2018-08-27 00:00:00+09:00,1819.0054086538462,1894.3642041552198,1819.0054086538462,1891.765625,192100,0.0,0.0
2018-08-28 00:00:00+09:00,1856.2515796338635,1898.695036191054,1833.7305618688238,1873.575439453125,438700,0.0,0.0
2018-08-29 00:00:00+09:00,1895.2300815675899,1957.5959709061942,1890.8991170301867,1941.1383056640625,341000,0.0,0.0
2018-08-30 00:00:00+09:00,1951.5327424436985,1964.5256368674247,1888.30065624823,1911.6878662109375,272900,0.0,0.0
2018-08-31 00:00:00+09:00,1914.2869582246803,1942.0051404252188,1895.2307079618101,1930.74462890625,218800,0.0,0.0
2018-09-03 00:00:00+09:00,1913.4206047560983,1913.4206047560983,1823.3365201501074,1839.794189453125,293700,0.0,0.0
2018-09-04 00:00:00+09:00,1850.188132214902,1868.3781840765655,1845.8571674859347,1857.11767578125,158500,0.0,0.0
2018-09-05 00:00:00+09:00,1851.9204701266722,1871.8429073637692,1825.068489502759,1837.1951904296875,138500,0.0,0.0
2018-09-06 00:00:00+09:00,1819.871650573404,1820.7378436484032,1758.371942248458,1781.7591552734375,229400,0.0,0.0
2018-09-07 00:00:00+09:00,1758.3720600688373,1758.3720600688373,1725.4567210133616,1734.11865234375,250500,0.0,0.0
2018-09-10 00:00:00+09:00,1732.3860153106136,1751.4422614790303,1717.6607341804734,1721.99169921875,185100,0.0,0.0
2018-09-11 00:00:00+09:00,1731.519775390625,1747.1112491059982,1725.4564245013132,1731.519775390625,161100,0.0,0.0
2018-09-12 00:00:00+09:00,1732.3860168457031,1732.3860168457031,1652.6962600708007,1663.090576171875,236000,0.0,0.0
2018-09-13 00:00:00+09:00,1647.4988833231275,1677.8156345935322,1628.4426396674448,1646.6326904296875,266000,0.0,0.0
2018-09-14 00:00:00+09:00,1670.0201566998937,1743.6465640232811,1653.5624891805483,1729.7874755859375,406900,0.0,0.0
2018-09-17 00:00:00+09:00,1729.7874755859375,1729.7874755859375,1729.7874755859375,1729.7874755859375,0,0.0,0.0
2018-09-18 00:00:00+09:00,1708.1324603215603,1708.9986532527578,1678.681900660844,1702.935302734375,215700,0.0,0.0
2018-09-19 00:00:00+09:00,1730.653528492532,1742.7802298933805,1714.195862305666,1728.921142578125,261800,0.0,0.0
2018-09-20 00:00:00+09:00,1737.5831768141056,1757.5056160298207,1715.0621585702538,1728.0550537109375,223100,0.0,0.0
2018-09-21 00:00:00+09:00,1736.7168307234053,1773.0969339106286,1730.6534801922014,1761.83642578125,256400,0.0,0.0
2018-09-24 00:00:00+09:00,1761.83642578125,1761.83642578125,1761.83642578125,1761.83642578125,0,0.0,0.0
2018-09-25 00:00:00+09:00,1770.4986929049821,1794.7520996571052,1742.7805137596988,1772.2310791015625,259200,0.0,0.0
2018-09-26 00:00:00+09:00,1783.591471055414,1826.411648459488,1762.618322939133,1785.3392333984375,362500,18.0,0.0
2018-09-27 00:00:00+09:00,1760.8703229649664,1780.0957061437402,1695.3292439464194,1696.203125,540800,0.0,0.0
2018-09-28 00:00:00+09:00,1709.3113807627647,1733.7800508350333,1680.473305320448,1713.6807861328125,413500,0.0,0.0
2018-10-01 00:00:00+09:00,1713.6807046083861,1742.5187786787976,1701.4463701542722,1725.9150390625,207300,0.0,0.0
2018-10-02 00:00:00+09:00,1730.2845462694718,1747.7621679489614,1708.43751917011,1725.041259765625,411600,0.0,0.0
2018-10-03 00:00:00+09:00,1725.041344498262,1752.1316594321254,1697.0771484375,1697.0771484375,300000,0.0,0.0
2018-10-04 00:00:00+09:00,1638.52719747311,1649.0137715369378,1526.6704074589456,1542.4002685546875,1321000,0.0,0.0
2018-10-05 00:00:00+09:00,1533.6612749045607,1565.9948744324631,1517.0575346064486,1539.7784423828125,503000,0.0,0.0
2018-10-08 00:00:00+09:00,1539.7784423828125,1539.7784423828125,1539.7784423828125,1539.7784423828125,0,0.0,0.0
2018-10-09 00:00:00+09:00,1496.9583609232088,1497.8322420445884,1420.0568222418065,1433.1650390625,749100,0.0,0.0
2018-10-10 00:00:00+09:00,1430.5434145688,1463.750897619267,1411.3180296448454,1444.5255126953125,598800,0.0,0.0
2018-10-11 00:00:00+09:00,1330.921075502214,1369.371848530512,1309.9479265776881,1359.7591552734375,582700,0.0,0.0
2018-10-12 00:00:00+09:00,1333.542594624279,1404.326965636446,1333.542594624279,1401.705322265625,517100,0.0,0.0
2018-10-15 00:00:00+09:00,1386.849405642798,1430.5434637915944,1379.8583563389907,1388.59716796875,407800,0.0,0.0
2018-10-16 00:00:00+09:00,1397.3359539757478,1438.408367882477,1392.9665482409894,1424.42626953125,492400,0.0,0.0
2018-10-17 00:00:00+09:00,1452.390379984319,1492.5889103569295,1442.7776879386947,1462.876953125,632300,0.0,0.0
2018-10-18 00:00:00+09:00,1468.1201378899152,1485.5977585790808,1438.4081827183336,1442.777587890625,360800,0.0,0.0
2018-10-19 00:00:00+09:00,1424.426145990211,1457.6336266942772,1399.9574759977409,1450.642578125,398700,0.0,0.0
2018-10-22 00:00:00+09:00,1380.7323822370151,1468.9943889496344,1358.8853508725053,1453.2645263671875,993900,0.0,0.0
2018-10-23 00:00:00+09:00,1441.9037499815395,1455.8858469510574,1384.2275999822778,1386.8492431640625,545800,0.0,0.0
2018-10-24 00:00:00+09:00,1428.7957360010093,1467.2465081013424,1395.5882510052672,1427.0479736328125,840800,0.0,0.0
2018-10-25 00:00:00+09:00,1383.3539358644036,1387.7233418526046,1311.6956776579088,1316.93896484375,381100,0.0,0.0
2018-10-26 00:00:00+09:00,1325.677510579427,1353.6417032877603,1269.7491251627603,1284.6051025390625,578600,0.0,0.0
2018-10-29 00:00:00+09:00,1293.3439127604165,1301.2088419596353,1249.6498616536458,1258.388671875,412400,0.0,0.0
2018-10-30 00:00:00+09:00,1247.9023954620673,1302.083031679608,1241.785226856861,1287.22705078125,975600,0.0,0.0
2018-10-31 00:00:00+09:00,1313.4434513984424,1359.7591552734375,1302.9568769361795,1359.7591552734375,740200,0.0,0.0
2018-11-01 00:00:00+09:00,1368.4976405376751,1408.6961663772238,1353.6416635969724,1387.7230224609375,592100,0.0,0.0
2018-11-02 00:00:00+09:00,1396.4619514309632,1457.6336263997787,1383.3537353662168,1455.8858642578125,437200,0.0,0.0
2018-11-05 00:00:00+09:00,1445.399170503855,1482.9760534129637,1443.6514085080826,1466.372314453125,334000,0.0,0.0
2018-11-06 00:00:00+09:00,1474.2373457415586,1479.4806320927437,1450.6425571612253,1465.49853515625,175600,0.0,0.0
2018-11-07 00:00:00+09:00,1469.8680023266543,1499.579959567502,1448.894856038997,1457.6336669921875,264400,0.0,0.0
2018-11-08 00:00:00+09:00,1483.8503061686977,1500.454049288371,1459.3816320976002,1461.12939453125,219000,0.0,0.0
2018-11-09 00:00:00+09:00,1462.00309382308,1471.6157860119945,1439.2821850129187,1448.02099609375,153200,0.0,0.0
2018-11-12 00:00:00+09:00,1447.146845996828,1447.146845996828,1383.3535369643591,1394.7139892578125,378500,0.0,0.0
2018-11-13 00:00:00+09:00,1324.8037689386297,1362.380656843881,1306.452265543042,1353.641845703125,348400,0.0,0.0
2018-11-14 00:00:00+09:00,1341.4074904940317,1361.5067558239095,1330.047036177144,1347.524658203125,245200,0.0,0.0
2018-11-15 00:00:00+09:00,1338.7859275196072,1364.1284809778765,1330.0471159822728,1351.020263671875,241200,0.0,0.0
2018-11-16 00:00:00+09:00,1347.5246836173608,1375.488879386333,1294.217935432757,1301.208984375,387400,0.0,0.0
2018-11-19 00:00:00+09:00,1304.704184160975,1333.542253871164,1283.7310425535647,1313.4429931640625,347900,0.0,0.0
2018-11-20 00:00:00+09:00,1291.5961302464475,1295.9655352878765,1270.6229860475876,1283.731201171875,146800,0.0,0.0
2018-11-21 00:00:00+09:00,1257.5148307935603,1292.4700727892116,1243.5327339952996,1281.109619140625,212100,0.0,0.0
2018-11-22 00:00:00+09:00,1289.848388671875,1307.3260091145833,1269.7491251627603,1289.848388671875,215300,0.0,0.0
2018-11-23 00:00:00+09:00,1289.848388671875,1289.848388671875,1289.848388671875,1289.848388671875,0,0.0,0.0
2018-11-26 00:00:00+09:00,1289.8483480917441,1298.5871580381652,1264.5057992471232,1293.3438720703125,200500,0.0,0.0
2018-11-27 00:00:00+09:00,1298.5873427608237,1308.2000350692822,1275.866433668104,1285.4791259765625,184000,0.0,0.0
2018-11-28 00:00:00+09:00,1297.7133178710938,1337.9118448893228,1291.5961507161458,1331.794677734375,371500,0.0,0.0
2018-11-29 00:00:00+09:00,1346.6506755086766,1378.1103927820786,1335.290222048837,1343.1551513671875,313700,0.0,0.0
2018-11-30 00:00:00+09:00,1348.3983554802617,1359.7588082484037,1334.416259765625,1334.416259765625,262900,0.0,0.0
2018-12-03 00:00:00+09:00,1351.8941386951558,1413.0658191790994,1341.4075648979083,1392.966552734375,370100,0.0,0.0
2018-12-04 00:00:00+09:00,1400.8314053823665,1400.8314053823665,1347.524658203125,1347.524658203125,175600,0.0,0.0
2018-12-05 00:00:00+09:00,1312.5691730143228,1334.416196533203,1303.8303636067708,1310.8214111328125,153600,0.0,0.0
2018-12-06 00:00:00+09:00,1296.839686370093,1296.839686370093,1250.5239832854468,1268.87548828125,270300,0.0,0.0
2018-12-07 00:00:00+09:00,1267.127817327326,1273.2449861006303,1214.6949421275744,1230.4248046875,370200,0.0,0.0
2018-12-10 00:00:00+09:00,1196.3431397379975,1203.3341880344942,1174.4961138114454,1191.099853515625,215400,0.0,0.0
2018-12-11 00:00:00+09:00,1203.3343771746058,1214.6948324420496,1153.5231502327376,1167.5052490234375,214700,0.0,0.0
2018-12-12 00:00:00+09:00,1177.9919192135987,1216.4426940247251,1177.9919192135987,1192.847900390625,190400,0.0,0.0
2018-12-13 00:00:00+09:00,1191.973694328248,1222.559529593269,1169.2527881313754,1220.811767578125,364000,0.0,0.0
2018-12-14 00:00:00+09:00,1212.946900497527,1212.946900497527,1164.8834426247863,1181.4871826171875,340100,0.0,0.0
2018-12-17 00:00:00+09:00,1179.7394206938382,1205.0819712124464,1164.8834428036193,1176.243896484375,397400,0.0,0.0
2018-12-18 00:00:00+09:00,1152.6493121522847,1175.3702235366359,1140.4149752530184,1153.523193359375,251300,0.0,0.0
2018-12-19 00:00:00+09:00,1158.766114376051,1182.360899510405,1142.1623766889131,1169.252685546875,272800,0.0,0.0
2018-12-20 00:00:00+09:00,1143.03639775948,1155.2707322920737,1108.0811562377833,1117.69384765625,365900,0.0,0.0
2018-12-21 00:00:00+09:00,1098.4685683688103,1115.0723096568036,1066.1349669132449,1085.3603515625,386700,0.0,0.0
2018-12-24 00:00:00+09:00,1085.3603515625,1085.3603515625,1085.3603515625,1085.3603515625,0,0.0,0.0
2018-12-25 00:00:00+09:00,990.9811385636477,1034.6751922922037,985.7378521162211,1017.1975708007812,413500,0.0,0.0
2018-12-26 00:00:00+09:00,1033.8011294439261,1060.0175570714136,1031.1794866811774,1053.900390625,221600,0.0,0.0
2018-12-27 00:00:00+09:00,1116.8200677889529,1140.4148579535083,1092.3513965071918,1122.0633544921875,280400,0.0,0.0
2018-12-28 00:00:00+09:00,1118.5676680834622,1152.64902672038,1117.6937870927718,1130.802001953125,178700,0.0,0.0
2018-12-31 00:00:00+09:00,1130.802001953125,1130.802001953125,1130.802001953125,1130.802001953125,0,0.0,0.0
2019-01-04 00:00:00+09:00,1104.5859438004031,1104.5859438004031,1041.6664913054435,1083.61279296875,232100,0.0,0.0
2019-01-07 00:00:00+09:00,1136.045472184232,1152.649213700771,1126.4327797272886,1128.1805419921875,228200,0.0,0.0
2019-01-08 00:00:00+09:00,1132.5496292960088,1197.2168149193922,1122.0630586543791,1182.36083984375,300500,0.0,0.0
2019-01-09 00:00:00+09:00,1191.9738184400826,1191.9738184400826,1158.7663366946845,1163.1357421875,183900,0.0,0.0
2019-01-10 00:00:00+09:00,1144.7843010157437,1156.1447559113199,1127.3066780994727,1150.027587890625,151500,0.0,0.0
2019-01-11 00:00:00+09:00,1169.2529701346782,1192.8477610118352,1164.883564416686,1171.000732421875,181600,0.0,0.0
2019-01-15 00:00:00+09:00,1150.901365301204,1191.0998943853765,1143.0364356977786,1187.6043701171875,158200,0.0,0.0
2019-01-16 00:00:00+09:00,1175.3700161701613,1181.4871835405636,1145.6580603710643,1155.270751953125,158300,0.0,0.0
2019-01-17 00:00:00+09:00,1157.892578125,1195.4694693396227,1151.775409787736,1157.892578125,275800,0.0,0.0
2019-01-18 00:00:00+09:00,1149.153583861035,1191.0998743745936,1129.0543196566214,1176.243896484375,278300,0.0,0.0
2019-01-21 00:00:00+09:00,1188.4782501242769,1240.0372330340801,1188.4782501242769,1208.5775146484375,404000,0.0,0.0
2019-01-22 00:00:00+09:00,1222.5594436839235,1222.5594436839235,1166.6310631294052,1170.1265869140625,202000,0.0,0.0
2019-01-23 00:00:00+09:00,1150.901568644911,1180.6135301740887,1138.6672315446615,1159.640380859375,148100,0.0,0.0
2019-01-24 00:00:00+09:00,1189.3519926854638,1262.7579937035234,1177.117659182454,1233.919921875,1086900,0.0,0.0
2019-01-25 00:00:00+09:00,1225.1811544882285,1297.713277043523,1219.9378685203758,1293.3438720703125,824900,0.0,0.0
2019-01-28 00:00:00+09:00,1293.3437923177082,1362.3803866373696,1292.469911376953,1310.8214111328125,1054000,0.0,0.0
2019-01-29 00:00:00+09:00,1280.235876619776,1321.3082904089429,1237.4157005417085,1308.2000732421875,1003000,0.0,0.0
2019-01-30 00:00:00+09:00,1295.0919150546254,1325.6777565032837,1278.4881725539249,1316.0650634765625,681300,0.0,0.0
2019-01-31 00:00:00+09:00,1328.2992933949322,1362.380656843881,1311.6955522274957,1353.641845703125,435500,0.0,0.0
2019-02-01 00:00:00+09:00,1358.8849071408433,1385.975217186738,1337.9117638795055,1344.0289306640625,528700,0.0,0.0
2019-02-04 00:00:00+09:00,1363.2542962703174,1412.191629982585,1349.272200923955,1411.3177490234375,545500,0.0,0.0
2019-02-05 00:00:00+09:00,1415.6873179290253,1422.6783664126256,1385.975361873725,1392.092529296875,373900,0.0,0.0
2019-02-06 00:00:00+09:00,1402.579245381852,1409.570294580017,1374.615048589192,1392.966552734375,243600,0.0,0.0
2019-02-07 00:00:00+09:00,1371.993164523723,1395.5879514295448,1365.8759975481394,1387.7230224609375,263200,0.0,0.0
2019-02-08 00:00:00+09:00,1361.5067558239095,1375.4888534446943,1336.1642038862374,1347.524658203125,274500,0.0,0.0
2019-02-12 00:00:00+09:00,1380.7322121836658,1427.9217941190568,1370.2456384202455,1424.42626953125,500000,0.0,0.0
2019-02-13 00:00:00+09:00,1424.4260863140635,1436.6604207977425,1402.5790604503509,1432.291015625,322800,0.0,0.0
2019-02-14 00:00:00+09:00,1432.2911567595622,1448.894898052077,1420.9307021909995,1443.651611328125,255600,0.0,0.0
2019-02-15 00:00:00+09:00,1413.0657575356743,1434.038904215239,1384.2276808512727,1390.3448486328125,307400,0.0,0.0
2019-02-18 00:00:00+09:00,1407.8223266601562,1436.660400390625,1398.2096354166665,1426.173828125,281100,0.0,0.0
2019-02-19 00:00:00+09:00,1418.308939792142,1427.9216313126062,1398.2096757038985,1412.1917724609375,142500,0.0,0.0
2019-02-20 00:00:00+09:00,1417.4352885634366,1417.4352885634366,1366.750179601242,1385.1016845703125,244400,0.0,0.0
2019-02-21 00:00:00+09:00,1396.4621150927917,1415.6875009075861,1377.2367292779973,1410.4442138671875,266800,0.0,0.0
2019-02-22 00:00:00+09:00,1401.705441175054,1420.0569463275951,1386.849460813473,1417.435302734375,214200,0.0,0.0
2019-02-25 00:00:00+09:00,1418.3090005258414,1433.164978966346,1405.2007842548076,1420.0567626953125,250000,0.0,0.0
2019-02-26 00:00:00+09:00,1430.543233235677,1431.4171142578125,1406.0745646158853,1426.173828125,172100,0.0,0.0
2019-02-27 00:00:00+09:00,1426.173766294227,1433.1648141682185,1397.335693814013,1407.822265625,222300,0.0,0.0
2019-02-28 00:00:00+09:00,1410.4440734439158,1410.4440734439158,1380.7321165064357,1383.353759765625,189800,0.0,0.0
2019-03-01 00:00:00+09:00,1384.2277397260273,1415.687461083437,1384.2277397260273,1403.453125,269100,0.0,0.0
2019-03-04 00:00:00+09:00,1431.4172160452142,1472.4896270062186,1426.1739295395541,1430.5433349609375,309600,0.0,0.0
2019-03-05 00:00:00+09:00,1434.9127805019946,1453.2642837849069,1426.1739694148937,1437.534423828125,221400,0.0,0.0
2019-03-06 00:00:00+09:00,1429.6693725213545,1443.6514690741305,1422.6783242449665,1432.291015625,191000,0.0,0.0
2019-03-07 00:00:00+09:00,1420.9306464806737,1420.9306464806737,1370.2455434696778,1383.353759765625,336500,0.0,0.0
2019-03-08 00:00:00+09:00,1348.39876894866,1363.2547502008488,1313.44351894351,1325.6778564453125,256800,0.0,0.0
2019-03-11 00:00:00+09:00,1333.5426038291052,1333.5426038291052,1299.4612397731846,1323.0560302734375,132600,0.0,0.0
2019-03-12 00:00:00+09:00,1333.5426823298137,1360.6329989433289,1322.182226975759,1342.281494140625,198800,0.0,0.0
2019-03-13 00:00:00+09:00,1327.4252114273927,1348.3983549917493,1317.8125206270627,1323.9296875,82800,0.0,0.0
2019-03-14 00:00:00+09:00,1325.6777565032837,1334.4165683457577,1305.5784892655938,1316.0650634765625,98000,0.0,0.0
2019-03-15 00:00:00+09:00,1306.4524491040877,1332.6688862098554,1306.4524491040877,1324.803955078125,157200,0.0,0.0
2019-03-18 00:00:00+09:00,1333.54264703198,1338.7859339796812,1303.830687661674,1309.073974609375,226200,0.0,0.0
2019-03-19 00:00:00+09:00,1311.695434250128,1337.9118653144212,1298.5872187179816,1332.6685791015625,140500,0.0,0.0
2019-03-20 00:00:00+09:00,1331.7946574558534,1337.9118245176587,1321.3080853499018,1336.1640625,94500,0.0,0.0
2019-03-22 00:00:00+09:00,1345.7768548395218,1359.7589520326596,1337.0380440938104,1356.263427734375,224900,0.0,0.0
2019-03-25 00:00:00+09:00,1326.5513709986344,1328.2991330157604,1295.0916546903666,1309.9476318359375,200900,0.0,0.0
2019-03-26 00:00:00+09:00,1324.803669822434,1351.0201012833,1314.3170972380874,1338.7857666015625,196900,0.0,0.0
2019-03-27 00:00:00+09:00,1344.9756544356462,1363.54533802746,1332.5958653744372,1337.9014892578125,120000,18.0,0.0
2019-03-28 00:00:00+09:00,1331.7116201586011,1331.7116201586011,1285.7295456245724,1292.8037109375,176800,0.0,0.0
2019-03-29 00:00:00+09:00,1321.9848239301755,1330.8275317825512,1306.067949795899,1316.67919921875,179500,0.0,0.0
2019-04-01 00:00:00+09:00,1352.9340673449124,1380.3464569447112,1344.0913610223965,1367.0823974609375,173200,0.0,0.0
2019-04-02 00:00:00+09:00,1375.9253692528446,1390.073702098632,1360.0084948013337,1369.7354736328125,283000,0.0,0.0
2019-04-03 00:00:00+09:00,1374.1568062951576,1405.1062839144179,1370.6197231386707,1399.8006591796875,362600,0.0,0.0
2019-04-04 00:00:00+09:00,1405.1062904897362,1447.551288566204,1398.0321241436582,1400.6849365234375,344000,0.0,0.0
2019-04-05 00:00:00+09:00,1397.1477455425909,1436.9399281688038,1395.379204092537,1435.17138671875,254000,0.0,0.0
2019-04-08 00:00:00+09:00,1459.046676070602,1459.046676070602,1421.9073061342592,1432.5185546875,220500,0.0,0.0
2019-04-09 00:00:00+09:00,1428.9813834134616,1442.2454432842549,1413.9487822265626,1436.9398193359375,149000,0.0,0.0
2019-04-10 00:00:00+09:00,1421.023146082296,1449.3198110945136,1406.8748135761873,1447.55126953125,219500,0.0,0.0
2019-04-11 00:00:00+09:00,1445.7826324965008,1459.0466933450925,1436.0556545408667,1451.0882568359375,143200,0.0,0.0
2019-04-12 00:00:00+09:00,1456.3938075902272,1457.2780782687882,1430.7499579119535,1441.3612060546875,113600,0.0,0.0
2019-04-15 00:00:00+09:00,1462.5837705153829,1493.5332457076672,1448.4354389989098,1482.9219970703125,338300,0.0,0.0
2019-04-16 00:00:00+09:00,1484.6907018713048,1531.5570551763549,1476.732264517617,1505.0289306640625,397800,0.0,0.0
2019-04-17 00:00:00+09:00,1522.7140809845355,1585.4972980286132,1521.8298103219427,1551.0107421875,545700,0.0,0.0
2019-04-18 00:00:00+09:00,1580.1915849031627,1598.7612677699599,1535.9780542679316,1539.51513671875,620300,0.0,0.0
2019-04-19 00:00:00+09:00,1551.895028926511,1602.2984572164319,1551.895028926511,1585.497314453125,484500,0.0,0.0
2019-04-22 00:00:00+09:00,1514.7556354432156,1539.5152138392518,1427.2128404000875,1452.856689453125,1388100,0.0,0.0
2019-04-23 00:00:00+09:00,1445.782424696726,1453.7408600620288,1380.3464005820117,1407.7587890625,962400,0.0,0.0
2019-04-24 00:00:00+09:00,1414.833182244133,1416.6017237219382,1355.5870427376599,1356.4713134765625,745200,0.0,0.0
2019-04-25 00:00:00+09:00,1352.049809970905,1372.3880347121285,1332.595855870604,1368.8509521484375,545400,0.0,0.0
2019-04-26 00:00:00+09:00,1362.661045573769,1362.661045573769,1306.067725056753,1351.16552734375,437700,0.0,0.0
2019-05-07 00:00:00+09:00,1327.2902478781282,1331.7116011355504,1260.969949016796,1274.2340087890625,395300,0.0,0.0
2019-05-08 00:00:00+09:00,1231.7889818858616,1234.4417937635772,1193.7653449719405,1221.177734375,664700,0.0,0.0
2019-05-09 00:00:00+09:00,1205.260789954144,1212.3349545320114,1169.8899670648075,1179.616943359375,507000,0.0,0.0
2019-05-10 00:00:00+09:00,1168.1214667015827,1201.7237496195692,1158.3944900674287,1169.0057373046875,506200,0.0,0.0
2019-05-13 00:00:00+09:00,1185.8068517127404,1192.881016376202,1145.1304048978366,1149.5517578125,374600,0.0,0.0
2019-05-14 00:00:00+09:00,1123.0236270945686,1153.9730971326078,1115.9494625144453,1147.783203125,301800,0.0,0.0
2019-05-15 00:00:00+09:00,1149.5518931961644,1152.2047052573864,1133.635020828833,1151.3204345703125,188200,0.0,0.0
2019-05-16 00:00:00+09:00,1153.973182143679,1157.510264694311,1103.5697557971735,1110.6439208984375,211200,0.0,0.0
2019-05-17 00:00:00+09:00,1128.3293255658386,1131.8664080911233,1111.528183570736,1125.676513671875,236900,0.0,0.0
2019-05-20 00:00:00+09:00,1117.7179623463114,1122.1393150454662,1073.5044353547644,1078.81005859375,219200,0.0,0.0
2019-05-21 00:00:00+09:00,1061.1249917240466,1068.1991583355402,1033.7125961045087,1043.4395751953125,789800,0.0,0.0
2019-05-22 00:00:00+09:00,1063.7775744740711,1090.3056935382624,1060.2404919321789,1062.009033203125,472100,0.0,0.0
2019-05-23 00:00:00+09:00,1057.5877016527456,1068.1989494954153,1042.555100542297,1048.7449951171875,416100,0.0,0.0
2019-05-24 00:00:00+09:00,1033.7122669847704,1050.5134073378165,1019.5639382664161,1047.860595703125,283800,0.0,0.0
2019-05-27 00:00:00+09:00,1050.5135631400997,1062.8933526047138,1042.555127055705,1052.2821044921875,145900,0.0,0.0
2019-05-28 00:00:00+09:00,1053.1663178379097,1093.8427667216577,1053.1663178379097,1092.95849609375,300100,0.0,0.0
2019-05-29 00:00:00+09:00,1069.9674609455178,1082.347249749846,1051.3977777390253,1077.0416259765625,264500,0.0,0.0
2019-05-30 00:00:00+09:00,1065.546197265625,1110.644003125,1061.12484375,1105.33837890625,323700,0.0,0.0
2019-05-31 00:00:00+09:00,1120.3710542538165,1146.0149063243457,1115.0654296875,1115.0654296875,641500,0.0,0.0
2019-06-03 00:00:00+09:00,1088.537257020979,1095.6114227855346,1055.8192403599098,1059.3563232421875,279300,0.0,0.0
2019-06-04 00:00:00+09:00,1065.546099030296,1116.8337950832065,1065.546099030296,1107.9910888671875,334400,0.0,0.0
2019-06-05 00:00:00+09:00,1146.8991273045085,1169.0058953712878,1134.5193371871121,1157.5103759765625,272700,0.0,0.0
2019-06-06 00:00:00+09:00,1149.5518428153568,1153.0889254086349,1112.4124755859375,1112.4124755859375,157300,0.0,0.0
2019-06-07 00:00:00+09:00,1138.9406204223633,1157.5103044509888,1125.6765604019165,1131.866455078125,189200,0.0,0.0
2019-06-10 00:00:00+09:00,1155.7418345312203,1168.1216246486167,1146.0148565818374,1157.5103759765625,129800,0.0,0.0
2019-06-11 00:00:00+09:00,1161.9316373697918,1200.8395460792824,1157.5102841073497,1193.765380859375,244300,0.0,0.0
2019-06-12 00:00:00+09:00,1189.3439400900454,1204.3765400763136,1179.6169636283425,1182.269775390625,137700,0.0,0.0
2019-06-13 00:00:00+09:00,1165.468471460277,1171.6583647077898,1141.593168934156,1161.047119140625,167300,0.0,0.0
2019-06-14 00:00:00+09:00,1161.9318586742606,1166.3532127788048,1144.2464422560831,1158.394775390625,142400,0.0,0.0
2019-06-17 00:00:00+09:00,1139.824891090393,1139.824891090393,1114.1810417175293,1131.866455078125,175700,0.0,0.0
2019-06-18 00:00:00+09:00,1129.2135419883277,1143.3618714102645,1115.065212566391,1118.602294921875,112600,0.0,0.0
2019-06-19 00:00:00+09:00,1144.2462143316502,1173.4271456090414,1140.7091317525724,1160.1630859375,230200,0.0,0.0
2019-06-20 00:00:00+09:00,1179.6170587446668,1188.4597653319581,1153.9732096415219,1178.7327880859375,192900,0.0,0.0
2019-06-21 00:00:00+09:00,1179.6170279171185,1233.5575366899404,1176.9642160102585,1222.9462890625,525500,0.0,0.0
2019-06-24 00:00:00+09:00,1214.1034886086984,1214.1034886086984,1183.1540187606981,1194.6495361328125,255600,0.0,0.0
2019-06-25 00:00:00+09:00,1178.732659233941,1201.7236938476562,1167.2371419270833,1177.848388671875,193900,0.0,0.0
2019-06-26 00:00:00+09:00,1161.0475767893097,1195.534138476121,1156.626222726898,1173.4273681640625,132400,0.0,0.0
2019-06-27 00:00:00+09:00,1184.0385502610252,1234.4419836925997,1183.1542794990678,1230.0206298828125,212500,0.0,0.0
2019-06-28 00:00:00+09:00,1227.367600876456,1240.6316599637375,1217.6406242124497,1233.5574951171875,182000,0.0,0.0
2019-07-01 00:00:00+09:00,1272.4654856628333,1293.6879816016158,1266.2755910140218,1292.8037109375,260200,0.0,0.0
2019-07-02 00:00:00+09:00,1288.382350955574,1296.3407868914699,1263.622772488343,1291.91943359375,141500,0.0,0.0
2019-07-03 00:00:00+09:00,1274.2342045329062,1279.5398292568464,1233.5577483160334,1251.2431640625,306600,0.0,0.0
2019-07-04 00:00:00+09:00,1261.8542413698171,1261.8542413698171,1248.5901813694338,1260.969970703125,95700,0.0,0.0
2019-07-05 00:00:00+09:00,1248.590262915383,1256.5486994353819,1236.2104727731623,1255.6644287109375,152500,0.0,0.0
2019-07-08 00:00:00+09:00,1256.5485368483137,1257.4328074583407,1243.2844776979093,1250.358642578125,84000,0.0,0.0
2019-07-09 00:00:00+09:00,1236.2104652945798,1239.7475481709591,1207.913802283545,1222.0621337890625,199200,0.0,0.0
2019-07-10 00:00:00+09:00,1207.0293910612309,1227.3676152329585,1199.9552261319343,1219.4091796875,143800,0.0,0.0
2019-07-11 00:00:00+09:00,1229.136349071156,1254.780200958252,1228.2520783164284,1245.05322265625,116900,0.0,0.0
2019-07-12 00:00:00+09:00,1240.6317919106891,1245.0531454100146,1215.8722123144673,1218.5250244140625,214100,0.0,0.0
2019-07-16 00:00:00+09:00,1224.714945946347,1239.7475481709591,1218.5250509126831,1222.0621337890625,129400,0.0,0.0
2019-07-17 00:00:00+09:00,1217.6408062504343,1218.525076988452,1191.9969548479196,1192.8812255859375,259700,0.0,0.0
2019-07-18 00:00:00+09:00,1176.9644226823116,1184.9228598003738,1150.4362989554377,1153.089111328125,311700,0.0,0.0
2019-07-19 00:00:00+09:00,1141.593412362558,1204.3766286892362,1134.5192471426506,1193.765380859375,550100,0.0,0.0
2019-07-22 00:00:00+09:00,1193.7654837018492,1237.094749406583,1182.2699642291648,1223.8306884765625,418600,0.0,0.0
2019-07-23 00:00:00+09:00,1237.978793649911,1266.2754517904805,1237.978793649911,1242.400146484375,249400,0.0,0.0
2019-07-24 00:00:00+09:00,1215.8721704277202,1268.928410591839,1185.806967668053,1229.13623046875,850700,0.0,0.0
2019-07-25 00:00:00+09:00,1241.5159373461004,1261.854161390944,1232.6732312396468,1234.4417724609375,348900,0.0,0.0
2019-07-26 00:00:00+09:00,1217.640758804344,1218.5250295079056,1169.8901408120169,1186.6912841796875,389100,0.0,0.0
2019-07-29 00:00:00+09:00,1183.1541077027837,1184.922648969903,1156.625988695995,1174.3114013671875,257800,0.0,0.0
2019-07-30 00:00:00+09:00,1168.1215928637384,1197.3025259178667,1163.700239370689,1185.8070068359375,307000,0.0,0.0
2019-07-31 00:00:00+09:00,1171.6585693359375,1191.1125229400059,1163.7001337706367,1171.6585693359375,332100,0.0,0.0
2019-08-01 00:00:00+09:00,1162.8157958984375,1185.8068306462392,1154.857360793429,1162.8157958984375,227200,0.0,0.0
2019-08-02 00:00:00+09:00,1136.2878123586968,1143.3619777274669,1094.7270908171724,1100.03271484375,370600,0.0,0.0
2019-08-05 00:00:00+09:00,1068.1990536506762,1073.5046780893385,1025.7540581413778,1046.09228515625,314000,0.0,0.0
2019-08-06 00:00:00+09:00,999.2258385180623,1052.2820777314107,982.4246961005019,1048.7449951171875,267700,0.0,0.0
2019-08-07 00:00:00+09:00,1055.8191505825782,1088.537164461603,1042.5550909018925,1079.6944580078125,387400,0.0,0.0
2019-08-08 00:00:00+09:00,1071.736149914331,1096.4957309354543,1064.661983908296,1080.578857421875,314400,0.0,0.0
2019-08-09 00:00:00+09:00,1095.6115067111853,1114.1811932656121,1083.2317156749007,1086.768798828125,218700,0.0,0.0
2019-08-13 00:00:00+09:00,1065.546173692138,1092.958564882558,1062.893361641452,1085.8843994140625,158700,0.0,0.0
2019-08-14 00:00:00+09:00,1112.4126076894263,1115.065419949417,1093.8429218694916,1097.3800048828125,127400,0.0,0.0
2019-08-15 00:00:00+09:00,1060.2406140945263,1096.4957143262823,1045.2080115594079,1094.7271728515625,173700,0.0,0.0
2019-08-16 00:00:00+09:00,1084.1158112347077,1093.842788333877,1079.6944580078125,1079.6944580078125,204900,0.0,0.0
2019-08-19 00:00:00+09:00,1102.6855268570387,1124.7922936344453,1100.03271484375,1100.03271484375,162000,0.0,0.0
2019-08-20 00:00:00+09:00,1113.29682588352,1127.4451572688545,1107.9912016140195,1123.0238037109375,127500,0.0,0.0
2019-08-21 00:00:00+09:00,1100.0327678838858,1109.759745734949,1094.7271436014876,1107.10693359375,205300,0.0,0.0
2019-08-22 00:00:00+09:00,1116.833767893221,1119.4865796934423,1098.2640852916709,1104.4539794921875,90500,0.0,0.0
2019-08-23 00:00:00+09:00,1092.95849609375,1100.0326611170105,1084.1157898146744,1092.95849609375,100900,0.0,0.0
2019-08-26 00:00:00+09:00,1046.0920951324385,1062.008965557108,1042.5550128158454,1053.166259765625,197200,0.0,0.0
2019-08-27 00:00:00+09:00,1055.8194707645232,1058.4722835051375,1039.0183234072988,1040.786865234375,252200,0.0,0.0
2019-08-28 00:00:00+09:00,1039.902594320837,1044.3239488885274,1032.8284270125318,1040.786865234375,137600,0.0,0.0
2019-08-29 00:00:00+09:00,1030.1754084321642,1031.9439499058674,1009.8371814845764,1029.2911376953125,203700,0.0,0.0
2019-08-30 00:00:00+09:00,1047.8607147741668,1080.5787286531915,1040.7865496111344,1079.6944580078125,180700,0.0,0.0
2019-09-02 00:00:00+09:00,1067.3146689725058,1082.3472699439496,1059.3562331640944,1079.6944580078125,156200,0.0,0.0
2019-09-03 00:00:00+09:00,1073.5046187132277,1077.9259721675655,1060.2405583502143,1070.851806640625,196200,0.0,0.0
2019-09-04 00:00:00+09:00,1061.1246538765822,1061.1246538765822,1041.6707018888449,1047.860595703125,223200,0.0,0.0
2019-09-05 00:00:00+09:00,1060.2405023582526,1102.6854932783494,1059.3562317140838,1095.611328125,296700,0.0,0.0
2019-09-06 00:00:00+09:00,1105.3384513159199,1117.7182419706583,1094.727202183287,1115.0654296875,141700,0.0,0.0
2019-09-09 00:00:00+09:00,1120.37087650134,1124.7922296051338,1100.9169228446474,1123.907958984375,99400,0.0,0.0
2019-09-10 00:00:00+09:00,1134.5192372391864,1162.8158978718084,1134.5192372391864,1160.1630859375,197500,0.0,0.0
2019-09-11 00:00:00+09:00,1169.8899601670928,1216.756300219138,1169.8899601670928,1210.56640625,307000,0.0,0.0
2019-09-12 00:00:00+09:00,1220.2933824872168,1222.946194188276,1196.4180771776844,1210.56640625,246600,0.0,0.0
2019-09-13 00:00:00+09:00,1221.1779563291884,1222.0622271158136,1191.997020370562,1201.7239990234375,191100,0.0,0.0
2019-09-17 00:00:00+09:00,1187.5755326475567,1209.6822998226787,1173.4272016554785,1199.955322265625,161700,0.0,0.0
2019-09-18 00:00:00+09:00,1220.2936855425635,1223.8307686890637,1195.5341035170622,1201.7239990234375,110000,0.0,0.0
2019-09-19 00:00:00+09:00,1205.2610557865833,1228.2520957355568,1196.418348113901,1198.1868896484375,139500,0.0,0.0
2019-09-20 00:00:00+09:00,1220.2936988398926,1220.2936988398926,1191.1127625632864,1203.4925537109375,134000,0.0,0.0
2019-09-24 00:00:00+09:00,1191.1125822349413,1209.6822661450628,1170.7743570000462,1195.533935546875,147800,0.0,0.0
2019-09-25 00:00:00+09:00,1189.344231741769,1196.4183981759206,1176.9644404820033,1188.4599609375,70100,0.0,0.0
2019-09-26 00:00:00+09:00,1207.029487761664,1219.4092773797324,1194.6496981435957,1199.955322265625,142200,0.0,0.0
2019-09-27 00:00:00+09:00,1192.7861328125,1192.7861328125,1176.6552910464407,1192.7861328125,159300,18.0,0.0
2019-09-30 00:00:00+09:00,1182.928271925593,1190.9936919614493,1168.589747417404,1190.0975341796875,143900,0.0,0.0
2019-10-01 00:00:00+09:00,1200.851374616299,1230.4245801105808,1200.851374616299,1213.3975830078125,155900,0.0,0.0
2019-10-02 00:00:00+09:00,1186.512928257327,1214.2938200820834,1182.9282970541328,1211.6053466796875,148100,0.0,0.0
2019-10-03 00:00:00+09:00,1187.4091400100456,1196.3707184252157,1183.8245086439774,1188.3052978515625,126300,0.0,0.0
2019-10-04 00:00:00+09:00,1190.0975800590772,1199.0591582221728,1181.1360018959817,1194.578369140625,143700,0.0,0.0
2019-10-07 00:00:00+09:00,1199.0591424180814,1204.4360892450684,1171.278250478649,1181.135986328125,154400,0.0,0.0
2019-10-08 00:00:00+09:00,1186.5129971657113,1205.3323120754394,1181.1360500486462,1201.7476806640625,101100,0.0,0.0
2019-10-09 00:00:00+09:00,1189.2014707242438,1202.6438385169067,1179.3437343429578,1201.7476806640625,122500,0.0,0.0
2019-10-10 00:00:00+09:00,1197.2668488027446,1206.228427012346,1181.1360080254622,1199.955322265625,117300,0.0,0.0
2019-10-11 00:00:00+09:00,1205.3322483338031,1218.7746154155927,1190.993723446561,1216.9822998046875,205400,0.0,0.0
2019-10-15 00:00:00+09:00,1242.074680331096,1255.5170470013459,1238.4900492190293,1253.7247314453125,199200,0.0,0.0
2019-10-16 00:00:00+09:00,1272.5440447836625,1280.6094647858124,1250.140100333246,1253.7247314453125,149800,0.0,0.0
2019-10-17 00:00:00+09:00,1245.6592655045058,1259.1016316790149,1227.7361106051605,1249.243896484375,171400,0.0,0.0
2019-10-18 00:00:00+09:00,1276.128602245469,1290.4671258662047,1260.8939208984375,1260.8939208984375,236700,0.0,0.0
2019-10-21 00:00:00+09:00,1234.0093786188986,1290.4673240459072,1194.5784326063847,1215.1900634765625,630000,0.0,0.0
2019-10-23 00:00:00+09:00,1208.9169701470269,1231.3209169622053,1204.4361807839912,1225.9439697265625,306300,0.0,0.0
2019-10-24 00:00:00+09:00,1226.8398987088478,1234.9053180575547,1205.332113778963,1206.228271484375,130900,0.0,0.0
2019-10-25 00:00:00+09:00,1230.4244850723421,1252.8284268981313,1230.4244850723421,1234.9052734375,323700,0.0,0.0
2019-10-28 00:00:00+09:00,1252.8285896268897,1276.1286921521394,1246.5554851008608,1267.1671142578125,356400,0.0,0.0
2019-10-29 00:00:00+09:00,1282.4017901854081,1288.6748946796763,1257.3093722083352,1261.7901611328125,296900,0.0,0.0
2019-10-30 00:00:00+09:00,1258.2053186061296,1263.5822644121386,1250.1398998971158,1255.516845703125,157900,0.0,0.0
2019-10-31 00:00:00+09:00,1250.1402786154863,1251.9325944271213,1206.2285412304261,1230.4248046875,302700,0.0,0.0
2019-11-01 00:00:00+09:00,1216.9822793266612,1240.2823818763618,1213.397648165169,1234.00927734375,123400,0.0,0.0
2019-11-05 00:00:00+09:00,1236.6977368407854,1267.1671013716455,1231.320790158869,1256.4132080078125,274100,0.0,0.0
2019-11-06 00:00:00+09:00,1268.9594940631523,1288.6749664285403,1256.4132843760872,1287.77880859375,242700,0.0,0.0
2019-11-07 00:00:00+09:00,1283.2978777142796,1284.1940354501135,1252.8285146959238,1271.6478271484375,175200,0.0,0.0
2019-11-08 00:00:00+09:00,1298.5325599083533,1318.2480301070998,1286.8825093363666,1304.8056640625,275900,0.0,0.0
2019-11-11 00:00:00+09:00,1317.3519123509986,1325.4173322225354,1300.324914844421,1303.9095458984375,118600,0.0,0.0
2019-11-12 00:00:00+09:00,1299.4286918250616,1317.3518461950625,1285.986326047561,1316.4556884765625,248100,0.0,0.0
2019-11-13 00:00:00+09:00,1314.6633016542685,1317.3517746637863,1290.467044568607,1293.155517578125,149900,0.0,0.0
2019-11-14 00:00:00+09:00,1288.6748913965191,1290.4672069617438,1258.2055267877001,1259.1016845703125,133500,0.0,0.0
2019-11-15 00:00:00+09:00,1259.9979820224657,1278.817297543427,1250.1402453210096,1275.232666015625,136900,0.0,0.0
2019-11-18 00:00:00+09:00,1278.8173430627135,1290.467395942752,1274.3365534934678,1279.7135009765625,120900,0.0,0.0
2019-11-19 00:00:00+09:00,1269.8556641144817,1275.2326111749524,1251.0363494028345,1262.6864013671875,148800,0.0,0.0
2019-11-20 00:00:00+09:00,1251.9324523269488,1272.5440818212364,1249.2439789146506,1250.14013671875,83900,0.0,0.0
2019-11-21 00:00:00+09:00,1236.697864197848,1242.9709693060981,1205.3323386565983,1225.9439697265625,137000,0.0,0.0
2019-11-22 00:00:00+09:00,1215.1899605963426,1240.282378661754,1215.1899605963426,1231.32080078125,70600,0.0,0.0
2019-11-25 00:00:00+09:00,1235.801355854291,1247.4514048942515,1233.1128829989154,1239.385986328125,80400,0.0,0.0
2019-11-26 00:00:00+09:00,1254.6209193889488,1271.647917580656,1240.2823945959324,1244.76318359375,108800,0.0,0.0
2019-11-27 00:00:00+09:00,1251.932428674948,1265.3747954824814,1244.7631663775967,1264.4786376953125,67200,0.0,0.0
2019-11-28 00:00:00+09:00,1274.3364654691347,1285.9865175444504,1263.5825712457665,1273.4403076171875,127200,0.0,0.0
2019-11-29 00:00:00+09:00,1274.3365392988655,1276.1288551065995,1251.9325917021906,1266.2711181640625,125100,0.0,0.0
2019-12-02 00:00:00+09:00,1268.9594970703124,1308.3904418945312,1267.1671813964842,1290.46728515625,186100,0.0,0.0
2019-12-03 00:00:00+09:00,1255.5169853320715,1303.0133452339985,1245.6592502580868,1302.1171875,277600,0.0,0.0
2019-12-04 00:00:00+09:00,1275.2325204474137,1293.1556760404903,1259.1016804136445,1289.571044921875,142600,0.0,0.0
2019-12-05 00:00:00+09:00,1300.324882522593,1346.028927325248,1294.0517783339935,1343.3404541015625,295800,0.0,0.0
2019-12-06 00:00:00+09:00,1353.1982996516688,1360.3675621663795,1327.209723035842,1332.586669921875,149700,0.0,0.0
2019-12-09 00:00:00+09:00,1344.2367183551635,1344.2367183551635,1314.6635105513499,1329.898193359375,164200,0.0,0.0
2019-12-10 00:00:00+09:00,1327.2096510731471,1327.2096510731471,1303.9095491636929,1306.5980224609375,156700,0.0,0.0
2019-12-11 00:00:00+09:00,1312.8712002458244,1322.7289362203664,1290.467254849138,1299.4288330078125,262800,0.0,0.0
2019-12-12 00:00:00+09:00,1316.45563842857,1349.6134727525025,1307.4940615842638,1309.286376953125,166300,0.0,0.0
2019-12-13 00:00:00+09:00,1344.2367183551635,1354.094454289768,1320.9366152370071,1329.898193359375,201100,0.0,0.0
2019-12-16 00:00:00+09:00,1339.7558664624157,1339.7558664624157,1308.3903445051017,1311.9749755859375,86900,0.0,0.0
2019-12-17 00:00:00+09:00,1319.1442212301586,1319.1442212301586,1289.5710151835585,1298.5325927734375,113600,0.0,0.0
2019-12-18 00:00:00+09:00,1297.6364790985238,1297.6364790985238,1259.997851942351,1267.1671142578125,152100,0.0,0.0
2019-12-19 00:00:00+09:00,1267.167077929412,1277.0248133305602,1259.1016580557452,1270.751708984375,123700,0.0,0.0
2019-12-20 00:00:00+09:00,1274.336366874722,1278.8171557877836,1254.620895657251,1259.1016845703125,121600,0.0,0.0
2019-12-23 00:00:00+09:00,1251.9324299064092,1251.9324299064092,1219.6707495365947,1231.32080078125,159500,0.0,0.0
2019-12-24 00:00:00+09:00,1235.801623240473,1235.801623240473,1217.8784669933304,1225.0477294921875,108400,0.0,0.0
2019-12-25 00:00:00+09:00,1225.943871492465,1225.943871492465,1202.6437686717015,1211.6053466796875,109800,0.0,0.0
2019-12-26 00:00:00+09:00,1207.1245373615288,1229.5284820044674,1207.1245373615288,1228.63232421875,119300,0.0,0.0
2019-12-27 00:00:00+09:00,1234.0094419926124,1241.1787052721627,1226.840178713062,1235.8017578125,110300,0.0,0.0
2019-12-30 00:00:00+09:00,1208.9168888697593,1226.8400451169016,1203.5399419956166,1225.0477294921875,103300,0.0,0.0
2020-01-06 00:00:00+09:00,1206.2282279004899,1236.697588783563,1201.747439535332,1234.9052734375,193700,0.0,0.0
2020-01-07 00:00:00+09:00,1247.4514803359598,1268.959264479683,1247.4514803359598,1265.3746337890625,156400,0.0,0.0
2020-01-08 00:00:00+09:00,1250.140111075971,1250.140111075971,1208.916852932964,1228.63232421875,110000,0.0,0.0
2020-01-09 00:00:00+09:00,1253.7246590880698,1273.4401290665812,1250.1400281828858,1260.8939208984375,94200,0.0,0.0
2020-01-10 00:00:00+09:00,1276.1286791748394,1277.024836955159,1250.1401035455765,1256.4132080078125,50900,0.0,0.0
2020-01-14 00:00:00+09:00,1249.2438466345936,1254.620792889836,1234.0091655780743,1242.0745849609375,107400,0.0,0.0
2020-01-15 00:00:00+09:00,1225.0477630615235,1225.0477630615235,1203.539974975586,1218.774658203125,163400,0.0,0.0
2020-01-16 00:00:00+09:00,1211.6054200671967,1211.6054200671967,1192.7861051105317,1204.4361572265625,182600,0.0,0.0
2020-01-17 00:00:00+09:00,1212.5015170189643,1235.801620080674,1210.7092013988329,1222.3592529296875,180000,0.0,0.0
2020-01-20 00:00:00+09:00,1225.9439509330036,1250.1402131224709,1225.9439509330036,1245.659423828125,136400,0.0,0.0
2020-01-21 00:00:00+09:00,1239.3862101817438,1265.3747858110066,1239.3862101817438,1256.4132080078125,220600,0.0,0.0
2020-01-22 00:00:00+09:00,1249.244045614609,1279.7134125808188,1241.1786249470829,1273.4403076171875,177900,0.0,0.0
2020-01-23 00:00:00+09:00,1267.167284660533,1267.167284660533,1225.9440208031183,1235.8017578125,165100,0.0,0.0
2020-01-24 00:00:00+09:00,1228.6324096235796,1246.555566583807,1228.6324096235796,1232.217041015625,144600,0.0,0.0
2020-01-27 00:00:00+09:00,1219.6706770772828,1231.3207276298212,1198.1628914418275,1205.3321533203125,209300,0.0,0.0
2020-01-28 00:00:00+09:00,1124.6779685227102,1134.535703704981,1058.3622954783432,1116.612548828125,628900,0.0,0.0
2020-01-29 00:00:00+09:00,1120.1969637415716,1129.158539451504,1075.3890851919086,1079.869873046875,440700,0.0,0.0
2020-01-30 00:00:00+09:00,1073.5970669164813,1087.039434198407,1043.127701077449,1056.570068359375,377600,0.0,0.0
2020-01-31 00:00:00+09:00,1056.5700319343366,1065.5316098133387,1044.0238229037338,1060.1546630859375,359600,0.0,0.0
2020-02-03 00:00:00+09:00,1033.2698941703463,1036.8545251995583,1014.4505812669836,1030.5814208984375,279300,0.0,0.0
2020-02-04 00:00:00+09:00,1035.0621743766726,1074.4931143529268,1030.5813857430073,1067.3238525390625,225200,0.0,0.0
2020-02-05 00:00:00+09:00,1086.1432862918618,1111.2357054471192,1071.8047610602862,1100.4818115234375,248400,0.0,0.0
2020-02-06 00:00:00+09:00,1132.743421213754,1154.251207692496,1124.6780012842255,1143.497314453125,293200,0.0,0.0
2020-02-07 00:00:00+09:00,1147.08225,1152.459198046875,1116.612877734375,1120.197509765625,139700,0.0,0.0
2020-02-10 00:00:00+09:00,1100.4817257550806,1109.443303326376,1093.3124636980442,1096.8970947265625,128700,0.0,0.0
2020-02-12 00:00:00+09:00,1103.1701793716688,1122.885649677255,1103.1701793716688,1113.924072265625,84400,0.0,0.0
2020-02-13 00:00:00+09:00,1114.820161420953,1129.1586843974283,1112.1316883628638,1123.78173828125,117300,0.0,0.0
2020-02-14 00:00:00+09:00,1115.7163617565375,1128.2625698405466,1109.4432577145328,1125.5740966796875,95200,0.0,0.0
2020-02-17 00:00:00+09:00,1100.4817655100164,1107.6510278260425,1089.727872035977,1096.0009765625,116100,0.0,0.0
2020-02-18 00:00:00+09:00,1083.454738451087,1086.1432117474917,1060.154636548913,1071.8046875,179900,0.0,0.0
2020-02-19 00:00:00+09:00,1070.9085997247494,1074.4932310208992,1060.1547058363,1061.947021484375,213700,0.0,0.0
2020-02-20 00:00:00+09:00,1081.6624936131989,1084.3509670853111,1054.7777588920753,1061.947021484375,175900,0.0,0.0
2020-02-21 00:00:00+09:00,1060.1548386958607,1087.0395767862037,1060.1548386958607,1072.7010498046875,126200,0.0,0.0
2020-02-25 00:00:00+09:00,1021.6199219600664,1036.8546050068394,1008.1775545658551,1028.7891845703125,215700,0.0,0.0
2020-02-26 00:00:00+09:00,1011.7621194335081,1025.2044859450252,996.5274373871223,1023.4121704101562,208200,0.0,0.0
2020-02-27 00:00:00+09:00,1014.4507025091498,1017.1391761023718,987.5659665769284,994.7352294921875,156200,0.0,0.0
2020-02-28 00:00:00+09:00,966.9542119489397,967.8503696986608,933.7963752092634,940.9656372070312,224500,0.0,0.0
2020-03-02 00:00:00+09:00,928.4193879158266,995.6312161915863,928.4193879158266,972.3311157226562,167000,0.0,0.0
2020-03-03 00:00:00+09:00,1002.8005289597945,1006.3851599837794,945.446432576035,946.3425903320312,217900,0.0,0.0
2020-03-04 00:00:00+09:00,936.4848697854723,959.7849718088428,933.7963964750833,941.86181640625,181500,0.0,0.0
2020-03-05 00:00:00+09:00,965.1619460265761,966.0581038223296,923.0425296261591,930.2117919921875,180500,0.0,0.0
2020-03-06 00:00:00+09:00,911.3925201416015,914.0809936523438,889.884732055664,896.1578369140625,181900,0.0,0.0
2020-03-09 00:00:00+09:00,857.6230436729415,857.6230436729415,811.9189943235998,837.0114135742188,348400,0.0,0.0
2020-03-10 00:00:00+09:00,811.918942642212,868.3768823623657,795.788102722168,860.3114624023438,229600,0.0,0.0
2020-03-11 00:00:00+09:00,846.8691590082865,870.1692628540171,827.1536865234375,827.1536865234375,291100,0.0,0.0
2020-03-12 00:00:00+09:00,801.1650715864241,820.8805431467164,770.6957064477905,776.9688110351562,263900,0.0,0.0
2020-03-13 00:00:00+09:00,709.7569891936588,790.4111925111199,709.7569891936588,736.6417236328125,396600,0.0,0.0
2020-03-16 00:00:00+09:00,743.8110201782976,777.8650186924847,730.36865234375,730.36865234375,328800,0.0,0.0
2020-03-17 00:00:00+09:00,709.7570387530012,752.7726168592437,705.2762493669343,746.49951171875,293700,0.0,0.0
2020-03-18 00:00:00+09:00,759.941845703125,773.3842132568359,716.92626953125,716.92626953125,232500,0.0,0.0
2020-03-19 00:00:00+09:00,725.887770652771,726.7839283943176,687.3529877662659,688.2491455078125,266000,0.0,0.0
2020-03-23 00:00:00+09:00,701.6915248838166,738.4339929811812,692.7299472990935,732.160888671875,212300,0.0,0.0
2020-03-24 00:00:00+09:00,743.8110194512975,769.7995972393549,729.4724937751279,766.2149658203125,196300,0.0,0.0
2020-03-25 00:00:00+09:00,825.3613019962374,825.3613019962374,773.3841515990803,803.853515625,231900,0.0,0.0
2020-03-26 00:00:00+09:00,793.0996045546483,821.776652402952,785.034184847313,805.6458129882812,293500,0.0,0.0
2020-03-27 00:00:00+09:00,845.9730073499732,853.1422701241254,805.6459042453663,832.5306396484375,240400,0.0,0.0
2020-03-30 00:00:00+09:00,815.5035698784723,815.5035698784723,767.1110503472222,806.5419921875,158900,0.0,0.0
2020-03-31 00:00:00+09:00,804.7496883922629,828.0497907287872,789.5150060953047,799.3727416992188,122900,0.0,0.0
2020-04-01 00:00:00+09:00,799.3727372743456,815.5035772641866,771.5918461807304,778.7611083984375,100600,0.0,0.0
2020-04-02 00:00:00+09:00,754.5648834770248,771.5918820352949,745.6033052884616,757.2533569335938,108300,0.0,0.0
2020-04-03 00:00:00+09:00,770.6955891330891,776.0725351037851,717.8222870879121,733.953125,133200,0.0,0.0
2020-04-06 00:00:00+09:00,722.3032078815824,767.1110991893728,711.5493139677126,762.6303100585938,229300,0.0,0.0
2020-04-07 00:00:00+09:00,793.9958282298288,801.1650907872087,760.8379889019466,793.0996704101562,138500,0.0,0.0
2020-04-08 00:00:00+09:00,799.3727782653259,804.7497252043303,761.7341496922949,795.7881469726562,139200,0.0,0.0
2020-04-09 00:00:00+09:00,795.7881407445791,796.6842985607329,780.5534578699644,790.4111938476562,113300,0.0,0.0
2020-04-10 00:00:00+09:00,798.4766021385622,800.2689177438114,769.7995524545734,797.5804443359375,124600,0.0,0.0
2020-04-13 00:00:00+09:00,791.3073358062779,792.203493604473,771.5918642459856,776.9688110351562,101400,0.0,0.0
2020-04-14 00:00:00+09:00,797.5805198711585,814.6075197335765,785.9304673337147,811.0228881835938,160400,0.0,0.0
2020-04-15 00:00:00+09:00,798.4766007008271,799.3727585018382,758.1494996553308,761.734130859375,279600,0.0,0.0
2020-04-16 00:00:00+09:00,754.5649366845314,787.7227783203125,747.3956736281464,787.7227783203125,144800,0.0,0.0
2020-04-17 00:00:00+09:00,780.553466796875,792.203518540112,772.4880463592494,780.553466796875,196500,0.0,0.0
2020-04-20 00:00:00+09:00,820.8805164930556,839.6998296440972,781.4495746527778,806.5419921875,767500,0.0,0.0
2020-04-21 00:00:00+09:00,797.5804500492741,806.5420281397153,776.0726626322149,785.0342407226562,251100,0.0,0.0
2020-04-22 00:00:00+09:00,748.2917694383831,751.8764006692256,709.7569837068256,749.1879272460938,740600,0.0,0.0
2020-04-23 00:00:00+09:00,749.1878874405571,783.2418823242188,748.2917296804608,783.2418823242188,240400,0.0,0.0
2020-04-24 00:00:00+09:00,782.3458041338854,782.3458041338854,750.0841214891891,763.5264892578125,141200,0.0,0.0
2020-04-27 00:00:00+09:00,779.6573061556429,799.3727782653259,768.0072544544666,795.7881469726562,195300,0.0,0.0
2020-04-28 00:00:00+09:00,775.1765289306641,790.411212158203,759.941845703125,788.618896484375,328100,0.0,0.0
2020-04-30 00:00:00+09:00,814.6073322845932,823.568909097405,797.5803363402508,808.334228515625,316200,0.0,0.0
2020-05-01 00:00:00+09:00,797.5804150560364,797.5804150560364,765.3187353459045,773.3841552734375,182300,0.0,0.0
2020-05-07 00:00:00+09:00,773.3841454106137,773.3841454106137,750.9802014531799,765.3187255859375,178900,0.0,0.0
2020-05-08 00:00:00+09:00,782.3457616913184,797.5804443359375,776.0726570729458,797.5804443359375,209900,0.0,0.0
2020-05-11 00:00:00+09:00,805.6457680488941,856.7267566793579,803.8534526583514,849.5574951171875,227600,0.0,0.0
2020-05-12 00:00:00+09:00,859.4152445626283,862.1037176947325,836.1151440843923,845.0767211914062,133800,0.0,0.0
2020-05-13 00:00:00+09:00,819.9843963889575,827.1536588710468,813.7112917171295,820.8805541992188,107100,0.0,0.0
2020-05-14 00:00:00+09:00,811.0228081566639,812.8151237548002,793.0996521753012,794.8919677734375,102200,0.0,0.0
2020-05-15 00:00:00+09:00,808.3343564969999,817.295934728674,777.8649905093081,795.7881469726562,99400,0.0,0.0
2020-05-18 00:00:00+09:00,793.0996763665148,793.0996763665148,772.4880463592494,780.553466796875,88400,0.0,0.0
2020-05-19 00:00:00+09:00,805.6458984239816,816.3997925075054,800.2689513822198,809.2305297851562,136700,0.0,0.0
2020-05-20 00:00:00+09:00,807.4382260848915,820.8805938887466,802.0612789633495,819.9844360351562,114000,0.0,0.0
2020-05-21 00:00:00+09:00,819.0882107742025,823.5689996734048,808.3343174161166,814.607421875,69700,0.0,0.0
2020-05-22 00:00:00+09:00,818.1920893609861,818.1920893609861,785.0342500331038,793.0996704101562,98300,0.0,0.0
2020-05-25 00:00:00+09:00,805.6458652370578,822.6728635012448,802.9573918269231,815.5036010742188,83500,0.0,0.0
2020-05-26 00:00:00+09:00,824.4651483517829,861.2076169196341,820.8805172719925,857.6229858398438,168100,0.0,0.0
2020-05-27 00:00:00+09:00,862.9999611086962,892.5731684987138,855.8306987111162,881.8192749023438,207000,0.0,0.0
2020-05-28 00:00:00+09:00,898.8461970576533,921.2501401548033,898.8461970576533,919.4578247070312,258100,0.0,0.0
2020-05-29 00:00:00+09:00,899.742353634116,905.1192999705747,883.6115146247394,886.2999877929688,164100,0.0,0.0
2020-06-01 00:00:00+09:00,888.9885803594067,897.0540009473449,879.13084408526,883.6116333007812,146600,0.0,0.0
2020-06-02 00:00:00+09:00,890.7808629419114,920.354070665335,879.1308114145021,907.807861328125,131200,0.0,0.0
2020-06-03 00:00:00+09:00,961.577298369231,974.1235072948315,946.3426161024305,967.8504028320312,299200,0.0,0.0
2020-06-04 00:00:00+09:00,985.7735161956585,985.7735161956585,937.3809981278717,950.8233642578125,204900,0.0,0.0
2020-06-05 00:00:00+09:00,950.8234709288315,975.019732677256,939.1734189758863,973.2274169921875,142200,0.0,0.0
2020-06-08 00:00:00+09:00,997.423666494864,1019.8276122831584,991.1505616741416,1016.2429809570312,298300,0.0,0.0
2020-06-09 00:00:00+09:00,1026.1007547464455,1026.1007547464455,988.4621244413358,994.7352294921875,283300,0.0,0.0
2020-06-10 00:00:00+09:00,989.3581070438509,1016.2428382135207,982.1888453986055,1000.1119995117188,418500,0.0,0.0
2020-06-11 00:00:00+09:00,975.019707443618,977.7081809016427,932.0041321152231,933.7964477539062,197800,0.0,0.0
2020-06-12 00:00:00+09:00,880.0269068349706,914.9770589394145,871.0653293722927,905.1193237304688,167900,0.0,0.0
2020-06-15 00:00:00+09:00,896.1578463622291,903.3271091331269,868.376953125,868.376953125,186700,0.0,0.0
2020-06-16 00:00:00+09:00,903.3271085778061,924.8348968772777,895.2616879655043,922.1464233398438,132200,0.0,0.0
2020-06-17 00:00:00+09:00,923.0424723776342,942.7579426614284,912.2885794955647,932.9002075195312,138100,0.0,0.0
2020-06-18 00:00:00+09:00,925.7309554617746,944.5502682059152,922.1463244628907,940.9656372070312,121600,0.0,0.0
2020-06-19 00:00:00+09:00,932.9002123334043,932.9002123334043,906.9116377342989,920.35400390625,137500,0.0,0.0
2020-06-22 00:00:00+09:00,898.8463134168996,920.3541015744325,887.1962614982359,916.7694702148438,110300,0.0,0.0
2020-06-23 00:00:00+09:00,915.8733307093994,927.5233828612803,900.6386471261707,914.9771728515625,130300,0.0,0.0
2020-06-24 00:00:00+09:00,894.365427481264,909.6001091117064,883.6115345656576,902.4308471679688,138100,0.0,0.0
2020-06-25 00:00:00+09:00,878.2346413352273,899.7424284699675,872.8576945515422,897.053955078125,97400,0.0,0.0
2020-06-26 00:00:00+09:00,906.0155211374001,909.6001522793878,892.573154354946,904.2232055664062,91700,0.0,0.0
2020-06-29 00:00:00+09:00,892.5731994506099,895.261672942931,873.7538850043621,890.7808837890625,199600,0.0,0.0
2020-06-30 00:00:00+09:00,904.2231991160309,923.938670256321,895.26162132499,898.8462524414062,239500,0.0,0.0
2020-07-01 00:00:00+09:00,902.4309229957596,909.6001855419026,877.3385040842588,880.0269775390625,167700,0.0,0.0
2020-07-02 00:00:00+09:00,880.0269865906201,887.196249210503,867.4807770058252,870.1692504882812,119300,0.0,0.0
2020-07-03 00:00:00+09:00,881.819235306948,890.7808129015308,873.7538154718235,882.7153930664062,101800,0.0,0.0
2020-07-06 00:00:00+09:00,885.4038774539264,908.7039794921875,880.9230886004145,908.7039794921875,126400,0.0,0.0
2020-07-07 00:00:00+09:00,881.8193329510704,890.7809115379714,873.7539122228593,879.130859375,211300,0.0,0.0
2020-07-08 00:00:00+09:00,868.3768706518756,876.4422905031314,856.7268197556172,867.480712890625,128100,0.0,0.0
2020-07-09 00:00:00+09:00,859.4152297651717,860.311387460443,846.8690220313737,849.5574951171875,160600,0.0,0.0
2020-07-10 00:00:00+09:00,845.9729606331168,845.9729606331168,828.0498046875,828.0498046875,122700,0.0,0.0
2020-07-13 00:00:00+09:00,849.5575659103155,858.5191436097913,846.8690926004726,857.6229858398438,133300,0.0,0.0
2020-07-14 00:00:00+09:00,854.0384637862289,867.4808320514896,845.0768849427218,864.7923583984375,117400,0.0,0.0
2020-07-15 00:00:00+09:00,878.2347015163099,882.7154908097605,867.4808072120285,879.130859375,121600,0.0,0.0
2020-07-16 00:00:00+09:00,878.2345976941554,879.1307554469045,866.5845469084165,877.3384399414062,71600,0.0,0.0
2020-07-17 00:00:00+09:00,881.8193053572575,886.3000945104956,868.3769378975431,872.8577270507812,82600,0.0,0.0
2020-07-20 00:00:00+09:00,926.6271576370018,949.9272602468297,904.2232128198596,927.5233154296875,395400,0.0,0.0
2020-07-21 00:00:00+09:00,940.9657628815495,956.2004466615365,923.0426054933295,925.7310791015625,264900,0.0,0.0
2020-07-22 00:00:00+09:00,909.6002044677734,934.6926239013671,907.8078887939453,914.0809936523438,141500,0.0,0.0
2020-07-27 00:00:00+09:00,887.1962524659676,890.7808837890625,869.2730958504935,890.7808837890625,148000,0.0,0.0
2020-07-28 00:00:00+09:00,896.1578029025773,901.5347497199928,882.7154358590386,884.5077514648438,126900,0.0,0.0
2020-07-29 00:00:00+09:00,871.9615319238078,871.9615319238078,855.8306916621135,858.5191650390625,90700,0.0,0.0
2020-07-30 00:00:00+09:00,860.3114838059313,877.3384819229237,857.6230104190378,861.2076416015625,127600,0.0,0.0
2020-07-31 00:00:00+09:00,853.1422639595445,854.9345796401318,804.749740583688,809.2305297851562,240100,0.0,0.0
2020-08-03 00:00:00+09:00,816.3997533228489,831.6344358766233,809.2304909446023,828.0498046875,102000,0.0,0.0
2020-08-04 00:00:00+09:00,825.3613916170799,846.869180323714,819.088286577645,845.9730224609375,111600,0.0,0.0
2020-08-05 00:00:00+09:00,837.0113571310492,864.7922479994245,827.1536216616257,857.6229858398438,195700,0.0,0.0
2020-08-06 00:00:00+09:00,861.2076266270988,869.2730466475398,849.5575754864616,865.6884155273438,104900,0.0,0.0
2020-08-07 00:00:00+09:00,854.9345425985431,860.311489407339,841.4921755765534,848.6614379882812,81500,0.0,0.0
2020-08-11 00:00:00+09:00,846.8691322451732,874.6500244140625,842.3883431856749,874.6500244140625,142900,0.0,0.0
2020-08-12 00:00:00+09:00,885.4039428710937,899.7424682617187,872.8577331542969,896.1578369140625,129300,0.0,0.0
2020-08-13 00:00:00+09:00,896.1578307737047,902.4309355891206,889.8847259582888,890.7808837890625,108700,0.0,0.0
2020-08-14 00:00:00+09:00,896.1577660861819,898.8462393844404,888.0923461914062,888.0923461914062,65900,0.0,0.0
2020-08-17 00:00:00+09:00,888.9884677292714,897.9500450249293,881.819205892745,891.6769409179688,87000,0.0,0.0
2020-08-18 00:00:00+09:00,886.3001037783929,888.9885772984487,878.2346832182255,880.9231567382812,92800,0.0,0.0
2020-08-19 00:00:00+09:00,878.2347015163099,881.8193329510704,869.2731229294087,879.130859375,55400,0.0,0.0
2020-08-20 00:00:00+09:00,879.1307487840643,883.6115375138505,871.065329070449,871.9614868164062,118500,0.0,0.0
2020-08-21 00:00:00+09:00,875.5461884477231,883.611608812134,872.8577149929195,880.0269775390625,73900,0.0,0.0
2020-08-24 00:00:00+09:00,875.546206665039,888.092416381836,872.8577331542969,878.2346801757812,88400,0.0,0.0
2020-08-25 00:00:00+09:00,888.0923982723031,903.3270811891841,888.0923982723031,897.9501342773438,80700,0.0,0.0
2020-08-26 00:00:00+09:00,891.6769276750467,930.2117094740688,889.884612242534,929.3155517578125,170300,0.0,0.0
2020-08-27 00:00:00+09:00,941.8617934108115,956.2003173828125,940.9656356625615,956.2003173828125,125500,0.0,0.0
2020-08-28 00:00:00+09:00,959.7849501229912,1003.6966798671803,959.7849501229912,974.1234741210938,400400,0.0,0.0
2020-08-31 00:00:00+09:00,975.0196150594684,1001.0081893579285,960.6810913085939,960.6810913085938,132800,0.0,0.0
2020-09-01 00:00:00+09:00,958.888888628805,960.6812043084851,919.4579436758448,934.692626953125,139600,0.0,0.0
2020-09-02 00:00:00+09:00,932.0040777075382,940.9656553778029,923.9386578042999,939.17333984375,91200,0.0,0.0
2020-09-03 00:00:00+09:00,939.1733794845392,942.7580107039458,923.9386968020609,938.2772216796875,150500,0.0,0.0
2020-09-04 00:00:00+09:00,911.3923906979344,924.8347563424467,905.1192867304953,923.9385986328125,114600,0.0,0.0
2020-09-07 00:00:00+09:00,927.5234208017025,957.0966313200177,924.8349471182192,949.9273681640625,118400,0.0,0.0
2020-09-08 00:00:00+09:00,961.5774281679544,975.9159545898438,954.4081649570097,975.9159545898438,143400,0.0,0.0
2020-09-09 00:00:00+09:00,951.7196013799132,960.6811795473324,938.2772341287845,949.0311279296875,137900,0.0,0.0
2020-09-10 00:00:00+09:00,948.1348946802622,992.9427819524864,945.4464214439288,986.669677734375,141700,0.0,0.0
2020-09-11 00:00:00+09:00,996.5275863213097,996.5275863213097,975.9159545898438,975.9159545898438,99800,0.0,0.0
2020-09-14 00:00:00+09:00,986.6697784423828,1015.3468292236328,984.8774627685547,1003.69677734375,128200,0.0,0.0
2020-09-15 00:00:00+09:00,986.6697601484517,989.3582336093467,972.3312350236786,987.56591796875,76300,0.0,0.0
2020-09-16 00:00:00+09:00,990.254382521637,1009.0736965786093,984.8774356482164,997.4236450195312,101400,0.0,0.0
2020-09-17 00:00:00+09:00,989.358251953125,1004.5929351806641,989.358251953125,1003.69677734375,89500,0.0,0.0
2020-09-18 00:00:00+09:00,1021.6199402614343,1034.1661500541186,1009.07373046875,1009.07373046875,119200,0.0,0.0
2020-09-23 00:00:00+09:00,995.6314342202661,1000.1122237532106,969.642854929188,981.2929077148438,168500,0.0,0.0
2020-09-24 00:00:00+09:00,975.0196300960637,993.838942809315,954.4080018863124,956.2003173828125,136600,0.0,0.0
2020-09-25 00:00:00+09:00,975.019766566265,975.019766566265,957.0966090926205,966.954345703125,84600,0.0,0.0
2020-09-28 00:00:00+09:00,973.2274168818165,991.1505737304688,967.8504698272209,991.1505737304688,107700,0.0,0.0
2020-09-29 00:00:00+09:00,1005.0976813344221,1018.5949644320195,999.6987680953831,1015.8955078125,125700,4.5,0.0
2020-09-30 00:00:00+09:00,1015.8955302280663,1037.4911836607266,1014.0958924420112,1016.7953491210938,149200,0.0,0.0
2020-10-02 00:00:00+09:00,1017.6951904296875,1052.7881280307113,1017.6951904296875,1017.6951904296875,186600,0.0,0.0
2020-10-05 00:00:00+09:00,1018.5950896978171,1043.790021245113,1004.1979859565051,1035.691650390625,88100,0.0,0.0
2020-10-06 00:00:00+09:00,1047.389309130564,1052.7882230951545,1032.9922052249892,1041.090576171875,51200,0.0,0.0
2020-10-07 00:00:00+09:00,1042.8901510987607,1042.8901510987607,1017.6952207874878,1031.1925048828125,115700,0.0,0.0
2020-10-08 00:00:00+09:00,1039.2909203506097,1042.890196265244,1031.1925495426829,1032.9921875,47500,0.0,0.0
2020-10-09 00:00:00+09:00,1039.2907457466586,1051.8882093314664,1030.2925574717956,1045.5894775390625,117000,0.0,0.0
2020-10-12 00:00:00+09:00,1052.788229054418,1060.8866000471444,1040.1907630657327,1043.7900390625,85500,0.0,0.0
2020-10-13 00:00:00+09:00,1043.7898838691358,1069.884630965864,1033.891876349687,1064.4857177734375,99500,0.0,0.0
2020-10-14 00:00:00+09:00,1059.0869620487608,1063.5860570447198,1041.9904010641162,1043.7900390625,83000,0.0,0.0
2020-10-15 00:00:00+09:00,1033.8918264288652,1046.4892899362665,1023.9938193873355,1025.79345703125,102800,0.0,0.0
2020-10-16 00:00:00+09:00,1025.7936092228085,1048.2890831092736,1024.89379026735,1039.2908935546875,102800,0.0,0.0
2020-10-19 00:00:00+09:00,1086.9811306247464,1129.2726150116362,1084.2816741745194,1108.5767822265625,358000,0.0,0.0
2020-10-20 00:00:00+09:00,1105.8774678781263,1117.5751139988877,1089.6807270955337,1099.5787353515625,212700,0.0,0.0
2020-10-21 00:00:00+09:00,1153.5676792956785,1196.7589808605715,1150.8682229478727,1175.163330078125,447800,0.0,0.0
2020-10-22 00:00:00+09:00,1223.7537434895833,1255.2474060058594,1159.8665995279948,1187.760986328125,410700,0.0,0.0
2020-10-23 00:00:00+09:00,1203.0578538397021,1239.0506093771653,1194.9594838437731,1217.4549560546875,296100,0.0,0.0
2020-10-26 00:00:00+09:00,1212.955862888868,1230.0524217871532,1191.3602095436656,1200.3583984375,170400,0.0,0.0
2020-10-27 00:00:00+09:00,1205.7572722892817,1220.1543740479597,1176.9630687719257,1218.354736328125,147900,0.0,0.0
2020-10-28 00:00:00+09:00,1194.9594268351357,1230.0523618099628,1185.9612383800518,1227.3529052734375,210700,0.0,0.0
2020-10-29 00:00:00+09:00,1200.358340351998,1210.25634765625,1181.4621445893356,1210.25634765625,135900,0.0,0.0
2020-10-30 00:00:00+09:00,1198.5586642079616,1198.5586642079616,1157.1669986272063,1159.866455078125,163900,0.0,0.0
2020-11-02 00:00:00+09:00,1150.8681893018806,1169.764383184085,1136.4710892011535,1144.5694580078125,196600,0.0,0.0
2020-11-04 00:00:00+09:00,1159.8667421213186,1159.8667421213186,1130.1727138125493,1141.870361328125,132300,0.0,0.0
2020-11-05 00:00:00+09:00,1127.472977573665,1145.4693539116327,1106.7771447850025,1142.7698974609375,183500,0.0,0.0
2020-11-06 00:00:00+09:00,1141.8700850637335,1167.9648309004933,1128.372802734375,1162.56591796875,140300,0.0,0.0
2020-11-09 00:00:00+09:00,1169.7646197150734,1195.859368924102,1168.864800776831,1193.159912109375,142500,0.0,0.0
2020-11-10 00:00:00+09:00,1218.3548608672752,1234.5516020014045,1195.8593870698735,1201.25830078125,199100,0.0,0.0
2020-11-11 00:00:00+09:00,1207.556971202696,1249.8484597619558,1207.556971202696,1245.349365234375,221200,0.0,0.0
2020-11-12 00:00:00+09:00,1232.7519918236967,1258.846742015585,1223.7538021023558,1231.8521728515625,159100,0.0,0.0
2020-11-13 00:00:00+09:00,1214.7555886073947,1221.0543212890625,1202.1581232440585,1221.0543212890625,108600,0.0,0.0
2020-11-16 00:00:00+09:00,1237.2511396435407,1261.5462529310867,1230.9524065689918,1256.1473388671875,186400,0.0,0.0
2020-11-17 00:00:00+09:00,1241.7502829127764,1247.1491971863102,1222.854082955408,1240.8504638671875,167300,0.0,0.0
2020-11-18 00:00:00+09:00,1239.950582582351,1248.0489535861545,1230.952392578125,1230.952392578125,84600,0.0,0.0
2020-11-19 00:00:00+09:00,1220.154507513386,1220.154507513386,1179.662654387942,1186.8612060546875,153500,0.0,0.0
2020-11-20 00:00:00+09:00,1198.5587761925235,1245.3493590468863,1184.1616737757965,1242.64990234375,188900,0.0,0.0
2020-11-24 00:00:00+09:00,1261.5460502912908,1314.6353633919941,1257.0469559607227,1309.2364501953125,294000,0.0,0.0
2020-11-25 00:00:00+09:00,1309.2365895939477,1320.0344171369904,1277.7429259267392,1280.4423828125,173100,0.0,0.0
2020-11-26 00:00:00+09:00,1278.6427544670028,1351.528090928528,1278.6427544670028,1339.8304443359375,210300,0.0,0.0
2020-11-27 00:00:00+09:00,1333.5315263513298,1348.8284466940913,1329.9322509765625,1329.9322509765625,159900,0.0,0.0
2020-11-30 00:00:00+09:00,1328.1325944624607,1336.2309639408904,1283.1416529156295,1287.6407470703125,156100,0.0,0.0
2020-12-01 00:00:00+09:00,1268.74483218863,1310.1365075649967,1260.6464609193408,1306.5372314453125,88400,0.0,0.0
2020-12-02 00:00:00+09:00,1314.6354491168124,1327.2329140638592,1289.4405192227189,1293.039794921875,99700,0.0,0.0
2020-12-03 00:00:00+09:00,1293.039811003493,1322.7338358908385,1282.2419837717312,1318.2347412109375,68100,0.0,0.0
2020-12-04 00:00:00+09:00,1329.0324559236697,1377.6226743528355,1314.6353541668796,1374.9232177734375,274400,0.0,0.0
2020-12-07 00:00:00+09:00,1390.2202941112557,1400.1183026777435,1332.6318806335078,1334.4315185546875,175400,0.0,0.0
2020-12-08 00:00:00+09:00,1318.2347890880783,1345.2293581479023,1290.3404010595932,1339.8304443359375,77600,0.0,0.0
2020-12-09 00:00:00+09:00,1348.8287457835918,1416.3151740249323,1347.029107697156,1410.916259765625,242000,0.0,0.0
2020-12-10 00:00:00+09:00,1401.018057854067,1409.1164281306799,1358.726568631754,1361.426025390625,130000,0.0,0.0
2020-12-11 00:00:00+09:00,1362.3258985643263,1392.0199240944603,1362.3258985643263,1385.72119140625,151200,0.0,0.0
2020-12-14 00:00:00+09:00,1376.7230611817365,1401.01817402612,1373.1237852047907,1375.8232421875,81700,0.0,0.0
2020-12-15 00:00:00+09:00,1362.3256964432567,1383.9213481702302,1356.0269646895558,1367.724609375,70300,0.0,0.0
2020-12-16 00:00:00+09:00,1399.218475738129,1423.5135875355113,1383.0217345398742,1385.72119140625,112300,0.0,0.0
2020-12-17 00:00:00+09:00,1385.7211032130645,1392.9196543985868,1360.526174063736,1365.0252685546875,71900,0.0,0.0
2020-12-18 00:00:00+09:00,1351.5280580207636,1358.7266095947757,1333.5316790857335,1343.4296875,102500,0.0,0.0
2020-12-21 00:00:00+09:00,1341.629915074526,1349.7282847832255,1324.5333568006054,1338.0306396484375,58400,0.0,0.0
2020-12-22 00:00:00+09:00,1328.1327329886483,1328.1327329886483,1286.7410624483516,1293.039794921875,87800,0.0,0.0
2020-12-23 00:00:00+09:00,1286.7409847139168,1311.9359130859375,1268.7446073053304,1311.9359130859375,123900,0.0,0.0
2020-12-24 00:00:00+09:00,1272.3439775944416,1320.9342002182746,1266.9450639695713,1301.13818359375,125000,0.0,0.0
2020-12-25 00:00:00+09:00,1308.3366366975922,1329.032470703125,1308.3366366975922,1329.032470703125,91100,0.0,0.0
2020-12-28 00:00:00+09:00,1335.331236701556,1337.1308744868682,1285.8411976054742,1308.336669921875,93700,0.0,0.0
2020-12-29 00:00:00+09:00,1313.7356622572004,1343.4296875,1304.7374727896852,1343.4296875,85000,0.0,0.0
2020-12-30 00:00:00+09:00,1345.2291648735434,1345.2291648735434,1321.8338750496557,1327.2327880859375,58500,0.0,0.0
2021-01-04 00:00:00+09:00,1334.4314943231911,1334.4314943231911,1291.2401849991768,1323.6336669921875,71300,0.0,0.0
2021-01-05 00:00:00+09:00,1317.3348820233584,1336.2310791015625,1308.3366929384995,1336.2310791015625,63900,0.0,0.0
2021-01-06 00:00:00+09:00,1345.2292726715432,1375.8231156620666,1345.2292726715432,1356.027099609375,120200,0.0,0.0
2021-01-07 00:00:00+09:00,1377.622743994964,1412.7156813011713,1377.622743994964,1387.520751953125,152500,0.0,0.0
2021-01-08 00:00:00+09:00,1387.5206998614235,1401.0179829340054,1374.923235660347,1400.1181640625,86400,0.0,0.0
2021-01-12 00:00:00+09:00,1378.522765270587,1383.9216794948843,1365.0254797098435,1368.624755859375,121400,0.0,0.0
2021-01-13 00:00:00+09:00,1394.7193339304351,1401.01806640625,1378.5225932783396,1401.01806640625,66300,0.0,0.0
2021-01-14 00:00:00+09:00,1421.7139480590822,1447.8086977386477,1411.8159395599366,1439.7103271484375,229000,0.0,0.0
2021-01-15 00:00:00+09:00,1444.2093315954342,1447.8086071881953,1364.1254496564973,1365.0252685546875,185900,0.0,0.0
2021-01-18 00:00:00+09:00,1350.6282659148144,1354.227541773348,1320.9342400819103,1337.1309814453125,121900,0.0,0.0
2021-01-19 00:00:00+09:00,1364.1253921781808,1364.1253921781808,1338.9304640904572,1357.82666015625,142500,0.0,0.0
2021-01-20 00:00:00+09:00,1360.526359627016,1394.719482421875,1354.2276264805946,1394.719482421875,115400,0.0,0.0
2021-01-21 00:00:00+09:00,1408.2168026359714,1422.6139073274574,1401.9180693334463,1410.916259765625,115500,0.0,0.0
2021-01-22 00:00:00+09:00,1421.7138856248034,1455.0071854780424,1402.8176884108027,1429.812255859375,302600,0.0,0.0
2021-01-25 00:00:00+09:00,1491.8997703953319,1531.4918029028074,1483.801400109712,1523.3934326171875,401000,0.0,0.0
2021-01-26 00:00:00+09:00,1523.393420316089,1531.4917905363163,1477.502655734801,1517.9945068359375,308900,0.0,0.0
2021-01-27 00:00:00+09:00,1544.9891624406066,1564.7851796646564,1502.6976710983188,1538.6904296875,422600,0.0,0.0
2021-01-28 00:00:00+09:00,1502.69774216872,1526.9928553654597,1467.6048008845403,1497.298828125,431600,0.0,0.0
2021-01-29 00:00:00+09:00,1502.6975944173994,1520.6939727936558,1428.012624155936,1432.51171875,218100,0.0,0.0
2021-02-01 00:00:00+09:00,1502.6975974428253,1544.9890867121742,1493.6994082365807,1523.3934326171875,403800,0.0,0.0
2021-02-02 00:00:00+09:00,1520.6939679408647,1553.9872678306942,1493.6994004626245,1537.79052734375,322100,0.0,0.0
2021-02-03 00:00:00+09:00,1544.9891712679632,1552.1877230269288,1503.5974986539118,1524.2933349609375,150500,0.0,0.0
2021-02-04 00:00:00+09:00,1528.7922707317678,1528.7922707317678,1485.6009646722475,1490.9998779296875,139400,0.0,0.0
2021-02-05 00:00:00+09:00,1511.6958871559116,1520.694076960411,1477.5027658988135,1495.4991455078125,118600,0.0,0.0
2021-02-08 00:00:00+09:00,1487.400614873229,1497.2986225947084,1457.7065917087905,1496.3988037109375,134700,0.0,0.0
2021-02-09 00:00:00+09:00,1502.6978815948614,1525.1933588642455,1484.7014997793542,1505.3973388671875,177500,0.0,0.0
2021-02-10 00:00:00+09:00,1491.8994950912825,1491.8994950912825,1453.2072886444037,1458.606201171875,133800,0.0,0.0
2021-02-12 00:00:00+09:00,1470.3041629602412,1470.3041629602412,1445.1092323831992,1454.107421875,87800,0.0,0.0
2021-02-15 00:00:00+09:00,1454.107421875,1463.1056113668008,1436.1110428913985,1454.107421875,97500,0.0,0.0
2021-02-16 00:00:00+09:00,1443.309506863524,1446.008963547184,1419.0143967105844,1433.4114990234375,109900,0.0,0.0
2021-02-17 00:00:00+09:00,1422.6136269136987,1449.6081928892906,1419.0143514502863,1448.7083740234375,61300,0.0,0.0
2021-02-18 00:00:00+09:00,1419.0143623201272,1419.914181192873,1358.7264978461587,1365.925048828125,197400,0.0,0.0
2021-02-19 00:00:00+09:00,1349.7285560743344,1370.4243939341409,1331.7321753266765,1368.624755859375,126400,0.0,0.0
2021-02-22 00:00:00+09:00,1369.5242470189144,1380.3220728824012,1358.7264211554277,1367.724609375,87000,0.0,0.0
2021-02-24 00:00:00+09:00,1347.9286149066427,1354.2273467520008,1324.5333251953125,1324.5333251953125,120400,0.0,0.0
2021-02-25 00:00:00+09:00,1346.1291799532314,1349.7284558354593,1322.73388671875,1322.73388671875,63900,0.0,0.0
2021-02-26 00:00:00+09:00,1300.2382368452093,1302.037874543265,1281.342041015625,1281.342041015625,118100,0.0,0.0
2021-03-01 00:00:00+09:00,1326.3331598060254,1339.8304443359375,1311.9360563074526,1339.8304443359375,90200,0.0,0.0
2021-03-02 00:00:00+09:00,1366.8248952093456,1371.3239896636226,1338.030690701973,1342.52978515625,108100,0.0,0.0
2021-03-03 00:00:00+09:00,1348.8284589674818,1357.8266474862776,1338.9304515968065,1352.427734375,72600,0.0,0.0
2021-03-04 00:00:00+09:00,1331.731984559133,1341.629992552478,1309.2365118469854,1336.2310791015625,70500,0.0,0.0
2021-03-05 00:00:00+09:00,1313.7355237441784,1355.1271909306388,1300.2382409659847,1352.427734375,105400,0.0,0.0
2021-03-08 00:00:00+09:00,1374.9232984973537,1374.9232984973537,1332.6318096037833,1338.9305419921875,70600,0.0,0.0
2021-03-09 00:00:00+09:00,1352.427734375,1359.6262851900367,1319.1344368554558,1352.427734375,96200,0.0,0.0
2021-03-10 00:00:00+09:00,1372.2237619206635,1373.1235807809394,1347.9286526932156,1357.82666015625,68000,0.0,0.0
2021-03-11 00:00:00+09:00,1358.7265501631068,1365.925101422249,1347.0289043670005,1353.32763671875,64800,0.0,0.0
2021-03-12 00:00:00+09:00,1363.225717519785,1387.5208293171672,1349.728433187906,1385.72119140625,132200,0.0,0.0
2021-03-15 00:00:00+09:00,1400.1182166271483,1402.8176733430103,1375.8231061843892,1387.520751953125,79500,0.0,0.0
2021-03-16 00:00:00+09:00,1390.2201369713093,1410.9159707255747,1386.6208615357848,1409.1163330078125,77800,0.0,0.0
2021-03-17 00:00:00+09:00,1415.4152143770796,1423.5135849615638,1398.3186542542796,1402.8177490234375,85800,0.0,0.0
2021-03-18 00:00:00+09:00,1430.7120870273313,1446.908827635188,1410.91607072884,1435.211181640625,99400,0.0,0.0
2021-03-19 00:00:00+09:00,1441.510000863093,1455.9071044921875,1409.1165176976301,1455.9071044921875,159100,0.0,0.0
2021-03-22 00:00:00+09:00,1444.2093831431039,1461.3059428189413,1424.4133666763448,1440.610107421875,133000,0.0,0.0
2021-03-23 00:00:00+09:00,1448.7084654805053,1477.5026710055838,1435.211181640625,1435.211181640625,101500,0.0,0.0
2021-03-24 00:00:00+09:00,1414.5152660065874,1423.513454721642,1385.7210621184126,1400.1181640625,135900,0.0,0.0
2021-03-25 00:00:00+09:00,1409.1163447468182,1445.1090994019091,1407.3167070140635,1431.61181640625,81700,0.0,0.0
2021-03-26 00:00:00+09:00,1431.611861234331,1457.706609176377,1428.912404550671,1433.4114990234375,85200,0.0,0.0
2021-03-29 00:00:00+09:00,1460.4061508274438,1467.6047024026868,1417.2148413759853,1434.3114013671875,117800,0.0,0.0
2021-03-30 00:00:00+09:00,1424.3570565017253,1456.0295450516367,1420.7373435245925,1450.5999755859375,104400,9.0,0.0
2021-03-31 00:00:00+09:00,1427.976836280701,1440.6458322933308,1397.209274535743,1416.2127685546875,172200,0.0,0.0
2021-04-01 00:00:00+09:00,1435.216320670838,1451.5050304892964,1419.8325391756273,1445.1705322265625,112500,0.0,0.0
2021-04-02 00:00:00+09:00,1445.1705792396262,1490.4169968739288,1434.3114390073936,1484.9874267578125,165200,0.0,0.0
2021-04-05 00:00:00+09:00,1506.7056340756624,1513.9450605456955,1489.5119962093333,1498.561279296875,98600,0.0,0.0
2021-04-06 00:00:00+09:00,1502.180967669446,1507.6105374321066,1470.508477387259,1478.65283203125,113600,0.0,0.0
2021-04-07 00:00:00+09:00,1478.6529306265024,1505.80078125,1475.0332172100361,1505.80078125,73100,0.0,0.0
2021-04-08 00:00:00+09:00,1500.3712231159504,1500.3712231159504,1463.2691603006585,1468.69873046875,68900,0.0,0.0
2021-04-09 00:00:00+09:00,1488.606975040176,1488.606975040176,1455.1246297049256,1460.55419921875,106100,0.0,0.0
2021-04-12 00:00:00+09:00,1470.5084948806289,1470.5084948806289,1446.075430657997,1456.9345703125,50100,0.0,0.0
2021-04-13 00:00:00+09:00,1459.6493839578288,1476.8430220825646,1449.6951724119292,1471.4134521484375,68500,0.0,0.0
2021-04-14 00:00:00+09:00,1471.4133847297878,1480.4626675387042,1442.4556797412558,1479.5577392578125,89200,0.0,0.0
2021-04-15 00:00:00+09:00,1479.5577646766305,1479.5577646766305,1459.6493421549878,1473.2232666015625,65700,0.0,0.0
2021-04-16 00:00:00+09:00,1482.2724778772636,1494.941473414676,1473.2231953505402,1486.797119140625,83400,0.0,0.0
2021-04-19 00:00:00+09:00,1493.131638258107,1527.518912351324,1489.511925195663,1512.1351318359375,124100,0.0,0.0
2021-04-20 00:00:00+09:00,1540.187952061753,1548.3323066848764,1453.3148360817718,1457.8394775390625,588000,0.0,0.0
2021-04-21 00:00:00+09:00,1428.881678593623,1432.501391522296,1382.7303387530437,1393.5894775390625,255200,0.0,0.0
2021-04-22 00:00:00+09:00,1421.6422043569617,1435.2161273775566,1400.828855725383,1432.5013427734375,134700,0.0,0.0
2021-04-23 00:00:00+09:00,1432.5015255808103,1502.1810059786135,1385.445253104372,1482.2725830078125,495000,0.0,0.0
2021-04-26 00:00:00+09:00,1481.3675831761852,1489.5119376346981,1455.1246632543102,1469.603515625,270900,0.0,0.0
2021-04-27 00:00:00+09:00,1469.6034448779108,1469.6034448779108,1396.304258279936,1399.01904296875,266700,0.0,0.0
2021-04-28 00:00:00+09:00,1405.3537291271055,1412.5931559352296,1352.8678847682052,1370.0615234375,364900,0.0,0.0
2021-04-30 00:00:00+09:00,1378.2058115273594,1401.7339475087851,1346.5333207831325,1351.962890625,314100,0.0,0.0
2021-05-06 00:00:00+09:00,1411.688232421875,1452.4100083571213,1396.304450401893,1411.688232421875,451200,0.0,0.0
2021-05-07 00:00:00+09:00,1465.9838533579193,1474.1282080987967,1444.265574048913,1456.9345703125,363600,0.0,0.0
2021-05-10 00:00:00+09:00,1484.0824799408783,1520.279613597973,1481.3676949165963,1506.7056884765625,378200,0.0,0.0
2021-05-11 00:00:00+09:00,1491.321861694039,1506.7056430343293,1484.082435180961,1487.7021484375,191500,0.0,0.0
2021-05-12 00:00:00+09:00,1488.6071040974327,1500.3711723972908,1429.786762598142,1455.124755859375,230700,0.0,0.0
2021-05-13 00:00:00+09:00,1421.6422619338823,1432.5014007901564,1395.3993430312198,1408.9732666015625,146600,0.0,0.0
2021-05-14 00:00:00+09:00,1437.9311238632638,1446.980407210421,1418.0227004995184,1423.4522705078125,152800,0.0,0.0
2021-05-17 00:00:00+09:00,1440.6458322933308,1449.695115159495,1402.6388442554414,1416.2127685546875,102000,0.0,0.0
2021-05-18 00:00:00+09:00,1416.2127984430372,1419.8325116658948,1387.2550926601764,1404.44873046875,109200,0.0,0.0
2021-05-19 00:00:00+09:00,1395.3996468703374,1395.3996468703374,1359.2025094677344,1364.632080078125,127200,0.0,0.0
2021-05-20 00:00:00+09:00,1386.350210555477,1406.2586339446548,1370.061500509786,1397.2093505859375,133100,0.0,0.0
2021-05-21 00:00:00+09:00,1406.2586339446548,1415.3079173033718,1385.4452822196051,1397.2093505859375,102000,0.0,0.0
2021-05-24 00:00:00+09:00,1402.6389325010048,1416.2128576542405,1402.6389325010048,1407.16357421875,98100,0.0,0.0
2021-05-25 00:00:00+09:00,1425.2620770475219,1432.5015034706205,1403.5437977782265,1409.8782958984375,95400,0.0,0.0
2021-05-26 00:00:00+09:00,1409.8784356712542,1437.9312158418634,1406.258722100853,1435.2164306640625,137700,0.0,0.0
2021-05-27 00:00:00+09:00,1435.2162020509725,1438.8359150447957,1386.3500766343566,1387.2550048828125,254700,0.0,0.0
2021-05-28 00:00:00+09:00,1412.593183939436,1433.4065364254109,1412.593183939436,1431.5966796875,116900,0.0,0.0
2021-05-31 00:00:00+09:00,1442.4557592287586,1469.6036091515082,1438.8360459057253,1455.124755859375,105400,0.0,0.0
2021-06-01 00:00:00+09:00,1457.839576177231,1496.7514953427312,1457.839576177231,1484.9874267578125,190600,0.0,0.0
2021-06-02 00:00:00+09:00,1462.3641825054415,1475.9381074668163,1443.360687559517,1455.124755859375,148800,0.0,0.0
2021-06-03 00:00:00+09:00,1468.6987047066716,1489.5120566526073,1439.740997651457,1475.033203125,278000,0.0,0.0
2021-06-04 00:00:00+09:00,1484.0822871310495,1486.7970718026306,1459.649225086819,1467.7935791015625,130200,0.0,0.0
2021-06-07 00:00:00+09:00,1508.515542479874,1510.325399159514,1484.0824773047352,1485.892333984375,131500,0.0,0.0
2021-06-08 00:00:00+09:00,1483.177558234279,1494.94162672546,1475.033203125,1475.033203125,58400,0.0,0.0
2021-06-09 00:00:00+09:00,1479.557705453726,1485.8922032752405,1470.5084228515625,1470.5084228515625,68200,0.0,0.0
2021-06-10 00:00:00+09:00,1467.7937267197176,1468.698655034588,1446.075447162829,1461.459228515625,81200,0.0,0.0
2021-06-11 00:00:00+09:00,1473.2232584938508,1480.462684825516,1448.790194624481,1457.8394775390625,105300,0.0,0.0
2021-06-14 00:00:00+09:00,1467.7936716062213,1482.2725241004873,1462.3641019208717,1479.5577392578125,54800,0.0,0.0
2021-06-15 00:00:00+09:00,1485.8921127958924,1522.089241000421,1484.0822563856661,1511.2301025390625,203100,0.0,0.0
2021-06-16 00:00:00+09:00,1494.9416081752568,1504.8958198519686,1484.9873964985452,1496.75146484375,91900,0.0,0.0
2021-06-17 00:00:00+09:00,1498.5611733829273,1498.5611733829273,1474.128110773423,1476.8428955078125,77600,0.0,0.0
2021-06-18 00:00:00+09:00,1474.1282491433453,1486.7972457596786,1462.3641808567502,1481.36767578125,107700,0.0,0.0
2021-06-21 00:00:00+09:00,1447.8853186782526,1448.7902470024264,1402.6389024695573,1418.9276123046875,141600,0.0,0.0
2021-06-22 00:00:00+09:00,1447.8851071484132,1462.3639582198973,1437.0259688448,1454.2196044921875,95000,0.0,0.0
2021-06-23 00:00:00+09:00,1469.6035490934821,1482.272545206357,1460.5542661557145,1478.65283203125,86800,0.0,0.0
2021-06-24 00:00:00+09:00,1491.3218414004486,1491.3218414004486,1451.5049961203395,1462.3641357421875,78800,0.0,0.0
2021-06-25 00:00:00+09:00,1480.4627639454552,1488.607119003835,1459.6494121295962,1485.892333984375,103000,0.0,0.0
2021-06-28 00:00:00+09:00,1493.1317138671875,1502.1809969815342,1475.0331476384945,1493.1317138671875,74200,0.0,0.0
2021-06-29 00:00:00+09:00,1485.892282974317,1502.1809925318914,1481.367641430546,1498.561279296875,96200,0.0,0.0
2021-06-30 00:00:00+09:00,1507.6105273775606,1591.7688581375326,1506.705599089819,1568.24072265625,429400,0.0,0.0
2021-07-01 00:00:00+09:00,1561.0013531392658,1580.9097761937956,1517.5647937475644,1523.8992919921875,167800,0.0,0.0
2021-07-02 00:00:00+09:00,1517.5646094936694,1538.3779583418236,1510.325183807355,1526.6138916015625,78800,0.0,0.0
2021-07-05 00:00:00+09:00,1529.3288496875934,1532.9485629412918,1513.945068359375,1513.945068359375,46600,0.0,0.0
2021-07-06 00:00:00+09:00,1520.2795031417809,1520.2795031417809,1505.800650730907,1516.6597900390625,35800,0.0,0.0
2021-07-07 00:00:00+09:00,1496.7514226793667,1509.4204190019248,1487.702139591825,1498.561279296875,67500,0.0,0.0
2021-07-08 00:00:00+09:00,1501.2758413809315,1501.2758413809315,1465.983642578125,1465.983642578125,78600,0.0,0.0
2021-07-09 00:00:00+09:00,1431.5965743085912,1441.550785634378,1407.1635101452966,1436.1212158203125,180100,0.0,0.0
2021-07-12 00:00:00+09:00,1472.3183130106795,1482.2725241004873,1464.1739584826548,1479.5577392578125,142000,0.0,0.0
2021-07-13 00:00:00+09:00,1492.2269139922016,1532.0437631223756,1488.607200434913,1508.515625,155000,0.0,0.0
2021-07-14 00:00:00+09:00,1505.8007574604142,1508.515542479874,1481.3676922852753,1485.892333984375,104000,0.0,0.0
2021-07-15 00:00:00+09:00,1497.6563520378766,1500.3711369660418,1466.8887895186695,1472.318359375,118700,0.0,0.0
2021-07-16 00:00:00+09:00,1456.0296209561461,1465.9838321621858,1440.6458400013578,1457.8394775390625,165800,0.0,0.0
2021-07-19 00:00:00+09:00,1440.6456965857944,1446.9801939954054,1409.8781377391128,1432.5013427734375,213500,0.0,0.0
2021-07-20 00:00:00+09:00,1574.575295519473,1575.4802238502314,1435.216332582692,1455.124755859375,1697800,0.0,0.0
2021-07-21 00:00:00+09:00,1489.5121342200798,1501.2762033238837,1419.8326479898574,1435.2164306640625,757300,0.0,0.0
2021-07-26 00:00:00+09:00,1460.5542655756726,1511.2302500070466,1451.5049826414988,1504.895751953125,396200,0.0,0.0
2021-07-27 00:00:00+09:00,1519.3745664623677,1537.4731318758563,1495.8464314248324,1527.5189208984375,354900,0.0,0.0
2021-07-28 00:00:00+09:00,1565.5259920069873,1641.5399708096386,1541.9978557109284,1576.3851318359375,1932700,0.0,0.0
2021-07-29 00:00:00+09:00,1580.0047562744428,1587.2441824200303,1514.8499209641566,1532.948486328125,513600,0.0,0.0
2021-07-30 00:00:00+09:00,1513.040156622467,1551.9520745260354,1511.2302999757896,1518.4697265625,364400,0.0,0.0
2021-08-02 00:00:00+09:00,1538.3781193981927,1539.283047703721,1512.1351985378706,1530.2337646484375,254000,0.0,0.0
2021-08-03 00:00:00+09:00,1515.754921653054,1595.3886130593041,1515.754921653054,1592.673828125,322500,0.0,0.0
2021-08-04 00:00:00+09:00,1624.346348186871,1640.6350580851238,1600.8182116671726,1607.1527099609375,392200,0.0,0.0
2021-08-05 00:00:00+09:00,1594.4836599966736,1618.0117957287473,1561.9062412907258,1572.765380859375,222200,0.0,0.0
2021-08-06 00:00:00+09:00,1591.7689374374422,1614.3921457580427,1580.0048691107302,1596.2935791015625,294300,0.0,0.0
2021-08-10 00:00:00+09:00,1600.8182469542478,1637.9203092070031,1584.5295366969406,1637.015380859375,449600,0.0,0.0
2021-08-11 00:00:00+09:00,1627.9659805039812,1627.9659805039812,1599.0082754588852,1605.3427734375,253000,0.0,0.0
2021-08-12 00:00:00+09:00,1602.628065336655,1606.247778640634,1574.5752872308185,1586.33935546875,225800,0.0,0.0
2021-08-13 00:00:00+09:00,1573.6701856583024,1577.2898985637846,1535.6632001507414,1546.5223388671875,296200,0.0,0.0
2021-08-16 00:00:00+09:00,1536.568406614044,1541.0930485652043,1511.2304116875462,1529.3289794921875,235500,0.0,0.0
2021-08-17 00:00:00+09:00,1527.5189771297285,1542.9027582975043,1479.557777018428,1483.177490234375,328600,0.0,0.0
2021-08-18 00:00:00+09:00,1469.603635553728,1499.466271005251,1458.744495389538,1495.8465576171875,183400,0.0,0.0
2021-08-19 00:00:00+09:00,1475.0332293883773,1476.8430861115532,1418.9276709699236,1421.6424560546875,511700,0.0,0.0
2021-08-20 00:00:00+09:00,1407.1635173506525,1419.8325136483434,1348.3431773970883,1351.962890625,532600,0.0,0.0
2021-08-23 00:00:00+09:00,1376.3959915370979,1386.3502031787204,1344.7234999501165,1381.8255615234375,307800,0.0,0.0
2021-08-24 00:00:00+09:00,1389.9698610213316,1416.2127815744686,1378.2057931871666,1399.924072265625,210900,0.0,0.0
2021-08-25 00:00:00+09:00,1405.3535911619817,1408.9733042106927,1370.061388937051,1386.35009765625,164700,0.0,0.0
2021-08-26 00:00:00+09:00,1408.9734545498206,1412.5931679847592,1380.0157470703125,1380.0157470703125,138600,0.0,0.0
2021-08-27 00:00:00+09:00,1367.3466542762887,1381.8255070019145,1362.8220127995307,1373.68115234375,129000,0.0,0.0
2021-08-30 00:00:00+09:00,1388.1599171270373,1415.3077642677224,1388.1599171270373,1408.9732666015625,186600,0.0,0.0
2021-08-31 00:00:00+09:00,1433.406494140625,1442.45577756323,1414.4029989531546,1433.406494140625,220900,0.0,0.0
2021-09-01 00:00:00+09:00,1447.8852410874103,1535.6632838283347,1445.1704562603716,1516.6597900390625,778500,0.0,0.0
2021-09-02 00:00:00+09:00,1520.2796556122448,1552.8570768039358,1518.4697988793732,1551.9521484375,337000,0.0,0.0
2021-09-03 00:00:00+09:00,1541.9979364067055,1567.3359306669097,1533.8535811087827,1551.9521484375,308300,0.0,0.0
2021-09-06 00:00:00+09:00,1574.575128309927,1587.2441235951794,1559.1913483206922,1582.719482421875,224600,0.0,0.0
2021-09-07 00:00:00+09:00,1596.2934780802432,1613.4871153158015,1573.6702711913508,1595.3885498046875,231700,0.0,0.0
2021-09-08 00:00:00+09:00,1591.768861538756,1615.2969970703125,1583.624506931679,1615.2969970703125,203800,0.0,0.0
2021-09-09 00:00:00+09:00,1605.3426802731049,1618.0116754951023,1584.5293309798233,1593.57861328125,152700,0.0,0.0
2021-09-10 00:00:00+09:00,1592.6738640720857,1622.5364990234375,1576.3851540986213,1622.5364990234375,218600,0.0,0.0
2021-09-13 00:00:00+09:00,1612.5822946790834,1640.6350730938148,1607.1527246633289,1637.9202880859375,149500,0.0,0.0
2021-09-14 00:00:00+09:00,1644.2546402105766,1727.5080397149095,1644.2546402105766,1722.9833984375,487200,0.0,0.0
2021-09-15 00:00:00+09:00,1700.360233728477,1705.789803394454,1675.9271702315802,1694.9306640625,312100,0.0,0.0
2021-09-16 00:00:00+09:00,1690.4059843643852,1705.7897647360096,1654.20885407821,1665.0679931640625,229900,0.0,0.0
2021-09-17 00:00:00+09:00,1678.642061367315,1678.642061367315,1652.3991396532167,1664.1632080078125,153600,0.0,0.0
2021-09-21 00:00:00+09:00,1605.3428111982828,1629.7758754047957,1592.6738149430541,1608.9625244140625,235700,0.0,0.0
2021-09-22 00:00:00+09:00,1607.1525874713793,1607.1525874713793,1569.1456006055023,1580.90966796875,226700,0.0,0.0
2021-09-24 00:00:00+09:00,1628.8710774286212,1632.4907909340182,1609.8675815252873,1624.346435546875,217000,0.0,0.0
2021-09-27 00:00:00+09:00,1640.6350564972515,1666.877977974593,1628.870988248788,1633.3956298828125,211900,0.0,0.0
2021-09-28 00:00:00+09:00,1622.5365836333801,1622.5365836333801,1590.864090366694,1618.9168701171875,183500,0.0,0.0
2021-09-29 00:00:00+09:00,1583.3060311114486,1597.0024500657,1570.5227067541475,1596.08935546875,188900,16.0,0.0
2021-09-30 00:00:00+09:00,1597.0023768101162,1597.915471365182,1557.739310942286,1565.0440673828125,182800,0.0,0.0
2021-10-01 00:00:00+09:00,1541.3037191095711,1565.0441792380361,1520.3025428420829,1527.6072998046875,180000,0.0,0.0
2021-10-04 00:00:00+09:00,1555.9132859782355,1561.3918538866096,1451.8204957191283,1470.9954833984375,364200,0.0,0.0
2021-10-05 00:00:00+09:00,1442.6895751953125,1462.7776578879054,1399.7741258065912,1442.6895751953125,264900,0.0,0.0
2021-10-06 00:00:00+09:00,1472.8216093993829,1488.344217805948,1413.470459609575,1426.2537841796875,239600,0.0,0.0
2021-10-07 00:00:00+09:00,1442.6896807612206,1466.4301438623545,1431.7325439453125,1431.7325439453125,148200,0.0,0.0
2021-10-08 00:00:00+09:00,1468.2562258949763,1483.7788352483435,1433.558628516861,1442.6895751953125,254100,0.0,0.0
2021-10-11 00:00:00+09:00,1467.3431221238638,1481.95263671875,1440.863376920633,1481.95263671875,185700,0.0,0.0
2021-10-12 00:00:00+09:00,1474.6476964667293,1489.257209249062,1463.6905618799794,1475.560791015625,190000,0.0,0.0
2021-10-13 00:00:00+09:00,1475.5607967076244,1475.5607967076244,1442.6893928205734,1449.0810546875,241100,0.0,0.0
2021-10-14 00:00:00+09:00,1452.733685684204,1462.7777275085448,1445.4289279937743,1460.9515380859375,162100,0.0,0.0
2021-10-15 00:00:00+09:00,1502.953695805644,1561.3917495915257,1502.0406012152396,1558.6524658203125,351700,0.0,0.0
2021-10-18 00:00:00+09:00,1572.3488181240587,1591.5238037109375,1548.6083597783993,1591.5238037109375,316800,0.0,0.0
2021-10-19 00:00:00+09:00,1586.958409499249,1608.8726798260511,1575.088179738898,1596.08935546875,337300,0.0,0.0
2021-10-20 00:00:00+09:00,1616.1774437922666,1636.2655250145433,1566.8703353375872,1569.609619140625,424300,0.0,0.0
2021-10-21 00:00:00+09:00,1591.523757082917,1600.6547023329624,1548.6083144077033,1570.5225830078125,619800,0.0,0.0
2021-10-22 00:00:00+09:00,1441.7762537038825,1478.300034671682,1401.600094639303,1440.8631591796875,1819400,0.0,0.0
2021-10-25 00:00:00+09:00,1433.5585575751163,1434.4716521977757,1391.556204932788,1398.8609619140625,797900,0.0,0.0
2021-10-26 00:00:00+09:00,1399.7741176517675,1414.3836322521772,1374.2074671010503,1392.4693603515625,688700,0.0,0.0
2021-10-27 00:00:00+09:00,1412.5574252485214,1417.1228985040111,1365.9895980425263,1394.2955322265625,674300,0.0,0.0
2021-10-28 00:00:00+09:00,1387.9039634146343,1431.732509627728,1384.251584563543,1422.6015625,812200,0.0,0.0
2021-10-29 00:00:00+09:00,1432.6454451858142,1437.210918242493,1395.2085661210479,1400.6871337890625,338300,0.0,0.0
2021-11-01 00:00:00+09:00,1415.2968047978177,1422.6015625,1403.4265735317715,1422.6015625,296200,0.0,0.0
2021-11-02 00:00:00+09:00,1426.2538625486736,1451.8205130937204,1423.5145785617044,1443.6026611328125,333500,0.0,0.0
2021-11-04 00:00:00+09:00,1461.8645711636325,1495.6490740574827,1454.5598137811783,1492.9097900390625,354700,0.0,0.0
2021-11-05 00:00:00+09:00,1492.9096574925666,1506.606076368645,1447.254927905638,1468.256103515625,300000,0.0,0.0
2021-11-08 00:00:00+09:00,1474.647656574902,1481.9524127684617,1428.9929303651527,1440.8631591796875,349200,0.0,0.0
2021-11-09 00:00:00+09:00,1450.9071386872783,1477.3868787891859,1445.4285717696423,1447.2547607421875,262600,0.0,0.0
2021-11-10 00:00:00+09:00,1447.254859999855,1482.8655474067914,1442.689387255376,1475.560791015625,288800,0.0,0.0
2021-11-11 00:00:00+09:00,1469.1691981073636,1479.2132386164878,1461.864441373455,1468.256103515625,154100,0.0,0.0
2021-11-12 00:00:00+09:00,1469.1693113742983,1504.7800031975412,1469.1693113742983,1494.7359619140625,316500,0.0,0.0
2021-11-15 00:00:00+09:00,1512.9977848505177,1515.7370687096316,1483.7787570199705,1502.0406494140625,186100,0.0,0.0
2021-11-16 00:00:00+09:00,1504.780064343826,1517.5633901331546,1498.3884014491618,1501.127685546875,171700,0.0,0.0
2021-11-17 00:00:00+09:00,1512.084682087726,1523.0418174651732,1495.6489790215549,1515.737060546875,178200,0.0,0.0
2021-11-18 00:00:00+09:00,1515.7369643345464,1523.0417207891708,1497.4750731979857,1512.9976806640625,125500,0.0,0.0
2021-11-19 00:00:00+09:00,1516.650121386486,1542.2167700311709,1508.4322700364087,1532.1727294921875,216400,0.0,0.0
2021-11-22 00:00:00+09:00,1532.1727121988931,1543.129847208659,1524.867955525716,1533.9989013671875,153400,0.0,0.0
2021-11-24 00:00:00+09:00,1533.998996884441,1538.5644700894543,1502.9537790903512,1511.171630859375,145100,0.0,0.0
2021-11-25 00:00:00+09:00,1523.95490336088,1535.825133285201,1514.8239572652487,1516.650146484375,97600,0.0,0.0
2021-11-26 00:00:00+09:00,1520.3024416785258,1520.3024416785258,1457.2989170684248,1473.734619140625,184800,0.0,0.0
2021-11-29 00:00:00+09:00,1437.2107315410042,1455.4726213954007,1405.2524242958104,1407.07861328125,230200,0.0,0.0
2021-11-30 00:00:00+09:00,1440.8633324716607,1445.4288056417229,1397.0347900390625,1397.0347900390625,202100,0.0,0.0
2021-12-01 00:00:00+09:00,1415.296797500102,1415.296797500102,1370.5551568049375,1397.947998046875,228800,0.0,0.0
2021-12-02 00:00:00+09:00,1377.8598199015512,1420.7752682351315,1375.1205359653652,1395.2086181640625,220600,0.0,0.0
2021-12-03 00:00:00+09:00,1395.208584359976,1424.4276123046875,1382.4252596341646,1424.4276123046875,140900,0.0,0.0
2021-12-06 00:00:00+09:00,1413.4703886870743,1425.3406180494335,1406.165632156392,1407.9918212890625,108400,0.0,0.0
2021-12-07 00:00:00+09:00,1428.0800176624061,1460.9514247185741,1420.7752605388134,1460.038330078125,152300,0.0,0.0
2021-12-08 00:00:00+09:00,1481.9525667378102,1488.344229071245,1461.8644851184438,1476.4739990234375,140400,0.0,0.0
2021-12-09 00:00:00+09:00,1460.9514421571698,1475.5609565787415,1457.2990635517767,1458.212158203125,133600,0.0,0.0
2021-12-10 00:00:00+09:00,1449.081141382966,1454.5597090252456,1436.2978168843135,1439.9501953125,83600,0.0,0.0
2021-12-13 00:00:00+09:00,1440.8633159942822,1453.6466407242694,1431.7323697585769,1437.2109375,95500,0.0,0.0
2021-12-14 00:00:00+09:00,1424.4274577441777,1440.8631591796875,1419.8619851232029,1440.8631591796875,139300,0.0,0.0
2021-12-15 00:00:00+09:00,1428.080060358179,1467.3431310713515,1428.080060358179,1455.472900390625,87100,0.0,0.0
2021-12-16 00:00:00+09:00,1480.1263341186373,1493.8227530031404,1470.082293603335,1481.0394287109375,151100,0.0,0.0
2021-12-17 00:00:00+09:00,1472.8215130503702,1473.7346076027884,1441.7762982681554,1449.0810546875,186600,0.0,0.0
2021-12-20 00:00:00+09:00,1426.253827211668,1433.5585843292695,1392.469325542762,1396.1217041015625,162700,0.0,0.0
2021-12-21 00:00:00+09:00,1397.9476683540518,1415.2964637157284,1383.3381564705346,1407.07861328125,205200,0.0,0.0
2021-12-22 00:00:00+09:00,1415.2966488338768,1432.6454464647436,1411.6442703852733,1426.2537841796875,113600,0.0,0.0
2021-12-23 00:00:00+09:00,1439.9502046021275,1451.8204345703125,1436.2978261503783,1451.8204345703125,80300,0.0,0.0
2021-12-24 00:00:00+09:00,1460.9514077012384,1477.3871110378773,1457.2990291819851,1474.6478271484375,158100,0.0,0.0
2021-12-27 00:00:00+09:00,1470.9954833984375,1478.300240609603,1452.7335903705239,1470.9954833984375,97400,0.0,0.0
2021-12-28 00:00:00+09:00,1494.7358563356674,1494.7358563356674,1472.8215859923223,1480.1263427734375,104400,0.0,0.0
2021-12-29 00:00:00+09:00,1474.647766564836,1484.6918070801382,1468.2561044187346,1481.0394287109375,101900,0.0,0.0
2021-12-30 00:00:00+09:00,1474.6478445546197,1482.8656963199396,1465.5168981487088,1472.8216552734375,74400,0.0,0.0
2022-01-04 00:00:00+09:00,1492.9097026962945,1495.6489865544527,1475.5609049279583,1489.25732421875,165600,0.0,0.0
2022-01-05 00:00:00+09:00,1489.2573329059624,1492.909711404812,1476.4740081599884,1488.34423828125,148100,0.0,0.0
2022-01-06 00:00:00+09:00,1470.08222372225,1491.9964928957495,1466.429845526667,1475.560791015625,166700,0.0,0.0
2022-01-07 00:00:00+09:00,1476.4740424126348,1491.083556746959,1447.2550137439866,1459.125244140625,218900,0.0,0.0
2022-01-11 00:00:00+09:00,1436.2977440488548,1441.7763114133131,1401.600150740618,1408.9049072265625,262700,0.0,0.0
2022-01-12 00:00:00+09:00,1421.688245901103,1472.821541835889,1421.688245901103,1471.908447265625,164100,0.0,0.0
2022-01-13 00:00:00+09:00,1460.9513640255293,1484.6918236909441,1460.9513640255293,1466.429931640625,114200,0.0,0.0
2022-01-14 00:00:00+09:00,1451.8204602570725,1455.4728387734424,1425.34071601339,1436.2978515625,156500,0.0,0.0
2022-01-17 00:00:00+09:00,1452.733510283253,1455.472794086427,1418.0359154430496,1428.0799560546875,136600,0.0,0.0
2022-01-18 00:00:00+09:00,1432.6454546286664,1438.1240223327914,1403.4264268733334,1412.557373046875,137200,0.0,0.0
2022-01-19 00:00:00+09:00,1376.9465292440877,1398.8607976140202,1349.5536937816723,1351.3798828125,253400,0.0,0.0
2022-01-20 00:00:00+09:00,1334.0311325591006,1377.8596707951285,1334.0311325591006,1372.381103515625,226900,0.0,0.0
2022-01-21 00:00:00+09:00,1331.2919744594462,1331.2919744594462,1302.986040846111,1320.3348388671875,267800,0.0,0.0
2022-01-24 00:00:00+09:00,1292.942042525773,1339.5098703286083,1267.375391967354,1328.552734375,396000,0.0,0.0
2022-01-25 00:00:00+09:00,1301.1599490225876,1311.203990734341,1240.8956987520678,1259.1575927734375,369500,0.0,0.0
2022-01-26 00:00:00+09:00,1250.9396105780118,1279.2455433721127,1236.3300968778306,1260.070556640625,247000,0.0,0.0
2022-01-27 00:00:00+09:00,1284.7242450420672,1302.986139072516,1236.3302258613783,1246.374267578125,479700,0.0,0.0
2022-01-28 00:00:00+09:00,1260.0706263950892,1288.3765607561384,1246.3742065429688,1278.33251953125,437700,0.0,0.0
2022-01-31 00:00:00+09:00,1296.594395518633,1351.380074202519,1289.2896383607817,1318.5086669921875,425300,0.0,0.0
2022-02-01 00:00:00+09:00,1339.5098169064572,1350.4669524230744,1300.246747971912,1308.464599609375,352500,0.0,0.0
2022-02-02 00:00:00+09:00,1321.2479684012276,1328.552725655692,1298.4206019810267,1316.6824951171875,217300,0.0,0.0
2022-02-03 00:00:00+09:00,1340.422727309362,1368.728656837012,1327.639404296875,1327.639404296875,313000,0.0,0.0
2022-02-04 00:00:00+09:00,1334.0311649206913,1363.2501911201862,1329.46569207702,1355.9454345703125,208600,0.0,0.0
2022-02-07 00:00:00+09:00,1343.1620630085138,1343.1620630085138,1307.5513760898652,1322.160888671875,194600,0.0,0.0
2022-02-08 00:00:00+09:00,1326.726518963263,1343.1622225705162,1322.1610457390261,1331.2919921875,216800,0.0,0.0
2022-02-09 00:00:00+09:00,1342.2491624844786,1379.6860438871067,1342.2491624844786,1378.77294921875,228700,0.0,0.0
2022-02-10 00:00:00+09:00,1393.3823660807727,1402.5133121232418,1358.6847711193905,1363.250244140625,157500,0.0,0.0
2022-02-14 00:00:00+09:00,1324.9002328908418,1333.1180840941622,1313.9430979530816,1315.769287109375,166700,0.0,0.0
2022-02-15 00:00:00+09:00,1333.1182423874786,1349.5539467456804,1327.6396742680781,1337.6837158203125,201800,0.0,0.0
2022-02-16 00:00:00+09:00,1378.7728802155577,1399.774056536722,1370.5550286116238,1398.8609619140625,173900,0.0,0.0
2022-02-17 00:00:00+09:00,1391.556157336401,1392.469251927829,1330.3788197107192,1339.509765625,224100,0.0,0.0
2022-02-18 00:00:00+09:00,1320.33479554106,1341.3359714037463,1310.2907549110796,1324.9002685546875,148000,0.0,0.0
2022-02-21 00:00:00+09:00,1301.1597629315108,1302.9859520724672,1276.506209528598,1291.11572265625,216400,0.0,0.0
2022-02-22 00:00:00+09:00,1269.2014784782514,1298.4205053209162,1260.983627178752,1288.37646484375,197500,0.0,0.0
2022-02-24 00:00:00+09:00,1264.6360996791295,1284.7241821289062,1242.7218279157366,1265.5491943359375,274200,0.0,0.0
2022-02-25 00:00:00+09:00,1276.5063730482475,1303.8992136716004,1273.7670889859123,1299.333740234375,117100,0.0,0.0
2022-02-28 00:00:00+09:00,1313.0299072265625,1321.2477578281196,1293.854922489596,1313.0299072265625,179400,0.0,0.0
2022-03-01 00:00:00+09:00,1331.2919300055455,1334.9443084143397,1307.551470348382,1312.116943359375,122100,0.0,0.0
2022-03-02 00:00:00+09:00,1289.2895672205184,1301.159796947053,1272.85386452224,1274.6800537109375,123900,0.0,0.0
2022-03-03 00:00:00+09:00,1296.594501742356,1300.2468806205036,1269.20166015625,1269.20166015625,99200,0.0,0.0
2022-03-04 00:00:00+09:00,1257.3312350641243,1257.3312350641243,1221.7205464893234,1225.3729248046875,173600,0.0,0.0
2022-03-07 00:00:00+09:00,1188.849234161256,1197.0670860102969,1145.020690966371,1151.412353515625,347500,0.0,0.0
2022-03-08 00:00:00+09:00,1127.6719099055647,1162.3695071334282,1119.4540579305444,1124.01953125,296900,0.0,0.0
2022-03-09 00:00:00+09:00,1139.5420795477237,1173.3265803035456,1114.888524942124,1143.1944580078125,236900,0.0,0.0
2022-03-10 00:00:00+09:00,1188.8491905247777,1190.6753797575348,1168.7611089644513,1181.54443359375,172800,0.0,0.0
2022-03-11 00:00:00+09:00,1154.1515049078525,1155.9776939978967,1124.9324794671475,1139.5419921875,192300,0.0,0.0
2022-03-14 00:00:00+09:00,1148.672854057648,1173.3264049793938,1148.672854057648,1161.4561767578125,173200,0.0,0.0
2022-03-15 00:00:00+09:00,1158.7171453216197,1184.2837962822227,1155.064766612962,1173.32666015625,155800,0.0,0.0
2022-03-16 00:00:00+09:00,1187.0229247490745,1208.9371941290574,1176.0657900590832,1202.5455322265625,184400,0.0,0.0
2022-03-17 00:00:00+09:00,1230.851545138889,1248.2003428819444,1221.7205989583333,1232.677734375,247000,0.0,0.0
2022-03-18 00:00:00+09:00,1232.677709192975,1250.0265065816168,1220.8074794007464,1248.2003173828125,223300,0.0,0.0
2022-03-22 00:00:00+09:00,1269.2016261981837,1271.0278155883968,1242.721880040092,1247.287353515625,139900,0.0,0.0
2022-03-23 00:00:00+09:00,1256.4181023921954,1281.9847498245947,1256.4181023921954,1281.0716552734375,129000,0.0,0.0
2022-03-24 00:00:00+09:00,1260.9836786228473,1295.6812744140625,1258.2443947445936,1295.6812744140625,165700,0.0,0.0
2022-03-25 00:00:00+09:00,1311.2038834885293,1316.682451246838,1295.6812748399882,1308.464599609375,189200,0.0,0.0
2022-03-28 00:00:00+09:00,1313.0301076289202,1313.0301076289202,1283.8110788082488,1292.0289306640625,150600,0.0,0.0
2022-03-29 00:00:00+09:00,1297.5075073242188,1323.9872523716517,1293.8551286969866,1316.6824951171875,188800,0.0,0.0
2022-03-30 00:00:00+09:00,1339.8308988961066,1342.6087100202867,1322.238095109634,1340.7568359375,176200,20.0,0.0
2022-03-31 00:00:00+09:00,1320.3861045757762,1339.830780730118,1318.5342306563152,1330.5714111328125,128200,0.0,0.0
2022-04-01 00:00:00+09:00,1316.682440443442,1323.1639995736134,1300.0155741087146,1314.83056640625,159500,0.0,0.0
2022-04-04 00:00:00+09:00,1314.830625927423,1314.830625927423,1292.6081364751285,1306.4971923828125,69900,0.0,0.0
2022-04-05 00:00:00+09:00,1323.1639912275245,1332.4233613550791,1306.4971249979267,1308.3489990234375,65200,0.0,0.0
2022-04-06 00:00:00+09:00,1283.3486877845614,1287.9783728054292,1258.348388671875,1258.348388671875,170000,0.0,0.0
2022-04-07 00:00:00+09:00,1238.9037504297469,1239.829687462953,1209.273765367152,1220.385009765625,121200,0.0,0.0
2022-04-08 00:00:00+09:00,1235.1999682006374,1240.7555902465172,1211.1256060018243,1221.3109130859375,127200,0.0,0.0
2022-04-11 00:00:00+09:00,1208.3478376600478,1214.8293969425154,1192.6069079740548,1200.014404296875,80500,0.0,0.0
2022-04-12 00:00:00+09:00,1188.903130847225,1205.569997167513,1186.1253197938436,1190.7550048828125,95100,0.0,0.0
2022-04-13 00:00:00+09:00,1199.0884249024177,1222.236850093584,1194.4587398641845,1221.3109130859375,123500,0.0,0.0
2022-04-14 00:00:00+09:00,1226.8666343263533,1249.0891243066044,1220.3850747487802,1245.3853759765625,114400,0.0,0.0
2022-04-15 00:00:00+09:00,1226.8665098119877,1233.3480687317492,1214.8293289610024,1228.7183837890625,78300,0.0,0.0
2022-04-18 00:00:00+09:00,1216.681118739603,1221.3108033619,1198.162380250416,1217.6070556640625,178200,0.0,0.0
2022-04-19 00:00:00+09:00,1229.6442964167888,1270.385523105297,1226.8664855062086,1262.97802734375,225300,0.0,0.0
2022-04-20 00:00:00+09:00,1286.1264772668349,1286.1264772668349,1252.792745674606,1255.570556640625,227900,0.0,0.0
2022-04-21 00:00:00+09:00,1255.57061828876,1298.1637218590276,1254.6446812546237,1290.7562255859375,191000,0.0,0.0
2022-04-22 00:00:00+09:00,1273.1635066678582,1281.4969405296843,1248.1632050823803,1275.015380859375,308400,0.0,0.0
2022-04-25 00:00:00+09:00,1199.0883807611535,1315.7564394298063,1189.8290110255462,1279.6448974609375,836200,0.0,0.0
2022-04-26 00:00:00+09:00,1273.163425348298,1331.4974586551655,1262.0521809088948,1307.423095703125,393900,0.0,0.0
2022-04-27 00:00:00+09:00,1281.4968715780828,1378.7202614015646,1274.0893752105794,1374.090576171875,750800,0.0,0.0
2022-04-28 00:00:00+09:00,1401.8686102505387,1424.091098127694,1350.0161385371766,1423.1651611328125,622100,0.0,0.0
2022-05-02 00:00:00+09:00,1400.942757054379,1421.313372160259,1378.7202678479646,1407.42431640625,391300,0.0,0.0
2022-05-06 00:00:00+09:00,1386.1277657845405,1475.0177227085992,1383.3499546306637,1450.943359375,415700,0.0,0.0
2022-05-09 00:00:00+09:00,1476.8696470622776,1517.610878705375,1459.276842489122,1462.9805908203125,524200,0.0,0.0
2022-05-10 00:00:00+09:00,1451.8691088469961,1492.6103338401517,1440.7578656670448,1479.647216796875,387600,0.0,0.0
2022-05-11 00:00:00+09:00,1464.832398797187,1475.0177062477362,1433.3505394045799,1437.980224609375,334200,0.0,0.0
2022-05-12 00:00:00+09:00,1412.0538431738219,1454.6469427056225,1398.1647889786695,1445.3875732421875,196900,0.0,0.0
2022-05-13 00:00:00+09:00,1454.646981923567,1494.4622716897752,1450.017297067031,1487.980712890625,324800,0.0,0.0
2022-05-16 00:00:00+09:00,1504.6475657315673,1506.4994396586214,1468.5360241540095,1491.6844482421875,271500,0.0,0.0
2022-05-17 00:00:00+09:00,1504.6477259230555,1512.0552224199075,1473.1658658114347,1507.425537109375,244000,0.0,0.0
2022-05-18 00:00:00+09:00,1516.6849855437993,1542.611224612924,1509.2774886669065,1528.72216796875,392700,0.0,0.0
2022-05-19 00:00:00+09:00,1491.6845973899146,1537.0555131392045,1488.906786221591,1527.796142578125,221200,0.0,0.0
2022-05-20 00:00:00+09:00,1526.8701375930668,1558.3519961001405,1517.6107674439277,1556.5001220703125,360700,0.0,0.0
2022-05-23 00:00:00+09:00,1569.4631978049206,1578.7225677034746,1547.2407100483908,1550.9444580078125,226800,0.0,0.0
2022-05-24 00:00:00+09:00,1550.0187051732298,1566.6855729707913,1538.9074599748553,1559.278076171875,222800,0.0,0.0
2022-05-25 00:00:00+09:00,1562.98168117471,1577.7966734133329,1551.870436995743,1556.5001220703125,263900,0.0,0.0
2022-05-26 00:00:00+09:00,1546.314938893907,1553.7224356071713,1519.4627633083242,1529.6480712890625,203000,0.0,0.0
2022-05-27 00:00:00+09:00,1548.1667846173773,1568.537400204448,1539.833350968121,1563.90771484375,186200,0.0,0.0
2022-05-30 00:00:00+09:00,1578.7227783203125,1582.42652677385,1565.7596587329315,1578.7227783203125,245600,0.0,0.0
2022-05-31 00:00:00+09:00,1581.5005896604655,1594.4637092478463,1561.12997316601,1578.7227783203125,198400,0.0,0.0
2022-06-01 00:00:00+09:00,1578.7225140814558,1602.796875,1560.203774913345,1602.796875,181500,0.0,0.0
2022-06-02 00:00:00+09:00,1602.7970260278307,1629.6492003518094,1598.1673407995586,1612.056396484375,191700,0.0,0.0
2022-06-03 00:00:00+09:00,1629.6491874104584,1629.6491874104584,1603.7229503380192,1615.7601318359375,139700,0.0,0.0
2022-06-06 00:00:00+09:00,1603.7228957062111,1653.7234940711853,1592.6116516251059,1640.7603759765625,213700,0.0,0.0
2022-06-07 00:00:00+09:00,1648.1678756034394,1693.5387890329723,1638.9085055157796,1684.2794189453125,222400,0.0,0.0
2022-06-08 00:00:00+09:00,1677.7978725464875,1690.7609907670455,1661.1310062629132,1680.57568359375,225200,0.0,0.0
2022-06-09 00:00:00+09:00,1675.9461438609208,1678.7239551490882,1650.0199051713596,1656.50146484375,203300,0.0,0.0
2022-06-10 00:00:00+09:00,1638.9086182765698,1638.9086182765698,1603.7230095226093,1607.4267578125,189600,0.0,0.0
2022-06-13 00:00:00+09:00,1561.1298490930183,1580.5745269286965,1556.5001638940473,1562.0557861328125,294600,0.0,0.0
2022-06-14 00:00:00+09:00,1527.796111090023,1572.2410888671875,1520.388614793829,1572.2410888671875,240200,0.0,0.0
2022-06-15 00:00:00+09:00,1566.685498934659,1579.6486177201705,1525.944268465909,1527.796142578125,176500,0.0,0.0
2022-06-16 00:00:00+09:00,1561.1298748150405,1599.0932940721086,1552.7964413195866,1554.6483154296875,146500,0.0,0.0
2022-06-17 00:00:00+09:00,1501.8699050071023,1534.2777019708806,1500.0180308948864,1527.796142578125,155800,0.0,0.0
2022-06-20 00:00:00+09:00,1521.314530436198,1525.9442155562108,1462.0545609000344,1472.2398681640625,146000,0.0,0.0
2022-06-21 00:00:00+09:00,1495.3882593225549,1509.2773143627026,1463.9064012315537,1500.0179443359375,186800,0.0,0.0
2022-06-22 00:00:00+09:00,1517.610734610722,1525.9441675646551,1473.1657588564117,1476.8695068359375,181900,0.0,0.0
2022-06-23 00:00:00+09:00,1471.3139274150665,1480.5732976316497,1443.535816765317,1455.572998046875,172400,0.0,0.0
2022-06-24 00:00:00+09:00,1462.9804023728468,1493.5363221692419,1438.9060413211419,1491.6844482421875,245700,0.0,0.0
2022-06-27 00:00:00+09:00,1517.6107554412695,1536.1294955930848,1509.2773223729525,1533.3516845703125,212200,0.0,0.0
2022-06-28 00:00:00+09:00,1534.2777285352836,1563.90771484375,1527.7961690303064,1563.90771484375,142400,0.0,0.0
2022-06-29 00:00:00+09:00,1531.4998764065285,1560.2039248760584,1529.6480023117201,1558.35205078125,158100,0.0,0.0
2022-06-30 00:00:00+09:00,1550.9445841546847,1550.9445841546847,1495.388360244666,1497.240234375,235800,0.0,0.0
2022-07-01 00:00:00+09:00,1489.8328196337766,1495.3884423297386,1433.3506555581641,1448.1656494140625,244300,0.0,0.0
2022-07-04 00:00:00+09:00,1460.2026831551666,1465.7583052851166,1443.535816765317,1455.572998046875,148800,0.0,0.0
2022-07-05 00:00:00+09:00,1442.6099178998898,1461.1286588228666,1439.8321067614431,1444.4617919921875,222600,0.0,0.0
2022-07-06 00:00:00+09:00,1444.4618517287233,1454.6471596575798,1427.7949842087767,1436.12841796875,177000,0.0,0.0
2022-07-07 00:00:00+09:00,1453.7209562447983,1464.8321992224655,1438.9059656079087,1460.2025146484375,168000,0.0,0.0
2022-07-08 00:00:00+09:00,1479.6473220671066,1497.2401250203452,1466.6842041015625,1466.6842041015625,181200,0.0,0.0
2022-07-11 00:00:00+09:00,1496.3143023233188,1497.2402393915881,1474.0918126848537,1487.054931640625,140100,0.0,0.0
2022-07-12 00:00:00+09:00,1477.7954523725566,1480.5732633732569,1450.0173423655535,1456.4989013671875,92600,0.0,0.0
2022-07-13 00:00:00+09:00,1465.7584381390157,1482.4253060395224,1461.128752611097,1478.7215576171875,109500,0.0,0.0
2022-07-14 00:00:00+09:00,1465.7582132634282,1497.2400700233502,1463.906339336374,1491.6844482421875,102800,0.0,0.0
2022-07-15 00:00:00+09:00,1512.9810157752404,1514.8328897235576,1487.9807174729567,1504.6475830078125,130200,0.0,0.0
2022-07-19 00:00:00+09:00,1516.6849009561881,1546.3148868112542,1509.2774044924217,1544.4630126953125,142400,0.0,0.0
2022-07-20 00:00:00+09:00,1573.1671556400063,1591.6858979076933,1566.685595846316,1578.7227783203125,193100,0.0,0.0
2022-07-21 00:00:00+09:00,1575.0189033988472,1594.4635812185861,1572.2410922817417,1588.907958984375,107500,0.0,0.0
2022-07-22 00:00:00+09:00,1597.2413577574634,1625.9454053461484,1596.3154207384737,1616.68603515625,179700,0.0,0.0
2022-07-25 00:00:00+09:00,1601.8709408553093,1615.759995255789,1545.388786293359,1565.7593994140625,436500,0.0,0.0
2022-07-26 00:00:00+09:00,1862.0594147611255,1869.4669111898122,1768.5397723489557,1792.6141357421875,2571800,0.0,0.0
2022-07-27 00:00:00+09:00,1792.6140220905172,1921.319264379041,1771.3174712082437,1906.5042724609375,2340400,0.0,0.0
2022-07-28 00:00:00+09:00,1947.2456542614752,1961.1347102833117,1865.7631922667013,1915.7637939453125,1363200,0.0,0.0
2022-07-29 00:00:00+09:00,1946.3197002580948,2005.5796721022994,1946.3197002580948,1973.171875,1093700,0.0,0.0
2022-08-01 00:00:00+09:00,1953.7272246177695,1962.9865953505553,1912.0600563202343,1938.9122314453125,653700,0.0,0.0
2022-08-02 00:00:00+09:00,1907.430255893607,1929.652744311785,1896.319011684518,1901.8746337890625,440800,0.0,0.0
2022-08-03 00:00:00+09:00,1916.6897083364408,1952.801253565968,1911.1340859934367,1939.838134765625,459900,0.0,0.0
2022-08-04 00:00:00+09:00,1939.8380673562679,1962.9864929810444,1924.0971379314199,1941.68994140625,348400,0.0,0.0
2022-08-05 00:00:00+09:00,1915.7635596630976,1962.0604074074934,1910.2079379337702,1949.0972900390625,295600,0.0,0.0
2022-08-08 00:00:00+09:00,1934.282432530733,1950.9492988713523,1916.689629171191,1945.3936767578125,256100,0.0,0.0
2022-08-09 00:00:00+09:00,1980.5792738903854,2031.5058096846683,1977.8014628470607,1992.616455078125,546100,0.0,0.0
2022-08-10 00:00:00+09:00,1972.245718856718,1981.5050884288153,1937.9860514399581,1965.76416015625,349900,0.0,0.0
2022-08-12 00:00:00+09:00,1999.0981960348886,2034.2838057844606,1983.3572653574486,2027.80224609375,313600,0.0,0.0
2022-08-15 00:00:00+09:00,2039.8390548957984,2082.4321536362463,2034.2834333209573,2075.024658203125,315500,0.0,0.0
2022-08-16 00:00:00+09:00,2070.39541015625,2092.6179011418267,2027.802302433894,2046.321044921875,408000,0.0,0.0
2022-08-17 00:00:00+09:00,2075.024869468058,2075.024869468058,2037.9873885315465,2049.0986328125,229700,0.0,0.0
2022-08-18 00:00:00+09:00,2028.7281420191093,2111.136542128512,2019.4687712203001,2109.28466796875,324000,0.0,0.0
2022-08-19 00:00:00+09:00,2125.9513850479348,2227.804456631242,2101.877022673699,2197.24853515625,802200,0.0,0.0
2022-08-22 00:00:00+09:00,2140.766560060711,2179.6559179856895,2114.840321444059,2135.2109375,715900,0.0,0.0
2022-08-23 00:00:00+09:00,2093.5433619212517,2127.803027728897,2088.913677352651,2112.988037109375,245000,0.0,0.0
2022-08-24 00:00:00+09:00,2120.3961395567394,2151.8780036374947,2103.729270337516,2139.8408203125,231600,0.0,0.0
2022-08-25 00:00:00+09:00,2139.840362055352,2192.6187699468087,2138.9144250748004,2175.951904296875,247700,0.0,0.0
2022-08-26 00:00:00+09:00,2185.211619290736,2187.0634935443722,2148.174134218012,2156.507568359375,228800,0.0,0.0
2022-08-29 00:00:00+09:00,2097.2474962599736,2141.692476313165,2093.5437479222073,2132.43310546875,241100,0.0,0.0
2022-08-30 00:00:00+09:00,2150.0255467115585,2214.84113166841,2148.1736728556484,2212.9892578125,317800,0.0,0.0
2022-08-31 00:00:00+09:00,2188.915190030671,2205.5820569598386,2169.470511946642,2198.174560546875,365900,0.0,0.0
2022-09-01 00:00:00+09:00,2179.6555599923863,2205.581794350834,2158.3590103408037,2185.211181640625,319600,0.0,0.0
2022-09-02 00:00:00+09:00,2171.322134783168,2182.4333781168134,2133.3587200598804,2164.840576171875,363200,0.0,0.0
2022-09-05 00:00:00+09:00,2152.80361321881,2181.507661395061,2135.210809497882,2172.248291015625,240700,0.0,0.0
2022-09-06 00:00:00+09:00,2185.21145767902,2279.657037629554,2179.655835328989,2211.1376953125,343200,0.0,0.0
2022-09-07 00:00:00+09:00,2194.470640752571,2240.7674897135953,2167.6184683551764,2239.841552734375,380900,0.0,0.0
2022-09-08 00:00:00+09:00,2253.730637205045,2287.990305888934,2231.5081494100896,2275.953125,319100,0.0,0.0
2022-09-09 00:00:00+09:00,2266.693801276498,2306.5090927204888,2266.693801276498,2271.323486328125,274600,0.0,0.0
2022-09-12 00:00:00+09:00,2302.805492453548,2325.9539191971503,2286.1386251981544,2290.768310546875,260500,0.0,0.0
2022-09-13 00:00:00+09:00,2314.8423848700872,2314.8423848700872,2261.1380415411013,2285.21240234375,299200,0.0,0.0
2022-09-14 00:00:00+09:00,2212.063493030336,2294.471886031466,2206.5078710302596,2278.73095703125,257000,0.0,0.0
2022-09-15 00:00:00+09:00,2262.0641282938295,2295.3978608433904,2251.878821125908,2294.471923828125,348900,0.0,0.0
2022-09-16 00:00:00+09:00,2273.1755969416104,2308.3612069961036,2145.396276217398,2161.13720703125,1064300,0.0,0.0
2022-09-20 00:00:00+09:00,2207.433957987982,2262.0642446999327,2204.6561467992387,2234.2861328125,403600,0.0,0.0
2022-09-21 00:00:00+09:00,2204.6559333278706,2224.100609766294,2146.3219040126014,2162.98876953125,330800,0.0,0.0
2022-09-22 00:00:00+09:00,2131.5071985551144,2215.7674744319675,2118.544079189445,2201.87841796875,278200,0.0,0.0
2022-09-26 00:00:00+09:00,2155.581457966064,2169.470513751928,2095.395549560654,2100.951171875,396100,0.0,0.0
2022-09-27 00:00:00+09:00,2116.6921336763985,2141.6924344678523,2102.8030776811465,2126.87744140625,268400,0.0,0.0
2022-09-28 00:00:00+09:00,2141.6922819323554,2170.396328944851,2088.9138729093793,2117.617919921875,323300,0.0,0.0
2022-09-29 00:00:00+09:00,2200.00118656895,2200.00118656895,2097.958578340858,2109.192626953125,348600,25.0,0.0
2022-09-30 00:00:00+09:00,2078.298662042942,2095.1497322757227,2036.1709864609907,2064.256103515625,437000,0.0,0.0
2022-10-03 00:00:00+09:00,2042.7245059972122,2112.0011391061917,2030.5542866672563,2109.192626953125,309900,0.0,0.0
2022-10-04 00:00:00+09:00,2160.681829746526,2179.4052424826314,2129.788198731953,2156.0009765625,288800,0.0,0.0
2022-10-05 00:00:00+09:00,2179.405161359084,2196.2562321943346,2156.000896310125,2161.617919921875,285400,0.0,0.0
2022-10-06 00:00:00+09:00,2191.5756578457554,2224.3416330805276,2178.4692677518465,2210.299072265625,245800,0.0,0.0
2022-10-07 00:00:00+09:00,2214.0434854388436,2246.8094566821246,2173.7881493399555,2220.5966796875,233600,0.0,0.0
2022-10-11 00:00:00+09:00,2193.447851864574,2195.32019318072,2111.0648339541676,2118.55419921875,316400,0.0,0.0
2022-10-12 00:00:00+09:00,2087.660311612216,2097.9581875887784,2036.1709317294035,2059.5751953125,439300,0.0,0.0
2022-10-13 00:00:00+09:00,2055.830698962161,2068.937087753359,2036.1711157753646,2038.04345703125,209300,0.0,0.0
2022-10-14 00:00:00+09:00,2100.7668489410644,2133.5328202926407,2084.8519485702986,2117.617919921875,248700,0.0,0.0
2022-10-17 00:00:00+09:00,2094.213894821956,2115.7458213221366,2082.9798462131657,2100.76708984375,247200,0.0,0.0
2022-10-18 00:00:00+09:00,2125.10747745868,2138.2138671875,2078.298942712894,2138.2138671875,303400,0.0,0.0
2022-10-19 00:00:00+09:00,2137.277529772193,2145.7030653691922,2095.1498517871955,2115.74560546875,209400,0.0,0.0
2022-10-20 00:00:00+09:00,2097.0220774291497,2104.5114419913966,2073.617813172128,2081.107177734375,259500,0.0,0.0
2022-10-21 00:00:00+09:00,2095.1501458245357,2117.6182439030827,2075.490560005807,2078.299072265625,298100,0.0,0.0
2022-10-24 00:00:00+09:00,2106.383983004987,2190.6393423251866,2088.596740481834,2135.4052734375,712700,0.0,0.0
2022-10-25 00:00:00+09:00,2181.277598461243,2268.3414682710695,2153.1924791677507,2248.681884765625,1137700,0.0,0.0
2022-10-26 00:00:00+09:00,2108.256445865793,2124.171347988226,1958.4691317723086,1982.8095703125,3280800,0.0,0.0
2022-10-27 00:00:00+09:00,1959.4051985100134,2043.6605582166073,1956.5966865197936,2007.14990234375,1327200,0.0,0.0
2022-10-28 00:00:00+09:00,1960.3412833098278,2018.383861898753,1951.9157477082097,1970.63916015625,814500,0.0,0.0
2022-10-31 00:00:00+09:00,1993.107342392651,2013.7030969875962,1988.426489075618,2007.14990234375,446800,0.0,0.0
2022-11-01 00:00:00+09:00,1985.6179333380933,1997.7881516942437,1951.915790197984,1984.6817626953125,444200,0.0,0.0
2022-11-02 00:00:00+09:00,2014.6394059775125,2044.5968692634235,2005.2776987006655,2039.916015625,646600,0.0,0.0
2022-11-04 00:00:00+09:00,2031.4904269366198,2068.937255082917,2020.2563784927306,2060.51171875,472200,0.0,0.0
2022-11-07 00:00:00+09:00,2087.6605003122127,2089.5328415680983,2037.1072864033072,2038.04345703125,277800,0.0,0.0
2022-11-08 00:00:00+09:00,2047.4054367522779,2067.065022564714,2013.7032896452445,2061.447998046875,342700,0.0,0.0
2022-11-09 00:00:00+09:00,2052.0861847088195,2091.4053543063424,2049.2776725947106,2085.788330078125,397500,0.0,0.0
2022-11-10 00:00:00+09:00,2062.38389335776,2071.745599637187,2036.1711157753646,2038.04345703125,288300,0.0,0.0
2022-11-11 00:00:00+09:00,2082.979567033531,2082.979567033531,2026.8093315180201,2052.0859375,387700,0.0,0.0
2022-11-14 00:00:00+09:00,2030.554194046279,2044.5967541710804,1985.6180016469145,1988.426513671875,406900,0.0,0.0
2022-11-15 00:00:00+09:00,1985.6180096402195,2059.5754932618966,1970.639278780133,2055.830810546875,255700,0.0,0.0
2022-11-16 00:00:00+09:00,2049.2774344432764,2100.766817218233,2041.78806967601,2094.213623046875,421200,0.0,0.0
2022-11-17 00:00:00+09:00,2106.384006317301,2127.9159317152116,2080.1712275720192,2108.25634765625,340300,0.0,0.0
2022-11-18 00:00:00+09:00,2137.2778297218115,2165.3629523199957,2068.937364732897,2078.299072265625,535000,0.0,0.0
2022-11-21 00:00:00+09:00,2075.4905076910263,2120.4267027154597,2059.5756052865395,2107.3203125,326200,0.0,0.0
2022-11-22 00:00:00+09:00,2122.298904384656,2133.5329524008075,2082.0435656601126,2082.979736328125,212100,0.0,0.0
2022-11-24 00:00:00+09:00,2110.128742035716,2136.341521439887,2095.150010947619,2096.086181640625,268100,0.0,0.0
2022-11-25 00:00:00+09:00,2106.384112828504,2106.384112828504,2073.618137740061,2083.916015625,200900,0.0,0.0
2022-11-28 00:00:00+09:00,2078.2990729201574,2105.448024773619,2065.1926823702106,2095.150146484375,192100,0.0,0.0
2022-11-29 00:00:00+09:00,2076.426482834231,2076.426482834231,2043.6605103819325,2053.022216796875,272400,0.0,0.0
2022-11-30 00:00:00+09:00,2039.915989978577,2058.639404296875,2015.5755513647894,2058.639404296875,199500,0.0,0.0
2022-12-01 00:00:00+09:00,2086.7244711801022,2092.3414953286356,2048.3414728317916,2062.384033203125,176700,0.0,0.0
2022-12-02 00:00:00+09:00,2026.8094954017672,2028.6818367370113,1970.6392553444434,1972.5115966796875,402100,0.0,0.0
2022-12-05 00:00:00+09:00,1971.5754772031928,1971.5754772031928,1936.0009909098778,1943.4903564453125,239800,0.0,0.0
2022-12-06 00:00:00+09:00,1919.1498775758605,1945.362656391531,1902.2988054800726,1937.873291015625,659200,0.0,0.0
2022-12-07 00:00:00+09:00,1924.7667180376725,1930.3837415338915,1896.6816005565781,1899.4901123046875,343600,0.0,0.0
2022-12-08 00:00:00+09:00,1919.149719782698,1919.149719782698,1881.70289598206,1889.1922607421875,223500,0.0,0.0
2022-12-09 00:00:00+09:00,1872.341300204038,1917.2774914089348,1865.7881056533238,1906.9796142578125,389000,0.0,0.0
2022-12-12 00:00:00+09:00,1895.7455677021285,1921.9583459222074,1886.3838611949575,1915.4051513671875,133300,0.0,0.0
2022-12-13 00:00:00+09:00,1934.1285915188128,1941.6179568296309,1910.7243249225057,1913.5328369140625,135100,0.0,0.0
2022-12-14 00:00:00+09:00,1933.1924096762527,1935.0647509931305,1919.1498497996697,1931.320068359375,157400,0.0,0.0
2022-12-15 00:00:00+09:00,1918.2136779606865,1926.6392138814508,1907.9158007241967,1922.89453125,148800,0.0,0.0
2022-12-16 00:00:00+09:00,1895.7454866249655,1916.3412400599034,1886.3837805181756,1912.5965576171875,169900,0.0,0.0
2022-12-19 00:00:00+09:00,1890.1285132210423,1918.2136322882197,1887.3200013143246,1892.0008544921875,140900,0.0,0.0
2022-12-20 00:00:00+09:00,1889.1922774164198,1924.7667603410105,1811.4901173442877,1836.7667236328125,378300,0.0,0.0
2022-12-21 00:00:00+09:00,1817.1071974564002,1824.5965625154683,1762.8093007781563,1773.107177734375,490100,0.0,0.0
2022-12-22 00:00:00+09:00,1791.830728139787,1806.809459409503,1770.29880193957,1780.5966796875,281900,0.0,0.0
2022-12-23 00:00:00+09:00,1746.8943943315223,1753.447588736839,1720.6816167102563,1739.405029296875,312900,0.0,0.0
2022-12-26 00:00:00+09:00,1731.9155862607615,1757.1921921142969,1731.9155862607615,1753.447509765625,196400,0.0,0.0
2022-12-27 00:00:00+09:00,1775.9157558359998,1778.724267837849,1733.7880758082613,1760.0008544921875,212000,0.0,0.0
2022-12-28 00:00:00+09:00,1756.2561141647313,1762.80930862057,1725.3624831586353,1738.4688720703125,222200,0.0,0.0
2022-12-29 00:00:00+09:00,1720.6816181332017,1747.83056640625,1708.5113999418352,1747.83056640625,167400,0.0,0.0
2022-12-30 00:00:00+09:00,1760.0007874668436,1774.043346941313,1753.4475930454244,1764.681640625,144500,0.0,0.0
2023-01-04 00:00:00+09:00,1748.7668020120154,1752.51148467157,1716.9369994058009,1726.2987060546875,201000,0.0,0.0
2023-01-05 00:00:00+09:00,1731.9156762325401,1745.0220651337593,1719.7454579671223,1730.0433349609375,200600,0.0,0.0
2023-01-06 00:00:00+09:00,1713.192279396364,1745.958251953125,1711.3199381074062,1745.958251953125,169900,0.0,0.0
2023-01-10 00:00:00+09:00,1804.0008747176269,1804.0008747176269,1748.7668053827333,1751.5753173828125,201000,0.0,0.0
2023-01-11 00:00:00+09:00,1759.0646474149216,1806.8093504581152,1754.3837941753927,1788.0859375,159700,0.0,0.0
2023-01-12 00:00:00+09:00,1783.4050561100073,1808.6816632044797,1779.6603735774927,1781.53271484375,172100,0.0,0.0
2023-01-13 00:00:00+09:00,1778.724201528676,1809.617832397332,1768.4263245724574,1773.107177734375,173000,0.0,0.0
2023-01-16 00:00:00+09:00,1760.0008102943157,1760.0008102943157,1729.1071790497879,1737.53271484375,152900,0.0,0.0
2023-01-17 00:00:00+09:00,1735.6604560672342,1763.7455767155714,1735.6604560672342,1748.766845703125,137900,0.0,0.0
2023-01-18 00:00:00+09:00,1757.192225599764,1800.2560734301258,1745.9581783396695,1785.27734375,343800,0.0,0.0
2023-01-19 00:00:00+09:00,1774.0433997781868,1794.639154287485,1751.5753039498616,1752.511474609375,309000,0.0,0.0
2023-01-20 00:00:00+09:00,1750.639107775574,1771.2348619846985,1736.5965480875348,1762.809326171875,254800,0.0,0.0
2023-01-23 00:00:00+09:00,1795.575412495931,1799.320095316569,1766.5541206359862,1797.44775390625,261600,0.0,0.0
2023-01-24 00:00:00+09:00,1825.5327795847252,1839.5753394276846,1796.511489242609,1804.0008544921875,356100,0.0,0.0
2023-01-25 00:00:00+09:00,1802.1284639165642,1834.8944359877744,1788.085904457474,1833.0220947265625,210900,0.0,0.0
2023-01-26 00:00:00+09:00,1836.7668200887767,1853.6178918327103,1819.915748344843,1847.064697265625,340700,0.0,0.0
2023-01-27 00:00:00+09:00,1868.5966736531282,1868.5966736531282,1805.873238214872,1818.04345703125,475200,0.0,0.0
2023-01-30 00:00:00+09:00,1743.1497252530544,1798.3837928094079,1717.8731180662485,1738.4688720703125,1377600,0.0,0.0
2023-01-31 00:00:00+09:00,1743.1496351122476,1785.2773115784405,1736.5964409952842,1761.873046875,583900,0.0,0.0
2023-02-01 00:00:00+09:00,1774.0434533540379,1778.7243067929667,1732.851943091464,1740.34130859375,457300,0.0,0.0
2023-02-02 00:00:00+09:00,1756.2561638453667,1756.2561638453667,1699.1497534005014,1701.0220947265625,503000,0.0,0.0
2023-02-03 00:00:00+09:00,1710.3838047515803,1740.3412660280173,1694.4689034484732,1726.2987060546875,357300,0.0,0.0
2023-02-06 00:00:00+09:00,1746.8943642482695,1747.8305348614786,1715.0645633991585,1724.42626953125,276500,0.0,0.0
2023-02-07 00:00:00+09:00,1730.0433244342528,1753.4475901868807,1725.3624712837272,1747.83056640625,274000,0.0,0.0
2023-02-08 00:00:00+09:00,1742.2136084880303,1751.5753151429903,1730.0433898365827,1734.7242431640625,219700,0.0,0.0
2023-02-09 00:00:00+09:00,1731.9156642622274,1741.277370555537,1718.8092754515944,1739.405029296875,186100,0.0,0.0
2023-02-10 00:00:00+09:00,1738.4688706831498,1741.2773825905538,1720.6816286029236,1730.0433349609375,231600,0.0,0.0
2023-02-13 00:00:00+09:00,1721.6178640036387,1724.4263760166953,1706.6391332673375,1708.511474609375,211300,0.0,0.0
2023-02-14 00:00:00+09:00,1724.426336646664,1734.7242137927624,1716.9369714495015,1719.7454833984375,125300,0.0,0.0
2023-02-15 00:00:00+09:00,1723.4901271591064,1730.9794921875,1707.5752264737696,1730.9794921875,190100,0.0,0.0
2023-02-16 00:00:00+09:00,1748.7668188084892,1753.447672177891,1729.107234657002,1750.63916015625,262900,0.0,0.0
2023-02-17 00:00:00+09:00,1736.5965455083362,1749.7029345310407,1733.7880335748996,1745.958251953125,193700,0.0,0.0
2023-02-20 00:00:00+09:00,1757.192298362995,1759.0646396505422,1735.6603735562028,1737.53271484375,118500,0.0,0.0
2023-02-21 00:00:00+09:00,1742.2135985159987,1775.915742280951,1737.532745215311,1760.93701171875,198700,0.0,0.0
2023-02-22 00:00:00+09:00,1750.6391861593936,1767.4902585395375,1733.7881137792497,1740.34130859375,258000,0.0,0.0
2023-02-24 00:00:00+09:00,1753.4475398793177,1772.1709519442331,1745.9581750533516,1768.42626953125,185400,0.0,0.0
2023-02-27 00:00:00+09:00,1763.7454566025153,1769.362480349657,1752.5114091082319,1765.6177978515625,110500,0.0,0.0
2023-02-28 00:00:00+09:00,1774.043313659635,1777.7879961159085,1731.9156360265565,1732.851806640625,244600,0.0,0.0
2023-03-01 00:00:00+09:00,1731.9157223979003,1769.362548828125,1731.9157223979003,1769.362548828125,161900,0.0,0.0
2023-03-02 00:00:00+09:00,1777.7880551919357,1780.596567127468,1748.7667651914355,1754.3837890625,183200,0.0,0.0
2023-03-03 00:00:00+09:00,1765.6178919866784,1767.4902333355508,1747.8306491723904,1759.064697265625,200000,0.0,0.0
2023-03-06 00:00:00+09:00,1768.4264605308556,1791.830728139787,1764.6817777134265,1780.5966796875,215900,0.0,0.0
2023-03-07 00:00:00+09:00,1788.0859412812176,1814.2987194780103,1780.596576082134,1813.362548828125,262500,0.0,0.0
2023-03-08 00:00:00+09:00,1818.979548575626,1843.3199851494635,1808.6816715636178,1832.0859375,272000,0.0,0.0
2023-03-09 00:00:00+09:00,1844.256237035895,1844.256237035895,1816.1711166749424,1826.468994140625,216200,0.0,0.0
2023-03-10 00:00:00+09:00,1806.8093530172134,1818.9795714572258,1798.383817174128,1804.93701171875,189200,0.0,0.0
2023-03-13 00:00:00+09:00,1767.4902603889184,1769.362601766449,1742.213651792255,1757.1923828125,270800,0.0,0.0
2023-03-14 00:00:00+09:00,1721.6178596031739,1721.6178596031739,1674.809326171875,1674.809326171875,296600,0.0,0.0
2023-03-15 00:00:00+09:00,1700.0859396299074,1728.1710597779786,1687.9157208990764,1716.93701171875,177200,0.0,0.0
2023-03-16 00:00:00+09:00,1653.277361052377,1697.2773814201355,1650.4688491140093,1677.6177978515625,206000,0.0,0.0
2023-03-17 00:00:00+09:00,1697.2773692208311,1707.575246254162,1673.8731032359879,1686.9794921875,159000,0.0,0.0
2023-03-20 00:00:00+09:00,1675.745423960333,1675.745423960333,1644.8517932392767,1645.7879638671875,172300,0.0,0.0
2023-03-22 00:00:00+09:00,1685.1072057017848,1696.3412537397967,1674.8093283336073,1691.660400390625,178800,0.0,0.0
2023-03-23 00:00:00+09:00,1672.0007500722181,1697.2773571561765,1665.4475556430436,1696.3411865234375,119900,0.0,0.0
2023-03-24 00:00:00+09:00,1680.4263512735504,1696.3412526505144,1679.4901806043172,1683.23486328125,146800,0.0,0.0
2023-03-27 00:00:00+09:00,1702.8944213934667,1703.8305920484383,1684.1710082940333,1693.53271484375,114700,0.0,0.0
2023-03-28 00:00:00+09:00,1703.8306597859792,1704.7668304781691,1678.5540510968465,1688.8519287109375,141900,0.0,0.0
2023-03-29 00:00:00+09:00,1692.5965453967272,1701.958251953125,1683.2348388403293,1701.958251953125,129000,0.0,0.0
2023-03-30 00:00:00+09:00,1716.1966451571132,1729.485778471383,1708.6028546918162,1718.0950927734375,106900,25.0,0.0
2023-03-31 00:00:00+09:00,1728.5365153259872,1751.3178862034304,1724.739620179747,1748.47021484375,163900,0.0,0.0
2023-04-03 00:00:00+09:00,1764.6070344892773,1764.6070344892773,1738.9779920303154,1745.62255859375,162100,0.0,0.0
2023-04-04 00:00:00+09:00,1736.1303031861848,1736.1303031861848,1700.0597993474341,1702.907470703125,239000,0.0,0.0
2023-04-05 00:00:00+09:00,1685.8215177617521,1692.466084554732,1664.938593555244,1665.8878173828125,192200,0.0,0.0
2023-04-06 00:00:00+09:00,1637.4109906913093,1645.9540045557856,1623.172634250515,1641.2078857421875,310600,0.0,0.0
2023-04-07 00:00:00+09:00,1641.2079008064845,1658.2939286922663,1629.8172155492966,1638.3602294921875,137000,0.0,0.0
2023-04-10 00:00:00+09:00,1650.700230834115,1655.4463499566973,1633.6142019928188,1644.0556640625,132800,0.0,0.0
2023-04-11 00:00:00+09:00,1661.1415516246448,1682.024473987926,1658.2938803932882,1670.6337890625,211400,0.0,0.0
2023-04-12 00:00:00+09:00,1673.4816741079328,1682.9739127585735,1663.9894354572923,1676.329345703125,142600,0.0,0.0
2023-04-13 00:00:00+09:00,1672.5323121866045,1672.5323121866045,1643.1063747985315,1656.3955078125,152300,0.0,0.0
2023-04-14 00:00:00+09:00,1665.8877305089745,1668.735401843178,1643.1063598353476,1659.2431640625,196600,0.0,0.0
2023-04-17 00:00:00+09:00,1666.8369706468168,1682.9737750323497,1663.0400754972795,1679.1768798828125,207000,0.0,0.0
2023-04-18 00:00:00+09:00,1681.0753527444506,1682.0245765461132,1670.6338909261622,1674.4307861328125,183000,0.0,0.0
2023-04-19 00:00:00+09:00,1675.379917808767,1688.669050301301,1662.0907853162328,1668.7353515625,218700,0.0,0.0
2023-04-20 00:00:00+09:00,1647.8525596392724,1673.4816029055514,1642.1572166912106,1666.8370361328125,240100,0.0,0.0
2023-04-21 00:00:00+09:00,1656.395465945701,1659.24313723386,1634.5633194031504,1641.2078857421875,305800,0.0,0.0
2023-04-24 00:00:00+09:00,1646.9033253811635,1648.8017730184904,1630.766520463884,1645.9541015625,362500,0.0,0.0
2023-04-25 00:00:00+09:00,1667.7862699828397,1675.3800606259033,1637.4111074105854,1642.1572265625,853200,0.0,0.0
2023-04-26 00:00:00+09:00,1490.281487053158,1570.9655166069913,1463.703218494248,1536.79345703125,1980400,0.0,0.0
2023-04-27 00:00:00+09:00,1574.7623341816902,1607.0359444060286,1567.1685435406694,1573.8131103515625,851100,0.0,0.0
2023-04-28 00:00:00+09:00,1599.4420832508015,1622.2234541695072,1596.5944118859634,1609.883544921875,692400,0.0,0.0
2023-05-01 00:00:00+09:00,1634.5634306520485,1653.5479071985299,1610.8328349689468,1620.3250732421875,533700,0.0,0.0
2023-05-02 00:00:00+09:00,1638.3602112581955,1670.6338191277082,1636.4617637364595,1664.9384765625,560800,0.0,0.0
2023-05-08 00:00:00+09:00,1677.2783784915919,1685.8213923039427,1640.2586519714039,1643.1063232421875,299900,0.0,0.0
2023-05-09 00:00:00+09:00,1649.750824674554,1660.1922855902155,1631.7155740020473,1655.4461669921875,332700,0.0,0.0
2023-05-10 00:00:00+09:00,1640.2587531049094,1651.6494388903602,1617.477381534008,1624.1219482421875,215600,0.0,0.0
2023-05-11 00:00:00+09:00,1616.5280188927284,1624.121808764215,1585.2036356728458,1604.1881103515625,252200,0.0,0.0
2023-05-12 00:00:00+09:00,1599.4421486052638,1609.8836107029838,1572.8638814474316,1574.7623291015625,262300,0.0,0.0
2023-05-15 00:00:00+09:00,1572.8639168022357,1592.7976176186792,1570.9654691054316,1590.899169921875,293300,0.0,0.0
2023-05-16 00:00:00+09:00,1594.6960099631062,1624.1219482421875,1589.9498908858352,1624.1219482421875,264900,0.0,0.0
2023-05-17 00:00:00+09:00,1608.9343671949198,1628.8680673194585,1604.1882481176485,1624.1219482421875,246900,0.0,0.0
2023-05-18 00:00:00+09:00,1633.6142717752425,1679.1770172983172,1631.7158240451142,1676.329345703125,415900,0.0,0.0
2023-05-19 00:00:00+09:00,1671.583170549705,1683.9230803834052,1659.2432607160047,1663.9893798828125,269900,0.0,0.0
2023-05-22 00:00:00+09:00,1656.3955942789714,1661.1417134602866,1636.461893717448,1640.2587890625,205600,0.0,0.0
2023-05-23 00:00:00+09:00,1648.8017617175929,1651.6494331540655,1599.4421234854024,1602.289794921875,325200,0.0,0.0
2023-05-24 00:00:00+09:00,1600.391372868382,1629.8173115154282,1591.8483584224653,1620.3250732421875,257500,0.0,0.0
2023-05-25 00:00:00+09:00,1618.4266357421875,1630.7665455748258,1610.8328450759484,1618.4266357421875,182100,0.0,0.0
2023-05-26 00:00:00+09:00,1614.6297044799226,1639.3095235960177,1602.289794921875,1602.289794921875,164500,0.0,0.0
2023-05-29 00:00:00+09:00,1632.6649260717975,1635.5125974544808,1607.985107421875,1607.985107421875,267900,0.0,0.0
2023-05-30 00:00:00+09:00,1613.6803966233192,1648.8016758439444,1610.8327253351604,1641.2078857421875,265500,0.0,0.0
2023-05-31 00:00:00+09:00,1622.2234839980915,1622.2234839980915,1573.8130699056967,1581.4068603515625,379300,0.0,0.0
2023-06-01 00:00:00+09:00,1571.9145557968277,1591.8482548739614,1565.2699894377831,1570.96533203125,264000,0.0,0.0
2023-06-02 00:00:00+09:00,1573.8130557696213,1607.9851124690822,1568.1177129863777,1607.035888671875,266500,0.0,0.0
2023-06-05 00:00:00+09:00,1649.7509147493754,1649.7509147493754,1620.3249778349734,1638.3602294921875,290500,0.0,0.0
2023-06-06 00:00:00+09:00,1611.7820689092284,1620.3250834087473,1602.2898305764297,1618.4266357421875,227100,0.0,0.0
2023-06-07 00:00:00+09:00,1637.4110863302103,1640.2587577846975,1595.645238331063,1600.391357421875,277900,0.0,0.0
2023-06-08 00:00:00+09:00,1595.645279096721,1605.1375175208539,1559.5747730850164,1570.0162353515625,247800,0.0,0.0
2023-06-09 00:00:00+09:00,1591.8483632707994,1599.4421539125206,1582.356124968648,1596.594482421875,205500,0.0,0.0
2023-06-12 00:00:00+09:00,1597.5437214571941,1622.2235412776854,1589.9499307431968,1616.5281982421875,193600,0.0,0.0
2023-06-13 00:00:00+09:00,1622.2234703601623,1640.2587225174725,1620.3250227646558,1629.8172607421875,224900,0.0,0.0
2023-06-14 00:00:00+09:00,1643.106384802603,1655.4462941049912,1641.2079372176204,1654.4970703125,234100,0.0,0.0
2023-06-15 00:00:00+09:00,1658.2939971496412,1699.110621006215,1646.9033114222252,1694.364501953125,341800,0.0,0.0
2023-06-16 00:00:00+09:00,1694.3644566360524,1714.2981561258885,1671.5830857905257,1702.907470703125,315800,0.0,0.0
2023-06-19 00:00:00+09:00,1719.993456536927,1719.993456536927,1677.2783872520695,1687.7198486328125,279400,0.0,0.0
2023-06-20 00:00:00+09:00,1676.3291603295722,1713.348886973317,1672.5322652891882,1711.450439453125,218600,0.0,0.0
2023-06-21 00:00:00+09:00,1699.1106108679876,1701.9582822828502,1682.9738061837666,1696.262939453125,181200,0.0,0.0
2023-06-22 00:00:00+09:00,1706.7044524545406,1719.0443622887503,1683.923080452923,1686.770751953125,172200,0.0,0.0
2023-06-23 00:00:00+09:00,1702.907428822984,1721.8919040606984,1673.4814922045266,1687.7198486328125,214000,0.0,0.0
2023-06-26 00:00:00+09:00,1681.0753883878547,1693.4152980711083,1663.0401357738688,1667.7862548828125,208700,0.0,0.0
2023-06-27 00:00:00+09:00,1670.6338858888103,1677.2784524804135,1645.0048433211978,1675.3800048828125,299100,0.0,0.0
2023-06-28 00:00:00+09:00,1699.1106467236436,1713.3490040984227,1687.7199608238204,1712.3997802734375,382100,0.0,0.0
2023-06-29 00:00:00+09:00,1722.841257691582,1726.6381530253375,1702.9075571893654,1709.5521240234375,242100,0.0,0.0
2023-06-30 00:00:00+09:00,1709.5521444024546,1712.3998159367175,1697.212234420649,1705.7552490234375,209300,0.0,0.0
2023-07-03 00:00:00+09:00,1724.7397512024195,1738.028885223792,1718.0951841917333,1723.79052734375,243000,0.0,0.0
2023-07-04 00:00:00+09:00,1727.5873466087521,1749.4194943955658,1715.247436990118,1738.02880859375,215700,0.0,0.0
2023-07-05 00:00:00+09:00,1742.7748172305046,1767.4546349037034,1735.1810271772126,1758.91162109375,276800,0.0,0.0
2023-07-06 00:00:00+09:00,1746.5717823885263,1763.657810694501,1738.028768235539,1745.62255859375,199100,0.0,0.0
2023-07-07 00:00:00+09:00,1735.181132087541,1755.1148321826386,1724.739670132966,1738.97802734375,246000,0.0,0.0
2023-07-10 00:00:00+09:00,1744.6733854949766,1753.2163998962035,1727.5873566925231,1736.13037109375,182000,0.0,0.0
2023-07-11 00:00:00+09:00,1753.216394367408,1755.1148420061384,1708.6028748572467,1714.2982177734375,223300,0.0,0.0
2023-07-12 00:00:00+09:00,1729.4856455552394,1738.0286591721424,1690.5674724115704,1719.993408203125,303800,0.0,0.0
2023-07-13 00:00:00+09:00,1719.9935454563122,1734.2319026206858,1700.0598454261894,1717.1458740234375,171400,0.0,0.0
2023-07-14 00:00:00+09:00,1726.6381063600136,1726.6381063600136,1688.6691540486333,1695.313720703125,184400,0.0,0.0
2023-07-18 00:00:00+09:00,1699.1106222082992,1739.92724609375,1697.2121745857203,1739.92724609375,199100,0.0,0.0
2023-07-19 00:00:00+09:00,1759.8609771481208,1791.1853634727638,1740.8765005877312,1757.0133056640625,211200,0.0,0.0
2023-07-20 00:00:00+09:00,1756.0639580286586,1756.0639580286586,1734.2318115234375,1734.2318115234375,144200,0.0,0.0
2023-07-21 00:00:00+09:00,1734.2317616852588,1745.6224464910733,1724.73952434708,1743.7239990234375,188600,0.0,0.0
2023-07-24 00:00:00+09:00,1743.7241369274127,1767.454732149615,1734.2318988385318,1763.6578369140625,410700,0.0,0.0
2023-07-25 00:00:00+09:00,1775.9978333664963,1779.7947287879106,1748.4703415612432,1770.302490234375,530800,0.0,0.0
2023-07-26 00:00:00+09:00,1632.6648751558832,1661.1415880946486,1592.7974770416117,1617.477294921875,1843800,0.0,0.0
2023-07-27 00:00:00+09:00,1607.984981011907,1655.4461669921875,1606.0865335726958,1655.4461669921875,650800,0.0,0.0
2023-07-28 00:00:00+09:00,1642.1571961855557,1650.700210500972,1620.3250484906034,1647.8525390625,529900,0.0,0.0
2023-07-31 00:00:00+09:00,1671.5830228109,1684.8721553034343,1650.7001003226321,1668.7353515625,482500,0.0,0.0
2023-08-01 00:00:00+09:00,1690.5676016642024,1711.4505254354615,1682.024587394142,1695.313720703125,406400,0.0,0.0
2023-08-02 00:00:00+09:00,1684.8722187837498,1739.927198327106,1684.8722187837498,1702.907470703125,435800,0.0,0.0
2023-08-03 00:00:00+09:00,1701.0090413318026,1701.0090413318026,1648.8017325855697,1653.5478515625,278600,0.0,0.0
2023-08-04 00:00:00+09:00,1659.2432455353965,1681.0753935029675,1654.4971264120115,1666.8370361328125,232600,0.0,0.0
2023-08-07 00:00:00+09:00,1656.3955690213477,1676.3292692789112,1642.1572116945165,1667.7862548828125,223900,0.0,0.0
2023-08-08 00:00:00+09:00,1688.6690250771057,1688.6690250771057,1662.0907604890458,1673.4814453125,246900,0.0,0.0
2023-08-09 00:00:00+09:00,1673.4815171226162,1684.8722024348517,1648.8016989461057,1682.9737548828125,198000,0.0,0.0
2023-08-10 00:00:00+09:00,1690.5675626949903,1725.6888427734375,1682.0245486218544,1725.6888427734375,232300,0.0,0.0
2023-08-14 00:00:00+09:00,1741.8256268464643,1755.1147596943392,1724.7395988991966,1729.4857177734375,233600,0.0,0.0
2023-08-15 00:00:00+09:00,1731.3843182131059,1738.028885223792,1714.2982887570554,1723.79052734375,97700,0.0,0.0
2023-08-16 00:00:00+09:00,1707.6536191910031,1712.3997381993163,1674.4307861328125,1674.4307861328125,111600,0.0,0.0
2023-08-17 00:00:00+09:00,1668.7355547826126,1680.1262411633813,1633.6142717752425,1676.329345703125,129500,0.0,0.0
2023-08-18 00:00:00+09:00,1655.4462689502288,1668.735401843178,1649.750926281822,1659.2431640625,146500,0.0,0.0
2023-08-21 00:00:00+09:00,1659.2431271099617,1666.8369171653849,1641.2078757283318,1643.1063232421875,156700,0.0,0.0
2023-08-22 00:00:00+09:00,1663.9892496470322,1689.618291141881,1658.2939070926213,1688.6690673828125,145200,0.0,0.0
2023-08-23 00:00:00+09:00,1698.1613233465896,1731.3841552734375,1696.2628758079127,1731.3841552734375,196700,0.0,0.0
2023-08-24 00:00:00+09:00,1728.5365394217758,1737.0795536199066,1718.0950776240607,1720.9427490234375,162800,0.0,0.0
2023-08-25 00:00:00+09:00,1709.5519669794403,1720.9426519343283,1690.567492054627,1716.196533203125,119300,0.0,0.0
2023-08-28 00:00:00+09:00,1737.0795645648843,1743.7241312052963,1723.79043128406,1741.82568359375,123000,0.0,0.0
2023-08-29 00:00:00+09:00,1746.5717813791323,1746.5717813791323,1722.8411865234375,1722.8411865234375,123800,0.0,0.0
2023-08-30 00:00:00+09:00,1730.435018059206,1749.4194943955658,1728.53657042557,1738.02880859375,227900,0.0,0.0
2023-08-31 00:00:00+09:00,1749.4195658752674,1758.9118044312916,1739.9273273192432,1747.5211181640625,193900,0.0,0.0
2023-09-01 00:00:00+09:00,1753.216258634979,1772.200733552521,1748.4701399055937,1762.70849609375,173000,0.0,0.0
2023-09-04 00:00:00+09:00,1754.1657092829419,1788.3377685546875,1752.2672615456227,1788.3377685546875,183100,0.0,0.0
2023-09-05 00:00:00+09:00,1783.5914574191995,1801.626708984375,1772.2007722201413,1801.626708984375,152500,0.0,0.0
2023-09-06 00:00:00+09:00,1794.0329640248644,1800.6775305582898,1788.3376212819283,1793.083740234375,153600,0.0,0.0
2023-09-07 00:00:00+09:00,1786.4391320794264,1793.0836984580426,1776.9468943956888,1777.8961181640625,142600,0.0,0.0
2023-09-08 00:00:00+09:00,1762.708581808339,1783.591505233101,1740.876434591542,1746.57177734375,178400,0.0,0.0
2023-09-11 00:00:00+09:00,1739.9271995619972,1759.860899065981,1717.1458287003018,1725.6888427734375,101000,0.0,0.0
2023-09-12 00:00:00+09:00,1750.3687035896294,1765.5562845318386,1742.7749131185246,1763.6578369140625,125100,0.0,0.0
2023-09-13 00:00:00+09:00,1757.9623973370885,1770.3023061736878,1747.520936013812,1758.91162109375,112300,0.0,0.0
2023-09-14 00:00:00+09:00,1764.6070911910056,1765.5563150162832,1753.2164052876747,1757.9625244140625,117400,0.0,0.0
2023-09-15 00:00:00+09:00,1764.6070962882184,1779.7946775365301,1755.1148580080235,1757.0133056640625,169200,0.0,0.0
2023-09-19 00:00:00+09:00,1756.0641123867292,1763.6579031429962,1734.2319639624618,1751.3179931640625,199900,0.0,0.0
2023-09-20 00:00:00+09:00,1755.1147852610545,1760.8101279931077,1724.7396240234375,1724.7396240234375,171200,0.0,0.0
2023-09-21 00:00:00+09:00,1719.9936319090723,1738.028885223792,1705.7552740290303,1723.79052734375,184300,0.0,0.0
2023-09-22 00:00:00+09:00,1715.2473861366823,1739.927204642246,1704.8059244612514,1724.7396240234375,183800,0.0,0.0
2023-09-25 00:00:00+09:00,1724.7397155594315,1739.9272969842807,1719.9935963641663,1730.43505859375,126700,0.0,0.0
2023-09-26 00:00:00+09:00,1724.7396484648089,1724.7396484648089,1695.313710598871,1697.212158203125,153700,0.0,0.0
2023-09-27 00:00:00+09:00,1699.1106116106864,1719.0443115234375,1686.770702140888,1719.0443115234375,155700,0.0,0.0
2023-09-28 00:00:00+09:00,1724.8194444444443,1731.5570203993054,1705.5692274305554,1723.85693359375,98700,25.0,0.0
2023-09-29 00:00:00+09:00,1727.7069634633174,1744.0696477969532,1717.1193441886116,1731.5570068359375,88300,0.0,0.0
2023-10-02 00:00:00+09:00,1745.0320900669333,1762.3572845629094,1726.744384765625,1726.744384765625,152700,0.0,0.0
2023-10-03 00:00:00+09:00,1740.2196042865664,1746.9571801881184,1714.2318115234375,1714.2318115234375,168900,0.0,0.0
2023-10-04 00:00:00+09:00,1684.3939613540165,1691.1315371994326,1655.5186363022333,1669.956298828125,217000,0.0,0.0
2023-10-05 00:00:00+09:00,1663.2187634158558,1685.3565131603955,1651.668633114357,1681.5064697265625,214800,0.0,0.0
2023-10-06 00:00:00+09:00,1681.5063748760451,1703.6441233718374,1670.9187560302314,1683.431396484375,202800,0.0,0.0
2023-10-10 00:00:00+09:00,1705.5692138671875,1717.1193439836695,1696.906616279826,1705.5692138671875,99700,0.0,0.0
2023-10-11 00:00:00+09:00,1702.6816948784722,1730.594509548611,1694.0190972222222,1723.85693359375,124400,0.0,0.0
2023-10-12 00:00:00+09:00,1703.6441790248714,1752.7322316408424,1702.6816681892642,1730.594482421875,470200,0.0,0.0
2023-10-13 00:00:00+09:00,1715.1943359375,1715.1943359375,1663.21875,1671.88134765625,243300,0.0,0.0
2023-10-16 00:00:00+09:00,1642.0434839011648,1654.5561247515254,1615.0931805311575,1626.643310546875,218300,0.0,0.0
2023-10-17 00:00:00+09:00,1654.5561386287914,1659.3686928423713,1619.9057482910157,1636.2684326171875,106200,0.0,0.0
2023-10-18 00:00:00+09:00,1633.3808330083825,1649.743516662562,1630.4933005988214,1648.781005859375,93600,0.0,0.0
2023-10-19 00:00:00+09:00,1617.9807946609121,1617.9807946609121,1598.7305769968918,1606.4306640625,190800,0.0,0.0
2023-10-20 00:00:00+09:00,1606.4305552942506,1611.243109384407,1596.8054471139374,1598.73046875,166600,0.0,0.0
2023-10-23 00:00:00+09:00,1587.1804481907895,1587.1804481907895,1547.7175019349845,1554.455078125,220600,0.0,0.0
2023-10-24 00:00:00+09:00,1540.0173344345421,1567.9301486211682,1506.3294552437865,1566.005126953125,412900,0.0,0.0
2023-10-25 00:00:00+09:00,1412.0034042274096,1455.3163920871461,1379.2780356222754,1393.7156982421875,1376400,0.0,0.0
2023-10-26 00:00:00+09:00,1364.840278159039,1376.3904074523455,1344.6275518957527,1369.65283203125,601600,0.0,0.0
2023-10-27 00:00:00+09:00,1386.0156658603557,1387.940687618495,1351.3652742138468,1380.2406005859375,455600,0.0,0.0
2023-10-30 00:00:00+09:00,1379.2780902237541,1392.7532425357797,1360.0278726351462,1362.9154052734375,322900,0.0,0.0
2023-10-31 00:00:00+09:00,1361.952853732639,1387.940646701389,1359.0653211805554,1386.015625,372500,0.0,0.0
2023-11-01 00:00:00+09:00,1407.1909039376796,1423.5535888671875,1405.265882181267,1423.5535888671875,308000,0.0,0.0
2023-11-02 00:00:00+09:00,1434.141114246869,1460.12890625,1434.141114246869,1460.12890625,229800,0.0,0.0
2023-11-06 00:00:00+09:00,1491.891763142716,1491.891763142716,1448.5787764708307,1460.12890625,221500,0.0,0.0
2023-11-07 00:00:00+09:00,1467.8290473090278,1467.8290473090278,1448.578830295139,1455.31640625,130400,0.0,0.0
2023-11-08 00:00:00+09:00,1468.7914894878588,1473.604043516325,1450.5037841796875,1450.5037841796875,185800,0.0,0.0
2023-11-09 00:00:00+09:00,1463.0164659109612,1468.791530907978,1452.4288467497634,1462.053955078125,145700,0.0,0.0
2023-11-10 00:00:00+09:00,1458.2039117467805,1465.9039984094698,1445.6912709199103,1462.053955078125,200200,0.0,0.0
2023-11-13 00:00:00+09:00,1472.6415465175317,1481.3041438499877,1441.8412004465767,1451.46630859375,125300,0.0,0.0
2023-11-14 00:00:00+09:00,1480.3416352542172,1512.1044921875,1474.5665703572565,1512.1044921875,241800,0.0,0.0
2023-11-15 00:00:00+09:00,1515.9545354521404,1523.654621981421,1494.7792974966185,1512.1044921875,403000,0.0,0.0
2023-11-16 00:00:00+09:00,1491.8918597177205,1498.6294358583812,1465.904066032315,1475.5291748046875,220800,0.0,0.0
2023-11-17 00:00:00+09:00,1463.0164396454015,1486.11669921875,1456.2788639365083,1486.11669921875,134500,0.0,0.0
2023-11-20 00:00:00+09:00,1467.8289527992667,1489.004190151125,1467.8289527992667,1474.5665283203125,177300,0.0,0.0
2023-11-21 00:00:00+09:00,1469.7540425254256,1509.216986692775,1466.8665100253756,1505.366943359375,135600,0.0,0.0
2023-11-22 00:00:00+09:00,1513.0670303364018,1533.2797578408956,1506.3294545015704,1522.692138671875,148600,0.0,0.0
2023-11-24 00:00:00+09:00,1531.3548172016071,1548.6800131221785,1528.4672845481787,1545.79248046875,132100,0.0,0.0
2023-11-27 00:00:00+09:00,1545.7924801664087,1558.3051216621518,1541.9424366292571,1554.455078125,90400,0.0,0.0
2023-11-28 00:00:00+09:00,1545.79248046875,1550.6050348911308,1537.1298825084643,1545.79248046875,114800,0.0,0.0
2023-11-29 00:00:00+09:00,1536.1673041873244,1544.829901767328,1531.3547499762112,1540.9798583984375,70100,0.0,0.0
2023-11-30 00:00:00+09:00,1524.6171742298488,1560.2300753955712,1522.692152545215,1558.3050537109375,127100,0.0,0.0
2023-12-01 00:00:00+09:00,1560.2300753196575,1561.1925861619275,1546.7549235278775,1549.6424560546875,98900,0.0,0.0
2023-12-04 00:00:00+09:00,1540.017361111111,1547.7174479166665,1525.5796983506943,1541.9423828125,133900,0.0,0.0
2023-12-05 00:00:00+09:00,1515.9545357619659,1537.1297737218156,1510.1794708638251,1520.76708984375,137200,0.0,0.0
2023-12-06 00:00:00+09:00,1524.6172695014313,1534.2423785260617,1505.367051452171,1513.067138671875,169400,0.0,0.0
2023-12-07 00:00:00+09:00,1505.367011280549,1518.8421635554387,1501.5169677734375,1501.5169677734375,159900,0.0,0.0
2023-12-08 00:00:00+09:00,1485.1542012612967,1495.7418203240798,1456.2788765446157,1461.0914306640625,187300,0.0,0.0
2023-12-11 00:00:00+09:00,1476.4916180490984,1490.929280546319,1463.0164663850258,1488.041748046875,134800,0.0,0.0
2023-12-12 00:00:00+09:00,1500.554429963347,1500.554429963347,1477.4541693353033,1482.2667236328125,124100,0.0,0.0
2023-12-13 00:00:00+09:00,1473.6041124131943,1499.5919053819443,1471.6790907118054,1489.966796875,108500,0.0,0.0
2023-12-14 00:00:00+09:00,1482.266654993408,1488.0417198829928,1450.5037981006922,1460.12890625,174500,0.0,0.0
2023-12-15 00:00:00+09:00,1484.191718251303,1491.8918049867184,1464.9415014127646,1489.0042724609375,138500,0.0,0.0
2023-12-18 00:00:00+09:00,1476.4916038462925,1476.4916038462925,1445.6912574818327,1461.0914306640625,131800,0.0,0.0
2023-12-19 00:00:00+09:00,1461.0914578086451,1463.0164794921875,1443.766262656764,1463.0164794921875,124600,0.0,0.0
2023-12-20 00:00:00+09:00,1463.0165336388616,1478.4167076771655,1462.0540227614676,1466.8665771484375,142200,0.0,0.0
2023-12-21 00:00:00+09:00,1448.578830295139,1459.1664496527778,1445.6912977430554,1446.65380859375,117700,0.0,0.0
2023-12-22 00:00:00+09:00,1444.728800510164,1454.3539091078333,1429.328626753893,1438.9537353515625,105800,0.0,0.0
2023-12-25 00:00:00+09:00,1440.8787157703177,1443.7662482668516,1410.078369140625,1410.078369140625,109700,0.0,0.0
2023-12-26 00:00:00+09:00,1423.5534804060653,1432.2160776499154,1411.0408399427258,1424.5159912109375,138700,0.0,0.0
2023-12-27 00:00:00+09:00,1440.8787567517402,1477.454169414777,1437.0287133135257,1473.6041259765625,196500,0.0,0.0
2023-12-28 00:00:00+09:00,1485.1542426215278,1499.5919053819443,1475.5291341145833,1498.62939453125,102900,0.0,0.0
2023-12-29 00:00:00+09:00,1478.4166666666665,1498.62939453125,1475.5291341145833,1489.966796875,82700,0.0,0.0
2024-01-04 00:00:00+09:00,1482.266655639251,1482.266655639251,1453.391331178746,1477.4541015625,113700,0.0,0.0
2024-01-05 00:00:00+09:00,1482.2667237932203,1485.1542563720382,1462.0539957414944,1464.9415283203125,130600,0.0,0.0
2024-01-09 00:00:00+09:00,1503.4419487847222,1504.4044596354165,1463.0164930555554,1472.6416015625,102500,0.0,0.0
2024-01-10 00:00:00+09:00,1479.3792178401786,1500.554457132621,1474.5666634555328,1492.8543701171875,124600,0.0,0.0
2024-01-11 00:00:00+09:00,1511.1420492581133,1514.0295818363136,1489.9668103513118,1499.5919189453125,117500,0.0,0.0
2024-01-12 00:00:00+09:00,1501.516899869373,1501.516899869373,1482.266683204381,1496.704345703125,99300,0.0,0.0
2024-01-15 00:00:00+09:00,1496.7044133895483,1503.4419895269932,1491.891859005659,1501.5169677734375,11300,0.0,0.0
2024-01-16 00:00:00+09:00,1506.3294950402728,1506.3294950402728,1487.0792778512598,1490.9293212890625,93000,0.0,0.0
2024-01-17 00:00:00+09:00,1492.854371084081,1499.5919472269493,1457.2414686146349,1458.2039794921875,125400,0.0,0.0
2024-01-18 00:00:00+09:00,1463.0164930555554,1484.1917317708333,1454.3538953993054,1472.6416015625,147900,0.0,0.0
2024-01-19 00:00:00+09:00,1468.7915447804723,1494.779337512499,1468.7915447804723,1489.0042724609375,98600,0.0,0.0
2024-01-22 00:00:00+09:00,1493.816772851938,1502.4793701171875,1488.041708008438,1502.4793701171875,112100,0.0,0.0
2024-01-23 00:00:00+09:00,1526.5421955346153,1527.5047063766924,1502.4794244826824,1514.9920654296875,148800,0.0,0.0
2024-01-24 00:00:00+09:00,1497.6667894635882,1510.1794297354563,1489.9667031424387,1509.2169189453125,132500,0.0,0.0
2024-01-25 00:00:00+09:00,1512.1045869505754,1521.7296957153785,1499.5919455563312,1518.8421630859375,172200,0.0,0.0
2024-01-26 00:00:00+09:00,1506.3293854744204,1510.1794286321824,1491.8917236328125,1491.8917236328125,256200,0.0,0.0
2024-01-29 00:00:00+09:00,1535.2047085870327,1556.3799459468537,1464.9414209839897,1483.2291259765625,739200,0.0,0.0
2024-01-30 00:00:00+09:00,1482.2666157384072,1501.5168315272176,1476.491551001764,1491.8917236328125,234000,0.0,0.0
2024-01-31 00:00:00+09:00,1478.4166529605263,1480.3416746440687,1440.8787301314503,1463.0164794921875,518200,0.0,0.0
2024-02-01 00:00:00+09:00,1456.2789171006943,1470.716579861111,1441.8412543402778,1455.31640625,254500,0.0,0.0
2024-02-02 00:00:00+09:00,1448.5787353515625,1459.1663540152617,1444.7286922011265,1448.5787353515625,151700,0.0,0.0
2024-02-05 00:00:00+09:00,1456.2788758101997,1456.2788758101997,1432.2161052251006,1435.1036376953125,191400,0.0,0.0
2024-02-06 00:00:00+09:00,1437.9912109375,1437.9912109375,1419.7035047743054,1420.666015625,226700,0.0,0.0
2024-02-07 00:00:00+09:00,1407.1908501053642,1413.9284259950616,1401.4157850570523,1402.3782958984375,188100,0.0,0.0
2024-02-08 00:00:00+09:00,1400.4533009608851,1443.766289650397,1399.4907901011184,1438.9537353515625,221600,0.0,0.0
2024-02-09 00:00:00+09:00,1440.878647907516,1449.5412449891244,1427.403496891681,1431.2535400390625,133800,0.0,0.0
2024-02-13 00:00:00+09:00,1450.5037841796875,1454.3538274024604,1437.0286328999825,1450.5037841796875,115700,0.0,0.0
2024-02-14 00:00:00+09:00,1438.9537217881943,1441.8412543402778,1412.00341796875,1420.666015625,100000,0.0,0.0
2024-02-15 00:00:00+09:00,1421.6285264756943,1424.5160590277778,1402.3783094618054,1412.00341796875,118300,0.0,0.0
2024-02-16 00:00:00+09:00,1427.4034974613292,1446.653713205919,1412.9658356528869,1439.9161376953125,134900,0.0,0.0
2024-02-19 00:00:00+09:00,1446.6537545201634,1452.4288194084675,1439.916178817142,1451.46630859375,83900,0.0,0.0
2024-02-20 00:00:00+09:00,1455.3163926776556,1465.9040119365538,1448.5788167856294,1454.3538818359375,112000,0.0,0.0
2024-02-21 00:00:00+09:00,1462.0539138480062,1465.9039570707791,1444.7287193455281,1450.5037841796875,122300,0.0,0.0
2024-02-22 00:00:00+09:00,1453.391343831542,1459.166408773919,1442.8037247705176,1452.4288330078125,122700,0.0,0.0
2024-02-26 00:00:00+09:00,1455.316365234375,1466.8664951171875,1443.7662353515625,1443.7662353515625,113000,0.0,0.0
2024-02-27 00:00:00+09:00,1443.7662892527394,1483.2292344923142,1443.7662892527394,1482.2667236328125,224700,0.0,0.0
2024-02-28 00:00:00+09:00,1479.3791238228428,1499.591850953799,1477.4541021913233,1494.779296875,176800,0.0,0.0
2024-02-29 00:00:00+09:00,1477.4541558159722,1490.9293077256943,1454.3538953993054,1463.97900390625,109800,0.0,0.0
2024-03-01 00:00:00+09:00,1458.2038979501895,1465.9039845400255,1447.616278889165,1452.4288330078125,162200,0.0,0.0
2024-03-04 00:00:00+09:00,1454.3538817546657,1458.2039251213228,1441.8412408130307,1445.6912841796875,136500,0.0,0.0
2024-03-05 00:00:00+09:00,1443.766316569659,1457.2414688576423,1440.8787839365195,1449.5413818359375,132200,0.0,0.0
2024-03-06 00:00:00+09:00,1439.9161922993292,1453.391343831542,1431.2535948857635,1452.4288330078125,121000,0.0,0.0
2024-03-07 00:00:00+09:00,1444.728786892361,1448.578830295139,1407.1908637152778,1412.00341796875,211300,0.0,0.0
2024-03-08 00:00:00+09:00,1414.8908566626912,1439.9161371206708,1412.003324302155,1431.2535400390625,190700,0.0,0.0
2024-03-11 00:00:00+09:00,1415.8533931372103,1422.590968767367,1390.8281122252,1407.1907958984375,151600,0.0,0.0
2024-03-12 00:00:00+09:00,1395.640773643442,1417.778523846062,1381.20311046782,1414.8909912109375,128200,0.0,0.0
2024-03-13 00:00:00+09:00,1412.9659981475236,1413.9285090454441,1380.2406276182212,1382.1656494140625,175700,0.0,0.0
2024-03-14 00:00:00+09:00,1388.9030897822076,1392.753132997127,1378.315470941179,1389.8656005859375,176200,0.0,0.0
2024-03-15 00:00:00+09:00,1381.2031112110458,1389.8657091210803,1376.3905568165821,1388.9031982421875,157000,0.0,0.0
2024-03-18 00:00:00+09:00,1390.8281256675068,1408.1533203125,1388.9031040402854,1408.1533203125,155700,0.0,0.0
2024-03-19 00:00:00+09:00,1408.153280585964,1424.5159639557257,1396.603151148485,1422.5909423828125,217700,0.0,0.0
2024-03-21 00:00:00+09:00,1437.9911155469802,1440.878647907516,1429.3285184653716,1431.2535400390625,117200,0.0,0.0
2024-03-22 00:00:00+09:00,1441.8411592697717,1442.803670057001,1422.5909435251817,1439.9161376953125,102200,0.0,0.0
2024-03-25 00:00:00+09:00,1438.9537081242893,1438.9537081242893,1428.3660888671875,1428.3660888671875,112600,0.0,0.0
2024-03-26 00:00:00+09:00,1425.4785563425235,1431.2536213918515,1417.7784696100857,1428.3660888671875,86900,0.0,0.0
2024-03-27 00:00:00+09:00,1429.328586443673,1450.503824761357,1426.441053945807,1444.728759765625,142500,0.0,0.0
2024-03-28 00:00:00+09:00,1439.8346730515411,1452.5592486801406,1430.0465379526183,1433.9617919921875,121900,25.0,0.0
2024-03-29 00:00:00+09:00,1433.9618602716257,1443.7499958366197,1429.0677924891286,1434.940673828125,71100,0.0,0.0
2024-04-01 00:00:00+09:00,1436.8982380089717,1446.6863731452727,1418.30078125,1418.30078125,131600,0.0,0.0
2024-04-02 00:00:00+09:00,1419.2796443385164,1424.1737120776147,1405.576254669041,1408.5126953125,152100,0.0,0.0
2024-04-03 00:00:00+09:00,1402.6397459749055,1416.343134979545,1390.8939839709285,1407.5338134765625,134700,0.0,0.0
2024-04-04 00:00:00+09:00,1419.2796527807566,1442.7711780681623,1411.4491443516215,1426.13134765625,131300,0.0,0.0
2024-04-05 00:00:00+09:00,1410.470297689253,1419.279619465244,1398.7245353212647,1413.40673828125,143900,0.0,0.0
2024-04-08 00:00:00+09:00,1424.17367694626,1431.025371611981,1410.4702876148183,1420.2584228515625,97500,0.0,0.0
2024-04-09 00:00:00+09:00,1421.2371873796842,1430.0465087890625,1415.3643064400987,1430.0465087890625,91500,0.0,0.0
2024-04-10 00:00:00+09:00,1429.0677098908493,1438.8558448901017,1424.1736423912232,1432.004150390625,97100,0.0,0.0
2024-04-11 00:00:00+09:00,1424.1736668716242,1432.0041750056262,1414.3855317041216,1427.110107421875,113100,0.0,0.0
2024-04-12 00:00:00+09:00,1436.8982515826135,1457.4533355630188,1433.9618110139843,1444.728759765625,165300,0.0,0.0
2024-04-15 00:00:00+09:00,1431.0254237288134,1443.75,1428.0889830508474,1443.75,102900,0.0,0.0
2024-04-16 00:00:00+09:00,1432.9829839544514,1436.8982380089717,1415.3643407091097,1418.30078125,131200,0.0,0.0
2024-04-17 00:00:00+09:00,1417.3220085986982,1421.2372627660977,1390.89404296875,1390.89404296875,183700,0.0,0.0
2024-04-18 00:00:00+09:00,1392.8515965028726,1411.449052815982,1388.936342542218,1405.576171875,119900,0.0,0.0
2024-04-19 00:00:00+09:00,1419.279576090322,1425.1524570948336,1380.127036060244,1383.0634765625,593700,0.0,0.0
2024-04-22 00:00:00+09:00,1385.9999071577904,1396.766855589101,1382.0846531827685,1389.9151611328125,228600,0.0,0.0
2024-04-23 00:00:00+09:00,1401.6610211074562,1402.6398346696822,1387.957631236294,1394.809326171875,311100,0.0,0.0
2024-04-24 00:00:00+09:00,1497.584749714712,1574.9110211052102,1497.584749714712,1568.059326171875,2668400,0.0,0.0
2024-04-25 00:00:00+09:00,1539.673662352425,1575.8897624840458,1532.8219677329291,1533.80078125,676200,0.0,0.0
2024-04-26 00:00:00+09:00,1540.6525179179052,1566.1016700563205,1519.1186199546307,1564.14404296875,481500,0.0,0.0
2024-04-30 00:00:00+09:00,1564.144031285947,1595.466064453125,1542.6101334835123,1595.466064453125,353400,0.0,0.0
2024-05-01 00:00:00+09:00,1595.4660849996133,1609.1694746867265,1574.9110004689435,1581.7626953125,181600,0.0,0.0
2024-05-02 00:00:00+09:00,1570.0168793724877,1589.593149688853,1570.0168793724877,1582.741455078125,119400,0.0,0.0
2024-05-07 00:00:00+09:00,1584.6991525423728,1593.508474576271,1557.2923728813557,1559.25,170100,0.0,0.0
2024-05-08 00:00:00+09:00,1566.10161163522,1576.8685602152123,1551.4194090261399,1556.3134765625,129600,0.0,0.0
2024-05-09 00:00:00+09:00,1575.8897223017018,1575.8897223017018,1525.9702342039461,1536.7371826171875,149300,0.0,0.0
2024-05-10 00:00:00+09:00,1556.3134828669706,1572.9533125580012,1514.224501883776,1516.18212890625,167700,0.0,0.0
2024-05-13 00:00:00+09:00,1516.182109068848,1536.7371925358884,1505.4151605861125,1529.885498046875,98000,0.0,0.0
2024-05-14 00:00:00+09:00,1513.2457334431167,1522.0550553066278,1495.6270897160948,1497.584716796875,86700,0.0,0.0
2024-05-15 00:00:00+09:00,1510.3092339374075,1510.3092339374075,1488.7753368883973,1489.754150390625,75600,0.0,0.0
2024-05-16 00:00:00+09:00,1500.521199110821,1501.500012678408,1465.28391067769,1470.177978515625,91400,0.0,0.0
2024-05-17 00:00:00+09:00,1471.156703714805,1495.6270414346122,1459.4109416092977,1482.9024658203125,121400,0.0,0.0
2024-05-20 00:00:00+09:00,1482.9024465033349,1492.690581463753,1472.135498046875,1472.135498046875,60300,0.0,0.0
2024-05-21 00:00:00+09:00,1475.0720069657134,1489.754210087469,1471.1567527999118,1473.1143798828125,60500,0.0,0.0
2024-05-22 00:00:00+09:00,1468.2203327386194,1478.9872818453691,1455.4957565215514,1459.4110107421875,72800,0.0,0.0
2024-05-23 00:00:00+09:00,1460.3898428397554,1482.9025548942554,1456.4745885694074,1470.177978515625,64500,0.0,0.0
2024-05-24 00:00:00+09:00,1456.474549678156,1473.1143798828125,1441.7923465564006,1473.1143798828125,103200,0.0,0.0
2024-05-27 00:00:00+09:00,1481.9237060546875,1481.9237060546875,1460.3898080803128,1481.9237060546875,69100,0.0,0.0
2024-05-28 00:00:00+09:00,1487.7965683216898,1495.6270765760146,1471.15673828125,1471.15673828125,73900,0.0,0.0
2024-05-29 00:00:00+09:00,1471.1566903876346,1471.1566903876346,1432.004150390625,1432.004150390625,123400,0.0,0.0
2024-05-30 00:00:00+09:00,1410.4702487614984,1423.19482421875,1392.8516058206887,1423.19482421875,170300,0.0,0.0
2024-05-31 00:00:00+09:00,1423.1948765817933,1453.5380960962607,1412.427927721821,1446.6864013671875,189100,0.0,0.0
2024-06-03 00:00:00+09:00,1448.6440760005023,1470.1779744275368,1448.6440760005023,1461.36865234375,84700,0.0,0.0
2024-06-04 00:00:00+09:00,1464.3050867969268,1490.7330529356414,1461.3686461148473,1477.0296630859375,122400,0.0,0.0
2024-06-05 00:00:00+09:00,1474.0931890967058,1480.9448838667436,1460.3897995566301,1464.3050537109375,89100,0.0,0.0
2024-06-06 00:00:00+09:00,1486.817794514974,1486.817794514974,1449.622879313151,1468.2203369140625,85200,0.0,0.0
2024-06-07 00:00:00+09:00,1467.2415106851718,1467.2415106851718,1430.0465958045602,1441.7923583984375,136900,0.0,0.0
2024-06-10 00:00:00+09:00,1439.8347539167155,1463.3262794734806,1439.8347539167155,1461.36865234375,73500,0.0,0.0
2024-06-11 00:00:00+09:00,1458.4322033898304,1458.4322033898304,1443.75,1443.75,65400,0.0,0.0
2024-06-12 00:00:00+09:00,1438.8558301984406,1441.7922706682334,1427.1100683192697,1430.0465087890625,110000,0.0,0.0
2024-06-13 00:00:00+09:00,1431.025327435662,1431.025327435662,1410.470244073043,1414.385498046875,89100,0.0,0.0
2024-06-14 00:00:00+09:00,1405.5762199964463,1427.1101175172832,1402.639779425423,1420.2584228515625,129100,0.0,0.0
2024-06-17 00:00:00+09:00,1420.2584561207257,1432.9830322265625,1402.6398122818744,1432.9830322265625,128500,0.0,0.0
2024-06-18 00:00:00+09:00,1440.813520170839,1455.4957231617102,1433.9618254417655,1446.6864013671875,91100,0.0,0.0
2024-06-19 00:00:00+09:00,1448.6440472317831,1465.28387750404,1448.6440472317831,1457.453369140625,50300,0.0,0.0
2024-06-20 00:00:00+09:00,1456.4745555951981,1468.2203181403206,1440.8135388683681,1457.453369140625,76700,0.0,0.0
2024-06-21 00:00:00+09:00,1464.3050847457625,1464.3050847457625,1443.75,1443.75,88500,0.0,0.0
2024-06-24 00:00:00+09:00,1448.643964764889,1465.283794089891,1448.643964764889,1454.516845703125,80300,0.0,0.0
2024-06-25 00:00:00+09:00,1465.2838758017617,1483.881333143267,1465.2838758017617,1481.9237060546875,110000,0.0,0.0
2024-06-26 00:00:00+09:00,1481.9237060546875,1488.7754008647157,1473.1143841560797,1481.9237060546875,72700,0.0,0.0
2024-06-27 00:00:00+09:00,1483.8812793291047,1487.796533364274,1470.1778902060128,1482.9024658203125,73000,0.0,0.0
2024-06-28 00:00:00+09:00,1502.4787786367792,1515.2033546122047,1489.754202661354,1513.2457275390625,160200,0.0,0.0
2024-07-01 00:00:00+09:00,1513.2457462768946,1540.6525256402538,1513.2457462768946,1524.0126953125,148000,0.0,0.0
2024-07-02 00:00:00+09:00,1526.9491334690988,1531.8432012045769,1484.860150943989,1490.7330322265625,157100,0.0,0.0
2024-07-03 00:00:00+09:00,1497.5847066309675,1515.2033502383906,1490.7330118947473,1504.4364013671875,103100,0.0,0.0
2024-07-04 00:00:00+09:00,1516.1821434665387,1521.0762110697233,1506.3940082601698,1518.1397705078125,66100,0.0,0.0
2024-07-05 00:00:00+09:00,1531.8432055440958,1531.8432055440958,1487.7965958000163,1499.5423583984375,101400,0.0,0.0
2024-07-08 00:00:00+09:00,1500.5211135984405,1505.41518115747,1487.7965379449638,1491.7117919921875,79900,0.0,0.0
2024-07-09 00:00:00+09:00,1492.6906635493585,1506.3940532475167,1482.9025280506742,1499.5423583984375,106100,0.0,0.0
2024-07-10 00:00:00+09:00,1502.4787451936306,1504.436372223199,1483.8812884127324,1500.5211181640625,93300,0.0,0.0
2024-07-11 00:00:00+09:00,1511.2880514189026,1523.0338134765625,1497.5846623516327,1523.0338134765625,71900,0.0,0.0
2024-07-12 00:00:00+09:00,1499.542303709684,1539.6736577906872,1495.6270496530008,1524.991455078125,82800,0.0,0.0
2024-07-16 00:00:00+09:00,1524.9914207118331,1539.673623093526,1514.2244722985918,1536.7371826171875,114500,0.0,0.0
2024-07-17 00:00:00+09:00,1541.631260028041,1541.631260028041,1523.0338035578616,1529.885498046875,111700,0.0,0.0
2024-07-18 00:00:00+09:00,1527.9279365489685,1527.9279365489685,1497.584716796875,1497.584716796875,109400,0.0,0.0
2024-07-19 00:00:00+09:00,1497.5846730630228,1508.3516216928876,1480.9448433623227,1491.7117919921875,101700,0.0,0.0
2024-07-22 00:00:00+09:00,1484.8600787911364,1485.838892290669,1456.4744873046875,1456.4744873046875,124700,0.0,0.0
2024-07-23 00:00:00+09:00,1478.008418378633,1488.7753671217886,1466.2626561133725,1469.1990966796875,240500,0.0,0.0
2024-07-24 00:00:00+09:00,1364.4660842283308,1366.4237113219153,1285.1821869381624,1293.0126953125,1602900,0.0,0.0
2024-07-25 00:00:00+09:00,1293.9914913667315,1294.970304900292,1253.8601364907588,1257.775390625,761400,0.0,0.0
2024-07-26 00:00:00+09:00,1261.6906301568285,1276.372832990306,1252.881308456742,1255.8177490234375,318000,0.0,0.0
2024-07-29 00:00:00+09:00,1281.2668555475052,1286.1609229865712,1263.6482127668671,1274.4151611328125,226500,0.0,0.0
2024-07-30 00:00:00+09:00,1272.4575777666284,1283.2245265015767,1264.627069595757,1280.2880859375,193900,0.0,0.0
2024-07-31 00:00:00+09:00,1280.2881133279964,1308.6737060546875,1275.3940456164978,1308.6737060546875,198500,0.0,0.0
2024-08-01 00:00:00+09:00,1294.9702443768902,1294.9702443768902,1270.4999071815596,1274.4151611328125,240000,0.0,0.0
2024-08-02 00:00:00+09:00,1247.9872946064686,1247.9872946064686,1197.0889892578125,1197.0889892578125,543400,0.0,0.0
2024-08-05 00:00:00+09:00,1123.677934541477,1124.6567480733074,994.4745483398438,994.4745483398438,557800,0.0,0.0
2024-08-06 00:00:00+09:00,1048.309308172231,1152.0635440884369,1048.309308172231,1095.2923583984375,548400,0.0,0.0
2024-08-07 00:00:00+09:00,1066.9067077899574,1157.9363626747888,1059.0761998428752,1136.4024658203125,259400,0.0,0.0
2024-08-08 00:00:00+09:00,1125.6356161587287,1145.2118877440978,1104.1017174148226,1116.8262939453125,173700,0.0,0.0
2024-08-09 00:00:00+09:00,1146.1906060231304,1147.1694195210152,1098.228744626774,1120.741455078125,148600,0.0,0.0
2024-08-13 00:00:00+09:00,1145.2117818365875,1180.4490674315593,1139.338900904092,1176.5338134765625,167200,0.0,0.0
2024-08-14 00:00:00+09:00,1174.5762300807119,1189.2584329567208,1163.809281304972,1182.40673828125,207500,0.0,0.0
2024-08-15 00:00:00+09:00,1182.4067587285385,1186.3220128965138,1166.7457420566375,1168.703369140625,183600,0.0,0.0
2024-08-16 00:00:00+09:00,1183.3854979479527,1211.7710888830152,1178.4914305453556,1207.8558349609375,174800,0.0,0.0
2024-08-19 00:00:00+09:00,1206.8770215813042,1222.5380372709237,1183.385498046875,1183.385498046875,197300,0.0,0.0
2024-08-20 00:00:00+09:00,1206.8770552255098,1222.538071351713,1199.0465471624084,1220.5804443359375,141000,0.0,0.0
2024-08-21 00:00:00+09:00,1206.8771144959985,1219.6016907234502,1199.046606048336,1203.940673828125,101700,0.0,0.0
2024-08-22 00:00:00+09:00,1214.707631233411,1225.4745804224258,1207.855936294947,1221.559326171875,112300,0.0,0.0
2024-08-23 00:00:00+09:00,1202.9617821159486,1213.728730531958,1197.0889011617617,1209.8134765625,111200,0.0,0.0
2024-08-26 00:00:00+09:00,1203.9406906165855,1211.7711991734413,1181.427978515625,1181.427978515625,166100,0.0,0.0
2024-08-27 00:00:00+09:00,1186.3220298208842,1203.940673828125,1184.3644027089683,1203.940673828125,99800,0.0,0.0
2024-08-28 00:00:00+09:00,1197.0889973236995,1214.7076416015625,1184.3644209007982,1214.7076416015625,102300,0.0,0.0
2024-08-29 00:00:00+09:00,1199.0465814381957,1211.7711574044788,1194.1525137588562,1208.834716796875,108200,0.0,0.0
2024-08-30 00:00:00+09:00,1209.8135389128593,1233.3050639402934,1208.8347253700495,1226.453369140625,95700,0.0,0.0
2024-09-02 00:00:00+09:00,1239.177876140363,1239.177876140363,1219.6016063751124,1225.4744873046875,61200,0.0,0.0
2024-09-03 00:00:00+09:00,1231.347426641555,1238.1991213843935,1227.43217250279,1233.3050537109375,70000,0.0,0.0
2024-09-04 00:00:00+09:00,1213.728834502551,1213.728834502551,1187.3008679448342,1199.046630859375,174600,0.0,0.0
2024-09-05 00:00:00+09:00,1189.258403587975,1209.8134871067793,1175.5550145754387,1178.491455078125,175200,0.0,0.0
2024-09-06 00:00:00+09:00,1180.4491462835101,1184.3644005000392,1165.766942971526,1170.6610107421875,129400,0.0,0.0
2024-09-09 00:00:00+09:00,1141.2966322835287,1175.5551075236003,1136.4025643920897,1174.5762939453125,139600,0.0,0.0
2024-09-10 00:00:00+09:00,1169.6822180320366,1169.6822180320366,1153.0423873152629,1156.9576416015625,94800,0.0,0.0
2024-09-11 00:00:00+09:00,1151.0847436395616,1152.0635571970781,1115.8474555689627,1121.7203369140625,191200,0.0,0.0
2024-09-12 00:00:00+09:00,1146.1906255702247,1155.9787607159994,1130.529609336985,1131.5084228515625,191500,0.0,0.0
2024-09-13 00:00:00+09:00,1108.0168701821763,1115.847378098658,1102.1439892448147,1103.122802734375,180400,0.0,0.0
2024-09-17 00:00:00+09:00,1103.1228813559321,1109.9745762711864,1083.5466101694915,1097.25,218900,0.0,0.0
2024-09-18 00:00:00+09:00,1113.8897412281608,1114.868554709029,1098.2287255342674,1109.9744873046875,100900,0.0,0.0
2024-09-19 00:00:00+09:00,1123.6779147349428,1139.3389309681822,1115.8474066183228,1131.5084228515625,96900,0.0,0.0
2024-09-20 00:00:00+09:00,1149.1270264303816,1157.9363477573609,1133.4660107379746,1134.44482421875,274700,0.0,0.0
2024-09-24 00:00:00+09:00,1131.5083936055503,1152.0634768803916,1125.6355126698813,1127.5931396484375,191500,0.0,0.0
2024-09-25 00:00:00+09:00,1128.5719433340973,1141.296518584178,1120.7414354878936,1134.44482421875,117100,0.0,0.0
2024-09-26 00:00:00+09:00,1152.0635593220338,1155.978813559322,1135.4237288135594,1155.0,159700,0.0,0.0
2024-09-27 00:00:00+09:00,1166.0,1175.0,1160.0,1168.0,172100,25.0,0.0
2024-09-30 00:00:00+09:00,1138.0,1149.0,1128.0,1133.0,170800,0.0,0.0
2024-10-01 00:00:00+09:00,1111.0,1112.0,1084.0,1110.0,531200,0.0,0.0
2024-10-02 00:00:00+09:00,1109.0,1126.0,1095.0,1099.0,206600,0.0,0.0
2024-10-03 00:00:00+09:00,1128.0,1151.0,1120.0,1143.0,206800,0.0,0.0
2024-10-04 00:00:00+09:00,1153.0,1164.0,1143.0,1153.0,199100,0.0,0.0
2024-10-07 00:00:00+09:00,1183.0,1185.0,1160.0,1162.0,134700,0.0,0.0
2024-10-08 00:00:00+09:00,1157.0,1159.0,1135.0,1141.0,173800,0.0,0.0
2024-10-09 00:00:00+09:00,1144.0,1151.0,1132.0,1135.0,93700,0.0,0.0
2024-10-10 00:00:00+09:00,1141.0,1150.0,1136.0,1141.0,62300,0.0,0.0
2024-10-11 00:00:00+09:00,1138.0,1146.0,1134.0,1134.0,96100,0.0,0.0
2024-10-15 00:00:00+09:00,1146.0,1151.0,1136.0,1146.0,97000,0.0,0.0
2024-10-16 00:00:00+09:00,1139.0,1140.0,1121.0,1132.0,196100,0.0,0.0
2024-10-17 00:00:00+09:00,1139.0,1151.0,1130.0,1141.0,118000,0.0,0.0
2024-10-18 00:00:00+09:00,1144.0,1149.0,1132.0,1140.0,98900,0.0,0.0
2024-10-21 00:00:00+09:00,1138.0,1145.0,1131.0,1131.0,106000,0.0,0.0
2024-10-22 00:00:00+09:00,1132.0,1136.0,1113.0,1113.0,131300,0.0,0.0
2024-10-23 00:00:00+09:00,1114.0,1140.0,1114.0,1123.0,305000,0.0,0.0
2024-10-24 00:00:00+09:00,1011.0,1032.0,1002.0,1022.0,1159500,0.0,0.0
2024-10-25 00:00:00+09:00,1023.0,1024.0,982.0,999.0,1056200,0.0,0.0
2024-10-28 00:00:00+09:00,999.0,1069.0,996.0,1068.0,680200,0.0,0.0
2024-10-29 00:00:00+09:00,1045.0,1058.0,1029.0,1035.0,515100,0.0,0.0
2024-10-30 00:00:00+09:00,1045.0,1055.0,1027.0,1031.0,760600,0.0,0.0
2024-10-31 00:00:00+09:00,1014.0,1024.0,1007.0,1024.0,331800,0.0,0.0
2024-11-01 00:00:00+09:00,1001.0,1016.0,1000.0,1012.0,414700,0.0,0.0
2024-11-05 00:00:00+09:00,1012.0,1017.0,999.0,1004.0,320400,0.0,0.0
2024-11-06 00:00:00+09:00,1010.0,1032.0,1003.0,1032.0,332100,0.0,0.0
2024-11-07 00:00:00+09:00,1035.0,1047.0,1021.0,1046.0,354400,0.0,0.0
2024-11-08 00:00:00+09:00,1050.0,1054.0,1022.0,1025.0,194200,0.0,0.0
2024-11-11 00:00:00+09:00,1011.0,1027.0,1005.0,1026.0,241900,0.0,0.0
2024-11-12 00:00:00+09:00,1028.0,1037.0,1005.0,1010.0,191600,0.0,0.0
2024-11-13 00:00:00+09:00,1014.0,1014.0,996.0,996.0,288300,0.0,0.0
2024-11-14 00:00:00+09:00,990.0,1003.0,980.0,980.0,337400,0.0,0.0
2024-11-15 00:00:00+09:00,988.0,1006.0,988.0,1000.0,233500,0.0,0.0
2024-11-18 00:00:00+09:00,990.0,1007.0,990.0,996.0,135800,0.0,0.0
2024-11-19 00:00:00+09:00,992.0,1010.0,990.0,1010.0,268700,0.0,0.0
2024-11-20 00:00:00+09:00,1015.0,1015.0,991.0,1003.0,186600,0.0,0.0
2024-11-21 00:00:00+09:00,995.0,1007.0,995.0,1004.0,143300,0.0,0.0
2024-11-22 00:00:00+09:00,1006.0,1013.0,994.0,998.0,146300,0.0,0.0
2024-11-25 00:00:00+09:00,1006.0,1016.0,998.0,1007.0,1217800,0.0,0.0
2024-11-26 00:00:00+09:00,1007.0,1012.0,987.0,988.0,212500,0.0,0.0
2024-11-27 00:00:00+09:00,985.0,985.0,968.0,970.0,247400,0.0,0.0
2024-11-28 00:00:00+09:00,968.0,983.0,967.0,983.0,121200,0.0,0.0
2024-11-29 00:00:00+09:00,976.0,984.0,969.0,970.0,142400,0.0,0.0
2024-12-02 00:00:00+09:00,969.0,980.0,969.0,973.0,101100,0.0,0.0
2024-12-03 00:00:00+09:00,975.0,992.0,975.0,982.0,217500,0.0,0.0
2024-12-04 00:00:00+09:00,977.0,979.0,957.0,957.0,307300,0.0,0.0
2024-12-05 00:00:00+09:00,971.0,985.0,965.0,979.0,511700,0.0,0.0
2024-12-06 00:00:00+09:00,983.0,984.0,970.0,977.0,126600,0.0,0.0
2024-12-09 00:00:00+09:00,984.0,1008.0,983.0,996.0,299300,0.0,0.0
2024-12-10 00:00:00+09:00,1007.0,1008.0,995.0,1000.0,160100,0.0,0.0
2024-12-11 00:00:00+09:00,995.0,1002.0,989.0,991.0,149700,0.0,0.0
2024-12-12 00:00:00+09:00,999.0,999.0,985.0,985.0,116500,0.0,0.0
2024-12-13 00:00:00+09:00,980.0,987.0,975.0,977.0,166600,0.0,0.0
2024-12-16 00:00:00+09:00,982.0,991.0,979.0,980.0,122400,0.0,0.0
2024-12-17 00:00:00+09:00,976.0,980.0,971.0,971.0,128400,0.0,0.0
2024-12-18 00:00:00+09:00,970.0,978.0,966.0,967.0,126900,0.0,0.0
2024-12-19 00:00:00+09:00,952.0,965.0,950.0,953.0,166600,0.0,0.0
2024-12-20 00:00:00+09:00,960.0,971.0,956.0,956.0,217200,0.0,0.0
2024-12-23 00:00:00+09:00,961.0,963.0,950.0,958.0,171100,0.0,0.0
2024-12-24 00:00:00+09:00,960.0,961.0,952.0,953.0,131700,0.0,0.0
2024-12-25 00:00:00+09:00,954.0,962.0,949.0,958.0,203600,0.0,0.0
2024-12-26 00:00:00+09:00,958.0,985.0,958.0,981.0,271200,0.0,0.0
2024-12-27 00:00:00+09:00,976.0,992.0,976.0,992.0,133700,0.0,0.0
