Date,Open,High,Low,Close,Volume,Dividends,Stock Splits
2007-12-31 00:00:00+08:00,19.153455008947144,19.588761522455098,18.63108859653328,19.240516662597656,4712965,0.0,0.0
2008-01-02 00:00:00+08:00,19.15345391917656,19.71935200359018,18.718149185180664,18.718149185180664,6965889,0.0,0.0
2008-01-03 00:00:00+08:00,18.28284407321316,18.544025504415536,18.021659132521837,18.108720779418945,3665756,0.0,0.0
2008-01-04 00:00:00+08:00,17.934597888493045,18.41343432506662,17.847537994384766,17.847537994384766,3363535,0.0,0.0
2008-01-07 00:00:00+08:00,16.97692620044165,17.238111165232365,16.62868309020996,16.62868309020996,3874987,0.0,0.0
2008-01-08 00:00:00+08:00,16.106313021161,16.541619489872552,15.496885017811485,15.540416717529297,6490365,0.0,0.0
2008-01-09 00:00:00+08:00,14.887459409970456,16.10631561279297,14.887459409970456,16.10631561279297,3592843,0.0,0.0
2008-01-10 00:00:00+08:00,16.71574065499964,16.71574065499964,15.845129491566313,16.01925277709961,2353312,0.0,0.0
2008-01-11 00:00:00+08:00,16.280433038693417,16.54161794842827,16.149843215942383,16.149843215942383,1923227,0.0,0.0
2008-01-14 00:00:00+08:00,16.411028532649222,16.541620127346487,15.67100715637207,15.67100715637207,2075395,0.0,0.0
2008-01-15 00:00:00+08:00,15.932192920498032,16.75927423264467,15.932192920498032,16.454559326171875,3671040,0.0,0.0
2008-01-16 00:00:00+08:00,15.84512984966916,16.802802677512716,15.84512984966916,16.411027908325195,8180058,0.0,0.0
2008-01-17 00:00:00+08:00,16.672211046525895,16.976924170225104,16.10631298927025,16.193374633789062,3551631,0.0,0.0
2008-01-18 00:00:00+08:00,15.9757203278844,16.628679985844894,15.801598805274852,16.54161834716797,2653420,0.0,0.0
2008-01-21 00:00:00+08:00,16.585147889345283,16.62867958500656,16.149843215942383,16.149843215942383,2089132,0.0,0.0
2008-01-22 00:00:00+08:00,15.061578750610352,15.40982533403436,15.061578750610352,15.061578750610352,2218052,0.0,0.0
2008-01-23 00:00:00+08:00,15.148641085423314,15.409826034869957,14.016846656799316,14.016846656799316,5013073,0.0,0.0
2008-01-24 00:00:00+08:00,14.190968441178994,14.539213270043168,13.059173186056537,13.320356369018555,6200824,0.0,0.0
2008-01-25 00:00:00+08:00,13.58154015602464,14.234498977661133,13.58154015602464,14.234498977661133,4442445,0.0,0.0
2008-01-28 00:00:00+08:00,14.234498675801522,14.321559440733129,13.494478225708008,13.494478225708008,2977833,0.0,0.0
2008-01-29 00:00:00+08:00,13.755663076433164,14.147437857502243,13.494479011681538,13.842723846435547,3622431,0.0,0.0
2008-01-30 00:00:00+08:00,14.01684590091659,14.53921313952352,13.88625431060791,13.88625431060791,4067309,0.0,0.0
2008-01-31 00:00:00+08:00,13.842723612314819,14.016846026746906,13.320356369018555,13.320356369018555,2160989,0.0,0.0
2008-02-01 00:00:00+08:00,13.842723612314819,13.842723612314819,13.320356369018555,13.320356369018555,1749926,0.0,0.0
2008-02-12 00:00:00+08:00,13.059173567920782,13.276826811668363,12.406214714050293,12.406214714050293,2958812,0.0,0.0
2008-02-13 00:00:00+08:00,11.796786347587783,12.623866719995249,11.579133987426758,11.579133987426758,4438218,0.0,0.0
2008-02-14 00:00:00+08:00,11.796787100783483,12.362685203552246,11.796787100783483,12.362685203552246,3385726,0.0,0.0
2008-02-15 00:00:00+08:00,12.188562579124355,13.146235466003418,12.057970981344894,13.146235466003418,4454068,0.0,0.0
2008-02-18 00:00:00+08:00,13.233294604320083,13.929784255795992,13.233294604320083,13.88625431060791,4723532,0.0,0.0
2008-02-19 00:00:00+08:00,14.365091501316977,14.365091501316977,13.799193409632712,14.016846656799316,4810183,0.0,0.0
2008-02-20 00:00:00+08:00,13.40741805171529,14.365090895033843,13.40741805171529,13.538009643554688,10752111,0.0,0.0
2008-02-21 00:00:00+08:00,13.842722702381579,14.060375925457594,13.755661939574471,13.97331428527832,5599551,0.0,0.0
2008-02-22 00:00:00+08:00,13.799193588792669,13.886255239738569,13.450949617125895,13.668601989746094,3176496,0.0,0.0
2008-02-25 00:00:00+08:00,13.886253522471215,14.278028271161443,13.668600299395198,13.97331428527832,9331882,0.0,0.0
2008-02-26 00:00:00+08:00,14.103906426535326,14.234498891974269,13.581540074268368,13.799192428588867,3617147,0.0,0.0
2008-02-27 00:00:00+08:00,13.929784649598862,14.278029485181893,13.886254703180164,14.06037712097168,4759460,0.0,0.0
2008-02-29 00:00:00+08:00,14.016846859871892,14.713335681625503,13.84272443509042,14.539214134216309,7854589,0.0,0.0
2008-03-03 00:00:00+08:00,14.147437248348307,14.278028836415046,13.799192428588867,13.799192428588867,3557971,0.0,0.0
2008-03-04 00:00:00+08:00,13.92978425940494,14.756865501403809,13.92978425940494,14.756865501403809,8404083,0.0,0.0
2008-03-05 00:00:00+08:00,15.192171972375139,15.192171972375139,14.36509073037627,14.756865501403809,8779218,0.0,0.0
2008-03-06 00:00:00+08:00,14.974519458573543,15.758069038391113,14.930989511276294,15.758069038391113,13355866,0.0,0.0
2008-03-07 00:00:00+08:00,15.583948495281001,16.846334595418607,15.583948495281001,16.62868309020996,17316447,0.0,0.0
2008-03-10 00:00:00+08:00,16.628679985844894,16.889863147131372,15.758067108564235,16.54161834716797,7269167,0.0,0.0
2008-03-11 00:00:00+08:00,15.932191768798953,16.71574132066884,15.932191768798953,16.367496490478516,8464316,0.0,0.0
2008-03-12 00:00:00+08:00,16.889863940532933,16.933393884544067,16.01925277709961,16.01925277709961,5877468,0.0,0.0
2008-03-13 00:00:00+08:00,15.061579105183514,15.758068778939089,14.930989265441895,14.930989265441895,6020125,0.0,0.0
2008-03-14 00:00:00+08:00,14.365091261857112,14.800397748933948,13.88625482797039,13.929784774780273,8880663,0.0,0.0
2008-03-17 00:00:00+08:00,13.668601235394085,13.712132058464627,13.320356405574207,13.538009643554688,3064483,0.0,0.0
2008-03-18 00:00:00+08:00,13.581540074268368,13.842723250401848,13.494478430642406,13.799192428588867,2053204,0.0,0.0
2008-03-19 00:00:00+08:00,13.973314838468587,14.365090480041008,13.799192428588867,13.799192428588867,3138454,0.0,0.0
2008-03-20 00:00:00+08:00,13.494479565226568,13.842724414265618,13.494479565226568,13.668601989746094,1932738,0.0,0.0
2008-03-21 00:00:00+08:00,13.842724234540485,14.27802985150143,13.842724234540485,14.016846656799316,3303302,0.0,0.0
2008-03-24 00:00:00+08:00,14.80039635749275,14.80039635749275,13.97331428527832,13.97331428527832,4317752,0.0,0.0
2008-03-25 00:00:00+08:00,14.27803024198737,14.452152669008226,14.103907814966513,14.190969467163086,3568538,0.0,0.0
2008-03-26 00:00:00+08:00,14.365091501316977,14.539213923575806,14.016846656799316,14.016846656799316,3450186,0.0,0.0
2008-03-27 00:00:00+08:00,14.016845660281568,14.103906426535326,13.581540074268368,13.799192428588867,2019389,0.0,0.0
2008-03-28 00:00:00+08:00,13.58154069138807,14.06037712097168,13.58154069138807,14.06037712097168,1906320,0.0,0.0
2008-03-31 00:00:00+08:00,14.19096950169025,14.19096950169025,13.755663871765137,13.755663871765137,2069055,0.0,0.0
2008-04-01 00:00:00+08:00,13.9297859054043,14.713336417419063,13.886255955061268,14.452153205871582,9717584,0.0,0.0
2008-04-02 00:00:00+08:00,14.713335425840782,15.061579391977386,14.582743828868024,14.887457847595215,7292415,0.0,0.0
2008-04-03 00:00:00+08:00,14.974520483885774,15.845131772653511,14.800398928030084,15.322765350341797,6881351,0.0,0.0
2008-04-07 00:00:00+08:00,15.671006752938398,15.714538453213137,15.27923197893244,15.409825325012207,3883440,0.0,0.0
2008-04-08 00:00:00+08:00,15.496885345555162,15.540417046193626,14.800397437528853,14.843927383422852,2297306,0.0,0.0
2008-04-09 00:00:00+08:00,14.887457767273919,15.105111012635735,14.626274574737545,14.800397872924805,1675955,0.0,0.0
2008-04-10 00:00:00+08:00,14.800397322531245,15.105110450910578,14.800397322531245,15.061578750610352,1868278,0.0,0.0
2008-04-11 00:00:00+08:00,15.235702279842664,15.801600354612196,15.148640632629395,15.148640632629395,4532266,0.0,0.0
2008-04-14 00:00:00+08:00,14.974518859498799,15.148640396466355,14.669804853747241,15.061578750610352,3012704,0.0,0.0
2008-04-15 00:00:00+08:00,15.714538337362903,16.10631310848063,15.540416801780946,15.627476692199707,12056102,0.0,0.0
2008-04-16 00:00:00+08:00,15.583946909013513,15.671006800337416,15.10511048775422,15.279232025146484,4853508,0.0,0.0
2008-04-17 00:00:00+08:00,15.671007247934547,15.671007247934547,15.192172567743178,15.235702514648438,5728471,0.0,0.0
2008-04-18 00:00:00+08:00,15.322763725552889,15.583946909013513,15.061578787347814,15.279232025146484,2822495,0.0,0.0
2008-04-21 00:00:00+08:00,15.496885705569005,16.32396697998047,15.279232461553697,16.32396697998047,15644719,0.0,0.0
2008-04-22 00:00:00+08:00,16.280434195910782,16.323965894666298,15.845129491566313,16.01925277709961,6883465,0.0,0.0
2008-04-23 00:00:00+08:00,16.106314142951497,16.454558991226797,15.93219259618612,16.06278419494629,7099035,0.0,0.0
2008-04-24 00:00:00+08:00,16.106312665121873,16.323965894666298,15.758067848799664,16.01925277709961,3430108,0.0,0.0
2008-04-25 00:00:00+08:00,16.019254408407374,16.32396755700428,15.496886253356932,15.496886253356934,4849281,0.0,0.0
2008-04-28 00:00:00+08:00,15.583947148306281,15.671007040966998,15.279232259760331,15.366293907165527,2961982,0.0,0.0
2008-04-29 00:00:00+08:00,15.235702123642646,15.279232069430762,14.452151693617564,14.626274108886719,7130737,0.0,0.0
2008-04-30 00:00:00+08:00,14.539213803016173,14.97451941636755,14.539213803016173,14.800397872924805,3498795,0.0,0.0
2008-05-02 00:00:00+08:00,15.061578793258379,15.061578793258379,14.365090888671551,14.408620834350586,3275827,0.0,0.0
2008-05-05 00:00:00+08:00,14.40862184290994,14.669805922127368,14.190969467163086,14.190969467163086,1849257,0.0,0.0
2008-05-06 00:00:00+08:00,14.190969284653363,14.713335681625503,14.190969284653363,14.539214134216309,1996141,0.0,0.0
2008-05-07 00:00:00+08:00,14.539214439836462,15.061579970416659,14.539214439836462,14.713335990905762,2814041,0.0,0.0
2008-05-08 00:00:00+08:00,14.669804733632873,14.974518736889474,14.626273911061295,14.756865501403809,1407549,0.0,0.0
2008-05-09 00:00:00+08:00,14.800397039344363,15.061578462426095,14.582742928868894,14.669804573059082,2841516,0.0,0.0
2008-05-12 00:00:00+08:00,14.66980646707603,14.80039895022209,14.408622378156227,14.452153205871582,1243757,0.0,0.0
2008-05-13 00:00:00+08:00,14.452151572443794,15.453355232503807,14.452151572443794,15.192172050476074,11714782,0.0,0.0
2008-05-14 00:00:00+08:00,15.192173744763869,15.496886906197489,15.148642039741466,15.322765350341797,6855990,0.0,0.0
2008-05-15 00:00:00+08:00,15.583946871001915,15.583946871001915,15.061578750610352,15.061578750610352,3592843,0.0,0.0
2008-05-16 00:00:00+08:00,15.192172399655446,15.6274771281253,15.10511075206368,15.58394718170166,4746780,0.0,0.0
2008-05-19 00:00:00+08:00,15.93219259618612,16.236905741711666,15.671007643921234,16.06278419494629,7823944,0.0,0.0
2008-05-20 00:00:00+08:00,16.106313735965163,16.41102862853549,15.75806889648957,16.32396697998047,10380146,0.0,0.0
2008-05-21 00:00:00+08:00,16.280435372150873,16.498090372164977,15.84513063635621,15.888662338256836,5167354,0.0,0.0
2008-05-22 00:00:00+08:00,15.627476807408108,15.714538453213137,15.322763679207178,15.409825325012207,3341344,0.0,0.0
2008-05-23 00:00:00+08:00,15.845130512842912,15.845130512842912,14.97451929329551,15.018049240112305,4220534,0.0,0.0
2008-05-26 00:00:00+08:00,14.887458106406976,15.01804970565001,14.539214134216309,14.539214134216309,2493855,0.0,0.0
2008-05-27 00:00:00+08:00,15.322764257997552,15.322764257997552,14.582743750190732,14.800397872924805,1766833,0.0,0.0
2008-05-28 00:00:00+08:00,15.19217300780376,15.19217300780376,14.539214134216309,14.539214134216309,1868278,0.0,0.0
2008-05-29 00:00:00+08:00,14.626274108886719,14.93098899363691,14.539213339938255,14.626274108886719,1141256,0.0,0.0
2008-05-30 00:00:00+08:00,14.66980510001803,14.800397570994367,13.929784607307743,14.278029441833496,2263491,0.0,0.0
2008-06-02 00:00:00+08:00,14.278029242569026,14.66980489528593,14.278029242569026,14.408620834350586,1671728,0.0,0.0
2008-06-03 00:00:00+08:00,14.539212778726272,14.582742722834139,14.190967961630173,14.365090370178223,1146539,0.0,0.0
2008-06-04 00:00:00+08:00,14.452151498147206,14.88745709174632,14.278029085233118,14.756865501403809,1169787,0.0,0.0
2008-06-05 00:00:00+08:00,14.800397277434476,15.279231941322355,14.58274316345766,15.192172050476074,2602697,0.0,0.0
2008-06-06 00:00:00+08:00,15.192172979529085,15.279232875699376,14.887458078699416,14.974519729614258,3829548,0.0,0.0
2008-06-09 00:00:00+08:00,13.929784412903386,14.582743249183407,13.929784412903386,14.408620834350586,1539639,0.0,0.0
2008-06-10 00:00:00+08:00,14.539213923575806,14.756866293370145,14.016846656799316,14.016846656799316,1875675,0.0,0.0
2008-06-11 00:00:00+08:00,14.234500088777619,14.234500088777619,13.581541216172468,13.668601989746094,2378673,0.0,0.0
2008-06-12 00:00:00+08:00,13.407419228666095,13.407419228666095,12.754460334777832,12.754460334777832,3347684,0.0,0.0
2008-06-13 00:00:00+08:00,12.754459949347233,13.05917397363721,12.18856272634364,12.580337524414062,2033126,0.0,0.0
2008-06-16 00:00:00+08:00,12.710928789824449,13.059173630541565,12.580337193898593,12.841521263122559,1610439,0.0,0.0
2008-06-17 00:00:00+08:00,12.84152139153516,12.84152139153516,12.40621489759966,12.710928916931152,658335,0.0,0.0
2008-06-18 00:00:00+08:00,12.58033786509238,13.40741918657941,12.18856305641261,13.189765930175781,2147252,0.0,0.0
2008-06-19 00:00:00+08:00,12.710929299948361,13.189765755808333,12.710929299948361,12.885051727294922,877076,0.0,0.0
2008-06-20 00:00:00+08:00,12.972111679184934,13.059172442759575,12.449744465620569,12.536806106567383,965840,0.0,0.0
2008-06-23 00:00:00+08:00,12.232091546297672,12.623866308232012,12.188561602108656,12.275622367858887,888700,0.0,0.0
2008-06-24 00:00:00+08:00,12.362684372185727,12.710928322733604,12.188561958225678,12.232091903686523,1332522,0.0,0.0
2008-06-25 00:00:00+08:00,12.23209272627095,12.406215151940396,11.753257152395333,12.362685203552246,1240587,0.0,0.0
2008-06-26 00:00:00+08:00,12.53680762922169,12.841521654800145,12.362685203552246,12.362685203552246,1219453,0.0,0.0
2008-06-27 00:00:00+08:00,11.535602569580078,11.840317460537984,11.535602569580078,11.535602569580078,2221222,0.0,0.0
2008-06-30 00:00:00+08:00,11.53560284835429,11.753256973850034,10.752053260803223,10.752053260803223,2024672,0.0,0.0
2008-07-01 00:00:00+08:00,10.055564210300806,10.708522184616495,10.012032508850098,10.012032508850098,2494912,0.0,0.0
2008-07-02 00:00:00+08:00,9.576726190428612,10.447338220613512,9.576726190428612,10.31674575805664,1879902,0.0,0.0
2008-07-03 00:00:00+08:00,10.099094017088252,11.013236045837402,9.924971600559047,11.013236045837402,1819669,0.0,0.0
2008-07-04 00:00:00+08:00,11.013236590521732,11.187359015662553,10.621460914611816,10.621460914611816,1214169,0.0,0.0
2008-07-07 00:00:00+08:00,10.186155653922398,10.88264537933879,10.186155653922398,10.795583724975586,574854,0.0,0.0
2008-07-08 00:00:00+08:00,10.795582155315289,10.969705438724452,10.099093408539552,10.31674575805664,1152880,0.0,0.0
2008-07-09 00:00:00+08:00,10.447338220613512,10.70852139098289,10.31674575805664,10.31674575805664,1294480,0.0,0.0
2008-07-10 00:00:00+08:00,10.31674575805664,10.49086816409362,10.186154172871952,10.31674575805664,890813,0.0,0.0
2008-07-11 00:00:00+08:00,10.360278271479178,10.882644653320312,10.360278271479178,10.882644653320312,1388528,0.0,0.0
2008-07-14 00:00:00+08:00,10.708522565868366,10.926174939265183,10.621460914611816,10.621460914611816,720682,0.0,0.0
2008-07-15 00:00:00+08:00,10.447339208824378,10.447339208824378,9.881441116333008,9.881441116333008,1308217,0.0,0.0
2008-07-16 00:00:00+08:00,9.576727329862793,9.837910531307617,9.272013302386403,9.315544128417969,2538238,0.0,0.0
2008-07-17 00:00:00+08:00,9.750850241083022,9.83791013489354,9.620257768250486,9.794380187988281,1536468,0.0,0.0
2008-07-18 00:00:00+08:00,9.88143999427776,9.88143999427776,9.1414213180542,9.1414213180542,2251867,0.0,0.0
2008-07-21 00:00:00+08:00,8.531993000824247,9.14142188701447,8.505874507182524,8.62775993347168,3166985,0.0,0.0
2008-07-22 00:00:00+08:00,8.662585226723731,9.22848245429204,8.662585226723731,9.097890853881836,1765776,0.0,0.0
2008-07-23 00:00:00+08:00,9.489666142546838,9.70731850849624,9.228482075086408,9.576726913452148,3386783,0.0,0.0
2008-07-24 00:00:00+08:00,9.10180957829427,9.455277442932129,9.10180957829427,9.455277442932129,2999415,0.0,1.015
2008-07-25 00:00:00+08:00,9.455276671061153,9.852928095988453,9.278543191855825,9.808745384216309,3429390,0.0,0.0
2008-07-28 00:00:00+08:00,9.808745384216309,9.808745384216309,9.808745384216309,9.808745384216309,0,0.0,0.0
2008-07-29 00:00:00+08:00,9.808745384216309,9.808745384216309,9.808745384216309,9.808745384216309,0,0.0,0.0
2008-07-30 00:00:00+08:00,9.808745384216309,9.808745384216309,9.808745384216309,9.808745384216309,0,0.0,0.0
2008-07-31 00:00:00+08:00,9.808745384216309,9.808745384216309,9.808745384216309,9.808745384216309,0,0.0,0.0
2008-08-01 00:00:00+08:00,9.808745384216309,9.808745384216309,9.808745384216309,9.808745384216309,0,0.0,0.0
2008-08-04 00:00:00+08:00,9.808745384216309,9.808745384216309,9.808745384216309,9.808745384216309,0,0.0,0.0
2008-08-05 00:00:00+08:00,9.808745384216309,9.808745384216309,9.808745384216309,9.808745384216309,0,0.0,0.0
2008-08-06 00:00:00+08:00,9.808745384216309,9.808745384216309,9.808745384216309,9.808745384216309,0,0.0,0.0
2008-08-07 00:00:00+08:00,9.808745384216309,9.808745384216309,9.808745384216309,9.808745384216309,0,0.0,0.0
2008-08-08 00:00:00+08:00,9.808745384216309,9.808745384216309,9.808745384216309,9.808745384216309,0,0.0,0.0
2008-08-11 00:00:00+08:00,9.808745384216309,9.808745384216309,9.808745384216309,9.808745384216309,0,0.0,0.0
2008-08-12 00:00:00+08:00,9.808745384216309,9.808745384216309,9.808745384216309,9.808745384216309,0,0.0,0.0
2008-08-13 00:00:00+08:00,9.808745384216309,9.808745384216309,9.808745384216309,9.808745384216309,0,0.0,0.0
2008-08-14 00:00:00+08:00,9.808745384216309,9.808745384216309,9.808745384216309,9.808745384216309,0,0.0,0.0
2008-08-15 00:00:00+08:00,9.808745384216309,9.808745384216309,9.808745384216309,9.808745384216309,0,0.0,0.0
2008-08-18 00:00:00+08:00,10.383132383988182,10.427315978316697,9.897112846374512,9.897112846374512,1505433,0.0,0.0
2008-08-19 00:00:00+08:00,9.587827438494337,9.897111685132847,9.587827438494337,9.808745384216309,735018,0.0,0.0
2008-08-20 00:00:00+08:00,9.543643286819732,9.897111101768212,9.543643286819732,9.632010459899902,1015074,0.0,0.0
2008-08-21 00:00:00+08:00,9.632011130649861,9.808745489117554,9.543643951416016,9.543643951416016,780826,0.0,0.0
2008-08-22 00:00:00+08:00,9.543644488158563,9.764562448667789,9.322727405021645,9.411093711853027,897429,0.0,0.0
2008-08-25 00:00:00+08:00,9.543643305454408,9.587826892080765,9.322726249694824,9.322726249694824,610085,0.0,0.0
2008-08-26 00:00:00+08:00,9.10180944451242,9.411093711853027,9.10180944451242,9.411093711853027,578852,0.0,0.0
2008-08-27 00:00:00+08:00,9.27854394929936,9.543644628434674,9.27854394929936,9.455277442932129,1015074,0.0,0.0
2008-08-28 00:00:00+08:00,9.499459718828051,9.63201047870712,9.278542663068468,9.322726249694824,1232664,0.0,0.0
2008-08-29 00:00:00+08:00,9.45527607188842,9.45527607188842,9.01344108581543,9.01344108581543,1775079,0.0,0.0
2008-09-01 00:00:00+08:00,9.01344182396005,9.01344182396005,8.386035548384987,8.403708457946777,2533001,0.0,0.0
2008-09-02 00:00:00+08:00,8.40370770689791,8.40370770689791,7.864668659423133,7.953035831451416,2156122,0.0,0.0
2008-09-03 00:00:00+08:00,7.785139024542648,7.953036489820861,7.422834291132073,7.687935829162598,2730810,0.0,0.0
2008-09-04 00:00:00+08:00,7.511201447968172,7.58189484028224,7.157732731653312,7.246099472045898,3302375,0.0,0.0
2008-09-05 00:00:00+08:00,6.742408070712479,7.246099596302904,6.742408070712479,7.16657018661499,2463247,0.0,0.0
2008-09-08 00:00:00+08:00,7.599568614845546,7.6614251136779785,7.467017846440288,7.6614251136779785,699620,0.0,0.0
2008-09-09 00:00:00+08:00,7.758628817150109,7.758628817150109,7.1577331893150555,7.3256306648254395,917210,0.0,0.0
2008-09-10 00:00:00+08:00,7.069365673800949,7.325630322049228,7.069365673800949,7.16657018661499,1298254,0.0,0.0
2008-09-11 00:00:00+08:00,7.201915973998087,7.201915973998087,7.104712777674459,7.11354923248291,1071294,0.0,0.0
2008-09-12 00:00:00+08:00,7.140059383574795,7.246099472045898,7.069365552574598,7.246099472045898,1735517,0.0,0.0
2008-09-15 00:00:00+08:00,7.157732388940992,7.193079083405626,6.89263130308402,6.9809980392456055,2067628,0.0,0.0
2008-09-16 00:00:00+08:00,6.494979524741797,6.583346700538964,6.494979524741797,6.539163112640381,2366425,0.0,0.0
2008-09-17 00:00:00+08:00,6.539163112640381,6.804264201345771,6.185694848137823,6.539163112640381,2577768,0.0,0.0
2008-09-18 00:00:00+08:00,6.088491566769691,6.185695648193359,6.088491566769691,6.185695648193359,2464288,0.0,0.0
2008-09-19 00:00:00+08:00,6.609857128257637,6.609857128257637,6.459633012884166,6.530326843261719,1533543,0.0,0.0
2008-09-22 00:00:00+08:00,6.5303265346956705,6.724733352661133,6.3977757735082434,6.724733352661133,1956230,0.0,0.0
2008-09-23 00:00:00+08:00,6.450795952019778,6.777754854187414,6.44195949763094,6.768917083740234,1566858,0.0,0.0
2008-09-24 00:00:00+08:00,6.627530704257989,7.237263202667236,6.583347113587266,7.237263202667236,2742262,0.0,0.0
2008-09-25 00:00:00+08:00,7.246099224098435,7.679098649979414,7.246099224098435,7.5995683670043945,2641275,0.0,0.0
2008-09-26 00:00:00+08:00,7.2902833429594445,7.687936102847509,7.0693658254223015,7.334466934204102,4252902,0.0,0.0
2008-09-29 00:00:00+08:00,7.334466934204102,7.334466934204102,7.334466934204102,7.334466934204102,0,0.0,0.0
2008-09-30 00:00:00+08:00,6.821938191409414,7.069365501403809,6.821938191409414,7.069365501403809,2516343,0.0,0.0
2008-10-01 00:00:00+08:00,7.237262325574455,7.413996666838695,7.157732047479982,7.210752964019775,765210,0.0,0.0
2008-10-02 00:00:00+08:00,7.2460988631657255,7.378650059331823,6.8926310539245605,6.8926310539245605,882854,0.0,0.0
2008-10-03 00:00:00+08:00,6.45079608748787,6.954488913557181,6.45079608748787,6.813100814819336,1124390,0.0,0.0
2008-10-06 00:00:00+08:00,6.63636668258597,6.707060510319438,6.362429141998291,6.362429141998291,511181,0.0,0.0
2008-10-07 00:00:00+08:00,6.0089614626130325,6.539163686557623,6.0089614626130325,6.406613349914551,1258692,0.0,0.0
2008-10-08 00:00:00+08:00,6.18569497497159,6.318245741385212,5.96477746963501,5.96477746963501,942197,0.0,0.0
2008-10-09 00:00:00+08:00,5.920593857245641,6.04430684339234,5.54945182800293,5.54945182800293,1176445,0.0,0.0
2008-10-13 00:00:00+08:00,5.363882064819336,5.363882064819336,5.363882064819336,5.363882064819336,129096,0.0,0.0
2008-10-14 00:00:00+08:00,5.478757909179538,5.73502254486084,5.478757909179538,5.73502254486084,993211,0.0,0.0
2008-10-15 00:00:00+08:00,5.6554925326034455,5.788042864657504,5.611308942356714,5.62014627456665,632990,0.0,0.0
2008-10-16 00:00:00+08:00,5.4257378578186035,5.478757900277144,5.4257378578186035,5.4257378578186035,817265,0.0,0.0
2008-10-17 00:00:00+08:00,5.478757535480942,5.478757535480942,5.240167140960693,5.240167140960693,1312829,0.0,0.0
2008-10-20 00:00:00+08:00,5.063433993111825,5.169473648071289,5.063433993111825,5.169473648071289,791237,0.0,0.0
2008-10-21 00:00:00+08:00,5.478758239227991,5.478758239227991,5.125290390264387,5.151800632476807,1296172,0.0,0.0
2008-10-22 00:00:00+08:00,4.9927394949910635,5.116453370688924,4.9750657081604,4.9750657081604,1066088,0.0,0.0
2008-10-23 00:00:00+08:00,4.807168960571289,4.807168960571289,4.807168960571289,4.807168960571289,166576,0.0,0.0
2008-10-24 00:00:00+08:00,4.639272212982178,4.639272212982178,4.639272212982178,4.639272212982178,408112,0.0,0.0
2008-10-27 00:00:00+08:00,4.321149826049805,4.506721086556819,4.321149826049805,4.321149826049805,1294089,0.0,0.0
2008-10-28 00:00:00+08:00,4.020701848438522,4.409516867151712,4.020701848438522,4.329986572265625,1385706,0.0,0.0
2008-10-29 00:00:00+08:00,4.630433681889262,4.630433681889262,4.029537677764893,4.029537677764893,2072834,0.0,0.0
2008-10-30 00:00:00+08:00,3.755600549354105,4.294640116422442,3.755600549354105,4.215109825134277,3401280,0.0,0.0
2008-10-31 00:00:00+08:00,4.241618587003235,4.489046758319267,4.215109224826195,4.480210304260254,2459083,0.0,0.0
2008-11-03 00:00:00+08:00,4.506720527910808,4.789494514465332,4.444863156285446,4.789494514465332,1905216,0.0,0.0
2008-11-04 00:00:00+08:00,4.754147837753326,4.754147837753326,4.480210304260254,4.480210304260254,1600173,0.0,0.0
2008-11-05 00:00:00+08:00,4.595088201489533,4.789495036852924,4.52439392943965,4.736474990844727,1973929,0.0,0.0
2008-11-06 00:00:00+08:00,4.409516334533691,4.497883513149479,4.409516334533691,4.409516334533691,1792777,0.0,0.0
2008-11-07 00:00:00+08:00,4.1532514168497325,4.480210307014468,4.1532514168497325,4.400679588317871,1016115,0.0,0.0
2008-11-10 00:00:00+08:00,4.462537336273345,4.621597471012809,4.374169717379153,4.383007049560547,889101,0.0,0.0
2008-11-11 00:00:00+08:00,4.24161856538817,4.418353348587074,4.170925617218018,4.170925617218018,807895,0.0,0.0
2008-11-12 00:00:00+08:00,4.064885305585419,4.2769663772319655,3.9765181192849974,4.162089824676514,621537,0.0,0.0
2008-11-13 00:00:00+08:00,3.9765178185564762,4.029537863115332,3.8793141841888428,3.8793141841888428,892224,0.0,0.0
2008-11-14 00:00:00+08:00,3.9765179311409575,4.020701522200676,3.631886315692681,3.6407229900360107,1203514,0.0,0.0
2008-11-17 00:00:00+08:00,3.543519526917952,3.7114170057148943,3.402132511138916,3.402132511138916,1534584,0.0,0.0
2008-11-18 00:00:00+08:00,3.2695816189263067,3.2695816189263067,3.172377109527588,3.172377109527588,1194144,0.0,0.0
2008-11-19 00:00:00+08:00,2.960297155743194,3.2165606982722013,2.960297155743194,3.172377109527588,1111897,0.0,0.0
2008-11-20 00:00:00+08:00,3.1281937011955936,3.1281937011955936,3.00448048775392,3.022153615951538,945320,0.0,0.0
2008-11-21 00:00:00+08:00,2.8365830928319395,3.225398063659668,2.8277455414876576,3.225398063659668,1233705,0.0,0.0
2008-11-24 00:00:00+08:00,3.2253979391537446,3.313765114149052,3.128193651841409,3.1812145709991455,479948,0.0,0.0
2008-11-25 00:00:00+08:00,3.313765544023363,3.402132511138916,3.225398357564727,3.402132511138916,1474200,0.0,0.0
2008-11-26 00:00:00+08:00,3.4286420967844915,3.517009063900045,3.269581950794045,3.402132511138916,604880,0.0,0.0
2008-11-27 00:00:00+08:00,3.4551523217649,3.6318862438201904,3.4551523217649,3.6318862438201904,1311788,0.0,0.0
2008-11-28 00:00:00+08:00,3.7202529842077934,3.8793139871787443,3.6318860284209986,3.8262939453125,1796942,0.0,0.0
2008-12-01 00:00:00+08:00,3.7997840300841466,4.082558926952071,3.7997840300841466,4.064885139465332,1578310,0.0,0.0
2008-12-02 00:00:00+08:00,3.7909473841013233,3.932334167385324,3.7821109294891357,3.7821109294891357,1254528,0.0,0.0
2008-12-03 00:00:00+08:00,3.8704776597445476,3.932334157939653,3.6672332818897506,3.676069736480713,831840,0.0,0.0
2008-12-04 00:00:00+08:00,3.81745766160196,3.8528039190728656,3.543519230983493,3.623049736022949,629866,0.0,0.0
2008-12-05 00:00:00+08:00,3.5346826070466495,3.5877026487436003,3.481662565349698,3.4904990196228027,782908,0.0,0.0
2008-12-08 00:00:00+08:00,3.6760697127520903,3.7290899753570557,3.5611931716943572,3.7290899753570557,850580,0.0,0.0
2008-12-09 00:00:00+08:00,3.7556002050177453,3.950008345784126,3.7556002050177453,3.8616411685943604,1238911,0.0,0.0
2008-12-10 00:00:00+08:00,3.9323342174281635,4.126742362976074,3.9323342174281635,4.126742362976074,1867737,0.0,0.0
2008-12-11 00:00:00+08:00,4.17976232058637,4.321149541419775,4.17976232058637,4.232782363891602,2113437,0.0,0.0
2008-12-12 00:00:00+08:00,4.188599006652636,4.374169826507568,3.941170808159914,4.374169826507568,1739681,0.0,0.0
2008-12-15 00:00:00+08:00,4.329986265154911,4.550904661395899,4.329986265154911,4.427190780639648,1826093,0.0,0.0
2008-12-16 00:00:00+08:00,4.206272956183845,4.400679779598858,4.206272956183845,4.312312602996826,860991,0.0,0.0
2008-12-17 00:00:00+08:00,4.374169436104896,4.497883304966495,4.153251499790539,4.1885986328125,1131677,0.0,0.0
2008-12-18 00:00:00+08:00,4.223946280451763,4.2858027837326365,4.144415550477439,4.215109825134277,510140,0.0,0.0
2008-12-19 00:00:00+08:00,4.153251591502257,4.409516227811281,4.153251591502257,4.391843318939209,1384665,0.0,0.0
2008-12-22 00:00:00+08:00,4.418353351070916,4.462536937223957,4.091394901275635,4.091394901275635,1507515,0.0,0.0
2008-12-23 00:00:00+08:00,4.0913950848805305,4.0913950848805305,3.808620208548523,3.888150930404663,791237,0.0,0.0
2008-12-24 00:00:00+08:00,3.8086201593376425,3.9765176166099128,3.711416529906474,3.8262939453125,493482,0.0,0.0
2008-12-25 00:00:00+08:00,3.9676812135746884,3.9676812135746884,3.8704775828875593,3.888150930404663,346686,0.0,0.0
2008-12-26 00:00:00+08:00,3.8704777324274455,3.976517821627037,3.835131036027582,3.852803945541382,508057,0.0,0.0
2008-12-29 00:00:00+08:00,3.8351308938082727,3.958844765306209,3.8086202144622803,3.8086202144622803,246741,0.0,0.0
2008-12-30 00:00:00+08:00,3.8086208044627363,4.038375674191929,3.8086208044627363,4.020701885223389,637154,0.0,0.0
2008-12-31 00:00:00+08:00,4.038375335607516,4.100231837066517,3.994192182949108,4.064885139465332,881813,0.0,0.0
2009-01-02 00:00:00+08:00,4.064885139465332,4.064885139465332,4.064885139465332,4.064885139465332,0,0.0,0.0
2009-01-05 00:00:00+08:00,4.241618818432746,4.312312648192509,4.206273000268168,4.232782363891602,737100,0.0,0.0
2009-01-06 00:00:00+08:00,4.250456414595777,4.489047282331625,4.250456414595777,4.427190780639648,1607461,0.0,0.0
2009-01-07 00:00:00+08:00,4.5774137902477925,4.5774137902477925,4.480210595841966,4.489047050476074,1915627,0.0,0.0
2009-01-08 00:00:00+08:00,4.329986040348356,4.374169629565376,4.179762363433838,4.179762363433838,1129595,0.0,0.0
2009-01-09 00:00:00+08:00,4.056048454401148,4.303476200950818,4.056048454401148,4.153251647949219,526797,0.0,0.0
2009-01-12 00:00:00+08:00,4.038374864271566,4.17976207686055,3.9765174926599083,3.985353946685791,326906,0.0,0.0
2009-01-13 00:00:00+08:00,3.958844584608143,4.038374864271566,3.923497452446325,3.985353946685791,266522,0.0,0.0
2009-01-14 00:00:00+08:00,3.9853541677015363,4.082558676865681,3.9853541677015363,4.003028392791748,386248,0.0,0.0
2009-01-15 00:00:00+08:00,3.888150733272983,3.9234974265150915,3.737927067650976,3.7555999755859375,480989,0.0,0.0
2009-01-16 00:00:00+08:00,3.7732732176988693,3.9323342287476977,3.8793141841888428,3.8793141841888428,361262,0.0,0.0
2009-01-19 00:00:00+08:00,3.8086200154491,3.8793138406194094,3.7555999755859375,3.7555999755859375,639236,0.0,0.0
2009-01-20 00:00:00+08:00,3.7114167245779863,3.720253179342796,3.499335887959766,3.5435192584991455,780826,0.0,0.0
2009-01-21 00:00:00+08:00,3.534682856502932,3.6230498182439703,3.384458297711037,3.5523557662963867,447673,0.0,0.0
2009-02-02 00:00:00+08:00,3.552355659966369,3.6230497097979204,3.446315791605888,3.5346827507019043,516386,0.0,0.0
2009-02-03 00:00:00+08:00,3.5788663318030727,3.7821109294891357,3.5788663318030727,3.7821109294891357,876607,0.0,0.0
2009-02-04 00:00:00+08:00,3.905824579741317,4.038374900817871,3.729089794705012,4.038374900817871,1113979,0.0,0.0
2009-02-05 00:00:00+08:00,4.0383748096637575,4.197434928153661,3.923497399391915,3.97651743888855,2840126,0.0,0.0
2009-02-06 00:00:00+08:00,3.994191716769961,4.13557849067285,3.9765174926599083,3.985353946685791,1044225,0.0,0.0
2009-02-09 00:00:00+08:00,4.109068432397635,4.109068432397635,3.888150930404663,3.888150930404663,751675,0.0,0.0
2009-02-10 00:00:00+08:00,3.932333853298309,4.0207010244787895,3.8704773598952804,3.97651743888855,842251,0.0,0.0
2009-02-11 00:00:00+08:00,3.888150753734743,4.170925617218018,3.843967167606541,4.170925617218018,1348227,0.0,0.0
2009-02-12 00:00:00+08:00,4.197434928153661,4.215109152024719,3.97651743888855,3.97651743888855,1296172,0.0,0.0
2009-02-13 00:00:00+08:00,3.8969874876524537,4.126742327495838,3.8969874876524537,4.100231647491455,862032,0.0,0.0
2009-02-16 00:00:00+08:00,4.153251926502684,4.347660081382028,4.1090687733864675,4.241619110107422,1476282,0.0,0.0
2009-02-17 00:00:00+08:00,4.259292742636781,4.321149681169789,4.020701443331672,4.04721212387085,826635,0.0,0.0
2009-02-18 00:00:00+08:00,3.8439671208039186,4.0207010244787895,3.8439671208039186,3.97651743888855,450797,0.0,0.0
2009-02-19 00:00:00+08:00,3.9765180023154394,4.091395428864093,3.9411708656233104,4.011865139007568,463290,0.0,0.0
2009-02-20 00:00:00+08:00,4.011865139007568,4.117906110397803,3.9765180023154394,4.011865139007568,663182,0.0,0.0
2009-02-23 00:00:00+08:00,3.9765176693849256,4.126742220048287,3.932334081233611,4.082558631896973,707949,0.0,0.0
2009-02-24 00:00:00+08:00,4.056048391268961,4.2327823051881035,4.011864803117646,4.082558631896973,836004,0.0,0.0
2009-02-25 00:00:00+08:00,4.365332200382485,4.365332200382485,4.215108980594699,4.259292125701904,1229541,0.0,0.0
2009-02-26 00:00:00+08:00,4.365332879252906,4.365332879252906,4.215109636103301,4.2504563331604,800607,0.0,0.0
2009-02-27 00:00:00+08:00,4.303476197801051,4.542067050933838,4.223945913423456,4.542067050933838,3979092,0.0,0.0
2009-03-02 00:00:00+08:00,4.639271637338683,4.851352691650391,4.559740912957196,4.851352691650391,6217461,0.0,0.0
2009-03-03 00:00:00+08:00,4.851353044381324,4.851353044381324,4.5155576517344205,4.7276387214660645,2875523,0.0,0.0
2009-03-04 00:00:00+08:00,4.648108504830008,5.054596424102783,4.648108504830008,5.054596424102783,3080621,0.0,0.0
2009-03-05 00:00:00+08:00,5.257840049238288,5.4080645896022865,5.063433239810448,5.13412618637085,5373127,0.0,0.0
2009-03-06 00:00:00+08:00,4.957392528536259,5.3020243644714355,4.957392528536259,5.3020243644714355,2860948,0.0,0.0
2009-03-09 00:00:00+08:00,5.478758181192877,5.478758181192877,5.178310381150539,5.284351348876953,1967682,0.0,0.0
2009-03-10 00:00:00+08:00,5.302024352456163,5.646655748924203,5.284351442437043,5.611309051513672,3749008,0.0,0.0
2009-03-11 00:00:00+08:00,5.74385944581892,5.74385944581892,5.443411637335779,5.478758335113525,3512678,0.0,0.0
2009-03-12 00:00:00+08:00,5.567125221956311,5.602472356538998,5.416901545052863,5.469921588897705,1533543,0.0,0.0
2009-03-13 00:00:00+08:00,5.602472312527143,5.735022640441023,5.434574411622134,5.522941589355469,5544909,0.0,0.0
2009-03-16 00:00:00+08:00,5.434574699404381,5.522941881817108,5.3020243644714355,5.3020243644714355,3056675,0.0,0.0
2009-03-17 00:00:00+08:00,5.302024258583173,5.302024258583173,5.134126790826579,5.284351348876953,1890641,0.0,0.0
2009-03-18 00:00:00+08:00,5.390391303787379,5.628982597804482,5.284351216097695,5.469921588897705,5290880,0.0,0.0
2009-03-19 00:00:00+08:00,5.540615311321256,5.655492290087758,5.452248573303223,5.452248573303223,2980675,0.0,0.0
2009-03-20 00:00:00+08:00,5.461084588166833,5.522941080457202,5.142962602164973,5.293187141418457,2328945,0.0,0.0
2009-03-23 00:00:00+08:00,5.2931878945115365,5.434574684075262,5.284351439506875,5.408065319061279,1387789,0.0,0.0
2009-03-24 00:00:00+08:00,5.655492778203712,5.72618661340572,5.56712559387274,5.682003021240234,3581391,0.0,0.0
2009-03-25 00:00:00+08:00,5.682002781432117,6.079654216766357,5.682002781432117,6.079654216766357,3915584,0.0,0.0
2009-03-26 00:00:00+08:00,6.415449388646117,6.5038161277771,6.291735076490495,6.5038161277771,3812515,0.0,0.0
2009-03-27 00:00:00+08:00,6.954489231109619,6.954489231109619,6.954489231109619,6.954489231109619,1390912,0.0,0.0
2009-03-30 00:00:00+08:00,7.440506913316597,7.440506913316597,6.715897035784835,6.848447799682617,8674462,0.0,0.0
2009-03-31 00:00:00+08:00,7.157733035588509,7.201916188317865,6.636367271046183,6.715897560119629,3453335,0.0,0.0
2009-04-02 00:00:00+08:00,7.581894825827873,7.6790988981035975,7.201915868776577,7.378650665283203,5751047,0.0,0.0
2009-04-03 00:00:00+08:00,7.511201447968172,7.511201447968172,7.157732731653312,7.246099472045898,2556946,0.0,0.0
2009-04-06 00:00:00+08:00,7.078202833408293,7.246099419595841,6.980998322964729,7.069365501403809,2745386,0.0,0.0
2009-04-07 00:00:00+08:00,6.804264173476679,7.4051601768012505,6.804264173476679,7.343303680419922,2599631,0.0,0.0
2009-04-08 00:00:00+08:00,7.290283141475379,7.502363759427785,7.219590187072754,7.219590187072754,2165492,0.0,0.0
2009-04-09 00:00:00+08:00,7.3963243080099295,7.723282337188721,7.3963243080099295,7.723282337188721,5337730,0.0,0.0
2009-04-10 00:00:00+08:00,8.253483998366159,8.262320890997914,7.935362882600474,8.085586547851562,9431343,0.0,0.0
2009-04-13 00:00:00+08:00,8.30650502745127,8.571605682373047,8.12977067258859,8.571605682373047,5223209,0.0,0.0
2009-04-14 00:00:00+08:00,8.571605629305129,9.145992279052734,8.306504976024623,9.145992279052734,7783279,0.0,0.0
2009-04-15 00:00:00+08:00,9.145992657179157,9.676194863032764,9.145992657179157,9.587827682495117,6347599,0.0,0.0
2009-04-16 00:00:00+08:00,9.897111509893977,10.250580216790594,9.8529279215319,10.073845863342285,5426224,0.0,0.0
2009-04-17 00:00:00+08:00,10.427315452823159,10.51568263702685,9.411093711853027,9.411093711853027,5672965,0.0,0.0
2009-04-20 00:00:00+08:00,8.757177352905273,9.14599277688543,8.757177352905273,8.757177352905273,6093570,0.0,0.0
2009-04-21 00:00:00+08:00,8.147443879231822,9.05762548906954,8.147443879231822,8.969258308410645,5697951,0.0,0.0
2009-04-22 00:00:00+08:00,8.96925816696421,9.455276775551283,8.83670739806621,8.925074577331543,4729726,0.0,0.0
2009-04-23 00:00:00+08:00,9.101808648670275,9.190175825147335,8.324178723993283,8.783686637878418,4563150,0.0,0.0
2009-04-24 00:00:00+08:00,8.783686641968869,9.057625064649766,8.668809663444089,8.730666160583496,2667303,0.0,0.0
2009-04-27 00:00:00+08:00,8.836707366371678,9.322726850587811,8.412546135740579,8.562768936157227,9269972,0.0,0.0
2009-04-28 00:00:00+08:00,8.56276838120545,8.74833962044467,7.970708847045898,7.970708847045898,4886933,0.0,0.0
2009-04-29 00:00:00+08:00,7.5112012431193715,7.917689553897724,7.413997173309326,7.413997173309326,5888473,0.0,0.0
2009-04-30 00:00:00+08:00,7.811649961046961,7.926526069641113,7.467018125775346,7.926526069641113,6090447,0.0,0.0
2009-05-04 00:00:00+08:00,7.9530371352193505,8.439055783677379,7.9530371352193505,8.218138694763184,5142003,0.0,0.0
2009-05-05 00:00:00+08:00,8.483239060778537,8.483239060778537,7.643752574920654,7.643752574920654,5565731,0.0,0.0
2009-05-06 00:00:00+08:00,7.113548627745525,7.8823425037168295,7.113548627745525,7.511200904846191,3809392,0.0,0.0
2009-05-07 00:00:00+08:00,7.511201283067527,7.864669114250108,7.511201283067527,7.776302814483643,3783364,0.0,0.0
2009-05-08 00:00:00+08:00,7.687936323420857,8.306505741221047,7.511201953371569,8.173954963684082,4401779,0.0,0.0
2009-05-11 00:00:00+08:00,8.315341875925132,8.350688574962541,7.953037114076276,7.961874008178711,2740180,0.0,0.0
2009-05-12 00:00:00+08:00,7.961873086931953,8.023730461119317,7.49352740478955,7.5995683670043945,2603796,0.0,0.0
2009-05-13 00:00:00+08:00,7.334466546767219,7.7321192856496195,7.334466546767219,7.537711143493652,1996833,0.0,0.0
2009-05-14 00:00:00+08:00,7.5112013765606465,7.767466017978209,7.369813715904396,7.5642218589782715,2045765,0.0,0.0
2009-05-15 00:00:00+08:00,7.8558330984340285,7.997219879958165,7.705608546349335,7.776302814483643,2900510,0.0,0.0
2009-05-18 00:00:00+08:00,7.776302826563743,8.262321424209388,7.776302826563743,8.006056785583496,2947359,0.0,0.0
2009-05-19 00:00:00+08:00,8.191627460469297,8.297668428091185,7.687935935068281,7.70560884475708,3019196,0.0,0.0
2009-05-20 00:00:00+08:00,7.917689596007779,7.917689596007779,7.652588064591664,7.776302814483643,1879189,0.0,0.0
2009-05-21 00:00:00+08:00,8.297668086826622,8.315340995788574,8.297668086826622,8.315340995788574,2376836,0.0,0.0
2009-05-22 00:00:00+08:00,8.880889892578125,8.880889892578125,8.880889892578125,8.880889892578125,2865112,0.0,0.0
2009-05-25 00:00:00+08:00,9.499459266662598,9.499459266662598,9.499459266662598,9.499459266662598,2219629,0.0,0.0
2009-05-26 00:00:00+08:00,10.16221410370034,10.16221410370034,8.836708068847656,8.836708068847656,9711400,0.0,0.0
2009-05-27 00:00:00+08:00,8.65997317610451,9.05762548906954,8.394871634127822,8.969258308410645,9883182,0.0,0.0
2009-06-01 00:00:00+08:00,9.278543350358847,9.278543350358847,8.509749412536621,8.509749412536621,4119640,0.0,0.0
2009-06-02 00:00:00+08:00,8.70415719645963,8.70415719645963,8.12977137117176,8.173954963684082,3453335,0.0,0.0
2009-06-03 00:00:00+08:00,8.173953931210484,8.306504692004616,8.138606359767618,8.226973533630371,1741763,0.0,0.0
2009-06-04 00:00:00+08:00,8.235811154151664,8.518584701576653,8.226973384079395,8.341851234436035,1906257,0.0,0.0
2009-06-05 00:00:00+08:00,8.518584622594119,8.553932193066698,8.350687172338098,8.39487075805664,1757380,0.0,0.0
2009-06-08 00:00:00+08:00,8.483238841853227,8.659973203734905,8.165117692364028,8.244647979736328,3350266,0.0,0.0
2009-06-09 00:00:00+08:00,8.244647634591525,8.262321420988728,7.670261859893799,7.670261859893799,2904674,0.0,0.0
2009-06-10 00:00:00+08:00,7.670261720189458,7.908852567972616,7.511201155000686,7.573057651519775,1777161,0.0,0.0
2009-06-11 00:00:00+08:00,7.6084055668234605,7.7586283683776855,7.511201493769695,7.7586283683776855,1642859,0.0,0.0
2009-06-12 00:00:00+08:00,7.749792435037488,8.041403779939273,7.634915451257337,7.70560884475708,1549159,0.0,0.0
2009-06-15 00:00:00+08:00,7.431671289710992,7.467017986474156,7.16657018661499,7.16657018661499,2717276,0.0,0.0
2009-06-16 00:00:00+08:00,7.095875843331261,7.166570113508708,6.715897321601939,6.8572845458984375,1809435,0.0,0.0
2009-06-17 00:00:00+08:00,6.8926316809871615,7.051692692171088,6.715897321601939,6.8572845458984375,1327405,0.0,0.0
2009-06-18 00:00:00+08:00,6.857284549245155,7.04285580216466,6.380102392832749,6.547999858856201,1279514,0.0,0.0
2009-06-19 00:00:00+08:00,6.547999763016724,6.618694032193961,6.22987862252204,6.424285888671875,1625160,0.0,0.0
2009-06-22 00:00:00+08:00,6.424286060830984,6.680550709706794,6.406613151092262,6.521490573883057,2415356,0.0,0.0
2009-06-23 00:00:00+08:00,6.362429146823668,6.441959428905318,6.282898426055908,6.282898426055908,1447131,0.0,0.0
2009-06-24 00:00:00+08:00,6.362429159380431,6.671713834022864,6.318245571762068,6.5921831130981445,1361761,0.0,0.0
2009-06-25 00:00:00+08:00,6.5921831065601975,6.7865912428370745,6.5921831065601975,6.698224067687988,1415898,0.0,0.0
2009-06-26 00:00:00+08:00,6.804264305282082,6.883794589239927,6.547999667030254,6.636366844177246,1358638,0.0,0.0
2009-06-29 00:00:00+08:00,6.715896982955117,6.715896982955117,6.539163071167774,6.5921831130981445,1107732,0.0,0.0
2009-06-30 00:00:00+08:00,6.671713927632081,6.839611387463146,6.547999617353192,6.7954277992248535,2411192,0.0,0.0
2009-07-01 00:00:00+08:00,6.892631538105726,6.93681468835,6.698224273235323,6.813100814819336,1043184,0.0,0.0
2009-07-02 00:00:00+08:00,6.998671823682755,7.042854969641684,6.89263086958587,6.901467323303223,1343021,0.0,0.0
2009-07-03 00:00:00+08:00,6.715896710617885,7.0340178266721525,6.715896710617885,6.8926310539245605,718360,0.0,0.0
2009-07-06 00:00:00+08:00,6.892631430137427,6.892631430137427,6.768917119858538,6.7954277992248535,887018,0.0,0.0
2009-07-07 00:00:00+08:00,6.724733910539391,7.007509242146921,6.724733910539391,6.927978515625,1427350,0.0,0.0
2009-07-08 00:00:00+08:00,6.927978090355539,7.378650424904295,6.813100673777423,7.1842427253723145,2918209,0.0,0.0
2009-07-09 00:00:00+08:00,7.246099606326882,7.325630332183225,7.078203015812661,7.087039470672607,1676174,0.0,0.0
2009-07-10 00:00:00+08:00,7.113549414310783,7.272610430476095,7.095876065556003,7.131223201751709,1083787,0.0,0.0
2009-07-13 00:00:00+08:00,7.131222680835451,7.1400591352242895,6.760080629351396,6.768917083740234,1154582,0.0,0.0
2009-07-14 00:00:00+08:00,6.804264253660842,6.892631430137427,6.724733531620246,6.7954277992248535,737100,0.0,0.0
2009-07-15 00:00:00+08:00,6.813100668433328,7.263773441314697,6.813100668433328,7.263773441314697,3669884,0.0,0.0
2009-07-16 00:00:00+08:00,7.599568164445079,7.599568164445079,7.2726097094937145,7.29911994934082,3906215,0.0,0.0
2009-07-17 00:00:00+08:00,7.334466818153175,7.511201619021533,7.334466818153175,7.396324634552002,1968724,0.0,0.0
2009-07-20 00:00:00+08:00,7.5112013908242785,7.8469954404475715,7.422834212417846,7.740955352783203,2404945,0.0,0.0
2009-07-21 00:00:00+08:00,8.041403583890625,8.041403583890625,7.732119336840361,7.740955352783203,2812016,0.0,0.0
2009-07-22 00:00:00+08:00,7.829322706583548,8.120934050908605,7.776303100249734,8.0944242477417,4366382,0.0,0.0
2009-07-23 00:00:00+08:00,8.112097881892074,8.27115757526824,7.961873327117922,8.156281471252441,5020194,0.0,0.0
2009-07-24 00:00:00+08:00,8.262321564810707,8.721830368041992,8.218137975420838,8.721830368041992,8259062,0.0,0.0
2009-07-27 00:00:00+08:00,8.83670805540377,9.013442427081204,8.421382808385196,8.527422904968262,7417852,0.0,0.0
2009-07-28 00:00:00+08:00,8.545096571878668,8.969258706939133,8.447892493360388,8.792524337768555,13415641,0.0,0.0
2009-07-29 00:00:00+08:00,8.836706615242052,8.925073786679134,8.39487075805664,8.39487075805664,3986379,0.0,0.0
2009-07-30 00:00:00+08:00,8.30650583871197,8.394872147401427,8.041404280526624,8.067914962768555,3246156,0.0,0.0
2009-07-31 00:00:00+08:00,8.306504476784502,8.368361847834597,8.076749655219809,8.085586547851562,2476781,0.0,0.0
2009-08-03 00:00:00+08:00,8.218137591395424,8.333014567492095,8.085586829419782,8.27999496459961,2306041,0.0,0.0
2009-08-04 00:00:00+08:00,8.394870814220644,8.474401970943848,7.864668659423133,7.953035831451416,2555905,0.0,0.0
2009-08-05 00:00:00+08:00,7.953036295984321,8.06791415275436,7.670261855400413,7.723282337188721,1883353,0.0,0.0
2009-08-06 00:00:00+08:00,7.723282341713166,7.8116495189547,7.520038185006536,7.670261859893799,1267021,0.0,0.0
2009-08-10 00:00:00+08:00,7.634915492428113,7.732119567043632,7.431671326991164,7.679099082946777,853703,0.0,0.0
2009-08-11 00:00:00+08:00,7.687935841372096,7.900016896658878,7.537711285300651,7.864669322967529,1352391,0.0,0.0
2009-08-12 00:00:00+08:00,7.811649799346924,7.900016979760318,7.77630310265602,7.811649799346924,977594,0.0,0.0
2009-08-13 00:00:00+08:00,7.8823441313844285,8.120935020489426,7.8823441313844285,8.041404724121094,1635571,0.0,0.0
2009-08-14 00:00:00+08:00,8.04140356794001,8.218137924402313,7.891179013998154,7.900016784667969,1268062,0.0,0.0
2009-08-17 00:00:00+08:00,7.864669454308813,7.900017028590472,7.687935969761902,7.732119560241699,797484,0.0,0.0
2009-08-18 00:00:00+08:00,7.6437522927213415,7.793975972228095,7.511201522783006,7.555385112762451,1478364,0.0,0.0
2009-08-19 00:00:00+08:00,7.7763026782679425,7.7763026782679425,7.608405220119872,7.626078128814697,725648,0.0,0.0
2009-08-20 00:00:00+08:00,7.758628447522319,7.758628447522319,7.422834389871385,7.475854873657227,802689,0.0,0.0
2009-08-21 00:00:00+08:00,7.979546719063614,7.979546719063614,7.599568220310851,7.608405113220215,1963518,0.0,0.0
2009-08-24 00:00:00+08:00,7.811649847630878,7.891179257647781,7.714444895728593,7.732119560241699,1099403,0.0,0.0
2009-08-25 00:00:00+08:00,7.855832964491174,7.855832964491174,7.573057651519775,7.573057651519775,921375,0.0,0.0
2009-08-26 00:00:00+08:00,7.520038239248096,7.705608610896031,7.4846906661987305,7.4846906661987305,2524672,0.0,0.0
2009-08-27 00:00:00+08:00,7.484690511704657,7.57305768775956,7.1577324867248535,7.1577324867248535,1265980,0.0,0.0
2009-08-28 00:00:00+08:00,7.246099224093642,7.369813533782175,7.095875551223644,7.1577324867248535,1212883,0.0,0.0
2009-08-31 00:00:00+08:00,7.246099308059981,7.246099308059981,6.989834670005665,7.078202724456787,789155,0.0,0.0
2009-09-01 00:00:00+08:00,7.069365261096261,7.396324161155505,7.069365261096261,7.343303680419922,1160828,0.0,0.0
2009-09-02 00:00:00+08:00,7.1577330986635745,7.334467027196846,7.1577330986635745,7.228426933288574,930745,0.0,0.0
2009-09-03 00:00:00+08:00,7.228426404891649,7.440507015891282,7.210753495884976,7.387487411499023,1186856,0.0,0.0
2009-09-04 00:00:00+08:00,7.3874876061436945,7.643752251156519,7.3874876061436945,7.581894874572754,1986422,0.0,0.0
2009-09-07 00:00:00+08:00,7.643752048775585,7.820485525680756,7.643752048775585,7.776302814483643,2331027,0.0,0.0
2009-09-08 00:00:00+08:00,8.12977081109432,8.12977081109432,7.643752204313965,7.6614251136779785,1555406,0.0,0.0
2009-09-09 00:00:00+08:00,7.687935810818502,7.829322595532944,7.484690772390037,7.502363681793213,1118143,0.0,0.0
2009-09-10 00:00:00+08:00,7.776302426678903,7.776302426678903,7.405159950256348,7.405159950256348,1311788,0.0,0.0
2009-09-11 00:00:00+08:00,7.405160486645098,7.643752221252173,7.334466655601747,7.502363681793213,1607461,0.0,0.0
2009-09-14 00:00:00+08:00,7.422834066450646,7.537711045171096,7.378650478116283,7.413997173309326,725648,0.0,0.0
2009-09-15 00:00:00+08:00,7.413997082871228,7.7674657852344176,7.413997082871228,7.626078128814697,2390370,0.0,0.0
2009-09-16 00:00:00+08:00,7.661425094941872,8.156281471252441,7.643752185621077,8.156281471252441,6950397,0.0,0.0
2009-09-17 00:00:00+08:00,8.147443764852316,8.147443764852316,7.864669317136998,7.917689800262451,3765666,0.0,0.0
2009-09-18 00:00:00+08:00,7.776302865957723,8.085587110618212,7.776302865957723,7.979547023773193,1613708,0.0,0.0
2009-09-21 00:00:00+08:00,8.085586694427692,8.173953867602796,7.961872827456989,8.076749801635742,2335191,0.0,0.0
2009-09-22 00:00:00+08:00,8.173954117735084,8.633462905883789,8.129770529795465,8.633462905883789,7202344,0.0,0.0
2009-09-23 00:00:00+08:00,8.92507458098538,9.01344176028689,8.173954434294805,8.30650520324707,10202800,0.0,0.0
2009-09-24 00:00:00+08:00,8.218138652650188,8.30650583871197,8.050241174607267,8.067914962768555,2914044,0.0,0.0
2009-09-25 00:00:00+08:00,8.067915004111743,8.37719927954055,8.067915004111743,8.218138694763184,2116560,0.0,0.0
2009-09-28 00:00:00+08:00,8.218137986618022,8.218137986618022,7.953036449917606,7.997220039367676,1557488,0.0,0.0
2009-09-29 00:00:00+08:00,8.041404049086498,8.35952520785519,8.041404049086498,8.12977123260498,3706323,0.0,0.0
2009-09-30 00:00:00+08:00,8.129771508248572,8.306505881277795,8.129771508248572,8.218138694763184,1585598,0.0,0.0
2009-10-01 00:00:00+08:00,8.218139105994,8.253485806894107,7.979548216889002,8.041404724121094,2082204,0.0,0.0
2009-10-02 00:00:00+08:00,7.732119251361479,7.9442003017179035,7.732119251361479,7.8469953536987305,1394035,0.0,0.0
2009-10-05 00:00:00+08:00,7.846994874068601,7.9972194174655575,7.732118778752896,7.953035831451416,781867,0.0,0.0
2009-10-06 00:00:00+08:00,8.041403003479699,8.085586589493841,7.953035831451416,7.953035831451416,1084828,0.0,0.0
2009-10-07 00:00:00+08:00,8.041402934522026,8.041402934522026,7.846994806778041,7.855832576751709,1513762,0.0,0.0
2009-10-08 00:00:00+08:00,7.864669114250108,7.9530362913888135,7.776302814483643,7.776302814483643,1255569,0.0,0.0
2009-10-09 00:00:00+08:00,7.855832576751709,7.9530357632515205,7.846994806778041,7.855832576751709,737100,0.0,0.0
2009-10-12 00:00:00+08:00,8.120933765093373,8.129770658295419,7.953036303743461,8.006056785583496,942197,0.0,0.0
2009-10-13 00:00:00+08:00,7.953036750737262,8.023731022954701,7.864669568494679,7.926526069641113,1135842,0.0,0.0
2009-10-14 00:00:00+08:00,7.873506296776573,8.200465215153868,7.873506296776573,8.0944242477417,1759462,0.0,0.0
2009-10-15 00:00:00+08:00,8.218137803067245,8.651135917160271,8.129770626140774,8.315340995788574,4680794,0.0,0.0
2009-10-16 00:00:00+08:00,8.306504545677535,8.403707733316473,8.173953787218414,8.18278980255127,1774037,0.0,0.0
2009-10-19 00:00:00+08:00,8.006057130887829,8.262321780566513,8.006057130887829,8.138607025146484,1049430,0.0,0.0
2009-10-20 00:00:00+08:00,8.173953350904483,8.341850793849474,8.173953350904483,8.262320518493652,1256610,0.0,0.0
2009-10-21 00:00:00+08:00,8.262322148708726,8.394872048873374,8.173954963684082,8.173954963684082,1160828,0.0,0.0
2009-10-22 00:00:00+08:00,8.173955510525774,8.262322701462226,7.997221128652868,8.041404724121094,905758,0.0,0.0
2009-10-23 00:00:00+08:00,8.041403400349541,8.129770576739036,8.041403400349541,8.059076309204102,821429,0.0,0.0
2009-10-26 00:00:00+08:00,8.041404280526624,8.30650583871197,8.041404280526624,8.067914962768555,1122308,0.0,0.0
2009-10-27 00:00:00+08:00,8.129770649185389,8.165117344581724,8.08558706059691,8.11209774017334,799566,0.0,0.0
2009-10-28 00:00:00+08:00,8.156281687446498,8.156281687446498,7.864669463515113,7.908853054046631,1069211,0.0,0.0
2009-10-29 00:00:00+08:00,7.687935543059355,7.846995231637167,7.511201190949433,7.5995683670043945,1885435,0.0,0.0
2009-10-30 00:00:00+08:00,7.776302719114317,7.776302719114317,7.564221672056855,7.5995683670043945,865155,0.0,0.0
2009-11-02 00:00:00+08:00,7.422833937185167,7.687935462574715,7.422833937185167,7.652587890625,922416,0.0,0.0
2009-11-03 00:00:00+08:00,7.652588380768884,7.705608864717169,7.5465474128723145,7.5465474128723145,653812,0.0,0.0
2009-11-04 00:00:00+08:00,7.599568464597495,7.732119230382144,7.599568464597495,7.723282337188721,605921,0.0,0.0
2009-11-05 00:00:00+08:00,7.732119230382144,7.864669118794555,7.7056085508018715,7.723282337188721,562195,0.0,0.0
2009-11-06 00:00:00+08:00,7.864669274283805,7.864669274283805,7.634915310945829,7.6614251136779785,440386,0.0,0.0
2009-11-09 00:00:00+08:00,7.732119239504449,7.758628164371519,7.5995684735634175,7.617241382598877,482030,0.0,0.0
2009-11-10 00:00:00+08:00,7.758628164371519,7.758628164371519,7.617241382598877,7.617241382598877,561154,0.0,0.0
2009-11-11 00:00:00+08:00,7.599568604001851,7.838159460367519,7.599568604001851,7.767466068267822,840169,0.0,0.0
2009-11-12 00:00:00+08:00,7.820485493718219,7.846995295802588,7.687935605924135,7.696771621704102,1195185,0.0,0.0
2009-11-13 00:00:00+08:00,7.687935976524966,7.723282673465443,7.6614252957904005,7.679099082946777,514304,0.0,0.0
2009-11-16 00:00:00+08:00,7.6879357905894485,8.200465077261347,7.6879357905894485,7.997220039367676,1792777,0.0,0.0
2009-11-17 00:00:00+08:00,8.006056985616137,8.041403681935224,7.864669322967529,7.864669322967529,1044225,0.0,0.0
2009-11-18 00:00:00+08:00,7.864668659423133,8.041403003479699,7.864668659423133,7.953035831451416,948443,0.0,0.0
2009-11-19 00:00:00+08:00,7.953036449917606,8.112097898361208,7.953036449917606,7.997220039367676,1396117,0.0,0.0
2009-11-20 00:00:00+08:00,7.953036644578148,7.953036644578148,7.864669463515113,7.908853054046631,788114,0.0,0.0
2009-11-23 00:00:00+08:00,7.9088529127094525,7.979547182719887,7.864669322967529,7.864669322967529,753757,0.0,0.0
2009-11-24 00:00:00+08:00,7.882342904038805,8.306505003539302,7.882342904038805,8.11209774017334,2473658,0.0,0.0
2009-11-25 00:00:00+08:00,8.094423962859475,8.191627155965259,7.970709212775312,8.006056785583496,1258692,0.0,0.0
2009-11-26 00:00:00+08:00,8.006058023220987,8.08558831958932,7.970710444948506,8.041404724121094,1467953,0.0,0.0
2009-11-27 00:00:00+08:00,7.997219884579204,7.997219884579204,7.60840535779092,7.723282337188721,1475241,0.0,0.0
2009-11-30 00:00:00+08:00,7.953035431931563,8.262320518493652,7.767465081892024,8.262320518493652,4880686,0.0,0.0
2009-12-01 00:00:00+08:00,8.35068731425408,8.739502699710538,8.35068731425408,8.492074966430664,6702615,0.0,0.0
2009-12-02 00:00:00+08:00,8.659972533439657,9.057624816894531,8.615788946389115,9.057624816894531,4902549,0.0,0.0
2009-12-03 00:00:00+08:00,9.676194190979004,9.676194190979004,9.676194190979004,9.676194190979004,4198764,0.0,0.0
2009-12-04 00:00:00+08:00,10.338949203491211,10.338949203491211,9.720378910625236,10.338949203491211,22952136,0.0,0.0
2009-12-07 00:00:00+08:00,11.045884132385254,11.045884132385254,11.001700543213378,11.045884132385254,8387118,0.0,0.0
2009-12-08 00:00:00+08:00,11.797004699707031,11.797004699707031,11.797004699707031,11.797004699707031,3651145,0.0,0.0
2009-12-09 00:00:00+08:00,12.592307090759277,12.592307090759277,11.841187883737092,12.592307090759277,24433624,0.0,0.0
2009-12-10 00:00:00+08:00,12.459756879083086,12.592307642853415,11.75282122705245,12.150472640991211,15863272,0.0,0.0
2009-12-11 00:00:00+08:00,12.813227174194912,12.989960670471191,12.194657743797093,12.989960670471191,13045009,0.0,0.0
2009-12-14 00:00:00+08:00,13.255061308640004,13.255061308640004,12.548123910028394,13.03414249420166,8857696,0.0,0.0
2009-12-15 00:00:00+08:00,13.034142665670313,13.210877895020444,12.636491251092256,12.769042015075684,6810889,0.0,0.0
2009-12-16 00:00:00+08:00,12.769041401096576,13.652712241123957,12.45975630000673,13.475977897644043,9434467,0.0,0.0
2009-12-17 00:00:00+08:00,13.475978992936357,14.138731957480672,12.989959508864203,13.520162582397461,9259561,0.0,0.0
2009-12-18 00:00:00+08:00,13.07832602146813,14.050364062716508,13.07832602146813,13.917813301086426,6543326,0.0,0.0
2009-12-21 00:00:00+08:00,14.227098613771398,14.315465789447446,13.255061436079323,13.343428611755371,5475155,0.0,0.0
2009-12-22 00:00:00+08:00,13.343428775635466,13.520162251785926,12.724858538306036,13.122509956359863,7585469,0.0,0.0
2009-12-23 00:00:00+08:00,12.945775443840933,13.696896437087338,12.945775443840933,13.343428611755371,6443380,0.0,0.0
2009-12-24 00:00:00+08:00,13.696898165065653,13.696898165065653,12.989960670471191,12.989960670471191,4769288,0.0,0.0
2009-12-25 00:00:00+08:00,13.0783278572955,13.210879514904295,12.901593483646884,12.989960670471191,3349225,0.0,0.0
2009-12-28 00:00:00+08:00,12.989958931610287,13.03414251910794,12.724858283996582,12.724858283996582,3580350,0.0,0.0
2009-12-29 00:00:00+08:00,12.636491735277989,13.25506199090208,12.636491735277989,12.945775985717773,3781282,0.0,0.0
2009-12-30 00:00:00+08:00,13.122509669028112,13.343428483466456,12.813225434507748,13.03414249420166,3314869,0.0,0.0
2009-12-31 00:00:00+08:00,13.07832602146813,13.917813301086426,13.034142434258102,13.917813301086426,11965386,0.0,0.0
2010-01-04 00:00:00+08:00,14.227100260612385,14.845669684574258,13.917815109945286,14.80148696899414,11687411,0.0,0.0
2010-01-05 00:00:00+08:00,15.3758708016451,15.3758708016451,13.829447004038585,13.917813301086426,6927493,0.0,0.0
2010-01-06 00:00:00+08:00,13.829446647594665,14.403831511776238,13.785263061523438,13.785263061523438,3649062,0.0,0.0
2010-01-07 00:00:00+08:00,13.829447627906218,14.094548285753264,12.901592254638672,12.901592254638672,6166447,0.0,0.0
2010-01-08 00:00:00+08:00,12.989959433045104,13.16669378985797,12.194656582131712,12.901592254638672,4108188,0.0,0.0
2010-01-11 00:00:00+08:00,13.255061436079323,13.431794910059194,12.680674794185014,13.343428611755371,3758378,0.0,0.0
2010-01-12 00:00:00+08:00,13.078325781943409,13.431794473149974,13.078325781943409,13.210877418518066,1394035,0.0,0.0
2010-01-13 00:00:00+08:00,13.25506199090208,13.25506199090208,12.945775985717773,12.945775985717773,1420063,0.0,0.0
2010-01-14 00:00:00+08:00,13.25506129331413,13.431794765390473,13.166693241217637,13.29924488067627,2103026,0.0,0.0
2010-01-15 00:00:00+08:00,13.299244368114653,13.387610662061022,13.078325562446098,13.166692733764648,2577768,0.0,0.0
2010-01-18 00:00:00+08:00,12.989960127780027,14.050365447998047,12.724859455754746,14.050365447998047,5873897,0.0,0.0
2010-01-19 00:00:00+08:00,14.580566231864617,14.66893340628467,13.696896242408505,13.917813301086426,9197095,0.0,0.0
2010-01-20 00:00:00+08:00,14.227098702117832,14.889852523803711,13.873629997218696,14.889852523803711,12087195,0.0,0.0
2010-01-21 00:00:00+08:00,14.668934852553434,14.668934852553434,13.961998264865521,14.050365447998047,8289254,0.0,0.0
2010-01-22 00:00:00+08:00,13.696895826993936,13.873629293101663,13.122509210684218,13.475977897644043,5255483,0.0,0.0
2010-01-25 00:00:00+08:00,13.475979635008922,14.403833303155855,13.43179604344266,14.050365447998047,8772326,0.0,0.0
2010-01-26 00:00:00+08:00,13.91781351798163,13.91781351798163,13.078326225280762,13.078326225280762,6968096,0.0,0.0
2010-01-27 00:00:00+08:00,12.901592182760806,13.078326538589042,12.194656514192355,12.238840103149414,4308080,0.0,0.0
2010-01-28 00:00:00+08:00,12.194656111396954,12.813225458991889,12.194656111396954,12.724858283996582,2808893,0.0,0.0
2010-01-29 00:00:00+08:00,12.45975731472942,12.503940904197709,12.106289476355355,12.283023834228516,2331027,0.0,0.0
2010-02-01 00:00:00+08:00,12.327206992684983,12.459756879083086,11.75282122705245,12.150472640991211,2156122,0.0,0.0
2010-02-02 00:00:00+08:00,12.548123932321904,12.548123932321904,11.752821112215306,11.797004699707031,2115519,0.0,0.0
2010-02-03 00:00:00+08:00,11.929556237626327,12.371391296386719,11.797006334158846,12.371391296386719,1544995,0.0,0.0
2010-02-04 00:00:00+08:00,12.459758483613266,12.503942077226538,12.283024986532512,12.371391296386719,1212883,0.0,0.0
2010-02-05 00:00:00+08:00,11.752821128366861,12.06210536386175,11.531902313232422,11.531902313232422,2723523,0.0,0.0
2010-02-08 00:00:00+08:00,10.604049682617188,10.736600457190054,10.383131724995742,10.604049682617188,2075957,0.0,0.0
2010-02-09 00:00:00+08:00,10.604049118038745,11.222618489072758,10.42731476135124,11.045884132385254,1663681,0.0,0.0
2010-02-10 00:00:00+08:00,11.576085756154155,11.752820981528036,11.399351408152485,11.48771858215332,2366425,0.0,0.0
2010-02-22 00:00:00+08:00,11.752820981528036,12.017921626158335,11.48771858215332,11.48771858215332,1324281,0.0,0.0
2010-02-23 00:00:00+08:00,11.797005403130992,11.797005403130992,11.310985911741984,11.443535804748535,760004,0.0,0.0
2010-02-24 00:00:00+08:00,11.443534995152902,11.752820981528036,11.399351408152485,11.48771858215332,1257651,0.0,0.0
2010-02-25 00:00:00+08:00,11.57608643198921,11.797005257261189,11.310985771881803,11.399352073669434,1303459,0.0,0.0
2010-02-26 00:00:00+08:00,11.399351721377624,11.620269662449976,11.134251069463033,11.266801834106445,941156,0.0,0.0
2010-03-01 00:00:00+08:00,11.266802733176467,11.62027058972608,11.04588477447527,11.57608699798584,1152500,0.0,0.0
2010-03-02 00:00:00+08:00,11.752821128366861,11.752821128366861,11.531902313232422,11.531902313232422,1258692,0.0,0.0
2010-03-03 00:00:00+08:00,11.531902169153739,11.664452930154992,11.355167821152067,11.48771858215332,995293,0.0,0.0
2010-03-04 00:00:00+08:00,11.487719149736003,12.150472987487467,11.487719149736003,11.664453506469727,2852619,0.0,0.0
2010-03-05 00:00:00+08:00,11.708637095653158,11.929555041570312,11.576086328102866,11.664453506469727,1668886,0.0,0.0
2010-03-08 00:00:00+08:00,11.885371816541468,11.885371816541468,11.620270273318468,11.752821922302246,2249821,0.0,0.0
2010-03-09 00:00:00+08:00,11.84118830347175,11.84118830347175,11.487718725679978,11.531902313232422,1903134,0.0,0.0
2010-03-10 00:00:00+08:00,11.929555255524912,12.327207565307617,11.664453715669774,12.327207565307617,5119098,0.0,0.0
2010-03-11 00:00:00+08:00,12.813224925862631,13.166692733764648,12.592306997566256,13.166692733764648,17315609,0.0,0.0
2010-03-12 00:00:00+08:00,13.078326081614886,13.29924489605323,12.945775319375208,13.03414249420166,10803516,0.0,0.0
2010-03-15 00:00:00+08:00,13.078325684383804,13.917812942364929,13.078325684383804,13.785263061523438,13923699,0.0,0.0
2010-03-16 00:00:00+08:00,13.696896032999003,14.050363847902897,13.475978100326447,13.829446792602539,7995663,0.0,0.0
2010-03-17 00:00:00+08:00,14.050364777565967,14.40383261585758,13.608529760358385,14.138731956481934,9032601,0.0,0.0
2010-03-18 00:00:00+08:00,14.403832359445826,14.403832359445826,13.696896695447208,13.741080284118652,5902007,0.0,0.0
2010-03-19 00:00:00+08:00,13.741081184406502,14.315466997395626,13.741081184406502,14.050365447998047,6416312,0.0,0.0
2010-03-22 00:00:00+08:00,14.050365447998047,14.050365447998047,14.050365447998047,14.050365447998047,0,0.0,0.0
2010-03-23 00:00:00+08:00,15.508422010999297,16.03862510282211,15.066587855891525,15.24332046508789,14369290,0.0,0.0
2010-03-24 00:00:00+08:00,15.375872285674253,15.64097207977656,14.580567639133553,14.66893482208252,7128425,0.0,0.0
2010-03-25 00:00:00+08:00,14.668933118936234,15.110768982381419,14.492198773558162,15.022401809692383,3816680,0.0,0.0
2010-03-26 00:00:00+08:00,15.375871274689874,15.906072582777627,15.11076974327376,15.552605628967285,9098191,0.0,0.0
2010-03-29 00:00:00+08:00,15.861890557429295,15.861890557429295,15.199137577604617,15.464239120483398,4478821,0.0,0.0
2010-03-30 00:00:00+08:00,15.46423905689836,15.640971663346317,14.757301612128359,14.84566879272461,5779157,0.0,0.0
2010-03-31 00:00:00+08:00,14.84566879272461,15.19913751510961,14.668934431532108,14.84566879272461,4741178,0.0,0.0
2010-04-01 00:00:00+08:00,14.889852837872786,15.64097121950997,14.84566837145619,15.331686973571777,6760916,0.0,0.0
2010-04-02 00:00:00+08:00,15.64097121950997,15.773522864015263,15.154952617394382,15.331686973571777,4538163,0.0,0.0
2010-04-06 00:00:00+08:00,15.331686620719003,15.552605438228634,15.066586847298575,15.199136734008789,4640191,0.0,0.0
2010-04-07 00:00:00+08:00,15.28750409755117,15.640971051361513,15.11076974327376,15.552605628967285,5166989,0.0,0.0
2010-04-08 00:00:00+08:00,15.552606125319354,15.685156017885424,14.934035865607122,15.110770225524902,6165406,0.0,0.0
2010-04-09 00:00:00+08:00,15.02240228363468,15.243319344954797,14.403832055296128,14.58056640625,6025898,0.0,0.0
2010-04-12 00:00:00+08:00,14.845669684574258,14.978221340803913,14.668935312764487,14.80148696899414,2980675,0.0,0.0
2010-04-13 00:00:00+08:00,14.934034513689815,14.978218977041688,14.403831481933594,14.403831481933594,3069168,0.0,0.0
2010-04-14 00:00:00+08:00,14.492200500849485,15.375872333062622,14.448016909238827,15.287505149841309,6590176,0.0,0.0
2010-04-15 00:00:00+08:00,15.375871057748226,15.729338006571423,14.934035178288664,15.508420944213867,12468238,0.0,0.0
2010-04-16 00:00:00+08:00,15.552605438228634,15.596788148883887,15.15495226860908,15.199136734008789,5464744,0.0,0.0
2010-04-19 00:00:00+08:00,15.022402868269353,15.110770047185321,14.138731956481934,14.138731956481934,5872856,0.0,0.0
2010-04-20 00:00:00+08:00,14.403832759684628,14.49219993948297,13.475979126546555,14.182915687561035,5184688,0.0,0.0
2010-04-21 00:00:00+08:00,14.315466416050432,14.668934256854056,14.315466416050432,14.492199897766113,4125887,0.0,0.0
2010-04-22 00:00:00+08:00,14.403832577347158,14.624750524046426,14.227099097359998,14.448016166687012,2196725,0.0,0.0
2010-04-23 00:00:00+08:00,14.448016375833227,15.243320118090972,14.448016375833227,15.110770225524902,4819261,0.0,0.0
2010-04-26 00:00:00+08:00,15.28750391006375,15.37587108611871,14.934035205843905,15.199136734008789,4217504,0.0,0.0
2010-04-27 00:00:00+08:00,15.199136155070455,15.420053209420853,15.022401809692383,15.022401809692383,3895803,0.0,0.0
2010-04-28 00:00:00+08:00,14.138731955566922,14.889852976304036,14.138731955566922,14.757301330566406,2457000,0.0,0.0
2010-04-29 00:00:00+08:00,15.022402697545521,15.022402697545521,14.713118452226789,14.978219985961914,2577768,0.0,0.0
2010-04-30 00:00:00+08:00,15.110769459111616,15.199136634588552,14.403832055296128,14.58056640625,3003579,0.0,0.0
2010-05-03 00:00:00+08:00,14.580567119281314,14.580567119281314,14.138732097661864,14.182915687561035,2449713,0.0,0.0
2010-05-04 00:00:00+08:00,14.271282338861072,14.536382991066551,13.917813632757456,14.315465927124023,2817222,0.0,0.0
2010-05-05 00:00:00+08:00,13.60852932945488,13.87362998043632,13.387611389160156,13.387611389160156,4394491,0.0,0.0
2010-05-06 00:00:00+08:00,13.255061308640004,13.564345543160368,12.989958906788434,13.03414249420166,2300835,0.0,0.0
2010-05-07 00:00:00+08:00,12.15047415038494,12.989960670471191,12.15047415038494,12.989960670471191,5093071,0.0,0.0
2010-05-10 00:00:00+08:00,12.989958391127548,13.431794247720298,12.813224925862631,13.166692733764648,3545993,0.0,0.0
2010-05-11 00:00:00+08:00,13.431794928469433,13.475978516368016,13.078326225280762,13.078326225280762,3154539,0.0,0.0
2010-05-12 00:00:00+08:00,13.255060782455379,13.387610662061022,13.122509148105372,13.166692733764648,2680837,0.0,0.0
2010-05-13 00:00:00+08:00,13.343429737682431,14.050365447998047,13.343429737682431,14.050365447998047,5705239,0.0,0.0
2010-05-14 00:00:00+08:00,14.050365070990424,14.050365070990424,13.520162863794258,13.608530044555664,4850494,0.0,0.0
2010-05-17 00:00:00+08:00,13.255061454247322,13.255061454247322,13.034142637382178,13.078326225280762,2561111,0.0,0.0
2010-05-18 00:00:00+08:00,13.078325562446098,13.431794247720298,12.989958391127548,13.166692733764648,2055135,0.0,0.0
2010-05-19 00:00:00+08:00,13.0783278572955,13.166695044119807,12.636492800546296,12.989960670471191,1893764,0.0,0.0
2010-05-20 00:00:00+08:00,12.989960729600204,13.166695104053296,12.194657799305965,12.371391296386719,2940072,0.0,0.0
2010-05-21 00:00:00+08:00,11.752821461424102,11.92955493927002,11.531902640029156,11.92955493927002,5513676,0.0,0.0
2010-05-24 00:00:00+08:00,12.10628847410613,12.150472059916572,11.885370545053922,11.973737716674805,1463789,0.0,0.0
2010-05-25 00:00:00+08:00,11.929554930628807,11.929554930628807,11.17843479886794,11.310985565185547,2820345,0.0,0.0
2010-05-26 00:00:00+08:00,10.559865300047152,11.310985422320915,10.559865300047152,11.266801834106445,2322698,0.0,0.0
2010-05-27 00:00:00+08:00,11.266801849704217,11.929554796466556,11.266801849704217,11.885371208190918,1521050,0.0,0.0
2010-05-28 00:00:00+08:00,12.327208580145784,12.459758483613266,12.017923424852873,12.371391296386719,2310205,0.0,0.0
2010-05-31 00:00:00+08:00,12.548124493666,12.548124493666,12.106289476355355,12.283023834228516,2447630,0.0,0.0
2010-06-01 00:00:00+08:00,12.1946567546038,12.901592437109128,12.106289574947567,12.636491775512695,3895803,0.0,0.0
2010-06-02 00:00:00+08:00,12.724858955168928,12.98995961676536,12.459757416200231,12.636491775512695,2555905,0.0,0.0
2010-06-03 00:00:00+08:00,12.945776171141205,12.989959761461487,12.680675506591797,12.680675506591797,2081163,0.0,0.0
2010-06-04 00:00:00+08:00,12.901591873686426,13.34342863004449,12.813225575261484,13.078326225280762,5242990,0.0,0.0
2010-06-07 00:00:00+08:00,12.548124136898128,13.961997204939701,12.548124136898128,13.69689655303955,6614121,0.0,0.0
2010-06-08 00:00:00+08:00,13.785264306643219,13.829447896705219,13.255062103271484,13.255062103271484,2463247,0.0,0.0
2010-06-09 00:00:00+08:00,13.299246209369587,13.520163290879323,12.724859516276286,12.813226699829102,2276890,0.0,0.0
2010-06-10 00:00:00+08:00,12.989959289706581,13.12251005585359,12.813225812216142,12.85740852355957,1050472,0.0,0.0
2010-06-11 00:00:00+08:00,13.122510455713217,13.431795586147217,13.078326865651217,13.255062103271484,2183191,0.0,0.0
2010-06-14 00:00:00+08:00,13.741080093631714,13.741080093631714,13.387611389160156,13.387611389160156,2131135,0.0,0.0
2010-06-15 00:00:00+08:00,13.696895889380983,14.006180114507384,13.564345131167302,13.785263061523438,4727644,0.0,0.0
2010-06-17 00:00:00+08:00,14.05036488283775,14.403832723777708,13.785264221475847,13.87363052368164,2553823,0.0,0.0
2010-06-18 00:00:00+08:00,13.87363070946761,14.006181480609719,13.608530044555664,13.608530044555664,1124390,0.0,0.0
2010-06-21 00:00:00+08:00,13.785263729463678,13.961997204939701,13.56434578840336,13.69689655303955,1708448,0.0,0.0
2010-06-22 00:00:00+08:00,13.785263872790095,13.917813761432186,13.652713106775765,13.741080284118652,1144171,0.0,0.0
2010-06-23 00:00:00+08:00,13.696897083243767,13.741080673166168,13.387611953786955,13.564346313476562,934909,0.0,0.0
2010-06-24 00:00:00+08:00,13.431795403475252,13.652713350780775,13.431795403475252,13.520162582397461,1201431,0.0,0.0
2010-06-25 00:00:00+08:00,13.34342817772053,13.431794473149974,13.16669295474505,13.210877418518066,1576228,0.0,0.0
2010-06-28 00:00:00+08:00,13.210877418518066,13.210877418518066,13.210877418518066,13.210877418518066,0,0.0,0.0
2010-06-29 00:00:00+08:00,13.122510964891653,13.343429801145994,12.813226699829102,12.813226699829102,1322199,0.0,0.0
2010-06-30 00:00:00+08:00,12.371389958020934,12.548124313354492,12.327207246559789,12.548124313354492,1629324,0.0,0.0
2010-07-01 00:00:00+08:00,12.45975675901066,12.769041871494235,12.371389584015352,12.724858283996582,631948,0.0,0.0
2010-07-02 00:00:00+08:00,12.724858283996582,13.078326106605594,12.680674696498928,12.724858283996582,1169157,0.0,0.0
2010-07-05 00:00:00+08:00,12.901592598464413,13.608530044555664,12.901592598464413,13.608530044555664,6182064,0.0,0.0
2010-07-06 00:00:00+08:00,13.608529208215273,14.006180619830836,13.475978445219345,13.961997032165527,7634401,0.0,0.0
2010-07-07 00:00:00+08:00,14.138731527597788,14.624750119520469,13.785263700028263,14.006180763244629,9465700,0.0,0.0
2010-07-08 00:00:00+08:00,14.271282723932295,14.801485797393788,14.227099134477172,14.757301330566406,11914372,0.0,0.0
2010-07-09 00:00:00+08:00,15.0224017773552,15.773521866222959,15.0224017773552,15.640970230102539,20913658,0.0,0.0
2010-07-12 00:00:00+08:00,15.640971441611198,15.861890267342229,15.243320011937673,15.375871658325195,7854074,0.0,0.0
2010-07-13 00:00:00+08:00,15.375871439988373,15.86189004210396,15.287504261899675,15.331686973571777,7148206,0.0,0.0
2010-07-14 00:00:00+08:00,15.640970959418025,15.685155425099884,14.889852590271106,14.934035301208496,6000912,0.0,0.0
2010-07-15 00:00:00+08:00,14.84567060582966,15.817707956359007,14.580569031663995,15.77352523803711,9706194,0.0,0.0
2010-07-16 00:00:00+08:00,15.99444063446459,16.17117499840553,15.199137751474941,15.24332046508789,9440713,0.0,0.0
2010-07-19 00:00:00+08:00,15.022401905854153,15.95025634765625,14.934034732599457,15.95025634765625,5996747,0.0,0.0
2010-07-20 00:00:00+08:00,16.17117576699603,17.05484762870025,16.17117576699603,16.745561599731445,17533200,0.0,0.0
2010-07-21 00:00:00+08:00,16.966478080448386,17.054845254316287,16.392092327679237,16.56882667541504,8976382,0.0,0.0
2010-07-22 00:00:00+08:00,16.347909927368164,16.701378667466738,16.347909927368164,16.347909927368164,6041515,0.0,0.0
2010-07-23 00:00:00+08:00,16.78974427969623,17.408312762179115,16.56882721520155,17.054845809936523,16729469,0.0,0.0
2010-07-26 00:00:00+08:00,17.23158100634303,17.89433580922616,17.23158100634303,17.319948196411133,9377206,0.0,0.0
2010-07-27 00:00:00+08:00,17.49667934718283,17.585046520940992,16.878110885620117,16.878110885620117,5506388,0.0,0.0
2010-07-28 00:00:00+08:00,17.054845026795842,18.02688217163086,16.701376336039694,18.02688217163086,9529207,0.0,0.0
2010-07-29 00:00:00+08:00,18.38035325743222,18.9547390773839,17.761782968006386,18.822187423706055,13798767,0.0,0.0
2010-07-30 00:00:00+08:00,18.733818720616238,18.733818720616238,17.93851588200859,17.98270034790039,8136212,0.0,0.0
2010-08-02 00:00:00+08:00,17.938518526887844,18.20362009709215,17.23158100634303,17.319948196411133,8368378,0.0,0.0
2010-08-03 00:00:00+08:00,17.452499938563733,17.585049846898666,16.789746887399588,17.010663986206055,6794232,0.0,0.0
2010-08-04 00:00:00+08:00,17.187395095825195,17.496679326236286,17.010660748520458,17.187395095825195,4659972,0.0,0.0
2010-08-05 00:00:00+08:00,17.231579729168654,17.319946912687136,16.03862538378606,16.25954246520996,7313742,0.0,0.0
2010-08-06 00:00:00+08:00,16.303726156311114,17.099029015280184,16.303726156311114,16.61301040649414,6632861,0.0,0.0
2010-08-09 00:00:00+08:00,16.74555807858808,16.78974253975481,16.480458330564865,16.524641036987305,3277389,0.0,0.0
2010-08-10 00:00:00+08:00,16.61300907898139,17.143210357678587,16.61300907898139,16.789743423461914,3308622,0.0,0.0
2010-08-11 00:00:00+08:00,16.61300938497678,17.18739513774593,16.436275037240982,16.56882667541504,4741178,0.0,0.0
2010-08-12 00:00:00+08:00,16.34790852260852,17.231578542177434,16.303725811265092,17.143211364746094,6630779,0.0,0.0
2010-08-13 00:00:00+08:00,17.496679326236286,17.496679326236286,17.099027922172827,17.187395095825195,7837416,0.0,0.0
2010-08-16 00:00:00+08:00,17.496680399204852,18.380352189918945,17.364130507969996,18.159433364868164,11774864,0.0,0.0
2010-08-17 00:00:00+08:00,18.115251783048844,18.159434497969176,17.452498776031486,17.58504867553711,7255440,0.0,0.0
2010-08-18 00:00:00+08:00,17.850148020845765,17.850148020845765,17.143210631626808,17.187395095825195,5424141,0.0,0.0
2010-08-19 00:00:00+08:00,16.96647863318976,17.408312762179115,16.96647863318976,17.054845809936523,4439259,0.0,0.0
2010-08-20 00:00:00+08:00,16.87811194439867,17.05484630300169,16.480460514914135,16.61301040649414,5415813,0.0,0.0
2010-08-23 00:00:00+08:00,16.61301176255559,16.833928851469786,16.436277389526367,16.436277389526367,2754756,0.0,0.0
2010-08-24 00:00:00+08:00,16.436275971625495,17.585047542470214,16.436275971625495,17.231578826904297,8855614,0.0,0.0
2010-08-25 00:00:00+08:00,17.231577805279176,17.231577805279176,16.65719205391098,17.187395095825195,5889514,0.0,0.0
2010-08-26 00:00:00+08:00,17.231578576399542,17.496680109220055,16.833927154541016,16.833927154541016,4781781,0.0,0.0
2010-08-27 00:00:00+08:00,16.833928599963087,17.054847440321318,16.480461613930267,16.966480255126953,2306041,0.0,0.0
2010-08-30 00:00:00+08:00,17.14321312689859,17.18739759752823,16.436277389526367,16.436277389526367,2081163,0.0,0.0
2010-08-31 00:00:00+08:00,16.347908876359263,16.347908876359263,15.287504478981687,15.375871658325195,4520465,0.0,0.0
2010-09-01 00:00:00+08:00,15.640970363892617,16.082806230166092,15.59678765463747,15.95025634765625,2544453,0.0,0.0
2010-09-02 00:00:00+08:00,16.082806092596627,16.34790761009308,15.596787521225322,15.640970230102539,3104566,0.0,0.0
2010-09-03 00:00:00+08:00,15.817704995326107,16.171173694711914,15.729337820479655,16.038623809814453,3217005,0.0,0.0
2010-09-06 00:00:00+08:00,16.17117574236289,16.30372739878894,15.994441370291261,16.126991271972656,3508514,0.0,0.0
2010-09-07 00:00:00+08:00,16.082806937055036,16.082806937055036,15.46423845182858,15.552605628967285,5296086,0.0,0.0
2010-09-08 00:00:00+08:00,15.287505489003925,15.861891315313265,15.287505489003925,15.420055389404297,3425225,0.0,0.0
2010-09-09 00:00:00+08:00,15.640971727658032,15.729338908617626,15.420054652631325,15.464239120483398,2385164,0.0,0.0
2010-09-10 00:00:00+08:00,15.59678743817603,16.038623298317447,15.59678743817603,15.906071662902832,3637610,0.0,0.0
2010-09-13 00:00:00+08:00,16.038624938123128,16.08280765128237,15.729338927030225,15.817706108093262,2394534,0.0,0.0
2010-09-14 00:00:00+08:00,15.994440470219333,16.08280765128237,15.817706108093262,15.817706108093262,2308123,0.0,0.0
2010-09-15 00:00:00+08:00,15.861891229961222,16.789745792004997,15.817706760235762,16.657194137573242,5375210,0.0,0.0
2010-09-16 00:00:00+08:00,16.613010437436262,17.805966482856295,16.436276078504072,17.540864944458008,17091772,0.0,0.0
2010-09-17 00:00:00+08:00,17.540864083367712,17.673413968687647,17.14321091791902,17.2757625579834,13820630,0.0,0.0
2010-09-20 00:00:00+08:00,17.143212776085548,17.143212776085548,16.436277053179822,16.657194137573242,6764040,0.0,0.0
2010-09-21 00:00:00+08:00,16.78974253975481,16.833925246177248,16.303723995386527,16.524641036987305,5954062,0.0,0.0
2010-09-23 00:00:00+08:00,16.568828020530987,16.613010733679637,16.12699036057713,16.392093658447266,3487691,0.0,0.0
2010-09-24 00:00:00+08:00,16.392093335612625,16.657193118772636,16.171174509986592,16.61301040649414,4097777,0.0,0.0
2010-09-27 00:00:00+08:00,16.78974556632085,16.87811274983933,16.25954246520996,16.25954246520996,3239909,0.0,0.0
2010-09-28 00:00:00+08:00,16.25954274234352,16.56882876730209,16.25954274234352,16.347909927368164,1700119,0.0,0.0
2010-09-29 00:00:00+08:00,16.568828020530987,16.701377914721498,16.34790919055406,16.392093658447266,2591303,0.0,0.0
2010-09-30 00:00:00+08:00,16.613011482442094,16.613011482442094,16.347909927368164,16.347909927368164,1708448,0.0,0.0
2010-10-01 00:00:00+08:00,16.48046055532545,16.524643267712282,16.259541729157704,16.303726196289062,1542913,0.0,0.0
2010-10-04 00:00:00+08:00,16.303726122352437,16.436276013656357,15.685155868530273,15.685155868530273,3984297,0.0,0.0
2010-10-05 00:00:00+08:00,15.773521713852844,16.038623228788452,15.729337250658059,15.861888885498047,2234205,0.0,0.0
2010-10-06 00:00:00+08:00,16.082806321796674,16.878110885620117,15.86188926477348,16.878110885620117,5662554,0.0,0.0
2010-10-07 00:00:00+08:00,16.789743296715354,16.789743296715354,16.171173095703125,16.171173095703125,3352348,0.0,0.0
2010-10-08 00:00:00+08:00,16.126988715601353,16.34790752304425,15.906071662902832,15.906071662902832,2510097,0.0,0.0
2010-10-11 00:00:00+08:00,16.08280765128237,16.126990364441607,15.817706108093262,15.817706108093262,1933326,0.0,0.0
2010-10-12 00:00:00+08:00,15.729338580716743,15.906072938951645,15.64097140159929,15.685155868530273,2112396,0.0,0.0
2010-10-13 00:00:00+08:00,15.685155933565396,16.038624651500786,15.685155933565396,15.729338645935059,1496063,0.0,0.0
2010-10-14 00:00:00+08:00,15.906073004902753,15.950257472016938,15.685155933565396,15.729338645935059,1797983,0.0,0.0
2010-10-15 00:00:00+08:00,15.729338397598667,15.90607275377606,15.287504261899675,15.331686973571777,1936449,0.0,0.0
2010-10-18 00:00:00+08:00,15.331685910134794,15.331685910134794,14.271281601366725,14.403831481933594,5532416,0.0,0.0
2010-10-19 00:00:00+08:00,14.403832082135088,14.49219925777668,14.138731432582533,14.271282196044922,2675632,0.0,0.0
2010-10-20 00:00:00+08:00,13.96199705528367,14.668933581726936,13.96199705528367,14.58056640625,1593927,0.0,0.0
2010-10-21 00:00:00+08:00,14.668934682056134,14.845669046267002,14.580567499950702,14.624751091003418,1322199,0.0,0.0
2010-10-22 00:00:00+08:00,14.801485222314563,14.801485222314563,14.448015643034596,14.58056640625,1012992,0.0,0.0
2010-10-25 00:00:00+08:00,14.668935312764487,14.889854154899027,14.668935312764487,14.80148696899414,880772,0.0,0.0
2010-10-26 00:00:00+08:00,14.845669023593066,15.33168764705836,14.845669023593066,15.24332046508789,2799523,0.0,0.0
2010-10-27 00:00:00+08:00,15.287504695705861,15.375871876302112,14.84566879272461,14.84566879272461,1497104,0.0,0.0
2010-10-28 00:00:00+08:00,15.02240310979688,15.331687363603127,14.88985321666407,15.154953002929688,2534042,0.0,0.0
2010-10-29 00:00:00+08:00,15.199137083810978,15.50842132974917,14.889852837872786,15.331686973571777,4285176,0.0,0.0
2010-11-01 00:00:00+08:00,15.64097118818299,15.729338366094698,14.934035519633813,14.978219985961914,3915584,0.0,0.0
2010-11-02 00:00:00+08:00,14.978218977041688,15.110768857608555,14.403831481933594,14.403831481933594,3385663,0.0,0.0
2010-11-03 00:00:00+08:00,14.492200456184587,14.757302005031487,14.492200456184587,14.66893482208252,1902093,0.0,0.0
2010-11-04 00:00:00+08:00,14.66893370586952,15.022402410768656,14.66893370586952,14.889852523803711,1251404,0.0,0.0
2010-11-05 00:00:00+08:00,15.19913791977632,15.19913791977632,14.624751230608037,14.66893482208252,1723023,0.0,0.0
2010-11-08 00:00:00+08:00,14.66893482208252,14.66893482208252,14.66893482208252,14.66893482208252,0,0.0,0.0
2010-11-09 00:00:00+08:00,14.050364740000585,14.580566934706573,14.050364740000585,14.448016166687012,2266479,0.0,0.0
2010-11-10 00:00:00+08:00,14.492199897766113,14.713118723998306,14.448016307994127,14.492199897766113,1807353,0.0,0.0
2010-11-11 00:00:00+08:00,14.668933581726936,14.713118046837625,14.448015643034596,14.58056640625,2373712,0.0,0.0
2010-11-12 00:00:00+08:00,14.580567219046706,14.580567219046706,14.271282965008538,14.536383628845215,1907299,0.0,0.0
2010-11-15 00:00:00+08:00,14.403832723906515,15.287504519694966,14.403832723906515,15.066587448120117,3103525,0.0,0.0
2010-11-16 00:00:00+08:00,15.066587512917724,15.243320118090972,14.934035865607122,15.110770225524902,2136341,0.0,0.0
2010-11-17 00:00:00+08:00,14.934035761607655,15.375871658325195,14.934035761607655,15.375871658325195,3711528,0.0,0.0
2010-11-18 00:00:00+08:00,15.464239516283936,15.640972127981966,15.110770783398682,15.287505149841309,3519966,0.0,0.0
2010-11-19 00:00:00+08:00,15.46423929738635,15.46423929738635,14.845669023593066,15.24332046508789,5726061,0.0,0.0
2010-11-22 00:00:00+08:00,15.243320680858352,15.287505149841309,15.022403600177368,15.287505149841309,2216506,0.0,0.0
2010-11-23 00:00:00+08:00,15.420054478008753,15.464238945360464,15.110770225524902,15.110770225524902,4130051,0.0,0.0
2010-11-24 00:00:00+08:00,14.757301330566406,15.066587334124533,14.757301330566406,14.757301330566406,1830257,0.0,0.0
2010-11-25 00:00:00+08:00,14.845668341722105,15.331686942864255,14.845668341722105,14.978219985961914,2539247,0.0,0.0
2010-11-26 00:00:00+08:00,15.022403045566012,15.199137405483793,14.934035865607122,15.110770225524902,3421061,0.0,0.0
2010-11-29 00:00:00+08:00,15.287504336155877,15.287504336155877,14.624750497271444,14.713118553161621,3788570,0.0,0.0
2010-11-30 00:00:00+08:00,14.757300947969998,14.934035301208496,14.624750183041124,14.934035301208496,3289882,0.0,0.0
2010-12-01 00:00:00+08:00,14.934035205843905,15.464238262173673,14.845668029788943,15.199136734008789,6827547,0.0,0.0
2010-12-02 00:00:00+08:00,15.199136734008789,15.37587108611871,15.066586847298575,15.199136734008789,4070709,0.0,0.0
2010-12-03 00:00:00+08:00,15.33168592209118,16.126988715601353,15.243318750062896,15.906071662902832,13032515,0.0,0.0
2010-12-06 00:00:00+08:00,16.082806519865464,16.171173694711914,15.640970645633205,16.038623809814453,8449584,0.0,0.0
2010-12-07 00:00:00+08:00,15.994438031452294,16.70137537216564,15.817703696273957,16.524641036987305,14645183,0.0,0.0
2010-12-08 00:00:00+08:00,16.524641036987305,16.70137537216564,16.259539534219797,16.524641036987305,8346515,0.0,0.0
2010-12-09 00:00:00+08:00,16.70137762674867,16.78974480626686,16.303726196289062,16.303726196289062,5434552,0.0,0.0
2010-12-10 00:00:00+08:00,16.436275037240982,17.275762311613832,16.34790786337308,16.56882667541504,14644141,0.0,0.0
2010-12-13 00:00:00+08:00,16.568826341178262,17.40831184387207,16.43627470567812,17.40831184387207,14662881,0.0,0.0
2010-12-14 00:00:00+08:00,17.67341620215194,17.93851776103826,17.231580270674744,17.364131927490234,17280212,0.0,0.0
2010-12-15 00:00:00+08:00,17.80596676838241,18.11525102410099,17.31994639615308,17.62923240661621,17727886,0.0,0.0
2010-12-16 00:00:00+08:00,17.673415579745715,17.894334415076525,17.496681213378906,17.496681213378906,8324652,0.0,0.0
2010-12-17 00:00:00+08:00,17.67341695668354,17.805968619158058,17.319948196411133,17.319948196411133,6068584,0.0,0.0
2010-12-20 00:00:00+08:00,17.67341620215194,17.76178338844738,17.319947456970183,17.364131927490234,6011323,0.0,0.0
2010-12-21 00:00:00+08:00,17.673416951506542,18.55708885192871,17.49668257142211,18.55708885192871,16517084,0.0,0.0
2010-12-22 00:00:00+08:00,18.55708885192871,18.55708885192871,18.55708885192871,18.55708885192871,0,0.0,0.0
2010-12-23 00:00:00+08:00,20.324425945547542,21.03136335465954,19.882591819597,20.059326171875,29547518,0.0,0.0
2010-12-24 00:00:00+08:00,19.882592589714317,20.45697837949341,19.396573979496967,19.70585823059082,13209503,0.0,0.0
2010-12-27 00:00:00+08:00,19.794224073961992,20.501159707990414,19.661674190939287,19.882591247558594,14663922,0.0,0.0
2010-12-28 00:00:00+08:00,20.32442898138273,21.252283592062515,19.617493221421057,19.794227600097656,38784175,0.0,0.0
2010-12-29 00:00:00+08:00,19.79422674088971,19.79422674088971,18.822187700361713,18.910554885864258,12270429,0.0,0.0
2010-12-30 00:00:00+08:00,19.08728832838386,19.573306902952595,18.910552227479126,19.264020919799805,10682748,0.0,0.0
2010-12-31 00:00:00+08:00,19.440757014657265,19.794225738772475,19.08729004528661,19.484941482543945,9353261,0.0,0.0
2011-01-03 00:00:00+08:00,19.70585930459864,20.236060656121605,19.308207852270257,19.440757751464844,9107561,0.0,0.0
2011-01-04 00:00:00+08:00,19.617490768432617,19.88259230329898,19.26402205527746,19.617490768432617,10938859,0.0,0.0
2011-01-05 00:00:00+08:00,19.617491019752894,19.705858199173758,18.601269333785226,18.778003692626953,7719771,0.0,0.0
2011-01-06 00:00:00+08:00,18.822186404965123,19.043105230889545,18.557086621447056,18.778003692626953,5653184,0.0,0.0
2011-01-07 00:00:00+08:00,18.998919400559295,19.750039494368536,18.95473669139141,19.264020919799805,10032059,0.0,0.0
2011-01-10 00:00:00+08:00,19.70585602448897,20.236057287758054,19.26402017614446,19.926773071289062,14126714,0.0,0.0
2011-01-11 00:00:00+08:00,19.926775602662232,20.85463012468239,19.617491346903698,20.72208023071289,20642972,0.0,0.0
2011-01-12 00:00:00+08:00,20.854629264489365,21.605749393738957,20.45697784423828,20.45697784423828,27750576,0.0,0.0
2011-01-13 00:00:00+08:00,20.677899348142528,21.16391800871475,20.05932902712216,21.0313663482666,20746041,0.0,0.0
2011-01-14 00:00:00+08:00,21.29646468527718,21.29646468527718,20.545344572444236,20.589529037475586,11243902,0.0,0.0
2011-01-17 00:00:00+08:00,20.94299624425845,21.870850719258158,20.854629067842072,20.987180709838867,26134785,0.0,0.0
2011-01-18 00:00:00+08:00,20.98718044903551,21.208097509958925,20.147693160884312,20.589529037475586,16425467,0.0,0.0
2011-01-19 00:00:00+08:00,20.766263836932932,21.384834129798907,20.677898406982422,20.677898406982422,14886718,0.0,0.0
2011-01-20 00:00:00+08:00,20.72207966334657,21.031363910636962,20.50116083978671,20.545345306396484,7373084,0.0,0.0
2011-01-21 00:00:00+08:00,20.5453458060751,20.85463006088753,19.970960009390076,20.1035099029541,8824381,0.0,0.0
2011-01-24 00:00:00+08:00,20.1476942147203,20.1476942147203,19.087289810180664,19.087289810180664,9250192,0.0,0.0
2011-01-25 00:00:00+08:00,19.17565491317199,19.617490805449652,19.17565491317199,19.30820655822754,6225790,0.0,0.0
2011-01-26 00:00:00+08:00,19.26402209162752,19.484940915138605,19.17565491317199,19.30820655822754,5154496,0.0,0.0
2011-01-27 00:00:00+08:00,19.529121685151164,20.015140240957965,19.44075451548226,19.926773071289062,7306454,0.0,0.0
2011-01-28 00:00:00+08:00,20.059325909565015,20.059325909565015,19.57330732452827,19.66167449951172,4361176,0.0,0.0
2011-02-08 00:00:00+08:00,20.10350993047287,20.10350993047287,18.733819506295138,18.866371154785156,5335648,0.0,0.0
2011-02-09 00:00:00+08:00,18.822186194625328,18.99892055149203,17.850148986602964,18.071067810058594,8783778,0.0,0.0
2011-02-10 00:00:00+08:00,18.115250652704717,18.5129020811538,18.071067940541273,18.159433364868164,4195641,0.0,0.0
2011-02-11 00:00:00+08:00,18.159433364868164,18.557086548061765,18.02688347363331,18.159433364868164,6089406,0.0,0.0
2011-02-14 00:00:00+08:00,18.557084442836924,19.308204502360166,18.38035010474389,18.998918533325195,6000912,0.0,0.0
2011-02-15 00:00:00+08:00,19.17565459825717,19.617490483278722,18.73381871323562,19.529123306274414,8335063,0.0,0.0
2011-02-16 00:00:00+08:00,19.440756732887493,19.70585827213158,19.264022373391434,19.396574020385742,8420433,0.0,0.0
2011-02-17 00:00:00+08:00,19.661676589781983,20.236060656121605,19.39657503664819,19.440757751464844,13111639,0.0,0.0
2011-02-18 00:00:00+08:00,19.573308093594136,19.794225162360714,19.26402209162752,19.30820655822754,4956687,0.0,0.0
2011-02-21 00:00:00+08:00,19.440756660911166,19.573308307414724,18.73381922554426,18.778003692626953,3990544,0.0,0.0
2011-02-22 00:00:00+08:00,18.203617413125965,18.557086121282463,17.673414350891218,17.98270034790039,7242947,0.0,0.0
2011-02-23 00:00:00+08:00,17.673413497667084,18.291983707078078,17.673413497667084,17.71759796142578,3691747,0.0,0.0
2011-02-24 00:00:00+08:00,17.71759824937483,18.026882481734663,17.71759824937483,17.805965423583984,2623577,0.0,0.0
2011-02-25 00:00:00+08:00,18.02688375329291,18.336168007468657,17.894333860001744,18.247800827026367,3447088,0.0,0.0
2011-03-01 00:00:00+08:00,18.55708666203602,18.645453841650166,18.380352302807733,18.468719482421875,2181108,0.0,0.0
2011-03-02 00:00:00+08:00,18.380352538059043,18.910553867785463,18.115250995823555,18.866371154785156,3819803,0.0,0.0
2011-03-03 00:00:00+08:00,19.26402095741424,19.26402095741424,18.64545249938965,18.64545249938965,3612624,0.0,0.0
2011-03-04 00:00:00+08:00,18.778004826853216,18.822187541860107,18.15943453354438,18.2036190032959,2868236,0.0,0.0
2011-03-07 00:00:00+08:00,18.203617413125965,18.46871894424334,17.894333170861266,17.98270034790039,3176402,0.0,0.0
2011-03-08 00:00:00+08:00,17.89433479309082,18.115251878343862,17.85015032319343,17.89433479309082,2702701,0.0,0.0
2011-03-09 00:00:00+08:00,18.115249633789062,18.468718330193397,17.9385152855869,18.115249633789062,2644399,0.0,0.0
2011-03-10 00:00:00+08:00,18.11525097813908,18.11525097813908,17.850149436162393,17.93851661682129,2231081,0.0,0.0
2011-03-11 00:00:00+08:00,17.93851588200859,18.11525023608684,17.761781527930342,17.98270034790039,2204013,0.0,0.0
2011-03-14 00:00:00+08:00,17.93851526438483,18.60126819198742,17.93851526438483,18.42453384399414,5877021,0.0,0.0
2011-03-15 00:00:00+08:00,18.733818803765725,18.910553158628403,17.143211364746094,17.143211364746094,9088821,0.0,0.0
2011-03-16 00:00:00+08:00,17.275764678188438,17.80596779402737,17.01066312026897,17.673416137695312,9149205,0.0,0.0
2011-03-17 00:00:00+08:00,17.45249895718923,18.910554885864258,17.31994730156309,18.910554885864258,10819132,0.0,0.0
2011-03-18 00:00:00+08:00,19.308206273220488,19.88259204733073,18.99892027581922,19.219839096069336,23848525,0.0,0.0
2011-03-21 00:00:00+08:00,19.66167551818221,20.324426732778527,19.529123871467327,19.70585823059082,15769573,0.0,0.0
2011-03-22 00:00:00+08:00,20.147693545304584,20.147693545304584,19.529123306274414,19.529123306274414,6517299,0.0,0.0
2011-03-23 00:00:00+08:00,19.75004005432129,20.05932604624295,19.529122992729626,19.75004005432129,8656763,0.0,0.0
2011-03-24 00:00:00+08:00,19.75004005432129,19.838407229906842,19.219838755552413,19.75004005432129,9560440,0.0,0.0
2011-03-25 00:00:00+08:00,19.44075606991625,19.573307712390264,18.601268768310547,18.601268768310547,10236115,0.0,0.0
2011-03-28 00:00:00+08:00,18.60126819198742,18.910552423603452,18.29198396037139,18.42453384399414,6577682,0.0,0.0
2011-03-29 00:00:00+08:00,18.42453447835154,18.557086121282463,17.93851588200859,17.98270034790039,3202430,0.0,0.0
2011-03-30 00:00:00+08:00,18.026883027452726,18.46871891187396,18.026883027452726,18.29198455810547,3661556,0.0,0.0
2011-03-31 00:00:00+08:00,18.336168963596904,18.424536148647046,17.805967608040675,17.89433479309082,3939530,0.0,0.0
2011-04-01 00:00:00+08:00,17.89433230697178,18.11524936153208,17.673413497667084,17.71759796142578,5782280,0.0,0.0
2011-04-06 00:00:00+08:00,17.717600422990532,18.159434593496616,17.717600422990532,17.89433479309082,4535040,0.0,0.0
2011-04-07 00:00:00+08:00,18.0268846105739,19.131473541259766,17.98270189562389,19.131473541259766,10968010,0.0,0.0
2011-04-08 00:00:00+08:00,19.131472158065367,19.264022048076754,18.380352020263672,18.380352020263672,12527581,0.0,0.0
2011-04-11 00:00:00+08:00,18.336169999450803,18.778005949661885,17.982702994026667,18.55708885192871,13107475,0.0,0.0
2011-04-12 00:00:00+08:00,18.557086121282463,18.557086121282463,17.894333170861266,17.98270034790039,5675047,0.0,0.0
2011-04-13 00:00:00+08:00,18.11525097813908,18.291985339456872,17.894333903864116,17.93851661682129,3609500,0.0,0.0
2011-04-14 00:00:00+08:00,18.115251704821148,18.910554607909745,17.938517336413767,18.822187423706055,7304372,0.0,0.0
2011-04-15 00:00:00+08:00,18.7338194420867,18.7338194420867,18.247800827026367,18.247800827026367,3700076,0.0,0.0
2011-04-18 00:00:00+08:00,18.24780177854676,18.468720618544438,17.540866052890244,17.89433479309082,4187312,0.0,0.0
2011-04-19 00:00:00+08:00,17.54086522573311,17.673415119685483,17.36413086396691,17.62923240661621,2086368,0.0,0.0
2011-04-20 00:00:00+08:00,17.761783323668467,17.93851769561478,17.62923342208106,17.673416137695312,2392452,0.0,0.0
2011-04-21 00:00:00+08:00,17.80596644240268,18.247800583984827,17.761781975397753,17.850149154663086,4388245,0.0,0.0
2011-04-22 00:00:00+08:00,17.938514121893444,18.203615626999234,17.76177978515625,17.76177978515625,2152999,0.0,0.0
2011-04-25 00:00:00+08:00,17.80596723189312,17.938517129295928,17.496681213378906,17.496681213378906,2269602,0.0,0.0
2011-04-26 00:00:00+08:00,17.319946847012098,17.76178276292912,17.319946847012098,17.496681213378906,2320616,0.0,0.0
2011-04-27 00:00:00+08:00,17.717598816783017,18.203617413125965,17.49667999681297,17.98270034790039,4889015,0.0,0.0
2011-04-28 00:00:00+08:00,18.203617413125965,18.733818720616238,17.98270034790039,17.98270034790039,8838956,0.0,0.0
2011-04-29 00:00:00+08:00,18.468718330193397,18.601268213972812,18.02688245968798,18.115249633789062,8819175,0.0,0.0
2011-05-03 00:00:00+08:00,18.11525061581909,18.291984973602048,17.231578826904297,17.231578826904297,5522005,0.0,0.0
2011-05-04 00:00:00+08:00,17.05484705220648,17.673415579745715,16.87811268583967,17.496681213378906,2616289,0.0,0.0
2011-05-05 00:00:00+08:00,17.231580207829534,17.761783323668467,17.231580207829534,17.673416137695312,2688125,0.0,0.0
2011-05-06 00:00:00+08:00,17.23157677494467,17.894331415081297,17.23157677494467,17.76177978515625,3095196,0.0,0.0
2011-05-09 00:00:00+08:00,17.585045450144925,17.80596424846025,17.452495574951172,17.452495574951172,1566858,0.0,0.0
2011-05-10 00:00:00+08:00,17.49667915212109,17.71759796142578,17.31994480657509,17.71759796142578,3339855,0.0,0.0
2011-05-11 00:00:00+08:00,17.717600608054216,18.203619253534246,17.673416137695312,17.673416137695312,5776034,0.0,0.0
2011-05-12 00:00:00+08:00,17.894333170861266,18.026883059047716,17.673414350891218,17.98270034790039,5652143,0.0,0.0
2011-05-13 00:00:00+08:00,18.07106575181849,18.115248458630635,17.76177978515625,17.76177978515625,4415313,0.0,0.0
2011-05-16 00:00:00+08:00,17.585047542470214,17.717599188179687,17.231578826904297,17.231578826904297,2337274,0.0,0.0
2011-05-17 00:00:00+08:00,17.14321086327845,17.319945212971355,16.038623809814453,16.038623809814453,9995621,0.0,0.0
2011-05-18 00:00:00+08:00,15.994438834931115,16.171173178987683,15.022401697364376,15.906071662902832,7322070,0.0,0.0
2011-05-19 00:00:00+08:00,15.90607275377606,16.215358754458748,15.287504261899675,15.331686973571777,5497018,0.0,0.0
2011-05-20 00:00:00+08:00,15.729338474000995,15.729338474000995,14.315466249830962,14.713118553161621,9285589,0.0,0.0
2011-05-23 00:00:00+08:00,14.580565946247198,15.199136155070455,14.580565946247198,15.022401809692383,3196183,0.0,0.0
2011-05-24 00:00:00+08:00,14.93403562208418,14.93403562208418,14.624750497271444,14.713118553161621,1971847,0.0,0.0
2011-05-25 00:00:00+08:00,14.713118855990631,15.420054543939846,14.713118855990631,15.154953002929688,3272183,0.0,0.0
2011-05-26 00:00:00+08:00,15.729338645935059,16.038624651500786,15.59678875408155,15.729338645935059,5515758,0.0,0.0
2011-05-27 00:00:00+08:00,15.729337250658059,15.994438765593667,15.640970079012856,15.861888885498047,3436677,0.0,0.0
2011-05-30 00:00:00+08:00,15.861890572196103,16.480460839489126,15.817706104302896,16.392093658447266,7174234,0.0,0.0
2011-05-31 00:00:00+08:00,16.480460514914135,16.833927477375656,16.2595416892881,16.61301040649414,4712028,0.0,0.0
2011-06-01 00:00:00+08:00,16.878109706287354,16.922292412707026,16.126987904454303,16.215356826782227,4329943,0.0,0.0
2011-06-02 00:00:00+08:00,16.08280765128237,16.08280765128237,15.64097174596719,15.817706108093262,3404403,0.0,0.0
2011-06-03 00:00:00+08:00,15.8177068172203,16.347909927368164,15.773524102080295,16.347909927368164,3696953,0.0,0.0
2011-06-07 00:00:00+08:00,16.347907438849475,16.347907438849475,15.861888872569192,16.171173095703125,4920248,0.0,0.0
2011-06-08 00:00:00+08:00,16.171175829982534,16.7013789490702,15.906074270438701,16.436277389526367,13861233,0.0,0.0
2011-06-09 00:00:00+08:00,16.392092213929725,16.48045938718442,15.95025634765625,15.95025634765625,5079537,0.0,0.0
2011-06-10 00:00:00+08:00,16.303726823383027,16.303726823383027,15.596789360046387,15.596789360046387,2210259,0.0,0.0
2011-06-13 00:00:00+08:00,15.90607362288387,15.950258091714707,15.596789360046387,15.596789360046387,2329986,0.0,0.0
2011-06-14 00:00:00+08:00,15.68515469372414,15.861889038721776,15.640970230102539,15.640970230102539,1448172,0.0,0.0
2011-06-15 00:00:00+08:00,15.729338580716743,15.817705759834194,15.464238798108903,15.685155868530273,2328945,0.0,0.0
2011-06-16 00:00:00+08:00,15.46423929738635,15.552606479356818,15.24332046508789,15.24332046508789,2450754,0.0,0.0
2011-06-17 00:00:00+08:00,15.420054120775964,15.420054120775964,14.845668341722105,14.978219985961914,2694372,0.0,0.0
2011-06-20 00:00:00+08:00,15.464239321005033,15.464239321005033,14.403833135739836,14.624751091003418,2549659,0.0,0.0
2011-06-21 00:00:00+08:00,14.757301265048332,14.801485731679545,14.403832550976633,14.713118553161621,1830257,0.0,0.0
2011-06-22 00:00:00+08:00,14.934035761607655,15.375871658325195,14.624750633905377,15.375871658325195,5465785,0.0,0.0
2011-06-23 00:00:00+08:00,15.287504007685495,15.287504007685495,14.889852590271106,14.934035301208496,1255569,0.0,0.0
2011-06-24 00:00:00+08:00,15.11077033451336,15.19913751510961,14.801486079798757,14.84566879272461,2624618,0.0,0.0
2011-06-27 00:00:00+08:00,14.757300947969998,15.110769654446996,14.757300947969998,14.934035301208496,2787030,0.0,0.0
2011-06-28 00:00:00+08:00,15.11077033451336,15.154953047439212,14.84566879272461,14.84566879272461,3023360,0.0,0.0
2011-06-29 00:00:00+08:00,15.022402477827747,15.199136831066246,14.889852590271106,14.934035301208496,2819304,0.0,0.0
2011-06-30 00:00:00+08:00,15.066588526708797,15.066588526708797,14.80148696899414,14.80148696899414,1473159,0.0,0.0
2011-07-01 00:00:00+08:00,14.889854154899027,15.066588526708797,14.757302498669372,14.80148696899414,3757337,0.0,0.0
2011-07-04 00:00:00+08:00,14.845669046267002,15.022403410477867,14.624751091003418,14.624751091003418,2364342,0.0,0.0
2011-07-05 00:00:00+08:00,14.668934086530406,14.88985291019747,14.668934086530406,14.713118553161621,2400781,0.0,0.0
2011-07-06 00:00:00+08:00,14.757301505689341,15.287504585442683,14.757301505689341,15.110770225524902,7716648,0.0,0.0
2011-07-07 00:00:00+08:00,15.24331886404278,15.331686036731817,14.934034637003345,15.022401809692383,2267520,0.0,0.0
2011-07-08 00:00:00+08:00,15.110770736827353,15.110770736827353,14.66893482208252,14.66893482208252,2805770,0.0,0.0
2011-07-11 00:00:00+08:00,14.580567669420908,14.668934852553434,14.050365447998047,14.050365447998047,2994209,0.0,0.0
2011-07-12 00:00:00+08:00,13.961997105880213,14.138731457474549,13.078326225280762,13.078326225280762,5888473,0.0,0.0
2011-07-13 00:00:00+08:00,12.813226734936892,13.034143817051934,12.194657325744629,12.194657325744629,5798938,0.0,0.0
2011-07-14 00:00:00+08:00,12.017921776309308,12.371389599356641,11.399351550575089,11.531902313232422,5856199,0.0,0.0
2011-07-15 00:00:00+08:00,11.708637732330185,11.88537209867414,11.487719774400242,11.84118938446045,3061881,0.0,0.0
2011-07-18 00:00:00+08:00,11.664453173833337,12.194656228914655,11.664453173833337,12.150472640991211,2980675,0.0,0.0
2011-07-19 00:00:00+08:00,11.929556237626327,12.459758483613266,11.929556237626327,12.371391296386719,2322698,0.0,0.0
2011-07-20 00:00:00+08:00,12.724857848718083,12.81322502069062,12.503939918786742,12.592307090759277,2420562,0.0,0.0
2011-07-21 00:00:00+08:00,12.592308252341482,13.387611996085218,12.592308252341482,13.255062103271484,5271099,0.0,0.0
2011-07-22 00:00:00+08:00,13.255062554549905,14.138732631130573,13.255062554549905,14.050365447998047,7909252,0.0,0.0
2011-07-25 00:00:00+08:00,14.050364778558462,14.138731957480672,13.475978992936357,13.520162582397461,2141546,0.0,0.0
2011-07-26 00:00:00+08:00,13.608529862319738,14.006181293048723,13.608529862319738,13.87363052368164,1966641,0.0,0.0
2011-07-27 00:00:00+08:00,13.873631081732993,14.09454903956431,13.741081184406502,14.050365447998047,1529378,0.0,0.0
2011-07-28 00:00:00+08:00,13.741080284118652,13.873630172760743,13.696896695447208,13.741080284118652,939074,0.0,0.0
2011-07-29 00:00:00+08:00,13.564346356333218,13.785264306643219,13.255062103271484,13.255062103271484,1312829,0.0,0.0
2011-08-01 00:00:00+08:00,13.343428611755371,13.60852926141129,13.343428611755371,13.343428611755371,1149376,0.0,0.0
2011-08-02 00:00:00+08:00,13.255061308640004,13.475978368333916,13.03414249420166,13.03414249420166,1370090,0.0,0.0
2011-08-03 00:00:00+08:00,12.81322502069062,12.81322502069062,12.459756332800474,12.592307090759277,1691790,0.0,0.0
2011-08-04 00:00:00+08:00,12.636491056690938,12.81322540594994,12.415573120117188,12.415573120117188,1103568,0.0,0.0
2011-08-05 00:00:00+08:00,11.57608699798584,11.708637773206558,11.57608699798584,11.57608699798584,2640234,0.0,0.0
2011-08-08 00:00:00+08:00,10.824967243162847,11.487719336971862,10.780783653259277,10.780783653259277,2796400,0.0,0.0
2011-08-09 00:00:00+08:00,10.0296625566912,10.515682042325258,10.0296625566912,10.162213325500488,3995749,0.0,0.0
2011-08-10 00:00:00+08:00,10.60404856425442,10.869149208068848,10.427314216796665,10.869149208068848,2487192,0.0,0.0
2011-08-11 00:00:00+08:00,10.604048871875777,10.869149523380722,10.162212990413819,10.648232460021973,3233663,0.0,0.0
2011-08-12 00:00:00+08:00,10.869149668676146,11.222618378570772,10.648232602364246,10.692416191101074,2640234,0.0,0.0
2011-08-15 00:00:00+08:00,10.913333687925697,10.957517278405493,10.692416612898988,10.824967384338379,1625160,0.0,0.0
2011-08-16 00:00:00+08:00,10.957516415520514,11.576085756154155,10.736599357890633,11.48771858215332,10110142,0.0,0.0
2011-08-17 00:00:00+08:00,11.664453611149098,11.664453611149098,11.310985771881803,11.399352073669434,9084656,0.0,0.0
2011-08-18 00:00:00+08:00,11.178434316119919,11.178434316119919,10.824966498576615,10.869149208068848,2971305,0.0,0.0
2011-08-19 00:00:00+08:00,10.162212225567846,10.383130149671718,10.11802864074707,10.11802864074707,3105607,0.0,0.0
2011-08-22 00:00:00+08:00,10.02966251937594,10.338948522819177,9.676194681238504,9.852928161621094,1803188,0.0,0.0
2011-08-23 00:00:00+08:00,10.118030824905922,10.5156831741333,10.029663636188726,10.5156831741333,3649062,0.0,0.0
2011-08-24 00:00:00+08:00,10.780783471572384,10.780783471572384,10.427314758300781,10.427314758300781,2629823,0.0,0.0
2011-08-25 00:00:00+08:00,10.692416400737642,10.692416400737642,10.162213325500488,10.162213325500488,922416,0.0,0.0
2011-08-26 00:00:00+08:00,10.427314180832568,10.471497767544616,9.985478313712086,10.250579833984375,1043184,0.0,0.0
2011-08-29 00:00:00+08:00,10.427315316520032,10.869150354390625,10.338949010843752,10.604049682617188,1858367,0.0,0.0
2011-08-30 00:00:00+08:00,10.824967640238633,10.869150354390625,10.604049682617188,10.604049682617188,1821928,0.0,0.0
2011-08-31 00:00:00+08:00,10.69241643320142,11.222618632676088,10.69241643320142,11.090067863464355,3779200,0.0,0.0
2011-09-01 00:00:00+08:00,11.178434316119919,11.355167786205469,10.869149208068848,10.869149208068848,2782865,0.0,0.0
2011-09-02 00:00:00+08:00,10.913333224102217,11.001700401306152,10.73659974706659,11.001700401306152,1191020,0.0,0.0
2011-09-05 00:00:00+08:00,10.736601078847157,11.178436142300326,10.604050296599503,11.134252548217773,3142046,0.0,0.0
2011-09-06 00:00:00+08:00,11.045883701492862,11.266801638734384,10.869149351699644,10.91333293914795,1740722,0.0,0.0
2011-09-07 00:00:00+08:00,10.91333403202844,11.134251991393075,10.82496772565489,10.957517623901367,1643900,0.0,0.0
2011-09-08 00:00:00+08:00,11.045884132385254,11.266802078244634,10.957516954041502,11.045884132385254,1574146,0.0,0.0
2011-09-09 00:00:00+08:00,10.869149351699644,11.134250876389471,10.869149351699644,10.91333293914795,1224336,0.0,0.0
2011-09-13 00:00:00+08:00,10.869149229142286,10.869149229142286,10.471497823963563,10.55986499786377,1184774,0.0,0.0
2011-09-14 00:00:00+08:00,10.692415930297718,10.736599517956845,10.029662115410808,10.294764518737793,1414857,0.0,0.0
2011-09-15 00:00:00+08:00,10.559865841459597,10.824967384338379,10.38313147954041,10.824967384338379,3077497,0.0,0.0
2011-09-16 00:00:00+08:00,10.869149914778134,11.178435042938844,10.869149914778134,11.090067863464355,3529336,0.0,0.0
2011-09-19 00:00:00+08:00,11.001700725404861,11.045884315308431,10.780783653259277,10.780783653259277,1001540,0.0,0.0
2011-09-20 00:00:00+08:00,10.780783574294734,11.443535663249378,10.780783574294734,11.399352073669434,7431386,0.0,0.0
2011-09-21 00:00:00+08:00,11.39935097423458,11.39935097423458,11.134250339695374,11.355167388916016,2936948,0.0,0.0
2011-09-22 00:00:00+08:00,10.91333403202844,11.090068399520149,10.869150440155513,10.957517623901367,1473159,0.0,0.0
2011-09-23 00:00:00+08:00,10.294764298068625,10.471497767544616,10.206396247272327,10.250579833984375,3484568,0.0,0.0
2011-09-26 00:00:00+08:00,10.383131429961665,10.427315020230488,9.587827682495117,9.587827682495117,2182149,0.0,0.0
2011-09-27 00:00:00+08:00,9.897112846374512,10.073847223688574,9.808746535089833,9.897112846374512,2081163,0.0,0.0
2011-09-28 00:00:00+08:00,10.162212225567846,10.427313734492492,10.029661471105522,10.11802864074707,3650103,0.0,0.0
2011-09-29 00:00:00+08:00,9.985477886284746,10.206395810388619,9.897110716643198,10.11802864074707,1870860,0.0,0.0
2011-09-30 00:00:00+08:00,10.118029307729918,10.250580070930019,9.985478544529817,10.029662132263184,954690,0.0,0.0
2011-10-03 00:00:00+08:00,9.720378205927519,9.941295274277241,9.676194616783125,9.808745384216309,1029649,0.0,0.0
2011-10-04 00:00:00+08:00,9.720378064635051,9.85292795276928,9.54364371062643,9.764561653137207,1067129,0.0,0.0
2011-10-05 00:00:00+08:00,9.764562043570411,9.808745633839234,9.587827682495117,9.587827682495117,951567,0.0,0.0
2011-10-06 00:00:00+08:00,9.808744952579248,9.852927662407117,9.632010603778923,9.676194190979004,1135842,0.0,0.0
2011-10-07 00:00:00+08:00,9.808745384216309,9.941295274277241,9.676194616783125,9.808745384216309,1504392,0.0,0.0
2011-10-11 00:00:00+08:00,9.985480035031543,9.985480035031543,9.852929252045996,9.897112846374512,1600173,0.0,0.0
2011-10-12 00:00:00+08:00,9.897111541271435,9.897111541271435,9.720378064635051,9.764561653137207,1225377,0.0,0.0
2011-10-13 00:00:00+08:00,9.897111541271435,9.985478718275745,9.764561653137207,9.764561653137207,1518967,0.0,0.0
2011-10-14 00:00:00+08:00,9.764561795071913,9.985478863421635,9.764561795071913,9.808745384216309,1360720,0.0,0.0
2011-10-17 00:00:00+08:00,9.941294727000036,10.294764298068625,9.85292755357594,10.250579833984375,3855201,0.0,0.0
2011-10-18 00:00:00+08:00,10.20639648319665,10.20639648319665,9.94129495679645,10.029662132263184,1663681,0.0,0.0
2011-10-19 00:00:00+08:00,10.206397311452879,10.33894896278186,9.985479354858398,9.985479354858398,1610584,0.0,0.0
2011-10-20 00:00:00+08:00,9.985478863421635,10.073846041710425,9.764561795071913,9.808745384216309,1201431,0.0,0.0
2011-10-21 00:00:00+08:00,9.941295340498517,10.02966251937594,9.808745449554639,9.852928161621094,747511,0.0,0.0
2011-10-24 00:00:00+08:00,10.073846537496191,10.162213720133984,9.941295763539504,9.985479354858398,1023403,0.0,0.0
2011-10-25 00:00:00+08:00,10.073845429482523,10.118029015941705,9.852927497186618,9.94129467010498,1140006,0.0,0.0
2011-10-26 00:00:00+08:00,9.941296440703027,9.985480035031543,9.808746535089833,9.897112846374512,584058,0.0,0.0
2011-10-27 00:00:00+08:00,9.94129467010498,10.073845429482523,9.897111083645799,9.94129467010498,1377378,0.0,0.0
2011-10-28 00:00:00+08:00,10.162214412345604,10.162214412345604,9.897112846374512,9.897112846374512,1628283,0.0,0.0
2011-10-31 00:00:00+08:00,9.941295274277241,10.02966245256603,9.808745384216309,9.808745384216309,1369049,0.0,0.0
2011-11-01 00:00:00+08:00,9.720377895501837,10.07384571999655,9.676194307768471,10.029662132263184,3110813,0.0,0.0
2011-11-02 00:00:00+08:00,9.897111593838163,10.692416191101074,9.852928005101335,10.692416191101074,11099189,0.0,0.0
2011-11-03 00:00:00+08:00,10.604048527680762,10.692415701104858,10.250579833984375,10.250579833984375,4580849,0.0,0.0
2011-11-04 00:00:00+08:00,10.427313870719791,10.91333243272572,10.383130285321782,10.73659896850586,5541786,0.0,0.0
2011-11-07 00:00:00+08:00,10.869148847327711,10.95751601812373,10.69241538310785,10.73659896850586,3399198,0.0,0.0
2011-11-08 00:00:00+08:00,10.736599779837903,11.090067612360286,10.692416191101074,10.692416191101074,5705239,0.0,0.0
2011-11-09 00:00:00+08:00,10.736599735661953,10.869149623954815,10.38313102722168,10.38313102722168,1639735,0.0,0.0
2011-11-10 00:00:00+08:00,10.073847223688574,10.118030818017088,9.676195752104288,9.897112846374512,4796357,0.0,0.0
2011-11-11 00:00:00+08:00,9.897111541271435,10.073845895280055,9.720378064635051,9.764561653137207,1544995,0.0,0.0
2011-11-14 00:00:00+08:00,9.941295763539504,10.118030128815088,9.897112172220607,9.985479354858398,1324281,0.0,0.0
2011-11-15 00:00:00+08:00,9.985478863421635,10.073846041710425,9.764561795071913,9.808745384216309,750634,0.0,0.0
2011-11-16 00:00:00+08:00,9.808744952579248,9.941294836807279,9.632010603778923,9.676194190979004,859950,0.0,0.0
2011-11-17 00:00:00+08:00,9.587828099165526,9.764562467921388,9.587828099165526,9.720378875732422,838087,0.0,0.0
2011-11-18 00:00:00+08:00,9.720377745280448,9.720377745280448,9.057624816894531,9.057624816894531,2409110,0.0,0.0
2011-11-21 00:00:00+08:00,8.969258778650731,9.05762596394254,8.430219650268555,8.430219650268555,2536124,0.0,0.0
2011-11-22 00:00:00+08:00,7.8469953536987305,8.262321438566419,7.8469953536987305,7.8469953536987305,3426266,0.0,0.0
2011-11-23 00:00:00+08:00,7.440506725362445,7.749791833311107,7.29911994934082,7.29911994934082,2513220,0.0,0.0
2011-11-24 00:00:00+08:00,7.069364945578843,7.458180324665943,6.821937655038283,7.201915264129639,2984839,0.0,0.0
2011-11-25 00:00:00+08:00,7.405160141543911,7.405160141543911,7.201915551273343,7.290282726287842,1580392,0.0,0.0
2011-11-28 00:00:00+08:00,7.32563014069632,7.767466032728484,7.32563014069632,7.740955352783203,1194144,0.0,0.0
2011-11-29 00:00:00+08:00,7.970709411924789,7.970709411924789,7.829322626648443,7.864669322967529,1052554,0.0,0.0
2011-11-30 00:00:00+08:00,7.864669421971284,7.864669421971284,7.422834396362305,7.422834396362305,1486693,0.0,0.0
2011-12-01 00:00:00+08:00,7.846995536121855,7.9088529127094525,7.73211943111402,7.864669322967529,1599132,0.0,0.0
2011-12-02 00:00:00+08:00,7.86466912807324,7.900016700888641,7.528874205304856,7.617241382598877,1312829,0.0,0.0
2011-12-05 00:00:00+08:00,7.643751955031875,7.714444467554725,7.53771099281703,7.5995683670043945,756881,0.0,0.0
2011-12-06 00:00:00+08:00,7.599568750909341,7.6967719475823975,7.449344193078169,7.475854873657227,574688,0.0,0.0
2011-12-07 00:00:00+08:00,7.5023637994917385,7.599568750909341,7.422834389871385,7.475854873657227,452879,0.0,0.0
2011-12-08 00:00:00+08:00,7.475854751811137,7.475854751811137,7.201915882506541,7.246099472045898,842251,0.0,0.0
2011-12-09 00:00:00+08:00,7.2019161737809965,7.2019161737809965,6.910305699348498,7.025182247161865,1171239,0.0,0.0
2011-12-12 00:00:00+08:00,7.175406019245832,7.219589605711466,7.1223859786987305,7.1223859786987305,933868,0.0,0.0
2011-12-13 00:00:00+08:00,6.998672349715662,7.069365300826141,6.804264211716689,6.848447799682617,2081163,0.0,0.0
2011-12-14 00:00:00+08:00,6.848447888577241,7.157732569667216,6.804264300037799,7.078202724456787,1426309,0.0,0.0
2011-12-15 00:00:00+08:00,6.901468458532292,6.980998748500888,6.892632003361421,6.919142246246338,972389,0.0,0.0
2011-12-16 00:00:00+08:00,6.936814970558898,7.0251821520147155,6.892631818517129,6.927978515625,446632,0.0,0.0
2011-12-19 00:00:00+08:00,6.804264402258942,6.883794687350281,6.450796127319336,6.450796127319336,1558529,0.0,0.0
2011-12-20 00:00:00+08:00,6.371266122374619,6.627530775546863,6.371266122374619,6.512653350830078,990088,0.0,0.0
2011-12-21 00:00:00+08:00,6.680550613696064,6.963325500488281,6.680550613696064,6.963325500488281,1072335,0.0,0.0
2011-12-22 00:00:00+08:00,6.980998454565474,7.449344158172607,6.980998454565474,7.449344158172607,3247197,0.0,0.0
2011-12-23 00:00:00+08:00,7.599569246329854,7.970710024908816,7.599569246329854,7.961874008178711,4931700,0.0,0.0
2011-12-26 00:00:00+08:00,8.006056686581257,8.041403381580107,7.846995243028092,7.88234281539917,1710530,0.0,0.0
2011-12-27 00:00:00+08:00,7.89117948615616,8.23581220377608,7.89117948615616,8.12977123260498,4249778,0.0,0.0
2011-12-28 00:00:00+08:00,8.18279051414402,8.695319807141045,8.138606924148682,8.350687980651855,6465243,0.0,0.0
2011-12-29 00:00:00+08:00,8.350688397289833,8.518585872174517,8.138607330205373,8.48323917388916,3985338,0.0,0.0
2011-12-30 00:00:00+08:00,8.615788923152047,8.695319204154085,8.21813751814186,8.226973533630371,3980133,0.0,0.0
2012-01-02 00:00:00+08:00,8.297668272153693,8.359524770960437,7.988384023375467,7.997220039367676,1484611,0.0,0.0
2012-01-03 00:00:00+08:00,8.05907557792767,8.165116530921855,8.0325657783652,8.050239562988281,1281596,0.0,0.0
2012-01-04 00:00:00+08:00,8.129771466588407,8.235812440811475,8.059077191315584,8.067914962768555,1194144,0.0,0.0
2012-01-05 00:00:00+08:00,8.08558698854429,8.165117271820389,7.979546903300233,8.059076309204102,1015074,0.0,0.0
2012-01-06 00:00:00+08:00,8.041404724121094,8.120935020489426,7.997221128652868,8.041404724121094,1145212,0.0,0.0
2012-01-09 00:00:00+08:00,8.014892801413302,8.120933765093373,7.961873196945507,8.006056785583496,612168,0.0,0.0
2012-01-10 00:00:00+08:00,8.006058023220987,8.19162842228964,8.006058023220987,8.041404724121094,1608502,0.0,0.0
2012-01-11 00:00:00+08:00,8.173954599479222,8.288831583943788,8.138607025146484,8.138607025146484,1923956,0.0,0.0
2012-01-12 00:00:00+08:00,8.138606296434995,8.226973469610098,8.076749801635742,8.076749801635742,1444008,0.0,0.0
2012-01-13 00:00:00+08:00,8.085586589493841,8.13860619081306,7.882342444777665,7.953035831451416,2053053,0.0,0.0
2012-01-16 00:00:00+08:00,8.006056872122,8.059076477162892,7.900016784667969,7.900016784667969,758963,0.0,0.0
2012-01-17 00:00:00+08:00,7.953036223960045,8.08558698854429,7.908852635765298,8.059076309204102,1663681,0.0,0.0
2012-01-18 00:00:00+08:00,8.120933241006396,8.173953719424738,8.067913639960237,8.085586547851562,1954148,0.0,0.0
2012-01-30 00:00:00+08:00,8.306505881277795,8.350688597162769,8.218138694763184,8.218138694763184,2183191,0.0,0.0
2012-01-31 00:00:00+08:00,8.279994586097127,8.651135298867466,8.262320801026075,8.606951713562012,3306540,0.0,0.0
2012-02-01 00:00:00+08:00,8.704156529725168,9.190176010131836,8.63346313806946,9.190176010131836,6240365,0.0,0.0
2012-02-02 00:00:00+08:00,9.63201102763873,9.808745384216309,9.455276671061153,9.808745384216309,7685415,0.0,0.0
2012-02-03 00:00:00+08:00,9.808744788099634,10.162212602400885,9.63201044226291,9.94129467010498,7050343,0.0,0.0
2012-02-06 00:00:00+08:00,9.764561653137207,10.029662306777901,9.720378064635051,9.764561653137207,2751632,0.0,0.0
2012-02-07 00:00:00+08:00,9.764561653137207,10.029662306777901,9.720378064635051,9.764561653137207,2123848,0.0,0.0
2012-02-08 00:00:00+08:00,9.764562275636212,10.073846537496191,9.764562275636212,9.985479354858398,4076955,0.0,0.0
2012-02-09 00:00:00+08:00,10.073845814121427,10.648232460021973,10.029662225975231,10.648232460021973,6073789,0.0,0.0
2012-02-10 00:00:00+08:00,10.824966498576615,11.355167786205469,10.824966498576615,10.869149208068848,12776404,0.0,0.0
2012-02-13 00:00:00+08:00,10.913333545597721,11.001700725404861,10.55986570374143,10.780783653259277,3509555,0.0,0.0
2012-02-14 00:00:00+08:00,10.913333364869626,11.443535557559887,10.780783474726249,11.045884132385254,6141461,0.0,0.0
2012-02-15 00:00:00+08:00,11.090068954135221,11.355169641258183,11.001701765970118,11.134252548217773,4079037,0.0,0.0
2012-02-16 00:00:00+08:00,11.045884129153835,11.310985664107537,10.38313116914183,10.427314758300781,5651102,0.0,0.0
2012-02-17 00:00:00+08:00,10.692417064899454,10.869150556917418,10.338949203491211,10.338949203491211,4353888,0.0,0.0
2012-02-20 00:00:00+08:00,10.33894845735513,10.559865525777631,10.33894845735513,10.427314758300781,1627242,0.0,0.0
2012-02-21 00:00:00+08:00,10.559866768491899,10.780784740284888,10.5156831741333,10.5156831741333,2635029,0.0,0.0
2012-02-22 00:00:00+08:00,10.515682471567745,11.22261905670166,10.515682471567745,11.22261905670166,12601499,0.0,0.0
2012-02-23 00:00:00+08:00,11.310985670374532,11.973738630753743,11.310985670374532,11.664453506469727,17661255,0.0,0.0
2012-02-24 00:00:00+08:00,11.664453611149098,11.885371559048819,11.310985771881803,11.399352073669434,7511551,0.0,0.0
2012-02-29 00:00:00+08:00,11.399353235340735,11.57608761167094,10.869150983722465,11.134252548217773,4315368,0.0,0.0
2012-03-01 00:00:00+08:00,10.957516716605154,11.310985422320915,10.957516716605154,11.266801834106445,2439302,0.0,0.0
2012-03-02 00:00:00+08:00,11.310985133203555,11.443535017086658,11.001700023607825,11.178434371948242,3041059,0.0,0.0
2012-03-05 00:00:00+08:00,11.045884315308431,11.178435085019139,10.780783653259277,10.780783653259277,2442425,0.0,0.0
2012-03-06 00:00:00+08:00,10.692416548950607,10.780783729381701,10.0296626957174,10.20639705657959,4023859,0.0,0.0
2012-03-07 00:00:00+08:00,9.808745622011937,10.294765114382955,9.76456203179639,10.20639705657959,1538748,0.0,0.0
2012-03-08 00:00:00+08:00,10.427314899622113,10.604049258653195,10.206396950833263,10.471498489379883,1834421,0.0,0.0
2012-03-09 00:00:00+08:00,10.5156831741333,10.692417551567692,10.471499579774704,10.5156831741333,2060341,0.0,0.0
2012-03-12 00:00:00+08:00,11.22261905670166,11.22261905670166,11.045884691075107,11.22261905670166,8262186,0.0,0.0
2012-03-13 00:00:00+08:00,11.22261905670166,11.443536136362557,11.00170109966847,11.22261905670166,12914871,0.0,0.0
2012-03-14 00:00:00+08:00,11.266801546118451,11.620269365427076,11.178434371948242,11.178434371948242,5854117,0.0,0.0
2012-03-15 00:00:00+08:00,11.399351865358376,11.664453397993592,11.266801976413012,11.310985565185547,4556903,0.0,0.0
2012-03-16 00:00:00+08:00,11.399351865358376,11.487719042903448,11.266801976413012,11.310985565185547,2609001,0.0,0.0
2012-03-19 00:00:00+08:00,11.48771869860369,11.48771869860369,10.91333293914795,10.91333293914795,2619412,0.0,0.0
2012-03-20 00:00:00+08:00,10.913333945914912,11.04588472048778,10.604049682617188,10.604049682617188,2393493,0.0,0.0
2012-03-21 00:00:00+08:00,10.64823179770984,10.780782553903869,10.515681041515812,10.73659896850586,1490858,0.0,0.0
2012-03-22 00:00:00+08:00,10.736599779837903,10.913333257412974,10.692416191101074,10.692416191101074,1196226,0.0,0.0
2012-03-23 00:00:00+08:00,10.736599779837903,10.780783368574731,10.51568183615376,10.692416191101074,895347,0.0,0.0
2012-03-26 00:00:00+08:00,10.692415758714079,10.869149229142286,10.55986499786377,10.55986499786377,1374254,0.0,0.0
2012-03-27 00:00:00+08:00,10.692417064899454,10.692417064899454,10.250581141423758,10.338949203491211,2190478,0.0,0.0
2012-03-28 00:00:00+08:00,10.338947884780673,10.559864940968714,10.206396247272327,10.250579833984375,2179026,0.0,0.0
2012-03-29 00:00:00+08:00,10.118030328060803,10.206397512438734,9.543644506976559,9.720378875732422,4403861,0.0,0.0
2012-03-30 00:00:00+08:00,9.543644969118741,9.941296440703027,9.45527778046171,9.897112846374512,1425268,0.0,0.0
2012-04-02 00:00:00+08:00,9.897111083645799,9.98547825656416,9.764561201640452,9.94129467010498,1222253,0.0,0.0
2012-04-03 00:00:00+08:00,10.073846108814651,10.338948522819177,9.764561860115927,9.852928161621094,2466370,0.0,0.0
2012-04-05 00:00:00+08:00,9.322726920825083,9.632011172102326,9.190176151403866,9.234359741210938,3323197,0.0,0.0
2012-04-06 00:00:00+08:00,9.322726880703659,9.587827541032938,9.322726880703659,9.543643951416016,2055135,0.0,0.0
2012-04-09 00:00:00+08:00,9.366909980773926,9.411093572220217,9.190176492361056,9.366909980773926,1057759,0.0,0.0
2012-04-10 00:00:00+08:00,9.587827438494337,9.852928095988453,9.499460260205547,9.808745384216309,2128012,0.0,0.0
2012-04-11 00:00:00+08:00,9.632011261149747,10.20639705657959,9.632011261149747,10.20639705657959,2527795,0.0,0.0
2012-04-12 00:00:00+08:00,10.515681746963056,10.515681746963056,10.073845863342285,10.073845863342285,2421603,0.0,0.0
2012-04-13 00:00:00+08:00,10.383130285321782,10.73659896850586,10.206395943729744,10.73659896850586,5690663,0.0,0.0
2012-04-16 00:00:00+08:00,10.780783653259277,10.957517135501291,10.692416473452138,10.780783653259277,9776989,0.0,0.0
2012-04-17 00:00:00+08:00,10.780784249594593,10.957517741612557,10.29476561114364,10.338949203491211,3640733,0.0,0.0
2012-04-18 00:00:00+08:00,10.51568218808842,10.692416548950607,10.20639705657959,10.20639705657959,3066045,0.0,0.0
2012-04-19 00:00:00+08:00,10.250580053706445,10.383130816683826,10.073845703069935,10.294764518737793,1280555,0.0,0.0
2012-04-20 00:00:00+08:00,10.073847223688574,10.338949667032018,9.897112846374512,9.897112846374512,1135842,0.0,0.0
2012-04-23 00:00:00+08:00,9.720377632980071,10.029661861388467,9.543643286819732,9.632010459899902,971348,0.0,0.0
2012-04-24 00:00:00+08:00,9.632010459899902,9.852927515228128,9.632010459899902,9.632010459899902,858909,0.0,0.0
2012-04-25 00:00:00+08:00,10.029663143682871,10.029663143682871,9.720378875732422,9.720378875732422,1073376,0.0,0.0
2012-04-26 00:00:00+08:00,9.808745489117554,9.89711179097914,9.543643951416016,9.543643951416016,1085869,0.0,0.0
2012-04-27 00:00:00+08:00,9.632010603778923,10.162212772807685,9.543643429378761,9.676194190979004,3045223,0.0,0.0
2012-04-30 00:00:00+08:00,9.676195283543457,9.720378875732422,9.543644506976559,9.720378875732422,974471,0.0,0.0
2012-05-02 00:00:00+08:00,9.808745253378474,10.38313102722168,9.720378076268405,10.38313102722168,3474157,0.0,0.0
2012-05-03 00:00:00+08:00,10.471497767544616,10.471497767544616,10.162212660560279,10.250579833984375,1979135,0.0,0.0
2012-05-04 00:00:00+08:00,10.250581141423758,10.559866287856746,10.206397549076188,10.338949203491211,2664180,0.0,0.0
2012-05-07 00:00:00+08:00,10.25058050470668,10.25058050470668,10.0296625566912,10.162213325500488,1116061,0.0,0.0
2012-05-08 00:00:00+08:00,10.383131309864343,10.780783617684275,10.294765007721065,10.471498489379883,3268019,0.0,0.0
2012-05-09 00:00:00+08:00,10.51568249956861,10.648233274141477,10.338949010843752,10.604049682617188,1573105,0.0,0.0
2012-05-10 00:00:00+08:00,10.60404896999685,10.692416147106918,10.38313102722168,10.38313102722168,1306583,0.0,0.0
2012-05-11 00:00:00+08:00,10.38313083413012,10.471498009596854,10.029662132263184,10.029662132263184,1424227,0.0,0.0
2012-05-14 00:00:00+08:00,10.118030818017088,10.118030818017088,9.76456294076132,9.897112846374512,973430,0.0,0.0
2012-05-15 00:00:00+08:00,9.720377254732265,10.11802864074707,9.67619366991149,10.11802864074707,2055135,0.0,0.0
2012-05-16 00:00:00+08:00,9.897111101768212,10.029661861388467,9.632010459899902,9.632010459899902,1732393,0.0,0.0
2012-05-17 00:00:00+08:00,9.499460914787594,9.852928774927008,9.499460914787594,9.720378875732422,741264,0.0,0.0
2012-05-18 00:00:00+08:00,9.54364339707828,9.720377745280448,9.057624816894531,9.057624816894531,3100402,0.0,0.0
2012-05-21 00:00:00+08:00,9.057624672159948,9.234359017538022,8.969257499470912,9.01344108581543,1153541,0.0,0.0
2012-05-22 00:00:00+08:00,9.101808831876077,9.278543188387594,9.101808831876077,9.190176010131836,1447131,0.0,0.0
2012-05-23 00:00:00+08:00,9.145992525494876,9.145992525494876,8.925074577331543,8.925074577331543,819347,0.0,0.0
2012-05-24 00:00:00+08:00,8.83670847834177,9.101810048546074,8.571606908137465,8.659974098205566,1825051,0.0,0.0
2012-05-25 00:00:00+08:00,8.827871161345433,8.827871161345433,8.527422904968262,8.527422904968262,1251404,0.0,0.0
2012-05-28 00:00:00+08:00,8.571605388974481,8.668809456296193,8.527421801771176,8.589279174804688,547619,0.0,0.0
2012-05-29 00:00:00+08:00,8.74834076261433,9.190176686406355,8.659973577855924,9.10180950164795,2039518,0.0,0.0
2012-05-30 00:00:00+08:00,9.145992525494876,9.145992525494876,8.83670739806621,8.925074577331543,1427350,0.0,0.0
2012-05-31 00:00:00+08:00,8.836706308393827,8.969257060946722,8.677645756279214,8.880889892578125,1472118,0.0,0.0
2012-06-01 00:00:00+08:00,8.925074318559087,8.925074318559087,8.580443382263184,8.580443382263184,1873983,0.0,0.0
2012-06-04 00:00:00+08:00,8.306505012847376,8.306505012847376,7.988383876551644,8.006056785583496,1781325,0.0,0.0
2012-06-05 00:00:00+08:00,8.165117540890202,8.42138218539013,8.165117540890202,8.30650520324707,971348,0.0,0.0
2012-06-06 00:00:00+08:00,8.439055814997849,8.50975009089531,8.306505912106322,8.421382904052734,700661,0.0,0.0
2012-06-07 00:00:00+08:00,8.659972417571081,8.704156004030455,8.545095443725586,8.545095443725586,790196,0.0,0.0
2012-06-08 00:00:00+08:00,8.571605100930805,8.571605100930805,8.39487075805664,8.39487075805664,337317,0.0,0.0
2012-06-11 00:00:00+08:00,8.57160642605087,8.659973611149,8.500913028921293,8.536260604858398,368550,0.0,0.0
2012-06-12 00:00:00+08:00,8.394870542008995,8.527421295753337,8.35952384981827,8.412545204162598,358139,0.0,0.0
2012-06-13 00:00:00+08:00,8.483238443454637,8.553932711310656,8.447891748212744,8.47440242767334,461208,0.0,0.0
2012-06-14 00:00:00+08:00,8.474403391632746,8.483239408419136,8.421382904052734,8.421382904052734,234247,0.0,0.0
2012-06-15 00:00:00+08:00,8.48323917388916,8.536260537375663,8.48323917388916,8.48323917388916,457043,0.0,0.0
2012-06-18 00:00:00+08:00,8.730666302684357,8.925074445137513,8.677646697808267,8.774849891662598,1181650,0.0,0.0
2012-06-19 00:00:00+08:00,8.774849308655401,8.836706680063989,8.704155921936035,8.704155921936035,523674,0.0,0.0
2012-06-20 00:00:00+08:00,8.79252376011688,8.8190335628019,8.712993474689569,8.721830368041992,458084,0.0,0.0
2012-06-21 00:00:00+08:00,8.80136136993286,9.013442440793968,8.721831078031483,8.836708068847656,1161869,0.0,0.0
2012-06-22 00:00:00+08:00,8.659971971656635,8.880889892578125,8.659971971656635,8.880889892578125,779785,0.0,0.0
2012-06-25 00:00:00+08:00,8.880890987698876,9.013441756596876,8.792523808433543,8.925074577331543,1299295,0.0,0.0
2012-06-26 00:00:00+08:00,8.836706308393827,9.145991397683915,8.836706308393827,8.880889892578125,1504392,0.0,0.0
2012-06-27 00:00:00+08:00,8.925075254820811,9.057626033780545,8.836708068847656,8.836708068847656,733976,0.0,0.0
2012-06-28 00:00:00+08:00,9.013442440793968,9.013442440793968,8.836708068847656,8.836708068847656,457043,0.0,0.0
2012-06-29 00:00:00+08:00,8.925074718081197,9.101809079398988,8.836707537422301,8.969258308410645,1549159,0.0,0.0
2012-07-02 00:00:00+08:00,8.96925792528424,9.145992279052734,8.96925792528424,9.145992279052734,1228500,0.0,0.0
2012-07-03 00:00:00+08:00,9.23435907644211,9.543643305454408,9.190175489815756,9.322726249694824,3747967,0.0,0.0
2012-07-04 00:00:00+08:00,9.366910738634205,9.455277928676422,9.278544425964355,9.278544425964355,1397158,0.0,0.0
2012-07-05 00:00:00+08:00,9.27854333101801,9.366909633259892,9.190176151403866,9.234359741210938,693373,0.0,0.0
2012-07-06 00:00:00+08:00,9.234360278785557,9.322727463543963,9.057625909268747,9.10180950164795,842251,0.0,0.0
2012-07-09 00:00:00+08:00,9.013441898740092,9.101809079398988,8.925074718081197,8.969258308410645,564277,0.0,0.0
2012-07-10 00:00:00+08:00,9.101807813499617,9.101807813499617,8.880889892578125,8.880889892578125,719401,0.0,0.0
2012-07-11 00:00:00+08:00,8.880889892578125,8.969257060946722,8.836706308393827,8.880889892578125,776662,0.0,0.0
2012-07-12 00:00:00+08:00,8.880891618624695,8.9250752113963,8.668810548795456,8.686484336853027,601757,0.0,0.0
2012-07-13 00:00:00+08:00,8.74833988357791,8.74833988357791,8.598116211006538,8.633462905883789,604880,0.0,0.0
2012-07-16 00:00:00+08:00,8.668809164986031,8.686482950222322,8.36836183494657,8.39487075805664,775621,0.0,0.0
2012-07-17 00:00:00+08:00,8.394870392505261,8.483237560094429,8.262320518493652,8.262320518493652,832881,0.0,0.0
2012-07-18 00:00:00+08:00,8.386036593298785,8.386036593298785,8.006058023220987,8.041404724121094,1259733,0.0,0.0
2012-07-19 00:00:00+08:00,8.173954299211038,8.226973904017928,8.059076441594206,8.209300994873047,1368008,0.0,0.0
2012-07-20 00:00:00+08:00,8.20930114795347,8.288831434019066,8.076750378720055,8.147443771362305,1024444,0.0,0.0
2012-07-23 00:00:00+08:00,8.059076290393417,8.067914060858415,7.864669029213631,7.88234281539917,1078581,0.0,0.0
2012-07-24 00:00:00+08:00,7.793975882083236,7.882343061020075,7.520038329276842,7.6614251136779785,1149376,0.0,0.0
2012-07-25 00:00:00+08:00,7.661425289050658,7.820485863829016,7.511201607842715,7.732119560241699,958855,0.0,0.0
2012-07-26 00:00:00+08:00,7.776303256909437,7.820485970620287,7.723282772135214,7.749792575836182,815182,0.0,0.0
2012-07-27 00:00:00+08:00,7.94420018578253,7.9530362014987395,7.864669025358815,7.935363292694092,756881,0.0,0.0
2012-07-30 00:00:00+08:00,8.032566110802433,8.032566110802433,7.944199816146338,7.953035831451416,592387,0.0,0.0
2012-07-31 00:00:00+08:00,8.03256715526019,8.156281914083907,7.873506575875845,8.12977123260498,707949,0.0,0.0
2012-08-01 00:00:00+08:00,7.953036364195514,8.129770720090852,7.953036364195514,8.103260040283203,427892,0.0,0.0
2012-08-02 00:00:00+08:00,8.103260040283203,8.103260040283203,8.103260040283203,8.103260040283203,0,0.0,0.0
2012-08-03 00:00:00+08:00,7.997219669585501,8.085586844399643,7.95303608217843,8.014892578125,345645,0.0,0.0
2012-08-06 00:00:00+08:00,8.041403003479699,8.165116868844859,7.953035831451416,7.953035831451416,943238,0.0,0.0
2012-08-07 00:00:00+08:00,7.953035890919181,8.085586649952736,7.511200904846191,7.511200904846191,2638152,0.0,0.0
2012-08-08 00:00:00+08:00,7.792870195128719,7.999428366525837,7.792870195128719,7.980650901794434,1246199,0.48026,0.0
2012-08-09 00:00:00+08:00,8.008817320323516,8.30926513671875,7.999428122140682,8.30926513671875,1071294,0.0,0.0
2012-08-10 00:00:00+08:00,8.337431799059331,8.403155254131246,8.262321010220424,8.30926513671875,674634,0.0,0.0
2012-08-13 00:00:00+08:00,8.168430823358001,8.778715649142518,8.130874030945982,8.440711975097656,2940072,0.0,0.0
2012-08-14 00:00:00+08:00,8.38437722606932,8.534601606969861,8.38437722606932,8.393767356872559,597592,0.0,0.0
2012-08-15 00:00:00+08:00,8.365599632263184,8.450100553903503,8.337432036911112,8.365599632263184,487235,0.0,0.0
2012-08-16 00:00:00+08:00,8.403155182685637,8.468877704990843,8.356210124378528,8.440711975097656,715237,0.0,0.0
2012-08-17 00:00:00+08:00,8.450099802858041,8.515822321755557,8.412543944601193,8.487656593322754,533044,0.0,0.0
2012-08-20 00:00:00+08:00,8.403155836781396,8.478268495244237,8.384377439113688,8.450100898742676,328988,0.0,0.0
2012-08-21 00:00:00+08:00,8.497045242572472,8.59093535855987,8.431322720706039,8.506434440612793,986964,0.0,0.0
2012-08-22 00:00:00+08:00,8.525213279878686,8.534601546199152,8.459489822387695,8.459489822387695,609044,0.0,0.0
2012-08-23 00:00:00+08:00,8.450101405863467,8.54399153542071,8.450101405863467,8.49704647064209,1162911,0.0,0.0
2012-08-24 00:00:00+08:00,8.731771026690888,8.966495397735036,8.64726917175376,8.778716087341309,2367466,0.0,0.0
2012-08-27 00:00:00+08:00,8.759937750592284,8.91016213215093,8.684826025916944,8.712993621826172,882854,0.0,0.0
2012-08-28 00:00:00+08:00,8.66604786372387,8.70360279083252,8.543990155685249,8.70360279083252,897429,0.0,0.0
2012-08-29 00:00:00+08:00,8.703603291523317,8.703603291523317,8.562768111828568,8.590935707092285,478906,0.0,0.0
2012-08-30 00:00:00+08:00,8.55337987765348,8.778715979567526,8.55337987765348,8.75054931640625,1216007,0.0,0.0
2012-08-31 00:00:00+08:00,8.694214479513196,8.73177127486735,8.590936088913233,8.609713554382324,943238,0.0,0.0
2012-09-03 00:00:00+08:00,8.609712876391454,9.210609436035156,8.609712876391454,9.210609436035156,7063877,0.0,0.0
2012-09-04 00:00:00+08:00,9.210610603708144,9.210610603708144,9.013441147461217,9.107331275939941,1738640,0.0,0.0
2012-09-05 00:00:00+08:00,9.032218528604776,9.126108646507237,9.013440132141113,9.013440132141113,1082746,0.0,0.0
2012-09-06 00:00:00+08:00,9.0603854506511,9.19183143303858,9.013440390355004,9.069775581359863,1562694,0.0,0.0
2012-09-07 00:00:00+08:00,9.23877726936855,9.23877726936855,9.107331275939941,9.107331275939941,1676174,0.0,0.0
2012-09-10 00:00:00+08:00,9.18244393804774,9.23877726936855,9.097942076650462,9.107331275939941,1105650,0.0,0.0
2012-09-11 00:00:00+08:00,8.919550413693576,9.248165841068968,8.919550413693576,9.032218933105469,2973387,0.0,0.0
2012-09-12 00:00:00+08:00,9.013440488858745,9.107330610477018,8.881994505034752,8.938329696655273,1943737,0.0,0.0
2012-09-13 00:00:00+08:00,8.938329743206182,9.19183158136302,8.938329743206182,9.032218933105469,2182149,0.0,0.0
2012-09-14 00:00:00+08:00,9.3890007511429,9.3890007511429,9.201220512390137,9.201220512390137,3113936,0.0,0.0
2012-09-17 00:00:00+08:00,9.435945475469593,9.482890533489318,9.116720199584961,9.116720199584961,2087409,0.0,0.0
2012-09-18 00:00:00+08:00,9.060385011311803,9.248165243390698,9.060385011311803,9.116720199584961,1103568,0.0,0.0
2012-09-19 00:00:00+08:00,9.20122070135667,9.238776563436923,9.154275640704363,9.163665771484375,668387,0.0,0.0
2012-09-20 00:00:00+08:00,9.163665849822,9.248165841068968,9.02282973445315,9.032218933105469,1060883,0.0,0.0
2012-09-21 00:00:00+08:00,9.06977590130083,9.173054291829075,9.06977590130083,9.154275894165039,786032,0.0,0.0
2012-09-24 00:00:00+08:00,9.154275015720717,9.389000302957012,9.022829041309972,9.248165130615234,3434595,0.0,0.0
2012-09-25 00:00:00+08:00,9.295111656188965,9.529836980499205,9.295111656188965,9.295111656188965,2931743,0.0,0.0
2012-09-26 00:00:00+08:00,9.201219611000939,9.295109721179461,9.107329500822418,9.135497093200684,1546036,0.0,0.0
2012-09-27 00:00:00+08:00,9.107330069331526,9.248165243390698,9.107330069331526,9.116720199584961,612168,0.0,0.0
2012-09-28 00:00:00+08:00,9.135498361939709,9.210610087630911,8.99466317711272,9.060385704040527,1283678,0.0,0.0
2012-10-01 00:00:00+08:00,9.013440488858745,9.05099635106446,8.92893956584389,8.938329696655273,672551,0.0,0.0
2012-10-02 00:00:00+08:00,8.9664945602417,9.013439616507334,8.93832883157334,8.9664945602417,746470,0.0,0.0
2012-10-03 00:00:00+08:00,8.938329070894971,9.163665160561761,8.919549742794883,9.022829055786133,1847956,0.0,0.0
2012-10-04 00:00:00+08:00,8.966495682607864,9.15427593117548,8.853828092792085,8.928939819335938,1111897,0.0,0.0
2012-10-05 00:00:00+08:00,8.92893953565629,9.022829656957134,8.778716087341309,8.778716087341309,1198308,0.0,0.0
2012-10-08 00:00:00+08:00,8.806883461820572,8.825661860479888,8.365600415406979,8.403156280517578,1162911,0.0,0.0
2012-10-09 00:00:00+08:00,8.403156112624165,8.487657972694723,8.055763202031928,8.12148666381836,2101985,0.0,0.0
2012-10-11 00:00:00+08:00,7.980651796146915,8.065151795219657,7.886761665344238,7.886761665344238,1272226,0.0,0.0
2012-10-12 00:00:00+08:00,7.886760473963879,8.065150576891545,7.886760473963879,7.943094730377197,502852,0.0,0.0
2012-10-15 00:00:00+08:00,7.943095173078319,7.9806510353777025,7.886760913525263,7.8961501121521,508057,0.0,0.0
2012-10-16 00:00:00+08:00,7.896149979983241,7.99004010026411,7.896149979983241,7.980650901794434,336275,0.0,0.0
2012-10-17 00:00:00+08:00,7.999428366525837,8.14965274541682,7.961872504855079,7.980650901794434,705867,0.0,0.0
2012-10-18 00:00:00+08:00,7.980651796146915,8.065151795219657,7.821038200899143,7.886761665344238,552825,0.0,0.0
2012-10-19 00:00:00+08:00,7.88676062928079,8.008817410406762,7.792870044708252,7.792870044708252,416440,0.0,0.0
2012-10-22 00:00:00+08:00,7.6520358722335216,7.886761665344238,7.586313339996481,7.886761665344238,790196,0.0,0.0
2012-10-23 00:00:00+08:00,7.886760617781226,7.933705676947063,7.792870033345588,7.905538082122803,1253486,0.0,0.0
2012-10-24 00:00:00+08:00,7.821037327384578,7.94309504312053,7.821037327384578,7.867982387542725,346686,0.0,0.0
2012-10-25 00:00:00+08:00,7.8679821594750265,7.933705614674499,7.661424926195361,7.69897985458374,474742,0.0,0.0
2012-10-26 00:00:00+08:00,7.680202608716248,7.698980073444228,7.323420524597168,7.323420524597168,1411734,0.0,0.0
2012-10-29 00:00:00+08:00,7.323420813704749,7.511200595541284,6.9948058459128175,7.041750907897949,748552,0.0,0.0
2012-10-30 00:00:00+08:00,6.94786059320034,7.304642681610042,6.94786059320034,7.19197416305542,590304,0.0,0.0
2012-10-31 00:00:00+08:00,7.229530689734485,7.229530689734485,7.041750907897949,7.041750907897949,546578,0.0,0.0
2012-11-01 00:00:00+08:00,7.041750467076726,7.135640119065403,6.9478603489840856,7.088695526123047,540331,0.0,0.0
2012-11-02 00:00:00+08:00,7.135640503579497,7.267086955654751,7.088695908107463,7.107473373413086,539290,0.0,0.0
2012-11-05 00:00:00+08:00,6.947860526515204,7.051139379393703,6.853970406023491,6.938471794128418,563236,0.0,0.0
2012-11-06 00:00:00+08:00,6.9478607177734375,6.994805779311581,6.863359793446375,6.9478607177734375,397700,0.0,0.0
2012-11-07 00:00:00+08:00,7.041750962589809,7.163808217919946,6.994805900240064,7.135640621185303,549701,0.0,0.0
2012-11-08 00:00:00+08:00,6.994805527336531,7.135640240773661,6.994805527336531,7.004194259643555,507016,0.0,0.0
2012-11-09 00:00:00+08:00,6.900915145960658,7.370364794421582,6.900915145960658,7.285863876342773,478906,0.0,0.0
2012-11-12 00:00:00+08:00,7.370365237399968,7.464255359176778,7.295253978965688,7.351587772369385,511181,0.0,0.0
2012-11-13 00:00:00+08:00,7.351587682236629,7.351587682236629,7.041750657055039,7.098084449768066,407070,0.0,0.0
2012-11-14 00:00:00+08:00,7.145028851212289,7.210752772864273,7.051139199223612,7.088695526123047,213425,0.0,0.0
2012-11-15 00:00:00+08:00,7.041750549853315,7.098084341708732,7.004194222512401,7.069917678833008,298796,0.0,0.0
2012-11-16 00:00:00+08:00,7.069917595725311,7.135640119065403,7.060527931370498,7.088695526123047,268604,0.0,0.0
2012-11-19 00:00:00+08:00,7.079306737567745,7.079306737567745,6.994805812835693,6.994805812835693,322741,0.0,0.0
2012-11-20 00:00:00+08:00,7.013583026978234,7.135640276410902,6.9948055622704075,7.0511393547058105,383125,0.0,0.0
2012-11-21 00:00:00+08:00,7.051139147767462,7.069917544132125,6.853970180874148,6.882137775421143,231124,0.0,0.0
2012-11-22 00:00:00+08:00,6.891526507499513,6.94786029828162,6.853970180874148,6.882137775421143,271727,0.0,0.0
2012-11-23 00:00:00+08:00,6.882138256473292,7.116863100294959,6.882138256473292,7.041750907897949,537208,0.0,0.0
2012-11-26 00:00:00+08:00,7.088695679635983,7.210752929020483,7.0793064811818,7.1638078689575195,801648,0.0,0.0
2012-11-27 00:00:00+08:00,7.163807429996206,7.267086276143944,7.135639836359624,7.210752487182617,690250,0.0,0.0
2012-11-28 00:00:00+08:00,7.163808133380079,7.210753195175827,7.145029269674596,7.154418468475342,458084,0.0,0.0
2012-11-29 00:00:00+08:00,7.652035236358643,7.652035236358643,7.595701442220724,7.652035236358643,1752174,0.0,0.0
2012-11-30 00:00:00+08:00,7.652034582384121,7.7834810230132865,7.417309761047363,7.417309761047363,3993667,0.0,0.0
2012-12-03 00:00:00+08:00,7.605090485247173,7.7459252007603565,7.511200364169065,7.689591407775879,2095738,0.0,0.0
2012-12-04 00:00:00+08:00,7.689591194055201,7.792870044708252,7.614479938267482,7.792870044708252,1059841,0.0,0.0
2012-12-05 00:00:00+08:00,7.839815289795005,8.205986552291252,7.69897965102266,8.027595520019531,1752174,0.0,0.0
2012-12-06 00:00:00+08:00,8.112096984250176,8.149652846386228,7.83981581850384,7.849205017089844,1036937,0.0,0.0
2012-12-07 00:00:00+08:00,7.867982352012303,7.933705808820093,7.6614251136779785,7.6614251136779785,903676,0.0,0.0
2012-12-10 00:00:00+08:00,7.698980140221303,7.886760848481497,7.670813942885032,7.689591407775879,487235,0.0,0.0
2012-12-11 00:00:00+08:00,7.877371430992347,7.877371430992347,7.576923611217673,7.792870044708252,1025485,0.0,0.0
2012-12-12 00:00:00+08:00,7.7928702916778025,7.971260869876045,7.7928702916778025,7.849205017089844,832881,0.0,0.0
2012-12-13 00:00:00+08:00,7.849204613757638,8.05576231099592,7.849204613757638,7.943094730377197,1172280,0.0,0.0
2012-12-14 00:00:00+08:00,7.980650795146954,7.980650795146954,7.821037219919253,7.839815616607666,601757,0.0,0.0
2012-12-17 00:00:00+08:00,7.83981626313074,7.886761326515237,7.783482000627742,7.802260398864746,414358,0.0,0.0
2012-12-18 00:00:00+08:00,7.811647686956304,8.140262603759766,7.811647686956304,8.140262603759766,2841167,0.0,0.0
2012-12-19 00:00:00+08:00,8.14026265592255,8.328042875930064,8.074540138244629,8.074540138244629,4277888,0.0,0.0
2012-12-20 00:00:00+08:00,8.07454192694959,8.14026445918663,7.886761665344238,7.886761665344238,1187897,0.0,0.0
2012-12-21 00:00:00+08:00,7.933705688515077,7.971260617252987,7.6050902738750725,7.792870044708252,2141546,0.0,0.0
2012-12-24 00:00:00+08:00,7.952482865355804,7.999427922892755,7.821036890693921,7.914927005767822,569482,0.0,0.0
2012-12-25 00:00:00+08:00,7.914927316124454,7.980650772136464,7.886760653380984,7.952483177185059,420605,0.0,0.0
2012-12-26 00:00:00+08:00,7.952483749346664,8.00881801109465,7.933706283569336,7.933706283569336,540331,0.0,0.0
2012-12-27 00:00:00+08:00,7.961872504855079,8.065150891397677,7.924316643184322,7.980650901794434,634031,0.0,0.0
2012-12-28 00:00:00+08:00,7.980651143402748,8.018206074002505,7.91492768433323,7.924316883087158,722524,0.0,0.0
2013-01-02 00:00:00+08:00,7.924316435586793,8.450100349619063,7.924316435586793,8.243541717529297,3440842,0.0,0.0
2013-01-03 00:00:00+08:00,8.356210231797883,8.365599430021586,8.168430928363447,8.243541717529297,1032773,0.0,0.0
2013-01-04 00:00:00+08:00,8.224764201984335,8.309265121054702,8.149652481079102,8.149652481079102,703785,0.0,0.0
2013-01-07 00:00:00+08:00,8.10270809692632,8.262321682395987,8.10270809692632,8.159042358398438,923457,0.0,0.0
2013-01-08 00:00:00+08:00,8.140263098829507,8.168430692687926,7.999427926161113,8.027595520019531,698579,0.0,0.0
2013-01-09 00:00:00+08:00,8.02759606992145,8.14026365644932,7.990040207745495,8.008817672729492,719401,0.0,0.0
2013-01-10 00:00:00+08:00,8.00881712411392,8.215375750244057,8.00881712411392,8.027595520019531,918252,0.0,0.0
2013-01-11 00:00:00+08:00,8.027595388808173,8.168430559174613,7.9900395298187,7.999427795410156,1007786,0.0,0.0
2013-01-14 00:00:00+08:00,8.027596536813752,8.168431727320662,8.018206405463673,8.12148666381836,701702,0.0,0.0
2013-01-15 00:00:00+08:00,8.149653061515272,8.590936084626518,8.149653061515272,8.450100898742676,3912461,0.0,0.0
2013-01-16 00:00:00+08:00,8.497045960703957,8.543991022665237,8.356210774820115,8.450100898742676,1495022,0.0,0.0
2013-01-17 00:00:00+08:00,8.45010040917296,8.637880646138742,7.9806507489664344,8.17781925201416,1929162,0.0,0.0
2013-01-18 00:00:00+08:00,8.07454059658397,8.290486556759479,8.07454059658397,8.18720817565918,655894,0.0,0.0
2013-01-21 00:00:00+08:00,8.215377234143523,8.24354296867357,8.046374437090643,8.23415470123291,436221,0.0,0.0
2013-01-22 00:00:00+08:00,8.24354211415386,8.24354211415386,8.093318664178556,8.102707862854004,860991,0.0,0.0
2013-01-23 00:00:00+08:00,8.168430248248386,8.356209536048052,8.074540138244629,8.074540138244629,1074417,0.0,0.0
2013-01-24 00:00:00+08:00,8.093317600920672,8.14026265592255,8.00881668835886,8.074540138244629,673593,0.0,0.0
2013-01-25 00:00:00+08:00,8.074542063087593,8.074542063087593,7.9524843316613705,7.961873531341553,715237,0.0,0.0
2013-01-28 00:00:00+08:00,7.961872611957555,8.102707794273364,7.961872611957555,8.008817672729492,256111,0.0,0.0
2013-01-29 00:00:00+08:00,8.149651853364496,8.149651853364496,8.027595083242751,8.074540138244629,277974,0.0,0.0
2013-01-30 00:00:00+08:00,8.074540521966275,8.159041438543774,8.074540521966275,8.093317985534668,360221,0.0,0.0
2013-01-31 00:00:00+08:00,8.093317854132394,8.159041306074421,8.065150260925293,8.065150260925293,414358,0.0,0.0
2013-02-01 00:00:00+08:00,8.065150831902455,8.140263486897828,8.04637336730957,8.04637336730957,370632,0.0,0.0
2013-02-04 00:00:00+08:00,8.14026365644932,8.14026365644932,8.008817672729492,8.008817672729492,605921,0.0,0.0
2013-02-05 00:00:00+08:00,8.008817120841725,8.008817120841725,7.896149542077781,7.914927005767822,445591,0.0,0.0
2013-02-06 00:00:00+08:00,7.952483404911999,7.952483404911999,7.849205017089844,7.849205017089844,636113,0.0,0.0
2013-02-18 00:00:00+08:00,7.86798268419126,7.933706143773833,7.8585944175720215,7.8585944175720215,339399,0.0,0.0
2013-02-19 00:00:00+08:00,7.839815501579398,8.027595736876611,7.839815501579398,7.9712605476379395,464331,0.0,0.0
2013-02-20 00:00:00+08:00,8.027596579261791,8.065151511612596,8.008818180878368,8.055763244628906,539290,0.0,0.0
2013-02-21 00:00:00+08:00,8.055762494257674,8.055762494257674,7.943094911075859,7.952483177185059,393536,0.0,0.0
2013-02-22 00:00:00+08:00,7.924316900446615,7.924316900446615,7.792870448123614,7.811648845672607,907841,0.0,0.0
2013-02-25 00:00:00+08:00,7.961872409408917,8.140263449362445,7.961872409408917,8.112096786499023,1746969,0.0,0.0
2013-02-26 00:00:00+08:00,7.980651346324658,8.02759640907998,7.905538686591342,7.933706283569336,586140,0.0,0.0
2013-02-27 00:00:00+08:00,8.121485854525218,8.121485854525218,7.933705619228005,7.9712605476379395,451838,0.0,0.0
2013-03-01 00:00:00+08:00,8.07454130541017,8.243542222754831,8.046373709012741,8.130874633789062,1470036,0.0,0.0
2013-03-04 00:00:00+08:00,8.130874457853341,8.130874457853341,7.990040207745495,8.008817672729492,435180,0.0,0.0
2013-03-05 00:00:00+08:00,8.008817701953268,8.337432196347955,7.980651038270511,8.168431282043457,2183191,0.0,0.0
2013-03-06 00:00:00+08:00,8.262321682395987,8.262321682395987,8.10270809692632,8.159042358398438,889101,0.0,0.0
2013-03-07 00:00:00+08:00,8.12148581879162,8.149652481079102,8.102707422461352,8.149652481079102,831840,0.0,0.0
2013-03-08 00:00:00+08:00,8.149652066849391,8.450099867407111,8.130873671473589,8.356209754943848,3313827,0.0,0.0
2013-03-11 00:00:00+08:00,8.534601614371917,8.938329696655273,8.4970457521662,8.938329696655273,9202301,0.0,0.0
2013-03-12 00:00:00+08:00,8.994663909868356,8.994663909868356,8.675437651362822,8.684826850891113,3874758,0.0,0.0
2013-03-13 00:00:00+08:00,8.694214672251418,8.769327332416879,8.543991216336511,8.572158813476562,1696996,0.0,0.0
2013-03-14 00:00:00+08:00,8.572158516933364,8.816272090454284,8.572158516933364,8.581546783447266,985327,0.0,0.0
2013-03-15 00:00:00+08:00,8.60032535009882,8.722382139260695,8.49704602654216,8.543991088867188,1627468,0.0,0.0
2013-03-18 00:00:00+08:00,8.4594896212046,8.497045482217176,8.337431907653809,8.337431907653809,1389352,0.0,0.0
2013-03-19 00:00:00+08:00,8.450101132047374,8.497046195304794,8.337432607346363,8.346822738647461,890169,0.0,0.0
2013-03-20 00:00:00+08:00,8.346822738647461,8.41254526788304,8.262321811225707,8.346822738647461,605240,0.0,0.0
2013-03-21 00:00:00+08:00,8.346822508194247,8.637881146587798,8.346822508194247,8.450100898742676,1642859,0.0,0.0
2013-03-22 00:00:00+08:00,8.450100939499208,8.54399106387462,8.384377479553223,8.384377479553223,547567,0.0,0.0
2013-03-25 00:00:00+08:00,8.450100110110691,8.487656901941,8.412544250488281,8.412544250488281,481538,0.0,0.0
2013-03-26 00:00:00+08:00,8.412544324625395,8.59093535855987,8.374988464672018,8.506434440612793,1024824,0.0,0.0
2013-03-27 00:00:00+08:00,8.50643515953781,8.543991022665237,8.450100898742676,8.450100898742676,949904,0.0,0.0
2013-03-28 00:00:00+08:00,8.450100623859274,8.703603390878905,8.450100623859274,8.459489822387695,1542821,0.0,0.0
2013-03-29 00:00:00+08:00,8.478268495244237,8.572158619166798,8.450100898742676,8.450100898742676,712569,0.0,0.0
2013-04-01 00:00:00+08:00,8.468878269183083,8.478268400119568,8.1965970993042,8.1965970993042,830347,0.0,0.0
2013-04-02 00:00:00+08:00,8.196597902638002,8.318655633655316,8.196597902638002,8.23415470123291,572178,0.0,0.0
2013-04-03 00:00:00+08:00,8.337431392169593,8.337431392169593,8.243541279339196,8.290486335754395,428934,0.0,0.0
2013-04-08 00:00:00+08:00,8.196596876441802,8.215376205596192,7.792870198068894,7.867982387542725,1203065,0.0,0.0
2013-04-09 00:00:00+08:00,7.811649131879241,7.914927991662728,7.792870733642237,7.802260398864746,848699,0.0,0.0
2013-04-10 00:00:00+08:00,7.79286976295096,7.933705401665763,7.79286976295096,7.914927005767822,605412,0.0,0.0
2013-04-11 00:00:00+08:00,7.943094875221816,7.999428200454475,7.8961498160559795,7.905538082122803,732550,0.0,0.0
2013-04-12 00:00:00+08:00,7.98065145328423,7.98065145328423,7.802260398864746,7.802260398864746,768792,0.0,0.0
2013-04-15 00:00:00+08:00,7.745925165770625,7.802259890708586,7.520589994850594,7.642646312713623,1262496,0.0,0.0
2013-04-16 00:00:00+08:00,7.511200364169065,7.689591407775879,7.511200364169065,7.689591407775879,564670,0.0,0.0
2013-04-17 00:00:00+08:00,7.689592204217008,7.886761665344238,7.614480938562116,7.886761665344238,631481,0.0,0.0
2013-04-18 00:00:00+08:00,7.7928710684375355,7.999429262982617,7.708370603260765,7.886761665344238,1136636,0.0,0.0
2013-04-19 00:00:00+08:00,7.858594252701283,8.393767388129397,7.858594252701283,8.168431282043457,3225953,0.0,0.0
2013-04-22 00:00:00+08:00,8.177819695576796,8.2623215525611,8.093318770800472,8.130874633789062,1213568,0.0,0.0
2013-04-23 00:00:00+08:00,8.16843182746726,8.694214867164835,8.16843182746726,8.468878746032715,4458366,0.0,0.0
2013-04-24 00:00:00+08:00,8.543990673994513,8.581546535589327,8.337432036911112,8.365599632263184,1441665,0.0,0.0
2013-04-25 00:00:00+08:00,8.365599040411936,8.3937666337712,8.215375604660718,8.224763870239258,758109,0.0,0.0
2013-04-26 00:00:00+08:00,8.262321010220424,8.61910308350474,8.262321010220424,8.30926513671875,2148356,0.0,0.0
2013-04-29 00:00:00+08:00,8.450100723366027,8.450100723366027,8.262321411626136,8.328043937683105,859190,0.0,0.0
2013-04-30 00:00:00+08:00,8.590935953947966,8.647269281678216,8.4219331741333,8.4219331741333,2007810,0.0,0.0
2013-05-02 00:00:00+08:00,8.374988591790666,8.421932718288993,8.28109847437817,8.30926513671875,1062311,0.0,0.0
2013-05-03 00:00:00+08:00,8.309265540405134,8.403155662379064,8.309265540405134,8.328043937683105,669517,0.0,0.0
2013-05-06 00:00:00+08:00,8.431323770542523,8.581547229061288,8.328044443654854,8.534602165222168,1248818,0.0,0.0
2013-05-07 00:00:00+08:00,8.450100898742676,8.562768488124957,8.450100898742676,8.450100898742676,922994,0.0,0.0
2013-05-08 00:00:00+08:00,8.497045960703957,8.525213557205516,8.41254503561525,8.450100898742676,564653,0.0,0.0
2013-05-09 00:00:00+08:00,8.543991088867188,8.60032535009882,8.459490163123736,8.543991088867188,2185804,0.0,0.0
2013-05-10 00:00:00+08:00,8.54399030056617,8.54399030056617,8.468877648451508,8.506434440612793,1024937,0.0,0.0
2013-05-13 00:00:00+08:00,8.525213623261973,8.581546952285612,8.49704602654216,8.543991088867188,766331,0.0,0.0
2013-05-14 00:00:00+08:00,8.543991088867188,8.619103747912028,8.515823492147375,8.543991088867188,910580,0.0,0.0
2013-05-15 00:00:00+08:00,8.543990190699043,8.572157784457799,8.478267669677734,8.478267669677734,787767,0.0,0.0
2013-05-16 00:00:00+08:00,8.49704513330901,8.619102841847832,8.478267669677734,8.478267669677734,1220099,0.0,0.0
2013-05-17 00:00:00+08:00,8.543990495929311,9.01344015439262,8.543990495929311,8.788104057312012,3852422,0.0,0.0
2013-05-20 00:00:00+08:00,8.82566120883918,9.004052254099086,8.525213377929857,8.712993621826172,2657203,0.0,0.0
2013-05-21 00:00:00+08:00,8.712992935330531,9.313888549804688,8.65665774795072,9.313888549804688,10082199,0.0,0.0
2013-05-22 00:00:00+08:00,9.905396949663228,9.952341079711914,9.670671638379837,9.952341079711914,8788277,0.0,0.0
2013-05-23 00:00:00+08:00,10.187066134660556,10.187066134660556,9.482891150737363,9.576781272888184,10476615,0.0,0.0
2013-05-24 00:00:00+08:00,9.482891282763179,10.187066276490269,9.482891282763179,9.764561653137207,8301782,0.0,0.0
2013-05-27 00:00:00+08:00,9.764562098783648,9.905397290398263,9.435946651682881,9.71761703491211,3492832,0.0,0.0
2013-05-28 00:00:00+08:00,9.76456106785877,9.811506126773933,9.529835773282956,9.623725891113281,1890405,0.0,0.0
2013-05-29 00:00:00+08:00,9.764560622890155,9.952339917785824,9.623725452562491,9.670670509338379,2648470,0.0,0.0
2013-05-30 00:00:00+08:00,9.670670801843343,9.71761586003916,9.323276998311133,9.435945510864258,3151578,0.0,0.0
2013-05-31 00:00:00+08:00,9.482890642429735,9.67067087666587,9.389000525311669,9.52983570098877,2190369,0.0,0.0
2013-06-03 00:00:00+08:00,9.389000976536291,10.187066078186035,9.389000976536291,10.187066078186035,4139822,0.0,0.0
2013-06-04 00:00:00+08:00,10.468735510869028,10.656515754129664,10.187066078186035,10.187066078186035,7098404,0.0,0.0
2013-06-05 00:00:00+08:00,10.093176740804426,10.327902063118586,9.905397415161133,9.905397415161133,3139254,0.0,0.0
2013-06-06 00:00:00+08:00,9.764560899728947,10.04623031616211,9.576780667301565,10.04623031616211,2748824,0.0,0.0
2013-06-07 00:00:00+08:00,10.046230031337602,10.046230031337602,9.482890282234825,9.670670509338379,2850007,0.0,0.0
2013-06-10 00:00:00+08:00,9.764560622890155,9.905395793217819,9.482890282234825,9.670670509338379,1360523,0.0,0.0
2013-06-11 00:00:00+08:00,9.670670854004282,10.187065564735647,9.57678073710623,10.140120506286621,3375414,0.0,0.0
2013-06-13 00:00:00+08:00,10.327902063118586,10.327902063118586,9.8584523506983,9.905397415161133,6231865,0.0,0.0
2013-06-14 00:00:00+08:00,9.952340371311497,9.999285430226658,9.623725891113281,9.623725891113281,2394852,0.0,0.0
2013-06-17 00:00:00+08:00,9.623726467950194,9.99928602957425,9.623726467950194,9.764561653137207,1572531,0.0,0.0
2013-06-18 00:00:00+08:00,9.952340272490519,10.327900740082724,9.811506029351358,10.140120506286621,3698041,0.0,0.0
2013-06-19 00:00:00+08:00,10.234010548589492,10.374845722910027,10.04623031616211,10.04623031616211,2027424,0.0,0.0
2013-06-20 00:00:00+08:00,9.952340072389811,9.952340072389811,9.764560774577095,9.858450889587402,1474365,0.0,0.0
2013-06-21 00:00:00+08:00,9.623726576123158,9.999286141968593,9.623726576123158,9.952341079711914,1547451,0.0,0.0
2013-06-24 00:00:00+08:00,9.952340967845245,10.093176153032259,9.764561653137207,9.764561653137207,904465,0.0,0.0
2013-06-25 00:00:00+08:00,9.764561517189827,9.858451639340648,9.529836211812773,9.576781272888184,1410133,0.0,0.0
2013-06-26 00:00:00+08:00,9.717615566114267,9.811505679666043,9.529835339010713,9.670670509338379,1289273,0.0,0.0
2013-06-27 00:00:00+08:00,9.764561040769783,10.234010696411133,9.717615981984856,10.234010696411133,3418014,0.0,0.0
2013-06-28 00:00:00+08:00,10.421791239485197,10.421791239485197,9.999285697937012,9.999285697937012,2814612,0.0,0.0
2013-07-01 00:00:00+08:00,10.093175357331093,10.656515121459961,10.093175357331093,10.656515121459961,3198599,0.0,0.0
2013-07-02 00:00:00+08:00,10.891239762591859,11.36069031489797,10.891239762591859,11.032074928283691,10448618,0.0,0.0
2013-07-03 00:00:00+08:00,11.032077342029854,11.36069280054304,10.750406949018553,11.079022407531738,4400397,0.0,0.0
2013-07-04 00:00:00+08:00,11.172911008669216,11.219856067743082,10.750405477004419,10.938186645507812,3360886,0.0,0.0
2013-07-05 00:00:00+08:00,11.032075388714915,11.07902044590481,10.797350102765439,10.98513126373291,2188312,0.0,0.0
2013-07-08 00:00:00+08:00,10.938187267473662,11.172911643981934,10.797351150035928,11.172911643981934,2175834,0.0,0.0
2013-07-09 00:00:00+08:00,11.172911368158505,11.266801489327161,10.797350883483887,10.797350883483887,2403584,0.0,0.0
2013-07-10 00:00:00+08:00,10.797350313663728,11.032075604197955,10.04623031616211,10.04623031616211,6724755,0.0,0.0
2013-07-11 00:00:00+08:00,9.95234154741593,10.187066869730089,9.8584523506983,9.905397415161133,2468378,0.0,0.0
2013-07-12 00:00:00+08:00,10.093176740804426,10.093176740804426,9.905397415161133,9.905397415161133,1274308,0.0,0.0
2013-07-15 00:00:00+08:00,10.04623120422527,10.140121328738628,9.905396949663228,9.952341079711914,1074125,0.0,0.0
2013-07-16 00:00:00+08:00,9.952340072389811,10.046230187400118,9.764560774577095,9.858450889587402,1881750,0.0,0.0
2013-07-17 00:00:00+08:00,9.764561653137207,9.952340967845245,9.670671529679199,9.764561653137207,1513640,0.0,0.0
2013-07-18 00:00:00+08:00,9.764561653137207,9.905396838324222,9.670671529679199,9.764561653137207,859445,0.0,0.0
2013-07-19 00:00:00+08:00,9.764560993783936,9.764560993783936,9.389000525311669,9.52983570098877,1865521,0.0,0.0
2013-07-22 00:00:00+08:00,9.52983570098877,9.717615935224904,9.435945583870703,9.52983570098877,1275881,0.0,0.0
2013-07-23 00:00:00+08:00,9.576780973327434,9.85845133096928,9.576780973327434,9.811506271362305,1413439,0.0,0.0
2013-07-24 00:00:00+08:00,9.764561653137207,9.811506714866212,9.670671529679199,9.764561653137207,882123,0.0,0.0
2013-07-25 00:00:00+08:00,9.670671529679199,9.952340967845245,9.670671529679199,9.764561653137207,1312909,0.0,0.0
2013-07-26 00:00:00+08:00,9.764561653137207,9.811506714866212,9.670671529679199,9.764561653137207,782423,0.0,0.0
2013-07-29 00:00:00+08:00,9.764560993783936,9.764560993783936,9.389000525311669,9.52983570098877,1234763,0.0,0.0
2013-07-30 00:00:00+08:00,9.52983615898177,10.187066078186035,9.52983615898177,10.187066078186035,5993609,0.0,0.0
2013-07-31 00:00:00+08:00,10.187065276281768,10.60956985815157,9.905395865771197,10.374845504760742,8489097,0.0,0.0
2013-08-01 00:00:00+08:00,10.374846179313176,10.374846179313176,9.952340637764992,9.999285697937012,2494102,0.0,0.0
2013-08-02 00:00:00+08:00,9.99928661187876,10.140121805267258,9.811507286235468,9.905397415161133,1900597,0.0,0.0
2013-08-05 00:00:00+08:00,9.905396390576254,9.905396390576254,9.670671092541383,9.811506271362305,1612455,0.0,0.0
2013-08-06 00:00:00+08:00,9.717616591408202,9.811506714866212,9.623726467950194,9.764561653137207,1040653,0.0,0.0
2013-08-07 00:00:00+08:00,9.576780832198118,9.76456106785877,9.576780832198118,9.623725891113281,1064521,0.0,0.0
2013-08-08 00:00:00+08:00,9.670670950028445,9.811506126773933,9.623725891113281,9.623725891113281,745505,0.0,0.0
2013-08-09 00:00:00+08:00,9.62372702838414,10.046231676341593,9.62372702838414,9.905397415161133,1801743,0.0,0.0
2013-08-12 00:00:00+08:00,9.764562098783648,9.905397290398263,9.71761703491211,9.71761703491211,676592,0.0,0.0
2013-08-13 00:00:00+08:00,9.764562098783648,9.858452226526724,9.670671971040571,9.71761703491211,965797,0.0,0.0
2013-08-14 00:00:00+08:00,9.811506714866212,9.858451776595217,9.717616591408202,9.764561653137207,656515,0.0,0.0
2013-08-15 00:00:00+08:00,9.764560622890155,9.764560622890155,9.623725452562491,9.670670509338379,709681,0.0,0.0
2013-08-16 00:00:00+08:00,9.623726467950194,9.858451776595217,9.623726467950194,9.764561653137207,644869,0.0,0.0
2013-08-19 00:00:00+08:00,9.71761703491211,9.764562098783648,9.576781843297494,9.71761703491211,662644,0.0,0.0
2013-08-20 00:00:00+08:00,9.717616386458207,9.717616386458207,9.482891082763672,9.482891082763672,748722,0.0,0.0
2013-08-22 00:00:00+08:00,9.48289077299356,9.57678089140434,9.182442953403825,9.332666397094727,1915933,0.0,0.0
2013-08-23 00:00:00+08:00,9.342055466752635,9.576780759547804,9.342055466752635,9.52983570098877,1050230,0.0,0.0
2013-08-26 00:00:00+08:00,9.623726194617525,9.623726194617525,9.379611694118434,9.38900089263916,1062435,0.0,0.0
2013-08-27 00:00:00+08:00,9.43594691821838,9.482891983415968,9.201221592230446,9.229389190673828,922896,0.0,0.0
2013-08-28 00:00:00+08:00,9.107330869033577,9.191831794447406,8.90077315493399,8.928939819335938,1101588,0.0,0.0
2013-08-29 00:00:00+08:00,8.947718616850928,9.201221404418666,8.947718616850928,9.107331275939941,854730,0.0,0.0
2013-08-30 00:00:00+08:00,9.15427582725852,9.191831690104122,9.022829841194927,9.060385704040527,868340,0.0,0.0
2013-09-02 00:00:00+08:00,9.069774997739527,9.323276815493431,9.069774997739527,9.313888549804688,927400,0.0,0.0
2013-09-03 00:00:00+08:00,9.389001785913061,9.389001785913061,9.248166591326918,9.295111656188965,686440,0.0,0.0
2013-09-04 00:00:00+08:00,9.295110822661282,9.304500021233336,9.107330580052055,9.163665771484375,787286,0.0,0.0
2013-09-05 00:00:00+08:00,9.276333323663366,9.379612653539667,9.210610791711574,9.229389190673828,589044,0.0,0.0
2013-09-06 00:00:00+08:00,9.248165369327289,9.379611347130895,9.248165369327289,9.304499626159668,513408,0.0,0.0
2013-09-09 00:00:00+08:00,9.379611552763674,9.379611552763674,9.19183131401091,9.201220512390137,623509,0.0,0.0
2013-09-10 00:00:00+08:00,9.210610047314706,9.248165909995919,9.12610912322998,9.12610912322998,419475,0.0,0.0
2013-09-11 00:00:00+08:00,9.154274555911678,9.351443973728143,9.050995248273734,9.135497093200684,610432,0.0,0.0
2013-09-12 00:00:00+08:00,9.06977590130083,9.229388552613202,9.06977590130083,9.154275894165039,402763,0.0,0.0
2013-09-13 00:00:00+08:00,9.144886036716363,9.15427523487217,8.919549942016602,8.919549942016602,611894,0.0,0.0
2013-09-16 00:00:00+08:00,8.891384888272,9.032219142489724,8.891384888272,8.928939819335938,629807,0.0,0.0
2013-09-17 00:00:00+08:00,8.928938940740979,9.022829055786133,8.891384013372393,9.022829055786133,336691,0.0,0.0
2013-09-18 00:00:00+08:00,9.06977593796964,9.06977593796964,8.910162353803969,8.928939819335938,436011,0.0,0.0
2013-09-23 00:00:00+08:00,8.928938623584866,9.069774723357993,8.872604370117188,8.872604370117188,973078,0.0,0.0
2013-09-24 00:00:00+08:00,8.872604796420521,8.985273308769278,8.872604796420521,8.89138412475586,771486,0.0,0.0
2013-09-25 00:00:00+08:00,8.891384566976276,8.919550298152448,8.835049375792112,8.844439506530762,958539,0.0,0.0
2013-09-26 00:00:00+08:00,8.825661039641616,8.938329556702612,8.75054931640625,8.75054931640625,880665,0.0,0.0
2013-09-27 00:00:00+08:00,8.75054942383424,8.891384605785506,8.75054942383424,8.778716087341309,310449,0.0,0.0
2013-09-30 00:00:00+08:00,8.778717133894693,8.825662200141663,8.619104467979835,8.647270202636719,564207,0.0,0.0
2013-10-01 00:00:00+08:00,8.647268426609662,8.806881991950213,8.647268426609662,8.675436019897461,624939,0.0,0.0
2013-10-02 00:00:00+08:00,8.684826302872086,8.938330013099415,8.684826302872086,8.8632173538208,1092250,0.0,0.0
2013-10-03 00:00:00+08:00,8.844439210492967,8.938329328241343,8.806882417627277,8.853827476501465,790822,0.0,0.0
2013-10-04 00:00:00+08:00,8.872606067633267,8.919551132469932,8.806883536186762,8.816272735595703,572206,0.0,0.0
2013-10-07 00:00:00+08:00,8.825661701970445,8.919550896956668,8.741159841729214,8.75993824005127,969489,0.0,0.0
2013-10-08 00:00:00+08:00,8.741160183644753,8.816272847663033,8.684826850891113,8.684826850891113,767140,0.0,0.0
2013-10-09 00:00:00+08:00,8.684825826888785,8.703603291523317,8.562768111828568,8.590935707092285,875301,0.0,0.0
2013-10-11 00:00:00+08:00,8.637880636510255,8.656658100861144,8.56276798248291,8.56276798248291,484326,0.0,0.0
2013-10-14 00:00:00+08:00,8.515823467237203,8.628491989370893,8.365600014002935,8.384377479553223,700833,0.0,0.0
2013-10-15 00:00:00+08:00,8.40315481726196,8.9664945602417,8.40315481726196,8.9664945602417,2246288,0.0,0.0
2013-10-16 00:00:00+08:00,9.210610087630911,9.238776751713118,8.985273978349325,9.060385704040527,3044265,0.0,0.0
2013-10-17 00:00:00+08:00,9.144885687006854,9.670670509338379,9.013439714475943,9.670670509338379,6892123,0.0,0.0
2013-10-18 00:00:00+08:00,9.858450889587402,10.327900532431036,9.764560774577095,9.858450889587402,15502571,0.0,0.0
2013-10-21 00:00:00+08:00,9.858450736441931,9.952339917785824,9.576780395786603,9.670670509338379,3545921,0.0,0.0
2013-10-22 00:00:00+08:00,9.7176158416221,10.1401204323758,9.529835609194718,10.04623031616211,3735196,0.0,0.0
2013-10-23 00:00:00+08:00,9.858452226526724,9.999286485933315,9.71761703491211,9.71761703491211,2277613,0.0,0.0
2013-10-24 00:00:00+08:00,9.576780395786603,9.858450736441931,9.482890282234825,9.670670509338379,1606195,0.0,0.0
2013-10-25 00:00:00+08:00,9.670671971040571,9.905397290398263,9.623726907169033,9.71761703491211,1827745,0.0,0.0
2013-10-28 00:00:00+08:00,9.811505679666043,9.952339917785824,9.623725452562491,9.670670509338379,1562419,0.0,0.0
2013-10-29 00:00:00+08:00,9.623725891113281,9.76456106785877,9.529835773282956,9.623725891113281,908269,0.0,0.0
2013-10-30 00:00:00+08:00,9.717616152148358,9.905396390576254,9.670671092541383,9.811506271362305,2201586,0.0,0.0
2013-10-31 00:00:00+08:00,9.670671395039006,9.858451639340648,9.576781272888184,9.576781272888184,1121114,0.0,0.0
2013-11-01 00:00:00+08:00,9.670670950028445,9.670670950028445,9.529835773282956,9.623725891113281,1160814,0.0,0.0
2013-11-04 00:00:00+08:00,9.670670509338379,9.858450736441931,9.670670509338379,9.670670509338379,1304626,0.0,0.0
2013-11-05 00:00:00+08:00,9.764560774577095,10.140120302410423,9.717615717071942,9.858450889587402,3002482,0.0,0.0
2013-11-06 00:00:00+08:00,9.952339917785824,9.952339917785824,9.623725452562491,9.670670509338379,1586695,0.0,0.0
2013-11-07 00:00:00+08:00,9.623726194617525,9.717616315408872,9.38900089263916,9.38900089263916,1932871,0.0,0.0
2013-11-08 00:00:00+08:00,9.389000268561984,9.576780497663117,9.295110154011416,9.313888549804688,988109,0.0,0.0
2013-11-11 00:00:00+08:00,9.38900089263916,9.52983607382618,9.38900089263916,9.38900089263916,706369,0.0,0.0
2013-11-12 00:00:00+08:00,9.48289178985484,9.48289178985484,8.731771694233073,9.107331275939941,2365954,0.0,0.0
2013-11-13 00:00:00+08:00,9.201221297728742,9.201221297728742,9.013441042948639,9.079164505004883,1438663,0.0,0.0
2013-11-14 00:00:00+08:00,9.079164441134145,9.20122123299935,9.079164441134145,9.14488697052002,595784,0.0,0.0
2013-11-15 00:00:00+08:00,9.295110839808045,9.482891082763672,9.295110839808045,9.482891082763672,1283955,0.0,0.0
2013-11-18 00:00:00+08:00,9.482891113776676,9.529836174669112,9.248165809314491,9.25755500793457,1185680,0.0,0.0
2013-11-19 00:00:00+08:00,9.276332197713131,9.351444852237014,9.210609673738661,9.26694393157959,424154,0.0,0.0
2013-11-20 00:00:00+08:00,9.266945056390288,9.313890121587875,9.201221592230446,9.229389190673828,728801,0.0,0.0
2013-11-21 00:00:00+08:00,9.201220848592408,9.304500170121727,9.11672085671566,9.12610912322998,676866,0.0,0.0
2013-11-22 00:00:00+08:00,9.201220748422054,9.670671357346423,9.201220748422054,9.25755500793457,2349887,0.0,0.0
2013-11-25 00:00:00+08:00,9.313888583924555,9.43594536040427,9.248165130615234,9.248165130615234,571718,0.0,0.0
2013-11-26 00:00:00+08:00,9.28572157332709,9.623726194617525,9.257554909972868,9.38900089263916,2983598,0.0,0.0
2013-11-27 00:00:00+08:00,9.379611694118434,9.52983607382618,9.342055832243487,9.38900089263916,934027,0.0,0.0
2013-11-28 00:00:00+08:00,9.435945510864258,9.576780685451709,9.38900045266844,9.435945510864258,1128095,0.0,0.0
2013-11-29 00:00:00+08:00,9.52983570098877,9.67067087666587,9.389000525311669,9.52983570098877,1747574,0.0,0.0
2013-12-02 00:00:00+08:00,9.623726333963594,9.670671395039006,9.482891150737363,9.576781272888184,1388453,0.0,0.0
2013-12-03 00:00:00+08:00,9.482890569060075,9.576780685451709,9.38900045266844,9.435945510864258,708923,0.0,0.0
2013-12-04 00:00:00+08:00,9.389000931156454,9.482891052332974,9.323277473449707,9.323277473449707,780243,0.0,0.0
2013-12-05 00:00:00+08:00,9.32327798219918,9.482891569792185,9.32327798219918,9.370223045349121,529935,0.0,0.0
2013-12-06 00:00:00+08:00,9.323277473449707,9.389000931156454,9.323277473449707,9.323277473449707,519981,0.0,0.0
2013-12-09 00:00:00+08:00,9.38900065458278,9.43594571378817,9.323277198812063,9.332666397094727,534440,0.0,0.0
2013-12-10 00:00:00+08:00,9.332666633722761,9.38900089263916,9.182443186222972,9.38900089263916,1164215,0.0,0.0
2013-12-11 00:00:00+08:00,9.435946224504134,9.435946224504134,9.201220915772792,9.219999313354492,1020549,0.0,0.0
2013-12-12 00:00:00+08:00,9.210609436035156,9.332666214700565,9.201220237935992,9.210609436035156,340850,0.0,0.0
2013-12-13 00:00:00+08:00,9.201220237935992,9.295110354511817,9.201220237935992,9.210609436035156,652878,0.0,0.0
2013-12-16 00:00:00+08:00,9.210609869022685,9.210609869022685,8.928939506053982,9.00405216217041,741208,0.0,0.0
2013-12-17 00:00:00+08:00,9.097940774939097,9.173053426299958,9.022829055786133,9.022829055786133,479385,0.0,0.0
2013-12-18 00:00:00+08:00,9.144886628495126,9.144886628495126,9.050996505277132,9.060385704040527,550843,0.0,0.0
2013-12-19 00:00:00+08:00,9.097941369067652,9.351445069127438,9.097941369067652,9.323277473449707,1244745,0.0,0.0
2013-12-20 00:00:00+08:00,9.37022345405854,9.389001853020794,9.210610791711574,9.229389190673828,2003184,0.0,0.0
2013-12-23 00:00:00+08:00,9.229388383384554,9.248165848496306,9.163665857181474,9.191831588745117,956958,0.0,0.0
2013-12-24 00:00:00+08:00,9.201220512390137,9.323277294696258,9.19183131401091,9.201220512390137,466928,0.0,0.0
2013-12-25 00:00:00+08:00,9.201221086561148,9.576781587502255,9.201221086561148,9.342056274414062,3329040,0.0,0.0
2013-12-26 00:00:00+08:00,9.34205638034236,9.482891569792185,9.34205638034236,9.370223045349121,993481,0.0,0.0
2013-12-27 00:00:00+08:00,9.370222495597709,9.435945953034834,9.351445030764213,9.38900089263916,751124,0.0,0.0
2013-12-30 00:00:00+08:00,9.389000961285857,9.717616386458207,9.389000961285857,9.482891082763672,3838870,0.0,0.0
2013-12-31 00:00:00+08:00,9.529835627255892,9.623725743647526,9.38900045266844,9.435945510864258,1232151,0.0,0.0
2014-01-02 00:00:00+08:00,9.529836143502578,9.623726264980393,9.379611762696484,9.482891082763672,1147265,0.0,0.0
2014-01-03 00:00:00+08:00,9.435945510864258,9.71761586003916,9.38900045266844,9.435945510864258,1877686,0.0,0.0
2014-01-06 00:00:00+08:00,9.435945492981029,10.04623031616211,9.435945492981029,10.04623031616211,7102114,0.0,0.0
2014-01-07 00:00:00+08:00,10.046231676341593,10.234011934192921,9.8584523506983,9.905397415161133,4519506,0.0,0.0
2014-01-08 00:00:00+08:00,10.04623120422527,10.280956515508663,9.905396949663228,9.952341079711914,4962352,0.0,0.0
2014-01-09 00:00:00+08:00,10.046231676341593,10.234011934192921,9.8584523506983,9.905397415161133,3130087,0.0,0.0
2014-01-10 00:00:00+08:00,10.140120878453073,10.187065938625095,9.952340637764992,9.999285697937012,2103545,0.0,0.0
2014-01-13 00:00:00+08:00,10.14012167754793,10.14012167754793,9.71761703491211,9.71761703491211,2135726,0.0,0.0
2014-01-14 00:00:00+08:00,9.717615566114267,9.764560622890155,9.670670509338379,9.670670509338379,1385010,0.0,0.0
2014-01-15 00:00:00+08:00,9.670671529679199,9.858451776595217,9.670671529679199,9.764561653137207,892918,0.0,0.0
2014-01-16 00:00:00+08:00,9.905395947092556,10.09317524490527,9.811505832082249,9.858450889587402,1899816,0.0,0.0
2014-01-17 00:00:00+08:00,9.858451776595217,9.952340967845245,9.670671529679199,9.764561653137207,1074552,0.0,0.0
2014-01-20 00:00:00+08:00,9.858451776595217,9.905396838324222,9.764561653137207,9.764561653137207,914261,0.0,0.0
2014-01-21 00:00:00+08:00,9.811507162655186,9.905397290398263,9.71761703491211,9.71761703491211,1203037,0.0,0.0
2014-01-22 00:00:00+08:00,9.764561653137207,9.811506714866212,9.717616591408202,9.764561653137207,833437,0.0,0.0
2014-01-23 00:00:00+08:00,9.764561653137207,9.905396838324222,9.764561653137207,9.764561653137207,817548,0.0,0.0
2014-01-24 00:00:00+08:00,9.811506578265238,9.811506578265238,9.576781272888184,9.576781272888184,1181266,0.0,0.0
2014-01-27 00:00:00+08:00,9.482890569060075,9.529835627255892,9.37022205650695,9.435945510864258,1496928,0.0,0.0
2014-02-05 00:00:00+08:00,9.43594565545263,9.76456106785877,9.351444735846922,9.623725891113281,1511733,0.0,0.0
2014-02-06 00:00:00+08:00,9.764562098783648,9.811507162655186,9.670671971040571,9.71761703491211,1070841,0.0,0.0
2014-02-07 00:00:00+08:00,9.76456121175533,9.999285577582262,9.76456121175533,9.811506271362305,2032542,0.0,0.0
2014-02-10 00:00:00+08:00,9.858451757976725,10.468735694885254,9.858451757976725,10.468735694885254,14945468,0.0,0.0
2014-02-11 00:00:00+08:00,10.562625632499346,10.609570693314506,10.140121017370875,10.187066078186035,7480005,0.0,0.0
2014-02-12 00:00:00+08:00,10.327900447641,10.562624801031827,10.280955390521255,10.374845504760742,4541532,0.0,0.0
2014-02-13 00:00:00+08:00,10.374846390566383,10.421791451694302,10.18706614605471,10.280956268310547,2878527,0.0,0.0
2014-02-14 00:00:00+08:00,10.327901143312214,10.985131987258661,10.327901143312214,10.703460693359375,14095855,0.0,0.0
2014-02-17 00:00:00+08:00,10.797351327774818,10.985132510046933,10.6095710777107,10.750406265258789,6405598,0.0,0.0
2014-02-18 00:00:00+08:00,10.844294707361247,11.36069031489797,10.750404596900026,11.032074928283691,8657948,0.0,0.0
2014-02-19 00:00:00+08:00,11.032076588173105,11.454582148818913,11.032076588173105,11.360692024230957,7765891,0.0,0.0
2014-02-20 00:00:00+08:00,11.360692343830024,11.360692343830024,11.03207689852756,11.125967025756836,4839541,0.0,0.0
2014-02-21 00:00:00+08:00,11.219857604037388,11.407637866044924,11.032077342029854,11.079022407531738,3382167,0.0,0.0
2014-02-24 00:00:00+08:00,11.172911027916417,11.78319586472007,11.12596596876168,11.64236068725586,5803472,0.0,0.0
2014-02-25 00:00:00+08:00,11.64236068725586,11.877085983029545,11.548470568946385,11.64236068725586,3280768,0.0,0.0
2014-02-26 00:00:00+08:00,11.689306457466488,12.158756145362368,11.689306457466488,11.970976829528809,4582015,0.0,0.0
2014-02-27 00:00:00+08:00,12.299590899904935,12.769041503539752,12.064865598087525,12.72209644317627,12948452,0.0,0.0
2014-03-03 00:00:00+08:00,12.675151824951172,12.675151824951172,12.346536390943939,12.675151824951172,6187710,0.0,0.0
2014-03-04 00:00:00+08:00,12.675150943925425,12.909876237615281,12.534316699919435,12.769041061401367,5032535,0.0,0.0
2014-03-05 00:00:00+08:00,12.956820553445747,13.660994529724121,12.909875497399472,13.660994529724121,13643354,0.0,0.0
2014-03-06 00:00:00+08:00,13.754886275450728,14.599897384643555,13.707941213828905,14.599897384643555,23145727,0.0,0.0
2014-03-07 00:00:00+08:00,15.022402391192047,15.022402391192047,13.614052370938293,13.754886627197266,17471268,0.0,0.0
2014-03-10 00:00:00+08:00,13.614051412429173,14.365171432495117,13.332381055326467,14.365171432495117,10266623,0.0,0.0
2014-03-11 00:00:00+08:00,14.55295174211549,14.7876761086472,14.036557017096197,14.459061622619629,12609251,0.0,0.0
2014-03-12 00:00:00+08:00,14.459061943866425,15.257127045104456,14.459061943866425,14.928511619567871,16407157,0.0,0.0
2014-03-13 00:00:00+08:00,15.022401407386853,15.351015893414424,14.459061622619629,14.459061622619629,15963534,0.0,0.0
2014-03-14 00:00:00+08:00,14.083501937445467,14.646841716636748,13.895720768104464,14.271281242370605,8427424,0.0,0.0
2014-03-17 00:00:00+08:00,14.271282085488973,14.412117271659033,13.942666651092166,14.083502769470215,5153319,0.0,0.0
2014-03-18 00:00:00+08:00,14.271282085488973,14.271282085488973,13.989611713148854,14.083502769470215,4572578,0.0,0.0
2014-03-19 00:00:00+08:00,14.177392804931921,14.599897428592179,13.942666563908249,13.989611625671387,6610728,0.0,0.0
2014-03-20 00:00:00+08:00,13.895721181966808,13.989611303329713,13.097657014798028,13.520161628723145,8266245,0.0,0.0
2014-03-21 00:00:00+08:00,13.520162072721162,13.70794138940563,12.956822258251778,13.473217010498047,5378904,0.0,0.0
2014-03-24 00:00:00+08:00,13.473216128647321,13.707940492191693,13.19154577374456,13.567106246948242,3276241,0.0,0.0
2014-03-25 00:00:00+08:00,13.567106437006785,13.98961104307177,13.567106437006785,13.848775863647461,4516371,0.0,0.0
2014-03-26 00:00:00+08:00,12.909875944531072,13.238490416028634,12.909875944531072,13.003766059875488,16491155,0.0,0.0
2014-03-27 00:00:00+08:00,13.003766059875488,13.144600300684216,12.769040771514444,13.003766059875488,4059566,0.0,0.0
2014-03-28 00:00:00+08:00,13.144600673336624,13.191545732339737,12.769041133519655,12.862931251525879,3057835,0.0,0.0
2014-03-31 00:00:00+08:00,12.909876958240597,13.144601332824772,12.909876958240597,13.097657203674316,1505913,0.0,0.0
2014-04-01 00:00:00+08:00,13.144600938449718,13.3323811782495,13.097656810707718,13.23849105834961,2705568,0.0,0.0
2014-04-02 00:00:00+08:00,13.37932558904526,13.37932558904526,12.862930886858862,13.003766059875488,3020426,0.0,0.0
2014-04-03 00:00:00+08:00,12.956821369532104,13.050711487538328,12.815986192522768,12.862931251525879,2116233,0.0,0.0
2014-04-07 00:00:00+08:00,12.769041133519655,12.862931251525879,12.581261829715134,12.862931251525879,2616107,0.0,0.0
2014-04-08 00:00:00+08:00,12.95682213014431,13.379326753766938,12.862932006626396,13.285436630249023,4747394,0.0,0.0
2014-04-09 00:00:00+08:00,13.473216358099338,13.473216358099338,13.097656810707718,13.23849105834961,1960270,0.0,0.0
2014-04-10 00:00:00+08:00,13.23849145554163,13.285436516900061,12.956822019599027,13.097657203674316,2085256,0.0,0.0
2014-04-11 00:00:00+08:00,12.862932482538922,12.909877546034787,12.299591720588534,12.534317970275879,3373219,0.0,0.0
2014-04-14 00:00:00+08:00,12.487372299792511,12.487372299792511,11.689306259155273,11.689306259155273,4700808,0.0,0.0
2014-04-15 00:00:00+08:00,11.830141325615234,11.924031447113128,11.360691650333726,11.501526832580566,2539879,0.0,0.0
2014-04-16 00:00:00+08:00,11.54847157802789,11.830141957568086,11.501527446979201,11.736251831054688,1426529,0.0,0.0
2014-04-17 00:00:00+08:00,11.830141957568086,11.830141957568086,11.642361704541289,11.736251831054688,1005516,0.0,0.0
2014-04-18 00:00:00+08:00,11.830141577655189,11.924031701153403,11.689306392407868,11.877086639404297,1003565,0.0,0.0
2014-04-21 00:00:00+08:00,12.01792098603933,12.158755229251236,11.924030869092784,12.064865112304688,2199125,0.0,0.0
2014-04-22 00:00:00+08:00,12.1587557446674,12.205700805130702,12.064865623740802,12.111810684204102,1211184,0.0,0.0
2014-04-23 00:00:00+08:00,12.111811083351983,12.205701207372755,11.736251519476875,11.970976829528809,3689936,0.0,0.0
2014-04-24 00:00:00+08:00,12.064865816658942,12.064865816658942,11.689306259155273,11.689306259155273,872114,0.0,0.0
2014-04-25 00:00:00+08:00,11.689305257165557,11.736250314355452,10.891240217145228,10.98513126373291,3437904,0.0,0.0
2014-04-28 00:00:00+08:00,10.56262601519467,10.891241452806877,10.42179175985458,10.750406265258789,1723189,0.0,0.0
2014-04-29 00:00:00+08:00,10.797351150035928,11.407636952698187,10.797351150035928,11.172911643981934,1094556,0.0,0.0
2014-04-30 00:00:00+08:00,11.36069031489797,11.36069031489797,11.032074928283691,11.032074928283691,654100,0.0,0.0
2014-05-02 00:00:00+08:00,11.03207689852756,11.313747280215386,11.03207689852756,11.125967025756836,1491871,0.0,0.0
2014-05-05 00:00:00+08:00,11.125967473033622,11.172912538535506,10.938188143234143,11.079022407531738,556265,0.0,0.0
2014-05-06 00:00:00+08:00,11.079021520495433,11.266801767468435,11.079021520495433,11.172911643981934,657582,0.0,0.0
2014-05-07 00:00:00+08:00,11.125967025756836,11.125967025756836,10.985132767120941,11.125967025756836,594609,0.0,0.0
2014-05-08 00:00:00+08:00,11.079019983514304,11.172910093975526,10.985130805260933,11.032074928283691,871120,0.0,0.0
2014-05-09 00:00:00+08:00,11.079021702870994,11.125966765387025,10.750406265258789,10.750406265258789,992376,0.0,0.0
2014-05-12 00:00:00+08:00,10.75040572848139,10.75040572848139,9.999285697937012,9.999285697937012,3295294,0.0,0.0
2014-05-13 00:00:00+08:00,10.093175818281054,10.280956058969135,9.905396509800921,9.999285697937012,2994575,0.0,0.0
2014-05-14 00:00:00+08:00,9.999285697937012,10.140120878453073,9.858451449628902,9.999285697937012,1441179,0.0,0.0
2014-05-15 00:00:00+08:00,9.952340967845245,9.99928602957425,9.576781406221189,9.764561653137207,2036234,0.0,0.0
2014-05-16 00:00:00+08:00,9.482891282763179,9.811506714866212,9.482891282763179,9.764561653137207,1122507,0.0,0.0
2014-05-19 00:00:00+08:00,9.764561040769783,10.327900813980987,9.764561040769783,10.234010696411133,1210272,0.0,0.0
2014-05-20 00:00:00+08:00,10.327900447641,10.60956985815157,10.280955390521255,10.374845504760742,1219698,0.0,0.0
2014-05-21 00:00:00+08:00,10.374845872765913,10.374845872765913,10.187065637626205,10.234010696411133,518433,0.0,0.0
2014-05-22 00:00:00+08:00,10.234011139001195,10.374846321446672,10.187066078186035,10.187066078186035,612165,0.0,0.0
2014-05-23 00:00:00+08:00,10.234011207182627,10.374846390566383,10.234011207182627,10.280956268310547,788680,0.0,0.0
2014-05-26 00:00:00+08:00,10.280955827420923,10.327900886535645,10.093175590962037,10.327900886535645,842716,0.0,0.0
2014-05-27 00:00:00+08:00,10.374845504760742,10.515679743912083,10.327900447641,10.374845504760742,802627,0.0,0.0
2014-05-28 00:00:00+08:00,10.374847007237822,10.562626330702958,10.327901943319532,10.515681266784668,1208235,0.0,0.0
2014-05-29 00:00:00+08:00,10.515681266784668,10.562626330702958,10.421792071156112,10.515681266784668,583010,0.0,0.0
2014-05-30 00:00:00+08:00,10.51568036389417,11.219856262207031,10.468735304006646,11.219856262207031,3983145,0.0,0.0
2014-06-03 00:00:00+08:00,11.219856705725185,11.266801767468435,10.985132329216912,11.172911643981934,1925406,0.0,0.0
2014-06-04 00:00:00+08:00,11.17291127179325,11.548470821020747,11.079021151434388,11.313746452331543,1531007,0.0,0.0
2014-06-05 00:00:00+08:00,11.548470445781364,11.68930562174356,11.360691143373021,11.454581260681152,1391096,0.0,0.0
2014-06-06 00:00:00+08:00,11.50152799704869,11.50152799704869,11.079022407531738,11.079022407531738,1393427,0.0,0.0
2014-06-09 00:00:00+08:00,11.125965706290343,11.407636054573913,11.125965706290343,11.266800880432129,1504021,0.0,0.0
2014-06-10 00:00:00+08:00,11.266802669539272,11.36069280054304,11.079022407531738,11.079022407531738,664370,0.0,0.0
2014-06-11 00:00:00+08:00,11.219856499779258,11.219856499779258,10.797350951845296,10.891241073608398,1277431,0.0,0.0
2014-06-12 00:00:00+08:00,10.891240560378336,11.032075736386386,10.797350443039635,10.844295501708984,1034698,0.0,0.0
2014-06-13 00:00:00+08:00,11.032076256253053,11.079021317134604,10.703460830082193,10.891241073608398,713954,0.0,0.0
2014-06-16 00:00:00+08:00,10.89124100465254,10.985132058029155,10.703460762315231,10.797350883483887,732862,0.0,0.0
2014-06-17 00:00:00+08:00,10.797351327774818,10.891241452806877,10.42179175985458,10.750406265258789,1290386,0.0,0.0
2014-06-18 00:00:00+08:00,10.750405683157156,10.89124086307945,10.562625443260766,10.609570503234863,795575,0.0,0.0
2014-06-19 00:00:00+08:00,10.609570572795596,10.703460693359375,10.515680452231818,10.703460693359375,805061,0.0,0.0
2014-06-20 00:00:00+08:00,10.656515563208961,10.797350743131254,10.562625443260766,10.609570503234863,592551,0.0,0.0
2014-06-23 00:00:00+08:00,10.656515368130766,10.703460427245487,10.234010768306202,10.327900886535645,1279092,0.0,0.0
2014-06-24 00:00:00+08:00,10.327900957783008,10.562625322767941,10.327900957783008,10.421791076660156,534893,0.0,0.0
2014-06-25 00:00:00+08:00,10.421790142493599,11.079019983514304,10.421790142493599,11.032074928283691,2306034,0.0,0.0
2014-06-26 00:00:00+08:00,10.985132058029155,10.985132058029155,10.797350883483887,10.797350883483887,852106,0.0,0.0
2014-06-27 00:00:00+08:00,10.797351327774818,10.891241452806877,10.70346120274276,10.750406265258789,475783,0.0,0.0
2014-06-30 00:00:00+08:00,10.65651614022673,10.891241452806877,10.65651614022673,10.750406265258789,822470,0.0,0.0
2014-07-01 00:00:00+08:00,10.891241042844255,11.501526832580566,10.79735092134636,11.501526832580566,4758175,0.0,0.0
2014-07-02 00:00:00+08:00,11.548472130342518,11.595417195844401,10.985133208736027,11.079022407531738,3644590,0.0,0.0
2014-07-03 00:00:00+08:00,11.079021219190325,11.595415952114228,11.079021219190325,11.407636642456055,2815661,0.0,0.0
2014-07-04 00:00:00+08:00,11.548470054001697,12.205699920654297,11.501525929148121,12.205699920654297,7627951,0.0,0.0
2014-07-07 00:00:00+08:00,12.346535091838687,12.393480148900151,11.59541511106316,12.205699920654297,4639274,0.0,0.0
2014-07-08 00:00:00+08:00,12.205699920654297,12.393480148900151,11.877085453431942,12.205699920654297,3113315,0.0,0.0
2014-07-09 00:00:00+08:00,12.111810493645132,12.111810493645132,11.830141067504883,11.830141067504883,1693432,0.0,0.0
2014-07-10 00:00:00+08:00,11.830141442797139,12.01792168765296,11.642361197941318,11.689306259155273,1685426,0.0,0.0
2014-07-11 00:00:00+08:00,11.689304769304396,11.736249824535006,10.985130805260933,11.032074928283691,3211998,0.0,0.0
2014-07-14 00:00:00+08:00,10.985132767120941,11.266802216600748,10.891241707683648,11.125967025756836,1213110,0.0,0.0
2014-07-15 00:00:00+08:00,11.219856262207031,11.407636501757127,11.125966142431983,11.219856262207031,973269,0.0,0.0
2014-07-16 00:00:00+08:00,11.313746381982078,11.454581561644652,11.125966142431983,11.219856262207031,1427586,0.0,0.0
2014-07-17 00:00:00+08:00,11.21985683734902,11.454582148818913,11.172911775055042,11.360692024230957,1499679,0.0,0.0
2014-07-18 00:00:00+08:00,11.313746205380628,11.78319586472007,11.266801146225891,11.64236068725586,2073337,0.0,0.0
2014-07-21 00:00:00+08:00,11.642361330658762,12.205701139440063,11.642361330658762,11.877086639404297,2763197,0.0,0.0
2014-07-22 00:00:00+08:00,11.924032084081485,11.924032084081485,11.689306767797989,11.736251831054688,971260,0.0,0.0
2014-07-23 00:00:00+08:00,11.736251831054688,11.736251831054688,11.736251831054688,11.736251831054688,0,0.0,0.0
2014-07-24 00:00:00+08:00,11.830140923874808,11.877085983029545,11.595415628101122,11.64236068725586,877936,0.0,0.0
2014-07-25 00:00:00+08:00,11.642361012580762,11.689306073047295,11.313746521522988,11.407636642456055,1171295,0.0,0.0
2014-07-28 00:00:00+08:00,11.360691441869603,11.360691441869603,11.07902108254446,11.219856262207031,879990,0.0,0.0
2014-07-29 00:00:00+08:00,11.219855149206136,11.266800204436748,10.891239762591859,11.032074928283691,1138304,0.0,0.0
2014-07-30 00:00:00+08:00,11.079021520495433,11.172911643981934,10.985132329216912,11.172911643981934,481318,0.0,0.0
2014-07-31 00:00:00+08:00,11.313747735041156,11.313747735041156,10.985133208736027,11.079022407531738,574702,0.0,0.0
2014-08-01 00:00:00+08:00,10.797350883483887,10.985132058029155,10.797350883483887,10.797350883483887,661125,0.0,0.0
2014-08-04 00:00:00+08:00,11.07902064824308,11.407636054573913,10.891240416054034,11.266800880432129,1099985,0.0,0.0
2014-08-05 00:00:00+08:00,11.266801767468435,11.360691890954936,11.125966582238682,11.172911643981934,534505,0.0,0.0
2014-08-06 00:00:00+08:00,11.1729105602846,11.313745731854286,10.703459988385648,10.98513126373291,952608,0.0,0.0
2014-08-07 00:00:00+08:00,10.985131609924956,11.079020795055735,10.750405384370284,10.844295501708984,784341,0.0,0.0
2014-08-08 00:00:00+08:00,10.844295874205041,11.032076115332599,10.609570572795596,10.703460693359375,1410380,0.0,0.0
2014-08-11 00:00:00+08:00,10.985132058029155,10.985132058029155,10.468735459393594,10.797350883483887,1544280,0.0,0.0
2014-08-12 00:00:00+08:00,10.703461070822053,10.750406132759483,10.562625885009766,10.562625885009766,383020,0.0,0.0
2014-08-13 00:00:00+08:00,10.703461070822053,10.703461070822053,10.515680823072337,10.562625885009766,429625,0.0,0.0
2014-08-14 00:00:00+08:00,10.60957087980629,10.656515941446633,10.468735694885254,10.468735694885254,361205,0.0,0.0
2014-08-15 00:00:00+08:00,10.421791239485197,10.421791239485197,9.858451449628902,9.999285697937012,1755911,0.0,0.0
2014-08-18 00:00:00+08:00,9.952341422061776,9.952341422061776,9.576781843297494,9.71761703491211,1090852,0.0,0.0
2014-08-19 00:00:00+08:00,9.717615717071942,9.905395947092556,9.67067065956679,9.858450889587402,961498,0.0,0.0
2014-08-20 00:00:00+08:00,9.905396838324222,9.952340967845245,9.764561653137207,9.764561653137207,690668,0.0,0.0
2014-08-21 00:00:00+08:00,9.76456106785877,9.811506126773933,9.482890714367793,9.623725891113281,454441,0.0,0.0
2014-08-22 00:00:00+08:00,9.623725602061636,9.858450889587402,9.623725602061636,9.858450889587402,490881,0.0,0.0
2014-08-25 00:00:00+08:00,10.187065938625095,10.187065938625095,9.905396509800921,9.999285697937012,453095,0.0,0.0
2014-08-26 00:00:00+08:00,9.999285129894965,9.999285129894965,9.811505832082249,9.858450889587402,387957,0.0,0.0
2014-08-27 00:00:00+08:00,9.999285697937012,10.046230758109033,9.905396509800921,9.999285697937012,534775,0.0,0.0
2014-08-28 00:00:00+08:00,9.95234154741593,9.99928661187876,9.8584523506983,9.905397415161133,467497,0.0,0.0
2014-08-29 00:00:00+08:00,9.858451449628902,9.999285697937012,9.858451449628902,9.999285697937012,433970,0.0,0.0
2014-09-01 00:00:00+08:00,9.99928661187876,10.140121805267258,9.8584523506983,9.905397415161133,575377,0.0,0.0
2014-09-02 00:00:00+08:00,10.140121259780889,10.562625885009766,10.140121259780889,10.562625885009766,1420417,0.0,0.0
2014-09-03 00:00:00+08:00,10.985132058029155,11.125966307574178,10.703460762315231,10.797350883483887,3853373,0.0,0.0
2014-09-04 00:00:00+08:00,10.89124177813099,10.938187774257305,10.515681266784668,10.515681266784668,1264462,0.0,0.0
2014-09-05 00:00:00+08:00,10.891240411600284,10.891240411600284,10.562625005403833,10.656515121459961,926851,0.0,0.0
2014-09-09 00:00:00+08:00,10.797350813923153,10.844295874205041,10.562625512513707,10.703460693359375,1481825,0.0,0.0
2014-09-10 00:00:00+08:00,10.6095710777107,10.797351327774818,10.6095710777107,10.750406265258789,928145,0.0,0.0
2014-09-11 00:00:00+08:00,10.327901075598222,10.703460623183059,10.327901075598222,10.609570503234863,1380894,0.0,0.0
2014-09-12 00:00:00+08:00,10.609570503234863,10.703460623183059,10.374846135572321,10.609570503234863,1400471,0.0,0.0
2014-09-15 00:00:00+08:00,10.421791076660156,10.562625322767941,10.374846017221582,10.421791076660156,1058942,0.0,0.0
2014-09-16 00:00:00+08:00,10.421790781016874,10.421790781016874,9.999285258055265,10.04623031616211,1497653,0.0,0.0
2014-09-17 00:00:00+08:00,10.046231676341593,10.187066869730089,9.905397415161133,9.905397415161133,1631278,0.0,0.0
2014-09-18 00:00:00+08:00,9.85845133096928,10.046230637189236,9.717616152148358,9.811506271362305,2470562,0.0,0.0
2014-09-19 00:00:00+08:00,9.811506271362305,9.811506271362305,9.811506271362305,9.811506271362305,0,0.0,0.0
2014-09-22 00:00:00+08:00,9.811506271362305,9.811506271362305,9.811506271362305,9.811506271362305,0,0.0,0.0
2014-09-23 00:00:00+08:00,9.811506271362305,9.811506271362305,9.811506271362305,9.811506271362305,0,0.0,0.0
2014-09-24 00:00:00+08:00,9.811506271362305,9.811506271362305,9.811506271362305,9.811506271362305,0,0.0,0.0
2014-09-25 00:00:00+08:00,9.811506271362305,9.811506271362305,9.811506271362305,9.811506271362305,0,0.0,0.0
2014-09-26 00:00:00+08:00,9.811506271362305,9.811506271362305,9.811506271362305,9.811506271362305,0,0.0,0.0
2014-09-29 00:00:00+08:00,9.811506271362305,9.811506271362305,9.811506271362305,9.811506271362305,0,0.0,0.0
2014-09-30 00:00:00+08:00,9.811506271362305,9.811506271362305,9.811506271362305,9.811506271362305,0,0.0,0.0
2014-10-01 00:00:00+08:00,19.24745351767883,19.24745351767883,18.261608123779297,18.261608123779297,345,0.0,0.0
2014-10-02 00:00:00+08:00,16.99409294128418,17.27576332995591,16.99409294128418,16.99409294128418,851,0.0,0.0
2014-10-03 00:00:00+08:00,16.80631050826249,17.463541330149962,16.47769602952668,16.6185302734375,835630,0.0,0.0
2014-10-06 00:00:00+08:00,16.618529855603093,16.994090315810478,16.618529855603093,16.665475845336914,492523,0.0,0.0
2014-10-07 00:00:00+08:00,16.66547735322032,16.66547735322032,16.05519248237297,16.102136611938477,402212,0.0,0.0
2014-10-08 00:00:00+08:00,16.10213579906315,16.10213579906315,14.975456237792969,14.975456237792969,1444223,0.0,0.0
2014-10-09 00:00:00+08:00,15.022401867606085,15.163237051164437,14.1304475694858,14.412117004394531,1187041,0.0,0.0
2014-10-13 00:00:00+08:00,13.942666700521203,13.989611762744316,13.426271948274932,13.473217010498047,948441,0.0,0.0
2014-10-14 00:00:00+08:00,13.238490865028922,13.285435924293333,12.815986263857159,12.95682144165039,676100,0.0,0.0
2014-10-15 00:00:00+08:00,12.862931867074046,12.909876928323687,12.299591132078355,12.393481254577637,1021899,0.0,0.0
2014-10-16 00:00:00+08:00,12.158756597883565,12.158756597883565,11.595416765000687,11.924032211303711,686952,0.0,0.0
2014-10-17 00:00:00+08:00,11.736251519476875,12.205701207372755,11.736251519476875,11.970976829528809,463067,0.0,0.0
2014-10-20 00:00:00+08:00,12.487371641181463,12.769041061401367,12.3934805914976,12.769041061401367,318889,0.0,0.0
2014-10-21 00:00:00+08:00,13.426271298149393,13.56710647799923,13.003766690807828,13.23849105834961,814190,0.0,0.0
2014-10-22 00:00:00+08:00,13.332382074319922,13.614052452950684,12.86293237547666,13.144601821899414,470439,0.0,0.0
2014-10-23 00:00:00+08:00,12.956820565917662,13.238489970258566,12.956820565917662,13.050710678100586,207617,0.0,0.0
2014-10-24 00:00:00+08:00,13.144601332824772,13.144601332824772,12.956822019599027,13.097657203674316,185586,0.0,0.0
2014-10-27 00:00:00+08:00,13.285436235330096,13.285436235330096,12.675151382812787,12.72209644317627,154081,0.0,0.0
2014-10-28 00:00:00+08:00,12.72209718616128,13.144601821899414,12.72209718616128,13.144601821899414,182317,0.0,0.0
2014-10-29 00:00:00+08:00,13.14459985807564,13.14459985807564,12.956820565917662,13.050710678100586,288447,0.0,0.0
2014-10-30 00:00:00+08:00,13.050711750757772,13.23849105834961,12.86293151095799,13.23849105834961,436213,0.0,0.0
2014-10-31 00:00:00+08:00,13.3323811782495,13.3323811782495,13.144600938449718,13.23849105834961,106199,0.0,0.0
2014-11-03 00:00:00+08:00,13.050712142315886,13.285436516900061,13.050712142315886,13.097657203674316,119717,0.0,0.0
2014-11-04 00:00:00+08:00,13.097656619443622,13.097656619443622,12.95682144165039,12.95682144165039,85002,0.0,0.0
2014-11-05 00:00:00+08:00,12.956821884293484,13.050712006029867,12.862931762557102,12.909876823425293,104133,0.0,0.0
2014-11-06 00:00:00+08:00,13.144600599097213,13.144600599097213,12.769041061401367,12.769041061401367,116596,0.0,0.0
2014-11-07 00:00:00+08:00,12.769041133519655,12.862931251525879,12.769041133519655,12.862931251525879,44830,0.0,0.0
2014-11-10 00:00:00+08:00,12.862930453734737,13.097655734192049,12.815985397643274,13.050710678100586,165631,0.0,0.0
2014-11-11 00:00:00+08:00,13.050710678100586,13.238489970258566,12.909875509826199,13.050710678100586,148160,0.0,0.0
2014-11-12 00:00:00+08:00,13.144600673336624,13.144600673336624,12.769041133519655,12.862931251525879,107857,0.0,0.0
2014-11-13 00:00:00+08:00,12.76904120459275,12.95682144165039,12.76904120459275,12.95682144165039,101073,0.0,0.0
2014-11-14 00:00:00+08:00,12.956821369532104,12.956821369532104,12.769041133519655,12.862931251525879,77764,0.0,0.0
2014-11-17 00:00:00+08:00,12.862932027299427,12.862932027299427,12.39348140895537,12.581262588500977,79132,0.0,0.0
2014-11-18 00:00:00+08:00,12.393481916671439,12.440426980429015,11.830142083788562,11.924032211303711,486148,0.0,0.0
2014-11-19 00:00:00+08:00,11.970976829528809,12.111811083351983,11.83014164349765,11.970976829528809,152196,0.0,0.0
2014-11-20 00:00:00+08:00,11.970976829528809,12.064866021341595,11.924031767518422,11.970976829528809,148265,0.0,0.0
2014-11-21 00:00:00+08:00,11.970976569720388,12.487372240627208,11.970976569720388,12.299591064453125,327407,0.0,0.0
2014-11-24 00:00:00+08:00,12.299590034777225,12.440425205961615,12.205699920654297,12.205699920654297,173709,0.0,0.0
2014-11-25 00:00:00+08:00,12.205700756653346,12.205700756653346,12.017921447753906,12.017921447753906,101415,0.0,0.0
2014-11-26 00:00:00+08:00,12.017921891539196,12.064866021341595,11.877086705508034,11.970976829528809,115279,0.0,0.0
2014-11-27 00:00:00+08:00,11.970976829528809,12.205701207372755,11.970976829528809,11.970976829528809,198972,0.0,0.0
2014-11-28 00:00:00+08:00,12.017922338818861,12.017922338818861,11.736251956273412,11.924032211303711,165765,0.0,0.0
2014-12-01 00:00:00+08:00,11.924032211303711,11.924032211303711,11.924032211303711,11.924032211303711,0,0.0,0.0
2014-12-02 00:00:00+08:00,11.736251320369227,11.830141442797139,11.595416136727362,11.689306259155273,172805,0.0,0.0
2014-12-03 00:00:00+08:00,11.736251454156976,12.017921824651618,11.736251454156976,11.877086639404297,158248,0.0,0.0
2014-12-04 00:00:00+08:00,12.017921824651618,12.017921824651618,11.689306392407868,11.877086639404297,216557,0.0,0.0
2014-12-05 00:00:00+08:00,11.83014164349765,12.111811083351983,11.783196581487262,11.970976829528809,270703,0.0,0.0
2014-12-08 00:00:00+08:00,12.064865954192742,12.064865954192742,11.830141577655189,11.877086639404297,226063,0.0,0.0
2014-12-09 00:00:00+08:00,11.87708657224711,11.87708657224711,11.689306326312458,11.783196449279785,161305,0.0,0.0
2014-12-10 00:00:00+08:00,11.736251831054688,11.736251831054688,11.689306767797989,11.736251831054688,193963,0.0,0.0
2014-12-11 00:00:00+08:00,11.689305647078976,12.487371645927823,11.689305647078976,12.1587553024292,560603,0.0,0.0
2014-12-12 00:00:00+08:00,12.299590404671056,12.299590404671056,12.064865112304688,12.064865112304688,208638,0.0,0.0
2014-12-15 00:00:00+08:00,11.970975567554868,12.346535091838687,11.924030510493404,12.205699920654297,172405,0.0,0.0
2014-12-16 00:00:00+08:00,12.29958978063719,13.050710678100586,12.29958978063719,13.050710678100586,1392323,0.0,0.0
2014-12-17 00:00:00+08:00,13.144600965206331,13.942666053771973,12.862931537141248,13.942666053771973,1636287,0.0,0.0
2014-12-18 00:00:00+08:00,14.459061377096438,14.881565975445497,14.083501837698153,14.787675857543945,3335611,0.0,0.0
2014-12-19 00:00:00+08:00,13.754886627197266,14.740732014258095,13.754886627197266,13.754886627197266,2839453,0.0,0.0
2014-12-22 00:00:00+08:00,13.754885105855518,13.754885105855518,13.050711105820923,13.61405086517334,1429359,0.0,0.0
2014-12-23 00:00:00+08:00,13.567106246948242,13.801830610492614,13.3793260103464,13.567106246948242,449801,0.0,0.0
2014-12-24 00:00:00+08:00,13.567107134944276,13.660996327182515,13.238491699382473,13.473217010498047,444635,0.0,0.0
2014-12-25 00:00:00+08:00,13.520161600127212,14.36517175839816,13.473216539545051,14.130447387695312,1352960,0.0,0.0
2014-12-26 00:00:00+08:00,14.036557707413527,14.224337023432286,13.89572158903548,14.083502769470215,459299,0.0,0.0
2014-12-29 00:00:00+08:00,13.848776023956747,14.083502257922326,13.660995782550646,14.0365571975708,426410,0.0,0.0
2014-12-30 00:00:00+08:00,14.177392804931921,14.224336934487077,13.801831378618836,13.989611625671387,256340,0.0,0.0
2014-12-31 00:00:00+08:00,13.989611205011322,14.0365571975708,13.707940842902172,14.0365571975708,250658,0.0,0.0
2015-01-05 00:00:00+08:00,14.036557707413527,14.083502769470215,13.801831464922106,14.083502769470215,440638,0.0,0.0
2015-01-06 00:00:00+08:00,14.036557936339221,14.036557936339221,13.707941564374941,13.754886627197266,296721,0.0,0.0
2015-01-07 00:00:00+08:00,13.80183117745567,13.895721299613486,13.614051865348003,13.707941055297852,219066,0.0,0.0
2015-01-08 00:00:00+08:00,13.895721299613486,13.942666360692394,13.707941055297852,13.707941055297852,366419,0.0,0.0
2015-01-09 00:00:00+08:00,13.707941189394301,13.94266649708502,13.567106936987848,13.895721435546875,326656,0.0,0.0
2015-01-12 00:00:00+08:00,13.89572025685548,14.834620475769043,13.848775199299407,14.834620475769043,2523461,0.0,0.0
2015-01-13 00:00:00+08:00,15.02240190667409,15.867412078013807,14.365171980567194,15.820467948913574,3779637,0.0,0.0
2015-01-14 00:00:00+08:00,15.726577458507236,15.726577458507236,15.21018179619368,15.3510160446167,1344072,0.0,0.0
2015-01-15 00:00:00+08:00,15.210181932653215,15.632687478336672,15.116291811390226,15.538796424865723,1056046,0.0,0.0
2015-01-16 00:00:00+08:00,15.538796282265647,15.585741342466324,14.646842002868652,14.646842002868652,1599218,0.0,0.0
2015-01-19 00:00:00+08:00,14.834621552665816,14.975456735557751,14.271281753306042,14.31822681427002,724296,0.0,0.0
2015-01-20 00:00:00+08:00,14.552951882467294,14.646842002868652,14.36517164166458,14.646842002868652,300499,0.0,0.0
2015-01-21 00:00:00+08:00,14.64684193269567,14.64684193269567,14.459061692792611,14.55295181274414,191361,0.0,0.0
2015-01-22 00:00:00+08:00,14.552951882467294,14.787676251262736,14.36517164166458,14.646842002868652,241703,0.0,0.0
2015-01-23 00:00:00+08:00,14.928511034396275,15.304070573794558,14.787675857543945,14.787675857543945,556935,0.0,0.0
2015-01-26 00:00:00+08:00,14.552952323021731,14.740731637301048,14.506007261399908,14.599897384643555,276754,0.0,0.0
2015-01-27 00:00:00+08:00,14.552951882467294,14.834621311463415,14.552951882467294,14.646842002868652,238147,0.0,0.0
2015-01-28 00:00:00+08:00,14.599896872719906,14.693786992671436,14.506006752768377,14.55295181274414,204487,0.0,0.0
2015-01-29 00:00:00+08:00,14.1304475694858,14.7876765616755,14.1304475694858,14.412117004394531,226150,0.0,0.0
2015-01-30 00:00:00+08:00,14.459061551529352,14.552951670563587,14.271281313460882,14.365171432495117,293231,0.0,0.0
2015-02-02 00:00:00+08:00,14.365171360937142,14.365171360937142,14.271281242370605,14.271281242370605,207405,0.0,0.0
2015-02-03 00:00:00+08:00,14.271280728062655,14.459060958428507,14.224335670471191,14.224335670471191,241320,0.0,0.0
2015-02-04 00:00:00+08:00,14.271281242370605,14.552951598070212,14.271281242370605,14.271281242370605,470578,0.0,0.0
2015-02-05 00:00:00+08:00,14.318226372978,14.412116492012235,14.271281313460882,14.365171432495117,122061,0.0,0.0
2015-02-06 00:00:00+08:00,14.365171360937142,14.459061479503676,14.271281242370605,14.271281242370605,217448,0.0,0.0
2015-02-09 00:00:00+08:00,14.130446487496163,14.271280728062655,14.130446487496163,14.224335670471191,136811,0.0,0.0
2015-02-10 00:00:00+08:00,14.271281474090507,14.271281474090507,13.801830873635456,13.942666053771973,490820,0.0,0.0
2015-02-11 00:00:00+08:00,13.942666053771973,13.989611113817476,13.848775933680962,13.942666053771973,242576,0.0,0.0
2015-02-12 00:00:00+08:00,13.895721502145111,14.083502681405644,13.895721502145111,13.989611625671387,82888,0.0,0.0
2015-02-13 00:00:00+08:00,14.036556828568205,14.224336132829881,13.989610837242875,14.17739200592041,252476,0.0,0.0
2015-02-24 00:00:00+08:00,14.177392378625376,14.177392378625376,13.942666144659796,14.0365571975708,202070,0.0,0.0
2015-02-25 00:00:00+08:00,14.036557707413527,14.083502769470215,13.848776526978794,14.083502769470215,393790,0.0,0.0
2015-02-26 00:00:00+08:00,14.08350232711315,14.224336576651677,13.989611273740868,14.130447387695312,135863,0.0,0.0
2015-03-02 00:00:00+08:00,14.1304478315269,14.1304478315269,13.989611713148854,14.083502769470215,121991,0.0,0.0
2015-03-03 00:00:00+08:00,14.083502681405644,14.083502681405644,13.942666563908249,13.989611625671387,140967,0.0,0.0
2015-03-04 00:00:00+08:00,13.989611625671387,14.083502681405644,13.989611625671387,13.989611625671387,175961,0.0,0.0
2015-03-05 00:00:00+08:00,13.848776526978794,14.177392893583587,13.848776526978794,14.083502769470215,228712,0.0,0.0
2015-03-06 00:00:00+08:00,14.0365571975708,14.177392378625376,13.989611205011322,14.0365571975708,234158,0.0,0.0
2015-03-09 00:00:00+08:00,13.989611335957019,14.975456680358812,13.989611335957019,14.928511619567871,1204384,0.0,0.0
2015-03-10 00:00:00+08:00,14.740731239318848,15.351016091717613,14.740731239318848,14.740731239318848,749426,0.0,0.0
2015-03-11 00:00:00+08:00,14.740731191062059,15.116291672667488,14.412116701865259,14.646842002868652,762089,0.0,0.0
2015-03-12 00:00:00+08:00,14.50600661104647,14.599896730080705,14.365171432495117,14.365171432495117,458979,0.0,0.0
2015-03-13 00:00:00+08:00,14.50600661104647,14.50600661104647,14.271281313460882,14.365171432495117,203761,0.0,0.0
2015-03-16 00:00:00+08:00,14.365171432495117,14.365171432495117,14.365171432495117,14.365171432495117,0,0.0,0.0
2015-03-17 00:00:00+08:00,14.083502545490864,14.17739266811104,13.801831245422363,13.801831245422363,281370,0.0,0.0
2015-03-18 00:00:00+08:00,13.801830873635456,14.083502166116435,13.801830873635456,13.942666053771973,308982,0.0,0.0
2015-03-19 00:00:00+08:00,13.989611558623162,13.989611558623162,13.848776374008732,13.895721435546875,328872,0.0,0.0
2015-03-20 00:00:00+08:00,13.895720278745598,13.942665336375624,13.61405086517334,13.61405086517334,440302,0.0,0.0
2015-03-23 00:00:00+08:00,13.520160293793166,13.98960992204804,13.520160293793166,13.660994529724121,303747,0.0,0.0
2015-03-24 00:00:00+08:00,13.660994990595466,13.754885105855518,13.520160749913288,13.61405086517334,232968,0.0,0.0
2015-03-25 00:00:00+08:00,13.47321598399209,13.567106101284958,13.332380808052784,13.379325866699219,339861,0.0,0.0
2015-03-26 00:00:00+08:00,13.379326378157606,13.47321649903966,13.285436257275549,13.426271438598633,159456,0.0,0.0
2015-03-27 00:00:00+08:00,13.238491699382473,13.567107134944276,13.238491699382473,13.473217010498047,179428,0.0,0.0
2015-03-30 00:00:00+08:00,13.473216358099338,13.473216358099338,13.23849105834961,13.23849105834961,201909,0.0,0.0
2015-03-31 00:00:00+08:00,13.144600673336624,13.23849079134285,12.815986192522768,12.862931251525879,511349,0.0,0.0
2015-04-01 00:00:00+08:00,12.862931251525879,12.956821369532104,12.815986192522768,12.862931251525879,192752,0.0,0.0
2015-04-02 00:00:00+08:00,12.86293132312157,13.097656619443622,12.86293132312157,12.95682144165039,222372,0.0,0.0
2015-04-07 00:00:00+08:00,12.95682144165039,13.097656619443622,12.95682144165039,12.95682144165039,118959,0.0,0.0
2015-04-08 00:00:00+08:00,12.956820565917662,13.191544914167103,12.956820565917662,13.050710678100586,195370,0.0,0.0
2015-04-09 00:00:00+08:00,12.95682144165039,13.144600746500101,12.95682144165039,12.95682144165039,128128,0.0,0.0
2015-04-10 00:00:00+08:00,13.520162245293642,13.848776752841918,13.097657612100718,13.754886627197266,1479155,0.0,0.0
2015-04-13 00:00:00+08:00,13.801831245422363,14.271281858523244,13.6609960614921,13.801831245422363,603949,0.0,0.0
2015-04-14 00:00:00+08:00,14.083501441473603,14.083501441473603,13.567105807543314,13.61405086517334,258963,0.0,0.0
2015-04-15 00:00:00+08:00,13.520161628723145,13.801831060603902,13.47321656804169,13.520161628723145,154574,0.0,0.0
2015-04-16 00:00:00+08:00,13.567106689404596,13.754885999922449,13.47321656804169,13.520161628723145,132703,0.0,0.0
2015-04-17 00:00:00+08:00,13.520161939043808,13.567107000802764,13.285436630249023,13.285436630249023,143928,0.0,0.0
2015-04-20 00:00:00+08:00,13.14460137860259,13.285436563168357,13.14460137860259,13.191546440124512,79502,0.0,0.0
2015-04-21 00:00:00+08:00,13.191544914167103,13.238489970258566,13.003765622009123,13.050710678100586,166575,0.0,0.0
2015-04-22 00:00:00+08:00,13.050712142315886,13.332381578258492,13.050712142315886,13.097657203674316,238069,0.0,0.0
2015-04-23 00:00:00+08:00,13.14460137860259,13.332381624690278,13.14460137860259,13.191546440124512,147056,0.0,0.0
2015-04-24 00:00:00+08:00,13.238491948109669,13.379327137425049,13.144601821899414,13.144601821899414,292986,0.0,0.0
2015-04-27 00:00:00+08:00,13.144601821899414,13.379327137425049,13.097657691002295,13.144601821899414,197758,0.0,0.0
2015-04-28 00:00:00+08:00,13.144601821899414,13.285437011214794,13.097657691002295,13.144601821899414,171010,0.0,0.0
2015-04-29 00:00:00+08:00,13.191545358356425,13.473215704389679,13.003766059875488,13.003766059875488,317036,0.0,0.0
2015-04-30 00:00:00+08:00,13.050711117547698,13.144600300684216,12.95682100220328,13.003766059875488,249121,0.0,0.0
2015-05-04 00:00:00+08:00,13.003766355091223,13.050711413829195,12.769041061401367,12.769041061401367,276631,0.0,0.0
2015-05-05 00:00:00+08:00,12.76904235554719,12.815987419043056,12.534317970275879,12.534317970275879,368873,0.0,0.0
2015-05-06 00:00:00+08:00,12.487371864588521,12.581261983744218,12.393480813224887,12.440425872802734,236329,0.0,0.0
2015-05-07 00:00:00+08:00,12.440426404583913,12.581262521545609,12.393481342999342,12.487372398376465,112524,0.0,0.0
2015-05-08 00:00:00+08:00,12.487372464832166,12.6282067181274,12.487372464832166,12.581262588500977,98131,0.0,0.0
2015-05-11 00:00:00+08:00,12.581262221045058,12.581262221045058,11.830141253632258,12.111810684204102,374750,0.0,0.0
2015-05-12 00:00:00+08:00,12.064865112304688,12.158755229251236,11.924030869092784,12.064865112304688,192083,0.0,0.0
2015-05-13 00:00:00+08:00,12.11180980653137,12.299590034777225,11.877085453431942,12.205699920654297,118312,0.0,0.0
2015-05-14 00:00:00+08:00,12.111810684204102,12.205700805130702,12.064865623740802,12.111810684204102,84232,0.0,0.0
2015-05-15 00:00:00+08:00,11.830141577655189,12.111811015941848,11.830141577655189,11.877086639404297,293132,0.0,0.0
2015-05-18 00:00:00+08:00,11.87708677725673,11.87708677725673,11.360692024230957,11.360692024230957,192281,0.0,0.0
2015-05-19 00:00:00+08:00,11.45458131161366,11.64236061485696,11.36069119388805,11.548470497131348,320736,0.0,0.0
2015-05-20 00:00:00+08:00,11.40763740744466,11.501527534673937,10.891241707683648,11.125967025756836,449542,0.0,0.0
2015-05-21 00:00:00+08:00,10.938188143234143,11.172912538535506,10.797352014520436,11.079022407531738,360316,0.0,0.0
2015-05-22 00:00:00+08:00,10.891241273522429,11.266801767468435,10.891241273522429,11.172911643981934,66799,0.0,0.0
2015-05-25 00:00:00+08:00,10.985133208736027,11.125967473033622,10.938188143234143,11.079022407531738,227500,0.0,0.0
2015-05-26 00:00:00+08:00,11.125965503094704,11.125965503094704,10.844295159955333,10.98513126373291,90332,0.0,0.0
2015-05-27 00:00:00+08:00,10.891240217145228,11.07902044590481,10.891240217145228,10.98513126373291,109312,0.0,0.0
2015-05-28 00:00:00+08:00,11.032076458752181,11.454582014441439,11.032076458752181,11.172911643981934,286265,0.0,0.0
2015-05-29 00:00:00+08:00,11.360692024230957,11.454582148818913,11.313746961936978,11.360692024230957,208861,0.0,0.0
2015-06-01 00:00:00+08:00,11.172911202319506,11.219856262207031,10.985131894977355,11.219856262207031,154047,0.0,0.0
2015-06-02 00:00:00+08:00,11.219855822384867,11.454581112621176,11.219855822384867,11.266800880432129,153430,0.0,0.0
2015-06-03 00:00:00+08:00,11.266802669539272,11.36069280054304,11.079022407531738,11.079022407531738,151861,0.0,0.0
2015-06-04 00:00:00+08:00,11.266801489327161,11.266801489327161,10.797350883483887,10.797350883483887,112781,0.0,0.0
2015-06-05 00:00:00+08:00,10.797350743131254,10.797350743131254,10.421791195546419,10.609570503234863,145991,0.0,0.0
2015-06-08 00:00:00+08:00,10.56262536065801,10.56262536065801,9.576780973327434,9.811506271362305,633094,0.0,0.0
2015-06-09 00:00:00+08:00,9.76456099629665,9.811506054867763,8.919549942016602,8.919549942016602,703388,0.0,0.0
2015-06-10 00:00:00+08:00,8.459489687966249,9.248165572078328,8.459489687966249,9.201220512390137,252696,0.0,0.0
2015-06-11 00:00:00+08:00,9.389001162757866,9.389001162757866,9.107330792280257,9.219999313354492,164801,0.0,0.0
2015-06-12 00:00:00+08:00,9.248165243390698,9.351444557475672,9.079163407402856,9.116720199584961,104528,0.0,0.0
2015-06-15 00:00:00+08:00,9.25755500793457,9.389000991991802,9.201220748422054,9.25755500793457,101250,0.0,0.0
2015-06-16 00:00:00+08:00,9.257554960581029,9.257554960581029,9.107330580052055,9.163665771484375,77577,0.0,0.0
2015-06-17 00:00:00+08:00,9.154276169634576,9.342056423093668,9.135498703613475,9.14488697052002,86379,0.0,0.0
2015-06-18 00:00:00+08:00,9.276332472966766,9.276332472966766,9.154275687529617,9.25755500793457,112959,0.0,0.0
2015-06-22 00:00:00+08:00,9.248164966346165,9.29511002295957,9.20121990973276,9.285720825195312,118046,0.0,0.0
2015-06-23 00:00:00+08:00,9.248166591326918,9.379612586499043,9.219999925292905,9.295111656188965,235096,0.0,0.0
2015-06-24 00:00:00+08:00,9.295110822661282,9.332666684741536,9.116720710832068,9.163665771484375,105210,0.0,0.0
2015-06-25 00:00:00+08:00,9.163666153056381,9.201221084492449,9.107330959278281,9.182443618774414,79314,0.0,0.0
2015-06-26 00:00:00+08:00,9.126109504498919,9.20122123299935,9.126109504498919,9.14488697052002,71566,0.0,0.0
2015-06-29 00:00:00+08:00,9.09794097814525,9.09794097814525,8.919549942016602,8.919549942016602,131717,0.0,0.0
2015-06-30 00:00:00+08:00,8.919549942016602,8.919549942016602,8.572158000123029,8.919549942016602,119652,0.0,0.0
2015-07-01 00:00:00+08:00,8.82566142839014,8.994663279217798,8.778716366248235,8.928939819335938,71378,0.0,0.0
2015-07-02 00:00:00+08:00,8.928939140172407,9.013440059158828,8.900772477912907,8.919549942016602,54353,0.0,0.0
2015-07-03 00:00:00+08:00,8.83504902303018,8.919549942016602,8.825660757082293,8.919549942016602,52097,0.0,0.0
2015-07-06 00:00:00+08:00,8.750549763214874,8.919550683019766,8.750549763214874,8.8632173538208,61425,0.0,0.0
2015-07-07 00:00:00+08:00,8.825661109469372,8.91016203182971,8.816271910938678,8.844439506530762,94281,0.0,0.0
2015-07-08 00:00:00+08:00,8.835049522127019,8.9007729807225,8.750549530575064,8.806882858276367,362824,0.0,0.0
2015-07-09 00:00:00+08:00,8.806882858276367,8.806882858276367,8.562768353474828,8.806882858276367,107754,0.0,0.0
2015-07-10 00:00:00+08:00,8.806882858276367,8.806882858276367,8.806882858276367,8.806882858276367,0,0.0,0.0
2015-07-13 00:00:00+08:00,8.806882712407985,8.891384566976276,8.759937651962469,8.844439506530762,77247,0.0,0.0
2015-07-14 00:00:00+08:00,8.759937251067312,8.872604831655586,8.731770588972221,8.825660705566406,124426,0.0,0.0
2015-07-15 00:00:00+08:00,8.825661147991731,8.825661147991731,8.684825966040465,8.778716087341309,77098,0.0,0.0
2015-07-16 00:00:00+08:00,8.666047919140832,8.731770440313081,8.572157804145133,8.637880325317383,59331,0.0,0.0
2015-07-17 00:00:00+08:00,8.637880766990534,8.637880766990534,8.543990647194036,8.590935707092285,82538,0.0,0.0
2015-07-20 00:00:00+08:00,8.590936321819632,8.590936321819632,8.177819951595943,8.346822738647461,235293,0.0,0.0
2015-07-21 00:00:00+08:00,8.159042083413217,8.196597013518247,7.886760916384039,8.168431282043457,418422,0.0,0.0
2015-07-22 00:00:00+08:00,8.065151153232144,8.065151153232144,7.802260113002101,7.811648845672607,193273,0.0,0.0
2015-07-23 00:00:00+08:00,7.745925133576105,7.745925133576105,7.229530404333416,7.323420524597168,501391,0.0,0.0
2015-07-24 00:00:00+08:00,7.2764756133741475,7.304642743250493,7.060528239127485,7.126251697540283,317015,0.0,0.0
2015-07-27 00:00:00+08:00,6.994806012791845,7.060528541814218,6.572300910949707,6.572300910949707,370856,0.0,0.0
2015-07-28 00:00:00+08:00,6.478411003128363,7.135640463157635,6.384520880508187,6.900915622711182,271043,0.0,0.0
2015-07-29 00:00:00+08:00,6.900915588727835,6.947860649806743,6.619245688358368,6.853970527648926,222275,0.0,0.0
2015-07-30 00:00:00+08:00,6.947860599666089,6.947860599666089,6.684968166300621,6.919693470001221,104124,0.0,0.0
2015-07-31 00:00:00+08:00,6.853970478185849,6.9384718671804535,6.853970478185849,6.919693470001221,60449,0.0,0.0
2015-08-03 00:00:00+08:00,6.8539702018500455,6.8539702018500455,6.4314656044313105,6.544133186340332,410201,0.0,0.0
2015-08-04 00:00:00+08:00,6.534744645222339,6.769469480215646,6.196740025200663,6.553522109985352,224793,0.0,0.0
2015-08-05 00:00:00+08:00,6.55352239133293,6.882138293080825,6.525356192979216,6.816414833068848,131522,0.0,0.0
2015-08-06 00:00:00+08:00,6.760081195644717,6.8070262589739725,6.591078874438595,6.778858661651611,144093,0.0,0.0
2015-08-07 00:00:00+08:00,7.454866409301758,7.454866409301758,7.454866409301758,7.454866409301758,160969,0.0,0.0
2015-08-10 00:00:00+08:00,8.1965970993042,8.1965970993042,8.1965970993042,8.1965970993042,444152,0.0,0.0
2015-08-11 00:00:00+08:00,9.013440428503001,9.013440428503001,8.741159264074847,9.00405216217041,2356517,0.0,0.0
2015-08-12 00:00:00+08:00,8.919550988296955,8.919550988296955,8.271710222672128,8.468878746032715,641354,0.0,0.0
2015-08-13 00:00:00+08:00,8.450100260127716,8.450100260127716,8.074540725028308,8.215375900268555,439746,0.0,0.0
2015-08-14 00:00:00+08:00,8.224765230495002,8.337432825941985,8.083930969238281,8.083930969238281,223354,0.0,0.0
2015-08-17 00:00:00+08:00,8.102707453461823,8.102707453461823,7.68020239038955,7.69897985458374,244138,0.0,0.0
2015-08-18 00:00:00+08:00,7.698979876110278,7.698979876110278,7.529978502954383,7.586312294006348,138053,0.0,0.0
2015-08-19 00:00:00+08:00,7.605090009812551,7.605090009812551,7.2389187469408345,7.304642200469971,301503,0.0,0.0
2015-08-20 00:00:00+08:00,7.332809161329902,7.492422736579851,7.332809161329902,7.454866409301758,235809,0.0,0.0
2015-08-21 00:00:00+08:00,7.370365047403389,7.454866434486593,7.210752869926127,7.229530334472656,183924,0.0,0.0
2015-08-24 00:00:00+08:00,7.041750605338242,7.041750605338242,6.506577014923096,6.506577014923096,448458,0.0,0.0
2015-08-25 00:00:00+08:00,6.506576859600029,6.619245373716975,6.506576859600029,6.544133186340332,259110,0.0,0.0
2015-08-26 00:00:00+08:00,6.525355475876233,6.750691563398604,6.525355475876233,6.600466728210449,183345,0.0,0.0
2015-08-27 00:00:00+08:00,6.722524486154021,6.807025875043025,6.666190692998666,6.760080814361572,344652,0.0,0.0
2015-08-28 00:00:00+08:00,6.85397002035215,7.398532315678508,6.85397002035215,7.304642200469971,219695,0.0,0.0
2015-08-31 00:00:00+08:00,7.839815889971326,7.839815889971326,7.520590126696863,7.558145523071289,154084,0.0,0.0
2015-09-01 00:00:00+08:00,7.520590308523789,7.698980426557225,7.520590308523789,7.680202960968018,223513,0.0,0.0
2015-09-02 00:00:00+08:00,7.539367328944645,7.839815616607666,7.511200200015994,7.839815616607666,287462,0.0,0.0
2015-09-03 00:00:00+08:00,7.9524831528840325,7.9524831528840325,7.745924985473965,7.792870044708252,124975,0.0,0.0
2015-09-04 00:00:00+08:00,7.792870357240053,7.821037487131056,7.605090578875996,7.670814037322998,179360,0.0,0.0
2015-09-07 00:00:00+08:00,7.605090640962371,7.727147894083845,7.605090640962371,7.652035236358643,31353,0.0,0.0
2015-09-08 00:00:00+08:00,7.652035490497397,7.68020308765784,7.595701694488525,7.595701694488525,118291,0.0,0.0
2015-09-09 00:00:00+08:00,7.6520350451166355,7.8116486231116,7.642646312713623,7.642646312713623,209886,0.0,0.0
2015-09-10 00:00:00+08:00,7.6802028095292885,7.6802028095292885,7.605090618133545,7.605090618133545,63140,0.0,0.0
2015-09-11 00:00:00+08:00,7.6050905191838165,7.745925235325455,7.6050905191838165,7.736536502838135,191562,0.0,0.0
2015-09-14 00:00:00+08:00,7.698980489608318,7.698980489608318,7.6050908303733875,7.614480495452881,137450,0.0,0.0
2015-09-15 00:00:00+08:00,7.689591502445021,7.698980235006032,7.586312647649989,7.670814037322998,194216,0.0,0.0
2015-09-16 00:00:00+08:00,7.69898010544363,7.736536433367612,7.642646312713623,7.642646312713623,160890,0.0,0.0
2015-09-17 00:00:00+08:00,8.130874351545167,8.130874351545167,7.802259862646089,7.867982387542725,286317,0.0,0.0
2015-09-18 00:00:00+08:00,7.886760525702868,8.16843087740937,7.839815467085117,8.149652481079102,336289,0.0,0.0
2015-09-21 00:00:00+08:00,8.14026265592255,8.14026265592255,8.00881668835886,8.074540138244629,173881,0.0,0.0
2015-09-22 00:00:00+08:00,8.243541681646835,8.403155254131246,8.168430892807928,8.30926513671875,406370,0.0,0.0
2015-09-23 00:00:00+08:00,8.262320661384944,8.262320661384944,8.074540434488041,8.224763870239258,173878,0.0,0.0
2015-09-24 00:00:00+08:00,8.318654589039205,8.318654589039205,7.755314799561936,7.980650901794434,162932,0.0,0.0
2015-09-25 00:00:00+08:00,8.027596222550118,8.07454128421462,7.7647037840081055,7.811648845672607,237729,0.0,0.0
2015-09-29 00:00:00+08:00,7.811648845672607,7.811648845672607,7.811648845672607,7.811648845672607,0,0.0,0.0
2015-09-30 00:00:00+08:00,7.802259709100661,7.802259709100661,7.698979926239679,7.792870044708252,197745,0.0,0.0
2015-10-01 00:00:00+08:00,7.7928701875278765,7.7928701875278765,7.698980067338582,7.708369731903076,341059,0.0,0.0
2015-10-02 00:00:00+08:00,7.708369804874684,7.7740927964085635,7.680202675330455,7.689591407775879,92353,0.0,0.0
2015-10-05 00:00:00+08:00,7.7647035243542675,7.7647035243542675,7.670813870268949,7.708369731903076,152528,0.0,0.0
2015-10-06 00:00:00+08:00,7.727148023253024,7.745925488842232,7.680202960968018,7.680202960968018,84540,0.0,0.0
2015-10-07 00:00:00+08:00,7.680202675330455,7.708369804874684,7.680202675330455,7.689591407775879,86586,0.0,0.0
2015-10-08 00:00:00+08:00,7.689591122486646,7.717758717089815,7.689591122486646,7.69897985458374,84385,0.0,0.0
2015-10-12 00:00:00+08:00,7.698980042985364,7.717758905950976,7.652034983039213,7.6614251136779785,149223,0.0,0.0
2015-10-13 00:00:00+08:00,7.689591122486646,7.792869972178459,7.689591122486646,7.69897985458374,147392,0.0,0.0
2015-10-14 00:00:00+08:00,7.698980526692594,8.299877611418538,7.698980526692594,8.25293254852295,942043,0.0,0.0
2015-10-15 00:00:00+08:00,8.243542567423036,8.243542567423036,8.027596579261791,8.055763244628906,321397,0.0,0.0
2015-10-16 00:00:00+08:00,8.093319066392167,8.205987591680902,8.093319066392167,8.12148666381836,302265,0.0,0.0
2015-10-19 00:00:00+08:00,8.121485635131794,8.121485635131794,7.943094602860074,8.027595520019531,212665,0.0,0.0
2015-10-20 00:00:00+08:00,8.02759586570082,8.159041846076686,8.02759586570082,8.112096786499023,368161,0.0,0.0
2015-10-21 00:00:00+08:00,8.12148581879162,8.149652481079102,7.999428107060717,8.149652481079102,371557,0.0,0.0
2015-10-22 00:00:00+08:00,8.093318169014923,8.957106682356683,8.093318169014923,8.825660705566406,1890485,0.0,0.0
2015-10-23 00:00:00+08:00,8.928939212470484,9.154275308994805,8.656658056994933,9.013440132141113,1052264,0.0,0.0
2015-10-26 00:00:00+08:00,9.013440167511375,9.295110522324078,8.863216724044275,9.173053741455078,527429,0.0,0.0
2015-10-27 00:00:00+08:00,9.163665362877811,9.67067087666587,9.154275232516502,9.52983570098877,705616,0.0,0.0
2015-10-28 00:00:00+08:00,9.52983583219895,9.57678089140434,9.31388893273733,9.332666397094727,510145,0.0,0.0
2015-10-29 00:00:00+08:00,9.389000356765699,9.389000356765699,8.797493934631348,8.797493934631348,614358,0.0,0.0
2015-10-30 00:00:00+08:00,8.872605276434193,8.872605276434193,8.64726917175376,8.778716087341309,192133,0.0,0.0
2015-11-02 00:00:00+08:00,8.778715538661666,8.910161513825733,8.778715538661666,8.797493934631348,104645,0.0,0.0
2015-11-03 00:00:00+08:00,8.816272056962575,8.891384714244264,8.806882858276367,8.806882858276367,83130,0.0,0.0
2015-11-04 00:00:00+08:00,8.853827654911795,9.041607894192438,8.844439388714116,8.975884437561035,239277,0.0,0.0
2015-11-05 00:00:00+08:00,8.919550014238652,9.229387962641528,8.919550014238652,9.013440132141113,434366,0.0,0.0
2015-11-06 00:00:00+08:00,8.966495073189883,9.154275308994805,8.919550014238652,9.013440132141113,388181,0.0,0.0
2015-11-09 00:00:00+08:00,9.135497322122706,9.154274785304237,8.93832883157334,8.9664945602417,290463,0.0,0.0
2015-11-10 00:00:00+08:00,8.966494614571957,8.994662207826735,8.835048642673291,8.900772094726562,273289,0.0,0.0
2015-11-11 00:00:00+08:00,8.910161381072566,8.957106438089431,8.722381153005108,8.769326210021973,396501,0.0,0.0
2015-11-12 00:00:00+08:00,8.872605924219096,8.872605924219096,8.40315621564853,8.468878746032715,394674,0.0,0.0
2015-11-13 00:00:00+08:00,8.450100570990832,8.450100570990832,7.980650901794434,7.980650901794434,613284,0.0,0.0
2015-11-16 00:00:00+08:00,7.69897980914818,7.877371311187744,7.417309924130262,7.877371311187744,321194,0.0,0.0
2015-11-17 00:00:00+08:00,7.886760676120762,7.943094933978065,7.821037219919253,7.839815616607666,156445,0.0,0.0
2015-11-18 00:00:00+08:00,7.877371883018482,7.886761081845704,7.727147964510867,7.8585944175720215,105306,0.0,0.0
2015-11-19 00:00:00+08:00,7.971261321957713,7.971261321957713,7.792870733642237,7.802260398864746,165787,0.0,0.0
2015-11-20 00:00:00+08:00,7.802260085705059,7.802260085705059,7.623869038445666,7.652035236358643,198920,0.0,0.0
2015-11-23 00:00:00+08:00,7.774092955584105,7.886761009963932,7.717759161446186,7.652035236358643,158804,0.0,0.0
2015-11-24 00:00:00+08:00,7.783481455171332,7.830426515265978,7.708369731903076,7.708369731903076,59064,0.0,0.0
2015-11-25 00:00:00+08:00,7.73653637060467,7.8116485597393055,7.614480053731827,7.6614251136779785,154443,0.0,0.0
2015-11-26 00:00:00+08:00,7.661424926195361,7.69897985458374,7.623868599495096,7.69897985458374,171337,0.0,0.0
2015-11-27 00:00:00+08:00,7.623868976205988,7.680202769884009,7.605090578875996,7.670814037322998,124743,0.0,0.0
2015-11-30 00:00:00+08:00,7.661425361159054,7.867982606165636,7.6050906348583736,7.764703750610352,215518,0.0,0.0
2015-12-01 00:00:00+08:00,7.764703101311948,7.999427922892755,7.764703101311948,7.914927005767822,293667,0.0,0.0
2015-12-02 00:00:00+08:00,7.914927136066582,8.027595648893218,7.905537937963042,7.943094730377197,296426,0.0,0.0
2015-12-03 00:00:00+08:00,7.9430958249040025,8.712994327948575,7.9430958249040025,8.49704647064209,748715,0.0,0.0
2015-12-04 00:00:00+08:00,8.478267833492668,9.060385064843958,8.309265064298385,8.825660705566406,631106,0.0,0.0
2015-12-07 00:00:00+08:00,8.872606334180562,8.910163132944595,8.619104467979835,8.647270202636719,344973,0.0,0.0
2015-12-08 00:00:00+08:00,8.816272724695109,8.816272724695109,8.49704647064209,8.49704647064209,140129,0.0,0.0
2015-12-09 00:00:00+08:00,8.543990734960188,8.543990734960188,8.299877166748047,8.299877166748047,210481,0.0,0.0
2015-12-10 00:00:00+08:00,8.318653839822172,8.403154754022815,8.262320518493652,8.262320518493652,200419,0.0,0.0
2015-12-11 00:00:00+08:00,8.403156111666886,8.553380501298747,8.262321853384035,8.281099319458008,137463,0.0,0.0
2015-12-14 00:00:00+08:00,8.281099494322511,8.281099494322511,7.999429107392999,8.083930969238281,205421,0.0,0.0
2015-12-15 00:00:00+08:00,7.961872352386684,8.318654429738498,7.952483154096808,8.17781925201416,168673,0.0,0.0
2015-12-16 00:00:00+08:00,8.187208450304036,8.215376045173663,8.17781925201416,8.17781925201416,52209,0.0,0.0
2015-12-17 00:00:00+08:00,8.234153650577358,8.450100553903503,8.234153650577358,8.365599632263184,178105,0.0,0.0
2015-12-18 00:00:00+08:00,8.356209698110472,8.356209698110472,8.243541191037703,8.262320518493652,91746,0.0,0.0
2015-12-21 00:00:00+08:00,8.262320778566744,8.515822596940286,8.16843066378668,8.478267669677734,190024,0.0,0.0
2015-12-22 00:00:00+08:00,8.459489308068267,8.487656901941,8.412544250488281,8.412544250488281,62546,0.0,0.0
2015-12-23 00:00:00+08:00,8.412545414905706,8.806883393834909,8.412545414905706,8.468878746032715,191661,0.0,0.0
2015-12-24 00:00:00+08:00,8.731771048638825,8.731771048638825,8.356210562491452,8.393767356872559,115580,0.0,0.0
2015-12-25 00:00:00+08:00,8.393767570155529,8.497045960703957,8.309265712858833,8.450100898742676,53251,0.0,0.0
2015-12-28 00:00:00+08:00,8.506435200566052,8.506435200566052,8.374989212882074,8.384377479553223,104702,0.0,0.0
2015-12-29 00:00:00+08:00,8.356209754943848,8.40315481117548,8.356209754943848,8.356209754943848,35809,0.0,0.0
2015-12-30 00:00:00+08:00,8.356210304264064,8.393767097484574,8.337431907653809,8.337431907653809,67814,0.0,0.0
2015-12-31 00:00:00+08:00,8.450100240992747,8.534601159503962,8.403155182685637,8.440711975097656,118698,0.0,0.0
2016-01-04 00:00:00+08:00,8.543990635732529,8.543990635732529,8.337431999574145,8.431323051452637,90055,0.0,0.0
2016-01-05 00:00:00+08:00,8.365598895734514,8.421932217063032,8.177818672085143,8.262320518493652,209784,0.0,0.0
2016-01-06 00:00:00+08:00,8.262320574688456,8.384376415799677,8.262320574688456,8.356209754943848,200938,0.0,0.0
2016-01-07 00:00:00+08:00,8.262321833591207,8.262321833591207,7.792870733642237,7.802260398864746,297450,0.0,0.0
2016-01-08 00:00:00+08:00,7.642646507650728,8.083930458863266,7.605090644872805,8.036985397338867,197823,0.0,0.0
2016-01-11 00:00:00+08:00,7.971260763341969,7.971260763341969,7.708369731903076,7.708369731903076,66036,0.0,0.0
2016-01-12 00:00:00+08:00,7.708369905192902,7.811648760060525,7.511200461921283,7.558145523071289,182454,0.0,0.0
2016-01-13 00:00:00+08:00,7.4360891959782265,7.6426464394125375,7.389144134872982,7.398532867431641,192629,0.0,0.0
2016-01-14 00:00:00+08:00,7.163808162280092,7.248309087411732,6.816414796810912,7.041750907897949,374153,0.0,0.0
2016-01-15 00:00:00+08:00,7.276475688307562,7.3046428184739725,7.098084640760275,7.107473373413086,89328,0.0,0.0
2016-01-18 00:00:00+08:00,6.900915505941639,7.576923818043469,6.853970445425903,7.257698059082031,184036,0.0,0.0
2016-01-19 00:00:00+08:00,7.22953001508235,7.304642200469971,7.145028631732297,7.304642200469971,101216,0.0,0.0
2016-01-20 00:00:00+08:00,7.295253949133143,7.398532803002906,7.182585430578522,7.19197416305542,163454,0.0,0.0
2016-01-21 00:00:00+08:00,7.220141565339598,7.323420416442079,7.220141565339598,7.295253753662109,33835,0.0,0.0
2016-01-22 00:00:00+08:00,7.314031326129203,7.332809256961158,7.285864196829282,7.323420524597168,75167,0.0,0.0
2016-01-25 00:00:00+08:00,7.323420676442452,7.47364412621286,7.323420676442452,7.398532867431641,38528,0.0,0.0
2016-01-26 00:00:00+08:00,7.445478018539783,7.53936767578125,7.342199162522173,7.53936767578125,69281,0.0,0.0
2016-01-27 00:00:00+08:00,7.342198894919503,7.60509039171794,7.342198894919503,7.5487565994262695,69837,0.0,0.0
2016-01-28 00:00:00+08:00,7.501811587959253,7.501811587959253,7.398532735038233,7.483033657073975,85685,0.0,0.0
2016-01-29 00:00:00+08:00,7.5487567833060325,7.5487567833060325,7.323420676442452,7.398532867431641,163487,0.0,0.0
2016-02-01 00:00:00+08:00,7.398532867431641,7.4924229896421295,7.379754470106355,7.398532867431641,133261,0.0,0.0
2016-02-02 00:00:00+08:00,7.389144174415531,7.407921639633334,7.3328094482421875,7.3328094482421875,72284,0.0,0.0
2016-02-03 00:00:00+08:00,7.407921372932487,7.407921372932487,7.285864124579191,7.342198848724365,64776,0.0,0.0
2016-02-15 00:00:00+08:00,7.360976348527119,7.398532676102483,7.238919099589138,7.389143943786621,65430,0.0,0.0
2016-02-16 00:00:00+08:00,7.745925575599531,7.896150429139723,7.717759376900248,7.821037769317627,414118,0.0,0.0
2016-02-17 00:00:00+08:00,7.821037034207401,8.600324630737305,7.821037034207401,8.600324630737305,1300252,0.0,0.0
2016-02-18 00:00:00+08:00,9.201220125900488,9.201220125900488,8.769326340676825,8.797493934631348,1785278,0.0,0.0
2016-02-19 00:00:00+08:00,9.097941527063089,9.173054184633491,8.928939678893641,9.12610912322998,1113283,0.0,0.0
2016-02-22 00:00:00+08:00,9.107330486876574,9.999285697937012,8.966495306360512,9.999285697937012,2667837,0.0,0.0
2016-02-23 00:00:00+08:00,10.374846390566383,10.374846390566383,9.952340840415117,10.280956268310547,3127073,0.0,0.0
2016-02-24 00:00:00+08:00,10.140121214761264,10.327901461677284,9.482891282763179,9.764561653137207,1691808,0.0,0.0
2016-02-25 00:00:00+08:00,9.858451185689095,9.999285430226658,9.529835773282956,9.623725891113281,700962,0.0,0.0
2016-02-26 00:00:00+08:00,9.811506126773933,9.811506126773933,9.576780832198118,9.623725891113281,496576,0.0,0.0
2016-03-01 00:00:00+08:00,9.623725891113281,9.623725891113281,9.43594565545263,9.623725891113281,639975,0.0,0.0
2016-03-02 00:00:00+08:00,9.6706713257193,9.6706713257193,9.482891082763672,9.482891082763672,465405,0.0,0.0
2016-03-03 00:00:00+08:00,9.529836211812773,9.717616456114417,9.482891150737363,9.576781272888184,670569,0.0,0.0
2016-03-04 00:00:00+08:00,9.576780832198118,9.670670950028445,9.576780832198118,9.623725891113281,339267,0.0,0.0
2016-03-07 00:00:00+08:00,9.576781204241486,9.6706713257193,9.482891082763672,9.482891082763672,290482,0.0,0.0
2016-03-08 00:00:00+08:00,9.529835339010713,9.858450736441931,9.482890282234825,9.670670509338379,688858,0.0,0.0
2016-03-09 00:00:00+08:00,9.529835627255892,9.576780685451709,9.435945510864258,9.435945510864258,402819,0.0,0.0
2016-03-10 00:00:00+08:00,9.295110123214531,10.374845504760742,9.295110123214531,10.374845504760742,2870413,0.0,0.0
2016-03-11 00:00:00+08:00,10.609570067770463,11.360690996526651,10.5626250097232,11.266800880432129,4768108,0.0,0.0
2016-03-14 00:00:00+08:00,11.172911518009737,11.970976626439004,10.75040596708414,11.689306259155273,4691184,0.0,0.0
2016-03-15 00:00:00+08:00,11.50152799704869,11.50152799704869,11.032077342029854,11.079022407531738,1871160,0.0,0.0
2016-03-16 00:00:00+08:00,10.985131630157603,12.1587553024292,10.985131630157603,12.1587553024292,4141752,0.0,0.0
2016-03-17 00:00:00+08:00,12.956822609530652,13.285437121793695,12.534317970275879,12.534317970275879,6757208,0.0,0.0
2016-03-18 00:00:00+08:00,12.862931896882168,13.754886198276385,12.34653622193944,13.097657203674316,10603025,0.0,0.0
2016-03-21 00:00:00+08:00,13.614050418990264,13.614050418990264,12.956820565917662,13.050710678100586,5165443,0.0,0.0
2016-03-22 00:00:00+08:00,13.19154636361356,13.285436486112841,12.158755948329434,12.393481254577637,4974919,0.0,0.0
2016-03-23 00:00:00+08:00,12.628206650922202,12.956822082014206,12.393481342999342,12.487372398376465,3669449,0.0,0.0
2016-03-24 00:00:00+08:00,12.48737171170891,12.862931251525879,12.48737171170891,12.862931251525879,2232542,0.0,0.0
2016-03-25 00:00:00+08:00,12.862930724277378,12.909875781356224,11.595415115356445,11.595415115356445,5434152,0.0,0.0
2016-03-28 00:00:00+08:00,11.548470821020747,11.595415881200177,11.17291127179325,11.313746452331543,1839708,0.0,0.0
2016-03-29 00:00:00+08:00,11.50152654566165,12.440425872802734,11.50152654566165,12.440425872802734,7406441,0.0,0.0
2016-03-30 00:00:00+08:00,12.299591262938275,12.440426448185596,11.642361330658762,11.877086639404297,5164982,0.0,0.0
2016-03-31 00:00:00+08:00,11.642361082619447,11.783196264866287,11.360691650333726,11.501526832580566,1833892,0.0,0.0
2016-04-01 00:00:00+08:00,11.501526621532175,11.501526621532175,10.93818683508983,11.219856262207031,3210371,0.0,0.0
2016-04-06 00:00:00+08:00,11.360691890954936,11.360691890954936,10.891241273522429,11.172911643981934,1543536,0.0,0.0
2016-04-07 00:00:00+08:00,11.266801057471609,11.266801057471609,10.09317552005635,10.234010696411133,4304240,0.0,0.0
2016-04-08 00:00:00+08:00,10.327900664803183,10.421790781016874,9.952340199948418,10.04623031616211,1550831,0.0,0.0
2016-04-11 00:00:00+08:00,10.327900957783008,10.938186730484464,10.234010838905862,10.421791076660156,4425322,0.0,0.0
2016-04-12 00:00:00+08:00,10.562625322767941,10.938186730484464,10.234010838905862,10.421791076660156,2451244,0.0,0.0
2016-04-13 00:00:00+08:00,10.515680190786602,10.609570309016044,10.234010768306202,10.327900886535645,1128224,0.0,0.0
2016-04-14 00:00:00+08:00,10.468734889347703,10.84429535357222,10.374845705499482,10.656515121459961,1450966,0.0,0.0
2016-04-15 00:00:00+08:00,10.609570309016044,10.656515368130766,10.234010768306202,10.327900886535645,1127768,0.0,0.0
2016-04-18 00:00:00+08:00,10.421791004765089,10.609570309016044,10.280955827420923,10.327900886535645,1059842,0.0,0.0
2016-04-19 00:00:00+08:00,10.562625818165944,10.750406064727324,10.468735694885254,10.468735694885254,873484,0.0,0.0
2016-04-20 00:00:00+08:00,10.609570641146577,10.797350883483887,10.421791331017225,10.797350883483887,1052545,0.0,0.0
2016-04-21 00:00:00+08:00,11.54847120716055,11.877086639404297,11.501527077619423,11.877086639404297,4388335,0.0,0.0
2016-04-22 00:00:00+08:00,11.73625052869684,11.73625052869684,11.07902064824308,11.266800880432129,6267008,0.0,0.0
2016-04-25 00:00:00+08:00,11.172911645375676,12.299591262938275,10.98513233058723,11.877086639404297,5509612,0.0,0.0
2016-04-26 00:00:00+08:00,11.924030514908361,12.064864753937009,11.5484700582776,11.595415115356445,2350461,0.0,0.0
2016-04-27 00:00:00+08:00,11.548471666080555,11.689306856924468,11.125967025756836,11.125967025756836,2268458,0.0,0.0
2016-04-28 00:00:00+08:00,11.266801767468435,11.360691890954936,11.032076458752181,11.172911643981934,996459,0.0,0.0
2016-04-29 00:00:00+08:00,10.985133208736027,11.172912538535506,10.891242145524204,11.079022407531738,1140031,0.0,0.0
2016-05-03 00:00:00+08:00,11.079021246989852,11.125966307574178,10.797350883483887,10.797350883483887,746138,0.0,0.0
2016-05-04 00:00:00+08:00,10.656515368130766,10.75040548636021,10.046230531847316,10.327900886535645,1726268,0.0,0.0
2016-05-05 00:00:00+08:00,10.327901075598222,10.703460623183059,10.327901075598222,10.609570503234863,1009045,0.0,0.0
2016-05-06 00:00:00+08:00,10.609570063431898,10.797350295544156,10.562625005403833,10.656515121459961,718072,0.0,0.0
2016-05-09 00:00:00+08:00,10.84429535357222,10.84429535357222,10.656515121459961,10.656515121459961,483501,0.0,0.0
2016-05-10 00:00:00+08:00,10.562626330702958,10.609571394621248,10.280956879401241,10.515681266784668,609806,0.0,0.0
2016-05-11 00:00:00+08:00,10.797350883483887,11.313746549911489,10.703460762315231,10.797350883483887,2529283,0.0,0.0
2016-05-12 00:00:00+08:00,10.797350813923153,11.219856356460154,10.656515633077486,10.703460693359375,2451386,0.0,0.0
2016-05-13 00:00:00+08:00,10.938186401836257,10.938186401836257,10.468734889347703,10.656515121459961,1312905,0.0,0.0
2016-05-16 00:00:00+08:00,10.656515002759212,10.703460060264364,9.858450889587402,9.858450889587402,3277031,0.0,0.0
2016-05-17 00:00:00+08:00,9.858451517786573,10.187066009054686,9.858451517786573,10.093175888061523,978438,0.0,0.0
2016-05-18 00:00:00+08:00,9.999285697937012,10.234010998797114,9.905396509800921,9.999285697937012,936457,0.0,0.0
2016-05-19 00:00:00+08:00,10.140120302410423,10.140120302410423,9.717615717071942,9.858450889587402,588719,0.0,0.0
2016-05-20 00:00:00+08:00,9.858452226526724,9.952341422061776,9.71761703491211,9.71761703491211,425902,0.0,0.0
2016-05-23 00:00:00+08:00,9.858451517786573,10.187066009054686,9.71761633629683,10.093175888061523,747026,0.0,0.0
2016-05-24 00:00:00+08:00,10.140121195610817,10.703461003086979,10.093176133970472,10.468735694885254,2019952,0.0,0.0
2016-05-25 00:00:00+08:00,10.562625818165944,10.656515941446633,10.374846503812543,10.468735694885254,1360124,0.0,0.0
2016-05-26 00:00:00+08:00,10.46873468679234,10.60956985815157,10.280955390521255,10.374845504760742,1020800,0.0,0.0
2016-05-27 00:00:00+08:00,10.515680190786602,10.562625249901323,10.280955827420923,10.327900886535645,724671,0.0,0.0
2016-05-30 00:00:00+08:00,10.46873468679234,10.656514915271313,10.374845504760742,10.374845504760742,1188458,0.0,0.0
2016-05-31 00:00:00+08:00,10.421791263875992,10.797350813923153,10.421791263875992,10.703460693359375,1570408,0.0,0.0
2016-06-01 00:00:00+08:00,10.844295358006772,11.73625052869684,10.79735029995951,11.266800880432129,9387320,0.0,0.0
2016-06-02 00:00:00+08:00,11.172911438897707,11.26680156066081,10.891241073608398,10.891241073608398,2078677,0.0,0.0
2016-06-03 00:00:00+08:00,10.985131987258661,11.172911296178265,10.609570572795596,10.703460693359375,2288152,0.0,0.0
2016-06-06 00:00:00+08:00,10.79735165029441,10.8442967142127,10.468736202866378,10.515681266784668,473398,0.0,0.0
2016-06-07 00:00:00+08:00,10.515681266784668,10.515681266784668,10.515681266784668,10.515681266784668,0,0.0,0.0
2016-06-08 00:00:00+08:00,10.985132510046933,11.172911827903054,10.750406265258789,10.750406265258789,1236209,0.0,0.0
2016-06-13 00:00:00+08:00,10.703461070822053,10.703461070822053,10.421791631405464,10.562625885009766,747166,0.0,0.0
2016-06-14 00:00:00+08:00,10.609570572795596,10.703460693359375,10.515680452231818,10.703460693359375,416295,0.0,0.0
2016-06-15 00:00:00+08:00,10.703460417930552,11.125965949595349,10.656515358856685,10.938186645507812,1970489,0.0,0.0
2016-06-16 00:00:00+08:00,11.360690789044181,11.924030543115034,10.98513126373291,10.98513126373291,7544983,0.0,0.0
2016-06-17 00:00:00+08:00,11.125965706290343,11.454581112621176,11.07902064824308,11.266800880432129,3051123,0.0,0.0
2016-06-20 00:00:00+08:00,11.313746475809133,12.064865575822802,11.313746475809133,12.017921447753906,6499857,0.0,0.0
2016-06-21 00:00:00+08:00,12.017922338818861,12.252646725398714,11.736251956273412,11.924032211303711,7200260,0.0,0.0
2016-06-22 00:00:00+08:00,12.017921160493756,12.017921160493756,11.595415628101122,11.64236068725586,2542142,0.0,0.0
2016-06-23 00:00:00+08:00,11.642361012580762,11.830141254446893,11.407636642456055,11.407636642456055,1726983,0.0,0.0
2016-06-24 00:00:00+08:00,11.595417195844401,11.595417195844401,10.938188143234143,11.079022407531738,2575226,0.0,0.0
2016-06-27 00:00:00+08:00,11.172911643981934,11.407636952698187,11.125966582238682,11.172911643981934,1341106,0.0,0.0
2016-06-28 00:00:00+08:00,11.172911027916417,11.64236068725586,11.12596596876168,11.64236068725586,2111632,0.0,0.0
2016-06-29 00:00:00+08:00,11.68930562174356,11.783195739051692,11.454581260681152,11.454581260681152,1363770,0.0,0.0
2016-06-30 00:00:00+08:00,11.642360563089495,11.642360563089495,11.407636202027087,11.454581260681152,1034426,0.0,0.0
2016-07-01 00:00:00+08:00,11.501527211112892,11.595416403492857,11.360692024230957,11.360692024230957,870060,0.0,0.0
2016-07-04 00:00:00+08:00,11.360692024230957,11.501527211112892,11.313746961936978,11.360692024230957,531931,0.0,0.0
2016-07-05 00:00:00+08:00,11.501526832580566,11.689306143368393,11.407636711082672,11.501526832580566,1419313,0.0,0.0
2016-07-06 00:00:00+08:00,11.595415354555053,11.595415354555053,11.266800880432129,11.266800880432129,981180,0.0,0.0
2016-07-07 00:00:00+08:00,11.360691512510973,11.407636572690404,11.21985633197268,11.313746452331543,699688,0.0,0.0
2016-07-11 00:00:00+08:00,11.407635819248952,11.642360172435291,11.266800648012417,11.595415115356445,1040470,0.0,0.0
2016-07-12 00:00:00+08:00,11.689306528080815,11.689306528080815,11.360692024230957,11.360692024230957,1190618,0.0,0.0
2016-07-13 00:00:00+08:00,11.407637866044924,11.407637866044924,11.032077342029854,11.079022407531738,1926469,0.0,0.0
2016-07-14 00:00:00+08:00,11.032076158723793,11.407636642456055,11.032076158723793,11.407636642456055,1456156,0.0,0.0
2016-07-15 00:00:00+08:00,11.454581632869836,11.68930600155904,11.313746452331543,11.313746452331543,5243828,0.0,0.0
2016-07-18 00:00:00+08:00,11.501526170668438,11.501526170668438,11.266800880432129,11.266800880432129,951118,0.0,0.0
2016-07-19 00:00:00+08:00,11.360691890954936,11.407636952698187,11.125966582238682,11.172911643981934,979502,0.0,0.0
2016-07-20 00:00:00+08:00,11.266802216600748,11.266802216600748,11.079021962142198,11.125967025756836,808867,0.0,0.0
2016-07-21 00:00:00+08:00,11.172911202319506,11.407636501757127,11.172911202319506,11.219856262207031,748503,0.0,0.0
2016-07-22 00:00:00+08:00,11.266800880432129,11.454581112621176,11.266800880432129,11.266800880432129,1050742,0.0,0.0
2016-07-25 00:00:00+08:00,11.313745259667359,11.36069031489797,11.032074928283691,11.032074928283691,775475,0.0,0.0
2016-07-26 00:00:00+08:00,11.079021962142198,11.172912089371474,11.079021962142198,11.125967025756836,534526,0.0,0.0
2016-07-27 00:00:00+08:00,11.219855822384867,11.54847029650779,11.219855822384867,11.266800880432129,1756940,0.0,0.0
2016-07-28 00:00:00+08:00,11.454582014441439,11.454582014441439,11.172911643981934,11.172911643981934,742690,0.0,0.0
2016-07-29 00:00:00+08:00,11.172910093975526,11.266800204436748,11.032074928283691,11.032074928283691,635074,0.0,0.0
2016-08-01 00:00:00+08:00,11.172912089371474,11.21985715298611,11.03207689852756,11.125967025756836,551611,0.0,0.0
2016-08-02 00:00:00+08:00,11.21985715298611,11.21985715298611,11.079021962142198,11.125967025756836,551893,0.0,0.0
2016-08-03 00:00:00+08:00,11.172912089371474,11.172912089371474,11.03207689852756,11.125967025756836,346249,0.0,0.0
2016-08-04 00:00:00+08:00,11.172911775055042,11.360692024230957,10.93818739579314,11.360692024230957,2672953,0.0,0.0
2016-08-05 00:00:00+08:00,11.407636572690404,11.642360941379609,11.313746452331543,11.313746452331543,2089666,0.0,0.0
2016-08-08 00:00:00+08:00,11.454581561644652,11.454581561644652,11.125966142431983,11.219856262207031,654157,0.0,0.0
2016-08-09 00:00:00+08:00,11.219855149206136,11.36069031489797,11.032074928283691,11.032074928283691,680360,0.0,0.0
2016-08-10 00:00:00+08:00,11.079019983514304,11.172910093975526,11.032074928283691,11.032074928283691,434346,0.0,0.0
2016-08-11 00:00:00+08:00,11.219855149206136,11.219855149206136,10.985130805260933,11.032074928283691,790218,0.0,0.0
2016-08-12 00:00:00+08:00,11.079020890521484,11.125965949595349,10.891240654226017,10.938186645507812,274561,0.0,0.0
2016-08-15 00:00:00+08:00,10.938186206543016,11.360690789044181,10.891240217145228,10.98513126373291,1001340,0.0,0.0
2016-08-16 00:00:00+08:00,10.985133208736027,11.266802669539272,10.938188143234143,11.079022407531738,890398,0.0,0.0
2016-08-17 00:00:00+08:00,11.079019983514304,11.172910093975526,10.985130805260933,11.032074928283691,346676,0.0,0.0
2016-08-18 00:00:00+08:00,11.032076256253053,11.032076256253053,10.891241073608398,10.891241073608398,534498,0.0,0.0
2016-08-19 00:00:00+08:00,10.938186551255605,11.032075736386386,10.844295501708984,10.844295501708984,360652,0.0,0.0
2016-08-22 00:00:00+08:00,10.89124124964836,10.89124124964836,10.421791565452889,10.468735694885254,1113929,0.0,0.0
2016-08-23 00:00:00+08:00,10.468736202866378,10.562626330702958,10.468736202866378,10.515681266784668,374332,0.0,0.0
2016-08-24 00:00:00+08:00,10.5156807565256,10.562625818165944,10.468735694885254,10.468735694885254,217550,0.0,0.0
2016-08-25 00:00:00+08:00,10.468735761134907,10.656516008884624,10.468735761134907,10.562625885009766,496310,0.0,0.0
2016-08-26 00:00:00+08:00,10.56262601519467,10.797351327774818,10.468735890162613,10.750406265258789,1055015,0.0,0.0
2016-08-29 00:00:00+08:00,10.797350295544156,10.84429535357222,10.609570063431898,10.656515121459961,325783,0.0,0.0
2016-08-30 00:00:00+08:00,10.656515267031585,10.844295501708984,10.515680091023533,10.844295501708984,937021,0.0,0.0
2016-08-31 00:00:00+08:00,10.891240560378336,11.125965853725086,10.844295501708984,10.844295501708984,2641057,0.0,0.0
2016-09-01 00:00:00+08:00,10.844295944068215,10.938186997444827,10.750405822899559,10.797350883483887,318370,0.0,0.0
2016-09-02 00:00:00+08:00,10.703461070822053,10.750406132759483,10.515680823072337,10.562625885009766,403671,0.0,0.0
2016-09-05 00:00:00+08:00,10.656515563208961,10.703460623183059,10.515680383286668,10.609570503234863,295553,0.0,0.0
2016-09-06 00:00:00+08:00,10.562625885009766,10.656516008884624,10.515680823072337,10.562625885009766,354998,0.0,0.0
2016-09-07 00:00:00+08:00,10.609570063431898,10.703460179488026,10.562625005403833,10.656515121459961,371602,0.0,0.0
2016-09-08 00:00:00+08:00,10.656516008884624,10.703461070822053,10.562625885009766,10.562625885009766,287843,0.0,0.0
2016-09-09 00:00:00+08:00,10.609570946947196,10.609570946947196,10.468735761134907,10.562625885009766,287483,0.0,0.0
2016-09-12 00:00:00+08:00,10.421792071156112,10.562626330702958,10.374847007237822,10.515681266784668,830919,0.0,0.0
2016-09-13 00:00:00+08:00,10.656515941446633,10.89124124964836,10.421791565452889,10.468735694885254,1028165,0.0,0.0
2016-09-14 00:00:00+08:00,10.515680263329367,10.562625322767941,10.327900957783008,10.421791076660156,344007,0.0,0.0
2016-09-19 00:00:00+08:00,10.421791565452889,10.844296188008014,10.374846503812543,10.468735694885254,767012,0.0,0.0
2016-09-20 00:00:00+08:00,10.515681266784668,10.609571394621248,10.468736202866378,10.515681266784668,265417,0.0,0.0
2016-09-21 00:00:00+08:00,10.374845504760742,10.46873468679234,10.327900447641,10.374845504760742,727849,0.0,0.0
2016-09-22 00:00:00+08:00,10.421791451694302,10.421791451694302,10.234011207182627,10.280956268310547,532734,0.0,0.0
2016-09-23 00:00:00+08:00,10.327900447641,10.421790561880485,10.280955390521255,10.374845504760742,493483,0.0,0.0
2016-09-26 00:00:00+08:00,10.374846390566383,10.374846390566383,10.234011207182627,10.280956268310547,326368,0.0,0.0
2016-09-27 00:00:00+08:00,10.280956268310547,10.280956268310547,10.280956268310547,10.280956268310547,0,0.0,0.0
2016-09-28 00:00:00+08:00,10.280956268310547,10.280956268310547,10.280956268310547,10.280956268310547,0,0.0,0.0
2016-09-29 00:00:00+08:00,10.327901329438465,10.327901329438465,10.18706614605471,10.280956268310547,344988,0.0,0.0
2016-09-30 00:00:00+08:00,10.280956199816353,10.280956199816353,10.046230895740557,10.187066078186035,174963,0.0,0.0
2016-10-03 00:00:00+08:00,10.234010548589492,10.280955606696336,9.952340199948418,10.04623031616211,713425,0.0,0.0
2016-10-04 00:00:00+08:00,10.04623031616211,10.1401204323758,10.04623031616211,10.04623031616211,230158,0.0,0.0
2016-10-05 00:00:00+08:00,10.046230758109033,10.046230758109033,9.952340637764992,9.999285697937012,207439,0.0,0.0
2016-10-06 00:00:00+08:00,9.999285697937012,10.093175818281054,9.905396509800921,9.999285697937012,588093,0.0,0.0
2016-10-07 00:00:00+08:00,9.952340072389811,9.999285129894965,9.858450889587402,9.858450889587402,330726,0.0,0.0
2016-10-11 00:00:00+08:00,9.999285430226658,9.999285430226658,9.482890714367793,9.623725891113281,689796,0.0,0.0
2016-10-12 00:00:00+08:00,9.482891082763672,9.576781204241486,9.389000961285857,9.482891082763672,801656,0.0,0.0
2016-10-13 00:00:00+08:00,9.482891013430507,9.576781134221854,9.379611694118434,9.38900089263916,496939,0.0,0.0
2016-10-14 00:00:00+08:00,9.38900065458278,9.43594571378817,9.304499734454666,9.332666397094727,232818,0.0,0.0
2016-10-17 00:00:00+08:00,9.323277184922176,9.323277184922176,9.154275344917727,9.173053741455078,575737,0.0,0.0
2016-10-18 00:00:00+08:00,9.20122053825622,9.21999893506746,8.928939377740875,8.975884437561035,957020,0.0,0.0
2016-10-19 00:00:00+08:00,9.08855393012078,9.389001785913061,9.013441267016677,9.295111656188965,1206702,0.0,0.0
2016-10-20 00:00:00+08:00,9.34205603280294,9.34205603280294,9.060385664381876,9.12610912322998,792427,0.0,0.0
2016-10-21 00:00:00+08:00,9.12610849965503,9.623725743647526,9.12610849965503,9.435945510864258,1225822,0.0,0.0
2016-10-24 00:00:00+08:00,9.623725743647526,9.670670801843343,9.38900045266844,9.435945510864258,867405,0.0,0.0
2016-10-25 00:00:00+08:00,9.482891013430507,9.623726194617525,9.38900089263916,9.38900089263916,426852,0.0,0.0
2016-10-26 00:00:00+08:00,9.38900089263916,9.435945953034834,9.313889168889265,9.38900089263916,264150,0.0,0.0
2016-10-27 00:00:00+08:00,9.389000545304278,9.389000545304278,9.229387905188442,9.304499626159668,279439,0.0,0.0
2016-10-28 00:00:00+08:00,9.304500410761552,9.3890013370317,9.295111211796424,9.342056274414062,143767,0.0,0.0
2016-10-31 00:00:00+08:00,9.435945953034834,9.435945953034834,9.28572157332709,9.38900089263916,121463,0.0,0.0
2016-11-01 00:00:00+08:00,9.38900089263916,9.482891013430507,9.266944108493592,9.38900089263916,231974,0.0,0.0
2016-11-02 00:00:00+08:00,9.304499792737563,9.370222316712033,9.26694393157959,9.26694393157959,180137,0.0,0.0
2016-11-03 00:00:00+08:00,9.25755460338978,9.323277126442413,9.126108625076592,9.238776206970215,240833,0.0,0.0
2016-11-04 00:00:00+08:00,9.154275127351251,9.295110301410421,9.107330069331526,9.116720199584961,174905,0.0,0.0
2016-11-07 00:00:00+08:00,9.332666943141449,9.332666943141449,9.154275894165039,9.154275894165039,146275,0.0,0.0
2016-11-08 00:00:00+08:00,9.201220888867516,9.201220888867516,9.050996505277132,9.060385704040527,201981,0.0,0.0
2016-11-09 00:00:00+08:00,9.060385509834752,9.079163906959034,8.60971330093156,8.61910343170166,789761,0.0,0.0
2016-11-10 00:00:00+08:00,8.637881179822521,8.966495682607864,8.637881179822521,8.928939819335938,341028,0.0,0.0
2016-11-11 00:00:00+08:00,8.863217913096436,8.863217913096436,8.684826850891113,8.684826850891113,555068,0.0,0.0
2016-11-14 00:00:00+08:00,8.96649515479874,8.96649515479874,8.609713076405296,8.722381591796875,186865,0.0,0.0
2016-11-15 00:00:00+08:00,8.637881213517243,8.712993872562084,8.525213623261973,8.543991088867188,404941,0.0,0.0
2016-11-16 00:00:00+08:00,8.666048010674531,8.71299306866823,8.506434440612793,8.506434440612793,221444,0.0,0.0
2016-11-17 00:00:00+08:00,8.497044923638743,8.543989979870375,8.309264698712216,8.356209754943848,476536,0.0,0.0
2016-11-18 00:00:00+08:00,8.356210396391432,8.497045575897255,8.318654534964802,8.431323051452637,229601,0.0,0.0
2016-11-21 00:00:00+08:00,8.450099867407111,8.450099867407111,8.318653896400116,8.356209754943848,331073,0.0,0.0
2016-11-22 00:00:00+08:00,8.356210774820115,8.572158619166798,8.356210774820115,8.450100898742676,357133,0.0,0.0
2016-11-23 00:00:00+08:00,8.637881342387331,8.68482640541274,8.534602017289828,8.572158813476562,209857,0.0,0.0
2016-11-24 00:00:00+08:00,8.684825028020422,8.684825028020422,8.515822268607574,8.55337905883789,139022,0.0,0.0
2016-11-25 00:00:00+08:00,8.543991473838348,8.543991473838348,8.403156280517578,8.403156280517578,533921,0.0,0.0
2016-11-28 00:00:00+08:00,8.450101279726388,8.53460220862493,8.450101279726388,8.468878746032715,145192,0.0,0.0
2016-11-29 00:00:00+08:00,8.450100623859274,8.543990744727573,8.450100623859274,8.459489822387695,160931,0.0,0.0
2016-11-30 00:00:00+08:00,8.57215823095846,8.57215823095846,8.431323051452637,8.431323051452637,131788,0.0,0.0
2016-12-01 00:00:00+08:00,8.534601856668734,9.201220993317385,8.440712664592915,8.928939819335938,2416069,0.0,0.0
2016-12-02 00:00:00+08:00,8.835048971459495,9.013440006546864,8.788103913162402,8.825660705566406,480436,0.0,0.0
2016-12-05 00:00:00+08:00,8.835048821042031,8.844438951191078,8.628491127376234,8.637880325317383,426129,0.0,0.0
2016-12-06 00:00:00+08:00,8.750549414947761,8.759937681301944,8.60971330093156,8.61910343170166,189537,0.0,0.0
2016-12-07 00:00:00+08:00,8.684825957220731,8.684825957220731,8.562768240328813,8.61910343170166,243617,0.0,0.0
2016-12-08 00:00:00+08:00,8.637880626635699,9.370222244057627,8.637880626635699,9.173053741455078,2791208,0.0,0.0
2016-12-09 00:00:00+08:00,9.219999391057343,9.229388589927321,8.872605558324054,8.928939819335938,916926,0.0,0.0
2016-12-12 00:00:00+08:00,8.994662542552774,8.994662542552774,8.806882309364404,8.825660705566406,276444,0.0,0.0
2016-12-13 00:00:00+08:00,8.835049444225616,9.004052222463287,8.835049444225616,8.938329696655273,230604,0.0,0.0
2016-12-14 00:00:00+08:00,8.938329909976352,8.99466323852539,8.835049655081821,8.99466323852539,200468,0.0,0.0
2016-12-15 00:00:00+08:00,8.919550238305645,9.004052092306962,8.88199437664281,8.910161972045898,310881,0.0,0.0
2016-12-16 00:00:00+08:00,8.92893974080252,9.764561653137207,8.919550542015122,9.764561653137207,6591009,0.0,0.0
2016-12-19 00:00:00+08:00,10.32790037199293,10.32790037199293,9.670670509338379,9.670670509338379,4147766,0.0,0.0
2016-12-20 00:00:00+08:00,9.71761626911284,10.046230758109033,9.435945908080717,9.999285697937012,2011553,0.0,0.0
2016-12-21 00:00:00+08:00,9.952341079711914,10.234011453251984,9.811506825149872,9.952341079711914,815217,0.0,0.0
2016-12-22 00:00:00+08:00,9.905395947092556,9.999285129894965,9.623725602061636,9.858450889587402,615655,0.0,0.0
2016-12-23 00:00:00+08:00,9.858450736441931,9.905395793217819,9.529835339010713,9.670670509338379,627356,0.0,0.0
2016-12-26 00:00:00+08:00,9.717615566114267,9.858450736441931,9.623725452562491,9.670670509338379,541380,0.0,0.0
2016-12-27 00:00:00+08:00,9.905396629413834,9.905396629413834,9.482891082763672,9.482891082763672,449611,0.0,0.0
2016-12-28 00:00:00+08:00,9.482890569060075,9.670670801843343,9.435945510864258,9.435945510864258,634594,0.0,0.0
2016-12-29 00:00:00+08:00,9.435945953034834,9.435945953034834,9.313889168889265,9.38900089263916,505316,0.0,0.0
2016-12-30 00:00:00+08:00,9.482891082763672,9.717616386458207,9.435946022024766,9.482891082763672,517016,0.0,0.0
2017-01-03 00:00:00+08:00,9.482891082763672,9.623726264980393,9.435946022024766,9.482891082763672,355274,0.0,0.0
2017-01-04 00:00:00+08:00,9.529836028424757,10.421791239485197,9.529836028424757,9.999285697937012,4501831,0.0,0.0
2017-01-05 00:00:00+08:00,10.140121328738628,10.32790157776534,9.952341079711914,9.952341079711914,2695991,0.0,0.0
2017-01-06 00:00:00+08:00,9.905396390576254,9.952340517975287,9.76456121175533,9.811506271362305,1078424,0.0,0.0
2017-01-09 00:00:00+08:00,9.811505679666043,9.858450736441931,9.670670509338379,9.670670509338379,532593,0.0,0.0
2017-01-10 00:00:00+08:00,9.670670950028445,9.76456106785877,9.623725891113281,9.623725891113281,329325,0.0,0.0
2017-01-11 00:00:00+08:00,9.623726907169033,10.093176613676391,9.623726907169033,9.71761703491211,1460877,0.0,0.0
2017-01-12 00:00:00+08:00,9.76456106785877,9.952340371311497,9.623725891113281,9.623725891113281,516653,0.0,0.0
2017-01-13 00:00:00+08:00,9.71761703491211,9.811507162655186,9.623726907169033,9.71761703491211,288774,0.0,0.0
2017-01-16 00:00:00+08:00,9.717616008943606,9.811506126773933,9.576780832198118,9.623725891113281,695199,0.0,0.0
2017-01-17 00:00:00+08:00,9.623726333963594,9.670671395039006,9.576781272888184,9.576781272888184,291094,0.0,0.0
2017-01-18 00:00:00+08:00,9.576781272888184,9.670671395039006,9.529836211812773,9.576781272888184,553875,0.0,0.0
2017-01-19 00:00:00+08:00,9.670671971040571,9.858452226526724,9.623726907169033,9.71761703491211,1014895,0.0,0.0
2017-01-20 00:00:00+08:00,9.764561375804545,9.764561375804545,9.379611694118434,9.38900089263916,1085513,0.0,0.0
2017-01-23 00:00:00+08:00,9.389001443492301,9.482891569792185,9.370223045349121,9.370223045349121,987589,0.0,0.0
2017-01-24 00:00:00+08:00,9.360833919281545,9.389000581702968,9.229387940968357,9.238776206970215,954354,0.0,0.0
2017-02-02 00:00:00+08:00,9.257554476161737,9.529835627255892,9.257554476161737,9.435945510864258,551264,0.0,0.0
2017-02-03 00:00:00+08:00,9.482890569060075,9.576780685451709,9.435945510864258,9.435945510864258,658550,0.0,0.0
2017-02-06 00:00:00+08:00,9.435945583870703,9.576780759547804,9.435945583870703,9.52983570098877,411233,0.0,0.0
2017-02-07 00:00:00+08:00,9.52983540881325,10.421790561880485,9.52983540881325,10.374845504760742,4847554,0.0,0.0
2017-02-08 00:00:00+08:00,10.468735367449266,10.468735367449266,9.952340637764992,9.999285697937012,2612750,0.0,0.0
2017-02-09 00:00:00+08:00,9.95234154741593,10.140121805267258,9.8584523506983,9.905397415161133,1184249,0.0,0.0
2017-02-10 00:00:00+08:00,9.905397290398263,9.952341422061776,9.71761703491211,9.71761703491211,760017,0.0,0.0
2017-02-13 00:00:00+08:00,9.999285258055265,10.280955606696336,9.858451015942638,10.04623031616211,1696674,0.0,0.0
2017-02-14 00:00:00+08:00,9.952340517975287,10.046230637189236,9.811506271362305,9.811506271362305,654680,0.0,0.0
2017-02-15 00:00:00+08:00,9.905397415161133,9.99928661187876,9.764562221772637,9.905397415161133,628207,0.0,0.0
2017-02-16 00:00:00+08:00,10.093175590962037,10.79735054547493,10.046230531847316,10.327900886535645,6805255,0.0,0.0
2017-02-17 00:00:00+08:00,10.421791451694302,10.46873558061425,10.280956268310547,10.280956268310547,1993894,0.0,0.0
2017-02-20 00:00:00+08:00,10.515680190786602,10.562625249901323,10.327900886535645,10.327900886535645,1239954,0.0,0.0
2017-02-21 00:00:00+08:00,10.468734983221884,10.468734983221884,10.093175447837595,10.140120506286621,1232190,0.0,0.0
2017-02-22 00:00:00+08:00,10.187066078186035,10.327901260631513,10.140121017370875,10.187066078186035,763397,0.0,0.0
2017-02-23 00:00:00+08:00,10.234010696411133,10.327900813980987,10.140120578841278,10.234010696411133,965327,0.0,0.0
2017-02-24 00:00:00+08:00,10.280956268310547,10.421791451694302,10.234011207182627,10.280956268310547,1139008,0.0,0.0
2017-03-01 00:00:00+08:00,10.46873468679234,10.7504050295108,10.327900447641,10.374845504760742,1292151,0.0,0.0
2017-03-02 00:00:00+08:00,10.468735058127846,10.468735058127846,10.234010696411133,10.234010696411133,886662,0.0,0.0
2017-03-03 00:00:00+08:00,10.280956268310547,10.327901329438465,10.140121084926792,10.280956268310547,350735,0.0,0.0
2017-03-06 00:00:00+08:00,10.327901260631513,10.327901260631513,10.093175956555717,10.187066078186035,430580,0.0,0.0
2017-03-07 00:00:00+08:00,10.187066078186035,10.280956199816353,10.140121017370875,10.187066078186035,426653,0.0,0.0
2017-03-08 00:00:00+08:00,10.187065564735647,10.280955681633698,10.140120506286621,10.140120506286621,404763,0.0,0.0
2017-03-09 00:00:00+08:00,10.093175818281054,10.187065938625095,9.999285697937012,9.999285697937012,448833,0.0,0.0
2017-03-10 00:00:00+08:00,10.093175374268956,10.1401204323758,9.670670783515256,10.04623031616211,924512,0.0,0.0
2017-03-13 00:00:00+08:00,10.280955898344436,10.609570382206513,10.234010838905862,10.421791076660156,2374132,0.0,0.0
2017-03-14 00:00:00+08:00,10.562624375977581,11.36069031489797,10.421790142493599,11.032074928283691,7777260,0.0,0.0
2017-03-15 00:00:00+08:00,11.125965503094704,11.125965503094704,10.891240217145228,10.98513126373291,2019242,0.0,0.0
2017-03-16 00:00:00+08:00,11.125965853725086,11.172910912394435,10.797350443039635,10.844295501708984,1638452,0.0,0.0
2017-03-17 00:00:00+08:00,10.985132205361888,11.924031565225048,10.891241150726007,11.689306259155273,13302088,0.0,0.0
2017-03-20 00:00:00+08:00,11.92403118695428,12.205700613094528,11.736250948055487,11.830141067504883,7885521,0.0,0.0
2017-03-21 00:00:00+08:00,11.783196581487262,12.346536393403916,11.642361395456101,11.970976829528809,6055793,0.0,0.0
2017-03-22 00:00:00+08:00,11.830141919371876,13.144601821899414,11.783196856266748,13.144601821899414,12976703,0.0,0.0
2017-03-23 00:00:00+08:00,13.707940684223152,14.459061641152802,13.33238113796627,13.848775863647461,30603703,0.0,0.0
2017-03-24 00:00:00+08:00,14.130447345214046,14.365171715211227,13.426271438598633,13.426271438598633,12474705,0.0,0.0
2017-03-27 00:00:00+08:00,13.42627162103237,14.69378733795493,13.42627162103237,13.707941055297852,17732739,0.0,0.0
2017-03-28 00:00:00+08:00,13.75488581358995,14.177392286207446,12.815986477095743,13.942666053771973,10580475,0.0,0.0
2017-03-29 00:00:00+08:00,14.130447272869137,14.928511431864774,13.848775979457113,14.646842002868652,22111755,0.0,0.0
2017-03-30 00:00:00+08:00,14.41211642503308,15.867411398884485,14.271281247136248,15.58574104309082,31654603,0.0,0.0
2017-03-31 00:00:00+08:00,15.679631918920464,16.14908253458154,15.25712729703347,15.304071426391602,21395362,0.0,0.0
2017-04-05 00:00:00+08:00,15.397961503435813,15.679631871989386,14.740731575685452,15.210182189941406,8793201,0.0,0.0
2017-04-06 00:00:00+08:00,15.351015603978992,16.14908160464669,15.210181359598499,15.397960662841797,18499768,0.0,0.0
2017-04-07 00:00:00+08:00,15.444905750646887,15.491850809597663,14.787675857543945,14.787675857543945,11918617,0.0,0.0
2017-04-10 00:00:00+08:00,14.834620475769043,15.116290821105483,14.318225774860137,14.834620475769043,8182882,0.0,0.0
2017-04-11 00:00:00+08:00,15.210182436652117,15.914358369457855,14.881567001342773,14.881567001342773,13092968,0.0,0.0
2017-04-12 00:00:00+08:00,14.88156655877693,15.491851416851198,14.834621497985989,14.928511619567871,8872419,0.0,0.0
2017-04-13 00:00:00+08:00,14.975457125716872,15.351016691005274,14.787676876968675,14.881567001342773,7098055,0.0,0.0
2017-04-14 00:00:00+08:00,14.834622139902745,14.881567202725071,13.754886627197266,13.754886627197266,6226674,0.0,0.0
2017-04-17 00:00:00+08:00,13.895721396249096,14.506007194519043,12.956822032557435,14.506007194519043,7030893,0.0,0.0
2017-04-18 00:00:00+08:00,14.834621168395131,14.928511287890991,14.459061622619629,14.459061622619629,5705850,0.0,0.0
2017-04-19 00:00:00+08:00,14.083502999161546,14.271282318242845,13.707941564374941,13.754886627197266,4230647,0.0,0.0
2017-04-20 00:00:00+08:00,13.614051339144206,14.130446991052722,12.90987638238598,12.95682144165039,8899519,0.0,0.0
2017-04-21 00:00:00+08:00,13.191546440124512,13.332381624690278,13.050712187766724,13.191546440124512,2763277,0.0,0.0
2017-04-24 00:00:00+08:00,13.097656706892609,13.097656706892609,12.34653575364704,12.440425872802734,4212358,0.0,0.0
2017-04-25 00:00:00+08:00,12.72209684179621,12.769041903630617,12.487372464832166,12.581262588500977,2349618,0.0,0.0
2017-04-26 00:00:00+08:00,12.675151271158207,13.426271298149393,12.628206211208262,13.23849105834961,4365415,0.0,0.0
2017-04-27 00:00:00+08:00,13.191546067882474,13.754885858041112,13.097656879695993,13.332381248474121,4902720,0.0,0.0
2017-04-28 00:00:00+08:00,13.52016117827679,14.365171310182086,13.473216119159389,14.17739200592041,10942471,0.0,0.0
2017-05-02 00:00:00+08:00,14.365171875233997,14.365171875233997,13.895721265594213,14.31822681427002,4263318,0.0,0.0
2017-05-03 00:00:00+08:00,14.412117112466454,14.552952297080884,13.895721435546875,13.895721435546875,5240350,0.0,0.0
2017-05-04 00:00:00+08:00,13.895721435546875,14.177392736983714,13.660996127856158,13.895721435546875,4704629,0.0,0.0
2017-05-05 00:00:00+08:00,13.989611558623162,14.36517205092831,13.895721435546875,13.895721435546875,5141539,0.0,0.0
2017-05-08 00:00:00+08:00,14.08350235690058,14.224336606736978,13.520161628723145,13.520161628723145,2268128,0.0,0.0
2017-05-09 00:00:00+08:00,13.426271489122733,13.520161610358103,12.769041572683095,12.815986633300781,4066617,0.0,0.0
2017-05-10 00:00:00+08:00,12.815985817670791,13.61405086517334,12.346535241370528,13.61405086517334,4341984,0.0,0.0
2017-05-11 00:00:00+08:00,13.520160749913288,13.942665336375624,13.23849040413313,13.61405086517334,7434657,0.0,0.0
2017-05-12 00:00:00+08:00,13.520161628723145,13.801831060603902,13.47321656804169,13.520161628723145,1266345,0.0,0.0
2017-05-15 00:00:00+08:00,13.520161145361522,13.567106204364634,12.815986192522768,12.862931251525879,3660487,0.0,0.0
2017-05-16 00:00:00+08:00,13.097656472567165,13.097656472567165,12.722096002663397,12.769041061401367,1523559,0.0,0.0
2017-05-17 00:00:00+08:00,12.769041744574764,12.909876928323687,12.393481254577637,12.393481254577637,2164884,0.0,0.0
2017-05-18 00:00:00+08:00,12.017920624616332,12.534316252292431,11.924030510493404,12.205699920654297,3022847,0.0,0.0
2017-05-19 00:00:00+08:00,12.39348140895537,12.6282067181274,12.346536347120965,12.581262588500977,1696840,0.0,0.0
2017-05-22 00:00:00+08:00,12.675151015513432,13.144600673336624,12.62820595651032,12.862931251525879,3816891,0.0,0.0
2017-05-23 00:00:00+08:00,12.862931178877309,13.050711413829195,12.675150943925425,12.769041061401367,1896917,0.0,0.0
2017-05-24 00:00:00+08:00,12.862932072955305,13.003767258958403,12.675151824951172,12.675151824951172,2096027,0.0,0.0
2017-05-25 00:00:00+08:00,12.769041835675917,12.862931958845062,12.487372398376465,12.487372398376465,1341517,0.0,0.0
2017-05-26 00:00:00+08:00,12.581262588500977,12.769041903630617,12.440426470789777,12.581262588500977,2464704,0.0,0.0
2017-05-31 00:00:00+08:00,12.62820603852625,12.675151097834252,12.346535682678223,12.346535682678223,953665,0.0,0.0
2017-06-01 00:00:00+08:00,12.393481342999342,12.534317459961036,12.346536281414771,12.487372398376465,927188,0.0,0.0
2017-06-02 00:00:00+08:00,12.581262633157092,13.003767258958403,12.534317571156059,12.675151824951172,2899630,0.0,0.0
2017-06-05 00:00:00+08:00,13.238491501646434,13.332381624690278,13.050712187766724,13.191546440124512,3539527,0.0,0.0
2017-06-06 00:00:00+08:00,13.379327137425049,13.379327137425049,12.909877438581788,13.144601821899414,1636451,0.0,0.0
2017-06-07 00:00:00+08:00,13.144601195558288,13.332381439031053,12.909876823425293,12.909876823425293,1660650,0.0,0.0
2017-06-08 00:00:00+08:00,13.05071193638921,13.05071193638921,12.722096512065411,12.815986633300781,1032153,0.0,0.0
2017-06-09 00:00:00+08:00,12.909876754536153,13.05071193638921,12.769041572683095,12.815986633300781,1476273,0.0,0.0
2017-06-12 00:00:00+08:00,12.769041903630617,12.769041903630617,12.487372464832166,12.581262588500977,795922,0.0,0.0
2017-06-13 00:00:00+08:00,12.67515222855546,12.862932482538922,12.534317970275879,12.534317970275879,1029204,0.0,0.0
2017-06-14 00:00:00+08:00,12.675151409763702,12.675151409763702,11.736251132705657,12.111810684204102,2072755,0.0,0.0
2017-06-15 00:00:00+08:00,12.111811083351983,12.252646269383142,11.83014164349765,11.970976829528809,2338627,0.0,0.0
2017-06-16 00:00:00+08:00,11.970976829528809,12.158756145362368,11.970976829528809,11.970976829528809,1167594,0.0,0.0
2017-06-19 00:00:00+08:00,12.017921495485458,12.111810684204102,11.924031374558858,12.111810684204102,754637,0.0,0.0
2017-06-20 00:00:00+08:00,12.158755696376499,12.44042605803759,12.017921447753906,12.017921447753906,1918430,0.0,0.0
2017-06-21 00:00:00+08:00,12.064865954192742,12.064865954192742,11.830141577655189,11.877086639404297,1324496,0.0,0.0
2017-06-22 00:00:00+08:00,12.017921696788482,12.487372309284892,11.87708651303956,12.393481254577637,3945977,0.0,0.0
2017-06-23 00:00:00+08:00,12.252645816930196,12.299590877207043,12.017921447753906,12.017921447753906,2922463,0.0,0.0
2017-06-26 00:00:00+08:00,12.111811534125989,12.158756597883565,11.830142083788562,11.924032211303711,2089172,0.0,0.0
2017-06-27 00:00:00+08:00,11.877086705508034,12.064866021341595,11.877086705508034,11.970976829528809,936138,0.0,0.0
2017-06-28 00:00:00+08:00,11.92403132720021,12.017921447753906,11.830141206646513,12.017921447753906,1326310,0.0,0.0
2017-06-29 00:00:00+08:00,12.06486575949548,12.487372240627208,11.87708644773733,12.299591064453125,5296393,0.0,0.0
2017-06-30 00:00:00+08:00,12.205700574913495,12.581261983744218,12.111810455757798,12.440425872802734,4249536,0.0,0.0
2017-07-03 00:00:00+08:00,12.487371719931764,12.581261837999815,12.252645492553711,12.252645492553711,1058584,0.0,0.0
2017-07-04 00:00:00+08:00,12.252645419940828,12.346535537452457,12.1587553024292,12.1587553024292,924812,0.0,0.0
2017-07-05 00:00:00+08:00,12.205700805130702,12.205700805130702,12.017921495485458,12.111810684204102,568227,0.0,0.0
2017-07-06 00:00:00+08:00,12.11181063609965,12.158755696376499,11.970976387477057,12.017921447753906,576541,0.0,0.0
2017-07-07 00:00:00+08:00,12.017921447753906,12.205700756653346,11.970976387477057,12.017921447753906,721632,0.0,0.0
2017-07-10 00:00:00+08:00,12.017921824651618,12.205701139440063,11.877086639404297,11.877086639404297,1081185,0.0,0.0
2017-07-11 00:00:00+08:00,12.064866021341595,12.205701207372755,11.970976829528809,11.970976829528809,1161454,0.0,0.0
2017-07-12 00:00:00+08:00,12.017921058369677,12.1587553024292,12.017921058369677,12.1587553024292,764630,0.0,0.0
2017-07-13 00:00:00+08:00,12.299590856343324,13.332381248474121,12.299590856343324,13.332381248474121,10188912,0.0,0.0
2017-07-14 00:00:00+08:00,13.520161809769808,13.848776306732452,12.956822006256726,13.801831245422363,26637611,0.0,0.0
2017-07-17 00:00:00+08:00,13.98961069689495,13.98961069689495,13.332380808052784,13.379325866699219,5157963,0.0,0.0
2017-07-18 00:00:00+08:00,13.332381823828703,13.567107134944276,13.285436761605588,13.473217010498047,2698672,0.0,0.0
2017-07-19 00:00:00+08:00,13.567107000802764,13.70794125387165,13.285436630249023,13.285436630249023,2294380,0.0,0.0
2017-07-20 00:00:00+08:00,13.332381248474121,13.567106549460199,13.238491128079689,13.332381248474121,1868166,0.0,0.0
2017-07-21 00:00:00+08:00,13.42627162103237,13.707941055297852,13.332381498874552,13.707941055297852,4336911,0.0,0.0
2017-07-24 00:00:00+08:00,13.857208170828585,14.003074471828546,13.614099533577813,13.662721633911133,2098194,0.0,0.0
2017-07-25 00:00:00+08:00,13.66272249728454,13.759965771888254,13.370991741265426,13.46823501586914,1438450,0.0,0.0
2017-07-26 00:00:00+08:00,13.614099573710094,14.197561050598235,13.56547840544136,13.759964942932129,4353732,0.0,0.0
2017-07-27 00:00:00+08:00,13.905830616954283,14.392048835754395,13.614099872115803,14.392048835754395,4397179,0.0,0.0
2017-07-28 00:00:00+08:00,14.586536510222494,15.461727824560372,14.392049033587439,14.829645156860352,16047196,0.0,0.0
2017-07-31 00:00:00+08:00,15.31586286930271,16.142433968467447,15.169998423094317,15.802081108093262,16450345,0.0,0.0
2017-08-01 00:00:00+08:00,15.85070299051039,15.996567434683909,15.16999821146613,15.315862655639648,9289732,0.0,0.0
2017-08-02 00:00:00+08:00,15.558973202492561,15.753459761588505,15.169999152092652,15.267242431640625,4920648,0.0,0.0
2017-08-03 00:00:00+08:00,15.169997909363724,15.41310655442216,14.586536415457122,14.635157585144043,8038231,0.0,0.0
2017-08-04 00:00:00+08:00,14.683780639031372,15.024132577737607,14.294805663069956,14.58653736114502,5953578,0.0,0.0
2017-08-07 00:00:00+08:00,14.781023916917725,14.878267194804076,14.440671046003486,14.58653736114502,4095470,0.0,0.0
2017-08-08 00:00:00+08:00,14.683779510556278,14.732401611866758,14.148940124972711,14.246183395385742,5648196,0.0,0.0
2017-08-09 00:00:00+08:00,14.294804624358994,14.683779572056118,14.294804624358994,14.343427658081055,2619182,0.0,0.0
2017-08-10 00:00:00+08:00,14.294804134886057,14.392048334584537,13.419611930847168,13.419611930847168,4977839,0.0,0.0
2017-08-11 00:00:00+08:00,13.419612871272063,13.662722455347087,13.225126322661607,13.322370529174805,2073319,0.0,0.0
2017-08-14 00:00:00+08:00,13.468234615711545,13.468234615711545,12.593042373657227,12.593042373657227,2723115,0.0,0.0
2017-08-15 00:00:00+08:00,12.933395312475131,13.176503959547777,12.738908767700195,12.738908767700195,2513860,0.0,0.0
2017-08-16 00:00:00+08:00,12.69028490096891,13.079259829425807,12.69028490096891,12.982016563415527,2123783,0.0,0.0
2017-08-17 00:00:00+08:00,13.079260945099781,13.51685707778526,12.982017670794555,13.322370529174805,4364401,0.0,0.0
2017-08-18 00:00:00+08:00,13.079260854538559,13.322370436930283,12.982017580906646,13.127882957458496,5049022,0.0,0.0
2017-08-21 00:00:00+08:00,13.07926113544787,13.954453413555875,12.933395755763202,13.857209205627441,5843259,0.0,0.0
2017-08-22 00:00:00+08:00,13.80858700270318,14.10031680807936,13.614099533577813,13.662721633911133,2829092,0.0,0.0
2017-08-23 00:00:00+08:00,13.80858700270318,13.954452371495226,13.614099533577813,13.662721633911133,2281284,0.0,0.0
2017-08-24 00:00:00+08:00,13.808587354051319,14.635157487501674,13.662721981547849,14.440670013427734,8212355,0.0,0.0
2017-08-25 00:00:00+08:00,14.68377947949043,14.926888121112638,14.197561264038086,14.197561264038086,5707478,0.0,0.0
2017-08-28 00:00:00+08:00,14.343427666419938,14.683779580592873,14.197561361792761,14.392048835754395,3518369,0.0,0.0
2017-08-29 00:00:00+08:00,14.343428525651307,14.343428525651307,13.954453554426816,14.148941040039062,2236288,0.0,0.0
2017-08-30 00:00:00+08:00,14.343427658081055,14.635157470541992,14.246183455052805,14.343427658081055,2398402,0.0,0.0
2017-08-31 00:00:00+08:00,14.440669825607046,14.440669825607046,13.857208343181878,14.003074645996094,2354976,0.0,0.0
2017-09-01 00:00:00+08:00,14.148941040039062,14.294805488988256,13.954453554426816,14.148941040039062,1677978,0.0,0.0
2017-09-04 00:00:00+08:00,14.294804624358994,14.440669996693432,14.003074811898054,14.343427658081055,2837738,0.0,0.0
2017-09-05 00:00:00+08:00,14.392049253377264,15.364484786987305,14.392049253377264,15.364484786987305,18296101,0.0,0.0
2017-09-06 00:00:00+08:00,15.267241384210887,15.704836578258961,14.781023155412646,15.07275390625,9967817,0.0,0.0
2017-09-07 00:00:00+08:00,15.12137490559144,15.315862381353059,14.586536444714863,14.6837797164917,3835575,0.0,0.0
2017-09-08 00:00:00+08:00,14.781023091097362,14.926888465881348,14.58653654619068,14.926888465881348,3072485,0.0,0.0
2017-09-11 00:00:00+08:00,15.072754216011422,16.093811864926,15.024132112469974,15.802081108093262,21311511,0.0,0.0
2017-09-12 00:00:00+08:00,16.14243287932829,16.14243287932829,15.315861835932775,15.558971405029297,10310150,0.0,0.0
2017-09-13 00:00:00+08:00,15.558972266592498,15.850703019896308,15.121375204428823,15.364484786987305,6782510,0.0,0.0
2017-09-14 00:00:00+08:00,15.461728180065176,15.899325245607518,15.267241631166325,15.60759449005127,8398791,0.0,0.0
2017-09-15 00:00:00+08:00,15.607594340610573,15.947947196236685,15.315862655639648,15.315862655639648,5411305,0.0,0.0
2017-09-18 00:00:00+08:00,15.413106889940595,15.558972266592498,15.072754033683497,15.364484786987305,3410153,0.0,0.0
2017-09-19 00:00:00+08:00,15.364484722659853,15.753458748033735,15.169998176076893,15.218619346618652,3704376,0.0,0.0
2017-09-20 00:00:00+08:00,15.315862411870906,15.413106616049452,14.683779745750082,14.732401847839355,3659776,0.0,0.0
2017-09-21 00:00:00+08:00,14.829645222162384,15.072753869870766,14.489292369604287,14.975510597229004,3236577,0.0,0.0
2017-09-22 00:00:00+08:00,14.975510697285973,15.364484722659853,14.926888594536251,15.218619346618652,6788335,0.0,0.0
2017-09-25 00:00:00+08:00,15.218620065718316,15.218620065718316,14.489293151050664,14.58653736114502,3961546,0.0,0.0
2017-09-26 00:00:00+08:00,14.489292114998204,14.878266130938147,14.246183471561732,14.440670013427734,9007574,0.0,0.0
2017-09-27 00:00:00+08:00,14.537914408011742,14.975510531284657,14.44067020359024,14.829645156860352,3200581,0.0,0.0
2017-09-28 00:00:00+08:00,15.07275390625,15.364484657087353,14.975510633373533,15.07275390625,4763680,0.0,0.0
2017-09-29 00:00:00+08:00,15.169999461889962,16.385543743791175,15.169999461889962,16.14243507385254,20481080,0.0,0.0
2017-10-02 00:00:00+08:00,16.871761657803,17.746952056884766,16.774517451497942,17.746952056884766,15245768,0.0,0.0
2017-10-03 00:00:00+08:00,17.990058997383002,19.20560400293455,17.40659754387152,18.13592529296875,23831507,0.0,0.0
2017-10-05 00:00:00+08:00,18.087303933584703,19.886310466164815,18.087303933584703,19.64320182800293,25855708,0.0,0.0
2017-10-06 00:00:00+08:00,19.83768995969689,19.886312064119434,18.67076691121966,18.816633224487305,15562905,0.0,0.0
2017-10-11 00:00:00+08:00,19.156984103947856,19.74044748886644,18.52490234375,18.52490234375,13299273,0.0,0.0
2017-10-12 00:00:00+08:00,18.573521121794755,19.643201734814596,18.573521121794755,19.49733543395996,12164527,0.0,0.0
2017-10-13 00:00:00+08:00,19.49733727838852,19.59458148815748,18.96249785349124,19.3028507232666,6377883,0.0,0.0
2017-10-16 00:00:00+08:00,19.545960057762116,21.199100494384766,19.497337951199793,21.199100494384766,25609556,0.0,0.0
2017-10-17 00:00:00+08:00,21.393586610474788,21.490828948682783,20.032175231404235,20.372528076171875,14017662,0.0,0.0
2017-10-18 00:00:00+08:00,20.421149843004127,20.95598921984344,19.108362451163618,19.64320182800293,13650129,0.0,0.0
2017-10-19 00:00:00+08:00,19.69182406293733,20.32390956938392,19.594581716451412,19.88631248474121,6662409,0.0,0.0
2017-10-20 00:00:00+08:00,19.7890666018181,20.810125136768953,19.400093519907564,20.32390785217285,12824431,0.0,0.0
2017-10-23 00:00:00+08:00,20.42115100183651,22.317399978637695,20.42115100183651,22.317399978637695,27883578,0.0,0.0
2017-10-24 00:00:00+08:00,22.657751570402016,24.408136003935134,22.36602083147983,23.63018798828125,37410623,0.0,0.0
2017-10-25 00:00:00+08:00,23.727430404883087,24.165027446947942,23.046726588049523,23.824674606323242,19532221,0.0,0.0
2017-10-26 00:00:00+08:00,23.92191941840214,25.283328951236896,23.046727176347822,25.186084747314453,23298015,0.0,0.0
2017-10-27 00:00:00+08:00,25.96403435042823,27.47131017176377,23.48432209433069,24.505380630493164,44761112,0.0,0.0
2017-10-30 00:00:00+08:00,24.79711117228507,25.964034138718056,23.824674745452302,24.116405487060547,18297201,0.0,0.0
2017-10-31 00:00:00+08:00,24.165028119965662,25.672303962187847,23.873297371936072,25.283329010009766,18365329,0.0,0.0
2017-11-01 00:00:00+08:00,25.477817636750316,26.207143580869488,25.380573431768063,25.72092628479004,15155196,0.0,0.0
2017-11-02 00:00:00+08:00,25.575059309315613,25.915412153447832,24.213649797202592,24.359514236450195,13240097,0.0,0.0
2017-11-03 00:00:00+08:00,24.067784731854253,24.310893386052385,22.60913280666547,22.75499725341797,18135787,0.0,0.0
2017-11-06 00:00:00+08:00,23.532944003844054,24.31089202666076,23.046726722635597,24.116405487060547,9966212,0.0,0.0
2017-11-07 00:00:00+08:00,24.40813843972678,25.186086533015402,24.165029777100084,24.7971134185791,12293811,0.0,0.0
2017-11-08 00:00:00+08:00,24.79711117228507,25.137464014897336,24.116405487060547,24.116405487060547,8222439,0.0,0.0
2017-11-09 00:00:00+08:00,24.262273402101204,25.040221476606167,22.900861941197554,23.338459014892578,10412703,0.0,0.0
2017-11-10 00:00:00+08:00,23.338457568469398,24.40813633767135,22.85224028508957,24.359514236450195,10103731,0.0,0.0
2017-11-13 00:00:00+08:00,24.456758236795416,25.283328357477142,23.970539093017578,23.970539093017578,12785822,0.0,0.0
2017-11-14 00:00:00+08:00,23.776056088587602,24.310893641919783,22.900861941197554,23.338459014892578,8092850,0.0,0.0
2017-11-15 00:00:00+08:00,23.338457249359063,23.678810088837587,22.900860208767867,23.63018798828125,5522839,0.0,0.0
2017-11-16 00:00:00+08:00,23.58156621015931,24.55400264133481,23.38707966969055,24.359514236450195,9251581,0.0,0.0
2017-11-17 00:00:00+08:00,25.769546134571527,26.06127874512248,24.942975997924805,24.942975997924805,27542917,0.0,0.0
2017-11-20 00:00:00+08:00,24.942976996590495,27.22820281982422,24.942976996590495,27.22820281982422,30773690,0.0,0.0
2017-11-21 00:00:00+08:00,28.297879796346702,28.8327191733571,27.27682127844117,27.568552017211914,32679960,0.0,0.0
2017-11-22 00:00:00+08:00,27.568553371675673,27.568553371675673,25.866790955973418,26.255765914916992,17690967,0.0,0.0
2017-11-23 00:00:00+08:00,26.5474967809425,27.179578528342518,26.207143923471143,26.59611701965332,10885086,0.0,0.0
2017-11-24 00:00:00+08:00,26.741983244185153,26.985091894631648,26.061279395818154,26.30438804626465,4913225,0.0,0.0
2017-11-27 00:00:00+08:00,26.450252490766175,27.082336100576615,26.255765943292165,26.30438804626465,7076623,0.0,0.0
2017-11-28 00:00:00+08:00,26.64474275874964,26.64474275874964,25.91541489218868,26.158523559570312,7281948,0.0,0.0
2017-11-29 00:00:00+08:00,26.644741498590914,28.39512419383782,26.401630978291095,27.811662673950195,26045854,0.0,0.0
2017-11-30 00:00:00+08:00,27.22820031336832,27.81165991087351,26.061277389526367,26.061277389526367,15495352,0.0,0.0
2017-12-01 00:00:00+08:00,26.255767258755284,26.54749802679052,24.21365188250863,24.7971134185791,9607370,0.0,0.0
2017-12-04 00:00:00+08:00,24.894355292662635,25.186084168898425,23.921918869018555,23.921918869018555,9056994,0.0,0.0
2017-12-05 00:00:00+08:00,23.532945014618015,23.532945014618015,21.588073941833304,22.025671005249023,14594294,0.0,0.0
2017-12-06 00:00:00+08:00,22.171535791180013,22.998105963218432,21.83118292871338,22.85224151611328,9231544,0.0,0.0
2017-12-07 00:00:00+08:00,23.046725895520275,23.28983452739967,22.074289503586908,22.414642333984375,5597169,0.0,0.0
2017-12-08 00:00:00+08:00,22.852239722449905,23.095348358154297,21.92842541524057,23.095348358154297,5681476,0.0,0.0
2017-12-11 00:00:00+08:00,23.046728280619742,23.921920564608442,22.609133070833384,23.387081146240234,4955189,0.0,0.0
2017-12-12 00:00:00+08:00,23.532943497554584,24.116404968218443,22.949482026890728,23.04672622680664,5375408,0.0,0.0
2017-12-13 00:00:00+08:00,23.046728011338917,23.289836665537045,22.60913280666547,22.75499725341797,2591116,0.0,0.0
2017-12-14 00:00:00+08:00,23.143970382405744,23.43570300509606,22.803619384765625,22.803619384765625,2349600,0.0,0.0
2017-12-15 00:00:00+08:00,22.803619175590843,22.803619175590843,22.268779767729864,22.36602210998535,2914586,0.0,0.0
2017-12-18 00:00:00+08:00,22.949483735161664,23.09535004589326,22.51188853179878,22.560510635375977,4104829,0.0,0.0
2017-12-19 00:00:00+08:00,22.75499697235305,22.85224117859755,22.122913360595703,22.122913360595703,2102632,0.0,0.0
2017-12-20 00:00:00+08:00,22.171533733776865,22.754995196887197,21.685316469323517,22.46326446533203,3217385,0.0,0.0
2017-12-21 00:00:00+08:00,22.268779754638672,22.99810571099782,22.268779754638672,22.268779754638672,3237013,0.0,0.0
2017-12-22 00:00:00+08:00,22.41464408625265,22.511888292372806,21.977048887543823,22.074291229248047,1994024,0.0,0.0
2017-12-25 00:00:00+08:00,22.220157061756165,22.26877916377319,20.907367764960092,21.00461196899414,4050804,0.0,0.0
2017-12-26 00:00:00+08:00,21.19910051911338,21.831184176328794,21.19910051911338,21.247722625732422,4607204,0.0,0.0
2017-12-27 00:00:00+08:00,21.2477208197576,21.782560218275627,21.2477208197576,21.490829467773438,3404426,0.0,0.0
2017-12-28 00:00:00+08:00,21.588073787673668,22.0742910862938,21.53945168492847,21.685317993164062,2240723,0.0,0.0
2017-12-29 00:00:00+08:00,21.97704878838046,22.1229132324866,21.588073830070886,21.8311824798584,2025366,0.0,0.0
2018-01-02 00:00:00+08:00,21.636696325456995,22.852241460863603,21.58807422173418,22.75499725341797,3182501,0.0,0.0
2018-01-03 00:00:00+08:00,23.33845904194931,23.921920564608442,23.143970624785613,23.387081146240234,7247575,0.0,0.0
2018-01-04 00:00:00+08:00,23.678810088837587,23.873296626647097,23.3870793499154,23.63018798828125,3694835,0.0,0.0
2018-01-05 00:00:00+08:00,23.970541355465915,24.991599975797254,23.970541355465915,24.7971134185791,9616764,0.0,0.0
2018-01-08 00:00:00+08:00,25.769545636839133,25.769545636839133,23.532943914474956,23.970539093017578,7263509,0.0,0.0
2018-01-09 00:00:00+08:00,24.019164894314365,24.456760106307435,23.53294571336919,23.67881202697754,3242437,0.0,0.0
2018-01-10 00:00:00+08:00,23.824674232886515,23.92191843280243,23.04672622680664,23.04672622680664,2472861,0.0,0.0
2018-01-11 00:00:00+08:00,23.1925943907898,23.1925943907898,22.852241528143985,22.94948387145996,1944076,0.0,0.0
2018-01-12 00:00:00+08:00,23.24121483336746,23.484323490406105,23.143970624785613,23.387081146240234,1620188,0.0,0.0
2018-01-15 00:00:00+08:00,23.532945567414824,24.019164745344405,23.338459014892578,23.338459014892578,2025957,0.0,0.0
2018-01-16 00:00:00+08:00,23.630187926444137,23.824674463744703,23.48432162515684,23.532943725585938,1656246,0.0,0.0
2018-01-17 00:00:00+08:00,23.581565681348525,23.678809881610157,23.192592609133637,23.241212844848633,1364005,0.0,0.0
2018-01-18 00:00:00+08:00,23.532945890852194,24.69986895085584,23.38708144055974,24.165029525756836,8173625,0.0,0.0
2018-01-19 00:00:00+08:00,24.699867248535156,24.94297589187814,24.213649961849182,24.699867248535156,7119100,0.0,0.0
2018-01-22 00:00:00+08:00,24.699867983179303,27.08233611475051,24.505381435603503,26.401630401611328,26772958,0.0,0.0
2018-01-23 00:00:00+08:00,26.93646952498866,27.033713729970913,24.748489828215234,25.72092628479004,15256784,0.0,0.0
2018-01-24 00:00:00+08:00,26.061279108518264,26.644740608924135,25.52643784613296,25.672304153442383,14192571,0.0,0.0
2018-01-25 00:00:00+08:00,25.331950761053722,25.526437302239774,24.505380630493164,24.505380630493164,9079590,0.0,0.0
2018-01-26 00:00:00+08:00,24.699867248535156,25.13746429808523,24.602624909847485,24.699867248535156,3764387,0.0,0.0
2018-01-29 00:00:00+08:00,24.99159971585675,25.08884392566239,24.165029525756836,24.165029525756836,2899107,0.0,0.0
2018-01-30 00:00:00+08:00,24.019163009203552,24.456758186852568,23.776054370019004,23.824674606323242,3136804,0.0,0.0
2018-01-31 00:00:00+08:00,23.727430324978087,23.921918727203437,23.338457249359063,23.63018798828125,3012979,0.0,0.0
2018-02-01 00:00:00+08:00,23.72743211993707,24.067784985162984,23.241214806423468,23.338459014892578,2539916,0.0,0.0
2018-02-02 00:00:00+08:00,23.43570116205448,23.581565597512544,23.04672622680664,23.04672622680664,2323062,0.0,0.0
2018-02-05 00:00:00+08:00,21.87980468142367,22.1715354353682,21.588073927479144,22.074291229248047,3739272,0.0,0.0
2018-02-06 00:00:00+08:00,19.93493459019218,20.810126895061575,19.88631248474121,19.88631248474121,6485595,0.0,0.0
2018-02-07 00:00:00+08:00,20.372527967630766,21.05323365353937,20.080797225729345,20.129419326782227,4958907,0.0,0.0
2018-02-08 00:00:00+08:00,20.178041076888967,20.275283412887585,19.156982565784805,19.448713302612305,3036565,0.0,0.0
2018-02-09 00:00:00+08:00,19.448713302612305,19.448713302612305,19.448713302612305,19.448713302612305,0,0.0,0.0
2018-02-12 00:00:00+08:00,20.712880516335883,20.712880516335883,19.545957565307617,19.545957565307617,2210312,0.0,0.0
2018-02-21 00:00:00+08:00,19.98355511124277,20.810125245126407,19.934933009646812,20.5670166015625,1807052,0.0,0.0
2018-02-22 00:00:00+08:00,20.56701845818615,20.712882911725607,20.275285822275155,20.46977424621582,1081697,0.0,0.0
2018-02-23 00:00:00+08:00,20.81012535095215,21.24772053870931,20.71288114726572,20.81012535095215,2190773,0.0,0.0
2018-02-26 00:00:00+08:00,21.296344732351464,21.344966838970507,20.712883181755092,21.247722625732422,1853279,0.0,0.0
2018-02-27 00:00:00+08:00,21.393586752601625,21.53945119309059,20.567016618055163,20.66425895690918,1431647,0.0,0.0
2018-03-01 00:00:00+08:00,20.51839265200434,20.76150316017907,20.372528211515377,20.66425895690918,799171,0.0,0.0
2018-03-02 00:00:00+08:00,20.37252818215305,20.71288102869126,20.323907945004056,20.615636825561523,676808,0.0,0.0
2018-03-05 00:00:00+08:00,20.76150296073942,20.810125061907293,20.275283813476562,20.275283813476562,1136527,0.0,0.0
2018-03-06 00:00:00+08:00,20.46977232585836,21.053233814111234,20.46977232585836,20.51839256286621,1854540,0.0,0.0
2018-03-07 00:00:00+08:00,20.615636855274232,21.053233905572874,20.469772414785268,20.66425895690918,1825018,0.0,0.0
2018-03-08 00:00:00+08:00,20.9073684730105,22.706375122070312,20.51839350811715,22.706375122070312,9600179,0.0,0.0
2018-03-09 00:00:00+08:00,23.338459143783886,23.824676459982722,22.99810627667831,23.727432250976562,14848892,0.0,0.0
2018-03-12 00:00:00+08:00,24.602626568180067,24.84573522790972,23.776056379332847,24.0191650390625,10136169,0.0,0.0
2018-03-13 00:00:00+08:00,23.824674881255564,24.45675846907902,23.581566239265587,24.40813636779785,4973061,0.0,0.0
2018-03-14 00:00:00+08:00,24.408136228668795,24.894355374293106,24.116405487060547,24.116405487060547,7965540,0.0,0.0
2018-03-15 00:00:00+08:00,24.116405487060547,24.45675832967281,24.019163149468366,24.116405487060547,2574432,0.0,0.0
2018-03-16 00:00:00+08:00,24.310894254290428,25.964036517826674,24.310894254290428,24.845735549926758,19241360,0.0,0.0
2018-03-19 00:00:00+08:00,25.672304168275836,25.964034918647332,24.89435612209048,25.769546508789062,14231899,0.0,0.0
2018-03-20 00:00:00+08:00,25.672306035444254,26.304389684623793,25.283331051853146,25.62368392944336,9881494,0.0,0.0
2018-03-21 00:00:00+08:00,26.01265676584138,26.255765411362606,24.84573377580678,25.13746452331543,7547145,0.0,0.0
2018-03-22 00:00:00+08:00,25.137466030565207,25.72092756056703,24.165029525756836,24.165029525756836,8687847,0.0,0.0
2018-03-23 00:00:00+08:00,22.366022497411763,23.581567644196657,22.31740039323381,23.289836883544922,4805468,0.0,0.0
2018-03-26 00:00:00+08:00,23.338459068893773,23.921920592226517,23.241214860199655,23.43570327758789,3125336,0.0,0.0
2018-03-27 00:00:00+08:00,23.776054227731436,23.921918664602902,23.48432162515684,23.532943725585938,2927277,0.0,0.0
2018-03-28 00:00:00+08:00,23.338459014892578,24.21365129786665,23.19259456660489,23.338459014892578,3211486,0.0,0.0
2018-03-29 00:00:00+08:00,23.678810026873236,24.11640520190347,23.48432162515684,23.532943725585938,2585998,0.0,0.0
2018-03-30 00:00:00+08:00,23.824676356026593,23.921920564608442,23.289836937658386,23.387081146240234,2264778,0.0,0.0
2018-04-02 00:00:00+08:00,23.776055977173254,23.87329832077071,23.143970489501953,23.143970489501953,1826231,0.0,0.0
2018-04-03 00:00:00+08:00,23.143970326211374,23.48432318744106,22.65775301840665,22.706375122070312,2144715,0.0,0.0
2018-04-09 00:00:00+08:00,22.803619162185235,22.852241265492367,22.07429134141015,22.268779754638672,1739644,0.0,0.0
2018-04-10 00:00:00+08:00,22.414642333984375,22.852239362899915,22.36602023472534,22.414642333984375,3020030,0.0,0.0
2018-04-11 00:00:00+08:00,22.657753284440755,23.970540776693873,22.609133044622176,23.338459014892578,3861212,0.0,0.0
2018-04-12 00:00:00+08:00,23.435703113542232,23.53294545713969,23.046728145904495,23.143970489501953,1330800,0.0,0.0
2018-04-13 00:00:00+08:00,23.532945942151997,24.505382449080198,23.435703596550383,24.26227378845215,8479092,0.0,0.0
2018-04-16 00:00:00+08:00,24.262271710514774,24.45675824947725,23.776054430900658,23.921918869018555,3023178,0.0,0.0
2018-04-17 00:00:00+08:00,24.165028997723482,24.165028997723482,22.85224151611328,22.85224151611328,2682241,0.0,0.0
2018-04-18 00:00:00+08:00,23.143970354368594,23.48432321601236,22.657753045972335,22.75499725341797,2392691,0.0,0.0
2018-04-19 00:00:00+08:00,22.900862067672147,24.35951588068464,22.900862067672147,23.727432250976562,9306523,0.0,0.0
2018-04-20 00:00:00+08:00,23.338458905528807,23.727432008750572,23.046728145904495,23.143970489501953,3109704,0.0,0.0
2018-04-23 00:00:00+08:00,23.19259252668051,23.6301876974705,23.04672622680664,23.04672622680664,2724865,0.0,0.0
2018-04-24 00:00:00+08:00,23.241214304330818,23.33845851069911,21.588073982565483,22.17153549194336,2904811,0.0,0.0
2018-04-25 00:00:00+08:00,21.344963228515223,22.074289111188726,21.19909693333107,21.636693954467773,3176957,0.0,0.0
2018-04-26 00:00:00+08:00,21.83118204878259,22.07429069376971,20.76150326507291,20.907367706298828,2204951,0.0,0.0
2018-04-27 00:00:00+08:00,21.39358897043108,21.49083131936601,21.004613981443143,21.296344757080078,1589753,0.0,0.0
2018-04-30 00:00:00+08:00,21.39358897043108,21.53945342604151,21.053236088118645,21.296344757080078,909676,0.0,0.0
2018-05-02 00:00:00+08:00,21.296342893578974,21.977048598639822,21.199098688737166,21.44220733642578,1741801,0.0,0.0
2018-05-03 00:00:00+08:00,21.393587255126143,21.977048759618963,21.344965152349086,21.782560348510742,1645008,0.0,0.0
2018-05-04 00:00:00+08:00,21.588071529160697,21.83118015303709,21.101852416992188,21.101852416992188,1743142,0.0,0.0
2018-05-07 00:00:00+08:00,21.247721097643048,22.317399908668758,21.199098994520803,22.122913360595703,2457033,0.0,0.0
2018-05-08 00:00:00+08:00,22.22015810092197,24.262273430228934,22.22015810092197,23.387081146240234,12857276,0.0,0.0
2018-05-09 00:00:00+08:00,23.921920575997593,24.408137890306364,23.387081157374748,23.484323501586914,11848190,0.0,0.0
2018-05-10 00:00:00+08:00,23.678810277002864,24.359514096953337,23.532943974174717,24.06778335571289,5493531,0.0,0.0
2018-05-11 00:00:00+08:00,24.554004298696963,24.79711295679638,23.678812010889466,23.727432250976562,12899932,0.0,0.0
2018-05-14 00:00:00+08:00,24.310892489911176,25.672303886302277,24.01916360715981,25.088842391967773,23530153,0.0,0.0
2018-05-15 00:00:00+08:00,24.894357397655384,25.137466058018987,24.06778534223673,24.213651657104492,9602690,0.0,0.0
2018-05-16 00:00:00+08:00,24.213649886506154,26.25576509441524,24.213649886506154,24.505380630493164,26697141,0.0,0.0
2018-05-17 00:00:00+08:00,24.50538219419388,24.942977405889636,23.532945697380224,23.727432250976562,8349417,0.0,0.0
2018-05-18 00:00:00+08:00,24.16502769598144,24.894355485467035,23.58156621015931,24.359514236450195,7828985,0.0,0.0
2018-05-21 00:00:00+08:00,24.797111746754435,25.380573243487856,24.165028147890585,25.331951141357422,9292951,0.0,0.0
2018-05-22 00:00:00+08:00,25.62368144216359,25.62368144216359,24.40813636779785,24.40813636779785,7395647,0.0,0.0
2018-05-23 00:00:00+08:00,24.69986745653402,26.158521193291215,24.602625117027465,25.186084747314453,21864053,0.0,0.0
2018-05-24 00:00:00+08:00,25.38057341790434,26.3043877714834,25.137464769997408,25.769546508789062,19464657,0.0,0.0
2018-05-25 00:00:00+08:00,26.158522559784238,28.34650421142578,26.10990045528305,28.34650421142578,60465482,0.0,0.0
2018-05-28 00:00:00+08:00,29.80515541443902,31.166566848754883,29.80515541443902,31.166566848754883,24101220,0.0,0.0
2018-05-29 00:00:00+08:00,33.0628166523642,34.278359874247094,31.652781294615572,33.257301330566406,89056520,0.0,0.0
2018-05-30 00:00:00+08:00,32.965577237734166,36.5635871887207,32.965577237734166,36.5635871887207,69665156,0.0,0.0
2018-05-31 00:00:00+08:00,38.605700799937864,40.01573249589159,36.952560448049496,37.14704513549805,69889628,0.0,0.0
2018-06-01 00:00:00+08:00,37.681886000008554,38.41121195976389,35.688392806044824,35.980125427246094,33523958,0.0,0.0
2018-06-04 00:00:00+08:00,36.46633891388434,37.049800366337145,35.29941600897874,36.17460632324219,11553115,0.0,0.0
2018-06-05 00:00:00+08:00,36.56358213439086,36.56358213439086,32.916948714255064,33.646278381347656,12515071,0.0,0.0
2018-06-06 00:00:00+08:00,34.03525195954263,35.299419174702024,34.03525195954263,34.91044235229492,8503465,0.0,0.0
2018-06-07 00:00:00+08:00,35.39666391367545,35.980125427246094,34.8132024001048,35.980125427246094,7857365,0.0,0.0
2018-06-08 00:00:00+08:00,36.46633898005183,36.75806784239182,35.00768348185737,36.2718505859375,7556167,0.0,0.0
2018-06-11 00:00:00+08:00,37.34153466077101,39.869869232177734,36.46634421918071,39.869869232177734,16155893,0.0,0.0
2018-06-12 00:00:00+08:00,40.55056988465926,43.565117674712866,39.869864221835954,41.2798957824707,20377593,0.0,0.0
2018-06-13 00:00:00+08:00,42.300954472446925,42.300954472446925,37.19566570647973,37.924991607666016,14624923,0.0,0.0
2018-06-14 00:00:00+08:00,37.924995654858044,39.383651341723656,36.952561016168964,38.50845718383789,7459535,0.0,0.0
2018-06-15 00:00:00+08:00,39.33502753386423,39.33502753386423,38.70294576188957,38.80018997192383,4810968,0.0,0.0
2018-06-19 00:00:00+08:00,38.41121307952269,41.8633620224656,38.41121307952269,38.702945709228516,24614525,0.0,0.0
2018-06-20 00:00:00+08:00,39.237784124980315,39.578133241457444,35.00768554152209,36.709449768066406,15986097,0.0,0.0
2018-06-21 00:00:00+08:00,37.681887534953916,39.869869232177734,37.14704623871448,39.869869232177734,19209412,0.0,0.0
2018-06-22 00:00:00+08:00,39.67538185909956,39.67538185909956,37.195671192061866,37.58464431762695,12461663,0.0,0.0
2018-06-25 00:00:00+08:00,38.02223874211745,38.36259160137817,35.542528249359506,35.78563690185547,11724781,0.0,0.0
2018-06-26 00:00:00+08:00,35.73701298976033,37.390157049674265,35.73701298976033,35.88288116455078,13550793,0.0,0.0
2018-06-27 00:00:00+08:00,36.36909824168316,36.70945109933493,35.396663636296346,35.49390411376953,8047273,0.0,0.0
2018-06-28 00:00:00+08:00,35.834252059112764,36.174604870107544,33.45178611098066,33.54903030395508,13313245,0.0,0.0
2018-06-29 00:00:00+08:00,34.32698434777652,34.86182188177723,32.67384032121774,34.229740142822266,9565009,0.0,0.0
2018-07-02 00:00:00+08:00,34.71595692565764,34.71595692565764,33.160060855881184,33.257301330566406,5156347,0.0,0.0
2018-07-03 00:00:00+08:00,33.792146138623906,34.13249902230442,32.28487014770508,32.28487014770508,7004562,0.0,0.0
2018-07-04 00:00:00+08:00,32.67384022278113,32.86832863210371,29.270317297042652,29.853776931762695,14500218,0.0,0.0
2018-07-05 00:00:00+08:00,30.53448266519031,31.215188369648097,29.659290415637113,29.90239906311035,10005447,0.0,0.0
2018-07-06 00:00:00+08:00,30.339995594387435,32.86832809448242,29.853776443449878,32.86832809448242,15787748,0.0,0.0
2018-07-09 00:00:00+08:00,33.01419388103168,33.06281784896584,31.21518910176949,31.652782440185547,12133826,0.0,0.0
2018-07-10 00:00:00+08:00,32.090378402961534,34.13249549394608,31.79864952072475,33.35454559326172,18712121,0.0,0.0
2018-07-11 00:00:00+08:00,32.33348531283463,34.2783580957726,32.18762087954297,33.597652435302734,13040759,0.0,0.0
2018-07-12 00:00:00+08:00,33.35454373959539,33.938005200475075,33.11143510829816,33.50040817260742,5389262,0.0,0.0
2018-07-13 00:00:00+08:00,34.08386969882934,34.76457535929921,33.549032200482706,33.597652435302734,8480988,0.0,0.0
2018-07-16 00:00:00+08:00,33.84076352073142,35.59114803363987,33.597654871341234,34.71595764160156,11328916,0.0,0.0
2018-07-17 00:00:00+08:00,34.71595887737712,35.445284851509314,32.771085884192615,33.1114387512207,10071294,0.0,0.0
2018-07-18 00:00:00+08:00,33.64627937843163,33.64627937843163,30.82621415277121,31.604162216186523,8883857,0.0,0.0
2018-07-19 00:00:00+08:00,31.94451575274304,33.45179167235328,31.21518977743124,33.208683013916016,9758869,0.0,0.0
2018-07-20 00:00:00+08:00,33.451787519585274,34.13249317023833,31.993132021209938,32.62521743774414,12325475,0.0,0.0
2018-07-23 00:00:00+08:00,32.18762240181936,32.86832809448242,31.215187828775992,32.86832809448242,5571712,0.0,0.0
2018-07-24 00:00:00+08:00,33.305925323545345,33.792142612689815,33.062816678973114,33.16006088256836,5829377,0.0,0.0
2018-07-25 00:00:00+08:00,33.208681000878286,33.88938669477253,32.77108395068459,32.965572357177734,5232212,0.0,0.0
2018-07-26 00:00:00+08:00,33.597654703941004,34.71595746862939,33.16006137451808,34.424224853515625,12256188,0.0,0.0
2018-07-27 00:00:00+08:00,34.61871311634569,34.71595732097,33.5490343231419,34.03525161743164,5715064,0.0,0.0
2018-07-30 00:00:00+08:00,34.035253009166546,34.035253009166546,32.38211264945018,32.72246551513672,4624043,0.0,0.0
2018-07-31 00:00:00+08:00,32.52797709793528,33.354547277793465,32.52797709793528,32.72246551513672,2790943,0.0,0.0
2018-08-01 00:00:00+08:00,33.16006434254989,33.3545490412015,32.04176147776644,32.28487014770508,4325116,0.0,0.0
2018-08-02 00:00:00+08:00,32.18762524974546,32.236249219998875,29.951023296554553,30.485862731933594,8188637,0.0,0.0
2018-08-03 00:00:00+08:00,31.117942982843335,31.701404460382044,30.09688632935851,31.458295822143555,6107004,0.0,0.0
2018-08-06 00:00:00+08:00,31.604161790225056,31.604161790225056,30.583105087280273,30.583105087280273,3707711,0.0,0.0
2018-08-07 00:00:00+08:00,30.583105087280273,31.312432901740195,30.534482984394156,30.583105087280273,4875143,0.0,0.0
2018-08-08 00:00:00+08:00,30.826213519259127,30.87483562180134,29.902399164204855,30.1455078125,5348015,0.0,0.0
2018-08-09 00:00:00+08:00,30.145507666031975,30.339996075255854,29.416181724690123,29.756534576416016,4038429,0.0,0.0
2018-08-10 00:00:00+08:00,29.951021266747066,30.87483562180134,29.659290515909714,30.1455078125,5817765,0.0,0.0
2018-08-13 00:00:00+08:00,30.14550931103346,30.242753520951894,27.42269007747741,29.075830459594727,9568637,0.0,0.0
2018-08-14 00:00:00+08:00,29.270317325446296,30.04826350582793,28.492367416232852,29.90239906311035,4662695,0.0,0.0
2018-08-15 00:00:00+08:00,29.75653379031628,29.902398228964884,28.103391677665037,28.152013778686523,6075626,0.0,0.0
2018-08-16 00:00:00+08:00,26.985090943729077,28.540988861942097,26.35300735619204,28.443744659423828,5740481,0.0,0.0
2018-08-17 00:00:00+08:00,28.686856941498927,28.929965598427703,27.568554136561,28.1033935546875,3210373,0.0,0.0
2018-08-20 00:00:00+08:00,28.20063717606513,28.395123724675585,25.769546928562715,26.64474105834961,10015569,0.0,0.0
2018-08-21 00:00:00+08:00,26.790603490155547,27.374064956550622,26.498872756958008,26.498872756958008,4664599,0.0,0.0
2018-08-22 00:00:00+08:00,26.644740916600988,26.74198325818092,26.061279409457665,26.401630401611328,5272691,0.0,0.0
2018-08-23 00:00:00+08:00,26.54749709678303,27.22820281982422,26.450252889372585,27.22820281982422,4213554,0.0,0.0
2018-08-24 00:00:00+08:00,27.228200522159753,27.228200522159753,25.964033390165152,26.498872756958008,3705722,0.0,0.0
2018-08-27 00:00:00+08:00,26.887850169626546,27.957529001884655,26.741983857364456,27.763042449951172,4917162,0.0,0.0
2018-08-28 00:00:00+08:00,28.200637420456733,28.200637420456733,27.033714389849365,27.276823043823242,3365944,0.0,0.0
2018-08-29 00:00:00+08:00,27.276823219739473,28.054773154772246,27.228202980163896,27.66579818725586,3029601,0.0,0.0
2018-08-30 00:00:00+08:00,27.90890474299045,28.395122017491996,27.325443267822266,27.325443267822266,4267386,0.0,0.0
2018-08-31 00:00:00+08:00,27.033714537419552,27.617176055908203,26.83922798606199,27.617176055908203,2089047,0.0,0.0
2018-09-03 00:00:00+08:00,27.42268883776065,27.42268883776065,26.109899520874023,26.109899520874023,4069730,0.0,0.0
2018-09-04 00:00:00+08:00,26.158521903159905,26.98509206568379,26.10989979987922,26.74198341369629,2241462,0.0,0.0
2018-09-05 00:00:00+08:00,26.547494652988586,26.88784748317845,26.061277389526367,26.061277389526367,2697001,0.0,0.0
2018-09-06 00:00:00+08:00,26.061279210713444,26.35300809764444,25.429195605392483,25.91541290283203,2530651,0.0,0.0
2018-09-07 00:00:00+08:00,26.061280458933478,26.353009359837,23.824676681873125,24.213651657104492,5709596,0.0,0.0
2018-09-10 00:00:00+08:00,24.213650603724687,24.213650603724687,21.8311824798584,21.8311824798584,7264390,0.0,0.0
2018-09-11 00:00:00+08:00,22.12291307126417,22.268779378723217,21.296342922243948,21.490829467773438,8288538,0.0,0.0
2018-09-12 00:00:00+08:00,21.879803467364148,21.879803467364148,19.351471028274847,19.545957565307617,12566538,0.0,0.0
2018-09-13 00:00:00+08:00,20.51839263555067,20.955989685498402,20.129419551614767,20.5670166015625,7456010,0.0,0.0
2018-09-14 00:00:00+08:00,21.247721322553677,22.609132766723633,20.907368461511187,22.609132766723633,5899730,0.0,0.0
2018-09-17 00:00:00+08:00,22.94948224926841,23.727430262886507,22.706373611538744,23.532943725585938,13629000,0.0,0.0
2018-09-18 00:00:00+08:00,22.900861517846334,23.143970170108965,22.268779767729864,22.36602210998535,5429924,0.0,0.0
2018-09-19 00:00:00+08:00,22.998103829113873,23.92191812310786,22.366020266675047,22.46326446533203,7412283,0.0,0.0
2018-09-20 00:00:00+08:00,22.56050869607734,23.046725961222243,22.17153376531194,22.511886596679688,4712406,0.0,0.0
2018-09-21 00:00:00+08:00,22.70637536224145,24.16502916550013,22.657753258063497,23.289836883544922,12705272,0.0,0.0
2018-09-25 00:00:00+08:00,23.09534829524217,24.01916259993502,22.706373360525234,22.998104095458984,7813062,0.0,0.0
2018-09-26 00:00:00+08:00,22.99810614966667,23.338459014892578,22.56051094038762,23.338459014892578,3413364,0.0,0.0
2018-09-27 00:00:00+08:00,23.484323158747138,23.72743181235246,22.657752990722656,22.657752990722656,5874460,0.0,0.0
2018-09-28 00:00:00+08:00,22.949482026890728,23.484321397596627,22.560508956058694,23.04672622680664,4402019,0.0,0.0
2018-10-01 00:00:00+08:00,22.900861903274016,23.241214767936306,22.6577532469198,23.192594528198242,2734564,0.0,0.0
2018-10-02 00:00:00+08:00,23.143970354368594,23.4357029767055,22.75499725341797,22.75499725341797,2841445,0.0,0.0
2018-10-03 00:00:00+08:00,22.803618898639925,22.9008612397144,21.393587241108797,21.685317993164062,4650277,0.0,0.0
2018-10-04 00:00:00+08:00,21.68531783337161,21.879804378503366,20.95599002639968,21.3449649810791,4518417,0.0,0.0
2018-10-05 00:00:00+08:00,20.85874709937006,21.00461341546614,19.448715365854714,19.740447998046875,7762100,0.0,0.0
2018-10-08 00:00:00+08:00,19.448713640873624,20.129419326782227,19.254227101077962,20.129419326782227,4379248,0.0,0.0
2018-10-09 00:00:00+08:00,20.421149713509248,20.615636249922307,19.351470966613686,19.448713302612305,5224870,0.0,0.0
2018-10-11 00:00:00+08:00,17.5524654103753,17.990060607465114,17.503843307495117,17.503843307495117,5171162,0.0,0.0
2018-10-12 00:00:00+08:00,17.21211307593015,19.254228407835626,17.21211307593015,18.76801109313965,5632059,0.0,0.0
2018-10-15 00:00:00+08:00,18.52490232809487,19.10836384810441,18.33041391181438,18.573522567749023,2543902,0.0,0.0
2018-10-16 00:00:00+08:00,18.768009269733156,20.129418737263702,18.670765070475333,18.962495803833008,7426105,0.0,0.0
2018-10-17 00:00:00+08:00,19.448713038674857,19.643201436864345,18.86525157293798,18.91387367248535,3726573,0.0,0.0
2018-10-18 00:00:00+08:00,19.011117871580097,19.254226504901162,18.719387138711657,18.91387367248535,1962157,0.0,0.0
2018-10-19 00:00:00+08:00,18.28178969096678,18.379033887847495,17.649706140073615,18.087303161621094,2920449,0.0,0.0
2018-10-22 00:00:00+08:00,17.941440808085332,18.81663308809964,17.795574495874963,18.573522567749023,2594085,0.0,0.0
2018-10-23 00:00:00+08:00,18.330413623810006,18.57352227592497,17.844196319580078,17.844196319580078,1729670,0.0,0.0
2018-10-24 00:00:00+08:00,17.74695189943192,17.990060548621738,17.357978806494575,17.406599044799805,2781054,0.0,0.0
2018-10-25 00:00:00+08:00,15.850702192973735,16.38554156872578,15.704835891723633,15.704835891723633,5336789,0.0,0.0
2018-10-26 00:00:00+08:00,16.288298149448817,16.288298149448817,15.024131867827732,15.218619346618652,4073275,0.0,0.0
2018-10-29 00:00:00+08:00,15.46172820773607,16.336920475971088,14.926888798995103,15.656216621398926,5412987,0.0,0.0
2018-10-30 00:00:00+08:00,15.70483677555214,15.899325188164259,15.267241576006743,15.510350227355957,2611137,0.0,0.0
2018-10-31 00:00:00+08:00,16.04518935572044,17.01762580871582,16.04518935572044,17.01762580871582,8992153,0.0,0.0
2018-11-01 00:00:00+08:00,17.017625881097874,18.184548883889313,16.774517232918978,17.212112426757812,10382091,0.0,0.0
2018-11-02 00:00:00+08:00,17.35797901535015,18.08730497169504,17.30935691204397,17.844196319580078,7011958,0.0,0.0
2018-11-05 00:00:00+08:00,17.552465523306694,17.94144048443489,17.406599213727645,17.698331832885742,3035361,0.0,0.0
2018-11-06 00:00:00+08:00,17.94144212027113,17.94144212027113,16.82313923811673,16.92038345336914,2662157,0.0,0.0
2018-11-07 00:00:00+08:00,17.21211098294189,18.476278084728214,17.21211098294189,18.087303161621094,7860704,0.0,0.0
2018-11-08 00:00:00+08:00,18.816632627596405,18.913874968940853,17.503843307495117,17.503843307495117,6005928,0.0,0.0
2018-11-09 00:00:00+08:00,17.552465508690588,17.844196263189822,17.309356857343882,17.746952056884766,2607901,0.0,0.0
2018-11-12 00:00:00+08:00,17.746951957480118,17.89281826612067,17.212112554629933,17.503843307495117,2526754,0.0,0.0
2018-11-13 00:00:00+08:00,16.920380256715493,18.087303161621094,16.774515825810166,18.087303161621094,3447548,0.0,0.0
2018-11-14 00:00:00+08:00,18.087304914536524,18.33041356588323,17.601087611843116,17.746952056884766,2530597,0.0,0.0
2018-11-15 00:00:00+08:00,17.844196347545353,17.99006079327655,17.50384348828463,17.892818450927734,2279288,0.0,0.0
2018-11-16 00:00:00+08:00,18.087304856748162,18.427657713312506,17.649707794189453,17.649707794189453,3119898,0.0,0.0
2018-11-19 00:00:00+08:00,17.746954147961794,18.330415725708008,17.649709930198707,18.330415725708008,1784951,0.0,0.0
2018-11-20 00:00:00+08:00,18.184547424316406,18.670764681648237,17.990059029851064,18.184547424316406,3577925,0.0,0.0
2018-11-21 00:00:00+08:00,18.281790629399858,19.98355484008789,18.281790629399858,19.98355484008789,9172855,0.0,0.0
2018-11-22 00:00:00+08:00,20.032175348422854,21.296342532254222,19.69182250166703,20.5670166015625,22764226,0.0,0.0
2018-11-23 00:00:00+08:00,20.5670149359967,21.782558055378665,20.5670149359967,21.101852416992188,19824205,0.0,0.0
2018-11-26 00:00:00+08:00,21.101854308612296,21.782560008018844,20.907367764960092,21.00461196899414,8760204,0.0,0.0
2018-11-27 00:00:00+08:00,21.150476699352105,22.31739773874656,21.150476699352105,21.636693954467773,18572725,0.0,0.0
2018-11-28 00:00:00+08:00,21.879802582025608,22.22015540637288,21.636693954467773,21.636693954467773,12106962,0.0,0.0
2018-11-29 00:00:00+08:00,22.12291497731538,22.171537083990877,21.296344757080078,21.296344757080078,8913861,0.0,0.0
2018-11-30 00:00:00+08:00,21.393587112426758,21.63669576027453,21.10185449771034,21.393587112426758,4286061,0.0,0.0
2018-12-03 00:00:00+08:00,21.97704881701413,22.46326611722264,21.685318064005834,21.879804611206055,8401335,0.0,0.0
2018-12-04 00:00:00+08:00,22.12291226761557,24.067783245507787,21.78255942699087,23.824674606323242,31937383,0.0,0.0
2018-12-05 00:00:00+08:00,22.56051094038762,24.11640708939754,22.56051094038762,23.338459014892578,27766336,0.0,0.0
2018-12-06 00:00:00+08:00,23.095349589496234,23.82467553549384,21.15047853575337,21.58807373046875,16152792,0.0,0.0
2018-12-07 00:00:00+08:00,22.17153542160501,22.803619032161773,21.78256046178179,21.977048873901367,6160090,0.0,0.0
2018-12-10 00:00:00+08:00,21.490829438846685,22.317399586754338,21.15047845073217,21.44220733642578,6541948,0.0,0.0
2018-12-11 00:00:00+08:00,21.733937996421073,21.879804303078988,21.15047836303711,21.15047836303711,5096466,0.0,0.0
2018-12-12 00:00:00+08:00,21.4908298034363,22.803619133408414,21.4908298034363,22.220157623291016,16534478,0.0,0.0
2018-12-13 00:00:00+08:00,22.074290968777817,22.22015727623687,21.393587127216648,21.490829467773438,6841307,0.0,0.0
2018-12-14 00:00:00+08:00,21.393586920714437,21.539451362349617,20.664259119290865,21.00461196899414,5195188,0.0,0.0
2018-12-17 00:00:00+08:00,20.955989792065907,21.296342640552524,20.761503249108934,20.81012535095215,2977581,0.0,0.0
2018-12-18 00:00:00+08:00,20.615636657235807,20.810125061907293,20.17804147555668,20.275283813476562,4879182,0.0,0.0
2018-12-19 00:00:00+08:00,20.518392437179322,20.61563663943108,19.983554918042223,20.178041458129883,3783850,0.0,0.0
2018-12-20 00:00:00+08:00,20.032174776267308,20.129418976681748,19.059740229786183,19.448713302612305,6066435,0.0,0.0
2018-12-21 00:00:00+08:00,19.545957872325168,20.178041458129883,19.44871367007341,20.178041458129883,4729535,0.0,0.0
2018-12-24 00:00:00+08:00,20.032176962701108,20.129421173729376,19.691824088518203,19.934934616088867,2461382,0.0,0.0
2018-12-25 00:00:00+08:00,19.545957503026745,19.594579603233967,19.254226766199245,19.448713302612305,2158048,0.0,0.0
2018-12-26 00:00:00+08:00,19.643203593041964,19.934934357932843,19.3028507232666,19.3028507232666,1696775,0.0,0.0
2018-12-27 00:00:00+08:00,19.837688353458947,20.27528352899827,19.691822052001953,19.691822052001953,3724138,0.0,0.0
2018-12-28 00:00:00+08:00,19.886310434873664,19.983554635751737,19.594579696655273,19.594579696655273,1777866,0.0,0.0
2019-01-02 00:00:00+08:00,19.691821970683648,19.789066171253406,19.448713333675084,19.49733543395996,899230,0.0,0.0
2019-01-03 00:00:00+08:00,19.44871505499108,19.54595926416747,19.011119842529297,19.011119842529297,1843405,0.0,0.0
2019-01-04 00:00:00+08:00,18.573524382874957,18.670768600518542,17.503845446460122,18.28179359436035,4590407,0.0,0.0
2019-01-07 00:00:00+08:00,18.816631220831027,18.91387355490546,18.670764923095703,18.670764923095703,1507262,0.0,0.0
2019-01-08 00:00:00+08:00,18.816633224487305,18.913875568916417,18.57352270237456,18.816633224487305,1400202,0.0,0.0
2019-01-09 00:00:00+08:00,18.962495886922948,19.302848721400895,18.913873787080984,19.156982421875,1904083,0.0,0.0
2019-01-10 00:00:00+08:00,19.20560639646609,19.54595926416747,19.011119842529297,19.011119842529297,2237129,0.0,0.0
2019-01-11 00:00:00+08:00,19.059739852640785,19.15698218671522,18.573520724605483,18.670764923095703,1557220,0.0,0.0
2019-01-14 00:00:00+08:00,18.67076677588927,18.67076677588927,18.233169703674132,18.573522567749023,1439946,0.0,0.0
2019-01-15 00:00:00+08:00,18.573522817672455,19.10836410522461,18.427658367915317,19.10836410522461,2815967,0.0,0.0
2019-01-16 00:00:00+08:00,19.108364194275406,19.351472854614258,18.962497879422493,19.351472854614258,2467810,0.0,0.0
2019-01-17 00:00:00+08:00,19.448713038674857,19.49733513822223,18.91387367248535,18.91387367248535,1535125,0.0,0.0
2019-01-18 00:00:00+08:00,18.962497827429022,19.448715146773562,18.865253617793716,19.254228591918945,1535084,0.0,0.0
2019-01-21 00:00:00+08:00,19.448713686870317,20.810125061907293,19.448713686870317,20.275283813476562,9113139,0.0,0.0
2019-01-22 00:00:00+08:00,20.129419104326697,20.226663305357786,19.64320182800293,19.64320182800293,3649006,0.0,0.0
2019-01-23 00:00:00+08:00,19.54595762697184,19.83768836564927,19.400093189841044,19.64320182800293,1834686,0.0,0.0
2019-01-24 00:00:00+08:00,19.64320181593212,19.93493255443028,19.64320181593212,19.691822052001953,1089785,0.0,0.0
2019-01-25 00:00:00+08:00,20.032176962701108,20.51839428901039,19.934934616088867,19.934934616088867,5810463,0.0,0.0
2019-01-28 00:00:00+08:00,20.032175124676467,20.664258709532188,19.837688584880805,20.129419326782227,5670851,0.0,0.0
2019-01-29 00:00:00+08:00,20.03217489098578,20.03217489098578,19.691822052001953,19.691822052001953,1722010,0.0,0.0
2019-01-30 00:00:00+08:00,19.886312449726937,20.080799006772356,19.740447998046875,19.740447998046875,2108677,0.0,0.0
2019-02-11 00:00:00+08:00,20.032175450292485,21.296342640552524,19.983555212865156,20.81012535095215,10397099,0.0,0.0
2019-02-12 00:00:00+08:00,21.053236088118645,21.782562095002945,20.955991874767644,21.296344757080078,10440233,0.0,0.0
2019-02-13 00:00:00+08:00,21.588074247886478,22.803619384765625,21.539452144104757,22.803619384765625,16087114,0.0,0.0
2019-02-14 00:00:00+08:00,22.94948172978538,23.53294319289571,22.26877793243385,22.46326446533203,13376657,0.0,0.0
2019-02-15 00:00:00+08:00,22.41464410115641,22.560510410433626,21.73393838669459,22.025671005249023,4423686,0.0,0.0
2019-02-18 00:00:00+08:00,22.41464414344815,22.852241207689527,22.122913388759212,22.17153549194336,5103462,0.0,0.0
2019-02-19 00:00:00+08:00,22.171535561058434,22.36602210998535,21.685318256533172,22.36602210998535,4918067,0.0,0.0
2019-02-20 00:00:00+08:00,23.387080929525435,23.678811688151697,22.657753100751798,22.85224151611328,11516084,0.0,0.0
2019-02-21 00:00:00+08:00,22.754997197931168,22.803619301535424,22.36602223351308,22.657752990722656,2700489,0.0,0.0
2019-02-22 00:00:00+08:00,22.46326631665678,22.803619175590843,22.36602210998535,22.36602210998535,2107469,0.0,0.0
2019-02-25 00:00:00+08:00,22.414644114913255,22.560510424279997,21.977048915644893,22.122913360595703,3065255,0.0,0.0
2019-02-26 00:00:00+08:00,22.268779669962445,22.8036190754753,22.122913360595703,22.122913360595703,4439496,0.0,0.0
2019-02-27 00:00:00+08:00,22.22015740908832,22.366021853003563,21.685318007372555,21.782560348510742,2706610,0.0,0.0
2019-03-04 00:00:00+08:00,21.879804611206055,22.122913261310313,21.733938302493947,21.879804611206055,1851196,0.0,0.0
2019-03-05 00:00:00+08:00,21.78256027651826,21.879804481750977,21.58807373046875,21.58807373046875,1262148,0.0,0.0
2019-03-06 00:00:00+08:00,21.685317993164062,21.977048745219328,21.588073787673668,21.685317993164062,2241825,0.0,0.0
2019-03-07 00:00:00+08:00,21.782560008018844,21.879804212052893,20.907367764960092,21.00461196899414,2749748,0.0,0.0
2019-03-08 00:00:00+08:00,20.81012526181402,20.907367600668035,20.469772414785268,20.66425895690918,1677474,0.0,0.0
2019-03-11 00:00:00+08:00,20.81012536695351,21.101854249405346,20.712881163192307,20.907367706298828,1741735,0.0,0.0
2019-03-12 00:00:00+08:00,21.247722650404576,21.49083131936601,21.150480301469646,21.296344757080078,1834134,0.0,0.0
2019-03-13 00:00:00+08:00,21.296342640552524,21.296342640552524,20.81012535095215,20.81012535095215,1137707,0.0,0.0
2019-03-14 00:00:00+08:00,20.810125061907293,21.00461160216292,20.275283813476562,20.275283813476562,2231471,0.0,0.0
2019-03-15 00:00:00+08:00,20.2752838864142,20.518392528712255,20.03217524411615,20.32390785217285,2691182,0.0,0.0
2019-03-18 00:00:00+08:00,20.421150445039586,21.053234041544428,20.22666390165959,20.955989837646484,2139250,0.0,0.0
2019-03-19 00:00:00+08:00,20.95599166209976,21.150480086828033,20.71288299560547,20.71288299560547,1454639,0.0,0.0
2019-03-20 00:00:00+08:00,20.90736955591769,21.053235874463898,20.71288299560547,20.71288299560547,1005760,0.0,0.0
2019-03-21 00:00:00+08:00,20.955989808179428,20.955989808179428,20.712881163192307,20.907367706298828,1056088,0.0,0.0
2019-03-22 00:00:00+08:00,21.053233995752336,21.101854233179665,20.664259045422504,20.81012535095215,1134322,0.0,0.0
2019-03-25 00:00:00+08:00,20.42115205554426,20.42115205554426,20.226665496826172,20.226665496826172,1404891,0.0,0.0
2019-03-26 00:00:00+08:00,20.469772138854925,20.56701634081398,20.08079719543457,20.08079719543457,1411948,0.0,0.0
2019-03-27 00:00:00+08:00,20.129419104326697,20.17804120484224,19.54595762697184,19.64320182800293,2439088,0.0,0.0
2019-03-28 00:00:00+08:00,19.643203847420093,19.983556721603,19.594581741905962,19.934934616088867,1103809,0.0,0.0
2019-03-29 00:00:00+08:00,20.129419296414095,20.129419296414095,19.83768855495279,20.08079719543457,868032,0.0,0.0
2019-04-01 00:00:00+08:00,20.178043580893178,21.0532358999831,20.178043580893178,20.761505126953125,3531536,0.0,0.0
2019-04-02 00:00:00+08:00,20.518394595748102,21.004613793742095,20.518394595748102,20.761505126953125,1994853,0.0,0.0
2019-04-03 00:00:00+08:00,20.955989866977117,21.101854308612296,20.71288122130789,21.00461196899414,1620645,0.0,0.0
2019-04-08 00:00:00+08:00,21.39358501233584,21.588071538639202,21.004610095313392,21.053232192993164,2463720,0.0,0.0
2019-04-09 00:00:00+08:00,21.296342805279124,21.539451451959753,21.15047836303711,21.15047836303711,2763272,0.0,0.0
2019-04-10 00:00:00+08:00,21.101856116229914,21.101856116229914,20.6642608894234,20.71288299560547,1688554,0.0,0.0
2019-04-11 00:00:00+08:00,20.61563867415124,20.85874733935909,20.421152114868164,20.421152114868164,1297396,0.0,0.0
2019-04-12 00:00:00+08:00,20.323909595785906,20.372529836884016,19.934934616088867,19.934934616088867,1439151,0.0,0.0
2019-04-15 00:00:00+08:00,20.03217707369205,20.42115205554426,20.03217707369205,20.226665496826172,1337502,0.0,0.0
2019-04-16 00:00:00+08:00,20.372528371604616,21.00461196899414,20.372528371604616,21.00461196899414,3126221,0.0,0.0
2019-04-17 00:00:00+08:00,21.053233982198826,21.15047818582265,20.76150323574323,20.858745574951172,2398444,0.0,0.0
2019-04-18 00:00:00+08:00,20.858745280644623,21.344964427487557,20.178041458129883,20.178041458129883,3981477,0.0,0.0
2019-04-19 00:00:00+08:00,20.275285928959132,20.761505126953125,20.275285928959132,20.761505126953125,1869096,0.0,0.0
2019-04-22 00:00:00+08:00,20.81012526181402,21.344964650966677,20.615636855274232,20.66425895690918,3142752,0.0,0.0
2019-04-23 00:00:00+08:00,20.664259045422504,20.81012535095215,20.323908061351773,20.81012535095215,1433668,0.0,0.0
2019-04-24 00:00:00+08:00,20.567016618055163,20.955989702302983,20.323907974296308,20.66425895690918,2066483,0.0,0.0
2019-04-25 00:00:00+08:00,20.42115009934342,20.56701640272106,20.178041458129883,20.178041458129883,2510169,0.0,0.0
2019-04-26 00:00:00+08:00,19.789066252973285,20.03217489098578,19.64320181593212,19.691822052001953,1972603,0.0,0.0
2019-04-29 00:00:00+08:00,19.740445547094335,19.740445547094335,18.524900521545177,18.71938705444336,3485523,0.0,0.0
2019-04-30 00:00:00+08:00,18.62214293961691,18.91387367248535,18.524900604937965,18.91387367248535,1572671,0.0,0.0
2019-05-02 00:00:00+08:00,18.962497764564034,19.108364078533413,18.816633315010645,19.059741973876953,912795,0.0,0.0
2019-05-03 00:00:00+08:00,19.05974194711749,19.20560639646609,19.011119842529297,19.011119842529297,939191,0.0,0.0
2019-05-06 00:00:00+08:00,18.81663302034651,18.81663302034651,18.281791741916933,18.37903594970703,1784067,0.0,0.0
2019-05-07 00:00:00+08:00,18.476280224024748,18.573522567749023,18.233169703674132,18.573522567749023,844735,0.0,0.0
2019-05-08 00:00:00+08:00,18.184549248100453,18.47628000464127,17.990060834129274,18.03868293762207,1797642,0.0,0.0
2019-05-09 00:00:00+08:00,17.892818117797486,17.941440220274615,17.01762586645687,17.114870071411133,3405337,0.0,0.0
2019-05-10 00:00:00+08:00,16.969003692585623,17.552465191024552,16.969003692585623,17.066246032714844,1691457,0.0,0.0
2019-05-13 00:00:00+08:00,17.114869895184086,17.26073433669764,16.823137283325195,16.823137283325195,1088834,0.0,0.0
2019-05-14 00:00:00+08:00,16.336921909288968,16.96900558031715,16.093813235297233,16.871763229370117,1734616,0.0,0.0
2019-05-15 00:00:00+08:00,16.871761352456403,17.163490237259964,16.77451714791128,17.066246032714844,1019874,0.0,0.0
2019-05-16 00:00:00+08:00,17.017627486797164,17.06624772948778,16.385543823242188,16.385543823242188,1075677,0.0,0.0
2019-05-17 00:00:00+08:00,16.482784943743273,16.677271471250133,15.947945594787598,15.947945594787598,1809902,0.0,0.0
2019-05-20 00:00:00+08:00,15.996567587848974,16.09381179450637,15.461728180065176,15.60759449005127,1354029,0.0,0.0
2019-05-21 00:00:00+08:00,15.510350227355957,15.558972330508986,15.169998301908652,15.510350227355957,1895161,0.0,0.0
2019-05-22 00:00:00+08:00,15.558972454801975,15.947947418717606,15.510350351260525,15.802081108093262,892194,0.0,0.0
2019-05-23 00:00:00+08:00,15.607594304200495,15.704836645284015,15.169998176076893,15.218619346618652,921899,0.0,0.0
2019-05-24 00:00:00+08:00,15.21861838273329,15.413105849206167,15.169997215270996,15.169997215270996,617060,0.0,0.0
2019-05-27 00:00:00+08:00,15.16999811133442,15.315862554545141,15.024131803707789,15.07275390625,785453,0.0,0.0
2019-05-28 00:00:00+08:00,15.121374183392902,15.169997215270996,14.975509748798121,15.169997215270996,652494,0.0,0.0
2019-05-29 00:00:00+08:00,15.024131098783277,15.558971405029297,14.975509930730302,15.558971405029297,944228,0.0,0.0
2019-05-30 00:00:00+08:00,15.558972414567497,15.802081067230123,15.558972414567497,15.656216621398926,567136,0.0,0.0
2019-05-31 00:00:00+08:00,15.704835104884351,15.947945594787598,15.656214871319436,15.947945594787598,544187,0.0,0.0
2019-06-03 00:00:00+08:00,15.899325274061551,15.899325274061551,15.60759451798321,15.656216621398926,421509,0.0,0.0
2019-06-04 00:00:00+08:00,15.70483677555214,15.802080981858198,15.461728124202928,15.510350227355957,328729,0.0,0.0
2019-06-05 00:00:00+08:00,15.704835768243358,15.80207996831217,15.413105964660645,15.413105964660645,484528,0.0,0.0
2019-06-06 00:00:00+08:00,15.364484722659853,15.510350098701053,15.218619346618652,15.218619346618652,513175,0.0,0.0
2019-06-10 00:00:00+08:00,15.315862684034016,15.461728060685921,15.315862684034016,15.364484786987305,467600,0.0,0.0
2019-06-11 00:00:00+08:00,15.413107008944449,15.753458935621424,15.36448490561575,15.60759449005127,847260,0.0,0.0
2019-06-12 00:00:00+08:00,15.607593812083653,16.23967553465234,15.607593812083653,16.191055297851562,1740912,0.0,0.0
2019-06-13 00:00:00+08:00,16.239674453840024,16.239674453840024,15.850701398826299,15.947945594787598,1011272,0.0,0.0
2019-06-14 00:00:00+08:00,15.996567657843103,16.142433968467447,15.802081108093262,15.802081108093262,499672,0.0,0.0
2019-06-17 00:00:00+08:00,16.92038176036571,17.35797882080078,16.823137554843267,17.35797882080078,3161444,0.0,0.0
2019-06-18 00:00:00+08:00,18.1359274760149,19.059741866011493,17.74695250538055,18.865253448486328,27546164,0.0,0.0
2019-06-19 00:00:00+08:00,18.962497764564034,19.108364078533413,18.427658342174954,19.059741973876953,16675876,0.0,0.0
2019-06-20 00:00:00+08:00,18.76801132403461,19.351472854614258,18.67076711413267,19.351472854614258,9237198,0.0,0.0
2019-06-21 00:00:00+08:00,19.205606539761344,19.83769017529196,18.962497879422493,19.351472854614258,8245561,0.0,0.0
2019-06-24 00:00:00+08:00,19.497337530877694,19.983556721603,19.400095184265453,19.934934616088867,7367134,0.0,0.0
2019-06-25 00:00:00+08:00,20.372527678216667,20.372527678216667,19.351471028274847,19.545957565307617,6698840,0.0,0.0
2019-06-26 00:00:00+08:00,19.30285063274326,19.35147273739972,19.011119869220494,19.059741973876953,2845875,0.0,0.0
2019-06-27 00:00:00+08:00,19.15698245330093,19.497335288337204,19.059740117873286,19.205604553222656,2741175,0.0,0.0
2019-06-28 00:00:00+08:00,19.25422867091053,19.594581541614424,19.25422867091053,19.400094985961914,3643186,0.0,0.0
2019-07-01 00:00:00+08:00,19.886310403426833,19.934932503788982,19.49733546494547,19.545957565307617,2948381,0.0,0.0
2019-07-02 00:00:00+08:00,19.643203787316153,19.740447998046875,19.400095124905373,19.740447998046875,2295270,0.0,0.0
2019-07-03 00:00:00+08:00,19.789068070340992,19.83769017529196,19.156984434810372,19.351472854614258,2964330,0.0,0.0
2019-07-04 00:00:00+08:00,19.49733730505117,19.740447829806023,19.351472854614258,19.351472854614258,2144088,0.0,0.0
2019-07-05 00:00:00+08:00,19.448713425940756,19.64320182800293,19.30284898880996,19.64320182800293,1779201,0.0,0.0
2019-07-08 00:00:00+08:00,19.64320179709431,19.837688334434628,19.4973354957772,19.594579696655273,1654556,0.0,0.0
2019-07-09 00:00:00+08:00,19.691823887232673,19.691823887232673,19.351472880944787,19.400094985961914,1503776,0.0,0.0
2019-07-10 00:00:00+08:00,19.545959636391828,19.934934616088867,19.44871542536356,19.934934616088867,2858784,0.0,0.0
2019-07-11 00:00:00+08:00,20.275284008245485,21.101854142791947,20.178041669391465,20.66425895690918,12836953,0.0,0.0
2019-07-12 00:00:00+08:00,20.518390982931404,21.053232192993164,20.469770749667354,21.053232192993164,3775875,0.0,0.0
2019-07-15 00:00:00+08:00,21.150478078359207,21.34496462020281,20.615636825561523,20.615636825561523,2424114,0.0,0.0
2019-07-16 00:00:00+08:00,20.81012512356337,21.00461166439522,20.275283873548016,20.372528076171875,3087035,0.0,0.0
2019-07-17 00:00:00+08:00,20.42115194239815,20.42115194239815,19.886312510574733,19.934934616088867,2360183,0.0,0.0
2019-07-18 00:00:00+08:00,20.081872681211745,20.130853174563313,19.592069625854492,19.592069625854492,1833162,0.149224,0.0
2019-07-19 00:00:00+08:00,19.690032125068168,19.98391322959394,19.494112014770508,19.494112014770508,1553242,0.0,0.0
2019-07-22 00:00:00+08:00,19.592069625854492,19.78799159926076,19.494110517309775,19.592069625854492,1851072,0.0,0.0
2019-07-23 00:00:00+08:00,19.739011574988222,20.1308536529541,19.739011574988222,20.1308536529541,2350121,0.0,0.0
2019-07-24 00:00:00+08:00,20.47371627183546,22.139041900634766,20.47371627183546,22.139041900634766,26755213,0.0,0.0
2019-07-25 00:00:00+08:00,22.53088229002444,23.8533482061567,22.188022564809515,23.510486602783203,32560584,0.0,0.0
2019-07-26 00:00:00+08:00,23.510487624654456,24.196210861206055,23.069665007397383,24.196210861206055,21179192,0.0,0.0
2019-07-29 00:00:00+08:00,24.000287389611387,24.88193069183345,23.853347778320312,23.853347778320312,20122018,0.0,0.0
2019-07-30 00:00:00+08:00,23.8043659568096,24.09824704119192,22.2859800411412,22.67782211303711,15929539,0.0,0.0
2019-07-31 00:00:00+08:00,22.873742074937073,24.000285912062285,22.77578296615994,23.95130729675293,12117437,0.0,0.0
2019-08-01 00:00:00+08:00,23.265585133828658,23.853347324118193,23.16762414272757,23.314563751220703,8263451,0.0,0.0
2019-08-02 00:00:00+08:00,22.873743705047648,23.265585802556306,22.28598149786394,23.02068519592285,8232738,0.0,0.0
2019-08-05 00:00:00+08:00,23.020685212027086,23.412525431651304,22.041080906649434,22.139041900634766,5999196,0.0,0.0
2019-08-06 00:00:00+08:00,20.865555895105313,22.481900980715512,20.865555895105313,22.43292236328125,7205110,0.0,0.0
2019-08-07 00:00:00+08:00,22.334960715859147,22.775783285083456,21.69821804817873,21.84515953063965,5314731,0.0,0.0
2019-08-08 00:00:00+08:00,21.698219516991315,22.530882339493097,21.698219516991315,22.18802261352539,4588514,0.0,0.0
2019-08-12 00:00:00+08:00,21.84516016326724,21.84516016326724,21.35535708570478,21.551279067993164,5035356,0.0,0.0
2019-08-13 00:00:00+08:00,21.404336746610714,21.992098914238966,21.35535625294862,21.796178817749023,4633157,0.0,0.0
2019-08-14 00:00:00+08:00,21.894140283653545,22.383943394839644,21.453319549560547,21.453319549560547,5753911,0.0,0.0
2019-08-15 00:00:00+08:00,20.914536780655755,21.061476392015276,20.620655679778174,20.767595291137695,4551832,0.0,0.0
2019-08-16 00:00:00+08:00,20.865557430901735,22.824764251708984,20.62065681307066,22.824764251708984,9098768,0.0,0.0
2019-08-19 00:00:00+08:00,23.118645105383838,24.245189061469038,22.9717054876225,23.657426834106445,22008884,0.0,0.0
2019-08-20 00:00:00+08:00,23.412524112907864,23.85334668285335,23.16762351989746,23.16762351989746,7678636,0.0,0.0
2019-08-21 00:00:00+08:00,23.167623341218054,24.686009259962194,23.118642847362043,24.000286102294922,19914361,0.0,0.0
2019-08-22 00:00:00+08:00,23.902326803069396,24.637030506492952,23.902326803069396,24.39212989807129,11290575,0.0,0.0
2019-08-23 00:00:00+08:00,24.49008836128852,24.783971337345672,24.000287157510307,24.245187759399414,6325375,0.0,0.0
2019-08-26 00:00:00+08:00,23.510486818689127,23.706406931776662,23.11864471435547,23.11864471435547,5198737,0.0,0.0
2019-08-27 00:00:00+08:00,23.412525822244394,23.85334842437411,23.412525822244394,23.559467315673828,4409623,0.0,0.0
2019-08-28 00:00:00+08:00,24.39212886956206,25.91051483154297,24.39212886956206,25.91051483154297,16214306,0.0,0.0
2019-08-29 00:00:00+08:00,27.624821343714054,27.624821343714054,26.20439634923284,26.449296951293945,42315809,0.0,0.0
2019-08-30 00:00:00+08:00,26.64521707176508,27.428901252575955,25.959493883095202,26.00847625732422,20618428,0.0,0.0
2019-09-02 00:00:00+08:00,25.910513459353254,27.771759033203125,25.86153296669645,27.771759033203125,20815322,0.0,0.0
2019-09-03 00:00:00+08:00,27.771761582666162,28.21258417888678,27.135018875991143,27.477880477905273,13557987,0.0,0.0
2019-09-04 00:00:00+08:00,27.477878611448386,28.506463347323336,27.477878611448386,28.359521865844727,17393288,0.0,0.0
2019-09-05 00:00:00+08:00,28.457483719215073,29.584027598855094,27.967682522369454,28.996265411376953,16770373,0.0,0.0
2019-09-06 00:00:00+08:00,29.143208164731924,31.347315524549916,28.60442457098044,28.84932518005371,38135557,0.0,0.0
2019-09-10 00:00:00+08:00,28.310542655806202,29.290146942276703,28.212583541870117,28.212583541870117,12314095,0.0,0.0
2019-09-11 00:00:00+08:00,28.114623184580292,28.457484786494426,27.183999373144385,27.477880477905273,14263068,0.0,0.0
2019-09-12 00:00:00+08:00,27.72278108551292,27.91870307412589,27.477880477905273,27.477880477905273,7405655,0.0,0.0
2019-09-16 00:00:00+08:00,27.477879007274332,27.869721085370106,26.59623574017769,27.57583999633789,9380117,0.0,0.0
2019-09-17 00:00:00+08:00,27.72277965634316,29.094225993298632,27.72277965634316,28.898305892944336,22565497,0.0,0.0
2019-09-18 00:00:00+08:00,28.898305892944336,29.68198817251999,28.800344903687954,28.898305892944336,14503384,0.0,0.0
2019-09-19 00:00:00+08:00,29.045245899234207,30.269748891033796,29.045245899234207,29.43708610534668,24547140,0.0,0.0
2019-09-20 00:00:00+08:00,29.779948351397696,29.779948351397696,29.241166647486157,29.584028244018555,8179521,0.0,0.0
2019-09-23 00:00:00+08:00,29.779949436185078,30.22077204154406,29.38810920715332,29.38810920715332,8097537,0.0,0.0
2019-09-24 00:00:00+08:00,29.486069553929486,30.02484938743949,29.241167068481445,29.241167068481445,8555898,0.0,0.0
2019-09-25 00:00:00+08:00,28.996263836989694,29.094224822303303,27.526858448077487,27.771759033203125,12305955,0.0,0.0
2019-09-26 00:00:00+08:00,28.114622759421163,28.212583752246246,26.351336157520866,26.939098358154297,17670415,0.0,0.0
2019-09-27 00:00:00+08:00,27.330939811332073,27.7717605124059,26.547255643398728,27.23297882080078,13734965,0.0,0.0
2019-10-01 00:00:00+08:00,27.232979685082803,27.673802278305327,27.086040072780992,27.42890167236328,6006706,0.0,0.0
2019-10-02 00:00:00+08:00,27.037057876586914,27.23297797339458,26.841137779779253,27.037057876586914,3789606,0.0,0.0
2019-10-03 00:00:00+08:00,26.64521807945654,27.330941294059684,26.25337785239068,27.135019302368164,6031454,0.0,0.0
2019-10-04 00:00:00+08:00,27.2329801102075,27.42890210054645,26.645217895507812,26.645217895507812,4490172,0.0,0.0
2019-10-07 00:00:00+08:00,26.79215686891667,27.379919069550105,26.59623676142504,26.939098358154297,5332789,0.0,0.0
2019-10-08 00:00:00+08:00,27.13501889537051,27.232979889746957,26.596237182617188,26.596237182617188,3994349,0.0,0.0
2019-10-09 00:00:00+08:00,26.449296965641626,26.449296965641626,25.567653670848287,26.00847625732422,7760068,0.0,0.0
2019-10-14 00:00:00+08:00,26.44929715034595,27.624821551612815,26.351336157520866,26.939098358154297,11453203,0.0,0.0
2019-10-15 00:00:00+08:00,27.03705975984322,28.21258417888678,26.98807926268998,27.477880477905273,13880390,0.0,0.0
2019-10-16 00:00:00+08:00,27.52686121879141,27.7717618285675,26.841139887050083,27.086040496826172,5693095,0.0,0.0
2019-10-17 00:00:00+08:00,26.939099188835232,27.526861407592616,26.890118690912352,27.135019302368164,4542829,0.0,0.0
2019-10-18 00:00:00+08:00,27.428900801863364,27.967682493468484,27.13501783026949,27.23297882080078,7648719,0.0,0.0
2019-10-21 00:00:00+08:00,27.23298003556186,29.29014778137207,27.23298003556186,29.29014778137207,23583057,0.0,0.0
2019-10-22 00:00:00+08:00,29.486069356734593,29.486069356734593,28.506465055969443,28.751365661621094,18796618,0.0,0.0
2019-10-23 00:00:00+08:00,28.751365445123685,29.486069134704877,28.604423955944036,28.70238494873047,14134886,0.0,0.0
2019-10-24 00:00:00+08:00,28.800345541912368,29.486068725585938,28.800345541912368,29.486068725585938,13979079,0.0,0.0
2019-10-25 00:00:00+08:00,29.926888767502476,30.220769857113154,28.898305892944336,28.898305892944336,15944970,0.0,0.0
2019-10-28 00:00:00+08:00,29.192185528231438,30.220770295881838,29.04524592037195,29.87790870666504,19652006,0.0,0.0
2019-10-29 00:00:00+08:00,29.926888738242717,30.220769827566066,28.11462170772233,28.457483291625977,16556666,0.0,0.0
2019-10-30 00:00:00+08:00,28.55544555273148,28.947285770510703,28.261564450317792,28.751365661621094,6636160,0.0,0.0
2019-10-31 00:00:00+08:00,28.898307164301347,28.898307164301347,27.820741869549963,27.869722366333008,7682153,0.0,0.0
2019-11-01 00:00:00+08:00,27.820742692925194,28.555446410097893,27.673803076385816,28.506465911865234,7897587,0.0,0.0
2019-11-04 00:00:00+08:00,28.555445136042717,28.70238474602611,28.163603045822814,28.212583541870117,4241937,0.0,0.0
2019-11-05 00:00:00+08:00,28.261564441714153,28.849324768204056,28.261564441714153,28.310543060302734,5666303,0.0,0.0
2019-11-06 00:00:00+08:00,28.506465698152194,28.800346807186326,27.967683977949385,28.01666259765625,4628938,0.0,0.0
2019-11-07 00:00:00+08:00,27.967682716563395,27.967682716563395,27.037058933568126,27.281959533691406,6487550,0.0,0.0
2019-11-08 00:00:00+08:00,27.47787941897052,27.47787941897052,27.086039213162337,27.23297882080078,2954687,0.0,0.0
2019-11-11 00:00:00+08:00,26.743178048381232,26.743178048381232,25.5186731599638,25.56765365600586,9183492,0.0,0.0
2019-11-12 00:00:00+08:00,25.567652840675393,26.253376007080078,25.567652840675393,26.253376007080078,4497257,0.0,0.0
2019-11-13 00:00:00+08:00,25.95949386901322,26.694197553355046,25.812554259039963,26.449296951293945,3215629,0.0,0.0
2019-11-14 00:00:00+08:00,26.449296300398046,26.4982767952366,25.76357312897524,25.861534118652344,2805508,0.0,0.0
2019-11-15 00:00:00+08:00,26.155414581298828,26.54725477427871,26.057453593974643,26.155414581298828,2764525,0.0,0.0
2019-11-18 00:00:00+08:00,26.30235481262207,26.596235903458492,26.25337619594806,26.30235481262207,1922944,0.0,0.0
2019-11-19 00:00:00+08:00,26.351335723777026,26.40031621938335,25.95949363708496,25.95949363708496,1944053,0.0,0.0
2019-11-20 00:00:00+08:00,26.008477305286636,26.10643642321618,25.567654701048593,25.81255531311035,2137051,0.0,0.0
2019-11-21 00:00:00+08:00,25.56765385495143,26.106435559289395,25.273772754570857,26.05745506286621,2459720,0.0,0.0
2019-11-22 00:00:00+08:00,26.106434087636735,26.400315171450863,26.057453593974643,26.155414581298828,1963263,0.0,0.0
2019-11-25 00:00:00+08:00,26.204396981426562,26.3023560977192,25.7145938873291,25.7145938873291,1718889,0.0,0.0
2019-11-26 00:00:00+08:00,26.00847663950951,26.841139450468035,26.00847663950951,26.547256469726562,4775697,0.0,0.0
2019-11-27 00:00:00+08:00,26.69419839309255,27.183999612622763,26.645217895507812,26.645217895507812,4785749,0.0,0.0
2019-11-28 00:00:00+08:00,26.645216206604076,26.645216206604076,26.253376007080078,26.253376007080078,1980240,0.0,0.0
2019-11-29 00:00:00+08:00,26.449297810801173,26.54725692791382,25.616634985471464,25.763574600219727,2679823,0.0,0.0
2019-12-02 00:00:00+08:00,25.763573968475935,25.95949407605569,24.979891659998366,25.175811767578125,3437778,0.0,0.0
2019-12-03 00:00:00+08:00,24.97989125785341,25.32275284921725,24.78397115342772,25.077852249145508,2054625,0.0,0.0
2019-12-04 00:00:00+08:00,24.979892272525632,26.106436205510448,24.881931277254402,25.763574600219727,5215974,0.0,0.0
2019-12-05 00:00:00+08:00,25.861534118652344,26.449296300398046,25.861534118652344,25.861534118652344,4415836,0.0,0.0
2019-12-06 00:00:00+08:00,26.106435371306684,26.302355477430144,25.812554273042238,26.00847625732422,2399912,0.0,0.0
2019-12-09 00:00:00+08:00,26.253377917348395,26.30235653723387,25.81255531311035,25.81255531311035,1807346,0.0,0.0
2019-12-10 00:00:00+08:00,25.959493673875414,26.93909795291465,25.76357356933097,26.84113883972168,6889629,0.0,0.0
2019-12-11 00:00:00+08:00,26.547256065223273,26.792156667284377,26.351335959206093,26.449296951293945,2875872,0.0,0.0
2019-12-12 00:00:00+08:00,26.841138184489957,27.23297838401345,26.5962357120897,26.694196701049805,5748729,0.0,0.0
2019-12-13 00:00:00+08:00,26.792158165591783,27.037060659507176,26.253378313453794,26.351337432861328,4912855,0.0,0.0
2019-12-16 00:00:00+08:00,26.35133678933933,27.183999613841458,26.35133678933933,27.086040496826172,5854275,0.0,0.0
2019-12-17 00:00:00+08:00,27.232980298213924,27.526861407592616,26.792157695066592,27.135019302368164,5756771,0.0,0.0
2019-12-18 00:00:00+08:00,27.428900801863364,27.869721502937193,27.183998325535136,27.23297882080078,9627790,0.0,0.0
2019-12-19 00:00:00+08:00,27.135017807900812,27.281959293576616,26.645216611965104,26.792156219482422,3386513,0.0,0.0
2019-12-20 00:00:00+08:00,26.93909795291465,26.988078448590386,26.449296752474286,26.84113883972168,2416868,0.0,0.0
2019-12-23 00:00:00+08:00,27.03705999802713,27.08604049561187,26.645217895507812,26.645217895507812,2031505,0.0,0.0
2019-12-24 00:00:00+08:00,26.7431782682498,26.792156886536016,26.449297167739818,26.49827766418457,1449496,0.0,0.0
2019-12-25 00:00:00+08:00,26.69419629855468,27.477878563943765,26.596235311071634,27.037057876586914,7397255,0.0,0.0
2019-12-26 00:00:00+08:00,27.03706039848676,27.281961011879215,26.69419878847388,27.18400001525879,2945231,0.0,0.0
2019-12-27 00:00:00+08:00,27.42890123958883,28.212583541870117,27.232979255399616,28.212583541870117,11807224,0.0,0.0
2019-12-30 00:00:00+08:00,27.967682705849096,28.11462231460337,27.62482111454445,27.722780227661133,4525403,0.0,0.0
2019-12-31 00:00:00+08:00,27.67380184074319,27.820741450721677,27.33094024658203,27.33094024658203,2417292,0.0,0.0
2020-01-02 00:00:00+08:00,27.5268597154833,28.114621898110233,27.281959119081826,28.065641403198242,6275453,0.0,0.0
2020-01-03 00:00:00+08:00,28.016661334061247,28.506464412466315,27.086039429224485,27.281959533691406,8811468,0.0,0.0
2020-01-06 00:00:00+08:00,26.939099002857656,26.939099002857656,26.596237397923073,26.645217895507812,2778368,0.0,0.0
2020-01-07 00:00:00+08:00,26.84113904148682,26.988078651460075,26.155415853188916,26.449296951293945,2654728,0.0,0.0
2020-01-08 00:00:00+08:00,26.155416073602975,26.449297174184565,25.567653872439795,25.616634368896484,2823602,0.0,0.0
2020-01-09 00:00:00+08:00,25.91051545175519,26.64521726362736,25.91051545175519,26.05745506286621,3492059,0.0,0.0
2020-01-10 00:00:00+08:00,26.106435134308327,26.351335734279033,25.469692447489393,25.518672943115234,3511158,0.0,0.0
2020-01-13 00:00:00+08:00,25.66561382960256,26.694196701049805,25.616633335122508,26.694196701049805,5018955,0.0,0.0
2020-01-14 00:00:00+08:00,26.694197771805047,26.939098375870277,26.449297167739818,26.49827766418457,4581694,0.0,0.0
2020-01-15 00:00:00+08:00,26.449296322818462,26.841138403700576,26.351335333058316,26.74317741394043,3158333,0.0,0.0
2020-01-16 00:00:00+08:00,26.59623696651681,26.89011806909973,26.498277851094866,26.547256469726562,1617364,0.0,0.0
2020-01-17 00:00:00+08:00,26.743177195564304,26.743177195564304,26.253376007080078,26.253376007080078,1671152,0.0,0.0
2020-01-20 00:00:00+08:00,26.40031561236196,26.449296106842077,26.155415018119847,26.253376007080078,1263843,0.0,0.0
2020-01-30 00:00:00+08:00,23.755387831386418,24.441111056028983,23.657426834106445,23.657426834106445,5889457,0.0,0.0
2020-01-31 00:00:00+08:00,24.441110610961914,24.63703072379558,23.363547173138887,24.441110610961914,4358442,0.0,0.0
2020-02-03 00:00:00+08:00,23.51048618109642,23.853347778320312,22.677823375357566,23.853347778320312,3959476,0.0,0.0
2020-02-04 00:00:00+08:00,24.00028886324351,24.343150481519313,23.65742724496771,24.196210861206055,2928142,0.0,0.0
2020-02-05 00:00:00+08:00,24.49008857991866,25.028872162674794,24.098248364661423,24.29416847229004,4503288,0.0,0.0
2020-02-06 00:00:00+08:00,24.53906843976041,24.832949532658592,24.392128832390565,24.588048934936523,2041557,0.0,0.0
2020-02-07 00:00:00+08:00,24.490088598126352,24.490088598126352,23.755386785353906,23.853347778320312,2058136,0.0,0.0
2020-02-10 00:00:00+08:00,23.216605496771432,23.951309200880146,23.020685385483105,23.510486602783203,2231854,0.0,0.0
2020-02-11 00:00:00+08:00,23.804367065429688,23.902326179347003,23.70640607335385,23.804367065429688,1191160,0.0,0.0
2020-02-12 00:00:00+08:00,23.90232659139859,24.53906929455128,23.90232659139859,24.343149185180664,2747207,0.0,0.0
2020-02-13 00:00:00+08:00,24.490088789947382,24.539069286814232,23.902326583862305,23.902326583862305,1824435,0.0,0.0
2020-02-14 00:00:00+08:00,23.902326389944427,24.7349910736084,23.85334777163349,24.7349910736084,4479112,0.0,0.0
2020-02-17 00:00:00+08:00,24.686010151951436,26.106435134308327,24.490088169448068,25.518672943115234,13642552,0.0,0.0
2020-02-18 00:00:00+08:00,25.273773193359375,25.7635744097778,25.12683170153871,25.273773193359375,3337258,0.0,0.0
2020-02-19 00:00:00+08:00,25.273772557912014,25.81255425805764,25.273772557912014,25.56765365600586,3436773,0.0,0.0
2020-02-20 00:00:00+08:00,26.008476444601563,26.64521726362736,25.81255445890882,26.05745506286621,6353859,0.0,0.0
2020-02-21 00:00:00+08:00,26.400317676771213,27.72278174035391,26.351337178461,27.18400001525879,17128317,0.0,0.0
2020-02-24 00:00:00+08:00,26.547255621514566,27.379918405868665,26.44929650922252,26.792156219482422,5237083,0.0,0.0
2020-02-25 00:00:00+08:00,26.449296951293945,26.645217057311122,26.106435357144992,26.449296951293945,4988799,0.0,0.0
2020-02-26 00:00:00+08:00,26.20439656367459,27.232979476380258,26.106435570785084,26.49827766418457,6858468,0.0,0.0
2020-02-27 00:00:00+08:00,26.596235879626317,26.93909746498799,25.420711517333984,25.420711517333984,6756943,0.0,0.0
2020-03-02 00:00:00+08:00,24.490087227295138,27.330938960877624,24.441108611712046,27.037057876586914,17729689,0.0,0.0
2020-03-03 00:00:00+08:00,27.477878978255248,27.673800956175455,26.694196701049805,26.694196701049805,9073926,0.0,0.0
2020-03-04 00:00:00+08:00,26.74317928678409,27.18400001525879,26.449298175081424,27.18400001525879,5998018,0.0,0.0
2020-03-05 00:00:00+08:00,27.72277915449295,27.820740141976,27.037057876586914,27.037057876586914,6530774,0.0,0.0
2020-03-06 00:00:00+08:00,26.792157293211513,27.28196038693518,26.596237182617188,26.596237182617188,3230707,0.0,0.0
2020-03-09 00:00:00+08:00,26.596237182617188,26.596237182617188,26.596237182617188,26.596237182617188,0,0.0,0.0
2020-03-10 00:00:00+08:00,25.518673352983257,27.624821551612815,25.469692856570713,26.939098358154297,15110142,0.0,0.0
2020-03-11 00:00:00+08:00,27.037058944266125,28.702384528290168,26.49827724815002,26.84113883972168,26520149,0.0,0.0
2020-03-12 00:00:00+08:00,26.841138812378947,27.52686011666522,24.979891247547982,25.518672943115234,19975302,0.0,0.0
2020-03-13 00:00:00+08:00,25.518672943115234,25.518672943115234,25.518672943115234,25.518672943115234,0,0.0,0.0
2020-03-16 00:00:00+08:00,26.008475123623047,27.13501709334621,24.881929397583008,24.881929397583008,16191735,0.0,0.0
2020-03-17 00:00:00+08:00,24.000288600055608,26.15541740689982,24.000288600055608,25.028873443603516,13599329,0.0,0.0
2020-03-18 00:00:00+08:00,25.665613738005856,26.155414924741425,24.490087509155273,24.490087509155273,13358081,0.0,0.0
2020-03-19 00:00:00+08:00,24.343148763141684,24.343148763141684,22.041080474853516,22.041080474853516,17643242,0.0,0.0
2020-03-20 00:00:00+08:00,23.118643891123046,24.000287185860376,22.82476279287727,23.36354637145996,11510526,0.0,0.0
2020-03-23 00:00:00+08:00,22.237001009756153,22.677823604398665,21.64923880233851,21.698219299316406,4729458,0.0,0.0
2020-03-24 00:00:00+08:00,22.62884287466204,23.020684968296194,22.237000781027884,22.530881881713867,5385853,0.0,0.0
2020-03-25 00:00:00+08:00,23.314563344019767,23.951307896897276,23.020684132166256,23.216604232788086,6816250,0.0,0.0
2020-03-26 00:00:00+08:00,23.46150547132278,23.853347561467608,22.922723771222717,23.804367065429688,5700480,0.0,0.0
2020-03-27 00:00:00+08:00,24.49008948453876,24.637030979306882,23.559467530308414,23.608448028564453,7927999,0.0,0.0
2020-03-30 00:00:00+08:00,23.0206863860654,24.196210861206055,22.824764388102857,24.196210861206055,3423705,0.0,0.0
2020-03-31 00:00:00+08:00,24.441109534493208,24.588049143107092,23.65742536135747,23.755386352539062,3973549,0.0,0.0
2020-04-01 00:00:00+08:00,23.706405233229212,24.098247309487657,23.60844612278344,24.049266815185547,2960309,0.0,0.0
2020-04-06 00:00:00+08:00,24.343148123649705,24.343148123649705,23.853346932502635,24.098247528076172,2094833,0.0,0.0
2020-04-07 00:00:00+08:00,24.490087509155273,24.979890574049296,24.294167410092737,24.490087509155273,5554726,0.0,0.0
2020-04-08 00:00:00+08:00,24.783970719557697,25.56765300169976,24.588048740403327,25.420711517333984,7097705,0.0,0.0
2020-04-09 00:00:00+08:00,25.273772556881493,25.616634151003417,24.686010360717773,24.686010360717773,5648209,0.0,0.0
2020-04-10 00:00:00+08:00,24.53906800346052,24.8819295854388,24.392128398703232,24.490087509155273,2721072,0.0,0.0
2020-04-13 00:00:00+08:00,24.294168903439196,24.881931114914615,24.196209786965674,24.39212989807129,3959476,0.0,0.0
2020-04-14 00:00:00+08:00,24.49008857991866,24.83295017688764,24.098248364661423,24.29416847229004,6235245,0.0,0.0
2020-04-15 00:00:00+08:00,24.588048765483837,26.351335310720938,24.441109159126647,25.861534118652344,20676931,0.0,0.0
2020-04-16 00:00:00+08:00,25.714592634136682,26.54725541191668,25.567653027779496,25.861534118652344,13129901,0.0,0.0
2020-04-17 00:00:00+08:00,26.155416061793986,26.498277658677463,25.077852652867513,25.175811767578125,10242971,0.0,0.0
2020-04-20 00:00:00+08:00,24.97989125785341,25.518672953642938,24.881930266561316,25.077852249145508,4200724,0.0,0.0
2020-04-21 00:00:00+08:00,24.783971778962737,25.420712603956876,24.19620957269234,24.343149185180664,5169735,0.0,0.0
2020-04-22 00:00:00+08:00,23.951307704739776,24.196208298091882,23.559465628481327,24.049266815185547,5362733,0.0,0.0
2020-04-23 00:00:00+08:00,24.294167819007196,24.588048911626775,24.098247716646974,24.147226333618164,659410,0.0,0.0
2020-04-24 00:00:00+08:00,24.098247090006943,24.29416718727255,23.9023251145829,24.000286102294922,2497918,0.0,0.0
2020-04-27 00:00:00+08:00,24.24518732387752,24.343148314136876,24.098247716646974,24.147226333618164,3228697,0.0,0.0
2020-04-28 00:00:00+08:00,24.343148968736827,24.441109961630403,24.147226982949675,24.29416847229004,3519199,0.0,0.0
2020-04-29 00:00:00+08:00,24.39212924742799,24.6370298493171,24.196209141548408,24.245187759399414,4440966,0.0,0.0
2020-04-30 00:00:00+08:00,24.53906843976041,24.979891018186926,24.29416784203834,24.588048934936523,6514690,0.0,0.0
2020-05-04 00:00:00+08:00,24.294167819007196,24.392128809266552,24.098247716646974,24.147226333618164,2371263,0.0,0.0
2020-05-05 00:00:00+08:00,24.39212924742799,24.783971337345672,24.196209141548408,24.245187759399414,3025647,0.0,0.0
2020-05-06 00:00:00+08:00,24.343148123649705,24.588048719223238,24.000286538583367,24.098247528076172,2775352,0.0,0.0
2020-05-07 00:00:00+08:00,24.147226356510007,24.881930027834702,24.098247739492383,24.588048934936523,5168730,0.0,0.0
2020-05-08 00:00:00+08:00,24.832950397686478,25.028872385215646,24.343149185180664,24.343149185180664,4326373,0.0,0.0
2020-05-11 00:00:00+08:00,24.588049369640206,25.910515250141763,24.588049369640206,25.56765365600586,12352883,0.0,0.0
2020-05-12 00:00:00+08:00,25.61663435733075,25.812554464910505,25.077852652867513,25.175811767578125,5739682,0.0,0.0
2020-05-13 00:00:00+08:00,25.273771329856448,26.939096845417023,25.273771329856448,26.155414581298828,30692728,0.0,0.0
2020-05-14 00:00:00+08:00,25.71459479447682,26.106436907946303,24.97989294465,25.028873443603516,7891812,0.0,0.0
2020-05-15 00:00:00+08:00,25.46969309430818,25.66561508178711,24.539069288258926,25.66561508178711,6684569,0.0,0.0
2020-05-18 00:00:00+08:00,26.057453969272053,26.4003155516864,25.37173080444336,25.37173080444336,7939057,0.0,0.0
2020-05-19 00:00:00+08:00,25.71459391250424,25.861535404324908,25.22479269608582,25.273773193359375,6020133,0.0,0.0
2020-05-20 00:00:00+08:00,25.518673358528247,26.596236767204175,25.469692862105063,26.05745506286621,16535513,0.0,0.0
2020-05-21 00:00:00+08:00,26.20439656367459,26.7431782682498,26.106435570785084,26.49827766418457,14110975,0.0,0.0
2020-05-22 00:00:00+08:00,26.498278066399305,27.575841491905955,26.449297569211083,26.596237182617188,17357766,0.0,0.0
2020-05-25 00:00:00+08:00,27.33094004430776,29.24116622884174,26.89011746131776,29.045246124267578,39361559,0.0,0.0
2020-05-26 00:00:00+08:00,29.29014649822448,29.486068479443425,27.526859936204936,27.67380142211914,33202708,0.0,0.0
2020-05-27 00:00:00+08:00,27.967682295502637,28.212582891938876,27.52685971939063,27.624820709228516,10509349,0.0,0.0
2020-05-28 00:00:00+08:00,27.771760315826867,28.457483488375114,27.477879224471685,27.624820709228516,11388897,0.0,0.0
2020-05-29 00:00:00+08:00,27.820741007671547,28.114622101106928,27.03705871789669,27.23297882080078,9186508,0.0,0.0
2020-06-01 00:00:00+08:00,27.57584128466509,27.869722387427256,27.28196018190292,27.42890167236328,4852092,0.0,0.0
2020-06-02 00:00:00+08:00,27.67380184074319,28.016661556745827,27.281959750536362,27.33094024658203,5810046,0.0,0.0
2020-06-03 00:00:00+08:00,27.86972171457391,27.86972171457391,27.477879627631673,27.722780227661133,4393722,0.0,0.0
2020-06-04 00:00:00+08:00,28.065641403198242,29.290146263364097,28.01666090828625,28.065641403198242,28695398,0.0,0.0
2020-06-05 00:00:00+08:00,28.065642692551627,28.359523797366176,27.820742084899262,27.918703079223633,8362245,0.0,0.0
2020-06-08 00:00:00+08:00,28.26156403791742,28.45748414394811,27.91870244374482,28.212583541870117,6668486,0.0,0.0
2020-06-09 00:00:00+08:00,28.45748501119706,28.800346615818455,27.91870329457426,27.967683792114258,10992849,0.0,0.0
2020-06-10 00:00:00+08:00,27.967682716563395,28.11462232537396,27.037058933568126,27.281959533691406,8720096,0.0,0.0
2020-06-11 00:00:00+08:00,27.42890036196899,27.771760067012874,26.155415018119847,26.253376007080078,10175623,0.0,0.0
2020-06-12 00:00:00+08:00,25.37173207963417,26.20439676941547,25.37173207963417,26.106435775756836,6665470,0.0,0.0
2020-06-15 00:00:00+08:00,26.008476242225885,26.008476242225885,25.371731671837615,25.56765365600586,4632959,0.0,0.0
2020-06-16 00:00:00+08:00,25.763573962485637,26.25337704855895,25.763573962485637,26.05745506286621,5239094,0.0,0.0
2020-06-17 00:00:00+08:00,26.057455489749753,26.106435986975356,25.61663477103646,25.7145938873291,2837675,0.0,0.0
2020-06-18 00:00:00+08:00,25.714592634136682,26.00847560316801,25.6656140174566,25.861534118652344,2160171,0.0,0.0
2020-06-19 00:00:00+08:00,26.15541586737718,27.037059162170518,26.00847625732422,26.00847625732422,8973406,0.0,0.0
2020-06-22 00:00:00+08:00,25.910515469478074,25.910515469478074,25.51867337598311,25.616634368896484,3187484,0.0,0.0
2020-06-23 00:00:00+08:00,25.861535595490956,25.91051609312657,25.518673990200234,25.763574600219727,2695942,0.0,0.0
2020-06-24 00:00:00+08:00,25.861534336292213,26.10643493438749,25.81255384104146,25.91051483154297,2368247,0.0,0.0
2020-06-29 00:00:00+08:00,25.616633944935035,25.812554049360724,24.930910762207365,25.077852249145508,3224676,0.0,0.0
2020-06-30 00:00:00+08:00,25.175811550700132,25.420712152604757,24.979891444808132,25.1268310546875,2670812,0.0,0.0
2020-07-01 00:00:00+08:00,25.224791199499183,25.616633276281075,25.17581070513164,25.37173080444336,2640656,0.0,0.0
2020-07-02 00:00:00+08:00,25.616633496488355,25.616633496488355,25.37173102254539,25.420711517333984,2132025,0.0,0.0
2020-07-03 00:00:00+08:00,25.61663434580834,27.18399896205847,25.518673352983257,26.939098358154297,16940608,0.0,0.0
2020-07-06 00:00:00+08:00,27.575840848651854,27.771760954676008,26.74317805035105,27.33094024658203,13861686,0.0,0.0
2020-07-07 00:00:00+08:00,27.624821116809528,27.918702212500676,26.40031623840332,26.40031623840332,10326403,0.0,0.0
2020-07-08 00:00:00+08:00,26.54725605129461,27.232979239232733,26.400316441398452,26.890117645263672,5403946,0.0,0.0
2020-07-09 00:00:00+08:00,26.988079281964406,27.52686099471773,26.547256685428962,26.596237182617188,7051466,0.0,0.0
2020-07-10 00:00:00+08:00,26.694198176993634,27.183999392558736,26.155416464240307,26.596237182617188,7100721,0.0,0.0
2020-07-13 00:00:00+08:00,27.771761546586003,29.241167068481445,27.62482193347574,29.241167068481445,54898910,0.0,0.0
2020-07-14 00:00:00+08:00,29.388107697060736,30.318731479969095,28.408503418500594,28.60442352294922,54350072,0.0,0.0
2020-07-15 00:00:00+08:00,28.898305836062086,29.241165541467616,27.477879007274332,27.57583999633789,16058044,0.0,0.0
2020-07-16 00:00:00+08:00,27.918703243551455,29.975870989361667,27.575841639556657,29.29014778137207,36636466,0.0,0.0
2020-07-17 00:00:00+08:00,29.38810793437131,29.38810793437131,26.939098157274316,28.212583541870117,19275684,0.0,0.0
2020-07-20 00:00:00+08:00,28.506465508737058,28.702385620738465,27.869722797034264,27.967683792114258,6937879,0.0,0.0
2020-07-21 00:00:00+08:00,28.359522302465376,29.094225964852974,28.212582696882933,28.457483291625977,14996555,0.0,0.0
2020-07-22 00:00:00+08:00,28.99626685818011,31.298335227640848,28.702385749777495,30.22077178955078,54556138,0.0,0.0
2020-07-23 00:00:00+08:00,30.563632302277128,32.326917011451435,30.416690814253467,31.739154815673828,53807265,0.0,0.0
2020-07-24 00:00:00+08:00,31.984054313362847,32.13099767447207,29.926888577319676,30.61260986328125,33067006,0.0,0.0
2020-07-27 00:00:00+08:00,31.347312575015305,32.13099670410156,30.416688845574367,32.13099670410156,32125135,0.0,0.0
2020-07-28 00:00:00+08:00,33.20856172999589,34.72694769472258,29.633008108126894,29.87790870666504,74238928,0.0,0.0
2020-07-29 00:00:00+08:00,30.073829233601707,31.396295113763017,30.073829233601707,31.2983341217041,20634712,0.0,0.0
2020-07-30 00:00:00+08:00,30.906493293277247,31.543235972641728,30.51465121101638,31.15139389038086,12339815,0.0,0.0
2020-07-31 00:00:00+08:00,31.29833476309833,31.690176861205472,30.955473162024404,31.004453659057617,11916627,0.0,0.0
2020-08-03 00:00:00+08:00,30.85751364422971,31.15139474444293,30.17179045101268,30.906494140625,11360752,0.0,0.0
2020-08-04 00:00:00+08:00,31.347315041541755,31.690176640224855,30.465671735567447,30.955472946166992,15548408,0.0,0.0
2020-08-05 00:00:00+08:00,30.95547274675087,31.249353846849118,30.367710546554385,30.46567153930664,10933543,0.0,0.0
2020-08-06 00:00:00+08:00,30.416690177242632,30.710571268976743,29.779947498792314,29.828927993774414,11329591,0.0,0.0
2020-08-07 00:00:00+08:00,29.87790914034572,30.36771034453152,29.828928644295438,29.97587013244629,5600965,0.0,0.0
2020-08-10 00:00:00+08:00,29.58402888543209,30.26975021520553,28.800346560765917,28.84932518005371,8757288,0.0,0.0
2020-08-11 00:00:00+08:00,28.702383886369024,29.33912655959602,28.310541807885073,28.457483291625977,6831328,0.0,0.0
2020-08-12 00:00:00+08:00,28.45748307293925,28.702383665800316,28.114621491670384,28.40850257873535,4733479,0.0,0.0
2020-08-13 00:00:00+08:00,28.702383665800316,28.849323270253574,28.40850257873535,28.40850257873535,3245785,0.0,0.0
2020-08-14 00:00:00+08:00,28.408502186281407,29.24116494176944,28.3105411992269,29.192184448242188,7890807,0.0,0.0
2020-08-17 00:00:00+08:00,29.38810708021117,29.975869259378563,29.24116559634009,29.77994728088379,7870703,0.0,0.0
2020-08-18 00:00:00+08:00,30.122808865091177,30.465670449298567,29.681988169794867,29.77994728088379,11443178,0.0,0.0
2020-08-19 00:00:00+08:00,29.68199031800644,29.779949436185078,28.898307981784324,29.38810920715332,6865505,0.0,0.0
2020-08-20 00:00:00+08:00,29.38810793234422,29.92688963251035,26.449296951293945,26.449296951293945,22384763,0.0,0.0
2020-08-21 00:00:00+08:00,26.547256282470787,27.086039865204533,26.057455074340332,26.49827766418457,11978949,0.0,0.0
2020-08-24 00:00:00+08:00,26.351335973500635,26.49827746171212,25.861534769112733,26.00847625732422,4278124,0.0,0.0
2020-08-25 00:00:00+08:00,26.155414800117587,26.49827638046222,26.155414800117587,26.204395294189453,3419684,0.0,0.0
2020-08-26 00:00:00+08:00,26.155416251721697,26.645217463307056,26.00847663950951,26.547256469726562,3343289,0.0,0.0
2020-08-27 00:00:00+08:00,26.547254996375642,26.792155588576538,26.155414800117587,26.204395294189453,3889112,0.0,0.0
2020-08-28 00:00:00+08:00,26.20439507496092,26.645215761602895,26.106434087636735,26.155414581298828,2820586,0.0,0.0
2020-08-31 00:00:00+08:00,26.351335307454555,26.498276791952,26.20439570111558,26.30235481262207,1929980,0.0,0.0
2020-09-01 00:00:00+08:00,26.351335307454555,26.44929629711952,26.155415206283095,26.30235481262207,1259513,0.0,0.0
2020-09-02 00:00:00+08:00,26.449296322818462,26.98807801018232,26.449296322818462,26.74317741394043,4528418,0.0,0.0
2020-09-03 00:00:00+08:00,27.037058284251703,27.13501739505335,26.694196701049805,26.694196701049805,3071886,0.0,0.0
2020-09-04 00:00:00+08:00,26.253375611197832,27.037057876586914,26.057453636231738,27.037057876586914,3307102,0.0,0.0
2020-09-07 00:00:00+08:00,27.91870285114206,29.339127866448475,27.86972235438002,28.751365661621094,20735232,0.0,0.0
2020-09-08 00:00:00+08:00,28.702385156121217,28.751365652868344,28.01666195797851,28.310543060302734,6646371,0.0,0.0
2020-09-09 00:00:00+08:00,27.918702842642798,28.50646504729125,27.428901631488607,28.310543060302734,3794623,0.0,0.0
2020-09-10 00:00:00+08:00,28.55544600627705,28.800346615818455,27.91870329457426,27.967683792114258,3169390,0.0,0.0
2020-09-11 00:00:00+08:00,28.114620603642372,28.21258158895598,27.673799926047902,27.771759033203125,2346133,0.0,0.0
2020-09-14 00:00:00+08:00,28.065642454725637,28.60442416262696,27.918702842642798,28.310543060302734,3193515,0.0,0.0
2020-09-15 00:00:00+08:00,28.506463567143154,28.849323270253574,28.40850257873535,28.40850257873535,3571469,0.0,0.0
2020-09-16 00:00:00+08:00,28.84932564317665,29.143208632572613,28.506465911865234,28.506465911865234,5776875,0.0,0.0
2020-09-17 00:00:00+08:00,28.604423327005364,29.143206897325733,28.555444709847595,28.996265411376953,4525403,0.0,0.0
2020-09-18 00:00:00+08:00,29.241166872924396,29.290147369686434,28.702385164859052,28.751365661621094,3325196,0.0,0.0
2020-09-21 00:00:00+08:00,29.045245247069182,29.094225741273085,28.40850257873535,28.40850257873535,2758264,0.0,0.0
2020-09-22 00:00:00+08:00,28.506465055969443,29.094227260796824,28.01666196650759,28.751365661621094,5095350,0.0,0.0
2020-09-23 00:00:00+08:00,29.04524759813158,29.38810920715332,28.80034698544708,29.38810920715332,8000374,0.0,0.0
2020-09-24 00:00:00+08:00,29.290147369686434,29.975870568037895,28.751365661621094,28.751365661621094,17496483,0.0,0.0
2020-09-25 00:00:00+08:00,28.80034595287968,28.947285563958772,26.302355661108322,26.939098358154297,10505328,0.0,0.0
2020-09-28 00:00:00+08:00,27.379918636356486,27.722780227661133,26.792156445022382,27.722780227661133,4592751,0.0,0.0
2020-09-29 00:00:00+08:00,27.673802901361256,27.673802901361256,27.135019302368164,27.135019302368164,3155317,0.0,0.0
2020-09-30 00:00:00+08:00,27.330940029347765,27.47787963815833,26.841138829101205,27.281959533691406,1702806,0.0,0.0
2020-10-05 00:00:00+08:00,27.42890102066048,27.47787963815833,27.183998542378692,27.281959533691406,1661592,0.0,0.0
2020-10-06 00:00:00+08:00,27.428900390901017,28.016660690806983,27.428900390901017,27.57583999633789,2649702,0.0,0.0
2020-10-07 00:00:00+08:00,27.62482030594826,28.506463567143154,27.57583981174436,28.40850257873535,5053132,0.0,0.0
2020-10-08 00:00:00+08:00,28.35952401611707,28.506465508737058,27.91870329457426,27.967683792114258,3828800,0.0,0.0
2020-10-12 00:00:00+08:00,28.163603237908845,28.163603237908845,27.33094043390119,27.379919052124023,2295873,0.0,0.0
2020-10-13 00:00:00+08:00,27.624822621892093,27.72278174035391,27.08604089679697,27.18400001525879,2058646,0.0,0.0
2020-10-14 00:00:00+08:00,27.330941262015667,28.16360409125261,27.18399976841931,28.01666259765625,3082943,0.0,0.0
2020-10-15 00:00:00+08:00,27.918702640914592,28.89830693430334,27.918702640914592,28.70238494873047,10533474,0.0,0.0
2020-10-16 00:00:00+08:00,28.60442462565847,28.849325235199874,27.967683792114258,27.967683792114258,4016772,0.0,0.0
2020-10-19 00:00:00+08:00,28.16360451410761,28.55544662475586,27.967684397862794,28.55544662475586,2566271,0.0,0.0
2020-10-20 00:00:00+08:00,28.50646378620628,28.55544428078658,28.11462170772233,28.457483291625977,1881731,0.0,0.0
2020-10-21 00:00:00+08:00,28.55544662475586,28.751366741000673,28.261565511309325,28.55544662475586,3984606,0.0,0.0
2020-10-22 00:00:00+08:00,28.898305642615924,29.437085444383502,28.40850257873535,28.40850257873535,13369138,0.0,0.0
2020-10-23 00:00:00+08:00,28.359521865844727,28.457482853497133,27.967681671551976,28.359521865844727,2737155,0.0,0.0
2020-10-26 00:00:00+08:00,28.408504513657064,28.506465508737058,27.967683792114258,27.967683792114258,2286826,0.0,0.0
2020-10-27 00:00:00+08:00,27.624820271733743,27.722779381861773,27.42890017331924,27.526859283447266,2022459,0.0,0.0
2020-10-28 00:00:00+08:00,27.624822213965277,27.82074232615443,27.086040496826172,27.086040496826172,3416669,0.0,0.0
2020-10-29 00:00:00+08:00,26.547254601760585,27.08603815038387,26.302354013200045,26.98807716369629,3157328,0.0,0.0
2020-10-30 00:00:00+08:00,26.988079062680224,27.13501867489241,26.547256469726562,26.547256469726562,3101037,0.0,0.0
2020-11-02 00:00:00+08:00,26.547256065223273,26.74317804939897,26.30235546316217,26.449296951293945,2155145,0.0,0.0
2020-11-03 00:00:00+08:00,26.645216611965104,26.988078200383494,26.645216611965104,26.792156219482422,1452511,0.0,0.0
2020-11-04 00:00:00+08:00,27.03705935097938,27.330940451296097,26.890117861741754,26.939098358154297,2643671,0.0,0.0
2020-11-05 00:00:00+08:00,27.03705935097938,27.13501846564593,26.79215686891667,26.939098358154297,1300726,0.0,0.0
2020-11-06 00:00:00+08:00,27.135018057459092,27.281959544486305,26.84113883972168,26.84113883972168,2353169,0.0,0.0
2020-11-09 00:00:00+08:00,27.037058933568126,27.379918646845617,27.037058933568126,27.281959533691406,1729946,0.0,0.0
2020-11-10 00:00:00+08:00,27.330941106602257,27.477880721204478,27.037059999239236,27.086040496826172,1396220,0.0,0.0
2020-11-11 00:00:00+08:00,27.23297882080078,27.330939811332073,27.086039213162337,27.23297882080078,1264539,0.0,0.0
2020-11-12 00:00:00+08:00,27.477880721204478,27.52686121879141,27.086040496826172,27.086040496826172,1630431,0.0,0.0
2020-11-13 00:00:00+08:00,27.183998944757086,27.47788004488676,26.841139226404575,27.379919052124023,1449496,0.0,0.0
2020-11-16 00:00:00+08:00,27.428899340922268,27.869720018516734,27.428899340922268,27.771759033203125,2885924,0.0,0.0
2020-11-17 00:00:00+08:00,28.016660912263106,28.26156338685782,27.624820709228516,27.624820709228516,2680864,0.0,0.0
2020-11-18 00:00:00+08:00,27.67380098540145,27.771760096306547,27.52685950180611,27.57583999633789,1461558,0.0,0.0
2020-11-19 00:00:00+08:00,27.575841477246897,28.11462318971381,27.575841477246897,27.918703079223633,2163186,0.0,0.0
2020-11-20 00:00:00+08:00,28.163602836446085,29.192185733158574,28.163602836446085,29.045246124267578,14831702,0.0,0.0
2020-11-23 00:00:00+08:00,29.3881064223512,29.681987505356297,28.751363762813757,29.192184448242188,13278670,0.0,0.0
2020-11-24 00:00:00+08:00,29.24116544203692,31.837114739967888,29.24116544203692,31.05343246459961,39880241,0.0,0.0
2020-11-25 00:00:00+08:00,31.837116261523132,32.082016866895074,30.563632737957334,31.39629554748535,25018383,0.0,0.0
2020-11-26 00:00:00+08:00,31.494254227663415,31.83711582171111,31.151394511774242,31.2983341217041,9771533,0.0,0.0
2020-11-27 00:00:00+08:00,31.739154380565417,31.984054979089017,31.20037268818179,31.641193389892578,16985842,0.0,0.0
2020-11-30 00:00:00+08:00,32.27793840905486,33.69836340317101,31.935076814994027,32.17997741699219,28062123,0.0,0.0
2020-12-01 00:00:00+08:00,32.22895557761262,32.81671776533267,31.494253782041813,31.641193389892578,10297252,0.0,0.0
2020-12-02 00:00:00+08:00,32.22895708273904,32.47386144901692,31.83711685806532,31.98405647277832,9768518,0.0,0.0
2020-12-03 00:00:00+08:00,32.47385913381111,34.58000723437038,32.47385913381111,32.767738342285156,41823290,0.0,0.0
2020-12-04 00:00:00+08:00,32.81671742115755,33.649383954985346,32.767738804493305,33.306522369384766,14330108,0.0,0.0
2020-12-07 00:00:00+08:00,34.48204803466797,35.26572846879234,33.698363844226506,34.48204803466797,21822857,0.0,0.0
2020-12-08 00:00:00+08:00,34.775926792974246,36.04941217677948,33.79632438527039,35.26572799682617,22258108,0.0,0.0
2020-12-09 00:00:00+08:00,36.00042980802193,38.792301177978516,35.7555292060591,38.792301177978516,46702523,0.0,0.0
2020-12-10 00:00:00+08:00,39.771906117069705,41.58417126703554,38.988221961137945,40.2617073059082,89227441,0.0,0.0
2020-12-11 00:00:00+08:00,40.75151018231197,41.14335039834592,37.37187658052824,38.00861740112305,37941213,0.0,0.0
2020-12-14 00:00:00+08:00,38.498422397635714,40.26170900568736,38.008617431801575,39.331085205078125,22717483,0.0,0.0
2020-12-15 00:00:00+08:00,38.74332610420307,39.23312735293384,36.93105697631836,36.93105697631836,16929551,0.0,0.0
2020-12-16 00:00:00+08:00,37.71473779076591,38.204538994856314,37.32289757875699,37.4698371887207,9417703,0.0,0.0
2020-12-17 00:00:00+08:00,37.32289633241238,38.05759811401367,36.68615178330438,38.05759811401367,10473162,0.0,0.0
2020-12-18 00:00:00+08:00,38.30249870788077,38.498420685501216,37.22493534360215,38.05759811401367,10518396,0.0,0.0
2020-12-21 00:00:00+08:00,37.56779689446218,37.714736499394604,36.34329016984683,36.73513412475586,8148138,0.0,0.0
2020-12-22 00:00:00+08:00,36.73513280301992,38.351475911754186,36.24533163332367,36.44124984741211,11888481,0.0,0.0
2020-12-23 00:00:00+08:00,36.73513741564834,38.40046310424805,36.73513741564834,38.40046310424805,14591460,0.0,0.0
2020-12-24 00:00:00+08:00,38.988222285803346,39.38006248887372,37.76371554719337,38.596378326416016,14399467,0.0,0.0
2020-12-25 00:00:00+08:00,38.64536450081821,40.35967260097193,38.64536450081821,39.03720474243164,22834087,0.0,0.0
2020-12-28 00:00:00+08:00,39.18414433027506,41.04538811517401,39.18414433027506,40.80048751831055,21864070,0.0,0.0
2020-12-29 00:00:00+08:00,41.339274149430146,42.318876609496,39.77190946206132,40.16374969482422,24561017,0.0,0.0
2020-12-30 00:00:00+08:00,40.457625018433674,40.75150798182797,39.282100677490234,39.282100677490234,9099055,0.0,0.0
2020-12-31 00:00:00+08:00,39.86986504327142,39.96782603646343,38.89026262398543,39.771907806396484,6955972,0.0,0.0
2021-01-04 00:00:00+08:00,40.45762801090237,42.36785802346423,40.35967077217568,41.73111343383789,24511763,0.0,0.0
2021-01-05 00:00:00+08:00,40.653545772938095,41.14334694089978,40.16374460497641,40.31068420410156,12889659,0.0,0.0
2021-01-06 00:00:00+08:00,40.35967043610032,41.290290490474575,37.61677762298171,38.988224029541016,19610415,0.0,0.0
2021-01-07 00:00:00+08:00,39.18414776386161,39.624966623053275,38.05760191452034,38.4984245300293,9620753,0.0,0.0
2021-01-08 00:00:00+08:00,38.74332127936832,39.18414385085586,37.71473653133635,38.05759811401367,9175451,0.0,0.0
2021-01-11 00:00:00+08:00,38.400458605786284,41.48620900590331,38.400458605786284,40.84946823120117,21712285,0.0,0.0
2021-01-12 00:00:00+08:00,40.8494719910777,43.24949946622442,40.751510996033865,41.73111343383789,55171319,0.0,0.0
2021-01-13 00:00:00+08:00,44.0821593562501,45.89442825317383,43.69031915846625,45.89442825317383,24388123,0.0,0.0
2021-01-14 00:00:00+08:00,46.041368308017425,49.95978159312273,45.551567116918875,49.0781364440918,93347750,0.0,0.0
2021-01-15 00:00:00+08:00,51.23327091067602,52.01695513090323,48.09853778608444,49.95978546142578,61433705,0.0,0.0
2021-01-18 00:00:00+08:00,51.82103181128796,52.702673249715346,49.959784183553644,51.42919158935547,48770216,0.0,0.0
2021-01-19 00:00:00+08:00,51.918989713240954,52.212868923105816,48.68629586682604,48.98017883300781,29384965,0.0,0.0
2021-01-20 00:00:00+08:00,49.37202419959022,50.449587675749605,46.97199662797693,48.39242172241211,26230652,0.0,0.0
2021-01-21 00:00:00+08:00,49.86182411523832,51.13530955557195,47.265874614538575,47.65771484375,33697266,0.0,0.0
2021-01-22 00:00:00+08:00,47.020972745314715,48.78425936412591,46.825050757785554,48.68629837036133,16036935,0.0,0.0
2021-01-25 00:00:00+08:00,48.441396089341765,48.53935707971954,46.82504913890094,48.294456481933594,12698671,0.0,0.0
2021-01-26 00:00:00+08:00,48.93119945556364,49.274061058937136,47.020973205566406,47.020973205566406,10234930,0.0,0.0
2021-01-27 00:00:00+08:00,47.118931256962654,48.24547323511897,46.04136789495,48.098533630371094,14604527,0.0,0.0
2021-01-28 00:00:00+08:00,46.87403364440412,47.46179585708929,45.25768662044063,46.13933181762695,9987651,0.0,0.0
2021-01-29 00:00:00+08:00,46.62913079651629,47.02097100071927,43.88623809814453,43.88623809814453,9777564,0.0,0.0
2021-02-01 00:00:00+08:00,43.102560165080945,45.25768704643984,41.976014348365005,44.914825439453125,13940091,0.0,0.0
2021-02-02 00:00:00+08:00,44.914824966122275,47.020973205566406,44.86584634691912,47.020973205566406,12711739,0.0,0.0
2021-02-03 00:00:00+08:00,46.97199333000758,47.80465612841001,45.64952932740571,46.28627014160156,12543870,0.0,0.0
2021-02-04 00:00:00+08:00,45.84544451748029,46.43320667483666,45.15972137451172,45.15972137451172,6494586,0.0,0.0
2021-02-05 00:00:00+08:00,45.5515652719152,45.60054388651447,44.5229805584795,44.71889877319336,6117637,0.0,0.0
2021-02-17 00:00:00+08:00,46.58014894487975,47.314854500923126,45.061762971655064,45.30666732788086,11111463,0.0,0.0
2021-02-18 00:00:00+08:00,45.061766326988234,45.894432936259506,44.32706447255541,45.649532318115234,8622591,0.0,0.0
2021-02-19 00:00:00+08:00,45.01278221203901,46.13932792306066,44.71889925234417,45.25768280029297,7337948,0.0,0.0
2021-02-22 00:00:00+08:00,45.79646695877112,49.763858795166016,45.74748458667723,49.763858795166016,22727535,0.0,0.0
2021-02-23 00:00:00+08:00,51.4291885892016,53.19247136319417,49.274058103500955,50.743465423583984,55022550,0.0,0.0
2021-02-24 00:00:00+08:00,49.95978643716055,50.25366567778706,48.39242172241211,48.39242172241211,20322096,0.0,0.0
2021-02-25 00:00:00+08:00,48.98018050728701,49.76386093125962,47.3148549109489,47.608734130859375,14206469,0.0,0.0
2021-02-26 00:00:00+08:00,46.13933011733699,47.41281173429456,45.747486152442036,46.62913131713867,9879089,0.0,0.0
2021-03-02 00:00:00+08:00,47.26587079576121,47.7066933657067,45.94340684224166,46.33524703979492,6482524,0.0,0.0
2021-03-03 00:00:00+08:00,46.53117156080815,47.02097277360868,45.35564714756,46.923011779785156,4805853,0.0,0.0
2021-03-04 00:00:00+08:00,47.118932924574935,47.118932924574935,45.74748654821199,45.8454475402832,5390879,0.0,0.0
2021-03-05 00:00:00+08:00,45.0617654854216,45.84544970263768,44.914825868542714,45.012786865234375,4703323,0.0,0.0
2021-03-08 00:00:00+08:00,45.64953200266864,46.04137223772833,43.20052208183173,43.34746170043945,6927827,0.0,0.0
2021-03-09 00:00:00+08:00,44.08216094970703,45.06176335773522,42.95561517542098,44.08216094970703,11033057,0.0,0.0
2021-03-10 00:00:00+08:00,44.473999840133935,44.76788280760004,43.78827667236328,43.78827667236328,4667136,0.0,0.0
2021-03-11 00:00:00+08:00,44.229100979427535,46.18830957039586,44.18012236108809,45.94340896606445,7414343,0.0,0.0
2021-03-12 00:00:00+08:00,46.090345725990176,48.833234578601534,46.090345725990176,47.90261459350586,15950488,0.0,0.0
2021-03-15 00:00:00+08:00,48.784258510200914,49.665899926015605,48.29445730626863,48.93119812011719,19134956,0.0,0.0
2021-03-16 00:00:00+08:00,51.13530730992671,51.42919028616709,49.37202072143555,49.37202072143555,25869786,0.0,0.0
2021-03-17 00:00:00+08:00,49.861819783036914,51.23326610059576,49.56794057574109,49.763858795166016,16136450,0.0,0.0
2021-03-18 00:00:00+08:00,51.33122760035381,51.72306779942806,50.44958245704061,50.743465423583984,15170454,0.0,0.0
2021-03-19 00:00:00+08:00,50.44958539217164,51.723070808649815,50.05774517030033,50.54754638671875,23809129,0.0,0.0
2021-03-22 00:00:00+08:00,51.33122574845524,55.54351806640625,50.74346359289036,55.54351806640625,30340908,0.0,0.0
2021-03-23 00:00:00+08:00,57.7966124700856,59.07009407654325,50.93938446044922,50.93938446044922,71720906,0.0,0.0
2021-03-24 00:00:00+08:00,51.429190677266845,55.83740530385906,51.1353076987916,53.878196716308594,48280684,0.0,0.0
2021-03-25 00:00:00+08:00,54.465960655018684,56.033325321285375,52.40879476531348,54.270042419433594,34015914,0.0,0.0
2021-03-26 00:00:00+08:00,53.87819631275041,55.15168169730371,53.68227808488478,54.66188049316406,14461789,0.0,0.0
2021-03-29 00:00:00+08:00,55.151678501696026,58.58029048832937,54.66187732593652,58.28641128540039,41468455,0.0,0.0
2021-03-30 00:00:00+08:00,58.286413397000956,61.61706451788188,57.89456943714417,59.65785598754883,54191251,0.0,0.0
2021-03-31 00:00:00+08:00,59.65785382626363,60.34357697485367,57.30680517756457,58.28641128540039,19154055,0.0,0.0
2021-04-01 00:00:00+08:00,59.168058210309724,60.93134486252361,57.894572779880164,58.67825698852539,29732763,0.0,0.0
2021-04-07 00:00:00+08:00,66.12324023564462,69.5518484073241,65.43751709878201,67.59264373779297,60841643,0.0,0.0
2021-04-08 00:00:00+08:00,67.88652726891117,74.25395036395521,66.41712367297039,72.98046875,50708238,0.0,0.0
2021-04-09 00:00:00+08:00,73.66619022696624,76.60499735088247,71.60902073264458,73.47026824951172,41449356,0.0,0.0
2021-04-12 00:00:00+08:00,72.29474457503578,74.05802736338597,66.22120078018776,66.61304473876953,39742529,0.0,0.0
2021-04-13 00:00:00+08:00,67.98449108117184,70.33553229476081,66.61304473876953,66.61304473876953,18426291,0.0,0.0
2021-04-14 00:00:00+08:00,67.59264629888182,68.67020590289933,61.225223369010116,67.29876708984375,22020881,0.0,0.0
2021-04-15 00:00:00+08:00,69.062046336063,69.74776946395092,66.90691972525816,67.39672088623047,10760648,0.0,0.0
2021-04-16 00:00:00+08:00,67.78857162380166,69.0620532676186,67.00488367748278,67.2008056640625,10741550,0.0,0.0
2021-04-19 00:00:00+08:00,67.78857660823901,69.55185959184088,67.0048886042962,69.25798034667969,14867889,0.0,0.0
2021-04-20 00:00:00+08:00,68.57225196579917,74.84171796479656,68.47429472895737,73.37230682373047,42442492,0.0,0.0
2021-04-21 00:00:00+08:00,73.37230520133714,76.9968430864852,72.68658202070465,72.98046875,42930013,0.0,0.0
2021-04-22 00:00:00+08:00,73.17638966747704,73.86211283813421,65.73139953613281,65.73139953613281,43469805,0.0,0.0
2021-04-23 00:00:00+08:00,65.53547681034776,68.08244748482319,63.08647088064087,67.29876708984375,24294640,0.0,0.0
2021-04-26 00:00:00+08:00,68.0824492033988,69.06205160000923,66.31915887939283,66.80896759033203,16047992,0.0,0.0
2021-04-27 00:00:00+08:00,66.51507988583967,67.39672503491387,64.65383235452029,64.8497543334961,11506506,0.0,0.0
2021-04-28 00:00:00+08:00,64.84975524450759,67.29876874715823,63.57627363222573,65.92732238769531,11194894,0.0,0.0
2021-04-29 00:00:00+08:00,65.24160136600308,66.12324655662543,63.67423297296717,63.77219772338867,9355381,0.0,0.0
2021-05-03 00:00:00+08:00,62.59667000895592,62.79259199859976,59.07009673326963,60.34358215332031,17134612,0.0,0.0
2021-05-04 00:00:00+08:00,61.71502511675208,62.00890432846537,54.36799599179968,59.559898376464844,19222409,0.0,0.0
2021-05-05 00:00:00+08:00,58.7762136566761,61.51910255051014,56.8170051574707,56.8170051574707,11297424,0.0,0.0
2021-05-06 00:00:00+08:00,56.91496825981166,58.482332863600824,55.641482875844254,57.30680847167969,8890979,0.0,0.0
2021-05-07 00:00:00+08:00,58.286413863285794,60.6374626159668,57.60069068436767,60.6374626159668,8831673,0.0,0.0
2021-05-10 00:00:00+08:00,60.73542202741559,60.833383021674805,57.30680976624579,57.60069274902344,8680893,0.0,0.0
2021-05-11 00:00:00+08:00,55.15167993450175,56.22924330043043,51.918989836715696,52.506752014160156,14561304,0.0,0.0
2021-05-12 00:00:00+08:00,53.38839595275717,55.837405768494754,48.490376321282014,54.85780334472656,30935986,0.0,0.0
2021-05-13 00:00:00+08:00,53.8781959058293,56.22924467299666,52.212870321805255,53.68227767944336,20409548,0.0,0.0
2021-05-14 00:00:00+08:00,54.36799571673384,55.64148105912128,49.56794107004433,50.743465423583984,14625636,0.0,0.0
2021-05-17 00:00:00+08:00,45.7964693514901,51.72306998599829,45.7964693514901,48.147518157958984,13900888,0.0,0.0
2021-05-18 00:00:00+08:00,50.35162313357197,52.89859390258789,49.27405973323971,52.89859390258789,11001896,0.0,0.0
2021-05-19 00:00:00+08:00,52.702671890760456,55.93536584637816,52.11490969485878,53.780235290527344,15622793,0.0,0.0
2021-05-20 00:00:00+08:00,53.78023446419951,55.837403996405676,53.094515043114434,54.46595764160156,10936558,0.0,0.0
2021-05-21 00:00:00+08:00,55.24964356297042,57.012930179543424,54.07411915192175,54.85780334472656,13530975,0.0,0.0
2021-05-24 00:00:00+08:00,54.36799947545239,58.67825698852539,53.388397031883734,58.67825698852539,10855137,0.0,0.0
2021-05-25 00:00:00+08:00,60.14765969980452,63.87015493642595,58.09049384967807,62.008907318115234,31410439,0.0,0.0
2021-05-26 00:00:00+08:00,63.086471945283456,65.14363395590023,61.51910361623998,62.30278778076172,16582758,0.0,0.0
2021-05-27 00:00:00+08:00,61.51910487440783,65.63343649242023,61.51910487440783,65.2416000366211,24060429,0.0,0.0
2021-05-28 00:00:00+08:00,66.31915283203125,68.18040022092543,65.82935167838892,66.31915283203125,21052875,0.0,0.0
2021-05-31 00:00:00+08:00,66.31915883851758,67.20080399997717,64.75179800996052,65.92732238769531,11397944,0.0,0.0
2021-06-01 00:00:00+08:00,66.90692060093036,68.08244490517575,66.22119746406776,67.59264373779297,11489417,0.0,0.0
2021-06-02 00:00:00+08:00,67.59264285314607,69.062046336063,67.00487695239926,67.39672088623047,17464317,0.0,0.0
2021-06-03 00:00:00+08:00,69.5518527686718,73.96007106417396,68.67020760704456,71.21717834472656,41737848,0.0,0.0
2021-06-04 00:00:00+08:00,70.92330450764804,71.41310574289399,66.80897262905512,67.10285186767578,22696374,0.0,0.0
2021-06-07 00:00:00+08:00,67.78857323836613,70.23757934735679,66.02528282978537,69.3559341430664,17682445,0.0,0.0
2021-06-08 00:00:00+08:00,68.86613478583914,70.04165925250919,67.59265307721097,67.9844970703125,9450875,0.0,0.0
2021-06-09 00:00:00+08:00,68.57225209595667,70.04165572717768,67.7885716618323,68.96409606933594,9810736,0.0,0.0
2021-06-10 00:00:00+08:00,69.64981402228806,72.29474186186813,68.67020416259766,68.67020416259766,23602058,0.0,0.0
2021-06-11 00:00:00+08:00,68.86612958880994,71.90290152458842,68.86612958880994,71.21717834472656,20193430,0.0,0.0
2021-06-15 00:00:00+08:00,71.31514317807883,78.27032470703125,71.31514317807883,78.27032470703125,72045585,0.0,0.0
2021-06-16 00:00:00+08:00,78.17237266090397,81.8948680281155,76.40908221848399,76.8009262084961,52732708,0.0,0.0
2021-06-17 00:00:00+08:00,76.50703945903155,80.32749169224638,76.11519550749996,79.44584655761719,29768950,0.0,0.0
2021-06-18 00:00:00+08:00,79.64177276424151,87.18472039981378,79.64177276424151,85.71531677246094,48324913,0.0,0.0
2021-06-21 00:00:00+08:00,85.12755251446949,87.18472214143853,83.46222686767578,83.46222686767578,33278098,0.0,0.0
2021-06-22 00:00:00+08:00,84.24590421654351,86.59695277619248,78.76011923560701,79.34788513183594,34998998,0.0,0.0
2021-06-23 00:00:00+08:00,81.60098106865131,83.07038475845197,79.44585415441678,81.20914459228516,13107787,0.0,0.0
2021-06-24 00:00:00+08:00,82.28670504140504,83.85407349902684,80.81730133824155,81.40505981445312,10742555,0.0,0.0
2021-06-25 00:00:00+08:00,83.26630401611328,85.42143837214624,82.28670158844425,83.26630401611328,13472674,0.0,0.0
2021-06-28 00:00:00+08:00,84.26701525755433,85.05364063401935,79.94058695594788,80.13724517822266,15660534,0.0,0.0
2021-06-29 00:00:00+08:00,80.72721584328066,80.9238740741082,76.40078735351562,76.40078735351562,20048848,0.0,0.0
2021-06-30 00:00:00+08:00,76.4007860043978,78.46567109740393,75.51583525025232,76.99075317382812,11432450,0.0,0.0
2021-07-01 00:00:00+08:00,76.99074771690341,77.67904019490946,73.25428673779828,74.82752990722656,11617717,0.0,0.0
2021-07-02 00:00:00+08:00,74.72920791155515,77.97402725910209,74.53254968931064,77.87570190429688,9224273,0.0,0.0
2021-07-05 00:00:00+08:00,77.67904565510533,81.12052331231054,76.69576954417568,79.2522964477539,15251946,0.0,0.0
2021-07-06 00:00:00+08:00,79.25229849375832,80.5305582222303,77.97403125265188,78.36734771728516,9230281,0.0,0.0
2021-07-07 00:00:00+08:00,77.97402377122425,85.0536368163715,77.97402377122425,82.89041900634766,27266234,0.0,0.0
2021-07-08 00:00:00+08:00,82.79209497114768,84.66032173436106,80.7272099913625,82.30045318603516,16851247,0.0,0.0
2021-07-09 00:00:00+08:00,81.31717583666702,85.1519621667785,81.12051762321929,82.89041900634766,14724187,0.0,0.0
2021-07-12 00:00:00+08:00,84.7586576242488,91.14997100830078,84.07035759799706,91.14997100830078,22853885,0.0,0.0
2021-07-13 00:00:00+08:00,95.27973796334958,99.80282436787859,85.15196374190606,89.0850830078125,75117087,0.0,0.0
2021-07-14 00:00:00+08:00,90.1666802625218,97.93458557128906,90.1666802625218,97.93458557128906,49927842,0.0,0.0
2021-07-15 00:00:00+08:00,98.3279132861329,107.17742097430423,93.60816833980714,105.21086120605469,75609796,0.0,0.0
2021-07-16 00:00:00+08:00,102.2610192776655,112.09381002624683,99.80282534683714,109.14397430419922,60023369,0.0,0.0
2021-07-19 00:00:00+08:00,110.61888885498047,118.48511971592376,108.16069499771295,110.61888885498047,56008592,0.0,0.0
2021-07-20 00:00:00+08:00,108.65233490074804,114.0603721851062,103.244305129024,104.71922302246094,40951926,0.0,0.0
2021-07-21 00:00:00+08:00,108.1607001314894,115.04364776611328,106.19414044475369,115.04364776611328,50263325,0.0,0.0
2021-07-22 00:00:00+08:00,118.48512309618006,122.90988418570936,113.0770934508526,119.4684066772461,50240292,0.0,0.0
2021-07-23 00:00:00+08:00,118.48513239240009,119.46841605061354,108.16070656960058,112.09381866455078,27806010,0.0,0.0
2021-07-26 00:00:00+08:00,112.09381237576973,120.94332724003525,109.63561839341683,116.02693176269531,32271436,0.0,0.0
2021-07-27 00:00:00+08:00,116.02692964404713,121.92660110407358,110.12725067138672,110.12725067138672,30658114,0.0,0.0
2021-07-28 00:00:00+08:00,106.1941402252054,107.17741631022336,99.31118509217742,102.7526626586914,33390045,0.0,0.0
2021-07-29 00:00:00+08:00,104.22757793968265,107.17741363370502,99.31118261210075,106.19413757324219,20616665,0.0,0.0
2021-07-30 00:00:00+08:00,104.71922163368237,109.63561705081598,99.80282621654877,100.78610229492188,20469454,0.0,0.0
2021-08-02 00:00:00+08:00,101.76938723558708,105.2108573118505,100.29446182951602,104.71922302246094,14166384,0.0,0.0
2021-08-03 00:00:00+08:00,104.71922367845079,108.65233558137598,104.22758187334732,106.68578338623047,13132897,0.0,0.0
2021-08-04 00:00:00+08:00,107.17742097430423,111.1105405108033,103.24430895043955,105.21086120605469,19713366,0.0,0.0
2021-08-05 00:00:00+08:00,105.7024936278117,110.61888885498047,103.73593403441745,110.61888885498047,13633617,0.0,0.0
2021-08-06 00:00:00+08:00,109.14397250261068,109.63561428571464,103.24430115589858,104.22757720947266,17459122,0.0,0.0
2021-08-09 00:00:00+08:00,103.24430703389139,103.24430703389139,93.80482482910156,93.80482482910156,25579807,0.0,0.0
2021-08-10 00:00:00+08:00,92.42822741906727,96.36134667631859,91.05164244039979,94.88642883300781,22644583,0.0,0.0
2021-08-11 00:00:00+08:00,94.19813078080091,94.68977257629203,87.61016678186303,91.73993682861328,21848438,0.0,0.0
2021-08-12 00:00:00+08:00,91.14996970800011,95.57472333092225,91.0516443539243,94.00148010253906,14735202,0.0,0.0
2021-08-13 00:00:00+08:00,93.31317902312956,95.77138046072862,88.49511652615507,88.79010009765625,16092155,0.0,0.0
2021-08-16 00:00:00+08:00,87.11852523581159,90.85498636444767,85.74193271207534,90.461669921875,16824208,0.0,0.0
2021-08-17 00:00:00+08:00,90.461669921875,90.461669921875,90.461669921875,90.461669921875,0,0.0,0.0
2021-08-18 00:00:00+08:00,81.71049020636863,88.49512014064021,79.94058870507195,88.2984619140625,24151752,0.0,0.0
2021-08-19 00:00:00+08:00,86.8235396583924,89.77337534650567,84.36533824320877,84.56199645996094,20908085,0.0,0.0
2021-08-20 00:00:00+08:00,85.74193212019922,93.01819610595703,85.74193212019922,93.01819610595703,36204095,0.0,0.0
2021-08-23 00:00:00+08:00,95.4763948463449,102.26101684570312,95.37806198285922,102.26101684570312,48582907,0.0,0.0
2021-08-24 00:00:00+08:00,103.73594277698649,106.19414435405795,100.78610689460824,103.24430847167969,41236336,0.0,0.0
2021-08-25 00:00:00+08:00,103.73593941841357,111.6021706876219,103.244305129024,104.71922302246094,65714558,0.0,0.0
2021-08-26 00:00:00+08:00,106.68578428693093,110.12725441380745,102.75266483816598,109.6356201171875,36995233,0.0,0.0
2021-08-27 00:00:00+08:00,107.66905810904937,108.1606999078754,102.7526626586914,102.7526626586914,26477098,0.0,0.0
2021-08-30 00:00:00+08:00,103.7359354263687,107.66905466593266,102.26101758969068,104.22757720947266,19008351,0.0,0.0
2021-08-31 00:00:00+08:00,104.7192274803294,107.17742156982422,103.24430952410562,107.17742156982422,12977673,0.0,0.0
2021-09-01 00:00:00+08:00,107.17742291138713,112.09381866455078,104.22758696201583,112.09381866455078,37738302,0.0,0.0
2021-09-02 00:00:00+08:00,110.61889033928871,112.58544995907069,104.22757720947266,104.22757720947266,34885197,0.0,0.0
2021-09-03 00:00:00+08:00,105.70249394234385,106.68577749828374,98.13124662224874,101.27774047851562,25891255,0.0,0.0
2021-09-06 00:00:00+08:00,101.27774449404103,105.21085633584188,99.31118481682358,101.7693862915039,20045844,0.0,0.0
2021-09-07 00:00:00+08:00,102.26102123480231,103.24430483605953,95.47639894424437,96.9513168334961,25328445,0.0,0.0
2021-09-08 00:00:00+08:00,96.95131542872915,99.3111840173388,90.75666038362876,93.01819610595703,30422776,0.0,0.0
2021-09-09 00:00:00+08:00,93.4115126552196,102.26101987287052,93.21485443506046,99.80282592773438,36438432,0.0,0.0
2021-09-10 00:00:00+08:00,100.78610045911194,107.17741363370502,100.29445867256358,106.19413757324219,61064867,0.0,0.0
2021-09-13 00:00:00+08:00,107.17741700731112,109.63561850479542,103.73593941841357,104.71922302246094,35764462,0.0,0.0
2021-09-14 00:00:00+08:00,106.19413682925463,107.66905466593266,102.75265937279462,104.22757720947266,25709994,0.0,0.0
2021-09-15 00:00:00+08:00,104.7192289827181,105.2108633000898,98.32791524317518,98.81954956054688,25004980,0.0,0.0
2021-09-16 00:00:00+08:00,99.31118413365354,101.7693855914237,98.81954233957272,99.80282592773438,15189857,0.0,0.0
2021-09-17 00:00:00+08:00,99.8028205969406,105.7024917602539,99.31117882911997,105.7024917602539,22529418,0.0,0.0
2021-09-22 00:00:00+08:00,103.2443062881646,108.65233612060547,100.78610476308167,108.65233612060547,38961062,0.0,0.0
2021-09-23 00:00:00+08:00,112.09380608003538,119.46840263816904,111.60216430612415,118.97676086425781,114648971,0.0,0.0
2021-09-24 00:00:00+08:00,119.46840595102036,121.92659986347468,115.53528667593277,117.50184631347656,89052139,0.0,0.0
2021-09-27 00:00:00+08:00,120.94332122802734,127.8262760566832,118.97676163232086,120.94332122802734,103611088,0.0,0.0
2021-09-28 00:00:00+08:00,122.41824638090586,123.40152248135175,118.48512695385391,119.96004486083984,56437208,0.0,0.0
2021-09-29 00:00:00+08:00,115.04364605895341,117.9934893016006,108.16069852646723,110.12725067138672,54905004,0.0,0.0
2021-09-30 00:00:00+08:00,111.6021705742455,116.02693176269531,110.12725268230695,116.02693176269531,53595119,0.0,0.0
2021-10-01 00:00:00+08:00,113.5687281939468,114.55201177904053,107.1774149413735,110.12725067138672,32767149,0.0,0.0
2021-10-04 00:00:00+08:00,113.07709174217464,113.56872601264476,103.7359354263687,104.22757720947266,41225320,0.0,0.0
2021-10-05 00:00:00+08:00,99.80282947528049,113.56873258515425,98.03292796883818,111.6021728515625,52677799,0.0,0.0
2021-10-06 00:00:00+08:00,113.07709828623202,116.51857594185903,110.61889674108376,111.6021728515625,62881481,0.0,0.0
2021-10-07 00:00:00+08:00,115.53528833431928,122.41824340820312,114.55201225775043,122.41824340820312,65401107,0.0,0.0
2021-10-08 00:00:00+08:00,123.89316494862315,130.28447841719228,118.48512758574381,121.92660522460938,137711156,0.0,0.0
2021-10-12 00:00:00+08:00,120.94332676151485,127.33464010550567,119.96004316235683,126.35135650634766,73985459,0.0,0.0
2021-10-13 00:00:00+08:00,127.3346419084037,128.80955230275543,119.96004486083984,119.96004486083984,67548196,0.0,0.0
2021-10-14 00:00:00+08:00,123.4015208002645,125.36808048700021,111.11053590527594,115.04364776611328,74369011,0.0,0.0
2021-10-15 00:00:00+08:00,119.96004316235683,126.35135650634766,118.48512527625387,126.35135650634766,72386158,0.0,0.0
2021-10-18 00:00:00+08:00,127.82627928811155,129.79283142089844,122.90988393087649,129.79283142089844,74991907,0.0,0.0
2021-10-19 00:00:00+08:00,129.30120042933802,136.6757978373608,125.85973015324657,127.33464813232422,108189676,0.0,0.0
2021-10-20 00:00:00+08:00,128.80955271702123,133.72595577296497,126.84300050980481,133.23431396484375,67406993,0.0,0.0
2021-10-21 00:00:00+08:00,133.2343208389339,137.16744048156053,129.79284302979426,130.28448486328125,49839715,0.0,0.0
2021-10-22 00:00:00+08:00,129.79283633326366,133.72595577296497,126.84300050980481,133.23431396484375,53565076,0.0,0.0
2021-10-25 00:00:00+08:00,132.25103395970456,134.7092430674318,129.30119805570067,132.74267578125,30582005,0.0,0.0
2021-10-26 00:00:00+08:00,134.21759530281375,146.0169383963616,133.72595350303789,137.65907287597656,118971190,0.0,0.0
2021-10-27 00:00:00+08:00,137.65907700842246,143.06710691776647,136.67579337935314,139.1339874267578,57714046,0.0,0.0
2021-10-28 00:00:00+08:00,139.62562200489106,143.067099503003,139.1339802158368,140.1172637939453,31700614,0.0,0.0
2021-10-29 00:00:00+08:00,145.52529680436623,152.89989376099717,144.5420282286788,149.95005798339844,75913233,0.0,0.0
2021-11-01 00:00:00+08:00,151.42498020216357,164.69923340972394,149.95005483173028,162.73268127441406,80082232,0.0,0.0
2021-11-02 00:00:00+08:00,163.2243147990697,170.5989112272595,147.98349520270892,151.4249725341797,82440626,0.0,0.0
2021-11-03 00:00:00+08:00,156.34137401182832,159.29120983985635,143.55874708195066,157.81629943847656,68050920,0.0,0.0
2021-11-04 00:00:00+08:00,158.30792679920657,160.27449404190673,147.4918670654297,147.4918670654297,48597928,0.0,0.0
2021-11-05 00:00:00+08:00,150.44169030256023,152.40824235526492,142.57545204120694,145.03366088867188,44870565,0.0,0.0
2021-11-08 00:00:00+08:00,144.05038452148438,145.0336681094248,137.65907125040744,144.05038452148438,34177178,0.0,0.0
2021-11-09 00:00:00+08:00,145.0336704043289,148.96677476778922,137.1674316268718,139.62562561035156,31813777,0.0,0.0
2021-11-10 00:00:00+08:00,140.11726084366975,142.57545471191406,138.15070875412783,142.57545471191406,27301284,0.0,0.0
2021-11-11 00:00:00+08:00,139.6256177273669,151.42497522738427,139.1339759533744,148.96676635742188,39362639,0.0,0.0
2021-11-12 00:00:00+08:00,147.49185900708062,154.37481392993783,145.5252918718256,146.50857543945312,34424534,0.0,0.0
2021-11-15 00:00:00+08:00,149.95005634314347,156.34136962890625,149.45841454804355,156.34136962890625,39351624,0.0,0.0
2021-11-16 00:00:00+08:00,163.22432095108542,170.10727587344937,155.35808246116443,156.8330078125,75531684,0.0,0.0
2021-11-17 00:00:00+08:00,159.78284555881532,167.1574423604461,154.3748159177623,162.73268127441406,60402915,0.0,0.0
2021-11-18 00:00:00+08:00,162.24105654711627,162.73269838896653,154.3748321533203,154.3748321533203,35668324,0.0,0.0
2021-11-19 00:00:00+08:00,155.8497345840458,162.24104814663224,153.39154052734375,153.39154052734375,42186703,0.0,0.0
2021-11-22 00:00:00+08:00,154.8664572396453,156.833009369009,150.4416961669922,150.4416961669922,18447544,0.0,0.0
2021-11-23 00:00:00+08:00,150.4417099164191,153.391545892695,143.06711246309462,144.5420379638672,30261544,0.0,0.0
2021-11-24 00:00:00+08:00,145.03366360542586,147.98349925237252,138.64233550756268,142.57545471191406,26079526,0.0,0.0
2021-11-25 00:00:00+08:00,143.5587499730808,145.52530222294774,141.59219772321384,143.06710815429688,14661096,0.0,0.0
2021-11-26 00:00:00+08:00,141.10054934703786,146.50857905179512,134.70923605040903,146.01693725585938,24356046,0.0,0.0
2021-11-29 00:00:00+08:00,141.5921911429736,148.47513121027015,138.64234036735903,146.01693725585938,24881803,0.0,0.0
2021-11-30 00:00:00+08:00,147.9835088761047,151.4249865255615,143.55874760529787,147.4918670654297,17456118,0.0,0.0
2021-12-01 00:00:00+08:00,145.52529907226562,147.00022449668467,144.050388673115,145.52529907226562,7955447,0.0,0.0
2021-12-02 00:00:00+08:00,147.0002269647573,154.37482416013202,147.0002269647573,153.39154052734375,40031602,0.0,0.0
2021-12-03 00:00:00+08:00,155.35808461975654,156.34136820097564,151.91660711075764,152.4082489013672,29700737,0.0,0.0
2021-12-06 00:00:00+08:00,152.40825888216204,152.89990070496785,146.50858705903013,147.00022888183594,11860065,0.0,0.0
2021-12-07 00:00:00+08:00,148.47514143732639,148.47514143732639,139.13399174692708,140.60891723632812,16743092,0.0,0.0
2021-12-08 00:00:00+08:00,144.05039501966147,144.5420368494618,139.13399174692708,140.60891723632812,16718056,0.0,0.0
2021-12-09 00:00:00+08:00,139.62562924129247,139.62562924129247,136.67579337935314,139.1339874267578,13029748,0.0,0.0
2021-12-10 00:00:00+08:00,138.64232893648915,138.64232893648915,134.70922494381816,135.20086669921875,10676362,0.0,0.0
2021-12-13 00:00:00+08:00,135.6925037045648,136.1841454971946,130.28447403617315,131.7593994140625,17689453,0.0,0.0
2021-12-14 00:00:00+08:00,131.26776123046875,133.72595523593455,130.77611942432193,131.26776123046875,13099849,0.0,0.0
2021-12-15 00:00:00+08:00,131.75939293027366,135.69249702723064,128.8095423196551,134.709228515625,12205562,0.0,0.0
2021-12-16 00:00:00+08:00,136.1841557933941,144.5420368494618,135.69251396359374,140.60891723632812,20398351,0.0,0.0
2021-12-17 00:00:00+08:00,138.15072526523926,139.13399391489202,132.7426800784372,134.2176055908203,10136585,0.0,0.0
2021-12-20 00:00:00+08:00,132.74266411721229,135.20087300893786,129.79282847240913,132.2510223388672,9409539,0.0,0.0
2021-12-21 00:00:00+08:00,131.2677581997271,136.1841460971479,131.2677581997271,133.7259521484375,5684179,0.0,0.0
2021-12-22 00:00:00+08:00,135.20087753282453,138.15071327633063,133.7259521484375,133.7259521484375,6297061,0.0,0.0
2021-12-23 00:00:00+08:00,135.6925048828125,138.64234063893727,135.20087811118177,135.6925048828125,8778631,0.0,0.0
2021-12-24 00:00:00+08:00,137.16742968673927,137.65907148153497,133.7259521484375,133.7259521484375,4714784,0.0,0.0
2021-12-27 00:00:00+08:00,134.7092347369904,142.0838165283203,133.7259511547059,142.0838165283203,18036953,0.0,0.0
2021-12-28 00:00:00+08:00,144.0503917918647,147.0002276792995,141.59219772321384,143.06710815429688,23452746,0.0,0.0
2021-12-29 00:00:00+08:00,144.0503881442252,147.00022395696436,143.55874633789062,143.55874633789062,20359295,0.0,0.0
2021-12-30 00:00:00+08:00,145.5253054837934,146.01694731359376,140.60891723632812,140.60891723632812,8977918,0.0,0.0
2022-01-03 00:00:00+08:00,142.57545831946254,146.01693583219034,141.59218976244597,142.0838165283203,10532154,0.0,0.0
2022-01-04 00:00:00+08:00,144.5420202387192,145.03366201202016,138.642333984375,138.642333984375,8609388,0.0,0.0
2022-01-05 00:00:00+08:00,138.64234758925775,139.13398941080322,131.75940716342794,132.74267578125,12704280,0.0,0.0
2022-01-06 00:00:00+08:00,130.28447403617315,134.21759335194344,128.80954865828383,131.7593994140625,7389633,0.0,0.0
2022-01-07 00:00:00+08:00,130.28447412158906,131.75939950044537,120.45168333835088,121.4349594116211,21797364,0.0,0.0
2022-01-10 00:00:00+08:00,116.02693040217171,123.8931615711499,115.04364681065319,123.40151977539062,13380253,0.0,0.0
2022-01-11 00:00:00+08:00,120.94332304080044,122.41824088152885,115.04364416525294,115.53528594970703,14765246,0.0,0.0
2022-01-12 00:00:00+08:00,117.0102034728503,118.97676309269524,113.07709174579429,114.55200958251953,13351211,0.0,0.0
2022-01-13 00:00:00+08:00,115.04364309283791,115.53528487270901,111.1105313917705,112.58544921875,10414986,0.0,0.0
2022-01-14 00:00:00+08:00,112.09381528511265,113.56873321533203,107.66906149445452,113.56873321533203,12215577,0.0,0.0
2022-01-17 00:00:00+08:00,113.56872674137118,117.01020421991382,111.11053283534581,116.51856994628906,8210814,0.0,0.0
2022-01-18 00:00:00+08:00,115.04364748356164,118.48512504873821,114.06037139892578,114.06037139892578,8777630,0.0,0.0
2022-01-19 00:00:00+08:00,111.60216894970236,113.56872861453883,110.61889287360114,111.11053466796875,5924524,0.0,0.0
2022-01-20 00:00:00+08:00,111.60216894970236,112.5854525384376,109.1439750031323,111.11053466796875,4824942,0.0,0.0
2022-01-21 00:00:00+08:00,109.14396910973119,110.61888690055952,105.21084999243327,105.7024917602539,6097774,0.0,0.0
2022-01-24 00:00:00+08:00,103.24430313890053,111.60216853639334,103.24430313890053,110.12725067138672,12316722,0.0,0.0
2022-01-25 00:00:00+08:00,108.16070411318825,109.14398023643622,103.24430847167969,103.24430847167969,11934172,0.0,0.0
2022-01-26 00:00:00+08:00,103.24430115589858,105.21085326304673,101.76938331922055,104.22757720947266,6792774,0.0,0.0
2022-02-07 00:00:00+08:00,105.70249911387418,106.68578271792155,99.31118573810278,104.71922302246094,9411542,0.0,0.0
2022-02-08 00:00:00+08:00,106.19414543655317,111.60217543849555,104.7192274803294,107.17742156982422,18402479,0.0,0.0
2022-02-09 00:00:00+08:00,108.16070330873909,114.0603750296166,107.66906149445452,113.56873321533203,16464691,0.0,0.0
2022-02-10 00:00:00+08:00,114.06037439671076,114.55201620826726,110.61889674108376,111.6021728515625,9801103,0.0,0.0
2022-02-11 00:00:00+08:00,110.61889874577035,121.92660802805365,110.1272569253041,118.4851303100586,22308099,0.0,0.0
2022-02-14 00:00:00+08:00,115.53528487270901,116.5185684324512,111.1105313917705,112.58544921875,13433329,0.0,0.0
2022-02-15 00:00:00+08:00,113.07709503173828,117.01020687308788,112.09381143692535,113.07709503173828,10449035,0.0,0.0
2022-02-16 00:00:00+08:00,116.02693108083156,117.99349076273732,113.07709531428993,114.06037139892578,10425000,0.0,0.0
2022-02-17 00:00:00+08:00,116.02693108083156,117.0102071654674,113.07709531428993,114.06037139892578,6118804,0.0,0.0
2022-02-18 00:00:00+08:00,113.56872632452453,116.02692773416112,112.09380848379612,115.53528594970703,8235850,0.0,0.0
2022-02-21 00:00:00+08:00,114.06037040890644,114.55201220327405,109.6356167974999,111.11053466796875,9633862,0.0,0.0
2022-02-22 00:00:00+08:00,108.65233892233277,109.14398074255377,105.21086120605469,105.21086120605469,8006520,0.0,0.0
2022-02-23 00:00:00+08:00,105.21086120605469,106.68578666671765,104.22758507824712,105.21086120605469,6015656,0.0,0.0
2022-02-24 00:00:00+08:00,102.75265750877479,103.73593354451141,97.34462053063916,99.3111801147461,13374244,0.0,0.0
2022-02-25 00:00:00+08:00,101.76938015558957,105.7024917602539,100.7860966199483,105.7024917602539,11655771,0.0,0.0
2022-03-01 00:00:00+08:00,106.19413858215161,109.14397430419922,103.73593713868931,109.14397430419922,7797219,0.0,0.0
2022-03-02 00:00:00+08:00,107.17741968016996,114.0603750296166,106.19414356423515,113.56873321533203,10700397,0.0,0.0
2022-03-03 00:00:00+08:00,116.0269266525801,117.01020269968852,111.1105313917705,112.58544921875,12289683,0.0,0.0
2022-03-04 00:00:00+08:00,111.6021701924843,117.01020745284899,110.61889410543348,115.04364776611328,11635742,0.0,0.0
2022-03-07 00:00:00+08:00,113.56872680829808,114.5520103813948,105.70249578669383,106.19413757324219,12566081,0.0,0.0
2022-03-08 00:00:00+08:00,103.7359354263687,110.12724855618475,102.26101758969068,104.22757720947266,13089835,0.0,0.0
2022-03-09 00:00:00+08:00,107.66905131890287,109.14396910973119,104.22757396942558,105.7024917602539,8679489,0.0,0.0
2022-03-10 00:00:00+08:00,111.1105362853554,116.02693176269531,110.12725268230695,116.02693176269531,15200872,0.0,0.0
2022-03-11 00:00:00+08:00,116.02692773416112,116.51856951861521,113.0770920527043,115.53528594970703,29521479,0.0,0.0
2022-03-14 00:00:00+08:00,118.97677213052486,119.96004825882298,115.53529441252981,118.4851303100586,27149065,0.0,0.0
2022-03-15 00:00:00+08:00,116.51857287946652,120.45168473064399,114.06037139892578,114.06037139892578,22613539,0.0,0.0
2022-03-16 00:00:00+08:00,117.99349451862446,120.94333037906321,110.61889735489328,113.56873321533203,27297278,0.0,0.0
2022-03-17 00:00:00+08:00,118.97677025358041,124.8764419555664,117.01021051537366,124.8764419555664,42936782,0.0,0.0
2022-03-18 00:00:00+08:00,123.8931703435982,129.30120042933802,122.41825236452055,127.33464813232422,36768907,0.0,0.0
2022-03-21 00:00:00+08:00,130.7761186469781,131.75940225342706,125.85972315263581,129.3011932373047,30979577,0.0,0.0
2022-03-22 00:00:00+08:00,129.30118963138474,132.251025343199,126.84299570908418,129.79283142089844,23848315,0.0,0.0
2022-03-23 00:00:00+08:00,130.28446893842138,132.74266278011848,128.3179168701172,128.3179168701172,19425952,0.0,0.0
2022-03-24 00:00:00+08:00,127.8262763842962,132.2510223388672,126.35135104926086,132.2510223388672,18296327,0.0,0.0
2022-03-25 00:00:00+08:00,135.200876937203,141.10054839822442,131.7593994140625,131.7593994140625,56210883,0.0,0.0
2022-03-28 00:00:00+08:00,132.25103824097616,134.70924742828134,129.7928440789403,134.2176055908203,23991522,0.0,0.0
2022-03-29 00:00:00+08:00,134.70922587525487,136.18413612638795,128.80953979492188,128.80953979492188,17164698,0.0,0.0
2022-03-30 00:00:00+08:00,130.28446417047982,137.6590604509548,129.79282241507923,135.20086669921875,37720276,0.0,0.0
2022-03-31 00:00:00+08:00,135.20088439949583,135.20088439949583,129.30119758757846,130.776123046875,20355289,0.0,0.0
2022-04-01 00:00:00+08:00,130.2844776181751,131.26776123046875,127.82628361270932,131.26776123046875,10174640,0.0,0.0
2022-04-06 00:00:00+08:00,127.8262750967243,129.7928271650285,126.35134977654563,128.3179168701172,6967025,0.0,0.0
2022-04-07 00:00:00+08:00,125.85972094514506,129.7928327640544,121.43495981900028,122.41824340820312,13953077,0.0,0.0
2022-04-08 00:00:00+08:00,124.38480048231479,125.8597183227539,122.90988264187565,125.8597183227539,7269460,0.0,0.0
2022-04-11 00:00:00+08:00,127.33464010550567,128.31792370466368,123.40152073414174,126.35135650634766,10416989,0.0,0.0
2022-04-12 00:00:00+08:00,125.85972094514506,128.31792240551815,122.41824340820312,122.41824340820312,6048703,0.0,0.0
2022-04-13 00:00:00+08:00,124.87643196900063,130.28446893842138,122.90987990069644,128.3179168701172,10082507,0.0,0.0
2022-04-14 00:00:00+08:00,130.77611071181428,131.75939425860005,128.3179168701172,128.3179168701172,8246866,0.0,0.0
2022-04-15 00:00:00+08:00,127.02578307361136,128.01047906643007,120.13291112388052,121.11760711669922,10241000,0.0,0.0
2022-04-18 00:00:00+08:00,118.65586141163335,123.57934113825715,117.17881749364622,117.6711654663086,7699000,0.0,0.0
2022-04-19 00:00:00+08:00,120.13290455715715,123.57934034363296,119.14820861816406,119.14820861816406,6601000,0.0,0.0
2022-04-20 00:00:00+08:00,121.60994770283601,122.5946436356525,118.65585990438656,120.62525177001953,4623000,0.0,0.0
2022-04-21 00:00:00+08:00,121.11760711669922,122.59465110592726,120.13291112388052,121.11760711669922,3067000,0.0,0.0
2022-04-22 00:00:00+08:00,118.16351583729619,118.16351583729619,112.74768802808678,113.24003601074219,8414000,0.0,0.0
2022-04-25 00:00:00+08:00,107.82421084317293,110.28595081676136,105.36247086958451,108.31655883789062,10763000,0.0,0.0
2022-04-26 00:00:00+08:00,111.27064680619672,111.76299480091441,106.34716685901988,108.31655883789062,8745000,0.0,0.0
2022-04-27 00:00:00+08:00,101.42368165502008,104.87011743941396,98.17418205325232,104.37776947021484,18568000,0.0,0.0
2022-04-28 00:00:00+08:00,104.37777129382623,104.37777129382623,99.45429151581556,100.93133544921875,12993000,0.0,0.0
2022-04-29 00:00:00+08:00,103.39308166503906,105.85482170468285,102.40838564918155,103.39308166503906,8993000,0.0,0.0
2022-05-03 00:00:00+08:00,102.4083839699074,106.34716796875,102.4083839699074,106.34716796875,4656000,0.0,0.0
2022-05-04 00:00:00+08:00,108.31655774797713,110.7782976967948,107.33186176845007,110.28594970703125,7755000,0.0,0.0
2022-05-05 00:00:00+08:00,113.24003709101044,114.71708105306709,110.77829715424934,111.27064514160156,8008000,0.0,0.0
2022-05-06 00:00:00+08:00,105.36246779869343,114.2247314453125,104.8701198183257,114.2247314453125,7076000,0.0,0.0
2022-05-09 00:00:00+08:00,112.25534367011988,112.25534367011988,106.347167687482,106.83951568603516,7395000,0.0,0.0
2022-05-10 00:00:00+08:00,103.88542508028677,112.2553408450492,103.88542508028677,111.76299285888672,10831000,0.0,0.0
2022-05-11 00:00:00+08:00,110.7782976967948,113.73238563537598,108.80890573774066,110.28594970703125,9330000,0.0,0.0
2022-05-12 00:00:00+08:00,109.30125567880094,112.74769166867304,106.83951568603516,106.83951568603516,8411000,0.0,0.0
2022-05-13 00:00:00+08:00,110.28594890039922,114.71708077586169,109.30125292807423,111.76299285888672,10643000,0.0,0.0
2022-05-16 00:00:00+08:00,114.22473306571487,115.20942904041931,111.27064514160156,111.27064514160156,8646000,0.0,0.0
2022-05-17 00:00:00+08:00,113.24004246638371,115.70178252000075,111.76299843421349,115.20943450927734,6861000,0.0,0.0
2022-05-18 00:00:00+08:00,118.65586064866751,121.60994846564678,115.70177283168823,119.14820861816406,19000000,0.0,0.0
2022-05-19 00:00:00+08:00,114.71708478927611,118.16352081298828,114.22473678588867,118.16352081298828,7660000,0.0,0.0
2022-05-20 00:00:00+08:00,119.148209643965,119.6405576177004,116.19412180155265,117.17881774902344,4925000,0.0,0.0
2022-05-23 00:00:00+08:00,119.14820861816406,122.10229643514333,118.16351267917096,119.14820861816406,10143000,0.0,0.0
2022-05-24 00:00:00+08:00,119.64055950610668,120.1329074876133,113.73238372802734,113.73238372802734,7401000,0.0,0.0
2022-05-25 00:00:00+08:00,114.71707713653439,120.1329048125081,113.73238119544824,118.6558609008789,8792000,0.0,0.0
2022-05-26 00:00:00+08:00,121.11760127494524,122.10229722027,116.68646952098383,117.6711654663086,10795000,0.0,0.0
2022-05-27 00:00:00+08:00,120.13290559143579,120.62525356517118,117.17881774902344,117.17881774902344,5869000,0.0,0.0
2022-05-30 00:00:00+08:00,120.13291003417969,123.08699798583984,119.64056204223633,123.08699798583984,10980000,0.0,0.0
2022-05-31 00:00:00+08:00,123.08699717163569,126.04108510375494,122.59464918294914,124.56404113769531,14306000,0.0,0.0
2022-06-01 00:00:00+08:00,124.5640414101737,126.53343336922782,123.57934543064663,124.07169342041016,8379000,0.0,0.0
2022-06-02 00:00:00+08:00,124.0716926125919,128.01047650505515,122.5946486529182,125.54873657226562,10899000,0.0,0.0
2022-06-06 00:00:00+08:00,126.53343281783457,127.51812879307063,124.0716928797444,125.05638885498047,5375000,0.0,0.0
2022-06-07 00:00:00+08:00,125.54872776911809,128.9951634333684,125.05637981708233,128.01046752929688,12145000,0.0,0.0
2022-06-08 00:00:00+08:00,128.0104733584972,133.9186490519663,128.0104733584972,131.4569091796875,19422000,0.0,0.0
2022-06-09 00:00:00+08:00,132.4416046142578,133.91864853188895,129.48751677899554,132.4416046142578,11515000,0.0,0.0
2022-06-10 00:00:00+08:00,130.4722137451172,132.44160565070385,129.97986576872052,130.4722137451172,6900000,0.0,0.0
2022-06-13 00:00:00+08:00,127.02577740958569,131.94925715414325,126.04108146067416,131.4569091796875,9863000,0.0,0.0
2022-06-14 00:00:00+08:00,130.47220681459848,132.93394656581734,128.01046706337965,128.9951629638672,12070000,0.0,0.0
2022-06-15 00:00:00+08:00,128.9951730358742,130.4722170019338,124.07169314900877,124.56404113769531,9644000,0.0,0.0
2022-06-16 00:00:00+08:00,127.02577640011103,127.51812437065409,118.6558609008789,118.6558609008789,9789000,0.0,0.0
2022-06-17 00:00:00+08:00,117.67117367515081,119.14821769617781,114.22473762608782,116.68647766113281,10484000,0.0,0.0
2022-06-20 00:00:00+08:00,117.17882365565147,117.67117165420463,106.83951568603516,106.83951568603516,11935000,0.0,0.0
2022-06-21 00:00:00+08:00,110.28594660354872,116.68647029036183,107.33185874809652,116.19412231445312,14725000,0.0,0.0
2022-06-22 00:00:00+08:00,117.17881749364622,119.64055735695811,112.25533776702243,117.6711654663086,18964000,0.0,0.0
2022-06-23 00:00:00+08:00,116.68646977528805,117.67116572275883,113.24003395914029,117.17881774902344,11835000,0.0,0.0
2022-06-24 00:00:00+08:00,118.65586299650658,119.14821097574522,114.22473118335904,114.71707916259766,9176000,0.0,0.0
2022-06-27 00:00:00+08:00,117.67117007446289,124.07169396972657,116.68647409057617,123.08699798583984,13921000,0.0,0.0
2022-06-28 00:00:00+08:00,123.0869982616011,124.0716942476939,119.64056231027627,122.59465026855469,8076000,0.0,0.0
2022-06-29 00:00:00+08:00,120.13290306829637,122.59464288526965,117.67116325132308,122.102294921875,7149000,0.0,0.0
2022-06-30 00:00:00+08:00,121.11760548182897,121.11760548182897,110.28594970703125,110.28594970703125,14293000,0.0,0.0
2022-07-01 00:00:00+08:00,108.31655596742534,110.28594789410582,99.45429229736328,99.45429229736328,23086000,0.0,0.0
2022-07-04 00:00:00+08:00,98.96194518502541,101.42368511500116,89.50886535644531,89.50886535644531,26914000,0.0,0.0
2022-07-05 00:00:00+08:00,91.5767273656564,91.97060726545489,82.51752723346236,88.72110748291016,45205000,0.0,0.0
2022-07-06 00:00:00+08:00,87.83487050963599,88.72109831444094,80.74506309646333,82.22210693359375,25768000,0.0,0.0
2022-07-07 00:00:00+08:00,83.20680972828585,86.16089764763328,79.36649393060738,83.69915771484375,34401000,0.0,0.0
2022-07-08 00:00:00+08:00,85.27466792486,91.1828436357644,85.27466792486,87.14559173583984,35377000,0.0,0.0
2022-07-11 00:00:00+08:00,87.63794313957304,87.63794313957304,83.69915917824392,86.55477905273438,19239000,0.0,0.0
2022-07-12 00:00:00+08:00,84.68384738084747,85.1761953307361,80.74506378173828,80.74506378173828,9796000,0.0,0.0
2022-07-13 00:00:00+08:00,84.68384666214446,85.66854255356475,82.22210693359375,82.22210693359375,8011000,0.0,0.0
2022-07-14 00:00:00+08:00,81.72976424477316,87.93335176479145,80.94200447591456,86.65324401855469,10435000,0.0,0.0
2022-07-15 00:00:00+08:00,86.99661615843414,93.91680153467321,86.79889959321727,91.93960571289062,30464000,0.347335,0.0
2022-07-18 00:00:00+08:00,92.92820362378191,95.10311601078138,91.93960571289062,91.93960571289062,16366000,0.0,0.0
2022-07-19 00:00:00+08:00,90.95100666742718,94.21338274963321,89.07266915168441,93.22478485107422,16511000,0.0,0.0
2022-07-20 00:00:00+08:00,96.48715699929272,101.82558735963796,96.19058214407579,98.16777801513672,32180000,0.0,0.0
2022-07-21 00:00:00+08:00,100.34268951416016,101.33128744040805,98.46435194580846,100.34268951416016,17916000,0.0,0.0
2022-07-22 00:00:00+08:00,100.34269119774952,101.33128914058449,96.98145668362987,97.97005462646484,12889000,0.0,0.0
2022-07-25 00:00:00+08:00,97.77234022383954,99.84839444136739,95.6962860063117,99.35409545898438,10422000,0.0,0.0
2022-07-26 00:00:00+08:00,99.84838724863437,102.81418092928686,95.49855500853002,96.28943634033203,23161000,0.0,0.0
2022-07-27 00:00:00+08:00,96.58601448816674,98.76093445384721,95.59741656078569,98.36549377441406,12573000,0.0,0.0
2022-07-28 00:00:00+08:00,100.83699260266299,101.82559056935577,96.8826007358919,97.37689971923828,15307000,0.0,0.0
2022-07-29 00:00:00+08:00,99.8483942543588,101.33129119873047,98.85979629144435,101.33129119873047,12947000,0.0,0.0
2022-08-01 00:00:00+08:00,100.34269342375039,100.83699240613339,99.35409545898438,99.35409545898438,6970000,0.0,0.0
2022-08-02 00:00:00+08:00,97.87119614793285,97.87119614793285,92.53276575865577,95.10311889648438,17997000,0.0,0.0
2022-08-03 00:00:00+08:00,94.01565899491202,94.9053986154122,91.64302252104602,92.13732147216797,15004000,0.0,0.0
2022-08-04 00:00:00+08:00,92.335046305073,93.91680145263672,90.06126809504778,93.91680145263672,10388000,0.0,0.0
2022-08-05 00:00:00+08:00,95.00425827270394,97.67347717285156,94.50995931442515,97.67347717285156,10048000,0.0,0.0
2022-08-08 00:00:00+08:00,96.58601448816674,98.46435205867145,95.99285724021884,98.36549377441406,5751000,0.0,0.0
2022-08-09 00:00:00+08:00,99.848388671875,102.31988344098082,97.47575218505271,99.848388671875,19720000,0.0,0.0
2022-08-10 00:00:00+08:00,97.97005699077316,99.35409565262383,97.37689971923828,97.37689971923828,8331000,0.0,0.0
2022-08-11 00:00:00+08:00,101.33129106592524,102.81418800835343,98.46435546875,98.46435546875,13980000,0.0,0.0
2022-08-12 00:00:00+08:00,99.84839055103622,101.33128744040805,99.35409158791228,100.34268951416016,8495000,0.0,0.0
2022-08-15 00:00:00+08:00,101.82558618337623,105.77997787981802,101.331287221321,104.29708099365234,16397000,0.0,0.0
2022-08-16 00:00:00+08:00,105.28568286074406,105.77998184131093,102.81418795790968,103.30848693847656,8854000,0.0,0.0
2022-08-17 00:00:00+08:00,104.2970850874738,104.2970850874738,101.33129119873047,101.33129119873047,7017000,0.0,0.0
2022-08-18 00:00:00+08:00,100.34268734433236,110.22866639303506,99.84838839189723,107.75717163085938,18862000,0.0,0.0
2022-08-19 00:00:00+08:00,110.72296520672013,115.66595472487728,109.7343673030887,111.71156311035156,36292000,0.0,0.0
2022-08-22 00:00:00+08:00,109.7343729654948,112.70016682942709,109.7343729654948,111.21726989746094,7740000,0.0,0.0
2022-08-23 00:00:00+08:00,109.24007009530996,114.67735865209009,108.25147217589539,114.18305969238281,16741000,0.0,0.0
2022-08-24 00:00:00+08:00,115.66595472487728,117.14885158032442,111.71156311035156,111.71156311035156,15522000,0.0,0.0
2022-08-25 00:00:00+08:00,113.68875878488916,116.16025354108241,113.68875878488916,115.66595458984375,11122000,0.0,0.0
2022-08-26 00:00:00+08:00,117.6431524103338,118.63175032974837,113.68876073267552,114.18305969238281,11728000,0.0,0.0
2022-08-29 00:00:00+08:00,108.74577292080583,114.67736053466797,108.74577292080583,114.67736053466797,10201000,0.0,0.0
2022-08-30 00:00:00+08:00,115.66595458984375,116.16025354108241,114.18305773612781,115.66595458984375,9165000,0.0,0.0
2022-08-31 00:00:00+08:00,114.18305969238281,115.17165761179737,112.70016281326096,114.18305969238281,6906000,0.0,0.0
2022-09-01 00:00:00+08:00,114.18305786943013,116.16025367669299,109.7343673030887,111.71156311035156,14195000,0.0,0.0
2022-09-02 00:00:00+08:00,112.20586199553117,115.17165570466415,110.22866618944252,113.68875885009766,8121000,0.0,0.0
2022-09-05 00:00:00+08:00,113.6887649605177,113.6887649605177,108.74577517962564,109.24007415771484,8799000,0.0,0.0
2022-09-06 00:00:00+08:00,110.7229654187354,110.7229654187354,104.29707903282664,105.77997589111328,9567000,0.0,0.0
2022-09-07 00:00:00+08:00,103.80278015136719,107.75717177618118,101.8255843389602,103.80278015136719,7889000,0.0,0.0
2022-09-08 00:00:00+08:00,106.27427846735175,109.24007228504529,104.79138155850498,108.74577331542969,5890000,0.0,0.0
2022-09-12 00:00:00+08:00,112.70016682942709,113.19446580674914,110.72297092013889,111.21726989746094,9121000,0.0,0.0
2022-09-13 00:00:00+08:00,112.70016301587025,113.68876093706209,109.73436925229471,110.22866821289062,5096000,0.0,0.0
2022-09-14 00:00:00+08:00,105.28568026894018,112.70016479492188,104.7913813005414,112.70016479492188,7487000,0.0,0.0
2022-09-15 00:00:00+08:00,112.70016301587025,113.19446197646616,110.22866821289062,110.22866821289062,5645000,0.0,0.0
2022-09-16 00:00:00+08:00,110.22866831740288,111.21726623953207,108.25147247314453,108.25147247314453,4393000,0.0,0.0
2022-09-19 00:00:00+08:00,109.2400703952737,109.2400703952737,106.76857558995077,108.25147247314453,3164000,0.0,0.0
2022-09-20 00:00:00+08:00,110.22866625490441,112.70016101398299,108.25147044764155,111.71156311035156,3949000,0.0,0.0
2022-09-21 00:00:00+08:00,110.22867022427646,110.72296919389206,108.74577331542969,108.74577331542969,3342000,0.0,0.0
2022-09-22 00:00:00+08:00,107.2628761425353,112.70016479492188,107.2628761425353,112.70016479492188,6225000,0.0,0.0
2022-09-23 00:00:00+08:00,110.7229654187354,112.70016122978424,105.28567693835107,105.77997589111328,12100000,0.0,0.0
2022-09-26 00:00:00+08:00,103.80278650274131,104.29708548608771,96.3883017525455,97.37689971923828,13359000,0.0,0.0
2022-09-27 00:00:00+08:00,97.97005648794061,98.76093787419718,95.00426260308426,98.46435546875,9830000,0.0,0.0
2022-09-28 00:00:00+08:00,97.9700569442914,98.26663935112009,89.56697423138965,89.66583251953125,12097000,0.0,0.0
2022-09-29 00:00:00+08:00,92.73049065587658,93.22478963049767,88.67723303006068,90.06127166748047,6983000,0.0,0.0
2022-09-30 00:00:00+08:00,87.09547436496452,94.31224212512852,86.70003369247272,93.91680145263672,9135000,0.0,0.0
2022-10-03 00:00:00+08:00,91.74188985630457,95.20198257115048,90.95100850452121,93.71908569335938,6753000,0.0,0.0
2022-10-04 00:00:00+08:00,96.28943771284331,100.34268762569616,95.5974146520516,99.848388671875,8445000,0.0,0.0
2022-10-05 00:00:00+08:00,101.33129031710607,102.81418724857592,97.37689849985316,98.66207885742188,9590000,0.0,0.0
2022-10-06 00:00:00+08:00,100.34268951416016,101.82558640353199,98.6620760565002,100.34268951416016,5704000,0.0,0.0
2022-10-07 00:00:00+08:00,97.87119492750902,99.84839078463041,96.38829803466797,96.38829803466797,8112000,0.0,0.0
2022-10-11 00:00:00+08:00,92.73048797587948,92.73048797587948,88.97381286036914,89.76469421386719,10448000,0.0,0.0
2022-10-12 00:00:00+08:00,89.76469729864556,91.04987011424059,88.97381591796875,88.97381591796875,6798000,0.0,0.0
2022-10-13 00:00:00+08:00,89.46811138290957,90.55556758184544,81.16388738142952,82.05362701416016,10419000,0.0,0.0
2022-10-14 00:00:00+08:00,87.09547797671064,89.96241354316024,85.51372276355342,88.08407592773438,7566000,0.0,0.0
2022-10-17 00:00:00+08:00,84.52512241749838,85.810302734375,81.85591104232829,85.810302734375,6730000,0.0,0.0
2022-10-18 00:00:00+08:00,87.68863229269175,88.77609603620442,85.01942093156902,86.89775848388672,5580000,0.0,0.0
2022-10-19 00:00:00+08:00,87.29320359942759,88.38065985584728,84.82170867919922,84.82170867919922,4725000,0.0,0.0
2022-10-20 00:00:00+08:00,83.53652670120015,86.30460397571623,83.04222772663684,85.2171401977539,6100000,0.0,0.0
2022-10-21 00:00:00+08:00,84.82170804495053,85.90916429323885,83.04222869873047,83.04222869873047,4297000,0.0,0.0
2022-10-24 00:00:00+08:00,85.31600306004505,86.60117582378032,84.03082275390625,84.03082275390625,4004000,0.0,0.0
2022-10-25 00:00:00+08:00,84.4262615700337,84.52511985085228,81.559326171875,81.559326171875,4873000,0.0,0.0
2022-10-26 00:00:00+08:00,82.44906814662953,82.44906814662953,80.57073058763943,80.96617126464844,4216000,0.0,0.0
2022-10-27 00:00:00+08:00,80.66958867580158,85.01942102755243,80.66958867580158,84.92056274414062,6424000,0.0,0.0
2022-10-28 00:00:00+08:00,83.33880768091298,84.3274056010073,82.15248565135765,82.94336700439453,4142000,0.0,0.0
2022-10-31 00:00:00+08:00,84.42626334018081,86.89775812448117,84.22853923199467,86.00801849365234,5542000,0.0,0.0
2022-11-01 00:00:00+08:00,85.90916127983898,87.29319988475125,85.31600403270618,86.70003509521484,3081000,0.0,0.0
2022-11-02 00:00:00+08:00,87.4909137667643,88.87495232918249,87.29319720459172,88.38065338134766,4398000,0.0,0.0
2022-11-03 00:00:00+08:00,86.99661667334132,88.87495422363281,86.60117599816361,88.87495422363281,3649000,0.0,0.0
2022-11-04 00:00:00+08:00,88.47951645717376,90.35785406921464,87.09547781975397,90.06127166748047,4273000,0.0,0.0
2022-11-07 00:00:00+08:00,91.24759373201334,91.64302687778718,89.17153200468177,90.06127166748047,4174000,0.0,0.0
2022-11-08 00:00:00+08:00,90.55556957405521,92.63162373449724,89.17153095295929,89.36925506591797,4911000,0.0,0.0
2022-11-09 00:00:00+08:00,91.44530561670668,95.30083892956742,90.95100666742718,93.22478485107422,10413000,0.0,0.0
2022-11-10 00:00:00+08:00,91.74188914767376,93.521360861836,91.5441650400534,91.93960571289062,3884000,0.0,0.0
2022-11-11 00:00:00+08:00,96.88260081499214,98.26663947797283,92.53276824951172,92.53276824951172,9188000,0.0,0.0
2022-11-14 00:00:00+08:00,93.32364688270613,95.59741761532237,92.73048962821511,94.21338653564453,5437000,0.0,0.0
2022-11-15 00:00:00+08:00,95.99285532358923,100.34268762569616,95.69628047673861,99.848388671875,15642000,0.0,0.0
2022-11-16 00:00:00+08:00,100.34268658525852,100.83698553395438,96.78373566312905,97.1791763305664,11091000,0.0,0.0
2022-11-17 00:00:00+08:00,97.08031514973389,101.33128932878083,96.98145686374754,100.83699035644531,9620000,0.0,0.0
2022-11-18 00:00:00+08:00,102.81418800835343,103.30848698916282,98.3654971810689,98.46435546875,9674000,0.0,0.0
2022-11-21 00:00:00+08:00,99.3540935897827,100.3426915359497,98.85979461669922,98.85979461669922,3179000,0.0,0.0
2022-11-22 00:00:00+08:00,98.85978973917095,99.3540886878668,96.98145222564602,97.1791763305664,3458000,0.0,0.0
2022-11-23 00:00:00+08:00,98.66207317665398,99.84838763656266,97.1791763305664,97.1791763305664,3828000,0.0,0.0
2022-11-24 00:00:00+08:00,98.46435098065551,99.35409061403806,96.98145410581913,97.67347717285156,4381000,0.0,0.0
2022-11-25 00:00:00+08:00,98.36549595991771,98.36549595991771,94.8065448507532,94.90540313720703,5108000,0.0,0.0
2022-11-28 00:00:00+08:00,93.91680582380218,96.88259969192225,93.12592444200862,96.68488311767578,3391000,0.0,0.0
2022-11-29 00:00:00+08:00,95.99285432825432,97.27803461182489,95.00425643086261,97.1791763305664,2524000,0.0,0.0
2022-11-30 00:00:00+08:00,97.27803533026379,98.2666332349567,96.98145294189453,96.98145294189453,3322000,0.0,0.0
2022-12-01 00:00:00+08:00,99.35409343943876,101.82558830111634,98.85979446710324,100.83699035644531,8814000,0.0,0.0
2022-12-02 00:00:00+08:00,100.83699221727325,102.31988916164491,99.8483942543588,101.33129119873047,5337000,0.0,0.0
2022-12-05 00:00:00+08:00,102.81418231853004,104.79137813234793,101.8255844116211,101.8255844116211,5580000,0.0,0.0
2022-12-06 00:00:00+08:00,100.83699133994945,101.33129031710607,98.46435474111694,98.66207885742188,3917000,0.0,0.0
2022-12-07 00:00:00+08:00,98.85979408882106,99.84839202970927,95.10311889648438,95.10311889648438,5527000,0.0,0.0
2022-12-08 00:00:00+08:00,95.49855991454986,96.19058300102856,95.00426094238095,95.99285888671875,2048000,0.0,0.0
2022-12-09 00:00:00+08:00,96.9814530129836,97.57461024775344,95.00425720214844,95.00425720214844,2475000,0.0,0.0
2022-12-12 00:00:00+08:00,93.81794317011465,94.31224212512852,93.2247859325787,93.91680145263672,2644000,0.0,0.0
2022-12-13 00:00:00+08:00,94.80654584510332,95.2019865374699,92.53276752079837,92.7304916381836,2269000,0.0,0.0
2022-12-14 00:00:00+08:00,93.52136113795653,94.8065414428711,93.02706218105148,94.8065414428711,2320000,0.0,0.0
2022-12-15 00:00:00+08:00,94.50995716243403,94.9053978285336,93.91679993448638,94.31224060058594,1385000,0.0,0.0
2022-12-16 00:00:00+08:00,92.82934452918073,92.92820281092443,91.24758939407121,92.13732147216797,2740000,0.0,0.0
2022-12-19 00:00:00+08:00,91.14872872841141,91.14872872841141,88.38065897091398,89.86355590820312,3824000,0.0,0.0
2022-12-20 00:00:00+08:00,89.66582573528697,91.44530495681332,87.19433100672444,87.49091339111328,3203000,0.0,0.0
2022-12-21 00:00:00+08:00,88.08407023151862,88.5783691750652,86.6011734008789,86.6011734008789,2248000,0.0,0.0
2022-12-22 00:00:00+08:00,87.78750206548213,88.57837590984629,85.31600715983684,85.90916442871094,4062000,0.0,0.0
2022-12-23 00:00:00+08:00,85.01942475419786,86.50232169758503,84.03082679193975,85.90916442871094,3009000,0.0,0.0
2022-12-26 00:00:00+08:00,86.00801734421391,87.29319763183594,85.0194194437057,87.29319763183594,1717000,0.0,0.0
2022-12-27 00:00:00+08:00,87.88635675782186,89.17152953073904,87.49091608061521,87.7874984741211,2385000,0.0,0.0
2022-12-28 00:00:00+08:00,87.19433693040628,87.19433693040628,84.82170786372072,85.01942443847656,3029000,0.0,0.0
2022-12-29 00:00:00+08:00,84.03082616123913,84.82170754207115,83.53652718382008,84.12968444824219,2688000,0.0,0.0
2022-12-30 00:00:00+08:00,85.71143775634532,86.2057367227427,83.63538360595703,83.63538360595703,2051000,0.0,0.0
2023-01-03 00:00:00+08:00,83.63538498763205,85.81030500115291,83.33881012833633,85.2171401977539,2432000,0.0,0.0
2023-01-04 00:00:00+08:00,85.01942102755243,85.71143655383851,84.6239803515017,84.92056274414062,1163000,0.0,0.0
2023-01-05 00:00:00+08:00,85.90916066306566,86.70003447276355,84.82170446072884,84.92056274414062,2149000,0.0,0.0
2023-01-06 00:00:00+08:00,85.21713784347959,87.98521504152264,85.01942127607805,87.7874984741211,3647000,0.0,0.0
2023-01-09 00:00:00+08:00,88.97381018538502,89.86354979571954,88.28179467868225,89.46810913085938,3799000,0.0,0.0
2023-01-10 00:00:00+08:00,89.4681157163313,90.06127298608034,88.57837604050579,88.7761001586914,2232000,0.0,0.0
2023-01-11 00:00:00+08:00,89.46811335119546,90.06127060526407,89.17153095295929,89.36925506591797,1770000,0.0,0.0
2023-01-12 00:00:00+08:00,89.86355095440017,91.54416437372112,88.18292999267578,88.18292999267578,4475000,0.0,0.0
2023-01-13 00:00:00+08:00,89.86355298392911,89.96241126805064,86.60117681109331,86.70003509521484,2511000,0.0,0.0
2023-01-16 00:00:00+08:00,86.99662000868057,88.97381591796875,86.20573862800376,88.97381591796875,2572000,0.0,0.0
2023-01-17 00:00:00+08:00,88.97381404258685,89.07267232748677,87.98521610878034,88.4795150756836,1357000,0.0,0.0
2023-01-30 00:00:00+08:00,90.85215022114919,93.91680226010342,89.96241058599381,93.71908569335938,6348000,0.0,0.0
2023-01-31 00:00:00+08:00,93.91680030650676,95.20198059082031,93.3236430762095,95.20198059082031,4702000,0.0,0.0
2023-02-01 00:00:00+08:00,95.59741973876953,96.88260010405011,94.9054041835593,95.59741973876953,4050000,0.0,0.0
2023-02-02 00:00:00+08:00,96.88259872436522,99.3540935897827,96.88259872436522,98.85979461669922,9357000,0.0,0.0
2023-02-03 00:00:00+08:00,99.84839188362919,101.33128879279201,97.08031463623047,97.08031463623047,7723000,0.0,0.0
2023-02-06 00:00:00+08:00,96.09171798781634,99.35409424876723,95.69628484064977,95.7951431274414,5441000,0.0,0.0
2023-02-07 00:00:00+08:00,95.89400245938539,96.88260042288421,95.30084518976687,96.4871597290039,2546000,0.0,0.0
2023-02-08 00:00:00+08:00,97.87119715381161,98.66207853161201,97.3768981782873,97.7723388671875,4021000,0.0,0.0
2023-02-09 00:00:00+08:00,97.57460945560038,98.66207317665398,96.78373566312905,97.1791763305664,2532000,0.0,0.0
2023-02-10 00:00:00+08:00,97.87119225481794,98.06890881816933,94.01565893023836,94.11451721191406,4781000,0.0,0.0
2023-02-13 00:00:00+08:00,94.11451757879192,95.20198130867402,93.422502061961,95.00425720214844,1718000,0.0,0.0
2023-02-14 00:00:00+08:00,95.89399719238281,97.08031166646121,94.90539928318299,95.89399719238281,2300000,0.0,0.0
2023-02-15 00:00:00+08:00,96.19058003068596,97.08031211919226,94.41110076886633,94.8065414428711,3006000,0.0,0.0
2023-02-16 00:00:00+08:00,95.4985568788695,96.88259546542774,95.10311620522378,96.78373718261719,2562000,0.0,0.0
2023-02-17 00:00:00+08:00,95.99286125223104,96.38830194819158,95.00426328353164,95.39970397949219,1868000,0.0,0.0
2023-02-20 00:00:00+08:00,95.89399907038762,96.38829803466797,95.39970010610728,96.38829803466797,1493000,0.0,0.0
2023-02-21 00:00:00+08:00,96.78374025915048,97.47575580322544,95.89400060076572,95.99285888671875,2375000,0.0,0.0
2023-02-22 00:00:00+08:00,95.20198100304673,95.20198100304673,91.54416423930232,92.13732147216797,4630000,0.0,0.0
2023-02-23 00:00:00+08:00,92.5327633117398,93.42250294349186,92.03846435436684,92.829345703125,2464000,0.0,0.0
2023-02-24 00:00:00+08:00,93.62022261480521,94.41110398979644,91.9396091209536,92.03846740722656,2596000,0.0,0.0
2023-03-01 00:00:00+08:00,91.64302332266183,92.43390466833627,91.14872436721619,91.93960571289062,1379000,0.0,0.0
2023-03-02 00:00:00+08:00,92.13732318955417,92.13732318955417,89.76469421386719,89.76469421386719,3469000,0.0,0.0
2023-03-03 00:00:00+08:00,86.99661552520257,89.27039372066356,85.41486038777049,88.18292999267578,14255000,0.0,0.0
2023-03-06 00:00:00+08:00,88.67723455330751,89.66583251953125,88.57837626516591,89.66583251953125,4567000,0.0,0.0
2023-03-07 00:00:00+08:00,89.96240803486593,91.74188725471473,88.97381014437289,91.44530487060547,4434000,0.0,0.0
2023-03-08 00:00:00+08:00,90.75329016173784,91.44530567420287,90.16012538830677,91.24758911132812,2704000,0.0,0.0
2023-03-09 00:00:00+08:00,91.74189303691736,92.13732618411481,90.95101165771484,90.95101165771484,2605000,0.0,0.0
2023-03-10 00:00:00+08:00,89.96241437635365,90.16013095142804,87.58977776344157,87.88636016845703,4805000,0.0,0.0
2023-03-13 00:00:00+08:00,86.10687898836198,87.68863418246389,86.00802070293132,87.39205932617188,2807000,0.0,0.0
2023-03-14 00:00:00+08:00,87.19433260498357,87.19433260498357,85.11827850341797,85.11827850341797,3767000,0.0,0.0
2023-03-15 00:00:00+08:00,86.30460169588083,87.19433379266847,85.810302734375,85.810302734375,2081000,0.0,0.0
2023-03-16 00:00:00+08:00,85.11827966282468,86.99661722502758,85.01942137900423,85.810302734375,2270000,0.0,0.0
2023-03-17 00:00:00+08:00,86.70003206101194,87.78749577550212,85.90915827331393,87.49091339111328,2538000,0.0,0.0
2023-03-20 00:00:00+08:00,89.17152907321345,91.14872490669848,88.28179698206802,88.87495422363281,6855000,0.0,0.0
2023-03-21 00:00:00+08:00,89.66582875973153,89.66582875973153,88.5783725509646,88.67723083496094,2154000,0.0,0.0
2023-03-22 00:00:00+08:00,89.27039936696488,89.86355663821834,88.97381696013619,89.66583251953125,2124000,0.0,0.0
2023-03-23 00:00:00+08:00,89.46811407789122,89.8635547646168,89.07267339116564,89.1715316772461,2000000,0.0,0.0
2023-03-24 00:00:00+08:00,89.46811182070452,90.25899317420257,89.17152942754187,89.76469421386719,2381000,0.0,0.0
2023-03-27 00:00:00+08:00,90.0612721595965,90.0612721595965,88.97381591796875,88.97381591796875,1641000,0.0,0.0
2023-03-28 00:00:00+08:00,89.66582865113376,91.44530793052708,89.36925379950394,90.65442657470703,7663000,0.0,0.0
2023-03-29 00:00:00+08:00,91.24759506798233,91.24759506798233,88.7761001586914,88.7761001586914,4317000,0.0,0.0
2023-03-30 00:00:00+08:00,89.66582569208778,90.2589904605797,89.27039256963097,89.46810913085938,1900000,0.0,0.0
2023-03-31 00:00:00+08:00,89.96241492635993,89.96241492635993,89.17153353641937,89.66583251953125,1366000,0.0,0.0
2023-04-06 00:00:00+08:00,90.95101059808937,91.14872716938459,89.96241265680578,90.25899505615234,3014000,0.0,0.0
2023-04-07 00:00:00+08:00,90.45670777502231,91.3464473927655,90.25899121214755,91.24758911132812,2744000,0.0,0.0
2023-04-10 00:00:00+08:00,91.93960385823118,91.93960385823118,89.46810913085938,89.46810913085938,2761000,0.0,0.0
2023-04-11 00:00:00+08:00,90.0612721595965,90.0612721595965,88.87495763098511,88.97381591796875,1691000,0.0,0.0
2023-04-12 00:00:00+08:00,89.36925506591797,89.56697163647294,86.99661850723977,89.36925506591797,3026000,0.0,0.0
2023-04-13 00:00:00+08:00,88.9738152596546,89.46811423331935,87.0954776512478,87.1943359375,2943000,0.0,0.0
2023-04-14 00:00:00+08:00,87.88635829572895,88.18293315202096,87.2932010407412,87.39205932617188,1420000,0.0,0.0
2023-04-17 00:00:00+08:00,87.58977849142632,87.78750261054793,86.70003881138891,87.68863677978516,2176000,0.0,0.0
2023-04-18 00:00:00+08:00,87.98521195128997,88.3806526146079,86.50231512065025,86.6011734008789,2482000,0.0,0.0
2023-04-19 00:00:00+08:00,86.60117382400216,86.79889792782883,85.11827698611718,85.51371765136719,3516000,0.0,0.0
2023-04-20 00:00:00+08:00,85.2171392731653,85.31600510092831,82.05362888724504,82.54792785644531,5959000,0.0,0.0
2023-04-21 00:00:00+08:00,82.54792976712984,82.54792976712984,78.09923894135638,78.1980972290039,8718000,0.0,0.0
2023-04-24 00:00:00+08:00,77.01178300071406,79.58213620185852,76.12204332351685,79.08783721923828,3541000,0.0,0.0
2023-04-25 00:00:00+08:00,79.48327422941212,79.58213251287286,75.23230015896804,76.12203979492188,4939000,0.0,0.0
2023-04-26 00:00:00+08:00,75.43002159210072,76.41861947644068,73.94712476559076,75.82545471191406,3507000,0.0,0.0
2023-04-27 00:00:00+08:00,76.61633766278958,76.71519594484151,74.73800013418888,75.43002319335938,1921000,0.0,0.0
2023-04-28 00:00:00+08:00,75.82545775095915,77.30835463690283,75.6277411831281,77.01177978515625,3108000,0.0,0.0
2023-05-02 00:00:00+08:00,77.30835418317827,78.29695210133862,76.61633865742743,78.09923553466797,1616000,0.0,0.0
2023-05-03 00:00:00+08:00,77.4072241952321,78.49468045553928,76.81405937833368,78.00038146972656,1404000,0.0,0.0
2023-05-04 00:00:00+08:00,77.60493549702824,78.59353340144898,77.20949482677925,77.40721893310547,1207000,0.0,0.0
2023-05-05 00:00:00+08:00,77.11064229889142,77.90152369840575,76.71520159913425,76.91292572021484,1299000,0.0,0.0
2023-05-08 00:00:00+08:00,77.40721893310547,78.19809273119999,77.40721893310547,77.40721893310547,1064000,0.0,0.0
2023-05-09 00:00:00+08:00,77.70379302324802,78.29695025165078,75.03458172423396,75.62773895263672,2471000,0.0,0.0
2023-05-10 00:00:00+08:00,75.23229865633986,76.81405378732978,75.13344037485363,76.5174789428711,1369000,0.0,0.0
2023-05-11 00:00:00+08:00,76.61633802439661,77.11063697939272,74.34255981445312,74.34255981445312,2182000,0.0,0.0
2023-05-12 00:00:00+08:00,73.74940523788463,74.63914489746094,72.85966557830831,74.63914489746094,2841000,0.0,0.0
2023-05-15 00:00:00+08:00,73.84825977502429,75.03458177503636,72.56308703634876,73.65054321289062,2284000,0.0,0.0
2023-05-16 00:00:00+08:00,74.24370373792331,76.02318304574402,74.24370373792331,75.72660064697266,1802000,0.0,0.0
2023-05-17 00:00:00+08:00,75.52888067163681,76.12203790003957,75.43002239063692,75.62773895263672,1108000,0.0,0.0
2023-05-18 00:00:00+08:00,77.01177789270567,77.20949445567813,76.12203827452277,76.5174789428711,1360000,0.0,0.0
2023-05-19 00:00:00+08:00,77.4072238867595,77.4072238867595,76.71520078393709,77.11064147949219,1566000,0.0,0.0
2023-05-22 00:00:00+08:00,77.11063536635399,77.60493431101011,76.61633642169788,76.71519470214844,976000,0.0,0.0
2023-05-23 00:00:00+08:00,77.11063536635399,77.407217750109,76.12203747704176,76.71519470214844,1116000,0.0,0.0
2023-05-24 00:00:00+08:00,77.30835755536843,78.39582134670283,76.91292440477834,78.1980972290039,2109000,0.0,0.0
2023-05-25 00:00:00+08:00,78.39582078636353,78.89011976347199,76.41862487792969,76.41862487792969,2215000,0.0,0.0
2023-05-26 00:00:00+08:00,77.11063771433643,77.90151906682952,76.12203979492188,76.12203979492188,1482000,0.0,0.0
2023-05-29 00:00:00+08:00,76.91292243133823,79.68099212646484,76.91292243133823,79.68099212646484,2864000,0.0,0.0
2023-05-30 00:00:00+08:00,79.68099417092839,79.68099417092839,77.80265653600993,78.1980972290039,1828000,0.0,0.0
2023-05-31 00:00:00+08:00,78.19809488571603,78.98897624800439,78.00037831634577,78.79125213623047,987000,0.0,0.0
2023-06-01 00:00:00+08:00,78.79125294836132,79.08783534787736,78.09923740602889,78.59353637695312,1019000,0.0,0.0
2023-06-02 00:00:00+08:00,79.18669452547765,82.54792907410148,78.69239554898603,81.26274871826172,5322000,0.0,0.0
2023-06-05 00:00:00+08:00,85.90915947760743,88.77609491140996,84.0308219490883,84.2285385131836,11297000,0.0,0.0
2023-06-06 00:00:00+08:00,85.21714138626348,85.21714138626348,80.66959226533781,81.06503295898438,5657000,0.0,0.0
2023-06-07 00:00:00+08:00,81.16389207884623,84.72284327334202,80.6695930923217,83.73424530029297,4811000,0.0,0.0
2023-06-08 00:00:00+08:00,84.03082792126023,84.12968621033384,81.36161640425237,81.75704956054688,2643000,0.0,0.0
2023-06-09 00:00:00+08:00,82.35021021767218,82.44906850174935,81.36161229209343,81.85591125488281,2173000,0.0,0.0
2023-06-12 00:00:00+08:00,82.3502078268925,85.51371807994052,81.55932649242881,84.42626190185547,6361000,0.0,0.0
2023-06-13 00:00:00+08:00,84.72283632086719,88.38065304642548,84.72283632086719,85.51371765136719,11178000,0.0,0.0
2023-06-14 00:00:00+08:00,86.89776092778061,89.1715316772461,86.20573784040992,89.1715316772461,11833000,0.0,0.0
2023-06-15 00:00:00+08:00,89.36925437632799,89.76469505679034,87.49091680093454,87.58977508544922,9867000,0.0,0.0
2023-06-16 00:00:00+08:00,87.78749738463388,88.67722946930238,85.11827850341797,85.11827850341797,6903000,0.0,0.0
2023-06-19 00:00:00+08:00,85.21713678589185,86.00801813048994,84.12968059387211,85.11827850341797,2314000,0.0,0.0
2023-06-20 00:00:00+08:00,85.81030564729934,87.58977744368431,85.6125815305429,86.99662017822266,4329000,0.0,0.0
2023-06-21 00:00:00+08:00,86.50232243353582,86.99662141887032,85.51372446286685,85.71144104003906,3307000,0.0,0.0
2023-06-26 00:00:00+08:00,85.51371769651153,85.61257597727538,83.5365219116211,83.5365219116211,2787000,0.0,0.0
2023-06-27 00:00:00+08:00,83.53652306837387,84.920561645443,82.15248449130473,82.2513427734375,2742000,0.0,0.0
2023-06-28 00:00:00+08:00,83.635386475674,83.7342447638648,81.95477294921875,81.95477294921875,1376000,0.0,0.0
2023-06-29 00:00:00+08:00,83.3388100453097,83.43766833164312,82.15248798209736,82.35021209716797,1331000,0.0,0.0
2023-06-30 00:00:00+08:00,82.35021395423539,83.53652850179637,81.75704913805096,82.84451293945312,1493000,0.0,0.0
2023-07-03 00:00:00+08:00,83.53652735661306,83.63538564382058,81.8559138468735,82.1524887084961,2267000,0.0,0.0
2023-07-04 00:00:00+08:00,82.35021233602262,83.73424343351238,82.15248822037852,83.23994445800781,2145000,0.0,0.0
2023-07-05 00:00:00+08:00,83.73424081502786,84.52512216806474,82.74564289493352,82.94336700439453,2045000,0.0,0.0
2023-07-06 00:00:00+08:00,84.32740871244327,88.67723368743133,84.12968459568683,86.99662017822266,16786000,0.0,0.0
2023-07-07 00:00:00+08:00,86.89776313028422,87.49092040420481,85.01942547753237,85.71144104003906,6391000,0.0,0.0
2023-07-10 00:00:00+08:00,87.49091747603092,91.44530922636,87.29320090547594,89.36925506591797,22715000,0.0,0.0
2023-07-11 00:00:00+08:00,91.44530491275682,93.71908307890023,89.36925085024518,89.46810913085938,18175000,0.0,0.0
2023-07-12 00:00:00+08:00,90.75329382764073,90.75329382764073,87.2932010407412,87.39205932617188,6600000,0.0,0.0
2023-07-13 00:00:00+08:00,88.6772314243814,88.6772314243814,85.61257934570312,85.61257934570312,5109000,0.0,0.0
2023-07-14 00:00:00+08:00,86.20573613220357,87.39205816887278,85.61257888507077,86.70003509521484,3316000,0.0,0.0
2023-07-17 00:00:00+08:00,86.69999694824219,88.0,86.4000015258789,86.80000305175781,3069000,0.999963,0.0
2023-07-18 00:00:00+08:00,87.80000305175781,88.4000015258789,84.0,84.0,4332000,0.0,0.0
2023-07-19 00:00:00+08:00,84.9000015258789,85.0,83.0999984741211,83.0999984741211,1965000,0.0,0.0
2023-07-20 00:00:00+08:00,83.69999694824219,84.30000305175781,83.0999984741211,83.9000015258789,1270000,0.0,0.0
2023-07-21 00:00:00+08:00,82.9000015258789,83.30000305175781,81.5999984741211,82.19999694824219,2385000,0.0,0.0
2023-07-24 00:00:00+08:00,82.30000305175781,82.30000305175781,78.0,78.30000305175781,5198000,0.0,0.0
2023-07-25 00:00:00+08:00,78.9000015258789,81.19999694824219,78.80000305175781,80.80000305175781,2661000,0.0,0.0
2023-07-26 00:00:00+08:00,81.0,81.5,78.69999694824219,78.80000305175781,2347000,0.0,0.0
2023-07-27 00:00:00+08:00,79.30000305175781,80.4000015258789,79.19999694824219,79.9000015258789,1329000,0.0,0.0
2023-07-28 00:00:00+08:00,80.19999694824219,81.9000015258789,79.19999694824219,80.80000305175781,1824000,0.0,0.0
2023-07-31 00:00:00+08:00,81.30000305175781,81.4000015258789,79.0999984741211,79.30000305175781,1972000,0.0,0.0
2023-08-01 00:00:00+08:00,79.69999694824219,80.5,79.19999694824219,79.69999694824219,997000,0.0,0.0
2023-08-02 00:00:00+08:00,80.19999694824219,80.19999694824219,77.5,77.69999694824219,2514000,0.0,0.0
2023-08-04 00:00:00+08:00,77.9000015258789,79.4000015258789,77.19999694824219,78.30000305175781,1129000,0.0,0.0
2023-08-07 00:00:00+08:00,80.4000015258789,80.4000015258789,79.0999984741211,79.5999984741211,1298000,0.0,0.0
2023-08-08 00:00:00+08:00,80.0,80.0,78.0,78.0,1340000,0.0,0.0
2023-08-09 00:00:00+08:00,78.30000305175781,79.30000305175781,77.4000015258789,77.5,1369000,0.0,0.0
2023-08-10 00:00:00+08:00,77.5,77.80000305175781,75.5,75.80000305175781,2110000,0.0,0.0
2023-08-11 00:00:00+08:00,75.9000015258789,76.5,74.19999694824219,75.0,1662000,0.0,0.0
2023-08-14 00:00:00+08:00,75.0,75.5,71.19999694824219,72.19999694824219,2752000,0.0,0.0
2023-08-15 00:00:00+08:00,72.5999984741211,73.80000305175781,72.5999984741211,73.19999694824219,1281000,0.0,0.0
2023-08-16 00:00:00+08:00,72.5,74.0999984741211,71.30000305175781,74.0,1170000,0.0,0.0
2023-08-17 00:00:00+08:00,73.0999984741211,75.69999694824219,72.80000305175781,75.4000015258789,1172000,0.0,0.0
2023-08-18 00:00:00+08:00,75.4000015258789,76.4000015258789,74.69999694824219,75.0999984741211,1343000,0.0,0.0
2023-08-21 00:00:00+08:00,76.0999984741211,76.0999984741211,74.69999694824219,75.0,748000,0.0,0.0
2023-08-22 00:00:00+08:00,75.30000305175781,76.0,74.5,74.5,951000,0.0,0.0
2023-08-23 00:00:00+08:00,75.4000015258789,75.4000015258789,73.19999694824219,75.0,1534000,0.0,0.0
2023-08-24 00:00:00+08:00,76.19999694824219,78.5,75.9000015258789,77.30000305175781,3071000,0.0,0.0
2023-08-25 00:00:00+08:00,76.5999984741211,78.4000015258789,76.30000305175781,76.9000015258789,1353000,0.0,0.0
2023-08-28 00:00:00+08:00,77.0999984741211,77.80000305175781,76.30000305175781,76.5,762000,0.0,0.0
2023-08-29 00:00:00+08:00,77.5,78.30000305175781,76.5,78.30000305175781,1288000,0.0,0.0
2023-08-30 00:00:00+08:00,78.5999984741211,79.69999694824219,78.5999984741211,78.69999694824219,1566000,0.0,0.0
2023-08-31 00:00:00+08:00,79.0,79.5,78.19999694824219,79.0999984741211,850000,0.0,0.0
2023-09-01 00:00:00+08:00,79.5999984741211,79.80000305175781,78.5999984741211,78.69999694824219,1350000,0.0,0.0
2023-09-04 00:00:00+08:00,78.9000015258789,79.4000015258789,77.5999984741211,79.19999694824219,1123000,0.0,0.0
2023-09-05 00:00:00+08:00,79.5999984741211,79.80000305175781,79.0999984741211,79.5999984741211,848000,0.0,0.0
2023-09-06 00:00:00+08:00,79.5999984741211,80.4000015258789,79.4000015258789,80.19999694824219,1237000,0.0,0.0
2023-09-07 00:00:00+08:00,80.19999694824219,80.5999984741211,78.80000305175781,78.9000015258789,1262000,0.0,0.0
2023-09-08 00:00:00+08:00,78.9000015258789,78.9000015258789,77.30000305175781,77.30000305175781,1250000,0.0,0.0
2023-09-11 00:00:00+08:00,77.30000305175781,77.69999694824219,76.30000305175781,76.5999984741211,874000,0.0,0.0
2023-09-12 00:00:00+08:00,77.19999694824219,77.80000305175781,76.30000305175781,77.5999984741211,694000,0.0,0.0
2023-09-13 00:00:00+08:00,78.0999984741211,79.5,77.80000305175781,79.5,1136000,0.0,0.0
2023-09-14 00:00:00+08:00,80.0,80.9000015258789,79.80000305175781,79.80000305175781,1391000,0.0,0.0
2023-09-15 00:00:00+08:00,79.80000305175781,80.0,78.69999694824219,79.0,1172000,0.0,0.0
2023-09-18 00:00:00+08:00,78.5,80.5,78.30000305175781,79.19999694824219,1218000,0.0,0.0
2023-09-19 00:00:00+08:00,79.5999984741211,80.19999694824219,78.0999984741211,80.0,1606000,0.0,0.0
2023-09-20 00:00:00+08:00,79.9000015258789,82.5999984741211,78.5,78.5999984741211,5220000,0.0,0.0
2023-09-21 00:00:00+08:00,79.4000015258789,81.4000015258789,76.19999694824219,76.19999694824219,5936000,0.0,0.0
2023-09-22 00:00:00+08:00,75.0,75.80000305175781,72.80000305175781,75.5999984741211,4293000,0.0,0.0
2023-09-25 00:00:00+08:00,75.5999984741211,76.30000305175781,75.0,75.0,1286000,0.0,0.0
2023-09-26 00:00:00+08:00,75.0,75.0999984741211,72.0,72.0999984741211,3363000,0.0,0.0
2023-09-27 00:00:00+08:00,71.9000015258789,72.5999984741211,71.0999984741211,71.4000015258789,1963000,0.0,0.0
2023-09-28 00:00:00+08:00,71.69999694824219,72.30000305175781,71.5999984741211,72.19999694824219,854000,0.0,0.0
2023-10-02 00:00:00+08:00,73.0,74.0999984741211,72.69999694824219,74.0,1320000,0.0,0.0
2023-10-03 00:00:00+08:00,73.5999984741211,74.4000015258789,72.69999694824219,72.80000305175781,920000,0.0,0.0
2023-10-04 00:00:00+08:00,72.5,73.4000015258789,71.80000305175781,73.4000015258789,691000,0.0,0.0
2023-10-05 00:00:00+08:00,73.5,74.0,73.30000305175781,73.30000305175781,562000,0.0,0.0
2023-10-06 00:00:00+08:00,73.9000015258789,73.9000015258789,73.0,73.0,479000,0.0,0.0
2023-10-11 00:00:00+08:00,73.69999694824219,73.69999694824219,71.5999984741211,71.9000015258789,1186000,0.0,0.0
2023-10-12 00:00:00+08:00,71.9000015258789,72.69999694824219,71.9000015258789,72.4000015258789,767000,0.0,0.0
2023-10-13 00:00:00+08:00,72.80000305175781,73.5999984741211,71.80000305175781,73.0,914000,0.0,0.0
2023-10-16 00:00:00+08:00,72.30000305175781,72.9000015258789,71.30000305175781,71.4000015258789,923000,0.0,0.0
2023-10-17 00:00:00+08:00,72.0,72.69999694824219,71.30000305175781,71.30000305175781,901000,0.0,0.0
2023-10-18 00:00:00+08:00,71.30000305175781,71.5999984741211,69.0,69.0,2091000,0.0,0.0
2023-10-19 00:00:00+08:00,68.80000305175781,69.4000015258789,68.0999984741211,69.0,979000,0.0,0.0
2023-10-20 00:00:00+08:00,69.5,71.19999694824219,68.5,70.9000015258789,1639000,0.0,0.0
2023-10-23 00:00:00+08:00,70.0999984741211,71.0999984741211,69.5,69.5999984741211,840000,0.0,0.0
2023-10-24 00:00:00+08:00,69.80000305175781,70.69999694824219,69.5999984741211,70.30000305175781,785000,0.0,0.0
2023-10-25 00:00:00+08:00,70.9000015258789,72.30000305175781,70.80000305175781,72.0999984741211,1073000,0.0,0.0
2023-10-26 00:00:00+08:00,71.0999984741211,71.5999984741211,70.5999984741211,70.80000305175781,663000,0.0,0.0
2023-10-27 00:00:00+08:00,71.30000305175781,71.5,70.5,70.5,550000,0.0,0.0
2023-10-30 00:00:00+08:00,71.0,72.19999694824219,71.0,71.19999694824219,848000,0.0,0.0
2023-10-31 00:00:00+08:00,71.5,71.69999694824219,68.4000015258789,68.4000015258789,1712000,0.0,0.0
2023-11-01 00:00:00+08:00,68.69999694824219,72.5999984741211,68.69999694824219,70.0,2074000,0.0,0.0
2023-11-02 00:00:00+08:00,71.0,71.30000305175781,69.4000015258789,70.0,1215000,0.0,0.0
2023-11-03 00:00:00+08:00,70.9000015258789,71.30000305175781,70.19999694824219,70.69999694824219,917000,0.0,0.0
2023-11-06 00:00:00+08:00,71.0999984741211,72.0,70.9000015258789,71.69999694824219,1011000,0.0,0.0
2023-11-07 00:00:00+08:00,71.69999694824219,72.0,71.0999984741211,71.5,391000,0.0,0.0
2023-11-08 00:00:00+08:00,71.80000305175781,71.80000305175781,70.30000305175781,70.4000015258789,855000,0.0,0.0
2023-11-09 00:00:00+08:00,70.4000015258789,70.4000015258789,69.0,69.0999984741211,1180000,0.0,0.0
2023-11-10 00:00:00+08:00,69.19999694824219,69.9000015258789,68.69999694824219,69.19999694824219,579000,0.0,0.0
2023-11-13 00:00:00+08:00,70.0999984741211,70.0999984741211,68.69999694824219,69.0,684000,0.0,0.0
2023-11-14 00:00:00+08:00,69.5999984741211,69.80000305175781,68.80000305175781,69.69999694824219,633000,0.0,0.0
2023-11-15 00:00:00+08:00,70.19999694824219,71.0999984741211,70.0999984741211,70.9000015258789,1234000,0.0,0.0
2023-11-16 00:00:00+08:00,71.30000305175781,71.4000015258789,70.5,71.0,944000,0.0,0.0
2023-11-17 00:00:00+08:00,71.4000015258789,71.80000305175781,71.0,71.80000305175781,909000,0.0,0.0
2023-11-20 00:00:00+08:00,71.9000015258789,74.19999694824219,71.5,73.5,2499000,0.0,0.0
2023-11-21 00:00:00+08:00,75.0,75.0999984741211,72.9000015258789,73.0,2932000,0.0,0.0
2023-11-22 00:00:00+08:00,72.80000305175781,73.69999694824219,72.4000015258789,73.19999694824219,1000000,0.0,0.0
2023-11-23 00:00:00+08:00,73.5,74.5,73.0,73.69999694824219,1614000,0.0,0.0
2023-11-24 00:00:00+08:00,74.30000305175781,74.80000305175781,73.5999984741211,73.5999984741211,1306000,0.0,0.0
2023-11-27 00:00:00+08:00,73.80000305175781,74.0,72.0,72.0,877000,0.0,0.0
2023-11-28 00:00:00+08:00,72.0,73.0999984741211,72.0,72.5,856000,0.0,0.0
2023-11-29 00:00:00+08:00,73.19999694824219,74.5999984741211,72.9000015258789,73.5,1845000,0.0,0.0
2023-11-30 00:00:00+08:00,73.9000015258789,76.9000015258789,73.80000305175781,76.4000015258789,4460000,0.0,0.0
2023-12-01 00:00:00+08:00,76.0,76.0,75.0,75.0999984741211,2014000,0.0,0.0
2023-12-04 00:00:00+08:00,75.5,75.69999694824219,73.5,73.80000305175781,1418000,0.0,0.0
2023-12-05 00:00:00+08:00,74.19999694824219,74.19999694824219,73.0,73.0,840000,0.0,0.0
2023-12-06 00:00:00+08:00,73.4000015258789,73.4000015258789,72.4000015258789,72.4000015258789,908000,0.0,0.0
2023-12-07 00:00:00+08:00,72.5,72.80000305175781,71.0999984741211,71.0999984741211,1246000,0.0,0.0
2023-12-08 00:00:00+08:00,71.5999984741211,72.0999984741211,71.0999984741211,71.0999984741211,787000,0.0,0.0
2023-12-11 00:00:00+08:00,71.5999984741211,72.5999984741211,71.0999984741211,71.19999694824219,903000,0.0,0.0
2023-12-12 00:00:00+08:00,71.5,72.0999984741211,71.0999984741211,71.19999694824219,837000,0.0,0.0
2023-12-13 00:00:00+08:00,71.80000305175781,71.80000305175781,71.0,71.0999984741211,673000,0.0,0.0
2023-12-14 00:00:00+08:00,71.69999694824219,72.0999984741211,71.0,71.5,1464000,0.0,0.0
2023-12-15 00:00:00+08:00,72.30000305175781,75.5999984741211,72.0999984741211,73.5999984741211,5940000,0.0,0.0
2023-12-18 00:00:00+08:00,73.30000305175781,73.5999984741211,72.0,72.30000305175781,1715000,0.0,0.0
2023-12-19 00:00:00+08:00,72.9000015258789,73.80000305175781,72.0,72.9000015258789,1679000,0.0,0.0
2023-12-20 00:00:00+08:00,72.5999984741211,73.80000305175781,72.4000015258789,72.5,1260000,0.0,0.0
2023-12-21 00:00:00+08:00,71.69999694824219,72.19999694824219,71.4000015258789,71.80000305175781,737000,0.0,0.0
2023-12-22 00:00:00+08:00,72.5,72.5,71.69999694824219,71.80000305175781,560000,0.0,0.0
2023-12-25 00:00:00+08:00,72.0,72.0,71.30000305175781,71.4000015258789,762000,0.0,0.0
2023-12-26 00:00:00+08:00,71.5999984741211,73.0,71.5999984741211,72.4000015258789,778000,0.0,0.0
2023-12-27 00:00:00+08:00,73.0999984741211,73.4000015258789,72.5,73.0,928000,0.0,0.0
2023-12-28 00:00:00+08:00,73.5999984741211,73.9000015258789,72.5999984741211,72.69999694824219,1056000,0.0,0.0
2023-12-29 00:00:00+08:00,72.5,72.5999984741211,72.0,72.0999984741211,552000,0.0,0.0
2024-01-02 00:00:00+08:00,72.19999694824219,72.4000015258789,71.19999694824219,71.4000015258789,866000,0.0,0.0
2024-01-03 00:00:00+08:00,71.30000305175781,71.30000305175781,70.0,70.4000015258789,1320000,0.0,0.0
2024-01-04 00:00:00+08:00,70.4000015258789,70.5,69.19999694824219,69.4000015258789,1441000,0.0,0.0
2024-01-05 00:00:00+08:00,69.5,70.30000305175781,68.5999984741211,69.0999984741211,1515000,0.0,0.0
2024-01-08 00:00:00+08:00,69.5999984741211,69.80000305175781,68.5,68.5,1016000,0.0,0.0
2024-01-09 00:00:00+08:00,69.30000305175781,69.4000015258789,67.5,67.80000305175781,1515000,0.0,0.0
2024-01-10 00:00:00+08:00,67.80000305175781,67.80000305175781,65.4000015258789,65.5,2523000,0.0,0.0
2024-01-11 00:00:00+08:00,66.0,66.9000015258789,65.5,66.5999984741211,1241000,0.0,0.0
2024-01-12 00:00:00+08:00,66.0,67.0,65.80000305175781,65.80000305175781,887000,0.0,0.0
2024-01-15 00:00:00+08:00,66.0,66.80000305175781,65.5999984741211,65.9000015258789,977121,0.0,0.0
2024-01-16 00:00:00+08:00,65.9000015258789,65.9000015258789,64.69999694824219,65.4000015258789,1061000,0.0,0.0
2024-01-17 00:00:00+08:00,65.4000015258789,66.4000015258789,64.0,64.0999984741211,1573000,0.0,0.0
2024-01-18 00:00:00+08:00,64.0999984741211,64.5,62.79999923706055,62.900001525878906,1629000,0.0,0.0
2024-01-19 00:00:00+08:00,63.599998474121094,64.0999984741211,63.29999923706055,63.79999923706055,865000,0.0,0.0
2024-01-22 00:00:00+08:00,64.5,65.5999984741211,64.4000015258789,65.5,1112000,0.0,0.0
2024-01-23 00:00:00+08:00,66.0,66.0999984741211,64.80000305175781,65.19999694824219,672000,0.0,0.0
2024-01-24 00:00:00+08:00,65.5,65.9000015258789,65.19999694824219,65.80000305175781,538000,0.0,0.0
2024-01-25 00:00:00+08:00,65.9000015258789,65.9000015258789,64.30000305175781,64.30000305175781,1017000,0.0,0.0
2024-01-26 00:00:00+08:00,64.30000305175781,65.19999694824219,64.30000305175781,64.4000015258789,446000,0.0,0.0
2024-01-29 00:00:00+08:00,64.4000015258789,65.19999694824219,64.0,64.4000015258789,464000,0.0,0.0
2024-01-30 00:00:00+08:00,64.5999984741211,65.4000015258789,63.5,63.5,995000,0.0,0.0
2024-01-31 00:00:00+08:00,63.599998474121094,63.79999923706055,63.0,63.0,813000,0.0,0.0
2024-02-01 00:00:00+08:00,63.29999923706055,63.29999923706055,62.099998474121094,62.20000076293945,1320000,0.0,0.0
2024-02-02 00:00:00+08:00,62.29999923706055,62.79999923706055,61.70000076293945,61.900001525878906,1221000,0.0,0.0
2024-02-05 00:00:00+08:00,61.79999923706055,61.79999923706055,60.599998474121094,60.900001525878906,1848000,0.0,0.0
2024-02-15 00:00:00+08:00,60.900001525878906,62.400001525878906,60.79999923706055,62.400001525878906,1330000,0.0,0.0
2024-02-16 00:00:00+08:00,62.5,62.900001525878906,61.599998474121094,62.79999923706055,1160000,0.0,0.0
2024-02-19 00:00:00+08:00,63.099998474121094,63.599998474121094,62.599998474121094,63.29999923706055,1061000,0.0,0.0
2024-02-20 00:00:00+08:00,63.599998474121094,63.599998474121094,61.900001525878906,62.0,914000,0.0,0.0
2024-02-21 00:00:00+08:00,62.0,62.5,61.79999923706055,61.79999923706055,876000,0.0,0.0
2024-02-22 00:00:00+08:00,61.79999923706055,62.0,61.0,61.099998474121094,1500000,0.0,0.0
2024-02-23 00:00:00+08:00,61.20000076293945,61.70000076293945,60.70000076293945,60.70000076293945,1112000,0.0,0.0
2024-02-26 00:00:00+08:00,60.79999923706055,62.599998474121094,59.099998474121094,62.599998474121094,4463000,0.0,0.0
2024-02-27 00:00:00+08:00,63.0,63.599998474121094,60.599998474121094,61.5,3048000,0.0,0.0
2024-02-29 00:00:00+08:00,61.099998474121094,61.099998474121094,60.0,60.29999923706055,2093000,0.0,0.0
2024-03-01 00:00:00+08:00,60.20000076293945,60.400001525878906,59.5,59.5,1384000,0.0,0.0
2024-03-04 00:00:00+08:00,59.70000076293945,60.400001525878906,59.099998474121094,59.70000076293945,1609000,0.0,0.0
2024-03-05 00:00:00+08:00,59.79999923706055,60.400001525878906,58.0,58.0,3432000,0.0,0.0
2024-03-06 00:00:00+08:00,57.599998474121094,58.400001525878906,56.099998474121094,56.099998474121094,4781000,0.0,0.0
2024-03-07 00:00:00+08:00,56.20000076293945,56.900001525878906,55.29999923706055,55.5,2983000,0.0,0.0
2024-03-08 00:00:00+08:00,55.599998474121094,61.0,55.5,61.0,9467000,0.0,0.0
2024-03-11 00:00:00+08:00,63.0,67.0999984741211,63.0,64.19999694824219,39232000,0.0,0.0
2024-03-12 00:00:00+08:00,63.900001525878906,63.900001525878906,61.599998474121094,61.79999923706055,7627000,0.0,0.0
2024-03-13 00:00:00+08:00,61.79999923706055,61.79999923706055,61.79999923706055,61.79999923706055,0,0.0,0.0
2024-03-14 00:00:00+08:00,61.70000076293945,61.70000076293945,59.400001525878906,61.20000076293945,3337000,0.0,0.0
2024-03-15 00:00:00+08:00,61.79999923706055,61.79999923706055,59.5,59.5,2518000,0.0,0.0
2024-03-18 00:00:00+08:00,59.5,59.5,59.5,59.5,0,0.0,0.0
2024-03-19 00:00:00+08:00,58.099998474121094,59.599998474121094,57.70000076293945,58.599998474121094,1703000,0.0,0.0
2024-03-20 00:00:00+08:00,58.599998474121094,58.599998474121094,58.599998474121094,58.599998474121094,0,0.0,0.0
2024-03-21 00:00:00+08:00,57.70000076293945,58.099998474121094,57.099998474121094,57.20000076293945,1238000,0.0,0.0
2024-03-22 00:00:00+08:00,57.5,61.20000076293945,57.5,59.29999923706055,4108000,0.0,0.0
2024-03-25 00:00:00+08:00,59.29999923706055,59.29999923706055,59.29999923706055,59.29999923706055,0,0.0,0.0
2024-03-26 00:00:00+08:00,59.29999923706055,59.29999923706055,59.29999923706055,59.29999923706055,0,0.0,0.0
2024-03-27 00:00:00+08:00,57.400001525878906,57.900001525878906,57.20000076293945,57.400001525878906,740000,0.0,0.0
2024-03-28 00:00:00+08:00,58.400001525878906,62.0,58.099998474121094,60.70000076293945,8814000,0.0,0.0
2024-03-29 00:00:00+08:00,60.099998474121094,62.20000076293945,59.79999923706055,61.79999923706055,4086000,0.0,0.0
2024-04-01 00:00:00+08:00,63.0,68.0,63.0,67.69999694824219,17807000,0.0,0.0
2024-04-02 00:00:00+08:00,68.0,68.80000305175781,65.19999694824219,68.19999694824219,12566000,0.0,0.0
2024-04-03 00:00:00+08:00,67.5,69.0,66.5999984741211,68.5999984741211,6305000,0.0,0.0
2024-04-08 00:00:00+08:00,68.69999694824219,68.69999694824219,66.30000305175781,67.19999694824219,4208000,0.0,0.0
2024-04-09 00:00:00+08:00,67.30000305175781,67.4000015258789,65.5999984741211,65.69999694824219,2994000,0.0,0.0
2024-04-10 00:00:00+08:00,66.0,72.0999984741211,66.0,71.5,11939000,0.0,0.0
2024-04-11 00:00:00+08:00,71.5999984741211,73.19999694824219,70.5,70.5,8693000,0.0,0.0
2024-04-12 00:00:00+08:00,72.69999694824219,73.0,71.0999984741211,71.5999984741211,6596000,0.0,0.0
2024-04-15 00:00:00+08:00,71.5999984741211,73.4000015258789,69.0999984741211,70.5,6067000,0.0,0.0
2024-04-16 00:00:00+08:00,70.0999984741211,70.19999694824219,65.5,67.0999984741211,7499000,0.0,0.0
2024-04-17 00:00:00+08:00,72.80000305175781,73.80000305175781,72.69999694824219,73.80000305175781,4752000,0.0,0.0
2024-04-18 00:00:00+08:00,78.5999984741211,79.69999694824219,71.5,72.0,31624000,0.0,0.0
2024-04-19 00:00:00+08:00,67.5,69.69999694824219,66.5999984741211,67.0999984741211,10165000,0.0,0.0
2024-04-22 00:00:00+08:00,67.0999984741211,70.5,66.9000015258789,67.0,5834000,0.0,0.0
2024-04-23 00:00:00+08:00,69.0999984741211,69.19999694824219,67.5999984741211,68.5,3085000,0.0,0.0
2024-04-24 00:00:00+08:00,69.0,69.80000305175781,67.80000305175781,67.80000305175781,3145000,0.0,0.0
2024-04-25 00:00:00+08:00,67.5,71.30000305175781,67.5,70.5999984741211,7682000,0.0,0.0
2024-04-26 00:00:00+08:00,70.0999984741211,71.4000015258789,69.0,69.0999984741211,4311000,0.0,0.0
2024-04-29 00:00:00+08:00,69.30000305175781,70.0999984741211,68.4000015258789,70.0999984741211,3198000,0.0,0.0
2024-04-30 00:00:00+08:00,70.0,71.5,70.0,70.0999984741211,3677000,0.0,0.0
2024-05-02 00:00:00+08:00,69.9000015258789,70.9000015258789,69.4000015258789,70.5,1650000,0.0,0.0
2024-05-03 00:00:00+08:00,70.5999984741211,71.19999694824219,67.0999984741211,67.0999984741211,3843000,0.0,0.0
2024-05-06 00:00:00+08:00,68.19999694824219,68.19999694824219,66.0,66.0999984741211,2409000,0.0,0.0
2024-05-07 00:00:00+08:00,66.69999694824219,67.0999984741211,65.19999694824219,65.5,1619000,0.0,0.0
2024-05-08 00:00:00+08:00,65.5999984741211,66.4000015258789,65.5,65.5,1018000,0.0,0.0
2024-05-09 00:00:00+08:00,66.0,66.0,64.0,64.0,1534000,0.0,0.0
2024-05-10 00:00:00+08:00,64.69999694824219,66.0,64.0,65.9000015258789,1683000,0.0,0.0
2024-05-13 00:00:00+08:00,65.69999694824219,66.30000305175781,64.19999694824219,64.30000305175781,1437000,0.0,0.0
2024-05-14 00:00:00+08:00,64.5999984741211,65.4000015258789,64.30000305175781,64.9000015258789,1184000,0.0,0.0
2024-05-15 00:00:00+08:00,65.80000305175781,65.9000015258789,64.30000305175781,64.30000305175781,1098000,0.0,0.0
2024-05-16 00:00:00+08:00,65.0,65.0999984741211,63.5,63.5,2144000,0.0,0.0
2024-05-17 00:00:00+08:00,63.20000076293945,65.19999694824219,63.20000076293945,64.5,1541000,0.0,0.0
2024-05-20 00:00:00+08:00,64.5999984741211,65.5,63.70000076293945,65.0999984741211,1377000,0.0,0.0
2024-05-21 00:00:00+08:00,65.5,65.5,63.599998474121094,63.79999923706055,1499000,0.0,0.0
2024-05-22 00:00:00+08:00,63.79999923706055,64.4000015258789,63.79999923706055,63.900001525878906,1155000,0.0,0.0
2024-05-23 00:00:00+08:00,64.30000305175781,64.5999984741211,62.400001525878906,62.5,2079000,0.0,0.0
2024-05-24 00:00:00+08:00,62.0,62.099998474121094,61.29999923706055,61.29999923706055,2348000,0.0,0.0
2024-05-27 00:00:00+08:00,61.29999923706055,62.400001525878906,61.0,62.0,1873000,0.0,0.0
2024-05-28 00:00:00+08:00,62.20000076293945,63.79999923706055,61.70000076293945,63.5,2579000,0.0,0.0
2024-05-29 00:00:00+08:00,63.599998474121094,64.5,63.099998474121094,64.0,1513000,0.0,0.0
2024-05-30 00:00:00+08:00,63.599998474121094,63.79999923706055,62.5,62.599998474121094,913000,0.0,0.0
2024-05-31 00:00:00+08:00,63.0,63.79999923706055,62.0,62.099998474121094,1313000,0.0,0.0
2024-06-03 00:00:00+08:00,62.400001525878906,63.099998474121094,61.70000076293945,61.79999923706055,799000,0.0,0.0
2024-06-04 00:00:00+08:00,61.79999923706055,62.5,60.599998474121094,60.79999923706055,1717000,0.0,0.0
2024-06-05 00:00:00+08:00,60.79999923706055,61.29999923706055,59.400001525878906,59.79999923706055,2924000,0.0,0.0
2024-06-06 00:00:00+08:00,60.599998474121094,60.599998474121094,59.0,59.20000076293945,1755000,0.0,0.0
2024-06-07 00:00:00+08:00,59.20000076293945,63.5,59.20000076293945,62.900001525878906,2999000,0.0,0.0
2024-06-11 00:00:00+08:00,63.0,63.0,60.5,60.5,1901000,0.0,0.0
2024-06-12 00:00:00+08:00,60.900001525878906,61.79999923706055,59.79999923706055,60.0,1724000,0.0,0.0
2024-06-13 00:00:00+08:00,61.0,61.0,60.0,60.70000076293945,1424000,0.0,0.0
2024-06-14 00:00:00+08:00,60.79999923706055,64.69999694824219,60.099998474121094,62.79999923706055,5063000,0.0,0.0
2024-06-17 00:00:00+08:00,62.099998474121094,62.20000076293945,60.400001525878906,61.099998474121094,3390000,0.0,0.0
2024-06-18 00:00:00+08:00,61.79999923706055,62.900001525878906,61.20000076293945,62.099998474121094,2366000,0.0,0.0
2024-06-19 00:00:00+08:00,62.70000076293945,62.70000076293945,61.099998474121094,61.099998474121094,1523000,0.0,0.0
2024-06-20 00:00:00+08:00,61.29999923706055,63.70000076293945,61.20000076293945,62.79999923706055,2612000,0.0,0.0
2024-06-21 00:00:00+08:00,62.79999923706055,63.5,62.0,62.099998474121094,2455000,0.0,0.0
2024-06-24 00:00:00+08:00,62.20000076293945,62.70000076293945,61.099998474121094,61.099998474121094,1093000,0.0,0.0
2024-06-25 00:00:00+08:00,61.20000076293945,61.20000076293945,59.599998474121094,60.79999923706055,1420000,0.0,0.0
2024-06-26 00:00:00+08:00,61.0,61.79999923706055,60.20000076293945,60.29999923706055,1227000,0.0,0.0
2024-06-27 00:00:00+08:00,60.900001525878906,60.900001525878906,60.099998474121094,60.29999923706055,793000,0.0,0.0
2024-06-28 00:00:00+08:00,60.400001525878906,60.900001525878906,59.900001525878906,60.400001525878906,1146000,0.0,0.0
2024-07-01 00:00:00+08:00,60.70000076293945,60.70000076293945,59.70000076293945,59.79999923706055,1338000,0.0,0.0
2024-07-02 00:00:00+08:00,59.900001525878906,59.900001525878906,59.099998474121094,59.29999923706055,1454000,0.0,0.0
2024-07-03 00:00:00+08:00,59.5,63.5,59.5,61.29999923706055,5917000,0.0,0.0
2024-07-04 00:00:00+08:00,61.5,62.70000076293945,61.29999923706055,61.5,2280000,0.0,0.0
2024-07-05 00:00:00+08:00,62.099998474121094,65.4000015258789,61.79999923706055,64.0999984741211,7579000,0.0,0.0
2024-07-08 00:00:00+08:00,64.9000015258789,65.0,63.0,63.5,3451000,0.0,0.0
2024-07-09 00:00:00+08:00,63.599998474121094,63.599998474121094,61.5,62.5,1883000,0.0,0.0
2024-07-10 00:00:00+08:00,62.5,62.5,61.599998474121094,61.70000076293945,1098000,0.0,0.0
2024-07-11 00:00:00+08:00,62.099998474121094,67.80000305175781,61.70000076293945,67.19999694824219,18078000,0.0,0.0
2024-07-12 00:00:00+08:00,66.30000305175781,67.0999984741211,65.5,65.9000015258789,5874000,0.0,0.0
2024-07-15 00:00:00+08:00,66.0,66.80000305175781,64.80000305175781,65.69999694824219,4756000,0.0,0.0
2024-07-16 00:00:00+08:00,66.0,67.5999984741211,65.69999694824219,66.19999694824219,4171000,0.0,0.0
2024-07-17 00:00:00+08:00,66.19999694824219,67.0,65.0,65.19999694824219,2518000,0.0,0.0
2024-07-18 00:00:00+08:00,64.0,64.80000305175781,63.29999923706055,64.0,2343000,0.0,0.0
2024-07-19 00:00:00+08:00,63.5,63.79999923706055,61.5,61.5,2103000,0.0,0.0
2024-07-22 00:00:00+08:00,61.5,61.5,59.0,59.79999923706055,1963000,0.0,0.0
2024-07-23 00:00:00+08:00,60.099998474121094,61.29999923706055,59.79999923706055,59.900001525878906,1441000,0.0,0.0
2024-07-26 00:00:00+08:00,58.79999923706055,58.900001525878906,57.0,58.20000076293945,1542000,0.0,0.0
2024-07-29 00:00:00+08:00,58.70000076293945,59.599998474121094,57.0,57.0,1661000,0.0,0.0
2024-07-30 00:00:00+08:00,57.0,57.79999923706055,56.0,57.599998474121094,1319000,0.0,0.0
2024-07-31 00:00:00+08:00,57.0,62.5,57.0,61.70000076293945,3359000,0.0,0.0
2024-08-01 00:00:00+08:00,62.099998474121094,62.70000076293945,60.900001525878906,61.599998474121094,2643000,0.0,0.0
2024-08-02 00:00:00+08:00,59.900001525878906,61.20000076293945,58.70000076293945,58.70000076293945,1427000,0.0,0.0
2024-08-05 00:00:00+08:00,56.599998474121094,56.599998474121094,52.900001525878906,52.900001525878906,3708000,0.0,0.0
2024-08-06 00:00:00+08:00,51.0,53.29999923706055,47.70000076293945,51.5,3452000,0.0,0.0
2024-08-07 00:00:00+08:00,51.5,53.79999923706055,51.5,52.70000076293945,1504000,0.0,0.0
2024-08-08 00:00:00+08:00,51.5,52.400001525878906,51.0,52.0,1069000,0.0,0.0
2024-08-09 00:00:00+08:00,52.900001525878906,53.5,51.599998474121094,51.599998474121094,1011000,0.0,0.0
2024-08-12 00:00:00+08:00,52.5,53.79999923706055,52.099998474121094,53.5,1176000,0.0,0.0
2024-08-13 00:00:00+08:00,53.79999923706055,53.79999923706055,52.5,53.0,539000,0.0,0.0
2024-08-14 00:00:00+08:00,53.5,54.0,53.20000076293945,54.0,978000,0.0,0.0
2024-08-15 00:00:00+08:00,54.29999923706055,54.400001525878906,53.400001525878906,53.5,819000,0.0,0.0
2024-08-16 00:00:00+08:00,54.29999923706055,54.400001525878906,53.70000076293945,53.900001525878906,744000,0.0,0.0
2024-08-19 00:00:00+08:00,54.099998474121094,59.20000076293945,54.099998474121094,59.20000076293945,5612000,0.0,0.0
2024-08-20 00:00:00+08:00,60.70000076293945,63.099998474121094,60.0,62.099998474121094,9113000,0.0,0.0
2024-08-21 00:00:00+08:00,61.5,67.0,60.5,65.5,10857000,0.0,0.0
2024-08-22 00:00:00+08:00,66.0,66.69999694824219,64.4000015258789,64.5,5850000,0.0,0.0
2024-08-23 00:00:00+08:00,64.0,67.19999694824219,63.599998474121094,66.30000305175781,6694000,0.0,0.0
2024-08-26 00:00:00+08:00,66.5999984741211,66.80000305175781,64.69999694824219,64.9000015258789,4257000,0.0,0.0
2024-08-27 00:00:00+08:00,65.0,68.0,64.0,64.9000015258789,9855000,0.0,0.0
2024-08-28 00:00:00+08:00,65.4000015258789,65.69999694824219,64.0,64.0,2609000,0.0,0.0
2024-08-29 00:00:00+08:00,63.5,64.19999694824219,62.599998474121094,63.5,2540000,0.0,0.0
2024-08-30 00:00:00+08:00,63.5,63.900001525878906,61.900001525878906,62.20000076293945,2289000,0.0,0.0
2024-09-02 00:00:00+08:00,63.20000076293945,63.29999923706055,61.70000076293945,62.20000076293945,1277000,0.0,0.0
2024-09-03 00:00:00+08:00,62.29999923706055,62.70000076293945,60.900001525878906,61.29999923706055,1615000,0.0,0.0
2024-09-04 00:00:00+08:00,58.0,60.5,55.900001525878906,59.29999923706055,2696000,0.0,0.0
2024-09-05 00:00:00+08:00,59.5,61.0,59.20000076293945,59.400001525878906,2297000,0.0,0.0
2024-09-06 00:00:00+08:00,60.400001525878906,65.0999984741211,59.79999923706055,64.19999694824219,5968000,0.0,0.0
2024-09-09 00:00:00+08:00,63.70000076293945,66.19999694824219,63.20000076293945,65.4000015258789,9047000,0.0,0.0
2024-09-10 00:00:00+08:00,65.4000015258789,66.0,61.5,61.900001525878906,6822000,0.0,0.0
2024-09-11 00:00:00+08:00,64.30000305175781,64.30000305175781,56.29999923706055,56.29999923706055,16810000,0.0,0.0
2024-09-12 00:00:00+08:00,57.5,57.900001525878906,55.099998474121094,55.599998474121094,6714000,0.0,0.0
2024-09-13 00:00:00+08:00,56.29999923706055,56.5,55.400001525878906,56.5,2300000,0.0,0.0
2024-09-16 00:00:00+08:00,56.5,57.70000076293945,56.5,56.70000076293945,2072000,0.0,0.0
2024-09-18 00:00:00+08:00,57.20000076293945,59.099998474121094,56.599998474121094,56.900001525878906,3836000,0.0,0.0
2024-09-19 00:00:00+08:00,56.900001525878906,57.400001525878906,56.599998474121094,57.099998474121094,1716000,0.0,0.0
2024-09-20 00:00:00+08:00,57.599998474121094,57.900001525878906,56.599998474121094,56.599998474121094,1676000,0.0,0.0
2024-09-23 00:00:00+08:00,56.70000076293945,57.400001525878906,56.70000076293945,56.79999923706055,1006000,0.0,0.0
2024-09-24 00:00:00+08:00,57.20000076293945,57.400001525878906,55.70000076293945,55.900001525878906,1752000,0.0,0.0
2024-09-25 00:00:00+08:00,56.400001525878906,57.20000076293945,56.400001525878906,56.79999923706055,1288000,0.0,0.0
2024-09-26 00:00:00+08:00,57.400001525878906,57.400001525878906,55.599998474121094,55.70000076293945,2423000,0.0,0.0
2024-09-27 00:00:00+08:00,56.20000076293945,57.599998474121094,56.20000076293945,56.79999923706055,1789000,0.0,0.0
2024-09-30 00:00:00+08:00,56.79999923706055,57.0,56.0,56.099998474121094,827000,0.0,0.0
2024-10-01 00:00:00+08:00,57.20000076293945,57.20000076293945,56.400001525878906,57.099998474121094,1049000,0.0,0.0
2024-10-04 00:00:00+08:00,57.099998474121094,57.099998474121094,55.79999923706055,55.79999923706055,1039000,0.0,0.0
2024-10-07 00:00:00+08:00,56.5,56.5,55.5,55.79999923706055,868000,0.0,0.0
2024-10-08 00:00:00+08:00,55.79999923706055,56.0,54.0,54.900001525878906,1541000,0.0,0.0
2024-10-09 00:00:00+08:00,55.5,55.5,53.900001525878906,53.900001525878906,1136000,0.0,0.0
2024-10-11 00:00:00+08:00,54.0,54.70000076293945,53.20000076293945,54.20000076293945,1005000,0.0,0.0
2024-10-14 00:00:00+08:00,54.5,54.5,53.70000076293945,53.70000076293945,533000,0.0,0.0
2024-10-15 00:00:00+08:00,54.099998474121094,55.20000076293945,53.70000076293945,53.70000076293945,1154000,0.0,0.0
2024-10-16 00:00:00+08:00,53.79999923706055,53.79999923706055,52.5,52.599998474121094,1210000,0.0,0.0
2024-10-17 00:00:00+08:00,52.79999923706055,53.20000076293945,52.79999923706055,52.900001525878906,780000,0.0,0.0
2024-10-18 00:00:00+08:00,53.29999923706055,53.79999923706055,52.099998474121094,52.099998474121094,1183000,0.0,0.0
2024-10-21 00:00:00+08:00,52.70000076293945,54.20000076293945,52.400001525878906,53.900001525878906,1393000,0.0,0.0
2024-10-22 00:00:00+08:00,54.0,54.099998474121094,53.5,54.0,588000,0.0,0.0
2024-10-23 00:00:00+08:00,53.900001525878906,56.099998474121094,53.900001525878906,54.70000076293945,1333000,0.0,0.0
2024-10-24 00:00:00+08:00,54.599998474121094,58.400001525878906,54.29999923706055,57.29999923706055,5959000,0.0,0.0
2024-10-25 00:00:00+08:00,57.79999923706055,58.29999923706055,57.400001525878906,57.5,4546000,0.0,0.0
2024-10-28 00:00:00+08:00,58.0,58.0,56.099998474121094,57.400001525878906,1693000,0.0,0.0
2024-10-29 00:00:00+08:00,57.099998474121094,57.5,56.599998474121094,56.79999923706055,1759000,0.0,0.0
2024-10-30 00:00:00+08:00,56.79999923706055,57.20000076293945,55.70000076293945,55.70000076293945,1290000,0.0,0.0
2024-11-01 00:00:00+08:00,55.0,55.400001525878906,54.20000076293945,55.099998474121094,913000,0.0,0.0
2024-11-04 00:00:00+08:00,55.20000076293945,55.29999923706055,53.900001525878906,54.099998474121094,842000,0.0,0.0
2024-11-05 00:00:00+08:00,54.099998474121094,54.599998474121094,53.79999923706055,54.20000076293945,483000,0.0,0.0
2024-11-06 00:00:00+08:00,54.20000076293945,54.5,53.599998474121094,53.900001525878906,621000,0.0,0.0
2024-11-07 00:00:00+08:00,53.900001525878906,56.0,53.900001525878906,55.900001525878906,1201000,0.0,0.0
2024-11-08 00:00:00+08:00,55.900001525878906,56.599998474121094,55.20000076293945,55.5,789000,0.0,0.0
2024-11-11 00:00:00+08:00,55.29999923706055,56.20000076293945,54.900001525878906,55.79999923706055,761000,0.0,0.0
2024-11-12 00:00:00+08:00,55.0,55.5,54.79999923706055,54.79999923706055,623000,0.0,0.0
2024-11-13 00:00:00+08:00,54.900001525878906,55.5,52.79999923706055,54.0,1178000,0.0,0.0
2024-11-14 00:00:00+08:00,54.099998474121094,54.5,52.5,52.5,822000,0.0,0.0
2024-11-15 00:00:00+08:00,52.599998474121094,54.0,52.5,53.099998474121094,923000,0.0,0.0
2024-11-18 00:00:00+08:00,52.599998474121094,52.900001525878906,50.70000076293945,50.70000076293945,1297000,0.0,0.0
2024-11-19 00:00:00+08:00,50.79999923706055,51.599998474121094,50.79999923706055,51.099998474121094,669000,0.0,0.0
2024-11-20 00:00:00+08:00,51.400001525878906,51.599998474121094,50.099998474121094,50.20000076293945,744684,0.0,0.0
2024-11-21 00:00:00+08:00,50.400001525878906,51.29999923706055,49.70000076293945,50.5,763000,0.0,0.0
2024-11-22 00:00:00+08:00,51.0,51.5,50.5,50.599998474121094,552000,0.0,0.0
2024-11-25 00:00:00+08:00,51.099998474121094,51.599998474121094,50.599998474121094,50.599998474121094,1156000,0.0,0.0
2024-11-26 00:00:00+08:00,51.20000076293945,52.20000076293945,50.70000076293945,52.20000076293945,827000,0.0,0.0
2024-11-27 00:00:00+08:00,52.599998474121094,53.29999923706055,51.099998474121094,51.29999923706055,1148000,0.0,0.0
2024-11-28 00:00:00+08:00,51.599998474121094,51.599998474121094,50.099998474121094,50.29999923706055,714000,0.0,0.0
2024-11-29 00:00:00+08:00,50.0,50.79999923706055,49.79999923706055,50.5,474000,0.0,0.0
2024-12-02 00:00:00+08:00,51.099998474121094,51.099998474121094,49.5,49.5,1218000,0.0,0.0
2024-12-03 00:00:00+08:00,50.099998474121094,51.599998474121094,49.849998474121094,50.0,1178000,0.0,0.0
2024-12-04 00:00:00+08:00,50.70000076293945,52.5,50.599998474121094,52.099998474121094,1986000,0.0,0.0
2024-12-05 00:00:00+08:00,52.099998474121094,52.099998474121094,51.5,52.0,721000,0.0,0.0
2024-12-06 00:00:00+08:00,52.0,52.5,51.79999923706055,52.20000076293945,605000,0.0,0.0
2024-12-09 00:00:00+08:00,52.70000076293945,52.70000076293945,51.0,51.29999923706055,448000,0.0,0.0
2024-12-10 00:00:00+08:00,51.29999923706055,51.79999923706055,51.099998474121094,51.20000076293945,355000,0.0,0.0
2024-12-11 00:00:00+08:00,51.20000076293945,51.20000076293945,50.599998474121094,50.599998474121094,430000,0.0,0.0
2024-12-12 00:00:00+08:00,51.0,51.900001525878906,50.70000076293945,51.0,561000,0.0,0.0
2024-12-13 00:00:00+08:00,50.79999923706055,50.79999923706055,49.04999923706055,49.04999923706055,1309000,0.0,0.0
2024-12-16 00:00:00+08:00,49.150001525878906,49.20000076293945,44.75,44.75,3026000,0.0,0.0
2024-12-17 00:00:00+08:00,44.75,46.0,44.70000076293945,45.29999923706055,1337000,0.0,0.0
2024-12-18 00:00:00+08:00,45.099998474121094,46.29999923706055,44.400001525878906,46.150001525878906,1015000,0.0,0.0
2024-12-19 00:00:00+08:00,45.20000076293945,46.75,45.20000076293945,46.0,566000,0.0,0.0
2024-12-20 00:00:00+08:00,46.29999923706055,46.400001525878906,44.599998474121094,44.75,1011000,0.0,0.0
2024-12-23 00:00:00+08:00,45.20000076293945,46.45000076293945,45.20000076293945,45.900001525878906,732000,0.0,0.0
2024-12-24 00:00:00+08:00,47.04999923706055,50.400001525878906,47.04999923706055,50.400001525878906,2516000,0.0,0.0
2024-12-25 00:00:00+08:00,51.79999923706055,52.70000076293945,50.70000076293945,51.0,7806000,0.0,0.0
2024-12-26 00:00:00+08:00,51.099998474121094,52.5,50.70000076293945,51.29999923706055,2308000,0.0,0.0
2024-12-27 00:00:00+08:00,52.0,52.0,50.099998474121094,50.5,1184000,0.0,0.0
2024-12-30 00:00:00+08:00,50.20000076293945,50.400001525878906,48.25,48.400001525878906,1448000,0.0,0.0
2024-12-31 00:00:00+08:00,48.79999923706055,49.650001525878906,47.95000076293945,49.650001525878906,727000,0.0,0.0
2025-01-02 00:00:00+08:00,49.349998474121094,49.349998474121094,48.20000076293945,48.20000076293945,787000,0.0,0.0
2025-01-03 00:00:00+08:00,48.75,48.79999923706055,47.099998474121094,47.25,670000,0.0,0.0
2025-01-06 00:00:00+08:00,47.79999923706055,47.900001525878906,47.29999923706055,47.650001525878906,572000,0.0,0.0
2025-01-07 00:00:00+08:00,47.29999923706055,48.20000076293945,46.150001525878906,46.29999923706055,1355000,0.0,0.0
2025-01-08 00:00:00+08:00,46.29999923706055,46.54999923706055,45.70000076293945,45.79999923706055,886000,0.0,0.0
2025-01-09 00:00:00+08:00,46.400001525878906,46.400001525878906,44.5,44.79999923706055,1085000,0.0,0.0
2025-01-10 00:00:00+08:00,44.79999923706055,45.20000076293945,44.650001525878906,44.650001525878906,680000,0.0,0.0
2025-01-13 00:00:00+08:00,44.45000076293945,44.45000076293945,40.599998474121094,40.70000076293945,2269000,0.0,0.0
2025-01-14 00:00:00+08:00,41.5,43.5,40.75,43.5,1499000,0.0,0.0
2025-01-15 00:00:00+08:00,42.54999923706055,43.45000076293945,42.349998474121094,42.45000076293945,868000,0.0,0.0
2025-01-16 00:00:00+08:00,43.25,43.79999923706055,42.849998474121094,43.0,767000,0.0,0.0
2025-01-17 00:00:00+08:00,43.79999923706055,44.0,42.650001525878906,42.75,603000,0.0,0.0
2025-01-20 00:00:00+08:00,43.400001525878906,43.900001525878906,42.70000076293945,43.849998474121094,764000,0.0,0.0
2025-01-21 00:00:00+08:00,43.849998474121094,44.0,43.5,43.75,409000,0.0,0.0
2025-01-22 00:00:00+08:00,43.95000076293945,44.29999923706055,43.54999923706055,44.25,884000,0.0,0.0
2025-02-03 00:00:00+08:00,42.849998474121094,43.04999923706055,41.79999923706055,42.75,692132,0.0,0.0
2025-02-04 00:00:00+08:00,42.599998474121094,43.099998474121094,41.75,42.45000076293945,783005,0.0,0.0
2025-02-05 00:00:00+08:00,42.95000076293945,43.54999923706055,42.70000076293945,43.29999923706055,682200,0.0,0.0
2025-02-06 00:00:00+08:00,43.5,45.0,43.099998474121094,44.79999923706055,886227,0.0,0.0
2025-02-07 00:00:00+08:00,44.349998474121094,45.25,44.349998474121094,45.0,502566,0.0,0.0
2025-02-10 00:00:00+08:00,44.95000076293945,45.20000076293945,44.54999923706055,45.150001525878906,389590,0.0,0.0
2025-02-11 00:00:00+08:00,45.150001525878906,45.5,44.54999923706055,44.70000076293945,458206,0.0,0.0
2025-02-12 00:00:00+08:00,44.70000076293945,45.349998474121094,44.45000076293945,44.650001525878906,629464,0.0,0.0
2025-02-13 00:00:00+08:00,45.0,47.20000076293945,45.0,46.599998474121094,1782536,0.0,0.0
2025-02-14 00:00:00+08:00,46.099998474121094,47.349998474121094,46.099998474121094,47.20000076293945,752691,0.0,0.0
2025-02-17 00:00:00+08:00,47.29999923706055,51.20000076293945,47.04999923706055,50.70000076293945,4567206,0.0,0.0
2025-02-18 00:00:00+08:00,52.5,53.5,51.599998474121094,52.099998474121094,8457032,0.0,0.0
2025-02-19 00:00:00+08:00,52.099998474121094,52.099998474121094,51.29999923706055,51.400001525878906,1984691,0.0,0.0
2025-02-20 00:00:00+08:00,51.29999923706055,51.70000076293945,51.0,51.20000076293945,1365565,0.0,0.0
2025-02-21 00:00:00+08:00,51.29999923706055,52.5,51.20000076293945,51.599998474121094,1623269,0.0,0.0
2025-02-24 00:00:00+08:00,51.099998474121094,51.900001525878906,51.0,51.70000076293945,809301,0.0,0.0
2025-02-25 00:00:00+08:00,51.400001525878906,51.400001525878906,50.0,50.70000076293945,1027230,0.0,0.0
2025-02-26 00:00:00+08:00,50.20000076293945,50.79999923706055,50.20000076293945,50.5,728252,0.0,0.0
2025-02-27 00:00:00+08:00,50.900001525878906,52.5,50.0,50.5,2508010,0.0,0.0
2025-03-03 00:00:00+08:00,49.04999923706055,50.0,48.54999923706055,48.900001525878906,896632,0.0,0.0
2025-03-04 00:00:00+08:00,48.70000076293945,49.400001525878906,47.400001525878906,49.20000076293945,938446,0.0,0.0
2025-03-05 00:00:00+08:00,48.900001525878906,52.0,48.900001525878906,51.0,1790505,0.0,0.0
2025-03-06 00:00:00+08:00,51.099998474121094,51.5,50.099998474121094,50.29999923706055,899662,0.0,0.0
2025-03-07 00:00:00+08:00,49.75,50.5,49.20000076293945,49.20000076293945,871052,0.0,0.0
2025-03-10 00:00:00+08:00,49.20000076293945,49.5,48.79999923706055,49.0,626291,0.0,0.0
2025-03-11 00:00:00+08:00,47.95000076293945,49.099998474121094,46.099998474121094,48.900001525878906,1108363,0.0,0.0
2025-03-12 00:00:00+08:00,48.900001525878906,49.400001525878906,48.45000076293945,48.54999923706055,575352,0.0,0.0
2025-03-13 00:00:00+08:00,48.900001525878906,49.650001525878906,46.599998474121094,46.75,1023430,0.0,0.0
2025-03-14 00:00:00+08:00,47.0,47.099998474121094,46.29999923706055,47.0,608720,0.0,0.0
2025-03-17 00:00:00+08:00,47.5,47.5,46.5,46.54999923706055,438869,0.0,0.0
2025-03-18 00:00:00+08:00,47.0,47.0,46.150001525878906,46.20000076293945,484421,0.0,0.0
2025-03-19 00:00:00+08:00,46.650001525878906,46.79999923706055,45.79999923706055,45.900001525878906,457315,0.0,0.0
2025-03-20 00:00:00+08:00,46.29999923706055,47.5,46.150001525878906,47.5,819408,0.0,0.0
2025-03-21 00:00:00+08:00,47.5,47.95000076293945,47.20000076293945,47.25,483160,0.0,0.0
2025-03-24 00:00:00+08:00,47.29999923706055,49.150001525878906,46.849998474121094,48.25,1014297,0.0,0.0
2025-03-25 00:00:00+08:00,48.400001525878906,48.900001525878906,47.29999923706055,47.599998474121094,1211316,0.0,0.0
2025-03-26 00:00:00+08:00,47.599998474121094,48.20000076293945,47.400001525878906,47.75,629034,0.0,0.0
2025-03-27 00:00:00+08:00,47.75,47.75,46.54999923706055,46.75,615199,0.0,0.0
2025-03-28 00:00:00+08:00,47.0,47.0,44.400001525878906,45.400001525878906,1008100,0.0,0.0
2025-03-31 00:00:00+08:00,43.20000076293945,43.849998474121094,41.20000076293945,41.75,1724243,0.0,0.0
2025-04-01 00:00:00+08:00,42.04999923706055,42.900001525878906,42.0,42.54999923706055,709300,0.0,0.0
2025-04-02 00:00:00+08:00,42.54999923706055,43.54999923706055,41.5,42.849998474121094,841105,0.0,0.0
2025-04-07 00:00:00+08:00,38.599998474121094,38.599998474121094,38.599998474121094,38.599998474121094,152110,0.0,0.0
2025-04-08 00:00:00+08:00,34.75,34.75,34.75,34.75,662018,0.0,0.0
2025-04-09 00:00:00+08:00,31.299999237060547,31.950000762939453,31.299999237060547,31.299999237060547,1896230,0.0,0.0
2025-04-10 00:00:00+08:00,33.5,34.400001525878906,33.5,34.400001525878906,2594524,0.0,0.0
2025-04-11 00:00:00+08:00,31.299999237060547,33.75,31.0,33.650001525878906,1356322,0.0,0.0
2025-04-14 00:00:00+08:00,34.849998474121094,35.599998474121094,33.5,33.599998474121094,1571419,0.0,0.0
2025-04-15 00:00:00+08:00,34.25,34.900001525878906,33.95000076293945,34.79999923706055,1036247,0.0,0.0
2025-04-16 00:00:00+08:00,34.79999923706055,34.79999923706055,33.45000076293945,33.45000076293945,956800,0.0,0.0
2025-04-17 00:00:00+08:00,33.5,33.599998474121094,32.099998474121094,32.599998474121094,967392,0.0,0.0
2025-04-18 00:00:00+08:00,33.04999923706055,33.400001525878906,32.75,32.95000076293945,595140,0.0,0.0
2025-04-21 00:00:00+08:00,33.5,33.5,31.5,31.5,798175,0.0,0.0
2025-04-22 00:00:00+08:00,30.899999618530273,31.799999237060547,30.25,30.649999618530273,1102146,0.0,0.0
2025-04-23 00:00:00+08:00,31.850000381469727,33.04999923706055,31.799999237060547,32.849998474121094,1000023,0.0,0.0
2025-04-24 00:00:00+08:00,33.0,33.5,32.5,32.79999923706055,466012,0.0,0.0
2025-04-25 00:00:00+08:00,33.5,33.900001525878906,33.150001525878906,33.349998474121094,644831,0.0,0.0
2025-04-28 00:00:00+08:00,33.900001525878906,34.79999923706055,33.900001525878906,34.349998474121094,907476,0.0,0.0
2025-04-29 00:00:00+08:00,34.849998474121094,35.849998474121094,34.5,35.599998474121094,936361,0.0,0.0
2025-04-30 00:00:00+08:00,35.95000076293945,36.29999923706055,35.29999923706055,35.900001525878906,1133759,0.0,0.0
2025-05-02 00:00:00+08:00,36.400001525878906,37.0,36.0,36.20000076293945,755309,0.0,0.0
2025-05-05 00:00:00+08:00,36.650001525878906,36.650001525878906,34.349998474121094,34.900001525878906,742037,0.0,0.0
2025-05-06 00:00:00+08:00,34.599998474121094,35.650001525878906,34.54999923706055,35.400001525878906,479661,0.0,0.0
2025-05-07 00:00:00+08:00,35.79999923706055,35.79999923706055,34.79999923706055,34.849998474121094,426247,0.0,0.0
2025-05-08 00:00:00+08:00,34.900001525878906,36.599998474121094,34.900001525878906,36.349998474121094,943117,0.0,0.0
2025-05-09 00:00:00+08:00,36.5,36.5,35.650001525878906,36.099998474121094,400196,0.0,0.0
2025-05-12 00:00:00+08:00,36.5,37.54999923706055,36.5,37.5,897131,0.0,0.0
2025-05-13 00:00:00+08:00,38.79999923706055,39.0,38.0,38.0,1282130,0.0,0.0
2025-05-14 00:00:00+08:00,38.79999923706055,38.900001525878906,38.349998474121094,38.599998474121094,824822,0.0,0.0
2025-05-15 00:00:00+08:00,38.54999923706055,38.75,38.25,38.25,773161,0.0,0.0
2025-05-16 00:00:00+08:00,38.54999923706055,38.54999923706055,38.04999923706055,38.5,433001,0.0,0.0
2025-05-19 00:00:00+08:00,38.400001525878906,38.400001525878906,37.25,37.5,903000,0.0,0.0
2025-05-20 00:00:00+08:00,37.849998474121094,37.900001525878906,36.20000076293945,36.20000076293945,1446596,0.0,0.0
2025-05-21 00:00:00+08:00,36.0,39.79999923706055,35.95000076293945,39.79999923706055,3420254,0.0,0.0
2025-05-22 00:00:00+08:00,40.04999923706055,42.5,39.29999923706055,40.650001525878906,26714628,0.0,0.0
2025-05-23 00:00:00+08:00,40.400001525878906,40.650001525878906,39.04999923706055,39.849998474121094,1124700,0.0,0.0
2025-05-26 00:00:00+08:00,39.099998474121094,39.349998474121094,37.400001525878906,37.400001525878906,2947610,0.0,0.0
2025-05-27 00:00:00+08:00,37.400001525878906,38.400001525878906,36.20000076293945,36.20000076293945,2373111,0.0,0.0
2025-05-28 00:00:00+08:00,37.150001525878906,37.25,35.099998474121094,35.20000076293945,1580657,0.0,0.0
2025-05-29 00:00:00+08:00,35.70000076293945,35.79999923706055,34.75,34.75,8894595,0.0,0.0
2025-06-02 00:00:00+08:00,34.349998474121094,34.349998474121094,32.25,32.45000076293945,2608216,0.0,0.0
2025-06-03 00:00:00+08:00,33.20000076293945,33.79999923706055,32.099998474121094,32.099998474121094,2164461,0.0,0.0
2025-06-04 00:00:00+08:00,32.599998474121094,34.25,32.400001525878906,34.0,2431304,0.0,0.0
2025-06-05 00:00:00+08:00,34.099998474121094,35.95000076293945,33.599998474121094,34.95000076293945,3291130,0.0,0.0
2025-06-06 00:00:00+08:00,34.79999923706055,34.900001525878906,34.0,34.20000076293945,1289245,0.0,0.0
2025-06-09 00:00:00+08:00,34.54999923706055,34.70000076293945,33.45000076293945,34.5,1334177,0.0,0.0
2025-06-10 00:00:00+08:00,34.650001525878906,35.650001525878906,34.650001525878906,34.70000076293945,1574435,0.0,0.0
2025-06-11 00:00:00+08:00,35.29999923706055,35.5,34.599998474121094,34.900001525878906,1369047,0.0,0.0
2025-06-12 00:00:00+08:00,35.0,35.20000076293945,34.349998474121094,34.599998474121094,1183245,0.0,0.0
2025-06-13 00:00:00+08:00,34.599998474121094,34.650001525878906,33.54999923706055,33.599998474121094,1114500,0.0,0.0
2025-06-16 00:00:00+08:00,33.849998474121094,34.0,33.20000076293945,33.599998474121094,576100,0.0,0.0
2025-06-17 00:00:00+08:00,33.849998474121094,34.54999923706055,33.099998474121094,33.400001525878906,864387,0.0,0.0
2025-06-18 00:00:00+08:00,33.599998474121094,34.25,33.29999923706055,34.20000076293945,882015,0.0,0.0
2025-06-19 00:00:00+08:00,34.349998474121094,34.349998474121094,33.04999923706055,33.150001525878906,785042,0.0,0.0
2025-06-20 00:00:00+08:00,33.099998474121094,33.54999923706055,32.20000076293945,32.20000076293945,2111057,0.0,0.0
2025-06-23 00:00:00+08:00,31.700000762939453,33.0,31.200000762939453,32.900001525878906,1176315,0.0,0.0
2025-06-24 00:00:00+08:00,33.70000076293945,35.95000076293945,33.29999923706055,34.5,3743105,0.0,0.0
2025-06-25 00:00:00+08:00,35.150001525878906,35.349998474121094,34.45000076293945,34.54999923706055,1513005,0.0,0.0
2025-06-26 00:00:00+08:00,34.79999923706055,38.0,34.70000076293945,38.0,5366034,0.0,0.0
2025-06-27 00:00:00+08:00,38.150001525878906,38.29999923706055,36.54999923706055,36.79999923706055,9008660,0.0,0.0
2025-06-30 00:00:00+08:00,36.79999923706055,36.79999923706055,35.099998474121094,35.5,2211245,0.0,0.0
2025-07-01 00:00:00+08:00,35.5,36.20000076293945,35.29999923706055,35.349998474121094,1249520,0.0,0.0
2025-07-02 00:00:00+08:00,35.400001525878906,35.75,35.150001525878906,35.25,756217,0.0,0.0
2025-07-03 00:00:00+08:00,35.849998474121094,36.45000076293945,35.54999923706055,36.29999923706055,1348205,0.0,0.0
2025-07-04 00:00:00+08:00,36.5,36.54999923706055,34.650001525878906,34.79999923706055,1508942,0.0,0.0
2025-07-07 00:00:00+08:00,34.79999923706055,34.79999923706055,33.70000076293945,34.099998474121094,778500,0.0,0.0
2025-07-08 00:00:00+08:00,33.79999923706055,33.900001525878906,33.099998474121094,33.900001525878906,927300,0.0,0.0
2025-07-09 00:00:00+08:00,33.849998474121094,34.29999923706055,33.5,33.70000076293945,752104,0.0,0.0
2025-07-10 00:00:00+08:00,34.0,34.20000076293945,33.04999923706055,33.45000076293945,930205,0.0,0.0
2025-07-11 00:00:00+08:00,33.79999923706055,35.45000076293945,33.79999923706055,35.45000076293945,1627451,0.0,0.0
2025-07-14 00:00:00+08:00,35.099998474121094,35.45000076293945,34.70000076293945,34.75,820643,0.0,0.0
2025-07-15 00:00:00+08:00,34.79999923706055,37.0,34.79999923706055,35.70000076293945,5383954,0.0,0.0
2025-07-16 00:00:00+08:00,35.650001525878906,37.0,35.45000076293945,36.54999923706055,2740474,0.0,0.0
2025-07-17 00:00:00+08:00,37.29999923706055,40.20000076293945,36.599998474121094,40.20000076293945,20211372,0.0,0.0
2025-07-18 00:00:00+08:00,40.650001525878906,40.75,38.25,38.599998474121094,20603411,0.0,0.0
2025-07-21 00:00:00+08:00,38.04999923706055,38.04999923706055,36.79999923706055,37.0,4718677,0.0,0.0
2025-07-22 00:00:00+08:00,37.20000076293945,37.400001525878906,36.04999923706055,36.099998474121094,3185436,0.0,0.0
2025-07-23 00:00:00+08:00,36.45000076293945,37.349998474121094,36.29999923706055,37.150001525878906,1836067,0.0,0.0
2025-07-24 00:00:00+08:00,37.45000076293945,39.25,37.04999923706055,38.79999923706055,4296687,0.0,0.0
2025-07-25 00:00:00+08:00,38.54999923706055,38.70000076293945,37.849998474121094,37.849998474121094,1499533,0.0,0.0
2025-07-28 00:00:00+08:00,37.849998474121094,38.099998474121094,37.20000076293945,38.04999923706055,1135019,0.0,0.0
2025-07-29 00:00:00+08:00,37.79999923706055,38.54999923706055,37.099998474121094,37.75,1624442,0.0,0.0
2025-07-30 00:00:00+08:00,37.900001525878906,37.95000076293945,37.0,37.54999923706055,1067503,0.0,0.0
2025-07-31 00:00:00+08:00,37.400001525878906,37.70000076293945,36.650001525878906,37.099998474121094,1429078,0.0,0.0
2025-08-04 00:00:00+08:00,37.04999923706055,38.0,36.349998474121094,37.849998474121094,1140150,0.0,0.0
2025-08-05 00:00:00+08:00,39.0,39.79999923706055,38.349998474121094,39.099998474121094,4664490,0.0,0.0
2025-08-06 00:00:00+08:00,39.0,39.20000076293945,38.0,38.0,1866579,0.0,0.0
2025-08-07 00:00:00+08:00,39.0,40.0,38.099998474121094,38.099998474121094,5301876,0.0,0.0
2025-08-08 00:00:00+08:00,38.79999923706055,38.79999923706055,37.70000076293945,37.75,1532325,0.0,0.0
2025-08-11 00:00:00+08:00,37.75,38.70000076293945,37.04999923706055,38.400001525878906,1631369,0.0,0.0
2025-08-12 00:00:00+08:00,38.5,39.79999923706055,38.150001525878906,39.349998474121094,3103502,0.0,0.0
2025-08-13 00:00:00+08:00,39.79999923706055,40.099998474121094,38.900001525878906,39.70000076293945,3352129,0.0,0.0
2025-08-14 00:00:00+08:00,39.79999923706055,43.650001525878906,39.650001525878906,43.349998474121094,15661643,0.0,0.0
2025-08-15 00:00:00+08:00,43.099998474121094,43.099998474121094,41.20000076293945,42.0,7522004,0.0,0.0
2025-08-18 00:00:00+08:00,41.599998474121094,43.75,41.099998474121094,42.599998474121094,4820393,0.0,0.0
2025-08-19 00:00:00+08:00,43.0,44.400001525878906,42.04999923706055,43.599998474121094,6793387,0.0,0.0
2025-08-20 00:00:00+08:00,43.54999923706055,43.54999923706055,41.349998474121094,41.5,4582707,0.0,0.0
2025-08-21 00:00:00+08:00,42.900001525878906,45.650001525878906,42.599998474121094,45.650001525878906,10687604,0.0,0.0
2025-08-22 00:00:00+08:00,46.150001525878906,46.25,44.0,44.95000076293945,14925406,0.0,0.0
2025-08-25 00:00:00+08:00,45.5,46.900001525878906,44.45000076293945,45.95000076293945,9972304,0.0,0.0
2025-08-26 00:00:00+08:00,46.0,49.900001525878906,45.5,46.849998474121094,14138749,0.0,0.0
2025-08-27 00:00:00+08:00,47.349998474121094,47.400001525878906,46.25,46.25,5272187,0.0,0.0
2025-08-28 00:00:00+08:00,45.900001525878906,47.20000076293945,45.54999923706055,45.650001525878906,4094674,0.0,0.0
2025-08-29 00:00:00+08:00,45.599998474121094,46.25,45.29999923706055,46.0,3106271,0.0,0.0
2025-09-01 00:00:00+08:00,45.650001525878906,46.400001525878906,44.79999923706055,45.5,4112563,0.0,0.0
2025-09-02 00:00:00+08:00,46.20000076293945,46.25,44.54999923706055,44.900001525878906,3174088,0.0,0.0
2025-09-03 00:00:00+08:00,46.20000076293945,49.349998474121094,46.20000076293945,49.349998474121094,12290710,0.0,0.0
2025-09-04 00:00:00+08:00,51.5,54.20000076293945,51.0,54.20000076293945,28760496,0.0,0.0
2025-09-05 00:00:00+08:00,55.099998474121094,56.5,51.70000076293945,52.5,70597624,0.0,0.0
2025-09-08 00:00:00+08:00,53.599998474121094,57.70000076293945,52.79999923706055,57.70000076293945,32889961,0.0,0.0
2025-09-09 00:00:00+08:00,59.29999923706055,60.0,55.5,56.0,43586264,0.0,0.0
2025-09-10 00:00:00+08:00,56.70000076293945,57.099998474121094,53.099998474121094,53.5,18313585,0.0,0.0
2025-09-11 00:00:00+08:00,54.0,55.79999923706055,51.70000076293945,52.0,18656460,0.0,0.0
2025-09-12 00:00:00+08:00,53.0,57.20000076293945,52.29999923706055,57.20000076293945,30210971,0.0,0.0
2025-09-15 00:00:00+08:00,59.5,62.900001525878906,59.20000076293945,62.900001525878906,49603008,0.0,0.0
2025-09-16 00:00:00+08:00,63.5,66.5,63.0,63.599998474121094,112656760,0.0,0.0
2025-09-17 00:00:00+08:00,64.30000305175781,69.9000015258789,64.30000305175781,69.9000015258789,52546173,0.0,0.0
2025-09-18 00:00:00+08:00,70.30000305175781,70.69999694824219,65.5999984741211,67.5999984741211,107686583,0.0,0.0
2025-09-19 00:00:00+08:00,66.80000305175781,68.0999984741211,60.900001525878906,60.900001525878906,57179031,0.0,0.0
2025-09-22 00:00:00+08:00,61.0,61.599998474121094,59.0,60.5,22049507,0.0,0.0
2025-09-23 00:00:00+08:00,61.5,62.20000076293945,58.70000076293945,59.5,17293391,0.0,0.0
2025-09-24 00:00:00+08:00,61.0,64.80000305175781,59.900001525878906,61.599998474121094,53554311,0.0,0.0
2025-09-25 00:00:00+08:00,61.5,63.29999923706055,59.79999923706055,59.900001525878906,19700845,0.0,0.0
2025-09-26 00:00:00+08:00,59.900001525878906,61.79999923706055,58.0,58.29999923706055,21674056,0.0,0.0
2025-09-30 00:00:00+08:00,58.79999923706055,59.5,57.099998474121094,59.29999923706055,9722972,0.0,0.0
2025-10-01 00:00:00+08:00,59.79999923706055,62.400001525878906,58.79999923706055,60.5,22927067,0.0,0.0
2025-10-02 00:00:00+08:00,60.099998474121094,60.400001525878906,58.599998474121094,58.599998474121094,7375613,0.0,0.0
2025-10-03 00:00:00+08:00,58.70000076293945,63.400001525878906,58.70000076293945,59.900001525878906,31611996,0.0,0.0
2025-10-07 00:00:00+08:00,60.20000076293945,61.79999923706055,59.70000076293945,61.0,9706147,0.0,0.0
2025-10-08 00:00:00+08:00,61.099998474121094,63.79999923706055,60.5,61.70000076293945,15834486,0.0,0.0
2025-10-09 00:00:00+08:00,61.29999923706055,62.0,59.5,59.79999923706055,7099048,0.0,0.0
2025-10-13 00:00:00+08:00,55.5,58.5,55.0,58.20000076293945,6691817,0.0,0.0
2025-10-14 00:00:00+08:00,58.79999923706055,59.900001525878906,55.70000076293945,56.20000076293945,7447278,0.0,0.0
2025-10-15 00:00:00+08:00,56.29999923706055,60.79999923706055,55.599998474121094,59.70000076293945,12146014,0.0,0.0
2025-10-16 00:00:00+08:00,60.599998474121094,61.400001525878906,59.0,60.5,11218756,0.0,0.0
2025-10-17 00:00:00+08:00,60.5,60.5,58.400001525878906,58.70000076293945,3809721,0.0,0.0
2025-10-20 00:00:00+08:00,58.70000076293945,62.29999923706055,58.70000076293945,60.900001525878906,12421714,0.0,0.0
2025-10-21 00:00:00+08:00,62.0,66.5999984741211,61.79999923706055,65.5,53039636,0.0,0.0
2025-10-22 00:00:00+08:00,65.5,67.19999694824219,62.20000076293945,64.0,37282083,0.0,0.0
2025-10-23 00:00:00+08:00,63.29999923706055,63.70000076293945,61.900001525878906,61.900001525878906,7523031,0.0,0.0
2025-10-27 00:00:00+08:00,62.79999923706055,63.400001525878906,60.900001525878906,61.0,9151069,0.0,0.0
2025-10-28 00:00:00+08:00,60.900001525878906,61.29999923706055,58.70000076293945,58.900001525878906,8657419,0.0,0.0
2025-10-29 00:00:00+08:00,59.5,60.0,57.400001525878906,58.20000076293945,6187564,0.0,0.0
2025-10-30 00:00:00+08:00,58.900001525878906,58.900001525878906,56.70000076293945,56.900001525878906,4465650,0.0,0.0
2025-10-31 00:00:00+08:00,57.29999923706055,58.29999923706055,56.20000076293945,56.5,3839109,0.0,0.0
2025-11-03 00:00:00+08:00,56.599998474121094,56.900001525878906,55.599998474121094,56.20000076293945,3428973,0.0,0.0
2025-11-04 00:00:00+08:00,56.5,57.29999923706055,54.0,54.0,4955581,0.0,0.0
2025-11-05 00:00:00+08:00,53.29999923706055,53.400001525878906,51.5,52.29999923706055,7217621,0.0,0.0
2025-11-06 00:00:00+08:00,52.900001525878906,53.0,50.70000076293945,50.79999923706055,8602869,0.0,0.0
2025-11-07 00:00:00+08:00,50.400001525878906,50.5,49.400001525878906,49.599998474121094,6507742,0.0,0.0
2025-11-10 00:00:00+08:00,50.29999923706055,52.0,49.900001525878906,50.20000076293945,7233180,0.0,0.0
2025-11-11 00:00:00+08:00,50.599998474121094,51.599998474121094,50.099998474121094,50.5,6374377,0.0,0.0
2025-11-12 00:00:00+08:00,51.0,52.400001525878906,50.70000076293945,51.20000076293945,5072577,0.0,0.0
2025-11-13 00:00:00+08:00,50.79999923706055,51.0,49.79999923706055,50.400001525878906,3869652,0.0,0.0
2025-11-14 00:00:00+08:00,49.599998474121094,50.400001525878906,48.25,48.25,5418090,0.0,0.0
2025-11-17 00:00:00+08:00,48.5,49.04999923706055,47.900001525878906,48.150001525878906,5237205,0.0,0.0
2025-11-18 00:00:00+08:00,48.20000076293945,48.29999923706055,45.95000076293945,46.45000076293945,6600567,0.0,0.0
2025-11-19 00:00:00+08:00,46.75,47.099998474121094,46.20000076293945,46.650001525878906,2728319,0.0,0.0
2025-11-20 00:00:00+08:00,47.79999923706055,47.95000076293945,46.650001525878906,47.599998474121094,2195420,0.0,0.0
2025-11-21 00:00:00+08:00,46.70000076293945,46.79999923706055,45.29999923706055,45.599998474121094,2839500,0.0,0.0
2025-11-24 00:00:00+08:00,46.04999923706055,46.5,45.400001525878906,46.25,1672382,0.0,0.0
2025-11-25 00:00:00+08:00,46.70000076293945,49.099998474121094,46.400001525878906,48.400001525878906,5491953,0.0,0.0
2025-11-26 00:00:00+08:00,49.099998474121094,49.20000076293945,48.0,48.45000076293945,2732754,0.0,0.0
2025-11-27 00:00:00+08:00,48.54999923706055,49.20000076293945,48.400001525878906,48.900001525878906,1654522,0.0,0.0
2025-11-28 00:00:00+08:00,48.75,49.5,48.75,49.400001525878906,2038351,0.0,0.0
2025-12-01 00:00:00+08:00,50.599998474121094,51.400001525878906,48.70000076293945,48.70000076293945,6803721,0.0,0.0
2025-12-02 00:00:00+08:00,48.849998474121094,49.70000076293945,48.400001525878906,48.95000076293945,2477050,0.0,0.0
2025-12-03 00:00:00+08:00,49.150001525878906,50.400001525878906,49.150001525878906,49.900001525878906,2704812,0.0,0.0
2025-12-04 00:00:00+08:00,50.5,50.70000076293945,49.400001525878906,49.849998474121094,1567501,0.0,0.0
2025-12-05 00:00:00+08:00,49.900001525878906,50.5,49.0,49.25,2135180,0.0,0.0
2025-12-08 00:00:00+08:00,49.25,50.29999923706055,49.0,50.29999923706055,2411220,0.0,0.0
2025-12-09 00:00:00+08:00,50.400001525878906,50.79999923706055,49.70000076293945,50.099998474121094,1413063,0.0,0.0
2025-12-10 00:00:00+08:00,50.5,50.70000076293945,49.29999923706055,49.29999923706055,2443757,0.0,0.0
2025-12-11 00:00:00+08:00,49.70000076293945,50.20000076293945,49.04999923706055,49.04999923706055,1595283,0.0,0.0
2025-12-12 00:00:00+08:00,49.70000076293945,49.849998474121094,49.04999923706055,49.099998474121094,1118430,0.0,0.0
2025-12-15 00:00:00+08:00,48.79999923706055,49.400001525878906,48.150001525878906,49.0,926001,0.0,0.0
2025-12-16 00:00:00+08:00,49.29999923706055,50.0,47.75,48.0,1919588,0.0,0.0
2025-12-17 00:00:00+08:00,48.20000076293945,52.79999923706055,48.20000076293945,52.79999923706055,8396929,0.0,0.0
2025-12-18 00:00:00+08:00,53.0,53.099998474121094,50.5,50.599998474121094,14850611,0.0,0.0
2025-12-19 00:00:00+08:00,50.599998474121094,51.20000076293945,49.45000076293945,49.599998474121094,3757253,0.0,0.0
2025-12-22 00:00:00+08:00,50.0,51.79999923706055,49.70000076293945,51.5,3146652,0.0,0.0
2025-12-23 00:00:00+08:00,51.79999923706055,52.70000076293945,50.900001525878906,51.0,3073154,0.0,0.0
2025-12-24 00:00:00+08:00,51.5,51.599998474121094,50.0,50.5,1728824,0.0,0.0
2025-12-26 00:00:00+08:00,50.70000076293945,51.900001525878906,50.70000076293945,51.29999923706055,2264695,0.0,0.0
2025-12-29 00:00:00+08:00,51.599998474121094,52.20000076293945,51.099998474121094,51.099998474121094,1772082,0.0,0.0
2025-12-30 00:00:00+08:00,51.79999923706055,51.900001525878906,51.0,51.20000076293945,2213245,0.0,0.0
2025-12-31 00:00:00+08:00,51.79999923706055,52.0,51.20000076293945,51.79999923706055,3421122,0.0,0.0
2026-01-02 00:00:00+08:00,52.0,54.70000076293945,51.5,54.0,8085096,0.0,0.0
2026-01-05 00:00:00+08:00,54.0,56.29999923706055,53.099998474121094,56.29999923706055,12549676,0.0,0.0
2026-01-06 00:00:00+08:00,56.79999923706055,59.400001525878906,54.5,55.29999923706055,37801790,0.0,0.0
2026-01-07 00:00:00+08:00,55.29999923706055,57.400001525878906,54.20000076293945,56.20000076293945,14931129,0.0,0.0
2026-01-08 00:00:00+08:00,56.0,57.20000076293945,54.5,56.599998474121094,11049738,0.0,0.0
2026-01-09 00:00:00+08:00,55.0,55.29999923706055,52.900001525878906,53.599998474121094,8677229,0.0,0.0
2026-01-12 00:00:00+08:00,54.0,57.599998474121094,54.0,56.5,10999435,0.0,0.0
2026-01-13 00:00:00+08:00,56.900001525878906,57.0,55.20000076293945,55.29999923706055,6834401,0.0,0.0
2026-01-14 00:00:00+08:00,56.0,59.0,55.79999923706055,57.5,15063762,0.0,0.0
2026-01-15 00:00:00+08:00,57.5,57.70000076293945,55.900001525878906,57.20000076293945,5830337,0.0,0.0
2026-01-16 00:00:00+08:00,57.79999923706055,58.29999923706055,56.5,56.599998474121094,7123610,0.0,0.0
2026-01-19 00:00:00+08:00,56.5,59.20000076293945,56.099998474121094,58.5,7990758,0.0,0.0
2026-01-20 00:00:00+08:00,57.70000076293945,62.79999923706055,56.599998474121094,61.900001525878906,27617900,0.0,0.0
2026-01-21 00:00:00+08:00,63.400001525878906,68.0,63.099998474121094,67.0999984741211,72943425,0.0,0.0
2026-01-22 00:00:00+08:00,69.0,70.0,64.30000305175781,65.69999694824219,54835980,0.0,0.0
2026-01-23 00:00:00+08:00,66.0,66.5,63.20000076293945,64.0,13447579,0.0,0.0
2026-01-26 00:00:00+08:00,64.30000305175781,68.19999694824219,62.0,65.5999984741211,20817117,0.0,0.0
2026-01-27 00:00:00+08:00,65.80000305175781,67.5999984741211,63.5,66.0,16356225,0.0,0.0
2026-01-28 00:00:00+08:00,66.5,67.9000015258789,64.30000305175781,64.5,18022489,0.0,0.0
2026-01-29 00:00:00+08:00,64.5,64.80000305175781,60.099998474121094,60.70000076293945,13339106,0.0,0.0
2026-01-30 00:00:00+08:00,60.70000076293945,61.900001525878906,58.099998474121094,59.79999923706055,8000381,0.0,0.0
2026-02-02 00:00:00+08:00,58.0,58.70000076293945,54.900001525878906,57.900001525878906,8995979,0.0,0.0
2026-02-03 00:00:00+08:00,58.70000076293945,59.5,56.20000076293945,56.79999923706055,13147175,0.0,0.0
2026-02-04 00:00:00+08:00,56.70000076293945,58.400001525878906,56.0,57.400001525878906,4124612,0.0,0.0
2026-02-05 00:00:00+08:00,57.0,57.29999923706055,55.099998474121094,55.20000076293945,3569709,0.0,0.0
2026-02-06 00:00:00+08:00,54.70000076293945,54.900001525878906,52.099998474121094,52.20000076293945,5134369,0.0,0.0
2026-02-09 00:00:00+08:00,54.0,54.400001525878906,53.0,53.5,2326603,0.0,0.0
2026-02-10 00:00:00+08:00,54.099998474121094,55.70000076293945,53.79999923706055,53.79999923706055,2911120,0.0,0.0
2026-02-11 00:00:00+08:00,54.0,54.29999923706055,52.099998474121094,52.5,3276215,0.0,0.0
2026-02-23 00:00:00+08:00,52.5,54.29999923706055,51.29999923706055,54.0,4055660,0.0,0.0
2026-02-24 00:00:00+08:00,54.400001525878906,56.79999923706055,54.400001525878906,56.79999923706055,3880514,0.0,0.0
2026-02-25 00:00:00+08:00,57.20000076293945,57.599998474121094,55.0,55.70000076293945,3145420,0.0,0.0
2026-02-26 00:00:00+08:00,56.599998474121094,61.20000076293945,55.900001525878906,61.20000076293945,9315568,0.0,0.0
2026-03-02 00:00:00+08:00,57.5,60.599998474121094,57.5,59.599998474121094,8842694,0.0,0.0
2026-03-03 00:00:00+08:00,60.099998474121094,62.400001525878906,56.79999923706055,57.0,7776601,0.0,0.0
2026-03-04 00:00:00+08:00,56.099998474121094,56.5,52.400001525878906,52.599998474121094,4659925,0.0,0.0
2026-03-05 00:00:00+08:00,54.70000076293945,57.099998474121094,54.400001525878906,55.400001525878906,3975710,0.0,0.0
2026-03-06 00:00:00+08:00,55.5,57.0,54.70000076293945,56.79999923706055,3200526,0.0,0.0
2026-03-09 00:00:00+08:00,52.0,52.70000076293945,51.20000076293945,51.900001525878906,4391710,0.0,0.0
2026-03-10 00:00:00+08:00,53.29999923706055,54.0,52.0,52.70000076293945,2802919,0.0,0.0
2026-03-11 00:00:00+08:00,54.0,55.70000076293945,53.79999923706055,55.099998474121094,2750055,0.0,0.0
2026-03-12 00:00:00+08:00,56.400001525878906,56.79999923706055,55.20000076293945,55.29999923706055,2794253,0.0,0.0
2026-03-13 00:00:00+08:00,54.099998474121094,56.70000076293945,53.599998474121094,56.29999923706055,2328474,0.0,0.0
2026-03-16 00:00:00+08:00,56.70000076293945,60.400001525878906,56.0,59.20000076293945,6943890,0.0,0.0
2026-03-17 00:00:00+08:00,59.900001525878906,61.79999923706055,59.599998474121094,60.5,6926273,0.0,0.0
2026-03-18 00:00:00+08:00,61.5,62.79999923706055,60.900001525878906,61.79999923706055,10268177,0.0,0.0
2026-03-19 00:00:00+08:00,61.29999923706055,62.79999923706055,59.900001525878906,60.20000076293945,8276451,0.0,0.0
2026-03-20 00:00:00+08:00,61.400001525878906,62.599998474121094,58.400001525878906,59.20000076293945,6108821,0.0,0.0
2026-03-23 00:00:00+08:00,57.099998474121094,60.79999923706055,56.599998474121094,59.099998474121094,4185028,0.0,0.0
2026-03-24 00:00:00+08:00,60.0,61.29999923706055,57.599998474121094,58.20000076293945,4861890,0.0,0.0
2026-03-25 00:00:00+08:00,59.400001525878906,60.5,59.099998474121094,59.900001525878906,2939425,0.0,0.0
2026-03-26 00:00:00+08:00,60.900001525878906,61.20000076293945,57.5,57.5,3896586,0.0,0.0
2026-03-27 00:00:00+08:00,56.5,56.70000076293945,54.0,54.79999923706055,4233830,0.0,0.0
2026-03-30 00:00:00+08:00,53.29999923706055,53.29999923706055,51.5,51.70000076293945,3199066,0.0,0.0
2026-03-31 00:00:00+08:00,51.70000076293945,52.400001525878906,48.599998474121094,48.849998474121094,4052130,0.0,0.0
2026-04-01 00:00:00+08:00,51.29999923706055,51.29999923706055,49.349998474121094,49.75,2237160,0.0,0.0
2026-04-02 00:00:00+08:00,50.400001525878906,50.5,48.20000076293945,48.29999923706055,1999589,0.0,0.0
2026-04-07 00:00:00+08:00,49.099998474121094,49.75,48.5,48.95000076293945,1515395,0.0,0.0
2026-04-08 00:00:00+08:00,51.0,51.70000076293945,50.20000076293945,50.599998474121094,1856605,0.0,0.0
2026-04-09 00:00:00+08:00,51.29999923706055,51.29999923706055,49.599998474121094,50.20000076293945,1863156,0.0,0.0
2026-04-10 00:00:00+08:00,50.400001525878906,51.900001525878906,50.29999923706055,50.70000076293945,3236580,0.0,0.0
2026-04-13 00:00:00+08:00,50.900001525878906,52.70000076293945,50.599998474121094,51.099998474121094,2913501,0.0,0.0
2026-04-14 00:00:00+08:00,52.099998474121094,56.20000076293945,51.79999923706055,56.20000076293945,6305130,0.0,0.0
2026-04-15 00:00:00+08:00,56.20000076293945,56.70000076293945,53.099998474121094,54.599998474121094,13133419,0.0,0.0
2026-04-16 00:00:00+08:00,55.5,55.900001525878906,54.29999923706055,54.70000076293945,3956966,0.0,0.0
2026-04-17 00:00:00+08:00,54.5,57.400001525878906,54.400001525878906,56.20000076293945,7735053,0.0,0.0
2026-04-20 00:00:00+08:00,56.599998474121094,59.70000076293945,56.599998474121094,57.900001525878906,9570142,0.0,0.0
2026-04-21 00:00:00+08:00,59.400001525878906,60.900001525878906,58.5,59.099998474121094,9615699,0.0,0.0
2026-04-22 00:00:00+08:00,59.70000076293945,63.79999923706055,59.29999923706055,62.79999923706055,16316187,0.0,0.0
2026-04-23 00:00:00+08:00,63.099998474121094,63.5,56.70000076293945,57.900001525878906,12435933,0.0,0.0
2026-04-24 00:00:00+08:00,59.0,60.5,54.79999923706055,55.70000076293945,7286419,0.0,0.0
2026-04-27 00:00:00+08:00,56.5,58.5,54.5,56.5,7621255,0.0,0.0
2026-04-28 00:00:00+08:00,56.5,62.099998474121094,55.5,62.0,15675881,0.0,0.0
2026-04-29 00:00:00+08:00,60.5,62.5,57.900001525878906,60.20000076293945,15048090,0.0,0.0
2026-04-30 00:00:00+08:00,61.79999923706055,66.19999694824219,61.79999923706055,66.19999694824219,33037424,0.0,0.0
2026-05-04 00:00:00+08:00,67.19999694824219,72.80000305175781,65.5999984741211,68.69999694824219,52777056,0.0,0.0
2026-05-05 00:00:00+08:00,69.69999694824219,75.5,69.5999984741211,75.5,29453545,0.0,0.0
2026-05-06 00:00:00+08:00,77.5999984741211,80.30000305175781,72.5999984741211,73.0999984741211,65909126,0.0,0.0
2026-05-07 00:00:00+08:00,73.19999694824219,80.0,71.4000015258789,74.69999694824219,43993739,0.0,0.0
2026-05-08 00:00:00+08:00,73.30000305175781,75.80000305175781,68.69999694824219,73.19999694824219,26169269,0.0,0.0
2026-05-11 00:00:00+08:00,74.0,76.4000015258789,71.5,74.9000015258789,25822618,0.0,0.0
2026-05-12 00:00:00+08:00,74.69999694824219,78.4000015258789,72.69999694824219,77.19999694824219,22791219,0.0,0.0
2026-05-13 00:00:00+08:00,75.5,76.30000305175781,72.0999984741211,72.80000305175781,17469072,0.0,0.0
2026-05-14 00:00:00+08:00,74.30000305175781,80.0,74.30000305175781,80.0,37680760,0.0,0.0
2026-05-15 00:00:00+08:00,85.0,87.5,79.19999694824219,80.4000015258789,50649195,0.0,0.0
2026-05-18 00:00:00+08:00,78.0,78.5,73.4000015258789,76.80000305175781,20732209,0.0,0.0
2026-05-19 00:00:00+08:00,75.5,77.19999694824219,71.4000015258789,72.69999694824219,14716060,0.0,0.0
2026-05-20 00:00:00+08:00,73.0,74.80000305175781,71.4000015258789,72.80000305175781,9473604,0.0,0.0
2026-05-21 00:00:00+08:00,76.0,80.0,75.5999984741211,80.0,18157783,0.0,0.0
2026-05-22 00:00:00+08:00,81.0,85.80000305175781,80.5,83.5,30612789,0.0,0.0
2026-05-25 00:00:00+08:00,85.69999694824219,88.4000015258789,84.69999694824219,85.69999694824219,22599756,0.0,0.0
2026-05-26 00:00:00+08:00,89.80000305175781,93.4000015258789,81.69999694824219,82.9000015258789,25423122,0.0,0.0
2026-05-27 00:00:00+08:00,85.0,90.5,82.4000015258789,89.30000305175781,40663086,0.0,0.0
2026-05-28 00:00:00+08:00,88.5999984741211,96.9000015258789,86.19999694824219,87.0999984741211,55679789,0.0,0.0
2026-05-29 00:00:00+08:00,91.4000015258789,93.0999984741211,87.19999694824219,89.30000305175781,27037821,0.0,0.0
2026-06-01 00:00:00+08:00,90.0,90.9000015258789,83.0,83.30000305175781,22056732,0.0,0.0
2026-06-02 00:00:00+08:00,83.19999694824219,84.80000305175781,80.0,81.9000015258789,12426081,0.0,0.0
2026-06-03 00:00:00+08:00,83.0,84.69999694824219,80.5,84.30000305175781,17754709,0.0,0.0
2026-06-04 00:00:00+08:00,82.5999984741211,83.5999984741211,77.5,77.5,14563829,0.0,0.0
2026-06-05 00:00:00+08:00,77.5,79.4000015258789,75.0999984741211,76.5,11066008,0.0,0.0
2026-06-08 00:00:00+08:00,68.9000015258789,71.5,68.9000015258789,70.5999984741211,7370389,0.0,0.0
2026-06-09 00:00:00+08:00,71.5,75.5,69.30000305175781,75.30000305175781,8760561,0.0,0.0
2026-06-10 00:00:00+08:00,71.69999694824219,77.30000305175781,71.69999694824219,71.9000015258789,8559019,0.0,0.0
2026-06-11 00:00:00+08:00,71.0,74.0,68.69999694824219,74.0,9210918,0.0,0.0
2026-06-12 00:00:00+08:00,77.69999694824219,79.9000015258789,77.0999984741211,77.0999984741211,14117453,0.0,0.0
2026-06-15 00:00:00+08:00,81.0,83.19999694824219,80.5999984741211,81.69999694824219,14741520,0.0,0.0
2026-06-16 00:00:00+08:00,82.5999984741211,86.80000305175781,79.5,79.69999694824219,20743360,0.0,0.0
2026-06-17 00:00:00+08:00,79.0999984741211,83.0,78.80000305175781,80.5,12548415,0.0,0.0
2026-06-18 00:00:00+08:00,80.5,84.4000015258789,80.19999694824219,83.19999694824219,18960842,0.0,0.0
2026-06-22 00:00:00+08:00,86.5,91.5,86.5,91.5,28988323,0.0,0.0
2026-06-23 00:00:00+08:00,94.0,100.5,93.9000015258789,100.5,46004931,0.0,0.0
2026-06-24 00:00:00+08:00,95.5,95.5,90.5,90.5,33221204,0.0,0.0
2026-06-25 00:00:00+08:00,91.0,91.0,85.19999694824219,85.80000305175781,24407065,0.0,0.0
2026-06-26 00:00:00+08:00,85.0999984741211,88.80000305175781,81.5999984741211,81.5999984741211,24851910,0.0,0.0
2026-06-29 00:00:00+08:00,82.0,82.0,77.69999694824219,79.0,15456003,0.0,0.0
2026-06-30 00:00:00+08:00,82.19999694824219,86.9000015258789,81.4000015258789,86.9000015258789,16267370,0.0,0.0
2026-07-01 00:00:00+08:00,90.30000305175781,94.0,83.0,83.30000305175781,33580783,0.0,0.0
2026-07-02 00:00:00+08:00,82.0,88.9000015258789,82.0,87.69999694824219,31013793,0.0,0.0
2026-07-03 00:00:00+08:00,86.0,91.80000305175781,83.5,91.0,33714288,0.0,0.0
2026-07-06 00:00:00+08:00,93.30000305175781,93.5999984741211,86.0,86.30000305175781,34710762,0.0,0.0
2026-07-07 00:00:00+08:00,87.0,87.19999694824219,79.80000305175781,81.5,14722439,0.0,0.0
2026-07-08 00:00:00+08:00,82.0,82.0,78.4000015258789,81.5,9933218,0.0,0.0
2026-07-09 00:00:00+08:00,81.30000305175781,83.0999984741211,79.5,79.5,9381556,0.0,0.0
2026-07-10 00:00:00+08:00,79.5,79.5,79.5,79.5,0,0.0,0.0
2026-07-13 00:00:00+08:00,86.19999694824219,87.4000015258789,85.4000015258789,85.5,29966201,0.0,0.0
2026-07-14 00:00:00+08:00,81.0,83.69999694824219,77.0,77.5999984741211,23563603,0.0,0.0
2026-07-15 00:00:00+08:00,78.5999984741211,80.9000015258789,77.19999694824219,80.0,11391941,0.0,0.0
2026-07-16 00:00:00+08:00,79.30000305175781,80.0999984741211,75.5,75.5,9250912,0.0,0.0
2026-07-17 00:00:00+08:00,72.0,72.5,68.0999984741211,68.69999694824219,10220925,0.0,0.0
2026-07-20 00:00:00+08:00,68.80000305175781,69.0999984741211,62.5,64.80000305175781,8971647,0.0,0.0
2026-07-21 00:00:00+08:00,66.5,66.69999694824219,63.70000076293945,65.4000015258789,6636320,0.0,0.0
2026-07-22 00:00:00+08:00,67.19999694824219,69.30000305175781,65.5999984741211,66.0,10334601,0.0,0.0
2026-07-23 00:00:00+08:00,67.30000305175781,69.19999694824219,64.0999984741211,65.30000305175781,8051663,0.0,0.0
2026-07-24 00:00:00+08:00,64.19999694824219,64.30000305175781,61.400001525878906,61.5,5924839,0.0,0.0
2026-07-27 00:00:00+08:00,61.099998474121094,61.70000076293945,58.70000076293945,60.900001525878906,4389640,0.0,0.0
2026-07-28 00:00:00+08:00,58.5,58.599998474121094,54.900001525878906,54.900001525878906,5765612,0.0,0.0
2026-07-29 00:00:00+08:00,54.900001525878906,55.29999923706055,49.599998474121094,52.79999923706055,7488270,0.0,0.0
2026-07-30 00:00:00+08:00,51.29999923706055,53.0,48.349998474121094,48.75,6471595,0.0,0.0
2026-07-31 00:00:00+08:00,52.900001525878906,53.20000076293945,51.400001525878906,52.5,4590180,0.0,0.0
2026-08-03 00:00:00+08:00,51.79999923706055,56.900001525878906,51.099998474121094,56.29999923706055,5429092,0.0,0.0
2026-08-04 00:00:00+08:00,57.099998474121094,60.0,55.599998474121094,59.79999923706055,5297509,0.0,0.0
2026-08-05 00:00:00+08:00,62.29999923706055,64.19999694824219,61.599998474121094,62.400001525878906,6493550,0.0,0.0
2026-08-06 00:00:00+08:00,62.79999923706055,62.79999923706055,59.599998474121094,62.099998474121094,3656593,0.0,0.0
2026-08-07 00:00:00+08:00,62.599998474121094,62.599998474121094,59.70000076293945,60.099998474121094,2462762,0.0,0.0
2026-08-10 00:00:00+08:00,61.599998474121094,63.400001525878906,60.900001525878906,62.29999923706055,2955858,0.0,0.0
2026-08-11 00:00:00+08:00,61.5,63.599998474121094,61.099998474121094,61.900001525878906,2654650,0.0,0.0
2026-08-12 00:00:00+08:00,62.0,65.0,62.0,63.5,5097924,0.0,0.0
2026-08-13 00:00:00+08:00,64.0999984741211,68.9000015258789,64.0999984741211,65.5999984741211,8393500,0.0,0.0
2026-08-14 00:00:00+08:00,66.4000015258789,66.5999984741211,63.20000076293945,65.5999984741211,5991506,0.0,0.0
2026-08-17 00:00:00+08:00,64.5,66.5,62.5,65.19999694824219,5923140,0.0,0.0
2026-08-18 00:00:00+08:00,65.5,66.4000015258789,62.900001525878906,62.900001525878906,4447029,0.0,0.0
2026-08-19 00:00:00+08:00,61.400001525878906,63.599998474121094,60.900001525878906,61.400001525878906,2957563,0.0,0.0
2026-08-20 00:00:00+08:00,62.20000076293945,63.400001525878906,61.29999923706055,62.900001525878906,2215466,0.0,0.0
2026-08-21 00:00:00+08:00,62.400001525878906,62.599998474121094,61.0,61.29999923706055,1875756,0.0,0.0
