Date,Open,High,Low,Close,Volume,Dividends,Stock Splits
2001-08-09 00:00:00+09:00,-11564591611904.0,-11564591611904.0,-11564591611904.0,-11564591611904.0,9600000,0.0,0.0
2001-08-10 00:00:00+09:00,-10793615090169.34,-10793615090169.34,-10279633027072.0,-10279633027072.0,1200000,0.0,0.0
2001-08-13 00:00:00+09:00,-9791350386358.111,-9894146323736.805,-8994678636544.0,-8994678636544.0,2400000,0.0,0.0
2001-08-14 00:00:00+09:00,-9251671789293.049,-9765653359296.4,-9020379994560.723,-9508662280192.0,1080000,0.0,0.0
2001-08-15 00:00:00+09:00,-9508660088053.414,-9508660088053.414,-8994678636544.0,-8994678636544.0,312000,0.0,0.0
2001-08-16 00:00:00+09:00,-8737689570489.003,-8737689570489.003,-8043814191104.0,-8043814191104.0,588000,0.0,0.0
2001-08-17 00:00:00+09:00,-7966716558055.07,-8454999405909.506,-7632628820022.675,-8198008340480.0,708000,0.0,0.0
2001-08-20 00:00:00+09:00,-8223706165177.219,-8994678636544.0,-8223706165177.219,-8994678636544.0,468000,0.0,0.0
2001-08-21 00:00:00+09:00,-8866183502444.037,-8994678719454.496,-8403600015360.0,-8403600015360.0,576000,0.0,0.0
2001-08-22 00:00:00+09:00,-8275105083463.027,-8377901620843.289,-8095211878304.299,-8249406390272.0,228000,0.0,0.0
2001-08-23 00:00:00+09:00,-8223706042867.011,-8223706042867.011,-7709724599001.98,-7786821844992.0,240000,0.0,0.0
2001-08-24 00:00:00+09:00,-7709727061855.928,-7709727061855.928,-7375638693107.006,-7581231218688.0,288000,0.0,0.0
2001-08-27 00:00:00+09:00,-7735425759925.118,-7941018873711.605,-7581231218687.999,-7581231218688.0,168000,0.0,0.0
2001-08-28 00:00:00+09:00,-7581229218110.389,-7581229218110.389,-7298539496508.598,-7452733997056.0,252000,0.0,0.0
2001-08-29 00:00:00+09:00,-7324239048944.571,-7324239048944.571,-6964451475456.0,-6964451475456.0,156000,0.0,0.0
2001-08-30 00:00:00+09:00,-6681760057169.624,-6681760057169.624,-6450468356096.0,-6450468356096.0,324000,0.0,0.0
2001-08-31 00:00:00+09:00,-6142081400094.856,-6424771151966.961,-5936488906752.0,-5936488906752.0,552000,0.0,0.0
2001-09-03 00:00:00+09:00,-5936488675242.444,-5936488675242.444,-5448205860864.0,-5448205860864.0,288000,0.0,0.0
2001-09-04 00:00:00+09:00,-5576701127220.113,-5962187407360.0,-5551002434014.376,-5962187407360.0,396000,0.0,0.0
2001-09-05 00:00:00+09:00,-6064983585166.862,-6424770562561.525,-6064983585166.862,-6116381556736.0,324000,0.0,0.0
2001-09-06 00:00:00+09:00,-6321974621588.837,-6630363627520.0,-6296275341692.79,-6630363627520.0,432000,0.0,0.0
2001-09-07 00:00:00+09:00,-6758858417041.143,-7144344649728.0,-6758858417041.143,-7144344649728.0,372000,0.0,0.0
2001-09-10 00:00:00+09:00,-7658326196224.0,-7658326196224.0,-7658326196224.0,-7658326196224.0,36000,0.0,0.0
2001-09-11 00:00:00+09:00,-8172308791296.0,-8172308791296.0,-8172308791296.0,-8172308791296.0,108000,0.0,0.0
2001-09-12 00:00:00+09:00,-7195743748095.999,-8814786179648.41,-7195743748095.999,-7195743748096.0,1200000,0.0,0.0
2001-09-13 00:00:00+09:00,-7247141525727.91,-7452733997056.0,-7247141525727.91,-7452733997056.0,168000,0.0,0.0
2001-09-14 00:00:00+09:00,-7709725818880.0,-7709725818880.0,-7709725818880.0,-7709725818880.0,408000,0.0,0.0
2001-09-17 00:00:00+09:00,-7838222615444.139,-7838222615444.139,-6707462799360.001,-6707462799360.0,408000,0.0,0.0
2001-09-18 00:00:00+09:00,-6656063183582.818,-7221443297280.0,-6656063183582.818,-7221443297280.0,252000,0.0,0.0
2001-09-19 00:00:00+09:00,-7735424319488.001,-7735424319488.001,-7735424319488.001,-7735424319488.0,180000,0.0,0.0
2001-09-20 00:00:00+09:00,-7966717026141.818,-8609194433361.818,-7504133434112.728,-8480699187200.0,924000,0.0,0.0
2001-09-21 00:00:00+09:00,-8223708329050.975,-8223708329050.975,-7709726742299.498,-7838221991936.0,552000,0.0,0.0
2001-09-24 00:00:00+09:00,-7838221991935.999,-7838221991935.999,-7838221991935.999,-7838221991936.0,0,0.0,0.0
2001-09-25 00:00:00+09:00,124818629611.55208,128719214855.8183,115067170964.74864,116627406848.0,300000,1700.0,0.0
2001-09-26 00:00:00+09:00,117017474548.8706,117017474548.8706,112336775566.91579,113116889088.0,204000,0.0,0.0
2001-09-27 00:00:00+09:00,112726839108.92361,112726839108.92361,105315737600.00002,105315737600.0,216000,0.0,0.0
2001-09-28 00:00:00+09:00,105315737600.00002,105315737600.00002,105315737600.00002,105315737600.0,0,0.0,0.0
2001-10-01 00:00:00+09:00,108436190106.04517,115847299803.38191,108436190106.04517,113116889088.0,264000,0.0,0.0
2001-10-02 00:00:00+09:00,113897023455.32484,120137959549.43324,111556673536.0,111556673536.0,408000,0.0,0.0
2001-10-03 00:00:00+09:00,117017474548.8706,118967762815.44353,113116889087.99998,113116889088.0,372000,0.0,0.0
2001-10-04 00:00:00+09:00,116237362791.43623,117017485311.99998,113116899492.35811,117017485312.0,696000,0.0,0.0
2001-10-05 00:00:00+09:00,118967757617.20976,127939093964.71707,114287058839.77562,125598744576.0,1068000,0.0,0.0
2001-10-08 00:00:00+09:00,125598744576.0,125598744576.0,125598744576.0,125598744576.0,0,0.0,0.0
2001-10-09 00:00:00+09:00,128329166120.77887,128329166120.77887,123258405703.36005,123648466944.0,744000,0.0,0.0
2001-10-10 00:00:00+09:00,123648459431.12987,123648459431.12987,117797585815.65489,120918048768.0,456000,0.0,0.0
2001-10-11 00:00:00+09:00,122868322304.00002,140420939776.0,120918025521.96251,140420939776.0,1200000,0.0,0.0
2001-10-12 00:00:00+09:00,148222100120.98126,149392274619.1146,140420939776.0,140420939776.0,1200000,0.0,0.0
2001-10-15 00:00:00+09:00,130669516315.20522,136520390313.31477,124428581074.6466,132619804672.0,684000,0.0,0.0
2001-10-16 00:00:00+09:00,134570074112.0,134570074112.0,126768904443.54674,134570074112.0,384000,0.0,0.0
2001-10-17 00:00:00+09:00,134570104564.92064,134570104564.92064,126768933131.07933,130669518848.0,312000,0.0,0.0
2001-10-18 00:00:00+09:00,124818663116.69714,128719249407.99998,124818663116.69714,128719249408.0,276000,0.0,0.0
2001-10-19 00:00:00+09:00,124818650522.98834,128719236420.73747,124818650522.98834,126768939008.0,312000,0.0,0.0
2001-10-22 00:00:00+09:00,125988819816.69916,126378881067.50734,124818644992.00002,124818644992.0,156000,0.0,0.0
2001-10-23 00:00:00+09:00,124428581074.6466,140420975954.62955,122868353960.30086,132619804672.0,1200000,0.0,0.0
2001-10-24 00:00:00+09:00,138470690220.4904,152122736640.0,136910462975.99998,152122736640.0,2400000,0.0,0.0
2001-10-25 00:00:00+09:00,152122703216.64,163824449617.92,144711594186.588,146271830016.0,1200000,0.0,0.0
2001-10-26 00:00:00+09:00,146271862153.84613,156023313678.9519,140420987667.6923,152122736640.0,1020000,0.0,0.0
2001-10-29 00:00:00+09:00,156023320956.3189,156023320956.3189,148612218880.0,148612218880.0,492000,0.0,0.0
2001-10-30 00:00:00+09:00,148222132121.85925,148222132121.85925,142371258368.0,142371258368.0,180000,0.0,0.0
2001-10-31 00:00:00+09:00,140420983648.68692,144321560576.0,138470686257.3047,144321560576.0,360000,0.0,0.0
2001-11-01 00:00:00+09:00,144321549162.85,163824467968.0,140811024849.25,163824467968.0,2400000,0.0,0.0
2001-11-02 00:00:00+09:00,173575924542.47467,183327375360.00003,172015697411.1968,183327375360.0,8400000,0.0,0.0
2001-11-05 00:00:00+09:00,191128573461.51562,198929745920.0,167725073941.51562,187227996160.0,6000000,0.0,0.0
2001-11-06 00:00:00+09:00,189178260432.01,189178260432.01,169675357661.86667,175526232064.0,1200000,0.0,0.0
2001-11-07 00:00:00+09:00,175526230946.69223,181377105311.58197,168895234048.0,168895234048.0,840000,0.0,0.0
2001-11-08 00:00:00+09:00,170455472007.877,187227991481.75247,170455472007.877,185277693952.0,1200000,0.0,0.0
2001-11-09 00:00:00+09:00,185277693952.0,185277693952.0,185277693952.0,185277693952.0,0,0.0,0.0
2001-11-12 00:00:00+09:00,172795785967.41568,173575908388.17578,165774737746.9216,171625611264.0,720000,0.0,0.0
2001-11-13 00:00:00+09:00,169675369944.37366,169675369944.37366,159923899997.95825,167725072384.0,732000,0.0,0.0
2001-11-14 00:00:00+09:00,171625645702.2172,179426817908.8462,156023319144.41177,159923896320.0,1200000,0.0,0.0
2001-11-15 00:00:00+09:00,169675321629.739,179426770944.0,169285251515.46402,179426770944.0,1200000,0.0,0.0
2001-11-16 00:00:00+09:00,179426805702.69354,185277679995.7754,168895231975.14618,173965983744.0,1200000,0.0,0.0
2001-11-19 00:00:00+09:00,175916279552.2852,175916279552.2852,169675352980.6751,173575929856.0,360000,0.0,0.0
2001-11-20 00:00:00+09:00,169675331648.3769,169675331648.3769,161874161023.072,165774737408.0,348000,0.0,0.0
2001-11-21 00:00:00+09:00,163824481088.86154,167725058020.11252,161874183695.5103,162264236032.0,564000,0.0,0.0
2001-11-22 00:00:00+09:00,160313970223.30478,168115124753.89352,159923899997.95825,167725072384.0,564000,0.0,0.0
2001-11-23 00:00:00+09:00,167725072384.0,167725072384.0,167725072384.0,167725072384.0,0,0.0,0.0
2001-11-26 00:00:00+09:00,167725072384.0,167725072384.0,167725072384.0,167725072384.0,0,0.0,0.0
2001-11-27 00:00:00+09:00,165384679586.98694,165384679586.98694,156023282292.3377,158363631616.0,900000,0.0,0.0
2001-11-28 00:00:00+09:00,159533831658.8496,159533831658.8496,144321558634.8496,149782380544.0,672000,0.0,0.0
2001-11-29 00:00:00+09:00,149392314593.83295,149782375840.15845,141981204480.0,141981204480.0,444000,0.0,0.0
2001-11-30 00:00:00+09:00,142761330777.04346,161484128256.0,142761330777.04346,161484128256.0,648000,0.0,0.0
2001-12-03 00:00:00+09:00,175526231461.71442,180987035648.0,170845531956.0687,180987035648.0,2400000,0.0,0.0
2001-12-04 00:00:00+09:00,187618004912.69662,200489926656.00003,187618004912.69662,200489926656.0,7200000,0.0,0.0
2001-12-05 00:00:00+09:00,216092277193.8338,239495774208.0,214532050011.3731,239495774208.0,14400000,0.0,0.0
2001-12-06 00:00:00+09:00,249247268732.35083,250027373475.7651,215312194585.69275,230134398976.0,7200000,0.0,0.0
2001-12-07 00:00:00+09:00,230134372937.53928,267970037942.17975,220382921904.56082,256658341888.0,6000000,0.0,0.0
2001-12-10 00:00:00+09:00,260558891380.17557,271090463818.29358,238715641930.6747,241446043648.0,3600000,0.0,0.0
2001-12-11 00:00:00+09:00,241446072075.2762,248467121193.99622,226233798984.71622,234034970624.0,1200000,0.0,0.0
2001-12-12 00:00:00+09:00,234034987064.59595,239495791525.8015,216482363034.75125,221553115136.0,1200000,0.0,0.0
2001-12-13 00:00:00+09:00,214532008282.45905,218432584407.62994,206730838176.6695,207120908288.0,1200000,0.0,0.0
2001-12-14 00:00:00+09:00,212971851053.81335,241446103576.2233,212971851053.81335,220382953472.0,4800000,0.0,0.0
2001-12-17 00:00:00+09:00,223113317899.95984,230134366739.93304,207510993096.28064,212581744640.0,1200000,0.0,0.0
2001-12-18 00:00:00+09:00,216482350501.64706,218042577706.59854,195419202885.2706,198929727488.0,1200000,0.0,0.0
2001-12-19 00:00:00+09:00,210631442874.81082,221553067294.2811,206730848695.71893,216482316288.0,1200000,0.0,0.0
2001-12-20 00:00:00+09:00,214532045559.79352,214532045559.79352,203220349619.18256,208291119104.0,852000,0.0,0.0
2001-12-21 00:00:00+09:00,200489944610.24088,203220346545.45593,197759542675.02582,200879996928.0,696000,0.0,0.0
2001-12-24 00:00:00+09:00,200879996928.0,200879996928.0,200879996928.0,200879996928.0,0,0.0,0.0
2001-12-25 00:00:00+09:00,200880014064.26947,210631483539.16168,195029139521.51498,195419209728.0,756000,0.0,0.0
2001-12-26 00:00:00+09:00,198539642474.89645,210631460440.87646,187227964836.33466,205170638848.0,768000,0.0,0.0
2001-12-27 00:00:00+09:00,218432595538.67926,239885809958.96732,218432595538.67926,239105687552.0,6000000,0.0,0.0
2001-12-28 00:00:00+09:00,230914498397.19623,237155424995.35248,228184096358.39996,234034970624.0,1200000,0.0,0.0
2001-12-31 00:00:00+09:00,234034970623.99997,234034970623.99997,234034970623.99997,234034970624.0,0,0.0,0.0
2002-01-01 00:00:00+09:00,234034970623.99997,234034970623.99997,234034970623.99997,234034970624.0,0,0.0,0.0
2002-01-02 00:00:00+09:00,234034970623.99997,234034970623.99997,234034970623.99997,234034970624.0,0,0.0,0.0
2002-01-03 00:00:00+09:00,234034970623.99997,234034970623.99997,234034970623.99997,234034970624.0,0,0.0,0.0
2002-01-04 00:00:00+09:00,234034970623.99997,237935547515.91623,230134375876.63248,234034970624.0,744000,0.0,0.0
2002-01-07 00:00:00+09:00,234034954240.0,265239602901.7,234034954240.0,263289323520.0,7200000,0.0,0.0
2002-01-08 00:00:00+09:00,265629658477.42746,302295144532.12946,264459483770.47845,298394550272.0,13200000,0.0,0.0
2002-01-09 00:00:00+09:00,296834305425.7686,306195703081.3608,284742506072.4451,298394550272.0,4800000,0.0,0.0
2002-01-10 00:00:00+09:00,292543624533.3334,292933676747.5625,269140134570.6667,280841879552.0,1200000,0.0,0.0
2002-01-11 00:00:00+09:00,280841961137.6326,290203359842.2204,269140212756.89795,286692835328.0,1200000,0.0,0.0
2002-01-14 00:00:00+09:00,286692835328.0,286692835328.0,286692835328.0,286692835328.0,0,0.0,0.0
2002-01-15 00:00:00+09:00,284352507371.5636,321798105050.1234,271090512956.77206,319847825408.0,8400000,0.0,0.0
2002-01-16 00:00:00+09:00,319067632211.5118,333499799166.80774,300344836468.8138,312046583808.0,6000000,0.0,0.0
2002-01-17 00:00:00+09:00,303075294159.72894,312046623009.85736,284742548406.7441,296444297216.0,1200000,0.0,0.0
2002-01-18 00:00:00+09:00,310096334808.59674,312046614318.85315,296444288959.54584,299954831360.0,1032000,0.0,0.0
2002-01-21 00:00:00+09:00,298784585494.2,298784585494.2,288253013733.04803,292543660032.0,360000,0.0,0.0
2002-01-22 00:00:00+09:00,284742521706.85004,292543692800.0,263289323520.0,263289323520.0,1044000,0.0,0.0
2002-01-23 00:00:00+09:00,271090483342.10956,280841951909.2591,265239609343.99997,265239609344.0,672000,0.0,0.0
2002-01-24 00:00:00+09:00,277331415932.9282,292543687692.9622,273040769228.28152,284742516736.0,1200000,0.0,0.0
2002-01-25 00:00:00+09:00,288643045611.9631,288643045611.9631,269140148224.0,269140148224.0,720000,0.0,0.0
2002-01-28 00:00:00+09:00,269140221606.99652,273040798577.01987,253537878016.0,253537878016.0,708000,0.0,0.0
2002-01-29 00:00:00+09:00,269140167229.44,292543660032.0,257438420828.16,292543660032.0,2400000,0.0,0.0
2002-01-30 00:00:00+09:00,288643110391.0298,300734928769.1698,273040785408.0,273040785408.0,2400000,0.0,0.0
2002-01-31 00:00:00+09:00,273040785408.0,273040785408.0,273040785408.0,273040785408.0,0,0.0,0.0
2002-02-01 00:00:00+09:00,276941300037.00653,285912644262.95544,265239554462.05002,269140148224.0,1200000,0.0,0.0
2002-02-04 00:00:00+09:00,271090524158.46085,271090524158.46085,261339071978.5485,261729124352.0,660000,0.0,0.0
2002-02-05 00:00:00+09:00,260558953564.67953,270700476136.52158,255488201206.4852,257438498816.0,936000,0.0,0.0
2002-02-06 00:00:00+09:00,253537903596.97043,259388778570.06134,249637326233.3943,257438498816.0,960000,0.0,0.0
2002-02-07 00:00:00+09:00,246126737847.24402,253537838285.5738,236375288022.55237,245736685568.0,1200000,0.0,0.0
2002-02-08 00:00:00+09:00,246516806562.5,253537855189.7,234425006545.25,251587575808.0,1200000,0.0,0.0
2002-02-11 00:00:00+09:00,251587575808.0,251587575808.0,251587575808.0,251587575808.0,0,0.0,0.0
2002-02-12 00:00:00+09:00,253537850020.01608,255488147217.39917,239885823204.68347,243786399744.0,504000,0.0,0.0
2002-02-13 00:00:00+09:00,241836097536.0,243786394692.97476,237935521077.49976,241836097536.0,588000,0.0,0.0
2002-02-14 00:00:00+09:00,243786401368.44485,247686977933.75247,238325579892.65442,238715650048.0,240000,0.0,0.0
2002-02-15 00:00:00+09:00,236765350885.39835,238325577927.56674,222333201642.85416,226233778176.0,900000,0.0,0.0
2002-02-18 00:00:00+09:00,221553092748.9801,221553092748.9801,203610418172.21133,207510994944.0,756000,0.0,0.0
2002-02-19 00:00:00+09:00,211411570206.55167,211801640379.76138,200879996928.0,200879996928.0,432000,0.0,0.0
2002-02-20 00:00:00+09:00,194639111209.7016,226233837642.73386,185277710785.09946,217652559872.0,1200000,0.0,0.0
2002-02-21 00:00:00+09:00,222723311079.05106,232864834093.57068,222333258682.30365,223503433728.0,876000,0.0,0.0
2002-02-22 00:00:00+09:00,223503391190.93106,223893443513.44388,219602796544.0,219602796544.0,564000,0.0,0.0
2002-02-25 00:00:00+09:00,214922104457.84723,214922104457.84723,210631475200.00003,210631475200.0,156000,0.0,0.0
2002-02-26 00:00:00+09:00,218432641989.09155,218432641989.09155,193078863708.74933,202830315520.0,276000,0.0,0.0
2002-02-27 00:00:00+09:00,202830315520.0,206730892673.40976,202830315520.0,202830315520.0,96000,0.0,0.0
2002-02-28 00:00:00+09:00,202830239315.78537,202830239315.78537,198929663627.83908,199319715840.0,264000,0.0,0.0
2002-03-01 00:00:00+09:00,199709831248.95834,216872401846.70142,199319778913.36807,210631475200.0,504000,0.0,0.0
2002-03-04 00:00:00+09:00,210631482072.98627,214532059122.52054,206730887168.0,206730887168.0,312000,0.0,0.0
2002-03-05 00:00:00+09:00,210241416660.27838,212581766514.42212,204780612237.57788,208681189376.0,288000,0.0,0.0
2002-03-06 00:00:00+09:00,206340801130.48572,218042548224.0,206340801130.48572,218042548224.0,372000,0.0,0.0
2002-03-07 00:00:00+09:00,218432621814.38034,224283495931.82715,218042569491.7008,219992866816.0,1200000,0.0,0.0
2002-03-08 00:00:00+09:00,223503372111.14456,243786394692.97476,223503372111.14456,241836097536.0,3600000,0.0,0.0
2002-03-11 00:00:00+09:00,245736752302.82928,249637329720.89758,234425054578.34146,239885877248.0,1164000,0.0,0.0
2002-03-12 00:00:00+09:00,243786390991.32388,243786390991.32388,234424993348.7073,234815045632.0,384000,0.0,0.0
2002-03-13 00:00:00+09:00,234034978058.7491,234034978058.7491,222333229155.81165,224283508736.0,456000,0.0,0.0
2002-03-14 00:00:00+09:00,220382915790.67075,220382915790.67075,212581744467.43842,218432618496.0,300000,0.0,0.0
2002-03-15 00:00:00+09:00,218822717456.87305,223113347072.0,218822717456.87305,223113347072.0,156000,0.0,0.0
2002-03-18 00:00:00+09:00,223113274858.4637,232084619264.00003,219992821212.97488,232084619264.0,312000,0.0,0.0
2002-03-19 00:00:00+09:00,224283515756.7716,224283515756.7716,220772990976.00003,220772990976.0,48000,0.0,0.0
2002-03-20 00:00:00+09:00,222333229155.81165,232084680623.10892,222333229155.81165,224283508736.0,180000,0.0,0.0
2002-03-21 00:00:00+09:00,224283508736.0,224283508736.0,224283508736.0,224283508736.0,0,0.0,0.0
2002-03-22 00:00:00+09:00,226233778175.99997,226233778175.99997,222333201642.85416,226233778176.0,108000,0.0,0.0
2002-03-25 00:00:00+09:00,226233813282.07812,226233813282.07812,208681189376.0,208681189376.0,240000,0.0,0.0
2002-03-26 00:00:00+09:00,210631482072.98627,210631482072.98627,204780607570.95886,206730887168.0,180000,0.0,0.0
2002-03-27 00:00:00+09:00,206730872447.462,210631467074.7014,206730872447.462,207510994944.0,192000,0.0,0.0
2002-03-28 00:00:00+09:00,206730857522.4008,207510979962.61737,202050158592.00003,202050158592.0,204000,0.0,0.0
2002-03-29 00:00:00+09:00,202830315520.0,202830315520.0,200880018015.56888,202830315520.0,156000,0.0,0.0
2002-04-01 00:00:00+09:00,202830310118.46573,218042583823.73697,197369487964.75616,206730887168.0,312000,0.0,0.0
2002-04-02 00:00:00+09:00,207120950613.33334,214532052122.25696,203220355835.62503,210631475200.0,192000,0.0,0.0
2002-04-03 00:00:00+09:00,205560722463.32855,210631492520.22858,203220372546.43713,204780617728.0,216000,0.0,0.0
2002-04-04 00:00:00+09:00,204390542810.2734,204780613024.4311,202050192947.13705,202830315520.0,168000,0.0,0.0
2002-04-05 00:00:00+09:00,202440241909.93768,202830294227.6968,200099892292.48175,200879996928.0,252000,0.0,0.0
2002-04-08 00:00:00+09:00,202050187566.37808,206730887168.0,199319785417.2493,206730887168.0,120000,0.0,0.0
2002-04-09 00:00:00+09:00,207510993462.60867,207510993462.60867,200879996928.0,200879996928.0,264000,0.0,0.0
2002-04-10 00:00:00+09:00,204780607570.95886,208291132272.1753,204780607570.95886,206730887168.0,168000,0.0,0.0
2002-04-11 00:00:00+09:00,206730895831.55283,206730895831.55283,204000493567.99997,204000493568.0,132000,0.0,0.0
2002-04-12 00:00:00+09:00,207901045780.3678,207901045780.3678,200879996928.0,200879996928.0,336000,0.0,0.0
2002-04-15 00:00:00+09:00,200880003331.93512,206730877562.09735,198149601309.67648,203220353024.0,288000,0.0,0.0
2002-04-16 00:00:00+09:00,203610416718.66565,205560696162.91187,200879996928.0,200879996928.0,384000,0.0,0.0
2002-04-17 00:00:00+09:00,202830315520.0,202830315520.0,196979440862.1591,202830315520.0,252000,0.0,0.0
2002-04-18 00:00:00+09:00,202830315520.0,202830315520.0,198929738366.5902,202830315520.0,252000,0.0,0.0
2002-04-19 00:00:00+09:00,206730876277.80927,230134373053.067,206730876277.80927,227013918720.0,1200000,0.0,0.0
2002-04-22 00:00:00+09:00,225843769320.8625,234034994114.88342,225843769320.8625,230134398976.0,1200000,0.0,0.0
2002-04-23 00:00:00+09:00,229354287323.30402,234034987064.59595,221553115136.0,221553115136.0,516000,0.0,0.0
2002-04-24 00:00:00+09:00,217652496239.98874,223893422080.00003,214532024392.25858,223893422080.0,396000,0.0,0.0
2002-04-25 00:00:00+09:00,223893440389.55148,224283492706.62204,212581744640.0,212581744640.0,228000,0.0,0.0
2002-04-26 00:00:00+09:00,212581780814.91425,222333251100.13483,212581780814.91425,220382953472.0,156000,0.0,0.0
2002-04-29 00:00:00+09:00,220382953472.0,220382953472.0,220382953472.0,220382953472.0,0,0.0,0.0
2002-04-30 00:00:00+09:00,224283514970.3561,224283514970.3561,214532063232.00003,214532063232.0,276000,0.0,0.0
2002-05-01 00:00:00+09:00,214532071986.82547,230134398976.0,214532071986.82547,230134398976.0,852000,0.0,0.0
2002-05-02 00:00:00+09:00,229744346604.29288,232084696545.4417,222333244409.13925,230134398976.0,576000,0.0,0.0
2002-05-03 00:00:00+09:00,230134398976.0,230134398976.0,230134398976.0,230134398976.0,0,0.0,0.0
2002-05-06 00:00:00+09:00,230134398976.0,230134398976.0,230134398976.0,230134398976.0,0,0.0,0.0
2002-05-07 00:00:00+09:00,232084661911.90305,232084661911.90305,228574137524.04846,229744312320.0,216000,0.0,0.0
2002-05-08 00:00:00+09:00,241446036459.55206,241446036459.55206,230914464334.9851,233254813696.0,2400000,0.0,0.0
2002-05-09 00:00:00+09:00,234034916184.01584,234034916184.01584,229354217860.33554,232084619264.0,1140000,0.0,0.0
2002-05-10 00:00:00+09:00,233254816222.25357,245736685568.0,233254816222.25357,245736685568.0,1020000,0.0,0.0
2002-05-13 00:00:00+09:00,249637273480.6996,251587570678.08264,240275875501.98022,243786399744.0,1020000,0.0,0.0
2002-05-14 00:00:00+09:00,243396342287.20792,243396342287.20792,235985223807.52228,236375293952.0,228000,0.0,0.0
2002-05-15 00:00:00+09:00,238715702237.03415,239885877248.0,234035002193.17075,239885877248.0,780000,0.0,0.0
2002-05-16 00:00:00+09:00,234425001647.7404,237935525887.99997,234034949350.6392,237935525888.0,540000,0.0,0.0
2002-05-17 00:00:00+09:00,235985195248.5846,235985195248.5846,228184043279.41544,232084619264.0,492000,0.0,0.0
2002-05-20 00:00:00+09:00,231694606344.10358,232084658652.12543,222723260416.00003,222723260416.0,480000,0.0,0.0
2002-05-21 00:00:00+09:00,222723281500.75897,228184103607.28036,222723281500.75897,224283508736.0,324000,0.0,0.0
2002-05-22 00:00:00+09:00,225063609975.03137,226233784754.54706,222723260416.00003,222723260416.0,504000,0.0,0.0
2002-05-23 00:00:00+09:00,222723288472.69058,224673585969.38113,220382938618.84286,220772990976.0,612000,0.0,0.0
2002-05-24 00:00:00+09:00,220382937846.10413,220382937846.10413,212581765742.1479,214532063232.0,828000,0.0,0.0
2002-05-27 00:00:00+09:00,214141976576.0,221553077281.6407,210631452369.83606,214141976576.0,816000,0.0,0.0
2002-05-28 00:00:00+09:00,237545504768.00003,237545504768.00003,237545504768.00003,237545504768.0,56000,0.0,3.0
2002-05-29 00:00:00+09:00,260948960751.7828,260948960751.7828,241055990649.62897,258608611328.0,1200000,0.0,0.0
2002-05-30 00:00:00+09:00,258608668633.5399,258608668633.5399,249247268864.0,249247268864.0,344000,0.0,0.0
2002-05-31 00:00:00+09:00,244566577291.86343,244566577291.86343,234035002193.17075,239885877248.0,244000,0.0,0.0
2002-06-03 00:00:00+09:00,242226204369.33994,245736729070.34485,235205154967.33008,237545504768.0,160000,0.0,0.0
2002-06-04 00:00:00+09:00,238715670036.47998,244566544302.08,234034970623.99997,234034970624.0,156000,0.0,0.0
2002-06-05 00:00:00+09:00,234034970623.99997,239885844889.59998,234034970623.99997,234034970624.0,144000,0.0,0.0
2002-06-06 00:00:00+09:00,234035009139.26703,234035009139.26703,223503433728.0,223503433728.0,84000,0.0,0.0
2002-06-07 00:00:00+09:00,222333260084.30106,223503435137.37634,217652559872.0,217652559872.0,84000,0.0,0.0
2002-06-10 00:00:00+09:00,222333258682.30365,229354308956.4817,222333258682.30365,223503433728.0,52000,0.0,0.0
2002-06-11 00:00:00+09:00,222333258682.30365,223503433728.0,216482383453.822,223503433728.0,96000,0.0,0.0
2002-06-12 00:00:00+09:00,222333190144.0,222333190144.0,222333190144.0,222333190144.0,8000,0.0,0.0
2002-06-13 00:00:00+09:00,230524442901.86935,232864792576.0,225843743553.60806,232864792576.0,104000,0.0,0.0
2002-06-14 00:00:00+09:00,228184090580.42554,228184090580.42554,219992866816.0,219992866816.0,44000,0.0,0.0
2002-06-17 00:00:00+09:00,234034970623.99997,236375320330.24,228184096358.39996,234034970624.0,132000,0.0,0.0
2002-06-18 00:00:00+09:00,241056006225.51245,242226181013.01495,234034957500.49753,235205132288.0,124000,0.0,0.0
2002-06-19 00:00:00+09:00,237545451540.79187,237545451540.79187,230524403712.0,230524403712.0,56000,0.0,0.0
2002-06-20 00:00:00+09:00,231694618075.05154,231694618075.05154,227013918720.0,227013918720.0,36000,0.0,0.0
2002-06-21 00:00:00+09:00,228184093558.76288,229354268397.52576,227013918720.0,227013918720.0,40000,0.0,0.0
2002-06-24 00:00:00+09:00,224673497088.0,225843671552.0,222333148160.0,224673497088.0,40000,0.0,0.0
2002-06-25 00:00:00+09:00,219992840335.9135,223503364383.82703,214141966922.72433,216482316288.0,124000,0.0,0.0
2002-06-26 00:00:00+09:00,224673582148.97412,227013931963.0259,223503407241.9482,225843757056.0,76000,0.0,0.0
2002-06-27 00:00:00+09:00,225843757056.0,225843757056.0,224673582148.97412,225843757056.0,76000,0.0,0.0
2002-06-28 00:00:00+09:00,225843750201.4694,229354274816.0,225843750201.4694,229354274816.0,32000,0.0,0.0
2002-07-01 00:00:00+09:00,230524446064.63998,234034970623.99997,230524446064.63998,234034970624.0,64000,0.0,0.0
2002-07-02 00:00:00+09:00,232864792576.0,232864792576.0,225843743553.60806,232864792576.0,60000,0.0,0.0
2002-07-03 00:00:00+09:00,234034966210.0457,256268288000.0,234034966210.0457,256268288000.0,400000,0.0,0.0
2002-07-04 00:00:00+09:00,263289349389.4737,279671797795.9298,255098125186.24564,266799874048.0,1200000,0.0,0.0
2002-07-05 00:00:00+09:00,269140186956.68204,269140186956.68204,252757740794.10138,253927915520.0,316000,0.0,0.0
2002-07-08 00:00:00+09:00,260948924316.58255,260948924316.58255,238715607894.9903,241055956992.0,156000,0.0,0.0
2002-07-09 00:00:00+09:00,236375310177.70047,248077058206.2995,236375310177.70047,242226184192.0,32000,0.0,0.0
2002-07-10 00:00:00+09:00,242226227269.9317,243396402280.89758,235205177204.1366,239885877248.0,48000,0.0,0.0
2002-07-11 00:00:00+09:00,228184093227.7387,234034967413.06534,228184093227.7387,232864792576.0,112000,0.0,0.0
2002-07-12 00:00:00+09:00,232864792576.0,241056016435.4573,232864792576.0,232864792576.0,88000,0.0,0.0
2002-07-15 00:00:00+09:00,231694635593.14285,231694635593.14285,218822711393.5238,221163061248.0,132000,0.0,0.0
2002-07-16 00:00:00+09:00,224673582148.97412,230524456684.10364,224673582148.97412,225843757056.0,104000,0.0,0.0
2002-07-17 00:00:00+09:00,230524412938.77893,230524412938.77893,222333190144.0,222333190144.0,84000,0.0,0.0
2002-07-18 00:00:00+09:00,222333216462.97873,224673566109.95746,216482342345.53192,219992866816.0,88000,0.0,0.0
2002-07-19 00:00:00+09:00,216482322679.56042,216482322679.56042,204780575507.6923,212971798528.0,332000,0.0,0.0
2002-07-22 00:00:00+09:00,201270077223.15295,203610426958.30588,196589377752.84708,198929727488.0,220000,0.0,0.0
2002-07-23 00:00:00+09:00,198929746938.01172,200099921920.0,194249047010.05847,200099921920.0,192000,0.0,0.0
2002-07-24 00:00:00+09:00,198929711104.0,198929711104.0,193078837248.0,193078837248.0,236000,0.0,0.0
2002-07-25 00:00:00+09:00,195419209728.00003,204780608996.4072,195419209728.00003,195419209728.0,168000,0.0,0.0
2002-07-26 00:00:00+09:00,194248988659.43558,195419163289.9141,187227940876.5644,190738464768.0,168000,0.0,0.0
2002-07-29 00:00:00+09:00,191908639398.47852,194248988659.43558,188398115507.04294,190738464768.0,88000,0.0,0.0
2002-07-30 00:00:00+09:00,193078837248.0,197759536332.80002,184887613849.6,193078837248.0,196000,0.0,0.0
2002-07-31 00:00:00+09:00,190738487705.6,193078837248.0,187227963392.0,193078837248.0,100000,0.0,0.0
2002-08-01 00:00:00+09:00,187227966752.8205,188398141545.02563,181377092791.79486,182547267584.0,292000,0.0,0.0
2002-08-02 00:00:00+09:00,184887626874.36478,186057801728.0,182547277167.09433,186057801728.0,104000,0.0,0.0
2002-08-05 00:00:00+09:00,184887603956.586,187227953373.75797,183717429248.0,183717429248.0,64000,0.0,0.0
2002-08-06 00:00:00+09:00,181377106466.13333,183717456226.98666,175526232064.0,175526232064.0,132000,0.0,0.0
2002-08-07 00:00:00+09:00,175526232064.0,176696406944.42667,172015707422.72,175526232064.0,172000,0.0,0.0
2002-08-08 00:00:00+09:00,176696393728.0,176696393728.0,176696393728.0,176696393728.0,32000,0.0,0.0
2002-08-09 00:00:00+09:00,179036730413.65607,184887603956.586,176696380996.4841,183717429248.0,104000,0.0,0.0
2002-08-12 00:00:00+09:00,186057791856.8944,193078840606.21115,186057791856.8944,188398141440.0,56000,0.0,0.0
2002-08-13 00:00:00+09:00,188398128393.48148,190738477814.5185,184887604261.9259,189568303104.0,60000,0.0,0.0
2002-08-14 00:00:00+09:00,187227973346.83545,187227973346.83545,184887623680.0,184887623680.0,60000,0.0,0.0
2002-08-15 00:00:00+09:00,182547254840.8889,189568303104.0,182547254840.8889,189568303104.0,72000,0.0,0.0
2002-08-16 00:00:00+09:00,187227966648.4472,191908665814.65836,187227966648.4472,188398141440.0,92000,0.0,0.0
2002-08-19 00:00:00+09:00,193078827235.55554,193078827235.55554,186057778972.44443,189568303104.0,136000,0.0,0.0
2002-08-20 00:00:00+09:00,191908675996.1761,191908675996.1761,182547277167.09433,186057801728.0,140000,0.0,0.0
2002-08-21 00:00:00+09:00,182547271033.26315,183717445847.57895,177866571776.0,177866571776.0,116000,0.0,0.0
2002-08-22 00:00:00+09:00,175526232064.0,176696406944.42667,170845532542.29333,175526232064.0,80000,0.0,0.0
2002-08-23 00:00:00+09:00,175526232064.0,175526232064.0,175526232064.0,175526232064.0,0,0.0,0.0
2002-08-26 00:00:00+09:00,170845532542.29333,179036756705.28,170845532542.29333,175526232064.0,104000,0.0,0.0
2002-08-27 00:00:00+09:00,179036743313.8013,183717442485.40396,176696393728.0,176696393728.0,116000,0.0,0.0
2002-08-28 00:00:00+09:00,179036743313.8013,180206918106.70197,173185869349.298,176696393728.0,276000,0.0,0.0
2002-08-29 00:00:00+09:00,173185845930.6667,173185845930.6667,168505147392.0,168505147392.0,68000,0.0,0.0
2002-08-30 00:00:00+09:00,173185882303.14667,175526232064.0,168505182781.44,175526232064.0,216000,0.0,0.0
2002-09-02 00:00:00+09:00,175526232064.0,175526232064.0,170845532542.29333,175526232064.0,112000,0.0,0.0
2002-09-03 00:00:00+09:00,170845516595.2,175526215680.0,169675341824.0,169675341824.0,140000,0.0,0.0
2002-09-04 00:00:00+09:00,169675341824.0,169675341824.0,163824467968.0,169675341824.0,184000,0.0,0.0
2002-09-05 00:00:00+09:00,169675395740.14185,173185921169.24823,164994695168.0,164994695168.0,64000,0.0,0.0
2002-09-06 00:00:00+09:00,164994642739.2,164994642739.2,153292895027.2,157973594112.0,188000,0.0,0.0
2002-09-09 00:00:00+09:00,159143731746.13336,159143731746.13336,140420939776.0,140420939776.0,224000,0.0,0.0
2002-09-10 00:00:00+09:00,149782367583.5224,163824464544.47763,149782367583.5224,156803416064.0,316000,0.0,0.0
2002-09-11 00:00:00+09:00,156803436228.92307,161484135817.84613,150952561742.76923,152122736640.0,192000,0.0,0.0
2002-09-12 00:00:00+09:00,153292901531.1515,154463076352.0,152122726710.303,154463076352.0,108000,0.0,0.0
2002-09-13 00:00:00+09:00,154463089609.28244,154463089609.28244,148612215002.87024,153292914688.0,56000,0.0,0.0
2002-09-16 00:00:00+09:00,153292914688.0,153292914688.0,153292914688.0,153292914688.0,0,0.0,0.0
2002-09-17 00:00:00+09:00,153292891699.5969,153292891699.5969,150952542208.0,150952542208.0,72000,0.0,0.0
2002-09-18 00:00:00+09:00,150952568783.62207,150952568783.62207,147442043928.189,148612218880.0,96000,0.0,0.0
2002-09-19 00:00:00+09:00,148612205696.0,149782380544.0,140420981760.0,149782380544.0,152000,0.0,0.0
2002-09-20 00:00:00+09:00,149782393831.81104,149782393831.81104,143931519072.75592,148612218880.0,152000,0.0,0.0
2002-09-23 00:00:00+09:00,148612218880.0,148612218880.0,148612218880.0,148612218880.0,0,0.0,0.0
2002-09-24 00:00:00+09:00,142761367221.67743,145101717504.0,142761367221.67743,145101717504.0,52000,0.0,0.0
2002-09-25 00:00:00+09:00,-3785799872.512,-3878893312.0,-3723737579.52,-3878893312.0,92000,1200.0,0.0
2002-09-26 00:00:00+09:00,-3940956737.04918,-3971987892.4590163,-3785800960.0,-3785800960.0,52000,0.0,0.0
2002-09-27 00:00:00+09:00,-3785800591.609756,-3816831744.0,-3723738286.8292685,-3816831744.0,200000,0.0,0.0
2002-09-30 00:00:00+09:00,-3754769038.469565,-3754769038.469565,-3568582144.0,-3568582144.0,88000,0.0,0.0
2002-10-01 00:00:00+09:00,-3568582626.5486727,-3568582626.5486727,-3258271093.80531,-3506520320.0,216000,0.0,0.0
2002-10-02 00:00:00+09:00,-3413426855.3846154,-3413426855.3846154,-3165177629.5384617,-3227239936.0,208000,0.0,0.0
2002-10-03 00:00:00+09:00,-3165177803.755102,-3165177803.755102,-3041053184.0,-3041053184.0,244000,0.0,0.0
2002-10-04 00:00:00+09:00,-2823835227.4330554,-2854866383.7784734,-2733844826.6815557,-2740051200.0,400000,0.0,0.0
2002-10-07 00:00:00+09:00,-2740050766.4360294,-2740050766.4360294,-2581791704.716912,-2637647872.0,296000,0.0,0.0
2002-10-08 00:00:00+09:00,-2606616832.0,-2668679137.5238094,-2544554526.4761906,-2606616832.0,400000,0.0,0.0
2002-10-09 00:00:00+09:00,-2637647984.7619047,-2699710290.285714,-2544554526.4761906,-2606616832.0,400000,0.0,0.0
2002-10-10 00:00:00+09:00,-2544554707.54491,-2591101440.0,-2327336622.754491,-2591101440.0,400000,0.0,0.0
2002-10-11 00:00:00+09:00,-2637648056.8047338,-2699710364.0236683,-2622132480.0,-2622132480.0,164000,0.0,0.0
2002-10-14 00:00:00+09:00,-2622132480.0,-2622132480.0,-2622132480.0,-2622132480.0,0,0.0,0.0
2002-10-15 00:00:00+09:00,-2684194873.835585,-2898309888.0,-2653163719.224769,-2898309888.0,400000,0.0,0.0
2002-10-16 00:00:00+09:00,-2978990734.515464,-3227239962.3917522,-2870381697.3195877,-3010021888.0,800000,0.0,0.0
2002-10-17 00:00:00+09:00,-2916928941.2525253,-3072084736.0,-2895207224.6874604,-3072084736.0,344000,0.0,0.0
2002-10-18 00:00:00+09:00,-3165177165.2830186,-3351364057.3584905,-3072083719.245283,-3289301760.0,400000,0.0,0.0
2002-10-21 00:00:00+09:00,-3413426398.6086955,-3816831336.6260867,-3413426398.6086955,-3568582144.0,800000,0.0,0.0
2002-10-22 00:00:00+09:00,-3816832300.3464565,-4065081555.6535435,-3816832300.3464565,-3940956928.0,1600000,0.0,0.0
2002-10-23 00:00:00+09:00,-4065080190.976,-4127142483.968,-3475488407.552,-3878893312.0,800000,0.0,0.0
2002-10-24 00:00:00+09:00,-3816831852.743363,-3847863006.017699,-3413426860.176991,-3506520320.0,396000,0.0,0.0
2002-10-25 00:00:00+09:00,-3506520403.8991594,-3847863098.0840335,-3351364633.815126,-3692707328.0,212000,0.0,0.0
2002-10-28 00:00:00+09:00,-3816831204.0,-3971986944.0,-3785800056.0,-3971986944.0,400000,0.0,0.0
2002-10-29 00:00:00+09:00,-3971987202.1157026,-4034049502.1487603,-3723738001.9834714,-3754769152.0,400000,0.0,0.0
2002-10-30 00:00:00+09:00,-3785801054.523077,-4034050304.0,-3723738742.1538463,-4034050304.0,400000,0.0,0.0
2002-10-31 00:00:00+09:00,-4096112167.3846154,-4468486000.783216,-4096112167.3846154,-4437454848.0,800000,0.0,0.0
2002-11-01 00:00:00+09:00,-4468486605.139072,-4747767017.960265,-4468486605.139072,-4685704704.0,1600000,0.0,0.0
2002-11-04 00:00:00+09:00,-4685704704.0,-4685704704.0,-4685704704.0,-4685704704.0,0,0.0,0.0
2002-11-05 00:00:00+09:00,-4933953024.0,-5306326837.132075,-4933953024.0,-4933953024.0,2000000,0.0,0.0
2002-11-06 00:00:00+09:00,-5554575878.20606,-5864887379.781818,-5027046325.527272,-5120139776.0,2000000,0.0,0.0
2002-11-07 00:00:00+09:00,-5151171499.1715975,-5337358420.8284025,-5120140345.56213,-5244264960.0,400000,0.0,0.0
2002-11-08 00:00:00+09:00,-5678701082.181818,-5678701082.181818,-5430451854.545454,-5461483008.0,800000,0.0,0.0
2002-11-11 00:00:00+09:00,-5647670130.563536,-6082106294.453038,-5616638976.0,-5616638976.0,1600000,0.0,0.0
2002-11-12 00:00:00+09:00,-6206231789.89899,-6454481061.494949,-5895920200.40404,-6144169472.0,2000000,0.0,0.0
2002-11-13 00:00:00+09:00,-6020043590.32967,-6020043590.32967,-5554576302.4175825,-5647669760.0,800000,0.0,0.0
2002-11-14 00:00:00+09:00,-5027046912.0,-5027046912.0,-5027046912.0,-5027046912.0,212000,0.0,0.0
2002-11-15 00:00:00+09:00,-4778797832.827586,-5554576701.793103,-4499517440.0,-5399420928.0,1600000,0.0,0.0
2002-11-18 00:00:00+09:00,-5523545191.619047,-5802825566.476191,-5182202511.238095,-5213233664.0,800000,0.0,0.0
2002-11-19 00:00:00+09:00,-5244264796.16,-5275295948.8,-4654672896.0,-4654672896.0,400000,0.0,0.0
2002-11-20 00:00:00+09:00,-4654672537.226277,-4654672537.226277,-4158174133.255474,-4251267584.0,400000,0.0,0.0
2002-11-21 00:00:00+09:00,-4189205892.413793,-4809828987.586207,-3754769725.7931037,-4499517440.0,1600000,0.0,0.0
2002-11-22 00:00:00+09:00,-4623641940.232258,-4902922325.883871,-4623641940.232258,-4809828864.0,800000,0.0,0.0
2002-11-25 00:00:00+09:00,-5058078260.1197605,-5182202880.0,-4996015950.179641,-5182202880.0,400000,0.0,0.0
2002-11-26 00:00:00+09:00,-5182203452.8,-5182203452.8,-4809829552.0,-4964985344.0,400000,0.0,0.0
2002-11-27 00:00:00+09:00,-4902922240.0,-5058078007.088608,-4809828779.746835,-4902922240.0,216000,0.0,0.0
2002-11-28 00:00:00+09:00,-4964984175.094339,-5027046477.283019,-4778797268.528302,-4933953024.0,384000,0.0,0.0
2002-11-29 00:00:00+09:00,-4996015731.12426,-5306327267.218935,-4996015731.12426,-5244264960.0,400000,0.0,0.0
2002-12-02 00:00:00+09:00,-5244264960.0,-5244264960.0,-5244264960.0,-5244264960.0,0,0.0,0.0
2002-12-03 00:00:00+09:00,-5430452457.803468,-5492514771.606936,-5275296673.294798,-5368390144.0,340000,0.0,0.0
2002-12-04 00:00:00+09:00,-5306326676.945455,-5306326676.945455,-5058077475.684848,-5120139776.0,72000,0.0,0.0
2002-12-05 00:00:00+09:00,-5120139999.018405,-5182202302.03681,-4964984241.472393,-5058077696.0,236000,0.0,0.0
2002-12-06 00:00:00+09:00,-5089109052.952381,-5368389427.809524,-5058077900.190476,-5213233664.0,400000,0.0,0.0
2002-12-09 00:00:00+09:00,-5306326895.435294,-5368389198.305882,-5275295744.0,-5275295744.0,116000,0.0,0.0
2002-12-10 00:00:00+09:00,-5120140373.333333,-5120140373.333333,-4964984604.444445,-5027046912.0,164000,0.0,0.0
2002-12-11 00:00:00+09:00,-5027046477.283019,-5027046477.283019,-4685703815.245283,-4933953024.0,232000,0.0,0.0
2002-12-12 00:00:00+09:00,-4964984779.48718,-4964984779.48718,-4685704385.641026,-4840860160.0,140000,0.0,0.0
2002-12-13 00:00:00+09:00,-4933953269.76,-4933953269.76,-4654672896.0,-4654672896.0,112000,0.0,0.0
2002-12-16 00:00:00+09:00,-4654672306.849315,-4716734604.2739725,-4499516563.287671,-4530547712.0,128000,0.0,0.0
2002-12-17 00:00:00+09:00,-4592610956.885906,-4809829042.684564,-4592610956.885906,-4623642112.0,344000,0.0,0.0
2002-12-18 00:00:00+09:00,-4623641158.136986,-4623641158.136986,-4499516563.287671,-4530547712.0,180000,0.0,0.0
2002-12-19 00:00:00+09:00,-4530548366.802721,-4654672979.591837,-4437454907.210885,-4561579520.0,800000,0.0,0.0
2002-12-20 00:00:00+09:00,-4437454481.777778,-4499516782.222222,-4437454481.777778,-4468485632.0,316000,0.0,0.0
2002-12-23 00:00:00+09:00,-4468485632.0,-4468485632.0,-4468485632.0,-4468485632.0,0,0.0,0.0
2002-12-24 00:00:00+09:00,-4468486468.143885,-4468486468.143885,-4282299531.971223,-4313330688.0,200000,0.0,0.0
2002-12-25 00:00:00+09:00,-4251268038.255639,-4251268038.255639,-4065081116.8721805,-4127143424.0,204000,0.0,0.0
2002-12-26 00:00:00+09:00,-4096112616.3692307,-4127143772.5538464,-3940956835.4461536,-4034050304.0,144000,0.0,0.0
2002-12-27 00:00:00+09:00,-4096112428.1379313,-4530548594.758621,-4096112428.1379313,-4499517440.0,140000,0.0,0.0
2002-12-30 00:00:00+09:00,-4499517406.315789,-4871891260.631579,-4499517406.315789,-4716735488.0,120000,0.0,0.0
2002-12-31 00:00:00+09:00,-4716735488.0,-4716735488.0,-4716735488.0,-4716735488.0,0,0.0,0.0
2003-01-01 00:00:00+09:00,-4716735488.0,-4716735488.0,-4716735488.0,-4716735488.0,0,0.0,0.0
2003-01-02 00:00:00+09:00,-4716735488.0,-4716735488.0,-4716735488.0,-4716735488.0,0,0.0,0.0
2003-01-03 00:00:00+09:00,-4716735488.0,-4716735488.0,-4716735488.0,-4716735488.0,0,0.0,0.0
2003-01-06 00:00:00+09:00,-4747766414.961039,-4778797568.0,-4747766414.961039,-4778797568.0,8000,0.0,0.0
2003-01-07 00:00:00+09:00,-4747767017.960265,-4747767017.960265,-4499517762.119205,-4685704704.0,96000,0.0,0.0
2003-01-08 00:00:00+09:00,-4499518438.58156,-4499518438.58156,-4344362630.3546095,-4375393792.0,184000,0.0,0.0
2003-01-09 00:00:00+09:00,-4375392820.965517,-4685704368.551724,-4375392820.965517,-4499517440.0,216000,0.0,0.0
2003-01-10 00:00:00+09:00,-4654673547.019867,-4716735860.980132,-4499517762.119205,-4685704704.0,372000,0.0,0.0
2003-01-13 00:00:00+09:00,-4685704704.0,-4685704704.0,-4685704704.0,-4685704704.0,0,0.0,0.0
2003-01-14 00:00:00+09:00,-4747766556.077419,-4902922325.883871,-4747766556.077419,-4809828864.0,168000,0.0,0.0
2003-01-15 00:00:00+09:00,-4902921735.111112,-4902921735.111112,-4468485632.0,-4468485632.0,56000,0.0,0.0
2003-01-16 00:00:00+09:00,-4499517406.315789,-4716735488.0,-4468486251.789474,-4716735488.0,96000,0.0,0.0
2003-01-17 00:00:00+09:00,-4716735285.986395,-4716735285.986395,-4499517213.605442,-4561579520.0,128000,0.0,0.0
2003-01-20 00:00:00+09:00,-4437454409.142857,-4592610157.714286,-4344360960.0,-4344360960.0,332000,0.0,0.0
2003-01-21 00:00:00+09:00,-4375392820.965517,-4530548594.758621,-4313330511.448276,-4499517440.0,400000,0.0,0.0
2003-01-22 00:00:00+09:00,-4623642112.0,-5058078283.597316,-4468486336.42953,-4623642112.0,800000,0.0,0.0
2003-01-23 00:00:00+09:00,-4654673178.947369,-4809828951.578947,-4654673178.947369,-4716735488.0,240000,0.0,0.0
2003-01-24 00:00:00+09:00,-4778797797.052631,-4871891260.631579,-4716735488.0,-4716735488.0,256000,0.0,0.0
2003-01-27 00:00:00+09:00,-4716735860.980132,-4747767017.960265,-4654673547.019867,-4685704704.0,160000,0.0,0.0
2003-01-28 00:00:00+09:00,-4685704132.789116,-4685704132.789116,-4561579520.0,-4561579520.0,88000,0.0,0.0
2003-01-29 00:00:00+09:00,-4561579749.5172415,-4561579749.5172415,-4406423975.724138,-4499517440.0,164000,0.0,0.0
2003-01-30 00:00:00+09:00,-4499517440.0,-4561579749.5172415,-4468486285.24138,-4499517440.0,124000,0.0,0.0
2003-01-31 00:00:00+09:00,-4468487276.936171,-4468487276.936171,-4375393792.0,-4375393792.0,76000,0.0,0.0
2003-02-03 00:00:00+09:00,-4375392820.965517,-4499517440.0,-4375392820.965517,-4499517440.0,116000,0.0,0.0
2003-02-04 00:00:00+09:00,-4809828050.410958,-5058077240.109589,-4530547712.0,-4530547712.0,2000000,0.0,0.0
2003-02-05 00:00:00+09:00,-4840860160.0,-5151171708.717949,-4840860160.0,-4840860160.0,2400000,0.0,0.0
2003-02-06 00:00:00+09:00,-5523546211.474286,-5771795479.405715,-5430452736.0,-5430452736.0,4800000,0.0,0.0
2003-02-07 00:00:00+09:00,-5895918597.595629,-6051074350.163935,-5554575941.945355,-5678700544.0,2400000,0.0,0.0
2003-02-10 00:00:00+09:00,-5585607454.945055,-5678700912.5274725,-5585607454.945055,-5647669760.0,400000,0.0,0.0
2003-02-11 00:00:00+09:00,-5647669760.0,-5647669760.0,-5647669760.0,-5647669760.0,0,0.0,0.0
2003-02-12 00:00:00+09:00,-5647670505.244445,-5647670505.244445,-5337358939.0222225,-5585608192.0,400000,0.0,0.0
2003-02-13 00:00:00+09:00,-5585607621.818182,-5585607621.818182,-5306327240.727272,-5461483008.0,400000,0.0,0.0
2003-02-14 00:00:00+09:00,-5740763217.5824175,-5740763217.5824175,-5585607454.945055,-5647669760.0,400000,0.0,0.0
2003-02-17 00:00:00+09:00,-5678700328.0,-5957980672.0,-5647669178.666666,-5957980672.0,1200000,0.0,0.0
2003-02-18 00:00:00+09:00,-5926949742.48421,-5926949742.48421,-5802825140.547368,-5895918592.0,800000,0.0,0.0
2003-02-19 00:00:00+09:00,-5926950630.26455,-5926950630.26455,-5864888320.0,-5864888320.0,400000,0.0,0.0
2003-02-20 00:00:00+09:00,-5802824649.42132,-6113136128.0,-5647668910.13198,-6113136128.0,800000,0.0,0.0
2003-02-21 00:00:00+09:00,-6175199470.139535,-6671697920.0,-6051074857.674418,-6671697920.0,2800000,0.0,0.0
2003-02-24 00:00:00+09:00,-6609636864.0,-6733761499.943662,-6361387592.112676,-6609636864.0,1200000,0.0,0.0
2003-02-25 00:00:00+09:00,-6299325025.280001,-6392418498.56,-6113138078.72,-6206231552.0,400000,0.0,0.0
2003-02-26 00:00:00+09:00,-6299323548.294737,-6299323548.294737,-5771793990.063158,-5895918592.0,228000,0.0,0.0
2003-02-27 00:00:00+09:00,-5895919276.521739,-5895919276.521739,-5554576581.565218,-5709732352.0,244000,0.0,0.0
2003-02-28 00:00:00+09:00,-5771795627.560209,-5926951424.0,-5678702149.696335,-5926951424.0,400000,0.0,0.0
2003-03-03 00:00:00+09:00,-5926951132.16,-6206231552.0,-5926951132.16,-6206231552.0,400000,0.0,0.0
2003-03-04 00:00:00+09:00,-6206231789.89899,-6330356425.69697,-6082107154.10101,-6144169472.0,400000,0.0,0.0
2003-03-05 00:00:00+09:00,-6144169409.560975,-6423449837.268292,-5833857823.219512,-6361387520.0,400000,0.0,0.0
2003-03-06 00:00:00+09:00,-6299325266.747475,-6423449902.545455,-6144169472.0,-6144169472.0,800000,0.0,0.0
2003-03-07 00:00:00+09:00,-6144168389.938144,-6144168389.938144,-5989012622.515464,-6020043776.0,228000,0.0,0.0
2003-03-10 00:00:00+09:00,-6020043504.7783785,-6020043504.7783785,-5585607375.567567,-5740763136.0,232000,0.0,0.0
2003-03-11 00:00:00+09:00,-5616639348.622222,-5616639348.622222,-5337358939.0222225,-5585608192.0,312000,0.0,0.0
2003-03-12 00:00:00+09:00,-5430450875.126904,-6175198423.715735,-5306326283.695432,-6113136128.0,400000,0.0,0.0
2003-03-13 00:00:00+09:00,-6051075763.200001,-6237262709.76,-5895919974.400001,-6206231552.0,400000,0.0,0.0
2003-03-14 00:00:00+09:00,-5989013270.317948,-6051075584.0,-5989013270.317948,-6051075584.0,24000,0.0,0.0
2003-03-17 00:00:00+09:00,-6051074656.864864,-6051074656.864864,-5740763136.0,-5740763136.0,44000,0.0,0.0
2003-03-18 00:00:00+09:00,-5740764405.656566,-6144169472.0,-5616639769.858586,-6144169472.0,144000,0.0,0.0
2003-03-19 00:00:00+09:00,-6020043193.936842,-6051074344.421052,-5740762839.578947,-5895918592.0,64000,0.0,0.0
2003-03-20 00:00:00+09:00,-5989012622.515464,-6020043776.0,-5957981469.030928,-6020043776.0,44000,0.0,0.0
2003-03-21 00:00:00+09:00,-6020043776.0,-6020043776.0,-6020043776.0,-6020043776.0,0,0.0,0.0
2003-03-24 00:00:00+09:00,-6020043504.7783785,-6020043504.7783785,-5740763136.0,-5740763136.0,48000,0.0,0.0
2003-03-25 00:00:00+09:00,-5771795456.0,-5771795456.0,-5771795456.0,-5771795456.0,28000,0.0,0.0
2003-03-26 00:00:00+09:00,-5771794854.603174,-5895919475.132275,-5709732544.338624,-5864888320.0,124000,0.0,0.0
2003-03-27 00:00:00+09:00,-5864889105.424084,-5926951424.0,-5740764468.272251,-5926951424.0,232000,0.0,0.0
2003-03-28 00:00:00+09:00,-5864887744.345945,-5864887744.345945,-5740763136.0,-5740763136.0,20000,0.0,0.0
2003-03-31 00:00:00+09:00,-5740762845.027323,-5802825146.054645,-5678700544.0,-5678700544.0,32000,0.0,0.0
2003-04-01 00:00:00+09:00,-5585608528.457143,-5585608528.457143,-5430452736.0,-5430452736.0,12000,0.0,0.0
2003-04-02 00:00:00+09:00,-5616639436.255319,-5864888693.106382,-5554577122.042553,-5833857536.0,160000,0.0,0.0
2003-04-03 00:00:00+09:00,-5802825216.0,-6454479384.641711,-5802825216.0,-5802825216.0,1200000,0.0,0.0
2003-04-04 00:00:00+09:00,-6578604256.304762,-7075102690.742857,-6516541952.0,-6516541952.0,4400000,0.0,0.0
2003-04-07 00:00:00+09:00,-7199227850.105263,-7292321313.684211,-6826853995.789474,-7075103232.0,1200000,0.0,0.0
2003-04-08 00:00:00+09:00,-7075102738.5339365,-7075102738.5339365,-6826853519.638009,-6857884672.0,324000,0.0,0.0
2003-04-09 00:00:00+09:00,-6826853995.789474,-7106134386.526316,-6516542450.526316,-7075103232.0,400000,0.0,0.0
2003-04-10 00:00:00+09:00,-7106134099.823009,-7695726012.035398,-7013040640.0,-7013040640.0,2000000,0.0,0.0
2003-04-11 00:00:00+09:00,-7695726109.65251,-8161193414.671814,-7509539187.644787,-8037068800.0,2000000,0.0,0.0
2003-04-14 00:00:00+09:00,-8068100326.2015505,-8378411877.209302,-7975006860.899224,-8006038016.0,2400000,0.0,0.0
2003-04-15 00:00:00+09:00,-7881912441.814126,-8347379712.0,-7447476322.973978,-8347379712.0,400000,0.0,0.0
2003-04-16 00:00:00+09:00,-8378409579.50178,-8719752192.0,-8254284993.13879,-8719752192.0,1200000,0.0,0.0
2003-04-17 00:00:00+09:00,-8719753069.714285,-8750784219.428572,-8223254674.285714,-8688721920.0,800000,0.0,0.0
2003-04-18 00:00:00+09:00,-8688723057.777777,-8688723057.777777,-8378411520.0,-8378411520.0,400000,0.0,0.0
2003-04-21 00:00:00+09:00,-8378410422.857142,-8688721920.0,-8006036626.285714,-8688721920.0,400000,0.0,0.0
2003-04-22 00:00:00+09:00,-8316349857.476923,-8316349857.476923,-8068100608.0,-8068100608.0,400000,0.0,0.0
2003-04-23 00:00:00+09:00,-8068100608.0,-8285318701.292308,-7757789046.153846,-8068100608.0,800000,0.0,0.0
2003-04-24 00:00:00+09:00,-8068100701.634241,-8068100701.634241,-7757789136.18677,-7975007232.0,356000,0.0,0.0
2003-04-25 00:00:00+09:00,-7850882463.869388,-7850882463.869388,-7602633216.0,-7602633216.0,308000,0.0,0.0
2003-04-28 00:00:00+09:00,-7664696456.258064,-7695727616.0,-7602634136.774194,-7695727616.0,284000,0.0,0.0
2003-04-29 00:00:00+09:00,-7695727616.0,-7695727616.0,-7695727616.0,-7695727616.0,0,0.0,0.0
2003-04-30 00:00:00+09:00,-7757789044.176707,-8316349855.3574295,-7726757888.0,-7726757888.0,388000,0.0,0.0
2003-05-01 00:00:00+09:00,-8316349212.444444,-8812847672.88889,-8223255751.111111,-8378411520.0,800000,0.0,0.0
2003-05-02 00:00:00+09:00,-8316348907.52,-8750785044.48,-8316348907.52,-8533566976.0,400000,0.0,0.0
2003-05-05 00:00:00+09:00,-8533566976.0,-8533566976.0,-8533566976.0,-8533566976.0,0,0.0,0.0
2003-05-06 00:00:00+09:00,-8688721045.409252,-9123157097.679714,-8688721045.409252,-8719752192.0,400000,0.0,0.0
2003-05-07 00:00:00+09:00,-8905941284.84133,-8936972439.143911,-8347380507.3948345,-8409442816.0,220000,0.0,0.0
2003-05-08 00:00:00+09:00,-8316349046.724637,-8688722884.63768,-8316349046.724637,-8564598272.0,248000,0.0,0.0
2003-05-09 00:00:00+09:00,-8936974553.872341,-9185223847.035461,-8750787584.0,-8750787584.0,1600000,0.0,0.0
2003-05-12 00:00:00+09:00,-9309344155.017302,-9340375302.200693,-8564596622.615917,-8968001536.0,400000,0.0,0.0
2003-05-13 00:00:00+09:00,-8968002738.914497,-8968002738.914497,-8347379712.0,-8347379712.0,244000,0.0,0.0
2003-05-14 00:00:00+09:00,-8440472722.285714,-8750784219.428572,-8347379273.142857,-8688721920.0,276000,0.0,0.0
2003-05-15 00:00:00+09:00,-8688721920.0,-8688721920.0,-8347379273.142857,-8688721920.0,212000,0.0,0.0
2003-05-16 00:00:00+09:00,-8533567288.888888,-8533567288.888888,-8099131136.0,-8378411520.0,292000,0.0,0.0
2003-05-19 00:00:00+09:00,-8223255694.4360895,-8378411462.255639,-8192224540.87218,-8254286848.0,116000,0.0,0.0
2003-05-20 00:00:00+09:00,-8223254220.0,-8223254220.0,-7881911592.0,-7943973888.0,252000,0.0,0.0
2003-05-21 00:00:00+09:00,-8006037588.3294115,-8192224508.988235,-7788819514.227451,-7912944128.0,188000,0.0,0.0
2003-05-22 00:00:00+09:00,-8068098712.835821,-8533565946.268657,-8068098712.835821,-8316347904.0,400000,0.0,0.0
2003-05-23 00:00:00+09:00,-8254287640.902723,-8254287640.902723,-7757789136.18677,-7975007232.0,400000,0.0,0.0
2003-05-26 00:00:00+09:00,-7975004649.472,-7975004649.472,-7633662038.016,-7757786624.0,244000,0.0,0.0
2003-05-27 00:00:00+09:00,-7788820956.761133,-7788820956.761133,-7478509364.858299,-7664696320.0,400000,0.0,0.0
2003-05-28 00:00:00+09:00,-7664696320.0,-7664696320.0,-7447478205.6680155,-7664696320.0,800000,0.0,0.0
2003-05-29 00:00:00+09:00,-8285318895.874016,-8285318895.874016,-7757789228.346457,-7881913856.0,2000000,0.0,0.0
2003-05-30 00:00:00+09:00,-8068099064.525547,-8502535168.0,-8068099064.525547,-8502535168.0,2000000,0.0,0.0
2003-06-02 00:00:00+09:00,-8564598442.666666,-8812847672.88889,-8285318058.666666,-8378411520.0,1600000,0.0,0.0
2003-06-03 00:00:00+09:00,-8440474482.2153845,-8440474482.2153845,-8006038295.63077,-8068100608.0,400000,0.0,0.0
2003-06-04 00:00:00+09:00,-8006038243.787755,-8006038243.787755,-7602633216.0,-7602633216.0,800000,0.0,0.0
2003-06-05 00:00:00+09:00,-7819850562.656604,-8223255552.0,-7819850562.656604,-8223255552.0,400000,0.0,0.0
2003-06-06 00:00:00+09:00,-8285317632.000001,-8440473392.898877,-8099130718.921349,-8285317632.0,800000,0.0,0.0
2003-06-09 00:00:00+09:00,-8409442583.090196,-8409442583.090196,-7912944128.0,-7912944128.0,328000,0.0,0.0
2003-06-10 00:00:00+09:00,-7943975983.2615385,-8068100608.0,-7757789046.153846,-8068100608.0,340000,0.0,0.0
2003-06-11 00:00:00+09:00,-8192223232.0,-8285316677.818182,-7975005191.757576,-8192223232.0,356000,0.0,0.0
2003-06-12 00:00:00+09:00,-8223256671.755725,-8223256671.755725,-8068100885.496182,-8130163200.0,180000,0.0,0.0
2003-06-13 00:00:00+09:00,-8223256388.923077,-8223256388.923077,-7850882514.707692,-8068100608.0,76000,0.0,0.0
2003-06-16 00:00:00+09:00,-7912942944.0,-7912942944.0,-7447475712.0,-7447475712.0,400000,0.0,0.0
2003-06-17 00:00:00+09:00,-7447477482.409638,-8006038293.590362,-7447477482.409638,-7726757888.0,284000,0.0,0.0
2003-06-18 00:00:00+09:00,-7726756945.170732,-7757788097.560976,-7571601183.219512,-7633663488.0,232000,0.0,0.0
2003-06-19 00:00:00+09:00,-7633662038.016,-7788817770.496,-7633662038.016,-7757786624.0,100000,0.0,0.0
2003-06-20 00:00:00+09:00,-7819849296.0,-7975005036.0,-7819849296.0,-7943973888.0,400000,0.0,0.0
2003-06-23 00:00:00+09:00,-7943975983.2615385,-8099131764.184615,-7943975983.2615385,-8068100608.0,228000,0.0,0.0
2003-06-24 00:00:00+09:00,-7819849497.6,-7819849497.6,-7447475712.0,-7447475712.0,304000,0.0,0.0
2003-06-25 00:00:00+09:00,-7602633075.409836,-7664695386.229508,-7571601920.0,-7571601920.0,132000,0.0,0.0
2003-06-26 00:00:00+09:00,-7602633216.0,-7602633216.0,-7478508592.065306,-7602633216.0,132000,0.0,0.0
2003-06-27 00:00:00+09:00,-7571600307.2,-7571600307.2,-7385413414.400001,-7447475712.0,236000,0.0,0.0
2003-06-30 00:00:00+09:00,-7447476964.033613,-7602632734.117647,-7323352347.966387,-7385414656.0,168000,0.0,0.0
2003-07-01 00:00:00+09:00,-7292320033.391304,-7292320033.391304,-7013039691.686956,-7137164288.0,320000,0.0,0.0
2003-07-02 00:00:00+09:00,-7261290039.932773,-7385414656.0,-7137165423.865546,-7385414656.0,400000,0.0,0.0
2003-07-03 00:00:00+09:00,-7354382331.547826,-7602631524.173913,-6982008542.608695,-7137164288.0,368000,0.0,0.0
2003-07-04 00:00:00+09:00,-7137165423.865546,-7447476964.033613,-6826853883.697479,-7385414656.0,180000,0.0,0.0
2003-07-07 00:00:00+09:00,-7509538304.0,-7571600604.033058,-7385413703.933885,-7509538304.0,260000,0.0,0.0
2003-07-08 00:00:00+09:00,-7571599745.024,-7819848916.992,-7571599745.024,-7757786624.0,400000,0.0,0.0
2003-07-09 00:00:00+09:00,-7788819568.59751,-7850881875.917013,-7447476878.340249,-7478508032.0,200000,0.0,0.0
2003-07-10 00:00:00+09:00,-7478508816.125984,-7881913856.0,-7478508816.125984,-7881913856.0,268000,0.0,0.0
2003-07-11 00:00:00+09:00,-7757788707.81893,-7757788707.81893,-7540570624.0,-7540570624.0,88000,0.0,0.0
2003-07-14 00:00:00+09:00,-7478508314.337448,-7540570624.0,-7354383695.012345,-7540570624.0,64000,0.0,0.0
2003-07-15 00:00:00+09:00,-7416446938.961701,-7509540415.182979,-7168197669.038298,-7292322304.0,180000,0.0,0.0
2003-07-16 00:00:00+09:00,-7664694900.454902,-7912944128.0,-7602632593.568627,-7912944128.0,1200000,0.0,0.0
2003-07-17 00:00:00+09:00,-8099130839.04,-8533566976.0,-8068099686.400001,-8533566976.0,3600000,0.0,0.0
2003-07-18 00:00:00+09:00,-8502534587.610107,-8999032957.68953,-8378409995.090252,-8595628032.0,2000000,0.0,0.0
2003-07-21 00:00:00+09:00,-8595628032.0,-8595628032.0,-8595628032.0,-8595628032.0,0,0.0,0.0
2003-07-22 00:00:00+09:00,-8533565735.740071,-8595628032.0,-8130160810.050541,-8595628032.0,376000,0.0,0.0
2003-07-23 00:00:00+09:00,-8626659620.571428,-8843877668.571428,-8595628470.857141,-8688721920.0,352000,0.0,0.0
2003-07-24 00:00:00+09:00,-8688721920.0,-8874908818.285713,-8626659620.571428,-8688721920.0,400000,0.0,0.0
2003-07-25 00:00:00+09:00,-8750785677.116608,-8781816832.0,-8657692212.46643,-8781816832.0,400000,0.0,0.0
2003-07-28 00:00:00+09:00,-9309348245.544554,-9402441728.0,-9309348245.544554,-9402441728.0,1200000,0.0,0.0
2003-07-29 00:00:00+09:00,-10953994240.0,-10953994240.0,-10860900804.532578,-10953994240.0,4000000,0.0,0.0
2003-07-30 00:00:00+09:00,-10953997169.454544,-12102149847.272726,-10550592174.545454,-10922966016.0,4400000,0.0,0.0
2003-07-31 00:00:00+09:00,-10985025385.155807,-11481523707.648726,-10953994240.0,-10953994240.0,1200000,0.0,0.0
2003-08-01 00:00:00+09:00,-11264306950.987593,-12505552896.0,-11016057761.985111,-12505552896.0,5600000,0.0,0.0
2003-08-04 00:00:00+09:00,-12784835083.906977,-13622676218.04651,-12567617012.093023,-13343395840.0,4800000,0.0,0.0
2003-08-05 00:00:00+09:00,-13250301402.410126,-13250301402.410126,-12133179972.698734,-12257304576.0,2000000,0.0,0.0
2003-08-06 00:00:00+09:00,-12009058053.12,-13033086259.2,-11326372582.400002,-12412463104.0,1600000,0.0,0.0
2003-08-07 00:00:00+09:00,-12567616621.714285,-13964018468.571428,-11946993578.666666,-13033083904.0,8000000,0.0,0.0
2003-08-08 00:00:00+09:00,-12722774681.6,-13932989834.240002,-12195244999.68,-12412463104.0,4400000,0.0,0.0
2003-08-11 00:00:00+09:00,-12536583747.670824,-13064113261.805487,-12412459156.109726,-12443490304.0,800000,0.0,0.0
2003-08-12 00:00:00+09:00,-12412460949.61039,-12412460949.61039,-11884931359.251947,-11946993664.0,800000,0.0,0.0
2003-08-13 00:00:00+09:00,-11946991925.279188,-12629677178.152285,-11636680446.700508,-12226272256.0,1200000,0.0,0.0
2003-08-14 00:00:00+09:00,-12288338472.960001,-12598650050.560001,-12257307315.2,-12412463104.0,400000,0.0,0.0
2003-08-15 00:00:00+09:00,-12474522624.0,-12474522624.0,-12474522624.0,-12474522624.0,400000,0.0,0.0
2003-08-18 00:00:00+09:00,-12784835083.906977,-12971022002.60465,-12009056256.0,-12009056256.0,1200000,0.0,0.0
2003-08-19 00:00:00+09:00,-12412461393.814432,-12505554854.268042,-11853900631.092783,-12040087552.0,800000,0.0,0.0
2003-08-20 00:00:00+09:00,-12040088813.568,-12040088813.568,-11481527992.32,-11636683776.0,400000,0.0,0.0
2003-08-21 00:00:00+09:00,-11729776234.455446,-12722773164.356436,-11698745080.39604,-12536586240.0,1600000,0.0,0.0
2003-08-22 00:00:00+09:00,-12443491480.951899,-12722771838.379747,-12133179972.698734,-12257304576.0,400000,0.0,0.0
2003-08-25 00:00:00+09:00,-12195243463.403599,-12195243463.403599,-11915963078.745502,-12071118848.0,336000,0.0,0.0
2003-08-26 00:00:00+09:00,-12133182283.776001,-12133182283.776001,-11636683776.0,-11636683776.0,400000,0.0,0.0
2003-08-27 00:00:00+09:00,-11667713184.518919,-11729775488.69189,-11326370511.567568,-11481526272.0,400000,0.0,0.0
2003-08-28 00:00:00+09:00,-11481524022.084507,-11481524022.084507,-11016056832.0,-11016056832.0,308000,0.0,0.0
2003-08-29 00:00:00+09:00,-11171214751.135134,-11481526272.0,-10395435948.972973,-11481526272.0,800000,0.0,0.0
2003-09-01 00:00:00+09:00,-11636686005.540167,-11636686005.540167,-11016062751.911358,-11202249728.0,344000,0.0,0.0
2003-09-02 00:00:00+09:00,-11481527162.211056,-12350399488.0,-11326371389.748743,-12350399488.0,2800000,0.0,0.0
2003-09-03 00:00:00+09:00,-12288335742.992126,-12288335742.992126,-11636681574.80315,-11822868480.0,400000,0.0,0.0
2003-09-04 00:00:00+09:00,-11760808402.944,-11791839559.68,-11481527992.32,-11636683776.0,212000,0.0,0.0
2003-09-05 00:00:00+09:00,-11636686005.540167,-11667717168.221607,-11171218565.31856,-11202249728.0,400000,0.0,0.0
2003-09-08 00:00:00+09:00,-11295340771.555555,-11295340771.555555,-10860904588.034187,-10891935744.0,400000,0.0,0.0
2003-09-09 00:00:00+09:00,-10891935320.275862,-10985028784.551725,-10674717236.965517,-10798841856.0,800000,0.0,0.0
2003-09-10 00:00:00+09:00,-10798841402.181818,-10922966016.0,-10612654481.454544,-10922966016.0,800000,0.0,0.0
2003-09-11 00:00:00+09:00,-10922967370.512968,-10922967370.512968,-10674718112.092218,-10767811584.0,400000,0.0,0.0
2003-09-12 00:00:00+09:00,-12133179839.326315,-12133179839.326315,-11481525679.157894,-11791837184.0,4000000,0.0,0.0
2003-09-15 00:00:00+09:00,-11791837184.0,-11791837184.0,-11791837184.0,-11791837184.0,0,0.0,0.0
2003-09-16 00:00:00+09:00,-11822869092.743935,-11915962550.167116,-11419464110.57682,-11512557568.0,1200000,0.0,0.0
2003-09-17 00:00:00+09:00,-11512558653.015545,-12071119450.196892,-11450496342.217617,-11978025984.0,1600000,0.0,0.0
2003-09-18 00:00:00+09:00,-12040086505.466991,-12877927576.723715,-11915961902.317848,-12691740672.0,2400000,0.0,0.0
2003-09-19 00:00:00+09:00,-12784832943.686275,-12815864091.607843,-12536583760.313726,-12660708352.0,1600000,0.0,0.0
2003-09-22 00:00:00+09:00,-12536584333.421995,-12536584333.421995,-12009054794.639385,-12133179392.0,400000,0.0,0.0
2003-09-23 00:00:00+09:00,-12133179392.0,-12133179392.0,-12133179392.0,-12133179392.0,0,0.0,0.0
2003-09-24 00:00:00+09:00,-12009058644.43979,-12102152122.303665,-11822871688.712042,-11853902848.0,800000,0.0,0.0
2003-09-25 00:00:00+09:00,-12451576685.714285,-12949639753.142857,-12078029385.142857,-12638350336.0,200000,0.3,2.0
2003-09-26 00:00:00+09:00,-12638349886.060606,-12638349886.060606,-12264802598.787878,-12327060480.0,146000,0.0,0.0
2003-09-29 00:00:00+09:00,-12451574135.779816,-13572215808.0,-12327058394.422018,-13572215808.0,800000,0.0,0.0
2003-09-30 00:00:00+09:00,-14319312198.991596,-14817375232.0,-14319312198.991596,-14817375232.0,1000000,0.0,0.0
2003-10-01 00:00:00+09:00,-15439955793.364342,-16062534656.0,-15439955793.364342,-16062534656.0,1800000,0.0,0.0
2003-10-02 00:00:00+09:00,-17183173252.58964,-17183173252.58964,-15564468525.896416,-15626726400.0,2600000,0.0,0.0
2003-10-03 00:00:00+09:00,-15688983577.38843,-15751241448.727272,-14630599764.6281,-15066404864.0,600000,0.0,0.0
2003-10-06 00:00:00+09:00,-15004151160.411068,-16249308933.05929,-14755119605.881424,-15751245824.0,600000,0.0,0.0
2003-10-07 00:00:00+09:00,-15875759516.09756,-16062533157.463413,-14941891309.268291,-15315438592.0,800000,0.0,0.0
2003-10-08 00:00:00+09:00,-15315438265.008404,-15315438265.008404,-14817375232.0,-14817375232.0,400000,0.0,0.0
2003-10-09 00:00:00+09:00,-14817376804.283464,-15813502976.0,-14817376804.283464,-15813502976.0,600000,0.0,0.0
2003-10-10 00:00:00+09:00,-15875761601.264822,-16311566821.6917,-15564472158.102768,-15751245824.0,800000,0.0,0.0
2003-10-13 00:00:00+09:00,-15751245824.0,-15751245824.0,-15751245824.0,-15751245824.0,0,0.0,0.0
2003-10-14 00:00:00+09:00,-15875759317.802197,-16996401152.0,-15875759317.802197,-16996401152.0,1200000,0.0,0.0
2003-10-15 00:00:00+09:00,-18054782864.163822,-18241556480.0,-17494462016.65529,-18241556480.0,1800000,0.0,0.0
2003-10-16 00:00:00+09:00,-18615107564.370605,-19486717952.0,-18303818140.21725,-19486717952.0,2000000,0.0,0.0
2003-10-17 00:00:00+09:00,-21354456392.757893,-25089929814.23158,-21292198502.399998,-23657998336.0,3200000,0.0,0.0
2003-10-20 00:00:00+09:00,-23035416246.436783,-23035416246.436783,-21478969202.75862,-21665742848.0,800000,0.0,0.0
2003-10-21 00:00:00+09:00,-21665743108.89172,-21728000991.388535,-18552848984.050957,-19548975104.0,1000000,0.0,0.0
2003-10-22 00:00:00+09:00,-19050909824.895103,-19299941325.874126,-17432205068.531467,-17805752320.0,400000,0.0,0.0
2003-10-23 00:00:00+09:00,-17805754660.571426,-17805754660.571426,-16560596992.0,-16560596992.0,200000,0.0,0.0
2003-10-24 00:00:00+09:00,-16187048716.190475,-17805753587.809525,-15751243558.446886,-16996401152.0,800000,0.0,0.0
2003-10-27 00:00:00+09:00,-18054782864.163822,-18241556480.0,-17743493504.43686,-18241556480.0,200000,0.0,0.0
2003-10-28 00:00:00+09:00,-19486717952.0,-19486717952.0,-19486717952.0,-19486717952.0,164000,0.0,0.0
2003-10-29 00:00:00+09:00,-21665743592.727272,-21665743592.727272,-19299944005.015675,-19860264960.0,800000,0.0,0.0
2003-10-30 00:00:00+09:00,-19922521939.676376,-19922521939.676376,-18677364318.4466,-19237685248.0,200000,0.0,0.0
2003-10-31 00:00:00+09:00,-19424461455.36,-19424461455.36,-18490593116.16,-18677366784.0,200000,0.0,0.0
2003-11-03 00:00:00+09:00,-18677366784.0,-18677366784.0,-18677366784.0,-18677366784.0,0,0.0,0.0
2003-11-04 00:00:00+09:00,-18366073431.919193,-18677362812.121212,-18117041927.757576,-18490589184.0,200000,0.0,0.0
2003-11-05 00:00:00+09:00,-18366076504.27586,-18366076504.27586,-17556723980.35862,-18054787072.0,200000,0.0,0.0
2003-11-06 00:00:00+09:00,-17681236893.392593,-17681236893.392593,-16809626624.0,-16809626624.0,400000,0.0,0.0
2003-11-07 00:00:00+09:00,-16436081675.953308,-16436081675.953308,-15751244939.455254,-16000276480.0,400000,0.0,0.0
2003-11-10 00:00:00+09:00,-16373820889.243029,-16560594511.553785,-15626726400.0,-15626726400.0,400000,0.0,0.0
2003-11-11 00:00:00+09:00,-15502211456.0,-15502211456.0,-14381569664.0,-14941890560.0,400000,0.0,0.0
2003-11-12 00:00:00+09:00,-14941890433.580248,-15128664064.0,-14381569542.320988,-15128664064.0,200000,0.0,0.0
2003-11-13 00:00:00+09:00,-15875762771.548117,-16000278557.991632,-14879636480.0,-14879636480.0,200000,0.0,0.0
2003-11-14 00:00:00+09:00,-14692860955.675674,-14692860955.675674,-13696734789.189188,-13821250560.0,200000,0.0,0.0
2003-11-17 00:00:00+09:00,-12576090112.0,-12576090112.0,-12576090112.0,-12576090112.0,104000,0.0,0.0
2003-11-18 00:00:00+09:00,-11704482816.0,-12140288027.234043,-11579967041.361702,-11704482816.0,400000,0.0,0.0
2003-11-19 00:00:00+09:00,-11828997695.2809,-11891255577.88764,-11019645221.393257,-11081903104.0,400000,0.0,0.0
2003-11-20 00:00:00+09:00,-11081903701.82659,-11081903701.82659,-10210293298.31214,-10770614272.0,1200000,0.0,0.0
2003-11-21 00:00:00+09:00,-11019644659.409836,-11828997092.021858,-11019644659.409836,-11393191936.0,1200000,0.0,0.0
2003-11-24 00:00:00+09:00,-11393191936.0,-11393191936.0,-11393191936.0,-11393191936.0,0,0.0,0.0
2003-11-25 00:00:00+09:00,-11766742197.67742,-12140289569.032259,-11517710616.774193,-11579968512.0,600000,0.0,0.0
2003-11-26 00:00:00+09:00,-11517706842.352942,-11828996216.470589,-11144159593.411766,-11642222592.0,1200000,0.0,0.0
2003-11-27 00:00:00+09:00,-11828996105.89372,-12887379968.0,-11642222483.169083,-12887379968.0,2000000,0.0,0.0
2003-11-28 00:00:00+09:00,-13136411155.883495,-13634474138.097088,-12576090300.893204,-12825121792.0,2000000,0.0,0.0
2003-12-01 00:00:00+09:00,-12451576832.0,-12638350484.48,-12015771642.88,-12451576832.0,1200000,0.0,0.0
2003-12-02 00:00:00+09:00,-12887381559.13846,-12949639441.066666,-12078029094.071795,-12140286976.0,400000,0.0,0.0
2003-12-03 00:00:00+09:00,-12140287865.968586,-12264803638.952879,-11766740547.015707,-11891256320.0,400000,0.0,0.0
2003-12-04 00:00:00+09:00,-12015771041.391304,-12015771041.391304,-11330934349.913042,-11455450112.0,400000,0.0,0.0
2003-12-05 00:00:00+09:00,-11330934634.426966,-11393192517.033707,-11019645221.393257,-11081903104.0,400000,0.0,0.0
2003-12-08 00:00:00+09:00,-10895128351.219511,-10895128351.219511,-10023518083.12195,-10210291712.0,800000,0.0,0.0
2003-12-09 00:00:00+09:00,-10272551184.277456,-10770614272.0,-10148035412.34682,-10770614272.0,400000,0.0,0.0
2003-12-10 00:00:00+09:00,-10397067107.388235,-10583840768.0,-9961261899.294117,-10583840768.0,400000,0.0,0.0
2003-12-11 00:00:00+09:00,-10583838842.63473,-10708354593.72455,-10148033713.820358,-10397065216.0,200000,0.0,0.0
2003-12-12 00:00:00+09:00,-10521582160.539326,-11144160986.60674,-10459324277.932583,-11081903104.0,400000,0.0,0.0
2003-12-15 00:00:00+09:00,-11579966317.714285,-12202545152.0,-11455450550.857141,-12202545152.0,800000,0.0,0.0
2003-12-16 00:00:00+09:00,-12078029385.142857,-13074155520.0,-11579966317.714285,-13074155520.0,1400000,0.0,0.0
2003-12-17 00:00:00+09:00,-13136412789.17413,-13260928550.208956,-12015770939.860697,-12513833984.0,1000000,0.0,0.0
2003-12-18 00:00:00+09:00,-12389318503.71282,-12389318503.71282,-11766739684.430769,-12140286976.0,200000,0.0,0.0
2003-12-19 00:00:00+09:00,-12264801401.402061,-12576090777.072165,-12015769900.86598,-12078027776.0,400000,0.0,0.0
2003-12-22 00:00:00+09:00,-12078026444.26943,-12078026444.26943,-11891252839.46114,-12015768576.0,156000,0.0,0.0
2003-12-23 00:00:00+09:00,-12015768576.0,-12015768576.0,-12015768576.0,-12015768576.0,0,0.0,0.0
2003-12-24 00:00:00+09:00,-12015769900.86598,-12078027776.0,-11704480525.195877,-12078027776.0,200000,0.0,0.0
2003-12-25 00:00:00+09:00,-12140288334.953272,-13323188224.0,-11766741001.570093,-13323188224.0,1600000,0.0,0.0
2003-12-26 00:00:00+09:00,-13385446856.713615,-13509962641.42723,-12825125825.502348,-13260931072.0,600000,0.0,0.0
2003-12-29 00:00:00+09:00,-13011895897.78199,-13323185273.327013,-12887380147.56398,-13136411648.0,400000,0.0,0.0
2003-12-30 00:00:00+09:00,-13136413403.428572,-13260929170.285713,-12887381869.714285,-13074155520.0,200000,0.0,0.0
2003-12-31 00:00:00+09:00,-13074155520.0,-13074155520.0,-13074155520.0,-13074155520.0,0,0.0,0.0
2004-01-01 00:00:00+09:00,-13074155520.0,-13074155520.0,-13074155520.0,-13074155520.0,0,0.0,0.0
2004-01-02 00:00:00+09:00,-13074155520.0,-13074155520.0,-13074155520.0,-13074155520.0,0,0.0,0.0
2004-01-05 00:00:00+09:00,-13136415287.286386,-13385446856.713615,-13011899502.572771,-13260931072.0,200000,0.0,0.0
2004-01-06 00:00:00+09:00,-13447703839.852535,-13883509056.884792,-13260930175.41014,-13509961728.0,1000000,0.0,0.0
2004-01-07 00:00:00+09:00,-13509959299.39823,-14319311699.823008,-13260927791.57522,-14070280192.0,1200000,0.0,0.0
2004-01-08 00:00:00+09:00,-14132542003.423582,-15315441994.899565,-14132542003.423582,-14257057792.0,3200000,0.0,0.0
2004-01-09 00:00:00+09:00,-14879632811.746836,-15128664323.240505,-14443827666.632912,-14755117056.0,1000000,0.0,0.0
2004-01-12 00:00:00+09:00,-14755117056.0,-14755117056.0,-14755117056.0,-14755117056.0,0,0.0,0.0
2004-01-13 00:00:00+09:00,-15004150317.821012,-16000276480.0,-15004150317.821012,-16000276480.0,2200000,0.0,0.0
2004-01-14 00:00:00+09:00,-16373819591.624548,-17245429760.0,-15626725161.588448,-17245429760.0,4000000,0.0,0.0
2004-01-15 00:00:00+09:00,-17743497416.091953,-18490592044.13793,-16249308160.000002,-16249308160.0,4400000,0.0,0.0
2004-01-16 00:00:00+09:00,-16498336420.437956,-17369946646.423355,-16498336420.437956,-17058657280.0,1200000,0.0,0.0
2004-01-19 00:00:00+09:00,-17992526297.687073,-18303815680.0,-17868010544.761906,-18303815680.0,1600000,0.0,0.0
2004-01-20 00:00:00+09:00,-18988654161.528664,-19548975104.0,-18926396279.03185,-19548975104.0,1400000,0.0,0.0
2004-01-21 00:00:00+09:00,-19611232534.36893,-20420584988.168285,-17743496102.524273,-19237685248.0,3000000,0.0,0.0
2004-01-22 00:00:00+09:00,-19050910885.16129,-19050910885.16129,-17120916645.161291,-17369948160.0,2000000,0.0,0.0
2004-01-23 00:00:00+09:00,-17120915692.307693,-18241557446.713287,-16871884191.328672,-17805752320.0,1800000,0.0,0.0
2004-01-26 00:00:00+09:00,-17868009248.327644,-18366072223.890785,-17743493504.43686,-18241556480.0,800000,0.0,0.0
2004-01-27 00:00:00+09:00,-18677365449.20128,-19486717952.0,-18428333909.878593,-19486717952.0,3200000,0.0,0.0
2004-01-28 00:00:00+09:00,-19237685248.0,-20607358631.352753,-18801880080.56958,-19237685248.0,3000000,0.0,0.0
2004-01-29 00:00:00+09:00,-18615106403.79661,-18801880046.64407,-17805753951.457626,-18366074880.0,800000,0.0,0.0
2004-01-30 00:00:00+09:00,-18241558716.631577,-19424458428.631577,-18117042957.473682,-18926395392.0,800000,0.0,0.0
2004-02-02 00:00:00+09:00,-18615106403.79661,-18615106403.79661,-17868011832.40678,-18366074880.0,600000,0.0,0.0
2004-02-03 00:00:00+09:00,-18366073813.333336,-18366073813.333336,-17868010794.666668,-17930268672.0,400000,0.0,0.0
2004-02-04 00:00:00+09:00,-18054787140.520447,-18054787140.520447,-16685113633.30855,-16747371520.0,600000,0.0,0.0
2004-02-05 00:00:00+09:00,-16124791663.389313,-17432207203.664124,-16124791663.389313,-16311565312.0,400000,0.0,0.0
2004-02-06 00:00:00+09:00,-16809627512.967031,-17245432670.71062,-16498338114.578754,-16996401152.0,200000,0.0,0.0
2004-02-09 00:00:00+09:00,-17120914210.309278,-18241555867.711338,-17120914210.309278,-18117040128.0,1200000,0.0,0.0
2004-02-10 00:00:00+09:00,-18241553979.28421,-18241553979.28421,-16871880984.25263,-17743491072.0,600000,0.0,0.0
2004-02-11 00:00:00+09:00,-17743491072.0,-17743491072.0,-17743491072.0,-17743491072.0,0,0.0,0.0
2004-02-12 00:00:00+09:00,-17743495261.090908,-17743495261.090908,-16934142845.672728,-17120916480.0,200000,0.0,0.0
2004-02-13 00:00:00+09:00,-16934145157.565216,-17432208250.43478,-16747371497.73913,-17183176704.0,400000,0.0,0.0
2004-02-16 00:00:00+09:00,-16311563512.0,-16436079264.0,-15938016256.0,-15938016256.0,800000,0.0,0.0
2004-02-17 00:00:00+09:00,-15190924420.129032,-15813503289.806452,-15128666533.161291,-15439955968.0,800000,0.0,0.0
2004-02-18 00:00:00+09:00,-15626729604.517647,-16373824246.964706,-15564471717.647058,-15875761152.0,600000,0.0,0.0
2004-02-19 00:00:00+09:00,-16000276480.0,-16062534365.136187,-15875760709.727627,-16000276480.0,196000,0.0,0.0
2004-02-20 00:00:00+09:00,-16000276192.128513,-16000276192.128513,-15439955235.983936,-15502213120.0,200000,0.0,0.0
2004-02-23 00:00:00+09:00,-15502213854.967743,-15502213854.967743,-15066408646.193548,-15439955968.0,200000,0.0,0.0
2004-02-24 00:00:00+09:00,-15439953448.032923,-15626727078.452675,-15066406187.193417,-15128664064.0,200000,0.0,0.0
2004-02-25 00:00:00+09:00,-15004149452.360514,-15004149452.360514,-14319312755.364807,-14506086400.0,400000,0.0,0.0
2004-02-26 00:00:00+09:00,-14381570636.90987,-15253180978.540771,-14319312755.364807,-14506086400.0,600000,0.0,0.0
2004-02-27 00:00:00+09:00,-14817373378.644629,-15190920606.677685,-14755115507.305784,-15066404864.0,400000,0.0,0.0
2004-03-01 00:00:00+09:00,-15564468525.896416,-16062531518.7251,-15253179155.378487,-15626726400.0,600000,0.0,0.0
2004-03-02 00:00:00+09:00,-15813500504.0,-16187047760.0,-15688984752.0,-15938016256.0,400000,0.0,0.0
2004-03-03 00:00:00+09:00,-16187048272.238806,-16747369173.97015,-15938016760.35821,-16685111296.0,1200000,0.0,0.0
2004-03-04 00:00:00+09:00,-16809627051.9403,-17120916441.791046,-16249306150.208956,-16685111296.0,1000000,0.0,0.0
2004-03-05 00:00:00+09:00,-16622852892.0,-16622852892.0,-15938016256.0,-15938016256.0,400000,0.0,0.0
2004-03-08 00:00:00+09:00,-15938018731.64751,-16498339702.681993,-15688987188.965519,-16249308160.0,400000,0.0,0.0
2004-03-09 00:00:00+09:00,-16249306150.208956,-16996400685.850746,-15688985248.477613,-16685111296.0,1000000,0.0,0.0
2004-03-10 00:00:00+09:00,-16934142677.490774,-17058658432.472324,-16436079657.564575,-16871884800.0,600000,0.0,0.0
2004-03-11 00:00:00+09:00,-16560596843.480915,-16747370492.091602,-16187049546.25954,-16311565312.0,400000,0.0,0.0
2004-03-12 00:00:00+09:00,-16249305511.04247,-16311563386.563705,-15938016133.436293,-16124789760.0,600000,0.0,0.0
2004-03-15 00:00:00+09:00,-16249308295.245283,-16498339840.0,-16124792522.867926,-16498339840.0,800000,0.0,0.0
2004-03-16 00:00:00+09:00,-16498339859.844961,-16560597746.108526,-16062534656.0,-16062534656.0,400000,0.0,0.0
2004-03-17 00:00:00+09:00,-16747369173.97015,-16809627051.9403,-16311564028.179106,-16685111296.0,600000,0.0,0.0
2004-03-18 00:00:00+09:00,-16747371384.754717,-16809629270.943398,-16311566181.433964,-16498339840.0,400000,0.0,0.0
2004-03-19 00:00:00+09:00,-16311563386.563705,-16373821262.084942,-16062531884.478764,-16124789760.0,200000,0.0,0.0
2004-03-22 00:00:00+09:00,-16062532008.0,-16124789884.0,-15875758380.0,-15938016256.0,200000,0.0,0.0
2004-03-23 00:00:00+09:00,-15626729604.517647,-15875761152.0,-15377698057.035294,-15875761152.0,400000,0.0,0.0
2004-03-24 00:00:00+09:00,-15875760274.285713,-15875760274.285713,-15564470857.142857,-15688986624.0,200000,0.0,0.0
2004-03-25 00:00:00+09:00,-15938019489.897234,-16000277378.529646,-15751245824.0,-15751245824.0,200000,0.0,0.0
2004-03-26 00:00:00+09:00,-16000274132.0,-16000274132.0,-15751242628.0,-15938016256.0,200000,0.0,0.0
2004-03-29 00:00:00+09:00,-16062533924.571428,-16685112758.857141,-15938018157.714285,-16560596992.0,800000,0.0,0.0
2004-03-30 00:00:00+09:00,-16809626316.083916,-17805752320.0,-16436079064.615385,-17805752320.0,2400000,0.0,0.0
2004-03-31 00:00:00+09:00,-18179299927.07483,-18366073556.462585,-17992526297.687073,-18303815680.0,2200000,0.0,0.0
2004-04-01 00:00:00+09:00,-18552848984.050957,-19548975104.0,-18366075336.56051,-19548975104.0,3600000,0.0,0.0
2004-04-02 00:00:00+09:00,-20482842298.61682,-20482842298.61682,-18677363798.13084,-19984779264.0,3600000,0.0,0.0
2004-04-05 00:00:00+09:00,-19922519943.52941,-20482840816.941177,-19922519943.52941,-20109293568.0,2200000,0.0,0.0
2004-04-06 00:00:00+09:00,-19922521939.676376,-20109295582.86084,-18801880080.56958,-19237685248.0,1000000,0.0,0.0
2004-04-07 00:00:00+09:00,-18241558141.456955,-19237684183.31126,-18241558141.456955,-18801879040.0,1800000,0.0,0.0
2004-04-08 00:00:00+09:00,-18552851792.92903,-19611235955.612904,-17930272873.703224,-19299946496.0,1400000,0.0,0.0
2004-04-09 00:00:00+09:00,-18552850432.0,-18988655643.489933,-18366076769.932884,-18552850432.0,600000,0.0,0.0
2004-04-12 00:00:00+09:00,-19237682260.253166,-19798003102.78481,-18552845674.93671,-19673487360.0,1400000,0.0,0.0
2004-04-13 00:00:00+09:00,-20296071220.51282,-20296071220.51282,-19299945025.641026,-19424460800.0,1200000,0.0,0.0
2004-04-14 00:00:00+09:00,-19362202163.669724,-20358328320.0,-18864139085.504585,-20358328320.0,1800000,0.0,0.0
2004-04-15 00:00:00+09:00,-20980906556.913185,-21478969620.578777,-18552849121.543407,-19362201600.0,2000000,0.0,0.0
2004-04-16 00:00:00+09:00,-19735745231.392406,-19922518845.56962,-18677361417.72152,-19673487360.0,600000,0.0,0.0
2004-04-19 00:00:00+09:00,-19984779344.842106,-20047037224.42105,-18677363873.684208,-18926395392.0,400000,0.0,0.0
2004-04-20 00:00:00+09:00,-18739623334.031948,-19548975836.83067,-18739623334.031948,-19486717952.0,400000,0.0,0.0
2004-04-21 00:00:00+09:00,-19486713350.649353,-19486713350.649353,-18988650389.61039,-19175424000.0,600000,0.0,0.0
2004-04-22 00:00:00+09:00,-19175430712.15484,-19548978063.690323,-18988657036.387096,-19299946496.0,800000,0.0,0.0
2004-04-23 00:00:00+09:00,-19611226112.0,-19611226112.0,-19299936808.63492,-19611226112.0,400000,0.0,0.0
2004-04-26 00:00:00+09:00,-19548971220.77922,-19611229090.909092,-19050908259.74026,-19175424000.0,800000,0.0,0.0
2004-04-27 00:00:00+09:00,-19050913954.217823,-19113171842.957096,-18864140288.0,-18864140288.0,400000,0.0,0.0
2004-04-28 00:00:00+09:00,-18677365449.20128,-19486717952.0,-18677365449.20128,-19486717952.0,600000,0.0,0.0
2004-04-29 00:00:00+09:00,-19486717952.0,-19486717952.0,-19486717952.0,-19486717952.0,0,0.0,0.0
2004-04-30 00:00:00+09:00,-19299946496.0,-19362204387.92258,-18864141252.541935,-19299946496.0,200000,0.0,0.0
2004-05-03 00:00:00+09:00,-19299946496.0,-19299946496.0,-19299946496.0,-19299946496.0,0,0.0,0.0
2004-05-04 00:00:00+09:00,-19299946496.0,-19299946496.0,-19299946496.0,-19299946496.0,0,0.0,0.0
2004-05-05 00:00:00+09:00,-19299946496.0,-19299946496.0,-19299946496.0,-19299946496.0,0,0.0,0.0
2004-05-06 00:00:00+09:00,-19611230569.411766,-21043161690.352943,-19362199070.11765,-20109293568.0,1600000,0.0,0.0
2004-05-07 00:00:00+09:00,-20420578300.749207,-20482836161.422222,-19611226112.0,-19611226112.0,1400000,0.0,0.0
2004-05-10 00:00:00+09:00,-18988652780.895523,-18988652780.895523,-16560595540.059702,-16685111296.0,800000,0.0,0.0
2004-05-11 00:00:00+09:00,-16187048272.238806,-17120916441.791046,-15938016760.35821,-16685111296.0,400000,0.0,0.0
2004-05-12 00:00:00+09:00,-17120916027.210884,-18303815680.0,-17120916027.210884,-18303815680.0,200000,0.0,0.0
2004-05-13 00:00:00+09:00,-17432203367.509026,-18054782059.205776,-17245429760.0,-17245429760.0,200000,0.0,0.0
2004-05-14 00:00:00+09:00,-17245432064.94465,-17432205697.416973,-16187048147.601477,-16871884800.0,200000,0.0,0.0
2004-05-17 00:00:00+09:00,-14630601563.982685,-14879633079.965368,-14381570048.0,-14381570048.0,400000,0.0,0.0
2004-05-18 00:00:00+09:00,-13385443742.78481,-14817374933.873417,-13385443742.78481,-14755117056.0,400000,0.0,0.0
2004-05-19 00:00:00+09:00,-14879632525.784615,-16187047936.0,-14879632525.784615,-16187047936.0,200000,0.0,0.0
2004-05-20 00:00:00+09:00,-16187047936.0,-16934142456.123075,-16062532182.646152,-16187047936.0,200000,0.0,0.0
2004-05-21 00:00:00+09:00,-16187050848.365019,-16622856063.513308,-16000277184.730038,-16373824512.0,110000,0.0,0.0
2004-05-24 00:00:00+09:00,-16436081953.811321,-16871887157.132076,-16436081953.811321,-16498339840.0,132000,0.0,0.0
2004-05-25 00:00:00+09:00,-16436081973.581394,-16685113518.635658,-16000276769.736433,-16062534656.0,150000,0.0,0.0
2004-05-26 00:00:00+09:00,-16436082133.835295,-16436082133.835295,-15626729604.517647,-15875761152.0,164000,0.0,0.0
2004-05-27 00:00:00+09:00,-15813502992.582994,-16062534535.77328,-15315439906.202429,-15377697792.0,128000,0.0,0.0
2004-05-28 00:00:00+09:00,-15938019038.870588,-16187050586.352942,-15688987491.388235,-15875761152.0,200000,0.0,0.0
2004-05-31 00:00:00+09:00,-16124792522.867926,-16685113498.566038,-15875760978.113209,-16498339840.0,400000,0.0,0.0
2004-06-01 00:00:00+09:00,-17183170301.305264,-18054780389.05263,-17058654574.48421,-17743491072.0,800000,0.0,0.0
2004-06-02 00:00:00+09:00,-17743497563.773586,-17805755449.962265,-16311566181.433964,-16498339840.0,600000,0.0,0.0
2004-06-03 00:00:00+09:00,-16311566061.858269,-16809629147.716536,-15688987204.535433,-15813502976.0,1000000,0.0,0.0
2004-06-04 00:00:00+09:00,-16000276925.741177,-16498340020.705883,-15813503265.129412,-15875761152.0,200000,0.0,0.0
2004-06-07 00:00:00+09:00,-16187047936.0,-16996400332.8,-16124790059.323076,-16187047936.0,400000,0.0,0.0
2004-06-08 00:00:00+09:00,-16436078592.0,-16747367959.272726,-16311562845.090908,-16436078592.0,168000,0.0,0.0
2004-06-09 00:00:00+09:00,-16934142066.573427,-17930268070.48951,-16871884191.328672,-17805752320.0,1200000,0.0,0.0
2004-06-10 00:00:00+09:00,-17307691449.441696,-17805754512.73498,-17058659917.795052,-17618980864.0,400000,0.0,0.0
2004-06-11 00:00:00+09:00,-17618978940.342857,-17618978940.342857,-17120915931.428572,-17432205312.0,200000,0.0,0.0
2004-06-14 00:00:00+09:00,-17432207215.26502,-17681238746.91166,-17307691449.441696,-17618980864.0,200000,0.0,0.0
2004-06-15 00:00:00+09:00,-17556721796.129032,-17618979674.83871,-17369948160.0,-17369948160.0,200000,0.0,0.0
2004-06-16 00:00:00+09:00,-17681236569.51049,-17992525945.734264,-17432205068.531467,-17805752320.0,600000,0.0,0.0
2004-06-17 00:00:00+09:00,-18054785507.831715,-19299943129.06149,-17992527626.770226,-19237685248.0,2000000,0.0,0.0
2004-06-18 00:00:00+09:00,-19299943270.06536,-19299943270.06536,-18552848691.86928,-19050911744.0,800000,0.0,0.0
2004-06-21 00:00:00+09:00,-19237681870.12987,-19548971220.77922,-19113166129.87013,-19175424000.0,800000,0.0,0.0
2004-06-22 00:00:00+09:00,-19113172008.96,-19113172008.96,-18428335226.88,-18677366784.0,600000,0.0,0.0
2004-06-23 00:00:00+09:00,-18552847445.333336,-18552847445.333336,-17868010794.666668,-17930268672.0,190000,0.0,0.0
2004-06-24 00:00:00+09:00,-18054782864.163822,-18303814351.945393,-17868009248.327644,-18241556480.0,200000,0.0,0.0
2004-06-25 00:00:00+09:00,-18303817032.07767,-19548974653.30744,-18054785507.831715,-19237685248.0,1000000,0.0,0.0
2004-06-28 00:00:00+09:00,-18926398176.739273,-19175429731.69637,-18739624510.521454,-18864140288.0,200000,0.0,0.0
2004-06-29 00:00:00+09:00,-19050915144.452827,-19922525641.257862,-19050915144.452827,-19798009856.0,1000000,0.0,0.0
2004-06-30 00:00:00+09:00,-19237685551.646687,-19798006490.044163,-19113169787.55836,-19735748608.0,600000,0.0,0.0
2004-07-01 00:00:00+09:00,-19611236178.113205,-20109299319.144653,-19299946714.96855,-19798009856.0,1200000,0.0,0.0
2004-07-02 00:00:00+09:00,-19299943574.012737,-19611232986.496815,-19175427809.019108,-19548975104.0,400000,0.0,0.0
2004-07-05 00:00:00+09:00,-19548978841.6,-20358331468.8,-19362205158.399998,-19922526208.0,1400000,0.0,0.0
2004-07-06 00:00:00+09:00,-20047037143.327103,-20607358057.271027,-18677363798.13084,-19984779264.0,2200000,0.0,0.0
2004-07-07 00:00:00+09:00,-18739623334.031948,-19798007376.153355,-18677365449.20128,-19486717952.0,400000,0.0,0.0
2004-07-08 00:00:00+09:00,-19611233424.451412,-19922522843.887146,-19299944005.015675,-19860264960.0,600000,0.0,0.0
2004-07-09 00:00:00+09:00,-19798006930.285713,-20233812114.285713,-19299943862.857143,-20047038464.0,800000,0.0,0.0
2004-07-12 00:00:00+09:00,-20296069997.714283,-20545101531.42857,-19922522697.142857,-20047038464.0,200000,0.0,0.0
2004-07-13 00:00:00+09:00,-20233812263.322884,-20233812263.322884,-19860264960.0,-19860264960.0,200000,0.0,0.0
2004-07-14 00:00:00+09:00,-19735743457.980457,-19798001323.778503,-19113164800.0,-19113164800.0,200000,0.0,0.0
2004-07-15 00:00:00+09:00,-19113172008.96,-19113172008.96,-17805756334.08,-18677366784.0,200000,0.0,0.0
2004-07-16 00:00:00+09:00,-18428329558.44156,-19175424000.0,-17930266597.4026,-19175424000.0,200000,0.0,0.0
2004-07-19 00:00:00+09:00,-19175424000.0,-19175424000.0,-19175424000.0,-19175424000.0,0,0.0,0.0
2004-07-20 00:00:00+09:00,-18988652672.847683,-18988652672.847683,-18552847529.536423,-18801879040.0,158000,0.0,0.0
2004-07-21 00:00:00+09:00,-18801879632.842106,-18988653271.578945,-18366074475.789474,-18926395392.0,200000,0.0,0.0
2004-07-22 00:00:00+09:00,-18615105062.312923,-18677362938.77551,-18179299927.07483,-18303815680.0,200000,0.0,0.0
2004-07-23 00:00:00+09:00,-18490588947.692307,-18552846822.937065,-17618978694.265736,-17805752320.0,200000,0.0,0.0
2004-07-26 00:00:00+09:00,-17432208250.43478,-17681239796.869564,-17120918817.391304,-17183176704.0,200000,0.0,0.0
2004-07-27 00:00:00+09:00,-17120917942.857141,-17307691593.142857,-16187049691.42857,-16560596992.0,400000,0.0,0.0
2004-07-28 00:00:00+09:00,-16685112758.857141,-16996402176.0,-16498339108.571428,-16560596992.0,200000,0.0,0.0
2004-07-29 00:00:00+09:00,-16685113359.693487,-16934144902.37548,-16124792388.659004,-16249308160.0,200000,0.0,0.0
2004-07-30 00:00:00+09:00,-16436079489.438202,-16747368873.707865,-16373821612.584269,-16622853120.0,94000,0.0,0.0
2004-08-02 00:00:00+09:00,-16871885392.644688,-17245432670.71062,-16685111753.611721,-16996401152.0,200000,0.0,0.0
2004-08-03 00:00:00+09:00,-17307690550.38828,-17992527226.84249,-16809627512.967031,-16996401152.0,400000,0.0,0.0
2004-08-04 00:00:00+09:00,-16747369211.345455,-17120916480.0,-16187048308.363636,-17120916480.0,200000,0.0,0.0
2004-08-05 00:00:00+09:00,-17120915222.7758,-17805751831.686832,-17120915222.7758,-17494462464.0,176000,0.0,0.0
2004-08-06 00:00:00+09:00,-17120916480.0,-17432205870.545456,-16996400723.781818,-17120916480.0,156000,0.0,0.0
2004-08-09 00:00:00+09:00,-16498337698.90909,-17307690114.327274,-16311564064.581818,-17120916480.0,200000,0.0,0.0
2004-08-10 00:00:00+09:00,-17681235632.491467,-18241556480.0,-17556719888.60068,-18241556480.0,200000,0.0,0.0
2004-08-11 00:00:00+09:00,-18615104936.08081,-18988652192.323235,-18490589184.0,-18490589184.0,400000,0.0,0.0
2004-08-12 00:00:00+09:00,-19050914119.68,-19050914119.68,-18615108894.72,-18677366784.0,200000,0.0,0.0
2004-08-13 00:00:00+09:00,-18490592277.186207,-18490592277.186207,-17930271299.089653,-18054787072.0,198000,0.0,0.0
2004-08-16 00:00:00+09:00,-17743494207.123287,-18179299328.0,-17432204835.068493,-18179299328.0,158000,0.0,0.0
2004-08-17 00:00:00+09:00,-18677366784.0,-18864140451.84,-18241561559.04,-18677366784.0,200000,0.0,0.0
2004-08-18 00:00:00+09:00,-18552846574.46575,-18615104448.876713,-17930267830.356163,-18179299328.0,156000,0.0,0.0
2004-08-19 00:00:00+09:00,-18241560995.221478,-18552850432.0,-18054787333.15436,-18552850432.0,96000,0.0,0.0
2004-08-20 00:00:00+09:00,-18552847185.850338,-18739620815.238094,-18179299927.07483,-18303815680.0,200000,0.0,0.0
2004-08-23 00:00:00+09:00,-18428332438.745644,-18801879717.90941,-17556722120.69686,-17868011520.0,200000,0.0,0.0
2004-08-24 00:00:00+09:00,-17930268320.914288,-18054784073.142857,-17432205312.0,-17432205312.0,100000,0.0,0.0
2004-08-25 00:00:00+09:00,-17681240064.0,-17805755839.09859,-17120919076.056337,-17681240064.0,104000,0.0,0.0
2004-08-26 00:00:00+09:00,-17743492305.051903,-17992523776.0,-17556718701.840828,-17992523776.0,98000,0.0,0.0
2004-08-27 00:00:00+09:00,-17556722120.69686,-17930269399.860626,-17494464240.836235,-17868011520.0,166000,0.0,0.0
2004-08-30 00:00:00+09:00,-18117038252.463158,-18179296115.873684,-17743491072.0,-17743491072.0,174000,0.0,0.0
2004-08-31 00:00:00+09:00,-17992527279.721252,-18179300919.303135,-17868011520.0,-17868011520.0,184000,0.0,0.0
2004-09-01 00:00:00+09:00,-18179303669.760002,-19175429898.24,-18179303669.760002,-18677366784.0,800000,0.0,0.0
2004-09-02 00:00:00+09:00,-19237682431.126278,-19237682431.126278,-18241556480.0,-18241556480.0,200000,0.0,0.0
2004-09-03 00:00:00+09:00,-18428329477.27835,-18552845216.98969,-18117040128.0,-18117040128.0,200000,0.0,0.0
2004-09-06 00:00:00+09:00,-18366073431.919193,-18552847060.040405,-17992526175.67677,-18490589184.0,400000,0.0,0.0
2004-09-07 00:00:00+09:00,-18428332032.0,-18615105667.45946,-18241558396.540543,-18428332032.0,196000,0.0,0.0
2004-09-08 00:00:00+09:00,-18428334390.731033,-18428334390.731033,-18054787072.0,-18054787072.0,180000,0.0,0.0
2004-09-09 00:00:00+09:00,-18054786796.028366,-18054786796.028366,-17494465826.496452,-17556723712.0,200000,0.0,0.0
2004-09-10 00:00:00+09:00,-17432205653.333336,-17930268672.0,-17369947776.0,-17930268672.0,200000,0.0,0.0
2004-09-13 00:00:00+09:00,-17930267578.761566,-17930267578.761566,-17432204590.46263,-17494462464.0,86000,0.0,0.0
2004-09-14 00:00:00+09:00,-17432207940.99291,-17743497368.51064,-17432207940.99291,-17556723712.0,38000,0.0,0.0
2004-09-15 00:00:00+09:00,-17494461236.6787,-17556719105.848373,-17245429760.0,-17245429760.0,136000,0.0,0.0
2004-09-16 00:00:00+09:00,-16871887293.3829,-16871887293.3829,-16560597859.92565,-16747371520.0,400000,0.0,0.0
2004-09-17 00:00:00+09:00,-16934141579.636364,-16996399453.090908,-16373820718.545454,-16436078592.0,400000,0.0,0.0
2004-09-20 00:00:00+09:00,-16436078592.0,-16436078592.0,-16436078592.0,-16436078592.0,0,0.0,0.0
2004-09-21 00:00:00+09:00,-16373823931.340998,-16560597588.352491,-16187050274.329502,-16249308160.0,400000,0.0,0.0
2004-09-22 00:00:00+09:00,-16187050135.40856,-16187050135.40856,-15502213398.910505,-16000276480.0,400000,0.0,0.0
2004-09-23 00:00:00+09:00,-16000276480.0,-16000276480.0,-16000276480.0,-16000276480.0,0,0.0,0.0
2004-09-24 00:00:00+09:00,-15751244366.167938,-16373823194.870228,-15564470717.557251,-16311565312.0,200000,0.0,0.0
2004-09-27 00:00:00+09:00,3206234397.3129773,3230616407.9389315,3194043392.0,3194043392.0,152000,800.0,0.0
2004-09-28 00:00:00+09:00,3169661329.568628,3169661329.568628,3035560273.3176475,3108706304.0,200000,0.0,0.0
2004-09-29 00:00:00+09:00,3181852627.653543,3230616652.598425,3084324577.763779,3096515584.0,200000,0.0,0.0
2004-09-30 00:00:00+09:00,3096515298.886275,3194043339.7960787,3096515298.886275,3108706304.0,600000,0.0,0.0
2004-10-01 00:00:00+09:00,3133088365.435115,3206234397.3129773,3133088365.435115,3194043392.0,400000,0.0,0.0
2004-10-04 00:00:00+09:00,3279380599.788679,3279380599.788679,3194043558.15849,3230616576.0,186000,0.0,0.0
2004-10-05 00:00:00+09:00,3230616697.624521,3242807704.030651,3181852672.0,3181852672.0,98000,0.0,0.0
2004-10-06 00:00:00+09:00,3169661381.374046,3218425402.625954,3145279370.7480917,3194043392.0,94000,0.0,0.0
2004-10-07 00:00:00+09:00,3218425402.625954,3218425402.625954,3169661381.374046,3194043392.0,36000,0.0,0.0
2004-10-08 00:00:00+09:00,3157470493.767442,3194043511.0697675,3120897476.4651165,3145279488.0,154000,0.0,0.0
2004-10-11 00:00:00+09:00,3145279488.0,3145279488.0,3145279488.0,3145279488.0,0,0.0,0.0
2004-10-12 00:00:00+09:00,3145279378.7193675,3145279378.7193675,3047751335.9683795,3084324352.0,200000,0.0,0.0
2004-10-13 00:00:00+09:00,3047751081.967213,3059942086.295082,2938032043.0163937,2974605056.0,200000,0.0,0.0
2004-10-14 00:00:00+09:00,2925841269.1525426,2962414285.016949,2877077248.0,2877077248.0,200000,0.0,0.0
2004-10-15 00:00:00+09:00,2864886235.428571,2986796288.0,2755167188.1142855,2986796288.0,200000,0.0,0.0
2004-10-18 00:00:00+09:00,3011177658.6666665,3035559664.0,2925840640.0,2925840640.0,120000,0.0,0.0
2004-10-19 00:00:00+09:00,2962413851.5041323,2986795858.512397,2925840840.9917355,2950222848.0,200000,0.0,0.0
2004-10-20 00:00:00+09:00,2950222387.2,2950222387.2,2803930368.0,2803930368.0,200000,0.0,0.0
2004-10-21 00:00:00+09:00,2803931216.2711864,2877077248.0,2803931216.2711864,2877077248.0,200000,0.0,0.0
2004-10-22 00:00:00+09:00,2974605056.0,2986796060.327869,2913650034.360656,2974605056.0,200000,0.0,0.0
2004-10-25 00:00:00+09:00,2864885823.4710746,2974604855.0082645,2864885823.4710746,2950222848.0,200000,0.0,0.0
2004-10-26 00:00:00+09:00,2925841299.06383,2925841299.06383,2840504261.174468,2864886272.0,200000,0.0,0.0
2004-10-27 00:00:00+09:00,2889268282.825532,2913650293.651064,2864886272.0,2864886272.0,186000,0.0,0.0
2004-10-28 00:00:00+09:00,2925840640.0,2950222645.333333,2877076629.333333,2925840640.0,200000,0.0,0.0
2004-10-29 00:00:00+09:00,2913650120.827586,2913650120.827586,2816122083.3103447,2828313088.0,200000,0.0,0.0
2004-11-01 00:00:00+09:00,2791740257.917051,2791740257.917051,2633257186.5069127,2645448192.0,200000,0.0,0.0
2004-11-02 00:00:00+09:00,2596684189.0133333,2742976256.0,2523538155.52,2742976256.0,200000,0.0,0.0
2004-11-03 00:00:00+09:00,2742976256.0,2742976256.0,2742976256.0,2742976256.0,0,0.0,0.0
2004-11-04 00:00:00+09:00,2791740446.3157897,2877077490.5263157,2779549440.0,2779549440.0,200000,0.0,0.0
2004-11-05 00:00:00+09:00,2791740356.155844,2864886391.6883116,2791740356.155844,2816122368.0,122000,0.0,0.0
2004-11-08 00:00:00+09:00,2828312371.2,2840503372.7999997,2791739366.4,2803930368.0,100000,0.0,0.0
2004-11-09 00:00:00+09:00,2803930964.5814977,2803930964.5814977,2742975943.6123347,2767357952.0,112000,0.0,0.0
2004-11-10 00:00:00+09:00,2779549309.3443985,2986796406.9709544,2767358303.60166,2938032384.0,400000,0.0,0.0
2004-11-11 00:00:00+09:00,2938031642.6666665,3047750666.6666665,2925840640.0,2925840640.0,200000,0.0,0.0
2004-11-12 00:00:00+09:00,3023369502.05668,3023369502.05668,2962414471.773279,3011178496.0,168000,0.0,0.0
2004-11-15 00:00:00+09:00,3059942607.938697,3218425691.2183905,3059942607.938697,3181852672.0,400000,0.0,0.0
2004-11-16 00:00:00+09:00,3279379975.3669066,3389099008.0,3230615960.8633094,3389099008.0,1000000,0.0,0.0
2004-11-17 00:00:00+09:00,3389099597.5211267,3584155689.4647884,3328144568.788732,3462245632.0,1200000,0.0,0.0
2004-11-18 00:00:00+09:00,3559773297.7777777,3596346311.111111,3389099235.5555553,3401290240.0,1000000,0.0,0.0
2004-11-19 00:00:00+09:00,3389098319.9438596,3547581334.905263,3291570310.736842,3474435328.0,1000000,0.0,0.0
2004-11-22 00:00:00+09:00,3376908650.2127657,3474436697.87234,3352526638.297872,3437863680.0,400000,0.0,0.0
2004-11-23 00:00:00+09:00,3437863680.0,3437863680.0,3437863680.0,3437863680.0,0,0.0,0.0
2004-11-24 00:00:00+09:00,3401290295.4965034,3486627328.0,3352526276.923077,3486627328.0,400000,0.0,0.0
2004-11-25 00:00:00+09:00,3413481185.8823533,3413481185.8823533,3303762147.764706,3315953152.0,200000,0.0,0.0
2004-11-26 00:00:00+09:00,3352525866.666667,3364716869.818182,3206233828.848485,3218424832.0,200000,0.0,0.0
2004-11-29 00:00:00+09:00,3206234305.4014597,3352526364.963504,3206234305.4014597,3340335360.0,200000,0.0,0.0
2004-11-30 00:00:00+09:00,3340335389.069597,3389099409.3479853,3230616343.4432235,3328144384.0,200000,0.0,0.0
2004-12-01 00:00:00+09:00,3364717285.2537313,3401290299.2238803,3254998243.3432837,3267189248.0,400000,0.0,0.0
2004-12-02 00:00:00+09:00,3315953035.026217,3364717050.247191,3242807012.1947565,3254998016.0,400000,0.0,0.0
2004-12-03 00:00:00+09:00,3315952857.2121215,3340334863.5151515,3206233828.848485,3218424832.0,400000,0.0,0.0
2004-12-06 00:00:00+09:00,3242806930.014815,3303761947.4962964,3194042916.0296297,3291570944.0,600000,0.0,0.0
2004-12-07 00:00:00+09:00,3291571257.3134327,3315953266.6268654,3254998243.3432837,3267189248.0,400000,0.0,0.0
2004-12-08 00:00:00+09:00,3279379806.021818,3401289835.9854546,3254997800.029091,3352525824.0,400000,0.0,0.0
2004-12-09 00:00:00+09:00,3364717458.4206643,3376908463.7047973,3291571426.7158675,3303762432.0,400000,0.0,0.0
2004-12-10 00:00:00+09:00,3303761982.6187053,3389099008.0,3267188971.7410073,3389099008.0,200000,0.0,0.0
2004-12-13 00:00:00+09:00,3401291066.052045,3437864088.267658,3279380992.0000005,3279380992.0,400000,0.0,0.0
2004-12-14 00:00:00+09:00,3291571667.2243347,3303762673.3992395,3181852611.65019,3206234624.0,200000,0.0,0.0
2004-12-15 00:00:00+09:00,3218425630.174905,3279380661.0494294,3194043617.825095,3206234624.0,200000,0.0,0.0
2004-12-16 00:00:00+09:00,3206234684.81226,3230616697.624521,3145279652.781609,3181852672.0,200000,0.0,0.0
2004-12-17 00:00:00+09:00,3181852611.65019,3230616636.3498096,3157470599.30038,3206234624.0,200000,0.0,0.0
2004-12-20 00:00:00+09:00,3206234534.4962406,3303762581.172932,3206234534.4962406,3242807552.0,400000,0.0,0.0
2004-12-21 00:00:00+09:00,3230616008.389513,3291571027.4157305,3230616008.389513,3254998016.0,200000,0.0,0.0
2004-12-22 00:00:00+09:00,3291570944.0,3340334957.985185,3291570944.0,3291570944.0,200000,0.0,0.0
2004-12-23 00:00:00+09:00,3291570944.0,3291570944.0,3291570944.0,3291570944.0,0,0.0,0.0
2004-12-24 00:00:00+09:00,3352526164.7058825,3352526164.7058825,3291571143.529412,3315953152.0,176000,0.0,0.0
2004-12-27 00:00:00+09:00,3267189563.669173,3291571575.3383455,3230616546.1654134,3242807552.0,140000,0.0,0.0
2004-12-28 00:00:00+09:00,3242807348.5128202,3328144384.0,3242807348.5128202,3328144384.0,148000,0.0,0.0
2004-12-29 00:00:00+09:00,3352525997.1223025,3389099008.0,3352525997.1223025,3389099008.0,200000,0.0,0.0
2004-12-30 00:00:00+09:00,3389099235.5555553,3401290240.0,3352526222.2222223,3401290240.0,200000,0.0,0.0
2004-12-31 00:00:00+09:00,3401290240.0,3401290240.0,3401290240.0,3401290240.0,0,0.0,0.0
2005-01-03 00:00:00+09:00,3401290240.0,3401290240.0,3401290240.0,3401290240.0,0,0.0,0.0
2005-01-04 00:00:00+09:00,3413481135.3424654,3559773184.0,3413481135.3424654,3559773184.0,400000,0.0,0.0
2005-01-05 00:00:00+09:00,3523200312.216216,3620728348.5405407,3511009307.675676,3608537344.0,400000,0.0,0.0
2005-01-06 00:00:00+09:00,3645109894.9659863,3693873906.9387755,3584154880.0,3584154880.0,800000,0.0,0.0
2005-01-07 00:00:00+09:00,3584155306.6666665,3632919324.444444,3547582293.333333,3620728320.0,400000,0.0,0.0
2005-01-10 00:00:00+09:00,3620728320.0,3620728320.0,3620728320.0,3620728320.0,0,0.0,0.0
2005-01-11 00:00:00+09:00,3620728787.80456,3742638848.0,3620728787.80456,3742638848.0,1000000,0.0,0.0
2005-01-12 00:00:00+09:00,3742637918.911565,3742637918.911565,3584154880.0,3584154880.0,400000,0.0,0.0
2005-01-13 00:00:00+09:00,3620728263.491639,3669492280.5083613,3608537259.237458,3645110272.0,400000,0.0,0.0
2005-01-14 00:00:00+09:00,3632919792.110345,3645110798.124138,3511009731.972414,3535391744.0,400000,0.0,0.0
2005-01-17 00:00:00+09:00,3645110557.2080536,3669492567.6241612,3584155531.167785,3632919552.0,600000,0.0,0.0
2005-01-18 00:00:00+09:00,3669492249.5120277,3681683253.6632304,3547582208.0,3547582208.0,800000,0.0,0.0
2005-01-19 00:00:00+09:00,3693874457.517685,3888930534.482315,3645110438.2765274,3791402496.0,2600000,0.0,0.0
2005-01-20 00:00:00+09:00,3706064869.140984,3876738909.1672134,3657300857.7049184,3718255872.0,1000000,0.0,0.0
2005-01-21 00:00:00+09:00,3681683654.5939393,4023031808.0,3681683654.5939393,4023031808.0,3200000,0.0,0.0
2005-01-24 00:00:00+09:00,4132750348.590164,4632581511.69399,3974267296.874317,4461907456.0,14800000,0.0,0.0
2005-01-25 00:00:00+09:00,4400952660.40327,4754491793.787466,4291233619.008174,4474098688.0,7600000,0.0,0.0
2005-01-26 00:00:00+09:00,4474098689.430168,4583817730.860335,4291233620.3798885,4364379648.0,2400000,0.0,0.0
2005-01-27 00:00:00+09:00,4388761600.0,4559435662.222222,4242469546.6666665,4388761600.0,2600000,0.0,0.0
2005-01-28 00:00:00+09:00,4400952604.444445,4498480640.0,4327806577.777778,4388761600.0,1000000,0.0,0.0
2005-01-31 00:00:00+09:00,4437526179.84,4510672215.771428,4242470084.0228567,4266852096.0,1000000,0.0,0.0
2005-02-01 00:00:00+09:00,4291234107.9771423,4291234107.9771423,4169324048.0914283,4266852096.0,1200000,0.0,0.0
2005-02-02 00:00:00+09:00,4315616317.090909,4364380343.272727,4230279271.272727,4291234304.0,800000,0.0,0.0
2005-02-03 00:00:00+09:00,4339998907.643979,4742302177.172775,4291234874.973822,4656965120.0,8000000,0.0,0.0
2005-02-04 00:00:00+09:00,4656963581.254692,4681345589.533512,4510671531.58177,4547244544.0,2600000,0.0,0.0
2005-02-07 00:00:00+09:00,4608200180.093023,4876402306.976745,4583818168.55814,4717919232.0,10400000,0.0,0.0
2005-02-08 00:00:00+09:00,4669154984.455958,4803256041.450777,4559435937.823834,4705728000.0,3000000,0.0,0.0
2005-02-09 00:00:00+09:00,4705728066.901334,4705728066.901334,4559436002.645333,4571627008.0,1000000,0.0,0.0
2005-02-10 00:00:00+09:00,4510672426.100796,4608200478.55703,4400953367.087533,4596009472.0,1000000,0.0,0.0
2005-02-11 00:00:00+09:00,4596009472.0,4596009472.0,4596009472.0,4596009472.0,0,0.0,0.0
2005-02-14 00:00:00+09:00,4583818315.747945,4596009321.906849,4181515112.5041094,4449717248.0,800000,0.0,0.0
2005-02-15 00:00:00+09:00,4413144229.523288,4535054291.112329,4339998192.569863,4449717248.0,600000,0.0,0.0
2005-02-16 00:00:00+09:00,4449716971.204482,4449716971.204482,4352188928.0,4352188928.0,400000,0.0,0.0
2005-02-17 00:00:00+09:00,4266851869.340974,4388761922.750716,4205896842.636103,4254660864.0,800000,0.0,0.0
2005-02-18 00:00:00+09:00,4218087790.131054,4279042816.0,4096177738.3931623,4279042816.0,600000,0.0,0.0
2005-02-21 00:00:00+09:00,4279043204.129032,4535054336.0,4230279179.0107527,4535054336.0,800000,0.0,0.0
2005-02-22 00:00:00+09:00,4559435951.304348,4571626956.521739,4449716904.347826,4486289920.0,800000,0.0,0.0
2005-02-23 00:00:00+09:00,4486289252.929504,4803255341.451697,4461907246.120105,4669154304.0,4000000,0.0,0.0
2005-02-24 00:00:00+09:00,4791065850.015584,4803256857.267532,4608200741.236363,4693537792.0,4200000,0.0,0.0
2005-02-25 00:00:00+09:00,4742300172.864322,4973929230.150754,4693536160.80402,4852019200.0,7400000,0.0,0.0
2005-02-28 00:00:00+09:00,4925165087.545024,5242131157.535545,4815446063.317535,5144603136.0,9200000,0.0,0.0
2005-03-01 00:00:00+09:00,5205559258.033898,5754154496.0,5181177247.457627,5754154496.0,12400000,0.0,0.0
2005-03-02 00:00:00+09:00,5632243773.134329,6193029949.680171,5632243773.134329,5717580800.0,15800000,0.0,0.0
2005-03-03 00:00:00+09:00,5888253772.8,6034545792.0,5559096729.599999,5607860736.0,4400000,0.0,0.0
2005-03-04 00:00:00+09:00,5656625237.333333,5876063285.333333,5437187189.333333,5851681280.0,2800000,0.0,0.0
2005-03-07 00:00:00+09:00,5839490709.661538,5839490709.661538,5534715620.430769,5546906624.0,2600000,0.0,0.0
2005-03-08 00:00:00+09:00,5485951943.362832,5632243995.185841,5290895874.265487,5510333952.0,3000000,0.0,0.0
2005-03-09 00:00:00+09:00,5546907077.768241,5778536164.532189,5522525068.635194,5681008128.0,3400000,0.0,0.0
2005-03-10 00:00:00+09:00,5717580744.56051,5778535763.159235,5632243718.522293,5741962752.0,1400000,0.0,0.0
2005-03-11 00:00:00+09:00,5827299274.666666,5888254288.0,5571288218.666666,5851681280.0,2800000,0.0,0.0
2005-03-14 00:00:00+09:00,5827300415.588865,5851682425.695931,5668817349.892934,5693199360.0,1000000,0.0,0.0
2005-03-15 00:00:00+09:00,5754154038.371682,5754154038.371682,5510333952.0,5510333952.0,1200000,0.0,0.0
2005-03-16 00:00:00+09:00,5449379216.79638,5559098261.429865,5242132132.488688,5388424192.0,2000000,0.0,0.0
2005-03-17 00:00:00+09:00,5290896955.378555,5571290112.0,5266514941.759299,5571290112.0,2000000,0.0,0.0
2005-03-18 00:00:00+09:00,5559098700.467532,5632244736.0,5485952664.935065,5632244736.0,1200000,0.0,0.0
2005-03-21 00:00:00+09:00,5632244736.0,5632244736.0,5632244736.0,5632244736.0,0,0.0,0.0
2005-03-22 00:00:00+09:00,5668817936.842106,5668817936.842106,5546907873.684211,5559098880.0,800000,0.0,0.0
2005-03-23 00:00:00+09:00,5437189037.094091,5571290112.0,5339660982.617067,5571290112.0,1200000,0.0,0.0
2005-03-24 00:00:00+09:00,5559098545.493333,5571289551.075555,5437188489.671111,5485952512.0,800000,0.0,0.0
2005-03-25 00:00:00+09:00,5473761506.417777,5522525528.746666,5388424467.342222,5485952512.0,2000000,0.0,0.0
2005-03-28 00:00:00+09:00,6168648905.8257265,6461233043.651452,5778536722.058091,5876064768.0,3900000,0.0,2.0
2005-03-29 00:00:00+09:00,5973592713.846153,6071120758.153846,5681008580.923077,5705390592.0,1400000,0.0,0.0
2005-03-30 00:00:00+09:00,5705390612.48,5827300668.302222,5485952512.0,5485952512.0,2400000,0.0,0.0
2005-03-31 00:00:00+09:00,5632244640.0,5656626651.428572,5461570560.0,5461570560.0,700000,0.0,0.0
2005-04-01 00:00:00+09:00,5510334111.744,6290558410.752,5510334111.744,6095502336.0,3500000,0.0,0.0
2005-04-04 00:00:00+09:00,5949210495.498039,6266176628.454903,5949210495.498039,6217412608.0,1600000,0.0,0.0
2005-04-05 00:00:00+09:00,6193031026.382978,7046401443.404255,6144267002.553191,6875727360.0,6200000,0.0,0.0
2005-04-06 00:00:00+09:00,6826961441.6609,7314601544.636679,6656287405.619377,7046399488.0,7500000,0.0,0.0
2005-04-07 00:00:00+09:00,7070783212.307693,7729097511.384615,6753817068.307693,7607187456.0,9700000,0.0,0.0
2005-04-08 00:00:00+09:00,7655951063.414635,8436175375.609756,7509659004.878049,7997299200.0,11500000,0.0,0.0
2005-04-11 00:00:00+09:00,7997299155.549839,8241119251.755627,7558422982.379421,7582804992.0,3500000,0.0,0.0
2005-04-12 00:00:00+09:00,7338983549.785467,7460893575.529412,6851343446.809689,7046399488.0,3400000,0.0,0.0
2005-04-13 00:00:00+09:00,7290220864.583587,8021681152.0,7241456845.422493,8021681152.0,6700000,0.0,0.0
2005-04-14 00:00:00+09:00,7875389691.428572,8655614057.142857,7802243657.142858,8192355840.0,9200000,0.0,0.0
2005-04-15 00:00:00+09:00,8070445059.180124,8265501133.118012,7851006976.0,7851006976.0,2500000,0.0,0.0
2005-04-18 00:00:00+09:00,7558421772.590164,7777859824.05246,7387747732.563935,7436511744.0,1800000,0.0,0.0
2005-04-19 00:00:00+09:00,7680332534.9112425,8411792776.331361,7631568518.816568,8241118720.0,6800000,0.0,0.0
2005-04-20 00:00:00+09:00,8363029346.341464,8582467434.146342,7972917190.243903,7997299200.0,4900000,0.0,0.0
2005-04-21 00:00:00+09:00,7997299503.679083,8558085749.363896,7753479396.859598,8509321728.0,4500000,0.0,0.0
2005-04-22 00:00:00+09:00,8728759005.124638,8923815072.278261,8387410887.605798,8411792896.0,6600000,0.0,0.0
2005-04-25 00:00:00+09:00,8338645962.262391,8826286077.014578,8241117939.311954,8363027968.0,3700000,0.0,0.0
2005-04-26 00:00:00+09:00,8606848025.376093,8606848025.376093,8289881950.787172,8363027968.0,1900000,0.0,0.0
2005-04-27 00:00:00+09:00,8241118608.564705,8436174670.3058815,8143590577.694117,8289882624.0,1200000,0.0,0.0
2005-04-28 00:00:00+09:00,8314264973.029941,8314264973.029941,7972916850.97006,8143590912.0,1400000,0.0,0.0
2005-04-29 00:00:00+09:00,8143590912.0,8143590912.0,8143590912.0,8143590912.0,0,0.0,0.0
2005-05-02 00:00:00+09:00,8094826222.52819,8289882276.083086,8021680202.445104,8216736256.0,800000,0.0,0.0
2005-05-03 00:00:00+09:00,8216736256.0,8216736256.0,8216736256.0,8216736256.0,0,0.0,0.0
2005-05-04 00:00:00+09:00,8216736256.0,8216736256.0,8216736256.0,8216736256.0,0,0.0,0.0
2005-05-05 00:00:00+09:00,8216736256.0,8216736256.0,8216736256.0,8216736256.0,0,0.0,0.0
2005-05-06 00:00:00+09:00,8265499945.049563,8411791979.475219,8167971922.099126,8363027968.0,900000,0.0,0.0
2005-05-09 00:00:00+09:00,8411793942.857143,8411793942.857143,8167973828.571428,8192355840.0,700000,0.0,0.0
2005-05-10 00:00:00+09:00,8167973446.892307,8192355457.181538,7802243292.553845,7924153344.0,900000,0.0,0.0
2005-05-11 00:00:00+09:00,7826625870.82698,8411794160.234604,7777861846.709678,8314266112.0,2100000,0.0,0.0
2005-05-12 00:00:00+09:00,8363028318.459893,9167634541.518717,8338646311.700536,9118870528.0,9700000,0.0,0.0
2005-05-13 00:00:00+09:00,8996962545.271233,9094490594.542465,8704378397.457535,8899434496.0,3000000,0.0,0.0
2005-05-16 00:00:00+09:00,9021343105.855072,9484601265.344927,7997298753.298551,8411792896.0,8300000,0.0,0.0
2005-05-17 00:00:00+09:00,8533703234.782609,8875051364.173914,7509658846.608696,7851006976.0,3700000,0.0,0.0
2005-05-18 00:00:00+09:00,7607187128.320001,7704715168.426667,7168310947.84,7314603008.0,4400000,0.0,0.0
2005-05-19 00:00:00+09:00,7485277078.1866665,7802243208.533334,7290220997.973333,7314603008.0,3100000,0.0,0.0
2005-05-20 00:00:00+09:00,7387748971.354838,7729097108.645161,7241456912.516129,7558423040.0,5100000,0.0,0.0
2005-05-23 00:00:00+09:00,7558422920.373832,7924153061.682243,7460894882.691588,7826625024.0,2300000,0.0,0.0
2005-05-24 00:00:00+09:00,7875389042.841122,7997299089.943925,7680332967.476635,7826625024.0,3400000,0.0,0.0
2005-05-25 00:00:00+09:00,7753478586.259136,7851006618.790698,7192692399.202658,7338984448.0,3500000,0.0,0.0
2005-05-26 00:00:00+09:00,7070781493.148789,7241455529.190311,6900107457.107267,7046399488.0,2600000,0.0,0.0
2005-05-27 00:00:00+09:00,7119546201.383051,7412130291.850847,7070782186.305085,7192692224.0,2200000,0.0,0.0
2005-05-30 00:00:00+09:00,7241456530.285714,7607186658.077922,7217074521.766233,7509658624.0,2200000,0.0,0.0
2005-05-31 00:00:00+09:00,7558423587.421384,7753479680.0,7509659564.27673,7753479680.0,2100000,0.0,0.0
2005-06-01 00:00:00+09:00,7655951079.225806,7753479118.451612,7509659020.387096,7558423040.0,1300000,0.0,0.0
2005-06-02 00:00:00+09:00,7631569768.234528,7631569768.234528,7314603611.726384,7485277696.0,1200000,0.0,0.0
2005-06-03 00:00:00+09:00,7387748581.402597,7509658624.0,7338984564.363636,7509658624.0,800000,0.0,0.0
2005-06-06 00:00:00+09:00,7338984269.233898,7412130291.850847,7143928208.922034,7192692224.0,1500000,0.0,0.0
2005-06-07 00:00:00+09:00,7143927508.595156,7241455529.190311,6997635477.702423,7046399488.0,1100000,0.0,0.0
2005-06-08 00:00:00+09:00,6997636081.266188,7046400095.769785,6753816008.748202,6778198016.0,2400000,0.0,0.0
2005-06-09 00:00:00+09:00,6802580948.546125,6997637033.092251,6461232800.590406,6607524864.0,2000000,0.0,0.0
2005-06-10 00:00:00+09:00,6631906362.514286,6900108458.057143,6631906362.514286,6826962432.0,1300000,0.0,0.0
2005-06-13 00:00:00+09:00,6900108515.555555,7022018560.0,6778198471.111111,6802580480.0,1100000,0.0,0.0
2005-06-14 00:00:00+09:00,6802579671.970909,6826961677.963636,6631905630.021818,6705051648.0,500000,0.0,0.0
2005-06-15 00:00:00+09:00,6680669915.97037,6680669915.97037,6558759881.007407,6583141888.0,600000,0.0,0.0
2005-06-16 00:00:00+09:00,6485615408.061302,6509997420.873563,6314941318.375479,6363705344.0,1200000,0.0,0.0
2005-06-17 00:00:00+09:00,6607523894.992593,6802579950.933333,6461231853.037037,6583141888.0,2400000,0.0,0.0
2005-06-20 00:00:00+09:00,6680670085.273408,6753816108.104869,6509996032.0,6509996032.0,2000000,0.0,0.0
2005-06-21 00:00:00+09:00,6509996032.0,6583142054.831461,6485614024.389513,6509996032.0,500000,0.0,0.0
2005-06-22 00:00:00+09:00,6583142737.5824175,6753816808.556776,6558760727.443223,6656288768.0,2000000,0.0,0.0
2005-06-23 00:00:00+09:00,6802579436.512112,7119545503.446367,6802579436.512112,7046399488.0,4100000,0.0,0.0
2005-06-24 00:00:00+09:00,6851345229.521127,6973255286.985915,6851345229.521127,6924491264.0,2200000,0.0,0.0
2005-06-27 00:00:00+09:00,6924488653.698245,7046398665.207017,6900106651.396491,6948870656.0,900000,0.0,0.0
2005-06-28 00:00:00+09:00,7022018770.726687,7704715040.102894,7022018770.726687,7582804992.0,7900000,0.0,0.0
2005-06-29 00:00:00+09:00,7777861645.714286,8314265897.142858,7631569577.142858,8192355840.0,13500000,0.0,0.0
2005-06-30 00:00:00+09:00,8119209486.222222,8167973507.160494,7875389381.530864,7899771392.0,2800000,0.0,0.0
2005-07-01 00:00:00+09:00,7948535959.132529,8143592056.289156,7704715837.686747,8094828032.0,2200000,0.0,0.0
2005-07-04 00:00:00+09:00,8021681760.0,8289883885.714286,7997299748.571428,8192355840.0,2900000,0.0,0.0
2005-07-05 00:00:00+09:00,8363029286.12766,8387411295.708207,7972917132.838906,8021681152.0,2500000,0.0,0.0
2005-07-06 00:00:00+09:00,8143591817.142858,8241119862.857143,8021681760.0,8192355840.0,1600000,0.0,0.0
2005-07-07 00:00:00+09:00,8119209648.872727,8241119703.660605,8046063616.0,8046063616.0,800000,0.0,0.0
2005-07-08 00:00:00+09:00,8046062991.455109,8094827009.585139,7777860891.739938,7875388928.0,1100000,0.0,0.0
2005-07-11 00:00:00+09:00,7899771333.710769,7948535354.28923,7802243292.553845,7924153344.0,1000000,0.0,0.0
2005-07-12 00:00:00+09:00,7875390509.656051,7899772523.617834,7631570370.038217,7655952384.0,1100000,0.0,0.0
2005-07-13 00:00:00+09:00,7680333147.961165,7704715157.954693,7460895058.019418,7534041088.0,900000,0.0,0.0
2005-07-14 00:00:00+09:00,7607187001.620579,7777861068.96463,7485276953.517685,7582804992.0,1000000,0.0,0.0
2005-07-15 00:00:00+09:00,7655951478.153846,7729097511.384615,7582805444.923077,7607187456.0,400000,0.0,0.0
2005-07-18 00:00:00+09:00,7607187456.0,7607187456.0,7607187456.0,7607187456.0,0,0.0,0.0
2005-07-19 00:00:00+09:00,7680331801.180328,7704713806.898361,7363365726.845902,7436511744.0,1300000,0.0,0.0
2005-07-20 00:00:00+09:00,7534039182.920245,7997297255.656442,7509657179.092025,7948533248.0,1800000,0.0,0.0
2005-07-21 00:00:00+09:00,8046063818.867925,8094827842.012579,7704715656.855346,7753479680.0,3100000,0.0,0.0
2005-07-22 00:00:00+09:00,7802243350.123457,7972917423.407408,7582805255.901235,7899771392.0,2000000,0.0,0.0
2005-07-25 00:00:00+09:00,7972916850.97006,8216736938.155689,7875388816.095809,8143590912.0,3000000,0.0,0.0
2005-07-26 00:00:00+09:00,8143589278.625767,8167971282.453988,7826623228.858896,7948533248.0,1300000,0.0,0.0
2005-07-27 00:00:00+09:00,7972917423.407408,8046063454.814815,7851007371.0617285,7899771392.0,600000,0.0,0.0
2005-07-28 00:00:00+09:00,7948535012.968945,7997299031.453417,7729096929.78882,7851006976.0,500000,0.0,0.0
2005-07-29 00:00:00+09:00,7753478599.824451,7899770648.877744,7753478599.824451,7777860608.0,400000,0.0,0.0
2005-08-01 00:00:00+09:00,7680333945.047923,7802244007.667731,7509659857.380191,7631569920.0,1000000,0.0,0.0
2005-08-02 00:00:00+09:00,7509659708.039088,7582805744.156352,7387749647.843648,7485277696.0,800000,0.0,0.0
2005-08-03 00:00:00+09:00,7485277692.468966,7485277692.468966,7070783488.0,7070783488.0,1300000,0.0,0.0
2005-08-04 00:00:00+09:00,6778198581.706294,7070782693.146853,6461232460.979021,6973254656.0,2800000,0.0,0.0
2005-08-05 00:00:00+09:00,6875725580.01444,7022017613.631768,6656287529.588448,6753815552.0,1100000,0.0,0.0
2005-08-08 00:00:00+09:00,6485614470.265735,7022018674.573427,6485614470.265735,6973254656.0,800000,0.0,0.0
2005-08-09 00:00:00+09:00,7070783721.188119,7387749888.000001,7070783721.188119,7387749888.0,1600000,0.0,0.0
2005-08-10 00:00:00+09:00,7534040513.063123,7607186537.461794,7217074407.335548,7338984448.0,1600000,0.0,0.0
2005-08-11 00:00:00+09:00,7265838880.327644,7387748928.65529,7119546822.334471,7143928832.0,500000,0.0,0.0
2005-08-12 00:00:00+09:00,7143929524.082759,7143929524.082759,6753817331.641379,7070783488.0,1700000,0.0,0.0
2005-08-15 00:00:00+09:00,7046401475.972414,7119547512.055172,6900109403.806896,7070783488.0,200000,0.0,0.0
2005-08-16 00:00:00+09:00,7143929051.919463,7265839104.0,7070783020.671141,7265839104.0,400000,0.0,0.0
2005-08-17 00:00:00+09:00,7217074518.474916,7387748578.033445,7143928492.949833,7290220544.0,700000,0.0,0.0
2005-08-18 00:00:00+09:00,7338985922.966887,7363367936.0,7217075857.801324,7363367936.0,700000,0.0,0.0
2005-08-19 00:00:00+09:00,6144266134.588236,6680670320.941177,6144266134.588236,6631906304.0,8500000,0.0,0.0
2005-08-22 00:00:00+09:00,6534378440.861539,6558760449.969231,6217412322.461538,6339322368.0,5200000,0.0,0.0
2005-08-23 00:00:00+09:00,6412469280.251968,6412469280.251968,6193031168.0,6193031168.0,2500000,0.0,0.0
2005-08-24 00:00:00+09:00,6217413000.466927,6388087082.832685,6193030988.700389,6266177024.0,1600000,0.0,0.0
2005-08-25 00:00:00+09:00,6168649848.098765,6217413878.518518,5900447680.790124,5924829696.0,1800000,0.0,0.0
2005-08-26 00:00:00+09:00,5949210923.916318,5997974947.882845,5754154828.050209,5827300864.0,1500000,0.0,0.0
2005-08-29 00:00:00+09:00,5778536222.896551,5851682251.034482,5607862157.241379,5656626176.0,1200000,0.0,0.0
2005-08-30 00:00:00+09:00,5656626590.151111,5729772623.644444,5339660445.013333,5485952512.0,5300000,0.0,0.0
2005-08-31 00:00:00+09:00,5559097597.884297,5924827703.008265,5388423548.826447,5900445696.0,5400000,0.0,0.0
2005-09-01 00:00:00+09:00,5851682658.461538,6119884780.307693,5705390592.0,5705390592.0,5700000,0.0,0.0
2005-09-02 00:00:00+09:00,5607861986.548673,5705390021.097345,5437187926.088496,5510333952.0,3800000,0.0,0.0
2005-09-05 00:00:00+09:00,5510334182.6306305,5510334182.6306305,5388424134.342342,5412806144.0,1800000,0.0,0.0
2005-09-06 00:00:00+09:00,5388422707.2,5607860736.0,5290894694.4,5607860736.0,3400000,0.0,0.0
2005-09-07 00:00:00+09:00,5510334241.59276,5559098261.429865,5315278162.244344,5388424192.0,2800000,0.0,0.0
2005-09-08 00:00:00+09:00,5388424862.476191,5388424862.476191,5047076681.142857,5120222720.0,4300000,0.0,0.0
2005-09-09 00:00:00+09:00,5022694281.846153,5242132381.538462,4973930259.692307,5071458304.0,4500000,0.0,0.0
2005-09-12 00:00:00+09:00,5168984889.165049,5193366893.359223,4998310859.805825,5022692864.0,2300000,0.0,0.0
2005-09-13 00:00:00+09:00,5022694223.617226,5193368299.177033,4973930202.028708,5095840256.0,3600000,0.0,0.0
2005-09-14 00:00:00+09:00,5144604355.697778,5559098545.493333,5144604355.697778,5485952512.0,8700000,0.0,0.0
2005-09-15 00:00:00+09:00,5510333832.767123,5510333832.767123,5266513751.671232,5339659776.0,3800000,0.0,0.0
2005-09-16 00:00:00+09:00,5364043125.233645,5412807153.64486,5144604997.383178,5217751040.0,2200000,0.0,0.0
2005-09-19 00:00:00+09:00,5217751040.0,5217751040.0,5217751040.0,5217751040.0,0,0.0,0.0
2005-09-20 00:00:00+09:00,5242131911.111111,5315277937.777778,5168985884.444445,5266513920.0,2200000,0.0,0.0
2005-09-21 00:00:00+09:00,5290897082.616822,5290897082.616822,5168987011.588785,5217751040.0,800000,0.0,0.0
2005-09-22 00:00:00+09:00,5144604732.952381,5193368758.857142,5022694668.190476,5120222720.0,900000,0.0,0.0
2005-09-23 00:00:00+09:00,5120222720.0,5120222720.0,5120222720.0,5120222720.0,0,0.0,0.0
2005-09-26 00:00:00+09:00,5071458449.543147,5095840461.3197975,4778874308.223351,4803256320.0,2700000,0.0,0.0
2005-09-27 00:00:00+09:00,-3091204027.826087,-3107056356.173913,-2869271430.956522,-2916828416.0,2900000,500.0,0.0
2005-09-28 00:00:00+09:00,-2837567269.7263155,-3059499905.3473682,-2774157945.263158,-3011942912.0,2800000,0.0,0.0
2005-09-29 00:00:00+09:00,-3091203925.333333,-3107056253.1555552,-2837566680.177778,-2853419008.0,2000000,0.0,0.0
2005-09-30 00:00:00+09:00,-2805862024.5333333,-2948532974.9333334,-2726600385.422222,-2853419008.0,2200000,0.0,0.0
2005-10-03 00:00:00+09:00,-2964385873.9704432,-3281432491.5073895,-2932681212.2167487,-3218023168.0,5000000,0.0,0.0
2005-10-04 00:00:00+09:00,-3202169971.7788944,-3233874624.964824,-3027794379.2562814,-3154612992.0,2800000,0.0,0.0
2005-10-05 00:00:00+09:00,-3091204784.921466,-3122909449.3821993,-3027795456.0,-3027795456.0,1500000,0.0,0.0
2005-10-06 00:00:00+09:00,-3043647139.404255,-3059499468.255319,-2948533166.297872,-2980237824.0,800000,0.0,0.0
2005-10-07 00:00:00+09:00,-2964386127.078534,-3059500120.460733,-2932681462.617801,-3027795456.0,600000,0.0,0.0
2005-10-10 00:00:00+09:00,-3027795456.0,-3027795456.0,-3027795456.0,-3027795456.0,0,0.0,0.0
2005-10-11 00:00:00+09:00,-3027794648.0,-3059499304.0,-3011942320.0,-3043646976.0,500000,0.0,0.0
2005-10-12 00:00:00+09:00,-3043647488.0,-3059499818.6666665,-2948533504.0,-2948533504.0,800000,0.0,0.0
2005-10-13 00:00:00+09:00,-2932680785.136612,-2948533113.704918,-2869271470.863388,-2900976128.0,600000,0.0,0.0
2005-10-14 00:00:00+09:00,-2932680566.1538463,-2964385220.9230766,-2853418929.230769,-2885123584.0,900000,0.0,0.0
2005-10-17 00:00:00+09:00,-2932680680.0,-3091203960.0,-2916828352.0,-3043646976.0,1800000,0.0,0.0
2005-10-18 00:00:00+09:00,-3027794810.553191,-3043647139.404255,-2964385495.148936,-2980237824.0,800000,0.0,0.0
2005-10-19 00:00:00+09:00,-2964385834.6666665,-2980238165.333333,-2932681173.333333,-2948533504.0,300000,0.0,0.0
2005-10-20 00:00:00+09:00,-2996090152.8510637,-3091204125.9574466,-2948533166.297872,-2980237824.0,1100000,0.0,0.0
2005-10-21 00:00:00+09:00,-2948532928.9275365,-3281431808.0,-2948532928.9275365,-3281431808.0,5600000,0.0,0.0
2005-10-24 00:00:00+09:00,-3392398720.589862,-3455808042.470046,-3297284737.769585,-3439955712.0,7200000,0.0,0.0
2005-10-25 00:00:00+09:00,-3566774355.7603683,-3582626686.230415,-3424103381.529954,-3439955712.0,4400000,0.0,0.0
2005-10-26 00:00:00+09:00,-3408249968.301887,-3408249968.301887,-3313136015.6981134,-3360692992.0,1700000,0.0,0.0
2005-10-27 00:00:00+09:00,-3360694145.891626,-3424103469.399015,-3186318506.2463055,-3218023168.0,2900000,0.0,0.0
2005-10-28 00:00:00+09:00,-3233875247.770335,-3313136896.0,-3138761269.8947372,-3313136896.0,1800000,0.0,0.0
2005-10-31 00:00:00+09:00,-3376545773.4492755,-3392398101.0241547,-3249727152.8502417,-3281431808.0,1300000,0.0,0.0
2005-11-01 00:00:00+09:00,-3328988309.1262136,-3344840634.4077673,-3249726682.7184467,-3265579008.0,1000000,0.0,0.0
2005-11-02 00:00:00+09:00,-3281432359.68,-3297284689.92,-3122909057.28,-3170466048.0,2000000,0.0,0.0
2005-11-03 00:00:00+09:00,-3170466048.0,-3170466048.0,-3170466048.0,-3170466048.0,0,0.0,0.0
2005-11-04 00:00:00+09:00,-3186318778.303665,-3202171110.5340314,-3027795456.0,-3027795456.0,3000000,0.0,0.0
2005-11-07 00:00:00+09:00,-3091203840.0,-3122908494.769231,-3043646857.8461537,-3091203840.0,1500000,0.0,0.0
2005-11-08 00:00:00+09:00,-3138761053.7821784,-3202170368.0,-3122908725.2277226,-3202170368.0,1800000,0.0,0.0
2005-11-09 00:00:00+09:00,-3328989484.1379313,-3376546476.768473,-3218023168.0,-3218023168.0,3600000,0.0,0.0
2005-11-10 00:00:00+09:00,-3249727300.740741,-3439955240.2962966,-3218022644.148148,-3424102912.0,3800000,0.0,0.0
2005-11-11 00:00:00+09:00,-3424102594.123223,-3424102594.123223,-3328988633.1753554,-3344840960.0,3300000,0.0,0.0
2005-11-14 00:00:00+09:00,-3408251011.428571,-3550921984.0,-3376546350.857143,-3550921984.0,5100000,0.0,0.0
2005-11-15 00:00:00+09:00,-3503364431.4885845,-3535069086.977169,-3424102792.767123,-3471659776.0,2800000,0.0,0.0
2005-11-16 00:00:00+09:00,-3218023168.0,-3265580160.630542,-3107056851.862069,-3218023168.0,4600000,0.0,0.0
2005-11-17 00:00:00+09:00,-3170465514.9758453,-3281431808.0,-3170465514.9758453,-3281431808.0,1800000,0.0,0.0
2005-11-18 00:00:00+09:00,-3281431928.470588,-3297284256.627451,-3233874944.0,-3233874944.0,1700000,0.0,0.0
2005-11-21 00:00:00+09:00,-3233874357.4368935,-3328988309.1262136,-3233874357.4368935,-3265579008.0,2600000,0.0,0.0
2005-11-22 00:00:00+09:00,-3265579278.150754,-3265579278.150754,-3138760665.4070354,-3154612992.0,1800000,0.0,0.0
2005-11-23 00:00:00+09:00,-3154612992.0,-3154612992.0,-3154612992.0,-3154612992.0,0,0.0,0.0
2005-11-24 00:00:00+09:00,-3170465476.9230766,-3186317804.307692,-3075351512.6153846,-3091203840.0,1200000,0.0,0.0
2005-11-25 00:00:00+09:00,-3043647788.2303667,-3059500120.460733,-3011943123.769634,-3027795456.0,1000000,0.0,0.0
2005-11-28 00:00:00+09:00,-3027794991.020408,-3107056640.0,-2996090331.4285717,-3107056640.0,1100000,0.0,0.0
2005-11-29 00:00:00+09:00,-3091204394.2268043,-3091204394.2268043,-3027795073.3195877,-3075352064.0,500000,0.0,0.0
2005-11-30 00:00:00+09:00,-3075351632.0,-3075351632.0,-3027794648.0,-3043646976.0,500000,0.0,0.0
2005-12-01 00:00:00+09:00,-3011942440.6349206,-3043647097.904762,-2980237783.3650794,-2996090112.0,1100000,0.0,0.0
2005-12-02 00:00:00+09:00,-3011942440.6349206,-3011942440.6349206,-2932680797.460317,-2996090112.0,1200000,0.0,0.0
2005-12-05 00:00:00+09:00,-2996090278.054054,-2996090278.054054,-2932680960.0,-2932680960.0,1400000,0.0,0.0
2005-12-06 00:00:00+09:00,-2916828416.0,-2948533072.6956525,-2900976087.652174,-2916828416.0,800000,0.0,0.0
2005-12-07 00:00:00+09:00,-2900975991.4666667,-2916828319.288889,-2853419008.0,-2853419008.0,1700000,0.0,0.0
2005-12-08 00:00:00+09:00,-2853419432.7272725,-2853419432.7272725,-2774157781.818182,-2790010112.0,1700000,0.0,0.0
2005-12-09 00:00:00+09:00,-2837566982.9189186,-2948533289.5135136,-2821714653.4054055,-2932680960.0,2000000,0.0,0.0
2005-12-12 00:00:00+09:00,-2964386127.078534,-3027795456.0,-2932681462.617801,-3027795456.0,1800000,0.0,0.0
2005-12-13 00:00:00+09:00,-3043647448.0390244,-3265580074.4585366,-3011942787.121951,-3249727744.0,3700000,0.0,0.0
2005-12-14 00:00:00+09:00,-3313137068.239631,-3535069694.8202763,-3313137068.239631,-3439955712.0,9400000,0.0,0.0
2005-12-15 00:00:00+09:00,-3471659937.9348836,-3519216923.3860464,-3360693638.548837,-3408250624.0,3400000,0.0,0.0
2005-12-16 00:00:00+09:00,-3344840634.4077673,-3392397610.2524276,-3202169706.8737864,-3265579008.0,3000000,0.0,0.0
2005-12-19 00:00:00+09:00,-3249726713.9622645,-3408249968.301887,-3154612761.358491,-3360692992.0,3200000,0.0,0.0
2005-12-20 00:00:00+09:00,-3439955355.586207,-3677740288.0,-3392398369.1034484,-3677740288.0,7900000,0.0,0.0
2005-12-21 00:00:00+09:00,-3661887969.882353,-3836263587.495798,-3630183312.134454,-3772854272.0,7900000,0.0,0.0
2005-12-22 00:00:00+09:00,-3757002236.6753244,-3772854566.787879,-3503364954.874459,-3661888256.0,2600000,0.0,0.0
2005-12-23 00:00:00+09:00,-3661888256.0,-3661888256.0,-3661888256.0,-3661888256.0,0,0.0,0.0
2005-12-26 00:00:00+09:00,-3646034688.0,-3725296311.652174,-3535068414.8869567,-3646034688.0,1800000,0.0,0.0
2005-12-27 00:00:00+09:00,-3709445376.0,-3709445376.0,-3598479061.333333,-3614331392.0,1800000,0.0,0.0
2005-12-28 00:00:00+09:00,-3566773200.0,-3804558080.0,-3566773200.0,-3804558080.0,2800000,0.0,0.0
2005-12-29 00:00:00+09:00,-3804559054.9787235,-3804559054.9787235,-3693592749.208511,-3725297408.0,1800000,0.0,0.0
2005-12-30 00:00:00+09:00,-3709445376.0,-3709445376.0,-3582626730.6666665,-3614331392.0,1100000,0.0,0.0
2006-01-02 00:00:00+09:00,-3614331392.0,-3614331392.0,-3614331392.0,-3614331392.0,0,0.0,0.0
2006-01-03 00:00:00+09:00,-3614331392.0,-3614331392.0,-3614331392.0,-3614331392.0,0,0.0,0.0
2006-01-04 00:00:00+09:00,-3709445037.5593224,-3772854354.440678,-3661888049.8983054,-3741149696.0,1000000,0.0,0.0
2006-01-05 00:00:00+09:00,-3741148636.382609,-3788705610.573913,-3646034688.0,-3646034688.0,1500000,0.0,0.0
2006-01-06 00:00:00+09:00,-3661888009.721519,-3772854313.0464134,-3646035680.6751056,-3757001984.0,1100000,0.0,0.0
2006-01-09 00:00:00+09:00,-3757001984.0,-3757001984.0,-3757001984.0,-3757001984.0,0,0.0,0.0
2006-01-10 00:00:00+09:00,-3852116308.9792533,-3978934952.8962655,-3709445334.572614,-3820411648.0,4000000,0.0,0.0
2006-01-11 00:00:00+09:00,-3836263671.322034,-3867968329.762712,-3677740379.118644,-3741149696.0,1400000,0.0,0.0
2006-01-12 00:00:00+09:00,-3804558876.5665236,-3820411205.2188845,-3677740247.3476396,-3693592576.0,1300000,0.0,0.0
2006-01-13 00:00:00+09:00,-3709445172.244898,-3915525459.591837,-3709445172.244898,-3883820800.0,4300000,0.0,0.0
2006-01-16 00:00:00+09:00,-3947229930.5038166,-4216719524.152672,-3836263627.236641,-4153310208.0,9100000,0.0,0.0
2006-01-17 00:00:00+09:00,-3836263742.2702703,-4105753344.0,-3519217152.0,-3519217152.0,5400000,0.0,0.0
2006-01-18 00:00:00+09:00,-3376545564.3015075,-3376545564.3015075,-2885123439.919598,-3154612992.0,7100000,0.0,0.0
2006-01-19 00:00:00+09:00,-3107055755.1844664,-3471659236.6601944,-3043646454.0582523,-3265579008.0,6800000,0.0,0.0
2006-01-20 00:00:00+09:00,-3328988996.4356437,-3408250639.207921,-3091204068.118812,-3202170368.0,3100000,0.0,0.0
2006-01-23 00:00:00+09:00,-2853419048.044693,-2996090000.4469275,-2647338783.4636874,-2837566720.0,3700000,0.0,0.0
2006-01-24 00:00:00+09:00,-3011942743.0927835,-3091204394.2268043,-2885124101.278351,-3075352064.0,2400000,0.0,0.0
2006-01-25 00:00:00+09:00,-3107056810.6666665,-3249727786.6666665,-3011942826.6666665,-3138761472.0,2000000,0.0,0.0
2006-01-26 00:00:00+09:00,-3138761257.583756,-3186318246.3350253,-3075351939.2487307,-3122908928.0,1400000,0.0,0.0
2006-01-27 00:00:00+09:00,-3186318246.3350253,-3186318246.3350253,-3107056598.4162436,-3122908928.0,700000,0.0,0.0
2006-01-30 00:00:00+09:00,-3186317645.18593,-3202169971.7788944,-3138760665.4070354,-3154612992.0,1100000,0.0,0.0
2006-01-31 00:00:00+09:00,-3138761299.591837,-3154613629.3877554,-3075351980.4081635,-3107056640.0,700000,0.0,0.0
2006-02-01 00:00:00+09:00,-3075351632.0,-3075351632.0,-2980237664.0,-3043646976.0,1000000,0.0,0.0
2006-02-02 00:00:00+09:00,-3027794648.0,-3091203960.0,-2980237664.0,-3043646976.0,500000,0.0,0.0
2006-02-03 00:00:00+09:00,-3011942440.6349206,-3027794769.269841,-2980237783.3650794,-2996090112.0,600000,0.0,0.0
2006-02-06 00:00:00+09:00,-3027794530.4615383,-3091203840.0,-3011942203.076923,-3091203840.0,700000,0.0,0.0
2006-02-07 00:00:00+09:00,-3122908725.2277226,-3233875025.108911,-3091204068.118812,-3202170368.0,1900000,0.0,0.0
2006-02-08 00:00:00+09:00,-3249727564.6700506,-3297284553.4213195,-3122908928.0,-3122908928.0,2500000,0.0,0.0
2006-02-09 00:00:00+09:00,-3233875235.086294,-3233875235.086294,-3091204268.832487,-3122908928.0,700000,0.0,0.0
2006-02-10 00:00:00+09:00,-3107056810.6666665,-3122909141.333333,-2853419520.0,-2948533504.0,2000000,0.0,0.0
2006-02-13 00:00:00+09:00,-2932681218.9595375,-2932681218.9595375,-2710748586.1734104,-2742453248.0,1500000,0.0,0.0
2006-02-14 00:00:00+09:00,-2663191511.04,-2790010154.4228573,-2282735580.8914285,-2774157824.0,2100000,0.0,0.0
2006-02-15 00:00:00+09:00,-2853419088.539326,-2916828401.6179776,-2710748134.1123595,-2821714432.0,1000000,0.0,0.0
2006-02-16 00:00:00+09:00,-2774157292.307692,-2805861947.076923,-2647338673.230769,-2679043328.0,800000,0.0,0.0
2006-02-17 00:00:00+09:00,-2647338715.664516,-2694895698.580645,-2393701473.4451613,-2457110784.0,1200000,0.0,0.0
2006-02-20 00:00:00+09:00,-2298587353.4246573,-2457110619.178082,-2140064087.6712327,-2314439680.0,3000000,0.0,0.0
2006-02-21 00:00:00+09:00,-2425406434.6987953,-2631486720.0,-2314440127.2289157,-2631486720.0,2500000,0.0,0.0
2006-02-22 00:00:00+09:00,-2663191426.245614,-2790010065.590643,-2552225116.818713,-2710748416.0,1200000,0.0,0.0
2006-02-23 00:00:00+09:00,-2726600704.0,-2790010022.6976743,-2710748374.325581,-2726600704.0,800000,0.0,0.0
2006-02-24 00:00:00+09:00,-2774157251.764706,-2774157251.764706,-2679043288.847059,-2694895616.0,2400000,0.0,0.0
2006-02-27 00:00:00+09:00,-2774157730.909091,-2821714720.581818,-2568077442.327273,-2615634432.0,2200000,0.0,0.0
2006-02-28 00:00:00+09:00,-2599781960.205128,-2615634289.230769,-2441258669.948718,-2472963328.0,2000000,0.0,0.0
2006-03-01 00:00:00+09:00,-2377849557.615894,-2472963539.92053,-2330292566.4635763,-2393701888.0,1400000,0.0,0.0
2006-03-02 00:00:00+09:00,-2457110823.896104,-2488815479.6883116,-2377849184.4155846,-2441258496.0,1000000,0.0,0.0
2006-03-03 00:00:00+09:00,-2393701551.6862745,-2441258536.1568627,-2361996895.372549,-2425406208.0,700000,0.0,0.0
2006-03-06 00:00:00+09:00,-2393701930.6666665,-2663191552.0,-2393701930.6666665,-2663191552.0,1000000,0.0,0.0
2006-03-07 00:00:00+09:00,-2536372820.2531643,-2568077480.506329,-2457111169.620253,-2504668160.0,900000,0.0,0.0
2006-03-08 00:00:00+09:00,-2457111211.2101912,-2504668202.3949046,-2425406550.420382,-2488815872.0,500000,0.0,0.0
2006-03-09 00:00:00+09:00,-2536372694.6583853,-2583929682.68323,-2488815706.6335406,-2552225024.0,500000,0.0,0.0
2006-03-10 00:00:00+09:00,-2583929772.2181816,-2647339091.781818,-2552225112.4363637,-2615634432.0,900000,0.0,0.0
2006-03-13 00:00:00+09:00,-2710748502.3085713,-2790010154.4228573,-2679043841.4628572,-2774157824.0,1800000,0.0,0.0
2006-03-14 00:00:00+09:00,-2774157909.8265896,-2821714902.566474,-2710748586.1734104,-2742453248.0,1400000,0.0,0.0
2006-03-15 00:00:00+09:00,-2758305363.348837,-2774157693.023256,-2726600704.0,-2726600704.0,300000,0.0,0.0
2006-03-16 00:00:00+09:00,-2726600516.682927,-2758305173.8536587,-2568077230.8292685,-2599781888.0,500000,0.0,0.0
2006-03-17 00:00:00+09:00,-2679043756.1637425,-2710748416.0,-2615634436.491228,-2710748416.0,500000,0.0,0.0
2006-03-20 00:00:00+09:00,-2710748346.8108106,-3059499596.108108,-2710748346.8108106,-2932680960.0,4900000,0.0,0.0
2006-03-21 00:00:00+09:00,-2932680960.0,-2932680960.0,-2932680960.0,-2932680960.0,0,0.0,0.0
2006-03-22 00:00:00+09:00,-2885123759.304348,-2916828416.0,-2837566774.2608695,-2916828416.0,1000000,0.0,0.0
2006-03-23 00:00:00+09:00,-2996090099.409836,-3011942427.978142,-2869271470.863388,-2900976128.0,900000,0.0,0.0
2006-03-24 00:00:00+09:00,-2932680566.1538463,-2932680566.1538463,-2853418929.230769,-2885123584.0,400000,0.0,0.0
2006-03-27 00:00:00+09:00,-2869271376.0893855,-2916828360.223464,-2758305079.7765365,-2837566720.0,700000,0.0,0.0
2006-03-28 00:00:00+09:00,-2837566774.2608695,-2932680744.3478265,-2790009789.2173915,-2916828416.0,600000,0.0,0.0
2006-03-29 00:00:00+09:00,-2869271850.6666665,-2980238165.333333,-2869271850.6666665,-2948533504.0,700000,0.0,0.0
2006-03-30 00:00:00+09:00,-2964385401.0434785,-2964385401.0434785,-2885123759.304348,-2916828416.0,500000,0.0,0.0
2006-03-31 00:00:00+09:00,-2900976024.0,-3059499304.0,-2885123696.0,-3043646976.0,1400000,0.0,0.0
2006-04-03 00:00:00+09:00,-3043646705.849246,-3154612992.0,-3043646705.849246,-3154612992.0,1800000,0.0,0.0
2006-04-04 00:00:00+09:00,-3138760822.1538463,-3154613149.538461,-3059499185.230769,-3091203840.0,1000000,0.0,0.0
2006-04-05 00:00:00+09:00,-3075351755.174603,-3107056412.444444,-2996090112.0,-2996090112.0,600000,0.0,0.0
2006-04-06 00:00:00+09:00,-3011942320.0,-3059499304.0,-2996089992.0,-3043646976.0,300000,0.0,0.0
2006-04-07 00:00:00+09:00,-3043646976.0,-3059499304.0,-2980237664.0,-3043646976.0,200000,0.0,0.0
2006-04-10 00:00:00+09:00,-3027795243.1157894,-3027795243.1157894,-2980238249.768421,-3011942912.0,400000,0.0,0.0
2006-04-11 00:00:00+09:00,-2980237350.331551,-3027794329.3262033,-2932680371.3368983,-2964385024.0,500000,0.0,0.0
2006-04-12 00:00:00+09:00,-2948532697.6684494,-2964385024.0,-2916828045.0053477,-2964385024.0,500000,0.0,0.0
2006-04-13 00:00:00+09:00,-2948533289.5135136,-2964385619.027027,-2885123971.4594593,-2932680960.0,600000,0.0,0.0
2006-04-14 00:00:00+09:00,-2900976087.652174,-2948533072.6956525,-2853419102.608696,-2916828416.0,500000,0.0,0.0
2006-04-17 00:00:00+09:00,-2869271895.3063583,-2900976557.132948,-2742453248.0,-2742453248.0,700000,0.0,0.0
2006-04-18 00:00:00+09:00,-2694895729.7777777,-2853419008.0,-2647338746.311111,-2853419008.0,700000,0.0,0.0
2006-04-19 00:00:00+09:00,-2869271806.5371428,-2885124136.96,-2742453163.154286,-2774157824.0,500000,0.0,0.0
2006-04-20 00:00:00+09:00,-2869271671.0697675,-2900976330.4186044,-2726600704.0,-2726600704.0,900000,0.0,0.0
2006-04-21 00:00:00+09:00,-2742452719.1377244,-2790009702.706587,-2599781768.4311376,-2647338752.0,900000,0.0,0.0
2006-04-24 00:00:00+09:00,-2599781413.6932516,-2694895367.852761,-2583929088.0,-2583929088.0,700000,0.0,0.0
2006-04-25 00:00:00+09:00,-2599782106.573099,-2726600745.9181285,-2568077446.736842,-2710748416.0,500000,0.0,0.0
2006-04-26 00:00:00+09:00,-2631486890.6666665,-2694896213.333333,-2615634560.0,-2663191552.0,300000,0.0,0.0
2006-04-27 00:00:00+09:00,-2663191421.672727,-2663191421.672727,-2615634432.0,-2615634432.0,200000,0.0,0.0
2006-04-28 00:00:00+09:00,-2631486720.0,-2631486720.0,-2583929731.084337,-2631486720.0,200000,0.0,0.0
2006-05-01 00:00:00+09:00,-2631486065.0797544,-2647338390.773006,-2568076762.3067484,-2583929088.0,400000,0.0,0.0
2006-05-02 00:00:00+09:00,-2583929559.414634,-2615634216.585366,-2568077230.8292685,-2599781888.0,300000,0.0,0.0
2006-05-03 00:00:00+09:00,-2599781888.0,-2599781888.0,-2599781888.0,-2599781888.0,0,0.0,0.0
2006-05-04 00:00:00+09:00,-2599781888.0,-2599781888.0,-2599781888.0,-2599781888.0,0,0.0,0.0
2006-05-05 00:00:00+09:00,-2599781888.0,-2599781888.0,-2599781888.0,-2599781888.0,0,0.0,0.0
2006-05-08 00:00:00+09:00,-2615633980.2352943,-2726600270.3058825,-2599781653.082353,-2694895616.0,300000,0.0,0.0
2006-05-09 00:00:00+09:00,-2694896086.081871,-2742453075.836257,-2663191426.245614,-2710748416.0,200000,0.0,0.0
2006-05-10 00:00:00+09:00,-2679043407.712575,-2694895735.5688624,-2631486424.1437125,-2647338752.0,200000,0.0,0.0
2006-05-11 00:00:00+09:00,-2694896213.333333,-2726600874.6666665,-2631486890.6666665,-2663191552.0,400000,0.0,0.0
2006-05-12 00:00:00+09:00,-2568077568.0,-2663191552.0,-2520520576.0,-2663191552.0,300000,0.0,0.0
2006-05-15 00:00:00+09:00,-2615634432.0,-2647339091.781818,-2568077442.327273,-2615634432.0,200000,0.0,0.0
2006-05-16 00:00:00+09:00,-2663191043.303226,-2679043370.9419355,-2457110784.0,-2457110784.0,500000,0.0,0.0
2006-05-17 00:00:00+09:00,-2504668019.114094,-2536372677.583893,-2235178422.1208053,-2361997056.0,1200000,0.0,0.0
2006-05-18 00:00:00+09:00,-2235178047.1232877,-2346144333.150685,-2187621067.39726,-2314439680.0,1000000,0.0,0.0
2006-05-19 00:00:00+09:00,-2282735254.5882354,-2441258536.1568627,-2282735254.5882354,-2425406208.0,600000,0.0,0.0
2006-05-22 00:00:00+09:00,-2472963317.76,-2488815646.7200003,-2346144686.08,-2377849344.0,600000,0.0,0.0
2006-05-23 00:00:00+09:00,-2330292085.3333335,-2377849066.666667,-2282735104.0,-2282735104.0,300000,0.0,0.0
2006-05-24 00:00:00+09:00,-2298587739.060403,-2361997056.0,-2282735409.8255033,-2361997056.0,400000,0.0,0.0
2006-05-25 00:00:00+09:00,-2377849344.0,-2393701672.96,-2346144686.08,-2377849344.0,200000,0.0,0.0
2006-05-26 00:00:00+09:00,-2409554043.704698,-2409554043.704698,-2330292397.5302014,-2361997056.0,200000,0.0,0.0
2006-05-29 00:00:00+09:00,-2346145073.0212765,-2346145073.0212765,-2219326420.425532,-2235178752.0,300000,0.0,0.0
2006-05-30 00:00:00+09:00,-2203473962.6666665,-2219326293.333333,-2140064640.0,-2187621632.0,500000,0.0,0.0
2006-05-31 00:00:00+09:00,-2124211919.5151515,-2171768902.787879,-2092507264.0,-2092507264.0,1000000,0.0,0.0
2006-06-01 00:00:00+09:00,-2124212264.3149607,-2171769255.3070865,-1981541291.3385828,-2013245952.0,900000,0.0,0.0
2006-06-02 00:00:00+09:00,-1918131890.604651,-2124212176.372093,-1727903934.511628,-2044950528.0,1600000,0.0,0.0
2006-06-05 00:00:00+09:00,-2060802616.8888888,-2187621239.4666667,-1981540977.7777777,-2140064256.0,1100000,0.0,0.0
2006-06-06 00:00:00+09:00,-2060802688.0,-2219325971.692308,-2044950359.6307693,-2060802688.0,900000,0.0,0.0
2006-06-07 00:00:00+09:00,-2029098240.0,-2124212220.0,-2029098240.0,-2029098240.0,400000,0.0,0.0
2006-06-08 00:00:00+09:00,-1997393311.4754097,-1997393311.4754097,-1870574688.5245903,-1933984000.0,800000,0.0,0.0
2006-06-09 00:00:00+09:00,-1981540941.1764705,-2171768871.529412,-1965688613.6470587,-2155916544.0,1400000,0.0,0.0
2006-06-12 00:00:00+09:00,-2124211761.0958903,-2314439680.0,-2092507107.9452055,-2314439680.0,900000,0.0,0.0
2006-06-13 00:00:00+09:00,-2266883113.464789,-2346144760.7887325,-2251030784.0,-2251030784.0,500000,0.0,0.0
2006-06-14 00:00:00+09:00,-2235178422.1208053,-2457111031.409396,-2219326092.885906,-2361997056.0,1500000,0.0,0.0
2006-06-15 00:00:00+09:00,-2488815439.2774196,-2504667766.916129,-2409553801.083871,-2457110784.0,700000,0.0,0.0
2006-06-16 00:00:00+09:00,-2520520176.9411764,-2520520176.9411764,-2393701551.6862745,-2425406208.0,800000,0.0,0.0
2006-06-19 00:00:00+09:00,-2361997056.0,-2409554043.704698,-2346144726.7651005,-2361997056.0,400000,0.0,0.0
2006-06-20 00:00:00+09:00,-2377849557.615894,-2472963539.92053,-2346144896.847682,-2393701888.0,600000,0.0,0.0
2006-06-21 00:00:00+09:00,-2393701672.96,-2425406330.88,-2298587699.2000003,-2377849344.0,300000,0.0,0.0
2006-06-22 00:00:00+09:00,-2425406548.768212,-2425406548.768212,-2346144896.847682,-2393701888.0,300000,0.0,0.0
2006-06-23 00:00:00+09:00,-2377849385.2348995,-2393701714.4697986,-2346144726.7651005,-2361997056.0,100000,0.0,0.0
2006-06-26 00:00:00+09:00,-2361997056.0,-2393701714.4697986,-2361997056.0,-2361997056.0,91000,0.0,0.0
2006-06-27 00:00:00+09:00,-2346144333.150685,-2377848986.3013697,-2282735026.849315,-2314439680.0,300000,0.0,0.0
2006-06-28 00:00:00+09:00,-2282735449.9459457,-2346144768.0,-2235178461.4054055,-2346144768.0,200000,0.0,0.0
2006-06-29 00:00:00+09:00,-2361997097.5135136,-2361997097.5135136,-2330292438.4864864,-2346144768.0,85000,0.0,0.0
2006-06-30 00:00:00+09:00,-2425406548.768212,-2457111209.5364237,-2377849557.615894,-2393701888.0,200000,0.0,0.0
2006-07-03 00:00:00+09:00,-2361996856.5194807,-2488815479.6883116,-2346144528.623377,-2441258496.0,500000,0.0,0.0
2006-07-04 00:00:00+09:00,-2457110864.3137255,-2472963192.470588,-2409553879.8431373,-2425406208.0,300000,0.0,0.0
2006-07-05 00:00:00+09:00,-2377849344.0,-2409554001.92,-2361997015.04,-2377849344.0,300000,0.0,0.0
2006-07-06 00:00:00+09:00,-2361997015.04,-2393701672.96,-2346144686.08,-2377849344.0,100000,0.0,0.0
2006-07-07 00:00:00+09:00,-2377849557.615894,-2409554218.3841057,-2361997227.231788,-2393701888.0,300000,0.0,0.0
2006-07-10 00:00:00+09:00,-2298587353.4246573,-2346144333.150685,-2235178047.1232877,-2314439680.0,300000,0.0,0.0
2006-07-11 00:00:00+09:00,-2298587315.3741493,-2330291968.0,-2235178010.122449,-2330291968.0,400000,0.0,0.0
2006-07-12 00:00:00+09:00,-2330291968.0,-2346144294.312925,-2251030336.4353743,-2330291968.0,300000,0.0,0.0
2006-07-13 00:00:00+09:00,-2266882776.888889,-2330292085.3333335,-2251030449.7777777,-2282735104.0,300000,0.0,0.0
2006-07-14 00:00:00+09:00,-2219326125.0704226,-2282735442.9295774,-2187621466.1408453,-2251030784.0,600000,0.0,0.0
2006-07-17 00:00:00+09:00,-2251030784.0,-2251030784.0,-2251030784.0,-2251030784.0,0,0.0,0.0
2006-07-18 00:00:00+09:00,-2203474058.322581,-2203474058.322581,-1965689088.0,-1965689088.0,900000,0.0,0.0
2006-07-19 00:00:00+09:00,-1902279558.0952382,-2092507513.904762,-1902279558.0952382,-1997393536.0,1000000,0.0,0.0
2006-07-20 00:00:00+09:00,-2092507272.5333333,-2171768911.6444445,-2092507272.5333333,-2140064256.0,400000,0.0,0.0
2006-07-21 00:00:00+09:00,-2108359600.3555555,-2187621239.4666667,-2060802616.8888888,-2140064256.0,500000,0.0,0.0
2006-07-24 00:00:00+09:00,-2140064310.8571427,-2219325952.0,-2076654997.942857,-2219325952.0,400000,0.0,0.0
2006-07-25 00:00:00+09:00,-2298587772.3943663,-2314440101.859155,-2251030784.0,-2251030784.0,500000,0.0,0.0
2006-07-26 00:00:00+09:00,-2298587613.5384617,-2314439941.9076924,-2060802688.0,-2060802688.0,700000,0.0,0.0
2006-07-27 00:00:00+09:00,-2060802986.6666665,-2187621632.0,-2013245994.6666665,-2187621632.0,800000,0.0,0.0
2006-07-28 00:00:00+09:00,-2187621632.0,-2187621632.0,-2108359978.6666665,-2187621632.0,300000,0.0,0.0
2006-07-31 00:00:00+09:00,-2235178122.666667,-2346144412.4444447,-2235178122.666667,-2282735104.0,500000,0.0,0.0
2006-08-01 00:00:00+09:00,-2282735442.9295774,-2330292431.3239436,-2235178454.5352116,-2251030784.0,300000,0.0,0.0
2006-08-02 00:00:00+09:00,-2251030373.69863,-2330292006.575342,-2235178047.1232877,-2314439680.0,200000,0.0,0.0
2006-08-03 00:00:00+09:00,-2377848946.9387755,-2377848946.9387755,-2251030336.4353743,-2330291968.0,300000,0.0,0.0
2006-08-04 00:00:00+09:00,-2314439641.6870747,-2346144294.312925,-2235178010.122449,-2330291968.0,300000,0.0,0.0
2006-08-07 00:00:00+09:00,-2282735442.9295774,-2314440101.859155,-2251030784.0,-2251030784.0,100000,0.0,0.0
2006-08-08 00:00:00+09:00,-2187621757.2765956,-2235178752.0,-2171769425.702128,-2235178752.0,200000,0.0,0.0
2006-08-09 00:00:00+09:00,-2203474088.8510637,-2235178752.0,-2187621757.2765956,-2235178752.0,100000,0.0,0.0
2006-08-10 00:00:00+09:00,-2187621757.2765956,-2251031083.574468,-2187621757.2765956,-2235178752.0,200000,0.0,0.0
2006-08-11 00:00:00+09:00,-2219325734.676259,-2235178061.352518,-2187621081.323741,-2203473408.0,200000,0.0,0.0
2006-08-14 00:00:00+09:00,-2203474088.8510637,-2266883415.1489363,-2203474088.8510637,-2235178752.0,100000,0.0,0.0
2006-08-15 00:00:00+09:00,-2251030488.6153846,-2266882816.0,-2203473506.4615383,-2266882816.0,400000,0.0,0.0
2006-08-16 00:00:00+09:00,-2298587431.111111,-2330292085.3333335,-2266882776.888889,-2282735104.0,800000,0.0,0.0
2006-08-17 00:00:00+09:00,-2568076862.693877,-2583929189.0068026,-2314439641.6870747,-2330291968.0,6600000,0.0,0.0
2006-08-18 00:00:00+09:00,-2393701512.3116884,-2457110823.896104,-2361996856.5194807,-2441258496.0,2500000,0.0,0.0
2006-08-21 00:00:00+09:00,-2441258659.84,-2441258659.84,-2377849344.0,-2377849344.0,800000,0.0,0.0
2006-08-22 00:00:00+09:00,-2377849515.789474,-2409554176.0,-2361997185.684211,-2409554176.0,300000,0.0,0.0
2006-08-23 00:00:00+09:00,-2425406389.267081,-2568077353.341615,-2409554059.925466,-2552225024.0,2900000,0.0,0.0
2006-08-24 00:00:00+09:00,-2520520490.126582,-2568077480.506329,-2488815829.873418,-2504668160.0,1300000,0.0,0.0
2006-08-25 00:00:00+09:00,-2472963539.92053,-2488815870.3046355,-2377849557.615894,-2393701888.0,1000000,0.0,0.0
2006-08-28 00:00:00+09:00,-2377849107.6923075,-2377849107.6923075,-2266882816.0,-2266882816.0,800000,0.0,0.0
2006-08-29 00:00:00+09:00,-2282735104.0,-2314439758.2222223,-2266882776.888889,-2282735104.0,600000,0.0,0.0
2006-08-30 00:00:00+09:00,-2282735143.3846154,-2314439798.1538463,-2251030488.6153846,-2266882816.0,900000,0.0,0.0
2006-08-31 00:00:00+09:00,-2266883285.333333,-2266883285.333333,-2187621632.0,-2187621632.0,1000000,0.0,0.0
2006-09-01 00:00:00+09:00,-2187621632.0,-2235178624.0,-2140064640.0,-2187621632.0,600000,0.0,0.0
2006-09-04 00:00:00+09:00,-2219326420.425532,-2266883415.1489363,-2219326420.425532,-2235178752.0,400000,0.0,0.0
2006-09-05 00:00:00+09:00,-2251030449.7777777,-2282735104.0,-2251030449.7777777,-2282735104.0,300000,0.0,0.0
2006-09-06 00:00:00+09:00,-2282735143.3846154,-2282735143.3846154,-2219325833.8461537,-2266882816.0,200000,0.0,0.0
2006-09-07 00:00:00+09:00,-2251030488.6153846,-2298587470.769231,-2235178161.230769,-2266882816.0,300000,0.0,0.0
2006-09-08 00:00:00+09:00,-2219325795.555556,-2314439758.2222223,-2219325795.555556,-2282735104.0,500000,0.0,0.0
2006-09-11 00:00:00+09:00,-2266882936.6857142,-2282735264.9142857,-2203473623.7714286,-2219325952.0,300000,0.0,0.0
2006-09-12 00:00:00+09:00,-2187621466.1408453,-2298587772.3943663,-2155916807.2112675,-2251030784.0,600000,0.0,0.0
2006-09-13 00:00:00+09:00,-2235178624.0,-2235178624.0,-2171769301.333333,-2187621632.0,300000,0.0,0.0
2006-09-14 00:00:00+09:00,-2219325936.716418,-2219325936.716418,-2092507311.761194,-2124211968.0,400000,0.0,0.0
2006-09-15 00:00:00+09:00,-2092507264.0,-2108359591.7575758,-2060802608.4848485,-2092507264.0,300000,0.0,0.0
2006-09-18 00:00:00+09:00,-2092507264.0,-2092507264.0,-2092507264.0,-2092507264.0,0,0.0,0.0
2006-09-19 00:00:00+09:00,-2155916880.0,-2155916880.0,-2013245910.0,-2029098240.0,400000,0.0,0.0
2006-09-20 00:00:00+09:00,-2013245787.8473282,-2076655104.0,-1997393458.8091602,-2076655104.0,500000,0.0,0.0
2006-09-21 00:00:00+09:00,-2092507344.7384615,-2092507344.7384615,-1981541046.1538463,-2060802688.0,400000,0.0,0.0
2006-09-22 00:00:00+09:00,-2044950445.923664,-2076655104.0,-2029098116.8854961,-2076655104.0,300000,0.0,0.0
2006-09-25 00:00:00+09:00,-2092507433.038168,-2108359762.076336,-2060802774.961832,-2076655104.0,100000,0.0,0.0
2006-09-26 00:00:00+09:00,731612864.0,742868446.523077,731612864.0,731612864.0,100000,500.0,0.0
2006-09-27 00:00:00+09:00,737240736.2406014,754124111.8796992,720357360.6015037,748496320.0,300000,0.0,0.0
2006-09-28 00:00:00+09:00,742868419.7647059,793518539.2941177,742868419.7647059,765379584.0,1200000,0.0,0.0
2006-09-29 00:00:00+09:00,832913152.0,855424318.2702702,804774194.1621622,832913152.0,4300000,0.0,0.0
2006-10-02 00:00:00+09:00,810401985.7297297,844168735.135135,799146402.5945946,832913152.0,1800000,0.0,0.0
2006-10-03 00:00:00+09:00,821657502.2222222,827285293.3333334,804774128.8888888,810401920.0,400000,0.0,0.0
2006-10-04 00:00:00+09:00,810401935.2167833,827285308.8671329,799146352.7832168,804774144.0,1600000,0.0,0.0
2006-10-05 00:00:00+09:00,804774223.7746478,821657599.0985914,799146431.9999999,799146432.0,1100000,0.0,0.0
2006-10-06 00:00:00+09:00,799146381.080292,804774172.4963504,765379632.5839416,771007424.0,1000000,0.0,0.0
2006-10-09 00:00:00+09:00,771007424.0,771007424.0,771007424.0,771007424.0,0,0.0,0.0
2006-10-10 00:00:00+09:00,737240736.2406014,754124111.8796992,720357360.6015037,748496320.0,800000,0.0,0.0
2006-10-11 00:00:00+09:00,737240819.6129032,737240819.6129032,697846272.0,697846272.0,700000,0.0,0.0
2006-10-12 00:00:00+09:00,703473920.0,720357294.08,686590545.9200001,703473920.0,600000,0.0,0.0
2006-10-13 00:00:00+09:00,725985075.5820895,754124032.0,703473910.4477612,754124032.0,600000,0.0,0.0
2006-10-16 00:00:00+09:00,754124016.8296297,771007390.3407407,748496225.6592592,759751808.0,700000,0.0,0.0
2006-10-17 00:00:00+09:00,771007375.0588236,776635166.117647,742868419.7647059,765379584.0,700000,0.0,0.0
2006-10-18 00:00:00+09:00,754124173.6170213,799146512.3404256,748496381.2765958,793518720.0,1200000,0.0,0.0
2006-10-19 00:00:00+09:00,799146334.1714286,804774125.2571428,782262960.9142857,787890752.0,600000,0.0,0.0
2006-10-20 00:00:00+09:00,827285390.8732394,832913182.6478872,793518640.225352,799146432.0,2000000,0.0,0.0
2006-10-23 00:00:00+09:00,793518561.5664337,810401935.2167833,776635187.9160839,804774144.0,900000,0.0,0.0
2006-10-24 00:00:00+09:00,821657681.7021277,827285474.0425533,782263135.319149,793518720.0,700000,0.0,0.0
2006-10-25 00:00:00+09:00,787890912.4637681,793518704.6956521,759751951.3043478,776635328.0,400000,0.0,0.0
2006-10-26 00:00:00+09:00,776635181.511111,776635181.511111,748496225.6592592,759751808.0,1100000,0.0,0.0
2006-10-27 00:00:00+09:00,759751789.0909091,759751789.0909091,731612833.9393939,742868416.0,700000,0.0,0.0
2006-10-30 00:00:00+09:00,737240736.2406014,754124111.8796992,731612944.3609022,748496320.0,300000,0.0,0.0
2006-10-31 00:00:00+09:00,748496287.2671756,748496287.2671756,731612912.3664122,737240704.0,300000,0.0,0.0
2006-11-01 00:00:00+09:00,742868434.4888889,765379599.1703703,731612852.1481481,759751808.0,500000,0.0,0.0
2006-11-02 00:00:00+09:00,748496320.0,748496320.0,731612944.3609022,748496320.0,500000,0.0,0.0
2006-11-03 00:00:00+09:00,748496320.0,748496320.0,748496320.0,748496320.0,0,0.0,0.0
2006-11-06 00:00:00+09:00,742868495.6335877,742868495.6335877,731612912.3664122,737240704.0,100000,0.0,0.0
2006-11-07 00:00:00+09:00,748496237.7846154,748496237.7846154,720357281.4769231,731612864.0,400000,0.0,0.0
2006-11-08 00:00:00+09:00,725985085.44,725985085.44,692218337.2800001,703473920.0,600000,0.0,0.0
2006-11-09 00:00:00+09:00,709101776.3720931,725985152.0,703473984.496124,725985152.0,700000,0.0,0.0
2006-11-10 00:00:00+09:00,714729502.72,714729502.72,703473920.0,703473920.0,200000,0.0,0.0
2006-11-13 00:00:00+09:00,703473886.1788619,709101677.2682928,692218304.0,692218304.0,300000,0.0,0.0
2006-11-14 00:00:00+09:00,703474015.7480315,720357392.1259843,703474015.7480315,714729600.0,200000,0.0,0.0
2006-11-15 00:00:00+09:00,725985072.7384616,737240655.2615385,714729490.2153846,731612864.0,500000,0.0,0.0
2006-11-16 00:00:00+09:00,725985085.44,731612876.8000001,697846128.64,703473920.0,400000,0.0,0.0
2006-11-17 00:00:00+09:00,697846157.9831933,697846157.9831933,647196033.6134454,669707200.0,900000,0.0,0.0
2006-11-20 00:00:00+09:00,647196030.2702702,652823821.8378378,619057072.4324324,624684864.0,600000,0.0,0.0
2006-11-21 00:00:00+09:00,675334945.5737705,714729484.0655738,658451571.9344263,686590528.0,4800000,0.0,0.0
2006-11-22 00:00:00+09:00,675334897.1900826,697846060.429752,652823733.9504132,680962688.0,2300000,0.0,0.0
2006-11-23 00:00:00+09:00,680962688.0,680962688.0,680962688.0,680962688.0,0,0.0,0.0
2006-11-24 00:00:00+09:00,697846223.6220473,720357392.1259843,686590639.3700788,714729600.0,2100000,0.0,0.0
2006-11-27 00:00:00+09:00,703474015.7480315,731612976.3779528,703474015.7480315,714729600.0,700000,0.0,0.0
2006-11-28 00:00:00+09:00,697846192.6201551,725985152.0,697846192.6201551,725985152.0,500000,0.0,0.0
2006-11-29 00:00:00+09:00,731612976.3779528,731612976.3779528,703474015.7480315,714729600.0,700000,0.0,0.0
2006-11-30 00:00:00+09:00,725985184.2519686,725985184.2519686,714729600.0,714729600.0,400000,0.0,0.0
2006-12-01 00:00:00+09:00,714729502.72,714729502.72,697846128.64,703473920.0,400000,0.0,0.0
2006-12-04 00:00:00+09:00,697846272.0,703474064.5161291,692218479.483871,697846272.0,300000,0.0,0.0
2006-12-05 00:00:00+09:00,703473886.1788619,709101677.2682928,692218304.0,692218304.0,300000,0.0,0.0
2006-12-06 00:00:00+09:00,692218337.2800001,703473920.0,692218337.2800001,703473920.0,400000,0.0,0.0
2006-12-07 00:00:00+09:00,697846110.4262295,697846110.4262295,680962736.7868853,686590528.0,300000,0.0,0.0
2006-12-08 00:00:00+09:00,692218269.6198347,697846060.429752,675334897.1900826,680962688.0,400000,0.0,0.0
2006-12-11 00:00:00+09:00,680962783.1932772,686590574.7899159,669707200.0,669707200.0,200000,0.0,0.0
2006-12-12 00:00:00+09:00,669707215.7288136,680962799.1864407,652823840.542373,664079424.0,400000,0.0,0.0
2006-12-13 00:00:00+09:00,664079424.0,669707215.7288136,652823840.542373,664079424.0,200000,0.0,0.0
2006-12-14 00:00:00+09:00,669707106.3801652,686590478.8099173,658451524.7603306,680962688.0,400000,0.0,0.0
2006-12-15 00:00:00+09:00,680962688.0,686590478.8099173,675334897.1900826,680962688.0,400000,0.0,0.0
2006-12-18 00:00:00+09:00,686590574.7899159,692218366.3865546,664079408.4033613,669707200.0,400000,0.0,0.0
2006-12-19 00:00:00+09:00,675335023.5897436,692218399.1794871,652823856.1367521,658451648.0,600000,0.0,0.0
2006-12-20 00:00:00+09:00,658451476.8000001,675334848.0,658451476.8000001,675334848.0,300000,0.0,0.0
2006-12-21 00:00:00+09:00,680962783.1932772,680962783.1932772,669707200.0,669707200.0,300000,0.0,0.0
2006-12-22 00:00:00+09:00,675335023.5897436,675335023.5897436,652823856.1367521,658451648.0,400000,0.0,0.0
2006-12-25 00:00:00+09:00,664079408.4033613,675334991.5966387,658451616.8067226,669707200.0,400000,0.0,0.0
2006-12-26 00:00:00+09:00,669707309.4193549,703474064.5161291,664079516.9032259,697846272.0,1000000,0.0,0.0
2006-12-27 00:00:00+09:00,709101760.0,709101760.0,680962801.2698413,709101760.0,600000,0.0,0.0
2006-12-28 00:00:00+09:00,709101677.2682928,709101677.2682928,692218304.0,692218304.0,300000,0.0,0.0
2006-12-29 00:00:00+09:00,697846272.0,703474064.5161291,697846272.0,697846272.0,100000,0.0,0.0
2007-01-04 00:00:00+09:00,714729649.5483872,714729649.5483872,697846272.0,697846272.0,200000,0.0,0.0
2007-01-05 00:00:00+09:00,709101857.0322582,709101857.0322582,692218479.483871,697846272.0,500000,0.0,0.0
2007-01-09 00:00:00+09:00,703473968.2539682,714729551.7460318,697846176.5079365,709101760.0,300000,0.0,0.0
2007-01-10 00:00:00+09:00,703473920.0,709101711.36,697846128.64,703473920.0,100000,0.0,0.0
2007-01-11 00:00:00+09:00,709101692.8524591,709101692.8524591,680962736.7868853,686590528.0,300000,0.0,0.0
2007-01-12 00:00:00+09:00,686590478.8099173,686590478.8099173,675334897.1900826,680962688.0,200000,0.0,0.0
2007-01-15 00:00:00+09:00,686590512.9105692,697846095.0894309,680962721.8211383,692218304.0,200000,0.0,0.0
2007-01-16 00:00:00+09:00,692218400.7441862,731612943.875969,680962816.992248,725985152.0,800000,0.0,0.0
2007-01-17 00:00:00+09:00,720357269.8074074,765379599.1703703,709101687.4666667,759751808.0,1900000,0.0,0.0
2007-01-18 00:00:00+09:00,771007489.2885907,838540992.0000001,765379697.3959732,838540992.0,4000000,0.0,0.0
2007-01-19 00:00:00+09:00,827285347.137255,866679887.4771242,816029764.1830066,861052096.0,3500000,0.0,0.0
2007-01-22 00:00:00+09:00,872307678.9542484,877935470.4313726,849796513.0457517,861052096.0,2100000,0.0,0.0
2007-01-23 00:00:00+09:00,855424384.0,877935552.0,838541008.0,855424384.0,1700000,0.0,0.0
2007-01-24 00:00:00+09:00,861052113.2307693,900446654.3589745,849796530.051282,877935488.0,1400000,0.0,0.0
2007-01-25 00:00:00+09:00,894818828.8831168,894818828.8831168,866679872.0,866679872.0,800000,0.0,0.0
2007-01-26 00:00:00+09:00,872307699.5121951,928585615.609756,849796533.0731707,922957824.0,1300000,0.0,0.0
2007-01-29 00:00:00+09:00,928585569.3413174,967980108.6467066,911702195.3532934,939841152.0,1300000,0.0,0.0
2007-01-30 00:00:00+09:00,911702304.0,922957888.0,855424384.0,855424384.0,1400000,0.0,0.0
2007-01-31 00:00:00+09:00,861052080.6233766,877935454.7532467,849796497.8701298,866679872.0,800000,0.0,0.0
2007-02-01 00:00:00+09:00,861052078.08,866679869.44,832913121.2800001,844168704.0,600000,0.0,0.0
2007-02-02 00:00:00+09:00,844168721.5686275,883563261.9084969,844168721.5686275,861052096.0,500000,0.0,0.0
2007-02-05 00:00:00+09:00,866679856.7225807,883563230.5548387,855424274.1677419,872307648.0,400000,0.0,0.0
2007-02-06 00:00:00+09:00,872307663.3766233,872307663.3766233,849796497.8701298,866679872.0,400000,0.0,0.0
2007-02-07 00:00:00+09:00,861052065.4451612,889191021.8322581,855424274.1677419,872307648.0,300000,0.0,0.0
2007-02-08 00:00:00+09:00,866679872.0,877935454.7532467,849796497.8701298,866679872.0,500000,0.0,0.0
2007-02-09 00:00:00+09:00,877935552.0,877935552.0,855424384.0,855424384.0,400000,0.0,0.0
2007-02-13 00:00:00+09:00,849796561.4177215,906074479.392405,849796561.4177215,889191104.0,800000,0.0,0.0
2007-02-14 00:00:00+09:00,906074529.0596026,906074529.0596026,849796608.0,849796608.0,800000,0.0,0.0
2007-02-15 00:00:00+09:00,686590478.8099173,703473851.2396693,680962688.0,680962688.0,5000000,0.0,0.0
2007-02-16 00:00:00+09:00,675334963.2,714729502.72,658451589.12,703473920.0,2900000,0.0,0.0
2007-02-19 00:00:00+09:00,692218384.7619048,725985135.2380953,692218384.7619048,709101760.0,1200000,0.0,0.0
2007-02-20 00:00:00+09:00,703473968.2539682,714729551.7460318,692218384.7619048,709101760.0,500000,0.0,0.0
2007-02-21 00:00:00+09:00,703473968.2539682,714729551.7460318,697846176.5079365,709101760.0,400000,0.0,0.0
2007-02-22 00:00:00+09:00,709101807.8740158,714729600.0,697846223.6220473,714729600.0,600000,0.0,0.0
2007-02-23 00:00:00+09:00,709101745.832061,748496287.2671756,709101745.832061,737240704.0,1100000,0.0,0.0
2007-02-26 00:00:00+09:00,754124111.8796992,759751903.7593985,725985152.481203,748496320.0,700000,0.0,0.0
2007-02-27 00:00:00+09:00,737240658.1492537,759751823.2835821,725985075.5820895,754124032.0,700000,0.0,0.0
2007-02-28 00:00:00+09:00,686590593.0158731,714729551.7460318,686590593.0158731,709101760.0,800000,0.0,0.0
2007-03-01 00:00:00+09:00,714729649.5483872,714729649.5483872,692218479.483871,697846272.0,600000,0.0,0.0
2007-03-02 00:00:00+09:00,697846272.0,703474064.5161291,686590686.967742,697846272.0,300000,0.0,0.0
2007-03-05 00:00:00+09:00,680962796.8,686590588.5090909,602173712.8727273,619057088.0,600000,0.0,0.0
2007-03-06 00:00:00+09:00,607801536.0,647196080.0,602173744.0,630312704.0,1000000,0.0,0.0
2007-03-07 00:00:00+09:00,652823821.8378378,658451613.4054054,619057072.4324324,624684864.0,500000,0.0,0.0
2007-03-08 00:00:00+09:00,619057042.1238937,635940416.0,619057042.1238937,635940416.0,300000,0.0,0.0
2007-03-09 00:00:00+09:00,641568257.0847458,664079424.0,635940465.3559322,664079424.0,600000,0.0,0.0
2007-03-12 00:00:00+09:00,664079439.8632479,664079439.8632479,658451648.0,658451648.0,100000,0.0,0.0
2007-03-13 00:00:00+09:00,664079209.7391305,664079209.7391305,647195840.0,647195840.0,300000,0.0,0.0
2007-03-14 00:00:00+09:00,624684833.4159292,641568207.2920353,619057042.1238937,635940416.0,400000,0.0,0.0
2007-03-15 00:00:00+09:00,641568238.7027026,641568238.7027026,619057072.4324324,624684864.0,200000,0.0,0.0
2007-03-16 00:00:00+09:00,630312671.4181818,641568254.8363637,619057088.0,619057088.0,300000,0.0,0.0
2007-03-19 00:00:00+09:00,619056932.0388349,619056932.0388349,557151238.8349514,579662400.0,800000,0.0,0.0
2007-03-20 00:00:00+09:00,568406992.0,585290368.0,548146949.3873291,585290368.0,1400000,0.0,0.0
2007-03-22 00:00:00+09:00,596545852.2352941,607801434.3529412,568406896.9411765,574034688.0,700000,0.0,0.0
2007-03-23 00:00:00+09:00,585290242.5728643,585290242.5728643,558276829.5871545,559965184.0,500000,0.0,0.0
2007-03-26 00:00:00+09:00,560528093.1694473,579662595.190241,560528093.1694473,562216448.0,500000,0.0,0.0
2007-03-27 00:00:00+09:00,574034803.003928,574034803.003928,560528093.1694473,562216448.0,300000,0.0,0.0
2007-03-28 00:00:00+09:00,568406819.4174757,585290190.2912621,568406819.4174757,579662400.0,800000,0.0,0.0
2007-03-29 00:00:00+09:00,607801519.5428572,613429311.3904761,590918144.0,590918144.0,900000,0.0,0.0
2007-03-30 00:00:00+09:00,602173665.4678899,619057039.266055,596545874.2018348,613429248.0,700000,0.0,0.0
2007-04-02 00:00:00+09:00,607801351.4563106,613429141.7475728,574034609.7087379,579662400.0,800000,0.0,0.0
2007-04-03 00:00:00+09:00,585290270.117647,585290270.117647,568406896.9411765,574034688.0,500000,0.0,0.0
2007-04-04 00:00:00+09:00,574034703.2079208,579662494.4158416,562779120.7920792,568406912.0,500000,0.0,0.0
2007-04-05 00:00:00+09:00,568406896.9411765,579662479.0588236,561653564.8452436,574034688.0,700000,0.0,0.0
2007-04-06 00:00:00+09:00,596545852.2352941,596545852.2352941,574034688.0,574034688.0,600000,0.0,0.0
2007-04-09 00:00:00+09:00,574034688.0,579662479.0588236,568406896.9411765,574034688.0,400000,0.0,0.0
2007-04-10 00:00:00+09:00,574034688.0,574034688.0,568406896.9411765,574034688.0,300000,0.0,0.0
2007-04-11 00:00:00+09:00,574034784.0,574034784.0,562779200.0,562779200.0,200000,0.0,0.0
2007-04-12 00:00:00+09:00,556588650.830148,556588650.830148,540268045.048641,547584192.0,600000,0.0,0.0
2007-04-13 00:00:00+09:00,543644626.5380607,544770210.5508218,534640169.119171,543081856.0,700000,0.0,0.0
2007-04-16 00:00:00+09:00,537454048.4360688,538016818.9570512,500873406.39591753,507063968.0,700000,0.0,0.0
2007-04-17 00:00:00+09:00,501436183.58539945,506501204.21487606,499747872.0,499747872.0,700000,0.0,0.0
2007-04-18 00:00:00+09:00,490743423.5017525,491306237.026155,478362298.8244822,479487840.0,1200000,0.0,0.0
2007-04-19 00:00:00+09:00,478362301.04880136,535765760.0,478362301.04880136,535765760.0,2300000,0.0,0.0
2007-04-20 00:00:00+09:00,530137950.6926697,541393533.8745662,512129034.7762922,514380160.0,1500000,0.0,0.0
2007-04-23 00:00:00+09:00,503124562.02781796,503124562.02781796,490180624.57449114,495808416.0,600000,0.0,0.0
2007-04-24 00:00:00+09:00,484552830.0587488,495808412.83798397,481176163.81230634,490743392.0,700000,0.0,0.0
2007-04-25 00:00:00+09:00,495245721.01242036,537454163.1441607,493557366.1524916,530138016.0,800000,0.0,0.0
2007-04-26 00:00:00+09:00,524510159.1017214,528449638.9773707,509877909.5525844,514380160.0,200000,0.0,0.0
2007-04-27 00:00:00+09:00,527886867.0709532,540267991.3650794,514942929.26984125,531826304.0,700000,0.0,0.0
2007-05-01 00:00:00+09:00,514942894.27283406,529012372.2584306,510440644.1427874,522259040.0,200000,0.0,0.0
2007-05-02 00:00:00+09:00,527886832.0025549,527886832.0025549,518319561.19571596,526761248.0,100000,0.0,0.0
2007-05-07 00:00:00+09:00,530137959.4267813,535202980.5294103,522259085.4189619,522821856.0,400000,0.0,0.0
2007-05-08 00:00:00+09:00,520570678.6813187,521696219.730839,507626741.9286412,512128992.0,200000,0.0,0.0
2007-05-09 00:00:00+09:00,513254615.8466353,513254615.8466353,501999031.7891508,511566304.0,200000,0.0,0.0
2007-05-10 00:00:00+09:00,513254552.4253438,543081863.6666666,513254552.4253438,540267968.0,900000,0.0,0.0
2007-05-11 00:00:00+09:00,534640240.0,574034784.0,526761322.6126709,562779200.0,2300000,0.0,0.0
2007-05-14 00:00:00+09:00,562779140.7407408,647196011.8518518,556025808.2265083,607801472.0,5100000,0.0,0.0
2007-05-15 00:00:00+09:00,585290368.0,602173744.0,574034784.0,585290368.0,1500000,0.0,0.0
2007-05-16 00:00:00+09:00,579662607.8285483,585290400.1375633,535203039.99999994,535203040.0,1500000,0.0,0.0
2007-05-17 00:00:00+09:00,557714009.2767512,596545770.8737864,546458428.6942269,579662400.0,4000000,0.0,0.0
2007-05-18 00:00:00+09:00,590918160.0,602173744.0,561090845.2253418,562779200.0,2100000,0.0,0.0
2007-05-21 00:00:00+09:00,561653579.7251508,574034703.2079208,551523538.3762376,568406912.0,900000,0.0,0.0
2007-05-22 00:00:00+09:00,568407007.1028037,613429344.2990655,560528089.5061285,602173760.0,2200000,0.0,0.0
2007-05-23 00:00:00+09:00,613429280.8648648,630312655.5675676,596545906.1621622,624684864.0,2100000,0.0,0.0
2007-05-24 00:00:00+09:00,613429344.2990655,635940512.8971963,585290383.5514019,602173760.0,2100000,0.0,0.0
2007-05-25 00:00:00+09:00,624684734.4000001,692218219.2,619056944.0,675334848.0,9300000,0.0,0.0
2007-05-28 00:00:00+09:00,686590545.9200001,759751833.6,686590545.9200001,703473920.0,9400000,0.0,0.0
2007-05-29 00:00:00+09:00,714729432.8595041,725985014.4793388,680962688.0,680962688.0,3700000,0.0,0.0
2007-05-30 00:00:00+09:00,709101711.36,714729502.72,669707171.84,703473920.0,2500000,0.0,0.0
2007-05-31 00:00:00+09:00,692218366.3865546,697846157.9831933,669707200.0,669707200.0,1700000,0.0,0.0
2007-06-01 00:00:00+09:00,692218384.7619048,714729551.7460318,680962801.2698413,709101760.0,2500000,0.0,0.0
2007-06-04 00:00:00+09:00,703473901.6393443,709101692.8524591,675334945.5737705,686590528.0,1400000,0.0,0.0
2007-06-05 00:00:00+09:00,680962736.7868853,697846110.4262295,669707154.3606558,686590528.0,600000,0.0,0.0
2007-06-06 00:00:00+09:00,692218370.9312977,748496287.2671756,680962787.6641221,737240704.0,2600000,0.0,0.0
2007-06-07 00:00:00+09:00,714729600.0,737240768.5039371,709101807.8740158,714729600.0,900000,0.0,0.0
2007-06-08 00:00:00+09:00,703473896.2962962,759751808.0,686590522.7851851,759751808.0,2000000,0.0,0.0
2007-06-11 00:00:00+09:00,759751920.0,776635296.0,703474000.0,720357376.0,2000000,0.0,0.0
2007-06-12 00:00:00+09:00,720357442.0645162,725985234.5806452,692218479.483871,697846272.0,1400000,0.0,0.0
2007-06-13 00:00:00+09:00,697846128.64,714729502.72,680962754.5600001,703473920.0,900000,0.0,0.0
2007-06-14 00:00:00+09:00,714729460.8484849,748496207.030303,703473878.7878788,742868416.0,2600000,0.0,0.0
2007-06-15 00:00:00+09:00,754124023.0489511,827285308.8671329,754124023.0489511,804774144.0,7900000,0.0,0.0
2007-06-18 00:00:00+09:00,816029884.3312101,889191184.3057325,804774299.7197452,883563392.0,4500000,0.0,0.0
2007-06-19 00:00:00+09:00,866679984.3178807,900446736.9536424,844168815.8940398,849796608.0,3100000,0.0,0.0
2007-06-20 00:00:00+09:00,832913038.8027211,849796411.2108845,816029666.3945578,827285248.0,1700000,0.0,0.0
2007-06-21 00:00:00+09:00,816029681.0958904,832913053.8082192,804774099.2876712,821657472.0,1100000,0.0,0.0
2007-06-22 00:00:00+09:00,821657472.0,821657472.0,804774099.2876712,821657472.0,1100000,0.0,0.0
2007-06-25 00:00:00+09:00,816029884.3312101,889191184.3057325,793518715.1082802,883563392.0,2000000,0.0,0.0
2007-06-26 00:00:00+09:00,855424367.2275863,872307742.8965518,804774240.2206898,816029824.0,1300000,0.0,0.0
2007-06-27 00:00:00+09:00,804774084.7891157,849796411.2108845,804774084.7891157,827285248.0,800000,0.0,0.0
2007-06-28 00:00:00+09:00,827285360.4324324,855424318.2702702,827285360.4324324,832913152.0,600000,0.0,0.0
2007-06-29 00:00:00+09:00,849796411.2108845,866679783.6190476,821657457.197279,827285248.0,1600000,0.0,0.0
2007-07-02 00:00:00+09:00,816029726.4335665,816029726.4335665,793518561.5664337,804774144.0,1000000,0.0,0.0
2007-07-03 00:00:00+09:00,810401865.6690648,821657447.1366906,776635121.2661871,782262912.0,1100000,0.0,0.0
2007-07-04 00:00:00+09:00,776635144.7671232,827285262.9041096,759751772.0547945,821657472.0,1600000,0.0,0.0
2007-07-05 00:00:00+09:00,821657502.2222222,838540875.5555556,793518546.6666666,810401920.0,1100000,0.0,0.0
2007-07-06 00:00:00+09:00,810402032.5369128,849796575.7852349,810402032.5369128,838540992.0,2100000,0.0,0.0
2007-07-09 00:00:00+09:00,816029711.111111,827285293.3333334,804774128.8888888,810401920.0,1400000,0.0,0.0
2007-07-10 00:00:00+09:00,821657472.0,827285262.9041096,810401890.1917808,821657472.0,500000,0.0,0.0
2007-07-11 00:00:00+09:00,816029666.3945578,832913038.8027211,810401875.5918368,827285248.0,800000,0.0,0.0
2007-07-12 00:00:00+09:00,827285308.8671329,838540891.3006994,804774144.0,804774144.0,500000,0.0,0.0
2007-07-13 00:00:00+09:00,816029807.3239436,816029807.3239436,776635264.9014084,799146432.0,1000000,0.0,0.0
2007-07-17 00:00:00+09:00,787890744.2424242,787890744.2424242,737240624.969697,742868416.0,1200000,0.0,0.0
2007-07-18 00:00:00+09:00,725985085.44,737240668.1600001,697846128.64,703473920.0,2400000,0.0,0.0
2007-07-19 00:00:00+09:00,709101718.4233576,771007424.0,686590552.759124,771007424.0,1200000,0.0,0.0
2007-07-20 00:00:00+09:00,748496319.503876,759751903.2558141,725985152.0,725985152.0,1200000,0.0,0.0
2007-07-23 00:00:00+09:00,703474064.5161291,709101857.0322582,675335101.9354839,697846272.0,1400000,0.0,0.0
2007-07-24 00:00:00+09:00,680962688.0,697846060.429752,652823733.9504132,680962688.0,1500000,0.0,0.0
2007-07-25 00:00:00+09:00,652823825.210084,697846157.9831933,652823825.210084,669707200.0,1300000,0.0,0.0
2007-07-26 00:00:00+09:00,658451664.0,680962832.0,624684912.0,630312704.0,1000000,0.0,0.0
2007-07-27 00:00:00+09:00,596545921.1636363,630312671.4181818,590918129.4545455,619057088.0,1200000,0.0,0.0
2007-07-30 00:00:00+09:00,602173520.6956522,652823629.9130435,602173520.6956522,647195840.0,800000,0.0,0.0
2007-07-31 00:00:00+09:00,635940416.0,658451581.1681416,635940416.0,635940416.0,500000,0.0,0.0
2007-08-01 00:00:00+09:00,624684830.5321101,630312621.7981651,602173665.4678899,613429248.0,600000,0.0,0.0
2007-08-02 00:00:00+09:00,624684879.709091,630312671.4181818,596545921.1636363,619057088.0,400000,0.0,0.0
2007-08-03 00:00:00+09:00,630312735.4385965,669707281.4035088,624684943.1578947,641568320.0,700000,0.0,0.0
2007-08-06 00:00:00+09:00,613429250.8318584,647195998.5840708,613429250.8318584,635940416.0,600000,0.0,0.0
2007-08-07 00:00:00+09:00,658451613.4054054,658451613.4054054,619057072.4324324,624684864.0,500000,0.0,0.0
2007-08-08 00:00:00+09:00,624684864.0,630312655.5675676,602173697.7297297,624684864.0,1100000,0.0,0.0
2007-08-09 00:00:00+09:00,630312642.2068965,658451599.4482759,607801476.4137931,652823808.0,700000,0.0,0.0
2007-08-10 00:00:00+09:00,630312671.4181818,635940463.1272727,613429296.290909,619057088.0,500000,0.0,0.0
2007-08-13 00:00:00+09:00,619057088.0,619057088.0,619057088.0,619057088.0,0,0.0,0.0
2007-08-14 00:00:00+09:00,641568207.2920353,647195998.5840708,630312624.7079645,635940416.0,200000,0.0,0.0
2007-08-15 00:00:00+09:00,630312642.2068965,652823808.0,630312642.2068965,652823808.0,400000,0.0,0.0
2007-08-16 00:00:00+09:00,641568050.0869565,647195840.0,619056890.4347826,647195840.0,600000,0.0,0.0
2007-08-17 00:00:00+09:00,624684722.3300971,630312512.6213592,562779029.1262136,579662400.0,700000,0.0,0.0
2007-08-20 00:00:00+09:00,602173712.8727273,630312671.4181818,602173712.8727273,619057088.0,700000,0.0,0.0
2007-08-21 00:00:00+09:00,607801310.6086956,669706999.652174,607801310.6086956,647195840.0,1700000,0.0,0.0
2007-08-22 00:00:00+09:00,658451634.2857143,742868510.4761906,652823842.5396826,709101760.0,4500000,0.0,0.0
2007-08-23 00:00:00+09:00,720357281.4769231,737240655.2615385,709101698.9538462,731612864.0,1500000,0.0,0.0
2007-08-24 00:00:00+09:00,731612976.3779528,731612976.3779528,703474015.7480315,714729600.0,700000,0.0,0.0
2007-08-27 00:00:00+09:00,720357343.4920635,725985135.2380953,703473968.2539682,709101760.0,700000,0.0,0.0
2007-08-28 00:00:00+09:00,697846272.0,709101857.0322582,686590686.967742,697846272.0,600000,0.0,0.0
2007-08-29 00:00:00+09:00,675334996.0305343,737240704.0,669707204.3969465,737240704.0,700000,0.0,0.0
2007-08-30 00:00:00+09:00,742868495.6335877,771007453.8015267,731612912.3664122,737240704.0,1200000,0.0,0.0
2007-08-31 00:00:00+09:00,737240643.3185185,765379599.1703703,731612852.1481481,759751808.0,800000,0.0,0.0
2007-09-03 00:00:00+09:00,771007330.5323741,787890702.7338129,765379539.7985611,782262912.0,900000,0.0,0.0
2007-09-04 00:00:00+09:00,776635215.4160584,782263006.8321168,754124049.7518249,771007424.0,500000,0.0,0.0
2007-09-05 00:00:00+09:00,782263006.8321168,787890798.2481751,759751841.1678832,771007424.0,700000,0.0,0.0
2007-09-06 00:00:00+09:00,759751814.2657343,810401935.2167833,748496231.8321679,804774144.0,1200000,0.0,0.0
2007-09-07 00:00:00+09:00,799146381.080292,799146381.080292,765379632.5839416,771007424.0,600000,0.0,0.0
2007-09-10 00:00:00+09:00,725985072.7384616,759751820.3076923,725985072.7384616,731612864.0,700000,0.0,0.0
2007-09-11 00:00:00+09:00,720357329.0992366,742868495.6335877,703473954.1984732,737240704.0,1100000,0.0,0.0
2007-09-12 00:00:00+09:00,748496231.3442624,754124022.5573771,669707154.3606558,686590528.0,1100000,0.0,0.0
2007-09-13 00:00:00+09:00,664079372.460177,664079372.460177,613429250.8318584,635940416.0,1400000,0.0,0.0
2007-09-14 00:00:00+09:00,647195998.5840708,658451581.1681416,630312624.7079645,635940416.0,900000,0.0,0.0
2007-09-18 00:00:00+09:00,647196030.2702702,647196030.2702702,613429280.8648648,624684864.0,300000,0.0,0.0
2007-09-19 00:00:00+09:00,652823789.8761061,652823789.8761061,630312624.7079645,635940416.0,800000,0.0,0.0
2007-09-20 00:00:00+09:00,641568305.046729,641568305.046729,602173760.0,602173760.0,700000,0.0,0.0
2007-09-21 00:00:00+09:00,602173582.490566,613429163.471698,585290211.018868,596545792.0,600000,0.0,0.0
2007-09-25 00:00:00+09:00,-106454328.47058824,-106454328.47058824,-100428611.76470588,-102437184.0,600000,700.0,0.0
2007-09-26 00:00:00+09:00,-103441466.8034188,-121518616.34188035,-103441466.8034188,-117501472.0,1200000,0.0,0.0
2007-09-27 00:00:00+09:00,-116497195.01639345,-126540056.65573771,-116497195.01639345,-122522912.0,1200000,0.0,0.0
2007-09-28 00:00:00+09:00,-128548609.92481203,-136582898.0451128,-126540037.89473684,-133570040.0,2500000,0.0,0.0
2007-10-01 00:00:00+09:00,-132565744.0,-140600031.51515153,-131561458.06060606,-132565744.0,1200000,0.0,0.0
2007-10-02 00:00:00+09:00,-138591468.0,-138591468.0,-133570038.0,-136582896.0,700000,0.0,0.0
2007-10-03 00:00:00+09:00,-134574327.88405797,-143612902.14492753,-133570041.85507245,-138591472.0,1300000,0.0,0.0
2007-10-04 00:00:00+09:00,-140600065.81560284,-143612924.36879432,-138591493.44680852,-141604352.0,1100000,0.0,0.0
2007-10-05 00:00:00+09:00,-140600041.83006537,-153655760.0,-140600041.83006537,-153655760.0,1500000,0.0,0.0
2007-10-09 00:00:00+09:00,-153655784.22857144,-157672928.91428572,-138591491.65714285,-140600064.0,2200000,0.0,0.0
2007-10-10 00:00:00+09:00,-144617210.55319148,-144617210.55319148,-135578634.893617,-141604352.0,2000000,0.0,0.0
2007-10-11 00:00:00+09:00,-141604337.91549295,-146625768.33802816,-138591479.66197184,-142608624.0,800000,0.0,0.0
2007-10-12 00:00:00+09:00,-139595739.79562044,-140600025.69343066,-136582882.10218978,-137587168.0,800000,0.0,0.0
2007-10-15 00:00:00+09:00,-138591463.88059703,-140600035.82089552,-132565748.05970149,-134574320.0,700000,0.0,0.0
2007-10-16 00:00:00+09:00,-130557184.0,-133570042.0923077,-127544325.90769231,-130557184.0,600000,0.0,0.0
2007-10-17 00:00:00+09:00,-129552912.0,-136582914.97674417,-125535767.44186045,-129552912.0,500000,0.0,0.0
2007-10-18 00:00:00+09:00,-131561488.45714286,-144617208.6857143,-128548629.94285715,-140600064.0,1100000,0.0,0.0
2007-10-19 00:00:00+09:00,-138591493.44680852,-144617210.55319148,-135578634.893617,-141604352.0,1500000,0.0,0.0
2007-10-22 00:00:00+09:00,-137587187.30322582,-158677194.11612904,-132565757.10967742,-155664336.0,2200000,0.0,0.0
2007-10-23 00:00:00+09:00,-162694336.2077922,-164702908.25974026,-145621473.76623377,-154660048.0,3400000,0.0,0.0
2007-10-24 00:00:00+09:00,-153655758.0,-160685760.0,-150642900.0,-152651472.0,2000000,0.0,0.0
2007-10-25 00:00:00+09:00,-161690056.8053691,-162694342.87248322,-148634337.93288592,-149638624.0,2000000,0.0,0.0
2007-10-26 00:00:00+09:00,-151647159.19526628,-169724304.0,-148634301.72781065,-169724304.0,3400000,0.0,0.0
2007-10-29 00:00:00+09:00,-177758648.6011561,-189810082.40462428,-173741504.0,-173741504.0,6900000,0.0,0.0
2007-10-30 00:00:00+09:00,-173741502.13953486,-179767218.97674417,-167715785.30232558,-172737216.0,3600000,0.0,0.0
2007-10-31 00:00:00+09:00,-171732878.72392637,-174745736.24539876,-161690020.3190184,-163698592.0,1700000,0.0,0.0
2007-11-01 00:00:00+09:00,-165707223.0,-169724367.79999998,-154660074.79999998,-160685792.0,1300000,0.0,0.0
2007-11-02 00:00:00+09:00,-152651497.17197454,-165707217.32484075,-152651497.17197454,-157672928.0,1200000,0.0,0.0
2007-11-05 00:00:00+09:00,-159681472.0,-162694329.96226415,-155664328.05031446,-159681472.0,700000,0.0,0.0
2007-11-06 00:00:00+09:00,-156668607.56756756,-159681465.4054054,-147630034.05405405,-148634320.0,900000,0.0,0.0
2007-11-07 00:00:00+09:00,-152651498.05714285,-154660070.4,-139595777.82857144,-140600064.0,1000000,0.0,0.0
2007-11-08 00:00:00+09:00,-137587209.4,-160685792.0,-136582923.2,-160685792.0,2400000,0.0,0.0
2007-11-09 00:00:00+09:00,-154660041.9602649,-157672899.9205298,-147630040.05298012,-151647184.0,1500000,0.0,0.0
2007-11-12 00:00:00+09:00,-142608623.35999998,-151647198.07999998,-141604337.28,-150642912.0,1200000,0.0,0.0
2007-11-13 00:00:00+09:00,-148634330.0413793,-155664332.13793102,-144617185.9862069,-145621472.0,1400000,0.0,0.0
2007-11-14 00:00:00+09:00,-150642912.0,-153655770.23999998,-146625767.68,-150642912.0,1200000,0.0,0.0
2007-11-15 00:00:00+09:00,-149638614.0,-149638614.0,-135578610.0,-136582896.0,1900000,0.0,0.0
2007-11-16 00:00:00+09:00,-134574326.0150376,-135578612.0300752,-130557181.95488723,-133570040.0,1100000,0.0,0.0
2007-11-19 00:00:00+09:00,-133570027.18699187,-138591456.7804878,-122522882.08130081,-123527168.0,1900000,0.0,0.0
2007-11-20 00:00:00+09:00,-118505748.0,-130557180.0,-117501462.0,-128548608.0,1600000,0.0,0.0
2007-11-21 00:00:00+09:00,-124531484.32786886,-129552915.14754099,-122522912.0,-122522912.0,800000,0.0,0.0
2007-11-22 00:00:00+09:00,-120514336.74418604,-130557198.13953488,-120514336.74418604,-129552912.0,900000,0.0,0.0
2007-11-26 00:00:00+09:00,-132565748.05970149,-135578605.97014925,-130557176.11940299,-134574320.0,700000,0.0,0.0
2007-11-27 00:00:00+09:00,-132565776.34042554,-143612924.36879432,-131561490.15602836,-141604352.0,700000,0.0,0.0
2007-11-28 00:00:00+09:00,-142608612.0,-146625756.0,-136582896.0,-136582896.0,1700000,0.0,0.0
2007-11-29 00:00:00+09:00,-140600029.92805755,-143612887.7122302,-138591458.07194245,-139595744.0,1600000,0.0,0.0
2007-11-30 00:00:00+09:00,-142608601.78417265,-144617173.64028776,-138591458.07194245,-139595744.0,800000,0.0,0.0
2007-12-03 00:00:00+09:00,-141604326.0,-155664330.0,-140600040.0,-152651472.0,2800000,0.0,0.0
2007-12-04 00:00:00+09:00,-149638611.91608393,-152651469.87412587,-140600038.04195803,-143612896.0,1700000,0.0,0.0
2007-12-05 00:00:00+09:00,-143612872.707483,-149638587.6462585,-139595729.414966,-147630016.0,900000,0.0,0.0
2007-12-06 00:00:00+09:00,-154660053.3333333,-167715772.12121212,-152651481.2121212,-165707200.0,7400000,0.0,0.0
2007-12-07 00:00:00+09:00,-162694336.0,-165707194.07407406,-158677191.90123457,-162694336.0,1800000,0.0,0.0
2007-12-10 00:00:00+09:00,-163698643.07692307,-164702929.23076925,-155664353.84615386,-156668640.0,1200000,0.0,0.0
2007-12-11 00:00:00+09:00,-154660054.33557045,-154660054.33557045,-146625765.79865772,-149638624.0,1300000,0.0,0.0
2007-12-12 00:00:00+09:00,-147630071.4,-164702936.79999998,-147630071.4,-160685792.0,1900000,0.0,0.0
2007-12-13 00:00:00+09:00,-157672916.95238096,-173741494.47619048,-157672916.95238096,-168720064.0,2900000,0.0,0.0
2007-12-14 00:00:00+09:00,-165707215.3846154,-166711501.53846154,-153655781.53846154,-156668640.0,2200000,0.0,0.0
2007-12-17 00:00:00+09:00,-153655758.0,-154660044.0,-141604326.0,-144617184.0,1600000,0.0,0.0
2007-12-18 00:00:00+09:00,-146625754.06622517,-151647184.0,-144617182.09271523,-151647184.0,500000,0.0,0.0
2007-12-19 00:00:00+09:00,-150642912.67605636,-151647198.7605634,-142608624.0,-142608624.0,700000,0.0,0.0
2007-12-20 00:00:00+09:00,-143612898.0,-146625756.0,-134574324.0,-136582896.0,800000,0.0,0.0
2007-12-21 00:00:00+09:00,-140600040.0,-155664330.0,-137587182.0,-152651472.0,2100000,0.0,0.0
2007-12-25 00:00:00+09:00,-152651472.0,-154660044.0,-149638614.0,-152651472.0,700000,0.0,0.0
2007-12-26 00:00:00+09:00,-153655754.12658226,-162694327.89873418,-152651468.1518987,-158677184.0,1000000,0.0,0.0
2007-12-27 00:00:00+09:00,-158677174.26086956,-164702889.73913044,-158677174.26086956,-161690032.0,1200000,0.0,0.0
2007-12-28 00:00:00+09:00,-158677194.11612904,-160685766.19354838,-154660049.96129033,-155664336.0,403000,0.0,0.0
2008-01-04 00:00:00+09:00,-149638605.94594595,-150642891.8918919,-147630034.05405405,-148634320.0,249000,0.0,0.0
2008-01-07 00:00:00+09:00,-146625756.0,-156668616.0,-146625756.0,-152651472.0,729000,0.0,0.0
2008-01-08 00:00:00+09:00,-153655761.97402596,-156668620.05194804,-147630045.8181818,-154660048.0,647000,0.0,0.0
2008-01-09 00:00:00+09:00,-150642924.84076434,-157672928.0,-147630066.34394905,-157672928.0,613000,0.0,0.0
2008-01-10 00:00:00+09:00,-158677185.90728477,-159681471.89403975,-151647184.0,-151647184.0,485000,0.0,0.0
2008-01-11 00:00:00+09:00,-158677186.0125786,-162694329.96226415,-151647184.1006289,-159681472.0,1646000,0.0,0.0
2008-01-15 00:00:00+09:00,-165707194.28571427,-169724338.38961038,-153655761.97402596,-154660048.0,2130000,0.0,0.0
2008-01-16 00:00:00+09:00,-148634333.72903225,-158677194.11612904,-146625761.6516129,-155664336.0,1628000,0.0,0.0
2008-01-17 00:00:00+09:00,-160685746.08695653,-162694317.91304347,-152651458.7826087,-161690032.0,948000,0.0,0.0
2008-01-18 00:00:00+09:00,-152651464.58536583,-168720039.80487806,-152651464.58536583,-164702896.0,1475000,0.0,0.0
2008-01-21 00:00:00+09:00,-161690078.2,-167715795.4,-158677219.6,-160685792.0,578000,0.0,0.0
2008-01-22 00:00:00+09:00,-155664353.84615386,-163698643.07692307,-151647209.23076925,-156668640.0,1392000,0.0,0.0
2008-01-23 00:00:00+09:00,-162694327.89873418,-167715757.7721519,-156668612.0506329,-158677184.0,1654000,0.0,0.0
2008-01-24 00:00:00+09:00,-161690032.0,-164702889.73913044,-159681460.17391303,-161690032.0,608000,0.0,0.0
2008-01-25 00:00:00+09:00,-163698633.52380952,-169724350.0952381,-161690061.33333334,-168720064.0,1191000,0.0,0.0
2008-01-28 00:00:00+09:00,-165707160.71005917,-179767162.2248521,-165707160.71005917,-169724304.0,1810000,0.0,0.0
2008-01-29 00:00:00+09:00,-174745744.8791209,-184788603.7802198,-172737173.0989011,-182780032.0,2458000,0.0,0.0
2008-01-30 00:00:00+09:00,-179767189.88505748,-187801477.70114943,-173741474.0229885,-174745760.0,2014000,0.0,0.0
2008-01-31 00:00:00+09:00,-172737182.39106146,-180771469.9441341,-171732896.44692737,-179767184.0,1054000,0.0,0.0
2008-02-01 00:00:00+09:00,-180771486.3157895,-186797202.5263158,-170728625.9649123,-171732912.0,1942000,0.0,0.0
2008-02-04 00:00:00+09:00,-173741502.13953486,-175750074.41860464,-171732929.8604651,-172737216.0,1019000,0.0,0.0
2008-02-05 00:00:00+09:00,-175750068.8172043,-188805788.21505377,-172737210.49462366,-186797216.0,3194000,0.0,0.0
2008-02-06 00:00:00+09:00,-181775737.86528498,-196840025.53367874,-181775737.86528498,-193827168.0,6441000,0.0,0.0
2008-02-07 00:00:00+09:00,-194831490.22459894,-195835776.2566845,-184788629.90374333,-187801488.0,2820000,0.0,0.0
2008-02-08 00:00:00+09:00,-189810073.48453608,-194831504.0,-187801501.2783505,-194831504.0,2123000,0.0,0.0
2008-02-12 00:00:00+09:00,-193827242.69473684,-196840101.38947368,-188805811.5368421,-190814384.0,1689000,0.0,0.0
2008-02-13 00:00:00+09:00,-195835772.1081081,-200857202.16216215,-185792912.0,-185792912.0,3497000,0.0,0.0
2008-02-14 00:00:00+09:00,-187801466.41666666,-194831467.8333333,-186797180.5,-192822896.0,1460000,0.0,0.0
2008-02-15 00:00:00+09:00,-189810036.90452263,-200857181.90954775,-188805750.99497488,-199852896.0,1310000,0.0,0.0
2008-02-18 00:00:00+09:00,-205878636.0591133,-215921496.3546798,-203870064.0,-203870064.0,3846000,0.0,0.0
2008-02-19 00:00:00+09:00,-203870080.9025641,-204874367.0153846,-192822933.66153848,-195835792.0,2168000,0.0,0.0
2008-02-20 00:00:00+09:00,-188805809.7777778,-190814382.22222224,-179767233.7777778,-180771520.0,3608000,0.0,0.0
2008-02-21 00:00:00+09:00,-184788618.15873015,-189810048.0,-173741472.5079365,-189810048.0,5820000,0.0,0.0
2008-02-22 00:00:00+09:00,-184788611.59550563,-186797183.46067417,-176754324.13483146,-178762896.0,2062000,0.0,0.0
2008-02-25 00:00:00+09:00,-180771499.3548387,-187801502.1075269,-176754354.9247312,-186797216.0,2375000,0.0,0.0
2008-02-26 00:00:00+09:00,-189810051.93442622,-190814337.92349726,-181775764.02185792,-183784336.0,1599000,0.0,0.0
2008-02-27 00:00:00+09:00,-184788629.90374333,-189810060.06417114,-181775771.80748665,-187801488.0,1162000,0.0,0.0
2008-02-28 00:00:00+09:00,-186797175.2284264,-200857177.6649746,-186797175.2284264,-197844320.0,2575000,0.0,0.0
2008-02-29 00:00:00+09:00,-195835801.20000002,-200857232.0,-192822942.72,-200857232.0,1567000,0.0,0.0
2008-03-03 00:00:00+09:00,-195835790.1030928,-197844362.30927834,-192822931.79381442,-194831504.0,1371000,0.0,0.0
2008-03-04 00:00:00+09:00,-199852917.94059408,-204874348.03960398,-194831487.84158418,-202865776.0,2936000,0.0,0.0
2008-03-05 00:00:00+09:00,-199852936.45128205,-200857222.56410256,-194831505.8871795,-195835792.0,1445000,0.0,0.0
2008-03-06 00:00:00+09:00,-196840025.53367874,-199852883.0673575,-189810024.62176165,-193827168.0,1449000,0.0,0.0
2008-03-07 00:00:00+09:00,-184788619.77011493,-185792905.74712643,-164702900.22988504,-174745760.0,5709000,0.0,0.0
2008-03-10 00:00:00+09:00,-169724350.0952381,-172737208.3809524,-164702919.6190476,-168720064.0,2588000,0.0,0.0
2008-03-11 00:00:00+09:00,-168720042.43093923,-184788617.90055248,-167715756.4640884,-181775760.0,2533000,0.0,0.0
2008-03-12 00:00:00+09:00,-182780058.38596493,-188805774.59649125,-169724339.92982456,-171732912.0,2752000,0.0,0.0
2008-03-13 00:00:00+09:00,-169724331.9760479,-176754333.89221558,-166711474.01197606,-167715760.0,1784000,0.0,0.0
2008-03-14 00:00:00+09:00,-169724339.92982456,-174745770.10526317,-167715767.85964912,-171732912.0,1524000,0.0,0.0
2008-03-17 00:00:00+09:00,-173741502.13953486,-177758646.69767442,-169724357.58139533,-172737216.0,1986000,0.0,0.0
2008-03-18 00:00:00+09:00,-170728592.88343558,-172737164.56441718,-155664305.2760736,-163698592.0,3189000,0.0,0.0
2008-03-19 00:00:00+09:00,-166711501.53846154,-169724360.0,-154660067.6923077,-156668640.0,1684000,0.0,0.0
2008-03-21 00:00:00+09:00,-158677212.30769232,-158677212.30769232,-151647209.23076925,-156668640.0,1432000,0.0,0.0
2008-03-24 00:00:00+09:00,-159681507.67058823,-170728656.0,-156668649.03529412,-170728656.0,2334000,0.0,0.0
2008-03-25 00:00:00+09:00,-171732942.2117647,-174745800.8470588,-168720083.57647058,-170728656.0,1317000,0.0,0.0
2008-03-26 00:00:00+09:00,-170728616.09195402,-178762903.90804598,-170728616.09195402,-174745760.0,955000,0.0,0.0
2008-03-27 00:00:00+09:00,-172737198.03508773,-176754342.1754386,-170728625.9649123,-171732912.0,617000,0.0,0.0
2008-03-28 00:00:00+09:00,-174745754.2793296,-180771469.9441341,-170728610.5027933,-179767184.0,1128000,0.0,0.0
2008-03-31 00:00:00+09:00,-182780041.83240223,-183784327.77653632,-176754326.16759777,-179767184.0,1304000,0.0,0.0
2008-04-01 00:00:00+09:00,-173741474.0229885,-176754331.95402297,-171732902.06896552,-174745760.0,1363000,0.0,0.0
2008-04-02 00:00:00+09:00,-177758628.21052632,-178762914.24561405,-169724339.92982456,-171732912.0,776000,0.0,0.0
2008-04-03 00:00:00+09:00,-170728630.30303028,-174745774.54545453,-165707200.0,-165707200.0,996000,0.0,0.0
2008-04-04 00:00:00+09:00,-166711480.09876543,-167715766.12345678,-161690049.97530863,-162694336.0,1015000,0.0,0.0
2008-04-07 00:00:00+09:00,-164702874.88757396,-170728589.8224852,-162694303.24260354,-169724304.0,774000,0.0,0.0
2008-04-08 00:00:00+09:00,-168720071.44186047,-173741502.13953486,-168720071.44186047,-172737216.0,842000,0.0,0.0
2008-04-09 00:00:00+09:00,-171732922.2857143,-173741494.47619048,-166711491.80952382,-168720064.0,505000,0.0,0.0
2008-04-10 00:00:00+09:00,-169724359.39884394,-173741504.0,-167715787.0982659,-173741504.0,610000,0.0,0.0
2008-04-11 00:00:00+09:00,-174745802.66666666,-181775806.22222224,-171732944.0,-180771520.0,1614000,0.0,0.0
2008-04-14 00:00:00+09:00,-176754316.65934068,-183784317.8901099,-176754316.65934068,-182780032.0,754000,0.0,0.0
2008-04-15 00:00:00+09:00,-180771478.03278688,-183784336.0,-179767192.04371583,-183784336.0,529000,0.0,0.0
2008-04-16 00:00:00+09:00,-183784339.9783784,-186797198.01081082,-181775767.95675677,-185792912.0,652000,0.0,0.0
2008-04-17 00:00:00+09:00,-186797198.01081082,-186797198.01081082,-183784339.9783784,-185792912.0,491000,0.0,0.0
2008-04-18 00:00:00+09:00,-185792907.97814205,-185792907.97814205,-180771478.03278688,-183784336.0,463000,0.0,0.0
2008-04-21 00:00:00+09:00,-184788592.81355932,-184788592.81355932,-176754306.16949153,-177758592.0,409000,0.0,0.0
2008-04-22 00:00:00+09:00,-176754352.0,-179767210.27272728,-175750065.9090909,-176754352.0,450000,0.0,0.0
2008-04-23 00:00:00+09:00,-175750065.9090909,-179767210.27272728,-175750065.9090909,-176754352.0,630000,0.0,0.0
2008-04-24 00:00:00+09:00,-176754306.16949153,-180771449.49152544,-176754306.16949153,-177758592.0,525000,0.0,0.0
2008-04-25 00:00:00+09:00,-177758636.16,-179767208.32,-175750064.0,-175750064.0,578000,0.0,0.0
2008-04-28 00:00:00+09:00,-176754360.55813953,-178762932.83720928,-170728643.72093022,-172737216.0,585000,0.0,0.0
2008-04-30 00:00:00+09:00,-173741514.6352941,-173741514.6352941,-169724369.78823528,-170728656.0,398000,0.0,0.0
2008-05-01 00:00:00+09:00,-168720021.20245397,-170728592.88343558,-162694306.1595092,-163698592.0,843000,0.0,0.0
2008-05-02 00:00:00+09:00,-164702874.88757396,-169724304.0,-162694303.24260354,-169724304.0,1032000,0.0,0.0
2008-05-07 00:00:00+09:00,-176754373.27058822,-177758659.48235294,-168720083.57647058,-170728656.0,1443000,0.0,0.0
2008-05-08 00:00:00+09:00,-168720064.0,-170728636.1904762,-167715777.9047619,-168720064.0,526000,0.0,0.0
2008-05-09 00:00:00+09:00,-171732897.65853658,-172737183.60975608,-163698610.04878047,-164702896.0,790000,0.0,0.0
2008-05-12 00:00:00+09:00,-165707200.0,-166711486.06060606,-163698627.87878788,-165707200.0,349000,0.0,0.0
2008-05-13 00:00:00+09:00,-166711449.5214724,-167715735.36196318,-163698592.0,-163698592.0,531000,0.0,0.0
2008-05-14 00:00:00+09:00,-165707205.71428573,-169724350.0952381,-164702919.6190476,-168720064.0,678000,0.0,0.0
2008-05-15 00:00:00+09:00,-170728630.30303028,-170728630.30303028,-162694341.8181818,-165707200.0,929000,0.0,0.0
2008-05-16 00:00:00+09:00,-163698609.1891892,-163698609.1891892,-148634320.0,-148634320.0,2117000,0.0,0.0
2008-05-19 00:00:00+09:00,-156668614.03773585,-161690043.97484276,-154660042.06289306,-159681472.0,1441000,0.0,0.0
2008-05-20 00:00:00+09:00,-159681500.3312102,-159681500.3312102,-155664355.6687898,-157672928.0,422000,0.0,0.0
2008-05-21 00:00:00+09:00,-154660048.0,-158677192.1038961,-152651475.94805193,-154660048.0,790000,0.0,0.0
2008-05-22 00:00:00+09:00,-152651468.1518987,-158677184.0,-152651468.1518987,-158677184.0,334000,0.0,0.0
2008-05-23 00:00:00+09:00,-157672906.07792208,-160685764.15584415,-154660048.0,-154660048.0,408000,0.0,0.0
2008-05-26 00:00:00+09:00,-154660048.0,-155664334.02597404,-151647189.92207792,-154660048.0,679000,0.0,0.0
2008-05-27 00:00:00+09:00,-155664334.02597404,-155664334.02597404,-152651475.94805193,-154660048.0,140000,0.0,0.0
2008-05-28 00:00:00+09:00,-154660054.33557045,-155664340.40268457,-148634337.93288592,-149638624.0,781000,0.0,0.0
2008-05-29 00:00:00+09:00,-151647198.07999998,-153655770.23999998,-149638625.92,-150642912.0,886000,0.0,0.0
2008-05-30 00:00:00+09:00,-148634348.2739726,-148634348.2739726,-145621489.8630137,-146625776.0,1093000,0.0,0.0
2008-06-02 00:00:00+09:00,-146625782.9219858,-146625782.9219858,-139595779.63120568,-141604352.0,1585000,0.0,0.0
2008-06-03 00:00:00+09:00,-142608618.5038168,-144617190.59541985,-128548613.86259542,-131561472.0,4049000,0.0,0.0
2008-06-04 00:00:00+09:00,-130557172.12121212,-133570029.93939395,-128548600.24242425,-132565744.0,3183000,0.0,0.0
2008-06-05 00:00:00+09:00,-133570056.55813953,-136582914.97674417,-125535767.44186045,-129552912.0,3278000,0.0,0.0
2008-06-06 00:00:00+09:00,-131561462.08955224,-135578605.97014925,-127544318.20895523,-134574320.0,2288000,0.0,0.0
2008-06-09 00:00:00+09:00,-130557185.95419848,-133570044.09160306,-128548613.86259542,-131561472.0,1767000,0.0,0.0
2008-06-10 00:00:00+09:00,-132565752.0,-132565752.0,-119510034.0,-120514320.0,3290000,0.0,0.0
2008-06-11 00:00:00+09:00,-120514350.96774194,-125535782.25806451,-118505778.4516129,-124531496.0,2447000,0.0,0.0
2008-06-12 00:00:00+09:00,-119510045.33333334,-127544334.0952381,-115492900.95238096,-126540048.0,1724000,0.0,0.0
2008-06-13 00:00:00+09:00,-126540037.89473684,-137587184.06015038,-126540037.89473684,-133570040.0,3639000,0.0,0.0
2008-06-16 00:00:00+09:00,-137587173.69696972,-140600031.51515153,-131561458.06060606,-132565744.0,1966000,0.0,0.0
2008-06-17 00:00:00+09:00,-132565749.92125984,-132565749.92125984,-126540034.01574802,-127544320.0,1665000,0.0,0.0
2008-06-18 00:00:00+09:00,-128548625.86046511,-132565770.41860464,-127544339.72093022,-129552912.0,1075000,0.0,0.0
2008-06-19 00:00:00+09:00,-127544324.03199999,-128548610.048,-123527179.968,-125535752.0,1114000,0.0,0.0
2008-06-20 00:00:00+09:00,-126540028.36363637,-132565744.0,-123527170.54545455,-132565744.0,1756000,0.0,0.0
2008-06-23 00:00:00+09:00,-129552894.0,-139595754.0,-127544322.0,-136582896.0,2795000,0.0,0.0
2008-06-24 00:00:00+09:00,-136582896.0,-141604326.0,-135578610.0,-136582896.0,1755000,0.0,0.0
2008-06-25 00:00:00+09:00,-135578610.0,-138591468.0,-132565752.0,-136582896.0,758000,0.0,0.0
2008-06-26 00:00:00+09:00,-137587172.1438849,-140600029.92805755,-136582886.21582735,-139595744.0,1335000,0.0,0.0
2008-06-27 00:00:00+09:00,-138591463.88059703,-138591463.88059703,-131561462.08955224,-134574320.0,1668000,0.0,0.0
2008-06-30 00:00:00+09:00,-140600040.0,-142608612.0,-125535750.0,-128548608.0,4690000,0.0,0.0
2008-07-01 00:00:00+09:00,-124531453.91869919,-126540025.75609756,-120514310.24390244,-123527168.0,3412000,0.0,0.0
2008-07-02 00:00:00+09:00,-123527179.84962407,-136582898.0451128,-123527179.84962407,-133570040.0,4044000,0.0,0.0
2008-07-03 00:00:00+09:00,-134574322.01481482,-137587179.97037038,-131561464.05925927,-135578608.0,1800000,0.0,0.0
2008-07-04 00:00:00+09:00,-135578610.0,-136582896.0,-129552894.0,-136582896.0,1423000,0.0,0.0
2008-07-07 00:00:00+09:00,-134574324.0,-134574324.0,-128548608.0,-128548608.0,2028000,0.0,0.0
2008-07-08 00:00:00+09:00,-127544324.03199999,-128548610.048,-123527179.968,-125535752.0,681000,0.0,0.0
2008-07-09 00:00:00+09:00,-127544311.67479675,-128548597.59349594,-122522882.08130081,-123527168.0,492000,0.0,0.0
2008-07-10 00:00:00+09:00,-121518606.0,-124531464.0,-119510034.0,-120514320.0,634000,0.0,0.0
2008-07-11 00:00:00+09:00,-120514330.25641026,-121518616.34188035,-116497185.91452992,-117501472.0,1479000,0.0,0.0
2008-07-14 00:00:00+09:00,-114488619.72413793,-116497192.0,-111475761.31034482,-116497192.0,1091000,0.0,0.0
2008-07-15 00:00:00+09:00,-115492898.51851852,-115492898.51851852,-107458609.92592593,-108462896.0,1111000,0.0,0.0
2008-07-16 00:00:00+09:00,-107458596.11009175,-112480025.83486238,-107458596.11009175,-109467168.0,535000,0.0,0.0
2008-07-17 00:00:00+09:00,-113484309.30769232,-115492881.15384616,-102437164.15384616,-104445736.0,1427000,0.0,0.0
2008-07-18 00:00:00+09:00,-106454318.0990099,-107458604.11881189,-100026886.03985837,-101432888.0,1846000,0.0,0.0
2008-07-22 00:00:00+09:00,-103441448.68341708,-103642302.80048926,-98922162.09045227,-99926448.0,683000,0.0,0.0
2008-07-23 00:00:00+09:00,-100930741.04854369,-105450027.96116506,-99926455.06796117,-103441456.0,667000,0.0,0.0
2008-07-24 00:00:00+09:00,-105349600.16076271,-121016459.81616248,-104345314.1871846,-116597600.0,1865000,0.0,0.0
2008-07-25 00:00:00+09:00,-112580479.44939907,-113986481.63636363,-110471480.0,-110471480.0,773000,0.0,0.0
2008-07-28 00:00:00+09:00,-112480050.16489285,-114488622.48926593,-110772766.75401387,-111877480.0,274000,0.0,0.0
2008-07-29 00:00:00+09:00,-111877450.93394803,-112982163.89292686,-110371022.08204232,-112580448.0,300000,0.0,0.0
2008-07-30 00:00:00+09:00,-115995023.80112223,-116195877.92035604,-113484309.00023215,-115191592.0,200000,0.0,0.0
2008-07-31 00:00:00+09:00,-115894606.82590377,-117200174.03871252,-111074030.92390208,-112178744.0,200000,0.0,0.0
2008-08-01 00:00:00+09:00,-110471465.07518278,-111977894.14438981,-109467179.02904475,-111777040.0,400000,0.0,0.0
2008-08-04 00:00:00+09:00,-110672308.06910747,-111375312.82783158,-109467168.0,-109467168.0,300000,0.0,0.0
2008-08-05 00:00:00+09:00,-116898908.9750967,-126740908.61270419,-116798481.89287429,-123928912.0,1500000,0.0,0.0
2008-08-06 00:00:00+09:00,-123527185.20502092,-123527185.20502092,-118003611.8828452,-120012184.0,500000,0.0,0.0
2008-08-07 00:00:00+09:00,-118807056.05150622,-119309199.13259949,-110170188.92702566,-111877480.0,800000,0.0,0.0
2008-08-08 00:00:00+09:00,-112480031.08313516,-115492889.05857627,-111475745.09132144,-114388176.0,700000,0.0,0.0
2008-08-11 00:00:00+09:00,-114488590.0060709,-115492875.88331714,-114488590.0060709,-115091160.0,200000,0.0,0.0
2008-08-12 00:00:00+09:00,-116497182.20669672,-116497182.20669672,-112480037.99267268,-113886040.0,200000,0.0,0.0
2008-08-13 00:00:00+09:00,-108965038.24110053,-110471467.34120792,-104747039.82563773,-106353896.0,600000,0.0,0.0
2008-08-14 00:00:00+09:00,-101432873.762794,-102939302.58105332,-100026872.0,-100026872.0,700000,0.0,0.0
2008-08-15 00:00:00+09:00,-100428604.9711154,-103742752.0,-100428604.9711154,-103742752.0,100000,0.0,0.0
2008-08-18 00:00:00+09:00,-102537593.0295691,-103943594.87919433,-101432880.02703989,-103039736.0,214000,0.0,0.0
2008-08-19 00:00:00+09:00,-100428592.84336753,-100529019.90379219,-99725595.75830139,-100127304.0,427000,0.0,0.0
2008-08-20 00:00:00+09:00,-100026885.92125216,-102035457.95847447,-99926458.8518099,-100629456.0,349000,0.0,0.0
2008-08-21 00:00:00+09:00,-101432909.2966234,-101935052.41195321,-100729912.0,-100729912.0,205000,0.0,0.0
2008-08-22 00:00:00+09:00,-100729904.91283813,-100830331.99641907,-99926472.92,-100428616.0,434000,0.0,0.0
2008-08-25 00:00:00+09:00,-99926455.06796117,-105349600.89552559,-99926455.06796117,-103441456.0,693000,0.0,0.0
2008-08-26 00:00:00+09:00,-100830313.98290424,-103441456.0,-100729886.91726477,-103441456.0,190000,0.0,0.0
2008-08-27 00:00:00+09:00,-103140171.28920126,-103240606.02097408,-100930745.10789597,-102236320.0,238000,0.0,0.0
2008-08-28 00:00:00+09:00,-102437177.02604124,-102437177.02604124,-100328177.85498281,-100529032.0,281000,0.0,0.0
2008-08-29 00:00:00+09:00,-99926458.97029704,-102437174.01980199,-99926458.97029704,-101432888.0,980000,0.0,0.0
2008-09-01 00:00:00+09:00,-100428599.86374763,-101332458.79494017,-99424313.86511014,-99625168.0,456000,0.0,0.0
2008-09-02 00:00:00+09:00,-99424323.17052199,-99424323.17052199,-96110176.0,-96110176.0,534000,0.0,0.0
2008-09-03 00:00:00+09:00,-96411450.63687152,-97014020.67093322,-89883592.0,-89883592.0,1224000,0.0,0.0
2008-09-04 00:00:00+09:00,-89180621.36314711,-89180621.36314711,-86368616.82043412,-87674192.0,545000,0.0,0.0
2008-09-05 00:00:00+09:00,-84360030.72,-87975459.07558104,-84360030.72,-87875032.0,528000,0.0,0.0
2008-09-08 00:00:00+09:00,-88979748.73774068,-92293896.0,-87573746.6367187,-92293896.0,627000,0.0,0.0
2008-09-09 00:00:00+09:00,-93398606.29961324,-94402892.3888564,-89883604.9872622,-90787464.0,484000,0.0,0.0
2008-09-10 00:00:00+09:00,-89281026.01037173,-91289597.98962827,-89080164.21518967,-90285312.0,256000,0.0,0.0
2008-09-11 00:00:00+09:00,-89381438.91525424,-89984008.88114075,-88176298.9834812,-88879296.0,361000,0.0,0.0
2008-09-12 00:00:00+09:00,-89883610.7572396,-90586608.0,-88276754.44371918,-90586608.0,273000,0.0,0.0
2008-09-16 00:00:00+09:00,-80543744.0,-87172038.54149562,-80543744.0,-80543744.0,1880000,0.0,0.0
2008-09-17 00:00:00+09:00,-82552316.24600594,-83355748.20924632,-80142035.68047485,-80543744.0,1477000,0.0,0.0
2008-09-18 00:00:00+09:00,-79137746.24281645,-79137746.24281645,-73614172.79765296,-76124888.0,801000,0.0,0.0
2008-09-19 00:00:00+09:00,-76627023.75052235,-78133452.72861575,-72609879.80893992,-73413304.0,1229000,0.0,0.0
2008-09-22 00:00:00+09:00,-75421870.1166515,-75823586.01204792,-74317157.15088141,-75221016.0,602000,0.0,0.0
2008-09-24 00:00:00+09:00,-75321451.85185185,-82954024.10708731,-74317165.82716049,-81347168.0,588000,0.0,0.0
2008-09-25 00:00:00+09:00,9073774.013089988,9944947.380868593,8994576.826557659,9752610.0,840000,800.0,0.0
2008-09-26 00:00:00+09:00,10092027.712650165,10623783.072177978,9978888.384646533,10159912.0,995000,0.0,0.0
2008-09-29 00:00:00+09:00,10080713.0773631,10250422.054635828,9741295.122817647,9956260.0,367000,0.0,0.0
2008-09-30 00:00:00+09:00,9616841.579176864,9956259.51726546,9051145.015695872,9933632.0,641000,0.0,0.0
2008-10-01 00:00:00+09:00,9888377.305868734,9978888.249131745,9367936.576756602,9435820.0,205000,0.0,0.0
2008-10-02 00:00:00+09:00,9277422.848392308,9277422.848392308,9051144.242333958,9062458.0,303000,0.0,0.0
2008-10-03 00:00:00+09:00,8836179.96552161,8858808.34550182,8451506.137702407,8666471.0,368000,0.0,0.0
2008-10-06 00:00:00+09:00,8598588.806393757,8598588.806393757,7535078.965597617,8508077.0,946000,0.0,0.0
2008-10-07 00:00:00+09:00,7716101.259334665,8146031.019528002,7693473.740665334,7704787.5,526000,0.0,0.0
2008-10-08 00:00:00+09:00,7308799.470030989,7320113.228729496,7139090.5,7139090.5,260000,0.0,0.0
2008-10-09 00:00:00+09:00,6856242.807772673,7116463.596197344,6573394.5,6573394.5,1661000,0.0,0.0
2008-10-10 00:00:00+09:00,6007697.5,6211348.613837753,6007697.5,6007697.5,637000,0.0,0.0
2008-10-14 00:00:00+09:00,6573394.5,6573394.5,6573394.5,6573394.5,34000,0.0,0.0
2008-10-15 00:00:00+09:00,7139090.5,7139090.5,7014637.427947501,7139090.5,574000,0.0,0.0
2008-10-16 00:00:00+09:00,6788359.371974541,6856242.79305738,6573394.485891774,6697848.0,335000,0.0,0.0
2008-10-17 00:00:00+09:00,6980694.946481038,7116462.193775084,6924125.296074534,6958067.0,160000,0.0,0.0
2008-10-20 00:00:00+09:00,7071207.236842105,7523764.5,6969381.679994683,7523764.5,319000,0.0,0.0
2008-10-21 00:00:00+09:00,7863183.503521127,8089462.165492958,7795300.077566496,8032892.5,364000,0.0,0.0
2008-10-22 00:00:00+09:00,7863181.956208709,8044204.677527708,7093834.7432146445,7229602.0,315000,0.0,0.0
2008-10-23 00:00:00+09:00,6890184.222107133,7229602.155578574,6822300.376457512,7173032.5,423000,0.0,0.0
2008-10-24 00:00:00+09:00,7218288.265346631,7546392.022376064,7071207.241051214,7082521.0,179000,0.0,0.0
2008-10-27 00:00:00+09:00,6969380.55463586,7116461.986686454,6844927.5,6844927.5,176000,0.0,0.0
2008-10-28 00:00:00+09:00,6788357.851239669,6878869.202937765,6573393.013313546,6844927.5,523000,0.0,0.0
2008-10-29 00:00:00+09:00,7014637.736697223,7354055.691698701,6675219.781695744,6833615.0,402000,0.0,0.0
2008-10-30 00:00:00+09:00,6788357.851239669,7071206.0950413225,6731788.202479339,6844927.5,279000,0.0,0.0
2008-10-31 00:00:00+09:00,6844929.186507937,7218288.873999005,6777045.763906752,7127777.5,331000,0.0,0.0
2008-11-04 00:00:00+09:00,7240916.054655485,7376682.885406491,7127776.741301493,7139090.5,205000,0.0,0.0
2008-11-05 00:00:00+09:00,7308799.8809951665,7704787.5,7308799.8809951665,7704787.5,354000,0.0,0.0
2008-11-06 00:00:00+09:00,7987635.704082185,8270484.0,7931066.044898623,8270484.0,351000,0.0,0.0
2008-11-07 00:00:00+09:00,7931066.733522505,9401878.0,7840555.788880787,9401878.0,740000,0.0,0.0
2008-11-10 00:00:00+09:00,10306990.24715479,11540208.8125,10182537.1875,10861373.0,1707000,0.0,0.0
2008-11-11 00:00:00+09:00,10408817.480121734,10646409.880400654,9888376.77875255,10046772.0,471000,0.0,0.0
2008-11-12 00:00:00+09:00,10046772.254432436,10182539.097120225,9616842.480613546,9639470.0,203000,0.0,0.0
2008-11-13 00:00:00+09:00,9594213.421227386,9741294.0,9413189.84245433,9741294.0,195000,0.0,0.0
2008-11-14 00:00:00+09:00,10397502.793551596,10408816.551949436,10069398.620907607,10306991.0,344000,0.0,0.0
2008-11-17 00:00:00+09:00,10024142.723491127,10884001.309438583,10024142.723491127,10555898.0,176000,0.0,0.0
2008-11-18 00:00:00+09:00,10578526.049047858,10578526.049047858,10193852.20190013,10284364.0,97000,0.0,0.0
2008-11-19 00:00:00+09:00,10080712.885867532,10284364.0,10080712.885867532,10284364.0,83000,0.0,0.0
2008-11-20 00:00:00+09:00,9786552.333333332,10069400.666666666,9277425.333333332,9503704.0,122000,0.0,0.0
2008-11-21 00:00:00+09:00,9198227.831979034,9786552.0,9175599.448172333,9786552.0,95000,0.0,0.0
2008-11-25 00:00:00+09:00,10080713.748505946,10306992.39993452,9843121.337142857,9899691.0,85000,0.0,0.0
2008-11-26 00:00:00+09:00,9447132.413568394,9503702.068739463,9175597.89611038,9379249.0,136000,0.0,0.0
2008-11-27 00:00:00+09:00,9775238.572636921,9775238.572636921,9401878.427363077,9503704.0,90000,0.0,0.0
2008-11-28 00:00:00+09:00,10069399.74411116,10069399.74411116,9729981.775208537,9888377.0,155000,0.0,0.0
2008-12-01 00:00:00+09:00,10227793.197355976,10227793.197355976,9956258.696629213,10069398.0,146000,0.0,0.0
2008-12-02 00:00:00+09:00,9616840.543093152,9628154.30050698,9458445.34974651,9515015.0,195000,0.0,0.0
2008-12-03 00:00:00+09:00,9854435.570673421,9956261.141346842,9571587.24279425,9752610.0,186000,0.0,0.0
2008-12-04 00:00:00+09:00,9752609.519842457,9763924.142948238,9503703.348837208,9729982.0,330000,0.0,0.0
2008-12-05 00:00:00+09:00,9616842.220982496,9843120.861476202,9390563.58048879,9458447.0,171000,0.0,0.0
2008-12-08 00:00:00+09:00,9458446.958265947,9616842.178549547,9164284.89955898,9537645.0,218000,0.0,0.0
2008-12-09 00:00:00+09:00,9650783.55231256,9752608.241440682,9243481.343062317,9548958.0,162000,0.0,0.0
2008-12-10 00:00:00+09:00,9209541.47965462,9379250.47179868,9209541.47965462,9232169.0,405000,0.0,0.0
2008-12-11 00:00:00+09:00,9164284.837504037,9220854.496994803,8711727.561577912,9028518.0,349000,0.0,0.0
2008-12-12 00:00:00+09:00,8824868.325,9051147.0,8496764.073613072,9051147.0,338000,0.0,0.0
2008-12-15 00:00:00+09:00,9164286.0,9164286.0,8779612.094029743,8824868.0,216000,0.0,0.0
2008-12-16 00:00:00+09:00,8824864.75653819,8960631.56136506,8711725.464787701,8813551.0,124000,0.0,0.0
2008-12-17 00:00:00+09:00,8790923.90335637,8790923.90335637,8146030.191780822,8259169.5,193000,0.0,0.0
2008-12-18 00:00:00+09:00,8032891.425204155,8372309.372747993,7942379.627252008,8157344.5,104000,0.0,0.0
2008-12-19 00:00:00+09:00,8202601.242562302,8360996.473676281,7840555.739888552,7851869.5,166000,0.0,0.0
2008-12-22 00:00:00+09:00,7919752.6815416,7931066.441306895,7795299.597754283,7840555.5,126000,0.0,0.0
2008-12-24 00:00:00+09:00,7840556.166362358,8021578.927545661,7840556.166362358,7953695.5,165000,0.0,0.0
2008-12-25 00:00:00+09:00,8146030.478093333,8485448.414680555,8146030.478093333,8417565.0,199000,0.0,0.0
2008-12-26 00:00:00+09:00,8530703.240713947,8938004.540823465,8530703.240713947,8836179.0,251000,0.0,0.0
2008-12-29 00:00:00+09:00,8836181.760696411,8836181.760696411,8462822.478607178,8655159.0,117000,0.0,0.0
2008-12-30 00:00:00+09:00,8655159.522759493,8655159.522759493,8564647.705352195,8632532.0,79000,0.0,0.0
2009-01-05 00:00:00+09:00,8745670.81194051,8824868.0,8677786.521392822,8824868.0,107000,0.0,0.0
2009-01-06 00:00:00+09:00,8836183.178605394,9673414.552256342,8824869.416093506,9481078.0,363000,0.0,0.0
2009-01-07 00:00:00+09:00,9367934.960419303,9560271.436954083,9085086.693053799,9198226.0,142000,0.0,0.0
2009-01-08 00:00:00+09:00,8971950.978013294,9164287.531549694,8847497.0,8847497.0,89000,0.0,0.0
2009-01-09 00:00:00+09:00,8847492.730863243,9039830.054776823,8711725.918958405,8915377.0,75000,0.0,0.0
2009-01-13 00:00:00+09:00,8711728.666666666,9039832.905970255,8496763.760696411,8824868.0,141000,0.0,0.0
2009-01-14 00:00:00+09:00,8598587.688311689,8915378.106312739,8598587.688311689,8711727.0,103000,0.0,0.0
2009-01-15 00:00:00+09:00,8598587.758624457,8643843.65630674,8496762.204635436,8587274.0,118000,0.0,0.0
2009-01-16 00:00:00+09:00,8542019.571502512,8542019.571502512,8542019.571502512,8440194.0,100000,0.0,0.0
2009-01-19 00:00:00+09:00,8383622.999999999,8428878.898265162,8360995.48245965,8383623.0,124000,0.0,0.0
2009-01-20 00:00:00+09:00,8428880.82718702,8428880.82718702,8157346.238640708,8168660.0,59000,0.0,0.0
2009-01-21 00:00:00+09:00,8168658.229222855,8428879.0,7965007.979348305,8428879.0,179000,0.0,0.0
2009-01-22 00:00:00+09:00,8338366.670479657,8338366.670479657,8259169.5,8259169.5,12000,0.0,0.0
2009-01-23 00:00:00+09:00,8270483.917707929,8383623.234949309,8044205.283225171,8202600.5,66000,0.0,0.0
2009-01-26 00:00:00+09:00,8146031.62823458,8146031.62823458,7704788.07573496,7772671.5,126000,0.0,0.0
2009-01-27 00:00:00+09:00,7772669.665755665,7806611.801470588,7557705.683509042,7693472.5,110000,0.0,0.0
2009-01-28 00:00:00+09:00,7704787.440406579,7919752.31884058,7591648.1215659985,7806613.0,122000,0.0,0.0
2009-01-29 00:00:00+09:00,7919752.206896552,8315739.817241379,7863182.548275862,8202600.5,162000,0.0,0.0
2009-01-30 00:00:00+09:00,8202600.324895487,8349681.779443263,8202600.324895487,8281797.5,151000,0.0,0.0
2009-02-02 00:00:00+09:00,8372307.894360315,9254794.747417971,8372307.894360315,8621214.0,299000,0.0,0.0
2009-02-03 00:00:00+09:00,8734354.97094242,8734354.97094242,8293112.3229765,8372309.5,166000,0.0,0.0
2009-02-04 00:00:00+09:00,8417565.139494987,8462821.03776015,8372309.241229825,8383623.0,75000,0.0,0.0
2009-02-05 00:00:00+09:00,8723041.1516581,8836180.468445323,8428879.100648213,8474135.0,182000,0.0,0.0
2009-02-06 00:00:00+09:00,7342742.0,7354055.759300484,7342742.0,7342742.0,698000,0.0,0.0
2009-02-09 00:00:00+09:00,7082520.798864456,7127776.696558863,6777045.0,6777045.0,991000,0.0,0.0
2009-02-10 00:00:00+09:00,6607336.626382407,6663906.28780146,6347115.8385809455,6403685.5,457000,0.0,0.0
2009-02-12 00:00:00+09:00,6290545.730668611,6810986.837739156,6279231.971824739,6550766.5,441000,0.0,0.0
2009-02-13 00:00:00+09:00,6494196.898952684,6505510.657894736,6414999.291581606,6448941.0,238000,0.0,0.0
2009-02-16 00:00:00+09:00,6437627.327444591,6437627.327444591,5883244.5,5883244.5,871000,0.0,0.0
2009-02-17 00:00:00+09:00,5464628.10733289,5594738.475056698,5345831.928571949,5509884.0,1085000,0.0,0.0
2009-02-18 00:00:00+09:00,5555140.439363099,5713535.66,5475943.260636902,5656966.0,353000,0.0,0.0
2009-02-19 00:00:00+09:00,5611709.970406418,5656965.870003343,5164810.01194995,5249664.5,549000,0.0,0.0
2009-02-20 00:00:00+09:00,5147838.977272727,5181780.686408823,4876304.440999464,4978130.0,357000,0.0,0.0
2009-02-23 00:00:00+09:00,4978130.0498187365,5068641.4189515365,4910246.6308672,5000758.0,386000,0.0,0.0
2009-02-24 00:00:00+09:00,4864990.380487125,4864990.380487125,4565171.033238822,4734880.0,355000,0.0,0.0
2009-02-25 00:00:00+09:00,4734879.823061679,4751850.891740491,4355863.3174287835,4599113.0,658000,0.0,0.0
2009-02-26 00:00:00+09:00,4480316.889849715,4593456.209609479,4474660.010180178,4559514.5,372000,0.0,0.0
2009-02-27 00:00:00+09:00,4531228.836930792,4633054.378629441,4485973.376303082,4627397.5,1063000,0.0,0.0
2009-03-02 00:00:00+09:00,4604770.368866775,4604770.368866775,4491631.049885244,4514259.0,455000,0.0,0.0
2009-03-03 00:00:00+09:00,4474659.526972645,4474659.526972645,4129584.725287602,4180497.5,729000,0.0,0.0
2009-03-04 00:00:00+09:00,4186155.333333333,4412434.0,4169184.260696411,4412434.0,228000,0.0,0.0
2009-03-05 00:00:00+09:00,4412433.315789473,4502944.682102605,4208782.6336868685,4299294.0,600000,0.0,0.0
2009-03-06 00:00:00+09:00,4186154.779583656,4186154.779583656,4084329.220416344,4135242.0,402000,0.0,0.0
2009-03-09 00:00:00+09:00,4089986.524909626,4089986.524909626,3733597.5,3733597.5,537000,0.0,0.0
2009-03-10 00:00:00+09:00,3778853.083965962,3801480.600436678,3507318.5703952513,3614801.0,1066000,0.0,0.0
2009-03-11 00:00:00+09:00,3699655.605068445,3908963.160556555,3614801.120693445,3620458.0,997000,0.0,0.0
2009-03-12 00:00:00+09:00,3507319.1846587574,3620458.513196137,3286697.4076924105,3377209.0,1536000,0.0,0.0
2009-03-13 00:00:00+09:00,3546917.8943497036,3682684.955348212,3428121.4732053545,3563888.75,1264000,0.0,0.0
2009-03-16 00:00:00+09:00,3111331.25,3274251.9286047327,3111331.25,3111331.25,3209000,0.0,0.0
2009-03-17 00:00:00+09:00,3145272.610243607,3439434.8480453203,3114725.161728076,3393047.75,1702000,0.0,0.0
2009-03-18 00:00:00+09:00,3445092.4930683994,3620458.35848927,3165638.225412983,3213156.75,1156000,0.0,0.0
2009-03-19 00:00:00+09:00,3416807.209038458,3552574.25,3405493.235009303,3552574.25,1629000,0.0,0.0
2009-03-23 00:00:00+09:00,3914620.201000485,4005131.9999999995,3891992.6828428498,4005132.0,1119000,0.0,0.0
2009-03-24 00:00:00+09:00,3999474.7250903733,3999474.7250903733,3654399.8909542775,3733597.5,1893000,0.0,0.0
2009-03-25 00:00:00+09:00,3744910.844091291,4073015.003088041,3699655.380790077,3937247.75,954000,0.0,0.0
2009-03-26 00:00:00+09:00,4118271.6200445434,4203126.1141532175,4073015.7172163404,4123928.5,856000,0.0,0.0
2009-03-27 00:00:00+09:00,4214439.246367557,4293636.8487251215,3925934.095686341,3982503.75,1268000,0.0,0.0
2009-03-30 00:00:00+09:00,4073015.292966224,4106957.0007558297,3778853.25,3778853.25,734000,0.0,0.0
2009-03-31 00:00:00+09:00,3597830.504923538,3722284.023324384,3535603.961519255,3682685.0,1031000,0.0,0.0
2009-04-01 00:00:00+09:00,4135242.7542524817,4135242.7542524817,3954219.984484118,4050388.25,2925000,0.0,0.0
2009-04-02 00:00:00+09:00,4016445.8093528883,4016445.8093528883,3801480.931426679,3914620.25,1219000,0.0,0.0
2009-04-03 00:00:00+09:00,3999474.1343484204,4016445.2022058824,3767538.6526521514,3846736.25,1021000,0.0,0.0
2009-04-06 00:00:00+09:00,3891992.5927311876,3988160.8374512754,3858050.453096113,3948562.25,1332000,0.0,0.0
2009-04-07 00:00:00+09:00,3993817.3798494833,4378491.189454378,3976846.743056213,4367177.0,3409000,0.0,0.0
2009-04-08 00:00:00+09:00,4457689.475412301,4531229.776020496,4106957.316999995,4203126.0,5098000,0.0,0.0
2009-04-09 00:00:00+09:00,4231410.300034144,4271008.8852739725,4073015.095890411,4129584.75,2921000,0.0,0.0
2009-04-10 00:00:00+09:00,4186154.648567352,4186154.648567352,4050387.3844575314,4140898.75,1121000,0.0,0.0
2009-04-13 00:00:00+09:00,4321922.1480468465,4593456.259461862,4321922.1480468465,4582142.5,4463000,0.0,0.0
2009-04-14 00:00:00+09:00,4491631.739002961,4502945.5,4418090.997745255,4502945.5,1690000,0.0,0.0
2009-04-15 00:00:00+09:00,4418090.450785052,4463346.352355156,4242724.58748736,4395462.5,1178000,0.0,0.0
2009-04-16 00:00:00+09:00,4350207.150956463,4361520.910867376,4106957.428541355,4123928.5,1835000,0.0,0.0
2009-04-17 00:00:00+09:00,4084329.3580720983,4129585.2595811253,4010789.057610258,4118271.5,990000,0.0,0.0
2009-04-20 00:00:00+09:00,4078672.25,4095643.3200140875,4016445.7126020775,4078672.25,1306000,0.0,0.0
2009-04-21 00:00:00+09:00,3982503.5530316243,3982503.5530316243,3869364.25,3869364.25,1158000,0.0,0.0
2009-04-22 00:00:00+09:00,3993818.0746740075,3993818.0746740075,3750568.785580255,3880678.75,728000,0.0,0.0
2009-04-23 00:00:00+09:00,3846736.889868561,4073015.5304490644,3750568.6402587495,4022102.75,1563000,0.0,0.0
2009-04-24 00:00:00+09:00,4067357.871387879,4118270.6420813138,4022101.979306565,4073014.75,1232000,0.0,0.0
2009-04-27 00:00:00+09:00,4129584.779320838,4502944.412776608,4073015.124809594,4435061.0,2539000,0.0,0.0
2009-04-28 00:00:00+09:00,4525573.560132364,4599114.303121445,4050388.25,4050388.25,3242000,0.0,0.0
2009-04-30 00:00:00+09:00,4174840.25,4276665.358785263,4129584.358367326,4174840.25,1342000,0.0,0.0
2009-05-01 00:00:00+09:00,4163526.602484814,4321921.812195741,4095643.1878042594,4208782.5,578000,0.0,0.0
2009-05-07 00:00:00+09:00,4276666.149992103,4384148.588810421,4276666.149992103,4344550.0,624000,0.0,0.0
2009-05-08 00:00:00+09:00,4208782.994108673,4214439.87406413,4101300.5485858982,4123928.5,1412000,0.0,0.0
2009-05-11 00:00:00+09:00,4129584.75,4174840.645924555,4106956.8020377224,4129584.75,419000,0.0,0.0
2009-05-12 00:00:00+09:00,4163527.135045378,4169184.0150602967,4016446.09669609,4061702.0,559000,0.0,0.0
2009-05-13 00:00:00+09:00,3959876.5845070425,4056044.843208152,3959876.5845070425,4016446.25,408000,0.0,0.0
2009-05-14 00:00:00+09:00,3948562.673332505,4067358.880014919,3908963.650043513,4061702.0,456000,0.0,0.0
2009-05-15 00:00:00+09:00,4039073.0467351014,4073014.75,4005131.3434702023,4073014.75,176000,0.0,0.0
2009-05-18 00:00:00+09:00,4118270.6420813138,4118270.6420813138,3993817.1546537876,4073014.75,174000,0.0,0.0
2009-05-19 00:00:00+09:00,4118271.441011328,4118271.441011328,4033416.950591525,4106957.25,319000,0.0,0.0
2009-05-20 00:00:00+09:00,4140898.369463776,4299293.568301225,4106956.664453521,4282322.5,775000,0.0,0.0
2009-05-21 00:00:00+09:00,4327578.707465598,4327578.707465598,4214439.3948521195,4293637.0,606000,0.0,0.0
2009-05-22 00:00:00+09:00,4299293.72483483,4440717.860520186,4248380.949669659,4350206.5,691000,0.0,0.0
2009-05-25 00:00:00+09:00,4389805.121462394,4576485.154739443,4389805.121462394,4519915.5,1124000,0.0,0.0
2009-05-26 00:00:00+09:00,4655683.142144998,4972473.148526978,4525572.752863279,4831049.0,2998000,0.0,0.0
2009-05-27 00:00:00+09:00,4966816.8583039045,5147839.617263047,4763165.714984492,4898933.0,2728000,0.0,0.0
2009-05-28 00:00:00+09:00,4763165.714984492,4955502.666123769,4700939.168566806,4898933.0,814000,0.0,0.0
2009-05-29 00:00:00+09:00,4989442.877270208,5136524.310182929,4876303.579086374,5130867.0,1783000,0.0,0.0
2009-06-01 00:00:00+09:00,5249664.083533976,5374117.150164049,5046012.983096097,5085612.0,1179000,0.0,0.0
2009-06-02 00:00:00+09:00,5176123.681477385,5176123.681477385,4853676.805104213,4972473.0,1123000,0.0,0.0
2009-06-03 00:00:00+09:00,4836705.552693596,4910246.277593661,4700938.292966208,4734880.0,1290000,0.0,0.0
2009-06-04 00:00:00+09:00,4780136.280429535,4785793.1601234265,4599113.540671472,4729223.5,912000,0.0,0.0
2009-06-05 00:00:00+09:00,4774479.400735643,4831049.060859069,4638712.130120968,4729223.5,701000,0.0,0.0
2009-06-08 00:00:00+09:00,4808421.337209302,4864991.0,4751851.674418604,4864991.0,425000,0.0,0.0
2009-06-09 00:00:00+09:00,4949844.121608022,5091268.2393682515,4825391.070615883,4955501.0,766000,0.0,0.0
2009-06-10 00:00:00+09:00,4910246.81144756,4972473.3530403,4763165.345656375,4904589.5,507000,0.0,0.0
2009-06-11 00:00:00+09:00,4904589.696320542,5091269.76016345,4842363.152237002,5079956.0,561000,0.0,0.0
2009-06-12 00:00:00+09:00,5102583.110606343,5294920.039086955,5034699.691891892,5232693.5,1425000,0.0,0.0
2009-06-15 00:00:00+09:00,5357147.373330852,5690908.5,5334519.851462284,5690908.5,3990000,0.0,0.0
2009-06-16 00:00:00+09:00,5656965.719998596,6256604.0,5656965.719998596,6256604.0,3614000,0.0,0.0
2009-06-17 00:00:00+09:00,6086895.1074266555,6369743.397098825,5815361.008296715,6007697.5,2842000,0.0,0.0
2009-06-18 00:00:00+09:00,5996383.685185186,6471568.893725854,5962441.977059188,6109523.0,2686000,0.0,0.0
2009-06-19 00:00:00+09:00,6324487.8180867275,6369743.284680225,5815360.905662322,6086895.0,2048000,0.0,0.0
2009-06-22 00:00:00+09:00,6143465.054618486,6652592.0,6019011.973939909,6652592.0,1548000,0.0,0.0
2009-06-23 00:00:00+09:00,6709161.097359984,7218288.0,6652591.441511094,7218288.0,2781000,0.0,0.0
2009-06-24 00:00:00+09:00,7048579.624185623,7105149.284783568,6652592.0,6652592.0,3332000,0.0,0.0
2009-06-25 00:00:00+09:00,6765731.878088321,6788359.830508475,6573394.929905456,6675220.5,1213000,0.0,0.0
2009-06-26 00:00:00+09:00,6731788.561268935,6754416.508297521,6358428.945869937,6607335.5,569000,0.0,0.0
2009-06-29 00:00:00+09:00,6607336.0023227045,6754417.02180206,6403684.895175047,6482882.5,771000,0.0,0.0
2009-06-30 00:00:00+09:00,6539452.648763295,6912812.320676154,6505510.9388789,6799673.0,1268000,0.0,0.0
2009-07-01 00:00:00+09:00,6777046.07828208,7218289.208842831,6596022.890294444,7014638.5,1897000,0.0,0.0
2009-07-02 00:00:00+09:00,7173033.490162272,7184347.250202844,6890185.173225151,7003324.5,907000,0.0,0.0
2009-07-03 00:00:00+09:00,6833615.003993884,7048579.44999844,6799672.8632001,7025951.5,419000,0.0,0.0
2009-07-06 00:00:00+09:00,6912812.800996959,6969382.465265648,6675220.383705378,6754418.0,857000,0.0,0.0
2009-07-07 00:00:00+09:00,6720475.965315603,6777045.626870138,6539452.789385733,6573394.5,427000,0.0,0.0
2009-07-08 00:00:00+09:00,6460255.1138569955,6516824.774859569,6188721.0,6188721.0,386000,0.0,0.0
2009-07-09 00:00:00+09:00,6041639.640034451,6064267.157934434,5917186.133623353,6007697.5,310000,0.0,0.0
2009-07-10 00:00:00+09:00,5996384.161904762,5996384.161904762,5894558.597839283,5939814.5,477000,0.0,0.0
2009-07-13 00:00:00+09:00,5713536.510526315,5792734.132634253,5374118.5,5374118.5,600000,0.0,0.0
2009-07-14 00:00:00+09:00,5374118.091003003,5826675.403929571,5374118.091003003,5781419.5,281000,0.0,0.0
2009-07-15 00:00:00+09:00,5724849.510436059,5770105.411792908,5543826.768193185,5617367.5,200000,0.0,0.0
2009-07-16 00:00:00+09:00,5770105.731945215,5770105.731945215,5611710.5,5611710.5,239000,0.0,0.0
2009-07-17 00:00:00+09:00,5656966.19047619,5996384.161904762,5572111.697619047,5939814.5,227000,0.0,0.0
2009-07-21 00:00:00+09:00,6052953.371823137,6086895.080113043,5826674.741100776,5837988.5,346000,0.0,0.0
2009-07-22 00:00:00+09:00,5894557.747503161,6154778.5,5883243.989391215,6154778.5,355000,0.0,0.0
2009-07-23 00:00:00+09:00,6098208.644961233,6109522.402699727,5883243.795192329,5917185.5,317000,0.0,0.0
2009-07-24 00:00:00+09:00,5962442.655372052,5962442.655372052,5555140.816746987,5736164.0,686000,0.0,0.0
2009-07-27 00:00:00+09:00,5758791.033550591,5758791.033550591,5555139.930916414,5572111.0,526000,0.0,0.0
2009-07-28 00:00:00+09:00,5645652.220059582,5645652.220059582,5458972.170103093,5487257.0,748000,0.0,0.0
2009-07-29 00:00:00+09:00,5492913.566206807,5656965.656565657,5492913.566206807,5600396.0,270000,0.0,0.0
2009-07-30 00:00:00+09:00,5606053.062691453,5736163.449684786,5589082.424122046,5713535.5,164000,0.0,0.0
2009-07-31 00:00:00+09:00,5758792.457049144,5758792.457049144,5623025.165597189,5651310.0,156000,0.0,0.0
2009-08-03 00:00:00+09:00,5702222.0165502,5951128.180336096,5690907.825364855,5871931.0,395000,0.0,0.0
2009-08-04 00:00:00+09:00,5419373.951784627,5515542.207378936,5374118.048215373,5396746.0,1334000,0.0,0.0
2009-08-05 00:00:00+09:00,5351490.30786453,5396746.213221813,5323205.474914302,5362804.5,470000,0.0,0.0
2009-08-06 00:00:00+09:00,5362804.22915865,5362804.22915865,5136525.576984737,5204409.0,546000,0.0,0.0
2009-08-07 00:00:00+09:00,5113897.778804007,5113897.778804007,4887619.119844469,4893276.0,881000,0.0,0.0
2009-08-10 00:00:00+09:00,4898932.153426945,4966816.0,4898932.153426945,4966816.0,645000,0.0,0.0
2009-08-11 00:00:00+09:00,4921560.617341158,5402402.746621616,4898932.666115388,5221380.0,1055000,0.0,0.0
2009-08-12 00:00:00+09:00,5176124.5,5187438.260696411,5006415.5,5091270.0,800000,0.0,0.0
2009-08-13 00:00:00+09:00,5046013.518813416,5068641.469219089,5000758.049594328,5023386.0,340000,0.0,0.0
2009-08-14 00:00:00+09:00,5012072.012456819,5198752.071391228,4978130.301266638,5181781.0,310000,0.0,0.0
2009-08-17 00:00:00+09:00,5181781.380348206,5181781.380348206,5029043.452985127,5091270.0,266000,0.0,0.0
2009-08-18 00:00:00+09:00,5012071.276887187,5085612.0,5006414.3977844035,5085612.0,221000,0.0,0.0
2009-08-19 00:00:00+09:00,5040356.449554691,5040356.449554691,4966816.152992245,5017728.5,363000,0.0,0.0
2009-08-20 00:00:00+09:00,4972473.408975251,5017728.879918925,4972473.408975251,5012072.0,165000,0.0,0.0
2009-08-21 00:00:00+09:00,5091269.952775239,5108241.025254743,4978130.6204913445,5068642.0,288000,0.0,0.0
2009-08-24 00:00:00+09:00,5051670.830109026,5068641.469219089,5017728.68870439,5023386.0,120000,0.0,0.0
2009-08-25 00:00:00+09:00,5034699.570064078,5057327.519618769,5017728.5,5017728.5,140000,0.0,0.0
2009-08-26 00:00:00+09:00,5023386.1914301235,5040356.831186899,5012072.0,5012072.0,92000,0.0,0.0
2009-08-27 00:00:00+09:00,5057328.048080817,5170467.376084449,5012072.14424245,5079956.0,252000,0.0,0.0
2009-08-28 00:00:00+09:00,5102583.386161394,5227036.902648425,5102583.386161394,5181781.0,326000,0.0,0.0
2009-08-31 00:00:00+09:00,5227036.896261021,5255321.727483653,5091269.620073928,5096926.5,145000,0.0,0.0
2009-09-02 00:00:00+09:00,5147838.637742747,5238350.0,5108240.051627767,5238350.0,217000,0.0,0.0
2009-09-03 00:00:00+09:00,5317548.778468544,5690908.5,5283607.064073378,5690908.5,537000,0.0,0.0
2009-09-04 00:00:00+09:00,6143464.412240167,6177406.11873144,5837988.1906342795,5951127.5,2035000,0.0,0.0
2009-09-07 00:00:00+09:00,5804047.594955487,5883245.212987236,5758792.121503271,5849303.5,350000,0.0,0.0
2009-09-08 00:00:00+09:00,5792734.215218056,5849303.884445591,5736164.54599052,5758792.5,170000,0.0,0.0
2009-09-09 00:00:00+09:00,5713534.900213258,5951127.267981287,5656965.247735899,5792732.5,136000,0.0,0.0
2009-09-10 00:00:00+09:00,5905871.742261508,5917185.5,5826674.14331548,5917185.5,229000,0.0,0.0
2009-09-11 00:00:00+09:00,5928500.297562733,5939814.056461956,5826674.741100776,5837988.5,77000,0.0,0.0
2009-09-14 00:00:00+09:00,5883244.31372549,5894558.072461147,5747477.050936456,5770105.0,206000,0.0,0.0
2009-09-15 00:00:00+09:00,5713536.067906536,5713536.067906536,5611710.5,5611710.5,97000,0.0,0.0
2009-09-16 00:00:00+09:00,5475943.260636902,5758791.560636902,5475943.260636902,5656966.0,102000,0.0,0.0
2009-09-17 00:00:00+09:00,5758791.318868224,6041639.606993535,5560797.517180506,5962442.0,251000,0.0,0.0
2009-09-18 00:00:00+09:00,6086895.43360219,6086895.43360219,5849303.030182713,5894558.5,114000,0.0,0.0
2009-09-21 00:00:00+09:00,5894558.5,5894558.5,5894558.5,5894558.5,0,0.0,0.0
2009-09-24 00:00:00+09:00,5826675.547477744,5917186.925974472,5668280.3114142455,5849303.5,90000,0.0,0.0
2009-09-25 00:00:00+09:00,-348213.8382352941,-357177.7535628151,-338560.37477268896,-351661.5,93000,900.0,0.0
2009-09-28 00:00:00+09:00,-341318.4716164204,-341318.4716164204,-329596.4178355468,-335802.21875,71000,0.0,0.0
2009-09-29 00:00:00+09:00,-335802.33276071545,-341318.58749999997,-327527.9375,-327527.9375,64000,0.0,0.0
2009-09-30 00:00:00+09:00,-334423.2082650067,-334423.2082650067,-324080.22244237765,-328217.40625,20000,0.0,0.0
2009-10-01 00:00:00+09:00,-324080.1963932018,-325459.266319419,-317184.8730656869,-321666.84375,104000,0.0,0.0
2009-10-02 00:00:00+09:00,-317184.87151550065,-319253.46324293106,-310289.5482216854,-316150.5625,87000,0.0,0.0
2009-10-05 00:00:00+09:00,-305462.8106753341,-313737.2037266409,-305462.8106753341,-309944.78125,97000,0.0,0.0
2009-10-06 00:00:00+09:00,-304428.5617983111,-320632.5625,-304428.5617983111,-320632.5625,165000,0.0,0.0
2009-10-07 00:00:00+09:00,-311668.66132711957,-314771.5625,-309600.0693130574,-314771.5625,110000,0.0,0.0
2009-10-08 00:00:00+09:00,-312013.4154127018,-312358.1763568629,-308910.51430810377,-309600.0625,186000,0.0,0.0
2009-10-09 00:00:00+09:00,-309600.08767094085,-315805.8640811016,-307531.46923064446,-313047.75,156000,0.0,0.0
2009-10-13 00:00:00+09:00,-311668.6638718261,-313737.2559027778,-308910.5236281739,-310289.59375,109000,0.0,0.0
2009-10-14 00:00:00+09:00,-310289.55708152964,-310289.55708152964,-306152.3735085379,-307186.65625,75000,0.0,0.0
2009-10-15 00:00:00+09:00,-310289.57156294934,-312702.92437589867,-306152.38779687247,-307876.21875,187000,0.0,0.0
2009-10-16 00:00:00+09:00,-306152.38097580196,-309944.8037274727,-305462.8328277703,-305807.59375,97000,0.0,0.0
2009-10-19 00:00:00+09:00,-302015.18928777985,-307876.2305349064,-298567.52724955505,-304083.78125,66000,0.0,0.0
2009-10-20 00:00:00+09:00,-302704.73973654595,-303394.261627907,-290293.1352634541,-296498.9375,118000,0.0,0.0
2009-10-21 00:00:00+09:00,-294775.08088235295,-295119.8417981092,-292361.72816848755,-293051.25,35000,0.0,0.0
2009-10-22 00:00:00+09:00,-290637.8746023965,-290637.8746023965,-278571.0593677181,-284087.3125,186000,0.0,0.0
2009-10-23 00:00:00+09:00,-282708.21875,-286155.8799542683,-278571.03582630504,-282708.21875,136000,0.0,0.0
2009-10-26 00:00:00+09:00,-277881.5549244704,-281673.97790449637,-273054.8228119038,-279260.625,136000,0.0,0.0
2009-10-27 00:00:00+09:00,-282708.3025281455,-282708.3025281455,-276157.73903811973,-276502.5,94000,0.0,0.0
2009-10-28 00:00:00+09:00,-275812.9171357057,-279605.33948560775,-273054.77744292084,-275468.15625,62000,0.0,0.0
2009-10-29 00:00:00+09:00,-273744.3640657461,-278571.09605602047,-273054.8158936651,-274089.125,130000,0.0,0.0
2009-10-30 00:00:00+09:00,-279260.63434095844,-288224.550676373,-275812.9721886009,-279950.15625,106000,0.0,0.0
2009-11-02 00:00:00+09:00,-273399.64677143097,-278571.14052143093,-273054.859478569,-275813.0,87000,0.0,0.0
2009-11-04 00:00:00+09:00,-281329.24515500636,-282708.3153687399,-275812.9906036487,-278226.34375,155000,0.0,0.0
2009-11-05 00:00:00+09:00,-276847.2485091503,-277881.53125,-273054.79954865295,-277881.53125,115000,0.0,0.0
2009-11-06 00:00:00+09:00,-284087.3293722193,-286155.9211317344,-264780.4291107924,-283397.78125,218000,0.0,0.0
2009-11-09 00:00:00+09:00,-275812.97385620914,-276157.7348128144,-263746.15625,-263746.15625,252000,0.0,0.0
2009-11-10 00:00:00+09:00,-263746.1230996622,-266849.0239262549,-250989.78518359084,-255126.96875,349000,0.0,0.0
2009-11-11 00:00:00+09:00,-257885.10866332054,-257885.10866332054,-255126.96875,-255126.96875,124000,0.0,0.0
2009-11-12 00:00:00+09:00,-254437.44997058867,-254437.44997058867,-240302.01562500003,-240302.015625,227000,0.0,0.0
2009-11-13 00:00:00+09:00,-237543.88897164207,-237543.88897164207,-225132.3125,-225132.3125,528000,0.0,0.0
2009-11-16 00:00:00+09:00,-226511.3579844311,-227545.6669921875,-220650.34375,-220650.34375,280000,0.0,0.0
2009-11-17 00:00:00+09:00,-215134.0802607139,-217892.20679702362,-203412.0260416667,-206859.6875,503000,0.0,0.0
2009-11-18 00:00:00+09:00,-206170.151781757,-212375.93975243362,-195068.69087201063,-200860.75,694000,0.0,0.0
2009-11-19 00:00:00+09:00,-198792.16963949153,-209962.59914005484,-197206.2484414948,-206514.9375,503000,0.0,0.0
2009-11-20 00:00:00+09:00,-203412.0642471842,-210307.38845895315,-201343.4722443684,-205480.65625,631000,0.0,0.0
2009-11-24 00:00:00+09:00,-205480.62346822346,-210996.88984866196,-189828.25,-189828.25,1087000,0.0,0.0
2009-11-25 00:00:00+09:00,-189828.251358013,-193069.04850905808,-189690.34173836376,-190310.921875,505000,0.0,0.0
2009-11-26 00:00:00+09:00,-197757.88006462232,-201136.58700107207,-193069.0579808028,-197551.015625,446000,0.0,0.0
2009-11-27 00:00:00+09:00,-193069.0879379296,-197551.04627755968,-190793.63135616123,-191069.4375,467000,0.0,0.0
2009-11-30 00:00:00+09:00,-199964.390625,-199964.390625,-193069.0668103448,-199964.390625,314000,0.0,0.0
2009-12-01 00:00:00+09:00,-201688.20015889412,-204101.56586807553,-197895.7777243127,-203963.65625,407000,0.0,0.0
2009-12-02 00:00:00+09:00,-207549.24347896135,-218581.76389529087,-204032.62685646836,-209962.609375,466000,0.0,0.0
2009-12-03 00:00:00+09:00,-210996.86544027406,-217892.18775432365,-206445.95376514402,-208583.5,409000,0.0,0.0
2009-12-04 00:00:00+09:00,-207549.2527501613,-212720.7456933458,-206239.1375220543,-210652.140625,280000,0.0,0.0
2009-12-07 00:00:00+09:00,-210996.89447128383,-219616.04854975306,-210996.89447128383,-216857.921875,427000,0.0,0.0
2009-12-08 00:00:00+09:00,-219960.80407921175,-224098.00056617506,-216857.91657782806,-220305.578125,490000,0.0,0.0
2009-12-09 00:00:00+09:00,-219960.79841130972,-220650.33333333334,-203412.0260416667,-206859.6875,473000,0.0,0.0
2009-12-10 00:00:00+09:00,-233406.69495324127,-234441.0040218253,-207894.0053478202,-210996.90625,2660000,0.0,0.0
2009-12-11 00:00:00+09:00,-216513.16539500502,-238578.1937358172,-211686.44661035226,-237888.671875,2951000,0.0,0.0
2009-12-14 00:00:00+09:00,-241336.34375752957,-244439.24486655547,-228580.0046803469,-228924.765625,1235000,0.0,0.0
2009-12-15 00:00:00+09:00,-231682.86879002626,-231682.86879002626,-221339.88310647916,-222718.953125,867000,0.0,0.0
2009-12-16 00:00:00+09:00,-224442.80021084403,-228924.77151742025,-223408.5173502628,-225477.109375,339000,0.0,0.0
2009-12-17 00:00:00+09:00,-227545.67740384617,-229614.26921043947,-222374.18473557694,-224098.015625,371000,0.0,0.0
2009-12-18 00:00:00+09:00,-220650.37209302327,-225477.10424327297,-220650.37209302327,-222374.203125,308000,0.0,0.0
2009-12-21 00:00:00+09:00,-224098.03415697676,-226856.17432956918,-222374.203125,-222374.203125,433000,0.0,0.0
2009-12-22 00:00:00+09:00,-230993.33918269232,-234096.24004436823,-224098.015625,-224098.015625,856000,0.0,0.0
2009-12-24 00:00:00+09:00,-227545.68503803655,-228235.20689551055,-221684.67033878897,-222718.953125,472000,0.0,0.0
2009-12-25 00:00:00+09:00,-220995.08172454662,-223063.67322188537,-220995.08172454662,-222029.390625,340000,0.0,0.0
2009-12-28 00:00:00+09:00,-222029.43594201372,-226856.1679566697,-221339.88776644954,-223063.71875,368000,0.0,0.0
2009-12-29 00:00:00+09:00,-222718.9565194523,-227200.92757206142,-222718.9565194523,-223753.265625,389000,0.0,0.0
2009-12-30 00:00:00+09:00,-223753.2622147838,-224098.02314352084,-215134.10747849455,-222718.953125,283000,0.0,0.0
2010-01-04 00:00:00+09:00,-224787.5273314008,-227890.42805327364,-223408.48372485355,-227200.90625,246000,0.0,0.0
2010-01-05 00:00:00+09:00,-230993.33357007575,-230993.33357007575,-225132.31920987548,-227545.671875,367000,0.0,0.0
2010-01-06 00:00:00+09:00,-230303.84673437837,-230993.3686566996,-225821.87532856452,-228580.015625,371000,0.0,0.0
2010-01-07 00:00:00+09:00,-229614.27264107123,-241336.328125,-229614.27264107123,-241336.328125,464000,0.0,0.0
2010-01-08 00:00:00+09:00,-246852.60719460933,-260298.49497733222,-246852.60719460933,-257195.59375,1227000,0.0,0.0
2010-01-12 00:00:00+09:00,-262022.28312755757,-268917.60636775644,-252024.05916855505,-257540.3125,1051000,0.0,0.0
2010-01-13 00:00:00+09:00,-250989.79534331715,-257540.33187135993,-248576.41624557847,-252024.078125,299000,0.0,0.0
2010-01-14 00:00:00+09:00,-250300.23698990679,-262022.2921631846,-248231.64520722753,-261677.53125,377000,0.0,0.0
2010-01-15 00:00:00+09:00,-270296.643098455,-270986.16481641,-261677.49010618008,-268572.8125,635000,0.0,0.0
2010-01-18 00:00:00+09:00,-265469.9404761905,-265469.9404761905,-253058.36410425146,-253403.125,614000,0.0,0.0
2010-01-19 00:00:00+09:00,-254092.70627760908,-256161.32474352888,-248231.6907670401,-249266.0,220000,0.0,0.0
2010-01-20 00:00:00+09:00,-249955.43618321876,-258229.82829689397,-249955.43618321876,-254437.40625,289000,0.0,0.0
2010-01-21 00:00:00+09:00,-251679.30960335344,-259953.703125,-246852.5778570953,-259953.703125,487000,0.0,0.0
2010-01-22 00:00:00+09:00,-253747.9115178089,-260298.47441275168,-253747.9115178089,-256850.8125,238000,0.0,0.0
2010-01-25 00:00:00+09:00,-249955.4077167003,-256850.72930888514,-249955.4077167003,-252713.546875,343000,0.0,0.0
2010-01-26 00:00:00+09:00,-253747.88857490235,-259608.92907879126,-251679.296875,-251679.296875,172000,0.0,0.0
2010-01-27 00:00:00+09:00,-252024.08195519447,-252713.63012370197,-244783.9971590909,-246507.828125,168000,0.0,0.0
2010-01-28 00:00:00+09:00,-246163.04633107717,-260298.45379289085,-244783.97641450664,-256506.03125,281000,0.0,0.0
2010-01-29 00:00:00+09:00,-256161.3190350193,-268917.6590048444,-256161.3190350193,-264435.6875,361000,0.0,0.0
2010-02-01 00:00:00+09:00,-264435.65877065423,-265469.9678681933,-250300.25015786762,-259608.953125,409000,0.0,0.0
2010-02-02 00:00:00+09:00,-260643.294130726,-260988.0551390465,-250645.06706795754,-253747.96875,139000,0.0,0.0
2010-02-03 00:00:00+09:00,-256506.07737609974,-268917.65625,-254437.48528104564,-268917.65625,553000,0.0,0.0
2010-02-04 00:00:00+09:00,-272365.2757558434,-290637.89338494244,-272365.2757558434,-282363.5,1329000,0.0,0.0
2010-02-05 00:00:00+09:00,-292016.9635208295,-320977.32984358654,-286845.4704740363,-310634.34375,4146000,0.0,0.0
2010-02-08 00:00:00+09:00,-304083.78125,-323735.4706500258,-303394.2593637846,-304083.78125,1756000,0.0,0.0
2010-02-09 00:00:00+09:00,-308910.50193196244,-309600.05009623274,-285466.4167218048,-301325.65625,792000,0.0,0.0
2010-02-10 00:00:00+09:00,-305118.0519824329,-321666.83820460323,-303394.2211802723,-318563.9375,1454000,0.0,0.0
2010-02-12 00:00:00+09:00,-320632.51030219777,-320632.51030219777,-293051.2190934066,-313737.1875,1433000,0.0,0.0
2010-02-15 00:00:00+09:00,-315805.8532652965,-316495.4014896382,-296843.7111048919,-298222.78125,260000,0.0,0.0
2010-02-16 00:00:00+09:00,-297878.0005269869,-297878.0005269869,-284087.3525979928,-291327.4375,441000,0.0,0.0
2010-02-17 00:00:00+09:00,-295809.40859835246,-298912.28333951737,-288569.2973927718,-291327.4375,418000,0.0,0.0
2010-02-18 00:00:00+09:00,-293051.224421878,-298222.71661755815,-292361.7026505484,-296154.125,190000,0.0,0.0
2010-02-19 00:00:00+09:00,-295464.6376637388,-302359.9620087836,-293396.04562094033,-297188.46875,260000,0.0,0.0
2010-02-22 00:00:00+09:00,-314771.553534096,-342008.0625,-310289.58237831306,-342008.0625,2318000,0.0,0.0
2010-02-23 00:00:00+09:00,-358556.8338712775,-390275.3125,-353730.10200075735,-390275.3125,6854000,0.0,0.0
2010-02-24 00:00:00+09:00,-379242.7754884058,-379242.7754884058,-355109.1443209618,-369589.3125,4775000,0.0,0.0
2010-02-25 00:00:00+09:00,-369589.3523572735,-383380.0002258818,-357177.77453624073,-373726.5625,1968000,0.0,0.0
2010-02-26 00:00:00+09:00,-372347.47723390046,-419925.22095743887,-359246.3517727603,-399239.25,5030000,0.0,0.0
2010-03-01 00:00:00+09:00,-399928.8143537066,-403376.476546411,-376484.7009218869,-386827.6875,1618000,0.0,0.0
2010-03-02 00:00:00+09:00,-382000.9208629939,-385448.5825086759,-354419.62769753794,-366141.65625,2059000,0.0,0.0
2010-03-03 00:00:00+09:00,-359246.30518762,-362693.96656678553,-348213.7992957179,-360625.375,871000,0.0,0.0
2010-03-04 00:00:00+09:00,-353730.0625,-366831.18664219504,-349592.87924644875,-353730.0625,548000,0.0,0.0
2010-03-05 00:00:00+09:00,-357177.79476283165,-382690.50002522854,-354419.680815065,-367520.78125,1263000,0.0,0.0
2010-03-08 00:00:00+09:00,-373726.5019370349,-433715.8157048335,-373726.5019370349,-424751.875,5206000,0.0,0.0
2010-03-09 00:00:00+09:00,-420614.75937900477,-433715.88535650144,-406134.5896595175,-421304.28125,2596000,0.0,0.0
2010-03-10 00:00:00+09:00,-416477.5630855316,-420614.7467948718,-399928.7756410256,-403376.4375,901000,0.0,0.0
2010-03-11 00:00:00+09:00,-406824.0832011397,-441300.7004215753,-404065.94330207625,-436473.96875,2676000,0.0,0.0
2010-03-12 00:00:00+09:00,-430957.6866970172,-434405.34819059336,-415098.4490872809,-417856.5625,1423000,0.0,0.0
2010-03-15 00:00:00+09:00,-424062.4023983108,-430957.7260145435,-412340.34699000075,-419925.21875,780000,0.0,0.0
2010-03-16 00:00:00+09:00,-421304.2608341138,-421993.80897526775,-403376.4300212642,-404755.5,857000,0.0,0.0
2010-03-17 00:00:00+09:00,-410271.76313584205,-413719.4250109332,-401997.36937490886,-405445.03125,686000,0.0,0.0
2010-03-18 00:00:00+09:00,-409582.2153596938,-426130.9755306124,-401997.34393239813,-415098.46875,962000,0.0,0.0
2010-03-19 00:00:00+09:00,-420614.71049271704,-471640.1121230977,-419235.6406074367,-459918.03125,4319000,0.0,0.0
2010-03-23 00:00:00+09:00,-461986.7202179077,-477156.4123762333,-448196.07185319404,-448885.59375,1769000,0.0,0.0
2010-03-24 00:00:00+09:00,-455780.8655675866,-457849.4836274891,-427510.0501893939,-455091.34375,1485000,0.0,0.0
2010-03-25 00:00:00+09:00,-450954.2001214294,-452333.24387857056,-430957.75,-430957.75,950000,0.0,0.0
2010-03-26 00:00:00+09:00,-430957.7452653737,-446817.0113339981,-420614.75937900477,-421304.28125,977000,0.0,0.0
2010-03-29 00:00:00+09:00,-417167.04072271264,-426820.50342615374,-414408.90100642387,-417856.5625,564000,0.0,0.0
2010-03-30 00:00:00+09:00,-427510.0628507252,-443369.3281606259,-414408.9375,-414408.9375,1072000,0.0,0.0
2010-03-31 00:00:00+09:00,-419235.60321318265,-426130.925720977,-410271.6892137636,-423372.8125,1201000,0.0,0.0
2010-04-01 00:00:00+09:00,-426131.07055700227,-432336.87344471045,-422683.40813129256,-430268.28125,608000,0.0,0.0
2010-04-02 00:00:00+09:00,-430268.28125,-430268.28125,-430268.28125,-430268.28125,0,0.0,0.0
2010-04-05 00:00:00+09:00,-432336.7714493999,-435784.43306174985,-417167.0550943459,-418546.125,685000,0.0,0.0
2010-04-06 00:00:00+09:00,-418546.17062045244,-423372.90266455786,-400618.3125,-400618.3125,990000,0.0,0.0
2010-04-07 00:00:00+09:00,-395102.0474529553,-408892.6950171322,-384759.0617798226,-407513.625,870000,0.0,0.0
2010-04-08 00:00:00+09:00,-398549.7564328332,-434405.4495967742,-398549.7564328332,-427510.125,1504000,0.0,0.0
2010-04-09 00:00:00+09:00,-420614.78296743246,-430268.2475241805,-419925.26105776825,-422683.375,381000,0.0,0.0
2010-04-12 00:00:00+09:00,-426820.61882429034,-433715.9436757097,-422683.40813129256,-430268.28125,431000,0.0,0.0
2010-04-13 00:00:00+09:00,-426820.5425842414,-431647.24807521194,-423372.8807743641,-429578.65625,345000,0.0,0.0
2010-04-14 00:00:00+09:00,-431647.25686491677,-458539.0300509904,-431647.25686491677,-453022.75,1850000,0.0,0.0
2010-04-15 00:00:00+09:00,-448196.0669782692,-458539.05313930614,-439921.6727887248,-457849.53125,2388000,0.0,0.0
2010-04-16 00:00:00+09:00,-461986.64080581587,-526802.6875,-452333.1780884455,-526802.6875,5171000,0.0,0.0
2010-04-19 00:00:00+09:00,-506116.82444031176,-539214.3501895177,-492326.17555968824,-499221.5,5254000,0.0,0.0
2010-04-20 00:00:00+09:00,-504048.21313597716,-515770.2964132309,-448196.0949074074,-465434.40625,2079000,0.0,0.0
2010-04-21 00:00:00+09:00,-472329.71127337177,-495084.3023483793,-470261.09295486234,-488878.5,966000,0.0,0.0
2010-04-22 00:00:00+09:00,-489567.9072922067,-541282.8270765947,-475777.2620163699,-538524.6875,2537000,0.0,0.0
2010-04-23 00:00:00+09:00,-538524.8209328183,-540593.4392795999,-510254.0016339869,-527492.3125,1242000,0.0,0.0
2010-04-26 00:00:00+09:00,-527492.2993716703,-578517.7087865688,-527492.2993716703,-547488.75,2326000,0.0,0.0
2010-04-27 00:00:00+09:00,-545420.1611407923,-546109.6830740551,-523355.1436334744,-524734.1875,1142000,0.0,0.0
2010-04-28 00:00:00+09:00,-535077.0899966824,-561968.8620132222,-498531.90722145804,-504737.65625,3247000,0.0,0.0
2010-04-30 00:00:00+09:00,-518528.2287202541,-524044.5077393116,-504048.0620541476,-511632.90625,704000,0.0,0.0
2010-05-06 00:00:00+09:00,-495773.8723270435,-537835.3438225006,-490257.5913475408,-526113.3125,1387000,0.0,0.0
2010-05-07 00:00:00+09:00,-482672.62761062005,-503358.59736536094,-451643.67297850875,-467502.9375,2768000,0.0,0.0
2010-05-10 00:00:00+09:00,-460607.5698754013,-474398.21505002846,-455091.2907626959,-455780.8125,801000,0.0,0.0
2010-05-11 00:00:00+09:00,-476466.76137939957,-476466.76137939957,-415098.40856649855,-417167.0,1343000,0.0,0.0
2010-05-12 00:00:00+09:00,-424062.4372117869,-431647.28329089325,-401307.87267089373,-408892.71875,976000,0.0,0.0
2010-05-13 00:00:00+09:00,-420614.7050502158,-436473.94276680506,-419235.6351827798,-433026.28125,727000,0.0,0.0
2010-05-14 00:00:00+09:00,-426820.5595676316,-449575.096853949,-420614.75754149177,-447506.53125,472000,0.0,0.0
2010-05-17 00:00:00+09:00,-427510.028447563,-439921.6046579073,-404065.9195919138,-412340.3125,734000,0.0,0.0
2010-05-18 00:00:00+09:00,-413719.40972222225,-419925.21138948423,-369589.3288304232,-372347.46875,1299000,0.0,0.0
2010-05-19 00:00:00+09:00,-358556.8063063063,-382690.4375,-342008.0201092024,-382690.4375,2144000,0.0,0.0
2010-05-20 00:00:00+09:00,-362694.03752169467,-367520.7696575081,-342008.0651998435,-349592.9375,3208000,0.0,0.0
2010-05-21 00:00:00+09:00,-328217.3894785713,-358556.82352941175,-326148.7976804621,-351661.5,1523000,0.0,0.0
2010-05-24 00:00:00+09:00,-367520.73725274246,-403376.4247098916,-351661.4984650337,-395102.03125,3835000,0.0,0.0
2010-05-25 00:00:00+09:00,-377174.1609562989,-388896.21493150067,-346834.730232667,-353040.53125,1899000,0.0,0.0
2010-05-26 00:00:00+09:00,-365452.1358173077,-386138.10576923075,-355109.1508413462,-358556.8125,2588000,0.0,0.0
2010-05-27 00:00:00+09:00,-355109.1798679755,-401997.3769975955,-353040.58796441066,-394412.53125,1820000,0.0,0.0
2010-05-28 00:00:00+09:00,-408203.0843911482,-411650.74553245254,-384758.9781088518,-396481.03125,1886000,0.0,0.0
2010-05-31 00:00:00+09:00,-393033.4783914123,-415098.5210355047,-390275.3381970604,-408892.71875,842000,0.0,0.0
2010-06-01 00:00:00+09:00,-412340.3813822875,-439232.15625,-405445.0571909329,-439232.15625,2040000,0.0,0.0
2010-06-02 00:00:00+09:00,-432336.73620583565,-453022.677890072,-419925.1606738664,-424062.34375,2108000,0.0,0.0
2010-06-03 00:00:00+09:00,-437853.0518068808,-444748.3754573828,-425441.47449669155,-431647.25,798000,0.0,0.0
2010-06-04 00:00:00+09:00,-433026.31981489225,-436473.98163874267,-420614.7425097454,-421993.8125,581000,0.0,0.0
2010-06-07 00:00:00+09:00,-401307.84564532986,-416477.5630855316,-396481.11378205125,-403376.4375,455000,0.0,0.0
2010-06-08 00:00:00+09:00,-396481.113224633,-435784.46362239803,-396481.113224633,-416477.5625,1096000,0.0,0.0
2010-06-09 00:00:00+09:00,-424751.8546648757,-427509.99418101914,-402686.84375,-402686.84375,485000,0.0,0.0
2010-06-10 00:00:00+09:00,-403376.3757621951,-424062.34375,-403376.3757621951,-424062.34375,349000,0.0,0.0
2010-06-11 00:00:00+09:00,-432336.83955674805,-433026.36146641226,-422683.375,-422683.375,345000,0.0,0.0
2010-06-14 00:00:00+09:00,-432336.73620583565,-434405.32774390245,-420614.68241869914,-424062.34375,339000,0.0,0.0
2010-06-15 00:00:00+09:00,-427510.0208333334,-428889.09067738056,-413029.8532297611,-413719.375,274000,0.0,0.0
2010-06-16 00:00:00+09:00,-417167.04072271264,-427510.0252034411,-409582.1959582731,-417856.5625,533000,0.0,0.0
2010-06-17 00:00:00+09:00,-424751.94135455793,-424751.94135455793,-412340.3636059093,-419235.6875,212000,0.0,0.0
2010-06-18 00:00:00+09:00,-417167.12930028036,-417856.65122397465,-410271.80484903604,-411650.875,295000,0.0,0.0
2010-06-21 00:00:00+09:00,-410271.7379429134,-437853.03125,-409582.21613166464,-437853.03125,614000,0.0,0.0
2010-06-22 00:00:00+09:00,-437853.07399999996,-438542.5958785705,-428199.60987857054,-430957.75,473000,0.0,0.0
2010-06-23 00:00:00+09:00,-427510.06785735936,-468882.0099080716,-421304.2660283236,-456470.40625,1904000,0.0,0.0
2010-06-24 00:00:00+09:00,-453712.25990628137,-488188.8738016785,-453712.25990628137,-475087.75,2533000,0.0,0.0
2010-06-25 00:00:00+09:00,-461986.6533710355,-468881.97655567783,-442679.7274111806,-450264.625,1197000,0.0,0.0
2010-06-28 00:00:00+09:00,-442679.70380252873,-454401.78415555233,-419235.6220071888,-424751.875,574000,0.0,0.0
2010-06-29 00:00:00+09:00,-425441.47432385036,-438542.57347233844,-413719.41886204464,-421993.8125,419000,0.0,0.0
2010-06-30 00:00:00+09:00,-407513.6064655775,-430268.19495440973,-407513.6064655775,-428889.125,560000,0.0,0.0
2010-07-01 00:00:00+09:00,-418546.1809420597,-424062.4349983972,-391654.40625,-391654.40625,916000,0.0,0.0
2010-07-02 00:00:00+09:00,-379242.8044871795,-406134.5775086085,-373726.550773535,-403376.4375,454000,0.0,0.0
2010-07-05 00:00:00+09:00,-413029.89701870346,-429578.6579910419,-404755.50338074815,-421993.8125,452000,0.0,0.0
2010-07-06 00:00:00+09:00,-422683.3084133917,-422683.3084133917,-406824.070257296,-418546.125,328000,0.0,0.0
2010-07-07 00:00:00+09:00,-419235.66901779606,-419235.66901779606,-403376.4300212642,-404755.5,348000,0.0,0.0
2010-07-08 00:00:00+09:00,-403376.4323533904,-415098.48778505804,-393722.96875,-393722.96875,355000,0.0,0.0
2010-07-09 00:00:00+09:00,-397860.1764098929,-410271.75361137127,-393722.96647368546,-404755.5,122000,0.0,0.0
2010-07-12 00:00:00+09:00,-410271.73698349047,-415098.46856165753,-401997.34375,-401997.34375,350000,0.0,0.0
2010-07-13 00:00:00+09:00,-406824.1146000746,-408892.7065322416,-400618.3125,-400618.3125,67000,0.0,0.0
2010-07-14 00:00:00+09:00,-403376.4803977918,-411650.875,-400618.3400958639,-411650.875,290000,0.0,0.0
2010-07-15 00:00:00+09:00,-408203.19715596945,-408203.19715596945,-384069.5625,-384069.5625,691000,0.0,0.0
2010-07-16 00:00:00+09:00,-373036.98369771324,-389585.7703028005,-373036.98369771324,-383379.96875,272000,0.0,0.0
2010-07-21 00:00:00+09:00,-389585.76199291,-395102.0153090866,-375105.59375,-375105.59375,130000,0.0,0.0
2010-07-22 00:00:00+09:00,-370278.9138471635,-372347.5058411215,-362004.51956775703,-368899.84375,261000,0.0,0.0
2010-07-23 00:00:00+09:00,-373726.5869498685,-386827.6875,-365452.19242666295,-386827.6875,316000,0.0,0.0
2010-07-26 00:00:00+09:00,-397170.62105751876,-397170.62105751876,-384759.04408139095,-393033.4375,91000,0.0,0.0
2010-07-27 00:00:00+09:00,-391654.380069035,-403376.4355949004,-386138.1263814431,-401307.84375,367000,0.0,0.0
2010-07-28 00:00:00+09:00,-403376.4393856598,-406134.5794071618,-399928.77751056873,-405445.03125,184000,0.0,0.0
2010-07-29 00:00:00+09:00,-403376.4646648705,-410961.3107439768,-399239.28067691694,-408892.71875,270000,0.0,0.0
2010-07-30 00:00:00+09:00,-412340.35885566473,-412340.35885566473,-397170.64120270876,-399928.78125,216000,0.0,0.0
2010-08-02 00:00:00+09:00,-408203.1950912233,-412340.37906131905,-401307.87093868095,-406824.125,425000,0.0,0.0
2010-08-03 00:00:00+09:00,-395102.0208210166,-403376.4140625,-348213.82752403844,-358556.8125,2750000,0.0,0.0
2010-08-04 00:00:00+09:00,-353040.5977468816,-354419.66782199545,-346834.7955606561,-347524.34375,849000,0.0,0.0
2010-08-05 00:00:00+09:00,-348213.79427533795,-350282.3858122995,-327527.82629858516,-335802.21875,1146000,0.0,0.0
2010-08-06 00:00:00+09:00,-327527.8768234293,-327527.8768234293,-312358.1593729981,-319943.03125,1778000,0.0,0.0
2010-08-09 00:00:00+09:00,-318563.91872225225,-325114.48064505396,-313737.1875,-313737.1875,1524000,0.0,0.0
2010-08-10 00:00:00+09:00,-317874.3933234538,-321666.8421779089,-314081.9707725696,-316150.5625,609000,0.0,0.0
2010-08-11 00:00:00+09:00,-318563.93647833064,-339939.4278351408,-318219.1755797183,-332699.34375,1299000,0.0,0.0
2010-08-12 00:00:00+09:00,-320287.7722584317,-322701.1248898386,-310979.0700296386,-316150.5625,809000,0.0,0.0
2010-08-13 00:00:00+09:00,-313737.2152805075,-320287.7777833423,-313737.2152805075,-319253.46875,225000,0.0,0.0
2010-08-16 00:00:00+09:00,-315805.8256845505,-315805.8256845505,-310289.57188945264,-310979.09375,453000,0.0,0.0
2010-08-17 00:00:00+09:00,-310634.3328872787,-311323.881051549,-300636.1080857297,-301325.65625,346000,0.0,0.0
2010-08-18 00:00:00+09:00,-304428.5725756574,-306152.4036178671,-291327.4461334342,-298567.53125,524000,0.0,0.0
2010-08-19 00:00:00+09:00,-303738.9641760994,-314426.70925879217,-301325.61171675776,-313737.1875,323000,0.0,0.0
2010-08-20 00:00:00+09:00,-304428.5224596302,-317184.85955056176,-303738.97437411745,-306841.875,375000,0.0,0.0
2010-08-23 00:00:00+09:00,-310289.59375,-313047.73399365216,-304773.33956627053,-310289.59375,200000,0.0,0.0
2010-08-24 00:00:00+09:00,-315116.3149119837,-316840.14592758147,-310634.34375,-310634.34375,266000,0.0,0.0
2010-08-25 00:00:00+09:00,-302015.15422204445,-309600.0256076352,-297188.4226682268,-299946.5625,377000,0.0,0.0
2010-08-26 00:00:00+09:00,-301325.64147473767,-304428.5423028733,-284776.8545937288,-290982.65625,1129000,0.0,0.0
2010-08-27 00:00:00+09:00,-286155.90149430436,-296154.125,-283397.76180184714,-296154.125,509000,0.0,0.0
2010-08-30 00:00:00+09:00,-302015.1817972831,-309255.2666372739,-301325.65992816904,-305462.84375,387000,0.0,0.0
2010-08-31 00:00:00+09:00,-299946.5919249748,-304083.7757749244,-297188.4518226261,-297878.0,267000,0.0,0.0
2010-09-01 00:00:00+09:00,-291672.14316445135,-296498.8742856288,-288224.48183554865,-289948.3125,531000,0.0,0.0
2010-09-02 00:00:00+09:00,-294775.06978163606,-295809.3787935263,-286155.91569445375,-286845.4375,390000,0.0,0.0
2010-09-03 00:00:00+09:00,-288224.51633530797,-293051.2480342332,-285466.4027241876,-290982.65625,282000,0.0,0.0
2010-09-06 00:00:00+09:00,-293740.784200586,-310979.09375,-293051.2623400386,-310979.09375,523000,0.0,0.0
2010-09-07 00:00:00+09:00,-314771.572836478,-314771.572836478,-303394.2769301666,-308910.53125,302000,0.0,0.0
2010-09-08 00:00:00+09:00,-302015.15422204445,-303049.46323485207,-298567.49258411344,-299946.5625,130000,0.0,0.0
2010-09-09 00:00:00+09:00,-299946.56120083254,-307531.40625,-299946.56120083254,-307531.40625,103000,0.0,0.0
2010-09-10 00:00:00+09:00,-312358.1281662523,-312702.8890572237,-302015.14361569047,-306841.875,259000,0.0,0.0
2010-09-13 00:00:00+09:00,-315805.83952516865,-320287.8107258739,-312013.4165188041,-318219.21875,484000,0.0,0.0
2010-09-14 00:00:00+09:00,-319253.5043735389,-337870.8849261001,-317874.43427639094,-328906.96875,643000,0.0,0.0
2010-09-16 00:00:00+09:00,-323390.69535749464,-324080.2172131147,-314771.5406443799,-315461.0625,235000,0.0,0.0
2010-09-17 00:00:00+09:00,-317184.8844140071,-319253.4762255579,-314081.9835448948,-317874.40625,151000,0.0,0.0
2010-09-21 00:00:00+09:00,-324080.2244623656,-327183.1254892093,-316150.5914274954,-320632.5625,251000,0.0,0.0
2010-09-22 00:00:00+09:00,-315805.8367967933,-316495.3849851767,-310634.34375,-310634.34375,570000,0.0,0.0
2010-09-24 00:00:00+09:00,-306841.875,-309600.0147349111,-304083.73526508885,-306841.875,410000,0.0,0.0
2010-09-27 00:00:00+09:00,-302704.73256284953,-302704.73256284953,-290982.6765624899,-291327.4375,525000,0.0,0.0
2010-09-28 00:00:00+09:00,12653.845253282396,12851.56205675742,12623.427819063501,12760.30859375,261000,1000.0,0.0
2010-09-29 00:00:00+09:00,12790.726128120077,12927.60690387835,12182.36815617286,12501.755859375,821000,0.0,0.0
2010-09-30 00:00:00+09:00,12319.248939909421,12532.174462298992,12182.3681640625,12182.3681640625,745000,0.0,0.0
2010-10-01 00:00:00+09:00,12395.295069510266,13292.623410906952,12304.041595547238,13246.99609375,1011000,0.0,0.0
2010-10-04 00:00:00+09:00,13383.87612278568,13475.129591552693,12593.011179670486,12684.2646484375,548000,0.0,0.0
2010-10-05 00:00:00+09:00,12501.756205922291,12988.443293181424,12212.78708951777,12653.845703125,689000,0.0,0.0
2010-10-06 00:00:00+09:00,12669.054870106396,12760.308331236489,12045.48703829088,12349.666015625,978000,0.0,0.0
2010-10-07 00:00:00+09:00,12623.4267578125,12623.4267578125,12623.4267578125,12623.4267578125,10100000,0.0,0.0
2010-10-08 00:00:00+09:00,12258.41291060515,12623.427926080023,12167.159446824118,12182.3681640625,310000,0.0,0.0
2010-10-12 00:00:00+09:00,12182.36753571033,12227.994845422816,11619.636904459996,11817.3525390625,378000,0.0,0.0
2010-10-13 00:00:00+09:00,11604.427612793117,11680.472351644054,11026.48713338575,11148.1591796875,1191000,0.0,0.0
2010-10-14 00:00:00+09:00,11421.922315399292,12167.161169075338,11391.504876616968,11969.4443359375,927000,0.0,0.0
2010-10-15 00:00:00+09:00,11756.51998835224,12015.07170003542,11163.370647039801,11193.7880859375,398000,0.0,0.0
2010-10-18 00:00:00+09:00,11406.710726770416,11406.710726770416,10980.85972883074,11011.2783203125,280000,0.0,0.0
2010-10-19 00:00:00+09:00,11011.278949140582,11376.293945312502,11011.278949140582,11376.2939453125,187000,0.0,0.0
2010-10-20 00:00:00+09:00,11254.623312897333,11376.295380420339,11041.697774907487,11269.83203125,143000,0.0,0.0
2010-10-21 00:00:00+09:00,11406.711921296943,11406.711921296943,11102.532936729023,11208.9951171875,231000,0.0,0.0
2010-10-22 00:00:00+09:00,11087.324219570775,11239.413711854735,11072.11550241253,11208.9951171875,147000,0.0,0.0
2010-10-25 00:00:00+09:00,11315.458007812498,11528.383520608973,11239.413264695952,11315.4580078125,371000,0.0,0.0
2010-10-26 00:00:00+09:00,11361.085479165982,11543.593580088227,11300.250605876063,11467.548828125,233000,0.0,0.0
2010-10-27 00:00:00+09:00,11543.59313386703,11574.010569336195,11391.503635819641,11497.9658203125,192000,0.0,0.0
2010-10-28 00:00:00+09:00,11482.75885636002,11589.22105711304,11163.37109375,11163.37109375,258000,0.0,0.0
2010-10-29 00:00:00+09:00,11026.490382144326,11558.8037109375,10996.072941782246,11558.8037109375,288000,0.0,0.0
2010-11-01 00:00:00+09:00,11786.937285568936,11786.937285568936,11437.13094069556,11452.3408203125,237000,0.0,0.0
2010-11-02 00:00:00+09:00,11452.338957205531,11558.801135099055,11117.74138603171,11391.5029296875,133000,0.0,0.0
2010-11-04 00:00:00+09:00,11193.788368649628,11695.684245594019,11163.3709289837,11543.5947265625,367000,0.0,0.0
2010-11-05 00:00:00+09:00,12075.906389018794,13125.324158657535,12015.0703576693,12669.0556640625,1961000,0.0,0.0
2010-11-08 00:00:00+09:00,12684.264377934021,12973.234656492685,12623.428346603127,12790.7265625,988000,0.0,0.0
2010-11-09 00:00:00+09:00,12790.725938950043,13079.696203421357,12486.546957475128,12942.8154296875,751000,0.0,0.0
2010-11-10 00:00:00+09:00,12942.815687592061,13201.36852320822,12805.934911130653,13155.7412109375,669000,0.0,0.0
2010-11-11 00:00:00+09:00,13155.741590134585,13186.15902562464,12775.517844754972,12790.7265625,368000,0.0,0.0
2010-11-12 00:00:00+09:00,12653.844631071435,12790.725399027275,12486.546430392378,12593.009765625,369000,0.0,0.0
2010-11-15 00:00:00+09:00,12608.219567289294,12608.219567289294,12273.62197677868,12334.4580078125,446000,0.0,0.0
2010-11-16 00:00:00+09:00,12395.29386374223,12516.965924091048,12212.786933569767,12258.4130859375,375000,0.0,0.0
2010-11-17 00:00:00+09:00,12258.411952155167,12714.680395736754,12197.575927607491,12699.4716796875,485000,0.0,0.0
2010-11-18 00:00:00+09:00,12775.517999197982,13079.696999178886,12593.011063349759,13064.48828125,661000,0.0,0.0
2010-11-19 00:00:00+09:00,13672.847155193236,14053.070929473633,13292.62338091284,13444.712890625,1277000,0.0,0.0
2010-11-22 00:00:00+09:00,13870.56291460179,14068.279742693512,13718.47340386997,14037.8623046875,961000,0.0,0.0
2010-11-24 00:00:00+09:00,13870.560551802231,14265.994140624998,13748.889660153496,14265.994140625,986000,0.0,0.0
2010-11-25 00:00:00+09:00,14600.591952377603,14904.770951385468,14296.412953369736,14874.353515625,1350000,0.0,0.0
2010-11-26 00:00:00+09:00,14980.815740992406,15041.651773025986,14296.41299140392,14357.2490234375,812000,0.0,0.0
2010-11-29 00:00:00+09:00,14296.41291360294,14554.964597900123,14053.069947143687,14220.3681640625,464000,0.0,0.0
2010-11-30 00:00:00+09:00,14418.085559984182,14418.085559984182,13688.055470737829,13809.7275390625,509000,0.0,0.0
2010-12-01 00:00:00+09:00,13916.190478810011,14189.952067123682,13809.728283549639,14174.7421875,259000,0.0,0.0
2010-12-02 00:00:00+09:00,14539.755333846919,14539.755333846919,13885.771208577835,14189.9501953125,462000,0.0,0.0
2010-12-03 00:00:00+09:00,14144.323508623387,14433.293790869724,14007.442726469775,14159.5322265625,431000,0.0,0.0
2010-12-06 00:00:00+09:00,14235.57633858744,14509.337890625,14220.367621329964,14509.337890625,369000,0.0,0.0
2010-12-07 00:00:00+09:00,14600.591991221025,14646.21930533391,14281.204273483225,14357.2490234375,461000,0.0,0.0
2010-12-08 00:00:00+09:00,14418.084426729396,14661.427383901257,14402.874549121172,14509.337890625,365000,0.0,0.0
2010-12-09 00:00:00+09:00,14661.427842874024,14661.427842874024,14144.32331747676,14402.875,373000,0.0,0.0
2010-12-10 00:00:00+09:00,14402.875,14570.174376121751,14220.368066495452,14402.875,329000,0.0,0.0
2010-12-13 00:00:00+09:00,14494.130543530377,15041.65253901324,14235.577684308708,14919.98046875,1251000,0.0,0.0
2010-12-14 00:00:00+09:00,15391.455446736836,16608.17132901961,15391.455446736836,16060.6494140625,3994000,0.0,0.0
2010-12-15 00:00:00+09:00,16516.92144761731,16577.757486979164,16060.652892929811,16425.66796875,2086000,0.0,0.0
2010-12-16 00:00:00+09:00,16425.66441081747,16425.66441081747,15908.559928777153,16060.6494140625,1264000,0.0,0.0
2010-12-17 00:00:00+09:00,16121.485263545026,16425.664230781724,15908.559754409202,16182.3212890625,873000,0.0,0.0
2010-12-20 00:00:00+09:00,16395.249752080115,17094.861270701247,16182.32420458215,16303.9951171875,2116000,0.0,0.0
2010-12-21 00:00:00+09:00,16729.844538778823,16973.1875,16608.172477992855,16973.1875,1351000,0.0,0.0
2010-12-22 00:00:00+09:00,17094.85856767015,17186.112027782932,15999.813565264714,16334.4111328125,1900000,0.0,0.0
2010-12-24 00:00:00+09:00,15999.814269055456,16273.575821786559,15847.7247753939,16121.486328125,539000,0.0,0.0
2010-12-27 00:00:00+09:00,16121.486515301138,16243.15857578334,15817.3075244464,15878.1435546875,592000,0.0,0.0
2010-12-28 00:00:00+09:00,15817.308156331752,16060.651126666693,15726.0546875,15726.0546875,439000,0.0,0.0
2010-12-29 00:00:00+09:00,15695.634671506341,15695.634671506341,15482.710316938987,15634.7998046875,592000,0.0,0.0
2010-12-30 00:00:00+09:00,15482.712107472636,15482.712107472636,15087.278465315108,15361.0400390625,1234000,0.0,0.0
2011-01-04 00:00:00+09:00,15513.128353478774,16151.903762717013,15421.874889351991,16121.486328125,949000,0.0,0.0
2011-01-05 00:00:00+09:00,16212.739622409032,16516.9186065456,15695.635117306714,15847.724609375,879000,0.0,0.0
2011-01-06 00:00:00+09:00,15969.396573711048,15999.814007806395,15573.964128717873,15786.8896484375,779000,0.0,0.0
2011-01-07 00:00:00+09:00,15817.307681074768,16303.993607121372,15513.128687207945,16273.576171875,940000,0.0,0.0
2011-01-11 00:00:00+09:00,16364.82771676298,16912.349609375,16212.738237684605,16912.349609375,1385000,0.0,0.0
2011-01-12 00:00:00+09:00,17216.52881380864,17246.94740626983,16486.5,16486.5,1434000,0.0,0.0
2011-01-13 00:00:00+09:00,16729.844192723474,16881.9336853846,16334.411743874705,16821.09765625,1095000,0.0,0.0
2011-01-14 00:00:00+09:00,16881.932177699582,17307.783183259286,16608.17065121825,16912.349609375,1399000,0.0,0.0
2011-01-17 00:00:00+09:00,17064.439088453375,17520.7075256885,16729.842698621207,16912.349609375,1353000,0.0,0.0
2011-01-18 00:00:00+09:00,16851.517429449963,16881.934865969037,16364.83032268901,16577.755859375,799000,0.0,0.0
2011-01-19 00:00:00+09:00,16547.338327492853,16851.51733233389,16395.248825072333,16638.591796875,583000,0.0,0.0
2011-01-20 00:00:00+09:00,16486.501534651514,16608.17243477007,15999.814453125,15999.814453125,785000,0.0,0.0
2011-01-21 00:00:00+09:00,15999.812521211159,16091.067135719899,14874.351319343366,15178.5302734375,1403000,0.0,0.0
2011-01-24 00:00:00+09:00,14935.187743156424,15786.889831934595,14935.187743156424,15665.2177734375,743000,0.0,0.0
2011-01-25 00:00:00+09:00,15604.382246629193,16091.069335937498,15604.382246629193,16091.0693359375,345000,0.0,0.0
2011-01-26 00:00:00+09:00,16091.069335937498,16091.069335937498,16091.069335937498,16091.0693359375,0,0.0,0.0
2011-01-27 00:00:00+09:00,15969.396397057842,16151.9033203125,15847.724341320923,16151.9033203125,310000,0.0,0.0
2011-01-28 00:00:00+09:00,16151.903950246306,16273.576010728508,15756.4714942053,15878.1435546875,495000,0.0,0.0
2011-01-31 00:00:00+09:00,15330.624423635025,15695.638351532685,15300.2058227429,15543.548828125,428000,0.0,0.0
2011-02-01 00:00:00+09:00,15817.310758915552,16030.236328125,15786.893317750346,16030.236328125,307000,0.0,0.0
2011-02-02 00:00:00+09:00,16212.740725957217,16699.42782991337,16212.740725957217,16638.591796875,791000,0.0,0.0
2011-02-03 00:00:00+09:00,16425.663525026463,16638.5890250136,16182.320593762865,16395.24609375,491000,0.0,0.0
2011-02-04 00:00:00+09:00,16577.754261363636,16821.097211111675,16273.575284090908,16729.84375,965000,0.0,0.0
2011-02-07 00:00:00+09:00,16790.680693518756,16912.35159485502,15908.561147164659,16273.576171875,1664000,0.0,0.0
2011-02-08 00:00:00+09:00,16395.249752080115,16547.339263099966,15908.562620606068,16303.9951171875,876000,0.0,0.0
2011-02-09 00:00:00+09:00,16456.086306192894,16456.086306192894,16030.236328125,16030.236328125,553000,0.0,0.0
2011-02-10 00:00:00+09:00,15817.307775679654,16091.069335937498,15756.471744472266,16091.0693359375,399000,0.0,0.0
2011-02-14 00:00:00+09:00,16334.414489882687,16729.847005208332,16334.414489882687,16425.66796875,935000,0.0,0.0
2011-02-15 00:00:00+09:00,16364.827760737056,16547.335832331908,16121.484825627896,16212.73828125,569000,0.0,0.0
2011-02-16 00:00:00+09:00,16486.50164353492,17429.45605717212,16334.412147119196,17307.78515625,1957000,0.0,0.0
2011-02-17 00:00:00+09:00,17490.29146683737,17520.708900900274,16790.680040234023,16942.76953125,1894000,0.0,0.0
2011-02-18 00:00:00+09:00,17064.43540076582,17459.868889195466,16821.092518897844,17186.107421875,1976000,0.0,0.0
2011-02-21 00:00:00+09:00,17429.45564256364,20197.485107694985,17216.5301205765,19467.455078125,6756000,0.0,0.0
2011-02-22 00:00:00+09:00,18919.932526184428,19072.022014079237,18098.649059482315,18463.6640625,3902000,0.0,0.0
2011-02-23 00:00:00+09:00,18250.73889625476,19923.72329507811,17976.977348670644,18615.75390625,4042000,0.0,0.0
2011-02-24 00:00:00+09:00,18494.085420271793,18585.338900301973,17216.5332187964,17551.130859375,2751000,0.0,0.0
2011-02-25 00:00:00+09:00,17338.20265242132,18068.232701926743,17216.530590720162,17885.724609375,1305000,0.0,0.0
2011-02-28 00:00:00+09:00,18098.64949410861,18707.007460297133,17672.798453636347,18554.91796875,1534000,0.0,0.0
2011-03-01 00:00:00+09:00,19041.601395978814,20258.317169788337,18889.511924252623,19163.2734375,6374000,0.0,0.0
2011-03-02 00:00:00+09:00,18798.261184592164,19619.54468243882,18646.171690929845,18767.84375,2758000,0.0,0.0
2011-03-03 00:00:00+09:00,18859.096105238972,21231.692995146353,18859.096105238972,20684.169921875,7322000,0.0,0.0
2011-03-04 00:00:00+09:00,21414.202867986492,23725.962890625,21018.769224862066,23725.962890625,14916000,0.0,0.0
2011-03-07 00:00:00+09:00,24334.32148216306,26402.739736427615,23178.440283479616,26220.23046875,19290000,0.0,0.0
2011-03-08 00:00:00+09:00,26220.23046875,26220.23046875,26220.23046875,26220.23046875,0,0.0,0.0
2011-03-09 00:00:00+09:00,25551.038209432198,26311.48577518911,22448.41306942472,23148.0234375,14339000,0.0,0.0
2011-03-10 00:00:00+09:00,21748.80135277349,22113.815272371445,20501.66775332826,21535.876953125,7133000,0.0,0.0
2011-03-11 00:00:00+09:00,20775.426280120162,22205.066627881206,20684.171653368794,21444.619140625,6209000,0.0,0.0
2011-03-14 00:00:00+09:00,21444.619140625,21444.619140625,21444.619140625,21444.619140625,0,0.0,0.0
2011-03-15 00:00:00+09:00,13840.142578125,13840.142578125,13840.142578125,13840.142578125,485000,0.0,0.0
2011-03-16 00:00:00+09:00,13840.145707568852,14904.772300458762,11710.892521789028,13718.4736328125,14113000,0.0,0.0
2011-03-17 00:00:00+09:00,12471.338607938716,14722.26360131674,12319.24911271995,14387.666015625,5155000,0.0,0.0
2011-03-18 00:00:00+09:00,14722.264161270385,15817.308104354612,14600.592096327335,15269.7861328125,6385000,0.0,0.0
2011-03-22 00:00:00+09:00,16486.49919161497,16760.25954823838,15969.394748636618,16364.8271484375,4656000,0.0,0.0
2011-03-23 00:00:00+09:00,16486.500437001745,16699.42594847137,15726.053010575011,16060.6494140625,3912000,0.0,0.0
2011-03-24 00:00:00+09:00,16060.650413821286,16273.575938545302,15269.785505247239,15421.875,2144000,0.0,0.0
2011-03-25 00:00:00+09:00,15543.545748693094,16091.068852768214,14402.874549121172,14509.337890625,4611000,0.0,0.0
2011-03-28 00:00:00+09:00,14600.590907781907,14752.680396404636,13779.307437149033,13900.9794921875,2736000,0.0,0.0
2011-03-29 00:00:00+09:00,13900.978317400304,13931.395748413954,13201.366960930834,13627.216796875,4476000,0.0,0.0
2011-03-30 00:00:00+09:00,13946.60639996023,14783.098632812498,13779.308185459933,14783.0986328125,3010000,0.0,0.0
2011-03-31 00:00:00+09:00,15056.85946991414,15361.038449104324,14265.994588159947,14478.9189453125,2941000,0.0,0.0
2011-04-01 00:00:00+09:00,14585.383369744695,14737.472870658925,14235.577053501647,14296.4130859375,1864000,0.0,0.0
2011-04-04 00:00:00+09:00,14539.753651491861,14539.753651491861,13627.216796875,13627.216796875,2639000,0.0,0.0
2011-04-05 00:00:00+09:00,13809.725747828363,13809.725747828363,12532.173837531574,13049.2783203125,4822000,0.0,0.0
2011-04-06 00:00:00+09:00,13201.369527445866,13444.712503915893,12516.96675342657,12958.025390625,3777000,0.0,0.0
2011-04-07 00:00:00+09:00,13034.070312500002,13535.966150770018,12958.02555884399,13034.0703125,2477000,0.0,0.0
2011-04-08 00:00:00+09:00,13079.697449816147,13900.981010130585,13003.652697200936,13809.7275390625,4134000,0.0,0.0
2011-04-11 00:00:00+09:00,13870.561696624098,14235.57672239858,13535.965266535444,13946.6064453125,3556000,0.0,0.0
2011-04-12 00:00:00+09:00,13520.756133854471,13672.845626562956,13079.696372929717,13216.5771484375,3287000,0.0,0.0
2011-04-13 00:00:00+09:00,13155.742225689595,13885.77231622658,13140.533507209833,13612.0107421875,1546000,0.0,0.0
2011-04-14 00:00:00+09:00,13444.712320942312,13931.398267258892,13429.503602685698,13855.353515625,1014000,0.0,0.0
2011-04-15 00:00:00+09:00,13703.263777296608,15056.860565230967,13703.263777296608,14615.80078125,6153000,0.0,0.0
2011-04-18 00:00:00+09:00,14707.053361926946,14752.68067351109,14113.9052734375,14113.9052734375,2336000,0.0,0.0
2011-04-19 00:00:00+09:00,13840.145476595779,14387.667483160161,13794.51815923588,14037.8623046875,1667000,0.0,0.0
2011-04-20 00:00:00+09:00,14326.830161073582,14737.472499408013,14220.367977255828,14342.0400390625,1843000,0.0,0.0
2011-04-21 00:00:00+09:00,14691.844459072992,14783.097920736656,14463.710224738472,14676.6357421875,1945000,0.0,0.0
2011-04-22 00:00:00+09:00,14752.681591431434,15817.30809802958,14600.592090488843,15391.45703125,5829000,0.0,0.0
2011-04-25 00:00:00+09:00,15573.962348835736,16456.080600645302,15482.708896627932,16364.8271484375,4848000,0.0,0.0
2011-04-26 00:00:00+09:00,16669.00688846558,16669.00688846558,15604.380521278083,15969.3955078125,4067000,0.0,0.0
2011-04-27 00:00:00+09:00,16151.905002675876,16212.741036880945,15208.950533725247,15361.0400390625,2533000,0.0,0.0
2011-04-28 00:00:00+09:00,15208.950150318993,16030.23369050638,15148.114117647554,15726.0546875,2342000,0.0,0.0
2011-05-02 00:00:00+09:00,15726.0546875,15726.0546875,15726.0546875,15726.0546875,0,0.0,0.0
2011-05-06 00:00:00+09:00,16030.236328125,16030.236328125,16030.236328125,16030.236328125,0,0.0,0.0
2011-05-09 00:00:00+09:00,16030.236328125,16030.236328125,16030.236328125,16030.236328125,0,0.0,0.0
2011-05-10 00:00:00+09:00,16334.412147119196,17551.12811844501,15847.725062378408,17307.78515625,6025000,0.0,0.0
2011-05-11 00:00:00+09:00,16942.76953125,17429.455438360834,16729.844011757483,16942.76953125,2836000,0.0,0.0
2011-05-12 00:00:00+09:00,16912.351965438334,18402.829532185406,16577.755528993464,17399.0390625,8261000,0.0,0.0
2011-05-13 00:00:00+09:00,17399.039510259183,17611.96504818131,16182.32347681939,16516.919921875,3915000,0.0,0.0
2011-05-16 00:00:00+09:00,16456.08286810831,16456.08286810831,15193.740757870859,15421.875,3738000,0.0,0.0
2011-05-17 00:00:00+09:00,15361.039553597262,16243.159120815446,15208.950053066596,15908.5615234375,2400000,0.0,0.0
2011-05-18 00:00:00+09:00,15695.633570885038,16547.335570833577,15695.633570885038,16395.24609375,1592000,0.0,0.0
2011-05-19 00:00:00+09:00,16790.681090655682,16881.934558903922,15908.561523437498,15908.5615234375,2229000,0.0,0.0
2011-05-20 00:00:00+09:00,15908.561523437498,16273.576556781258,15726.054586941022,15908.5615234375,1280000,0.0,0.0
2011-05-23 00:00:00+09:00,15695.634765625,16121.485798014732,15634.799898441364,15695.634765625,1379000,0.0,0.0
2011-05-24 00:00:00+09:00,15421.875068405392,15878.1435546875,15300.203007923192,15878.1435546875,745000,0.0,0.0
2011-05-25 00:00:00+09:00,15847.72544224005,15878.144038462775,15330.6220703125,15330.6220703125,1160000,0.0,0.0
2011-05-26 00:00:00+09:00,15513.128100176447,15786.8896484375,15421.874637539673,15786.8896484375,952000,0.0,0.0
2011-05-27 00:00:00+09:00,15817.310434399224,16060.653439781325,15543.548828125,15543.548828125,897000,0.0,0.0
2011-05-30 00:00:00+09:00,15543.548828125,15543.548828125,15543.548828125,15543.548828125,0,0.0,0.0
2011-05-31 00:00:00+09:00,15543.548828125,15543.548828125,15543.548828125,15543.548828125,0,0.0,0.0
2011-06-01 00:00:00+09:00,16273.573696229696,16364.827148437498,15938.977318017549,16364.8271484375,1143000,0.0,0.0
2011-06-02 00:00:00+09:00,15786.893106117557,15938.982630606739,15604.384980519946,15817.310546875,1263000,0.0,0.0
2011-06-03 00:00:00+09:00,15847.724700832396,15999.814193778391,15604.381744188953,15665.2177734375,866000,0.0,0.0
2011-06-06 00:00:00+09:00,15604.381929563007,15756.471424315767,15361.038970028743,15421.875,965000,0.0,0.0
2011-06-07 00:00:00+09:00,15452.295456030763,15878.146588740869,15421.878015273322,15817.310546875,726000,0.0,0.0
2011-06-08 00:00:00+09:00,15847.724700832396,15847.724700832396,15482.710846042604,15665.2177734375,586000,0.0,0.0
2011-06-09 00:00:00+09:00,15543.545183757828,15756.470698675887,15482.710316938987,15634.7998046875,569000,0.0,0.0
2011-06-10 00:00:00+09:00,15817.30809802958,15878.144130476778,15208.950094259211,15391.45703125,1357000,0.0,0.0
2011-06-13 00:00:00+09:00,15178.532107791754,15938.979584928602,15026.442612364386,15878.1435546875,1309000,0.0,0.0
2011-06-14 00:00:00+09:00,15938.980092016607,17399.0390625,15938.980092016607,17399.0390625,4645000,0.0,0.0
2011-06-15 00:00:00+09:00,17338.202522007145,17794.471009428387,16729.844538778823,16973.1875,4000000,0.0,0.0
2011-06-16 00:00:00+09:00,16577.754790699117,17459.8743170968,16577.754790699117,16760.26171875,2349000,0.0,0.0
2011-06-17 00:00:00+09:00,17277.36459123323,17946.558531248204,16729.842698621207,16912.349609375,5880000,0.0,0.0
2011-06-20 00:00:00+09:00,17034.02234509818,17186.11183032227,15756.470437145677,15938.978515625,3444000,0.0,0.0
2011-06-21 00:00:00+09:00,16121.4867713658,16486.501798259334,15938.979838094425,16091.0693359375,1954000,0.0,0.0
2011-06-22 00:00:00+09:00,16425.66566880841,16425.66566880841,16060.65064409807,16273.576171875,806000,0.0,0.0
2011-06-23 00:00:00+09:00,16030.233048417713,16151.903948536266,15969.397018183052,15999.814453125,607000,0.0,0.0
2011-06-24 00:00:00+09:00,16303.993238272044,17277.36622869517,16212.739774246602,16760.26171875,6475000,0.0,0.0
2011-06-27 00:00:00+09:00,16760.262799191092,16973.188335877083,16395.248919558908,16577.755859375,2458000,0.0,0.0
2011-06-28 00:00:00+09:00,16638.590199679078,16790.6796875,16425.664684659645,16790.6796875,930000,0.0,0.0
2011-06-29 00:00:00+09:00,17034.022635943336,17094.858663141848,16729.84366030149,16790.6796875,1783000,0.0,0.0
2011-06-30 00:00:00+09:00,16942.771671218256,16942.771671218256,16182.324120089526,16243.16015625,2361000,0.0,0.0
2011-07-01 00:00:00+09:00,16425.664230781724,16547.336281816675,16182.321289062502,16182.3212890625,1416000,0.0,0.0
2011-07-04 00:00:00+09:00,16425.66495079809,16729.843931368425,16364.828922613879,16608.171875,1382000,0.0,0.0
2011-07-05 00:00:00+09:00,16790.681203235083,16790.681203235083,16547.338232824593,16699.427734375,720000,0.0,0.0
2011-07-06 00:00:00+09:00,16821.099511032302,16973.18902046361,16729.846037443695,16881.935546875,842000,0.0,0.0
2011-07-07 00:00:00+09:00,16973.18861084193,17642.38266825989,16881.93513945558,17368.62109375,2500000,0.0,0.0
2011-07-08 00:00:00+09:00,17642.379573091453,17642.379573091453,16790.678722322686,16912.349609375,2581000,0.0,0.0
2011-07-11 00:00:00+09:00,16821.097211111675,16881.933238636364,16486.50080025196,16729.84375,1439000,0.0,0.0
2011-07-12 00:00:00+09:00,16577.757486979164,16608.174926484622,16334.414489882687,16425.66796875,1055000,0.0,0.0
2011-07-13 00:00:00+09:00,16334.412886169936,16577.755859375,16273.576852780963,16577.755859375,582000,0.0,0.0
2011-07-14 00:00:00+09:00,16608.17270032332,16608.17270032332,15908.56124231534,16091.0693359375,1649000,0.0,0.0
2011-07-15 00:00:00+09:00,16608.17270032332,16608.17270032332,15908.56124231534,16091.0693359375,1649000,0.0,0.0
2011-07-19 00:00:00+09:00,16182.32497165352,16516.92144761731,16182.32497165352,16425.66796875,571000,0.0,0.0
2011-07-20 00:00:00+09:00,16699.429360106707,16699.429360106707,16395.250327393293,16547.33984375,670000,0.0,0.0
2011-07-21 00:00:00+09:00,16456.081843734264,16456.081843734264,16030.231981145706,16060.6494140625,1139000,0.0,0.0
2011-07-22 00:00:00+09:00,16212.73934818096,16334.411403917878,16060.64985868517,16151.9033203125,724000,0.0,0.0
2011-07-25 00:00:00+09:00,16182.321289062502,16334.41077268085,16151.902696128427,16182.3212890625,731000,0.0,0.0
2011-07-26 00:00:00+09:00,16243.15661666642,16516.916979206486,16182.320593762865,16395.24609375,728000,0.0,0.0
2011-07-27 00:00:00+09:00,16516.918327172538,16547.336921282127,16151.9033203125,16151.9033203125,1034000,0.0,0.0
2011-07-28 00:00:00+09:00,15817.308156331752,16030.23369050638,15513.129153325372,15726.0546875,2546000,0.0,0.0
2011-07-29 00:00:00+09:00,15513.128020416141,15817.307001208614,15391.45596395886,15452.2919921875,909000,0.0,0.0
2011-08-01 00:00:00+09:00,15421.874637539673,16030.232602252476,15421.874637539673,15786.8896484375,1265000,0.0,0.0
2011-08-02 00:00:00+09:00,15817.306820693699,16091.068364422914,15573.963870907015,15695.634765625,989000,0.0,0.0
2011-08-03 00:00:00+09:00,14661.4255121909,14996.021890543041,14615.798205892606,14646.216796875,2593000,0.0,0.0
2011-08-04 00:00:00+09:00,14767.88739349172,14798.305983884478,13733.6796875,13733.6796875,2085000,0.0,0.0
2011-08-05 00:00:00+09:00,12881.98118004109,13216.578802074519,12349.667888959211,12866.7724609375,3303000,0.0,0.0
2011-08-08 00:00:00+09:00,12745.101750761458,13003.65346069336,12167.1611328125,12167.1611328125,2160000,0.0,0.0
2011-08-09 00:00:00+09:00,11817.352885370237,12410.502127261374,11254.622237629072,12364.8759765625,3269000,0.0,0.0
2011-08-10 00:00:00+09:00,12775.518492706095,13094.906222953578,12425.712165074994,12516.966796875,1553000,0.0,0.0
2011-08-11 00:00:00+09:00,12151.951281307289,13353.45856330202,11862.98099925527,13064.48828125,1280000,0.0,0.0
2011-08-12 00:00:00+09:00,12988.443987903029,13338.249153969053,12714.682414154975,12958.025390625,733000,0.0,0.0
2011-08-15 00:00:00+09:00,13018.859815980752,13110.113275836204,12775.51686958265,12988.4423828125,442000,0.0,0.0
2011-08-16 00:00:00+09:00,12988.444534467999,13110.11544764761,12821.146303626729,12866.7724609375,467000,0.0,0.0
2011-08-17 00:00:00+09:00,12866.769971384301,12866.769971384301,12501.754981769362,12836.3525390625,399000,0.0,0.0
2011-08-18 00:00:00+09:00,12836.352477313156,14448.500749977336,12623.426971032832,13338.2470703125,2658000,0.0,0.0
2011-08-19 00:00:00+09:00,12775.518117204512,13034.069805436186,12684.2646484375,12684.2646484375,1274000,0.0,0.0
2011-08-22 00:00:00+09:00,12699.471937308283,12958.023596442552,12395.292968750002,12395.29296875,690000,0.0,0.0
2011-08-23 00:00:00+09:00,12395.294728042223,12577.801670940544,12395.294728042223,12516.966796875,425000,0.0,0.0
2011-08-24 00:00:00+09:00,12881.979952130187,12973.23457875511,12410.502742754787,12532.1748046875,620000,0.0,0.0
2011-08-25 00:00:00+09:00,12471.337457896707,12699.4716796875,12471.337457896707,12699.4716796875,327000,0.0,0.0
2011-08-26 00:00:00+09:00,12471.33961040484,12912.399414062502,12471.33961040484,12912.3994140625,368000,0.0,0.0
2011-08-29 00:00:00+09:00,12927.608564053364,13170.951552012424,12805.936489898386,13003.6533203125,741000,0.0,0.0
2011-08-30 00:00:00+09:00,13064.487919525252,13323.039598210018,13018.86060665111,13231.7861328125,693000,0.0,0.0
2011-08-31 00:00:00+09:00,13323.040283203713,13535.965820312502,13079.69730951545,13535.9658203125,454000,0.0,0.0
2011-09-01 00:00:00+09:00,13535.963620364011,14296.411014766483,13535.963620364011,13840.142578125,1929000,0.0,0.0
2011-09-02 00:00:00+09:00,13900.980861020307,14053.070364619323,13444.712350223257,13535.9658203125,679000,0.0,0.0
2011-09-05 00:00:00+09:00,13323.04084877767,13490.339077768369,13246.99609375,13246.99609375,369000,0.0,0.0
2011-09-06 00:00:00+09:00,12958.026531186228,13018.862570746212,12577.802734375,12577.802734375,778000,0.0,0.0
2011-09-07 00:00:00+09:00,12775.516956616064,13399.08362361885,12775.516956616064,13125.3232421875,1595000,0.0,0.0
2011-09-08 00:00:00+09:00,13231.78714762465,13338.24933869508,12805.936062641214,12912.3994140625,408000,0.0,0.0
2011-09-09 00:00:00+09:00,12790.725497173575,12973.233575965349,12714.680754431341,12851.5615234375,346000,0.0,0.0
2011-09-12 00:00:00+09:00,12562.591531829026,12714.681020496086,12349.666015625,12349.666015625,370000,0.0,0.0
2011-09-13 00:00:00+09:00,12547.385581411967,12593.012902212035,12380.087339063335,12471.3408203125,997000,0.0,0.0
2011-09-14 00:00:00+09:00,12380.086550301798,12471.340025737012,11832.56453733962,11893.3994140625,883000,0.0,0.0
2011-09-15 00:00:00+09:00,11862.982040829318,12197.578506045682,11802.146003421552,12030.2802734375,514000,0.0,0.0
2011-09-16 00:00:00+09:00,12197.575752444835,12623.4267578125,12182.367036613983,12623.4267578125,559000,0.0,0.0
2011-09-20 00:00:00+09:00,12319.249290141739,12577.800971596995,12273.62197677868,12334.4580078125,305000,0.0,0.0
2011-09-21 00:00:00+09:00,12395.292880899378,12516.964931600622,12319.248139298768,12456.12890625,177000,0.0,0.0
2011-09-22 00:00:00+09:00,12167.1590005418,12288.8310546875,11923.816052601105,12288.8310546875,665000,0.0,0.0
2011-09-26 00:00:00+09:00,11954.235963807223,11969.444683640188,11132.95232896683,11543.5947265625,1281000,0.0,0.0
2011-09-27 00:00:00+09:00,11832.56241586712,12015.069334015692,11589.218311201443,11817.3525390625,491000,0.0,0.0
2011-09-28 00:00:00+09:00,-481.9645987101218,-482.57934008146583,-455.5302976264839,-467.2105712890625,375000,1000.0,0.0
2011-09-29 00:00:00+09:00,-459.2187796727669,-477.0465603443779,-456.1450260018601,-475.81707763671875,338000,0.0,0.0
2011-09-30 00:00:00+09:00,-479.5055726614551,-486.88256271092774,-469.6695702949052,-475.81707763671875,431000,0.0,0.0
2011-10-03 00:00:00+09:00,-467.2105464798478,-467.82528781854865,-455.53027343750006,-455.5302734375,458000,0.0,0.0
2011-10-04 00:00:00+09:00,-445.079546968212,-445.079546968212,-432.1697907555459,-437.0877685546875,619000,0.0,0.0
2011-10-05 00:00:00+09:00,-440.1615578727571,-442.0058290102213,-416.8010559082031,-416.8010559082031,1056000,0.0,0.0
2011-10-06 00:00:00+09:00,-419.2599939898803,-433.39928004275953,-418.6452526183986,-429.7107849121094,357000,0.0,0.0
2011-10-07 00:00:00+09:00,-436.4730857085522,-440.7763227224372,-434.01407302843256,-438.9320983886719,242000,0.0,0.0
2011-10-11 00:00:00+09:00,-454.30080187587026,-457.98929690008293,-444.46479951071694,-448.7680358886719,588000,0.0,0.0
2011-10-12 00:00:00+09:00,-453.6860759326295,-472.1285985818947,-448.76805113212123,-469.6695861816406,516000,0.0,0.0
2011-10-13 00:00:00+09:00,-477.6612548828125,-482.57927903495323,-472.128536338847,-477.6612548828125,553000,0.0,0.0
2011-10-14 00:00:00+09:00,-468.44005150642477,-474.5875589902453,-463.52207366042427,-464.7515563964844,286000,0.0,0.0
2011-10-17 00:00:00+09:00,-474.58757111747155,-474.58757111747155,-462.90734412115336,-468.4400634765625,246000,0.0,0.0
2011-10-18 00:00:00+09:00,-462.9073626786079,-462.9073626786079,-449.382817185367,-449.99755859375,332000,0.0,0.0
2011-10-19 00:00:00+09:00,-454.91551779499343,-459.83354215347964,-445.0795159797773,-453.68603515625,246000,0.0,0.0
2011-10-20 00:00:00+09:00,-454.91555209926787,-456.7598230982121,-438.3173007158093,-439.5467834472656,283000,0.0,0.0
2011-10-21 00:00:00+09:00,-438.93202842890065,-443.8500061035156,-432.7845211593131,-443.8500061035156,211000,0.0,0.0
2011-10-24 00:00:00+09:00,-449.9975075856766,-455.53027343750006,-444.4647886356109,-455.5302734375,296000,0.0,0.0
2011-10-25 00:00:00+09:00,-464.1367901841883,-464.75153151931255,-452.45651720979765,-453.0712585449219,186000,0.0,0.0
2011-10-26 00:00:00+09:00,-445.07952532207446,-457.98928090688344,-445.07952532207446,-454.91552734375,140000,0.0,0.0
2011-10-27 00:00:00+09:00,-459.83358322001993,-465.3663024902344,-454.91555842231776,-465.3663024902344,114000,0.0,0.0
2011-10-28 00:00:00+09:00,-478.2760430781458,-481.9645377413742,-471.51374814351374,-477.6612548828125,530000,0.0,0.0
2011-10-31 00:00:00+09:00,-484.42358132781897,-491.18582980056175,-479.5055568557747,-481.9645690917969,426000,0.0,0.0
2011-11-01 00:00:00+09:00,-477.6613153071927,-479.50558632298515,-467.2105712890625,-467.2105712890625,238000,0.0,0.0
2011-11-02 00:00:00+09:00,-461.06305659212023,-465.36629302627625,-450.612312736736,-464.1368103027344,293000,0.0,0.0
2011-11-04 00:00:00+09:00,-464.13681003275866,-491.18585205078125,-462.29253904675915,-491.18585205078125,728000,0.0,0.0
2011-11-07 00:00:00+09:00,-504.09571048557495,-526.8414737833627,-492.4154346427505,-520.0792236328125,2382000,0.0,0.0
2011-11-08 00:00:00+09:00,-528.6856512987885,-540.3659250682998,-500.40712584222865,-505.3251037597656,1600000,0.0,0.0
2011-11-09 00:00:00+09:00,-513.931584353737,-528.6856107790861,-506.5545945919409,-514.5463256835938,800000,0.0,0.0
2011-11-10 00:00:00+09:00,-491.80061926205974,-502.8661519561608,-480.7350865679586,-490.5711364746094,546000,0.0,0.0
2011-11-11 00:00:00+09:00,-489.34164650343587,-504.7104171028011,-489.34164650343587,-491.8006591796875,390000,0.0,0.0
2011-11-14 00:00:00+09:00,-505.93982857092135,-533.6036091802287,-505.93982857092135,-531.7593383789062,841000,0.0,0.0
2011-11-15 00:00:00+09:00,-524.9971543919512,-538.5216522474708,-517.6201171875,-517.6201171875,488000,0.0,0.0
2011-11-16 00:00:00+09:00,-526.2266098362832,-528.6856221101705,-504.71033451784604,-507.7840881347656,392000,0.0,0.0
2011-11-17 00:00:00+09:00,-504.09559264293847,-528.6856215523501,-495.4890731442928,-524.3823852539062,439000,0.0,0.0
2011-11-18 00:00:00+09:00,-539.7512640198368,-539.7512640198368,-524.3824927994743,-528.6857299804688,445000,0.0,0.0
2011-11-21 00:00:00+09:00,-524.9971688456285,-536.0626546043079,-523.7676391601562,-523.7676391601562,327000,0.0,0.0
2011-11-22 00:00:00+09:00,-523.7676391601562,-523.7676391601562,-523.7676391601562,-523.7676391601562,0,0.0,0.0
2011-11-24 00:00:00+09:00,-494.25964110278574,-494.25964110278574,-475.81711753105316,-477.0466003417969,479000,0.0,0.0
2011-11-25 00:00:00+09:00,-485.6530859945422,-492.415334773608,-473.35807115923734,-491.18585205078125,287000,0.0,0.0
2011-11-28 00:00:00+09:00,-491.8005812311747,-510.24310302734375,-491.8005812311747,-510.24310302734375,223000,0.0,0.0
2011-11-29 00:00:00+09:00,-516.3906344376384,-522.5381419904675,-501.63660693049667,-517.6201171875,339000,0.0,0.0
2011-11-30 00:00:00+09:00,-510.24309987029136,-524.3823852539062,-510.24309987029136,-524.3823852539062,334000,0.0,0.0
2011-12-01 00:00:00+09:00,-529.915098889075,-534.8331233820265,-517.0053432222742,-519.46435546875,437000,0.0,0.0
2011-12-02 00:00:00+09:00,-516.390620264308,-516.390620264308,-506.5546178301017,-515.77587890625,237000,0.0,0.0
2011-12-05 00:00:00+09:00,-515.1612078032263,-519.4644447982452,-507.1694283533163,-517.0054321289062,217000,0.0,0.0
2011-12-06 00:00:00+09:00,-513.3168470846408,-516.3906006599979,-506.55459859920654,-509.01361083984375,247000,0.0,0.0
2011-12-07 00:00:00+09:00,-509.0136601553068,-511.4726257324219,-501.6366227186757,-511.4726257324219,310000,0.0,0.0
2011-12-08 00:00:00+09:00,-502.8661472918996,-509.6283963636783,-493.03009747648167,-496.1038513183594,611000,0.0,0.0
2011-12-09 00:00:00+09:00,-495.48910522460943,-497.33337627292536,-490.57112726536866,-495.4891052246094,250000,0.0,0.0
2011-12-12 00:00:00+09:00,-501.6365966796875,-506.5546213821564,-498.5628429660843,-501.6365966796875,323000,0.0,0.0
2011-12-13 00:00:00+09:00,-497.94808849656437,-510.85784437353107,-491.8005812311747,-510.24310302734375,556000,0.0,0.0
2011-12-14 00:00:00+09:00,-508.39880485041755,-508.39880485041755,-499.79233266135583,-500.4070739746094,168000,0.0,0.0
2011-12-15 00:00:00+09:00,-493.03006878419484,-496.7186107011996,-488.1120910644531,-488.1120910644531,598000,0.0,0.0
2011-12-16 00:00:00+09:00,-493.03006878419484,-496.7186107011996,-488.1120910644531,-488.1120910644531,598000,0.0,0.0
2011-12-19 00:00:00+09:00,-496.7185947513214,-496.7185947513214,-489.34155805595094,-494.25958251953125,168000,0.0,0.0
2011-12-20 00:00:00+09:00,-490.57112726536866,-504.09562528048207,-488.1121148348677,-495.4891052246094,214000,0.0,0.0
2011-12-21 00:00:00+09:00,-499.17750141800843,-501.63651336081546,-492.41525375160285,-496.7185363769531,269000,0.0,0.0
2011-12-22 00:00:00+09:00,-499.1775206091915,-499.1775206091915,-485.65302475642295,-486.88250732421875,299000,0.0,0.0
2011-12-26 00:00:00+09:00,-486.8825073242188,-486.8825073242188,-486.8825073242188,-486.88250732421875,0,0.0,0.0
2011-12-27 00:00:00+09:00,-481.3498863613663,-486.88260593881404,-479.505615234375,-479.505615234375,219000,0.0,0.0
2011-12-28 00:00:00+09:00,-477.0466003417969,-481.96462538829735,-471.51383388992457,-477.0466003417969,405000,0.0,0.0
2011-12-29 00:00:00+09:00,-477.66138341754817,-488.11217582763067,-475.2024175815447,-485.0384216308594,221000,0.0,0.0
2011-12-30 00:00:00+09:00,-485.03832266138517,-485.6530639949513,-478.8908155222085,-481.9645690917969,270000,0.0,0.0
2012-01-04 00:00:00+09:00,-485.6530809106469,-488.72683458729654,-480.73505626730383,-486.267822265625,341000,0.0,0.0
2012-01-05 00:00:00+09:00,-489.3415975992377,-499.17760041948026,-485.65310240436685,-495.4891052246094,506000,0.0,0.0
2012-01-06 00:00:00+09:00,-504.0955845449346,-505.93985544421656,-487.49733405842625,-494.25958251953125,429000,0.0,0.0
2012-01-10 00:00:00+09:00,-491.80062125636437,-494.25963374299863,-473.97283935546875,-473.97283935546875,403000,0.0,0.0
2012-01-11 00:00:00+09:00,-477.0465981805197,-494.2596388635243,-477.0465981805197,-493.6448974609375,728000,0.0,0.0
2012-01-12 00:00:00+09:00,-490.5711364746094,-493.64489034499724,-483.1940990446213,-490.5711364746094,502000,0.0,0.0
2012-01-13 00:00:00+09:00,-492.4153606557849,-492.4153606557849,-485.65311152128396,-490.5711364746094,239000,0.0,0.0
2012-01-16 00:00:00+09:00,-491.18587298145746,-491.18587298145746,-477.0465865576422,-485.6531066894531,414000,0.0,0.0
2012-01-17 00:00:00+09:00,-478.2760458838349,-484.4235526591965,-475.2022924961541,-480.1202697753906,372000,0.0,0.0
2012-01-18 00:00:00+09:00,-483.8087540029756,-488.1120367937682,-481.96453015128185,-486.88250732421875,219000,0.0,0.0
2012-01-19 00:00:00+09:00,-488.11212399794664,-499.79239808577296,-487.49738260422146,-490.5711364746094,469000,0.0,0.0
2012-01-20 00:00:00+09:00,-488.1120753909345,-496.1038065170559,-488.1120753909345,-494.25958251953125,182000,0.0,0.0
2012-01-23 00:00:00+09:00,-498.5628662109375,-500.40713728579,-495.4891123540245,-498.5628662109375,195000,0.0,0.0
2012-01-24 00:00:00+09:00,-504.0956372827854,-506.5546497718343,-495.4891170219951,-499.1776123046875,461000,0.0,0.0
2012-01-25 00:00:00+09:00,-499.1776123046875,-499.1776123046875,-492.4153631361245,-499.1776123046875,259000,0.0,0.0
2012-01-26 00:00:00+09:00,-524.9971369832047,-543.4396590301433,-519.4643709887713,-536.0626220703125,3267000,0.0,0.0
2012-01-27 00:00:00+09:00,-534.8331480734665,-554.5051531499475,-523.767615904346,-526.8413696289062,1684000,0.0,0.0
2012-01-30 00:00:00+09:00,-542.210176907604,-542.210176907604,-526.2266657807276,-529.9151611328125,406000,0.0,0.0
2012-01-31 00:00:00+09:00,-522.5381430386453,-536.6774291992188,-522.5381430386453,-536.6774291992188,338000,0.0,0.0
2012-02-01 00:00:00+09:00,-537.9069222180716,-569.8739434063267,-537.9069222180716,-563.1116943359375,2053000,0.0,0.0
2012-02-02 00:00:00+09:00,-570.4886830871246,-571.7181657581597,-545.2838662150901,-554.505126953125,910000,0.0,0.0
2012-02-03 00:00:00+09:00,-553.2756961760468,-571.718219381915,-553.2756961760468,-568.0297241210938,949000,0.0,0.0
2012-02-06 00:00:00+09:00,-583.3985729698445,-593.2345773064897,-579.0952888275966,-589.5460815429688,842000,0.0,0.0
2012-02-07 00:00:00+09:00,-587.7017636747893,-587.7017636747893,-574.7920060738054,-580.9395141601562,639000,0.0,0.0
2012-02-08 00:00:00+09:00,-596.3082744027012,-629.5048268941322,-595.0787915667,-600.6115112304688,2028000,0.0,0.0
2012-02-09 00:00:00+09:00,-595.0787361425248,-612.906470112928,-587.0869577475611,-605.5294799804688,744000,0.0,0.0
2012-02-10 00:00:00+09:00,-603.6851758973522,-606.144188107268,-599.3819397063173,-603.0704345703125,534000,0.0,0.0
2012-02-13 00:00:00+09:00,-602.4557907952168,-635.65234375,-602.4557907952168,-635.65234375,1931000,0.0,0.0
2012-02-14 00:00:00+09:00,-633.1933265551194,-638.1113517356706,-617.2098150709741,-630.7343139648438,1113000,0.0,0.0
2012-02-15 00:00:00+09:00,-633.1932713068865,-660.2423136362705,-623.3572687057723,-650.4063110351562,1544000,0.0,0.0
2012-02-16 00:00:00+09:00,-641.7997620350942,-656.5537887178536,-634.4227252428354,-638.1112670898438,1053000,0.0,0.0
2012-02-17 00:00:00+09:00,-646.7177650380285,-662.7013219308877,-643.0292699480455,-660.2423095703125,1436000,0.0,0.0
2012-02-20 00:00:00+09:00,-672.5373192744099,-678.6848266774634,-654.0947970652493,-655.3242797851562,1327000,0.0,0.0
2012-02-21 00:00:00+09:00,-644.2587877325824,-651.6357777769003,-617.2097460671517,-629.5047607421875,1608000,0.0,0.0
2012-02-22 00:00:00+09:00,-625.8162440323651,-647.9472603001275,-620.8982195720814,-643.0292358398438,820000,0.0,0.0
2012-02-23 00:00:00+09:00,-655.3242693409022,-695.8978081740615,-655.3242693409022,-693.4388427734375,2643000,0.0,0.0
2012-02-24 00:00:00+09:00,-688.5208651362755,-711.8814132498181,-683.6028401960259,-708.19287109375,1384000,0.0,0.0
2012-02-27 00:00:00+09:00,-708.1927855156133,-719.2583168431332,-700.8157958984375,-700.8157958984375,972000,0.0,0.0
2012-02-28 00:00:00+09:00,-693.4388808530958,-706.96337890625,-682.3733483355978,-706.96337890625,908000,0.0,0.0
2012-02-29 00:00:00+09:00,-708.1928324561105,-719.2583645170769,-692.2093226249717,-694.6683349609375,1077000,0.0,0.0
2012-03-01 00:00:00+09:00,-687.2913674544598,-713.1108805767051,-681.1438598632812,-681.1438598632812,1329000,0.0,0.0
2012-03-02 00:00:00+09:00,-688.5208409971947,-695.8978312471748,-682.3733334882911,-686.0618286132812,567000,0.0,0.0
2012-03-05 00:00:00+09:00,-700.815829019402,-710.6518312744104,-687.2913317814854,-703.2748413085938,1108000,0.0,0.0
2012-03-06 00:00:00+09:00,-703.2748413085938,-703.2748413085938,-703.2748413085938,-703.2748413085938,0,0.0,0.0
2012-03-07 00:00:00+09:00,-706.9633362915021,-716.7993385465104,-702.0453117131187,-703.2748413085938,930000,0.0,0.0
2012-03-08 00:00:00+09:00,-703.2748413085938,-703.2748413085938,-703.2748413085938,-703.2748413085938,0,0.0,0.0
2012-03-09 00:00:00+09:00,-716.7993149817164,-742.618872816773,-716.7993149817164,-741.3893432617188,1570000,0.0,0.0
2012-03-12 00:00:00+09:00,-741.3893432617188,-741.3893432617188,-741.3893432617188,-741.3893432617188,0,0.0,0.0
2012-03-13 00:00:00+09:00,-749.9958921995164,-758.6024118182233,-747.5368798939204,-753.6843872070312,487000,0.0,0.0
2012-03-14 00:00:00+09:00,-764.7498802213892,-768.4383750412358,-715.56982421875,-715.56982421875,2102000,0.0,0.0
2012-03-15 00:00:00+09:00,-716.7993817541586,-716.7993817541586,-687.2913732104328,-706.96337890625,2275000,0.0,0.0
2012-03-16 00:00:00+09:00,-700.8159361840036,-718.028977938703,-698.3569235187944,-711.8814697265625,685000,0.0,0.0
2012-03-19 00:00:00+09:00,-699.5863863760686,-718.0289092481784,-650.4063253837759,-656.5538330078125,2656000,0.0,0.0
2012-03-21 00:00:00+09:00,-644.2587852754921,-663.9307899198203,-638.1112779614197,-654.0947875976562,1613000,0.0,0.0
2012-03-22 00:00:00+09:00,-645.4882319778419,-661.4717407226562,-633.1932180354069,-661.4717407226562,1090000,0.0,0.0
2012-03-23 00:00:00+09:00,-651.6357694353377,-688.5208129882812,-649.1767571514564,-688.5208129882812,1089000,0.0,0.0
2012-03-26 00:00:00+09:00,-681.143791171606,-688.5207807763647,-652.8652215826005,-661.4717407226562,1150000,0.0,0.0
2012-03-27 00:00:00+09:00,-640.5703442786846,-661.4718818196322,-638.1113784870864,-657.7833862304688,1290000,0.0,0.0
2012-03-28 00:00:00+09:00,-660.2422613703277,-662.7012735513865,-645.4882351857311,-651.6357421875,427000,0.0,0.0
2012-03-29 00:00:00+09:00,-651.6357587624536,-681.1438118822111,-649.1767465188476,-672.5372924804688,701000,0.0,0.0
2012-03-30 00:00:00+09:00,-674.9964281822529,-674.9964281822529,-657.7833862304688,-657.7833862304688,721000,0.0,0.0
2012-04-02 00:00:00+09:00,-674.996285336566,-703.2748080714149,-670.0782609906113,-700.8157958984375,1362000,0.0,0.0
2012-04-03 00:00:00+09:00,-706.9633458184227,-711.8813704630805,-692.2093187862081,-704.5043334960938,1085000,0.0,0.0
2012-04-04 00:00:00+09:00,-700.8159086146053,-705.7339337515535,-684.8323972721688,-699.58642578125,1030000,0.0,0.0
2012-04-05 00:00:00+09:00,-690.9799004471091,-736.4714684919991,-690.9799004471091,-724.1764526367188,1464000,0.0,0.0
2012-04-06 00:00:00+09:00,-727.8649056315568,-727.8649056315568,-713.1108780839505,-726.6353759765625,473000,0.0,0.0
2012-04-09 00:00:00+09:00,-725.4059084000125,-768.4384622881489,-720.4878834806638,-762.2909545898438,2766000,0.0,0.0
2012-04-10 00:00:00+09:00,-757.3728083877359,-821.3069344940595,-756.1433258056641,-811.4708862304688,4956000,0.0,0.0
2012-04-11 00:00:00+09:00,-796.7169717355845,-824.9954486123115,-775.8153909447697,-807.7824096679688,4639000,0.0,0.0
2012-04-12 00:00:00+09:00,-813.9299210026339,-903.6835642223108,-813.9299210026339,-845.8970336914062,9468000,0.0,0.0
2012-04-13 00:00:00+09:00,-849.5854727445881,-902.4540719660339,-842.2084828959833,-890.1590576171875,5740000,0.0,0.0
2012-04-16 00:00:00+09:00,-909.8311279073384,-923.3556259128242,-858.1921014123848,-865.569091796875,6095000,0.0,0.0
2012-04-17 00:00:00+09:00,-874.175517226022,-888.9295909931401,-848.3560053879613,-863.1099853515625,3403000,0.0,0.0
2012-04-18 00:00:00+09:00,-869.2573904230499,-874.1754144337904,-827.4544208405202,-849.5853881835938,2713000,0.0,0.0
2012-04-19 00:00:00+09:00,-837.2904443796133,-884.0115356445312,-829.9134546544983,-884.0115356445312,2749000,0.0,0.0
2012-04-20 00:00:00+09:00,-884.0116846574446,-918.437673778816,-872.94615130276,-917.2081909179688,3283000,0.0,0.0
2012-04-23 00:00:00+09:00,-923.3555106301392,-946.7160554340182,-908.6015317032209,-920.8965454101562,4426000,0.0,0.0
2012-04-24 00:00:00+09:00,-902.4541059297213,-928.2736182733082,-897.5360812443907,-898.7655639648438,2582000,0.0,0.0
2012-04-25 00:00:00+09:00,-903.683609298388,-933.1916642810803,-899.995067249231,-930.7326049804688,2683000,0.0,0.0
2012-04-26 00:00:00+09:00,-933.1916429586388,-940.5686330848753,-897.5360812443907,-898.7655639648438,2642000,0.0,0.0
2012-04-27 00:00:00+09:00,-897.5360591728462,-918.4375463171086,-872.946030154412,-912.2900390625,2229000,0.0,0.0
2012-05-01 00:00:00+09:00,-915.9785217373376,-919.6670633731203,-880.3229632043096,-896.3065185546875,1596000,0.0,0.0
2012-05-02 00:00:00+09:00,-915.9785217373376,-919.6670633731203,-880.3229632043096,-896.3065185546875,1596000,0.0,0.0
2012-05-07 00:00:00+09:00,-898.7656159937113,-952.8637030570076,-898.7656159937113,-918.4376220703125,4056000,0.0,0.0
2012-05-08 00:00:00+09:00,-875.4049712217447,-879.0935129934726,-810.2414524148264,-826.2249145507812,6216000,0.0,0.0
2012-05-09 00:00:00+09:00,-801.6349719022617,-839.749594939151,-786.8809908453214,-788.1104736328125,3820000,0.0,0.0
2012-05-10 00:00:00+09:00,-790.569537828005,-822.5365595151561,-780.7334878611009,-793.0285034179688,1735000,0.0,0.0
2012-05-11 00:00:00+09:00,-780.7335409457249,-781.9630238243034,-735.2419709118415,-747.5369873046875,3576000,0.0,0.0
2012-05-14 00:00:00+09:00,-769.6678664033701,-805.3234261700761,-741.3893432617188,-741.3893432617188,3195000,0.0,0.0
2012-05-15 00:00:00+09:00,-721.7174131613818,-764.7499670495181,-667.6193266555915,-762.2909545898438,3798000,0.0,0.0
2012-05-16 00:00:00+09:00,-774.5858675805237,-791.798905620793,-735.2418141325904,-748.766357421875,2404000,0.0,0.0
2012-05-17 00:00:00+09:00,-756.1433347426361,-842.208429753993,-749.9958279561106,-812.7003784179688,3609000,0.0,0.0
2012-05-18 00:00:00+09:00,-799.1759832265648,-831.1430037949231,-774.5859529734396,-801.6349487304688,2636000,0.0,0.0
2012-05-21 00:00:00+09:00,-740.1599731445312,-758.6024971585889,-708.1929033791064,-740.1599731445312,3314000,0.0,0.0
2012-05-22 00:00:00+09:00,-725.4059018342391,-758.6024524849719,-706.96337890625,-706.96337890625,1856000,0.0,0.0
2012-05-23 00:00:00+09:00,-688.5209635416667,-699.5864977878651,-639.3408947172619,-645.4884033203125,3308000,0.0,0.0
2012-05-24 00:00:00+09:00,-665.1603061600549,-672.5373434499554,-641.7998053297724,-656.5538330078125,1541000,0.0,0.0
2012-05-25 00:00:00+09:00,-645.4882992015165,-650.4063240513753,-627.0457763671875,-627.0457763671875,1244000,0.0,0.0
2012-05-28 00:00:00+09:00,-623.3572183578201,-627.0457131726018,-597.5376608508358,-612.2916870117188,1309000,0.0,0.0
2012-05-29 00:00:00+09:00,-601.2263601390556,-673.7669335139916,-599.9968302773844,-645.4884033203125,1645000,0.0,0.0
2012-05-30 00:00:00+09:00,-649.1766996040242,-651.6357116699219,-623.3571901664836,-639.3406982421875,844000,0.0,0.0
2012-05-31 00:00:00+09:00,-614.7507703673112,-633.1932934783306,-611.0622751254598,-628.2752685546875,506000,0.0,0.0
2012-06-01 00:00:00+09:00,-618.4392451601602,-634.4227552808552,-596.3082275390625,-596.3082275390625,773000,0.0,0.0
2012-06-04 00:00:00+09:00,-571.7182943320706,-595.0788455493571,-566.8002687383994,-574.1773071289062,1098000,0.0,0.0
2012-06-05 00:00:00+09:00,-579.0951330365148,-630.7342005389107,-579.0951330365148,-625.8162231445312,983000,0.0,0.0
2012-06-06 00:00:00+09:00,-624.5867144664156,-643.0292358398438,-611.0622175532711,-643.0292358398438,934000,0.0,0.0
2012-06-07 00:00:00+09:00,-663.9307250976562,-663.9307250976562,-636.8816861762898,-639.3406982421875,782000,0.0,0.0
2012-06-08 00:00:00+09:00,-639.3407670477983,-643.0292620927223,-619.6687622070312,-619.6687622070312,586000,0.0,0.0
2012-06-11 00:00:00+09:00,-630.7342090011346,-654.0947543685588,-628.2751968200757,-651.6357421875,422000,0.0,0.0
2012-06-12 00:00:00+09:00,-634.4227906439398,-663.9308470513727,-634.4227906439398,-649.1768188476562,773000,0.0,0.0
2012-06-13 00:00:00+09:00,-659.0127009658609,-663.9307250976562,-639.3406982421875,-639.3406982421875,247000,0.0,0.0
2012-06-14 00:00:00+09:00,-627.0457857746575,-639.3408011820037,-625.8163029946276,-628.2752685546875,269000,0.0,0.0
2012-06-15 00:00:00+09:00,-639.3408011820037,-651.6358165893499,-627.0457857746575,-628.2752685546875,648000,0.0,0.0
2012-06-18 00:00:00+09:00,-657.7832559771498,-702.0452880859375,-650.4062662596041,-702.0452880859375,1507000,0.0,0.0
2012-06-19 00:00:00+09:00,-684.8323085508767,-700.81581782262,-681.1438136268987,-687.2913208007812,556000,0.0,0.0
2012-06-20 00:00:00+09:00,-698.3568681150127,-715.5699085041243,-698.3568681150127,-708.19287109375,682000,0.0,0.0
2012-06-21 00:00:00+09:00,-706.9633400839043,-715.5698596913645,-692.2093131713668,-693.4388427734375,441000,0.0,0.0
2012-06-22 00:00:00+09:00,-681.1437923181312,-705.7338202443922,-681.1437923181312,-700.8157958984375,418000,0.0,0.0
2012-06-25 00:00:00+09:00,-720.4877711053202,-720.4877711053202,-651.6357143839447,-678.6847534179688,740000,0.0,0.0
2012-06-26 00:00:00+09:00,-674.9963579251066,-706.96337890625,-670.0783330502718,-706.96337890625,475000,0.0,0.0
2012-06-27 00:00:00+09:00,-703.2749211830794,-709.422429153383,-687.2914098406429,-699.58642578125,284000,0.0,0.0
2012-06-28 00:00:00+09:00,-700.8158619095576,-706.9633694701678,-686.0618343837411,-705.73388671875,235000,0.0,0.0
2012-06-29 00:00:00+09:00,-704.5043803221408,-704.5043803221408,-688.5208695172709,-698.3568725585938,210000,0.0,0.0
2012-07-02 00:00:00+09:00,-711.8813608698855,-714.3403262573188,-702.0453117131187,-703.2748413085938,310000,0.0,0.0
2012-07-03 00:00:00+09:00,-705.733831799312,-718.0288459637477,-705.733831799312,-716.79931640625,417000,0.0,0.0
2012-07-04 00:00:00+09:00,-719.2583286194885,-730.3238601281834,-713.1108215372707,-716.79931640625,510000,0.0,0.0
2012-07-05 00:00:00+09:00,-708.1928660552868,-711.8814081851126,-686.0618477851393,-697.1273803710938,590000,0.0,0.0
2012-07-06 00:00:00+09:00,-688.5208409971947,-694.6683485060981,-683.6028162293678,-686.0618286132812,273000,0.0,0.0
2012-07-09 00:00:00+09:00,-676.2258342978581,-676.2258342978581,-662.7013363726053,-666.3898315429688,452000,0.0,0.0
2012-07-10 00:00:00+09:00,-661.4718109659851,-666.3898358259188,-647.947312953809,-656.5538330078125,331000,0.0,0.0
2012-07-11 00:00:00+09:00,-644.2587946007154,-656.5538094068226,-640.5702526374758,-655.3242797851562,238000,0.0,0.0
2012-07-12 00:00:00+09:00,-660.2423857040733,-667.6193767346937,-636.8818359375,-636.8818359375,248000,0.0,0.0
2012-07-13 00:00:00+09:00,-629.50474410001,-647.947265625,-627.0457318496599,-647.947265625,258000,0.0,0.0
2012-07-17 00:00:00+09:00,-647.9473123053846,-656.5538323507752,-641.7998046875,-641.7998046875,115000,0.0,0.0
2012-07-18 00:00:00+09:00,-640.5702307694007,-644.2587726067192,-622.1277091898392,-623.3572387695312,313000,0.0,0.0
2012-07-19 00:00:00+09:00,-635.6522460511753,-646.717730734178,-629.5047389266994,-643.0292358398438,205000,0.0,0.0
2012-07-20 00:00:00+09:00,-643.0292867765871,-650.4063240513753,-624.5867639422581,-627.0457763671875,385000,0.0,0.0
2012-07-23 00:00:00+09:00,-620.898287069918,-624.5867823652284,-608.603271484375,-608.603271484375,348000,0.0,0.0
2012-07-24 00:00:00+09:00,-602.455763548683,-607.3737885424383,-597.5377385549276,-598.1525268554688,189000,0.0,0.0
2012-07-25 00:00:00+09:00,-604.9147054531885,-618.4392022550899,-598.1524570522379,-603.0704345703125,425000,0.0,0.0
2012-07-26 00:00:00+09:00,-590.1607750618812,-620.8983154296875,-585.8575381710941,-620.8983154296875,434000,0.0,0.0
2012-07-27 00:00:00+09:00,-615.9802390193561,-633.193278955551,-614.1360148916098,-622.1277465820312,560000,0.0,0.0
2012-07-30 00:00:00+09:00,-634.4228338592269,-634.4228338592269,-609.2180593661138,-617.2098388671875,365000,0.0,0.0
2012-07-31 00:00:00+09:00,-611.0621712935546,-639.340692545002,-608.6031592495692,-634.4226684570312,534000,0.0,0.0
2012-08-01 00:00:00+09:00,-628.2753255974059,-638.1113763377323,-596.3083013966427,-617.2098388671875,1117000,0.0,0.0
2012-08-02 00:00:00+09:00,-676.2259033354421,-730.3239943629837,-667.6193824580924,-711.8814697265625,3837000,0.0,0.0
2012-08-03 00:00:00+09:00,-706.9633832798525,-706.9633832798525,-689.7503430132036,-697.1273803710938,713000,0.0,0.0
2012-08-06 00:00:00+09:00,-703.2749213769317,-703.2749213769317,-674.9963940860933,-684.8323974609375,379000,0.0,0.0
2012-08-07 00:00:00+09:00,-672.5373491493204,-688.5208597269144,-661.4718165715763,-682.3733520507812,518000,0.0,0.0
2012-08-08 00:00:00+09:00,-687.2914244558408,-697.1274280371356,-676.2258911132812,-676.2258911132812,222000,0.0,0.0
2012-08-09 00:00:00+09:00,-676.2258448763806,-699.5863928237238,-670.0783371956862,-697.1273803710938,223000,0.0,0.0
2012-08-10 00:00:00+09:00,-705.7338336733867,-735.2418396053366,-702.0452918928555,-731.5533447265625,1222000,0.0,0.0
2012-08-13 00:00:00+09:00,-731.5533340018372,-759.8318568602125,-719.2583199849997,-754.9138793945312,1127000,0.0,0.0
2012-08-14 00:00:00+09:00,-759.8318778797242,-761.0614074564747,-732.7828369140625,-732.7828369140625,716000,0.0,0.0
2012-08-15 00:00:00+09:00,-732.7828835462518,-743.8484159323966,-725.4058932233289,-726.6353759765625,305000,0.0,0.0
2012-08-16 00:00:00+09:00,-737.7008262671654,-749.9958400382849,-724.1763298796362,-748.766357421875,377000,0.0,0.0
2012-08-17 00:00:00+09:00,-743.8484637150999,-756.1434796442751,-740.1599683167001,-749.9959716796875,278000,0.0,0.0
2012-08-20 00:00:00+09:00,-758.602381818423,-758.602381818423,-737.7008484000697,-741.3893432617188,343000,0.0,0.0
2012-08-21 00:00:00+09:00,-738.9304434025357,-740.1599731445312,-732.7829353978499,-740.1599731445312,167000,0.0,0.0
2012-08-22 00:00:00+09:00,-737.7008666992188,-741.3893616523633,-734.0123717460742,-737.7008666992188,163000,0.0,0.0
2012-08-23 00:00:00+09:00,-740.1598424300581,-746.3073493490757,-734.0123355110406,-745.0778198242188,306000,0.0,0.0
2012-08-24 00:00:00+09:00,-747.5369211805687,-747.5369211805687,-734.0124231054671,-736.471435546875,307000,0.0,0.0
2012-08-27 00:00:00+09:00,-747.5369126216804,-756.1434326171875,-738.9303926261732,-756.1434326171875,992000,0.0,0.0
2012-08-28 00:00:00+09:00,-767.2089795091925,-769.6679450671053,-757.372929670495,-762.2909545898438,628000,0.0,0.0
2012-08-29 00:00:00+09:00,-753.6843388911944,-759.8318458102119,-738.9303129052013,-745.0778198242188,658000,0.0,0.0
2012-08-30 00:00:00+09:00,-737.7009835707637,-749.9959999636097,-730.3239924957622,-747.5369873046875,790000,0.0,0.0
2012-08-31 00:00:00+09:00,-749.9958681874672,-785.6514282226562,-740.1598661817535,-785.6514282226562,1555000,0.0,0.0
2012-09-03 00:00:00+09:00,-807.7825130399259,-810.2415725200984,-783.1925279611316,-805.3235473632812,753000,0.0,0.0
2012-09-04 00:00:00+09:00,-811.4709545758418,-812.7004372614656,-788.110408334925,-791.7989501953125,403000,0.0,0.0
2012-09-05 00:00:00+09:00,-796.7170892670703,-796.7170892670703,-746.3074945803756,-761.0615234375,607000,0.0,0.0
2012-09-06 00:00:00+09:00,-751.2254315016384,-779.504004793971,-751.2254315016384,-778.2744750976562,377000,0.0,0.0
2012-09-07 00:00:00+09:00,-783.1923859051534,-784.4218685204713,-767.2088773972432,-773.3563842773438,339000,0.0,0.0
2012-09-10 00:00:00+09:00,-796.7169340006903,-805.3234061634756,-783.1923906416243,-802.8644409179688,684000,0.0,0.0
2012-09-11 00:00:00+09:00,-804.0941074797016,-805.323590383703,-780.7335570895442,-794.258056640625,387000,0.0,0.0
2012-09-12 00:00:00+09:00,-786.8810140837717,-836.0610774640074,-784.4220015344072,-833.6021118164062,889000,0.0,0.0
2012-09-13 00:00:00+09:00,-827.4545477029765,-845.8970702181674,-823.7660056785301,-829.9135131835938,636000,0.0,0.0
2012-09-14 00:00:00+09:00,-837.2904843099858,-840.9790262502067,-826.2249522928414,-827.4545288085938,407000,0.0,0.0
2012-09-18 00:00:00+09:00,-823.7659206016114,-829.9134274717727,-816.38893111812,-822.5364379882812,470000,0.0,0.0
2012-09-19 00:00:00+09:00,-827.4545331706029,-828.6840158893185,-816.3890010951254,-823.7659912109375,280000,0.0,0.0
2012-09-20 00:00:00+09:00,-820.0775385361522,-823.766080897403,-806.5530395507812,-806.5530395507812,375000,0.0,0.0
2012-09-21 00:00:00+09:00,-801.634837966878,-817.6183929443359,-800.4053553848062,-811.4708862304688,262000,0.0,0.0
2012-09-24 00:00:00+09:00,-812.7004322638784,-839.7495201988482,-809.0119842296886,-832.3724365234375,707000,0.0,0.0
2012-09-25 00:00:00+09:00,-839.7495329947092,-839.7495329947092,-811.4709619507754,-817.6184692382812,474000,0.0,0.0
2012-09-26 00:00:00+09:00,57.80698458839009,57.80698458839009,57.10629119318359,57.36905288696289,234000,1000.0,0.0
2012-09-27 00:00:00+09:00,56.580776005265385,58.24491785177771,56.580776005265385,57.106292724609375,269000,0.0,0.0
2012-09-28 00:00:00+09:00,57.28146724832671,58.0697456386212,57.10629056031273,57.806983947753906,273000,0.0,0.0
2012-10-01 00:00:00+09:00,57.98215667777869,59.033196808324064,57.894571670810166,58.15733337402344,406000,0.0,0.0
2012-10-02 00:00:00+09:00,58.15733381560864,58.77043555135124,57.98215711803378,58.24491882324219,428000,0.0,0.0
2012-10-03 00:00:00+09:00,59.03319837948824,59.03319837948824,57.89457321166992,57.89457321166992,304000,0.0,0.0
2012-10-04 00:00:00+09:00,57.98215225350479,58.682845620402624,57.89456725321936,58.59526062011719,439000,0.0,0.0
2012-10-05 00:00:00+09:00,58.7704396916858,65.07666092018641,58.7704396916858,62.53665542602539,3796000,0.0,0.0
2012-10-09 00:00:00+09:00,63.06216967220843,64.2883798634074,62.273891214844234,62.799407958984375,801000,0.0,0.0
2012-10-10 00:00:00+09:00,62.011127759993954,64.20078613171256,60.697332736962785,62.624229431152344,790000,0.0,0.0
2012-10-11 00:00:00+09:00,62.09873021093141,63.5001106262207,61.310451639109644,63.5001106262207,427000,0.0,0.0
2012-10-12 00:00:00+09:00,63.76286770785679,65.60217978586434,62.0987256630658,62.361480712890625,1359000,0.0,0.0
2012-10-15 00:00:00+09:00,63.85044250673495,64.63872089468128,63.06216411878862,63.58768081665039,519000,0.0,0.0
2012-10-16 00:00:00+09:00,63.76285914312238,64.37596085933589,63.06216573975761,64.28837585449219,289000,0.0,0.0
2012-10-17 00:00:00+09:00,64.28838058721078,64.28838058721078,62.01113688209271,63.32493209838867,345000,0.0,0.0
2012-10-18 00:00:00+09:00,63.06216323047104,63.58767992093018,62.5366465400119,63.41250991821289,177000,0.0,0.0
2012-10-19 00:00:00+09:00,63.23733110231074,63.32492278302512,62.361467753623295,62.624229431152344,415000,0.0,0.0
2012-10-22 00:00:00+09:00,62.011127759993954,63.58767777824713,61.48560440493585,62.624229431152344,704000,0.0,0.0
2012-10-23 00:00:00+09:00,62.624237938373646,63.32493138543247,61.923544491314814,62.799407958984375,349000,0.0,0.0
2012-10-24 00:00:00+09:00,64.37595477074792,66.74078308940365,63.85043810908075,65.51457977294922,3598000,0.0,0.0
2012-10-25 00:00:00+09:00,66.39044310316348,66.74078308940365,64.02560810220083,65.51457977294922,1699000,0.0,0.0
2012-10-26 00:00:00+09:00,65.07665426270066,66.56561939196637,64.28837585449219,64.28837585449219,670000,0.0,0.0
2012-10-29 00:00:00+09:00,65.86492603053537,66.04010272264186,64.98906261692555,65.42699432373047,610000,0.0,0.0
2012-10-30 00:00:00+09:00,66.04010099088823,68.31734447009666,65.25182260284873,66.21527099609375,1794000,0.0,0.0
2012-10-31 00:00:00+09:00,67.96699880451861,67.96699880451861,66.39044868692159,67.35389709472656,827000,0.0,0.0
2012-11-01 00:00:00+09:00,66.65321776918539,68.8428767411186,66.39046270193873,68.3173599243164,1483000,0.0,0.0
2012-11-02 00:00:00+09:00,67.61664581298828,68.3173391437961,67.52906081721402,67.61664581298828,686000,0.0,0.0
2012-11-05 00:00:00+09:00,68.22975555942487,69.80630556289478,67.70423889160156,67.70423889160156,1566000,0.0,0.0
2012-11-06 00:00:00+09:00,62.44905993781183,63.32492329356062,58.77042983428264,59.55870819091797,4149000,0.0,0.0
2012-11-07 00:00:00+09:00,57.80698820237033,60.609748593804525,57.19388645496531,57.89457321166992,1991000,0.0,0.0
2012-11-08 00:00:00+09:00,58.682852833387486,59.29595459305192,54.74146719532415,55.35457229614258,1709000,0.0,0.0
2012-11-09 00:00:00+09:00,55.52974519465347,57.98215889509421,55.52974519465347,57.456642150878906,1383000,0.0,0.0
2012-11-12 00:00:00+09:00,57.45664131149185,59.996646667451365,56.75595455687713,59.383544921875,1301000,0.0,0.0
2012-11-13 00:00:00+09:00,58.50767810123653,58.945609803544265,55.52974118908243,55.79249954223633,1119000,0.0,0.0
2012-11-14 00:00:00+09:00,55.7924999867572,56.493190047801505,54.74146322461386,55.88008499145508,733000,0.0,0.0
2012-11-15 00:00:00+09:00,56.05525531123579,56.405601993392445,53.95318190060301,54.91663360595703,1261000,0.0,0.0
2012-11-16 00:00:00+09:00,54.56628679271671,55.354565155098726,53.865596771240234,53.865596771240234,986000,0.0,0.0
2012-11-19 00:00:00+09:00,53.25249839119646,54.82905197143555,53.25249839119646,54.82905197143555,592000,0.0,0.0
2012-11-20 00:00:00+09:00,55.26697586458066,56.93111756050292,55.09180586808654,56.84353256225586,649000,0.0,0.0
2012-11-21 00:00:00+09:00,58.50767707234474,58.50767707234474,57.0187053012984,57.19388198852539,608000,0.0,0.0
2012-11-22 00:00:00+09:00,57.982151199147765,59.29594622646054,56.93111785022037,58.94560623168945,1080000,0.0,0.0
2012-11-26 00:00:00+09:00,58.06975082660972,58.858022605021524,56.93112564086914,56.93112564086914,816000,0.0,0.0
2012-11-27 00:00:00+09:00,57.80698420200533,58.42008590698242,57.1062908114823,58.42008590698242,286000,0.0,0.0
2012-11-28 00:00:00+09:00,58.50768008420523,59.12078181529259,58.06974836705491,58.15733337402344,388000,0.0,0.0
2012-11-29 00:00:00+09:00,58.06974815518279,58.6828498840332,57.631816439630306,58.6828498840332,633000,0.0,0.0
2012-11-30 00:00:00+09:00,58.682851659982,58.682851659982,57.89457321166992,57.89457321166992,199000,0.0,0.0
2012-12-03 00:00:00+09:00,58.42008590698242,59.03319429426693,58.069745894028316,58.42008590698242,406000,0.0,0.0
2012-12-04 00:00:00+09:00,58.68284759900541,59.12077929750545,57.894569205243855,58.42008590698242,420000,0.0,0.0
2012-12-05 00:00:00+09:00,58.33250276070251,60.0842296104672,58.244917754675804,59.733882904052734,815000,0.0,0.0
2012-12-06 00:00:00+09:00,58.85802460031783,60.17181985195268,58.85802460031783,59.82147979736328,563000,0.0,0.0
2012-12-07 00:00:00+09:00,59.99663986879237,59.99663986879237,59.38353819269105,59.55870819091797,406000,0.0,0.0
2012-12-10 00:00:00+09:00,59.646291487207186,59.646291487207186,58.85801315307617,58.85801315307617,305000,0.0,0.0
2012-12-11 00:00:00+09:00,58.24491971578989,58.94561315221126,57.10629455218214,57.281471252441406,912000,0.0,0.0
2012-12-12 00:00:00+09:00,57.806984837787766,58.157331536902525,57.369053134471194,57.982154846191406,395000,0.0,0.0
2012-12-13 00:00:00+09:00,57.98215822096951,58.15733492187657,57.01870975405825,57.89457321166992,335000,0.0,0.0
2012-12-14 00:00:00+09:00,57.45664038992473,58.507680528450585,57.45664038992473,58.24491882324219,349000,0.0,0.0
2012-12-17 00:00:00+09:00,59.383546001555985,60.171817779541016,58.5076825306322,60.171817779541016,997000,0.0,0.0
2012-12-18 00:00:00+09:00,60.259399122420504,61.748364094325474,59.9966374533517,61.31043243408203,2027000,0.0,0.0
2012-12-19 00:00:00+09:00,56.668354329155335,56.843531003151746,52.98973104521984,55.6173210144043,4587000,0.0,0.0
2012-12-20 00:00:00+09:00,54.82904828628814,55.3545683384828,52.72697810097083,53.25249481201172,1946000,0.0,0.0
2012-12-21 00:00:00+09:00,52.989736133057676,53.340082832382365,51.588356018066406,51.588356018066406,1500000,0.0,0.0
2012-12-25 00:00:00+09:00,51.675942174302016,52.639390607191885,50.88766375382571,52.28904724121094,713000,0.0,0.0
2012-12-26 00:00:00+09:00,51.85111409200665,52.46421914193745,50.099387287149355,51.062835693359375,1226000,0.0,0.0
2012-12-27 00:00:00+09:00,51.85111409200665,52.46421914193745,50.099387287149355,51.062835693359375,1226000,0.0,0.0
2012-12-28 00:00:00+09:00,50.88766199069684,52.376630432699855,50.88766199069684,52.02628707885742,415000,0.0,0.0
2013-01-04 00:00:00+09:00,52.72697568083799,53.69042405390923,52.113870651995555,53.42766571044922,824000,0.0,0.0
2013-01-07 00:00:00+09:00,53.865598242158434,55.79249835970215,53.34008154698908,55.0918083190918,1381000,0.0,0.0
2013-01-08 00:00:00+09:00,55.09181368577038,55.44215706962685,54.303535225073844,54.82905197143555,991000,0.0,0.0
2013-01-09 00:00:00+09:00,54.74146516584351,55.179396887170256,54.215948436712964,54.56629180908203,548000,0.0,0.0
2013-01-10 00:00:00+09:00,55.004225333940774,55.09181368577038,54.39112023574947,54.82905197143555,573000,0.0,0.0
2013-01-11 00:00:00+09:00,55.17939440917969,55.354567758074495,54.653877703648995,54.74146270751953,430000,0.0,0.0
2013-01-15 00:00:00+09:00,55.091808765457245,55.88008381459804,55.004220421450256,55.17939376831055,917000,0.0,0.0
2013-01-16 00:00:00+09:00,55.96767316691097,57.63181498033419,55.26697976684619,56.31801986694336,1422000,0.0,0.0
2013-01-17 00:00:00+09:00,56.93111971781952,57.281466406390635,55.35456630155679,56.14284133911133,858000,0.0,0.0
2013-01-18 00:00:00+09:00,56.493194580078125,56.755956297559855,55.79250446281959,56.493194580078125,564000,0.0,0.0
2013-01-21 00:00:00+09:00,57.10629455218214,57.719402979627795,56.7559545162793,57.281471252441406,1013000,0.0,0.0
2013-01-22 00:00:00+09:00,57.63181498033419,57.71939998476541,55.792499816894775,56.31801986694336,661000,0.0,0.0
2013-01-23 00:00:00+09:00,56.230433544861626,57.28147374523314,55.61733177304268,56.05526351928711,571000,0.0,0.0
2013-01-24 00:00:00+09:00,55.88009127797139,56.055264648227926,54.74146938303508,55.704917907714844,599000,0.0,0.0
2013-01-25 00:00:00+09:00,56.31801720116002,59.033192303851536,55.26697715081327,58.59526062011719,1850000,0.0,0.0
2013-01-28 00:00:00+09:00,62.97458717735287,64.37596744513915,61.66079192337044,62.53665542602539,4108000,0.0,0.0
2013-01-29 00:00:00+09:00,63.23734017237129,63.32493186564885,61.39802821277862,61.748374938964844,1181000,0.0,0.0
2013-01-30 00:00:00+09:00,61.66079277960535,63.32493479422004,61.48561606725689,62.71182632446289,1285000,0.0,0.0
2013-01-31 00:00:00+09:00,63.062163700331126,66.8283789275794,62.79940201199015,66.127685546875,2760000,0.0,0.0
2013-02-01 00:00:00+09:00,66.56561618879441,66.91596287361793,64.113196077337,64.98905944824219,2408000,0.0,0.0
2013-02-04 00:00:00+09:00,67.35390515892703,67.87942192771219,66.39045663576954,67.44149017333984,2628000,0.0,0.0
2013-02-05 00:00:00+09:00,67.35390524965592,67.35390524965592,62.01113917557811,65.33941650390625,2164000,0.0,0.0
2013-02-06 00:00:00+09:00,62.711823654732406,63.85044884844545,61.92354518849322,63.32493209838867,2456000,0.0,0.0
2013-02-07 00:00:00+09:00,63.0621646918964,63.14974969528477,60.78492119226163,62.011131286621094,2038000,0.0,0.0
2013-02-08 00:00:00+09:00,61.13526365571264,61.66078032196864,59.55870697463768,60.4345703125,1558000,0.0,0.0
2013-02-12 00:00:00+09:00,62.62422993603875,62.71181493515221,58.4200831555217,59.55870819091797,2033000,0.0,0.0
2013-02-13 00:00:00+09:00,59.73388137275448,60.60974477518377,59.12077966397696,59.99664306640625,597000,0.0,0.0
2013-02-14 00:00:00+09:00,60.5221481469016,63.32491450573191,60.43456315994263,63.06215286254883,1359000,0.0,0.0
2013-02-15 00:00:00+09:00,63.06216049055668,63.06216049055668,58.507673794717036,59.909053802490234,1168000,0.0,0.0
2013-02-18 00:00:00+09:00,60.259408140561256,61.660788326602905,59.821476414779,61.04767990112305,433000,0.0,0.0
2013-02-19 00:00:00+09:00,61.13526837769415,63.32492689147536,61.04767669129693,63.237335205078125,710000,0.0,0.0
2013-02-20 00:00:00+09:00,63.58767762607331,65.07664932466288,62.44905928488872,64.63871765136719,1540000,0.0,0.0
2013-02-21 00:00:00+09:00,64.63872618337129,67.44148658949194,64.55113449130485,66.91596984863281,3089000,0.0,0.0
2013-02-22 00:00:00+09:00,67.70425001116674,72.2587374567282,65.77734633626913,71.470458984375,5278000,0.0,0.0
2013-02-25 00:00:00+09:00,73.48495404293494,81.10496434434184,71.8208119419643,76.6380615234375,7020000,0.0,0.0
2013-02-26 00:00:00+09:00,72.78424917159626,80.57943497883653,72.43390246566153,80.3166732788086,5677000,0.0,0.0
2013-02-27 00:00:00+09:00,82.3311677631579,84.95875822368421,77.95185032894737,83.20703125,5965000,0.0,0.0
2013-02-28 00:00:00+09:00,84.08289586509146,89.77600860595703,84.08289586509146,89.77600860595703,5363000,0.0,0.0
2013-03-01 00:00:00+09:00,88.02427488384825,91.08979689472854,85.83461630464804,86.71047973632812,2792000,0.0,0.0
2013-03-04 00:00:00+09:00,85.22151457539506,93.19187046722227,83.73254273215431,86.71047973632812,3909000,0.0,0.0
2013-03-05 00:00:00+09:00,84.08288985853792,90.30151891786409,84.08288985853792,85.6594467163086,3378000,0.0,0.0
2013-03-06 00:00:00+09:00,86.71049121287085,89.33808185568512,82.8566902669482,83.99531555175781,3401000,0.0,0.0
2013-03-07 00:00:00+09:00,83.38220362475168,85.30910735950309,79.87874957863087,81.36772155761719,2859000,0.0,0.0
2013-03-08 00:00:00+09:00,81.45530475028998,84.34565694661063,80.57944125835138,81.19254302978516,1567000,0.0,0.0
2013-03-11 00:00:00+09:00,81.8932242177733,82.94425757759193,80.22908249613788,80.4918441772461,1145000,0.0,0.0
2013-03-12 00:00:00+09:00,83.2070380196539,85.65945865526189,81.63048094214753,83.03186798095703,2736000,0.0,0.0
2013-03-13 00:00:00+09:00,80.54090881347656,80.54090881347656,80.54090881347656,80.54090881347656,700000,0.0,0.0
2013-03-14 00:00:00+09:00,104.0525816875349,104.0525816875349,92.05324828000049,94.50566864013672,6541000,0.0,0.0
2013-03-15 00:00:00+09:00,94.15531956405097,94.15531956405097,89.86358738234432,91.00221252441406,1673000,0.0,0.0
2013-03-18 00:00:00+09:00,91.96565395777345,99.67325429572878,91.52772227226025,93.19186401367188,2701000,0.0,0.0
2013-03-19 00:00:00+09:00,93.89255504805374,95.2939418524218,89.33806798078012,90.65186309814453,1660000,0.0,0.0
2013-03-21 00:00:00+09:00,91.52772665299044,93.01669178207779,89.77599982709587,92.75393676757812,1088000,0.0,0.0
2013-03-22 00:00:00+09:00,91.35256097351872,92.22842442798272,88.02427717363236,88.11186218261719,1275000,0.0,0.0
2013-03-25 00:00:00+09:00,88.72497241087504,93.27945979360189,88.72497241087504,91.5277328491211,1316000,0.0,0.0
2013-03-26 00:00:00+09:00,90.03876152390308,93.89255519502507,89.95116983676232,92.75393676757812,976000,0.0,0.0
2013-03-27 00:00:00+09:00,94.76842018413811,98.8849823028405,93.71738674404385,97.22084045410156,2302000,0.0,0.0
2013-03-28 00:00:00+09:00,96.34497658725286,97.13325500488281,92.84152289317093,97.13325500488281,1384000,0.0,0.0
2013-03-29 00:00:00+09:00,96.34496717472545,96.78289884370149,92.84151382291726,93.80496215820312,995000,0.0,0.0
2013-04-01 00:00:00+09:00,92.05323594459021,92.66634429361986,81.45529083860895,84.4332275390625,2484000,0.0,0.0
2013-04-02 00:00:00+09:00,81.28012615602894,87.14840826044228,78.82770596421915,86.27254486083984,1637000,0.0,0.0
2013-04-03 00:00:00+09:00,86.97324013782782,89.16289868427558,85.5718533222552,87.58634185791016,805000,0.0,0.0
2013-04-04 00:00:00+09:00,84.52082032074402,88.37462071846227,84.52082032074402,87.6739273071289,561000,0.0,0.0
2013-04-05 00:00:00+09:00,88.46220206255889,90.2139288360749,86.44771360009254,87.14840698242188,1078000,0.0,0.0
2013-04-08 00:00:00+09:00,87.58634185791016,88.54979028188565,86.71047843933106,87.58634185791016,856000,0.0,0.0
2013-04-09 00:00:00+09:00,87.58633717740241,90.3890972941564,84.52081537619333,85.92219543457031,1387000,0.0,0.0
2013-04-10 00:00:00+09:00,92.40358689391645,95.29393873034577,90.30151343854126,92.31600189208984,3266000,0.0,0.0
2013-04-11 00:00:00+09:00,97.2208349770225,101.77532187059074,94.9435915302384,96.5201416015625,5391000,0.0,0.0
2013-04-12 00:00:00+09:00,95.29394845226582,95.8194651991462,92.31601131019977,93.62980651855469,2001000,0.0,0.0
2013-04-15 00:00:00+09:00,97.2208319234791,98.70979694668164,95.81945189888135,97.04566192626953,1510000,0.0,0.0
2013-04-16 00:00:00+09:00,93.27945276515547,102.47601853073418,93.27945276515547,102.2132568359375,2488000,0.0,0.0
2013-04-17 00:00:00+09:00,104.49051876030256,109.13259132479114,100.5491329900326,107.99397277832031,6089000,0.0,0.0
2013-04-18 00:00:00+09:00,111.23465904242498,112.98638595647891,104.66568311472271,107.2056884765625,5410000,0.0,0.0
2013-04-19 00:00:00+09:00,108.6946602704928,115.6139833369701,104.31534271985,111.40983581542969,4973000,0.0,0.0
2013-04-22 00:00:00+09:00,115.61397244718515,116.48983587481534,112.54845045047948,116.13949584960938,3998000,0.0,0.0
2013-04-23 00:00:00+09:00,116.57742527382406,117.80362870257737,113.51190333732578,115.8767318725586,1793000,0.0,0.0
2013-04-24 00:00:00+09:00,117.27811162835653,117.365703319964,114.0374195081165,115.78914642333984,1357000,0.0,0.0
2013-04-25 00:00:00+09:00,114.12500195410311,115.61396703849411,108.6946449474561,111.32223510742188,2823000,0.0,0.0
2013-04-26 00:00:00+09:00,111.3222322581959,113.24913566890392,109.48292052975741,109.83326721191406,1457000,0.0,0.0
2013-04-30 00:00:00+09:00,109.3077622916501,121.56985071041755,109.3077622916501,120.95674896240234,3649000,0.0,0.0
2013-05-01 00:00:00+09:00,124.28500229681748,131.02916069004846,118.06638061676337,120.869140625,7303000,0.0,0.0
2013-05-02 00:00:00+09:00,124.54778985621653,140.13816318327974,122.27055272325825,136.19677734375,11388000,0.0,0.0
2013-05-07 00:00:00+09:00,125.94916770921925,139.2622895742078,125.5988143078732,133.65676879882812,7176000,0.0,0.0
2013-05-08 00:00:00+09:00,134.79537969739027,137.42297004911026,127.70089376651562,135.7588348388672,4000000,0.0,0.0
2013-05-09 00:00:00+09:00,137.51053798598733,137.51053798598733,130.24086992909207,130.50363159179688,1787000,0.0,0.0
2013-05-10 00:00:00+09:00,133.56917077543432,134.7077958877545,128.40158197324715,132.78089904785156,1844000,0.0,0.0
2013-05-13 00:00:00+09:00,132.7808905370672,133.83192389468172,129.1898454202188,129.62777709960938,1455000,0.0,0.0
2013-05-14 00:00:00+09:00,131.37952329020337,154.32714401863564,130.76642152110566,150.56092834472656,6867000,0.0,0.0
2013-05-15 00:00:00+09:00,148.8967507825224,152.83813536205975,130.15328279456747,134.44500732421875,3361000,0.0,0.0
2013-05-16 00:00:00+09:00,135.8464168811826,139.7002104441406,121.04431759905343,138.73675537109375,2917000,0.0,0.0
2013-05-17 00:00:00+09:00,139.6126513621074,144.42990112304688,132.34299423274757,144.42990112304688,1607000,0.0,0.0
2013-05-20 00:00:00+09:00,148.8968036730137,157.21750740768212,148.1085318229446,150.99887084960938,2574000,0.0,0.0
2013-05-21 00:00:00+09:00,148.89678409583618,154.15196471098335,145.91885375976562,145.91885375976562,2236000,0.0,0.0
2013-05-22 00:00:00+09:00,144.69265864635625,148.80921473978032,141.01403433658618,142.59059143066406,816000,0.0,0.0
2013-05-23 00:00:00+09:00,142.32777555783588,145.30570520827797,125.42361246481353,126.12430572509766,2528000,0.0,0.0
2013-05-24 00:00:00+09:00,128.75191374082823,135.7588206110774,123.49673358814137,129.62777709960938,1672000,0.0,0.0
2013-05-27 00:00:00+09:00,124.37260437011719,128.57675141611458,119.11742390377421,124.37260437011719,1025000,0.0,0.0
2013-05-28 00:00:00+09:00,124.37261581425676,136.6347046973525,124.37261581425676,133.39401245117188,1194000,0.0,0.0
2013-05-29 00:00:00+09:00,136.6346782875922,138.99950658503164,134.7953599647984,135.23329162597656,645000,0.0,0.0
2013-05-30 00:00:00+09:00,133.13124899668236,134.79538426329447,127.00020463499304,127.87606811523438,518000,0.0,0.0
2013-05-31 00:00:00+09:00,131.37950198870809,134.00709202848225,127.87604860234254,129.27743530273438,389000,0.0,0.0
2013-06-03 00:00:00+09:00,124.54777536313136,132.95606952153807,124.54777536313136,125.51123046875,568000,0.0,0.0
2013-06-04 00:00:00+09:00,125.51123443952365,128.75192651563347,119.99329205878767,125.16088104248047,508000,0.0,0.0
2013-06-05 00:00:00+09:00,129.27743250272303,131.20432915056676,127.1753524976641,129.1022491455078,858000,0.0,0.0
2013-06-06 00:00:00+09:00,127.00018370863131,127.8760470445529,104.14015197753906,104.14015197753906,1614000,0.0,0.0
2013-06-07 00:00:00+09:00,94.59324838066264,103.26429748535156,93.54221496046718,103.26429748535156,1476000,0.0,0.0
2013-06-10 00:00:00+09:00,107.55604171671064,113.86225631671297,107.55604171671064,111.40983581542969,801000,0.0,0.0
2013-06-11 00:00:00+09:00,110.97189183740768,113.59948207837841,106.2422347495064,108.60706329345703,561000,0.0,0.0
2013-06-12 00:00:00+09:00,105.27878059638144,109.74568939208984,104.22774716345451,109.74568939208984,282000,0.0,0.0
2013-06-13 00:00:00+09:00,109.39534151422195,109.39534151422195,103.43946763866667,105.36637115478516,379000,0.0,0.0
2013-06-14 00:00:00+09:00,109.30775547130796,110.35878888298483,103.87739835815756,104.22774505615234,349000,0.0,0.0
2013-06-17 00:00:00+09:00,103.52705077406694,105.01602255722366,102.213255679562,104.05257415771484,325000,0.0,0.0
2013-06-18 00:00:00+09:00,105.1036065284242,106.50498661234172,102.65118636983803,102.91394805908203,615000,0.0,0.0
2013-06-19 00:00:00+09:00,104.66568716978415,106.8553458971855,102.12568170953698,102.47602844238281,454000,0.0,0.0
2013-06-20 00:00:00+09:00,102.03808072468009,104.05256911148072,102.03808072468009,103.43946075439453,178000,0.0,0.0
2013-06-21 00:00:00+09:00,101.60015462592081,101.68773962965408,94.68083241407334,100.98705291748047,913000,0.0,0.0
2013-06-24 00:00:00+09:00,103.6146531223395,115.78915023842782,101.95051116158464,105.62913513183594,2142000,0.0,0.0
2013-06-25 00:00:00+09:00,107.29326520455908,109.83327037035298,101.16222147858427,105.01602172851562,994000,0.0,0.0
2013-06-26 00:00:00+09:00,106.32982829089451,106.32982829089451,94.59325626918248,98.09671020507812,830000,0.0,0.0
2013-06-27 00:00:00+09:00,97.22084357604291,98.27187704988779,88.54979402874508,94.41808319091797,712000,0.0,0.0
2013-06-28 00:00:00+09:00,96.34497840928891,98.88498372199534,95.11876825670913,98.44705200195312,533000,0.0,0.0
2013-07-01 00:00:00+09:00,100.72429243795862,107.29326803173853,99.41049731920265,106.50498962402344,782000,0.0,0.0
2013-07-02 00:00:00+09:00,107.90637926300062,108.2567259953581,104.22775527901737,107.81879425048828,566000,0.0,0.0
2013-07-03 00:00:00+09:00,107.73118873656264,111.2346420288086,105.19118376322298,111.2346420288086,752000,0.0,0.0
2013-07-04 00:00:00+09:00,111.23465267379179,112.11051608067204,108.60706245315104,109.57051086425781,518000,0.0,0.0
2013-07-05 00:00:00+09:00,110.62155865540953,117.27811299188065,110.62155865540953,114.91328430175781,1309000,0.0,0.0
2013-07-08 00:00:00+09:00,117.3656997680664,120.95674518144294,115.87673460811102,117.3656997680664,1277000,0.0,0.0
2013-07-09 00:00:00+09:00,116.5774346671355,121.21950042475014,114.47535429396243,120.43122863769531,775000,0.0,0.0
2013-07-10 00:00:00+09:00,119.90570437626319,120.78156785122381,115.78914871687145,117.01536560058594,777000,0.0,0.0
2013-07-11 00:00:00+09:00,116.4022499705635,119.20502376995012,114.65052302825485,117.10294342041016,277000,0.0,0.0
2013-07-12 00:00:00+09:00,117.36570513467964,119.02984038402649,115.3512164781015,117.10294342041016,459000,0.0,0.0
2013-07-16 00:00:00+09:00,116.92777118895576,118.6794980981536,113.86224909785955,117.80363464355469,753000,0.0,0.0
2013-07-17 00:00:00+09:00,119.73052155438701,119.73052155438701,101.16222054319162,113.24913787841797,823000,0.0,0.0
2013-07-18 00:00:00+09:00,112.63605274157099,114.47535809395987,111.93535926058719,112.373291015625,2788000,0.0,0.0
2013-07-19 00:00:00+09:00,113.86224110921225,114.38776449094682,109.48292414347331,110.3587875366211,607000,0.0,0.0
2013-07-22 00:00:00+09:00,110.00844212056977,112.81120902057924,108.43189200397768,109.48292541503906,300000,0.0,0.0
2013-07-23 00:00:00+09:00,109.92085519396824,110.35878688796811,107.81878172630738,108.16912841796875,221000,0.0,0.0
2013-07-24 00:00:00+09:00,108.60705742582728,116.75258940568719,108.16912574265862,116.22706604003906,897000,0.0,0.0
2013-07-25 00:00:00+09:00,120.34361745690535,130.41604585742672,119.205005807668,121.83259582519531,3397000,0.0,0.0
2013-07-26 00:00:00+09:00,122.18295067299913,130.94158512984492,122.18295067299913,125.16088104248047,2505000,0.0,0.0
2013-07-29 00:00:00+09:00,126.12433549694549,126.9126072479552,115.52638251559206,116.48983764648438,1090000,0.0,0.0
2013-07-30 00:00:00+09:00,116.57742517404066,123.3215707556413,116.57742517404066,121.13191223144531,532000,0.0,0.0
2013-07-31 00:00:00+09:00,124.37261506323178,134.00711341320044,123.75951329570246,129.0146942138672,3483000,0.0,0.0
2013-08-01 00:00:00+09:00,125.24845708486035,136.10915710861107,116.92775539041159,131.20433044433594,2977000,0.0,0.0
2013-08-02 00:00:00+09:00,138.38642496631837,139.96298184771854,125.24847322900968,127.35054016113281,2753000,0.0,0.0
2013-08-05 00:00:00+09:00,123.58433753194068,129.45261994510426,123.58433753194068,125.16088104248047,1190000,0.0,0.0
2013-08-06 00:00:00+09:00,125.68642058218101,127.26297765961964,123.75952342736372,126.29952239990234,525000,0.0,0.0
2013-08-07 00:00:00+09:00,124.19742534612944,126.21191371826505,123.49673199521956,124.28500366210938,675000,0.0,0.0
2013-08-08 00:00:00+09:00,138.99953055155717,150.560925727173,131.8174527428122,141.6271209716797,15212000,0.0,0.0
2013-08-09 00:00:00+09:00,166.1512887413329,166.41405044126847,145.0429882567622,158.35610961914062,21962000,0.0,0.0
2013-08-12 00:00:00+09:00,161.85958944210316,170.61822508978605,134.97058067664017,138.21127319335938,22825000,0.0,0.0
2013-08-13 00:00:00+09:00,138.21125420835742,141.364354589636,131.64227837492422,134.62020874023438,7754000,0.0,0.0
2013-08-14 00:00:00+09:00,135.75882930686296,153.10092759446914,135.1457275893679,148.80918884277344,11376000,0.0,0.0
2013-08-15 00:00:00+09:00,145.39332751238797,152.83816657175723,140.31331701071886,143.4664306640625,3634000,0.0,0.0
2013-08-16 00:00:00+09:00,140.1381349326112,141.5395216277829,134.00709152930946,138.649169921875,3186000,0.0,0.0
2013-08-19 00:00:00+09:00,140.66366977605372,150.5609156725394,137.16021611652178,148.80918884277344,4335000,0.0,0.0
2013-08-20 00:00:00+09:00,148.4588511814581,148.4588511814581,138.38642175026771,140.57608032226562,3239000,0.0,0.0
2013-08-21 00:00:00+09:00,143.5539970722015,148.10849716336708,138.99951034564995,141.88986206054688,2986000,0.0,0.0
2013-08-22 00:00:00+09:00,141.01399810791017,141.01399810791017,131.37950134277344,131.37950134277344,3036000,0.0,0.0
2013-08-23 00:00:00+09:00,134.88297044649482,137.77332248612854,133.1312435575793,134.62020874023438,1496000,0.0,0.0
2013-08-26 00:00:00+09:00,133.04366268251908,135.8464366243162,128.31400504381554,131.8174591064453,1438000,0.0,0.0
2013-08-27 00:00:00+09:00,128.75192976838454,135.05814406370877,128.57675974774529,129.80296325683594,896000,0.0,0.0
2013-08-28 00:00:00+09:00,126.38710610603322,130.85400195080362,124.37261737700354,125.07331085205078,1213000,0.0,0.0
2013-08-29 00:00:00+09:00,125.33604771534125,130.24087433856582,125.33604771534125,130.06570434570312,1079000,0.0,0.0
2013-08-30 00:00:00+09:00,129.62778713828638,134.4450359846416,129.62778713828638,133.13124084472656,1024000,0.0,0.0
2013-09-02 00:00:00+09:00,131.81747011037973,139.26231061495267,130.59126643194423,136.6347198486328,1498000,0.0,0.0
2013-09-03 00:00:00+09:00,137.94847549146908,139.96296383823554,136.72227216627934,137.5105438232422,798000,0.0,0.0
2013-09-04 00:00:00+09:00,140.57606848985134,148.3712470041906,140.48847680849798,146.26918029785156,2595000,0.0,0.0
2013-09-05 00:00:00+09:00,146.26920095324692,148.28368962732264,142.24022360509548,146.9698944091797,1357000,0.0,0.0
2013-09-06 00:00:00+09:00,145.13055087950553,146.88227753674667,144.0795175580836,146.7071075439453,1041000,0.0,0.0
2013-09-09 00:00:00+09:00,148.98438036409982,150.56092390540454,146.09402826401475,148.72161865234375,1245000,0.0,0.0
2013-09-10 00:00:00+09:00,150.64852104074484,152.83817977680218,147.1450670630531,148.4588623046875,1109000,0.0,0.0
2013-09-11 00:00:00+09:00,145.83124573471622,147.93331239946116,144.1671107388443,144.78021240234375,747000,0.0,0.0
2013-09-12 00:00:00+09:00,146.444333825282,147.0574354319572,141.88984756404986,145.1305389404297,423000,0.0,0.0
2013-09-13 00:00:00+09:00,146.26918224481872,151.9622941285991,145.56848887850748,147.58297729492188,1115000,0.0,0.0
2013-09-17 00:00:00+09:00,147.14505644854702,153.2761004672365,147.14505644854702,148.984375,1236000,0.0,0.0
2013-09-18 00:00:00+09:00,152.48782458028683,165.53818400522294,150.47333607026323,155.9036865234375,4450000,0.0,0.0
2013-09-19 00:00:00+09:00,158.09335151080808,163.08577046454207,156.7795563458983,160.02024841308594,1947000,0.0,0.0
2013-09-20 00:00:00+09:00,160.0202656399905,160.9837208771575,155.29060788299253,158.09336853027344,717000,0.0,0.0
2013-09-24 00:00:00+09:00,155.9036866289562,158.88161687040486,154.58989151691443,156.8671417236328,672000,0.0,0.0
2013-09-25 00:00:00+09:00,157.39266436828825,157.39266436828825,148.89679130220338,149.24713134765625,827000,0.0,0.0
2013-09-26 00:00:00+09:00,153.44871465875352,161.85185576930243,153.44871465875352,161.3038330078125,355000,7.0,200.0
2013-09-27 00:00:00+09:00,163.86129301533072,167.14948518397443,160.02507811001408,161.66917419433594,331500,0.0,0.0
2013-09-30 00:00:00+09:00,158.92899263832302,161.85182189941406,155.64080100887733,161.85182189941406,438000,0.0,0.0
2013-10-01 00:00:00+09:00,158.19830388709838,161.66917021588662,157.46759298569802,160.20774841308594,481500,0.0,0.0
2013-10-02 00:00:00+09:00,160.20773492970721,160.5730973182334,144.68018881466932,149.79515075683594,1393000,0.0,0.0
2013-10-03 00:00:00+09:00,146.14164211418296,153.08337568946789,146.14164211418296,150.52589416503906,281500,0.0,0.0
2013-10-04 00:00:00+09:00,147.96836951472312,153.4486794967499,146.87231030574756,149.97781372070312,514000,0.0,0.0
2013-10-07 00:00:00+09:00,149.9778362718459,152.9006659143163,146.14162149503153,149.61248779296875,605500,0.0,0.0
2013-10-08 00:00:00+09:00,151.2565819382426,162.9479003625031,150.70854528960186,155.45814514160156,1735500,0.0,0.0
2013-10-09 00:00:00+09:00,154.36209418009298,164.04398258518435,151.8046129092055,160.39044189453125,1321500,0.0,0.0
2013-10-10 00:00:00+09:00,163.13060742964964,169.52430403090116,158.01564457378743,161.48651123046875,1766500,0.0,0.0
2013-10-11 00:00:00+09:00,161.85181306772617,188.88801361613307,158.01559900080116,188.1573028564453,11305000,0.0,0.0
2013-10-15 00:00:00+09:00,188.1573406844531,190.16678522472085,176.46600799041602,186.51324462890625,5943500,0.0,0.0
2013-10-16 00:00:00+09:00,182.67702432203043,185.23450544996905,173.72584734282077,174.45655822753906,1974000,0.0,0.0
2013-10-17 00:00:00+09:00,180.4849090560187,198.02190093882248,175.00459822157057,179.20616149902344,5070500,0.0,0.0
2013-10-18 00:00:00+09:00,179.02348203258427,186.3305629318734,177.19671180776197,181.58096313476562,2383500,0.0,0.0
2013-10-21 00:00:00+09:00,186.51322560121736,187.24393643326496,179.20614515504118,181.7636260986328,1082000,0.0,0.0
2013-10-22 00:00:00+09:00,183.0423762957069,185.41718323216156,179.20616149902344,179.20616149902344,929500,0.0,0.0
2013-10-23 00:00:00+09:00,180.66756705367413,181.21558972555883,175.55260515985074,177.1967010498047,1350500,0.0,0.0
2013-10-24 00:00:00+09:00,174.6392119841045,187.06125375610262,173.90850118507825,184.6864471435547,1603500,0.0,0.0
2013-10-25 00:00:00+09:00,186.513229700524,187.2439405486316,179.93685994185574,181.94630432128906,987000,0.0,0.0
2013-10-28 00:00:00+09:00,182.6770305633545,182.6770305633545,175.18727509768723,175.3699493408203,807500,0.0,0.0
2013-10-29 00:00:00+09:00,172.26442460549035,175.18725395431713,168.42819627693365,169.88961791992188,823000,0.0,0.0
2013-10-30 00:00:00+09:00,168.24552668823642,168.24552668823642,162.21719360351562,162.21719360351562,1965000,0.0,0.0
2013-10-31 00:00:00+09:00,162.03453754706086,165.6880785419182,158.9290332762933,159.6597442626953,1631500,0.0,0.0
2013-11-01 00:00:00+09:00,159.84241736215938,164.22666931152344,157.10226163595092,164.22666931152344,822000,0.0,0.0
2013-11-05 00:00:00+09:00,163.313270122496,168.42821867897672,158.7463443021642,168.24554443359375,1612500,0.0,0.0
2013-11-06 00:00:00+09:00,171.35108101535616,195.09909786745033,171.16839281292528,190.16680908203125,7256000,0.0,0.0
2013-11-07 00:00:00+09:00,189.2533914398034,197.65653163929676,187.79198363045495,189.43606567382812,3564000,0.0,0.0
2013-11-08 00:00:00+09:00,182.67702463947606,190.8974907482525,180.3022177443025,188.88804626464844,1864500,0.0,0.0
2013-11-11 00:00:00+09:00,192.72427256213143,194.5510429181706,183.22507228558848,187.4266357421875,1738500,0.0,0.0
2013-11-12 00:00:00+09:00,186.33056526540597,197.29118675160632,185.59985437889574,195.46441650390625,2123000,0.0,0.0
2013-11-13 00:00:00+09:00,192.72426570601164,201.4927686779229,191.81088056048551,197.6565399169922,2375500,0.0,0.0
2013-11-14 00:00:00+09:00,199.11796380905878,206.42504504975818,191.81088256835938,191.81088256835938,1833000,0.0,0.0
2013-11-15 00:00:00+09:00,191.8108568463044,200.76203295322853,191.8108568463044,198.5699005126953,1286500,0.0,0.0
2013-11-18 00:00:00+09:00,206.42503554404354,208.251805770097,200.94472486588307,205.8769989013672,1836000,0.0,0.0
2013-11-19 00:00:00+09:00,202.77149491519629,203.31953155739495,195.46441401735137,200.57937622070312,1546000,0.0,0.0
2013-11-20 00:00:00+09:00,201.49278162521148,202.7715153362549,193.45498904066824,196.1951446533203,941000,0.0,0.0
2013-11-21 00:00:00+09:00,200.94472538125166,210.99196165031424,200.76205114560796,201.31007385253906,2429500,0.0,0.0
2013-11-22 00:00:00+09:00,202.77149902881504,208.25180981337763,197.83922489756915,207.3384246826172,1141000,0.0,0.0
2013-11-25 00:00:00+09:00,206.24236331808257,207.52109691391712,201.31007529739733,206.6077117919922,837500,0.0,0.0
2013-11-26 00:00:00+09:00,203.86753843289833,209.7132110595703,203.68486421206632,209.7132110595703,828000,0.0,0.0
2013-11-27 00:00:00+09:00,210.0785784855067,215.3762149912671,194.00299473088583,195.46441650390625,1960000,0.0,0.0
2013-11-28 00:00:00+09:00,198.93527458087775,205.69431864454612,196.56046778166973,204.96360778808594,923000,0.0,0.0
2013-11-29 00:00:00+09:00,201.49277059106643,207.15575575966733,201.49277059106643,206.24237060546875,737000,0.0,0.0
2013-12-02 00:00:00+09:00,208.2518098963347,214.64550581420463,207.52109900400507,213.914794921875,2000500,0.0,0.0
2013-12-03 00:00:00+09:00,218.8471045154006,219.76048973635443,210.44394933290334,216.10694885253906,1620000,0.0,0.0
2013-12-04 00:00:00+09:00,217.38566714047354,230.72109599369932,216.10693349686076,222.6833038330078,3234500,0.0,0.0
2013-12-05 00:00:00+09:00,222.5006507012457,229.80773264299887,219.21245825259567,223.59671020507812,1969500,0.0,0.0
2013-12-06 00:00:00+09:00,226.51949467832742,227.43287973751424,204.59825325784414,225.60610961914062,2260000,0.0,0.0
2013-12-09 00:00:00+09:00,227.43289712021314,227.43289712021314,220.67385274049693,225.05809020996094,1166000,0.0,0.0
2013-12-10 00:00:00+09:00,225.05809083089667,226.15416413843775,218.29904643253224,221.76991271972656,983500,0.0,0.0
2013-12-11 00:00:00+09:00,223.0486410314095,226.519507236168,218.84707788851296,222.865966796875,1336500,0.0,0.0
2013-12-12 00:00:00+09:00,221.03918272322616,221.03918272322616,212.45336880387816,215.74154663085938,1240500,0.0,0.0
2013-12-13 00:00:00+09:00,216.1069029173976,219.02973221575013,210.07855616561156,214.82815551757812,833000,0.0,0.0
2013-12-16 00:00:00+09:00,215.55889013488755,215.7415643729954,203.8675577130228,205.3289794921875,884500,0.0,0.0
2013-12-17 00:00:00+09:00,209.34786918285994,212.81873546717975,200.94472876729418,207.3384246826172,1012000,0.0,0.0
2013-12-18 00:00:00+09:00,215.01083949280266,230.1730372007264,212.45337245140354,220.49114990234375,4381500,0.0,0.0
2013-12-19 00:00:00+09:00,221.76989766056712,223.96201625249262,213.00139541856493,215.92422485351562,1687500,0.0,0.0
2013-12-20 00:00:00+09:00,204.96361910639635,214.82818137046462,204.59827062656652,211.35731506347656,1395500,0.0,0.0
2013-12-24 00:00:00+09:00,208.251805770097,209.8959017609753,203.8675544401385,205.8769989013672,1296000,0.0,0.0
2013-12-25 00:00:00+09:00,205.87701774056887,227.2502397034859,205.87701774056887,223.7793731689453,3378500,0.0,0.0
2013-12-26 00:00:00+09:00,226.51953858310438,228.16363479573485,221.22190142558512,226.15419006347656,1194000,0.0,0.0
2013-12-27 00:00:00+09:00,226.15414762800037,235.65334672742412,222.13524498043643,234.19192504882812,1735000,0.0,0.0
2013-12-30 00:00:00+09:00,239.30690131709227,244.42186356132558,237.4801310780305,238.02816772460938,1838000,0.0,0.0
2014-01-06 00:00:00+09:00,234.9226646172082,243.50847919240374,234.73997644301818,241.3163604736328,1311500,0.0,0.0
2014-01-07 00:00:00+09:00,240.22027373613574,241.86435571464773,227.980919356379,238.2108154296875,1858000,0.0,0.0
2014-01-08 00:00:00+09:00,240.76833037419166,270.36200356829295,240.22029371101704,256.1131896972656,3079000,0.0,0.0
2014-01-09 00:00:00+09:00,255.56519970106498,259.03608061876247,248.4408054017668,250.81561279296875,1488000,0.0,0.0
2014-01-10 00:00:00+09:00,256.29585922257286,267.62182864853827,254.1037406037248,265.0643615722656,2452000,0.0,0.0
2014-01-14 00:00:00+09:00,257.5746043549872,267.6218406950753,256.11318258520487,264.3336486816406,1272000,0.0,0.0
2014-01-15 00:00:00+09:00,268.5351968340861,273.46747038475036,255.19976991984655,259.2186584472656,1554500,0.0,0.0
2014-01-16 00:00:00+09:00,262.87222602853683,263.05491420200894,252.2769809503973,255.74783325195312,932000,0.0,0.0
2014-01-17 00:00:00+09:00,256.6611840526378,269.8139224292301,256.6611840526378,265.97772216796875,1105000,0.0,0.0
2014-01-20 00:00:00+09:00,277.6691137355909,279.13053569853406,270.3620317951806,272.3714904785156,1637500,0.0,0.0
2014-01-21 00:00:00+09:00,275.65962288888335,282.78404367410457,274.92892592982065,281.50531005859375,1524000,0.0,0.0
2014-01-22 00:00:00+09:00,281.5052565607551,282.96665020115415,271.8233703844778,279.3131103515625,1408500,0.0,0.0
2014-01-23 00:00:00+09:00,280.9573074047292,281.13996772945,265.0644096901244,267.8045654296875,1376000,0.0,0.0
2014-01-24 00:00:00+09:00,259.4013390425236,271.82338057153225,257.0265324764296,265.97772216796875,1090500,0.0,0.0
2014-01-27 00:00:00+09:00,255.56514898819623,257.93995590815524,246.61398583716087,249.35414123535156,1065000,0.0,0.0
2014-01-28 00:00:00+09:00,250.26748064439073,266.52572188689874,249.90213223290795,253.9210205078125,1039000,0.0,0.0
2014-01-29 00:00:00+09:00,261.5934850049655,272.18875765638285,261.5934850049655,268.53521728515625,823500,0.0,0.0
2014-01-30 00:00:00+09:00,264.88164244462155,265.97771556307686,254.10371090176622,262.5068359375,1343500,0.0,0.0
2014-01-31 00:00:00+09:00,267.98716050700875,276.75566231358613,258.122613396046,266.34307861328125,1311500,0.0,0.0
2014-02-03 00:00:00+09:00,263.0548913505349,263.0548913505349,242.04703544406857,246.97930908203125,1636500,0.0,0.0
2014-02-04 00:00:00+09:00,203.13685189926665,235.65336883239576,193.82032615146267,225.24078369140625,3447500,0.0,0.0
2014-02-05 00:00:00+09:00,237.48014696082404,241.49903618068495,215.55890262597873,222.3179473876953,1458500,0.0,0.0
2014-02-06 00:00:00+09:00,233.09588026481947,239.48959005371705,228.34628041952357,233.46124267578125,1120000,0.0,0.0
2014-02-07 00:00:00+09:00,264.8816890879891,264.8816890879891,224.14470650166552,236.93209838867188,3193500,0.0,0.0
2014-02-10 00:00:00+09:00,245.88326667662193,249.71946716308594,239.67223161035218,249.71946716308594,1155000,0.0,0.0
2014-02-12 00:00:00+09:00,251.911627007043,255.56516780699607,246.6140039968327,252.82501220703125,994000,0.0,0.0
2014-02-13 00:00:00+09:00,253.0076717145671,253.190359883576,236.74942814761135,237.11477661132812,1067500,0.0,0.0
2014-02-14 00:00:00+09:00,236.93210301037104,242.96045059241175,230.17305845596903,239.1242218017578,934500,0.0,0.0
2014-02-17 00:00:00+09:00,239.12421636492758,241.1336748046875,226.5195126953125,228.34628295898438,1502500,0.0,0.0
2014-02-18 00:00:00+09:00,227.9809102051952,231.99979878247268,216.6549274141548,224.69271850585938,2324000,0.0,0.0
2014-02-19 00:00:00+09:00,222.86598797233736,236.0187292286309,222.86598797233736,223.7793731689453,1703000,0.0,0.0
2014-02-20 00:00:00+09:00,223.59667089513755,239.48957968665204,223.59667089513755,231.08642578125,2251500,0.0,0.0
2014-02-21 00:00:00+09:00,228.52897634502372,235.1053470578078,225.0581097658134,229.80772399902344,936000,0.0,0.0
2014-02-24 00:00:00+09:00,232.91318356990814,238.2108056151119,226.51948833465576,233.82656860351562,945500,0.0,0.0
2014-02-25 00:00:00+09:00,239.30692277377915,243.1431517694927,234.00929975522632,236.3840789794922,1122000,0.0,0.0
2014-02-26 00:00:00+09:00,234.92265021278695,237.66280541181186,229.62500010342544,230.90374755859375,761500,0.0,0.0
2014-02-27 00:00:00+09:00,231.08641778128515,233.64389871016806,226.51949252869056,230.7210693359375,506000,0.0,0.0
2014-02-28 00:00:00+09:00,228.34626884023757,229.6250023708828,218.11635878362497,225.78878784179688,1268500,0.0,0.0
2014-03-03 00:00:00+09:00,214.82818403942048,218.84708705323396,211.905354353016,215.376220703125,1044500,0.0,0.0
2014-03-04 00:00:00+09:00,208.25179571458003,209.71321739971782,202.40613684832906,206.05967712402344,1823500,0.0,0.0
2014-03-05 00:00:00+09:00,210.07856718022774,219.21241792719417,207.1557377286285,214.64549255371094,1348500,0.0,0.0
2014-03-06 00:00:00+09:00,215.9242273431936,225.240766309175,215.37620465746838,223.23130798339844,960500,0.0,0.0
2014-03-07 00:00:00+09:00,226.51949949702282,227.79823303222656,218.11635956117624,227.79823303222656,1482000,0.0,0.0
2014-03-10 00:00:00+09:00,223.41399360000173,236.74942119108036,223.41399360000173,232.91319274902344,1331000,0.0,0.0
2014-03-11 00:00:00+09:00,230.17306954376699,236.38407773094065,229.0770100952747,234.9226837158203,851000,0.0,0.0
2014-03-12 00:00:00+09:00,231.99980589742407,233.27853941018768,226.70216974698204,227.6155548095703,829500,0.0,0.0
2014-03-13 00:00:00+09:00,230.17308116522543,230.9037921468313,221.4045772602605,223.59671020507812,711000,0.0,0.0
2014-03-14 00:00:00+09:00,219.21243881288902,225.97148343475914,216.65495757264168,220.12582397460938,995000,0.0,0.0
2014-03-17 00:00:00+09:00,221.03921135876837,226.51952238419238,212.0880338964788,213.0014190673828,779000,0.0,0.0
2014-03-18 00:00:00+09:00,219.39509543231352,226.51950190881107,215.19353238823066,223.96202087402344,848500,0.0,0.0
2014-03-19 00:00:00+09:00,222.8659734090169,227.43289909362792,216.65495169051573,219.21243286132812,918000,0.0,0.0
2014-03-20 00:00:00+09:00,219.21242926198659,221.03919950583648,204.23291883727788,206.6077117919922,959500,0.0,0.0
2014-03-24 00:00:00+09:00,206.42503343113987,220.67384662337085,206.42503343113987,218.84707641601562,1481500,0.0,0.0
2014-03-25 00:00:00+09:00,215.74156435445374,215.74156435445374,203.50220921931734,204.05023193359375,1453500,0.0,0.0
2014-03-26 00:00:00+09:00,207.15575309525974,213.36677485135505,206.05969371174908,210.07858276367188,983500,0.0,0.0
2014-03-27 00:00:00+09:00,210.07858337894564,226.51951599121094,206.2423685568473,226.51951599121094,1542500,0.0,0.0
2014-03-28 00:00:00+09:00,222.13525351192482,231.99981537843814,221.03919417945679,227.98092651367188,1185000,0.0,0.0
2014-03-31 00:00:00+09:00,238.0281632194211,241.1336669921875,234.55728310631645,241.1336669921875,1437000,0.0,0.0
2014-04-01 00:00:00+09:00,241.13366232877942,251.54624671811658,239.306892159622,251.36358642578125,1559000,0.0,0.0
2014-04-02 00:00:00+09:00,253.92108203326868,271.09271240234375,252.09431165892863,271.09271240234375,3112500,0.0,0.0
2014-04-03 00:00:00+09:00,265.61240700756036,270.36202123299694,257.2092798289553,263.4202880859375,1399500,0.0,0.0
2014-04-04 00:00:00+09:00,258.4879789357749,261.045446022875,249.17143992335178,251.36358642578125,1075500,0.0,0.0
2014-04-07 00:00:00+09:00,245.88329701388477,246.24864550420122,235.47068385689602,236.56675720214844,1225500,0.0,0.0
2014-04-08 00:00:00+09:00,236.74943940644334,243.69114417008436,234.55729277129106,235.6533660888672,783500,0.0,0.0
2014-04-09 00:00:00+09:00,233.82658685074944,246.24862985205576,233.82658685074944,241.86436462402344,689000,0.0,0.0
2014-04-10 00:00:00+09:00,248.07538589242156,253.37300804845228,241.13365391692295,243.1431121826172,950500,0.0,0.0
2014-04-11 00:00:00+09:00,235.6533613929483,236.20139804081555,231.99982090623595,233.46124267578125,995500,0.0,0.0
2014-04-14 00:00:00+09:00,231.0864498264098,232.73054593276322,225.24079026732178,226.88487243652344,1112000,0.0,0.0
2014-04-15 00:00:00+09:00,232.5478532602448,236.56674214656167,225.42344665527344,225.42344665527344,657000,0.0,0.0
2014-04-16 00:00:00+09:00,229.99037724387182,242.04705810546875,226.5195109817217,242.04705810546875,753000,0.0,0.0
2014-04-17 00:00:00+09:00,246.61399183844495,246.61399183844495,239.85494726662222,242.41241455078125,919000,0.0,0.0
2014-04-18 00:00:00+09:00,246.61397305665278,247.3446699752485,242.04704762967773,244.23916625976562,638500,0.0,0.0
2014-04-21 00:00:00+09:00,244.2391992731369,264.5163620594539,244.2391992731369,255.56517028808594,2852000,0.0,0.0
2014-04-22 00:00:00+09:00,264.88164957831884,264.88164957831884,246.79663775682874,248.4407196044922,1312500,0.0,0.0
2014-04-23 00:00:00+09:00,253.9210604750944,258.4879860232076,248.44074981735855,258.3052978515625,803000,0.0,0.0
2014-04-24 00:00:00+09:00,260.6800867957787,261.0454352396583,249.35411778971388,253.55569458007812,902500,0.0,0.0
2014-04-25 00:00:00+09:00,252.09429277692524,255.74783325195312,246.97933053702582,255.74783325195312,956500,0.0,0.0
2014-04-28 00:00:00+09:00,250.63289330192026,259.40139679666845,249.17147140707817,252.82501220703125,967500,0.0,0.0
2014-04-30 00:00:00+09:00,251.1809078709938,253.92106322958645,235.28801236601672,238.02816772460938,1214500,0.0,0.0
2014-05-01 00:00:00+09:00,235.47064034260066,246.61394842097113,234.37459507419732,245.15252685546875,1148500,0.0,0.0
2014-05-02 00:00:00+09:00,231.99981662249678,234.5572837662526,220.3084844934605,225.42344665527344,3770000,0.0,0.0
2014-05-07 00:00:00+09:00,218.48172883434887,219.21243975429348,206.0596989438965,208.98252868652344,2169500,0.0,0.0
2014-05-08 00:00:00+09:00,213.5494557447859,214.64551516244035,205.51166345340033,213.0014190673828,2238000,0.0,0.0
2014-05-09 00:00:00+09:00,209.16518109055653,210.80927700446256,199.48329377089345,201.4927520751953,1863000,0.0,0.0
2014-05-12 00:00:00+09:00,203.86756526449932,204.78095042602232,190.5321502685547,190.5321502685547,1386500,0.0,0.0
2014-05-13 00:00:00+09:00,196.0124329207435,203.31951315730953,191.628181991374,193.27227783203125,1786500,0.0,0.0
2014-05-14 00:00:00+09:00,186.33057472102192,197.65654525665474,183.59041921041864,196.56048583984375,1391000,0.0,0.0
2014-05-15 00:00:00+09:00,191.0801530237919,199.66598100666266,191.0801530237919,198.20455932617188,1388000,0.0,0.0
2014-05-16 00:00:00+09:00,193.08962188514587,194.36836950213902,182.31168788809308,184.13845825195312,1545500,0.0,0.0
2014-05-19 00:00:00+09:00,182.31166872515328,185.599846672187,170.8030110676594,171.53372192382812,1356000,0.0,0.0
2014-05-20 00:00:00+09:00,173.17781865308797,178.29276679521794,168.9762416638826,173.5431671142578,1637000,0.0,0.0
2014-05-21 00:00:00+09:00,170.8030056511004,177.1967010498047,168.06285048022713,177.1967010498047,1015500,0.0,0.0
2014-05-22 00:00:00+09:00,177.19669985336256,180.4848916110684,173.72583387292858,178.47543334960938,805500,0.0,0.0
2014-05-23 00:00:00+09:00,181.21559703012272,190.16677373654898,179.93686347369777,186.69590759277344,1547000,0.0,0.0
2014-05-26 00:00:00+09:00,191.6281919370401,196.19511732192117,190.7148068600639,194.36834716796875,1552000,0.0,0.0
2014-05-27 00:00:00+09:00,194.3683523707933,195.0990632393639,190.1667753293754,191.99354553222656,967500,0.0,0.0
2014-05-28 00:00:00+09:00,192.72424752342363,194.91636609101016,188.8880330615722,189.61874389648438,896000,0.0,0.0
2014-05-29 00:00:00+09:00,188.88804626464844,194.0029945922632,187.79198690424175,188.88804626464844,1025500,0.0,0.0
2014-05-30 00:00:00+09:00,193.45496522413782,194.18567608498324,187.4266180436012,191.26283264160156,835500,0.0,0.0
2014-06-02 00:00:00+09:00,197.2911802519352,199.6659870705687,191.99354392070313,199.11795043945312,1111000,0.0,0.0
2014-06-03 00:00:00+09:00,200.94471596112854,209.1651816140838,200.94471596112854,208.06912231445312,1585500,0.0,0.0
2014-06-04 00:00:00+09:00,216.47226505488442,217.38565013950418,206.60770335356088,209.53053283691406,1662000,0.0,0.0
2014-06-05 00:00:00+09:00,213.73213989257812,215.5589103190104,202.40616882355883,205.5116729736328,1265000,0.0,0.0
2014-06-06 00:00:00+09:00,200.94470390618636,218.66436767578125,200.94470390618636,218.66436767578125,1450000,0.0,0.0
2014-06-09 00:00:00+09:00,220.30849291273583,227.61557403048596,219.21243353250355,222.50062561035156,1614500,0.0,0.0
2014-06-10 00:00:00+09:00,222.50062492910848,226.3368397167515,217.56833682743792,219.21243286132812,1452500,0.0,0.0
2014-06-11 00:00:00+09:00,220.67387196502747,221.40456898216055,213.73213880504545,219.9431610107422,1328500,0.0,0.0
2014-06-12 00:00:00+09:00,214.82818591609652,226.51951870099765,214.64551167231633,222.6833038330078,826500,0.0,0.0
2014-06-13 00:00:00+09:00,219.0297461986473,222.68328653911797,217.02030179881848,221.95257568359375,912500,0.0,0.0
2014-06-16 00:00:00+09:00,222.13525844445337,224.69273956843483,212.63605876926607,217.75100708007812,914000,0.0,0.0
2014-06-17 00:00:00+09:00,217.7510321874785,218.2990688976474,210.44395038337314,211.54002380371094,723000,0.0,0.0
2014-06-18 00:00:00+09:00,214.6455084769586,217.02031542220246,211.90535304959317,216.6549530029297,959000,0.0,0.0
2014-06-19 00:00:00+09:00,219.212431469826,219.57777994741528,213.914794921875,213.914794921875,769500,0.0,0.0
2014-06-20 00:00:00+09:00,216.10692822524823,218.2990469714399,209.34786987304688,209.34786987304688,1272000,0.0,0.0
2014-06-23 00:00:00+09:00,207.33842537506115,212.8187361779262,207.33842537506115,210.62661743164062,1527000,0.0,0.0
2014-06-24 00:00:00+09:00,213.73209966647318,214.2801362661189,207.70375281896918,209.7132110595703,1091000,0.0,0.0
2014-06-25 00:00:00+09:00,210.80929919063914,210.80929919063914,200.03135143978653,202.40615844726562,1283000,0.0,0.0
2014-06-26 00:00:00+09:00,202.40614515922465,207.15574492521824,199.1179532012249,201.8581085205078,883000,0.0,0.0
2014-06-27 00:00:00+09:00,202.22343875935843,202.22343875935843,189.61873657659282,194.55101013183594,1268000,0.0,0.0
2014-06-30 00:00:00+09:00,199.3006629553319,200.7620849609375,192.9069660708253,200.7620849609375,1558500,0.0,0.0
2014-07-01 00:00:00+09:00,199.30061309394736,208.61713772168721,199.30061309394736,208.43446350097656,1417000,0.0,0.0
2014-07-02 00:00:00+09:00,210.6266160021188,211.5400011297305,201.1274023126665,204.05023193359375,1293000,0.0,0.0
2014-07-03 00:00:00+09:00,204.0502157110966,213.0013920374808,201.3100605461106,207.88644409179688,1603500,0.0,0.0
2014-07-04 00:00:00+09:00,211.72269806138308,211.9053723190552,208.25183141700253,211.54002380371094,480000,0.0,0.0
2014-07-07 00:00:00+09:00,210.99195374222816,211.17462797102513,206.79037679414617,207.52108764648438,493500,0.0,0.0
2014-07-08 00:00:00+09:00,203.13683690680853,206.60770301002248,203.13683690680853,204.23291015625,461000,0.0,0.0
2014-07-09 00:00:00+09:00,200.94472866812148,202.77149892874075,197.10851390825118,199.48330688476562,782000,0.0,0.0
2014-07-10 00:00:00+09:00,215.92425474629135,224.3274096986974,210.07859506711083,215.1935577392578,3528500,0.0,0.0
2014-07-11 00:00:00+09:00,211.72265928388634,215.37619951678462,208.25179327520297,208.6171417236328,1070500,0.0,0.0
2014-07-14 00:00:00+09:00,210.07856637648533,213.54943243448338,205.146292566854,212.63604736328125,726500,0.0,0.0
2014-07-15 00:00:00+09:00,211.35728753373812,219.21240426129424,210.0785540837403,218.66436767578125,806500,0.0,0.0
2014-07-16 00:00:00+09:00,217.02029139004802,217.02029139004802,207.88644097695087,209.7132110595703,1061500,0.0,0.0
2014-07-17 00:00:00+09:00,210.07856264892573,214.46281370033327,206.0596739818062,207.88644409179688,705500,0.0,0.0
2014-07-18 00:00:00+09:00,197.2911720984344,207.8864443230251,197.2911720984344,203.31951904296875,662500,0.0,0.0
2014-07-22 00:00:00+09:00,206.42502315875382,210.99194844987667,204.05021643250996,208.6171417236328,647500,0.0,0.0
2014-07-23 00:00:00+09:00,212.27067802551775,213.9147738873052,205.32896007385375,209.7132110595703,1008000,0.0,0.0
2014-07-24 00:00:00+09:00,214.28013581230184,223.59666042649982,214.28013581230184,223.4139862060547,2698500,0.0,0.0
2014-07-25 00:00:00+09:00,225.60613404504255,234.7399856258135,221.03920825465707,232.54786682128906,3131000,0.0,0.0
2014-07-28 00:00:00+09:00,234.7399822722132,235.6533674172413,229.44234564362017,234.3746337890625,2092500,0.0,0.0
2014-07-29 00:00:00+09:00,234.73997959076843,237.48013499455172,228.16360940911878,231.6344757080078,1184000,0.0,0.0
2014-07-30 00:00:00+09:00,229.442341616576,231.81714852682816,224.69274173322262,225.05809020996094,1115000,0.0,0.0
2014-07-31 00:00:00+09:00,227.43290111856135,233.2785604720494,227.06755263540006,233.09588623046875,1671000,0.0,0.0
2014-08-01 00:00:00+09:00,227.25022186909294,244.6045253055416,226.15416250661156,242.04705810546875,3747000,0.0,0.0
2014-08-04 00:00:00+09:00,247.5273690022392,261.22814588428196,244.96990180064532,249.9021759033203,4954500,0.0,0.0
2014-08-05 00:00:00+09:00,255.74782488962887,255.74782488962887,236.38404985540808,237.66281127929688,2900000,0.0,0.0
2014-08-06 00:00:00+09:00,235.4706832638054,239.4896002700729,222.68330495196784,233.278564453125,1348500,0.0,0.0
2014-08-07 00:00:00+09:00,231.81715593246142,237.4801411257214,225.42345982523045,231.2691192626953,642500,0.0,0.0
2014-08-08 00:00:00+09:00,230.1730414496528,230.1730414496528,216.47226517288775,221.95257568359375,1077500,0.0,0.0
2014-08-11 00:00:00+09:00,226.15418316557094,232.91322813259717,225.78882071993436,229.80772399902344,799500,0.0,0.0
2014-08-12 00:00:00+09:00,230.72105386582962,236.3840240747585,227.06751390872793,229.4423065185547,591000,0.0,0.0
2014-08-13 00:00:00+09:00,226.51952503747017,233.46125799251143,226.51952503747017,232.18251037597656,512000,0.0,0.0
2014-08-14 00:00:00+09:00,233.82659580910854,238.75886998959646,233.09588490977484,235.6533660888672,755000,0.0,0.0
2014-08-15 00:00:00+09:00,233.27855321410715,237.66281849854346,231.99981962567637,234.73997497558594,447000,0.0,0.0
2014-08-18 00:00:00+09:00,236.56673510056515,236.749423265807,231.2690988630066,233.64390563964844,414500,0.0,0.0
2014-08-19 00:00:00+09:00,236.93212036793952,237.1148085615649,232.36519427035276,235.83607482910156,328000,0.0,0.0
2014-08-20 00:00:00+09:00,236.56673302743948,236.56673302743948,231.0864226098154,232.91319274902344,233500,0.0,0.0
2014-08-21 00:00:00+09:00,231.45177343382846,234.92265345846013,228.52894396858366,229.0769805908203,366500,0.0,0.0
2014-08-22 00:00:00+09:00,228.52896940333184,229.80771701848892,219.7604800316848,222.3179473876953,867000,0.0,0.0
2014-08-25 00:00:00+09:00,226.5195289112674,232.3651885986328,224.14472182362715,232.3651885986328,705000,0.0,0.0
2014-08-26 00:00:00+09:00,228.528950704742,235.28800885057385,226.88485472672068,231.99981689453125,432000,0.0,0.0
2014-08-27 00:00:00+09:00,229.6250231657212,232.73054106547417,229.6250231657212,232.54786682128906,295000,0.0,0.0
2014-08-28 00:00:00+09:00,230.1730172974048,232.36513569680625,225.6060923510277,229.4423065185547,330000,0.0,0.0
2014-08-29 00:00:00+09:00,226.8848512240434,228.71162140760944,224.1446959486943,227.25021362304688,256000,0.0,0.0
2014-09-01 00:00:00+09:00,225.78881410475765,232.36518462486674,225.78881410475765,232.18251037597656,350000,0.0,0.0
2014-09-02 00:00:00+09:00,230.9037615476524,234.37462779745934,229.62501401501254,233.46124267578125,393000,0.0,0.0
2014-09-03 00:00:00+09:00,233.82656023789033,238.39348524253663,232.547826811449,235.47064208984375,490000,0.0,0.0
2014-09-04 00:00:00+09:00,231.45178201213324,233.82658888030917,224.32738928190693,224.8754119873047,458000,0.0,0.0
2014-09-05 00:00:00+09:00,228.34627745581454,229.2596625656378,221.22187081176298,222.865966796875,397000,0.0,0.0
2014-09-08 00:00:00+09:00,220.67384291828253,225.24076835999244,220.49115475089383,223.96202087402344,354000,0.0,0.0
2014-09-09 00:00:00+09:00,223.04863953064225,224.5100612713867,218.4817140122542,218.84707641601562,506500,0.0,0.0
2014-09-10 00:00:00+09:00,218.29904226971487,219.2124273838141,212.8187315851195,213.73211669921875,697000,0.0,0.0
2014-09-11 00:00:00+09:00,215.9242187495301,223.41398725737167,215.74154452822535,220.85650634765625,638000,0.0,0.0
2014-09-12 00:00:00+09:00,219.21242080816702,222.50061269514967,215.55888046136425,217.38565063476562,359500,0.0,0.0
2014-09-16 00:00:00+09:00,215.92424012090024,219.2124321784372,214.6455065080531,217.20298767089844,413000,0.0,0.0
2014-09-17 00:00:00+09:00,215.3762174027448,220.49116579128435,214.6455065080531,217.20298767089844,597500,0.0,0.0
2014-09-18 00:00:00+09:00,217.02029680648656,224.32737731933594,217.02029680648656,224.32737731933594,398500,0.0,0.0
2014-09-19 00:00:00+09:00,224.69274173322262,226.8848604679546,221.76991210786292,225.05809020996094,374500,0.0,0.0
2014-09-22 00:00:00+09:00,225.05808895680622,229.62501457636114,225.05808895680622,228.89431762695312,421500,0.0,0.0
2014-09-24 00:00:00+09:00,228.5289390211084,228.8943014070731,222.68328021717284,225.60610961914062,393500,0.0,0.0
2014-09-25 00:00:00+09:00,227.43288233139936,232.91319274902344,227.25020810490858,232.91319274902344,616000,0.0,0.0
2014-09-26 00:00:00+09:00,240.29825923237053,247.87265790882162,239.54081503061147,246.16842651367188,913500,9.0,0.0
2014-09-29 00:00:00+09:00,250.90245834327143,250.90245834327143,241.81315596031868,244.46421813964844,509500,0.0,0.0
2014-09-30 00:00:00+09:00,243.3280280574723,243.896114835647,235.56425728901678,241.0557098388672,338500,0.0,0.0
2014-10-01 00:00:00+09:00,242.94931268735547,242.94931268735547,234.42809771394616,234.9961700439453,430000,0.0,0.0
2014-10-02 00:00:00+09:00,229.88345631072082,234.428107373204,226.47496440209656,227.98985290527344,474500,0.0,0.0
2014-10-03 00:00:00+09:00,226.28559762720295,235.94297170765748,226.28559762720295,234.9961700439453,468000,0.0,0.0
2014-10-06 00:00:00+09:00,236.7004007101059,244.84290027335192,235.75359910726547,242.38121032714844,554500,0.0,0.0
2014-10-07 00:00:00+09:00,239.1621073880501,262.07469044329366,237.0791321584398,250.5237274169922,1776500,0.0,0.0
2014-10-08 00:00:00+09:00,243.32804444803998,245.78973472322062,227.42177250521766,238.40467834472656,818000,0.0,0.0
2014-10-09 00:00:00+09:00,239.3514616549695,240.6769781952639,227.6111124460257,228.17919921875,561000,0.0,0.0
2014-10-10 00:00:00+09:00,226.28558838191452,226.47494581751104,217.76437375665415,225.14942932128906,650500,0.0,0.0
2014-10-14 00:00:00+09:00,218.71118576830148,223.06647922908644,215.49206586914528,218.90054321289062,572000,0.0,0.0
2014-10-15 00:00:00+09:00,219.46863165261666,221.17287756089482,198.82835220135254,214.92398071289062,1033500,0.0,0.0
2014-10-16 00:00:00+09:00,199.58579766151124,212.08357698743265,198.82835342571812,204.88787841796875,755500,0.0,0.0
2014-10-17 00:00:00+09:00,204.88788313429134,210.00062100829985,197.1241120445534,199.01771545410156,842500,0.0,0.0
2014-10-20 00:00:00+09:00,211.1367649725895,223.06647137317773,211.1367649725895,221.9302978515625,1019500,0.0,0.0
2014-10-21 00:00:00+09:00,221.93027112699218,224.7706756948993,215.49203233070514,217.38563537597656,519500,0.0,0.0
2014-10-22 00:00:00+09:00,222.3090474713125,223.6345641048216,218.52184057894618,220.79415893554688,250500,0.0,0.0
2014-10-23 00:00:00+09:00,219.6579903495481,222.49839539717158,217.00694274902344,217.00694274902344,245000,0.0,0.0
2014-10-24 00:00:00+09:00,222.6877322095286,222.8770896390811,213.030358831892,218.14308166503906,332000,0.0,0.0
2014-10-27 00:00:00+09:00,217.7643910774695,220.0367093794589,215.87078767679583,218.52183532714844,123500,0.0,0.0
2014-10-28 00:00:00+09:00,218.143097248525,221.36223156906635,211.3261281683299,212.0835723876953,343500,0.0,0.0
2014-10-29 00:00:00+09:00,217.76438155987475,217.76438155987475,211.5154848319466,214.734619140625,249000,0.0,0.0
2014-10-30 00:00:00+09:00,212.08357401092792,215.49206580063662,205.8346772121443,206.78147888183594,648500,0.0,0.0
2014-10-31 00:00:00+09:00,209.05380995728046,213.7878182695058,207.72827896162926,212.0835723876953,582000,0.0,0.0
2014-11-04 00:00:00+09:00,214.1665348629274,221.36223333369028,214.1665348629274,218.90054321289062,1184500,0.0,0.0
2014-11-05 00:00:00+09:00,207.53889845485446,208.10698516800903,195.23047821089722,201.66873168945312,4522000,0.0,0.0
2014-11-06 00:00:00+09:00,201.85808472547245,202.0474421433945,189.1709499131112,191.44326782226562,4307500,0.0,0.0
2014-11-07 00:00:00+09:00,190.30712476772712,192.01137056550405,187.84543478793307,190.11776733398438,1692000,0.0,0.0
2014-11-10 00:00:00+09:00,185.57310649212528,192.76880415533196,180.2710119563893,188.98159790039062,1978500,0.0,0.0
2014-11-11 00:00:00+09:00,192.01138305664062,196.17730465817593,187.65608956199702,192.01138305664062,2060500,0.0,0.0
2014-11-12 00:00:00+09:00,190.30712476772712,192.3900854329895,185.9518315564134,190.11776733398438,1595500,0.0,0.0
2014-11-13 00:00:00+09:00,191.8220222712936,192.01137971405845,187.6560862952329,189.1709747314453,1194000,0.0,0.0
2014-11-14 00:00:00+09:00,188.60288457275868,189.17097133790915,182.7327172700724,186.33056640625,1451500,0.0,0.0
2014-11-17 00:00:00+09:00,186.33056974883215,193.90498303580057,182.7327205481128,189.1709747314453,1911000,0.0,0.0
2014-11-18 00:00:00+09:00,192.20072537933595,199.39642333984375,189.54967800193592,199.39642333984375,1381000,0.0,0.0
2014-11-19 00:00:00+09:00,199.0176974911318,210.37931692294194,196.17729263317926,202.23683166503906,2663500,0.0,0.0
2014-11-20 00:00:00+09:00,206.59210243215563,206.9708317334198,196.36664245075337,197.88153076171875,1098500,0.0,0.0
2014-11-21 00:00:00+09:00,196.3666466530746,201.10065466734397,192.20072537933595,199.39642333984375,666500,0.0,0.0
2014-11-25 00:00:00+09:00,201.6687547436604,203.37300063090353,196.9347464163444,197.31346130371094,744500,0.0,0.0
2014-11-26 00:00:00+09:00,195.04112669836712,197.8815314561103,194.4730399680002,196.55601501464844,498000,0.0,0.0
2014-11-27 00:00:00+09:00,196.93473392855427,197.31344879190615,194.09432911227705,195.4198455810547,310500,0.0,0.0
2014-11-28 00:00:00+09:00,196.36667879149317,200.3432577319443,196.36667879149317,198.828369140625,804500,0.0,0.0
2014-12-01 00:00:00+09:00,198.82835681621845,198.82835681621845,195.9879517188439,196.93475341796875,540000,0.0,0.0
2014-12-02 00:00:00+09:00,196.55605070069433,199.7751708984375,196.17732132934034,198.828369140625,605500,0.0,0.0
2014-12-03 00:00:00+09:00,200.7219502144191,205.45595847419315,197.8815452585547,200.5325927734375,1382500,0.0,0.0
2014-12-04 00:00:00+09:00,199.7751585153433,201.10067511529914,195.04115001971905,196.93475341796875,521500,0.0,0.0
2014-12-05 00:00:00+09:00,197.1240824729912,198.63897075219282,193.3368762220325,197.69216918945312,641500,0.0,0.0
2014-12-08 00:00:00+09:00,198.82833928330382,199.20705415073925,196.1772918701172,196.1772918701172,587000,0.0,0.0
2014-12-09 00:00:00+09:00,195.04113423765588,195.98793586016876,189.54968193767183,192.2007293701172,787000,0.0,0.0
2014-12-10 00:00:00+09:00,191.25391567341427,197.69216918945312,189.92839926439686,197.69216918945312,595000,0.0,0.0
2014-12-11 00:00:00+09:00,196.74538488546563,200.3432340288933,192.3900915359932,198.4496307373047,573000,0.0,0.0
2014-12-12 00:00:00+09:00,198.82835800255623,201.29004821378783,198.44964309946562,199.01771545410156,621500,0.0,0.0
2014-12-15 00:00:00+09:00,199.7751708984375,200.53261519409716,196.55605070069433,198.828369140625,545500,0.0,0.0
2014-12-16 00:00:00+09:00,195.4198421354625,197.1240878845892,191.25392092386005,193.90496826171875,469000,0.0,0.0
2014-12-17 00:00:00+09:00,189.5496690129389,193.71560453616272,189.5496690129389,192.95816040039062,434000,0.0,0.0
2014-12-18 00:00:00+09:00,193.90497785807872,198.07089927585267,193.5262485356152,196.3666534423828,655000,0.0,0.0
2014-12-19 00:00:00+09:00,198.44961749009218,198.82833234431072,195.98792759653486,197.88153076171875,393500,0.0,0.0
2014-12-22 00:00:00+09:00,197.12409415828375,197.3134515926475,192.95817281409623,193.5262451171875,438500,0.0,0.0
2014-12-24 00:00:00+09:00,193.52625339134735,195.98794348446367,192.95818106396828,195.23049926757812,468000,0.0,0.0
2014-12-25 00:00:00+09:00,196.93474211516204,204.5091552734375,196.74538467561447,204.5091552734375,947500,0.0,0.0
2014-12-26 00:00:00+09:00,203.56234084764134,214.1665157140163,201.66873767696558,212.65164184570312,1466000,0.0,0.0
2014-12-29 00:00:00+09:00,214.73463551640535,217.57504070988412,212.65167459726382,216.81759643554688,986000,0.0,0.0
2014-12-30 00:00:00+09:00,216.81758242796323,228.55791735703417,216.81758242796323,220.22607421875,2340500,0.0,0.0
2015-01-05 00:00:00+09:00,220.22608426274633,222.11968768909136,215.30270379661115,216.62823486328125,716000,0.0,0.0
2015-01-06 00:00:00+09:00,214.16651703833975,214.9239612007029,212.08355642712533,213.40907287597656,415500,0.0,0.0
2015-01-07 00:00:00+09:00,212.84101225765633,218.71117955544958,212.84101225765633,217.9537353515625,349500,0.0,0.0
2015-01-08 00:00:00+09:00,217.5750307528558,220.03670647298676,216.62822906502532,219.08990478515625,369000,0.0,0.0
2015-01-09 00:00:00+09:00,219.0899106493012,219.65799745602376,216.24950550978366,216.62823486328125,287000,0.0,0.0
2015-01-13 00:00:00+09:00,210.94741859369626,216.4388712635584,210.56868925095395,214.35589599609375,226000,0.0,0.0
2015-01-14 00:00:00+09:00,213.03035670102,214.92395987169573,211.3261109580027,212.65164184570312,293000,0.0,0.0
2015-01-15 00:00:00+09:00,208.8644293125652,212.6516355416449,208.675057443475,211.704833984375,374000,0.0,0.0
2015-01-16 00:00:00+09:00,209.2431731484153,210.00061738858824,205.07725149803497,208.29637145996094,270500,0.0,0.0
2015-01-19 00:00:00+09:00,208.29634791038671,211.704839382284,206.02402989381892,207.91763305664062,309500,0.0,0.0
2015-01-20 00:00:00+09:00,205.45593792757535,212.6516355416449,205.45593792757535,211.704833984375,421000,0.0,0.0
2015-01-21 00:00:00+09:00,211.13674904594782,220.6047646982325,209.05378849185428,219.84732055664062,822000,0.0,0.0
2015-01-22 00:00:00+09:00,220.03669552695928,221.9302988084204,212.6516542868983,214.54525756835938,481500,0.0,0.0
2015-01-23 00:00:00+09:00,218.7111874214878,218.90054486750824,208.67508386488643,214.92398071289062,365500,0.0,0.0
2015-01-26 00:00:00+09:00,216.81758009876944,226.8536834716797,216.81758009876944,226.8536834716797,1035500,0.0,0.0
2015-01-27 00:00:00+09:00,226.2855774221861,232.72383104996703,223.25581525824376,231.39830017089844,1330500,0.0,0.0
2015-01-28 00:00:00+09:00,230.64089794136186,236.1323361971179,229.12600945539978,234.61746215820312,616000,0.0,0.0
2015-01-29 00:00:00+09:00,234.80679729191206,244.65352817372226,228.36854350901496,228.93663024902344,1511500,0.0,0.0
2015-01-30 00:00:00+09:00,228.93663972241643,240.10890197753906,228.36855295890052,240.10890197753906,921000,0.0,0.0
2015-02-02 00:00:00+09:00,234.42808307435317,237.8365601826358,223.82389354535135,226.28558349609375,707500,0.0,0.0
2015-02-03 00:00:00+09:00,223.44519233703613,224.01327911332191,208.48572318099468,212.0835723876953,955500,0.0,0.0
2015-02-04 00:00:00+09:00,213.03037612167878,217.95374192485932,210.56868599656505,212.8410186767578,599500,0.0,0.0
2015-02-05 00:00:00+09:00,210.18996077827785,219.46861959393541,209.4325165887667,217.76437377929688,624500,0.0,0.0
2015-02-06 00:00:00+09:00,204.88789461180568,207.16022749878465,194.85180464722217,198.828369140625,2303000,0.0,0.0
2015-02-09 00:00:00+09:00,196.3666735005744,196.93476031877464,191.25394992496382,191.82203674316406,1418000,0.0,0.0
2015-02-10 00:00:00+09:00,193.33689594888767,197.1241025862686,192.7688236215086,195.23049926757812,799000,0.0,0.0
2015-02-12 00:00:00+09:00,198.07088355361995,198.63897026869915,190.11775622478297,190.30711364746094,1015000,0.0,0.0
2015-02-13 00:00:00+09:00,191.25391520789609,192.7688034834104,189.92839880210502,190.30711364746094,592000,0.0,0.0
2015-02-16 00:00:00+09:00,190.49646628561047,192.57942677684284,189.9283940318443,191.44326782226562,650000,0.0,0.0
2015-02-17 00:00:00+09:00,190.30711299329653,193.71560437796472,190.30711299329653,191.63262939453125,659500,0.0,0.0
2015-02-18 00:00:00+09:00,192.95819602124044,192.95819602124044,190.30714828016684,190.4965057373047,412500,0.0,0.0
2015-02-19 00:00:00+09:00,190.49649957810135,191.2539438292107,188.98162552293013,189.54969787597656,1033500,0.0,0.0
2015-02-20 00:00:00+09:00,189.17096361328615,190.68583751341794,188.98160618165042,189.36032104492188,638500,0.0,0.0
2015-02-23 00:00:00+09:00,189.36032315196726,190.11776733398438,189.17096571822452,190.11776733398438,646000,0.0,0.0
2015-02-24 00:00:00+09:00,189.54966885814304,193.1475176648383,188.41350987893537,191.63262939453125,589500,0.0,0.0
2015-02-25 00:00:00+09:00,192.7688322856357,193.7156339875356,190.30714208187703,190.87522888183594,453000,0.0,0.0
2015-02-26 00:00:00+09:00,190.30711364746094,190.87520036254014,189.36031208702582,190.30711364746094,394500,0.0,0.0
2015-02-27 00:00:00+09:00,190.30713098853587,192.39009172188665,190.30713098853587,191.0645751953125,518500,0.0,0.0
2015-03-02 00:00:00+09:00,190.68583751341794,191.82201099732424,189.17096361328615,189.36032104492188,618500,0.0,0.0
2015-03-03 00:00:00+09:00,189.17096638483716,189.92841056952338,187.2773631466447,187.4667205810547,581000,0.0,0.0
2015-03-04 00:00:00+09:00,185.76249196442072,189.54969879120625,185.3837770605612,186.89865112304688,676000,0.0,0.0
2015-03-05 00:00:00+09:00,185.57311808144715,187.0880064568489,184.62631645858264,186.14120483398438,503000,0.0,0.0
2015-03-06 00:00:00+09:00,185.76248786497908,186.89864699853226,183.11144025532352,186.70928955078125,606500,0.0,0.0
2015-03-09 00:00:00+09:00,185.57310821523353,185.7624656403298,180.46038550240755,182.35398864746094,1137000,0.0,0.0
2015-03-10 00:00:00+09:00,180.08165946706947,181.40719036084408,177.05189726951366,177.80934143066406,1521500,0.0,0.0
2015-03-11 00:00:00+09:00,176.86254923644205,188.981613117511,176.67319179785667,187.6560821533203,1142500,0.0,0.0
2015-03-12 00:00:00+09:00,187.65610053909325,191.44330747004184,186.70929880635612,190.4965057373047,642500,0.0,0.0
2015-03-13 00:00:00+09:00,191.253932635245,191.63264751511002,188.98161446196173,191.0645751953125,553000,0.0,0.0
2015-03-16 00:00:00+09:00,191.06456757476553,194.09432983398438,188.79223504506686,194.09432983398438,591000,0.0,0.0
2015-03-17 00:00:00+09:00,195.04115685417102,195.60924367237126,191.63266483906537,191.82203674316406,319000,0.0,0.0
2015-03-18 00:00:00+09:00,190.11779680356554,190.8752411029918,187.088034052909,188.0348358154297,315000,0.0,0.0
2015-03-19 00:00:00+09:00,187.46672548950434,189.73904365601302,186.33056640625,186.33056640625,261000,0.0,0.0
2015-03-20 00:00:00+09:00,185.57311462402342,191.2539242553711,185.57311462402342,189.36032104492188,384500,0.0,0.0
2015-03-23 00:00:00+09:00,188.0348135610158,188.60288588306634,187.08801191055156,188.4135284423828,359500,0.0,0.0
2015-03-24 00:00:00+09:00,189.17095935248324,189.17095935248324,186.51991202815614,187.84542846679688,257500,0.0,0.0
2015-03-25 00:00:00+09:00,193.14755338956743,195.04115685417102,191.06459246791303,191.82203674316406,913000,0.0,0.0
2015-03-26 00:00:00+09:00,188.98161934931295,191.06458013653224,188.98161934931295,189.9284210205078,259000,0.0,0.0
2015-03-27 00:00:00+09:00,192.01136842895997,193.1475274658203,189.36032104492188,189.36032104492188,273500,0.0,0.0
2015-03-30 00:00:00+09:00,189.36031677985397,190.87520509291105,187.84542846679688,187.84542846679688,184500,0.0,0.0
2015-03-31 00:00:00+09:00,188.7922253719466,193.14751832876632,188.03479568123475,190.30711364746094,600000,0.0,0.0
2015-04-01 00:00:00+09:00,190.30712469155281,190.68583955888673,187.65607727907718,188.792236328125,300000,0.0,0.0
2015-04-02 00:00:00+09:00,191.253932602749,194.47305242219443,188.60288510300452,189.73904418945312,734000,0.0,0.0
2015-04-03 00:00:00+09:00,190.30713714799543,193.14754218005507,190.30713714799543,192.01138305664062,270500,0.0,0.0
2015-04-06 00:00:00+09:00,192.95816188243566,195.04112243652344,187.65606733835278,195.04112243652344,817500,0.0,0.0
2015-04-07 00:00:00+09:00,195.23048344105214,197.88153076171875,193.33688027586825,197.88153076171875,491000,0.0,0.0
2015-04-08 00:00:00+09:00,198.63901167847214,200.53261519409716,196.36667879149317,198.828369140625,703500,0.0,0.0
2015-04-09 00:00:00+09:00,198.2602504880609,198.8283372303947,195.23048823872122,196.74537658691406,314500,0.0,0.0
2015-04-10 00:00:00+09:00,196.93474722599638,198.82835056470788,195.4198587762084,195.98794555664062,265000,0.0,0.0
2015-04-13 00:00:00+09:00,194.47303571856978,196.17728142538536,192.5794325881181,195.04112243652344,284500,0.0,0.0
2015-04-14 00:00:00+09:00,195.79858323967133,198.4496307373047,194.66242415412748,198.4496307373047,277000,0.0,0.0
2015-04-15 00:00:00+09:00,198.63898322335083,198.82834065837815,195.23049160467446,198.26025390625,272500,0.0,0.0
2015-04-16 00:00:00+09:00,197.8815349029123,198.8283365053186,195.6092168359556,198.07089233398438,271000,0.0,0.0
2015-04-17 00:00:00+09:00,195.23048674212393,197.50281924699394,192.9581686842998,193.33688354492188,301000,0.0,0.0
2015-04-20 00:00:00+09:00,195.04113348618998,195.04113348618998,192.95817281409623,193.5262451171875,183500,0.0,0.0
2015-04-21 00:00:00+09:00,192.0113818077271,193.3368983685811,189.9284210205078,189.9284210205078,334500,0.0,0.0
2015-04-22 00:00:00+09:00,189.9284079141383,196.74537658691406,189.9284079141383,196.74537658691406,337000,0.0,0.0
2015-04-23 00:00:00+09:00,198.07090801288234,198.26026545894356,191.8220256105794,192.01138305664062,525000,0.0,0.0
2015-04-24 00:00:00+09:00,192.7688272879326,194.09434385740826,191.44329627140988,192.01138305664062,455000,0.0,0.0
2015-04-27 00:00:00+09:00,191.82200142025513,194.8517635162982,191.82200142025513,192.95816040039062,279000,0.0,0.0
2015-04-28 00:00:00+09:00,192.39008052933312,193.33688212096078,190.8752066509563,191.25392150878906,355500,0.0,0.0
2015-04-30 00:00:00+09:00,189.1709747314453,189.9284189495515,187.6560862952329,189.1709747314453,623000,0.0,0.0
2015-05-01 00:00:00+09:00,183.6794985169211,184.0582133536019,178.945490823186,180.08164978027344,1421500,0.0,0.0
2015-05-07 00:00:00+09:00,186.70927776969432,186.70927776969432,181.02846801333214,182.1646270751953,652000,0.0,0.0
2015-05-08 00:00:00+09:00,180.83910783804146,187.27736168712963,180.83910783804146,184.0582275390625,475500,0.0,0.0
2015-05-11 00:00:00+09:00,186.89863872435387,186.89863872435387,184.81567799721316,186.33056640625,191500,0.0,0.0
2015-05-12 00:00:00+09:00,186.33056431319756,186.33056431319756,184.43696104669564,185.5731201171875,208500,0.0,0.0
2015-05-13 00:00:00+09:00,186.33055529165375,186.70927014779937,183.86886538557005,186.51991271972656,145000,0.0,0.0
2015-05-14 00:00:00+09:00,184.24761056246462,186.14121390042604,184.24761056246462,185.1944122314453,139000,0.0,0.0
2015-05-15 00:00:00+09:00,185.5731201171875,186.14120687595664,185.00503335841836,185.5731201171875,218000,0.0,0.0
2015-05-18 00:00:00+09:00,185.57312220173156,187.46672548950434,185.3837647623636,186.33056640625,272500,0.0,0.0
2015-05-19 00:00:00+09:00,187.27736935123508,188.98161521148003,187.08801191055156,188.4135284423828,253500,0.0,0.0
2015-05-20 00:00:00+09:00,188.4135276631042,192.20073424929723,188.22417022320386,189.73904418945312,342000,0.0,0.0
2015-05-21 00:00:00+09:00,188.79223005069613,190.68583321849468,187.46671361205543,187.84542846679688,156500,0.0,0.0
2015-05-22 00:00:00+09:00,190.117790823029,191.253950012904,188.98163163315402,190.4965057373047,206000,0.0,0.0
2015-05-25 00:00:00+09:00,190.4964995328475,192.0113880347063,190.4964995328475,190.87522888183594,153500,0.0,0.0
2015-05-26 00:00:00+09:00,189.5496820080689,190.3071261957698,186.14120483398438,186.14120483398438,321000,0.0,0.0
2015-05-27 00:00:00+09:00,185.57313213447213,185.7624895839754,182.73272705078125,182.73272705078125,533000,0.0,0.0
2015-05-28 00:00:00+09:00,182.73271665597858,183.4901608579515,180.08166917259652,180.27102661132812,478500,0.0,0.0
2015-05-29 00:00:00+09:00,180.46040136734047,181.21783113431385,178.56679805581348,179.7029571533203,503000,0.0,0.0
2015-06-01 00:00:00+09:00,181.97527455201092,182.16463199292565,179.89231380785563,181.02847290039062,320000,0.0,0.0
2015-06-02 00:00:00+09:00,182.1646284586655,185.5731201171875,181.40719870970187,185.5731201171875,405500,0.0,0.0
2015-06-03 00:00:00+09:00,184.8156738937463,186.14120483398438,184.24760158825532,186.14120483398438,307500,0.0,0.0
2015-06-04 00:00:00+09:00,185.76247755442841,187.0880085092076,185.5731201171875,185.5731201171875,362500,0.0,0.0
2015-06-05 00:00:00+09:00,186.14120272403696,186.51991759007146,184.43695693278954,185.38375854492188,148000,0.0,0.0
2015-06-08 00:00:00+09:00,184.4369659423828,185.38376760076562,184.2476085001156,184.4369659423828,133000,0.0,0.0
2015-06-09 00:00:00+09:00,184.62629540429498,184.81565281786484,182.5433349609375,182.5433349609375,183500,0.0,0.0
2015-06-10 00:00:00+09:00,184.05822769413732,194.0943305656169,183.1114260816221,192.76881408691406,1140000,0.0,0.0
2015-06-11 00:00:00+09:00,192.5794367961714,197.3134447257434,191.2539203547095,196.55601501464844,834500,0.0,0.0
2015-06-12 00:00:00+09:00,196.93472624346077,198.44961453184402,193.71560668945312,193.71560668945312,366000,0.0,0.0
2015-06-15 00:00:00+09:00,193.33689032874491,206.4027557373047,192.01137382301198,206.4027557373047,765000,0.0,0.0
2015-06-16 00:00:00+09:00,205.26659532680563,207.5389134495081,200.72194463435437,204.31979370117188,612000,0.0,0.0
2015-06-17 00:00:00+09:00,201.66874422701736,210.94740295410156,201.66874422701736,210.94740295410156,703500,0.0,0.0
2015-06-18 00:00:00+09:00,207.16019782254983,210.18996012411887,203.75170620388076,205.6453094482422,647500,0.0,0.0
2015-06-19 00:00:00+09:00,205.64532384287924,209.81125994030683,204.8878796027063,208.29637145996094,322500,0.0,0.0
2015-06-22 00:00:00+09:00,208.2963634672619,219.65798329274892,207.349561815138,218.711181640625,1970000,0.0,0.0
2015-06-23 00:00:00+09:00,214.7346314369362,221.5516008823688,214.7346314369362,216.62823486328125,914500,0.0,0.0
2015-06-24 00:00:00+09:00,225.33876627279943,240.10887605941434,225.14940885441615,237.64718627929688,3419500,0.0,0.0
2015-06-25 00:00:00+09:00,246.1684336081642,256.583251953125,243.32802860499308,256.583251953125,3793500,0.0,0.0
2015-06-26 00:00:00+09:00,251.28115683505345,256.583251953125,251.28115683505345,256.583251953125,2017500,0.0,0.0
2015-06-29 00:00:00+09:00,246.16842915570703,254.6896440110969,244.08545396675217,252.98541259765625,1180000,0.0,0.0
2015-06-30 00:00:00+09:00,264.91508288201567,270.40654963859265,250.52371553125633,259.42364501953125,2320000,0.0,0.0
2015-07-01 00:00:00+09:00,261.5065891365339,276.84475629239813,257.719383089048,274.7618103027344,1749500,0.0,0.0
2015-07-02 00:00:00+09:00,270.7852481851256,271.3533349041923,258.0981129650603,263.40020751953125,1048500,0.0,0.0
2015-07-03 00:00:00+09:00,256.3938759578485,262.07468587325803,255.25773131122259,257.71942138671875,702500,0.0,0.0
2015-07-06 00:00:00+09:00,249.95565428333376,266.0512835364272,249.57693937384477,257.9087829589844,680000,0.0,0.0
2015-07-07 00:00:00+09:00,257.1513366699219,261.50663008533513,254.5002746851038,257.1513366699219,482500,0.0,0.0
2015-07-08 00:00:00+09:00,257.5300360874919,259.6130111723069,250.90242486465203,254.50025939941406,886000,0.0,0.0
2015-07-09 00:00:00+09:00,252.79602140538833,260.370434031767,236.32167972183294,257.530029296875,1037000,0.0,0.0
2015-07-10 00:00:00+09:00,255.82578805919195,258.85553565539885,249.3875202408335,253.74281311035156,652500,0.0,0.0
2015-07-13 00:00:00+09:00,248.81948083623482,264.91511010067865,248.63013782840454,262.6427917480469,663500,0.0,0.0
2015-07-14 00:00:00+09:00,263.2108530495409,264.91508442531807,253.3641218797435,256.7726135253906,781000,0.0,0.0
2015-07-15 00:00:00+09:00,257.53001223090894,258.2874418857171,252.9853765138815,254.12152099609375,172000,0.0,0.0
2015-07-16 00:00:00+09:00,250.33437782621343,257.5300769310473,250.33437782621343,254.87904357910156,429500,0.0,0.0
2015-07-17 00:00:00+09:00,260.37046391221224,270.40656757273825,259.42366222525874,269.64910888671875,2080000,0.0,0.0
2015-07-21 00:00:00+09:00,266.99810942978354,276.08741255089365,266.2406795422319,273.8150939941406,846000,0.0,0.0
2015-07-22 00:00:00+09:00,276.84480205047294,284.4192153973756,276.4660871619466,280.8213806152344,1746000,0.0,0.0
2015-07-23 00:00:00+09:00,285.1766835868936,287.2596299903582,267.1874512875713,269.0810546875,1532000,0.0,0.0
2015-07-24 00:00:00+09:00,269.27033551616546,275.51923107187093,269.0809925563491,271.7320251464844,734500,0.0,0.0
2015-07-27 00:00:00+09:00,281.20013062464693,281.20013062464693,265.2938721671544,270.21722412109375,754500,0.0,0.0
2015-07-28 00:00:00+09:00,270.4065608848323,271.163990658024,256.772622708726,263.9682922363281,783000,0.0,0.0
2015-07-29 00:00:00+09:00,270.9746531972041,271.73208298586843,256.58325605982697,258.09814453125,686000,0.0,0.0
2015-07-30 00:00:00+09:00,256.2045106064879,260.3704317354367,247.68329647696447,252.03858947753906,687500,0.0,0.0
2015-07-31 00:00:00+09:00,286.12348950764067,308.846730641989,284.2298860797783,303.7339782714844,7137000,0.0,0.0
2015-08-03 00:00:00+09:00,309.0360575763074,336.11459096528733,300.1361277070312,329.297607421875,6475000,0.0,0.0
2015-08-04 00:00:00+09:00,335.1678002927066,349.36982572883824,321.9125765523171,343.8783874511719,3730500,0.0,0.0
2015-08-05 00:00:00+09:00,340.8485827813594,348.23362385065195,334.410343330904,345.3932189941406,1748000,0.0,0.0
2015-08-06 00:00:00+09:00,339.33369450527243,343.8783596133898,333.274169921875,333.274169921875,1398000,0.0,0.0
2015-08-07 00:00:00+09:00,331.7592923579155,341.7953956260303,327.4039989894023,337.8188171386719,979000,0.0,0.0
2015-08-10 00:00:00+09:00,330.4337616127158,337.440087742018,327.0252700407576,336.4932861328125,808500,0.0,0.0
2015-08-11 00:00:00+09:00,334.2209839901682,339.5230790334201,328.7295459524997,335.16778564453125,697500,0.0,0.0
2015-08-12 00:00:00+09:00,337.44008599072396,354.2931718835704,333.65287957355736,351.83148193359375,1930000,0.0,0.0
2015-08-13 00:00:00+09:00,344.8251783187345,348.0442982043521,329.48697977172367,334.0316162109375,1463000,0.0,0.0
2015-08-14 00:00:00+09:00,338.95500737742947,357.89104130912943,335.73588738785946,348.6123962402344,958000,0.0,0.0
2015-08-17 00:00:00+09:00,348.61232247491114,350.31655361051605,338.57622083590024,346.7187194824219,621000,0.0,0.0
2015-08-18 00:00:00+09:00,337.6294483821399,342.55279924965964,328.1614326052661,331.9486389160156,1083500,0.0,0.0
2015-08-19 00:00:00+09:00,328.540175129638,335.735873504956,323.23808006918824,327.7827453613281,457000,0.0,0.0
2015-08-20 00:00:00+09:00,320.2082887163455,339.52303413219846,320.01891685287956,328.5401306152344,790500,0.0,0.0
2015-08-21 00:00:00+09:00,321.9125666831857,328.729550241173,315.4743269071595,317.1785583496094,772000,0.0,0.0
2015-08-24 00:00:00+09:00,312.63388957351685,330.4337475092135,312.44451770212163,315.0955505371094,849500,0.0,0.0
2015-08-25 00:00:00+09:00,302.9765785136827,331.3806327493404,293.88727537945255,306.38507080078125,1632000,0.0,0.0
2015-08-26 00:00:00+09:00,302.97650146484375,313.77003355071065,299.18929519653324,302.97650146484375,1448000,0.0,0.0
2015-08-27 00:00:00+09:00,325.6997362358942,346.339998660649,320.2082987523438,328.35076904296875,1606500,0.0,0.0
2015-08-28 00:00:00+09:00,338.008164138568,344.0676884731583,331.19118120334696,336.6826477050781,966500,0.0,0.0
2015-08-31 00:00:00+09:00,335.16779592829107,342.36349450105064,330.2444156169044,337.6294860839844,714500,0.0,0.0
2015-09-01 00:00:00+09:00,338.57628914000026,350.88471107427137,325.13169362338937,327.5933837890625,1567500,0.0,0.0
2015-09-02 00:00:00+09:00,331.38054039095607,367.1696271955433,327.59333421505943,359.59521484375,3382000,0.0,0.0
2015-09-03 00:00:00+09:00,373.03983590376856,375.8802407456754,352.39957227688217,375.50152587890625,3231000,0.0,0.0
2015-09-04 00:00:00+09:00,357.89106258203924,357.89106258203924,322.1019678814739,357.7016906738281,3883500,0.0,0.0
2015-09-07 00:00:00+09:00,356.5655088119556,356.5655088119556,328.54017406398964,335.16778564453125,1565000,0.0,0.0
2015-09-08 00:00:00+09:00,330.05505238662215,334.9784035021476,318.3147180107167,320.5870361328125,1439500,0.0,0.0
2015-09-09 00:00:00+09:00,327.2146419202355,340.6592074344982,322.10191900934433,336.4932861328125,2134000,0.0,0.0
2015-09-10 00:00:00+09:00,334.031629345689,357.70167192670704,332.1380259392075,350.12725830078125,1391000,0.0,0.0
2015-09-11 00:00:00+09:00,346.3399957137353,363.38242362758075,341.79535982767925,354.29315185546875,875000,0.0,0.0
2015-09-14 00:00:00+09:00,369.25263926711034,391.0290769674784,352.5889246393145,355.80804443359375,2778500,0.0,0.0
2015-09-15 00:00:00+09:00,355.6187219451575,367.35905716863516,350.3166266814304,360.7314453125,779000,0.0,0.0
2015-09-16 00:00:00+09:00,359.97401912976073,364.3292838493921,346.90813828858177,350.12725830078125,886000,0.0,0.0
2015-09-17 00:00:00+09:00,350.12719960497213,352.2101745605469,336.1145483037477,352.2101745605469,922000,0.0,0.0
2015-09-18 00:00:00+09:00,354.103817273624,379.2887469547913,352.77830074179275,376.8270568847656,2437000,0.0,0.0
2015-09-24 00:00:00+09:00,369.44200546055924,382.3184844392876,366.2228568217846,377.01641845703125,1281500,0.0,0.0
2015-09-25 00:00:00+09:00,393.8695146736313,397.08863473589474,372.09307516042566,384.78021240234375,1307000,0.0,0.0
2015-09-28 00:00:00+09:00,390.69105429087756,413.5719366293078,377.9159008041633,406.8983459472656,1765000,2.8,0.0
2015-09-29 00:00:00+09:00,398.31798668164146,402.13146679958743,387.0682319715185,392.7884521484375,1054000,0.0,0.0
2015-09-30 00:00:00+09:00,402.3222212932136,419.29219908434936,402.1315356168663,409.5678405761719,1646000,0.0,0.0
2015-10-01 00:00:00+09:00,415.47868478936556,425.20307160744426,394.695227904668,399.2713928222656,1831000,0.0,0.0
2015-10-02 00:00:00+09:00,403.275557609142,419.1015072964007,402.13150183626186,413.38128662109375,1289500,0.0,0.0
2015-10-05 00:00:00+09:00,410.3305393199788,432.83008246527777,404.22897569444444,429.0166015625,1515500,0.0,0.0
2015-10-06 00:00:00+09:00,429.01654532786165,434.73676593223314,419.86418654195796,424.24969482421875,1160000,0.0,0.0
2015-10-07 00:00:00+09:00,425.9657522793016,428.2538638123273,419.86418941184223,421.38958740234375,648500,0.0,0.0
2015-10-08 00:00:00+09:00,423.2963698317844,423.2963698317844,398.31805889308,400.6061706542969,801000,0.0,0.0
2015-10-09 00:00:00+09:00,398.89010059711666,431.6860308697728,384.39889047850386,430.351318359375,2689500,0.0,0.0
2015-10-13 00:00:00+09:00,429.016556793429,429.016556793429,413.9533204371675,418.91082763671875,1026500,0.0,0.0
2015-10-14 00:00:00+09:00,417.57611870274457,427.4911622776902,415.8600640993194,421.19891357421875,517000,0.0,0.0
2015-10-15 00:00:00+09:00,427.1098040337343,455.7109069824219,422.91498142016945,455.7109069824219,2804000,0.0,0.0
2015-10-16 00:00:00+09:00,446.1772448538615,451.8974659417316,438.55028340336816,441.982421875,1449500,0.0,0.0
2015-10-19 00:00:00+09:00,440.45702705874464,452.6601538329421,431.68600968728765,444.2705078125,876500,0.0,0.0
2015-10-20 00:00:00+09:00,443.50776966759184,453.23212695700306,433.97406893608337,442.74505615234375,553500,0.0,0.0
2015-10-21 00:00:00+09:00,438.5502705531838,442.3637511666897,424.0590325840419,430.9233093261719,971500,0.0,0.0
2015-10-22 00:00:00+09:00,432.83007920456845,436.26221781012265,424.4404329194806,426.728515625,599500,0.0,0.0
2015-10-23 00:00:00+09:00,431.87665593607665,438.55024664590564,428.06317553046006,435.49945068359375,774500,0.0,0.0
2015-10-26 00:00:00+09:00,431.87663339613005,437.02482585611534,429.9698932928359,434.92742919921875,684000,0.0,0.0
2015-10-27 00:00:00+09:00,429.0165690194189,436.64353024643077,423.67769034160096,430.9233093261719,837000,0.0,0.0
2015-10-28 00:00:00+09:00,436.64353721217105,452.850830078125,431.87668636924343,452.850830078125,2092500,0.0,0.0
2015-10-29 00:00:00+09:00,443.3170852855225,448.08393566493675,420.81754567577826,429.58856201171875,1849000,0.0,0.0
2015-10-30 00:00:00+09:00,429.5885945442089,430.7326212651773,414.52532874780024,427.6818542480469,1011500,0.0,0.0
2015-11-02 00:00:00+09:00,416.241404411258,422.91499531860205,409.9491557368526,411.85589599609375,775500,0.0,0.0
2015-11-04 00:00:00+09:00,408.2331184890525,409.56783090832994,386.30560457597835,395.64862060546875,1553000,0.0,0.0
2015-11-05 00:00:00+09:00,395.64863187720687,405.1823338501516,393.55120580533924,402.5129089355469,1180000,0.0,0.0
2015-11-06 00:00:00+09:00,375.6278428625134,427.8725159680081,341.68785936364054,394.31390380859375,5383000,0.0,0.0
2015-11-09 00:00:00+09:00,381.3480430814384,390.11905971013016,377.534562650624,379.6319885253906,2496000,0.0,0.0
2015-11-10 00:00:00+09:00,378.6786243188247,379.63199444138513,366.8568115234375,366.8568115234375,1440500,0.0,0.0
2015-11-11 00:00:00+09:00,371.8143596920357,406.13568520206974,371.8143596920357,402.32220458984375,1759500,0.0,0.0
2015-11-12 00:00:00+09:00,398.50873137395087,408.99580325221274,391.0724556799119,400.79681396484375,1309000,0.0,0.0
2015-11-13 00:00:00+09:00,398.69937678325977,413.1905844585522,396.4112653288832,399.0807189941406,1247500,0.0,0.0
2015-11-16 00:00:00+09:00,390.88175129703393,407.0890434239841,388.21232658453164,395.4579162597656,753500,0.0,0.0
2015-11-17 00:00:00+09:00,395.45792785001765,405.18231504901325,392.02581857465276,402.32220458984375,832500,0.0,0.0
2015-11-18 00:00:00+09:00,400.4154421858154,408.0424029893547,398.8900442061982,399.8434143066406,756500,0.0,0.0
2015-11-19 00:00:00+09:00,398.5087520671341,411.2839071996585,392.78853074559623,404.2289733886719,1122500,0.0,0.0
2015-11-20 00:00:00+09:00,400.4154822576792,409.5678419567646,390.5004380397323,391.26312255859375,872000,0.0,0.0
2015-11-24 00:00:00+09:00,402.5128672565563,427.87248860303765,401.36881150044667,425.20306396484375,2204000,0.0,0.0
2015-11-25 00:00:00+09:00,423.29634261243774,444.07980004883296,423.29634261243774,441.7917175292969,1284500,0.0,0.0
2015-11-26 00:00:00+09:00,442.55445613687635,445.98656556308214,431.1140137973919,436.26220703125,928000,0.0,0.0
2015-11-27 00:00:00+09:00,437.5969079811666,441.02904641169334,420.62693059487987,429.3979187011719,646500,0.0,0.0
2015-11-30 00:00:00+09:00,429.397900886299,446.5585632324219,424.6310502345982,446.5585632324219,2576000,0.0,0.0
2015-12-01 00:00:00+09:00,453.80414915803857,457.4269437529947,443.31707848421837,448.46527099609375,917500,0.0,0.0
2015-12-02 00:00:00+09:00,446.55855236781923,452.8508008938857,442.36372971529045,445.7958679199219,538000,0.0,0.0
2015-12-03 00:00:00+09:00,453.42288515918784,453.42288515918784,427.3005467940701,429.0166015625,993000,0.0,0.0
2015-12-04 00:00:00+09:00,438.55026545618506,461.81249110929923,429.96993417552056,435.6901550292969,4746000,0.0,0.0
2015-12-07 00:00:00+09:00,448.0839541619885,484.3120185410429,445.2238438162737,477.638427734375,3427000,0.0,0.0
2015-12-08 00:00:00+09:00,495.3710840906932,514.0571730926406,488.1254945565074,504.90478515625,3251000,0.0,0.0
2015-12-09 00:00:00+09:00,502.04470485536245,523.7815911358211,490.2229497406694,511.95977783203125,2849000,0.0,0.0
2015-12-10 00:00:00+09:00,503.3793854553903,522.0654151246893,502.044644112259,512.9130859375,949500,0.0,0.0
2015-12-11 00:00:00+09:00,512.7224765136045,512.9131621894129,488.12553725089106,505.6675720214844,1822000,0.0,0.0
2015-12-14 00:00:00+09:00,495.75248271141487,528.7390669392665,493.27374357349646,525.1162719726562,1825500,0.0,0.0
2015-12-15 00:00:00+09:00,519.0147234588135,533.8872742516133,495.7524689479267,498.6125793457031,1673000,0.0,0.0
2015-12-16 00:00:00+09:00,509.0996217744272,520.15869140625,489.0788501316127,520.15869140625,1637500,0.0,0.0
2015-12-17 00:00:00+09:00,518.0613407437054,543.03959105968,516.7265993148561,540.5608520507812,2160500,0.0,0.0
2015-12-18 00:00:00+09:00,540.3701317298284,550.6665166134828,531.2178025419332,537.3193359375,1260500,0.0,0.0
2015-12-21 00:00:00+09:00,537.8914273821764,548.9504973760081,524.925558980377,540.5608520507812,940000,0.0,0.0
2015-12-22 00:00:00+09:00,538.2728898658603,538.2728898658603,518.8241691504089,527.9765014648438,954000,0.0,0.0
2015-12-24 00:00:00+09:00,521.4934644795968,524.9255736941352,499.56595134791354,503.76080322265625,1030500,0.0,0.0
2015-12-25 00:00:00+09:00,503.76080322265625,503.76080322265625,503.76080322265625,503.76080322265625,0,0.0,0.0
2015-12-28 00:00:00+09:00,505.28616910367396,529.311108027177,504.9047977758823,529.1204223632812,541500,0.0,0.0
2015-12-29 00:00:00+09:00,519.5867759132431,524.3536270684103,505.8582213107206,513.2945556640625,898000,0.0,0.0
2015-12-30 00:00:00+09:00,513.1037615434819,519.5866661066276,504.5234312775009,511.197021484375,681000,0.0,0.0
2016-01-04 00:00:00+09:00,518.8240454714172,529.5018027522652,516.7266195108602,520.5401000976562,1094500,0.0,0.0
2016-01-05 00:00:00+09:00,514.8198737893683,515.2012451196651,484.312029416665,489.65087890625,1827500,0.0,0.0
2016-01-06 00:00:00+09:00,486.2187896036539,490.6042691362046,469.4394686925396,472.4902648925781,1233500,0.0,0.0
2016-01-07 00:00:00+09:00,471.9181916293644,492.129649050097,469.4394235917959,481.642578125,1009000,0.0,0.0
2016-01-08 00:00:00+09:00,469.43945170862634,473.25293227343167,449.2280221718868,465.24462890625,1244000,0.0,0.0
2016-01-12 00:00:00+09:00,455.7109508382121,464.8633104814877,430.5419836401161,433.020751953125,1384500,0.0,0.0
2016-01-13 00:00:00+09:00,452.4694751684672,456.4736123077523,442.3637458453324,446.9399108886719,1252000,0.0,0.0
2016-01-14 00:00:00+09:00,437.5968951357922,447.89328103057994,420.81757481930106,446.9399108886719,1405000,0.0,0.0
2016-01-15 00:00:00+09:00,446.9399381298795,465.2446576080147,438.16894974645817,444.65185546875,565000,0.0,0.0
2016-01-18 00:00:00+09:00,429.01656601455187,440.4570077749399,423.67768737412786,433.7834167480469,375500,0.0,0.0
2016-01-19 00:00:00+09:00,430.92332708941353,464.8633117675781,427.68187425322606,464.8633117675781,796500,0.0,0.0
2016-01-20 00:00:00+09:00,452.66017032307906,453.99491191115663,435.8808776709353,440.266357421875,1009000,0.0,0.0
2016-01-21 00:00:00+09:00,472.49024241549324,484.50271187668875,445.7958787659687,446.5585632324219,2260000,0.0,0.0
2016-01-22 00:00:00+09:00,467.15139790376895,481.45195090082314,467.15139790376895,477.4477844238281,1088500,0.0,0.0
2016-01-25 00:00:00+09:00,486.9814497626586,489.6508744833388,475.54100822623394,477.06640625,893500,0.0,0.0
2016-01-26 00:00:00+09:00,473.6342734944662,488.12551124744374,461.6218330167493,466.197998046875,1682500,0.0,0.0
2016-01-27 00:00:00+09:00,476.68506155718154,493.4643524483566,473.0622667271659,492.1296691894531,1324500,0.0,0.0
2016-01-28 00:00:00+09:00,490.2229844352322,513.2945556640625,484.69341963850775,513.2945556640625,1928000,0.0,0.0
2016-01-29 00:00:00+09:00,514.8198596506547,519.2053388831525,491.748291339603,517.1079711914062,1496000,0.0,0.0
2016-02-01 00:00:00+09:00,515.2011863520936,519.5866652047921,507.57422612890394,512.150390625,882500,0.0,0.0
2016-02-02 00:00:00+09:00,511.00633495370386,525.8788841132881,507.3835404855065,512.150390625,1174000,0.0,0.0
2016-02-03 00:00:00+09:00,494.2271131193886,518.251994546627,479.7358750818297,514.8198852539062,1583500,0.0,0.0
2016-02-04 00:00:00+09:00,514.8198532933778,516.5359078332039,488.50686184513125,497.468505859375,1558000,0.0,0.0
2016-02-05 00:00:00+09:00,491.9390221250112,502.9980931452052,473.25296042693424,501.8540954589844,1072000,0.0,0.0
2016-02-08 00:00:00+09:00,505.2861499786377,505.2861499786377,481.4518976211548,488.12548828125,1164000,0.0,0.0
2016-02-09 00:00:00+09:00,463.71926057627223,468.2954550040071,440.45703345923965,443.698486328125,2147500,0.0,0.0
2016-02-10 00:00:00+09:00,426.9191145460883,427.10980020185406,359.6112094863438,398.5086975097656,3908500,0.0,0.0
2016-02-12 00:00:00+09:00,381.1574052977236,386.49628439036815,312.8961202877588,316.1375732421875,4971000,0.0,0.0
2016-02-15 00:00:00+09:00,368.954230348647,370.67028489849645,325.67123343414914,337.8743591308594,2180000,0.0,0.0
2016-02-16 00:00:00+09:00,344.7386440111134,361.517964078316,335.39559930249453,342.4505615234375,1864000,0.0,0.0
2016-02-17 00:00:00+09:00,352.93766550251956,370.8610139204973,342.6412497158631,346.6454162597656,1873000,0.0,0.0
2016-02-18 00:00:00+09:00,352.74695877254464,380.7760356236696,351.60290294411163,360.5646057128906,1990500,0.0,0.0
2016-02-19 00:00:00+09:00,353.31897696619905,370.0982971191406,346.073358139412,370.0982971191406,864000,0.0,0.0
2016-02-22 00:00:00+09:00,361.13659737189244,385.16153653622877,354.2723498210447,378.4879455566406,1989000,0.0,0.0
2016-02-23 00:00:00+09:00,371.4330441274381,383.82685700734277,354.8444080917065,360.1832580566406,1741500,0.0,0.0
2016-02-24 00:00:00+09:00,354.65370766947586,376.9625641071944,349.8868567599399,363.2340393066406,1513000,0.0,0.0
2016-02-25 00:00:00+09:00,372.95842124705575,372.95842124705575,353.3189899732629,362.8526916503906,1093000,0.0,0.0
2016-02-26 00:00:00+09:00,366.0941131503628,389.1656808773447,362.47131846013076,388.2123107910156,1309000,0.0,0.0
2016-02-29 00:00:00+09:00,397.7460675287491,409.5678524410172,388.59370759537853,404.2289733886719,1424500,0.0,0.0
2016-03-01 00:00:00+09:00,400.4154480366618,411.2838615216047,387.8309508891194,394.1231994628906,1077000,0.0,0.0
2016-03-02 00:00:00+09:00,396.6019757542049,424.2497096409163,394.6952354861558,421.19891357421875,1339000,0.0,0.0
2016-03-03 00:00:00+09:00,413.1906202381273,427.30051601890824,406.7077148081389,411.66522216796875,809000,0.0,0.0
2016-03-04 00:00:00+09:00,411.6651890263023,418.72015089599756,402.7035160905965,408.4237365722656,983500,0.0,0.0
2016-03-07 00:00:00+09:00,408.04245352324955,426.91917221197235,404.419658330723,426.728515625,764000,0.0,0.0
2016-03-08 00:00:00+09:00,442.36375462874963,461.43115784550605,428.0632022161823,445.41455078125,1743500,0.0,0.0
2016-03-09 00:00:00+09:00,445.41453404655704,468.67675927810393,432.0673522962952,461.621826171875,2104500,0.0,0.0
2016-03-10 00:00:00+09:00,452.0881278319093,465.62596623759345,446.1772213809242,458.76171875,752500,0.0,0.0
2016-03-11 00:00:00+09:00,449.2280444302017,453.80420969688845,441.9824251791566,444.2705078125,661500,0.0,0.0
2016-03-14 00:00:00+09:00,455.7109460211824,457.6176863811037,448.6560125083835,453.232177734375,615500,0.0,0.0
2016-03-15 00:00:00+09:00,456.6642913423081,480.4985445438899,453.8041809581183,465.816650390625,1074000,0.0,0.0
2016-03-16 00:00:00+09:00,451.5161258548818,474.96903824660603,448.8466718776694,462.5752258300781,702000,0.0,0.0
2016-03-17 00:00:00+09:00,471.91819931640373,481.2612146549503,451.13474278230797,460.8591003417969,961500,0.0,0.0
2016-03-18 00:00:00+09:00,448.2746694425225,461.43116626430503,443.1264472044304,459.333740234375,1349000,0.0,0.0
2016-03-22 00:00:00+09:00,449.8000019852086,466.57932158064455,436.07147835059607,466.0072937011719,1549500,0.0,0.0
2016-03-23 00:00:00+09:00,464.67260977761265,473.2529412104577,460.8591291407926,467.9140625,511000,0.0,0.0
2016-03-24 00:00:00+09:00,469.0580866722145,491.36697016762764,469.0580866722145,482.02392578125,919000,0.0,0.0
2016-03-25 00:00:00+09:00,480.6892126366644,501.0912977180032,480.11718476182637,500.32861328125,1084000,0.0,0.0
2016-03-28 00:00:00+09:00,505.6675762506511,508.14631548959494,491.1763376044977,501.8540954589844,1211500,0.0,0.0
2016-03-29 00:00:00+09:00,505.28615854601304,517.8706556419588,497.2778263424765,517.1079711914062,703500,0.0,0.0
2016-03-30 00:00:00+09:00,516.5358921337023,531.9804989009016,514.0571532280801,524.925537109375,911000,0.0,0.0
2016-03-31 00:00:00+09:00,524.9256546097113,535.7940991129102,517.6800637336481,528.7391357421875,1459500,0.0,0.0
2016-04-01 00:00:00+09:00,526.2603290213983,532.3619213291691,482.97732951862054,491.36700439453125,2328000,0.0,0.0
2016-04-04 00:00:00+09:00,490.41362156684374,495.18047225007865,472.29955987600357,489.65087890625,815000,0.0,0.0
2016-04-05 00:00:00+09:00,477.25707375333064,491.74828169133565,463.7192068125382,464.6725769042969,843000,0.0,0.0
2016-04-06 00:00:00+09:00,455.32955909200774,472.49022064752654,446.5585426591464,461.4311218261719,1169500,0.0,0.0
2016-04-07 00:00:00+09:00,461.24049093014753,475.3503873410028,454.566899532926,472.2995910644531,621000,0.0,0.0
2016-04-08 00:00:00+09:00,462.95655136997004,498.04059040058485,462.00318121850574,496.13385009765625,856500,0.0,0.0
2016-04-11 00:00:00+09:00,496.324443965102,515.391845703125,487.1721144064878,515.391845703125,717500,0.0,0.0
2016-04-12 00:00:00+09:00,513.6758107556805,541.5142299916623,502.4260549394472,521.6841430664062,1473000,0.0,0.0
2016-04-13 00:00:00+09:00,521.6841357163465,552.0012935699335,520.5400799467767,551.8106079101562,1567000,0.0,0.0
2016-04-14 00:00:00+09:00,554.8613349303137,570.4966260630911,531.7897695032977,547.234375,1427500,0.0,0.0
2016-04-15 00:00:00+09:00,547.99711146075,566.3018286717983,538.4634106413595,544.5650024414062,983500,0.0,0.0
2016-04-18 00:00:00+09:00,529.5017732710123,550.2852296740638,522.446811302603,537.8914184570312,693000,0.0,0.0
2016-04-19 00:00:00+09:00,537.7007417224702,549.5225543551265,535.7940015035962,540.5608520507812,810500,0.0,0.0
2016-04-20 00:00:00+09:00,540.9422372867493,545.5184022919569,514.4385010112771,527.2136840820312,1530000,0.0,0.0
2016-04-21 00:00:00+09:00,544.3744264469075,545.1371110282769,516.3453171160312,523.2095947265625,1150500,0.0,0.0
2016-04-22 00:00:00+09:00,514.057188065442,518.2519817430115,499.94732171526243,508.9089660644531,1690000,0.0,0.0
2016-04-25 00:00:00+09:00,505.2861836751302,522.0654751781374,497.6592224121094,514.8198852539062,1349500,0.0,0.0
2016-04-26 00:00:00+09:00,504.3328149049886,510.625034688656,497.08722496082027,502.61676025390625,720500,0.0,0.0
2016-04-27 00:00:00+09:00,502.61676016309,508.9089799456205,485.8374395223959,506.8115539550781,974500,0.0,0.0
2016-04-28 00:00:00+09:00,495.56178826065985,505.2861753485838,484.88406012511655,493.8457336425781,912000,0.0,0.0
2016-05-02 00:00:00+09:00,470.96485214824827,497.84990190465163,470.96485214824827,491.9389953613281,725000,0.0,0.0
2016-05-06 00:00:00+09:00,482.9773139884733,510.8157043457031,482.7866283245313,510.8157043457031,1156500,0.0,0.0
2016-05-09 00:00:00+09:00,514.4384549117233,552.954628148014,514.0571418057648,552.3826293945312,1825500,0.0,0.0
2016-05-10 00:00:00+09:00,543.0395739010627,543.2302595547436,530.0737640980423,534.2686157226562,1293000,0.0,0.0
2016-05-11 00:00:00+09:00,531.9805956309651,580.6024780273438,529.6924837719655,580.6024780273438,3889500,0.0,0.0
2016-05-12 00:00:00+09:00,570.1152798100392,586.3225703732008,557.1494706351455,561.9163208007812,1731500,0.0,0.0
2016-05-13 00:00:00+09:00,553.1453675628319,581.5557861328125,546.4717765744226,581.5557861328125,854500,0.0,0.0
2016-05-16 00:00:00+09:00,629.2243214142628,633.0378021501068,552.3827078626451,557.7215576171875,1833500,0.0,0.0
2016-05-17 00:00:00+09:00,552.9546471164651,571.2593643140009,546.2810565478181,556.7681274414062,1004000,0.0,0.0
2016-05-18 00:00:00+09:00,566.1112050089757,585.3692944107988,565.9205193338887,567.0645751953125,1196000,0.0,0.0
2016-05-19 00:00:00+09:00,581.5557667565724,604.4366493830605,571.6406943427901,600.6231689453125,1319000,0.0,0.0
2016-05-20 00:00:00+09:00,606.3434099837066,618.7372218229962,568.3992899904698,570.3060302734375,1702500,0.0,0.0
2016-05-23 00:00:00+09:00,602.5299264245641,648.2916929884551,602.5299264245641,642.5714721679688,2699000,0.0,0.0
2016-05-24 00:00:00+09:00,630.1777365978281,638.7580688661798,604.4367397927731,628.27099609375,1090500,0.0,0.0
2016-05-25 00:00:00+09:00,638.7579946048925,658.7787675701204,629.2242931928791,639.7113647460938,1652000,0.0,0.0
2016-05-26 00:00:00+09:00,626.3641470975655,633.0377377059109,602.5298949249031,614.9237060546875,826000,0.0,0.0
2016-05-27 00:00:00+09:00,622.5506366740989,646.3848876953125,612.0635662247649,646.3848876953125,962500,0.0,0.0
2016-05-30 00:00:00+09:00,650.198488482307,674.9861141429228,642.571526740579,648.291748046875,1496500,0.0,0.0
2016-05-31 00:00:00+09:00,654.0119018554688,654.0119018554688,633.0377592303663,654.0119018554688,896000,0.0,0.0
2016-06-01 00:00:00+09:00,659.7321906594669,682.6130758846507,637.8046756519991,648.291748046875,1525000,0.0,0.0
2016-06-02 00:00:00+09:00,631.1310434961824,645.431595841262,612.0636403694095,630.1776733398438,845500,0.0,0.0
2016-06-03 00:00:00+09:00,616.830488181976,633.0377807617188,606.3434165127306,633.0377807617188,1293000,0.0,0.0
2016-06-06 00:00:00+09:00,620.643931388855,620.643931388855,603.4832696914673,610.1568603515625,922000,0.0,0.0
2016-06-07 00:00:00+09:00,617.7838505336216,650.1984352838425,603.4832984379359,640.6647338867188,1328000,0.0,0.0
2016-06-08 00:00:00+09:00,652.105209918965,676.8928348574051,650.198469539085,665.452392578125,1536500,0.0,0.0
2016-06-09 00:00:00+09:00,682.6129569437967,707.4005782853311,680.7062168406017,702.6337280273438,2100500,0.0,0.0
2016-06-10 00:00:00+09:00,694.0534801136363,697.8669607736014,681.65966796875,681.65966796875,1053500,0.0,0.0
2016-06-13 00:00:00+09:00,674.0326566696167,695.960168838501,668.3124361038208,671.1725463867188,1305500,0.0,0.0
2016-06-14 00:00:00+09:00,666.4057297436159,671.1725804570896,604.4366704684585,638.7579956054688,1625000,0.0,0.0
2016-06-15 00:00:00+09:00,621.5972881725439,640.6646896502293,610.1568472859327,623.5040283203125,1517500,0.0,0.0
2016-06-16 00:00:00+09:00,623.5040273884781,640.6646886927481,612.0635865189647,624.4573974609375,1062500,0.0,0.0
2016-06-17 00:00:00+09:00,622.5506834771223,629.2242742647791,581.5557686386595,598.7164306640625,1041000,0.0,0.0
2016-06-20 00:00:00+09:00,604.4366161816113,636.8511981219501,600.6231359533361,634.9444580078125,819500,0.0,0.0
2016-06-21 00:00:00+09:00,638.7580437534366,675.9394821211739,634.9445628952071,650.198486328125,904500,0.0,0.0
2016-06-22 00:00:00+09:00,644.4782074828562,655.9186490358063,631.1310256710811,647.3383178710938,776000,0.0,0.0
2016-06-23 00:00:00+09:00,637.804606031335,668.3124496681103,637.804606031335,657.8253784179688,604500,0.0,0.0
2016-06-24 00:00:00+09:00,676.892819835435,681.6596706793465,572.975471438164,622.5507202148438,1283000,0.0,0.0
2016-06-27 00:00:00+09:00,628.2708432420186,674.98597422663,627.3174732219245,661.6387939453125,709000,0.0,0.0
2016-06-28 00:00:00+09:00,648.2916650460081,683.5663585852762,648.2916650460081,670.2191772460938,1079500,0.0,0.0
2016-06-29 00:00:00+09:00,685.4731414879458,695.9602131936028,671.1725891620498,688.333251953125,871000,0.0,0.0
2016-06-30 00:00:00+09:00,707.4006298632028,728.3747725276104,706.4472597420934,712.16748046875,1610000,0.0,0.0
2016-07-01 00:00:00+09:00,714.074208149157,734.0949803402549,700.7270266884251,724.561279296875,1274000,0.0,0.0
2016-07-04 00:00:00+09:00,716.9343490407437,761.7427458557902,716.9343490407437,753.1624145507812,1247500,0.0,0.0
2016-07-05 00:00:00+09:00,753.1623236043564,753.1623236043564,705.4938221104098,719.7943725585938,1254500,0.0,0.0
2016-07-06 00:00:00+09:00,709.3074112934481,737.9085165875388,705.4939305875694,730.2815551757812,619500,0.0,0.0
2016-07-07 00:00:00+09:00,739.8152315354378,754.1157836914062,718.8410883733505,754.1157836914062,1049500,0.0,0.0
2016-07-08 00:00:00+09:00,750.3023278187898,750.3023278187898,711.2141506389037,731.2349243164062,1058500,0.0,0.0
2016-07-11 00:00:00+09:00,731.2349243164062,731.2349243164062,731.2349243164062,731.2349243164062,0,0.0,0.0
2016-07-12 00:00:00+09:00,705.4939295881886,717.8877418647378,659.7321611824683,674.986083984375,2578500,0.0,0.0
2016-07-13 00:00:00+09:00,674.9860819212148,685.4731538154709,649.245087271677,676.892822265625,1947500,0.0,0.0
2016-07-14 00:00:00+09:00,656.8719830586156,694.0534160619334,653.0585027505829,683.5663452148438,1418000,0.0,0.0
2016-07-15 00:00:00+09:00,668.312490530644,671.172601046467,616.8305012458297,620.6439819335938,2295000,0.0,0.0
2016-07-19 00:00:00+09:00,605.3900746279543,622.5507381607152,583.462560113871,606.3434448242188,2827000,0.0,0.0
2016-07-20 00:00:00+09:00,592.996165407794,646.3848876953125,588.2293152035513,646.3848876953125,2225000,0.0,0.0
2016-07-21 00:00:00+09:00,633.9911029522235,638.7579533503606,607.2967407226563,619.6905517578125,1193000,0.0,0.0
2016-07-22 00:00:00+09:00,610.1567967534992,633.0376766317554,592.9961368448071,613.0169067382812,1277500,0.0,0.0
2016-07-25 00:00:00+09:00,606.343397526879,610.1568780144694,586.3226249670292,592.9962158203125,1357000,0.0,0.0
2016-07-26 00:00:00+09:00,602.5299629918072,628.2709582462041,602.5299629918072,607.2968139648438,1158000,0.0,0.0
2016-07-27 00:00:00+09:00,613.0170351324874,626.3642178569895,602.5299629918072,607.2968139648438,1115500,0.0,0.0
2016-07-28 00:00:00+09:00,593.9495879142515,600.6231787896925,585.3692567886844,591.0894775390625,1101000,0.0,0.0
2016-07-29 00:00:00+09:00,584.4159134635516,628.2709412275376,574.8822117757286,622.5507202148438,1452500,0.0,0.0
2016-08-01 00:00:00+09:00,622.5507745815155,637.8046986141408,611.1103315570466,628.27099609375,1907000,0.0,0.0
2016-08-02 00:00:00+09:00,623.5040924494168,634.9445345127089,615.8771310738888,620.6439819335938,1025000,0.0,0.0
2016-08-03 00:00:00+09:00,519.5867778940647,595.8563966675054,503.57016958946235,564.7765502929688,9482000,0.0,0.0
2016-08-04 00:00:00+09:00,544.3743150584892,546.8530539880225,494.4176996478878,507.95556640625,4620000,0.0,0.0
2016-08-05 00:00:00+09:00,514.8198444073796,518.251953427792,470.20213619655846,482.595947265625,4857500,0.0,0.0
2016-08-08 00:00:00+09:00,495.75243360990254,509.09961451478455,489.46021445895167,496.3244323730469,2752000,0.0,0.0
2016-08-09 00:00:00+09:00,496.32447059203014,508.71828238665114,490.41362228741025,502.80743408203125,2240000,0.0,0.0
2016-08-10 00:00:00+09:00,507.19285505454326,536.938011575259,504.1420593261719,504.1420593261719,2253000,0.0,0.0
2016-08-12 00:00:00+09:00,494.60842626908175,522.446846516927,486.9814650060609,514.8198852539062,1519000,0.0,0.0
2016-08-15 00:00:00+09:00,505.2861104497656,533.1245266633061,503.3793704103325,516.917236328125,1530000,0.0,0.0
2016-08-16 00:00:00+09:00,516.7266002425878,544.7557047859966,513.1038054580415,539.6074829101562,1892000,0.0,0.0
2016-08-17 00:00:00+09:00,534.2686524550402,543.9929813813329,521.4934692382812,521.4934692382812,1836500,0.0,0.0
2016-08-18 00:00:00+09:00,513.2944996172045,522.0654582337268,499.1845751872973,501.4726867675781,1098000,0.0,0.0
2016-08-19 00:00:00+09:00,502.80742721190774,504.5234817991273,486.7907916548204,491.1763000488281,1345500,0.0,0.0
2016-08-22 00:00:00+09:00,491.1763186303372,499.5659644100919,481.2612456793837,495.5617980957031,954000,0.0,0.0
2016-08-23 00:00:00+09:00,499.56600212475934,516.5359806354519,499.56600212475934,512.3411865234375,990000,0.0,0.0
2016-08-24 00:00:00+09:00,512.3411079763151,518.2519559638284,502.99803457341005,515.391845703125,630500,0.0,0.0
2016-08-25 00:00:00+09:00,521.1120870838001,521.4934584094632,501.6633714459716,502.4260559082031,673000,0.0,0.0
2016-08-26 00:00:00+09:00,501.66342276012415,505.0955322857768,482.97736057861977,490.4136657714844,874000,0.0,0.0
2016-08-29 00:00:00+09:00,495.75247080327296,509.09965270951494,486.40945510672265,503.76080322265625,959500,0.0,0.0
2016-08-30 00:00:00+09:00,496.70583225466174,506.8115322456256,494.03640755790656,505.2861633300781,792000,0.0,0.0
2016-08-31 00:00:00+09:00,508.1463331408413,517.6800354511761,496.8965760524665,513.2945556640625,856500,0.0,0.0
2016-09-01 00:00:00+09:00,503.7608110213574,513.2945125305497,500.32864356459055,507.38360595703125,611000,0.0,0.0
2016-09-02 00:00:00+09:00,512.3410821034553,519.2052998312316,507.57423190967205,510.6249694824219,517000,0.0,0.0
2016-09-05 00:00:00+09:00,512.1503924061788,521.1120357861406,509.09959666847504,510.24365234375,720500,0.0,0.0
2016-09-06 00:00:00+09:00,517.4893001675615,521.112095060436,507.57428562859445,513.1038208007812,1391500,0.0,0.0
2016-09-07 00:00:00+09:00,514.8198387016685,562.4883422851562,514.8198387016685,562.4883422851562,2184500,0.0,0.0
2016-09-08 00:00:00+09:00,562.4883350575521,569.1619254734892,538.6540835720626,557.9121704101562,1504500,0.0,0.0
2016-09-09 00:00:00+09:00,552.0013411556849,556.7681921155786,531.2178826083683,532.3619384765625,1136000,0.0,0.0
2016-09-12 00:00:00+09:00,532.3619136923014,539.4168178710418,496.1338480837176,498.04058837890625,1418000,0.0,0.0
2016-09-13 00:00:00+09:00,495.37104857351414,523.4001509722541,492.1296253570849,518.63330078125,1583500,0.0,0.0
2016-09-14 00:00:00+09:00,499.5659140639883,499.5659140639883,445.0331347077348,484.1213073730469,4501000,0.0,0.0
2016-09-15 00:00:00+09:00,467.1513718306595,483.5493499898814,451.1347650057132,457.236328125,1924500,0.0,0.0
2016-09-16 00:00:00+09:00,457.2363027642339,466.57931804481444,457.2363027642339,463.7192077636719,1269000,0.0,0.0
2016-09-20 00:00:00+09:00,465.2446380806368,472.87159936064717,450.94408568061715,456.664306640625,1512000,0.0,0.0
2016-09-21 00:00:00+09:00,455.71088645616106,467.34201276922005,449.99066612407535,457.42694091796875,1806000,0.0,0.0
2016-09-23 00:00:00+09:00,465.6259962838989,469.8208193127621,456.4736366153024,464.8633117675781,2121500,0.0,0.0
2016-09-26 00:00:00+09:00,465.2445917104023,465.2445917104023,448.8466149549224,452.66009521484375,871500,0.0,0.0
2016-09-27 00:00:00+09:00,453.80421682316626,459.71512372212817,452.0881620948481,454.9482727050781,714000,0.0,0.0
2016-09-28 00:00:00+09:00,459.7472329888462,468.38548997611053,447.2697506739088,464.5462646484375,442800,3.2,5.0
2016-09-29 00:00:00+09:00,460.70704671592193,460.70704671592193,417.5157610863043,424.2344055175781,3148400,0.0,0.0
2016-09-30 00:00:00+09:00,427.1138102213542,444.3903238932292,425.19419759114584,431.912841796875,965200,0.0,0.0
2016-10-03 00:00:00+09:00,429.9932189255618,434.7922503867846,417.51573712638253,427.1138000488281,1494900,0.0,0.0
2016-10-04 00:00:00+09:00,428.07363492948514,430.9530539985176,407.91770144625826,426.1540222167969,1916000,0.0,0.0
2016-10-05 00:00:00+09:00,429.03342908049285,429.03342908049285,411.75691515778846,420.3951721191406,1738500,0.0,0.0
2016-10-06 00:00:00+09:00,425.194219820168,438.63150893412364,417.5157688979076,428.0736389160156,1470000,0.0,0.0
2016-10-07 00:00:00+09:00,422.3147745110421,423.27458081674905,412.716711453973,415.59613037109375,1217700,0.0,0.0
2016-10-11 00:00:00+09:00,419.4353816284727,430.9530580118633,419.4353816284727,428.0736389160156,1079700,0.0,0.0
2016-10-12 00:00:00+09:00,427.1138528262868,427.1138528262868,406.9579181985294,407.917724609375,1884300,0.0,0.0
2016-10-13 00:00:00+09:00,410.79712311500725,412.71673583984375,404.07847857807957,412.71673583984375,962500,0.0,0.0
2016-10-14 00:00:00+09:00,409.8373295654877,411.75694235033774,402.1588784260875,404.0784912109375,755100,0.0,0.0
2016-10-17 00:00:00+09:00,404.07848727788445,405.99810004405015,396.40003621322154,402.15887451171875,985500,0.0,0.0
2016-10-18 00:00:00+09:00,402.1588300575417,414.6363116583724,398.31960494959384,409.8372802734375,1143400,0.0,0.0
2016-10-19 00:00:00+09:00,412.7167288949244,443.4305319754769,410.79711620238993,438.6315002441406,2574100,0.0,0.0
2016-10-20 00:00:00+09:00,438.63150072745066,457.8276276739474,420.39518012827875,424.2344055175781,2481200,0.0,0.0
2016-10-21 00:00:00+09:00,424.23444747924805,437.67173767089844,422.31483459472656,429.9932861328125,1319300,0.0,0.0
2016-10-24 00:00:00+09:00,436.71187337239587,449.18935546875,427.1138102213542,431.912841796875,2134500,0.0,0.0
2016-10-25 00:00:00+09:00,433.83247710771093,438.63150893412364,425.194219820168,428.0736389160156,1013700,0.0,0.0
2016-10-26 00:00:00+09:00,428.07362847579157,439.5913045782792,428.07362847579157,437.67169189453125,729700,0.0,0.0
2016-10-27 00:00:00+09:00,439.5913639948918,444.39039635291465,430.95310575045073,436.7119445800781,838100,0.0,0.0
2016-10-28 00:00:00+09:00,444.3903238932292,468.38548177083334,444.3903238932292,460.70703125,3146700,0.0,0.0
2016-10-31 00:00:00+09:00,452.06876023274395,464.5462419376817,450.14914766275353,453.9883728027344,1066200,0.0,0.0
2016-11-01 00:00:00+09:00,461.66682308269606,461.66682308269606,440.55108481280143,453.9883728027344,1174800,0.0,0.0
2016-11-02 00:00:00+09:00,447.2697805105719,453.0286188862445,429.0334589876087,434.79229736328125,1197800,0.0,0.0
2016-11-04 00:00:00+09:00,424.2344121888626,431.91286308820855,411.7569294774255,412.71673583984375,1089500,0.0,0.0
2016-11-07 00:00:00+09:00,418.47561435741756,438.63154991132984,414.6363885376247,432.8727111816406,653600,0.0,0.0
2016-11-08 00:00:00+09:00,436.71191211313925,439.59133131388523,428.07365451090135,435.7521057128906,628300,0.0,0.0
2016-11-09 00:00:00+09:00,366.6459791214071,367.6057853494736,358.967529296875,358.967529296875,2135700,0.0,0.0
2016-11-10 00:00:00+09:00,358.96755292338713,358.96755292338713,318.655688691349,327.2939453125,8632900,0.0,0.0
2016-11-11 00:00:00+09:00,327.2939797448695,347.44991398135704,320.57533499937364,329.2135925292969,4110300,0.0,0.0
2016-11-14 00:00:00+09:00,330.17339892151057,337.8518500592201,323.4547541760147,329.2135925292969,2032400,0.0,0.0
2016-11-15 00:00:00+09:00,322.49492403827134,323.4547303598138,302.3389912858794,303.2987976074219,4306100,0.0,0.0
2016-11-16 00:00:00+09:00,303.2988474199849,310.01749277422505,291.78116966985885,297.5400085449219,4003500,0.0,0.0
2016-11-17 00:00:00+09:00,297.53998387735874,303.298822274985,292.7409518793368,300.4194030761719,2929500,0.0,0.0
2016-11-18 00:00:00+09:00,308.09784134574556,310.9772604237432,297.5399713930876,309.0576477050781,3262400,0.0,0.0
2016-11-21 00:00:00+09:00,314.8164813141325,324.4145447688316,309.057643241313,321.5351257324219,2534700,0.0,0.0
2016-11-22 00:00:00+09:00,321.5351310059977,340.73125823023634,319.6155182835738,338.8116455078125,3208200,0.0,0.0
2016-11-24 00:00:00+09:00,365.6862321100315,370.485264027486,340.7312661392682,342.65087890625,6950000,0.0,0.0
2016-11-25 00:00:00+09:00,342.6508880791636,346.49011371590495,328.25379194138367,332.093017578125,2897100,0.0,0.0
2016-11-28 00:00:00+09:00,329.2136340646826,339.7715057110718,325.37440801145016,334.97247314453125,1119300,0.0,0.0
2016-11-29 00:00:00+09:00,336.8920103374281,338.8116229319433,325.3743347703365,328.2537536621094,1514600,0.0,0.0
2016-11-30 00:00:00+09:00,328.2537900178329,332.0930156320765,325.3743708071501,331.1332092285156,908700,0.0,0.0
2016-12-01 00:00:00+09:00,331.13321881975446,336.8920574079241,331.13321881975446,335.9322509765625,1256200,0.0,0.0
2016-12-02 00:00:00+09:00,334.0125914456552,335.9322040401704,327.29394736485176,328.2537536621094,1338000,0.0,0.0
2016-12-05 00:00:00+09:00,320.57527402552165,321.5350802351789,310.97721192894915,314.8164367675781,1750000,0.0,0.0
2016-12-06 00:00:00+09:00,314.81644937663737,320.5752868652344,311.93703063233886,320.5752868652344,748800,0.0,0.0
2016-12-07 00:00:00+09:00,320.57529721780514,325.37432861328125,319.6154909387099,325.37432861328125,734300,0.0,0.0
2016-12-08 00:00:00+09:00,329.21358382230426,344.57048569156626,328.25377745547536,339.7714538574219,2727900,0.0,0.0
2016-12-09 00:00:00+09:00,336.8920327853886,340.73125823023634,333.0528073405409,338.8116455078125,1496000,0.0,0.0
2016-12-12 00:00:00+09:00,336.8920406053046,342.65087890625,336.8920406053046,342.65087890625,1042400,0.0,0.0
2016-12-13 00:00:00+09:00,338.81164674836447,355.12835494871064,338.81164674836447,354.1685485839844,2196200,0.0,0.0
2016-12-14 00:00:00+09:00,350.32935518831823,359.9274197140256,350.32935518831823,355.1283874511719,1523500,0.0,0.0
2016-12-15 00:00:00+09:00,355.1283469004174,357.0479595863656,347.44989615662456,350.3293151855469,1346700,0.0,0.0
2016-12-16 00:00:00+09:00,350.3293211563774,354.16854659370756,348.4097084377123,353.208740234375,789200,0.0,0.0
2016-12-19 00:00:00+09:00,353.2087076379428,355.12832017945334,346.4900637426558,352.2489013671875,863400,0.0,0.0
2016-12-20 00:00:00+09:00,348.4097347572201,352.2489604845724,347.4499283253821,351.2891540527344,811200,0.0,0.0
2016-12-21 00:00:00+09:00,349.36956602154356,353.20879202178025,343.61072702118844,348.4097595214844,843700,0.0,0.0
2016-12-22 00:00:00+09:00,349.36956602154356,349.36956602154356,331.133242520419,348.4097595214844,1868100,0.0,0.0
2016-12-26 00:00:00+09:00,350.32934224070846,366.6460513313716,350.32934224070846,363.7666320800781,2125400,0.0,0.0
2016-12-27 00:00:00+09:00,360.8871705360019,378.1636840191084,360.8871705360019,372.40484619140625,1613100,0.0,0.0
2016-12-28 00:00:00+09:00,375.2842871491473,386.8019634810904,375.2842871491473,382.9627380371094,1256000,0.0,0.0
2016-12-29 00:00:00+09:00,380.0833376818941,384.88236972333215,376.24411204874366,377.20391845703125,1359800,0.0,0.0
2016-12-30 00:00:00+09:00,375.2843189239502,385.84218978881836,372.40489959716797,383.9225769042969,1087700,0.0,0.0
2017-01-04 00:00:00+09:00,383.9225581126847,391.60100927493846,382.962751717403,389.681396484375,1041400,0.0,0.0
2017-01-05 00:00:00+09:00,391.600986685404,397.3598247248952,389.68137400557356,393.5205993652344,1009900,0.0,0.0
2017-01-06 00:00:00+09:00,393.5206413269043,414.6363830566406,390.64122200012207,414.6363830566406,1718100,0.0,0.0
2017-01-10 00:00:00+09:00,418.4755575894179,418.4755575894179,403.118656393476,405.03826904296875,1545300,0.0,0.0
2017-01-11 00:00:00+09:00,411.75694563582135,411.75694563582135,389.6813984339009,390.6412048339844,1477200,0.0,0.0
2017-01-12 00:00:00+09:00,385.8422066611591,412.71678821964775,384.8824001769273,392.56085205078125,1157100,0.0,0.0
2017-01-13 00:00:00+09:00,388.72157747199736,401.19906020566646,388.72157747199736,398.31964111328125,779000,0.0,0.0
2017-01-16 00:00:00+09:00,393.5206018313013,394.4804081772313,380.08331298828125,380.08331298828125,1090800,0.0,0.0
2017-01-17 00:00:00+09:00,379.12352338854635,385.84216810682443,371.4450722819429,373.36468505859375,1060900,0.0,0.0
2017-01-18 00:00:00+09:00,365.68625826662685,370.48529052734375,359.9274195537666,370.48529052734375,1525500,0.0,0.0
2017-01-19 00:00:00+09:00,370.48524796335323,372.40486064710115,362.80679722836146,364.7264099121094,762800,0.0,0.0
2017-01-20 00:00:00+09:00,362.8068012017854,372.40486472564214,362.8068012017854,366.6460266113281,695400,0.0,0.0
2017-01-23 00:00:00+09:00,367.6058349609375,371.4450603913389,363.7666095305361,367.6058349609375,496000,0.0,0.0
2017-01-24 00:00:00+09:00,361.84701924588245,370.48527699976296,361.84701924588245,363.7666320800781,588300,0.0,0.0
2017-01-25 00:00:00+09:00,368.5656531169666,373.36468505859375,365.6862339519903,373.36468505859375,742300,0.0,0.0
2017-01-26 00:00:00+09:00,378.16372021484375,379.12352661132815,359.9273986816406,359.9273986816406,1915900,0.0,0.0
2017-01-27 00:00:00+09:00,359.9273986816406,364.7264306640625,353.20875390625,359.9273986816406,1379600,0.0,0.0
2017-01-30 00:00:00+09:00,354.16856412609314,365.6862410082425,352.2489513124016,361.8470153808594,1114100,0.0,0.0
2017-01-31 00:00:00+09:00,355.1283469004174,358.0077659293397,350.3293151855469,350.3293151855469,1361300,0.0,0.0
2017-02-01 00:00:00+09:00,350.32935518831823,356.0881939037426,347.449935830606,355.1283874511719,1104400,0.0,0.0
2017-02-02 00:00:00+09:00,353.208740234375,358.96757839037025,350.3293211563774,353.208740234375,716100,0.0,0.0
2017-02-03 00:00:00+09:00,350.32928882567694,354.16851390869806,349.36948255492166,352.2489013671875,682900,0.0,0.0
2017-02-06 00:00:00+09:00,356.0881250736907,368.5656065452756,353.2087062725558,365.6861877441406,1444300,0.0,0.0
2017-02-07 00:00:00+09:00,358.9676310221354,359.92743752219457,347.4499530214252,348.4097595214844,2183600,0.0,0.0
2017-02-08 00:00:00+09:00,304.2585998340777,323.4547260065747,300.4193745995783,301.3791809082031,6858300,0.0,0.0
2017-02-09 00:00:00+09:00,304.258607972343,310.9772523124263,302.33899530374777,305.2184143066406,2691500,0.0,0.0
2017-02-10 00:00:00+09:00,305.2184102505068,307.13802289359177,300.4193786427944,303.2987976074219,2382200,0.0,0.0
2017-02-13 00:00:00+09:00,309.0576857116325,316.736137530555,308.09787923426717,312.89691162109375,1799100,0.0,0.0
2017-02-14 00:00:00+09:00,313.8566305579209,318.6556616062071,309.0575995096346,314.8164367675781,1996400,0.0,0.0
2017-02-15 00:00:00+09:00,313.85666704898154,322.4949239402379,312.8968607277308,317.6958923339844,1268500,0.0,0.0
2017-02-16 00:00:00+09:00,320.5753133383142,322.4949259930346,317.6958943562335,318.65570068359375,647500,0.0,0.0
2017-02-17 00:00:00+09:00,319.61549698679073,330.17336625662466,317.69588439227545,328.2537536621094,1487200,0.0,0.0
2017-02-20 00:00:00+09:00,327.2939638052414,329.2135764961812,318.65570669601215,321.5351257324219,851300,0.0,0.0
2017-02-21 00:00:00+09:00,321.53518195821766,338.8116991977637,321.53518195821766,334.97247314453125,1809400,0.0,0.0
2017-02-22 00:00:00+09:00,334.9724348427593,337.851854053442,331.1332092285156,331.1332092285156,739700,0.0,0.0
2017-02-23 00:00:00+09:00,327.29398553219835,334.01263039649564,327.29398553219835,332.093017578125,613100,0.0,0.0
2017-02-24 00:00:00+09:00,335.93224184664996,348.4097251152398,331.1332098202692,346.4901123046875,2290800,0.0,0.0
2017-02-27 00:00:00+09:00,343.6106766410496,353.208740234375,339.77145120371944,353.208740234375,1733300,0.0,0.0
2017-02-28 00:00:00+09:00,353.2087551540798,357.0479807535807,345.5303039550781,345.5303039550781,2281600,0.0,0.0
2017-03-01 00:00:00+09:00,343.6106421315772,344.5704483945146,333.0527732392662,336.8919982910156,1827200,0.0,0.0
2017-03-02 00:00:00+09:00,341.6910725227591,345.5302980567227,338.8116533722864,342.65087890625,1101300,0.0,0.0
2017-03-03 00:00:00+09:00,342.65083586863983,343.6106421315772,336.8919982910156,336.8919982910156,764100,0.0,0.0
2017-03-06 00:00:00+09:00,340.731271955702,345.5303039550781,336.89204635620115,345.5303039550781,818100,0.0,0.0
2017-03-07 00:00:00+09:00,343.610714001602,348.40974632006015,341.69110107421875,341.69110107421875,1005500,0.0,0.0
2017-03-08 00:00:00+09:00,343.6106648313406,348.40969646306326,343.6106648313406,347.44989013671875,531300,0.0,0.0
2017-03-09 00:00:00+09:00,345.530301999913,347.4499147888014,341.6910764221362,344.57049560546875,858000,0.0,0.0
2017-03-10 00:00:00+09:00,345.53025747190054,355.12832017945334,341.6910323888794,352.2489013671875,1371600,0.0,0.0
2017-03-13 00:00:00+09:00,350.32933089432703,358.9675883684337,348.40971812230333,358.0077819824219,1104700,0.0,0.0
2017-03-14 00:00:00+09:00,358.00776155663544,369.52543753164787,355.1283425628824,362.8067932128906,2682700,0.0,0.0
2017-03-15 00:00:00+09:00,364.7263914041442,365.686197697313,345.5302655407682,356.088134765625,1908400,0.0,0.0
2017-03-16 00:00:00+09:00,358.00776551899156,367.6058289377313,357.0479591771176,364.7264099121094,2176600,0.0,0.0
2017-03-17 00:00:00+09:00,364.7264266845049,367.6058458425404,357.04797559641,358.0077819824219,1474800,0.0,0.0
2017-03-21 00:00:00+09:00,362.80679722836146,365.68621625398333,358.00776551899156,364.7264099121094,1668000,0.0,0.0
2017-03-22 00:00:00+09:00,358.00776943985704,369.52544566848513,356.0881567350857,366.6460266113281,1424700,0.0,0.0
2017-03-23 00:00:00+09:00,367.6058577484694,372.4048898339586,362.80682566298026,363.7666320800781,1045400,0.0,0.0
2017-03-24 00:00:00+09:00,368.5656065452756,368.5656065452756,361.84696267596064,365.6861877441406,711600,0.0,0.0
2017-03-27 00:00:00+09:00,363.76656043720754,363.76656043720754,355.12830438460895,358.967529296875,1100800,0.0,0.0
2017-03-28 00:00:00+09:00,360.8872089740136,367.6058538219341,358.96759616032205,361.8470153808594,1004900,0.0,0.0
2017-03-29 00:00:00+09:00,361.8469943183495,382.96273403984475,359.92738161639545,381.0431213378906,3066500,0.0,0.0
2017-03-30 00:00:00+09:00,393.52064521751595,393.52064521751595,382.96277424826553,385.8421936035156,3126200,0.0,0.0
2017-03-31 00:00:00+09:00,388.7216091156006,392.56083488464355,381.04315757751465,383.9225769042969,2572600,0.0,0.0
2017-04-03 00:00:00+09:00,383.9225301937181,384.8823365192024,373.36466061339087,376.24407958984375,1478300,0.0,0.0
2017-04-04 00:00:00+09:00,374.3244733308491,378.163698698345,364.7264099121094,364.7264099121094,1082000,0.0,0.0
2017-04-05 00:00:00+09:00,363.7666320800781,367.6058577484694,351.2891486578063,363.7666320800781,1093500,0.0,0.0
2017-04-06 00:00:00+09:00,363.76658511097537,369.5254228699882,351.289103299781,356.088134765625,1085600,0.0,0.0
2017-04-07 00:00:00+09:00,362.80675420914105,365.6861728933406,351.2890794723429,358.967529296875,1529200,0.0,0.0
2017-04-10 00:00:00+09:00,362.8068012017854,370.4852520208708,358.9675757922427,366.6460266113281,1193500,0.0,0.0
2017-04-11 00:00:00+09:00,364.7264266845049,366.64603945652857,357.04797559641,358.0077819824219,816500,0.0,0.0
2017-04-12 00:00:00+09:00,353.20875651041666,353.20875651041666,331.1332092285156,331.1332092285156,2245700,0.0,0.0
2017-04-13 00:00:00+09:00,330.1733959208683,342.65087890625,320.57533208595936,342.65087890625,1234100,0.0,0.0
2017-04-14 00:00:00+09:00,336.8920574079241,345.5303152901786,334.0126381138393,335.9322509765625,1095600,0.0,0.0
2017-04-17 00:00:00+09:00,335.93221218027963,360.8871765136719,335.93221218027963,360.8871765136719,1731500,0.0,0.0
2017-04-18 00:00:00+09:00,364.7264518144835,374.3245163359172,362.80683891019675,370.48529052734375,1578700,0.0,0.0
2017-04-19 00:00:00+09:00,365.68624530261076,382.00295441060126,363.76663246637656,379.12353515625,1358200,0.0,0.0
2017-04-20 00:00:00+09:00,382.0029154823869,383.92252812300194,374.32446491992687,375.2842712402344,956500,0.0,0.0
2017-04-21 00:00:00+09:00,377.20388591532804,382.0029175427495,375.28427326435946,376.24407958984375,843400,0.0,0.0
2017-04-24 00:00:00+09:00,381.04315377240204,385.8421859357824,376.24412160902165,382.0029602050781,1010400,0.0,0.0
2017-04-25 00:00:00+09:00,379.12353515625,382.96276082871833,377.2039223200158,379.12353515625,798700,0.0,0.0
2017-04-26 00:00:00+09:00,382.9627296261671,393.5205993652344,382.0029232862519,393.5205993652344,1644200,0.0,0.0
2017-04-27 00:00:00+09:00,388.72157214570706,391.6009911986382,376.24408958300535,381.0431213378906,1917200,0.0,0.0
2017-04-28 00:00:00+09:00,368.5656531169666,378.1637170002209,364.72642756366486,373.36468505859375,1854900,0.0,0.0
2017-05-01 00:00:00+09:00,373.36470231099344,383.92257307043025,372.40489587831735,382.0029602050781,2277900,0.0,0.0
2017-05-02 00:00:00+09:00,316.73606676933093,345.5302546574519,314.8164542434562,336.8919982910156,11536900,0.0,0.0
2017-05-08 00:00:00+09:00,341.6910756280749,345.53030119692966,327.2939797448695,329.2135925292969,3791000,0.0,0.0
2017-05-09 00:00:00+09:00,328.25379194138367,334.01263039649564,326.334179123013,332.093017578125,2024200,0.0,0.0
2017-05-10 00:00:00+09:00,332.0929910944796,335.93221642505165,329.2135720965506,334.0126037597656,1197300,0.0,0.0
2017-05-11 00:00:00+09:00,329.2135764961812,330.1733828416511,319.6155130414821,321.5351257324219,2443900,0.0,0.0
2017-05-12 00:00:00+09:00,329.213557894978,329.213557894978,323.454720147544,327.2939453125,1101300,0.0,0.0
2017-05-15 00:00:00+09:00,326.3341293987046,337.851804553953,323.4547106098925,336.8919982910156,1275000,0.0,0.0
2017-05-16 00:00:00+09:00,334.97243088257903,336.8920436670064,323.4547541760147,329.2135925292969,2004400,0.0,0.0
2017-05-17 00:00:00+09:00,329.2135537296622,329.2135537296622,323.45471605509084,325.37432861328125,1095500,0.0,0.0
2017-05-18 00:00:00+09:00,319.6155130414821,324.4145447688316,317.6959003505422,321.5351257324219,988200,0.0,0.0
2017-05-19 00:00:00+09:00,324.4145181808698,330.1733557817136,322.49490564725517,323.4547119140625,555400,0.0,0.0
2017-05-22 00:00:00+09:00,324.414526438783,328.25375160373903,324.414526438783,327.2939453125,641400,0.0,0.0
2017-05-23 00:00:00+09:00,326.33414106759415,329.213559959367,324.41452847307886,328.2537536621094,857800,0.0,0.0
2017-05-24 00:00:00+09:00,328.2538239316913,333.0528564453125,325.37440442351857,333.0528564453125,1017100,0.0,0.0
2017-05-25 00:00:00+09:00,335.9322796578394,337.8518926844556,329.2136340646826,334.97247314453125,828500,0.0,0.0
2017-05-26 00:00:00+09:00,334.9724278383228,342.65087890625,334.0126214548319,342.65087890625,1476900,0.0,0.0
2017-05-29 00:00:00+09:00,343.61067932473736,347.44990479205285,339.7714538574219,339.7714538574219,1258300,0.0,0.0
2017-05-30 00:00:00+09:00,339.7714674677545,350.32933792579206,339.7714674677545,346.4901123046875,1409900,0.0,0.0
2017-05-31 00:00:00+09:00,349.3695167603532,362.80680586652056,347.44990403090065,354.1685485839844,2249300,0.0,0.0
2017-06-01 00:00:00+09:00,351.2891653737714,362.8068429270098,350.3293589110015,357.0480041503906,1483600,0.0,0.0
2017-06-02 00:00:00+09:00,362.8068390717378,362.8068390717378,354.16858099860116,355.1283874511719,869300,0.0,0.0
2017-06-05 00:00:00+09:00,356.0881448340843,377.2038838808494,356.0881448340843,375.2842712402344,2078800,0.0,0.0
2017-06-06 00:00:00+09:00,373.3646393238036,373.3646393238036,352.2489013671875,352.2489013671875,1792300,0.0,0.0
2017-06-07 00:00:00+09:00,351.28912751570994,357.0479656717052,344.5704830003821,353.208740234375,1095000,0.0,0.0
2017-06-08 00:00:00+09:00,353.2087076379428,356.0881264502086,348.4096762841664,352.2489013671875,671200,0.0,0.0
2017-06-09 00:00:00+09:00,349.3695411890582,354.1685733482486,346.49012189354397,351.2891540527344,550900,0.0,0.0
2017-06-12 00:00:00+09:00,348.40972118324555,349.3695275776898,341.6910764221362,344.57049560546875,897800,0.0,0.0
2017-06-13 00:00:00+09:00,344.5704975552029,352.24894875420466,342.65088475545247,345.5303039550781,476000,0.0,0.0
2017-06-14 00:00:00+09:00,345.5302980567227,352.24894274115894,342.65087890625,342.65087890625,677000,0.0,0.0
2017-06-15 00:00:00+09:00,344.57051277160645,345.5303192138672,336.8920612335205,337.85186767578125,656200,0.0,0.0
2017-06-16 00:00:00+09:00,336.8920612335205,338.811674118042,334.972448348999,337.85186767578125,554100,0.0,0.0
2017-06-19 00:00:00+09:00,337.85187521945227,346.49013339267685,336.89206875576065,341.69110107421875,586600,0.0,0.0
2017-06-20 00:00:00+09:00,342.65087890625,343.6106852897409,338.8116533722864,342.65087890625,582400,0.0,0.0
2017-06-21 00:00:00+09:00,340.731271955702,347.44991675482856,338.8116591559516,345.5303039550781,910800,0.0,0.0
2017-06-22 00:00:00+09:00,346.49011035495334,349.369529554579,343.6106911553277,345.5303039550781,535800,0.0,0.0
2017-06-23 00:00:00+09:00,348.4097345842634,349.369541015625,333.0528316824777,335.9322509765625,1308500,0.0,0.0
2017-06-26 00:00:00+09:00,337.85185275607637,348.4097231547038,337.85185275607637,345.5303039550781,1015000,0.0,0.0
2017-06-27 00:00:00+09:00,348.4097459854618,358.0078106131605,347.4499395226919,357.0480041503906,1567400,0.0,0.0
2017-06-28 00:00:00+09:00,357.0479684603416,357.0479684603416,339.7714538574219,339.7714538574219,1683100,0.0,0.0
2017-06-29 00:00:00+09:00,342.6508749518596,343.6106813242738,335.9322303449604,340.73126220703125,888300,0.0,0.0
2017-06-30 00:00:00+09:00,335.9322264241767,339.7714518690244,333.0528073405409,338.8116455078125,944000,0.0,0.0
2017-07-03 00:00:00+09:00,338.8116108168904,339.77141707982776,334.9723857651409,336.8919982910156,543700,0.0,0.0
2017-07-04 00:00:00+09:00,339.77146686056386,339.77146686056386,329.2135964213938,331.1332092285156,993900,0.0,0.0
2017-07-05 00:00:00+09:00,330.1734028249547,333.05282203563746,325.3743708071501,331.1332092285156,1301200,0.0,0.0
2017-07-06 00:00:00+09:00,331.13320531372426,332.09301170593795,326.3341733526558,329.2135925292969,707900,0.0,0.0
2017-07-07 00:00:00+09:00,326.3341866629464,335.9322509765625,324.4145738002232,335.9322509765625,868400,0.0,0.0
2017-07-10 00:00:00+09:00,333.0527974271226,335.93221642505165,329.2135720965506,334.0126037597656,685500,0.0,0.0
2017-07-11 00:00:00+09:00,333.0527892888979,333.0527892888979,327.2939514337584,330.1733703613281,880000,0.0,0.0
2017-07-12 00:00:00+09:00,327.2939698710244,329.21358259754066,324.41455078125,324.41455078125,1436300,0.0,0.0
2017-07-13 00:00:00+09:00,323.45473842336173,324.4145447688316,319.6155130414821,321.5351257324219,1304000,0.0,0.0
2017-07-14 00:00:00+09:00,321.5350993804479,323.4547119140625,319.6154868468333,323.4547119140625,818100,0.0,0.0
2017-07-17 00:00:00+09:00,323.4547119140625,323.4547119140625,323.4547119140625,323.4547119140625,0,0.0,0.0
2017-07-18 00:00:00+09:00,321.5351257324219,328.2537701507113,320.57531938695195,321.5351257324219,566400,0.0,0.0
2017-07-19 00:00:00+09:00,321.53514139158733,329.2135925292969,319.61552860715994,329.2135925292969,877800,0.0,0.0
2017-07-20 00:00:00+09:00,331.13320531372426,331.13320531372426,326.3341733526558,329.2135925292969,267500,0.0,0.0
2017-07-21 00:00:00+09:00,331.1331847618366,334.9724100924086,328.2537657639076,334.0126037597656,733200,0.0,0.0
2017-07-24 00:00:00+09:00,331.1331725538823,333.05278514839756,322.49491587856363,328.2537536621094,796300,0.0,0.0
2017-07-25 00:00:00+09:00,328.2537861370832,329.2135925292969,325.3743669604421,329.2135925292969,357500,0.0,0.0
2017-07-26 00:00:00+09:00,328.2537900178329,331.1332092285156,324.4145644035892,331.1332092285156,482700,0.0,0.0
2017-07-27 00:00:00+09:00,333.05282203563746,334.9724348427593,330.1734028249547,331.1332092285156,529000,0.0,0.0
2017-07-28 00:00:00+09:00,332.093017578125,335.93224321486633,329.213598350569,332.093017578125,628900,0.0,0.0
2017-07-31 00:00:00+09:00,329.21354951490633,329.21354951490633,323.4547119140625,323.4547119140625,515000,0.0,0.0
2017-08-01 00:00:00+09:00,324.4145447688316,327.2939638052414,318.65570669601215,321.5351257324219,1020200,0.0,0.0
2017-08-02 00:00:00+09:00,289.86152117104797,303.2988102319575,287.9419084480609,294.6605529785156,3735200,0.0,0.0
2017-08-03 00:00:00+09:00,294.6605935998865,295.62040009369724,280.26349619272594,284.10272216796875,4215400,0.0,0.0
2017-08-04 00:00:00+09:00,282.1830808080808,287.94191919191917,280.263468013468,285.0625,1851100,0.0,0.0
2017-08-07 00:00:00+09:00,284.10271843112247,284.10271843112247,280.26349250637753,282.18310546875,1113800,0.0,0.0
2017-08-08 00:00:00+09:00,280.26349619272594,284.10272216796875,279.3036896989152,284.10272216796875,772500,0.0,0.0
2017-08-09 00:00:00+09:00,282.1830689735019,283.14287533055466,277.38403718823827,279.30364990234375,1580100,0.0,0.0
2017-08-10 00:00:00+09:00,275.4644470214844,278.34386632832917,271.6252212790247,275.4644470214844,1101000,0.0,0.0
2017-08-11 00:00:00+09:00,275.4644470214844,275.4644470214844,275.4644470214844,275.4644470214844,0,0.0,0.0
2017-08-14 00:00:00+09:00,271.6252212790247,276.4242534570993,267.78599553656494,275.4644470214844,678800,0.0,0.0
2017-08-15 00:00:00+09:00,276.42418134973406,276.42418134973406,268.745731867797,270.66534423828125,1416800,0.0,0.0
2017-08-16 00:00:00+09:00,272.5850277146396,278.34386632832917,269.70560840779484,275.4644470214844,983600,0.0,0.0
2017-08-17 00:00:00+09:00,274.5046081542969,277.38402712095035,271.6251891876434,274.5046081542969,753700,0.0,0.0
2017-08-18 00:00:00+09:00,270.66538085937503,275.46441243489585,270.66538085937503,273.5447998046875,475800,0.0,0.0
2017-08-21 00:00:00+09:00,273.54483415025453,277.3840598927142,272.5850277146396,275.4644470214844,377400,0.0,0.0
2017-08-22 00:00:00+09:00,276.4242268598616,281.22325857617864,275.4644205165982,277.384033203125,460000,0.0,0.0
2017-08-23 00:00:00+09:00,281.2232666015625,286.02229845483146,279.3036538602549,281.2232666015625,516200,0.0,0.0
2017-08-24 00:00:00+09:00,277.3840352025525,281.2232606032799,276.4242288523707,278.3438415527344,315000,0.0,0.0
2017-08-25 00:00:00+09:00,282.1830669534618,284.1026796538254,278.3438415527344,278.3438415527344,593100,0.0,0.0
2017-08-28 00:00:00+09:00,279.30368230114243,282.1831017063089,279.30368230114243,280.26348876953125,190300,0.0,0.0
2017-08-29 00:00:00+09:00,279.30368230114243,280.26348876953125,277.38406936436485,280.26348876953125,243700,0.0,0.0
2017-08-30 00:00:00+09:00,279.30364990234375,280.2634562593965,277.38403718823827,279.30364990234375,411200,0.0,0.0
2017-08-31 00:00:00+09:00,279.3036458896518,280.2634522329152,276.4242268598616,277.384033203125,408300,0.0,0.0
2017-09-01 00:00:00+09:00,278.34387583275367,282.1831017063089,278.34387583275367,280.26348876953125,557000,0.0,0.0
2017-09-04 00:00:00+09:00,278.34386632832917,279.3036727639441,273.54483415025453,275.4644470214844,551500,0.0,0.0
2017-09-05 00:00:00+09:00,275.4643998778422,276.42420614919354,267.78594970703125,267.78594970703125,765800,0.0,0.0
2017-09-06 00:00:00+09:00,267.78595790256463,271.62518310546875,262.98692639893443,271.62518310546875,787700,0.0,0.0
2017-09-07 00:00:00+09:00,272.58496941460504,278.3438067966037,272.58496941460504,276.4241943359375,572700,0.0,0.0
2017-09-08 00:00:00+09:00,277.3840598927142,279.3036727639441,273.54483415025453,275.4644470214844,491500,0.0,0.0
2017-09-11 00:00:00+09:00,275.4644225021888,281.2232606032799,275.4644225021888,278.3438415527344,512800,0.0,0.0
2017-09-12 00:00:00+09:00,279.3036616161616,285.0625,278.3438552188552,285.0625,709300,0.0,0.0
2017-09-13 00:00:00+09:00,287.9418745197234,294.6605182585169,286.9820682713243,292.74090576171875,942900,0.0,0.0
2017-09-14 00:00:00+09:00,294.6605529785156,297.53997206299624,292.7409402555286,294.6605529785156,652100,0.0,0.0
2017-09-15 00:00:00+09:00,291.78116223703023,295.6203880559385,288.901742872849,293.7007751464844,428100,0.0,0.0
2017-09-18 00:00:00+09:00,293.7007751464844,293.7007751464844,293.7007751464844,293.7007751464844,0,0.0,0.0
2017-09-19 00:00:00+09:00,295.6203470350821,307.13802289359177,286.02228381965733,303.2987976074219,987800,0.0,0.0
2017-09-20 00:00:00+09:00,303.29880561828617,309.057643699646,303.29880561828617,307.1380310058594,686900,0.0,0.0
2017-09-21 00:00:00+09:00,307.13805961010974,309.0576724826729,306.1782531738281,306.1782531738281,557000,0.0,0.0
2017-09-22 00:00:00+09:00,307.13800257982865,308.0978088378906,301.37916503145686,308.0978088378906,488900,0.0,0.0
2017-09-25 00:00:00+09:00,310.0174057192919,316.7360491868926,310.0174057192919,314.8164367675781,788700,0.0,0.0
2017-09-26 00:00:00+09:00,312.89691162109375,316.736137530555,309.0576857116325,312.89691162109375,704600,0.0,0.0
2017-09-27 00:00:00+09:00,310.1827870244565,314.06007186226225,307.27482339610225,312.1214294433594,883700,3.2,0.0
2017-09-28 00:00:00+09:00,312.1214078106458,313.09072895291484,305.3361598147622,306.30548095703125,742300,0.0,0.0
2017-09-29 00:00:00+09:00,302.42819658297935,304.3668388687677,296.61226972561434,299.5202331542969,822000,0.0,0.0
2017-10-02 00:00:00+09:00,299.520211398217,305.3361378331338,298.55089032573085,300.4895324707031,654100,0.0,0.0
2017-10-03 00:00:00+09:00,308.2441102912627,321.8146057128906,305.33614698662814,321.8146057128906,1550700,0.0,0.0
2017-10-04 00:00:00+09:00,319.87598977437835,323.75327449891626,315.02938386870596,317.9373474121094,767900,0.0,0.0
2017-10-05 00:00:00+09:00,322.7839804755317,322.7839804755317,310.18280406057096,314.0600891113281,551300,0.0,0.0
2017-10-06 00:00:00+09:00,315.0293884277344,317.93735201322113,314.0600672325721,315.0293884277344,427400,0.0,0.0
2017-10-09 00:00:00+09:00,315.0293884277344,315.0293884277344,315.0293884277344,315.0293884277344,0,0.0,0.0
2017-10-10 00:00:00+09:00,315.0293667114641,315.0293667114641,305.3361554280344,309.21343994140625,567700,0.0,0.0
2017-10-11 00:00:00+09:00,318.9066779095194,318.9066779095194,310.1827870244565,312.1214294433594,713700,0.0,0.0
2017-10-12 00:00:00+09:00,310.1827697753906,313.0907332420349,306.3054851531983,310.1827697753906,465900,0.0,0.0
2017-10-13 00:00:00+09:00,306.3054854420427,308.24412775496705,302.4282008161941,303.39752197265625,589000,0.0,0.0
2017-10-16 00:00:00+09:00,301.45888825434787,305.3361729907382,297.58160351795755,304.3668518066406,598800,0.0,0.0
2017-10-17 00:00:00+09:00,304.3668431291184,304.3668431291184,299.5202373468076,303.39752197265625,424300,0.0,0.0
2017-10-18 00:00:00+09:00,299.52023296114766,311.1520866683767,299.52023296114766,306.30548095703125,599200,0.0,0.0
2017-10-19 00:00:00+09:00,303.3975177258735,305.33616001166183,297.58159086850856,299.5202331542969,585900,0.0,0.0
2017-10-20 00:00:00+09:00,297.58158220563615,300.4895455496652,294.67361886160717,298.5509033203125,543500,0.0,0.0
2017-10-23 00:00:00+09:00,293.7042934994222,303.3975045060038,293.7042934994222,301.4588623046875,426400,0.0,0.0
2017-10-24 00:00:00+09:00,300.4895455496652,305.3361511230469,298.5509033203125,305.3361511230469,277500,0.0,0.0
2017-10-25 00:00:00+09:00,306.30548095703125,307.27480209930036,303.397517530224,306.30548095703125,360600,0.0,0.0
2017-10-26 00:00:00+09:00,304.3668428421021,317.9373390197754,304.3668428421021,310.1827697753906,1237400,0.0,0.0
2017-10-27 00:00:00+09:00,307.27479768472034,312.12140332643514,305.3361554280344,309.21343994140625,680300,0.0,0.0
2017-10-30 00:00:00+09:00,308.2441013468553,309.2134224202731,306.30545920001975,307.2747802734375,378800,0.0,0.0
2017-10-31 00:00:00+09:00,306.30547655637736,309.21343994140625,305.3361554280344,309.21343994140625,275600,0.0,0.0
2017-11-01 00:00:00+09:00,307.27479768472034,312.12140332643514,307.27479768472034,309.21343994140625,276200,0.0,0.0
2017-11-02 00:00:00+09:00,308.2441188130633,310.18276106974923,307.27479768472034,309.21343994140625,412200,0.0,0.0
2017-11-03 00:00:00+09:00,309.21343994140625,309.21343994140625,309.21343994140625,309.21343994140625,0,0.0,0.0
2017-11-06 00:00:00+09:00,308.2441188130633,313.0907244547781,307.27479768472034,309.21343994140625,395700,0.0,0.0
2017-11-07 00:00:00+09:00,306.3054936964564,311.152099609375,305.33617251387267,311.152099609375,445300,0.0,0.0
2017-11-08 00:00:00+09:00,308.2441101074219,310.18275230935535,306.3054679054884,308.2441101074219,591100,0.0,0.0
2017-11-09 00:00:00+09:00,304.3668428421021,317.9373390197754,304.3668428421021,310.1827697753906,1179100,0.0,0.0
2017-11-10 00:00:00+09:00,302.428212890625,318.9066732083834,301.45889169546274,315.0293884277344,1649100,0.0,0.0
2017-11-13 00:00:00+09:00,313.0907200404576,314.06004115513394,292.7349766322545,298.5509033203125,1721800,0.0,0.0
2017-11-14 00:00:00+09:00,293.7042804792815,297.58156471003116,286.91903307546977,296.61224365234375,1299500,0.0,0.0
2017-11-15 00:00:00+09:00,297.58162209213964,298.55094333673946,288.85773089074144,292.7350158691406,797400,0.0,0.0
2017-11-16 00:00:00+09:00,292.735002618087,296.6122874209755,291.7656814173648,294.67364501953125,395500,0.0,0.0
2017-11-17 00:00:00+09:00,294.67364501953125,295.64296622025336,287.8883966144762,294.67364501953125,1092700,0.0,0.0
2017-11-20 00:00:00+09:00,290.7963386910861,295.6429443359375,288.85769643314546,295.6429443359375,549800,0.0,0.0
2017-11-21 00:00:00+09:00,294.67362310947516,303.3975132673215,293.70430198082556,302.4281921386719,700800,0.0,0.0
2017-11-22 00:00:00+09:00,301.4588796597319,305.3361642855806,299.5202373468076,303.39752197265625,446800,0.0,0.0
2017-11-23 00:00:00+09:00,303.39752197265625,303.39752197265625,303.39752197265625,303.39752197265625,0,0.0,0.0
2017-11-24 00:00:00+09:00,304.3668518066406,306.3054941748358,302.42820943844544,304.3668518066406,363100,0.0,0.0
2017-11-27 00:00:00+09:00,304.3668300083705,305.3361511230469,301.45886666434154,305.3361511230469,541300,0.0,0.0
2017-11-28 00:00:00+09:00,305.3361555246206,306.3054766532702,301.4588710100223,302.4281921386719,376800,0.0,0.0
2017-11-29 00:00:00+09:00,303.39753062254306,305.3361729907382,300.4895670702503,304.3668518066406,512600,0.0,0.0
2017-11-30 00:00:00+09:00,304.36683429969145,310.18276106974923,304.36683429969145,309.21343994140625,805700,0.0,0.0
2017-12-01 00:00:00+09:00,310.1827870244565,318.9066779095194,310.1827870244565,312.1214294433594,630700,0.0,0.0
2017-12-04 00:00:00+09:00,310.18280406057096,315.9987316367067,309.2134827978817,314.0600891113281,681300,0.0,0.0
2017-12-05 00:00:00+09:00,313.0907156122555,313.0907156122555,305.33614680452166,308.2441101074219,419600,0.0,0.0
2017-12-06 00:00:00+09:00,305.3361729907382,312.12142127942127,304.3668518066406,304.3668518066406,352200,0.0,0.0
2017-12-07 00:00:00+09:00,299.52023296114766,309.2134443838385,299.52023296114766,306.30548095703125,590600,0.0,0.0
2017-12-08 00:00:00+09:00,306.30547655637736,310.18276106974923,306.30547655637736,309.21343994140625,193700,0.0,0.0
2017-12-11 00:00:00+09:00,309.21346971008677,316.9680394833805,307.27482726676334,315.99871826171875,1317400,0.0,0.0
2017-12-12 00:00:00+09:00,317.93733819418986,330.53851318359375,315.99869588812777,330.53851318359375,2062600,0.0,0.0
2017-12-13 00:00:00+09:00,326.66122831147294,338.2930821385877,326.66122831147294,337.3237609863281,1533600,0.0,0.0
2017-12-14 00:00:00+09:00,338.2930821385877,338.2930821385877,318.90665909339646,337.3237609863281,1306700,0.0,0.0
2017-12-15 00:00:00+09:00,336.35443558803826,336.35443558803826,330.53850874789924,333.44647216796875,723300,0.0,0.0
2017-12-18 00:00:00+09:00,335.3851056780134,337.32374790736606,329.5691789899554,332.4771423339844,789200,0.0,0.0
2017-12-19 00:00:00+09:00,337.3237522795839,337.3237522795839,333.4464677706232,336.35443115234375,796200,0.0,0.0
2017-12-20 00:00:00+09:00,333.446481196838,336.35444469564766,327.63055419921875,327.63055419921875,560800,0.0,0.0
2017-12-21 00:00:00+09:00,327.63056745983306,332.4771734873454,323.7532826378232,325.6919250488281,448200,0.0,0.0
2017-12-22 00:00:00+09:00,322.7839442270245,328.59987115003395,322.7839442270245,323.7532653808594,422100,0.0,0.0
2017-12-25 00:00:00+09:00,323.7532872838659,323.7532872838659,315.9987175285637,322.7839660644531,494700,0.0,0.0
2017-12-26 00:00:00+09:00,322.78395285535214,327.63055875408116,318.9066681363689,324.72259521484375,769200,0.0,0.0
2017-12-27 00:00:00+09:00,323.7532607677371,333.44647216796875,323.7532607677371,333.44647216796875,492500,0.0,0.0
2017-12-28 00:00:00+09:00,334.41581064566026,338.29309540676934,332.47716826510566,335.3851318359375,617900,0.0,0.0
2017-12-29 00:00:00+09:00,335.38509703365645,338.2930603027344,334.41577594396375,338.2930603027344,437700,0.0,0.0
2018-01-01 00:00:00+09:00,338.2930603027344,338.2930603027344,338.2930603027344,338.2930603027344,0,0.0,0.0
2018-01-02 00:00:00+09:00,338.2930603027344,338.2930603027344,338.2930603027344,338.2930603027344,0,0.0,0.0
2018-01-03 00:00:00+09:00,338.2930603027344,338.2930603027344,338.2930603027344,338.2930603027344,0,0.0,0.0
2018-01-04 00:00:00+09:00,339.26241659704664,343.1397013581557,335.3851318359375,335.3851318359375,540700,0.0,0.0
2018-01-05 00:00:00+09:00,337.3237565521501,341.2010411102208,336.3544354126324,340.2317199707031,514600,0.0,0.0
2018-01-08 00:00:00+09:00,340.2317199707031,340.2317199707031,340.2317199707031,340.2317199707031,0,0.0,0.0
2018-01-09 00:00:00+09:00,341.20103236607144,341.20103236607144,337.32374790736606,339.26239013671875,363600,0.0,0.0
2018-01-10 00:00:00+09:00,337.3237393839976,348.95559246620434,337.3237393839976,345.07830810546875,978100,0.0,0.0
2018-01-11 00:00:00+09:00,344.10899999729486,349.9249267578125,343.1396788705419,349.9249267578125,484900,0.0,0.0
2018-01-12 00:00:00+09:00,345.07834667163894,355.74087985531315,344.1090254731231,352.8329162597656,754000,0.0,0.0
2018-01-15 00:00:00+09:00,356.71021367928523,362.5261410762301,354.77157121363695,357.6795349121094,680600,0.0,0.0
2018-01-16 00:00:00+09:00,354.7715279715402,363.49541800362726,354.7715279715402,359.6181335449219,446700,0.0,0.0
2018-01-17 00:00:00+09:00,358.64882126899613,359.618142407561,353.8022155761719,353.8022155761719,338500,0.0,0.0
2018-01-18 00:00:00+09:00,356.71019643009197,361.55680235984863,353.80223287223794,355.7408752441406,284300,0.0,0.0
2018-01-19 00:00:00+09:00,358.6488211026756,361.5567845170216,357.67949996456025,360.58746337890625,376100,0.0,0.0
2018-01-22 00:00:00+09:00,360.58747657569677,360.58747657569677,355.7408707077439,358.6488342285156,508900,0.0,0.0
2018-01-23 00:00:00+09:00,359.6181335449219,359.6181335449219,357.6794913155692,359.6181335449219,179000,0.0,0.0
2018-01-24 00:00:00+09:00,357.67952628757644,358.6488474970279,351.8635990308679,356.710205078125,530600,0.0,0.0
2018-01-25 00:00:00+09:00,358.6488474970279,358.6488474970279,352.8329202403193,356.710205078125,318500,0.0,0.0
2018-01-26 00:00:00+09:00,356.71019643009197,359.618159987946,353.80223287223794,355.7408752441406,359400,0.0,0.0
2018-01-29 00:00:00+09:00,353.8022508147013,355.74089328491885,349.92496587426626,350.894287109375,409700,0.0,0.0
2018-01-30 00:00:00+09:00,352.83290308551057,357.6795088971247,349.9249395985421,354.77154541015625,515100,0.0,0.0
2018-01-31 00:00:00+09:00,357.6794913155692,361.55677577427457,356.7101702008929,359.6181335449219,666200,0.0,0.0
2018-02-01 00:00:00+09:00,357.6795349121094,361.55681984340595,354.77157121363695,357.6795349121094,470600,0.0,0.0
2018-02-02 00:00:00+09:00,373.18865808947334,424.56268115114113,373.18865808947334,393.5444030761719,4738400,0.0,0.0
2018-02-05 00:00:00+09:00,392.57505547510436,429.4092582110401,388.6977709765848,424.5626525878906,3837300,0.0,0.0
2018-02-06 00:00:00+09:00,401.2989725949142,415.83879044255605,373.18865808947334,393.5444030761719,2007200,0.0,0.0
2018-02-07 00:00:00+09:00,409.0535421136565,427.4706447206695,391.6057606964863,393.5444030761719,1610100,0.0,0.0
2018-02-08 00:00:00+09:00,392.5750555405761,419.71604703473935,384.8204865422437,417.77740478515625,1355300,0.0,0.0
2018-02-09 00:00:00+09:00,393.54438505284924,412.9308079618566,393.54438505284924,411.96148681640625,911200,0.0,0.0
2018-02-12 00:00:00+09:00,411.96148681640625,411.96148681640625,411.96148681640625,411.96148681640625,0,0.0,0.0
2018-02-13 00:00:00+09:00,415.83875819614957,431.347896030971,411.9614737374442,413.9001159667969,1020500,0.0,0.0
2018-02-14 00:00:00+09:00,413.90013361203165,420.6853817040321,404.2069220520309,409.05352783203125,1063500,0.0,0.0
2018-02-15 00:00:00+09:00,415.8387716192948,421.6546984950891,402.2682755757747,405.1762390136719,826000,0.0,0.0
2018-02-16 00:00:00+09:00,425.53200021207607,430.37860613704277,414.8694671771493,420.6853942871094,1730600,0.0,0.0
2018-02-19 00:00:00+09:00,426.5013341534382,428.4399765814084,411.96151594366194,425.5320129394531,859400,0.0,0.0
2018-02-20 00:00:00+09:00,432.3172215150983,451.70364400456464,429.4092581416784,431.347900390625,2462700,0.0,0.0
2018-02-21 00:00:00+09:00,431.34790453994486,447.82636381450453,431.34790453994486,442.01043701171875,1053500,0.0,0.0
2018-02-22 00:00:00+09:00,442.0104328312286,443.9490750804884,421.654689214001,424.5626525878906,874500,0.0,0.0
2018-02-23 00:00:00+09:00,426.5013172238372,430.3786019258721,413.9001419422238,416.80810546875,581600,0.0,0.0
2018-02-26 00:00:00+09:00,416.8080923292372,425.5319826338026,414.86945003933374,418.7467346191406,439000,0.0,0.0
2018-02-27 00:00:00+09:00,415.83876260721456,419.7160471070488,396.45234010804376,410.9921569824219,1157500,0.0,0.0
2018-02-28 00:00:00+09:00,414.8694756869612,428.4399725552263,414.8694756869612,421.65472412109375,908500,0.0,0.0
2018-03-01 00:00:00+09:00,414.8694756869612,430.37861496497845,414.8694756869612,421.65472412109375,517500,0.0,0.0
2018-03-02 00:00:00+09:00,411.96149917707294,423.5933532714844,410.99217800253865,423.5933532714844,395500,0.0,0.0
2018-03-05 00:00:00+09:00,426.50130422491776,429.4092676628149,403.23759672174043,405.1762390136719,564100,0.0,0.0
2018-03-06 00:00:00+09:00,407.1148986816406,408.08421986897787,396.452365620931,407.1148986816406,658000,0.0,0.0
2018-03-07 00:00:00+09:00,398.3909909919118,410.02284474350046,394.5137064080489,405.1762390136719,528200,0.0,0.0
2018-03-08 00:00:00+09:00,407.11487672039283,419.716051476024,406.14555558534425,414.86944580078125,484500,0.0,0.0
2018-03-09 00:00:00+09:00,412.9308036749833,414.86944594575783,404.2069134564977,408.0841979980469,279300,0.0,0.0
2018-03-12 00:00:00+09:00,412.930799232339,422.62401048192436,409.0535147325048,410.9921569824219,303700,0.0,0.0
2018-03-13 00:00:00+09:00,414.8694370814732,433.28653826032365,411.9614737374442,413.9001159667969,946300,0.0,0.0
2018-03-14 00:00:00+09:00,413.9001203572975,429.40925835663415,405.1762302326706,410.9921569824219,696200,0.0,0.0
2018-03-15 00:00:00+09:00,407.11491428634685,409.05355673532944,379.0045987760991,384.8205261230469,1348400,0.0,0.0
2018-03-16 00:00:00+09:00,385.78984734753817,392.5750959189773,378.03527755160775,384.8205261230469,538200,0.0,0.0
2018-03-19 00:00:00+09:00,382.88184029715404,382.88184029715404,368.34202357700894,373.1886291503906,794100,0.0,0.0
2018-03-20 00:00:00+09:00,365.43408660072697,366.40340778534426,359.6181594930231,362.526123046875,643700,0.0,0.0
2018-03-21 00:00:00+09:00,362.526123046875,362.526123046875,362.526123046875,362.526123046875,0,0.0,0.0
2018-03-22 00:00:00+09:00,360.5874899159307,367.3727383820907,353.80224144977075,356.710205078125,701200,0.0,0.0
2018-03-23 00:00:00+09:00,347.0169326006356,350.8942167637712,342.1703273967161,343.1396484375,613700,0.0,0.0
2018-03-26 00:00:00+09:00,336.3544439835982,343.1396921331232,327.6305535056374,341.2010498046875,817900,0.0,0.0
2018-03-27 00:00:00+09:00,340.2317199707031,348.9556102263622,340.2317199707031,340.2317199707031,561000,0.0,0.0
2018-03-28 00:00:00+09:00,336.3544439835982,342.17037096890533,329.5691958340731,341.2010498046875,418000,0.0,0.0
2018-03-29 00:00:00+09:00,348.9556098833476,358.64882126899613,342.1703619133936,353.8022155761719,933400,0.0,0.0
2018-03-30 00:00:00+09:00,354.7715720498101,358.6488569902452,348.95564463915747,350.894287109375,633100,0.0,0.0
2018-04-02 00:00:00+09:00,354.7715720498101,356.71021452002765,349.92496587426626,350.894287109375,311900,0.0,0.0
2018-04-03 00:00:00+09:00,345.0783211240478,351.8635690113184,345.0783211240478,349.9249267578125,212500,0.0,0.0
2018-04-04 00:00:00+09:00,351.86358642578125,354.77154994996124,350.8942652510546,351.86358642578125,236300,0.0,0.0
2018-04-05 00:00:00+09:00,351.8635956579898,353.8022380583093,343.139704856552,346.04766845703125,390900,0.0,0.0
2018-04-06 00:00:00+09:00,346.0476422508007,353.8022112648243,334.41578872976544,349.9249267578125,612500,0.0,0.0
2018-04-09 00:00:00+09:00,344.1090090521451,346.04765135666423,329.56919176825164,337.3237609863281,1235400,0.0,0.0
2018-04-10 00:00:00+09:00,335.38512773123404,338.2930912664759,328.59987948233623,331.5078430175781,581300,0.0,0.0
2018-04-11 00:00:00+09:00,328.5998668323864,332.4771513967803,316.9680131392046,319.8759765625,602000,0.0,0.0
2018-04-12 00:00:00+09:00,317.93733410028744,326.6612243652344,317.93733410028744,326.6612243652344,242000,0.0,0.0
2018-04-13 00:00:00+09:00,326.6612288423641,326.6612288423641,320.84530191935465,323.7532653808594,454700,0.0,0.0
2018-04-16 00:00:00+09:00,325.691943211858,330.53854950965354,316.9680518758261,320.8453369140625,332800,0.0,0.0
2018-04-17 00:00:00+09:00,320.84531966096364,323.75328328326844,315.99871362378894,318.90667724609375,303600,0.0,0.0
2018-04-18 00:00:00+09:00,318.9066943949443,322.7839794331807,312.1214455780306,320.8453369140625,311300,0.0,0.0
2018-04-19 00:00:00+09:00,322.78392681443546,324.7225690175252,315.02935800207666,321.8146057128906,314800,0.0,0.0
2018-04-20 00:00:00+09:00,324.7225650470373,338.2930603027344,322.783922867652,338.2930603027344,516400,0.0,0.0
2018-04-23 00:00:00+09:00,338.2931048224954,338.2931048224954,324.7226077809053,329.5692138671875,615400,0.0,0.0
2018-04-24 00:00:00+09:00,332.4771423339844,333.4464634486607,323.7532523018973,332.4771423339844,273200,0.0,0.0
2018-04-25 00:00:00+09:00,336.3544011520127,344.10896947828394,333.446438029661,343.1396484375,437100,0.0,0.0
2018-04-26 00:00:00+09:00,344.1090220162281,350.8942703376748,337.3237736947813,342.1703796386719,556000,0.0,0.0
2018-04-27 00:00:00+09:00,308.2440997184591,308.2440997184591,267.53261484998336,273.3485412597656,4882400,0.0,0.0
2018-04-30 00:00:00+09:00,273.3485412597656,273.3485412597656,273.3485412597656,273.3485412597656,0,0.0,0.0
2018-05-01 00:00:00+09:00,271.4099335670471,272.379254758358,246.20758259296417,248.14622497558594,4164000,0.0,0.0
2018-05-02 00:00:00+09:00,240.39164978780866,243.29961329330635,229.72911693431715,235.5450439453125,5438300,0.0,0.0
2018-05-03 00:00:00+09:00,235.5450439453125,235.5450439453125,235.5450439453125,235.5450439453125,0,0.0,0.0
2018-05-04 00:00:00+09:00,235.5450439453125,235.5450439453125,235.5450439453125,235.5450439453125,0,0.0,0.0
2018-05-07 00:00:00+09:00,236.51434769168978,241.36095317717522,230.69842110910724,240.39163208007812,2174500,0.0,0.0
2018-05-08 00:00:00+09:00,241.36095963401354,252.99281311035156,240.3916385109854,252.99281311035156,1692900,0.0,0.0
2018-05-09 00:00:00+09:00,252.99283093214035,257.83943688869476,248.14622497558594,248.14622497558594,1537400,0.0,0.0
2018-05-10 00:00:00+09:00,247.17687975975775,248.14620085685485,237.48366878878687,240.39163208007812,1642100,0.0,0.0
2018-05-11 00:00:00+09:00,240.39164703967526,250.08485861385572,240.39164703967526,247.17689514160156,1616200,0.0,0.0
2018-05-14 00:00:00+09:00,247.17687782874472,252.0234832763672,244.26891456017125,252.0234832763672,682000,0.0,0.0
2018-05-15 00:00:00+09:00,251.05418854951859,251.05418854951859,247.17690378427505,248.14622497558594,525400,0.0,0.0
2018-05-16 00:00:00+09:00,246.2075739841835,250.08485861385572,246.2075739841835,247.17689514160156,574600,0.0,0.0
2018-05-17 00:00:00+09:00,249.11553920399058,256.87010851773346,247.17689687555486,255.90078735351562,1345400,0.0,0.0
2018-05-18 00:00:00+09:00,254.9314727783203,259.7780787246762,252.99283039977797,254.9314727783203,955900,0.0,0.0
2018-05-21 00:00:00+09:00,254.9314727783203,256.8701151568627,251.0541880212356,254.9314727783203,618500,0.0,0.0
2018-05-22 00:00:00+09:00,254.9314553564079,256.8700976024642,252.02349198732338,252.99281311035156,437900,0.0,0.0
2018-05-23 00:00:00+09:00,252.02348981584822,252.99281093052457,248.14620535714286,251.05416870117188,619900,0.0,0.0
2018-05-24 00:00:00+09:00,251.05419725945023,252.99283970933016,246.20759113475043,249.1155548095703,637200,0.0,0.0
2018-05-25 00:00:00+09:00,249.11552000779372,253.96212545541616,246.20755673922025,252.0234832763672,567900,0.0,0.0
2018-05-28 00:00:00+09:00,251.05417092390888,251.05417092390888,244.26892306110054,246.2075653076172,704600,0.0,0.0
2018-05-29 00:00:00+09:00,244.268938690062,245.23825987534002,239.42233276367188,239.42233276367188,659000,0.0,0.0
2018-05-30 00:00:00+09:00,236.51437576418002,243.29962424921797,236.51437576418002,238.45301818847656,931100,0.0,0.0
2018-05-31 00:00:00+09:00,242.3302742742723,245.23823756556357,239.42231098298103,240.39163208007812,444600,0.0,0.0
2018-06-01 00:00:00+09:00,240.3916539489499,245.23825987534002,236.5143692078378,239.42233276367188,525000,0.0,0.0
2018-06-04 00:00:00+09:00,240.39163643973214,245.23824201311385,239.42231532505582,244.2689208984375,450800,0.0,0.0
2018-06-05 00:00:00+09:00,242.3302899752415,242.3302899752415,231.66775721633087,233.6063995361328,1246400,0.0,0.0
2018-06-06 00:00:00+09:00,231.6677592713156,235.5450439453125,231.6677592713156,235.5450439453125,246000,0.0,0.0
2018-06-07 00:00:00+09:00,232.63707184594523,236.514356376711,229.7291084478709,234.57571411132812,805100,0.0,0.0
2018-06-08 00:00:00+09:00,235.5450439453125,235.5450439453125,232.63708043981484,235.5450439453125,395900,0.0,0.0
2018-06-11 00:00:00+09:00,236.51436717753506,244.26893659319197,235.54504600057797,237.4836883544922,812700,0.0,0.0
2018-06-12 00:00:00+09:00,239.42231532505582,245.23824201311385,237.48367309570312,244.2689208984375,594400,0.0,0.0
2018-06-13 00:00:00+09:00,245.2382398071289,247.17688201904298,240.39163427734374,242.3302764892578,527400,0.0,0.0
2018-06-14 00:00:00+09:00,240.39163856806718,251.05417092390888,240.39163856806718,246.2075653076172,851300,0.0,0.0
2018-06-15 00:00:00+09:00,244.26892746397226,249.1155331676225,241.3609640417821,243.2996063232422,770800,0.0,0.0
2018-06-18 00:00:00+09:00,242.33030303706968,242.33030303706968,234.57573333988344,238.45301818847656,702300,0.0,0.0
2018-06-19 00:00:00+09:00,237.48366878878687,247.17687975975775,236.51434769168978,240.39163208007812,1101300,0.0,0.0
2018-06-20 00:00:00+09:00,239.42231964969253,244.26892531061748,233.60639285658257,241.3609619140625,793600,0.0,0.0
2018-06-21 00:00:00+09:00,242.33028518251214,246.20756974543235,240.39164290105205,243.2996063232422,367800,0.0,0.0
2018-06-22 00:00:00+09:00,242.33028518251214,245.2382486047023,237.48367947886192,243.2996063232422,371900,0.0,0.0
2018-06-25 00:00:00+09:00,245.23824657093394,245.23824657093394,234.57571411132812,234.57571411132812,580600,0.0,0.0
2018-06-26 00:00:00+09:00,233.6063995361328,234.57572069603378,230.6984360564299,233.6063995361328,301400,0.0,0.0
2018-06-27 00:00:00+09:00,233.60640614827474,233.60640614827474,230.698442586263,232.6370849609375,310400,0.0,0.0
2018-06-28 00:00:00+09:00,232.6370808229608,233.60640199305647,227.79047497248246,228.75979614257812,240200,0.0,0.0
2018-06-29 00:00:00+09:00,228.75979576581793,236.51436511381175,228.75979576581793,235.5450439453125,530300,0.0,0.0
2018-07-02 00:00:00+09:00,230.69842751957316,233.60639089166864,225.85182189941406,225.85182189941406,556000,0.0,0.0
2018-07-03 00:00:00+09:00,223.9131979963898,224.8825191998374,212.28134355501894,214.21998596191406,966400,0.0,0.0
2018-07-04 00:00:00+09:00,210.3426971435547,213.2506606985347,207.43473358857466,210.3426971435547,701000,0.0,0.0
2018-07-05 00:00:00+09:00,207.43473462635663,210.342698195885,195.80288034824315,196.77220153808594,1169600,0.0,0.0
2018-07-06 00:00:00+09:00,197.7415158240151,205.49608507201572,196.77219466801503,204.52676391601562,1119800,0.0,0.0
2018-07-09 00:00:00+09:00,206.46540797840464,215.1892984563654,206.46540797840464,213.2506561279297,442000,0.0,0.0
2018-07-10 00:00:00+09:00,217.12794288429055,218.09726405788112,212.28133701633763,215.18930053710938,487600,0.0,0.0
2018-07-11 00:00:00+09:00,218.09725510446648,221.974539639657,215.1892917030736,221.00521850585938,561400,0.0,0.0
2018-07-12 00:00:00+09:00,218.09726405788112,220.0359064050623,215.18930053710938,215.18930053710938,533500,0.0,0.0
2018-07-13 00:00:00+09:00,218.0972681636304,220.0359105473071,216.15862577995367,219.06658935546875,289900,0.0,0.0
2018-07-16 00:00:00+09:00,219.06658935546875,219.06658935546875,219.06658935546875,219.06658935546875,0,0.0,0.0
2018-07-17 00:00:00+09:00,218.0972592584018,224.88250732421875,217.12793810614224,224.88250732421875,351700,0.0,0.0
2018-07-18 00:00:00+09:00,222.94386077345465,222.94386077345465,218.09725510446648,221.00521850585938,317500,0.0,0.0
2018-07-19 00:00:00+09:00,221.00521850585938,221.974539639657,217.12793397066886,221.00521850585938,236100,0.0,0.0
2018-07-20 00:00:00+09:00,220.03590156292094,224.88250732421875,219.06658041066137,224.88250732421875,278700,0.0,0.0
2018-07-23 00:00:00+09:00,223.91317749023438,227.79046194893974,221.00521414620536,223.91317749023438,391300,0.0,0.0
2018-07-24 00:00:00+09:00,222.9438787941041,240.3916606127731,218.0972727333627,238.45301818847656,1126800,0.0,0.0
2018-07-25 00:00:00+09:00,240.39164765543958,241.36096881534053,228.75979373662798,233.6063995361328,892200,0.0,0.0
2018-07-26 00:00:00+09:00,233.60640614827474,239.42233327229818,231.66776377360026,232.6370849609375,810700,0.0,0.0
2018-07-27 00:00:00+09:00,191.9255807059152,191.9255807059152,181.26304844447546,183.20169067382812,8637900,0.0,0.0
2018-07-30 00:00:00+09:00,181.2630620320638,181.2630620320638,173.50849253336588,174.47781372070312,3655400,0.0,0.0
2018-07-31 00:00:00+09:00,174.47781372070312,175.44713490804037,170.60052897135418,174.47781372070312,1964300,0.0,0.0
2018-08-01 00:00:00+09:00,174.47781372070312,174.47781372070312,169.63120778401694,174.47781372070312,2543800,0.0,0.0
2018-08-02 00:00:00+09:00,173.50849253336588,178.3550984700521,172.53917134602864,174.47781372070312,1881100,0.0,0.0
2018-08-03 00:00:00+09:00,172.5391584123884,173.50847952706474,169.63119506835938,169.63119506835938,1172400,0.0,0.0
2018-08-06 00:00:00+09:00,170.60052064407702,170.60052064407702,164.78459380393804,166.72323608398438,1279100,0.0,0.0
2018-08-07 00:00:00+09:00,163.81526616107988,165.75390836416958,159.93798175490048,160.9073028564453,1844200,0.0,0.0
2018-08-08 00:00:00+09:00,159.93800084731157,166.72324936810662,159.93800084731157,164.78460693359375,1981900,0.0,0.0
2018-08-09 00:00:00+09:00,164.78459826587925,167.6925617646889,162.8459559333395,163.81527709960938,1144200,0.0,0.0
2018-08-10 00:00:00+09:00,163.8152857163373,165.7539281508502,163.8152857163373,164.78460693359375,666400,0.0,0.0
2018-08-13 00:00:00+09:00,161.87663056344698,162.84595170454546,159.93798828125,159.93798828125,689900,0.0,0.0
2018-08-14 00:00:00+09:00,159.93798175490048,162.845945059535,159.93798175490048,160.9073028564453,789000,0.0,0.0
2018-08-15 00:00:00+09:00,157.99934618986106,158.96866733213014,152.18341933624654,153.15274047851562,2005800,0.0,0.0
2018-08-16 00:00:00+09:00,155.0913762471762,163.81526616107988,154.12205514563135,160.9073028564453,1650400,0.0,0.0
2018-08-17 00:00:00+09:00,157.99934807509007,162.8459538442646,157.99934807509007,161.8766326904297,525400,0.0,0.0
2018-08-20 00:00:00+09:00,159.93798828125,164.78459398674244,156.06070371685607,159.93798828125,1082500,0.0,0.0
2018-08-21 00:00:00+09:00,159.93800834373192,161.87665086911048,157.03004455566406,157.03004455566406,545300,0.0,0.0
2018-08-22 00:00:00+09:00,157.99934807509007,162.8459538442646,157.99934807509007,161.8766326904297,747900,0.0,0.0
2018-08-23 00:00:00+09:00,159.93799243452986,164.78459826587925,159.93799243452986,163.81527709960938,506100,0.0,0.0
2018-08-24 00:00:00+09:00,164.78460693359375,166.72324936810662,162.84596449908088,164.78460693359375,694400,0.0,0.0
2018-08-27 00:00:00+09:00,165.75390642144708,176.41643841347,165.75390642144708,172.53915405273438,1527100,0.0,0.0
2018-08-28 00:00:00+09:00,172.53916759603828,172.53916759603828,162.8459559333395,163.81527709960938,1557500,0.0,0.0
2018-08-29 00:00:00+09:00,163.81527473186625,169.63120164542363,163.81527473186625,168.66188049316406,722000,0.0,0.0
2018-08-30 00:00:00+09:00,168.66188257390803,174.4778095592152,168.66188257390803,170.60052490234375,1000000,0.0,0.0
2018-08-31 00:00:00+09:00,169.63121614403488,175.4471435546875,168.66189490892612,175.4471435546875,1435000,0.0,0.0
2018-09-03 00:00:00+09:00,173.5084930596324,173.5084930596324,167.69256591796875,167.69256591796875,1278000,0.0,0.0
2018-09-04 00:00:00+09:00,166.72324472769148,171.56985067907786,166.72324472769148,167.69256591796875,585600,0.0,0.0
2018-09-05 00:00:00+09:00,167.69254005561442,171.56982421875,167.69254005561442,171.56982421875,642100,0.0,0.0
2018-09-06 00:00:00+09:00,168.66188710824602,168.66188710824602,163.81528115685964,167.69256591796875,1295800,0.0,0.0
2018-09-07 00:00:00+09:00,165.7539170363854,171.56984394994276,164.78459588412582,168.66188049316406,867600,0.0,0.0
2018-09-10 00:00:00+09:00,168.66187395368303,173.50847952706474,168.66187395368303,169.63119506835938,460900,0.0,0.0
2018-09-11 00:00:00+09:00,170.60051618303572,170.60051618303572,164.7845894949777,169.63119506835938,978600,0.0,0.0
2018-09-12 00:00:00+09:00,169.63120829852332,173.5084930596324,167.69256591796875,167.69256591796875,1023300,0.0,0.0
2018-09-13 00:00:00+09:00,168.66188710824602,168.66188710824602,166.72324472769148,167.69256591796875,601700,0.0,0.0
2018-09-14 00:00:00+09:00,165.7539235374142,167.69256591796875,164.78460234713694,167.69256591796875,474000,0.0,0.0
2018-09-17 00:00:00+09:00,167.69256591796875,167.69256591796875,167.69256591796875,167.69256591796875,0,0.0,0.0
2018-09-18 00:00:00+09:00,168.6618696919988,172.53915405273438,166.72322751163097,172.53915405273438,688500,0.0,0.0
2018-09-19 00:00:00+09:00,172.53917792123124,175.44714159406098,171.56985669695464,173.5084991455078,1143000,0.0,0.0
2018-09-20 00:00:00+09:00,174.47780921810963,178.35509386740097,174.47780921810963,177.38577270507812,1002800,0.0,0.0
2018-09-21 00:00:00+09:00,177.38577728271486,179.3244196573893,172.53917134602864,174.47781372070312,620500,0.0,0.0
2018-09-24 00:00:00+09:00,174.47781372070312,174.47781372070312,174.47781372070312,174.47781372070312,0,0.0,0.0
2018-09-25 00:00:00+09:00,176.41643841347,176.41643841347,170.60051187236658,172.53915405273438,1037900,0.0,0.0
2018-09-26 00:00:00+09:00,173.51949251615085,179.4015092116136,172.5391564002404,178.42117309570312,941700,2.0,0.0
2018-09-27 00:00:00+09:00,179.40151875813802,179.40151875813802,172.53916558159722,176.46051025390625,681200,0.0,0.0
2018-09-28 00:00:00+09:00,177.44084056039875,177.44084056039875,172.5391598819347,174.4998321533203,1043800,0.0,0.0
2018-10-01 00:00:00+09:00,174.49984070882633,175.48017689258378,168.6178236062816,169.59815979003906,1133100,0.0,0.0
2018-10-02 00:00:00+09:00,169.59815037318637,174.49983101981027,168.6178142438616,171.55882263183594,1141800,0.0,0.0
2018-10-03 00:00:00+09:00,170.5784901401453,171.558826290376,166.6571455392224,167.63748168945312,1146000,0.0,0.0
2018-10-04 00:00:00+09:00,169.59815398991458,173.51949859083746,166.6571455392224,167.63748168945312,1086000,0.0,0.0
2018-10-05 00:00:00+09:00,167.637486446605,168.61782262465533,164.69647791245404,166.6571502685547,771400,0.0,0.0
2018-10-08 00:00:00+09:00,166.6571502685547,166.6571502685547,166.6571502685547,166.6571502685547,0,0.0,0.0
2018-10-09 00:00:00+09:00,165.6768093889917,169.59815398991458,163.71613708853025,167.63748168945312,607600,0.0,0.0
2018-10-10 00:00:00+09:00,169.59814805250903,169.59814805250903,164.69646747295673,165.6768035888672,628300,0.0,0.0
2018-10-11 00:00:00+09:00,161.75547122955322,161.75547122955322,156.85379028320312,156.85379028320312,1342700,0.0,0.0
2018-10-12 00:00:00+09:00,155.87345502420436,161.75547219492907,155.87345502420436,159.7947998046875,776400,0.0,0.0
2018-10-15 00:00:00+09:00,160.77512538580248,161.7554615162037,157.83411699459876,158.814453125,479400,0.0,0.0
2018-10-16 00:00:00+09:00,157.83412272755692,160.77513122558594,157.83412272755692,160.77513122558594,452300,0.0,0.0
2018-10-17 00:00:00+09:00,157.8341180974787,161.75546264648438,157.8341180974787,161.75546264648438,987700,0.0,0.0
2018-10-18 00:00:00+09:00,159.79479505957627,161.7554673915956,158.81445889356658,160.77513122558594,708800,0.0,0.0
2018-10-19 00:00:00+09:00,159.7947998046875,160.77513599980827,157.83412741444593,159.7947998046875,580700,0.0,0.0
2018-10-22 00:00:00+09:00,160.77513692465175,162.73580932617188,158.8144645231316,162.73580932617188,540600,0.0,0.0
2018-10-23 00:00:00+09:00,160.77513599980827,162.73580839004984,158.8144636095667,159.7947998046875,487900,0.0,0.0
2018-10-24 00:00:00+09:00,159.79479505957627,161.7554673915956,157.83412272755692,160.77513122558594,575200,0.0,0.0
2018-10-25 00:00:00+09:00,156.8537822522615,156.8537822522615,148.0307570005718,149.01109313964844,1556900,0.0,0.0
2018-10-26 00:00:00+09:00,149.0110825292322,150.97175466777472,144.10940218287587,148.03074645996094,1210400,0.0,0.0
2018-10-29 00:00:00+09:00,146.07007735522825,146.07007735522825,131.3650360107422,131.3650360107422,1920900,0.0,0.0
2018-10-30 00:00:00+09:00,129.40437166455766,140.1880693032708,129.40437166455766,139.20773315429688,1468600,0.0,0.0
2018-10-31 00:00:00+09:00,188.22454833984375,188.22454833984375,188.22454833984375,188.22454833984375,225600,0.0,0.0
2018-11-01 00:00:00+09:00,227.43798004021625,236.26100512798325,222.53629943590124,232.33966064453125,10416000,0.0,0.0
2018-11-02 00:00:00+09:00,227.43798129043915,230.37898966919485,220.57562840667592,222.5363006591797,2634900,0.0,0.0
2018-11-05 00:00:00+09:00,230.3789848193788,230.3789848193788,221.55595986884938,223.51663208007812,1506700,0.0,0.0
2018-11-06 00:00:00+09:00,223.51663208007812,225.4773042913069,221.55595986884938,223.51663208007812,862600,0.0,0.0
2018-11-07 00:00:00+09:00,222.5363006591797,224.49697291168349,220.57562840667592,222.5363006591797,952700,0.0,0.0
2018-11-08 00:00:00+09:00,224.49696944189853,244.10369166389842,223.51663333079856,239.20201110839844,6305600,0.0,0.0
2018-11-09 00:00:00+09:00,244.1037170157945,251.94640671911318,234.30035488664612,237.24136352539062,7566200,0.0,0.0
2018-11-12 00:00:00+09:00,238.22168918467162,239.20202535415586,231.3593359982819,236.26101684570312,1702300,0.0,0.0
2018-11-13 00:00:00+09:00,231.3593406677246,236.2610216140747,229.39866828918457,235.2806854248047,2668600,0.0,0.0
2018-11-14 00:00:00+09:00,235.2806678185096,235.2806678185096,227.43797889122598,229.39865112304688,1951600,0.0,0.0
2018-11-15 00:00:00+09:00,228.41833209991455,241.1627025604248,228.41833209991455,235.2806854248047,2139300,0.0,0.0
2018-11-16 00:00:00+09:00,233.31999558668872,235.2806678185096,227.43797889122598,229.39865112304688,2027700,0.0,0.0
2018-11-19 00:00:00+09:00,228.41832921412083,229.3986653910055,225.47732068346693,226.45765686035156,1993600,0.0,0.0
2018-11-20 00:00:00+09:00,225.4773186577691,226.45765482584636,220.5756378173828,220.5756378173828,1421100,0.0,0.0
2018-11-21 00:00:00+09:00,219.5953082540761,228.41833403214164,219.5953082540761,225.47732543945312,1321900,0.0,0.0
2018-11-22 00:00:00+09:00,223.51665115356445,228.41833209991455,218.61497020721436,219.59530639648438,1874900,0.0,0.0
2018-11-23 00:00:00+09:00,219.59530639648438,219.59530639648438,219.59530639648438,219.59530639648438,0,0.0,0.0
2018-11-26 00:00:00+09:00,219.59530341569769,219.59530341569769,210.77227783203125,210.77227783203125,1914200,0.0,0.0
2018-11-27 00:00:00+09:00,211.7526149924742,217.6346320755985,210.7722788119535,213.71328735351562,1024400,0.0,0.0
2018-11-28 00:00:00+09:00,216.65430732245918,218.61497978691582,212.7329623935459,217.6346435546875,688000,0.0,0.0
2018-11-29 00:00:00+09:00,222.53630315607245,222.53630315607245,215.6739501953125,215.6739501953125,919700,0.0,0.0
2018-11-30 00:00:00+09:00,215.6739694100839,219.59531430844908,211.75262451171875,211.75262451171875,2753300,0.0,0.0
2018-12-03 00:00:00+09:00,214.6936117867443,217.63462016738464,208.81159502546365,209.79193115234375,1769500,0.0,0.0
2018-12-04 00:00:00+09:00,212.73295018395714,214.693622535883,204.89026077625365,210.77227783203125,1338800,0.0,0.0
2018-12-05 00:00:00+09:00,206.8509321392707,210.77227682437535,206.8509321392707,207.83126831054688,686000,0.0,0.0
2018-12-06 00:00:00+09:00,206.8509300750436,208.8116023980298,201.94924926757812,201.94924926757812,665800,0.0,0.0
2018-12-07 00:00:00+09:00,199.9885763926049,218.6149634095632,199.00824023381762,214.69361877441406,2087900,0.0,0.0
2018-12-10 00:00:00+09:00,214.693629545324,214.693629545324,199.00825021781174,199.98858642578125,1830200,0.0,0.0
2018-12-11 00:00:00+09:00,205.87058882279828,218.61495860706677,203.90991654829546,215.6739501953125,2086800,0.0,0.0
2018-12-12 00:00:00+09:00,219.59531118623877,223.51665602885018,213.71329392232167,218.61497497558594,1654800,0.0,0.0
2018-12-13 00:00:00+09:00,206.85093112197217,216.6542927865206,203.90992262260764,204.8902587890625,2381700,0.0,0.0
2018-12-14 00:00:00+09:00,201.94925304450612,206.8509339436446,198.0279083251953,198.0279083251953,979500,0.0,0.0
2018-12-17 00:00:00+09:00,196.0672419121925,198.0279143313144,181.36219876877806,184.30320739746094,1893700,0.0,0.0
2018-12-18 00:00:00+09:00,175.4801818492801,177.44085427217706,166.65715594624365,168.61782836914062,2221900,0.0,0.0
2018-12-19 00:00:00+09:00,172.5391645700918,181.3621900310624,168.61781992077152,173.51950073242188,1766100,0.0,0.0
2018-12-20 00:00:00+09:00,166.6571502685547,168.61782262465533,161.75546937830308,166.6571502685547,1759200,0.0,0.0
2018-12-21 00:00:00+09:00,159.79478925540124,165.67680603780863,149.99142795138889,158.814453125,2654900,0.0,0.0
2018-12-24 00:00:00+09:00,158.814453125,158.814453125,158.814453125,158.814453125,0,0.0,0.0
2018-12-25 00:00:00+09:00,147.05041623583026,158.81444953469668,146.07008012759138,149.99142456054688,1605900,0.0,0.0
2018-12-26 00:00:00+09:00,155.87344360351562,164.6964687131486,151.95209911034542,155.87344360351562,2126900,0.0,0.0
2018-12-27 00:00:00+09:00,163.7161349209872,167.63747946999288,160.77512650923296,161.75546264648438,1411100,0.0,0.0
2018-12-28 00:00:00+09:00,157.83411916097006,167.63748059953963,157.83411916097006,164.69647216796875,900200,0.0,0.0
2018-12-31 00:00:00+09:00,164.69647216796875,164.69647216796875,164.69647216796875,164.69647216796875,0,0.0,0.0
2019-01-04 00:00:00+09:00,160.7751286378381,168.61781783968385,158.81445633737664,167.63748168945312,799800,0.0,0.0
2019-01-07 00:00:00+09:00,172.5391598819347,177.44084056039875,172.5391598819347,174.4998321533203,934100,0.0,0.0
2019-01-08 00:00:00+09:00,175.48016828901314,179.40151283178437,172.5391598819347,174.4998321533203,613100,0.0,0.0
2019-01-09 00:00:00+09:00,176.46051307634121,176.46051307634121,167.63748742252417,169.59815979003906,1165200,0.0,0.0
2019-01-10 00:00:00+09:00,167.6374977374899,171.55884271380546,167.6374977374899,170.57850646972656,422600,0.0,0.0
2019-01-11 00:00:00+09:00,171.55882374624187,179.40151283178437,170.57848761054908,174.4998321533203,1007300,0.0,0.0
2019-01-15 00:00:00+09:00,172.5391564002404,179.4015092116136,172.5391564002404,178.42117309570312,641100,0.0,0.0
2019-01-16 00:00:00+09:00,179.4015161034895,190.1852137927703,177.44084379634754,183.32286071777344,1733100,0.0,0.0
2019-01-17 00:00:00+09:00,182.34253468232995,203.9099312576593,182.34253468232995,199.98858642578125,3405900,0.0,0.0
2019-01-18 00:00:00+09:00,201.94925028969794,205.87059495551733,196.0672332909689,204.8902587890625,1811500,0.0,0.0
2019-01-21 00:00:00+09:00,211.75261688232422,213.71328926086426,203.90992736816406,203.90992736816406,2060300,0.0,0.0
2019-01-22 00:00:00+09:00,203.90992540416153,205.8705977638169,193.12622742605683,198.0279083251953,1360900,0.0,0.0
2019-01-23 00:00:00+09:00,199.00824179033341,206.85093112197217,197.04756945742375,204.8902587890625,1272000,0.0,0.0
2019-01-24 00:00:00+09:00,205.87059020996094,206.8509263538179,201.94924563453313,205.87059020996094,667800,0.0,0.0
2019-01-25 00:00:00+09:00,207.83127608953737,210.7722847134459,199.00825021781174,199.98858642578125,1580600,0.0,0.0
2019-01-28 00:00:00+09:00,200.96889885104432,201.94923494300065,192.1458740234375,192.1458740234375,1063900,0.0,0.0
2019-01-29 00:00:00+09:00,191.16554946899413,200.9689109802246,188.224541015625,196.06723022460938,844300,0.0,0.0
2019-01-30 00:00:00+09:00,194.10655951248972,194.10655951248972,184.30319792094986,186.2638702392578,1240800,0.0,0.0
2019-01-31 00:00:00+09:00,189.2048854730068,193.12623024964944,186.26387689052484,191.16555786132812,1110700,0.0,0.0
2019-02-01 00:00:00+09:00,218.61496239487005,240.18235778808594,209.79193700673628,240.18235778808594,15602700,0.0,0.0
2019-02-04 00:00:00+09:00,234.30034348944656,237.24135198513,224.49698183716845,233.32000732421875,5175200,0.0,0.0
2019-02-05 00:00:00+09:00,230.3789967504041,232.3396690631735,223.51664365571122,227.43798828125,1632900,0.0,0.0
2019-02-06 00:00:00+09:00,230.3789967504041,231.3593329067888,224.4969798120959,227.43798828125,1174700,0.0,0.0
2019-02-07 00:00:00+09:00,229.398676554362,229.398676554362,210.77228828712748,211.75262451171875,2661500,0.0,0.0
2019-02-08 00:00:00+09:00,210.77227413926497,222.5363080447123,207.83126566290312,214.69361877441406,1319500,0.0,0.0
2019-02-12 00:00:00+09:00,211.75262317907342,226.45766645539797,211.75262317907342,224.4969940185547,1143000,0.0,0.0
2019-02-13 00:00:00+09:00,221.5559723549701,231.35933396359707,219.59530003324468,230.37899780273438,1546400,0.0,0.0
2019-02-14 00:00:00+09:00,230.3789848193788,231.35932092499317,221.55595986884938,223.51663208007812,1385600,0.0,0.0
2019-02-15 00:00:00+09:00,222.5363053853533,226.45764997364145,220.57563309120923,221.55596923828125,719000,0.0,0.0
2019-02-18 00:00:00+09:00,223.51664467669548,232.3396701244598,223.51664467669548,230.37899780273438,1360000,0.0,0.0
2019-02-19 00:00:00+09:00,229.39867022970446,235.2806874150815,225.47732543945312,225.47732543945312,1152300,0.0,0.0
2019-02-20 00:00:00+09:00,225.47731382656943,226.45764997364145,220.57563309120923,221.55596923828125,1014300,0.0,0.0
2019-02-21 00:00:00+09:00,220.57565225137247,220.57565225137247,216.65430732245918,217.6346435546875,727500,0.0,0.0
2019-02-22 00:00:00+09:00,216.65428850292105,221.55596923828125,215.67395235584902,221.55596923828125,648700,0.0,0.0
2019-02-25 00:00:00+09:00,224.4969681856925,224.4969681856925,220.575623763235,223.51663208007812,589300,0.0,0.0
2019-02-26 00:00:00+09:00,224.49697167762724,232.33966064453125,220.57562719417524,232.33966064453125,1276500,0.0,0.0
2019-02-27 00:00:00+09:00,231.3593525133635,245.08405986585117,229.3986800344367,242.14305114746094,2582700,0.0,0.0
2019-02-28 00:00:00+09:00,242.14303686523436,252.92673486328124,241.16270068359376,245.08404541015625,2903800,0.0,0.0
2019-03-01 00:00:00+09:00,243.12337674439408,257.8284196926437,242.14304054784412,256.84808349609375,2983500,0.0,0.0
2019-03-04 00:00:00+09:00,259.7890892698054,288.2188386615954,259.7890892698054,279.39581298828125,6556600,0.0,0.0
2019-03-05 00:00:00+09:00,274.4941237877155,300.96320001010236,270.57277916217674,284.2974853515625,7722500,0.0,0.0
2019-03-06 00:00:00+09:00,291.1598333057604,301.9435308356034,286.25815261037724,298.0221862792969,5706500,0.0,0.0
2019-03-07 00:00:00+09:00,297.0418395996094,312.7272172682356,293.1204951824528,297.0418395996094,4760100,0.0,0.0
2019-03-08 00:00:00+09:00,289.1991914134072,303.90423504459744,280.37616523469313,300.9632263183594,4818900,0.0,0.0
2019-03-11 00:00:00+09:00,301.94349925628336,306.8451794390152,272.5334181598921,275.47442626953125,4976600,0.0,0.0
2019-03-12 00:00:00+09:00,291.15983542165446,314.68790293047505,288.21882698305194,303.9042053222656,7483500,0.0,0.0
2019-03-13 00:00:00+09:00,299.0025164891803,313.7075582837302,299.0025164891803,308.8058776855469,4331300,0.0,0.0
2019-03-14 00:00:00+09:00,325.4716060697115,339.1963123497596,314.6879082782452,318.6092529296875,12883600,0.0,0.0
2019-03-15 00:00:00+09:00,315.6682339891975,319.5895785108025,306.84520881558643,317.62890625,3196300,0.0,0.0
2019-03-18 00:00:00+09:00,319.58959011915255,334.2946326092976,318.60925395314285,321.5502624511719,3770100,0.0,0.0
2019-03-19 00:00:00+09:00,318.6092661387885,328.4126281738281,313.70758512126866,328.4126281738281,2246400,0.0,0.0
2019-03-20 00:00:00+09:00,331.35361207561726,332.33394820601853,310.76655333719134,317.62890625,3339800,0.0,0.0
2019-03-22 00:00:00+09:00,314.6879305452914,330.37331026094455,314.6879305452914,326.45196533203125,2957400,0.0,0.0
2019-03-25 00:00:00+09:00,316.64858060396637,321.5502614182692,313.7075721153846,318.6092529296875,1374100,0.0,0.0
2019-03-26 00:00:00+09:00,318.6092569141784,334.29463571610717,318.6092569141784,330.373291015625,2137100,0.0,0.0
2019-03-27 00:00:00+09:00,332.33396907322845,356.8423738721391,332.33396907322845,348.01934814453125,4429700,0.0,0.0
2019-03-28 00:00:00+09:00,348.9996843364877,354.8817014882262,345.078339568662,348.01934814453125,2569800,0.0,0.0
2019-03-29 00:00:00+09:00,349.97997945457064,351.9406516083778,316.64855283984963,324.4912414550781,5108200,0.0,0.0
2019-04-01 00:00:00+09:00,329.39295959472656,333.31430435180664,309.7862358093262,313.70758056640625,2555700,0.0,0.0
2019-04-02 00:00:00+09:00,317.6289135896707,323.5109305079979,305.8648797530162,309.7862243652344,2275500,0.0,0.0
2019-04-03 00:00:00+09:00,308.8058788371536,314.68789557690894,306.8452065905685,311.74688720703125,1635400,0.0,0.0
2019-04-04 00:00:00+09:00,314.68790321012517,333.31429000449396,313.7075670630531,332.3339538574219,2270700,0.0,0.0
2019-04-05 00:00:00+09:00,334.29463044160644,340.17664739952323,314.68790724855035,315.6682434082031,3096900,0.0,0.0
2019-04-08 00:00:00+09:00,319.58959011915255,329.39295177924924,312.7272369570848,321.5502624511719,2040300,0.0,0.0
2019-04-09 00:00:00+09:00,325.471592933127,333.3142819194674,308.8058788371536,311.74688720703125,2470200,0.0,0.0
2019-04-10 00:00:00+09:00,312.7272267006224,321.5502519053421,309.78621829904915,320.5699157714844,2059500,0.0,0.0
2019-04-11 00:00:00+09:00,319.58958074396304,325.4715975674716,312.7272277832031,323.51092529296875,1467600,0.0,0.0
2019-04-12 00:00:00+09:00,326.4519510269165,327.4322872161865,312.72724437713623,313.70758056640625,1713500,0.0,0.0
2019-04-15 00:00:00+09:00,313.7075721153846,321.5502614182692,309.7862274639423,318.6092529296875,1585000,0.0,0.0
2019-04-16 00:00:00+09:00,318.6092518871615,325.47160500473115,315.6682434082031,315.6682434082031,1069700,0.0,0.0
2019-04-17 00:00:00+09:00,319.58958795878965,345.0783281027422,319.58958795878965,344.0979919433594,4204500,0.0,0.0
2019-04-18 00:00:00+09:00,339.19633004576053,345.0783473297911,325.4716230496893,340.1766662597656,3957000,0.0,0.0
2019-04-19 00:00:00+09:00,341.15699194759304,342.1373281313505,332.333966293776,339.1963195800781,1672500,0.0,0.0
2019-04-22 00:00:00+09:00,341.15696461222456,352.92099787471506,313.7075536664134,322.53057861328125,4534800,0.0,0.0
2019-04-23 00:00:00+09:00,318.6092661387885,333.31430919134795,318.6092661387885,328.4126281738281,1643100,0.0,0.0
2019-04-24 00:00:00+09:00,327.4322547134088,339.1962878168846,324.49124643753987,336.2552795410156,2229500,0.0,0.0
2019-04-25 00:00:00+09:00,334.2946386612909,348.99968141765265,334.2946386612909,339.1963195800781,3061500,0.0,0.0
2019-04-26 00:00:00+09:00,335.2749954749798,347.03903040392646,334.2946592309009,341.1570129394531,2044800,0.0,0.0
2019-05-07 00:00:00+09:00,341.15698338558803,413.70185916298317,336.2553025898181,372.5277404785156,17417300,0.0,0.0
2019-05-08 00:00:00+09:00,367.6260627020907,394.0951392166412,361.74404569885724,381.35076904296875,8591400,0.0,0.0
2019-05-09 00:00:00+09:00,397.0361367451776,403.8984897259584,369.5867248220542,380.37042236328125,8965300,0.0,0.0
2019-05-10 00:00:00+09:00,376.4491167591384,380.3704617253794,364.6850818604153,375.4687805175781,5152800,0.0,0.0
2019-05-13 00:00:00+09:00,374.48840957189185,390.17378798327996,362.72437576335074,363.7047119140625,4921100,0.0,0.0
2019-05-14 00:00:00+09:00,355.8620329826109,367.6260671307964,343.11766265540996,364.68505859375,3406900,0.0,0.0
2019-05-15 00:00:00+09:00,358.8030587717973,360.76373122410223,347.0390240579679,354.8817138671875,2394600,0.0,0.0
2019-05-16 00:00:00+09:00,355.862018383313,363.70470749368906,349.980001550531,351.940673828125,1363000,0.0,0.0
2019-05-17 00:00:00+09:00,358.80303751627605,360.76370985243057,349.9800120035807,352.9210205078125,1683100,0.0,0.0
2019-05-20 00:00:00+09:00,356.8423586839821,357.8226948342128,331.3536187779834,335.27496337890625,2271200,0.0,0.0
2019-05-21 00:00:00+09:00,335.2749718912277,338.2159804165894,313.70757603857567,330.373291015625,3871200,0.0,0.0
2019-05-22 00:00:00+09:00,333.31431276173004,345.0783473297911,328.4126316917046,340.1766662597656,1961900,0.0,0.0
2019-05-23 00:00:00+09:00,335.27496119907926,338.21596963065014,325.47159976050966,329.3929443359375,1472200,0.0,0.0
2019-05-24 00:00:00+09:00,326.4519453220025,329.39295383841693,320.5699282891736,327.4322814941406,1530100,0.0,0.0
2019-05-27 00:00:00+09:00,322.5305845632493,323.5109206865419,310.7665510837387,311.74688720703125,1911500,0.0,0.0
2019-05-28 00:00:00+09:00,309.7862394401826,325.47161865234375,307.8255670386625,325.47161865234375,1800500,0.0,0.0
2019-05-29 00:00:00+09:00,319.589608355846,319.589608355846,304.88456502658926,314.68792724609375,2190400,0.0,0.0
2019-05-30 00:00:00+09:00,309.7862232927316,316.6485763403554,302.9238702451078,306.84521484375,1844100,0.0,0.0
2019-05-31 00:00:00+09:00,308.8058902906335,318.6092518871615,303.9042094923695,315.6682434082031,2208100,0.0,0.0
2019-06-03 00:00:00+09:00,311.74689222636977,311.74689222636977,294.1008417229903,298.0221862792969,2845400,0.0,0.0
2019-06-04 00:00:00+09:00,299.9828701266995,307.8255595417766,298.0221977729302,301.94354248046875,1805000,0.0,0.0
2019-06-05 00:00:00+09:00,308.80590410374884,329.3929643773321,305.86489549323693,328.4126281738281,2801200,0.0,0.0
2019-06-06 00:00:00+09:00,323.51092529296875,328.4126059792259,308.80588323419744,323.51092529296875,2873600,0.0,0.0
2019-06-07 00:00:00+09:00,322.53058654785156,346.0586536516462,322.53058654785156,343.1176452636719,3472800,0.0,0.0
2019-06-10 00:00:00+09:00,340.1766626158757,349.98002465091537,327.4322919703242,328.4126281738281,2465200,0.0,0.0
2019-06-11 00:00:00+09:00,329.3929475203804,341.156981360394,327.4322752137115,338.2159729003906,1447700,0.0,0.0
2019-06-12 00:00:00+09:00,338.2159649884259,338.2159649884259,317.62890625,317.62890625,2299700,0.0,0.0
2019-06-13 00:00:00+09:00,315.66822587682844,327.43225913931894,314.6878897716209,322.53057861328125,1168100,0.0,0.0
2019-06-14 00:00:00+09:00,325.4716101400222,330.373291015625,319.58959308929894,330.373291015625,767100,0.0,0.0
2019-06-17 00:00:00+09:00,326.45191360888526,328.41258576269234,319.5895610705603,324.4912414550781,948300,0.0,0.0
2019-06-18 00:00:00+09:00,322.53059652577275,324.49126884507837,311.7468987695919,315.6682434082031,1321400,0.0,0.0
2019-06-19 00:00:00+09:00,318.6092341924511,322.53057861328125,312.7272175612058,322.53057861328125,957500,0.0,0.0
2019-06-20 00:00:00+09:00,323.51091825045074,332.33394329364484,321.5502460186298,331.3536071777344,924700,0.0,0.0
2019-06-21 00:00:00+09:00,332.33393966535664,332.33393966535664,317.62889808724356,322.53057861328125,897600,0.0,0.0
2019-06-24 00:00:00+09:00,316.64859102401266,320.5699358044958,312.7272462435295,319.589599609375,823000,0.0,0.0
2019-06-25 00:00:00+09:00,322.5306170216973,326.4519619094991,309.7862461363415,314.68792724609375,1005500,0.0,0.0
2019-06-26 00:00:00+09:00,313.7075731230945,321.5502624511719,308.80589229304616,321.5502624511719,909300,0.0,0.0
2019-06-27 00:00:00+09:00,318.6092435037689,321.5502519053421,314.6878989683379,320.5699157714844,718800,0.0,0.0
2019-06-28 00:00:00+09:00,344.09800049886536,348.99968141765265,329.3929577425036,339.1963195800781,4783700,0.0,0.0
2019-07-01 00:00:00+09:00,343.11765782973345,360.76370880383405,343.11765782973345,349.9800109863281,2736900,0.0,0.0
2019-07-02 00:00:00+09:00,346.0586442080411,353.90133302861994,338.21595538746226,345.07830810546875,1745600,0.0,0.0
2019-07-03 00:00:00+09:00,346.058664262125,346.058664262125,335.2749665089143,344.0979919433594,1492700,0.0,0.0
2019-07-04 00:00:00+09:00,351.94068534577843,359.78337471281526,346.05866832050083,355.8620300292969,2644300,0.0,0.0
2019-07-05 00:00:00+09:00,351.94068633532913,359.7833757244173,343.117660772605,358.80303955078125,1703000,0.0,0.0
2019-07-08 00:00:00+09:00,360.7637108836949,367.62606407985214,354.88169385841724,355.8620300292969,1835200,0.0,0.0
2019-07-09 00:00:00+09:00,354.8816739595853,359.78335453913763,345.0783128004808,356.84234619140625,1494800,0.0,0.0
2019-07-10 00:00:00+09:00,353.9013707874288,367.6260776877723,348.9996897515918,365.6654052734375,1689500,0.0,0.0
2019-07-11 00:00:00+09:00,363.7047233886719,369.5867404785156,361.7440510253906,367.6260681152344,981500,0.0,0.0
2019-07-12 00:00:00+09:00,363.7047204189613,364.68505659259733,350.96035016169316,358.80303955078125,2220500,0.0,0.0
2019-07-16 00:00:00+09:00,354.881692843967,362.7243821885851,352.9210205078125,352.9210205078125,1253700,0.0,0.0
2019-07-17 00:00:00+09:00,351.94068121842173,351.94068121842173,333.3142941901487,344.0979919433594,2222900,0.0,0.0
2019-07-18 00:00:00+09:00,339.1962826086315,339.1962826086315,324.4912414550781,324.4912414550781,1681000,0.0,0.0
2019-07-19 00:00:00+09:00,326.4519557668202,331.35363678434004,325.4716195633162,328.4126281738281,858500,0.0,0.0
2019-07-22 00:00:00+09:00,330.37330238140925,339.19632826103145,327.4322937548685,334.2946472167969,1162400,0.0,0.0
2019-07-23 00:00:00+09:00,338.21599383175544,342.1373386877758,329.39296790570967,340.1766662597656,1269800,0.0,0.0
2019-07-24 00:00:00+09:00,344.0980102184207,346.0586826413177,336.25532052683275,337.23565673828125,624100,0.0,0.0
2019-07-25 00:00:00+09:00,339.1963121662032,349.98000995183395,338.21597600387315,347.03900146484375,975200,0.0,0.0
2019-07-26 00:00:00+09:00,344.09797200289637,351.94066082347524,343.11763590032405,345.07830810546875,1039700,0.0,0.0
2019-07-29 00:00:00+09:00,348.01933350267433,364.68504806477426,348.01933350267433,363.7047119140625,1921300,0.0,0.0
2019-07-30 00:00:00+09:00,358.8030543258623,358.8030543258623,334.29464897573513,340.1766662597656,4291400,0.0,0.0
2019-07-31 00:00:00+09:00,367.6260905850961,389.1934878994217,364.6850818604153,375.4687805175781,13129200,0.0,0.0
2019-08-01 00:00:00+09:00,368.6063928222656,393.1147966003418,365.66538436889647,392.13446044921875,5672400,0.0,0.0
2019-08-02 00:00:00+09:00,385.2721114667874,405.8591708581424,381.350766820815,403.89849853515625,4746400,0.0,0.0
2019-08-05 00:00:00+09:00,396.0558050537109,403.8984942626953,382.33109893798826,392.13446044921875,3262100,0.0,0.0
2019-08-06 00:00:00+09:00,381.3507748915464,405.85917944755835,380.3704387093059,398.996826171875,2852500,0.0,0.0
2019-08-07 00:00:00+09:00,397.0361547702696,403.8985080625953,391.15413766256194,401.9378356933594,2013200,0.0,0.0
2019-08-08 00:00:00+09:00,401.9378496174553,419.58390155188016,395.0754960874012,414.6822204589844,3894200,0.0,0.0
2019-08-09 00:00:00+09:00,411.74120139171725,420.5642271358255,407.819856616558,413.7018737792969,1612300,0.0,0.0
2019-08-13 00:00:00+09:00,406.8394823990047,418.603515625,404.8788101946721,418.603515625,1743600,0.0,0.0
2019-08-14 00:00:00+09:00,417.6232047960596,418.6035409575527,394.0951369202253,403.89849853515625,3416900,0.0,0.0
2019-08-15 00:00:00+09:00,394.0951452606726,402.9181709008369,391.1541367139512,398.996826171875,1972700,0.0,0.0
2019-08-16 00:00:00+09:00,398.99679412034453,398.99679412034453,369.58671101565085,370.5670471191406,4198500,0.0,0.0
2019-08-19 00:00:00+09:00,372.52771932612023,381.35074425752833,367.6260388086713,370.5670471191406,1934500,0.0,0.0
2019-08-20 00:00:00+09:00,366.6457377510388,366.6457377510388,348.99968620152356,353.9013671875,3549900,0.0,0.0
2019-08-21 00:00:00+09:00,352.92099310427295,352.92099310427295,335.2749434490593,336.2552795410156,3498600,0.0,0.0
2019-08-22 00:00:00+09:00,338.21596253593015,340.17663478251524,308.8058788371536,311.74688720703125,5990900,0.0,0.0
2019-08-23 00:00:00+09:00,311.74688116394645,312.7272172682356,296.06150349532027,297.0418395996094,5240000,0.0,0.0
2019-08-26 00:00:00+09:00,295.0811967976888,302.9238864135742,287.23850718180336,294.1008605957031,7440500,0.0,0.0
2019-08-27 00:00:00+09:00,299.9828617961262,309.7862232927316,297.0418533471446,306.84521484375,3315200,0.0,0.0
2019-08-28 00:00:00+09:00,302.9238702451078,321.55025708865816,301.9435340954473,306.84521484375,3418700,0.0,0.0
2019-08-29 00:00:00+09:00,300.9632053062564,307.8255585217085,298.02219678534834,299.0025329589844,1461800,0.0,0.0
2019-08-30 00:00:00+09:00,301.94352816358025,318.6092423804012,301.94352816358025,317.62890625,1901900,0.0,0.0
2019-09-02 00:00:00+09:00,317.6289290462632,328.41262725462394,311.74691184170274,325.47161865234375,2693800,0.0,0.0
2019-09-03 00:00:00+09:00,333.3142794095553,339.19629610501806,326.4519265981821,331.3536071777344,2623200,0.0,0.0
2019-09-04 00:00:00+09:00,333.31432298682205,344.0980216716898,333.31432298682205,341.1570129394531,2118700,0.0,0.0
2019-09-05 00:00:00+09:00,346.0586728663803,348.0193452338952,339.1963195800781,339.1963195800781,1715600,0.0,0.0
2019-09-06 00:00:00+09:00,336.2553276543145,336.2553276543145,315.6682667775197,326.45196533203125,3211700,0.0,0.0
2019-09-09 00:00:00+09:00,323.51091034558357,337.2356156329719,319.5895659777583,336.2552795410156,1651500,0.0,0.0
2019-09-10 00:00:00+09:00,334.29464054107666,338.21598529815674,309.7862358093262,313.70758056640625,3200300,0.0,0.0
2019-09-11 00:00:00+09:00,307.82558314404145,321.55029067275666,304.88457438788816,312.7272644042969,3091100,0.0,0.0
2019-09-12 00:00:00+09:00,320.5699338912964,320.5699338912964,311.7469081878662,313.70758056640625,1257700,0.0,0.0
2019-09-13 00:00:00+09:00,315.66827316045016,316.64860941250123,299.98289312763274,312.7272644042969,2370800,0.0,0.0
2019-09-17 00:00:00+09:00,312.7272548021928,317.62893591194506,307.8255736924406,314.68792724609375,1035000,0.0,0.0
2019-09-18 00:00:00+09:00,313.70758151122294,318.6092624723358,310.7665729345552,316.6485900878906,1163400,0.0,0.0
2019-09-19 00:00:00+09:00,318.60922499365677,326.45191360888526,313.70754460913895,324.4912414550781,1450000,0.0,0.0
2019-09-20 00:00:00+09:00,328.41261964685776,339.1963176054113,328.41261964685776,333.3143005371094,1737100,0.0,0.0
2019-09-24 00:00:00+09:00,329.39294097620416,335.27495777935064,319.5895796376266,320.5699157714844,1684300,0.0,0.0
2019-09-25 00:00:00+09:00,318.6092634142542,321.55027199961654,311.7469100484087,319.589599609375,1150000,0.0,0.0
2019-09-26 00:00:00+09:00,320.56990142726,322.5305736072432,309.7862044373521,310.76654052734375,1390900,0.0,0.0
2019-09-27 00:00:00+09:00,310.76655707762905,316.6859200695839,304.84719408567423,314.7127990722656,1204300,2.0,0.0
2019-09-30 00:00:00+09:00,315.69935472705697,317.6724756941011,309.77999182592464,311.75311279296875,691300,0.0,0.0
2019-10-01 00:00:00+09:00,309.78000124344914,321.6187274056192,309.78000124344914,317.6724853515625,981800,0.0,0.0
2019-10-02 00:00:00+09:00,311.753120072391,327.5380881773222,307.80687804615826,322.60528564453125,1604800,0.0,0.0
2019-10-03 00:00:00+09:00,316.68592260518204,327.5380881773222,316.68592260518204,322.60528564453125,1105800,0.0,0.0
2019-10-04 00:00:00+09:00,321.61872513797306,324.57840665764763,315.69936209862385,322.60528564453125,853400,0.0,0.0
2019-10-07 00:00:00+09:00,323.59186502468367,331.48434953748085,318.65906220418543,321.6187438964844,1021900,0.0,0.0
2019-10-08 00:00:00+09:00,321.6187203489704,325.5649623164424,319.6455993652344,319.6455993652344,612700,0.0,0.0
2019-10-09 00:00:00+09:00,319.6456227682851,321.6187438964844,312.73969881958755,321.6187438964844,904500,0.0,0.0
2019-10-10 00:00:00+09:00,318.6590456669385,318.6590456669385,303.8606379734274,304.8471984863281,2233500,0.0,0.0
2019-10-11 00:00:00+09:00,307.8068774657392,307.8068774657392,294.98159090466675,296.9547119140625,1590000,0.0,0.0
2019-10-15 00:00:00+09:00,299.9144028654316,309.78000822284713,299.9144028654316,302.87408447265625,938700,0.0,0.0
2019-10-16 00:00:00+09:00,304.8472102011404,307.80689185357863,298.9278468962639,305.8337707519531,1270600,0.0,0.0
2019-10-17 00:00:00+09:00,305.83375458433335,316.6859200695839,302.87407308835594,314.7127990722656,953800,0.0,0.0
2019-10-18 00:00:00+09:00,315.6993457333591,329.5111921091936,314.7127852779424,318.6590270996094,2043000,0.0,0.0
2019-10-21 00:00:00+09:00,313.7262613444985,337.40371503087573,313.7262613444985,329.51123046875,2156700,0.0,0.0
2019-10-23 00:00:00+09:00,327.5380929657907,333.45745609167847,320.6321693189216,325.5649719238281,1295700,0.0,0.0
2019-10-24 00:00:00+09:00,325.564967435949,339.37681453929224,325.564967435949,335.4305725097656,1024000,0.0,0.0
2019-10-25 00:00:00+09:00,334.4440333200786,334.4440333200786,326.55154875795284,329.51123046875,868200,0.0,0.0
2019-10-28 00:00:00+09:00,325.5649887512777,325.5649887512777,308.79345902772707,316.6859436035156,3052800,0.0,0.0
2019-10-29 00:00:00+09:00,321.61870938255674,333.45743488130114,317.6724675496419,331.48431396484375,2439500,0.0,0.0
2019-10-30 00:00:00+09:00,284.1294250488281,294.9815905888875,252.55948893229166,284.1294250488281,12668800,0.0,0.0
2019-10-31 00:00:00+09:00,277.2235108560591,277.2235108560591,261.4385422663902,264.3982238769531,4411900,0.0,0.0
2019-11-01 00:00:00+09:00,256.50574440179867,257.49230495719024,244.66701773710028,254.53262329101562,4928700,0.0,0.0
2019-11-05 00:00:00+09:00,259.46543525926995,270.31760175300366,254.53263230757278,260.4519958496094,3606000,0.0,0.0
2019-11-06 00:00:00+09:00,260.45198172953593,273.2772687086418,260.45198172953593,264.3982238769531,2807000,0.0,0.0
2019-11-07 00:00:00+09:00,266.37132609200745,269.33100749302974,262.4250842239777,265.384765625,1257600,0.0,0.0
2019-11-08 00:00:00+09:00,265.384765625,268.3444470260223,260.4519632899628,265.384765625,1531100,0.0,0.0
2019-11-11 00:00:00+09:00,265.38477516867897,272.2906986860795,265.38477516867897,271.30413818359375,1254100,0.0,0.0
2019-11-12 00:00:00+09:00,272.29068967129325,282.1562943695285,271.3041292014697,278.2100524902344,1783700,0.0,0.0
2019-11-13 00:00:00+09:00,279.1966129600579,280.18317342988144,272.29068967129325,278.2100524902344,1528800,0.0,0.0
2019-11-14 00:00:00+09:00,277.22350839468146,288.07567420372595,277.22350839468146,282.15631103515625,1501500,0.0,0.0
2019-11-15 00:00:00+09:00,279.1966294508714,286.10255314753607,279.1966294508714,282.15631103515625,1364700,0.0,0.0
2019-11-18 00:00:00+09:00,284.12941530917556,284.12941530917556,274.26381061094025,278.2100524902344,1402200,0.0,0.0
2019-11-19 00:00:00+09:00,276.2369502057384,279.19663181508565,272.2907080599422,277.2235107421875,1309900,0.0,0.0
2019-11-20 00:00:00+09:00,276.23695480991415,282.15631812726946,275.25039425702164,280.1831970214844,1498300,0.0,0.0
2019-11-21 00:00:00+09:00,280.1831923515347,281.16975288798375,277.2235107421875,277.2235107421875,914900,0.0,0.0
2019-11-22 00:00:00+09:00,277.22351988682766,284.1294438697735,275.2503987488431,283.14288330078125,1395300,0.0,0.0
2019-11-25 00:00:00+09:00,286.1025600240688,298.92784719756156,284.12943892045456,293.00848388671875,2079900,0.0,0.0
2019-11-26 00:00:00+09:00,296.954721258207,305.8337660798809,296.954721258207,302.87408447265625,1772300,0.0,0.0
2019-11-27 00:00:00+09:00,299.91440054086536,299.91440054086536,292.0219163161058,294.9815979003906,2043400,0.0,0.0
2019-11-28 00:00:00+09:00,290.0488146330181,290.0488146330181,281.1697692871094,281.1697692871094,1758000,0.0,0.0
2019-11-29 00:00:00+09:00,282.15630404154456,287.0891065597534,281.16974353790283,284.1294250488281,984500,0.0,0.0
2019-12-02 00:00:00+09:00,286.1025650077581,289.0622467147349,283.14288330078125,283.14288330078125,741000,0.0,0.0
2019-12-03 00:00:00+09:00,280.18319459274977,285.1159973144531,278.2100735040684,285.1159973144531,692300,0.0,0.0
2019-12-04 00:00:00+09:00,281.1697553551715,281.1697553551715,271.3041499041129,272.29071044921875,1785000,0.0,0.0
2019-12-05 00:00:00+09:00,274.26380775618725,274.26380775618725,268.3444449988595,270.31756591796875,1073300,0.0,0.0
2019-12-06 00:00:00+09:00,270.3175939197609,276.23695729026656,267.35791223450803,275.2503967285156,987300,0.0,0.0
2019-12-09 00:00:00+09:00,275.2503682157419,275.2503682157419,270.31756591796875,270.31756591796875,594600,0.0,0.0
2019-12-10 00:00:00+09:00,270.3175823842879,275.25038498254133,266.3713403056851,274.2638244628906,890300,0.0,0.0
2019-12-11 00:00:00+09:00,271.3041642132928,273.27728540757124,268.344482421875,268.344482421875,697100,0.0,0.0
2019-12-12 00:00:00+09:00,269.33104116266423,269.33104116266423,258.47887466893053,260.4519958496094,1301800,0.0,0.0
2019-12-13 00:00:00+09:00,265.38479880130654,268.3444805723248,258.47887466893053,260.4519958496094,1195200,0.0,0.0
2019-12-16 00:00:00+09:00,257.4922886537702,267.3578935830334,254.5326071749912,263.4116516113281,1010600,0.0,0.0
2019-12-17 00:00:00+09:00,262.42510942575325,277.22351785201755,262.42510942575325,275.2503967285156,1452600,0.0,0.0
2019-12-18 00:00:00+09:00,271.3041642132928,272.290724810432,267.35792182473574,268.344482421875,1078100,0.0,0.0
2019-12-19 00:00:00+09:00,267.35788933378694,275.25037315175854,267.35788933378694,273.2772521972656,914300,0.0,0.0
2019-12-20 00:00:00+09:00,270.3175707655263,273.2772521972656,267.35788933378694,273.2772521972656,595600,0.0,0.0
2019-12-23 00:00:00+09:00,270.3176036161535,271.3041642132928,265.3848006304573,268.344482421875,799500,0.0,0.0
2019-12-24 00:00:00+09:00,264.39820515799255,267.35788655901484,260.4519632899628,265.384765625,780700,0.0,0.0
2019-12-25 00:00:00+09:00,266.3713240797502,273.27724729663265,263.41164270108635,270.31756591796875,892800,0.0,0.0
2019-12-26 00:00:00+09:00,269.33104476928713,280.18321140834263,268.3444841657366,276.2369689941406,1191700,0.0,0.0
2019-12-27 00:00:00+09:00,276.2369524153871,290.0488000361565,275.2503918710464,285.1159973144531,2160700,0.0,0.0
2019-12-30 00:00:00+09:00,280.18317342988144,288.0756571884696,277.22349202041084,278.2100524902344,858100,0.0,0.0
2020-01-06 00:00:00+09:00,278.21006654149335,281.1697481004454,274.2638244628906,274.2638244628906,853400,0.0,0.0
2020-01-07 00:00:00+09:00,280.1831970214844,284.1294392330546,276.23695480991415,280.1831970214844,1050900,0.0,0.0
2020-01-08 00:00:00+09:00,278.2100545834979,280.1831755379908,268.3444498110334,273.2772521972656,1379100,0.0,0.0
2020-01-09 00:00:00+09:00,280.18318526736414,285.1159878248882,277.22350373284974,279.1966247558594,1206600,0.0,0.0
2020-01-10 00:00:00+09:00,283.1428904750891,287.08913285104853,279.1966480991296,281.1697692871094,721800,0.0,0.0
2020-01-14 00:00:00+09:00,283.1428762257718,288.0756789474751,282.1563156814311,285.1159973144531,1029000,0.0,0.0
2020-01-15 00:00:00+09:00,287.089111328125,287.089111328125,280.18318768792955,287.089111328125,757800,0.0,0.0
2020-01-16 00:00:00+09:00,287.0891184031344,293.9950422135191,283.1428762257718,285.1159973144531,1727300,0.0,0.0
2020-01-17 00:00:00+09:00,287.08911599918287,291.0353581435015,284.12943439094386,290.0487976074219,768200,0.0,0.0
2020-01-20 00:00:00+09:00,292.0219258347603,292.0219258347603,287.0891230334974,288.07568359375,561000,0.0,0.0
2020-01-21 00:00:00+09:00,287.089111328125,287.089111328125,283.1428692480133,287.089111328125,775800,0.0,0.0
2020-01-22 00:00:00+09:00,287.0891230334974,288.07568359375,283.1428807924871,288.07568359375,717100,0.0,0.0
2020-01-23 00:00:00+09:00,286.10255314753607,287.089113675631,282.15631103515625,282.15631103515625,672300,0.0,0.0
2020-01-24 00:00:00+09:00,285.115977924223,285.115977924223,271.30413124277277,273.2772521972656,1150100,0.0,0.0
2020-01-27 00:00:00+09:00,267.357905487516,270.31758709807895,264.3982238769531,264.3982238769531,805200,0.0,0.0
2020-01-28 00:00:00+09:00,260.4519958496094,261.4385564399488,254.53263230757278,260.4519958496094,1195000,0.0,0.0
2020-01-29 00:00:00+09:00,263.41168036147894,267.3579227638981,255.51919555664062,255.51919555664062,1006900,0.0,0.0
2020-01-30 00:00:00+09:00,264.39821466619316,280.1831827059659,263.4116541637074,271.30413818359375,3439200,0.0,0.0
2020-01-31 00:00:00+09:00,270.317589359007,275.2503920845363,266.37134717858356,272.29071044921875,950400,0.0,0.0
2020-02-03 00:00:00+09:00,266.37132685235207,278.2100524902344,265.38476638252854,278.2100524902344,1170600,0.0,0.0
2020-02-04 00:00:00+09:00,279.19664102481215,286.1025650077581,279.19664102481215,283.14288330078125,1876900,0.0,0.0
2020-02-05 00:00:00+09:00,302.87410332174863,333.4574818330653,297.9413003360524,301.8875427246094,15046400,0.0,0.0
2020-02-06 00:00:00+09:00,301.8875100482315,314.71279642282957,293.9950261254019,306.8203125,3878800,0.0,0.0
2020-02-07 00:00:00+09:00,302.87407494224976,308.7934379704371,289.0622278764794,296.9547119140625,2275500,0.0,0.0
2020-02-10 00:00:00+09:00,292.0219025564666,301.88750737256345,290.0487815932472,298.9278259277344,1382000,0.0,0.0
2020-02-12 00:00:00+09:00,297.94127724825023,312.73968505859375,296.95471672756065,312.73968505859375,1635600,0.0,0.0
2020-02-13 00:00:00+09:00,312.7396897315979,320.63217401504517,307.80688705444334,315.6993713378906,1995100,0.0,0.0
2020-02-14 00:00:00+09:00,307.80687085888053,317.6724756941011,307.80687085888053,311.75311279296875,1327200,0.0,0.0
2020-02-17 00:00:00+09:00,309.77999657896993,315.69935957092474,302.87407308835594,314.7127990722656,1629100,0.0,0.0
2020-02-18 00:00:00+09:00,313.7262431024348,319.6456061798392,304.8471984863281,304.8471984863281,1562900,0.0,0.0
2020-02-19 00:00:00+09:00,303.86065420327475,311.75313872803514,303.86065420327475,308.79345703125,1282100,0.0,0.0
2020-02-20 00:00:00+09:00,312.7397092931411,312.7397092931411,299.9144215303309,301.8875427246094,1429600,0.0,0.0
2020-02-21 00:00:00+09:00,297.9412794846755,299.91440054086536,293.99503737229566,294.9815979003906,990800,0.0,0.0
2020-02-25 00:00:00+09:00,271.3041520454514,284.1294392330546,269.33103093966633,280.1831970214844,2149400,0.0,0.0
2020-02-26 00:00:00+09:00,276.2369307620818,277.22349122908923,256.50572142193306,265.384765625,2735900,0.0,0.0
2020-02-27 00:00:00+09:00,264.39821432565003,267.3578958292954,256.50573031592916,258.4788513183594,2034600,0.0,0.0
2020-02-28 00:00:00+09:00,244.66700976964378,248.61325186270255,232.82828349046747,239.7342071533203,3148000,0.0,0.0
2020-03-02 00:00:00+09:00,239.73420179527224,260.4519723207896,237.76108079284202,258.4788513183594,2476800,0.0,0.0
2020-03-03 00:00:00+09:00,264.39820649044447,269.3310088503408,245.65355752283833,247.62667846679688,1986700,0.0,0.0
2020-03-04 00:00:00+09:00,239.7342060634068,250.58637176998076,239.7342060634068,248.61325073242188,926200,0.0,0.0
2020-03-05 00:00:00+09:00,251.57293831429828,254.53261994152533,240.72077234779914,242.6938934326172,1148600,0.0,0.0
2020-03-06 00:00:00+09:00,236.77453036983636,236.77453036983636,226.90892493775985,229.8686065673828,1155000,0.0,0.0
2020-03-09 00:00:00+09:00,214.08364051996276,219.01644329692041,206.19115607683048,212.1105194091797,1933200,0.0,0.0
2020-03-10 00:00:00+09:00,196.3255408050817,219.0164324559203,194.3524197919653,215.0701904296875,2992100,0.0,0.0
2020-03-11 00:00:00+09:00,212.1105186385338,212.1105186385338,191.39274705058398,195.3389892578125,2664100,0.0,0.0
2020-03-12 00:00:00+09:00,187.44649795287432,198.2986636238302,184.48681640625,184.48681640625,1854600,0.0,0.0
2020-03-13 00:00:00+09:00,163.7690556397912,175.60778255351104,156.86313160678796,168.7018585205078,2527500,0.0,0.0
2020-03-16 00:00:00+09:00,170.67495927356538,180.5405638558524,165.74215698242188,165.74215698242188,1689600,0.0,0.0
2020-03-17 00:00:00+09:00,157.84968558074422,173.63465413881863,157.84968558074422,170.6749725341797,2906600,0.0,0.0
2020-03-18 00:00:00+09:00,173.63464509988134,176.5943265504475,155.87655639648438,155.87655639648438,3307400,0.0,0.0
2020-03-19 00:00:00+09:00,158.83624776204425,160.809368852256,134.17223413439763,136.14535522460938,3152300,0.0,0.0
2020-03-23 00:00:00+09:00,131.21254377693967,146.0109509698276,130.2259832974138,143.05126953125,2585700,0.0,0.0
2020-03-24 00:00:00+09:00,157.84969218293128,171.66154024893777,155.87657103064464,168.7018585205078,3321200,0.0,0.0
2020-03-25 00:00:00+09:00,182.51370129664298,186.45994348684067,169.68841417850052,178.5674591064453,3148000,0.0,0.0
2020-03-26 00:00:00+09:00,169.68841909665113,173.6346614012244,166.72873736822118,168.7018585205078,1189900,0.0,0.0
2020-03-27 00:00:00+09:00,173.63465294471152,177.58089505709134,165.7421687199519,166.72872924804688,1372300,0.0,0.0
2020-03-30 00:00:00+09:00,158.83624502328726,169.68841083233173,158.83624502328726,166.72872924804688,1158500,0.0,0.0
2020-03-31 00:00:00+09:00,167.71530322814257,176.59434869316186,166.72874262091818,175.6077880859375,1175700,0.0,0.0
2020-04-01 00:00:00+09:00,173.63465413881863,175.60777520857795,168.70185146442037,170.6749725341797,988700,0.0,0.0
2020-04-02 00:00:00+09:00,166.72872804583923,167.71528856682053,161.79592544093276,162.78248596191406,1171800,0.0,0.0
2020-04-03 00:00:00+09:00,162.78247978113876,165.74216123170493,151.93031446239618,155.87655639648438,1212300,0.0,0.0
2020-04-06 00:00:00+09:00,154.88999847044428,165.7421639683735,149.95719597138554,163.76904296875,1232600,0.0,0.0
2020-04-07 00:00:00+09:00,167.71528748260147,178.56745314324039,164.75560593879086,171.66152954101562,2026700,0.0,0.0
2020-04-08 00:00:00+09:00,173.63464213526527,173.63464213526527,161.79591653513353,169.6884002685547,2046400,0.0,0.0
2020-04-09 00:00:00+09:00,171.66152828440946,174.62120980655445,165.74216524011948,167.7152862548828,1599200,0.0,0.0
2020-04-10 00:00:00+09:00,167.7152778988793,169.68839881533668,160.80935469127837,165.74215698242188,1069900,0.0,0.0
2020-04-13 00:00:00+09:00,164.75560700387666,164.75560700387666,159.82280439897016,162.78248596191406,875800,0.0,0.0
2020-04-14 00:00:00+09:00,163.76904542418734,173.6346505702227,161.79592439498026,171.66152954101562,1771700,0.0,0.0
2020-04-15 00:00:00+09:00,169.68841329435023,169.68841329435023,161.79592895507812,161.79592895507812,2136600,0.0,0.0
2020-04-16 00:00:00+09:00,162.78248596191406,163.76904648289536,157.84968335700756,162.78248596191406,1045200,0.0,0.0
2020-04-17 00:00:00+09:00,163.76903746848882,170.67496073523233,163.76903746848882,169.6884002685547,1548300,0.0,0.0
2020-04-20 00:00:00+09:00,175.60777746379705,180.54058020154415,173.6346563686982,178.5674591064453,1426100,0.0,0.0
2020-04-21 00:00:00+09:00,176.59434207756362,176.59434207756362,163.76905466410926,164.755615234375,1829200,0.0,0.0
2020-04-22 00:00:00+09:00,160.8093719482422,165.74217476874043,156.8631296918436,160.8093719482422,1705400,0.0,0.0
2020-04-23 00:00:00+09:00,162.7824849095838,173.6346505702227,162.7824849095838,171.66152954101562,1541900,0.0,0.0
2020-04-24 00:00:00+09:00,175.60778255351104,175.60778255351104,167.7152979443645,168.7018585205078,1434600,0.0,0.0
2020-04-27 00:00:00+09:00,171.66153306905935,173.63465413881863,166.72873039466108,170.6749725341797,1696100,0.0,0.0
2020-04-28 00:00:00+09:00,173.63464832838687,179.55401133958188,171.66152732465522,176.59432983398438,2316000,0.0,0.0
2020-04-30 00:00:00+09:00,178.56745558518628,200.27178720327524,176.5943345289964,179.55401611328125,7440600,0.0,0.0
2020-05-01 00:00:00+09:00,175.60778255351104,177.58090370579768,167.7152979443645,168.7018585205078,2590800,0.0,0.0
2020-05-07 00:00:00+09:00,172.64809021975267,187.44649795287432,172.64809021975267,184.48681640625,2797900,0.0,0.0
2020-05-08 00:00:00+09:00,187.4464868900165,196.32553100585938,187.4464868900165,196.32553100585938,2496700,0.0,0.0
2020-05-11 00:00:00+09:00,194.352421863538,211.12395065379255,194.352421863538,210.13739013671875,2991600,0.0,0.0
2020-05-12 00:00:00+09:00,214.08363695497866,216.05675803290472,207.17771318223743,213.09707641601562,2602800,0.0,0.0
2020-05-13 00:00:00+09:00,206.19114806842356,215.07019272208774,205.2045875513498,210.13739013671875,1755000,0.0,0.0
2020-05-14 00:00:00+09:00,206.19114426949724,211.12394676398281,196.32553928052607,198.2986602783203,2215300,0.0,0.0
2020-05-15 00:00:00+09:00,204.21803283691406,205.2045933820199,198.29866956627887,204.21803283691406,1971500,0.0,0.0
2020-05-18 00:00:00+09:00,205.20459224907634,207.1777133283944,199.28522901112223,200.27178955078125,1766700,0.0,0.0
2020-05-19 00:00:00+09:00,207.17771089993988,212.11051354041464,202.24490825946512,205.20458984375,1993200,0.0,0.0
2020-05-20 00:00:00+09:00,205.20459099535674,210.13739366351433,203.23146992809367,209.1508331298828,1666700,0.0,0.0
2020-05-21 00:00:00+09:00,211.12396403987233,211.12396403987233,201.2583582436166,202.2449188232422,1912300,0.0,0.0
2020-05-22 00:00:00+09:00,204.21803283691406,214.0836382879727,202.24491174670231,204.21803283691406,2176100,0.0,0.0
2020-05-25 00:00:00+09:00,210.13739466771287,226.90892381959605,208.16427359102073,225.92236328125,3273600,0.0,0.0
2020-05-26 00:00:00+09:00,228.88205106589825,228.88205106589825,215.07020315674922,220.0030059814453,3209300,0.0,0.0
2020-05-27 00:00:00+09:00,220.98956654638454,221.97612711132373,216.05676372168844,220.0030059814453,1627000,0.0,0.0
2020-05-28 00:00:00+09:00,233.81484269673845,242.69388735610826,220.00299544882986,222.96267700195312,4879000,0.0,0.0
2020-05-29 00:00:00+09:00,218.0298838158176,219.01644437607018,213.0970810145548,216.0567626953125,2553000,0.0,0.0
2020-06-01 00:00:00+09:00,216.0567626953125,220.98956549657532,213.0970810145548,216.0567626953125,1598200,0.0,0.0
2020-06-02 00:00:00+09:00,217.04331857186776,217.04331857186776,210.13739479912653,213.09707641601562,1706100,0.0,0.0
2020-06-03 00:00:00+09:00,213.09707064241977,219.0164337158203,208.16426808125263,219.0164337158203,2397900,0.0,0.0
2020-06-04 00:00:00+09:00,219.01644329692041,219.01644329692041,207.17771663222203,212.1105194091797,3098700,0.0,0.0
2020-06-05 00:00:00+09:00,213.0970694165711,216.0567509362457,209.1508273903383,215.0701904296875,1475300,0.0,0.0
2020-06-08 00:00:00+09:00,219.01643723707932,219.01643723707932,213.0970740685096,218.02987670898438,2060800,0.0,0.0
2020-06-09 00:00:00+09:00,219.0164324559203,220.98955346903668,212.1105089100129,215.0701904296875,1573500,0.0,0.0
2020-06-10 00:00:00+09:00,213.09707290016559,215.0701939455375,210.13739133210774,214.08363342285156,1614700,0.0,0.0
2020-06-11 00:00:00+09:00,213.09708034402072,213.09708034402072,199.2852325439453,199.2852325439453,2452600,0.0,0.0
2020-06-12 00:00:00+09:00,186.45992643270063,197.31209146317525,184.48680551806885,196.32553100585938,2561400,0.0,0.0
2020-06-15 00:00:00+09:00,191.39274737383866,194.35242903425885,180.54058128563133,182.51370239257812,2956300,0.0,0.0
2020-06-16 00:00:00+09:00,192.3793086439076,203.2314747725383,192.3793086439076,199.2852325439453,2318800,0.0,0.0
2020-06-17 00:00:00+09:00,199.28522077721743,200.27178127611452,192.37929728493762,198.2986602783203,1916800,0.0,0.0
2020-06-18 00:00:00+09:00,196.32553928052607,199.28522077721743,193.3658577838347,198.2986602783203,1085400,0.0,0.0
2020-06-19 00:00:00+09:00,198.29865813023835,206.19114203591948,198.29865813023835,203.23146057128906,1802500,0.0,0.0
2020-06-22 00:00:00+09:00,203.2314722918082,206.19115392712578,200.2717906564906,204.21803283691406,1097900,0.0,0.0
2020-06-23 00:00:00+09:00,206.19115037184494,208.16427142803485,202.24490825946512,205.20458984375,1844900,0.0,0.0
2020-06-24 00:00:00+09:00,205.2045875513498,213.09707168794014,205.2045875513498,210.13739013671875,1682400,0.0,0.0
2020-06-25 00:00:00+09:00,208.1642668837801,221.9761139755949,205.2045853641055,215.0701904296875,3287500,0.0,0.0
2020-06-26 00:00:00+09:00,221.97612264881963,222.9626831939255,200.2717906564906,204.21803283691406,4022300,0.0,0.0
2020-06-29 00:00:00+09:00,199.28522173563638,200.27178223927814,187.4464956919352,189.41961669921875,2978700,0.0,0.0
2020-06-30 00:00:00+09:00,195.3389705485435,204.2180146643864,192.37928917659588,196.32553100585938,2270400,0.0,0.0
2020-07-01 00:00:00+09:00,194.3524350983104,209.15084386214113,194.3524350983104,206.191162109375,2390500,0.0,0.0
2020-07-02 00:00:00+09:00,206.19114791870118,209.15082946777343,196.32554275512697,197.31210327148438,2375000,0.0,0.0
2020-07-03 00:00:00+09:00,198.29866614708533,207.17771089993988,198.29866614708533,205.20458984375,1650600,0.0,0.0
2020-07-06 00:00:00+09:00,205.2045944720083,210.13739722373927,201.25835227062353,208.16427612304688,1572300,0.0,0.0
2020-07-07 00:00:00+09:00,208.1642725962513,212.1105147307774,202.24490939446216,209.1508331298828,1474600,0.0,0.0
2020-07-08 00:00:00+09:00,208.16426301233977,210.13738398876006,203.23146057128906,203.23146057128906,1048900,0.0,0.0
2020-07-09 00:00:00+09:00,207.17771447223166,209.15083556244338,204.21803283691406,204.21803283691406,1097900,0.0,0.0
2020-07-10 00:00:00+09:00,204.21803532968653,204.21803532968653,198.29867198679707,199.2852325439453,1263400,0.0,0.0
2020-07-13 00:00:00+09:00,200.2717860352759,203.2314676022997,198.2986649905934,201.2583465576172,889600,0.0,0.0
2020-07-14 00:00:00+09:00,200.27179766399104,203.23147940286776,196.32555534548877,202.2449188232422,1361800,0.0,0.0
2020-07-15 00:00:00+09:00,203.2314722918082,206.19115392712578,202.24491174670231,204.21803283691406,1501700,0.0,0.0
2020-07-16 00:00:00+09:00,206.1911611417445,212.1105246194979,201.2583582436166,202.2449188232422,2424300,0.0,0.0
2020-07-17 00:00:00+09:00,205.2045944720083,209.15083667339306,204.2180339216621,208.16427612304688,1520800,0.0,0.0
2020-07-20 00:00:00+09:00,206.1911611417445,207.17772172137003,201.2583582436166,202.2449188232422,1416900,0.0,0.0
2020-07-21 00:00:00+09:00,205.20458984375,206.19115037184494,203.2314687875601,205.20458984375,806500,0.0,0.0
2020-07-22 00:00:00+09:00,204.2180210594992,205.20458154770935,201.25833959486877,203.23146057128906,577700,0.0,0.0
2020-07-27 00:00:00+09:00,201.25834533691406,202.2449058532715,197.31210327148438,197.31210327148438,1270500,0.0,0.0
2020-07-28 00:00:00+09:00,199.28522901112223,206.19115278873537,199.28522901112223,200.27178955078125,1108300,0.0,0.0
2020-07-29 00:00:00+09:00,198.29866123199463,198.29866123199463,189.41961669921875,189.41961669921875,1472700,0.0,0.0
2020-07-30 00:00:00+09:00,195.33898334603035,196.32554386798,187.44649917043319,188.4330596923828,1361700,0.0,0.0
2020-07-31 00:00:00+09:00,219.01644592285155,236.7745361328125,211.12396138509112,236.7745361328125,17392000,0.0,0.0
2020-08-03 00:00:00+09:00,231.84171362768248,238.74763701233684,220.00298782541782,233.81483459472656,6049300,0.0,0.0
2020-08-04 00:00:00+09:00,230.8551624439381,245.65357029290848,229.8686019206734,239.7342071533203,4083000,0.0,0.0
2020-08-05 00:00:00+09:00,236.7745132750249,247.62667846679688,236.7745132750249,247.62667846679688,1622800,0.0,0.0
2020-08-06 00:00:00+09:00,249.5998100157707,264.3982177242156,243.68044693239273,244.66700744628906,4129800,0.0,0.0
2020-08-07 00:00:00+09:00,248.61325781250002,256.5057421875,243.68045507812502,246.64013671875,2322600,0.0,0.0
2020-08-11 00:00:00+09:00,254.5326150022907,256.5057360488201,237.76108610679094,239.7342071533203,1834300,0.0,0.0
2020-08-12 00:00:00+09:00,243.68046059218824,254.53262685337882,236.77453660779426,253.5460662841797,2242200,0.0,0.0
2020-08-13 00:00:00+09:00,255.51917677659253,259.46541888897235,247.62669255183292,256.5057373046875,2625700,0.0,0.0
2020-08-14 00:00:00+09:00,257.4922790527344,261.4385208772974,253.5460372281714,257.4922790527344,1884600,0.0,0.0
2020-08-17 00:00:00+09:00,259.46542865014356,259.46542865014356,248.6132624328372,249.59982299804688,1589000,0.0,0.0
2020-08-18 00:00:00+09:00,249.5998240073831,254.53262685337882,244.6670211613874,253.5460662841797,1074200,0.0,0.0
2020-08-19 00:00:00+09:00,254.5326093134989,260.4519723207896,253.5460488122838,258.4788513183594,1097400,0.0,0.0
2020-08-20 00:00:00+09:00,258.478877358455,258.478877358455,254.53263495603582,255.51919555664062,517500,0.0,0.0
2020-08-21 00:00:00+09:00,254.53262329101562,254.53262329101562,248.61325995866642,254.53262329101562,1288700,0.0,0.0
2020-08-24 00:00:00+09:00,256.50574406134683,267.35791015625,255.51918350726476,267.35791015625,2021700,0.0,0.0
2020-08-25 00:00:00+09:00,271.3041475234931,288.0756766431272,271.3041475234931,277.2235107421875,3351600,0.0,0.0
2020-08-26 00:00:00+09:00,277.22350373284974,286.102548336393,276.236943221345,279.1966247558594,1474400,0.0,0.0
2020-08-27 00:00:00+09:00,280.1832015938044,286.1025650077581,278.21008045581993,283.14288330078125,1117200,0.0,0.0
2020-08-28 00:00:00+09:00,282.15633078182447,283.1428913789637,261.4385582419003,268.344482421875,2387200,0.0,0.0
2020-08-31 00:00:00+09:00,273.27728718348914,278.21009020124166,268.3444841657366,276.2369689941406,1434300,0.0,0.0
2020-09-01 00:00:00+09:00,279.19662253061927,285.11598555246985,275.25038051605225,284.1294250488281,1472000,0.0,0.0
2020-09-02 00:00:00+09:00,286.1025722570586,290.0488146330181,277.2235269111499,281.1697692871094,991000,0.0,0.0
2020-09-03 00:00:00+09:00,280.1831970214844,283.142878680162,277.2235153628067,280.1831970214844,684200,0.0,0.0
2020-09-04 00:00:00+09:00,271.3041475234931,281.16975288798375,270.317586987044,277.2235107421875,868100,0.0,0.0
2020-09-07 00:00:00+09:00,272.2907080599422,279.19663181508565,272.2907080599422,277.2235107421875,784500,0.0,0.0
2020-09-08 00:00:00+09:00,279.1966271679016,290.04879288820877,278.2100666478737,287.089111328125,1584000,0.0,0.0
2020-09-09 00:00:00+09:00,285.11600191299226,295.9681680757705,284.1294413527397,288.07568359375,2505600,0.0,0.0
2020-09-10 00:00:00+09:00,293.00848359138735,309.78001295520414,293.00848359138735,305.8337707519531,2965700,0.0,0.0
2020-09-11 00:00:00+09:00,309.7799890691584,319.6455938165838,295.96814242276275,303.8606262207031,2402300,0.0,0.0
2020-09-14 00:00:00+09:00,311.75310097346227,319.6455845424107,305.833738296751,310.76654052734375,1767500,0.0,0.0
2020-09-15 00:00:00+09:00,310.7665686607361,317.6724924087524,305.83376598358154,315.6993713378906,1596300,0.0,0.0
2020-09-16 00:00:00+09:00,325.5649742713341,328.52465585561896,316.68592951847955,320.6321716308594,1802100,0.0,0.0
2020-09-17 00:00:00+09:00,318.65904106690215,320.63216206422044,313.72623857360645,314.7127990722656,1191200,0.0,0.0
2020-09-18 00:00:00+09:00,311.75312453790417,316.68592714135207,302.87407985169807,312.73968505859375,1751900,0.0,0.0
2020-09-23 00:00:00+09:00,309.7800081253052,320.63217401504517,306.82032651901244,315.6993713378906,931200,0.0,0.0
2020-09-24 00:00:00+09:00,311.75311001864344,313.72623096812856,303.8606262207031,303.8606262207031,1115600,0.0,0.0
2020-09-25 00:00:00+09:00,302.87405695839533,310.76654052734375,300.90093606615824,310.76654052734375,971500,0.0,0.0
2020-09-28 00:00:00+09:00,310.7665544614148,311.7531149517685,300.9009495578778,306.8203125,1293400,0.0,0.0
2020-09-29 00:00:00+09:00,309.7991510705103,316.74977304965637,307.81325907646857,313.77093505859375,1291400,2.0,0.0
2020-09-30 00:00:00+09:00,314.7639028950102,318.73568715866963,310.7921186313508,311.7850646972656,989200,0.0,0.0
2020-10-02 00:00:00+09:00,316.7497815687173,323.700403734802,306.82032133145344,308.80621337890625,2438700,0.0,0.0
2020-10-05 00:00:00+09:00,311.785043064552,320.7215570377398,310.79209706753113,313.77093505859375,1250600,0.0,0.0
2020-10-06 00:00:00+09:00,318.7356736161701,320.72156566362287,305.8273753077271,308.80621337890625,1342100,0.0,0.0
2020-10-07 00:00:00+09:00,308.8062141301082,326.67924260066104,302.84853797325724,322.70745849609375,2846600,0.0,0.0
2020-10-08 00:00:00+09:00,322.7074670791626,322.7074670791626,313.7709526062012,317.74273681640625,1088200,0.0,0.0
2020-10-09 00:00:00+09:00,321.7145254545123,323.70041758694754,315.75684905720647,318.7356872558594,772500,0.0,0.0
2020-10-12 00:00:00+09:00,318.73566669950856,335.61574873655417,317.7427206973294,334.622802734375,1745800,0.0,0.0
2020-10-13 00:00:00+09:00,336.60869963272756,352.495835898579,333.62986158288044,342.5663757324219,2708000,0.0,0.0
2020-10-14 00:00:00+09:00,345.54522668530126,345.54522668530126,329.65808982620695,331.64398193359375,1531400,0.0,0.0
2020-10-15 00:00:00+09:00,330.6510267052284,332.63691875751203,320.7215664438101,322.70745849609375,1053700,0.0,0.0
2020-10-16 00:00:00+09:00,317.74271844660194,317.74271844660194,304.83442050970876,306.8203125,1725100,0.0,0.0
2020-10-19 00:00:00+09:00,306.820316929971,310.79210096789944,297.88380284463204,307.8132629394531,1173600,0.0,0.0
2020-10-20 00:00:00+09:00,306.82032133145344,309.79915940263265,300.86264518909513,308.80621337890625,861400,0.0,0.0
2020-10-21 00:00:00+09:00,308.80620134247016,323.70039111783046,307.8132553574461,319.7286071777344,1774300,0.0,0.0
2020-10-22 00:00:00+09:00,322.7074670791626,334.62281970977784,312.7780065536499,317.74273681640625,2293600,0.0,0.0
2020-10-23 00:00:00+09:00,316.7497951234241,321.7145254545123,306.8203344612478,318.7356872558594,2199900,0.0,0.0
2020-10-26 00:00:00+09:00,315.75683973969007,317.7427318135246,302.8485412597656,302.8485412597656,1613300,0.0,0.0
2020-10-27 00:00:00+09:00,298.87675275300677,304.8344288876182,290.93318457352484,301.8555908203125,1506100,0.0,0.0
2020-10-28 00:00:00+09:00,298.87674019553447,312.77798392555934,298.87674019553447,305.8273620605469,1572500,0.0,0.0
2020-10-29 00:00:00+09:00,297.8838067305715,302.8485368427477,287.95434650621917,301.8555908203125,2939500,0.0,0.0
2020-10-30 00:00:00+09:00,373.3476918538412,381.291259765625,348.5240421295166,381.291259765625,16783900,0.0,0.0
2020-11-02 00:00:00+09:00,373.3477087947014,389.23484533915683,364.4111944884453,378.31243896484375,9431200,0.0,0.0
2020-11-04 00:00:00+09:00,372.35477154071515,391.22074663211134,369.3759333683894,387.24896240234375,5471900,0.0,0.0
2020-11-05 00:00:00+09:00,394.1995582678129,410.08669411739726,381.29126039002557,388.24188232421875,5749800,0.0,0.0
2020-11-06 00:00:00+09:00,384.27012840695977,386.2560205434298,371.3618295199043,374.3406677246094,3097800,0.0,0.0
2020-11-09 00:00:00+09:00,379.30537562216483,381.291267641129,364.41118547993324,369.37591552734375,2289800,0.0,0.0
2020-11-10 00:00:00+09:00,389.23484037261227,389.23484037261227,367.39002790272076,370.3688659667969,2871200,0.0,0.0
2020-11-11 00:00:00+09:00,373.3477135860559,402.1431489424272,369.3759293989702,393.2066345214844,3982900,0.0,0.0
2020-11-12 00:00:00+09:00,389.23484533915683,396.18546757735606,375.3336008627584,378.31243896484375,2826400,0.0,0.0
2020-11-13 00:00:00+09:00,379.3053677876791,385.26304372151696,373.3476918538412,381.291259765625,1390300,0.0,0.0
2020-11-16 00:00:00+09:00,378.3124341376665,379.3053801590252,369.37591994543817,370.3688659667969,1758100,0.0,0.0
2020-11-17 00:00:00+09:00,368.38296999969083,382.2842141506225,365.4041319673483,376.3265380859375,1747300,0.0,0.0
2020-11-18 00:00:00+09:00,370.3688544934363,391.2207202960158,369.37590850283726,388.24188232421875,1667700,0.0,0.0
2020-11-19 00:00:00+09:00,386.2560049481866,424.98090004581974,386.2560049481866,419.0232238769531,5934600,0.0,0.0
2020-11-20 00:00:00+09:00,411.0796513138361,418.0302734375,395.1925150311758,418.0302734375,3779800,0.0,0.0
2020-11-24 00:00:00+09:00,429.94563499273255,436.89625726744185,420.0161746002907,426.966796875,3021200,0.0,0.0
2020-11-25 00:00:00+09:00,431.9315270712209,447.8186636991279,424.9809047965116,426.966796875,3482900,0.0,0.0
2020-11-26 00:00:00+09:00,425.97385138434333,440.8680419921875,425.97385138434333,440.8680419921875,1673600,0.0,0.0
2020-11-27 00:00:00+09:00,434.9103698730469,443.846884322493,429.94563962335457,434.9103698730469,2447900,0.0,0.0
2020-11-30 00:00:00+09:00,435.9033070835498,438.88214517295904,426.96679281532215,432.9244689941406,1258400,0.0,0.0
2020-12-01 00:00:00+09:00,438.88213383142966,468.6705139557348,435.90329581899914,457.74810791015625,3035800,0.0,0.0
2020-12-02 00:00:00+09:00,453.77634106765146,463.7058014848867,447.8186648173103,454.769287109375,1440600,0.0,0.0
2020-12-03 00:00:00+09:00,450.7974933607007,454.7692774431738,431.9315189689533,438.88214111328125,2017500,0.0,0.0
2020-12-04 00:00:00+09:00,435.9033203125,438.88215849231204,424.9809136531891,435.9033203125,1104300,0.0,0.0
2020-12-07 00:00:00+09:00,433.9174097201603,434.9103557378266,417.03732741983373,418.0302734375,1144200,0.0,0.0
2020-12-08 00:00:00+09:00,418.03027386531653,425.9738420147762,414.05848979058663,424.98089599609375,627900,0.0,0.0
2020-12-09 00:00:00+09:00,425.9738457001836,426.9667917274567,410.0867092638131,412.0726013183594,849400,0.0,0.0
2020-12-10 00:00:00+09:00,408.1008084276398,418.03026848670646,406.1149164158264,410.0867004394531,662900,0.0,0.0
2020-12-11 00:00:00+09:00,412.0725973315024,423.9879495434976,411.0796513138361,418.0302734375,874900,0.0,0.0
2020-12-14 00:00:00+09:00,426.966805343993,428.95269746187205,412.0726144599002,415.05145263671875,1023500,0.0,0.0
2020-12-15 00:00:00+09:00,419.0232370174632,430.9385897288603,416.04439883961396,422.0020751953125,1546000,0.0,0.0
2020-12-16 00:00:00+09:00,420.01617891882523,438.8821538584415,420.01617891882523,427.9597473144531,1256600,0.0,0.0
2020-12-17 00:00:00+09:00,431.9315141247165,433.9174061436807,424.98089205834174,430.9385681152344,574300,0.0,0.0
2020-12-18 00:00:00+09:00,428.95267508370534,429.94562109084353,416.04437699090863,417.0373229980469,1015300,0.0,0.0
2020-12-21 00:00:00+09:00,418.03026900518506,422.9949990408761,416.04437699090863,417.0373229980469,544300,0.0,0.0
2020-12-22 00:00:00+09:00,411.0796590776586,412.07260511407804,396.1854685313666,399.164306640625,1268700,0.0,0.0
2020-12-23 00:00:00+09:00,411.0796596820538,420.016174022968,406.114929492657,413.0655517578125,1521800,0.0,0.0
2020-12-24 00:00:00+09:00,414.05848547334693,424.98089156497,412.0725934566882,423.9879455566406,739800,0.0,0.0
2020-12-25 00:00:00+09:00,422.9950170671857,433.91742361117406,421.0091249682787,427.9597473144531,784300,0.0,0.0
2020-12-28 00:00:00+09:00,425.9738505478446,425.9738505478446,416.044390162114,420.01617431640625,774500,0.0,0.0
2020-12-29 00:00:00+09:00,415.05142656203384,420.0161565448333,412.07258857235416,416.04437255859375,596900,0.0,0.0
2020-12-30 00:00:00+09:00,416.044390162114,428.95268866356383,412.0726060078217,420.01617431640625,689900,0.0,0.0
2021-01-04 00:00:00+09:00,419.02322768232347,420.0161737194854,400.1572529762473,406.11492919921875,1163800,0.0,0.0
2021-01-05 00:00:00+09:00,409.0937588456748,426.9667871447577,407.1078668124434,411.07965087890625,1610100,0.0,0.0
2021-01-06 00:00:00+09:00,412.07259689552194,415.0514349453691,409.0937588456748,411.07965087890625,867600,0.0,0.0
2021-01-07 00:00:00+09:00,408.10080400485435,411.0796419902913,391.22072208737865,409.09375,1546300,0.0,0.0
2021-01-08 00:00:00+09:00,407.10787985822276,415.05144824570027,401.15020356761465,414.0585021972656,639100,0.0,0.0
2021-01-12 00:00:00+09:00,415.05143580926915,424.98089599609375,408.1008136784919,424.98089599609375,1047000,0.0,0.0
2021-01-13 00:00:00+09:00,419.0232282778332,422.00206639355235,408.10082185352945,420.01617431640625,1537800,0.0,0.0
2021-01-14 00:00:00+09:00,419.02323265795434,430.93858524538433,413.0655563642394,421.0091247558594,1680700,0.0,0.0
2021-01-15 00:00:00+09:00,421.0091070265997,425.9738370622907,411.07964695521764,417.0373229980469,1177100,0.0,0.0
2021-01-18 00:00:00+09:00,413.0655523255814,426.966796875,412.0726062863372,426.966796875,1014400,0.0,0.0
2021-01-19 00:00:00+09:00,426.9667791088982,429.94561710268124,419.02321112547685,422.9949951171875,991400,0.0,0.0
2021-01-20 00:00:00+09:00,418.0302910981355,430.9385898731373,417.03734503851996,428.95269775390625,1274400,0.0,0.0
2021-01-21 00:00:00+09:00,435.9033084080137,491.508286245938,435.9033084080137,460.7269592285156,6993500,0.0,0.0
2021-01-22 00:00:00+09:00,452.7833831530659,483.5647096393489,440.8680309648273,472.6423034667969,3509600,0.0,0.0
2021-01-25 00:00:00+09:00,477.60703800609275,480.58587608097486,466.68463173152514,473.63525390625,1220800,0.0,0.0
2021-01-26 00:00:00+09:00,471.6493787618136,471.6493787618136,444.8398351269316,449.8045654296875,2256400,0.0,0.0
2021-01-27 00:00:00+09:00,442.85393888186786,464.6987520105698,433.9174244201261,455.7622375488281,1562300,0.0,0.0
2021-01-28 00:00:00+09:00,441.86097566374053,461.71989591829066,439.8750836382855,451.7904357910156,1022800,0.0,0.0
2021-01-29 00:00:00+09:00,452.7833995900952,468.67053641781786,452.7833995900952,462.7128601074219,1405300,0.0,0.0
2021-02-01 00:00:00+09:00,460.72695520279257,471.649361468376,449.8045489372091,466.68463134765625,1473800,0.0,0.0
2021-02-02 00:00:00+09:00,476.61410082854906,486.54356126247717,459.7340180908713,475.62115478515625,2858500,0.0,0.0
2021-02-03 00:00:00+09:00,529.2402340268908,551.0850466884135,511.36720548564494,522.2896118164062,9821700,0.0,0.0
2021-02-04 00:00:00+09:00,496.4730266617377,519.3107858881776,481.5788358618856,490.5153503417969,5089400,0.0,0.0
2021-02-05 00:00:00+09:00,492.50122424139494,492.50122424139494,474.62819594231206,479.5929260253906,2184100,0.0,0.0
2021-02-08 00:00:00+09:00,482.57178134393996,482.57178134393996,458.74107609238735,469.6634826660156,2016400,0.0,0.0
2021-02-09 00:00:00+09:00,476.6140892392113,500.4447937011719,468.67052108522444,500.4447937011719,1903600,0.0,0.0
2021-02-10 00:00:00+09:00,499.4518603466104,512.360158924157,489.52239990234375,489.52239990234375,1246800,0.0,0.0
2021-02-12 00:00:00+09:00,487.5364946015027,494.48711672413106,482.57176451391103,486.5435485839844,897300,0.0,0.0
2021-02-15 00:00:00+09:00,482.5717601191047,491.5082741953844,479.5929220936781,485.55059814453125,600900,0.0,0.0
2021-02-16 00:00:00+09:00,478.59997956091615,480.58587159228927,466.6846273726776,472.6423034667969,1236400,0.0,0.0
2021-02-17 00:00:00+09:00,467.6775724733031,467.6775724733031,453.77632828089065,458.7410583496094,1121000,0.0,0.0
2021-02-18 00:00:00+09:00,458.74106236508015,464.6987384996916,446.8257100958573,452.78338623046875,894300,0.0,0.0
2021-02-19 00:00:00+09:00,447.81866455078125,451.79044871531147,441.86098830398595,447.81866455078125,649700,0.0,0.0
2021-02-22 00:00:00+09:00,446.8257057273781,458.74105788010814,445.83275971465054,451.7904357910156,574900,0.0,0.0
2021-02-24 00:00:00+09:00,451.79043024236506,451.79043024236506,431.9315102317116,436.896240234375,1065300,0.0,0.0
2021-02-25 00:00:00+09:00,443.8468622381037,443.8468622381037,429.9456182306463,436.896240234375,895500,0.0,0.0
2021-02-26 00:00:00+09:00,436.89626637243737,448.81161909168566,433.91742819262527,435.9033203125,1062300,0.0,0.0
2021-03-01 00:00:00+09:00,438.8821455221413,445.83276773629285,432.9244693385828,439.8750915527344,645500,0.0,0.0
2021-03-02 00:00:00+09:00,439.87509622172087,455.7622328798417,439.87509622172087,447.81866455078125,807000,0.0,0.0
2021-03-03 00:00:00+09:00,444.8398168103448,445.8327628300108,426.9667884563578,431.9315185546875,1338700,0.0,0.0
2021-03-04 00:00:00+09:00,416.04438504985734,421.0091151817172,395.19251849604586,405.1219787597656,2414700,0.0,0.0
2021-03-05 00:00:00+09:00,404.12901942877124,404.12901942877124,385.26304554880403,402.14312744140625,1470700,0.0,0.0
2021-03-08 00:00:00+09:00,420.0161604985198,426.9667825398665,404.12902440401314,410.0867004394531,1661100,0.0,0.0
2021-03-09 00:00:00+09:00,403.13608317250595,422.0020575081651,394.1995690135095,418.0302734375,1395600,0.0,0.0
2021-03-10 00:00:00+09:00,422.99501685376435,427.95974709852686,417.03734056004936,421.0091247558594,638000,0.0,0.0
2021-03-11 00:00:00+09:00,419.02322883518667,434.91036547348756,414.0584986357176,433.91741943359375,821700,0.0,0.0
2021-03-12 00:00:00+09:00,436.8962578300957,443.8468801137563,433.9174197085269,440.8680419921875,607100,0.0,0.0
2021-03-15 00:00:00+09:00,443.8468849331725,457.7481296514374,439.87510072795396,455.7622375488281,778200,0.0,0.0
2021-03-16 00:00:00+09:00,457.74810462661935,476.6140785700158,455.76221263257764,470.6564025878906,1215500,0.0,0.0
2021-03-17 00:00:00+09:00,465.6916774892214,484.5576516305758,459.73400144458316,478.5999755859375,1291700,0.0,0.0
2021-03-18 00:00:00+09:00,482.5717817302602,490.5153501538036,479.5929435714315,483.5647277832031,999400,0.0,0.0
2021-03-19 00:00:00+09:00,476.61408253205127,476.61408253205127,463.70578446347486,464.69873046875,1136300,0.0,0.0
2021-03-22 00:00:00+09:00,464.6987299391608,464.6987299391608,454.76926989772574,457.74810791015625,944700,0.0,0.0
2021-03-23 00:00:00+09:00,460.72695037709684,467.6775724733031,456.7551663221219,458.7410583496094,906300,0.0,0.0
2021-03-24 00:00:00+09:00,453.77632281070856,455.7622148142565,437.8891867823249,443.84686279296875,863800,0.0,0.0
2021-03-25 00:00:00+09:00,443.8468847359176,451.79045314282445,438.8821544816009,448.8116149902344,722800,0.0,0.0
2021-03-26 00:00:00+09:00,455.76223341418853,462.71285571026544,451.7904492450017,461.71990966796875,792700,0.0,0.0
2021-03-29 00:00:00+09:00,463.705810546875,463.705810546875,455.76224205784933,463.705810546875,584500,0.0,0.0
2021-03-30 00:00:00+09:00,465.6916774892214,485.55059763801546,460.72694745202284,478.5999755859375,1329000,0.0,0.0
2021-03-31 00:00:00+09:00,474.6282133067168,488.52945804791773,470.65642909494517,483.5647277832031,810200,0.0,0.0
2021-04-01 00:00:00+09:00,486.54354464623236,509.38130286432084,486.54354464623236,492.501220703125,1897300,0.0,0.0
2021-04-02 00:00:00+09:00,491.5082924746903,506.4024831557415,487.5365082930766,503.42364501953125,877100,0.0,0.0
2021-04-05 00:00:00+09:00,507.3954203086324,514.3460425046411,500.4447981126238,501.437744140625,1474100,0.0,0.0
2021-04-06 00:00:00+09:00,496.4730270265594,504.4165954589844,489.5224046481876,504.4165954589844,1071000,0.0,0.0
2021-04-07 00:00:00+09:00,504.4165908203125,504.4165908203125,493.4941843261719,496.4730224609375,794600,0.0,0.0
2021-04-08 00:00:00+09:00,489.52239107648614,492.5012291560591,474.62820067862145,487.5364990234375,1324300,0.0,0.0
2021-04-09 00:00:00+09:00,484.5576477050781,489.52237770205636,480.5858637074955,484.5576477050781,651200,0.0,0.0
2021-04-12 00:00:00+09:00,490.51533710301044,499.45185134172925,479.592930811243,487.5364990234375,675600,0.0,0.0
2021-04-13 00:00:00+09:00,484.5576487993339,502.4306768288175,481.57881079441995,498.4588928222656,915500,0.0,0.0
2021-04-14 00:00:00+09:00,501.43775747354744,513.3531101263842,497.4659732559352,511.3672180175781,1648400,0.0,0.0
2021-04-15 00:00:00+09:00,511.36720034007686,517.3248764605438,506.4024702396878,507.3954162597656,775400,0.0,0.0
2021-04-16 00:00:00+09:00,507.3954294405095,512.3601596698687,496.4730229359193,510.374267578125,831200,0.0,0.0
2021-04-19 00:00:00+09:00,512.360155250594,517.3248854371307,507.3954250640571,509.3813171386719,846600,0.0,0.0
2021-04-20 00:00:00+09:00,504.4165737974878,515.3389799230239,503.4236277860754,506.4024658203125,668800,0.0,0.0
2021-04-21 00:00:00+09:00,502.4306857396686,506.402469816662,498.45890166267515,500.4447937011719,655200,0.0,0.0
2021-04-22 00:00:00+09:00,509.3813389369419,532.2190987723214,506.4025006975446,521.2966918945312,2233600,0.0,0.0
2021-04-23 00:00:00+09:00,519.3107819909716,530.2331884955618,507.3954294405095,510.374267578125,1712000,0.0,0.0
2021-04-26 00:00:00+09:00,515.3389720697512,523.2825400399979,512.3601340809088,518.3178100585938,966200,0.0,0.0
2021-04-27 00:00:00+09:00,528.2472861109343,533.2120162435559,487.5364990234375,487.5364990234375,2833800,0.0,0.0
2021-04-28 00:00:00+09:00,479.5929205478766,482.5717585637019,448.81159438434827,464.69873046875,4340200,0.0,0.0
2021-04-30 00:00:00+09:00,472.64230097928055,505.4095193244828,468.67051693743787,499.45184326171875,3604400,0.0,0.0
2021-05-06 00:00:00+09:00,495.4800548173517,513.3530828468353,493.4941628140757,498.4588928222656,1416400,0.0,0.0
2021-05-07 00:00:00+09:00,488.5294576568281,494.48713396971624,467.67759056171957,469.6634826660156,1941200,0.0,0.0
2021-05-10 00:00:00+09:00,470.6564109818513,472.6423030113106,459.73400481982526,465.6916809082031,908800,0.0,0.0
2021-05-11 00:00:00+09:00,460.7269723634904,465.6917026691315,451.7904578133365,463.705810546875,1036500,0.0,0.0
2021-05-12 00:00:00+09:00,469.6634731835296,469.6634731835296,448.81160650941945,453.7763366699219,990300,0.0,0.0
2021-05-13 00:00:00+09:00,448.8115967904089,452.78338083280187,433.91740663143514,437.8891906738281,1343800,0.0,0.0
2021-05-14 00:00:00+09:00,450.7974897782881,458.74105788010814,446.8257057273781,451.7904357910156,717200,0.0,0.0
2021-05-17 00:00:00+09:00,456.7551658546531,458.74105788010814,449.8045437655606,451.7904357910156,699100,0.0,0.0
2021-05-18 00:00:00+09:00,451.7904492450017,464.6987477948589,451.7904492450017,461.71990966796875,648500,0.0,0.0
2021-05-19 00:00:00+09:00,463.70579765303626,473.63525798821905,459.73401351896314,467.6775817871094,801600,0.0,0.0
2021-05-20 00:00:00+09:00,469.6634694200881,470.65641544423204,462.71284725108046,466.68463134765625,488000,0.0,0.0
2021-05-21 00:00:00+09:00,471.64935302734375,475.6211370528372,466.68462299547696,471.64935302734375,686800,0.0,0.0
2021-05-24 00:00:00+09:00,469.6634604951255,470.65640650040064,459.73400044237445,464.69873046875,800900,0.0,0.0
2021-05-25 00:00:00+09:00,469.663482267093,469.663482267093,452.7833993949142,455.7622375488281,838700,0.0,0.0
2021-05-26 00:00:00+09:00,458.7410799746482,461.71991815630173,444.8398351269316,449.8045654296875,759000,0.0,0.0
2021-05-27 00:00:00+09:00,454.76926989772574,465.6916759433043,444.8398098562907,457.74810791015625,2569200,0.0,0.0
2021-05-28 00:00:00+09:00,464.69875221088716,464.69875221088716,453.77634564182785,462.7128601074219,659900,0.0,0.0
2021-05-31 00:00:00+09:00,458.7410533753786,458.7410533753786,445.83275533667745,450.7974853515625,981800,0.0,0.0
2021-06-01 00:00:00+09:00,452.78339029947915,458.7410664876302,445.8327680799696,446.8257141113281,550800,0.0,0.0
2021-06-02 00:00:00+09:00,448.81159280183863,450.7974848053866,441.8609707894208,443.84686279296875,724600,0.0,0.0
2021-06-03 00:00:00+09:00,445.83277642236993,445.83277642236993,430.938585673293,434.9103698730469,1001600,0.0,0.0
2021-06-04 00:00:00+09:00,431.93151461023865,439.8750826950246,426.96678455724737,437.8891906738281,851300,0.0,0.0
2021-06-07 00:00:00+09:00,440.86802918570385,447.81865126746044,436.89624513898576,444.8398132324219,640300,0.0,0.0
2021-06-08 00:00:00+09:00,445.83278118748274,451.7904575507899,443.84688906638036,449.8045654296875,444500,0.0,0.0
2021-06-09 00:00:00+09:00,448.8115967904089,448.8115967904089,432.9244606208369,437.8891906738281,736100,0.0,0.0
2021-06-10 00:00:00+09:00,434.910361399769,440.86803758332746,432.9244693385828,439.8750915527344,202000,0.0,0.0
2021-06-11 00:00:00+09:00,437.88919018160914,441.8609742195376,430.9385681152344,430.9385681152344,630400,0.0,0.0
2021-06-14 00:00:00+09:00,431.93151461023865,437.8891906738281,430.9385685996404,437.8891906738281,298800,0.0,0.0
2021-06-15 00:00:00+09:00,438.88213278409887,444.83980879474274,438.88213278409887,443.84686279296875,510500,0.0,0.0
2021-06-16 00:00:00+09:00,441.86098830398595,450.79750267417893,440.8680422628534,447.81866455078125,419700,0.0,0.0
2021-06-17 00:00:00+09:00,446.8257228885077,450.7975070919611,442.8539386850543,448.8116149902344,458600,0.0,0.0
2021-06-18 00:00:00+09:00,453.77634953383375,459.7340258953283,442.85394287109375,442.85394287109375,715800,0.0,0.0
2021-06-21 00:00:00+09:00,431.9315359327528,436.89626623083046,424.9809135154442,428.95269775390625,687100,0.0,0.0
2021-06-22 00:00:00+09:00,433.91741059401943,436.89624865301727,428.95268049568966,431.9315185546875,536200,0.0,0.0
2021-06-23 00:00:00+09:00,434.9103610537467,439.8750912027621,431.93152296433755,432.9244689941406,429600,0.0,0.0
2021-06-24 00:00:00+09:00,431.9315236409505,454.7692823621962,429.9456315782335,446.8257141113281,1143100,0.0,0.0
2021-06-25 00:00:00+09:00,452.7833778894387,459.73399991844326,447.8186478687212,457.74810791015625,1205900,0.0,0.0
2021-06-28 00:00:00+09:00,451.7904492450017,461.71990966796875,447.81866507581486,461.71990966796875,590900,0.0,0.0
2021-06-29 00:00:00+09:00,469.6634869136443,477.60705540266997,460.7269723634904,463.705810546875,1253700,0.0,0.0
2021-06-30 00:00:00+09:00,463.7057859580697,485.55059814453125,462.7128399495942,485.55059814453125,1442700,0.0,0.0
2021-07-01 00:00:00+09:00,481.5788265850754,487.5365027902516,473.63525831150713,474.6282043457031,816300,0.0,0.0
2021-07-02 00:00:00+09:00,477.6070257093086,485.5505937044738,470.65640371353896,484.5576477050781,528900,0.0,0.0
2021-07-05 00:00:00+09:00,490.5153281869089,493.4941662123355,483.5647061275802,485.55059814453125,585500,0.0,0.0
2021-07-06 00:00:00+09:00,482.57177734375,489.5223996511703,480.5858852559157,482.57177734375,473900,0.0,0.0
2021-07-07 00:00:00+09:00,476.6140879755435,481.57881805862206,475.62114195892775,479.5929260253906,444000,0.0,0.0
2021-07-08 00:00:00+09:00,479.5929345166833,479.5929345166833,469.663474174723,474.6282043457031,527400,0.0,0.0
2021-07-09 00:00:00+09:00,466.68462692293275,471.649356996581,460.7269508345549,465.6916809082031,592500,0.0,0.0
2021-07-12 00:00:00+09:00,471.64935745111035,473.6352494824834,468.6705194040507,472.6423034667969,278300,0.0,0.0
2021-07-13 00:00:00+09:00,476.61408752954304,480.58587159228927,471.64935745111035,472.6423034667969,254600,0.0,0.0
2021-07-14 00:00:00+09:00,472.64231639797407,474.6282084836798,463.7058020122981,468.6705322265625,607800,0.0,0.0
2021-07-15 00:00:00+09:00,461.7198924529247,467.6775684845753,460.72694644764954,464.69873046875,307800,0.0,0.0
2021-07-16 00:00:00+09:00,462.7128433099314,472.6423034667969,458.7410592471852,472.6423034667969,515800,0.0,0.0
2021-07-19 00:00:00+09:00,470.6564287181636,474.62821292675574,468.67053661386757,469.6634826660156,720000,0.0,0.0
2021-07-20 00:00:00+09:00,464.69874431177516,484.55766500885954,462.71285224206673,481.5788269042969,726100,0.0,0.0
2021-07-21 00:00:00+09:00,495.4800631793692,503.42363132653344,483.5647109586228,493.4941711425781,1698200,0.0,0.0
2021-07-26 00:00:00+09:00,496.4730132621563,498.45890531520496,478.5999847847187,487.5364990234375,1112100,0.0,0.0
2021-07-27 00:00:00+09:00,487.5364954509432,503.42363175891694,480.58587331620475,500.4447937011719,1629000,0.0,0.0
2021-07-28 00:00:00+09:00,497.4659640937148,507.39542445486677,490.5153418409084,495.4800720214844,1370700,0.0,0.0
2021-07-29 00:00:00+09:00,497.46597252440404,502.43070278911864,475.62115935965977,483.5647277832031,1993400,0.0,0.0
2021-07-30 00:00:00+09:00,448.8115946698131,449.80454067571975,404.12902440401314,410.0867004394531,7106300,0.0,0.0
2021-08-02 00:00:00+09:00,407.1078796386719,412.0726098781679,391.2207428722847,407.1078796386719,3411400,0.0,0.0
2021-08-03 00:00:00+09:00,408.1008027809948,411.07964075749845,393.20661289847675,395.1925048828125,1583400,0.0,0.0
2021-08-04 00:00:00+09:00,394.1995807960075,406.1149333641488,394.1995807960075,400.1572570800781,1175800,0.0,0.0
2021-08-05 00:00:00+09:00,402.14312619260505,402.14312619260505,381.29126039002557,388.24188232421875,1601400,0.0,0.0
2021-08-06 00:00:00+09:00,391.22074678742916,397.17842313444584,387.2489625560847,394.1995849609375,712700,0.0,0.0
2021-08-10 00:00:00+09:00,388.2418867617237,392.2136707695163,378.3124267422423,389.2348327636719,1194100,0.0,0.0
2021-08-11 00:00:00+09:00,393.20662607397526,404.1290323538079,393.20662607397526,398.1713562011719,988500,0.0,0.0
2021-08-12 00:00:00+09:00,401.15020312742325,406.1149333641488,398.1713649853879,400.1572570800781,684300,0.0,0.0
2021-08-13 00:00:00+09:00,400.1572398669614,405.1219698901247,393.2066178345328,403.1360778808594,670200,0.0,0.0
2021-08-16 00:00:00+09:00,400.1572393355214,404.1290233487772,390.2277793023819,396.1854553222656,749900,0.0,0.0
2021-08-17 00:00:00+09:00,393.2066156296503,394.19956162871506,375.3335876464844,375.3335876464844,1641100,0.0,0.0
2021-08-18 00:00:00+09:00,372.3547545121741,386.25599868062864,368.38297046404426,383.27716064453125,1227300,0.0,0.0
2021-08-19 00:00:00+09:00,382.284205754598,388.2418816884359,377.3194758097331,381.291259765625,889100,0.0,0.0
2021-08-20 00:00:00+09:00,374.3406545057654,376.32654657210895,363.4182481408757,371.36181640625,1623200,0.0,0.0
2021-08-23 00:00:00+09:00,368.38296999969083,376.3265380859375,367.39002398891,376.3265380859375,1054400,0.0,0.0
2021-08-24 00:00:00+09:00,374.3406635015503,384.2701240718832,373.347717444517,380.29833984375,572700,0.0,0.0
2021-08-25 00:00:00+09:00,379.3053894042969,386.25601172322376,378.3124433587359,379.3053894042969,825200,0.0,0.0
2021-08-26 00:00:00+09:00,382.28422372552416,392.21368408203125,382.28422372552416,392.21368408203125,579400,0.0,0.0
2021-08-27 00:00:00+09:00,388.2418867617237,393.20661677146444,380.2983187461386,389.2348327636719,926100,0.0,0.0
2021-08-30 00:00:00+09:00,390.2277836608887,399.1642977905273,390.2277836608887,397.17840576171875,886700,0.0,0.0
2021-08-31 00:00:00+09:00,399.16431540309793,403.13609963596457,394.19958511201463,401.15020751953125,1195200,0.0,0.0
2021-09-01 00:00:00+09:00,402.14313628925447,407.1078663668996,400.15724425819644,404.1290283203125,641000,0.0,0.0
2021-09-02 00:00:00+09:00,406.11493781061455,411.07966810169785,401.15020751953125,401.15020751953125,1344400,0.0,0.0
2021-09-03 00:00:00+09:00,406.11492478613764,407.1078708125096,401.15019465427775,405.1219787597656,810200,0.0,0.0
2021-09-06 00:00:00+09:00,409.0937632365399,413.0655473456326,405.12197912744733,412.0726013183594,1020000,0.0,0.0
2021-09-07 00:00:00+09:00,416.04438140216746,422.0020575081651,413.06554334916865,418.0302734375,1324700,0.0,0.0
2021-09-08 00:00:00+09:00,418.0302863910044,420.01617848787373,412.0726101003962,414.0585021972656,1365800,0.0,0.0
2021-09-09 00:00:00+09:00,415.0514401166867,429.94563055149604,414.05849408769944,425.9738464355469,1406200,0.0,0.0
2021-09-10 00:00:00+09:00,430.93857727739663,442.8539296445136,427.9597391856174,439.8750915527344,1716300,0.0,0.0
2021-09-13 00:00:00+09:00,444.83983525815216,460.7269722316576,442.853943136464,456.75518798828125,2098900,0.0,0.0
2021-09-14 00:00:00+09:00,461.71990083566754,466.6846309521801,452.7833866259449,459.7340087890625,1115500,0.0,0.0
2021-09-15 00:00:00+09:00,458.74105391429975,458.74105391429975,449.8045398770082,457.74810791015625,709900,0.0,0.0
2021-09-16 00:00:00+09:00,471.64937416009144,472.6423202109548,429.9456400238307,448.8116149902344,1699100,0.0,0.0
2021-09-17 00:00:00+09:00,453.77634106765146,462.7128554431632,448.81161085903386,454.769287109375,860100,0.0,0.0
2021-09-21 00:00:00+09:00,438.88215044179856,456.755179192822,437.8892044000751,454.769287109375,987200,0.0,0.0
2021-09-22 00:00:00+09:00,457.74811233586564,465.69168044581556,456.7551663221219,458.7410583496094,821700,0.0,0.0
2021-09-24 00:00:00+09:00,470.6564025878906,473.6352405789532,461.7198886147028,470.6564025878906,861700,0.0,0.0
2021-09-27 00:00:00+09:00,473.635245548739,479.59292159337724,468.6705155115405,478.5999755859375,937600,0.0,0.0
2021-09-28 00:00:00+09:00,476.61408357105813,481.5788136082566,467.6775695041008,478.5999755859375,811800,0.0,0.0
2021-09-29 00:00:00+09:00,475.0,478.0,467.0,470.0,945600,3.4,0.0
2021-09-30 00:00:00+09:00,474.0,481.0,470.0,475.0,1546900,0.0,0.0
2021-10-01 00:00:00+09:00,472.0,479.0,454.0,460.0,2041900,0.0,0.0
2021-10-04 00:00:00+09:00,465.0,468.0,460.0,465.0,1021600,0.0,0.0
2021-10-05 00:00:00+09:00,459.0,459.0,439.0,448.0,981900,0.0,0.0
2021-10-06 00:00:00+09:00,457.0,461.0,442.0,444.0,997200,0.0,0.0
2021-10-07 00:00:00+09:00,451.0,459.0,448.0,455.0,816300,0.0,0.0
2021-10-08 00:00:00+09:00,459.0,470.0,458.0,467.0,1138700,0.0,0.0
2021-10-11 00:00:00+09:00,467.0,473.0,464.0,471.0,724800,0.0,0.0
2021-10-12 00:00:00+09:00,469.0,476.0,464.0,476.0,719400,0.0,0.0
2021-10-13 00:00:00+09:00,475.0,475.0,464.0,465.0,498400,0.0,0.0
2021-10-14 00:00:00+09:00,469.0,482.0,467.0,477.0,1109300,0.0,0.0
2021-10-15 00:00:00+09:00,485.0,496.0,482.0,492.0,981000,0.0,0.0
2021-10-18 00:00:00+09:00,494.0,495.0,481.0,492.0,677100,0.0,0.0
2021-10-19 00:00:00+09:00,485.0,490.0,481.0,484.0,739900,0.0,0.0
2021-10-20 00:00:00+09:00,489.0,496.0,485.0,486.0,729000,0.0,0.0
2021-10-21 00:00:00+09:00,478.0,483.0,469.0,469.0,1267400,0.0,0.0
2021-10-22 00:00:00+09:00,461.0,462.0,437.0,450.0,2659900,0.0,0.0
2021-10-25 00:00:00+09:00,439.0,442.0,427.0,434.0,1524500,0.0,0.0
2021-10-26 00:00:00+09:00,433.0,448.0,433.0,444.0,887000,0.0,0.0
2021-10-27 00:00:00+09:00,434.0,439.0,416.0,423.0,1923000,0.0,0.0
2021-10-28 00:00:00+09:00,435.0,450.0,428.0,440.0,2770100,0.0,0.0
2021-10-29 00:00:00+09:00,441.0,489.0,441.0,481.0,10740600,0.0,0.0
2021-11-01 00:00:00+09:00,471.0,560.0,471.0,537.0,9183200,0.0,0.0
2021-11-02 00:00:00+09:00,535.0,561.0,532.0,559.0,5340200,0.0,0.0
2021-11-04 00:00:00+09:00,559.0,570.0,520.0,545.0,4582800,0.0,0.0
2021-11-05 00:00:00+09:00,539.0,555.0,536.0,551.0,1698900,0.0,0.0
2021-11-08 00:00:00+09:00,551.0,567.0,545.0,554.0,3710300,0.0,0.0
2021-11-09 00:00:00+09:00,548.0,562.0,543.0,556.0,1386200,0.0,0.0
2021-11-10 00:00:00+09:00,556.0,558.0,530.0,530.0,1842300,0.0,0.0
2021-11-11 00:00:00+09:00,533.0,547.0,529.0,543.0,1521100,0.0,0.0
2021-11-12 00:00:00+09:00,539.0,551.0,539.0,544.0,869000,0.0,0.0
2021-11-15 00:00:00+09:00,544.0,548.0,537.0,541.0,821700,0.0,0.0
2021-11-16 00:00:00+09:00,541.0,554.0,538.0,553.0,1170100,0.0,0.0
2021-11-17 00:00:00+09:00,539.0,540.0,503.0,518.0,2959500,0.0,0.0
2021-11-18 00:00:00+09:00,514.0,543.0,511.0,535.0,1873100,0.0,0.0
2021-11-19 00:00:00+09:00,535.0,544.0,530.0,540.0,1568800,0.0,0.0
2021-11-22 00:00:00+09:00,536.0,536.0,513.0,519.0,1451800,0.0,0.0
2021-11-24 00:00:00+09:00,517.0,517.0,503.0,510.0,909400,0.0,0.0
2021-11-25 00:00:00+09:00,504.0,510.0,489.0,498.0,1308800,0.0,0.0
2021-11-26 00:00:00+09:00,493.0,493.0,480.0,482.0,967200,0.0,0.0
2021-11-29 00:00:00+09:00,468.0,483.0,465.0,472.0,1168800,0.0,0.0
2021-11-30 00:00:00+09:00,480.0,486.0,457.0,463.0,960600,0.0,0.0
2021-12-01 00:00:00+09:00,463.0,468.0,448.0,454.0,857400,0.0,0.0
2021-12-02 00:00:00+09:00,449.0,454.0,439.0,448.0,937500,0.0,0.0
2021-12-03 00:00:00+09:00,453.0,472.0,453.0,467.0,1365600,0.0,0.0
2021-12-06 00:00:00+09:00,458.0,461.0,451.0,459.0,1058800,0.0,0.0
2021-12-07 00:00:00+09:00,462.0,477.0,461.0,475.0,1251500,0.0,0.0
2021-12-08 00:00:00+09:00,490.0,495.0,485.0,491.0,1005100,0.0,0.0
2021-12-09 00:00:00+09:00,495.0,498.0,487.0,495.0,494200,0.0,0.0
2021-12-10 00:00:00+09:00,490.0,490.0,477.0,478.0,552800,0.0,0.0
2021-12-13 00:00:00+09:00,484.0,487.0,481.0,487.0,430100,0.0,0.0
2021-12-14 00:00:00+09:00,479.0,484.0,466.0,471.0,817300,0.0,0.0
2021-12-15 00:00:00+09:00,463.0,472.0,461.0,468.0,340300,0.0,0.0
2021-12-16 00:00:00+09:00,472.0,474.0,452.0,458.0,958800,0.0,0.0
2021-12-17 00:00:00+09:00,450.0,450.0,429.0,432.0,1083200,0.0,0.0
2021-12-20 00:00:00+09:00,432.0,446.0,426.0,438.0,1417500,0.0,0.0
2021-12-21 00:00:00+09:00,438.0,456.0,434.0,450.0,903700,0.0,0.0
2021-12-22 00:00:00+09:00,452.0,469.0,450.0,463.0,843600,0.0,0.0
2021-12-23 00:00:00+09:00,463.0,483.0,461.0,483.0,1260800,0.0,0.0
2021-12-24 00:00:00+09:00,483.0,487.0,477.0,487.0,779000,0.0,0.0
2021-12-27 00:00:00+09:00,487.0,492.0,478.0,481.0,796700,0.0,0.0
2021-12-28 00:00:00+09:00,480.0,485.0,478.0,485.0,502400,0.0,0.0
2021-12-29 00:00:00+09:00,484.0,488.0,482.0,488.0,302600,0.0,0.0
2021-12-30 00:00:00+09:00,485.0,490.0,477.0,487.0,413400,0.0,0.0
2022-01-04 00:00:00+09:00,494.0,500.0,492.0,496.0,555500,0.0,0.0
2022-01-05 00:00:00+09:00,496.0,496.0,478.0,481.0,615500,0.0,0.0
2022-01-06 00:00:00+09:00,473.0,484.0,473.0,479.0,637000,0.0,0.0
2022-01-07 00:00:00+09:00,478.0,482.0,456.0,462.0,1157400,0.0,0.0
2022-01-11 00:00:00+09:00,476.0,476.0,460.0,471.0,565700,0.0,0.0
2022-01-12 00:00:00+09:00,468.0,475.0,459.0,459.0,932300,0.0,0.0
2022-01-13 00:00:00+09:00,455.0,461.0,449.0,450.0,594700,0.0,0.0
2022-01-14 00:00:00+09:00,464.0,464.0,451.0,455.0,735500,0.0,0.0
2022-01-17 00:00:00+09:00,448.0,473.0,447.0,464.0,689100,0.0,0.0
2022-01-18 00:00:00+09:00,461.0,466.0,453.0,458.0,743800,0.0,0.0
2022-01-19 00:00:00+09:00,450.0,455.0,435.0,435.0,894400,0.0,0.0
2022-01-20 00:00:00+09:00,443.0,453.0,436.0,450.0,539500,0.0,0.0
2022-01-21 00:00:00+09:00,443.0,444.0,431.0,442.0,646000,0.0,0.0
2022-01-24 00:00:00+09:00,434.0,441.0,429.0,438.0,577000,0.0,0.0
2022-01-25 00:00:00+09:00,442.0,442.0,415.0,422.0,794700,0.0,0.0
2022-01-26 00:00:00+09:00,414.0,428.0,409.0,421.0,731200,0.0,0.0
2022-01-27 00:00:00+09:00,417.0,419.0,395.0,399.0,1303000,0.0,0.0
2022-01-28 00:00:00+09:00,401.0,406.0,392.0,401.0,512200,0.0,0.0
2022-01-31 00:00:00+09:00,403.0,423.0,402.0,417.0,903600,0.0,0.0
2022-02-01 00:00:00+09:00,425.0,429.0,415.0,415.0,842500,0.0,0.0
2022-02-02 00:00:00+09:00,426.0,438.0,419.0,437.0,791400,0.0,0.0
2022-02-03 00:00:00+09:00,437.0,440.0,429.0,431.0,941000,0.0,0.0
2022-02-04 00:00:00+09:00,434.0,436.0,422.0,436.0,633400,0.0,0.0
2022-02-07 00:00:00+09:00,428.0,440.0,414.0,415.0,850200,0.0,0.0
2022-02-08 00:00:00+09:00,410.0,436.0,409.0,417.0,1049400,0.0,0.0
2022-02-09 00:00:00+09:00,430.0,433.0,417.0,421.0,730000,0.0,0.0
2022-02-10 00:00:00+09:00,434.0,443.0,428.0,440.0,1709200,0.0,0.0
2022-02-14 00:00:00+09:00,488.0,498.0,468.0,469.0,4293400,0.0,0.0
2022-02-15 00:00:00+09:00,485.0,510.0,484.0,497.0,2921800,0.0,0.0
2022-02-16 00:00:00+09:00,508.0,535.0,495.0,535.0,3371300,0.0,0.0
2022-02-17 00:00:00+09:00,528.0,549.0,521.0,547.0,2576200,0.0,0.0
2022-02-18 00:00:00+09:00,530.0,582.0,527.0,578.0,3589900,0.0,0.0
2022-02-21 00:00:00+09:00,573.0,610.0,569.0,597.0,5439900,0.0,0.0
2022-02-22 00:00:00+09:00,591.0,612.0,586.0,611.0,4122000,0.0,0.0
2022-02-24 00:00:00+09:00,591.0,592.0,561.0,577.0,3324800,0.0,0.0
2022-02-25 00:00:00+09:00,595.0,604.0,583.0,603.0,2755000,0.0,0.0
2022-02-28 00:00:00+09:00,602.0,639.0,593.0,639.0,2948100,0.0,0.0
2022-03-01 00:00:00+09:00,632.0,645.0,617.0,643.0,3259500,0.0,0.0
2022-03-02 00:00:00+09:00,629.0,661.0,625.0,660.0,2816600,0.0,0.0
2022-03-03 00:00:00+09:00,660.0,683.0,645.0,650.0,2435200,0.0,0.0
2022-03-04 00:00:00+09:00,645.0,659.0,638.0,653.0,2117000,0.0,0.0
2022-03-07 00:00:00+09:00,630.0,644.0,629.0,634.0,2098500,0.0,0.0
2022-03-08 00:00:00+09:00,626.0,650.0,615.0,635.0,2638700,0.0,0.0
2022-03-09 00:00:00+09:00,636.0,641.0,595.0,630.0,2597000,0.0,0.0
2022-03-10 00:00:00+09:00,648.0,664.0,643.0,661.0,1662200,0.0,0.0
2022-03-11 00:00:00+09:00,659.0,665.0,652.0,655.0,1069500,0.0,0.0
2022-03-14 00:00:00+09:00,642.0,660.0,636.0,659.0,1148500,0.0,0.0
2022-03-15 00:00:00+09:00,653.0,664.0,640.0,664.0,1229500,0.0,0.0
2022-03-16 00:00:00+09:00,672.0,692.0,665.0,668.0,1537300,0.0,0.0
2022-03-17 00:00:00+09:00,677.0,685.0,658.0,663.0,1089800,0.0,0.0
2022-03-18 00:00:00+09:00,659.0,673.0,652.0,673.0,1114900,0.0,0.0
2022-03-22 00:00:00+09:00,683.0,697.0,677.0,685.0,929600,0.0,0.0
2022-03-23 00:00:00+09:00,684.0,688.0,648.0,648.0,1670100,0.0,0.0
2022-03-24 00:00:00+09:00,657.0,662.0,649.0,657.0,788000,0.0,0.0
2022-03-25 00:00:00+09:00,645.0,654.0,628.0,652.0,1150600,0.0,0.0
2022-03-28 00:00:00+09:00,632.0,639.0,621.0,632.0,1288300,0.0,0.0
2022-03-29 00:00:00+09:00,629.0,651.0,624.0,649.0,997400,0.0,0.0
2022-03-30 00:00:00+09:00,650.0,653.0,629.0,637.0,1098400,0.0,0.0
2022-03-31 00:00:00+09:00,629.0,657.0,624.0,639.0,1177000,0.0,0.0
2022-04-01 00:00:00+09:00,638.0,641.0,627.0,636.0,782400,0.0,0.0
2022-04-04 00:00:00+09:00,640.0,662.0,637.0,660.0,947100,0.0,0.0
2022-04-05 00:00:00+09:00,668.0,699.0,663.0,686.0,1251600,0.0,0.0
2022-04-06 00:00:00+09:00,674.0,674.0,652.0,666.0,1139300,0.0,0.0
2022-04-07 00:00:00+09:00,650.0,659.0,644.0,647.0,661100,0.0,0.0
2022-04-08 00:00:00+09:00,652.0,662.0,648.0,656.0,568400,0.0,0.0
2022-04-11 00:00:00+09:00,663.0,676.0,643.0,646.0,569400,0.0,0.0
2022-04-12 00:00:00+09:00,641.0,656.0,639.0,652.0,496400,0.0,0.0
2022-04-13 00:00:00+09:00,653.0,671.0,653.0,670.0,401900,0.0,0.0
2022-04-14 00:00:00+09:00,670.0,671.0,660.0,665.0,449700,0.0,0.0
2022-04-15 00:00:00+09:00,664.0,665.0,655.0,657.0,422800,0.0,0.0
2022-04-18 00:00:00+09:00,653.0,662.0,638.0,644.0,786900,0.0,0.0
2022-04-19 00:00:00+09:00,646.0,652.0,630.0,650.0,1045900,0.0,0.0
2022-04-20 00:00:00+09:00,656.0,658.0,637.0,644.0,834200,0.0,0.0
2022-04-21 00:00:00+09:00,634.0,635.0,620.0,624.0,1156200,0.0,0.0
2022-04-22 00:00:00+09:00,615.0,626.0,604.0,624.0,730200,0.0,0.0
2022-04-25 00:00:00+09:00,617.0,633.0,616.0,624.0,571000,0.0,0.0
2022-04-26 00:00:00+09:00,633.0,660.0,627.0,655.0,1111200,0.0,0.0
2022-04-27 00:00:00+09:00,641.0,653.0,634.0,641.0,1266800,0.0,0.0
2022-04-28 00:00:00+09:00,647.0,670.0,645.0,665.0,1033000,0.0,0.0
2022-05-02 00:00:00+09:00,659.0,671.0,648.0,666.0,729000,0.0,0.0
2022-05-06 00:00:00+09:00,665.0,673.0,648.0,670.0,673500,0.0,0.0
2022-05-09 00:00:00+09:00,666.0,675.0,646.0,655.0,884100,0.0,0.0
2022-05-10 00:00:00+09:00,645.0,645.0,612.0,622.0,1378200,0.0,0.0
2022-05-11 00:00:00+09:00,628.0,633.0,611.0,629.0,576200,0.0,0.0
2022-05-12 00:00:00+09:00,621.0,632.0,601.0,619.0,1656900,0.0,0.0
2022-05-13 00:00:00+09:00,615.0,622.0,571.0,598.0,3387800,0.0,0.0
2022-05-16 00:00:00+09:00,608.0,612.0,565.0,570.0,1579500,0.0,0.0
2022-05-17 00:00:00+09:00,575.0,597.0,571.0,592.0,840000,0.0,0.0
2022-05-18 00:00:00+09:00,597.0,604.0,589.0,603.0,483700,0.0,0.0
2022-05-19 00:00:00+09:00,583.0,593.0,566.0,570.0,1846500,0.0,0.0
2022-05-20 00:00:00+09:00,567.0,568.0,556.0,561.0,1162300,0.0,0.0
2022-05-23 00:00:00+09:00,573.0,596.0,572.0,594.0,994700,0.0,0.0
2022-05-24 00:00:00+09:00,584.0,590.0,576.0,584.0,598600,0.0,0.0
2022-05-25 00:00:00+09:00,575.0,575.0,539.0,543.0,1452400,0.0,0.0
2022-05-26 00:00:00+09:00,544.0,545.0,531.0,533.0,928900,0.0,0.0
2022-05-27 00:00:00+09:00,531.0,532.0,513.0,519.0,1764500,0.0,0.0
2022-05-30 00:00:00+09:00,538.0,551.0,535.0,548.0,1015900,0.0,0.0
2022-05-31 00:00:00+09:00,545.0,552.0,538.0,549.0,1178100,0.0,0.0
2022-06-01 00:00:00+09:00,545.0,555.0,538.0,544.0,645500,0.0,0.0
2022-06-02 00:00:00+09:00,542.0,542.0,533.0,535.0,514700,0.0,0.0
2022-06-03 00:00:00+09:00,540.0,553.0,536.0,549.0,632500,0.0,0.0
2022-06-06 00:00:00+09:00,545.0,557.0,545.0,551.0,468900,0.0,0.0
2022-06-07 00:00:00+09:00,550.0,552.0,542.0,545.0,393600,0.0,0.0
2022-06-08 00:00:00+09:00,549.0,553.0,541.0,548.0,594900,0.0,0.0
2022-06-09 00:00:00+09:00,551.0,571.0,549.0,564.0,920300,0.0,0.0
2022-06-10 00:00:00+09:00,561.0,580.0,552.0,575.0,1003400,0.0,0.0
2022-06-13 00:00:00+09:00,566.0,572.0,555.0,562.0,1087800,0.0,0.0
2022-06-14 00:00:00+09:00,572.0,596.0,564.0,576.0,2068000,0.0,0.0
2022-06-15 00:00:00+09:00,577.0,578.0,536.0,544.0,1399700,0.0,0.0
2022-06-16 00:00:00+09:00,552.0,558.0,541.0,544.0,854500,0.0,0.0
2022-06-17 00:00:00+09:00,535.0,545.0,527.0,528.0,819000,0.0,0.0
2022-06-20 00:00:00+09:00,538.0,543.0,521.0,523.0,511600,0.0,0.0
2022-06-21 00:00:00+09:00,516.0,531.0,507.0,525.0,958800,0.0,0.0
2022-06-22 00:00:00+09:00,523.0,526.0,509.0,524.0,929600,0.0,0.0
2022-06-23 00:00:00+09:00,541.0,551.0,536.0,539.0,882200,0.0,0.0
2022-06-24 00:00:00+09:00,548.0,567.0,543.0,563.0,768400,0.0,0.0
2022-06-27 00:00:00+09:00,573.0,575.0,555.0,559.0,715100,0.0,0.0
2022-06-28 00:00:00+09:00,549.0,554.0,540.0,547.0,772200,0.0,0.0
2022-06-29 00:00:00+09:00,533.0,539.0,521.0,531.0,1204900,0.0,0.0
2022-06-30 00:00:00+09:00,539.0,542.0,520.0,523.0,753100,0.0,0.0
2022-07-01 00:00:00+09:00,524.0,525.0,499.0,501.0,907100,0.0,0.0
2022-07-04 00:00:00+09:00,510.0,512.0,502.0,506.0,497300,0.0,0.0
2022-07-05 00:00:00+09:00,509.0,515.0,501.0,514.0,736100,0.0,0.0
2022-07-06 00:00:00+09:00,514.0,517.0,498.0,500.0,648200,0.0,0.0
2022-07-07 00:00:00+09:00,501.0,504.0,491.0,502.0,608000,0.0,0.0
2022-07-08 00:00:00+09:00,505.0,513.0,502.0,506.0,527400,0.0,0.0
2022-07-11 00:00:00+09:00,508.0,516.0,500.0,503.0,635500,0.0,0.0
2022-07-12 00:00:00+09:00,500.0,508.0,494.0,508.0,777900,0.0,0.0
2022-07-13 00:00:00+09:00,503.0,508.0,499.0,502.0,453900,0.0,0.0
2022-07-14 00:00:00+09:00,507.0,507.0,486.0,486.0,969600,0.0,0.0
2022-07-15 00:00:00+09:00,486.0,492.0,483.0,489.0,680800,0.0,0.0
2022-07-19 00:00:00+09:00,494.0,498.0,492.0,496.0,499200,0.0,0.0
2022-07-20 00:00:00+09:00,506.0,508.0,497.0,505.0,830700,0.0,0.0
2022-07-21 00:00:00+09:00,519.0,536.0,517.0,529.0,1148100,0.0,0.0
2022-07-22 00:00:00+09:00,512.0,515.0,494.0,506.0,2216000,0.0,0.0
2022-07-25 00:00:00+09:00,506.0,509.0,493.0,493.0,1210600,0.0,0.0
2022-07-26 00:00:00+09:00,495.0,496.0,479.0,483.0,1267600,0.0,0.0
2022-07-27 00:00:00+09:00,480.0,498.0,479.0,493.0,1271900,0.0,0.0
2022-07-28 00:00:00+09:00,513.0,522.0,503.0,508.0,1404800,0.0,0.0
2022-07-29 00:00:00+09:00,518.0,541.0,518.0,541.0,1836900,0.0,0.0
2022-08-01 00:00:00+09:00,531.0,537.0,525.0,534.0,755700,0.0,0.0
2022-08-02 00:00:00+09:00,514.0,520.0,504.0,505.0,1077500,0.0,0.0
2022-08-03 00:00:00+09:00,519.0,527.0,513.0,527.0,1078900,0.0,0.0
2022-08-04 00:00:00+09:00,520.0,521.0,506.0,517.0,1676900,0.0,0.0
2022-08-05 00:00:00+09:00,520.0,533.0,519.0,527.0,728600,0.0,0.0
2022-08-08 00:00:00+09:00,512.0,514.0,496.0,513.0,1576000,0.0,0.0
2022-08-09 00:00:00+09:00,510.0,526.0,509.0,525.0,1637700,0.0,0.0
2022-08-10 00:00:00+09:00,474.0,479.0,451.0,460.0,7051000,0.0,0.0
2022-08-12 00:00:00+09:00,461.0,492.0,461.0,488.0,2425900,0.0,0.0
2022-08-15 00:00:00+09:00,482.0,490.0,476.0,481.0,1206300,0.0,0.0
2022-08-16 00:00:00+09:00,483.0,492.0,481.0,481.0,844200,0.0,0.0
2022-08-17 00:00:00+09:00,477.0,483.0,472.0,477.0,659800,0.0,0.0
2022-08-18 00:00:00+09:00,474.0,495.0,474.0,490.0,1015000,0.0,0.0
2022-08-19 00:00:00+09:00,488.0,491.0,480.0,480.0,853100,0.0,0.0
2022-08-22 00:00:00+09:00,474.0,482.0,471.0,478.0,736800,0.0,0.0
2022-08-23 00:00:00+09:00,478.0,481.0,474.0,478.0,430100,0.0,0.0
2022-08-24 00:00:00+09:00,481.0,487.0,475.0,482.0,588900,0.0,0.0
2022-08-25 00:00:00+09:00,488.0,496.0,488.0,492.0,741100,0.0,0.0
2022-08-26 00:00:00+09:00,497.0,499.0,491.0,492.0,680200,0.0,0.0
2022-08-29 00:00:00+09:00,478.0,486.0,475.0,486.0,945200,0.0,0.0
2022-08-30 00:00:00+09:00,486.0,500.0,484.0,495.0,743000,0.0,0.0
2022-08-31 00:00:00+09:00,493.0,507.0,491.0,499.0,597700,0.0,0.0
2022-09-01 00:00:00+09:00,488.0,491.0,476.0,476.0,1432000,0.0,0.0
2022-09-02 00:00:00+09:00,476.0,479.0,471.0,474.0,914000,0.0,0.0
2022-09-05 00:00:00+09:00,477.0,490.0,477.0,483.0,765400,0.0,0.0
2022-09-06 00:00:00+09:00,484.0,494.0,480.0,480.0,760800,0.0,0.0
2022-09-07 00:00:00+09:00,490.0,490.0,473.0,474.0,848900,0.0,0.0
2022-09-08 00:00:00+09:00,475.0,476.0,469.0,470.0,797000,0.0,0.0
2022-09-09 00:00:00+09:00,473.0,489.0,473.0,485.0,833200,0.0,0.0
2022-09-12 00:00:00+09:00,489.0,493.0,488.0,488.0,497400,0.0,0.0
2022-09-13 00:00:00+09:00,488.0,495.0,484.0,492.0,941600,0.0,0.0
2022-09-14 00:00:00+09:00,491.0,492.0,481.0,483.0,664100,0.0,0.0
2022-09-15 00:00:00+09:00,484.0,487.0,476.0,479.0,565300,0.0,0.0
2022-09-16 00:00:00+09:00,472.0,476.0,468.0,475.0,1166200,0.0,0.0
2022-09-20 00:00:00+09:00,471.0,471.0,460.0,461.0,941900,0.0,0.0
2022-09-21 00:00:00+09:00,455.0,467.0,454.0,464.0,877200,0.0,0.0
2022-09-22 00:00:00+09:00,466.0,471.0,457.0,470.0,777300,0.0,0.0
2022-09-26 00:00:00+09:00,462.0,472.0,458.0,458.0,819200,0.0,0.0
2022-09-27 00:00:00+09:00,459.0,462.0,451.0,452.0,737200,0.0,0.0
2022-09-28 00:00:00+09:00,449.0,449.0,429.0,437.0,1164200,0.0,0.0
2022-09-29 00:00:00+09:00,445.0,465.0,443.0,460.0,1523000,0.0,0.0
2022-09-30 00:00:00+09:00,446.0,457.0,443.0,448.0,870900,0.0,0.0
2022-10-03 00:00:00+09:00,441.0,451.0,435.0,448.0,657600,0.0,0.0
2022-10-04 00:00:00+09:00,456.0,459.0,450.0,451.0,819500,0.0,0.0
2022-10-05 00:00:00+09:00,459.0,464.0,448.0,453.0,609400,0.0,0.0
2022-10-06 00:00:00+09:00,449.0,467.0,449.0,460.0,1022800,0.0,0.0
2022-10-07 00:00:00+09:00,452.0,461.0,448.0,449.0,892100,0.0,0.0
2022-10-11 00:00:00+09:00,442.0,442.0,423.0,433.0,1380300,0.0,0.0
2022-10-12 00:00:00+09:00,440.0,445.0,432.0,440.0,701300,0.0,0.0
2022-10-13 00:00:00+09:00,439.0,443.0,429.0,430.0,660000,0.0,0.0
2022-10-14 00:00:00+09:00,438.0,451.0,436.0,444.0,647800,0.0,0.0
2022-10-17 00:00:00+09:00,440.0,449.0,440.0,446.0,467500,0.0,0.0
2022-10-18 00:00:00+09:00,450.0,458.0,448.0,452.0,454500,0.0,0.0
2022-10-19 00:00:00+09:00,451.0,457.0,446.0,453.0,538300,0.0,0.0
2022-10-20 00:00:00+09:00,448.0,454.0,447.0,451.0,412600,0.0,0.0
2022-10-21 00:00:00+09:00,445.0,458.0,445.0,452.0,502300,0.0,0.0
2022-10-24 00:00:00+09:00,460.0,465.0,453.0,456.0,361500,0.0,0.0
2022-10-25 00:00:00+09:00,460.0,461.0,455.0,460.0,300300,0.0,0.0
2022-10-26 00:00:00+09:00,465.0,471.0,462.0,468.0,558000,0.0,0.0
2022-10-27 00:00:00+09:00,460.0,460.0,445.0,445.0,882200,0.0,0.0
2022-10-28 00:00:00+09:00,443.0,445.0,438.0,439.0,465700,0.0,0.0
2022-10-31 00:00:00+09:00,445.0,449.0,442.0,444.0,445200,0.0,0.0
2022-11-01 00:00:00+09:00,436.0,438.0,422.0,424.0,1133900,0.0,0.0
2022-11-02 00:00:00+09:00,421.0,431.0,412.0,428.0,1173700,0.0,0.0
2022-11-04 00:00:00+09:00,412.0,413.0,405.0,407.0,1340700,0.0,0.0
2022-11-07 00:00:00+09:00,404.0,404.0,397.0,402.0,1231900,0.0,0.0
2022-11-08 00:00:00+09:00,408.0,418.0,408.0,417.0,832200,0.0,0.0
2022-11-09 00:00:00+09:00,417.0,421.0,410.0,419.0,900100,0.0,0.0
2022-11-10 00:00:00+09:00,424.0,427.0,412.0,413.0,1482500,0.0,0.0
2022-11-11 00:00:00+09:00,381.0,422.0,377.0,415.0,6531000,0.0,0.0
2022-11-14 00:00:00+09:00,409.0,409.0,384.0,388.0,3105700,0.0,0.0
2022-11-15 00:00:00+09:00,384.0,396.0,380.0,389.0,1837900,0.0,0.0
2022-11-16 00:00:00+09:00,396.0,408.0,393.0,406.0,1753800,0.0,0.0
2022-11-17 00:00:00+09:00,409.0,422.0,408.0,414.0,1268000,0.0,0.0
2022-11-18 00:00:00+09:00,412.0,416.0,404.0,410.0,1177200,0.0,0.0
2022-11-21 00:00:00+09:00,413.0,423.0,411.0,412.0,762400,0.0,0.0
2022-11-22 00:00:00+09:00,408.0,415.0,405.0,408.0,1002200,0.0,0.0
2022-11-24 00:00:00+09:00,411.0,415.0,405.0,405.0,1065300,0.0,0.0
2022-11-25 00:00:00+09:00,409.0,414.0,398.0,398.0,1220200,0.0,0.0
2022-11-28 00:00:00+09:00,394.0,394.0,383.0,384.0,1701900,0.0,0.0
2022-11-29 00:00:00+09:00,382.0,401.0,381.0,394.0,1245000,0.0,0.0
2022-11-30 00:00:00+09:00,390.0,396.0,385.0,393.0,1233800,0.0,0.0
2022-12-01 00:00:00+09:00,396.0,397.0,383.0,383.0,1058900,0.0,0.0
2022-12-02 00:00:00+09:00,386.0,387.0,376.0,384.0,1387300,0.0,0.0
2022-12-05 00:00:00+09:00,373.0,373.0,359.0,360.0,2676400,0.0,0.0
2022-12-06 00:00:00+09:00,364.0,370.0,358.0,358.0,861200,0.0,0.0
2022-12-07 00:00:00+09:00,352.0,358.0,350.0,357.0,836100,0.0,0.0
2022-12-08 00:00:00+09:00,355.0,362.0,344.0,344.0,1674200,0.0,0.0
2022-12-09 00:00:00+09:00,346.0,359.0,344.0,354.0,1455900,0.0,0.0
2022-12-12 00:00:00+09:00,350.0,354.0,347.0,349.0,960000,0.0,0.0
2022-12-13 00:00:00+09:00,348.0,359.0,348.0,355.0,690100,0.0,0.0
2022-12-14 00:00:00+09:00,352.0,356.0,349.0,354.0,490300,0.0,0.0
2022-12-15 00:00:00+09:00,355.0,362.0,355.0,358.0,615700,0.0,0.0
2022-12-16 00:00:00+09:00,350.0,355.0,349.0,352.0,916200,0.0,0.0
2022-12-19 00:00:00+09:00,347.0,360.0,347.0,357.0,810900,0.0,0.0
2022-12-20 00:00:00+09:00,359.0,359.0,341.0,347.0,1443600,0.0,0.0
2022-12-21 00:00:00+09:00,341.0,345.0,337.0,337.0,709200,0.0,0.0
2022-12-22 00:00:00+09:00,335.0,338.0,329.0,332.0,1263100,0.0,0.0
2022-12-23 00:00:00+09:00,334.0,335.0,324.0,326.0,948400,0.0,0.0
2022-12-26 00:00:00+09:00,323.0,327.0,316.0,320.0,1703700,0.0,0.0
2022-12-27 00:00:00+09:00,322.0,330.0,321.0,330.0,1281700,0.0,0.0
2022-12-28 00:00:00+09:00,329.0,331.0,322.0,328.0,800500,0.0,0.0
2022-12-29 00:00:00+09:00,328.0,339.0,325.0,336.0,1325100,0.0,0.0
2022-12-30 00:00:00+09:00,344.0,349.0,340.0,344.0,903700,0.0,0.0
2023-01-04 00:00:00+09:00,341.0,344.0,336.0,336.0,860300,0.0,0.0
2023-01-05 00:00:00+09:00,339.0,344.0,334.0,334.0,757100,0.0,0.0
2023-01-06 00:00:00+09:00,327.0,337.0,326.0,336.0,463600,0.0,0.0
2023-01-10 00:00:00+09:00,336.0,336.0,328.0,331.0,463800,0.0,0.0
2023-01-11 00:00:00+09:00,333.0,340.0,332.0,334.0,361400,0.0,0.0
2023-01-12 00:00:00+09:00,339.0,340.0,332.0,335.0,328900,0.0,0.0
2023-01-13 00:00:00+09:00,328.0,334.0,328.0,329.0,395300,0.0,0.0
2023-01-16 00:00:00+09:00,329.0,337.0,327.0,330.0,584000,0.0,0.0
2023-01-17 00:00:00+09:00,335.0,335.0,328.0,330.0,346700,0.0,0.0
2023-01-18 00:00:00+09:00,331.0,338.0,328.0,335.0,573200,0.0,0.0
2023-01-19 00:00:00+09:00,346.0,359.0,346.0,349.0,1363100,0.0,0.0
2023-01-20 00:00:00+09:00,350.0,351.0,341.0,343.0,852600,0.0,0.0
2023-01-23 00:00:00+09:00,350.0,354.0,348.0,349.0,406000,0.0,0.0
2023-01-24 00:00:00+09:00,354.0,358.0,352.0,356.0,562400,0.0,0.0
2023-01-25 00:00:00+09:00,352.0,359.0,346.0,359.0,1092900,0.0,0.0
2023-01-26 00:00:00+09:00,356.0,359.0,352.0,352.0,720000,0.0,0.0
2023-01-27 00:00:00+09:00,352.0,353.0,347.0,351.0,509600,0.0,0.0
2023-01-30 00:00:00+09:00,352.0,353.0,344.0,344.0,305900,0.0,0.0
2023-01-31 00:00:00+09:00,345.0,346.0,339.0,342.0,388200,0.0,0.0
2023-02-01 00:00:00+09:00,343.0,347.0,341.0,343.0,459700,0.0,0.0
2023-02-02 00:00:00+09:00,349.0,351.0,343.0,343.0,616500,0.0,0.0
2023-02-03 00:00:00+09:00,345.0,352.0,344.0,348.0,527100,0.0,0.0
2023-02-06 00:00:00+09:00,352.0,353.0,350.0,350.0,428000,0.0,0.0
2023-02-07 00:00:00+09:00,347.0,350.0,343.0,346.0,899200,0.0,0.0
2023-02-08 00:00:00+09:00,347.0,352.0,346.0,349.0,435600,0.0,0.0
2023-02-09 00:00:00+09:00,349.0,355.0,346.0,350.0,872600,0.0,0.0
2023-02-10 00:00:00+09:00,340.0,353.0,336.0,350.0,1659300,0.0,0.0
2023-02-13 00:00:00+09:00,344.0,346.0,332.0,339.0,1324000,0.0,0.0
2023-02-14 00:00:00+09:00,339.0,345.0,335.0,338.0,985200,0.0,0.0
2023-02-15 00:00:00+09:00,338.0,341.0,333.0,336.0,700800,0.0,0.0
2023-02-16 00:00:00+09:00,336.0,343.0,335.0,343.0,675300,0.0,0.0
2023-02-17 00:00:00+09:00,342.0,346.0,339.0,343.0,910000,0.0,0.0
2023-02-20 00:00:00+09:00,339.0,352.0,338.0,349.0,995400,0.0,0.0
2023-02-21 00:00:00+09:00,350.0,353.0,348.0,349.0,765900,0.0,0.0
2023-02-22 00:00:00+09:00,346.0,349.0,341.0,349.0,876300,0.0,0.0
2023-02-24 00:00:00+09:00,349.0,351.0,342.0,343.0,849700,0.0,0.0
2023-02-27 00:00:00+09:00,336.0,340.0,333.0,334.0,1243800,0.0,0.0
2023-02-28 00:00:00+09:00,332.0,337.0,330.0,335.0,1030500,0.0,0.0
2023-03-01 00:00:00+09:00,334.0,342.0,333.0,338.0,1072400,0.0,0.0
2023-03-02 00:00:00+09:00,340.0,348.0,337.0,339.0,1148800,0.0,0.0
2023-03-03 00:00:00+09:00,341.0,344.0,337.0,344.0,602300,0.0,0.0
2023-03-06 00:00:00+09:00,347.0,350.0,340.0,341.0,730500,0.0,0.0
2023-03-07 00:00:00+09:00,342.0,346.0,339.0,342.0,518800,0.0,0.0
2023-03-08 00:00:00+09:00,339.0,348.0,339.0,344.0,884800,0.0,0.0
2023-03-09 00:00:00+09:00,345.0,348.0,341.0,347.0,1135300,0.0,0.0
2023-03-10 00:00:00+09:00,345.0,348.0,341.0,342.0,725100,0.0,0.0
2023-03-13 00:00:00+09:00,339.0,341.0,334.0,338.0,580700,0.0,0.0
2023-03-14 00:00:00+09:00,335.0,336.0,323.0,325.0,1610800,0.0,0.0
2023-03-15 00:00:00+09:00,330.0,331.0,323.0,324.0,838100,0.0,0.0
2023-03-16 00:00:00+09:00,321.0,322.0,314.0,315.0,1295100,0.0,0.0
2023-03-17 00:00:00+09:00,323.0,343.0,320.0,332.0,6590800,0.0,0.0
2023-03-20 00:00:00+09:00,333.0,339.0,317.0,318.0,1228100,0.0,0.0
2023-03-22 00:00:00+09:00,326.0,328.0,319.0,321.0,514500,0.0,0.0
2023-03-23 00:00:00+09:00,320.0,329.0,319.0,325.0,1043200,0.0,0.0
2023-03-24 00:00:00+09:00,324.0,330.0,323.0,326.0,749000,0.0,0.0
2023-03-27 00:00:00+09:00,325.0,326.0,320.0,323.0,972200,0.0,0.0
2023-03-28 00:00:00+09:00,323.0,324.0,318.0,318.0,650700,0.0,0.0
2023-03-29 00:00:00+09:00,332.0,343.0,327.0,342.0,1783700,0.0,0.0
2023-03-30 00:00:00+09:00,343.0,353.0,342.0,350.0,1125700,0.0,0.0
2023-03-31 00:00:00+09:00,353.0,363.0,349.0,361.0,1152800,0.0,0.0
2023-04-03 00:00:00+09:00,365.0,376.0,364.0,373.0,1668100,0.0,0.0
2023-04-04 00:00:00+09:00,365.0,367.0,355.0,357.0,1168100,0.0,0.0
2023-04-05 00:00:00+09:00,350.0,354.0,346.0,348.0,901300,0.0,0.0
2023-04-06 00:00:00+09:00,345.0,348.0,341.0,347.0,606200,0.0,0.0
2023-04-07 00:00:00+09:00,348.0,353.0,347.0,349.0,701400,0.0,0.0
2023-04-10 00:00:00+09:00,347.0,353.0,346.0,353.0,548500,0.0,0.0
2023-04-11 00:00:00+09:00,354.0,355.0,350.0,351.0,376900,0.0,0.0
2023-04-12 00:00:00+09:00,350.0,352.0,347.0,350.0,582800,0.0,0.0
2023-04-13 00:00:00+09:00,347.0,348.0,343.0,347.0,287100,0.0,0.0
2023-04-14 00:00:00+09:00,352.0,355.0,349.0,351.0,499500,0.0,0.0
2023-04-17 00:00:00+09:00,355.0,365.0,352.0,365.0,1000700,0.0,0.0
2023-04-18 00:00:00+09:00,364.0,365.0,361.0,363.0,418000,0.0,0.0
2023-04-19 00:00:00+09:00,364.0,369.0,361.0,361.0,751300,0.0,0.0
2023-04-20 00:00:00+09:00,364.0,370.0,360.0,362.0,673000,0.0,0.0
2023-04-21 00:00:00+09:00,361.0,364.0,358.0,360.0,430600,0.0,0.0
2023-04-24 00:00:00+09:00,362.0,374.0,360.0,374.0,864100,0.0,0.0
2023-04-25 00:00:00+09:00,380.0,383.0,367.0,375.0,1310500,0.0,0.0
2023-04-26 00:00:00+09:00,370.0,378.0,369.0,373.0,900300,0.0,0.0
2023-04-27 00:00:00+09:00,370.0,375.0,367.0,368.0,475300,0.0,0.0
2023-04-28 00:00:00+09:00,370.0,374.0,367.0,372.0,621100,0.0,0.0
2023-05-01 00:00:00+09:00,376.0,377.0,371.0,373.0,387600,0.0,0.0
2023-05-02 00:00:00+09:00,373.0,375.0,370.0,372.0,584100,0.0,0.0
2023-05-08 00:00:00+09:00,372.0,373.0,369.0,370.0,635800,0.0,0.0
2023-05-09 00:00:00+09:00,365.0,372.0,364.0,370.0,673500,0.0,0.0
2023-05-10 00:00:00+09:00,370.0,372.0,362.0,363.0,730700,0.0,0.0
2023-05-11 00:00:00+09:00,361.0,366.0,360.0,360.0,706000,0.0,0.0
2023-05-12 00:00:00+09:00,368.0,373.0,362.0,369.0,917700,0.0,0.0
2023-05-15 00:00:00+09:00,374.0,382.0,373.0,376.0,827900,0.0,0.0
2023-05-16 00:00:00+09:00,375.0,378.0,366.0,368.0,728800,0.0,0.0
2023-05-17 00:00:00+09:00,370.0,382.0,366.0,376.0,789000,0.0,0.0
2023-05-18 00:00:00+09:00,377.0,380.0,374.0,378.0,664700,0.0,0.0
2023-05-19 00:00:00+09:00,378.0,380.0,367.0,369.0,1029900,0.0,0.0
2023-05-22 00:00:00+09:00,370.0,375.0,368.0,374.0,537700,0.0,0.0
2023-05-23 00:00:00+09:00,377.0,394.0,372.0,383.0,1688800,0.0,0.0
2023-05-24 00:00:00+09:00,379.0,394.0,375.0,381.0,1225200,0.0,0.0
2023-05-25 00:00:00+09:00,385.0,385.0,372.0,376.0,553900,0.0,0.0
2023-05-26 00:00:00+09:00,375.0,378.0,362.0,366.0,940800,0.0,0.0
2023-05-29 00:00:00+09:00,369.0,372.0,364.0,367.0,421200,0.0,0.0
2023-05-30 00:00:00+09:00,366.0,373.0,361.0,372.0,488000,0.0,0.0
2023-05-31 00:00:00+09:00,370.0,380.0,369.0,379.0,847500,0.0,0.0
2023-06-01 00:00:00+09:00,374.0,376.0,366.0,366.0,755400,0.0,0.0
2023-06-02 00:00:00+09:00,367.0,376.0,367.0,373.0,563600,0.0,0.0
2023-06-05 00:00:00+09:00,375.0,377.0,369.0,377.0,592700,0.0,0.0
2023-06-06 00:00:00+09:00,370.0,373.0,367.0,372.0,613000,0.0,0.0
2023-06-07 00:00:00+09:00,373.0,376.0,370.0,372.0,535000,0.0,0.0
2023-06-08 00:00:00+09:00,370.0,373.0,366.0,369.0,565300,0.0,0.0
2023-06-09 00:00:00+09:00,370.0,372.0,367.0,370.0,466500,0.0,0.0
2023-06-12 00:00:00+09:00,368.0,375.0,368.0,371.0,314200,0.0,0.0
2023-06-13 00:00:00+09:00,372.0,375.0,368.0,375.0,592600,0.0,0.0
2023-06-14 00:00:00+09:00,374.0,376.0,371.0,373.0,370100,0.0,0.0
2023-06-15 00:00:00+09:00,373.0,376.0,370.0,372.0,421900,0.0,0.0
2023-06-16 00:00:00+09:00,375.0,380.0,371.0,380.0,731600,0.0,0.0
2023-06-19 00:00:00+09:00,376.0,382.0,374.0,382.0,650900,0.0,0.0
2023-06-20 00:00:00+09:00,383.0,392.0,379.0,386.0,887400,0.0,0.0
2023-06-21 00:00:00+09:00,386.0,394.0,383.0,389.0,1065700,0.0,0.0
2023-06-22 00:00:00+09:00,388.0,398.0,386.0,396.0,882200,0.0,0.0
2023-06-23 00:00:00+09:00,404.0,406.0,393.0,397.0,853400,0.0,0.0
2023-06-26 00:00:00+09:00,397.0,399.0,389.0,390.0,748400,0.0,0.0
2023-06-27 00:00:00+09:00,390.0,390.0,378.0,380.0,761200,0.0,0.0
2023-06-28 00:00:00+09:00,382.0,391.0,380.0,391.0,539600,0.0,0.0
2023-06-29 00:00:00+09:00,392.0,396.0,390.0,393.0,400600,0.0,0.0
2023-06-30 00:00:00+09:00,396.0,401.0,390.0,400.0,443200,0.0,0.0
2023-07-03 00:00:00+09:00,403.0,412.0,402.0,410.0,744700,0.0,0.0
2023-07-04 00:00:00+09:00,410.0,422.0,409.0,418.0,807300,0.0,0.0
2023-07-05 00:00:00+09:00,415.0,423.0,413.0,421.0,484900,0.0,0.0
2023-07-06 00:00:00+09:00,421.0,423.0,417.0,419.0,595700,0.0,0.0
2023-07-07 00:00:00+09:00,419.0,434.0,417.0,432.0,870700,0.0,0.0
2023-07-10 00:00:00+09:00,435.0,440.0,432.0,434.0,538000,0.0,0.0
2023-07-11 00:00:00+09:00,428.0,429.0,418.0,420.0,821000,0.0,0.0
2023-07-12 00:00:00+09:00,420.0,424.0,414.0,417.0,440000,0.0,0.0
2023-07-13 00:00:00+09:00,414.0,420.0,410.0,419.0,366200,0.0,0.0
2023-07-14 00:00:00+09:00,416.0,422.0,413.0,418.0,354000,0.0,0.0
2023-07-18 00:00:00+09:00,420.0,423.0,418.0,420.0,288300,0.0,0.0
2023-07-19 00:00:00+09:00,422.0,422.0,417.0,420.0,295100,0.0,0.0
2023-07-20 00:00:00+09:00,417.0,421.0,412.0,416.0,354300,0.0,0.0
2023-07-21 00:00:00+09:00,416.0,420.0,412.0,420.0,297700,0.0,0.0
2023-07-24 00:00:00+09:00,417.0,418.0,415.0,416.0,238100,0.0,0.0
2023-07-25 00:00:00+09:00,420.0,422.0,416.0,420.0,440300,0.0,0.0
2023-07-26 00:00:00+09:00,412.0,413.0,396.0,397.0,957700,0.0,0.0
2023-07-27 00:00:00+09:00,393.0,407.0,390.0,407.0,380700,0.0,0.0
2023-07-28 00:00:00+09:00,400.0,409.0,396.0,403.0,423900,0.0,0.0
2023-07-31 00:00:00+09:00,407.0,409.0,404.0,405.0,283500,0.0,0.0
2023-08-01 00:00:00+09:00,405.0,407.0,399.0,400.0,292800,0.0,0.0
2023-08-02 00:00:00+09:00,398.0,403.0,396.0,399.0,315200,0.0,0.0
2023-08-03 00:00:00+09:00,400.0,404.0,393.0,396.0,466600,0.0,0.0
2023-08-04 00:00:00+09:00,393.0,402.0,393.0,400.0,271300,0.0,0.0
2023-08-07 00:00:00+09:00,392.0,399.0,391.0,399.0,245200,0.0,0.0
2023-08-08 00:00:00+09:00,399.0,399.0,391.0,394.0,350400,0.0,0.0
2023-08-09 00:00:00+09:00,387.0,396.0,380.0,387.0,1284100,0.0,0.0
2023-08-10 00:00:00+09:00,379.0,391.0,371.0,379.0,891100,0.0,0.0
2023-08-14 00:00:00+09:00,380.0,396.0,380.0,393.0,580400,0.0,0.0
2023-08-15 00:00:00+09:00,397.0,404.0,392.0,400.0,584000,0.0,0.0
2023-08-16 00:00:00+09:00,400.0,412.0,400.0,403.0,706200,0.0,0.0
2023-08-17 00:00:00+09:00,403.0,411.0,402.0,411.0,524000,0.0,0.0
2023-08-18 00:00:00+09:00,403.0,406.0,398.0,399.0,510900,0.0,0.0
2023-08-21 00:00:00+09:00,399.0,409.0,398.0,409.0,498700,0.0,0.0
2023-08-22 00:00:00+09:00,406.0,412.0,403.0,404.0,296300,0.0,0.0
2023-08-23 00:00:00+09:00,401.0,417.0,401.0,412.0,510600,0.0,0.0
2023-08-24 00:00:00+09:00,412.0,424.0,412.0,420.0,401000,0.0,0.0
2023-08-25 00:00:00+09:00,419.0,422.0,410.0,414.0,514000,0.0,0.0
2023-08-28 00:00:00+09:00,415.0,419.0,412.0,417.0,303100,0.0,0.0
2023-08-29 00:00:00+09:00,420.0,424.0,419.0,422.0,209600,0.0,0.0
2023-08-30 00:00:00+09:00,417.0,423.0,415.0,420.0,227700,0.0,0.0
2023-08-31 00:00:00+09:00,420.0,424.0,418.0,424.0,512000,0.0,0.0
2023-09-01 00:00:00+09:00,437.0,437.0,421.0,423.0,612900,0.0,0.0
2023-09-04 00:00:00+09:00,421.0,426.0,418.0,423.0,312000,0.0,0.0
2023-09-05 00:00:00+09:00,423.0,432.0,423.0,429.0,472700,0.0,0.0
2023-09-06 00:00:00+09:00,427.0,428.0,420.0,420.0,439900,0.0,0.0
2023-09-07 00:00:00+09:00,421.0,424.0,415.0,420.0,699100,0.0,0.0
2023-09-08 00:00:00+09:00,416.0,421.0,413.0,416.0,414800,0.0,0.0
2023-09-11 00:00:00+09:00,417.0,421.0,414.0,421.0,442600,0.0,0.0
2023-09-12 00:00:00+09:00,421.0,427.0,419.0,420.0,481900,0.0,0.0
2023-09-13 00:00:00+09:00,419.0,422.0,412.0,413.0,637800,0.0,0.0
2023-09-14 00:00:00+09:00,411.0,415.0,402.0,403.0,604700,0.0,0.0
2023-09-15 00:00:00+09:00,401.0,403.0,394.0,395.0,845100,0.0,0.0
2023-09-19 00:00:00+09:00,392.0,397.0,384.0,390.0,450700,0.0,0.0
2023-09-20 00:00:00+09:00,392.0,400.0,388.0,389.0,569700,0.0,0.0
2023-09-21 00:00:00+09:00,390.0,390.0,377.0,378.0,436600,0.0,0.0
2023-09-22 00:00:00+09:00,375.0,382.0,374.0,378.0,536300,0.0,0.0
2023-09-25 00:00:00+09:00,386.0,387.0,382.0,386.0,684800,0.0,0.0
2023-09-26 00:00:00+09:00,386.0,387.0,379.0,381.0,321800,0.0,0.0
2023-09-27 00:00:00+09:00,383.0,394.0,381.0,391.0,693900,0.0,0.0
2023-09-28 00:00:00+09:00,398.0,409.0,392.0,403.0,751400,0.0,0.0
2023-09-29 00:00:00+09:00,408.0,416.0,407.0,414.0,610700,0.0,0.0
2023-10-02 00:00:00+09:00,410.0,427.0,408.0,419.0,734900,0.0,0.0
2023-10-03 00:00:00+09:00,415.0,418.0,406.0,414.0,655800,0.0,0.0
2023-10-04 00:00:00+09:00,408.0,413.0,401.0,403.0,619600,0.0,0.0
2023-10-05 00:00:00+09:00,401.0,405.0,398.0,401.0,372700,0.0,0.0
2023-10-06 00:00:00+09:00,404.0,414.0,400.0,412.0,394200,0.0,0.0
2023-10-10 00:00:00+09:00,412.0,415.0,411.0,411.0,160700,0.0,0.0
2023-10-11 00:00:00+09:00,414.0,414.0,404.0,408.0,245500,0.0,0.0
2023-10-12 00:00:00+09:00,406.0,414.0,405.0,411.0,226600,0.0,0.0
2023-10-13 00:00:00+09:00,409.0,420.0,408.0,415.0,537100,0.0,0.0
2023-10-16 00:00:00+09:00,407.0,413.0,397.0,410.0,611800,0.0,0.0
2023-10-17 00:00:00+09:00,413.0,419.0,406.0,410.0,408800,0.0,0.0
2023-10-18 00:00:00+09:00,408.0,412.0,405.0,412.0,361000,0.0,0.0
2023-10-19 00:00:00+09:00,402.0,412.0,402.0,411.0,264600,0.0,0.0
2023-10-20 00:00:00+09:00,412.0,417.0,408.0,416.0,334700,0.0,0.0
2023-10-23 00:00:00+09:00,410.0,415.0,407.0,412.0,328300,0.0,0.0
2023-10-24 00:00:00+09:00,412.0,423.0,410.0,423.0,496800,0.0,0.0
2023-10-25 00:00:00+09:00,423.0,423.0,409.0,410.0,542200,0.0,0.0
2023-10-26 00:00:00+09:00,405.0,409.0,401.0,403.0,362100,0.0,0.0
2023-10-27 00:00:00+09:00,410.0,419.0,406.0,419.0,313700,0.0,0.0
2023-10-30 00:00:00+09:00,419.0,419.0,412.0,414.0,241900,0.0,0.0
2023-10-31 00:00:00+09:00,420.0,423.0,417.0,422.0,258400,0.0,0.0
2023-11-01 00:00:00+09:00,423.0,426.0,416.0,417.0,255600,0.0,0.0
2023-11-02 00:00:00+09:00,418.0,421.0,412.0,412.0,418000,0.0,0.0
2023-11-06 00:00:00+09:00,415.0,421.0,406.0,421.0,587600,0.0,0.0
2023-11-07 00:00:00+09:00,415.0,416.0,409.0,409.0,188000,0.0,0.0
2023-11-08 00:00:00+09:00,408.0,416.0,404.0,405.0,453700,0.0,0.0
2023-11-09 00:00:00+09:00,405.0,406.0,394.0,403.0,532400,0.0,0.0
2023-11-10 00:00:00+09:00,387.0,438.0,383.0,437.0,1296600,0.0,0.0
2023-11-13 00:00:00+09:00,437.0,439.0,423.0,427.0,751800,0.0,0.0
2023-11-14 00:00:00+09:00,413.0,416.0,409.0,413.0,443400,0.0,0.0
2023-11-15 00:00:00+09:00,416.0,428.0,412.0,413.0,390100,0.0,0.0
2023-11-16 00:00:00+09:00,417.0,428.0,417.0,426.0,326000,0.0,0.0
2023-11-17 00:00:00+09:00,425.0,432.0,422.0,432.0,320700,0.0,0.0
2023-11-20 00:00:00+09:00,433.0,440.0,426.0,426.0,464100,0.0,0.0
2023-11-21 00:00:00+09:00,428.0,429.0,419.0,424.0,188600,0.0,0.0
2023-11-22 00:00:00+09:00,421.0,435.0,421.0,430.0,249700,0.0,0.0
2023-11-24 00:00:00+09:00,432.0,433.0,426.0,428.0,192100,0.0,0.0
2023-11-27 00:00:00+09:00,430.0,436.0,430.0,436.0,175800,0.0,0.0
2023-11-28 00:00:00+09:00,434.0,444.0,434.0,442.0,399700,0.0,0.0
2023-11-29 00:00:00+09:00,441.0,450.0,440.0,450.0,353000,0.0,0.0
2023-11-30 00:00:00+09:00,444.0,453.0,443.0,450.0,556300,0.0,0.0
2023-12-01 00:00:00+09:00,445.0,453.0,443.0,453.0,358000,0.0,0.0
2023-12-04 00:00:00+09:00,453.0,464.0,452.0,460.0,629200,0.0,0.0
2023-12-05 00:00:00+09:00,458.0,468.0,457.0,462.0,359400,0.0,0.0
2023-12-06 00:00:00+09:00,454.0,458.0,443.0,443.0,405500,0.0,0.0
2023-12-07 00:00:00+09:00,441.0,442.0,416.0,420.0,448800,0.0,0.0
2023-12-08 00:00:00+09:00,424.0,425.0,412.0,421.0,489900,0.0,0.0
2023-12-11 00:00:00+09:00,422.0,438.0,420.0,435.0,422000,0.0,0.0
2023-12-12 00:00:00+09:00,454.0,455.0,443.0,454.0,1481800,0.0,0.0
2023-12-13 00:00:00+09:00,452.0,461.0,451.0,458.0,493400,0.0,0.0
2023-12-14 00:00:00+09:00,458.0,461.0,451.0,453.0,366400,0.0,0.0
2023-12-15 00:00:00+09:00,450.0,457.0,448.0,453.0,540000,0.0,0.0
2023-12-18 00:00:00+09:00,453.0,460.0,450.0,460.0,350600,0.0,0.0
2023-12-19 00:00:00+09:00,468.0,469.0,452.0,454.0,427000,0.0,0.0
2023-12-20 00:00:00+09:00,456.0,480.0,453.0,470.0,1720500,0.0,0.0
2023-12-21 00:00:00+09:00,467.0,487.0,467.0,482.0,837900,0.0,0.0
2023-12-22 00:00:00+09:00,478.0,481.0,473.0,477.0,540900,0.0,0.0
2023-12-25 00:00:00+09:00,481.0,481.0,474.0,474.0,331000,0.0,0.0
2023-12-26 00:00:00+09:00,478.0,487.0,474.0,477.0,451500,0.0,0.0
2023-12-27 00:00:00+09:00,476.0,481.0,472.0,480.0,339800,0.0,0.0
2023-12-28 00:00:00+09:00,482.0,527.0,478.0,515.0,2380200,0.0,0.0
2023-12-29 00:00:00+09:00,515.0,535.0,504.0,527.0,1189100,0.0,0.0
2024-01-04 00:00:00+09:00,517.0,517.0,501.0,513.0,865300,0.0,0.0
2024-01-05 00:00:00+09:00,510.0,510.0,494.0,499.0,741700,0.0,0.0
2024-01-09 00:00:00+09:00,500.0,513.0,495.0,508.0,816700,0.0,0.0
2024-01-10 00:00:00+09:00,507.0,508.0,496.0,500.0,713600,0.0,0.0
2024-01-11 00:00:00+09:00,499.0,499.0,484.0,488.0,772400,0.0,0.0
2024-01-12 00:00:00+09:00,480.0,485.0,471.0,477.0,664000,0.0,0.0
2024-01-15 00:00:00+09:00,472.0,476.0,471.0,473.0,107200,0.0,0.0
2024-01-16 00:00:00+09:00,472.0,480.0,469.0,479.0,304300,0.0,0.0
2024-01-17 00:00:00+09:00,471.0,483.0,468.0,473.0,829300,0.0,0.0
2024-01-18 00:00:00+09:00,479.0,493.0,476.0,489.0,473500,0.0,0.0
2024-01-19 00:00:00+09:00,490.0,496.0,489.0,490.0,283600,0.0,0.0
2024-01-22 00:00:00+09:00,490.0,496.0,484.0,490.0,332800,0.0,0.0
2024-01-23 00:00:00+09:00,497.0,500.0,488.0,488.0,240800,0.0,0.0
2024-01-24 00:00:00+09:00,486.0,489.0,481.0,487.0,229600,0.0,0.0
2024-01-25 00:00:00+09:00,499.0,504.0,496.0,499.0,604200,0.0,0.0
2024-01-26 00:00:00+09:00,493.0,509.0,491.0,503.0,705400,0.0,0.0
2024-01-29 00:00:00+09:00,499.0,500.0,491.0,493.0,236000,0.0,0.0
2024-01-30 00:00:00+09:00,497.0,501.0,493.0,495.0,242700,0.0,0.0
2024-01-31 00:00:00+09:00,494.0,500.0,492.0,496.0,249500,0.0,0.0
2024-02-01 00:00:00+09:00,488.0,492.0,483.0,486.0,277300,0.0,0.0
2024-02-02 00:00:00+09:00,493.0,501.0,492.0,493.0,533500,0.0,0.0
2024-02-05 00:00:00+09:00,490.0,494.0,483.0,493.0,301200,0.0,0.0
2024-02-06 00:00:00+09:00,488.0,493.0,487.0,488.0,236100,0.0,0.0
2024-02-07 00:00:00+09:00,488.0,493.0,482.0,489.0,386700,0.0,0.0
2024-02-08 00:00:00+09:00,489.0,490.0,476.0,488.0,533500,0.0,0.0
2024-02-09 00:00:00+09:00,507.0,520.0,493.0,512.0,2059300,0.0,0.0
2024-02-13 00:00:00+09:00,508.0,509.0,480.0,494.0,985100,0.0,0.0
2024-02-14 00:00:00+09:00,491.0,500.0,485.0,499.0,390800,0.0,0.0
2024-02-15 00:00:00+09:00,493.0,495.0,460.0,470.0,901100,0.0,0.0
2024-02-16 00:00:00+09:00,475.0,479.0,461.0,466.0,558900,0.0,0.0
2024-02-19 00:00:00+09:00,458.0,472.0,447.0,469.0,519200,0.0,0.0
2024-02-20 00:00:00+09:00,473.0,473.0,463.0,465.0,209900,0.0,0.0
2024-02-21 00:00:00+09:00,468.0,474.0,463.0,465.0,243700,0.0,0.0
2024-02-22 00:00:00+09:00,473.0,473.0,464.0,466.0,389700,0.0,0.0
2024-02-26 00:00:00+09:00,465.0,475.0,462.0,468.0,425300,0.0,0.0
2024-02-27 00:00:00+09:00,468.0,478.0,462.0,468.0,344800,0.0,0.0
2024-02-28 00:00:00+09:00,466.0,475.0,464.0,465.0,355900,0.0,0.0
2024-02-29 00:00:00+09:00,465.0,468.0,460.0,468.0,359500,0.0,0.0
2024-03-01 00:00:00+09:00,462.0,467.0,452.0,459.0,529500,0.0,0.0
2024-03-04 00:00:00+09:00,463.0,464.0,451.0,453.0,301100,0.0,0.0
2024-03-05 00:00:00+09:00,453.0,459.0,451.0,457.0,296100,0.0,0.0
2024-03-06 00:00:00+09:00,451.0,456.0,445.0,452.0,491600,0.0,0.0
2024-03-07 00:00:00+09:00,454.0,457.0,444.0,444.0,499700,0.0,0.0
2024-03-08 00:00:00+09:00,444.0,450.0,442.0,444.0,301900,0.0,0.0
2024-03-11 00:00:00+09:00,440.0,457.0,440.0,450.0,441700,0.0,0.0
2024-03-12 00:00:00+09:00,450.0,453.0,438.0,446.0,361300,0.0,0.0
2024-03-13 00:00:00+09:00,450.0,454.0,446.0,453.0,245300,0.0,0.0
2024-03-14 00:00:00+09:00,449.0,458.0,447.0,456.0,220300,0.0,0.0
2024-03-15 00:00:00+09:00,461.0,462.0,452.0,454.0,285800,0.0,0.0
2024-03-18 00:00:00+09:00,462.0,467.0,460.0,466.0,255500,0.0,0.0
2024-03-19 00:00:00+09:00,466.0,477.0,465.0,476.0,376800,0.0,0.0
2024-03-21 00:00:00+09:00,474.0,479.0,471.0,471.0,379200,0.0,0.0
2024-03-22 00:00:00+09:00,470.0,476.0,467.0,475.0,365300,0.0,0.0
2024-03-25 00:00:00+09:00,480.0,480.0,472.0,473.0,366500,0.0,0.0
2024-03-26 00:00:00+09:00,471.0,471.0,462.0,466.0,349500,0.0,0.0
2024-03-27 00:00:00+09:00,467.0,467.0,458.0,459.0,260200,0.0,0.0
2024-03-28 00:00:00+09:00,459.0,463.0,457.0,460.0,201100,0.0,0.0
2024-03-29 00:00:00+09:00,460.0,467.0,460.0,465.0,86000,0.0,0.0
2024-04-01 00:00:00+09:00,468.0,475.0,468.0,469.0,264600,0.0,0.0
2024-04-02 00:00:00+09:00,466.0,466.0,456.0,457.0,195700,0.0,0.0
2024-04-03 00:00:00+09:00,455.0,461.0,452.0,459.0,288900,0.0,0.0
2024-04-04 00:00:00+09:00,466.0,472.0,463.0,471.0,211000,0.0,0.0
2024-04-05 00:00:00+09:00,464.0,473.0,461.0,472.0,246700,0.0,0.0
2024-04-08 00:00:00+09:00,473.0,479.0,473.0,477.0,227800,0.0,0.0
2024-04-09 00:00:00+09:00,478.0,478.0,472.0,477.0,128800,0.0,0.0
2024-04-10 00:00:00+09:00,472.0,480.0,472.0,479.0,217600,0.0,0.0
2024-04-11 00:00:00+09:00,476.0,482.0,471.0,477.0,208400,0.0,0.0
2024-04-12 00:00:00+09:00,479.0,482.0,476.0,477.0,107500,0.0,0.0
2024-04-15 00:00:00+09:00,472.0,477.0,466.0,468.0,168300,0.0,0.0
2024-04-16 00:00:00+09:00,465.0,468.0,450.0,452.0,339100,0.0,0.0
2024-04-17 00:00:00+09:00,450.0,452.0,437.0,437.0,297900,0.0,0.0
2024-04-18 00:00:00+09:00,434.0,444.0,433.0,440.0,188900,0.0,0.0
2024-04-19 00:00:00+09:00,437.0,440.0,420.0,427.0,371500,0.0,0.0
2024-04-22 00:00:00+09:00,435.0,435.0,429.0,432.0,189300,0.0,0.0
2024-04-23 00:00:00+09:00,434.0,437.0,426.0,435.0,195400,0.0,0.0
2024-04-24 00:00:00+09:00,435.0,437.0,432.0,435.0,132800,0.0,0.0
2024-04-25 00:00:00+09:00,438.0,439.0,430.0,437.0,236600,0.0,0.0
2024-04-26 00:00:00+09:00,437.0,450.0,432.0,445.0,223100,0.0,0.0
2024-04-30 00:00:00+09:00,453.0,460.0,447.0,460.0,260800,0.0,0.0
2024-05-01 00:00:00+09:00,456.0,464.0,455.0,463.0,255700,0.0,0.0
2024-05-02 00:00:00+09:00,465.0,471.0,463.0,465.0,224200,0.0,0.0
2024-05-07 00:00:00+09:00,467.0,468.0,461.0,465.0,156300,0.0,0.0
2024-05-08 00:00:00+09:00,467.0,473.0,464.0,464.0,217700,0.0,0.0
2024-05-09 00:00:00+09:00,462.0,462.0,454.0,459.0,425300,0.0,0.0
2024-05-10 00:00:00+09:00,414.0,430.0,404.0,405.0,1884600,0.0,0.0
2024-05-13 00:00:00+09:00,404.0,411.0,397.0,402.0,705900,0.0,0.0
2024-05-14 00:00:00+09:00,406.0,419.0,405.0,419.0,651300,0.0,0.0
2024-05-15 00:00:00+09:00,423.0,435.0,423.0,428.0,745100,0.0,0.0
2024-05-16 00:00:00+09:00,427.0,434.0,416.0,419.0,315600,0.0,0.0
2024-05-17 00:00:00+09:00,416.0,422.0,415.0,416.0,162500,0.0,0.0
2024-05-20 00:00:00+09:00,416.0,437.0,413.0,428.0,457900,0.0,0.0
2024-05-21 00:00:00+09:00,429.0,434.0,417.0,421.0,332600,0.0,0.0
2024-05-22 00:00:00+09:00,417.0,421.0,405.0,414.0,745800,0.0,0.0
2024-05-23 00:00:00+09:00,419.0,425.0,411.0,422.0,825500,0.0,0.0
2024-05-24 00:00:00+09:00,430.0,432.0,389.0,390.0,1110000,0.0,0.0
2024-05-27 00:00:00+09:00,384.0,384.0,359.0,378.0,1085000,0.0,0.0
2024-05-28 00:00:00+09:00,372.0,385.0,370.0,383.0,283100,0.0,0.0
2024-05-29 00:00:00+09:00,381.0,383.0,370.0,372.0,224600,0.0,0.0
2024-05-30 00:00:00+09:00,368.0,381.0,368.0,379.0,339300,0.0,0.0
2024-05-31 00:00:00+09:00,379.0,379.0,373.0,374.0,273500,0.0,0.0
2024-06-03 00:00:00+09:00,372.0,378.0,366.0,367.0,398500,0.0,0.0
2024-06-04 00:00:00+09:00,363.0,374.0,360.0,370.0,431800,0.0,0.0
2024-06-05 00:00:00+09:00,370.0,376.0,365.0,365.0,239100,0.0,0.0
2024-06-06 00:00:00+09:00,362.0,368.0,347.0,350.0,929200,0.0,0.0
2024-06-07 00:00:00+09:00,352.0,352.0,343.0,349.0,186400,0.0,0.0
2024-06-10 00:00:00+09:00,348.0,358.0,348.0,358.0,221600,0.0,0.0
2024-06-11 00:00:00+09:00,360.0,360.0,354.0,355.0,235500,0.0,0.0
2024-06-12 00:00:00+09:00,360.0,364.0,355.0,356.0,207800,0.0,0.0
2024-06-13 00:00:00+09:00,351.0,357.0,349.0,353.0,206200,0.0,0.0
2024-06-14 00:00:00+09:00,353.0,355.0,344.0,347.0,253900,0.0,0.0
2024-06-17 00:00:00+09:00,347.0,350.0,341.0,347.0,209900,0.0,0.0
2024-06-18 00:00:00+09:00,351.0,355.0,350.0,351.0,298900,0.0,0.0
2024-06-19 00:00:00+09:00,355.0,360.0,352.0,352.0,271700,0.0,0.0
2024-06-20 00:00:00+09:00,346.0,355.0,346.0,350.0,260800,0.0,0.0
2024-06-21 00:00:00+09:00,350.0,354.0,349.0,349.0,258200,0.0,0.0
2024-06-24 00:00:00+09:00,352.0,354.0,346.0,349.0,203100,0.0,0.0
2024-06-25 00:00:00+09:00,353.0,356.0,346.0,354.0,362200,0.0,0.0
2024-06-26 00:00:00+09:00,355.0,362.0,353.0,360.0,497300,0.0,0.0
2024-06-27 00:00:00+09:00,358.0,370.0,354.0,368.0,446300,0.0,0.0
2024-06-28 00:00:00+09:00,368.0,373.0,366.0,370.0,191500,0.0,0.0
2024-07-01 00:00:00+09:00,370.0,375.0,367.0,373.0,449100,0.0,0.0
2024-07-02 00:00:00+09:00,374.0,377.0,371.0,377.0,320900,0.0,0.0
2024-07-03 00:00:00+09:00,377.0,377.0,373.0,374.0,159300,0.0,0.0
2024-07-04 00:00:00+09:00,373.0,373.0,369.0,369.0,241100,0.0,0.0
2024-07-05 00:00:00+09:00,367.0,368.0,357.0,363.0,1254900,0.0,0.0
2024-07-08 00:00:00+09:00,360.0,360.0,347.0,352.0,604300,0.0,0.0
2024-07-09 00:00:00+09:00,350.0,353.0,348.0,352.0,339400,0.0,0.0
2024-07-10 00:00:00+09:00,348.0,351.0,342.0,346.0,407500,0.0,0.0
2024-07-11 00:00:00+09:00,348.0,349.0,337.0,347.0,899000,0.0,0.0
2024-07-12 00:00:00+09:00,347.0,354.0,346.0,354.0,489100,0.0,0.0
2024-07-16 00:00:00+09:00,352.0,362.0,352.0,354.0,352500,0.0,0.0
2024-07-17 00:00:00+09:00,354.0,360.0,352.0,359.0,296400,0.0,0.0
2024-07-18 00:00:00+09:00,375.0,382.0,362.0,376.0,1696400,0.0,0.0
2024-07-19 00:00:00+09:00,371.0,382.0,371.0,376.0,556500,0.0,0.0
2024-07-22 00:00:00+09:00,379.0,381.0,367.0,369.0,434200,0.0,0.0
2024-07-23 00:00:00+09:00,370.0,378.0,370.0,375.0,299400,0.0,0.0
2024-07-24 00:00:00+09:00,377.0,385.0,373.0,375.0,476200,0.0,0.0
2024-07-25 00:00:00+09:00,368.0,384.0,366.0,382.0,782200,0.0,0.0
2024-07-26 00:00:00+09:00,385.0,388.0,381.0,381.0,461800,0.0,0.0
2024-07-29 00:00:00+09:00,385.0,385.0,376.0,384.0,416800,0.0,0.0
2024-07-30 00:00:00+09:00,381.0,383.0,374.0,381.0,254000,0.0,0.0
2024-07-31 00:00:00+09:00,375.0,380.0,375.0,379.0,205400,0.0,0.0
2024-08-01 00:00:00+09:00,378.0,379.0,370.0,374.0,296700,0.0,0.0
2024-08-02 00:00:00+09:00,362.0,370.0,361.0,365.0,486300,0.0,0.0
2024-08-05 00:00:00+09:00,349.0,355.0,325.0,328.0,1138100,0.0,0.0
2024-08-06 00:00:00+09:00,336.0,352.0,330.0,344.0,482200,0.0,0.0
2024-08-07 00:00:00+09:00,424.0,424.0,389.0,391.0,5413800,0.0,0.0
2024-08-08 00:00:00+09:00,395.0,400.0,388.0,390.0,1621300,0.0,0.0
2024-08-09 00:00:00+09:00,397.0,400.0,389.0,394.0,1530700,0.0,0.0
2024-08-13 00:00:00+09:00,400.0,410.0,396.0,408.0,1203800,0.0,0.0
2024-08-14 00:00:00+09:00,407.0,419.0,405.0,417.0,1050600,0.0,0.0
2024-08-15 00:00:00+09:00,413.0,416.0,408.0,411.0,1069200,0.0,0.0
2024-08-16 00:00:00+09:00,416.0,421.0,408.0,418.0,1106100,0.0,0.0
2024-08-19 00:00:00+09:00,416.0,424.0,410.0,410.0,978100,0.0,0.0
2024-08-20 00:00:00+09:00,415.0,429.0,412.0,429.0,1058900,0.0,0.0
2024-08-21 00:00:00+09:00,426.0,436.0,424.0,425.0,1211400,0.0,0.0
2024-08-22 00:00:00+09:00,424.0,437.0,421.0,437.0,763400,0.0,0.0
2024-08-23 00:00:00+09:00,434.0,440.0,425.0,435.0,955300,0.0,0.0
2024-08-26 00:00:00+09:00,434.0,434.0,424.0,428.0,847300,0.0,0.0
2024-08-27 00:00:00+09:00,425.0,439.0,422.0,437.0,798700,0.0,0.0
2024-08-28 00:00:00+09:00,440.0,444.0,434.0,443.0,564300,0.0,0.0
2024-08-29 00:00:00+09:00,439.0,446.0,436.0,441.0,628800,0.0,0.0
2024-08-30 00:00:00+09:00,444.0,455.0,443.0,455.0,1015900,0.0,0.0
2024-09-02 00:00:00+09:00,455.0,455.0,437.0,440.0,1871300,0.0,0.0
2024-09-03 00:00:00+09:00,440.0,451.0,440.0,448.0,675100,0.0,0.0
2024-09-04 00:00:00+09:00,435.0,443.0,426.0,426.0,1299800,0.0,0.0
2024-09-05 00:00:00+09:00,425.0,441.0,424.0,441.0,768200,0.0,0.0
2024-09-06 00:00:00+09:00,435.0,440.0,429.0,433.0,553100,0.0,0.0
2024-09-09 00:00:00+09:00,425.0,434.0,423.0,433.0,802900,0.0,0.0
2024-09-10 00:00:00+09:00,434.0,438.0,430.0,431.0,486300,0.0,0.0
2024-09-11 00:00:00+09:00,434.0,442.0,429.0,431.0,694800,0.0,0.0
2024-09-12 00:00:00+09:00,439.0,453.0,436.0,452.0,1321800,0.0,0.0
2024-09-13 00:00:00+09:00,451.0,451.0,441.0,442.0,570600,0.0,0.0
2024-09-17 00:00:00+09:00,443.0,446.0,437.0,442.0,468300,0.0,0.0
2024-09-18 00:00:00+09:00,440.0,447.0,435.0,440.0,694400,0.0,0.0
2024-09-19 00:00:00+09:00,444.0,458.0,443.0,453.0,890000,0.0,0.0
2024-09-20 00:00:00+09:00,456.0,460.0,453.0,455.0,986700,0.0,0.0
2024-09-24 00:00:00+09:00,456.0,458.0,452.0,454.0,463700,0.0,0.0
2024-09-25 00:00:00+09:00,457.0,467.0,449.0,449.0,1019700,0.0,0.0
2024-09-26 00:00:00+09:00,451.0,463.0,451.0,461.0,920700,0.0,0.0
2024-09-27 00:00:00+09:00,463.0,477.0,463.0,470.0,939000,0.0,0.0
2024-09-30 00:00:00+09:00,460.0,468.0,458.0,467.0,877800,0.0,0.0
2024-10-01 00:00:00+09:00,474.0,480.0,468.0,471.0,927700,0.0,0.0
2024-10-02 00:00:00+09:00,464.0,469.0,459.0,465.0,1515800,0.0,0.0
2024-10-03 00:00:00+09:00,470.0,474.0,465.0,468.0,748100,0.0,0.0
2024-10-04 00:00:00+09:00,463.0,465.0,451.0,451.0,1585500,0.0,0.0
2024-10-07 00:00:00+09:00,453.0,456.0,451.0,452.0,867100,0.0,0.0
2024-10-08 00:00:00+09:00,452.0,454.0,445.0,449.0,1053300,0.0,0.0
2024-10-09 00:00:00+09:00,449.0,456.0,448.0,456.0,578900,0.0,0.0
2024-10-10 00:00:00+09:00,454.0,457.0,446.0,454.0,1044600,0.0,0.0
2024-10-11 00:00:00+09:00,453.0,458.0,452.0,455.0,436600,0.0,0.0
2024-10-15 00:00:00+09:00,455.0,463.0,454.0,462.0,567100,0.0,0.0
2024-10-16 00:00:00+09:00,457.0,467.0,455.0,456.0,839400,0.0,0.0
2024-10-17 00:00:00+09:00,457.0,458.0,450.0,453.0,1002800,0.0,0.0
2024-10-18 00:00:00+09:00,451.0,459.0,449.0,451.0,900600,0.0,0.0
2024-10-21 00:00:00+09:00,452.0,464.0,451.0,459.0,798100,0.0,0.0
2024-10-22 00:00:00+09:00,457.0,458.0,448.0,449.0,976700,0.0,0.0
2024-10-23 00:00:00+09:00,443.0,447.0,435.0,436.0,1770100,0.0,0.0
2024-10-24 00:00:00+09:00,435.0,440.0,431.0,437.0,719200,0.0,0.0
2024-10-25 00:00:00+09:00,437.0,438.0,428.0,429.0,1001100,0.0,0.0
2024-10-28 00:00:00+09:00,430.0,445.0,430.0,444.0,671900,0.0,0.0
2024-10-29 00:00:00+09:00,445.0,452.0,444.0,449.0,507400,0.0,0.0
2024-10-30 00:00:00+09:00,452.0,453.0,447.0,450.0,501100,0.0,0.0
2024-10-31 00:00:00+09:00,449.0,450.0,444.0,448.0,442100,0.0,0.0
2024-11-01 00:00:00+09:00,445.0,450.0,440.0,440.0,660700,0.0,0.0
2024-11-05 00:00:00+09:00,439.0,440.0,435.0,437.0,475100,0.0,0.0
2024-11-06 00:00:00+09:00,435.0,442.0,433.0,436.0,701200,0.0,0.0
2024-11-07 00:00:00+09:00,441.0,446.0,437.0,441.0,916000,0.0,0.0
2024-11-08 00:00:00+09:00,430.0,431.0,415.0,418.0,3544000,0.0,0.0
2024-11-11 00:00:00+09:00,418.0,424.0,415.0,421.0,1130700,0.0,0.0
2024-11-12 00:00:00+09:00,421.0,429.0,420.0,425.0,837700,0.0,0.0
2024-11-13 00:00:00+09:00,424.0,434.0,423.0,431.0,879600,0.0,0.0
2024-11-14 00:00:00+09:00,429.0,431.0,420.0,421.0,1153300,0.0,0.0
2024-11-15 00:00:00+09:00,424.0,428.0,421.0,427.0,887800,0.0,0.0
2024-11-18 00:00:00+09:00,423.0,431.0,421.0,428.0,807700,0.0,0.0
2024-11-19 00:00:00+09:00,427.0,435.0,427.0,430.0,821100,0.0,0.0
2024-11-20 00:00:00+09:00,430.0,438.0,428.0,438.0,811100,0.0,0.0
2024-11-21 00:00:00+09:00,440.0,453.0,437.0,453.0,1158900,0.0,0.0
2024-11-22 00:00:00+09:00,453.0,458.0,449.0,455.0,1207800,0.0,0.0
2024-11-25 00:00:00+09:00,459.0,466.0,452.0,452.0,1380600,0.0,0.0
2024-11-26 00:00:00+09:00,452.0,457.0,447.0,457.0,799700,0.0,0.0
2024-11-27 00:00:00+09:00,456.0,457.0,451.0,454.0,604600,0.0,0.0
2024-11-28 00:00:00+09:00,454.0,455.0,448.0,450.0,990900,0.0,0.0
2024-11-29 00:00:00+09:00,449.0,450.0,443.0,448.0,1010400,0.0,0.0
2024-12-02 00:00:00+09:00,452.0,452.0,445.0,448.0,625400,0.0,0.0
2024-12-03 00:00:00+09:00,450.0,458.0,449.0,455.0,802900,0.0,0.0
2024-12-04 00:00:00+09:00,457.0,464.0,454.0,459.0,1361600,0.0,0.0
2024-12-05 00:00:00+09:00,460.0,462.0,456.0,457.0,543500,0.0,0.0
2024-12-06 00:00:00+09:00,457.0,463.0,453.0,457.0,644600,0.0,0.0
2024-12-09 00:00:00+09:00,465.0,484.0,464.0,480.0,2453700,0.0,0.0
2024-12-10 00:00:00+09:00,481.0,487.0,475.0,476.0,1688600,0.0,0.0
2024-12-11 00:00:00+09:00,472.0,476.0,468.0,472.0,908000,0.0,0.0
2024-12-12 00:00:00+09:00,474.0,475.0,467.0,471.0,1319400,0.0,0.0
2024-12-13 00:00:00+09:00,469.0,471.0,463.0,465.0,1924200,0.0,0.0
2024-12-16 00:00:00+09:00,460.0,466.0,451.0,462.0,2193000,0.0,0.0
2024-12-17 00:00:00+09:00,456.0,461.0,454.0,455.0,1197000,0.0,0.0
2024-12-18 00:00:00+09:00,455.0,459.0,447.0,452.0,1506500,0.0,0.0
2024-12-19 00:00:00+09:00,446.0,449.0,440.0,442.0,2573200,0.0,0.0
2024-12-20 00:00:00+09:00,442.0,449.0,440.0,445.0,1259200,0.0,0.0
2024-12-23 00:00:00+09:00,444.0,448.0,439.0,440.0,1838400,0.0,0.0
2024-12-24 00:00:00+09:00,439.0,439.0,434.0,437.0,1078000,0.0,0.0
2024-12-25 00:00:00+09:00,437.0,439.0,430.0,433.0,1407300,0.0,0.0
2024-12-26 00:00:00+09:00,430.0,434.0,428.0,430.0,3361300,0.0,0.0
2024-12-27 00:00:00+09:00,391.0,402.0,389.0,395.0,3608700,0.0,0.0
2024-12-30 00:00:00+09:00,394.0,400.0,392.0,396.0,1311800,0.0,0.0
