Date,Open,High,Low,Close,Volume,Dividends,Stock Splits
2001-01-04 00:00:00+09:00,671.7972010401237,671.7972010401237,669.9650268554689,669.9650268554688,300,0.0,0.0
2001-01-05 00:00:00+09:00,665.6899835315628,665.6899835315628,640.6502685546875,640.6502685546875,1000,0.0,0.0
2001-01-08 00:00:00+09:00,640.6502685546875,640.6502685546875,640.6502685546875,640.6502685546875,0,0.0,0.0
2001-01-09 00:00:00+09:00,640.6501001694622,641.2608247644761,622.9390869140625,622.9390869140625,5500,0.0,0.0
2001-01-10 00:00:00+09:00,622.9393169604635,624.1607666015625,622.9393169604635,624.1607666015625,3900,0.0,0.0
2001-01-11 00:00:00+09:00,624.7712606991038,624.7712606991038,622.9390869140625,622.9390869140625,8000,0.0,0.0
2001-01-12 00:00:00+09:00,622.9392351848323,625.9928588867188,622.9392351848323,625.9928588867188,4600,0.0,0.0
2001-01-15 00:00:00+09:00,625.992668999566,632.0999145507812,625.992668999566,632.0999145507812,1000,0.0,0.0
2001-01-16 00:00:00+09:00,632.0999558392692,635.1535788143382,622.9390869140625,622.9390869140625,5800,0.0,0.0
2001-01-17 00:00:00+09:00,623.5498115090762,623.5498115090762,622.9390869140625,622.9390869140625,5100,0.0,0.0
2001-01-18 00:00:00+09:00,622.9390869140625,622.9390869140625,616.8318409639246,622.9390869140625,9900,0.0,0.0
2001-01-19 00:00:00+09:00,622.939019123791,641.2607549803731,622.939019123791,623.5497436523438,6300,0.0,0.0
2001-01-22 00:00:00+09:00,623.5500417810131,659.582806193432,623.5500417810131,624.1607666015625,2600,0.0,0.0
2001-01-23 00:00:00+09:00,624.7714233398438,625.3821480938417,624.7714233398438,624.7714233398438,1100,0.0,0.0
2001-01-24 00:00:00+09:00,610.1139640620189,619.8855590820312,610.1139640620189,619.8855590820312,15200,0.0,0.0
2001-01-25 00:00:00+09:00,619.8854364359154,647.3680419921875,619.8854364359154,647.3680419921875,13500,0.0,0.0
2001-01-26 00:00:00+09:00,647.3680419921875,653.4752876713591,647.3680419921875,647.3680419921875,4000,0.0,0.0
2001-01-29 00:00:00+09:00,656.5291050502233,684.01171875,656.5291050502233,684.01171875,12600,0.0,0.0
2001-01-30 00:00:00+09:00,684.6223697302477,684.6223697302477,679.736572265625,679.736572265625,12600,0.0,0.0
2001-01-31 00:00:00+09:00,679.736456783407,684.6222534179688,679.736456783407,684.6222534179688,10600,0.0,0.0
2001-02-01 00:00:00+09:00,685.2329310825893,705.3868408203125,684.6222065450825,705.3868408203125,13600,0.0,0.0
2001-02-02 00:00:00+09:00,706.6084751161206,726.7623901367188,705.3870257209329,726.7623901367188,25400,0.0,0.0
2001-02-05 00:00:00+09:00,726.7622748937197,726.7622748937197,718.8228550839564,726.1515502929688,15500,0.0,0.0
2001-02-06 00:00:00+09:00,726.7622753078655,726.7622753078655,718.8228554935778,720.655029296875,8300,0.0,0.0
2001-02-07 00:00:00+09:00,720.6552334042455,721.2659581783169,718.8230590820312,718.8230590820312,15100,0.0,0.0
2001-02-08 00:00:00+09:00,720.6552334042455,720.6552334042455,718.8230590820312,718.8230590820312,17500,0.0,0.0
2001-02-09 00:00:00+09:00,718.8229146457475,732.8695816269303,718.8229146457475,731.6481323242188,18800,0.0,0.0
2001-02-12 00:00:00+09:00,731.6481323242188,731.6481323242188,731.6481323242188,731.6481323242188,0,0.0,0.0
2001-02-13 00:00:00+09:00,729.8158983133607,745.0840133408368,720.655029296875,720.655029296875,16700,0.0,0.0
2001-02-14 00:00:00+09:00,732.8695213188558,732.8695213188558,720.655029296875,720.655029296875,14000,0.0,0.0
2001-02-15 00:00:00+09:00,720.6551431607799,726.7623901367188,720.6551431607799,726.7623901367188,11500,0.0,0.0
2001-02-16 00:00:00+09:00,727.3733844836886,732.8699087996863,717.6017856996928,729.8162841796875,15500,0.0,0.0
2001-02-19 00:00:00+09:00,729.8159446716309,732.8695678710938,729.8159446716309,732.8695678710938,4600,0.0,0.0
2001-02-20 00:00:00+09:00,732.8696101262019,793.9420776367188,732.8696101262019,793.9420776367188,41400,0.0,0.0
2001-02-21 00:00:00+09:00,818.3710102733461,818.3710102733461,782.3382568359376,782.3382568359375,127500,0.0,0.0
2001-02-22 00:00:00+09:00,769.513082208383,775.6203288925765,757.298588839996,767.680908203125,46400,0.0,0.0
2001-02-23 00:00:00+09:00,769.513053833969,778.6739235224687,767.6808798962692,775.6203002929688,41400,0.0,0.0
2001-02-26 00:00:00+09:00,775.6203002929688,788.4455178568683,775.0095756470688,775.6203002929688,49300,0.0,0.0
2001-02-27 00:00:00+09:00,775.6203002929688,778.6739235224687,769.513053833969,775.6203002929688,47600,0.0,0.0
2001-02-28 00:00:00+09:00,775.6202247860433,796.9955853116429,775.6202247860433,793.3312377929688,192800,0.0,0.0
2001-03-01 00:00:00+09:00,806.1565711388221,806.1565711388221,793.3313529616136,793.9420776367188,40000,0.0,0.0
2001-03-02 00:00:00+09:00,793.3313281747076,793.3313281747076,768.9023419337619,779.8953857421875,26100,0.0,0.0
2001-03-05 00:00:00+09:00,779.8954101092999,793.9420776367188,772.5667140080378,793.9420776367188,30200,0.0,0.0
2001-03-06 00:00:00+09:00,793.9421058768656,818.37109375,793.9421058768656,818.37109375,49800,0.0,0.0
2001-03-07 00:00:00+09:00,821.4245535649936,830.5854221921126,818.3709306892873,827.5317993164062,41700,0.0,0.0
2001-03-08 00:00:00+09:00,828.7534331616739,848.9073486328126,828.7534331616739,848.9073486328125,68900,0.0,0.0
2001-03-09 00:00:00+09:00,848.9073486328126,853.7931463227856,836.69285440788,848.9073486328125,57900,0.0,0.0
2001-03-12 00:00:00+09:00,848.9073201497396,848.9073201497396,806.156591796875,824.4783325195312,16300,0.0,0.0
2001-03-13 00:00:00+09:00,763.4058438814603,793.9420776367188,763.4058438814603,793.9420776367188,11200,0.0,0.0
2001-03-14 00:00:00+09:00,793.9420776367188,793.9420776367188,793.9420776367188,793.9420776367188,0,0.0,0.0
2001-03-15 00:00:00+09:00,781.7274169921875,793.3311833381653,764.0164052009583,781.7274169921875,10900,0.0,0.0
2001-03-16 00:00:00+09:00,793.9418752569901,823.8673767089844,792.7204262181332,812.2636108398438,14800,0.0,0.0
2001-03-19 00:00:00+09:00,800.049455520342,824.4784465285967,800.049455520342,809.2103271484375,17400,0.0,0.0
2001-03-20 00:00:00+09:00,809.2103271484375,809.2103271484375,809.2103271484375,809.2103271484375,0,0.0,0.0
2001-03-21 00:00:00+09:00,809.210215250651,824.4783325195312,793.9420979817708,824.4783325195312,14400,0.0,0.0
2001-03-22 00:00:00+09:00,824.4781961928318,836.6926879882811,823.8674716030594,836.6926879882812,19600,0.0,0.0
2001-03-23 00:00:00+09:00,842.7999729701451,855.0144653320312,825.0889590454101,855.0144653320312,26900,0.0,0.0
2001-03-26 00:00:00+09:00,897.7652509534681,903.8724975585938,873.3362645329656,903.8724975585938,41200,0.0,0.0
2001-03-27 00:00:00+09:00,891.8457138372927,906.6481323242188,891.8457138372927,906.6481323242188,22400,14.5,0.0
2001-03-28 00:00:00+09:00,912.8156346242894,912.8156346242894,894.9293823242189,894.9293823242188,45300,0.0,0.0
2001-03-29 00:00:00+09:00,894.3125680695738,894.3125680695738,881.9772223030969,893.69580078125,7300,0.0,0.0
2001-03-30 00:00:00+09:00,885.061131617406,888.1449683129371,863.4742747486888,881.977294921875,5000,0.0,0.0
2001-04-02 00:00:00+09:00,863.4742942431295,881.9773148340537,863.4742942431295,869.6419677734375,7500,0.0,0.0
2001-04-03 00:00:00+09:00,869.6419163295201,869.6419163295201,863.4742431640625,863.4742431640625,12400,0.0,0.0
2001-04-04 00:00:00+09:00,863.4742431640625,893.0790743582588,859.7736392647879,863.4742431640625,16800,0.0,0.0
2001-04-05 00:00:00+09:00,881.9772895265021,893.6958688978333,872.7257794965038,893.0791015625,15400,0.0,0.0
2001-04-06 00:00:00+09:00,894.3127227174112,896.1630249023438,888.145048767636,896.1630249023438,12300,0.0,0.0
2001-04-09 00:00:00+09:00,900.4801012541118,900.4801012541118,878.8932495117188,878.8932495117188,15400,0.0,0.0
2001-04-10 00:00:00+09:00,894.3126545993256,894.3126545993256,870.2587280273438,870.2587280273438,29300,0.0,0.0
2001-04-11 00:00:00+09:00,873.9591203345848,888.14476590106,864.7076123564487,872.7255859375,12200,0.0,0.0
2001-04-12 00:00:00+09:00,894.3126932779948,906.6480407714844,888.14501953125,888.14501953125,41300,0.0,0.0
2001-04-13 00:00:00+09:00,864.7077964033884,867.1748657226562,864.7077964033884,867.1748657226562,4300,0.0,0.0
2001-04-16 00:00:00+09:00,867.174847063337,869.0251490129742,863.4742431640625,863.4742431640625,4900,0.0,0.0
2001-04-17 00:00:00+09:00,863.4743381475018,863.4743381475018,839.42041015625,839.42041015625,4000,0.0,0.0
2001-04-18 00:00:00+09:00,863.4740669953985,863.4740669953985,840.0369137483806,862.8572998046875,11400,0.0,0.0
2001-04-19 00:00:00+09:00,863.4742758552574,894.312642850088,863.4742758552574,865.9413452148438,12900,0.0,0.0
2001-04-20 00:00:00+09:00,857.3064885373975,866.5579974065062,857.3064885373975,865.324462890625,10600,0.0,0.0
2001-04-23 00:00:00+09:00,863.4741681108461,866.5580044255278,863.4741681108461,864.7077026367188,8600,0.0,0.0
2001-04-24 00:00:00+09:00,864.7077026367188,864.7077026367188,858.5400300073555,864.7077026367188,4700,0.0,0.0
2001-04-25 00:00:00+09:00,877.0431241280692,877.0431241280692,863.4742431640625,863.4742431640625,4000,0.0,0.0
2001-04-26 00:00:00+09:00,877.0431241280692,877.0431241280692,863.4742431640625,863.4742431640625,4000,0.0,0.0
2001-04-27 00:00:00+09:00,875.8095848697355,875.8095848697355,858.5401000976562,858.5401000976562,3800,0.0,0.0
2001-04-30 00:00:00+09:00,858.5401000976562,858.5401000976562,858.5401000976562,858.5401000976562,0,0.0,0.0
2001-05-01 00:00:00+09:00,863.4741039007482,875.8094482421875,862.2405694666043,875.8094482421875,12300,0.0,0.0
2001-05-02 00:00:00+09:00,869.6417916421775,874.5759294670977,869.0250244140625,869.0250244140625,6300,0.0,0.0
2001-05-03 00:00:00+09:00,869.0250244140625,869.0250244140625,869.0250244140625,869.0250244140625,0,0.0,0.0
2001-05-04 00:00:00+09:00,869.0250244140625,869.0250244140625,869.0250244140625,869.0250244140625,0,0.0,0.0
2001-05-07 00:00:00+09:00,869.6419163295201,872.7257529122488,863.4742431640625,863.4742431640625,62,0.0,0.0
2001-05-08 00:00:00+09:00,869.6420862306752,875.8097606011055,865.941481608417,875.1929931640625,57,0.0,0.0
2001-05-09 00:00:00+09:00,875.8097498728897,881.3606567382812,866.5582384305704,881.3606567382812,100,0.0,0.0
2001-05-10 00:00:00+09:00,873.3425202287946,873.3425202287946,863.4742431640625,863.4742431640625,76,0.0,0.0
2001-05-11 00:00:00+09:00,863.4742431640625,869.6419163295201,863.4742431640625,863.4742431640625,49,0.0,0.0
2001-05-14 00:00:00+09:00,875.8095062756147,875.8095062756147,864.7076956326844,865.324462890625,22,0.0,0.0
2001-05-15 00:00:00+09:00,864.7076123564487,872.7255859375,863.474077959364,872.7255859375,10300,0.0,0.0
2001-05-16 00:00:00+09:00,875.8096413037456,875.8096413037456,869.6419677734375,869.6419677734375,3300,0.0,0.0
2001-05-17 00:00:00+09:00,875.809399739127,881.3603043853609,870.2584950928931,880.1267700195312,6700,0.0,0.0
2001-05-18 00:00:00+09:00,881.9771124413396,912.8154730162116,881.9771124413396,903.56396484375,35400,0.0,0.0
2001-05-21 00:00:00+09:00,912.8156346242894,912.8156346242894,894.3126150035267,894.9293823242188,11000,0.0,0.0
2001-05-22 00:00:00+09:00,912.1987357651892,912.1987357651892,895.5460205078125,895.5460205078125,10000,0.0,0.0
2001-05-23 00:00:00+09:00,896.779770903535,906.6480489877554,896.779770903535,898.0133056640625,3800,0.0,0.0
2001-05-24 00:00:00+09:00,905.4145060221355,905.4145060221355,888.14501953125,888.14501953125,8400,0.0,0.0
2001-05-25 00:00:00+09:00,889.9952703302557,889.9952703302557,872.725784835282,881.977294921875,2500,0.0,0.0
2001-05-28 00:00:00+09:00,886.2945863500134,912.8155795393319,886.2945863500134,894.3125610351562,37600,0.0,0.0
2001-05-29 00:00:00+09:00,900.4802806064466,911.5820922851562,900.4802806064466,911.5820922851562,15800,0.0,0.0
2001-05-30 00:00:00+09:00,911.5820999829052,912.1988673035972,894.3126150035267,894.9293823242188,5300,0.0,0.0
2001-05-31 00:00:00+09:00,894.312482561384,894.312482561384,881.9771379743304,885.0609741210938,4600,0.0,0.0
2001-06-01 00:00:00+09:00,881.9771788550205,881.9771788550205,864.0909283747438,865.324462890625,2300,0.0,0.0
2001-06-04 00:00:00+09:00,893.6957384164451,893.6957384164451,865.3244451333834,877.6597900390625,4900,0.0,0.0
2001-06-05 00:00:00+09:00,878.2766206517415,878.2766206517415,869.6418785947722,872.1089477539062,1300,0.0,0.0
2001-06-06 00:00:00+09:00,872.1090522246479,974.4924345933124,872.1090522246479,968.9415283203125,65300,0.0,0.0
2001-06-07 00:00:00+09:00,955.989570942924,1030.00166675786,944.2709891055591,1012.732177734375,245000,0.0,0.0
2001-06-08 00:00:00+09:00,1022.6001030988755,1023.8336376020104,962.7736796968303,968.3245849609375,77300,0.0,0.0
2001-06-11 00:00:00+09:00,973.8754035186768,992.9951866149903,957.8394564056397,986.8275146484375,21800,0.0,0.0
2001-06-12 00:00:00+09:00,988.6780388856546,992.3786428989508,956.6061374370869,962.1570434570312,19800,0.0,0.0
2001-06-13 00:00:00+09:00,962.1572160720824,962.1572160720824,944.887727578481,947.3547973632812,9900,0.0,0.0
2001-06-14 00:00:00+09:00,957.8395838323629,980.6599731445312,946.7377728156323,980.6599731445312,11300,0.0,0.0
2001-06-15 00:00:00+09:00,962.1570451212746,972.64208984375,943.6540250227885,972.64208984375,15000,0.0,0.0
2001-06-18 00:00:00+09:00,961.5402387673232,971.4085157527479,949.8216598471313,954.7557983398438,6200,0.0,0.0
2001-06-19 00:00:00+09:00,949.8218454760174,949.8218454760174,925.151148190926,928.2349853515625,9100,0.0,0.0
2001-06-20 00:00:00+09:00,928.851288784344,930.7015901564243,898.6296997070312,898.6296997070312,12600,0.0,0.0
2001-06-21 00:00:00+09:00,898.6301942146865,925.1511951420931,898.6301942146865,918.9835205078125,3100,0.0,0.0
2001-06-22 00:00:00+09:00,925.1509399414062,943.6539587402343,907.2646884358724,925.1509399414062,8300,0.0,0.0
2001-06-25 00:00:00+09:00,925.1508010061164,967.7077378523976,925.1508010061164,937.4861450195312,10500,0.0,0.0
2001-06-26 00:00:00+09:00,949.8214828491211,986.8275146484375,943.6538108825685,986.8275146484375,34600,0.0,0.0
2001-06-27 00:00:00+09:00,972.642070505122,984.9774169921876,959.0731893693498,984.9774169921875,11600,0.0,0.0
2001-06-28 00:00:00+09:00,984.9775384830523,985.5943058834799,941.1870530526849,974.4924926757812,8300,0.0,0.0
2001-06-29 00:00:00+09:00,974.4923003574587,980.6599731445312,955.9892819962412,980.6599731445312,17100,0.0,0.0
2001-07-02 00:00:00+09:00,986.8277260534148,987.4444933821982,977.5762161216641,984.3606567382812,26000,0.0,0.0
2001-07-03 00:00:00+09:00,983.7437399072585,984.3605071423101,940.5700334536484,943.6538696289062,8200,0.0,0.0
2001-07-04 00:00:00+09:00,981.2766763317569,983.7437452854508,943.6538747879246,948.5880126953125,12600,0.0,0.0
2001-07-05 00:00:00+09:00,955.9894706629499,980.6601666800583,955.9894706629499,974.4924926757812,10100,0.0,0.0
2001-07-06 00:00:00+09:00,980.6598857264364,980.6598857264364,949.8215245400705,955.9891967773438,7900,0.0,0.0
2001-07-09 00:00:00+09:00,955.9892054966518,974.4922223772321,949.821533203125,949.821533203125,12200,0.0,0.0
2001-07-10 00:00:00+09:00,938.1032571373061,939.9535594196282,938.1032571373061,939.3367919921875,1200,0.0,0.0
2001-07-11 00:00:00+09:00,939.9533832565088,949.8216602460784,938.1030813209644,938.7198486328125,7800,0.0,0.0
2001-07-12 00:00:00+09:00,949.8216434500782,962.1569894689104,943.6539704406622,961.5402221679688,16400,0.0,0.0
2001-07-13 00:00:00+09:00,980.6600526461199,986.8277259332024,941.8037109375,941.8037109375,34200,0.0,0.0
2001-07-16 00:00:00+09:00,997.312689669627,997.312689669627,948.5880746517541,980.6599731445312,8700,0.0,0.0
2001-07-17 00:00:00+09:00,980.0429792502491,980.0429792502491,957.2225952148438,957.2225952148438,1800,0.0,0.0
2001-07-18 00:00:00+09:00,949.8217278338494,957.8397034584209,925.1510336043988,927.6181030273438,15900,0.0,0.0
2001-07-19 00:00:00+09:00,909.11496881449,980.6599731445312,894.3125541255159,980.6599731445312,16200,0.0,0.0
2001-07-20 00:00:00+09:00,980.6599731445312,980.6599731445312,980.6599731445312,980.6599731445312,0,0.0,0.0
2001-07-23 00:00:00+09:00,974.4924960201733,974.4924960201733,894.9295010919441,900.4804077148438,11100,0.0,0.0
2001-07-24 00:00:00+09:00,900.4801462534311,912.8154907226562,900.4801462534311,912.8154907226562,3400,0.0,0.0
2001-07-25 00:00:00+09:00,913.4322783575569,955.3724504901119,913.4322783575569,954.138916015625,4000,0.0,0.0
2001-07-26 00:00:00+09:00,953.522450068781,954.1392175009083,928.2349853515625,928.2349853515625,4200,0.0,0.0
2001-07-27 00:00:00+09:00,928.2349282294334,937.4864391420192,928.2349282294334,933.1690673828125,2300,0.0,0.0
2001-07-30 00:00:00+09:00,933.1690673828125,935.0193695653296,933.1690673828125,933.1690673828125,4900,0.0,0.0
2001-07-31 00:00:00+09:00,933.1689124287478,933.1689124287478,924.534170344146,930.7018432617188,5000,0.0,0.0
2001-08-01 00:00:00+09:00,967.7080480288679,980.660163394455,949.205026078029,980.0433959960938,34700,0.0,0.0
2001-08-02 00:00:00+09:00,980.6598038757478,983.7436397369922,979.42626953125,979.42626953125,10900,0.0,0.0
2001-08-03 00:00:00+09:00,960.9233779421278,968.3245849609375,957.8395416842905,968.3245849609375,3100,0.0,0.0
2001-08-06 00:00:00+09:00,968.3248186715041,974.4924926757811,953.5224010612391,974.4924926757812,6400,0.0,0.0
2001-08-07 00:00:00+09:00,968.3248186715041,980.6601666800583,964.6242142689379,974.4924926757812,5000,0.0,0.0
2001-08-08 00:00:00+09:00,980.660039304777,980.660039304777,968.3246928984277,969.5582275390625,2200,0.0,0.0
2001-08-09 00:00:00+09:00,962.1569254240637,962.1569254240637,951.0551147460938,951.0551147460938,2000,0.0,0.0
2001-08-10 00:00:00+09:00,968.3249635133972,968.3249635133972,925.1512390255386,951.6722412109375,5700,0.0,0.0
2001-08-13 00:00:00+09:00,968.3245338299029,968.3245338299029,935.0191040039062,935.0191040039062,1300,0.0,0.0
2001-08-14 00:00:00+09:00,935.0192468158605,949.2048950195312,935.0192468158605,949.2048950195312,3000,0.0,0.0
2001-08-15 00:00:00+09:00,949.2047747443704,949.2047747443704,941.1868006886999,943.6538696289062,1400,0.0,0.0
2001-08-16 00:00:00+09:00,934.4026021711572,943.6541130837429,931.3187652002954,933.1690673828125,4300,0.0,0.0
2001-08-17 00:00:00+09:00,931.3184974401838,946.1209106445311,928.8514285727927,946.1209106445312,2400,0.0,0.0
2001-08-20 00:00:00+09:00,943.0372294673214,943.6539967854818,932.5521850585938,932.5521850585938,3800,0.0,0.0
2001-08-21 00:00:00+09:00,925.1508908945754,932.5520980217319,925.1508908945754,929.46826171875,1900,0.0,0.0
2001-08-22 00:00:00+09:00,928.8514753998636,937.4862168710443,925.1508719122148,925.7676391601562,5200,0.0,0.0
2001-08-23 00:00:00+09:00,925.151191742314,927.0014941257987,914.0493774414062,914.0493774414062,6300,0.0,0.0
2001-08-24 00:00:00+09:00,915.8996831906722,918.9835205078125,912.8158458735319,918.9835205078125,13900,0.0,0.0
2001-08-27 00:00:00+09:00,925.1511951420931,925.1511951420931,894.31282197069,918.9835205078125,2100,0.0,0.0
2001-08-28 00:00:00+09:00,922.0668907503111,922.0668907503111,894.3123689551513,906.0309448242188,10400,0.0,0.0
2001-08-29 00:00:00+09:00,894.3123689551513,906.0309448242188,894.3123689551513,906.0309448242188,4300,0.0,0.0
2001-08-30 00:00:00+09:00,894.3126618946698,894.3126618946698,866.5581310082835,869.6419677734375,5800,0.0,0.0
2001-08-31 00:00:00+09:00,869.6417863670201,875.8094586107579,863.4741141232824,864.0908813476562,14200,0.0,0.0
2001-09-03 00:00:00+09:00,876.4262883883804,876.4262883883804,825.2346051116488,826.4681396484375,14800,0.0,0.0
2001-09-04 00:00:00+09:00,826.4681748522354,828.318476736233,819.0669673162453,823.3843383789062,15900,0.0,0.0
2001-09-05 00:00:00+09:00,826.4683728054133,843.12109375,826.4683728054133,843.12109375,4200,0.0,0.0
2001-09-06 00:00:00+09:00,843.12109375,844.9713960771762,843.12109375,843.12109375,1900,0.0,0.0
2001-09-07 00:00:00+09:00,838.8037397446534,838.8037397446534,826.4683906307615,836.336669921875,9000,0.0,0.0
2001-09-10 00:00:00+09:00,833.8693030155066,838.1866736672141,807.9650791052616,814.1327514648438,5000,0.0,0.0
2001-09-11 00:00:00+09:00,814.1325610167999,820.3002319335938,801.797219183212,820.3002319335938,15900,0.0,0.0
2001-09-12 00:00:00+09:00,758.6239013671875,759.240668766673,758.6239013671875,758.6239013671875,13700,0.0,0.0
2001-09-13 00:00:00+09:00,740.1208212209302,746.2884947311046,728.4022415515988,742.587890625,7200,0.0,0.0
2001-09-14 00:00:00+09:00,740.120879382622,789.4622713414634,740.120879382622,758.6239013671875,24500,0.0,0.0
2001-09-17 00:00:00+09:00,758.6236135211218,759.240380686586,740.120598557192,740.7373657226562,9500,0.0,0.0
2001-09-18 00:00:00+09:00,728.4021567083864,764.7914261798469,728.4021567083864,755.5399169921875,10600,0.0,0.0
2001-09-19 00:00:00+09:00,755.539796617296,777.7434151301309,755.539796617296,777.1266479492188,10900,0.0,0.0
2001-09-20 00:00:00+09:00,777.1266479492188,777.1266479492188,769.1086745973618,777.1266479492188,8900,0.0,0.0
2001-09-21 00:00:00+09:00,777.7435560164913,782.6776943575951,746.2884240919543,764.7914428710938,15000,0.0,0.0
2001-09-24 00:00:00+09:00,764.7914428710938,764.7914428710938,764.7914428710938,764.7914428710938,0,0.0,0.0
2001-09-25 00:00:00+09:00,814.9875794885311,822.470250455526,796.2809020710437,799.398681640625,13100,13.5,0.0
2001-09-26 00:00:00+09:00,767.5975551202046,771.9624477975738,766.9739990234375,766.9739990234375,19300,0.0,0.0
2001-09-27 00:00:00+09:00,773.2094295149348,776.3272094726562,767.597425591036,776.3272094726562,5500,0.0,0.0
2001-09-28 00:00:00+09:00,776.3272094726562,776.3272094726562,776.3272094726562,776.3272094726562,0,0.0,0.0
2001-10-01 00:00:00+09:00,816.8584226079839,823.0939830859076,810.6228621300604,812.4935302734375,9000,0.0,0.0
2001-10-02 00:00:00+09:00,819.9758901871029,821.8465576171875,814.363887896849,821.8465576171875,7600,0.0,0.0
2001-10-03 00:00:00+09:00,823.0938693085408,829.3294289245146,823.0938693085408,826.835205078125,7800,0.0,0.0
2001-10-04 00:00:00+09:00,829.3295984338831,841.8007202148438,829.3295984338831,841.8007202148438,18500,0.0,0.0
2001-10-05 00:00:00+09:00,848.036299272017,848.6598553744229,823.0940551757812,823.0940551757812,8500,0.0,0.0
2001-10-08 00:00:00+09:00,823.0940551757812,823.0940551757812,823.0940551757812,823.0940551757812,0,0.0,0.0
2001-10-09 00:00:00+09:00,823.7175782341537,838.6829240915495,823.7175782341537,836.812255859375,7000,0.0,0.0
2001-10-10 00:00:00+09:00,835.5649661874413,835.5649661874413,829.3294067382812,829.3294067382812,14200,0.0,0.0
2001-10-11 00:00:00+09:00,829.3295984338831,841.8007202148438,829.3295984338831,841.8007202148438,11300,0.0,0.0
2001-10-12 00:00:00+09:00,872.9783829398777,885.4495026961617,848.0361434273099,860.5072631835938,18200,0.0,0.0
2001-10-15 00:00:00+09:00,860.5071750411331,870.4840698242188,859.8836191171903,870.4840698242188,8100,0.0,0.0
2001-10-16 00:00:00+09:00,854.2719665483083,866.7430901475537,848.6599609286479,859.8839721679688,5400,0.0,0.0
2001-10-17 00:00:00+09:00,854.8954221949695,861.7545393679416,854.8954221949695,859.2603149414062,3600,0.0,0.0
2001-10-18 00:00:00+09:00,859.2602555930397,859.2602555930397,850.5304707031249,857.3895874023438,1700,0.0,0.0
2001-10-19 00:00:00+09:00,860.5075153551604,860.5075153551604,848.036391944216,853.0248413085938,6200,0.0,0.0
2001-10-22 00:00:00+09:00,844.91861109148,857.3897345024243,844.91861109148,853.0248413085938,3100,0.0,0.0
2001-10-23 00:00:00+09:00,860.507528347931,860.507528347931,853.0248541883838,859.8839721679688,14000,0.0,0.0
2001-10-24 00:00:00+09:00,860.5072885777828,860.5072885777828,848.6597244596829,854.271728515625,11600,0.0,0.0
2001-10-25 00:00:00+09:00,859.8839721679688,862.3781968878178,854.2719665483083,859.8839721679688,13500,0.0,0.0
2001-10-26 00:00:00+09:00,860.5072661154135,861.1308221053522,849.9068142864555,856.7659301757812,20100,0.0,0.0
2001-10-29 00:00:00+09:00,859.8837295354799,860.5072855394941,856.7659495154094,858.0130615234375,8000,0.0,0.0
2001-10-30 00:00:00+09:00,860.5072631835938,860.5072631835938,844.9183634882388,860.5072631835938,14100,0.0,0.0
2001-10-31 00:00:00+09:00,859.2601526685617,859.2601526685617,851.7774808020721,858.6365966796875,11000,0.0,0.0
2001-11-01 00:00:00+09:00,859.2600167667164,859.2600167667164,842.424007729923,848.0360107421875,4800,0.0,0.0
2001-11-02 00:00:00+09:00,854.2717226897488,854.2717226897488,836.1885986328125,836.1885986328125,7600,0.0,0.0
2001-11-05 00:00:00+09:00,854.2715696447035,854.2715696447035,844.9182312909294,848.0360107421875,15300,0.0,0.0
2001-11-06 00:00:00+09:00,853.6481650231977,863.6250610351562,853.6481650231977,863.6250610351562,15400,0.0,0.0
2001-11-07 00:00:00+09:00,863.6250610351562,863.6250610351562,853.6481650231977,863.6250610351562,13300,0.0,0.0
2001-11-08 00:00:00+09:00,863.6250610351562,863.6250610351562,841.8006010089971,863.6250610351562,9100,0.0,0.0
2001-11-09 00:00:00+09:00,863.6250610351562,863.6250610351562,863.6250610351562,863.6250610351562,0,0.0,0.0
2001-11-12 00:00:00+09:00,829.3294114332933,854.2716493711367,829.3294114332933,851.1538696289062,2700,0.0,0.0
2001-11-13 00:00:00+09:00,829.9529522173162,844.9182947065841,829.9529522173162,844.2947387695312,3600,0.0,0.0
2001-11-14 00:00:00+09:00,841.80051502132,844.9182947065841,835.5649556507917,844.2947387695312,15900,0.0,0.0
2001-11-15 00:00:00+09:00,841.1769590842672,844.2947387695314,829.3293962802634,844.2947387695312,3200,0.0,0.0
2001-11-16 00:00:00+09:00,842.4242088571416,842.4242088571416,825.5881958007812,825.5881958007812,6300,0.0,0.0
2001-11-19 00:00:00+09:00,828.0825825471697,832.447475678066,826.2119140625,826.2119140625,7900,0.0,0.0
2001-11-20 00:00:00+09:00,826.8354702240566,826.8354702240566,826.2119140625,826.2119140625,1400,0.0,0.0
2001-11-21 00:00:00+09:00,823.0939891806574,828.7059936523438,822.4704331282479,828.7059936523438,2300,0.0,0.0
2001-11-22 00:00:00+09:00,823.094133254717,826.2119140625,823.094133254717,826.2119140625,3400,0.0,0.0
2001-11-23 00:00:00+09:00,826.2119140625,826.2119140625,826.2119140625,826.2119140625,0,0.0,0.0
2001-11-26 00:00:00+09:00,826.2118179886429,841.8007202148438,826.2118179886429,841.8007202148438,2500,0.0,0.0
2001-11-27 00:00:00+09:00,826.2119140625,827.4590263856132,825.5883579009434,826.2119140625,15600,0.0,0.0
2001-11-28 00:00:00+09:00,826.2115893720769,838.6827077022215,821.2231420400191,824.9644775390625,9000,0.0,0.0
2001-11-29 00:00:00+09:00,823.7177547484405,823.7177547484405,804.3875122070311,804.3875122070312,4000,0.0,0.0
2001-11-30 00:00:00+09:00,816.8584419338182,816.8584419338182,811.869993433459,813.7406616210938,4400,0.0,0.0
2001-12-03 00:00:00+09:00,813.7405903738297,816.8583704135762,798.1516901750973,801.2694702148438,9100,0.0,0.0
2001-12-04 00:00:00+09:00,801.2695470634395,809.9993320119906,798.1517667246713,806.2579956054688,6700,0.0,0.0
2001-12-05 00:00:00+09:00,810.6226196289062,810.6226196289062,798.151502403846,810.6226196289062,5500,0.0,0.0
2001-12-06 00:00:00+09:00,810.6229743542233,810.6229743542233,801.2696323424439,801.8931884765625,5000,0.0,0.0
2001-12-07 00:00:00+09:00,798.7753026682859,806.2579752928132,783.1864013671874,783.1864013671875,8500,0.0,0.0
2001-12-10 00:00:00+09:00,776.3272480777591,781.9392522807308,748.2672270629004,778.8214721679688,4700,0.0,0.0
2001-12-11 00:00:00+09:00,778.8213174343109,798.1515502929688,778.8213174343109,798.1515502929688,3100,0.0,0.0
2001-12-12 00:00:00+09:00,810.6226652571298,841.8004600747117,810.6226652571298,834.9413452148438,15500,0.0,0.0
2001-12-13 00:00:00+09:00,859.8837282554273,859.8837282554273,822.4703680702745,834.3179321289062,10900,0.0,0.0
2001-12-14 00:00:00+09:00,822.470552369997,830.5767822265625,822.470552369997,830.5767822265625,18800,0.0,0.0
2001-12-17 00:00:00+09:00,821.8470308959029,835.5652666164718,780.0687675650793,816.8585815429688,5100,0.0,0.0
2001-12-18 00:00:00+09:00,826.2114101958202,826.2114101958202,802.5162905071854,815.6109619140625,7100,0.0,0.0
2001-12-19 00:00:00+09:00,813.1171282006629,813.7406842805714,805.0108991618526,811.2464599609375,3700,0.0,0.0
2001-12-20 00:00:00+09:00,811.2463557431745,826.2116997384368,811.2463557431745,814.3641357421875,8600,0.0,0.0
2001-12-21 00:00:00+09:00,816.8582878399612,829.3294067382812,814.9876200052132,829.3294067382812,2800,0.0,0.0
2001-12-24 00:00:00+09:00,829.3294067382812,829.3294067382812,829.3294067382812,829.3294067382812,0,0.0,0.0
2001-12-25 00:00:00+09:00,798.1517942015209,828.082486484078,798.1517942015209,819.9762573242188,14300,0.0,0.0
2001-12-26 00:00:00+09:00,823.0939519293954,823.0939519293954,800.6459350585938,800.6459350585938,1400,0.0,0.0
2001-12-27 00:00:00+09:00,798.1519500968991,804.3875122070311,797.528393885886,804.3875122070312,10100,0.0,0.0
2001-12-28 00:00:00+09:00,819.9759785077313,820.5995343849235,808.1284168410797,809.9990844726562,4600,0.0,0.0
2001-12-31 00:00:00+09:00,809.9990844726562,809.9990844726562,809.9990844726562,809.9990844726562,0,0.0,0.0
2002-01-01 00:00:00+09:00,809.9990844726562,809.9990844726562,809.9990844726562,809.9990844726562,0,0.0,0.0
2002-01-02 00:00:00+09:00,809.9990844726562,809.9990844726562,809.9990844726562,809.9990844726562,0,0.0,0.0
2002-01-03 00:00:00+09:00,809.9990844726562,809.9990844726562,809.9990844726562,809.9990844726562,0,0.0,0.0
2002-01-04 00:00:00+09:00,819.3526000976562,819.3526000976562,810.622815926144,819.3526000976562,3500,0.0,0.0
2002-01-07 00:00:00+09:00,810.6228298611112,810.6228298611112,801.8930455395299,802.5166015625,7800,0.0,0.0
2002-01-08 00:00:00+09:00,810.622903881029,823.0940254791986,785.6806606846897,811.2464599609375,12900,0.0,0.0
2002-01-09 00:00:00+09:00,798.7752685546875,800.645936630928,795.65748842762,798.7752685546875,32500,0.0,0.0
2002-01-10 00:00:00+09:00,798.1518438981043,803.1402929224674,789.4220581054688,789.4220581054688,7600,0.0,0.0
2002-01-11 00:00:00+09:00,766.9739171143569,778.8214816876682,766.9739171143569,767.5974731445312,19500,0.0,0.0
2002-01-14 00:00:00+09:00,767.5974731445312,767.5974731445312,767.5974731445312,767.5974731445312,0,0.0,0.0
2002-01-15 00:00:00+09:00,767.5975132731647,773.2095178381188,763.8561768965287,768.2210693359375,8700,0.0,0.0
2002-01-16 00:00:00+09:00,748.8907013946633,763.2324883489325,748.8907013946633,755.7498168945312,10800,0.0,0.0
2002-01-17 00:00:00+09:00,780.6921975057634,780.6921975057634,754.5028426373592,760.7384033203125,3000,0.0,0.0
2002-01-18 00:00:00+09:00,773.2093021453373,789.4217552548364,773.2093021453373,785.680419921875,8400,0.0,0.0
2002-01-21 00:00:00+09:00,780.0684947037116,818.1054077148439,780.0684947037116,818.1054077148438,7500,0.0,0.0
2002-01-22 00:00:00+09:00,816.8583352910648,816.8583352910648,791.2925400643979,793.1632080078125,7900,0.0,0.0
2002-01-23 00:00:00+09:00,793.1634815267573,793.7870377229262,779.445245211043,785.0572509765625,8200,0.0,0.0
2002-01-24 00:00:00+09:00,809.99911236763,809.99911236763,783.1862087249756,798.1515502929688,6000,0.0,0.0
2002-01-25 00:00:00+09:00,810.6226519020267,810.6226519020267,779.4448575981027,791.2924194335938,8100,0.0,0.0
2002-01-28 00:00:00+09:00,791.2925847693334,795.0339208675335,780.6921324910996,788.1748046875,4000,0.0,0.0
2002-01-29 00:00:00+09:00,788.17454453125,791.2923235839844,772.5856492675782,779.4447631835938,5400,0.0,0.0
2002-01-30 00:00:00+09:00,780.0685659445678,801.2694702148438,779.4450099366185,801.2694702148438,5000,0.0,0.0
2002-01-31 00:00:00+09:00,801.2694702148438,801.2694702148438,801.2694702148438,801.2694702148438,0,0.0,0.0
2002-02-01 00:00:00+09:00,791.2923235839844,791.2923235839844,779.4447631835938,779.4447631835938,6300,0.0,0.0
2002-02-04 00:00:00+09:00,779.4450204583662,788.1748046875,779.4450204583662,788.1748046875,4400,0.0,0.0
2002-02-05 00:00:00+09:00,787.5509887207031,787.5509887207031,766.9736469726563,779.4447631835938,4100,0.0,0.0
2002-02-06 00:00:00+09:00,760.7383475139486,778.8214721679688,760.7383475139486,778.8214721679688,4700,0.0,0.0
2002-02-07 00:00:00+09:00,778.8214275933677,795.0338832518366,778.8214275933677,783.8098754882812,2500,0.0,0.0
2002-02-08 00:00:00+09:00,788.798316139845,800.022323800333,776.3271965170807,793.1632080078125,11400,0.0,0.0
2002-02-11 00:00:00+09:00,793.1632080078125,793.1632080078125,793.1632080078125,793.1632080078125,0,0.0,0.0
2002-02-12 00:00:00+09:00,793.7866590023041,798.1515502929688,793.7866590023041,798.1515502929688,6300,0.0,0.0
2002-02-13 00:00:00+09:00,797.5279541015625,798.1515099687256,771.9621635478768,797.5279541015625,8300,0.0,0.0
2002-02-14 00:00:00+09:00,796.9044799804688,801.2693714983586,793.7867003248332,796.9044799804688,10400,0.0,0.0
2002-02-15 00:00:00+09:00,784.4334580002128,801.2694702148438,766.9738897776326,801.2694702148438,6800,0.0,0.0
2002-02-18 00:00:00+09:00,773.2093990479478,798.1516377269139,773.2093990479478,790.04541015625,1200,0.0,0.0
2002-02-19 00:00:00+09:00,798.1517949380166,798.1517949380166,748.2673077543905,754.5028686523438,6800,0.0,0.0
2002-02-20 00:00:00+09:00,797.5280635005508,797.5280635005508,784.433388493896,786.9276123046875,2800,0.0,0.0
2002-02-21 00:00:00+09:00,793.1631704699851,793.1631704699851,786.9276109537117,788.7982788085938,9200,0.0,0.0
2002-02-22 00:00:00+09:00,789.421834760221,795.0338383248671,788.1747228569664,788.7982788085938,10200,0.0,0.0
2002-02-25 00:00:00+09:00,788.7982788085936,791.9160585667304,776.950715727674,788.7982788085938,3400,0.0,0.0
2002-02-26 00:00:00+09:00,791.2923235839844,791.2923235839844,767.5972027832032,779.4447631835938,2300,0.0,0.0
2002-02-27 00:00:00+09:00,786.3040304266237,795.0338134765625,775.0800236481311,795.0338134765625,8900,0.0,0.0
2002-02-28 00:00:00+09:00,795.0337707996368,798.1515502929688,788.798211812973,798.1515502929688,12500,0.0,0.0
2002-03-01 00:00:00+09:00,773.8328702449799,798.1515502929688,773.8328702449799,798.1515502929688,10600,0.0,0.0
2002-03-04 00:00:00+09:00,798.1518110795455,823.0940551757812,798.1518110795455,823.0940551757812,13400,0.0,0.0
2002-03-05 00:00:00+09:00,829.3296131987981,829.3296131987981,802.5167008923709,805.0109252929688,9300,0.0,0.0
2002-03-06 00:00:00+09:00,822.4704693992902,822.4704693992902,811.2464599609375,811.2464599609375,2600,0.0,0.0
2002-03-07 00:00:00+09:00,823.0939423873128,823.0939423873128,810.6228220481111,811.8699340820312,11800,0.0,0.0
2002-03-08 00:00:00+09:00,801.2696285661161,819.3527563703319,801.2696285661161,805.634521484375,28300,0.0,0.0
2002-03-11 00:00:00+09:00,804.3875122070311,810.6230743171632,804.3875122070311,804.3875122070312,5800,0.0,0.0
2002-03-12 00:00:00+09:00,810.622815926144,822.4703801589106,810.622815926144,819.3526000976562,5700,0.0,0.0
2002-03-13 00:00:00+09:00,819.9759575477012,823.0937368539663,810.6226196289062,810.6226196289062,7800,0.0,0.0
2002-03-14 00:00:00+09:00,801.2694702148438,810.6228103340832,801.2694702148438,801.2694702148438,6600,0.0,0.0
2002-03-15 00:00:00+09:00,801.2696323424439,810.6229743542233,798.1518516718506,801.8931884765625,10700,0.0,0.0
2002-03-18 00:00:00+09:00,810.6226682662964,810.6226682662964,798.1515502929688,798.1515502929688,6000,0.0,0.0
2002-03-19 00:00:00+09:00,798.1515931372548,810.6227117800245,795.0338134765625,795.0338134765625,10200,0.0,0.0
2002-03-20 00:00:00+09:00,798.1516126664055,798.1516126664055,789.4218294028668,796.2809448242188,10700,0.0,0.0
2002-03-21 00:00:00+09:00,796.2809448242188,796.2809448242188,796.2809448242188,796.2809448242188,0,0.0,0.0
2002-03-22 00:00:00+09:00,791.9161062751361,798.1516661670663,779.4449864912757,780.0685424804688,9000,0.0,0.0
2002-03-25 00:00:00+09:00,798.1516126664055,804.3871721403618,791.9160531924493,796.2809448242188,18500,0.0,0.0
2002-03-26 00:00:00+09:00,794.0752256115752,806.6795942720763,787.7730412813246,792.1845703125,6000,13.5,0.0
2002-03-27 00:00:00+09:00,792.1843667837289,819.2837524414062,792.1843667837289,819.2837524414062,4900,0.0,0.0
2002-03-28 00:00:00+09:00,819.2840269817809,819.2840269817809,805.41922037132,816.1329345703125,7600,0.0,0.0
2002-03-29 00:00:00+09:00,819.2839642693015,819.2839642693015,803.5285034179688,803.5285034179688,4600,0.0,0.0
2002-04-01 00:00:00+09:00,801.0075003827712,804.7888103767104,775.7987670898438,775.7987670898438,3400,0.0,0.0
2002-04-02 00:00:00+09:00,775.7988916208622,797.226318359375,775.1686731873765,797.226318359375,2800,0.0,0.0
2002-04-03 00:00:00+09:00,797.2263795385954,803.5285643570824,797.2263795385954,801.0076904296875,5300,0.0,0.0
2002-04-04 00:00:00+09:00,803.5287454344004,814.8726806640625,803.5287454344004,814.8726806640625,6000,0.0,0.0
2002-04-05 00:00:00+09:00,818.0231631941939,819.2835995011186,806.6792364318707,818.6533813476562,23400,0.0,0.0
2002-04-08 00:00:00+09:00,826.2161534236028,826.2161534236028,819.2837524414062,819.2837524414062,15500,0.0,0.0
2002-04-09 00:00:00+09:00,824.9559618493138,824.9559618493138,807.9400634765625,807.9400634765625,7800,0.0,0.0
2002-04-10 00:00:00+09:00,818.0233158991887,819.2837524414062,812.9815697303185,819.2837524414062,4500,0.0,0.0
2002-04-11 00:00:00+09:00,819.283994140625,819.283994140625,787.7730712890625,787.7730712890625,10300,0.0,0.0
2002-04-12 00:00:00+09:00,812.9818419222702,812.9818419222702,787.7731026378588,809.8307495117188,4500,0.0,0.0
2002-04-15 00:00:00+09:00,819.2839964879863,819.2839964879863,810.4609380642695,818.0235595703125,7700,0.0,0.0
2002-04-16 00:00:00+09:00,818.0235595703125,819.2839964879863,816.1329041938017,818.0235595703125,9200,0.0,0.0
2002-04-17 00:00:00+09:00,819.2839942420252,819.2839942420252,788.4032898436719,789.0335083007812,4100,0.0,0.0
2002-04-18 00:00:00+09:00,814.2421568642284,819.2839039655548,812.9817200888967,813.6119384765625,15100,0.0,0.0
2002-04-19 00:00:00+09:00,794.0750215970553,819.2837524414062,794.0750215970553,819.2837524414062,17300,0.0,0.0
2002-04-22 00:00:00+09:00,819.2837524414062,819.2837524414062,816.7628793569712,819.2837524414062,4400,0.0,0.0
2002-04-23 00:00:00+09:00,818.6533813476562,818.6533813476562,818.0231631941939,818.6533813476562,2400,0.0,0.0
2002-04-24 00:00:00+09:00,812.9814179664946,818.6533813476562,812.9814179664946,818.6533813476562,9500,0.0,0.0
2002-04-25 00:00:00+09:00,819.2840269817809,819.2840269817809,812.9818421588441,816.1329345703125,7600,0.0,0.0
2002-04-26 00:00:00+09:00,818.6538084994872,818.6538084994872,813.6120606411378,816.1329345703125,5000,0.0,0.0
2002-04-29 00:00:00+09:00,816.1329345703125,816.1329345703125,816.1329345703125,816.1329345703125,0,0.0,0.0
2002-04-30 00:00:00+09:00,818.6537474174177,818.6537474174177,816.1328736763325,817.393310546875,6100,0.0,0.0
2002-05-01 00:00:00+09:00,818.6537780291494,818.6537780291494,817.3933411114756,818.0235595703125,9100,0.0,0.0
2002-05-02 00:00:00+09:00,818.6538082612627,818.6538082612627,809.8307495117188,809.8307495117188,6200,0.0,0.0
2002-05-03 00:00:00+09:00,809.8307495117188,809.8307495117188,809.8307495117188,809.8307495117188,0,0.0,0.0
2002-05-06 00:00:00+09:00,809.8307495117188,809.8307495117188,809.8307495117188,809.8307495117188,0,0.0,0.0
2002-05-07 00:00:00+09:00,812.9817791965169,812.9817791965169,797.226318359375,797.226318359375,7600,0.0,0.0
2002-05-08 00:00:00+09:00,797.226318359375,812.9817791965169,797.226318359375,797.226318359375,4100,0.0,0.0
2002-05-09 00:00:00+09:00,801.0074777633046,807.3096609085705,801.0074777633046,804.1585693359375,1200,0.0,0.0
2002-05-10 00:00:00+09:00,816.7629356264695,816.7629356264695,804.1585693359375,804.1585693359375,2600,0.0,0.0
2002-05-13 00:00:00+09:00,804.1585693359375,806.0492242795174,797.2261678761449,804.1585693359375,4300,0.0,0.0
2002-05-14 00:00:00+09:00,804.1587227063301,811.0911254882812,801.6378489674388,811.0911254882812,7400,0.0,0.0
2002-05-15 00:00:00+09:00,801.0074746752542,801.0074746752542,794.0750732421875,794.0750732421875,16500,0.0,0.0
2002-05-16 00:00:00+09:00,803.5283820157503,806.0492553710938,787.1427052060172,806.0492553710938,8900,0.0,0.0
2002-05-17 00:00:00+09:00,812.9816570982885,812.9816570982885,806.0492553710938,806.0492553710938,6300,0.0,0.0
2002-05-20 00:00:00+09:00,806.0492242795174,806.679442594044,801.0074777633046,804.1585693359375,7800,0.0,0.0
2002-05-21 00:00:00+09:00,805.4190676689147,806.6795043945312,803.5284125804901,806.6795043945312,3900,0.0,0.0
2002-05-22 00:00:00+09:00,806.6795345536414,806.6795345536414,803.5284426217912,804.7888793945312,4200,0.0,0.0
2002-05-23 00:00:00+09:00,806.6795955882353,811.7213430606618,800.3774112477022,803.5285034179688,13100,0.0,0.0
2002-05-24 00:00:00+09:00,803.5285646906159,809.8307495117188,803.5285646906159,809.8307495117188,17900,0.0,0.0
2002-05-27 00:00:00+09:00,812.9817807924497,816.1328729660638,810.4609070535583,811.0911254882812,9900,0.0,0.0
2002-05-28 00:00:00+09:00,811.7213446294334,817.393310546875,811.7213446294334,817.393310546875,4100,0.0,0.0
2002-05-29 00:00:00+09:00,818.6539616533188,818.6539616533188,810.4611198507837,815.5028686523438,5600,0.0,0.0
2002-05-30 00:00:00+09:00,818.6539616533188,818.6539616533188,811.0913384509787,815.5028686523438,7400,0.0,0.0
2002-05-31 00:00:00+09:00,819.2839039655548,819.2839039655548,809.8306281505677,813.6119384765625,5100,0.0,0.0
2002-06-03 00:00:00+09:00,813.6116361199571,818.6533813476562,813.6116361199571,818.6533813476562,4000,0.0,0.0
2002-06-04 00:00:00+09:00,818.6537458352482,818.6537458352482,800.3774112477022,803.5285034179688,23600,0.0,0.0
2002-06-05 00:00:00+09:00,803.5284426217912,811.0910632582317,803.5284426217912,804.7888793945312,5600,0.0,0.0
2002-06-06 00:00:00+09:00,805.4190676689147,807.3097227573395,802.8981942176819,806.6795043945312,6100,0.0,0.0
2002-06-07 00:00:00+09:00,807.3097529400114,807.3097529400114,804.1586610081613,804.7888793945312,4900,0.0,0.0
2002-06-10 00:00:00+09:00,817.393247121932,817.393247121932,804.7888793945314,804.7888793945312,2900,0.0,0.0
2002-06-11 00:00:00+09:00,804.7889711853122,809.8307188513127,804.7889711853122,807.9400634765625,3900,0.0,0.0
2002-06-12 00:00:00+09:00,807.9400940653879,809.8307495117188,805.4192201369467,809.8307495117188,3100,0.0,0.0
2002-06-13 00:00:00+09:00,809.8308411119883,809.8308411119883,795.3358143839139,809.2006225585938,13900,0.0,0.0
2002-06-14 00:00:00+09:00,812.351561494715,812.351561494715,796.5961006433823,803.5285034179688,37300,0.0,0.0
2002-06-17 00:00:00+09:00,803.5285949707031,804.1588134765625,800.3775024414062,800.3775024414062,12900,0.0,0.0
2002-06-18 00:00:00+09:00,803.5284125804901,806.6795043945312,800.377320766449,806.6795043945312,4800,0.0,0.0
2002-06-19 00:00:00+09:00,797.2263791022639,797.2263791022639,788.4033203612112,789.6637573242188,14600,0.0,0.0
2002-06-20 00:00:00+09:00,787.7729810673882,794.7053833007812,779.5801420642874,794.7053833007812,12500,0.0,0.0
2002-06-21 00:00:00+09:00,795.3357243764615,808.5703125,794.7055058943882,808.5703125,4600,0.0,0.0
2002-06-24 00:00:00+09:00,808.5701594829559,808.5701594829559,803.5284125804901,806.6795043945312,3700,0.0,0.0
2002-06-25 00:00:00+09:00,806.6796570062451,807.3098754882812,799.7472537038476,807.3098754882812,16900,0.0,0.0
2002-06-26 00:00:00+09:00,807.3098752481744,807.3098752481744,801.0076904296875,801.0076904296875,6100,0.0,0.0
2002-06-27 00:00:00+09:00,801.0076597677045,801.6378782254288,797.2263490213581,799.1170043945312,11400,0.0,0.0
2002-06-28 00:00:00+09:00,804.7890013207797,804.7890013207797,799.7472534659902,801.0076904296875,5000,0.0,0.0
2002-07-01 00:00:00+09:00,806.0492553710938,806.0492553710938,803.5283820157503,806.0492553710938,4500,0.0,0.0
2002-07-02 00:00:00+09:00,806.0494081018123,808.5702819348126,803.5285342688121,807.9400634765625,5700,0.0,0.0
2002-07-03 00:00:00+09:00,809.8305341666769,811.7211891102567,804.1585693359375,804.1585693359375,7800,0.0,0.0
2002-07-04 00:00:00+09:00,806.6796570062451,807.9400939703173,804.7890015601366,807.3098754882812,3000,0.0,0.0
2002-07-05 00:00:00+09:00,807.3096052903395,819.2837524414062,799.1167677659255,819.2837524414062,19400,0.0,0.0
2002-07-08 00:00:00+09:00,819.2839960133807,819.2839960133807,805.4191899270004,811.7213745117188,12000,0.0,0.0
2002-07-09 00:00:00+09:00,811.7213430606618,818.6537458352482,802.8982849839155,803.5285034179688,8000,0.0,0.0
2002-07-10 00:00:00+09:00,803.5284426217912,809.2004080991215,800.3773506899411,804.7888793945312,12600,0.0,0.0
2002-07-11 00:00:00+09:00,803.5283820157503,807.3096920487656,803.5283820157503,806.0492553710938,5200,0.0,0.0
2002-07-12 00:00:00+09:00,806.0493771541819,806.6795955882353,803.5285034179688,803.5285034179688,5300,0.0,0.0
2002-07-15 00:00:00+09:00,806.6795955882353,812.9817799287683,803.5285034179688,803.5285034179688,3000,0.0,0.0
2002-07-16 00:00:00+09:00,803.5285642604332,805.4192197057519,797.2263794427042,798.48681640625,20000,0.0,0.0
2002-07-17 00:00:00+09:00,803.5283232955991,812.3513793945311,803.5283232955991,812.3513793945312,6400,0.0,0.0
2002-07-18 00:00:00+09:00,812.3511998130323,818.6533813476562,805.4188001249458,818.6533813476562,22700,0.0,0.0
2002-07-19 00:00:00+09:00,818.6538391113281,818.6538391113281,805.4192504882812,805.4192504882812,6300,0.0,0.0
2002-07-22 00:00:00+09:00,805.4191587201286,812.351561494715,803.5285034179688,803.5285034179688,5300,0.0,0.0
2002-07-23 00:00:00+09:00,803.5285643570824,804.158782838931,800.3774719478389,801.0076904296875,6900,0.0,0.0
2002-07-24 00:00:00+09:00,801.0076904296875,808.5703122118719,796.5961610567467,801.0076904296875,6500,0.0,0.0
2002-07-25 00:00:00+09:00,803.528564405179,806.6796568146111,801.6379089595198,802.2681274414062,3800,0.0,0.0
2002-07-26 00:00:00+09:00,802.2680652409009,803.528502106951,790.9241334464499,792.1845703125,7400,0.0,0.0
2002-07-29 00:00:00+09:00,792.8148189453125,792.8148189453125,787.7730712890625,787.7730712890625,9800,0.0,0.0
2002-07-30 00:00:00+09:00,800.3774715590762,800.3774715590762,787.7731019282246,790.9241943359375,3900,0.0,0.0
2002-07-31 00:00:00+09:00,794.0752864975527,794.0752864975527,784.6220092773439,784.6220092773438,9200,0.0,0.0
2002-08-01 00:00:00+09:00,803.5283772493724,803.5283772493724,784.621827196446,788.4031372070312,2500,0.0,0.0
2002-08-02 00:00:00+09:00,801.0074777633046,806.0492242795174,792.1844213599322,804.1585693359375,5000,0.0,0.0
2002-08-05 00:00:00+09:00,804.158721852022,805.4191587201286,788.4032610006893,803.5285034179688,2500,0.0,0.0
2002-08-06 00:00:00+09:00,803.528533598602,804.1587520563264,794.7054751904606,799.1170043945312,3400,0.0,0.0
2002-08-07 00:00:00+09:00,799.7471928136489,803.5285034179688,793.4450084731158,803.5285034179688,3800,0.0,0.0
2002-08-08 00:00:00+09:00,803.5284125804901,806.6795043945312,803.5284125804901,806.6795043945312,7700,0.0,0.0
2002-08-09 00:00:00+09:00,806.6792364318707,818.6533813476562,803.5281456645587,818.6533813476562,7700,0.0,0.0
2002-08-12 00:00:00+09:00,818.6537458352482,819.2839642693015,803.5285034179688,803.5285034179688,4500,0.0,0.0
2002-08-13 00:00:00+09:00,803.5285949707031,814.2423095703125,803.5285949707031,805.4192504882812,3200,0.0,0.0
2002-08-14 00:00:00+09:00,805.4190676689147,806.6795043945312,803.5284125804901,806.6795043945312,5700,0.0,0.0
2002-08-15 00:00:00+09:00,812.9818418745128,812.9818418745128,806.6796570537803,808.5703125,7300,0.0,0.0
2002-08-16 00:00:00+09:00,808.5702524530768,819.2839658526889,808.5702524530768,817.393310546875,6400,0.0,0.0
2002-08-19 00:00:00+09:00,804.7889402860753,813.6119983628216,803.5285034179688,803.5285034179688,9000,0.0,0.0
2002-08-20 00:00:00+09:00,803.5285350170635,818.0235595703125,795.3356950521836,818.0235595703125,7900,0.0,0.0
2002-08-21 00:00:00+09:00,818.0235900171936,818.0235900171936,804.7890018890263,816.1329345703125,10000,0.0,0.0
2002-08-22 00:00:00+09:00,816.1329041938017,818.0235595703125,804.7889719347373,818.0235595703125,15300,0.0,0.0
2002-08-23 00:00:00+09:00,818.0235595703125,818.0235595703125,818.0235595703125,818.0235595703125,0,0.0,0.0
2002-08-26 00:00:00+09:00,812.9819334992684,815.5028077116692,787.77319137526,814.2423706054688,13600,0.0,0.0
2002-08-27 00:00:00+09:00,814.2422167968749,817.3933089671415,802.8982849839155,803.5285034179688,6900,0.0,0.0
2002-08-28 00:00:00+09:00,814.2421247482299,814.2421247482299,803.5284125804901,806.6795043945312,8300,0.0,0.0
2002-08-29 00:00:00+09:00,807.3096609085705,809.8305341666769,804.1585693359375,804.1585693359375,6800,0.0,0.0
2002-08-30 00:00:00+09:00,812.3513793945311,812.3513793945311,803.5283232955991,812.3513793945312,5100,0.0,0.0
2002-09-02 00:00:00+09:00,812.3517153255665,812.3517153255665,804.1588741314374,809.2006225585938,7800,0.0,0.0
2002-09-03 00:00:00+09:00,809.2005307421567,809.2005307421567,801.0076904776333,802.2681274414062,10400,0.0,0.0
2002-09-04 00:00:00+09:00,814.872589158569,814.872589158569,803.5286552027652,814.2423706054688,10800,0.0,0.0
2002-09-05 00:00:00+09:00,814.2422167968749,814.8724352309283,803.5285034179688,803.5285034179688,9200,0.0,0.0
2002-09-06 00:00:00+09:00,803.5284426217912,807.3097529400114,803.5284426217912,804.7888793945312,7600,0.0,0.0
2002-09-09 00:00:00+09:00,804.7890015601366,808.5703124523535,804.7890015601366,807.3098754882812,5200,0.0,0.0
2002-09-10 00:00:00+09:00,808.570191375236,818.0234671902232,808.570191375236,813.6119384765625,9900,0.0,0.0
2002-09-11 00:00:00+09:00,803.5285350170635,818.0235595703125,803.5285350170635,818.0235595703125,12000,0.0,0.0
2002-09-12 00:00:00+09:00,804.1587823988053,806.6796563248204,789.6637573242186,789.6637573242188,41300,0.0,0.0
2002-09-13 00:00:00+09:00,803.5286885791523,803.5286885791523,768.8666667188752,785.882568359375,39600,0.0,0.0
2002-09-16 00:00:00+09:00,785.8825683593749,785.8825683593749,785.8825683593749,785.882568359375,0,0.0,0.0
2002-09-17 00:00:00+09:00,785.8821990298528,786.5124173129561,765.7152139705463,777.0591430664062,30300,0.0,0.0
2002-09-18 00:00:00+09:00,787.7731323242188,787.7731323242188,756.26220703125,768.8665771484375,12100,0.0,0.0
2002-09-19 00:00:00+09:00,787.7731323242188,803.5285949707031,787.7731323242188,800.3775024414062,6700,0.0,0.0
2002-09-20 00:00:00+09:00,798.48678515742,802.8983143571847,789.0335083007812,789.0335083007812,5200,0.0,0.0
2002-09-23 00:00:00+09:00,789.0335083007812,789.0335083007812,789.0335083007812,789.0335083007812,0,0.0,0.0
2002-09-24 00:00:00+09:00,787.772982020938,799.7471313476562,770.1268672236689,799.7471313476562,36700,0.0,0.0
2002-09-25 00:00:00+09:00,767.5790319418358,773.9489824143822,747.1951904296875,747.1951904296875,30700,13.5,0.0
2002-09-26 00:00:00+09:00,759.9349172960535,759.9349172960535,742.0990600585938,742.0990600585938,12300,0.0,0.0
2002-09-27 00:00:00+09:00,751.6540537524761,765.0309479294269,751.6540537524761,763.7569580078125,8900,0.0,0.0
2002-09-30 00:00:00+09:00,763.7571137277023,763.7571137277023,745.2842560979246,751.0172119140625,15700,0.0,0.0
2002-10-01 00:00:00+09:00,732.5443348414461,733.1813299152212,723.6264038085938,723.6264038085938,31500,0.0,0.0
2002-10-02 00:00:00+09:00,736.3662530679618,736.3662530679618,713.4344320381637,719.8043823242188,19300,0.0,0.0
2002-10-03 00:00:00+09:00,719.8044322620739,733.8183238636364,700.694580078125,700.694580078125,27000,0.0,0.0
2002-10-04 00:00:00+09:00,700.6944120914563,700.6944120914563,687.9545136897935,694.324462890625,20000,0.0,0.0
2002-10-07 00:00:00+09:00,694.3245263808903,694.3245263808903,679.6736418792752,680.9476318359375,23800,0.0,0.0
2002-10-08 00:00:00+09:00,681.5847134945997,707.0645158682296,675.2147629011922,682.8587036132812,12700,0.0,0.0
2002-10-09 00:00:00+09:00,688.5916234783793,688.5916234783793,675.8517229514898,684.7696533203125,6800,0.0,0.0
2002-10-10 00:00:00+09:00,684.769634116979,692.41357421875,681.5846590745745,692.41357421875,12700,0.0,0.0
2002-10-11 00:00:00+09:00,694.3245811799985,719.8043823242188,692.413596094182,719.8043823242188,6200,0.0,0.0
2002-10-14 00:00:00+09:00,719.8043823242188,719.8043823242188,719.8043823242188,719.8043823242188,0,0.0,0.0
2002-10-15 00:00:00+09:00,719.8042833859517,719.8042833859517,675.2146375124858,697.5094604492188,8900,0.0,0.0
2002-10-16 00:00:00+09:00,736.3661746931036,763.7569580078125,700.6944568879014,763.7569580078125,8600,0.0,0.0
2002-10-17 00:00:00+09:00,776.4967982292972,776.4967982292972,762.48291015625,762.48291015625,7200,0.0,0.0
2002-10-18 00:00:00+09:00,762.4830194623639,770.7639545108274,762.4830194623639,767.5789794921875,10300,0.0,0.0
2002-10-21 00:00:00+09:00,767.5789277726557,780.3188269887993,758.0240033605479,763.7569580078125,6200,0.0,0.0
2002-10-22 00:00:00+09:00,764.3938638759731,764.3938638759731,717.2562422702881,736.3660888671875,6200,0.0,0.0
2002-10-23 00:00:00+09:00,745.2842546822831,763.1201171875,736.3663234296745,763.1201171875,2700,0.0,0.0
2002-10-24 00:00:00+09:00,762.4828200324323,762.4828200324323,756.7498664983539,761.8458251953125,3600,0.0,0.0
2002-10-25 00:00:00+09:00,761.8458251953125,761.8458251953125,758.6608510097134,761.8458251953125,3400,0.0,0.0
2002-10-28 00:00:00+09:00,761.8460791836266,763.1200692825959,758.0241088867188,758.0241088867188,8200,0.0,0.0
2002-10-29 00:00:00+09:00,758.0241579115644,758.0241579115644,751.0172119140625,751.0172119140625,2500,0.0,0.0
2002-10-30 00:00:00+09:00,751.0171633423877,760.5720890846573,751.0171633423877,758.0241088867188,5900,0.0,0.0
2002-10-31 00:00:00+09:00,761.8460791836266,761.8460791836266,749.1061781939338,758.0241088867188,5600,0.0,0.0
2002-11-01 00:00:00+09:00,761.8460791836266,761.8460791836266,752.291153441357,758.0241088867188,6400,0.0,0.0
2002-11-04 00:00:00+09:00,758.0241088867188,758.0241088867188,758.0241088867188,758.0241088867188,0,0.0,0.0
2002-11-05 00:00:00+09:00,761.2091709082604,761.2091709082604,757.3872001756666,759.9351806640625,8500,0.0,0.0
2002-11-06 00:00:00+09:00,761.2090775635174,761.2090775635174,759.2980924315589,760.5720825195312,5500,0.0,0.0
2002-11-07 00:00:00+09:00,760.5721113771574,761.2091064453125,759.2981212408473,761.2091064453125,3500,0.0,0.0
2002-11-08 00:00:00+09:00,761.2090808433173,761.2090808433173,721.7153879460072,759.298095703125,3700,0.0,0.0
2002-11-11 00:00:00+09:00,747.8321041516251,748.4690991296078,730.6332397460938,730.6332397460938,2800,0.0,0.0
2002-11-12 00:00:00+09:00,751.6541583918723,758.0241088867188,751.6541583918723,758.0241088867188,6900,0.0,0.0
2002-11-13 00:00:00+09:00,758.0239809984971,758.0239809984971,734.4551681439219,735.0921630859375,2900,0.0,0.0
2002-11-14 00:00:00+09:00,735.092291737432,745.2842125934103,731.9073164699388,732.5443115234375,2500,0.0,0.0
2002-11-15 00:00:00+09:00,732.5441987364443,732.5441987364443,720.4412945834074,728.7222290039062,5400,0.0,0.0
2002-11-18 00:00:00+09:00,731.907110355827,731.907110355827,728.085141111149,729.359130859375,4000,0.0,0.0
2002-11-19 00:00:00+09:00,726.1741861979167,726.1741861979167,716.6192626953125,716.6192626953125,2800,0.0,0.0
2002-11-20 00:00:00+09:00,728.085261168661,758.0240251887196,719.8043264397086,754.8390502929688,11300,0.0,0.0
2002-11-21 00:00:00+09:00,754.8390045815325,754.8390045815325,742.0991057700298,748.4690551757812,2700,0.0,0.0
2002-11-22 00:00:00+09:00,748.4690077039932,748.4690077039932,716.6192626953125,716.6192626953125,10100,0.0,0.0
2002-11-25 00:00:00+09:00,742.0991074481085,742.0991074481085,734.4551681439219,735.0921630859375,6700,0.0,0.0
2002-11-26 00:00:00+09:00,738.9141235351562,738.9141235351562,726.1742248535156,738.9141235351562,4800,0.0,0.0
2002-11-27 00:00:00+09:00,738.9141310671542,748.4690551757812,737.6401411860039,748.4690551757812,7300,0.0,0.0
2002-11-28 00:00:00+09:00,747.832296190902,748.4692913324616,738.9143642090684,740.1883544921875,6800,0.0,0.0
2002-11-29 00:00:00+09:00,742.0990078166379,751.6539306640625,738.9140335341632,751.6539306640625,17800,0.0,0.0
2002-12-02 00:00:00+09:00,751.6539306640625,751.6539306640625,751.6539306640625,751.6539306640625,0,0.0,0.0
2002-12-03 00:00:00+09:00,751.6539306640625,751.6539306640625,751.0169358075675,751.6539306640625,6100,0.0,0.0
2002-12-04 00:00:00+09:00,751.6541948710402,751.6541948710402,717.8934556098833,744.01025390625,7600,0.0,0.0
2002-12-05 00:00:00+09:00,744.6469872426179,751.6539306640625,744.0099923861229,751.6539306640625,5200,0.0,0.0
2002-12-06 00:00:00+09:00,751.6539009370952,751.6539009370952,737.0030198171348,737.6400146484375,24900,0.0,0.0
2002-12-09 00:00:00+09:00,738.2770094797401,744.0099629614637,737.6400146484375,737.6400146484375,8600,0.0,0.0
2002-12-10 00:00:00+09:00,745.2842407226562,745.2842407226562,737.6402997921674,745.2842407226562,4000,0.0,0.0
2002-12-11 00:00:00+09:00,745.2839820991128,751.6539306640625,745.2839820991128,751.6539306640625,3700,0.0,0.0
2002-12-12 00:00:00+09:00,747.1950652946309,749.1060501163563,744.6470855323304,748.4690551757812,17000,0.0,0.0
2002-12-13 00:00:00+09:00,749.1061402439863,749.1061402439863,724.2633345726296,724.9003295898438,38100,0.0,0.0
2002-12-16 00:00:00+09:00,724.9003295898438,729.3592947103438,724.9003295898438,724.9003295898438,1700,0.0,0.0
2002-12-17 00:00:00+09:00,724.9003422855811,731.9072875976562,724.9003422855811,731.9072875976562,5400,0.0,0.0
2002-12-18 00:00:00+09:00,716.6192626953125,729.3591606987848,716.6192626953125,716.6192626953125,16200,0.0,0.0
2002-12-19 00:00:00+09:00,716.6194069167652,731.9072875976562,716.6194069167652,731.9072875976562,30700,0.0,0.0
2002-12-20 00:00:00+09:00,731.9071402994792,732.5441351996528,716.6192626953125,716.6192626953125,10300,0.0,0.0
2002-12-23 00:00:00+09:00,716.6192626953125,716.6192626953125,716.6192626953125,716.6192626953125,0,0.0,0.0
2002-12-24 00:00:00+09:00,716.6194591334385,718.5304443577943,711.5234985351562,711.5234985351562,21000,0.0,0.0
2002-12-25 00:00:00+09:00,710.2495120066517,712.1604972407503,646.5500042033646,675.2147827148438,20400,0.0,0.0
2002-12-26 00:00:00+09:00,649.7350136075452,699.420632295181,649.7350136075452,696.2356567382812,5100,0.0,0.0
2002-12-27 00:00:00+09:00,734.4551847134801,741.4621292337301,731.9072048879345,740.8251342773438,14800,0.0,0.0
2002-12-30 00:00:00+09:00,740.8251342773438,745.9210939284346,740.8251342773438,740.8251342773438,3900,0.0,0.0
2002-12-31 00:00:00+09:00,740.8251342773438,740.8251342773438,740.8251342773438,740.8251342773438,0,0.0,0.0
2003-01-01 00:00:00+09:00,740.8251342773438,740.8251342773438,740.8251342773438,740.8251342773438,0,0.0,0.0
2003-01-02 00:00:00+09:00,740.8251342773438,740.8251342773438,740.8251342773438,740.8251342773438,0,0.0,0.0
2003-01-03 00:00:00+09:00,740.8251342773438,740.8251342773438,740.8251342773438,740.8251342773438,0,0.0,0.0
2003-01-06 00:00:00+09:00,751.6541583918723,758.0241088867188,745.284207897026,758.0241088867188,12600,0.0,0.0
2003-01-07 00:00:00+09:00,758.0241062330163,758.0241062330163,747.1951904296875,747.1951904296875,16200,0.0,0.0
2003-01-08 00:00:00+09:00,747.1952360487476,748.4692262210388,741.4622802734375,741.4622802734375,5400,0.0,0.0
2003-01-09 00:00:00+09:00,728.7223719766695,744.01025390625,726.811386735472,744.01025390625,3400,0.0,0.0
2003-01-10 00:00:00+09:00,733.8182694396177,739.5512246696147,722.3523589796237,733.1812744140625,7000,0.0,0.0
2003-01-13 00:00:00+09:00,733.1812744140625,733.1812744140625,733.1812744140625,733.1812744140625,0,0.0,0.0
2003-01-14 00:00:00+09:00,733.1813342493823,745.2842407226562,731.2703490167601,745.2842407226562,9700,0.0,0.0
2003-01-15 00:00:00+09:00,754.2019631840129,754.2019631840129,740.8250702559181,742.0990600585938,5200,0.0,0.0
2003-01-16 00:00:00+09:00,742.0991074481085,742.736102390124,728.7222136657821,735.0921630859375,3900,0.0,0.0
2003-01-17 00:00:00+09:00,731.2701917802526,748.4690551757812,731.2701917802526,748.4690551757812,9200,0.0,0.0
2003-01-20 00:00:00+09:00,735.7292821547564,758.0241088867188,732.5443069073332,758.0241088867188,8700,0.0,0.0
2003-01-21 00:00:00+09:00,754.8391557637618,761.2091064453125,754.8391557637618,761.2091064453125,11900,0.0,0.0
2003-01-22 00:00:00+09:00,758.0238821551027,758.0238821551027,728.7221186432247,750.3799438476562,3900,0.0,0.0
2003-01-23 00:00:00+09:00,758.024112174808,761.2090874360466,750.3801715478351,756.7501220703125,12700,0.0,0.0
2003-01-24 00:00:00+09:00,744.0101224779067,760.5719916426547,744.0101224779067,747.8320922851562,4800,0.0,0.0
2003-01-27 00:00:00+09:00,747.8320526123047,749.1060424804688,738.9141235351562,738.9141235351562,6300,0.0,0.0
2003-01-28 00:00:00+09:00,758.0237933495317,758.0237933495317,720.4411010742188,720.4411010742188,10500,0.0,0.0
2003-01-29 00:00:00+09:00,694.9616665155213,707.0645736317404,694.9616665155213,696.2356567382812,7300,0.0,0.0
2003-01-30 00:00:00+09:00,696.87255859375,713.434429273309,696.87255859375,696.87255859375,4200,0.0,0.0
2003-01-31 00:00:00+09:00,696.8726606992917,696.8726606992917,681.5847778320312,681.5847778320312,8500,0.0,0.0
2003-02-03 00:00:00+09:00,681.5846623380802,716.6193879722806,681.5846623380802,715.3453979492188,3700,0.0,0.0
2003-02-04 00:00:00+09:00,728.7223719766695,754.8391702730362,715.9824703686858,744.01025390625,4800,0.0,0.0
2003-02-05 00:00:00+09:00,739.5509262662459,758.0237745536888,728.7220152011932,757.3867797851562,20200,0.0,0.0
2003-02-06 00:00:00+09:00,758.0241023435865,760.5720825195312,758.0241023435865,760.5720825195312,16300,0.0,0.0
2003-02-07 00:00:00+09:00,759.9350940351726,760.5720890846573,757.3871138372341,758.0241088867188,12800,0.0,0.0
2003-02-10 00:00:00+09:00,758.0237745536888,758.6607693222213,755.4757954795588,757.3867797851562,5000,0.0,0.0
2003-02-11 00:00:00+09:00,757.3867797851562,757.3867797851562,757.3867797851562,757.3867797851562,0,0.0,0.0
2003-02-12 00:00:00+09:00,758.6611515611958,770.7640582611645,758.6611515611958,763.1201171875,26300,0.0,0.0
2003-02-13 00:00:00+09:00,763.7571069067651,763.7571069067651,753.565185546875,753.565185546875,1600,0.0,0.0
2003-02-14 00:00:00+09:00,740.8251394187539,764.3939529686197,732.5442049282606,763.7569580078125,8000,0.0,0.0
2003-02-17 00:00:00+09:00,763.7570676450376,763.7570676450376,756.7501220703125,756.7501220703125,800,0.0,0.0
2003-02-18 00:00:00+09:00,764.3938110945098,792.4215841679752,763.756816251931,786.0516357421875,9300,0.0,0.0
2003-02-19 00:00:00+09:00,783.5036765132573,783.5036765132573,744.6469901170714,750.3799438476562,4100,0.0,0.0
2003-02-20 00:00:00+09:00,763.1200926903965,763.1200926903965,749.1062011718751,749.106201171875,600,0.0,0.0
2003-02-21 00:00:00+09:00,764.3938307446413,764.3938307446413,744.6469901170714,750.3799438476562,3500,0.0,0.0
2003-02-24 00:00:00+09:00,750.380152586857,756.7501029483753,745.2841922976423,752.2911376953125,7600,0.0,0.0
2003-02-25 00:00:00+09:00,764.3938638759731,764.3938638759731,736.3660888671874,736.3660888671875,3800,0.0,0.0
2003-02-26 00:00:00+09:00,761.8458572745013,761.8458572745013,734.455078125,734.455078125,2000,0.0,0.0
2003-02-27 00:00:00+09:00,759.9351417401399,763.1201171875,731.2703627138982,763.1201171875,2600,0.0,0.0
2003-02-28 00:00:00+09:00,763.120040615158,763.120040615158,733.1812744140625,733.1812744140625,3600,0.0,0.0
2003-03-03 00:00:00+09:00,733.1811782598909,735.0921630859375,731.2701934338443,735.0921630859375,2800,0.0,0.0
2003-03-04 00:00:00+09:00,744.010041773779,761.8458989395888,732.5441335957584,743.373046875,3300,0.0,0.0
2003-03-05 00:00:00+09:00,730.6331984918287,742.0991074481085,728.7222136657821,735.0921630859375,2000,0.0,0.0
2003-03-06 00:00:00+09:00,732.5443293772588,755.4761518621121,732.5443293772588,749.106201171875,2800,0.0,0.0
2003-03-07 00:00:00+09:00,754.8391288817716,754.8391288817716,724.2633666992188,724.2633666992188,2600,0.0,0.0
2003-03-10 00:00:00+09:00,724.9003533070039,729.3593185733914,691.1396162900696,691.776611328125,3600,0.0,0.0
2003-03-11 00:00:00+09:00,704.5165597955311,709.6125204450467,673.9407958984375,673.9407958984375,2700,0.0,0.0
2003-03-12 00:00:00+09:00,668.8448253430818,677.7627563476562,668.8448253430818,677.7627563476562,7600,0.0,0.0
2003-03-13 00:00:00+09:00,677.7627144607843,682.2216796875,675.2147343312325,682.2216796875,1900,0.0,0.0
2003-03-14 00:00:00+09:00,675.214680150612,682.858619925902,675.214680150612,679.6736450195312,27900,0.0,0.0
2003-03-17 00:00:00+09:00,669.4817473003102,678.3996773309517,669.4817473003102,670.7557373046875,1100,0.0,0.0
2003-03-18 00:00:00+09:00,675.8516793687669,709.6124135879419,675.8516793687669,702.60546875,1800,0.0,0.0
2003-03-19 00:00:00+09:00,700.6945256735289,700.6945256735289,686.0436401367188,686.0436401367188,2400,0.0,0.0
2003-03-20 00:00:00+09:00,710.8865373145135,722.9894443118036,710.8865373145135,721.7154541015625,4200,0.0,0.0
2003-03-21 00:00:00+09:00,721.7154541015625,721.7154541015625,721.7154541015625,721.7154541015625,0,0.0,0.0
2003-03-24 00:00:00+09:00,696.2355934740149,732.5443115234375,696.2355934740149,732.5443115234375,8100,0.0,0.0
2003-03-25 00:00:00+09:00,746.558240962602,746.558240962602,736.366319584273,741.4622802734375,5600,0.0,0.0
2003-03-26 00:00:00+09:00,757.2519193819867,792.6977539062499,757.2519193819867,792.69775390625,7700,13.5,0.0
2003-03-27 00:00:00+09:00,773.3635362145936,786.2529284848368,773.3635362145936,784.9639892578125,5900,0.0,0.0
2003-03-28 00:00:00+09:00,784.9638615379648,786.2528005552685,773.3634103822313,779.80810546875,7000,0.0,0.0
2003-03-31 00:00:00+09:00,779.8080983479817,779.8080983479817,773.3634033203125,773.3634033203125,3800,0.0,0.0
2003-04-01 00:00:00+09:00,773.3634033203125,775.9412813313802,770.1410558064779,773.3634033203125,4100,0.0,0.0
2003-04-02 00:00:00+09:00,774.0079372041947,776.5858154296874,767.5632416404628,776.5858154296875,6100,0.0,0.0
2003-04-03 00:00:00+09:00,779.8079809711902,779.8079809711902,774.0077563193383,777.8745727539062,1600,0.0,0.0
2003-04-04 00:00:00+09:00,779.1635757307688,786.252739777947,779.1635757307688,780.4525146484375,4100,0.0,0.0
2003-04-07 00:00:00+09:00,786.2528076171875,786.2528076171875,785.6083381027472,786.2528076171875,1100,0.0,0.0
2003-04-08 00:00:00+09:00,786.2528076171875,787.5417466460682,774.6523563572619,786.2528076171875,1500,0.0,0.0
2003-04-09 00:00:00+09:00,786.2530567200203,792.6977539062499,786.2530567200203,792.69775390625,4500,0.0,0.0
2003-04-10 00:00:00+09:00,792.6973788830176,805.5867671575381,773.3632964712366,785.6082153320312,5100,0.0,0.0
2003-04-11 00:00:00+09:00,786.2530567200203,792.6977539062499,786.2530567200203,792.69775390625,5800,0.0,0.0
2003-04-14 00:00:00+09:00,792.6974338380797,837.8102959264257,788.83061708765,832.0100708007812,9900,0.0,0.0
2003-04-15 00:00:00+09:00,824.9208430458431,831.3655371321388,812.0314548732518,829.43212890625,7100,0.0,0.0
2003-04-16 00:00:00+09:00,824.2765476122089,824.9210171568627,813.3205653530944,821.6986694335938,9200,0.0,0.0
2003-04-17 00:00:00+09:00,819.7652594603054,824.2765462655116,819.7652594603054,820.4097290039062,2100,0.0,0.0
2003-04-18 00:00:00+09:00,819.76513671875,822.3430145071737,815.2538505890085,819.76513671875,4600,0.0,0.0
2003-04-21 00:00:00+09:00,824.9209594726562,824.9209594726562,819.7652034759521,824.9209594726562,7300,0.0,0.0
2003-04-22 00:00:00+09:00,821.6986694335938,821.6986694335938,809.4537480851716,821.6986694335938,3400,0.0,0.0
2003-04-23 00:00:00+09:00,822.3430814743042,824.9209594726562,811.387099981308,824.9209594726562,17700,0.0,0.0
2003-04-24 00:00:00+09:00,824.9210290989946,837.8104201786664,821.6986813290766,833.2991333007812,9600,0.0,0.0
2003-04-25 00:00:00+09:00,832.6545185925747,837.8102741256557,813.9649047851562,813.9649047851562,8600,0.0,0.0
2003-04-28 00:00:00+09:00,813.96497797966,824.9209594726562,813.96497797966,824.9209594726562,1400,0.0,0.0
2003-04-29 00:00:00+09:00,824.9209594726562,824.9209594726562,824.9209594726562,824.9209594726562,0,0.0,0.0
2003-04-30 00:00:00+09:00,824.9208899724192,824.9208899724192,811.3870316213092,817.8317260742188,5000,0.0,0.0
2003-05-01 00:00:00+09:00,818.4762031608863,824.9208976739641,786.252730595497,824.2764282226562,3200,0.0,0.0
2003-05-02 00:00:00+09:00,824.9209594726562,824.9209594726562,824.2764899730682,824.9209594726562,3900,0.0,0.0
2003-05-05 00:00:00+09:00,824.9209594726562,824.9209594726562,824.9209594726562,824.9209594726562,0,0.0,0.0
2003-05-06 00:00:00+09:00,837.8103637695312,837.8103637695312,835.8769552377554,837.8103637695312,3200,0.0,0.0
2003-05-07 00:00:00+09:00,837.8103637695312,837.8103637695312,799.1421931340144,837.8103637695312,10000,0.0,0.0
2003-05-08 00:00:00+09:00,837.8103637695312,844.2550588754507,837.8103637695312,837.8103637695312,5500,0.0,0.0
2003-05-09 00:00:00+09:00,844.255126953125,844.255126953125,837.8104313275286,844.255126953125,5300,0.0,0.0
2003-05-12 00:00:00+09:00,844.255126953125,844.255126953125,831.3657357019322,844.255126953125,16300,0.0,0.0
2003-05-13 00:00:00+09:00,844.2549981271918,844.2549981271918,837.8103034849995,838.4547729492188,9600,0.0,0.0
2003-05-14 00:00:00+09:00,837.8103637695312,839.7437723013071,824.9209735576924,837.8103637695312,16300,0.0,0.0
2003-05-15 00:00:00+09:00,838.4547174669551,844.2549422611155,837.8102480453819,842.9660034179688,3400,0.0,0.0
2003-05-16 00:00:00+09:00,839.0993704526479,844.255126953125,837.8104313275286,844.255126953125,15700,0.0,0.0
2003-05-19 00:00:00+09:00,837.8103637695312,844.2550588754507,837.1658942589393,837.8103637695312,7900,0.0,0.0
2003-05-20 00:00:00+09:00,844.2549981271918,844.2549981271918,836.521364556561,838.4547729492188,12700,0.0,0.0
2003-05-21 00:00:00+09:00,837.8103637695312,837.8103637695312,831.3656686636118,837.8103637695312,11700,0.0,0.0
2003-05-22 00:00:00+09:00,799.1423634626548,837.8105423398799,799.1423634626548,832.65478515625,3500,0.0,0.0
2003-05-23 00:00:00+09:00,837.8104870586718,839.0994262695312,833.2991998206635,839.0994262695312,13500,0.0,0.0
2003-05-26 00:00:00+09:00,837.8103034849995,839.7437118776571,837.1658340207803,838.4547729492188,8300,0.0,0.0
2003-05-27 00:00:00+09:00,837.1658942589393,838.4548332801232,831.3656686636118,837.8103637695312,17900,0.0,0.0
2003-05-28 00:00:00+09:00,837.810472180959,837.810472180959,823.6321411132812,823.6321411132812,4900,0.0,0.0
2003-05-29 00:00:00+09:00,837.8103637695312,837.8103637695312,825.5654430682843,837.8103637695312,4500,0.0,0.0
2003-05-30 00:00:00+09:00,837.8104313275286,844.255126953125,822.987631388657,844.255126953125,7700,0.0,0.0
2003-06-02 00:00:00+09:00,844.2550588754507,844.2550588754507,837.1658942589393,837.8103637695312,8600,0.0,0.0
2003-06-03 00:00:00+09:00,837.1657146617679,844.254877757441,796.5641442047306,840.3880615234375,11400,0.0,0.0
2003-06-04 00:00:00+09:00,841.0325951532486,844.2549422611155,841.0325951532486,842.9660034179688,3600,0.0,0.0
2003-06-05 00:00:00+09:00,842.9662408291972,843.6107104322776,835.8770751953125,835.8770751953125,2900,0.0,0.0
2003-06-06 00:00:00+09:00,834.5880704184835,834.5880704184835,831.36572265625,831.36572265625,2100,0.0,0.0
2003-06-09 00:00:00+09:00,831.3658458603425,832.65478515625,830.7213762123887,832.65478515625,2300,0.0,0.0
2003-06-10 00:00:00+09:00,806.875881587454,837.8104201786664,805.5869424794869,833.2991333007812,3500,0.0,0.0
2003-06-11 00:00:00+09:00,833.9436694260933,841.0328350858205,833.9436694260933,839.0994262695312,20800,0.0,0.0
2003-06-12 00:00:00+09:00,840.3881813418764,840.3881813418764,837.8103034849995,838.4547729492188,7400,0.0,0.0
2003-06-13 00:00:00+09:00,833.9434852042136,843.6105271501666,833.9434852042136,837.1658325195312,22400,0.0,0.0
2003-06-16 00:00:00+09:00,823.6321278574359,823.6321278574359,810.0982666015625,810.0982666015625,2900,0.0,0.0
2003-06-17 00:00:00+09:00,806.8758605908629,814.6094950374206,806.8758605908629,812.6760864257812,2500,0.0,0.0
2003-06-18 00:00:00+09:00,817.8317190987723,817.8317190987723,812.031494140625,812.031494140625,2300,0.0,0.0
2003-06-19 00:00:00+09:00,805.5870465299685,817.831969637224,805.5870465299685,817.1875,2300,0.0,0.0
2003-06-20 00:00:00+09:00,805.5868530273438,807.5202614746094,805.5868530273438,805.5868530273438,3000,0.0,0.0
2003-06-23 00:00:00+09:00,805.5870993095532,817.8320232190584,805.5870993095532,808.1649780273438,1800,0.0,0.0
2003-06-24 00:00:00+09:00,833.9435102539062,833.9435102539062,805.5868530273438,805.5868530273438,3600,0.0,0.0
2003-06-25 00:00:00+09:00,792.6974109468006,826.8542912558904,792.6974109468006,812.031494140625,6300,0.0,0.0
2003-06-26 00:00:00+09:00,830.7210437671558,830.7210437671558,805.5867375554266,810.7424926757812,3000,0.0,0.0
2003-06-27 00:00:00+09:00,829.4324231072555,829.4324231072555,812.6762125394322,817.1875,5400,0.0,0.0
2003-06-30 00:00:00+09:00,830.0767735140931,830.0767735140931,821.6986694335938,821.6986694335938,7800,0.0,0.0
2003-07-01 00:00:00+09:00,821.6987323313252,824.921080301252,821.0542627373399,823.6321411132812,10300,0.0,0.0
2003-07-02 00:00:00+09:00,825.565556070079,831.36578245933,825.565556070079,830.0768432617188,10500,0.0,0.0
2003-07-03 00:00:00+09:00,831.3656515761229,831.3656515761229,822.3430786132812,822.3430786132812,4600,0.0,0.0
2003-07-04 00:00:00+09:00,824.9210864712733,830.7213128605243,824.2766168724676,830.0768432617188,2900,0.0,0.0
2003-07-07 00:00:00+09:00,828.1434282711787,831.3657762411054,805.5869924816914,823.6321411132812,16100,0.0,0.0
2003-07-08 00:00:00+09:00,831.365471659882,834.5878184492615,824.9207780811232,826.209716796875,9700,0.0,0.0
2003-07-09 00:00:00+09:00,824.9208976739641,824.9208976739641,821.0540809661173,824.2764282226562,5200,0.0,0.0
2003-07-10 00:00:00+09:00,824.9210225058457,831.3657179941725,824.9210225058457,826.8544311523438,11500,0.0,0.0
2003-07-11 00:00:00+09:00,818.4760802410129,827.4986512042997,817.187141531972,822.9873657226562,8100,0.0,0.0
2003-07-14 00:00:00+09:00,822.9876085229014,824.9210171568627,821.6986694335938,821.6986694335938,2500,0.0,0.0
2003-07-15 00:00:00+09:00,824.9210171568627,824.9210171568627,812.0316262637867,821.6986694335938,4900,0.0,0.0
2003-07-16 00:00:00+09:00,824.921080301252,826.854489083208,822.3432019253105,823.6321411132812,4400,0.0,0.0
2003-07-17 00:00:00+09:00,826.8544324822927,828.1433715820312,824.9210238326849,828.1433715820312,9000,0.0,0.0
2003-07-18 00:00:00+09:00,805.5869281807816,823.6320753720312,805.5869281807816,819.1207885742188,3500,0.0,0.0
2003-07-21 00:00:00+09:00,819.1207885742188,819.1207885742188,819.1207885742188,819.1207885742188,0,0.0,0.0
2003-07-22 00:00:00+09:00,819.1209089116719,820.4098481861199,817.1875,817.1875,5900,0.0,0.0
2003-07-23 00:00:00+09:00,821.6985504174252,824.9208976739641,818.4762031608863,824.2764282226562,17200,0.0,0.0
2003-07-24 00:00:00+09:00,824.9209601873537,828.1433076880855,824.2764906872073,825.5654296875,11900,0.0,0.0
2003-07-25 00:00:00+09:00,831.3656686636118,837.8103637695312,827.4988516000601,837.8103637695312,19200,0.0,0.0
2003-07-28 00:00:00+09:00,836.5214743848342,836.5214743848342,823.6320834081803,826.8544311523438,9000,0.0,0.0
2003-07-29 00:00:00+09:00,827.498895335478,827.498895335478,821.6986694335938,821.6986694335938,5200,0.0,0.0
2003-07-30 00:00:00+09:00,823.6320780675552,823.6320780675552,819.1207912549786,821.6986694335938,12400,0.0,0.0
2003-07-31 00:00:00+09:00,799.1422091487156,799.1422091487156,791.4085748666312,796.5643310546875,39600,0.0,0.0
2003-08-01 00:00:00+09:00,783.6748189323338,799.142085095472,783.6748189323338,795.2752685546875,15100,0.0,0.0
2003-08-04 00:00:00+09:00,808.164782477814,808.164782477814,792.6975139136453,796.5643310546875,11400,0.0,0.0
2003-08-05 00:00:00+09:00,786.8971509391879,794.6307838722512,779.8079874172132,783.0303344726562,7800,0.0,0.0
2003-08-06 00:00:00+09:00,782.3858650615676,796.564192105517,780.4524568283018,783.0303344726562,6100,0.0,0.0
2003-08-07 00:00:00+09:00,780.4525749774018,781.0970444860537,779.1636359600981,779.80810546875,3500,0.0,0.0
2003-08-08 00:00:00+09:00,754.0292389591874,760.4739333092659,754.0292389591874,756.6071166992188,12500,0.0,0.0
2003-08-11 00:00:00+09:00,782.385977078834,782.385977078834,774.0078735351562,774.0078735351562,1200,0.0,0.0
2003-08-12 00:00:00+09:00,773.3633415215804,774.0078109728485,772.7188720703125,772.7188720703125,10800,0.0,0.0
2003-08-13 00:00:00+09:00,759.8294487494926,793.986328125,754.0292239498782,793.986328125,12100,0.0,0.0
2003-08-14 00:00:00+09:00,773.3633506012593,786.8972092367814,773.3633506012593,780.4525146484375,12100,0.0,0.0
2003-08-15 00:00:00+09:00,773.3634033203125,773.3634033203125,773.3634033203125,773.3634033203125,5600,0.0,0.0
2003-08-18 00:00:00+09:00,774.0079417716552,783.6749851742986,774.0079417716552,781.0971069335938,6700,0.0,0.0
2003-08-19 00:00:00+09:00,806.8757860856355,812.031541907269,799.1421523531853,800.4310913085938,6400,0.0,0.0
2003-08-20 00:00:00+09:00,774.6522462323538,795.275267762666,774.6522462323538,794.6307983398438,8200,0.0,0.0
2003-08-21 00:00:00+09:00,774.0080157693098,799.7868006408938,774.0080157693098,795.9199829101562,4100,0.0,0.0
2003-08-22 00:00:00+09:00,783.0304572456761,789.4751523670398,783.0304572456761,783.6749267578125,7200,0.0,0.0
2003-08-25 00:00:00+09:00,770.785651806964,779.8082263264436,770.785651806964,778.519287109375,5200,0.0,0.0
2003-08-26 00:00:00+09:00,770.7854727659218,783.0303924837751,770.7854727659218,780.4525146484375,5100,0.0,0.0
2003-08-27 00:00:00+09:00,779.8081096849943,786.2528048063579,770.7855365150853,783.6749267578125,6400,0.0,0.0
2003-08-28 00:00:00+09:00,786.2528076171875,800.4311369348745,786.2528076171875,786.2528076171875,7100,0.0,0.0
2003-08-29 00:00:00+09:00,806.2316322962948,817.1876177071957,802.3648139159768,811.3873901367188,12000,0.0,0.0
2003-09-01 00:00:00+09:00,812.031551528262,815.8983684403013,801.7200397628237,808.8092041015625,9500,0.0,0.0
2003-09-02 00:00:00+09:00,801.0756064493148,801.0756064493148,785.6083381027472,786.2528076171875,3900,0.0,0.0
2003-09-03 00:00:00+09:00,789.4752866922603,799.1423310191043,789.4752866922603,795.9199829101562,4900,0.0,0.0
2003-09-04 00:00:00+09:00,795.9198642853768,801.7200900170111,795.9198642853768,799.1422119140625,4100,0.0,0.0
2003-09-05 00:00:00+09:00,788.1862299765311,802.3645595427483,787.541760450794,799.1422119140625,9200,0.0,0.0
2003-09-08 00:00:00+09:00,802.364686233288,809.4538521357507,798.4978684683083,803.6536254882812,16100,0.0,0.0
2003-09-09 00:00:00+09:00,804.2978608630953,814.6093718998015,802.3644525437128,812.031494140625,8700,0.0,0.0
2003-09-10 00:00:00+09:00,806.8759236814476,815.2540283203124,806.8759236814476,815.2540283203125,8400,0.0,0.0
2003-09-11 00:00:00+09:00,815.2539645746338,819.1207817979127,812.031616888568,812.6760864257812,7500,0.0,0.0
2003-09-12 00:00:00+09:00,815.8985595703125,821.6987862971157,814.6096202976895,815.8985595703125,31000,0.0,0.0
2003-09-15 00:00:00+09:00,815.8985595703125,815.8985595703125,815.8985595703125,815.8985595703125,0,0.0,0.0
2003-09-16 00:00:00+09:00,818.4761908766021,821.6985380847777,812.0314964602509,813.9649047851562,9900,0.0,0.0
2003-09-17 00:00:00+09:00,818.4765571673017,818.4765571673017,811.3873901367188,811.3873901367188,9300,0.0,0.0
2003-09-18 00:00:00+09:00,815.2542085170368,815.2542085170368,806.8761020263478,811.3873901367188,11300,0.0,0.0
2003-09-19 00:00:00+09:00,815.254026434123,815.254026434123,805.586982642414,813.3206176757812,10100,0.0,0.0
2003-09-22 00:00:00+09:00,805.5868020438998,813.9649047851562,805.5868020438998,813.9649047851562,6300,0.0,0.0
2003-09-23 00:00:00+09:00,813.9649047851562,813.9649047851562,813.9649047851562,813.9649047851562,0,0.0,0.0
2003-09-24 00:00:00+09:00,818.4763762583374,825.5655417219923,815.2540283203124,815.2540283203125,8300,0.0,0.0
2003-09-25 00:00:00+09:00,824.0480556502973,835.7736406318826,824.0480556502973,831.8651123046875,16100,13.5,0.0
2003-09-26 00:00:00+09:00,814.2766885406995,833.1679077148438,814.2766885406995,833.1679077148438,6100,0.0,0.0
2003-09-29 00:00:00+09:00,819.4880645800317,826.0022781299525,819.4880645800317,822.09375,4900,0.0,0.0
2003-09-30 00:00:00+09:00,814.928109891532,833.1679077148438,814.928109891532,833.1679077148438,8600,0.0,0.0
2003-10-01 00:00:00+09:00,833.1679130348654,837.7278625198098,822.09375,822.09375,11700,0.0,0.0
2003-10-02 00:00:00+09:00,814.2767877381632,823.3966877608307,814.2767877381632,819.4881591796875,4300,0.0,0.0
2003-10-03 00:00:00+09:00,814.276814010908,863.1334228515625,814.276814010908,863.1334228515625,11800,0.0,0.0
2003-10-06 00:00:00+09:00,859.8762607354215,859.8762607354215,841.6364612652762,846.1964111328125,19000,0.0,0.0
2003-10-07 00:00:00+09:00,848.1506134742915,848.1506134742915,840.3335571289062,840.3335571289062,12100,0.0,0.0
2003-10-08 00:00:00+09:00,841.6364618184083,859.8762613005409,841.6364618184083,857.9219970703125,27800,0.0,0.0
2003-10-09 00:00:00+09:00,857.9218163759924,857.9218163759924,835.7734930982523,840.98486328125,5500,0.0,0.0
2003-10-10 00:00:00+09:00,827.9564877310061,857.2704467773439,827.9564877310061,857.2704467773438,18400,0.0,0.0
2003-10-13 00:00:00+09:00,857.2704467773439,857.2704467773439,857.2704467773439,857.2704467773438,0,0.0,0.0
2003-10-14 00:00:00+09:00,857.2706703266831,863.1334636647834,854.6649843986385,861.17919921875,32800,0.0,0.0
2003-10-15 00:00:00+09:00,861.83056640625,866.3905164930555,853.3620876736111,855.9677734375,10500,0.0,0.0
2003-10-16 00:00:00+09:00,866.390584617223,866.390584617223,859.876369695289,862.4820556640625,16700,0.0,0.0
2003-10-17 00:00:00+09:00,875.5102179276315,875.5102179276315,846.8476810311912,866.3903198242188,21400,0.0,0.0
2003-10-20 00:00:00+09:00,878.1159997147121,878.1159997147121,869.6475219726562,869.6475219726562,4100,0.0,0.0
2003-10-21 00:00:00+09:00,878.1158904686915,878.1158904686915,857.2704093893161,870.9502563476562,11500,0.0,0.0
2003-10-22 00:00:00+09:00,878.7675861061655,878.7675861061655,859.8763629800878,861.8306274414062,9100,0.0,0.0
2003-10-23 00:00:00+09:00,853.3617742807588,857.921722692946,834.4705594302687,849.4532470703125,17900,0.0,0.0
2003-10-24 00:00:00+09:00,849.4535927808921,853.3621215820312,839.6822707780444,853.3621215820312,21500,0.0,0.0
2003-10-27 00:00:00+09:00,866.3905509191615,868.344815319731,853.3621215820312,853.3621215820312,10300,0.0,0.0
2003-10-28 00:00:00+09:00,853.362033626426,856.619140625,837.72792003327,856.619140625,11200,0.0,0.0
2003-10-29 00:00:00+09:00,856.6191610472337,863.7847966149292,853.3620539710084,858.5734252929688,5300,0.0,0.0
2003-10-30 00:00:00+09:00,845.5450637505033,863.1334433508606,845.5450637505033,859.2249145507812,5500,0.0,0.0
2003-10-31 00:00:00+09:00,862.4819878472222,862.4819878472222,845.5450303819445,850.10498046875,4500,0.0,0.0
2003-11-03 00:00:00+09:00,850.10498046875,850.10498046875,850.10498046875,850.10498046875,0,0.0,0.0
2003-11-04 00:00:00+09:00,856.6192286840616,879.418980017858,855.3163857507018,859.2249145507812,10000,0.0,0.0
2003-11-05 00:00:00+09:00,846.1965040655115,878.767578125,846.1965040655115,878.767578125,9100,0.0,0.0
2003-11-06 00:00:00+09:00,878.7674891655652,878.7674891655652,857.2705824624787,858.5734252929688,7600,0.0,0.0
2003-11-07 00:00:00+09:00,866.3906545135568,867.0420760583038,847.4994297158928,851.407958984375,14600,0.0,0.0
2003-11-10 00:00:00+09:00,863.1334433508606,865.7391292175802,846.1964852171833,859.2249145507812,7200,0.0,0.0
2003-11-11 00:00:00+09:00,846.1964651201356,866.3905301076061,846.1964651201356,863.1334228515625,10100,0.0,0.0
2003-11-12 00:00:00+09:00,863.7849683345686,868.9963406925449,850.7565374396279,851.407958984375,5800,0.0,0.0
2003-11-13 00:00:00+09:00,851.4078569506224,863.7848648175404,851.4078569506224,859.2249145507812,5200,0.0,0.0
2003-11-14 00:00:00+09:00,857.2706501507415,859.8763360174611,853.3621213506622,859.2249145507812,11900,0.0,0.0
2003-11-17 00:00:00+09:00,859.8761637244011,866.3903770859496,842.939208984375,842.939208984375,9400,0.0,0.0
2003-11-18 00:00:00+09:00,842.9391636799292,842.9391636799292,814.276626429607,821.4422607421875,9900,0.0,0.0
2003-11-19 00:00:00+09:00,814.2769585629351,858.5736251087587,812.9741154292343,842.2880859375,9200,0.0,0.0
2003-11-20 00:00:00+09:00,842.2880308512806,848.8022460937499,840.3337662785399,848.80224609375,3500,0.0,0.0
2003-11-21 00:00:00+09:00,852.059087853065,852.059087853065,846.8477172851562,846.8477172851562,2900,0.0,0.0
2003-11-24 00:00:00+09:00,846.8477172851562,846.8477172851562,846.8477172851562,846.8477172851562,0,0.0,0.0
2003-11-25 00:00:00+09:00,846.8478325424607,859.8762607354215,846.1964111328126,846.1964111328125,2300,0.0,0.0
2003-11-26 00:00:00+09:00,846.1962959641677,852.059087853065,846.1962959641677,846.8477172851562,1400,0.0,0.0
2003-11-27 00:00:00+09:00,846.1962334642477,846.1962334642477,825.350752732257,840.98486328125,4400,0.0,0.0
2003-11-28 00:00:00+09:00,827.9564957420188,840.984922110894,827.9564957420188,829.2593383789062,3400,0.0,0.0
2003-12-01 00:00:00+09:00,816.2311451396004,834.470947265625,801.899872040581,834.470947265625,7900,0.0,0.0
2003-12-02 00:00:00+09:00,833.8194580078125,846.196465587616,821.442450428009,833.8194580078125,8700,0.0,0.0
2003-12-03 00:00:00+09:00,834.4708997409787,840.985114414991,833.8194782735775,835.7737426757812,4500,0.0,0.0
2003-12-04 00:00:00+09:00,843.5909490232115,846.1966353522407,827.3054094667789,844.2423706054688,3800,0.0,0.0
2003-12-05 00:00:00+09:00,831.2136249335878,842.939208984375,831.2136249335878,842.939208984375,9500,0.0,0.0
2003-12-08 00:00:00+09:00,818.8369816960515,843.5910034179688,818.8369816960515,843.5910034179688,6900,0.0,0.0
2003-12-09 00:00:00+09:00,843.5907390573958,855.967746039705,843.5907390573958,847.499267578125,6700,0.0,0.0
2003-12-10 00:00:00+09:00,870.2991145135433,870.2991145135433,850.1050482336631,850.7564697265625,9600,0.0,0.0
2003-12-11 00:00:00+09:00,853.3621893212778,863.1335120997658,840.3337589499606,854.0136108398438,15600,0.0,0.0
2003-12-12 00:00:00+09:00,863.13330763965,871.6017853749823,863.13330763965,863.7847290039062,31300,0.0,0.0
2003-12-15 00:00:00+09:00,876.8131232058672,879.4188085645771,865.7389604313504,872.253173828125,8900,0.0,0.0
2003-12-16 00:00:00+09:00,872.253111462127,872.253111462127,846.1962597380904,866.3903198242188,7900,0.0,0.0
2003-12-17 00:00:00+09:00,866.390341558227,866.390341558227,839.6820678710936,839.6820678710938,5100,0.0,0.0
2003-12-18 00:00:00+09:00,839.6824559529622,859.8765258789062,833.8196614583333,859.8765258789062,3600,0.0,0.0
2003-12-19 00:00:00+09:00,859.2249414929817,869.6476852866797,850.1050406734959,861.8306274414062,6700,0.0,0.0
2003-12-22 00:00:00+09:00,861.8308434084238,866.3907949608493,850.7566753525332,865.0879516601562,6100,0.0,0.0
2003-12-23 00:00:00+09:00,865.0879516601562,865.0879516601562,865.0879516601562,865.0879516601562,0,0.0,0.0
2003-12-24 00:00:00+09:00,864.4361850112232,872.9046630859375,864.4361850112232,872.9046630859375,5400,0.0,0.0
2003-12-25 00:00:00+09:00,872.9046699131361,876.161776890424,872.9046699131361,873.5560913085938,4300,0.0,0.0
2003-12-26 00:00:00+09:00,879.4188838677118,879.4188838677118,871.601827122221,873.5560913085938,3200,0.0,0.0
2003-12-29 00:00:00+09:00,873.5562536158913,877.4647827148438,872.253410582907,877.4647827148438,5900,0.0,0.0
2003-12-30 00:00:00+09:00,879.4188769895638,879.4188769895638,872.9046630859375,872.9046630859375,5600,0.0,0.0
2003-12-31 00:00:00+09:00,872.9046630859375,872.9046630859375,872.9046630859375,872.9046630859375,0,0.0,0.0
2004-01-01 00:00:00+09:00,872.9046630859375,872.9046630859375,872.9046630859375,872.9046630859375,0,0.0,0.0
2004-01-02 00:00:00+09:00,872.9046630859375,872.9046630859375,872.9046630859375,872.9046630859375,0,0.0,0.0
2004-01-05 00:00:00+09:00,879.4186699154267,892.4470946549145,874.2073000196316,887.8871459960938,7700,0.0,0.0
2004-01-06 00:00:00+09:00,874.8591241737059,885.2818687654999,857.9221642120407,874.2077026367188,10000,0.0,0.0
2004-01-07 00:00:00+09:00,861.1790752499878,861.1790752499878,829.9108486145874,837.7279052734375,40100,0.0,0.0
2004-01-08 00:00:00+09:00,835.1221717673413,839.6821212231694,831.213643662346,833.1679077148438,28100,0.0,0.0
2004-01-09 00:00:00+09:00,833.8193102782071,850.1048436820784,833.8193102782071,842.939208984375,13100,0.0,0.0
2004-01-12 00:00:00+09:00,842.939208984375,842.939208984375,842.939208984375,842.939208984375,0,0.0,0.0
2004-01-13 00:00:00+09:00,846.8477172851562,850.7562452110877,846.1962959641677,846.8477172851562,17800,0.0,0.0
2004-01-14 00:00:00+09:00,846.8478732638889,885.9331597222222,833.8194444444445,879.4189453125,72000,0.0,0.0
2004-01-15 00:00:00+09:00,850.7565106664907,859.8764120059477,848.8022460937499,848.80224609375,71800,0.0,0.0
2004-01-16 00:00:00+09:00,850.1049266278518,857.9219834244298,850.1049266278518,856.619140625,85800,0.0,0.0
2004-01-19 00:00:00+09:00,859.8761320259072,868.996030395879,846.8477057830904,857.2704467773438,25900,0.0,0.0
2004-01-20 00:00:00+09:00,846.8479069134661,859.8763362505963,846.1964854466096,853.3621215820312,57800,0.0,0.0
2004-01-21 00:00:00+09:00,846.8479815210092,853.3621967634784,834.4709725603175,848.80224609375,37600,0.0,0.0
2004-01-22 00:00:00+09:00,850.1048238900992,850.1048238900992,846.8477172851562,846.8477172851562,35800,0.0,0.0
2004-01-23 00:00:00+09:00,840.984925396259,857.9218797419621,840.3335040752704,846.8477172851562,72000,0.0,0.0
2004-01-26 00:00:00+09:00,847.4992947048611,853.3620876736111,840.9850802951389,850.10498046875,232500,0.0,0.0
2004-01-27 00:00:00+09:00,853.3621215820312,855.9678074494573,843.5907995791836,853.3621215820312,101100,0.0,0.0
2004-01-28 00:00:00+09:00,846.8478196292776,857.9219834244298,846.8478196292776,856.619140625,71000,0.0,0.0
2004-01-29 00:00:00+09:00,846.8479748328893,850.1050824284005,846.8479748328893,848.1508178710938,52500,0.0,0.0
2004-01-30 00:00:00+09:00,846.8478732638889,853.3620876736111,840.3336588541666,850.10498046875,32200,0.0,0.0
2004-02-02 00:00:00+09:00,850.1050473123879,866.390584617223,847.4993613436144,862.4820556640625,43200,0.0,0.0
2004-02-03 00:00:00+09:00,863.133308324921,871.6017860669768,849.453459664677,869.6475219726562,52900,0.0,0.0
2004-02-04 00:00:00+09:00,869.6477272854244,869.6477272854244,852.710767802712,854.0136108398438,26200,0.0,0.0
2004-02-05 00:00:00+09:00,854.0134092180916,869.6475219726562,853.3619878533182,869.6475219726562,31500,0.0,0.0
2004-02-06 00:00:00+09:00,872.9048785571686,885.93330958041,869.6477708013583,882.0247802734375,69300,0.0,0.0
2004-02-09 00:00:00+09:00,885.9329833984376,885.9329833984376,879.4187702852138,885.9329833984375,50600,0.0,0.0
2004-02-10 00:00:00+09:00,889.1903474227242,918.5043149201766,883.3275539232337,898.961669921875,85500,0.0,0.0
2004-02-11 00:00:00+09:00,898.961669921875,898.961669921875,898.961669921875,898.961669921875,0,0.0,0.0
2004-02-12 00:00:00+09:00,885.9332917636006,918.504368666674,885.9332917636006,910.035888671875,52600,0.0,0.0
2004-02-13 00:00:00+09:00,900.9157386495596,911.9899017421427,879.4188338227805,909.3842163085938,28800,0.0,0.0
2004-02-16 00:00:00+09:00,911.9901257132667,915.8986548234665,908.7330181214337,913.29296875,39600,0.0,0.0
2004-02-17 00:00:00+09:00,905.4755164911385,925.0181535377098,905.4755164911385,921.7610473632812,36200,0.0,0.0
2004-02-18 00:00:00+09:00,925.0182231702303,937.3952275647615,915.8983251953125,928.2753295898438,32500,0.0,0.0
2004-02-19 00:00:00+09:00,928.2753641622049,931.5324707031249,921.7611510803649,931.532470703125,19800,0.0,0.0
2004-02-20 00:00:00+09:00,944.5610761481688,977.1321477394849,940.6525475572108,966.0579833984375,55100,0.0,0.0
2004-02-23 00:00:00+09:00,989.5091621389005,1031.851555515483,979.0864191538957,1001.8861694335938,57500,0.0,0.0
2004-02-24 00:00:00+09:00,999.9315138875298,999.9315138875298,973.2232454384167,988.2059326171875,39100,0.0,0.0
2004-02-25 00:00:00+09:00,977.1318554176545,1029.2455543732628,977.1318554176545,996.0230712890625,42400,0.0,0.0
2004-02-26 00:00:00+09:00,1022.7317786897105,1078.7540289873634,1022.7317786897105,1072.8912353515625,116400,0.0,0.0
2004-02-27 00:00:00+09:00,1074.193603515625,1081.35923701391,1043.576805841135,1074.193603515625,58700,0.0,0.0
2004-03-01 00:00:00+09:00,1074.1939426408283,1080.708156968547,1057.2569853887594,1077.4510498046875,32000,0.0,0.0
2004-03-02 00:00:00+09:00,1081.359816111223,1119.1422675175186,1077.4512866553991,1112.6280517578125,52300,0.0,0.0
2004-03-03 00:00:00+09:00,1107.416259765625,1119.141843692555,1074.84519330193,1107.416259765625,63300,0.0,0.0
2004-03-04 00:00:00+09:00,1076.7998567318489,1097.6453470013098,1070.2856410226423,1087.8740234375,46500,0.0,0.0
2004-03-05 00:00:00+09:00,1087.2219426915658,1100.2503662109375,1070.9364132923513,1100.2503662109375,27900,0.0,0.0
2004-03-08 00:00:00+09:00,1100.9022352430554,1100.9022352430554,1081.359592013889,1084.61669921875,14300,0.0,0.0
2004-03-09 00:00:00+09:00,1055.3029319708296,1087.8740101180774,1055.3029319708296,1086.5711669921875,11400,0.0,0.0
2004-03-10 00:00:00+09:00,1055.9542884228456,1081.3597278111806,1055.9542884228456,1080.056884765625,10800,0.0,0.0
2004-03-11 00:00:00+09:00,1055.3030985626726,1070.937218541379,1054.000255231114,1061.1658935546875,27600,0.0,0.0
2004-03-12 00:00:00+09:00,1055.30255815999,1058.5596648209776,1042.2741315160395,1055.9539794921875,43600,0.0,0.0
2004-03-15 00:00:00+09:00,1056.6053453931436,1074.1937204397618,1042.9254981346626,1050.7425537109375,29100,0.0,0.0
2004-03-16 00:00:00+09:00,1050.7429085933802,1055.3028592196379,1031.2002630522757,1031.8516845703125,25900,0.0,0.0
2004-03-17 00:00:00+09:00,1029.2456850289536,1029.8971063485924,1016.2172586361821,1019.474365234375,37200,0.0,0.0
2004-03-18 00:00:00+09:00,1042.2742786974009,1055.3027071811184,1033.8058001829845,1052.697021484375,79700,0.0,0.0
2004-03-19 00:00:00+09:00,1016.217568137429,1040.9715858228278,1016.217568137429,1031.8516845703125,15500,0.0,0.0
2004-03-22 00:00:00+09:00,1051.3940599640114,1094.387869107521,1050.7426386133523,1076.1480712890625,32200,0.0,0.0
2004-03-23 00:00:00+09:00,1080.0567491319443,1113.9306640625,1071.5882703993054,1113.9306640625,32800,0.0,0.0
2004-03-24 00:00:00+09:00,1133.473228885486,1192.1011545174938,1133.473228885486,1176.467041015625,60200,0.0,0.0
2004-03-25 00:00:00+09:00,1237.700411639636,1358.2133464571796,1219.4606160996836,1286.5570068359375,108600,0.0,0.0
2004-03-26 00:00:00+09:00,1272.4555475114562,1292.132695153386,1272.4555475114562,1288.197265625,19100,13.5,0.0
2004-03-29 00:00:00+09:00,1269.1756243024554,1269.1756243024554,1204.8969621930803,1262.6165771484375,27400,0.0,0.0
2004-03-30 00:00:00+09:00,1246.2191162109375,1262.6167361610815,1222.6065434827303,1246.2191162109375,11100,0.0,0.0
2004-03-31 00:00:00+09:00,1246.2189252804487,1279.01416015625,1234.4126407251604,1279.01416015625,16900,0.0,0.0
2004-04-01 00:00:00+09:00,1279.01437119096,1300.6592297803454,1273.7671327450482,1291.4765625,42700,0.0,0.0
2004-04-02 00:00:00+09:00,1292.1325823247773,1292.1325823247773,1240.3160980589614,1261.3050537109375,17700,0.0,0.0
2004-04-05 00:00:00+09:00,1241.6278539197199,1258.0254748114223,1241.6278539197199,1255.40185546875,17000,0.0,0.0
2004-04-06 00:00:00+09:00,1265.8964531311972,1265.8964531311972,1216.0476808835438,1240.316162109375,29300,0.0,0.0
2004-04-07 00:00:00+09:00,1220.638829088713,1246.2191162109375,1167.5105404502467,1246.2191162109375,34600,0.0,0.0
2004-04-08 00:00:00+09:00,1223.9185414708647,1243.5956884398497,1188.4996769266918,1221.294921875,16300,0.0,0.0
2004-04-09 00:00:00+09:00,1205.5531759706375,1219.327178525253,1198.9941271351063,1210.8004150390625,7000,0.0,0.0
2004-04-12 00:00:00+09:00,1191.1231650543625,1214.079833984375,1190.4672602277908,1214.079833984375,8000,0.0,0.0
2004-04-13 00:00:00+09:00,1221.2945060004752,1221.2945060004752,1181.940225463403,1207.5205078125,15900,0.0,0.0
2004-04-14 00:00:00+09:00,1206.8649394046656,1221.2948462888519,1206.8649394046656,1216.047607421875,13000,0.0,0.0
2004-04-15 00:00:00+09:00,1206.8647981661782,1213.4238459822986,1128.1562243727317,1174.7254638671875,25600,0.0,0.0
2004-04-16 00:00:00+09:00,1203.585107248252,1203.585107248252,1188.4992993644864,1198.9937744140625,11000,0.0,0.0
2004-04-19 00:00:00+09:00,1235.724509187121,1235.724509187121,1154.3923228075014,1189.1552734375,8800,0.0,0.0
2004-04-20 00:00:00+09:00,1227.197648081036,1227.197648081036,1192.4347002732889,1207.5205078125,5500,0.0,0.0
2004-04-21 00:00:00+09:00,1206.8652981678688,1207.521203221221,1197.6826274209393,1204.8975830078125,7800,0.0,0.0
2004-04-22 00:00:00+09:00,1195.7144457003064,1233.1010191533605,1195.7144457003064,1227.1978759765625,13900,0.0,0.0
2004-04-23 00:00:00+09:00,1239.659912109375,1259.3370535714287,1226.5418178013394,1239.659912109375,33600,0.0,0.0
2004-04-26 00:00:00+09:00,1252.7783203125,1254.7460349517344,1245.5633666353076,1252.7783203125,12800,0.0,0.0
2004-04-27 00:00:00+09:00,1246.219254941765,1259.3373523622047,1237.6924916184792,1249.498779296875,9600,0.0,0.0
2004-04-28 00:00:00+09:00,1256.0576881810239,1256.0576881810239,1233.1010202508226,1246.2191162109375,7200,0.0,0.0
2004-04-29 00:00:00+09:00,1246.2191162109375,1246.2191162109375,1246.2191162109375,1246.2191162109375,0,0.0,0.0
2004-04-30 00:00:00+09:00,1214.0798550332559,1216.0475695470861,1193.74680505701,1213.4239501953125,5700,0.0,0.0
2004-05-03 00:00:00+09:00,1213.4239501953125,1213.4239501953125,1213.4239501953125,1213.4239501953125,0,0.0,0.0
2004-05-04 00:00:00+09:00,1213.4239501953125,1213.4239501953125,1213.4239501953125,1213.4239501953125,0,0.0,0.0
2004-05-05 00:00:00+09:00,1213.4239501953125,1213.4239501953125,1213.4239501953125,1213.4239501953125,0,0.0,0.0
2004-05-06 00:00:00+09:00,1219.9830677967198,1219.9830677967198,1188.4996337890625,1188.4996337890625,6600,0.0,0.0
2004-05-07 00:00:00+09:00,1167.5109278679981,1176.0376930715286,1129.4684369599397,1150.4573974609375,9400,0.0,0.0
2004-05-10 00:00:00+09:00,1147.1776749251724,1147.1776749251724,1109.7910954679198,1111.1029052734375,14600,0.0,0.0
2004-05-11 00:00:00+09:00,1110.4471233636748,1198.9942950435898,1108.4794084374546,1126.1888427734375,14900,0.0,0.0
2004-05-12 00:00:00+09:00,1147.833462419181,1147.833462419181,1115.0382206357758,1141.2744140625,8500,0.0,0.0
2004-05-13 00:00:00+09:00,1154.3923173219584,1167.510411836981,1083.5546069408383,1105.199462890625,10100,0.0,0.0
2004-05-14 00:00:00+09:00,1144.5539079064115,1147.8334319978337,1105.1996188093428,1111.7586669921875,7400,0.0,0.0
2004-05-17 00:00:00+09:00,1112.4147361555456,1124.2210246288944,1071.092726498824,1076.3399658203125,6600,0.0,0.0
2004-05-18 00:00:00+09:00,1059.2860129616477,1110.4465758167614,1059.2860129616477,1082.24267578125,12600,0.0,0.0
2004-05-19 00:00:00+09:00,1141.2746161705159,1141.2746161705159,1093.3935546875,1093.3935546875,8100,0.0,0.0
2004-05-20 00:00:00+09:00,1152.4245150605989,1246.2188836739542,1152.4245150605989,1207.5205078125,59800,0.0,0.0
2004-05-21 00:00:00+09:00,1167.5107119592685,1202.273671360303,1136.0272770300298,1176.0374755859375,20600,0.0,0.0
2004-05-24 00:00:00+09:00,1212.11215329899,1212.11215329899,1181.2846255906284,1201.61767578125,5700,0.0,0.0
2004-05-25 00:00:00+09:00,1212.7680980566518,1212.7680980566518,1137.3390384154861,1166.1988525390625,9800,0.0,0.0
2004-05-26 00:00:00+09:00,1146.521578757856,1176.693199251484,1146.521578757856,1174.069580078125,6400,0.0,0.0
2004-05-27 00:00:00+09:00,1168.1665671383973,1174.0697109364016,1136.0272286825964,1166.1988525390625,12700,0.0,0.0
2004-05-28 00:00:00+09:00,1167.510763321652,1167.510763321652,1141.2745663930755,1166.8548583984375,8000,0.0,0.0
2004-05-31 00:00:00+09:00,1167.510480853873,1167.510480853873,1160.295528444102,1164.23095703125,3600,0.0,0.0
2004-06-01 00:00:00+09:00,1167.510561108522,1167.510561108522,1147.1775120105647,1165.5428466796875,9900,0.0,0.0
2004-06-02 00:00:00+09:00,1145.8656425585377,1160.9514523918785,1141.2743091309992,1144.5538330078125,2100,0.0,0.0
2004-06-03 00:00:00+09:00,1144.5540289231287,1145.209933810764,1111.7587845413773,1115.6942138671875,10100,0.0,0.0
2004-06-04 00:00:00+09:00,1096.016608025046,1121.596887925092,1096.016608025046,1115.037841796875,12800,0.0,0.0
2004-06-07 00:00:00+09:00,1121.5972900390625,1129.4681482147753,1105.8555736876372,1121.5972900390625,12600,0.0,0.0
2004-06-08 00:00:00+09:00,1122.2531237262228,1132.7476006283966,1108.4791227921196,1131.435791015625,3300,0.0,0.0
2004-06-09 00:00:00+09:00,1132.0918256056705,1142.5863037109375,1131.4359207240914,1142.5863037109375,2000,0.0,0.0
2004-06-10 00:00:00+09:00,1153.7365422207804,1153.7365422207804,1134.7153030369245,1143.2420654296875,4400,0.0,0.0
2004-06-11 00:00:00+09:00,1105.1998835604206,1162.2636164208104,1105.1998835604206,1126.1888427734375,46400,0.0,0.0
2004-06-14 00:00:00+09:00,1126.1886321367663,1149.1453019823032,1126.1886321367663,1132.7476806640625,4800,0.0,0.0
2004-06-15 00:00:00+09:00,1121.5970074026413,1136.0269104218567,1108.4789137488094,1118.973388671875,16300,0.0,0.0
2004-06-16 00:00:00+09:00,1118.9734617721203,1141.2742224404979,1118.9734617721203,1128.1561279296875,7500,0.0,0.0
2004-06-17 00:00:00+09:00,1129.4682524262003,1141.2745407790874,1129.4682524262003,1137.339111328125,6200,0.0,0.0
2004-06-18 00:00:00+09:00,1124.8768016687206,1128.1563258718363,1109.790990334388,1114.38232421875,7700,0.0,0.0
2004-06-21 00:00:00+09:00,1133.4037248883928,1144.554108755929,1101.9202880859375,1101.9202880859375,18800,0.0,0.0
2004-06-22 00:00:00+09:00,1086.1783198427165,1097.9846059279632,1076.9956528875243,1090.7696533203125,81100,0.0,0.0
2004-06-23 00:00:00+09:00,1088.8018415515548,1089.4577462753812,1086.17822265625,1086.17822265625,17600,0.0,0.0
2004-06-24 00:00:00+09:00,1086.834430420952,1094.0493843947786,1086.834430420952,1088.146240234375,12800,0.0,0.0
2004-06-25 00:00:00+09:00,1087.4900321039024,1091.42546044686,1083.554603760945,1086.17822265625,7600,0.0,0.0
2004-06-28 00:00:00+09:00,1091.4254636498517,1105.199462890625,1088.8018447468473,1105.199462890625,21100,0.0,0.0
2004-06-29 00:00:00+09:00,1115.0380369384482,1126.1884173078327,1102.575847113842,1124.220703125,20000,0.0,0.0
2004-06-30 00:00:00+09:00,1117.6617524558758,1128.8121337890625,1117.6617524558758,1128.8121337890625,14600,0.0,0.0
2004-07-01 00:00:00+09:00,1137.9947435698923,1149.8010290939603,1129.4679818025097,1145.8656005859375,14900,0.0,0.0
2004-07-02 00:00:00+09:00,1147.833314839949,1160.9514098666912,1136.0270293158808,1145.8656005859375,13800,0.0,0.0
2004-07-05 00:00:00+09:00,1141.274316857058,1143.8979359762695,1126.844411701394,1136.6829833984375,16500,0.0,0.0
2004-07-06 00:00:00+09:00,1136.027208705357,1157.6720689174106,1115.0382533482143,1147.83349609375,21500,0.0,0.0
2004-07-07 00:00:00+09:00,1128.1562433454003,1157.0160542216781,1127.5003385527577,1155.04833984375,16200,0.0,0.0
2004-07-08 00:00:00+09:00,1160.9515756616574,1193.746817911987,1160.9515756616574,1182.596435546875,37000,0.0,0.0
2004-07-09 00:00:00+09:00,1193.7468817816841,1193.7468817816841,1167.5106865776909,1180.6287841796875,21200,0.0,0.0
2004-07-12 00:00:00+09:00,1193.090976901584,1193.7468817816841,1180.6287841796875,1180.6287841796875,16700,0.0,0.0
2004-07-13 00:00:00+09:00,1193.746817911987,1206.209009967112,1180.628721011855,1182.596435546875,30700,0.0,0.0
2004-07-14 00:00:00+09:00,1200.3057097551198,1202.9293287928358,1181.284471731678,1195.0584716796875,24900,0.0,0.0
2004-07-15 00:00:00+09:00,1187.1878329806857,1197.026406182183,1180.6287841796875,1180.6287841796875,12300,0.0,0.0
2004-07-16 00:00:00+09:00,1187.8436825259703,1200.3058746673248,1187.1877776764252,1193.746826171875,8800,0.0,0.0
2004-07-19 00:00:00+09:00,1193.746826171875,1193.746826171875,1193.746826171875,1193.746826171875,0,0.0,0.0
2004-07-20 00:00:00+09:00,1205.553003449703,1206.8648130290826,1193.746717235288,1200.961669921875,25600,0.0,0.0
2004-07-21 00:00:00+09:00,1203.585547398626,1223.2626953125,1200.961927676776,1223.2626953125,17300,0.0,0.0
2004-07-22 00:00:00+09:00,1207.5206568785015,1232.4450376288455,1207.5206568785015,1221.9505615234375,5500,0.0,0.0
2004-07-23 00:00:00+09:00,1233.100994138545,1233.756898922661,1225.8860415132663,1231.7891845703125,28400,0.0,0.0
2004-07-26 00:00:00+09:00,1232.444885485979,1232.444885485979,1193.7465096245246,1207.5205078125,13500,0.0,0.0
2004-07-27 00:00:00+09:00,1227.1979518599198,1227.1979518599198,1194.4027099609375,1194.4027099609375,16900,0.0,0.0
2004-07-28 00:00:00+09:00,1226.5421029179474,1226.5421029179474,1194.40276439229,1200.305908203125,12300,0.0,0.0
2004-07-29 00:00:00+09:00,1194.4027224878037,1202.2735806261087,1179.9728159009107,1201.61767578125,5200,0.0,0.0
2004-07-30 00:00:00+09:00,1182.5965737619708,1219.983154296875,1182.5965737619708,1219.983154296875,11000,0.0,0.0
2004-08-02 00:00:00+09:00,1200.305629185268,1219.9827706473216,1197.6820103236607,1216.7032470703125,5100,0.0,0.0
2004-08-03 00:00:00+09:00,1225.230237278294,1225.230237278294,1207.5208066538219,1213.4239501953125,8300,0.0,0.0
2004-08-04 00:00:00+09:00,1206.865100891881,1206.865100891881,1177.3493783157207,1199.650146484375,5900,0.0,0.0
2004-08-05 00:00:00+09:00,1200.3060863561047,1200.9619913213266,1168.822648025453,1172.1021728515625,18100,0.0,0.0
2004-08-06 00:00:00+09:00,1147.8336156252196,1167.510763321652,1134.7155171609313,1166.8548583984375,26500,0.0,0.0
2004-08-09 00:00:00+09:00,1183.2522765391989,1183.2522765391989,1154.3924649162916,1165.5428466796875,7900,0.0,0.0
2004-08-10 00:00:00+09:00,1165.5430485520087,1180.6288617859402,1126.188753159144,1166.8548583984375,3500,0.0,0.0
2004-08-11 00:00:00+09:00,1180.6285610061145,1200.3057036895498,1160.9514183226793,1179.97265625,9700,0.0,0.0
2004-08-12 00:00:00+09:00,1179.97245381843,1179.97245381843,1174.0693120261199,1178.66064453125,4100,0.0,0.0
2004-08-13 00:00:00+09:00,1178.6612540570832,1178.6612540570832,1162.2636294875635,1163.575439453125,10800,0.0,0.0
2004-08-16 00:00:00+09:00,1162.2636984330736,1179.31722899699,1147.8337879559135,1157.67236328125,14800,0.0,0.0
2004-08-17 00:00:00+09:00,1157.6718823813196,1174.0695011119333,1149.801025390625,1149.801025390625,5900,0.0,0.0
2004-08-18 00:00:00+09:00,1148.4894046686627,1165.5429309515785,1128.156354100571,1162.9193115234375,2000,0.0,0.0
2004-08-19 00:00:00+09:00,1178.6611188904312,1198.9941710248795,1164.2312109240488,1190.4674072265625,9900,0.0,0.0
2004-08-20 00:00:00+09:00,1190.4669702896501,1190.4669702896501,1177.348876953125,1177.348876953125,3500,0.0,0.0
2004-08-23 00:00:00+09:00,1162.2633688038793,1193.0908960802801,1162.2633688038793,1179.31689453125,9600,0.0,0.0
2004-08-24 00:00:00+09:00,1180.6288570115546,1180.6288570115546,1163.5753290769433,1170.790283203125,2500,0.0,0.0
2004-08-25 00:00:00+09:00,1174.069234678504,1177.3487576803993,1170.7897116766087,1173.413330078125,10800,0.0,0.0
2004-08-26 00:00:00+09:00,1176.6935714926954,1178.6612864951915,1167.5109014810466,1170.134521484375,9800,0.0,0.0
2004-08-27 00:00:00+09:00,1185.8760963760506,1185.8760963760506,1160.9517093946954,1170.790283203125,6400,0.0,0.0
2004-08-30 00:00:00+09:00,1166.854673237913,1168.8223876953125,1160.9515298657145,1168.8223876953125,3500,0.0,0.0
2004-08-31 00:00:00+09:00,1149.1450161982723,1160.9513006112682,1149.1450161982723,1153.0804443359375,4600,0.0,0.0
2004-09-01 00:00:00+09:00,1158.9841733246283,1160.9518883896956,1154.3928381728044,1157.67236328125,2300,0.0,0.0
2004-09-02 00:00:00+09:00,1147.83349609375,1157.6720689174106,1136.6831135602679,1147.83349609375,6000,0.0,0.0
2004-09-03 00:00:00+09:00,1147.177557583513,1155.0484156115301,1141.2744140625,1141.2744140625,4500,0.0,0.0
2004-09-06 00:00:00+09:00,1157.6720139670506,1183.9082069181452,1141.9302981963938,1160.9515380859375,6800,0.0,0.0
2004-09-07 00:00:00+09:00,1160.9516421927258,1178.0051691401895,1158.9839275449415,1176.693359375,3900,0.0,0.0
2004-09-08 00:00:00+09:00,1174.0697353786893,1180.6287841796875,1174.0697353786893,1180.6287841796875,7800,0.0,0.0
2004-09-09 00:00:00+09:00,1180.6288661172946,1210.144587770227,1180.6288661172946,1197.0264892578125,127500,0.0,0.0
2004-09-10 00:00:00+09:00,1197.6822509765625,1210.1444430732518,1193.7468218933975,1197.6822509765625,54200,0.0,0.0
2004-09-13 00:00:00+09:00,1198.3384428824613,1223.2628330464097,1198.3384428824613,1211.45654296875,85400,0.0,0.0
2004-09-14 00:00:00+09:00,1224.5740757682847,1239.6598838789814,1221.9504569664246,1225.22998046875,32000,0.0,0.0
2004-09-15 00:00:00+09:00,1213.4236544848764,1239.6598416088736,1210.1441310943767,1226.541748046875,59400,0.0,0.0
2004-09-16 00:00:00+09:00,1229.8218782014176,1262.6171282867888,1229.8218782014176,1230.477783203125,60700,0.0,0.0
2004-09-17 00:00:00+09:00,1230.4774546486697,1230.4774546486697,1199.6499277997957,1214.079833984375,25500,0.0,0.0
2004-09-20 00:00:00+09:00,1214.079833984375,1214.079833984375,1214.079833984375,1214.079833984375,0,0.0,0.0
2004-09-21 00:00:00+09:00,1230.4776142225649,1242.28390263195,1214.0799914317524,1235.724853515625,43300,0.0,0.0
2004-09-22 00:00:00+09:00,1226.541748046875,1231.1330807935744,1219.3267965877758,1226.541748046875,29100,0.0,0.0
2004-09-23 00:00:00+09:00,1226.541748046875,1226.541748046875,1226.541748046875,1226.541748046875,0,0.0,0.0
2004-09-24 00:00:00+09:00,1225.8861338271429,1279.014425341321,1206.8648936554002,1278.3585205078125,64100,0.0,0.0
2004-09-27 00:00:00+09:00,1287.6123807565791,1287.6123807565791,1242.6649259868423,1255.884765625,32900,15.0,0.0
2004-09-28 00:00:00+09:00,1255.8847653697562,1285.6294045495663,1238.03798186187,1264.4776611328125,11500,0.0,0.0
2004-09-29 00:00:00+09:00,1275.7143833705356,1279.0193429129465,1255.2236342075892,1272.409423828125,16100,0.0,0.0
2004-09-30 00:00:00+09:00,1269.1046050052273,1279.0194847318307,1262.4946851874918,1264.4776611328125,11200,0.0,0.0
2004-10-01 00:00:00+09:00,1272.409470660931,1272.409470660931,1256.54566427347,1269.7655029296875,7900,0.0,0.0
2004-10-04 00:00:00+09:00,1278.358389250765,1282.3243408203125,1255.8846636899966,1282.3243408203125,25900,0.0,0.0
2004-10-05 00:00:00+09:00,1281.6638662412186,1281.6638662412186,1261.1731081940409,1279.0198974609375,7100,0.0,0.0
2004-10-06 00:00:00+09:00,1262.4947972220639,1268.4437255859375,1249.2749564134558,1268.4437255859375,11800,0.0,0.0
2004-10-07 00:00:00+09:00,1267.1213945388793,1279.019248008728,1255.8845329284668,1269.1043701171875,31300,0.0,0.0
2004-10-08 00:00:00+09:00,1264.4776613898027,1264.4776613898027,1252.5798057154607,1255.884765625,109500,0.0,0.0
2004-10-11 00:00:00+09:00,1255.884765625,1255.884765625,1255.884765625,1255.884765625,0,0.0,0.0
2004-10-12 00:00:00+09:00,1243.32596520471,1257.206797352131,1209.6153728466875,1244.64794921875,33100,0.0,0.0
2004-10-13 00:00:00+09:00,1239.3599103210838,1252.5797493645089,1239.3599103210838,1245.308837890625,16900,0.0,0.0
2004-10-14 00:00:00+09:00,1240.0211673467757,1240.6821594402443,1210.9375152341647,1228.7843017578125,4500,0.0,0.0
2004-10-15 00:00:00+09:00,1265.138759468433,1265.138759468433,1227.4622133400628,1238.0380859375,20400,0.0,0.0
2004-10-18 00:00:00+09:00,1240.0208465672847,1253.9016769393068,1238.0378707998532,1251.918701171875,29100,0.0,0.0
2004-10-19 00:00:00+09:00,1255.885043075341,1264.477940738488,1230.7673422138341,1235.394287109375,19300,0.0,0.0
2004-10-20 00:00:00+09:00,1242.6649940718157,1242.6649940718157,1219.5302734375,1219.5302734375,16000,0.0,0.0
2004-10-21 00:00:00+09:00,1216.2251261921672,1222.835045356255,1216.2251261921672,1221.5130615234375,6600,0.0,0.0
2004-10-22 00:00:00+09:00,1222.835139267442,1237.3769625452169,1220.8521633659273,1233.4110107421875,6900,0.0,0.0
2004-10-25 00:00:00+09:00,1226.14013671875,1232.0890646057953,1189.7855774090297,1226.14013671875,18000,0.0,0.0
2004-10-26 00:00:00+09:00,1226.1404038726307,1232.0893330558401,1191.768813036309,1209.6156005859375,11800,0.0,0.0
2004-10-27 00:00:00+09:00,1210.276517931113,1210.276517931113,1126.3305224219641,1159.380126953125,22700,0.0,0.0
2004-10-28 00:00:00+09:00,1165.9900731734153,1175.9049547480192,1140.8723731844188,1173.260986328125,20400,0.0,0.0
2004-10-29 00:00:00+09:00,1169.9558570694562,1175.90478515625,1156.736016876581,1175.90478515625,16100,0.0,0.0
2004-11-01 00:00:00+09:00,1169.9559613192723,1169.9559613192723,1156.736119948433,1166.6510009765625,9200,0.0,0.0
2004-11-02 00:00:00+09:00,1173.2607423270888,1208.2933166050243,1145.4990796917434,1156.074951171875,20100,0.0,0.0
2004-11-03 00:00:00+09:00,1156.074951171875,1156.074951171875,1156.074951171875,1156.074951171875,0,0.0,0.0
2004-11-04 00:00:00+09:00,1156.7362268445681,1173.2610300852048,1137.5674550854296,1148.8043212890625,11900,0.0,0.0
2004-11-05 00:00:00+09:00,1168.6339408482145,1172.5998931361607,1149.4651714564734,1156.736083984375,16200,0.0,0.0
2004-11-08 00:00:00+09:00,1150.1261056043534,1193.0905865608377,1140.211225383626,1180.53173828125,16600,0.0,0.0
2004-11-09 00:00:00+09:00,1190.4468002942992,1212.9205322265625,1169.9560447090003,1212.9205322265625,24300,0.0,0.0
2004-11-10 00:00:00+09:00,1222.8351576784823,1249.2748367634226,1219.5301977928648,1242.6649169921875,22300,0.0,0.0
2004-11-11 00:00:00+09:00,1243.326058533232,1252.5799473261427,1207.6324874748616,1247.9530029296875,25800,0.0,0.0
2004-11-12 00:00:00+09:00,1248.6138931851774,1252.579845201647,1216.2252850506757,1222.835205078125,19800,0.0,0.0
2004-11-15 00:00:00+09:00,1222.174037425125,1255.2236328125,1222.174037425125,1255.2236328125,22200,0.0,0.0
2004-11-16 00:00:00+09:00,1255.8846527067383,1255.8846527067383,1240.681838489762,1251.918701171875,7500,0.0,0.0
2004-11-17 00:00:00+09:00,1261.8336001122998,1281.66335810254,1251.9187211171795,1278.3583984375,25400,0.0,0.0
2004-11-18 00:00:00+09:00,1279.019381179023,1287.6122762463756,1275.7144215377334,1282.3243408203125,19700,0.0,0.0
2004-11-19 00:00:00+09:00,1285.6294224705382,1298.8492622902866,1276.3755345967143,1290.9173583984375,20600,0.0,0.0
2004-11-22 00:00:00+09:00,1288.9342041015625,1302.1540420923477,1281.6632932066307,1288.9342041015625,5400,0.0,0.0
2004-11-23 00:00:00+09:00,1288.9342041015625,1288.9342041015625,1288.9342041015625,1288.9342041015625,0,0.0,0.0
2004-11-24 00:00:00+09:00,1269.1048277863777,1292.2395512095668,1262.4949068083235,1281.002685546875,18000,0.0,0.0
2004-11-25 00:00:00+09:00,1282.3244907136327,1292.23937079647,1275.7145706584076,1287.6124267578125,15200,0.0,0.0
2004-11-26 00:00:00+09:00,1288.273718806061,1294.8836404007561,1286.2907423276527,1289.595703125,23400,0.0,0.0
2004-11-29 00:00:00+09:00,1288.9342697449201,1294.8831971437428,1277.0364149472748,1286.9512939453125,22500,0.0,0.0
2004-11-30 00:00:00+09:00,1286.951550771051,1298.8494079430484,1265.7998046875,1265.7998046875,17500,0.0,0.0
2004-12-01 00:00:00+09:00,1230.1060692353408,1255.8847563391441,1230.1060692353408,1251.2578125,15200,0.0,0.0
2004-12-02 00:00:00+09:00,1255.8846261160713,1276.3753752790178,1255.8846261160713,1272.409423828125,62200,0.0,0.0
2004-12-03 00:00:00+09:00,1282.3243024553572,1282.3243024553572,1269.1044642857144,1272.409423828125,28400,0.0,0.0
2004-12-06 00:00:00+09:00,1272.4094802413242,1284.9683270592907,1272.4094802413242,1274.3924560546875,21300,0.0,0.0
2004-12-07 00:00:00+09:00,1275.0531528468898,1282.3240624795055,1259.850341796875,1259.850341796875,23800,0.0,0.0
2004-12-08 00:00:00+09:00,1255.8848502638468,1255.8848502638468,1253.901874184483,1254.5628662109375,11300,0.0,0.0
2004-12-09 00:00:00+09:00,1255.2239972357968,1271.7487997270528,1255.2239972357968,1263.81689453125,30500,0.0,0.0
2004-12-10 00:00:00+09:00,1283.6463431837153,1288.9342786860168,1269.7655124901735,1274.3924560546875,48400,0.0,0.0
2004-12-13 00:00:00+09:00,1266.460401337998,1268.4433769142058,1259.850482750639,1260.511474609375,12100,0.0,0.0
2004-12-14 00:00:00+09:00,1255.8845329284668,1269.1043701171875,1243.325687599182,1269.1043701171875,31600,0.0,0.0
2004-12-15 00:00:00+09:00,1288.2735595703125,1295.5444724257632,1282.3246308703983,1288.2735595703125,29100,0.0,0.0
2004-12-16 00:00:00+09:00,1290.2561879006412,1293.5611473983374,1288.2732122020234,1288.9342041015625,11700,0.0,0.0
2004-12-17 00:00:00+09:00,1292.239435992762,1302.1543165758267,1282.9855474485682,1294.222412109375,10700,0.0,0.0
2004-12-20 00:00:00+09:00,1294.2221392978768,1300.8320582932693,1288.2732122020234,1288.9342041015625,4300,0.0,0.0
2004-12-21 00:00:00+09:00,1288.9343168106548,1298.8491961707368,1275.7144776638788,1292.9002685546875,6100,0.0,0.0
2004-12-22 00:00:00+09:00,1298.1884765625,1300.8324449465376,1296.2055002744717,1298.1884765625,7800,0.0,0.0
2004-12-23 00:00:00+09:00,1298.1884765625,1298.1884765625,1298.1884765625,1298.1884765625,0,0.0,0.0
2004-12-24 00:00:00+09:00,1298.1883819765783,1320.6621116034642,1298.1883819765783,1303.476318359375,30900,0.0,0.0
2004-12-27 00:00:00+09:00,1298.8491962330181,1306.1201077640935,1298.8491962330181,1301.4931640625,10900,0.0,0.0
2004-12-28 00:00:00+09:00,1305.459275770647,1312.069196154296,1302.8153076171875,1302.8153076171875,6300,0.0,0.0
2004-12-29 00:00:00+09:00,1311.407912317656,1318.6788231218363,1310.0859285350775,1314.0518798828125,7600,0.0,0.0
2004-12-30 00:00:00+09:00,1318.678955078125,1335.2037540139413,1318.678955078125,1318.678955078125,12900,0.0,0.0
2004-12-31 00:00:00+09:00,1318.678955078125,1318.678955078125,1318.678955078125,1318.678955078125,0,0.0,0.0
2005-01-03 00:00:00+09:00,1318.678955078125,1318.678955078125,1318.678955078125,1318.678955078125,0,0.0,0.0
2005-01-04 00:00:00+09:00,1319.3399189453123,1321.98388671875,1318.678927001953,1321.98388671875,2100,0.0,0.0
2005-01-05 00:00:00+09:00,1318.0177001953125,1321.9836511487588,1310.7467901139944,1318.0177001953125,4100,0.0,0.0
2005-01-06 00:00:00+09:00,1301.4933981284612,1312.730263424644,1282.3246279173259,1305.4593505859375,17600,0.0,0.0
2005-01-07 00:00:00+09:00,1292.9003248229326,1304.798180572837,1288.934372906298,1294.88330078125,6700,0.0,0.0
2005-01-10 00:00:00+09:00,1294.88330078125,1294.88330078125,1294.88330078125,1294.88330078125,0,0.0,0.0
2005-01-11 00:00:00+09:00,1296.8660907092947,1319.3398150131254,1290.2561717964034,1314.0518798828125,8600,0.0,0.0
2005-01-12 00:00:00+09:00,1312.730415460422,1314.7133919188213,1288.9346979596287,1302.154541015625,7800,0.0,0.0
2005-01-13 00:00:00+09:00,1289.5954766271072,1302.1543254512565,1286.2905164102258,1298.849365234375,10500,0.0,0.0
2005-01-14 00:00:00+09:00,1312.0694127256572,1314.0523891680637,1286.951711121841,1306.1204833984375,14800,0.0,0.0
2005-01-17 00:00:00+09:00,1306.1201921559343,1311.4081281565657,1288.9344001538825,1308.76416015625,7200,0.0,0.0
2005-01-18 00:00:00+09:00,1312.0692799526796,1312.0692799526796,1302.81539082455,1310.0863037109375,7900,0.0,0.0
2005-01-19 00:00:00+09:00,1302.8153562828852,1302.8153562828852,1289.59551502177,1291.5784912109375,4200,0.0,0.0
2005-01-20 00:00:00+09:00,1288.9343355908804,1295.5442552605773,1272.4095364166385,1284.9683837890625,11800,0.0,0.0
2005-01-21 00:00:00+09:00,1289.5953087679936,1293.5612605120264,1282.3243972372668,1292.9002685546875,5700,0.0,0.0
2005-01-24 00:00:00+09:00,1288.9341398997806,1299.510009765625,1285.6291805667042,1299.510009765625,7000,0.0,0.0
2005-01-25 00:00:00+09:00,1299.5101881903886,1302.1541560198705,1289.595308829831,1301.4931640625,4200,0.0,0.0
2005-01-26 00:00:00+09:00,1294.8836404007561,1294.8836404007561,1288.273718806061,1289.595703125,9100,0.0,0.0
2005-01-27 00:00:00+09:00,1290.917395862472,1295.5443399336637,1288.273427821791,1292.2393798828125,3000,0.0,0.0
2005-01-28 00:00:00+09:00,1288.9344198319613,1292.2393798828125,1276.3755716387268,1292.2393798828125,9700,0.0,0.0
2005-01-31 00:00:00+09:00,1286.2907293484295,1317.3573605300205,1286.2907293484295,1302.154541015625,15300,0.0,0.0
2005-02-01 00:00:00+09:00,1296.2053121547506,1308.76416015625,1290.9173761541192,1308.76416015625,4700,0.0,0.0
2005-02-02 00:00:00+09:00,1308.7643980687978,1309.4253901890345,1290.2566187021685,1295.5445556640625,7700,0.0,0.0
2005-02-03 00:00:00+09:00,1290.2562528468245,1292.900220578068,1266.460543265633,1269.7655029296875,11600,0.0,0.0
2005-02-04 00:00:00+09:00,1276.3752805709837,1289.5951177597044,1262.4944515228271,1269.1043701171875,8700,0.0,0.0
2005-02-07 00:00:00+09:00,1262.494685444079,1270.4265892269736,1239.3599660773027,1255.884765625,11900,0.0,0.0
2005-02-08 00:00:00+09:00,1262.4946569120932,1297.5272311614865,1262.4946569120932,1284.9683837890625,3600,0.0,0.0
2005-02-09 00:00:00+09:00,1247.9528608478483,1308.1031311535444,1247.9528608478483,1290.25634765625,15900,0.0,0.0
2005-02-10 00:00:00+09:00,1309.425538434169,1309.425538434169,1265.1390613644623,1279.0198974609375,7100,0.0,0.0
2005-02-11 00:00:00+09:00,1279.0198974609375,1279.0198974609375,1279.0198974609375,1279.0198974609375,0,0.0,0.0
2005-02-14 00:00:00+09:00,1294.8831967627004,1294.8831967627004,1277.697406504492,1278.3583984375,3900,0.0,0.0
2005-02-15 00:00:00+09:00,1265.7995608634474,1282.3243593081397,1265.7995608634474,1274.3924560546875,2500,0.0,0.0
2005-02-16 00:00:00+09:00,1275.714144631673,1285.6290214034218,1259.1893500120918,1259.850341796875,4200,0.0,0.0
2005-02-17 00:00:00+09:00,1259.1897539526303,1259.1897539526303,1236.7160260605622,1252.579833984375,5000,0.0,0.0
2005-02-18 00:00:00+09:00,1253.240873194573,1275.7146019332943,1236.7160726513957,1249.9359130859375,4700,0.0,0.0
2005-02-21 00:00:00+09:00,1249.9359426096169,1249.9359426096169,1238.0380859375,1238.0380859375,7500,0.0,0.0
2005-02-22 00:00:00+09:00,1237.3769909071066,1242.664926765684,1230.1060791015625,1230.1060791015625,5200,0.0,0.0
2005-02-23 00:00:00+09:00,1223.4963292848004,1228.7842658781435,1193.0906938730764,1218.869384765625,10300,0.0,0.0
2005-02-24 00:00:00+09:00,1223.4964309560842,1240.0212341834758,1218.2084939233187,1226.8013916015625,5900,0.0,0.0
2005-02-25 00:00:00+09:00,1243.3258713792306,1248.613807036346,1234.7329759364184,1241.3428955078125,6100,0.0,0.0
2005-02-28 00:00:00+09:00,1255.884765625,1255.884765625,1242.0039340049343,1255.884765625,8200,0.0,0.0
2005-03-01 00:00:00+09:00,1259.189743950823,1275.0535517486285,1253.240816026646,1265.138671875,3800,0.0,0.0
2005-03-02 00:00:00+09:00,1256.5457756070196,1273.7315673828125,1255.8847836156428,1273.7315673828125,6600,0.0,0.0
2005-03-03 00:00:00+09:00,1260.5118882243908,1262.4948644512776,1255.8849436949881,1257.867919921875,7000,0.0,0.0
2005-03-04 00:00:00+09:00,1257.8677415707236,1263.8166694078948,1243.32591796875,1255.884765625,8900,0.0,0.0
2005-03-07 00:00:00+09:00,1247.2918417953474,1267.7825927734375,1246.6308498283122,1267.7825927734375,7200,0.0,0.0
2005-03-08 00:00:00+09:00,1252.579881172846,1272.4096418246588,1246.630952977302,1249.9359130859375,11200,0.0,0.0
2005-03-09 00:00:00+09:00,1247.2917201745838,1259.1895744210822,1245.9697363694172,1250.5966796875,9100,0.0,0.0
2005-03-10 00:00:00+09:00,1253.2406213436038,1275.0533536771159,1252.5796294547094,1271.08740234375,6400,0.0,0.0
2005-03-11 00:00:00+09:00,1310.7472130811493,1310.7472130811493,1290.9174519150201,1294.222412109375,50100,0.0,0.0
2005-03-14 00:00:00+09:00,1297.52748799201,1297.52748799201,1281.002685546875,1281.002685546875,5300,0.0,0.0
2005-03-15 00:00:00+09:00,1282.9854552620857,1286.9514072103455,1273.0705753914358,1273.7315673828125,3200,0.0,0.0
2005-03-16 00:00:00+09:00,1287.612220302484,1288.9342041015625,1273.7313904121595,1288.9342041015625,7000,0.0,0.0
2005-03-17 00:00:00+09:00,1300.1709223975822,1300.1709223975822,1279.0191839549168,1279.68017578125,5500,0.0,0.0
2005-03-18 00:00:00+09:00,1280.3414306640625,1300.8321814903848,1275.7144869290867,1297.5272216796875,3400,0.0,0.0
2005-03-21 00:00:00+09:00,1297.5272216796875,1297.5272216796875,1297.5272216796875,1297.5272216796875,0,0.0,0.0
2005-03-22 00:00:00+09:00,1292.239483273993,1313.391229291777,1288.9345229587143,1291.5784912109375,5500,0.0,0.0
2005-03-23 00:00:00+09:00,1302.154269126091,1302.154269126091,1284.307484726901,1296.8663330078125,10000,0.0,0.0
2005-03-24 00:00:00+09:00,1288.934354604401,1297.5272503017638,1277.0364990234375,1277.0364990234375,8600,0.0,0.0
2005-03-25 00:00:00+09:00,1296.866163241986,1300.1711228832755,1278.358389250765,1282.3243408203125,5400,0.0,0.0
2005-03-28 00:00:00+09:00,1292.3165672412817,1292.3165672412817,1270.3338627469714,1286.9874267578125,2800,15.0,0.0
2005-03-29 00:00:00+09:00,1288.3197700616672,1319.6284718160098,1288.3197700616672,1312.3009033203125,19600,0.0,0.0
2005-03-30 00:00:00+09:00,1298.9780863003095,1298.9780863003095,1273.6646671826625,1290.984375,10400,0.0,0.0
2005-03-31 00:00:00+09:00,1293.6490826760569,1322.9593605533723,1293.6490826760569,1321.6270751953125,13500,0.0,0.0
2005-04-01 00:00:00+09:00,1314.299428587322,1318.2962844269184,1291.6505788296083,1315.6317138671875,5700,0.0,0.0
2005-04-04 00:00:00+09:00,1314.9655130835483,1314.9655130835483,1292.3166643272968,1306.9718017578125,5100,0.0,0.0
2005-04-05 00:00:00+09:00,1307.6380021879943,1318.9624270668512,1307.6380021879943,1315.6317138671875,9300,0.0,0.0
2005-04-06 00:00:00+09:00,1314.9659423828125,1315.6320852107674,1310.9690854150838,1314.9659423828125,14700,0.0,0.0
2005-04-07 00:00:00+09:00,1313.6330038235155,1325.6235687671378,1312.9668613266476,1320.9605712890625,12700,0.0,0.0
2005-04-08 00:00:00+09:00,1319.6282552487205,1342.277099609375,1319.6282552487205,1342.277099609375,20100,0.0,0.0
2005-04-11 00:00:00+09:00,1345.6080078125,1365.59228515625,1342.277294921875,1348.938720703125,16000,0.0,0.0
2005-04-12 00:00:00+09:00,1352.26943359375,1388.907275390625,1338.94658203125,1382.245849609375,35800,0.0,0.0
2005-04-13 00:00:00+09:00,1362.261572265625,1385.5765625,1362.261572265625,1382.245849609375,17500,0.0,0.0
2005-04-14 00:00:00+09:00,1328.9543480908085,1362.261474609375,1328.9543480908085,1362.261474609375,17000,0.0,0.0
2005-04-15 00:00:00+09:00,1358.9307619575184,1365.5921872612316,1332.285060742665,1362.261474609375,17800,0.0,0.0
2005-04-18 00:00:00+09:00,1362.261572265625,1362.261572265625,1298.97802734375,1298.97802734375,24000,0.0,0.0
2005-04-19 00:00:00+09:00,1332.2853380045901,1332.2853380045901,1302.975060568489,1324.2916259765625,8300,0.0,0.0
2005-04-20 00:00:00+09:00,1332.2853012840346,1365.5924338161353,1331.6191586333925,1345.608154296875,10200,0.0,0.0
2005-04-21 00:00:00+09:00,1335.6160113806716,1345.6081511166865,1305.6395921726266,1329.6207275390625,10000,0.0,0.0
2005-04-22 00:00:00+09:00,1338.9463872033964,1352.2692368273108,1338.9463872033964,1342.277099609375,7000,0.0,0.0
2005-04-25 00:00:00+09:00,1345.6078120153536,1362.2613740452466,1338.9463872033964,1342.277099609375,4800,0.0,0.0
2005-04-26 00:00:00+09:00,1345.6080078125,1358.930859375,1342.277294921875,1348.938720703125,4700,0.0,0.0
2005-04-27 00:00:00+09:00,1348.9388181188424,1358.9309575123152,1335.6159655942117,1352.26953125,8200,0.0,0.0
2005-04-28 00:00:00+09:00,1355.6000493056617,1372.2536125649451,1348.9386240019485,1362.261474609375,8600,0.0,0.0
2005-04-29 00:00:00+09:00,1362.261474609375,1362.261474609375,1362.261474609375,1362.261474609375,0,0.0,0.0
2005-05-02 00:00:00+09:00,1362.2611602486916,1382.2454315481834,1338.9461770659511,1372.2532958984375,5800,0.0,0.0
2005-05-03 00:00:00+09:00,1372.2532958984375,1372.2532958984375,1372.2532958984375,1372.2532958984375,0,0.0,0.0
2005-05-04 00:00:00+09:00,1372.2532958984375,1372.2532958984375,1372.2532958984375,1372.2532958984375,0,0.0,0.0
2005-05-05 00:00:00+09:00,1372.2532958984375,1372.2532958984375,1372.2532958984375,1372.2532958984375,0,0.0,0.0
2005-05-06 00:00:00+09:00,1375.584569958673,1378.915283203125,1365.592430225317,1378.915283203125,4000,0.0,0.0
2005-05-09 00:00:00+09:00,1368.922782515569,1398.8991938115303,1368.922782515569,1395.5684814453125,8800,0.0,0.0
2005-05-10 00:00:00+09:00,1398.8994140625,1398.8994140625,1375.584423828125,1382.245849609375,14100,0.0,0.0
2005-05-11 00:00:00+09:00,1378.9149196142228,1395.5684814453125,1368.922782515569,1395.5684814453125,9400,0.0,0.0
2005-05-12 00:00:00+09:00,1375.5843252168017,1382.245750520515,1352.269336653805,1362.261474609375,10200,0.0,0.0
2005-05-13 00:00:00+09:00,1335.6156747974178,1365.5920864512252,1335.6156747974178,1342.277099609375,8300,0.0,0.0
2005-05-16 00:00:00+09:00,1345.608231977983,1355.6003723144531,1318.9625244140625,1318.9625244140625,14400,0.0,0.0
2005-05-17 00:00:00+09:00,1338.9465369418788,1338.9465369418788,1302.3086963787925,1304.9732666015625,14400,0.0,0.0
2005-05-18 00:00:00+09:00,1288.3198850371402,1328.28844403519,1288.3198850371402,1312.9671630859375,15400,0.0,0.0
2005-05-19 00:00:00+09:00,1329.6210783614463,1338.9470779090716,1306.3060794923829,1331.6195068359375,20900,0.0,0.0
2005-05-20 00:00:00+09:00,1335.6158043059293,1335.6158043059293,1298.9779642875621,1307.6378173828125,18600,0.0,0.0
2005-05-23 00:00:00+09:00,1307.6378956281899,1312.9670363133787,1287.653618058732,1296.9796142578125,18200,0.0,0.0
2005-05-24 00:00:00+09:00,1299.6439351859278,1315.631354173351,1297.6455078125,1297.6455078125,13900,0.0,0.0
2005-05-25 00:00:00+09:00,1301.6425877537947,1305.639443192138,1283.65673828125,1283.65673828125,24000,0.0,0.0
2005-05-26 00:00:00+09:00,1278.993556701031,1312.3006805734535,1274.9967018363402,1292.31640625,9000,0.0,0.0
2005-05-27 00:00:00+09:00,1292.316493134593,1304.9732010570451,1275.6629300787347,1280.325927734375,9300,0.0,0.0
2005-05-30 00:00:00+09:00,1291.6504003301256,1326.9559553675142,1284.3228323034978,1290.318115234375,9200,0.0,0.0
2005-05-31 00:00:00+09:00,1290.3183197099936,1300.9766021650064,1257.6773296915167,1295.6474609375,16900,0.0,0.0
2005-06-01 00:00:00+09:00,1297.6457421875,1298.97802734375,1288.985888671875,1298.97802734375,12500,0.0,0.0
2005-06-02 00:00:00+09:00,1318.9622705423026,1355.6001113907,1305.6394193247036,1320.2945556640625,17100,0.0,0.0
2005-06-03 00:00:00+09:00,1320.2947798898933,1338.9467747622027,1299.6443569955509,1322.9593505859375,7500,0.0,0.0
2005-06-06 00:00:00+09:00,1319.628554850425,1328.9545517044917,1315.631699055825,1317.630126953125,6000,0.0,0.0
2005-06-07 00:00:00+09:00,1318.2961863276355,1342.2773195806901,1318.2961863276355,1328.9544677734375,8700,0.0,0.0
2005-06-08 00:00:00+09:00,1328.288266394622,1331.6189791990216,1314.299272616143,1320.2945556640625,5600,0.0,0.0
2005-06-09 00:00:00+09:00,1320.9604114511396,1348.9383929342198,1320.9604114511396,1326.28955078125,14600,0.0,0.0
2005-06-10 00:00:00+09:00,1319.6286223398615,1338.9467596684106,1316.297909007353,1324.957763671875,17300,0.0,0.0
2005-06-13 00:00:00+09:00,1324.9578086159445,1324.9578086159445,1303.6412425648082,1318.9625244140625,6100,0.0,0.0
2005-06-14 00:00:00+09:00,1318.2960981154285,1318.2960981154285,1285.6551133717924,1307.6378173828125,13200,0.0,0.0
2005-06-15 00:00:00+09:00,1294.3151202907109,1319.6285400390625,1294.3151202907109,1319.6285400390625,8600,0.0,0.0
2005-06-16 00:00:00+09:00,1320.2947501676629,1335.6160313250073,1319.628607508648,1326.9561767578125,11600,0.0,0.0
2005-06-17 00:00:00+09:00,1331.6188199102435,1352.2692368273108,1331.6188199102435,1342.277099609375,13300,0.0,0.0
2005-06-20 00:00:00+09:00,1345.608449451959,1345.608449451959,1332.285593516791,1338.947021484375,4900,0.0,0.0
2005-06-21 00:00:00+09:00,1342.2777354681668,1345.608449451959,1318.962737581623,1338.947021484375,6700,0.0,0.0
2005-06-22 00:00:00+09:00,1335.6160888671875,1335.6160888671875,1318.2963789866155,1335.6160888671875,4800,0.0,0.0
2005-06-23 00:00:00+09:00,1345.6078120153536,1345.6078120153536,1332.2849623914392,1342.277099609375,2800,0.0,0.0
2005-06-24 00:00:00+09:00,1345.6078120153536,1345.6078120153536,1332.2849623914392,1342.277099609375,5200,0.0,0.0
2005-06-27 00:00:00+09:00,1342.2777354681668,1345.608449451959,1338.947021484375,1338.947021484375,2400,0.0,0.0
2005-06-28 00:00:00+09:00,1338.9467277904548,1352.269580803295,1332.2853012840346,1345.608154296875,5700,0.0,0.0
2005-06-29 00:00:00+09:00,1342.277271270752,1385.5765380859375,1342.277271270752,1385.5765380859375,16800,0.0,0.0
2005-06-30 00:00:00+09:00,1385.576709692029,1395.568849425385,1378.915283203125,1378.915283203125,7500,0.0,0.0
2005-07-01 00:00:00+09:00,1385.5765380859375,1398.8993894136868,1365.5922610943135,1385.5765380859375,12700,0.0,0.0
2005-07-04 00:00:00+09:00,1372.253686758188,1395.5686765817495,1365.5922610943135,1385.5765380859375,14900,0.0,0.0
2005-07-05 00:00:00+09:00,1388.9074479442531,1388.9074479442531,1375.5845947265625,1375.5845947265625,3200,0.0,0.0
2005-07-06 00:00:00+09:00,1378.9153080309852,1378.9153080309852,1358.9310282044491,1375.5845947265625,6400,0.0,0.0
2005-07-07 00:00:00+09:00,1388.9074479442531,1388.9074479442531,1368.923168117717,1375.5845947265625,9000,0.0,0.0
2005-07-08 00:00:00+09:00,1378.915236299261,1392.2380888238915,1352.26953125,1352.26953125,15300,0.0,0.0
2005-07-11 00:00:00+09:00,1338.9461770659511,1388.9068553146808,1335.6154651827026,1372.2532958984375,13100,0.0,0.0
2005-07-12 00:00:00+09:00,1382.2457751105812,1382.2457751105812,1355.6000734217025,1358.9307861328125,6500,0.0,0.0
2005-07-13 00:00:00+09:00,1365.592430225317,1388.907422936481,1365.592430225317,1378.915283203125,15400,0.0,0.0
2005-07-14 00:00:00+09:00,1388.9073486328125,1392.2380616990783,1385.5766355665469,1388.9073486328125,5800,0.0,0.0
2005-07-15 00:00:00+09:00,1395.5688745530986,1395.5688745530986,1375.5845947265625,1375.5845947265625,3800,0.0,0.0
2005-07-18 00:00:00+09:00,1375.5845947265625,1375.5845947265625,1375.5845947265625,1375.5845947265625,0,0.0,0.0
2005-07-19 00:00:00+09:00,1388.907275390625,1392.23798828125,1378.91513671875,1382.245849609375,3900,0.0,0.0
2005-07-20 00:00:00+09:00,1392.2377690790945,1398.8991938115303,1375.5842072480048,1395.5684814453125,20100,0.0,0.0
2005-07-21 00:00:00+09:00,1368.9232177734375,1378.9153580491559,1358.931077497719,1368.9232177734375,9100,0.0,0.0
2005-07-22 00:00:00+09:00,1368.922924266142,1368.922924266142,1352.2693607105928,1358.9307861328125,6200,0.0,0.0
2005-07-25 00:00:00+09:00,1368.922924266142,1368.922924266142,1358.9307861328125,1358.9307861328125,4800,0.0,0.0
2005-07-26 00:00:00+09:00,1358.9309808498476,1372.2538336032776,1358.9309808498476,1365.5924072265625,8000,0.0,0.0
2005-07-27 00:00:00+09:00,1368.923168117717,1378.9153080309852,1365.5924548132946,1375.5845947265625,9800,0.0,0.0
2005-07-28 00:00:00+09:00,1375.5845947265625,1375.5845947265625,1375.5845947265625,1375.5845947265625,1300,0.0,0.0
2005-07-29 00:00:00+09:00,1372.2538603225555,1372.2538603225555,1345.608154296875,1345.608154296875,9900,0.0,0.0
2005-08-01 00:00:00+09:00,1345.608449451959,1345.608449451959,1338.947021484375,1338.947021484375,2500,0.0,0.0
2005-08-02 00:00:00+09:00,1345.6083051978642,1352.269732451319,1310.9688834798994,1325.6240234375,5000,0.0,0.0
2005-08-03 00:00:00+09:00,1335.6160916415126,1335.6160916415126,1318.9625244140625,1318.9625244140625,3800,0.0,0.0
2005-08-04 00:00:00+09:00,1321.627092425187,1335.6160888671875,1320.9609497374727,1335.6160888671875,5300,0.0,0.0
2005-08-05 00:00:00+09:00,1335.616307500583,1362.2620193709188,1335.616307500583,1338.947021484375,17600,0.0,0.0
2005-08-08 00:00:00+09:00,1338.9462926616247,1358.930565686425,1332.2848683200245,1355.599853515625,10600,0.0,0.0
2005-08-09 00:00:00+09:00,1355.600146484375,1382.245849609375,1348.938720703125,1348.938720703125,10600,0.0,0.0
2005-08-10 00:00:00+09:00,1375.5842308518988,1402.2299302388606,1375.5842308518988,1392.23779296875,13300,0.0,0.0
2005-08-11 00:00:00+09:00,1415.5531005859375,1428.8759532973347,1408.891674230239,1415.5531005859375,19800,0.0,0.0
2005-08-12 00:00:00+09:00,1415.5532255626858,1415.5532255626858,1385.5768043154762,1398.899658203125,34000,0.0,0.0
2005-08-15 00:00:00+09:00,1405.5606185439663,1408.8913309101843,1395.5684814453125,1395.5684814453125,19300,0.0,0.0
2005-08-16 00:00:00+09:00,1398.899267926069,1405.560693011431,1398.899267926069,1402.22998046875,10500,0.0,0.0
2005-08-17 00:00:00+09:00,1408.8917986188615,1408.8917986188615,1395.5689447312127,1398.899658203125,12300,0.0,0.0
2005-08-18 00:00:00+09:00,1395.5689447312127,1408.8917986188615,1392.2382312593006,1398.899658203125,23100,0.0,0.0
2005-08-19 00:00:00+09:00,1398.8994878316098,1398.8994878316098,1385.5766355665469,1388.9073486328125,34400,0.0,0.0
2005-08-22 00:00:00+09:00,1385.576709692029,1385.576709692029,1372.253856714221,1378.915283203125,6100,0.0,0.0
2005-08-23 00:00:00+09:00,1385.5765625,1398.8994140625,1382.245849609375,1382.245849609375,3700,0.0,0.0
2005-08-24 00:00:00+09:00,1382.246021335408,1388.9074479442531,1375.5845947265625,1375.5845947265625,6500,0.0,0.0
2005-08-25 00:00:00+09:00,1372.2536369772517,1372.2536369772517,1355.6000734217025,1358.9307861328125,4200,0.0,0.0
2005-08-26 00:00:00+09:00,1368.9232369559152,1398.899658203125,1368.9232369559152,1398.899658203125,13600,0.0,0.0
2005-08-29 00:00:00+09:00,1398.899562669837,1398.899562669837,1375.584569958673,1378.915283203125,5900,0.0,0.0
2005-08-30 00:00:00+09:00,1388.907275390625,1388.907275390625,1378.91513671875,1382.245849609375,8000,0.0,0.0
2005-08-31 00:00:00+09:00,1385.576143431432,1388.9068553146808,1365.5918721319404,1372.2532958984375,9600,0.0,0.0
2005-09-01 00:00:00+09:00,1385.5763443466587,1412.222043276402,1385.5763443466587,1395.5684814453125,10100,0.0,0.0
2005-09-02 00:00:00+09:00,1398.899438246241,1415.5530029872677,1395.5687252980358,1412.2222900390625,6500,0.0,0.0
2005-09-05 00:00:00+09:00,1412.2224369274527,1412.2224369274527,1398.8995837488917,1408.8917236328125,5300,0.0,0.0
2005-09-06 00:00:00+09:00,1412.2221180967933,1418.8835431821556,1398.899267926069,1402.22998046875,3300,0.0,0.0
2005-09-07 00:00:00+09:00,1415.5532255626858,1415.5532255626858,1392.2382312593006,1398.899658203125,7000,0.0,0.0
2005-09-08 00:00:00+09:00,1345.6080078125,1355.600146484375,1345.6080078125,1348.938720703125,24700,0.0,0.0
2005-09-09 00:00:00+09:00,1348.9384291740248,1362.2612778572252,1345.6077170032247,1355.599853515625,45200,0.0,0.0
2005-09-12 00:00:00+09:00,1365.5919900280253,1368.9227021988252,1348.9384291740248,1355.599853515625,19500,0.0,0.0
2005-09-13 00:00:00+09:00,1352.26953125,1352.26953125,1348.9388181188424,1352.26953125,10300,0.0,0.0
2005-09-14 00:00:00+09:00,1338.9462566902625,1338.9462566902625,1322.2926962836673,1326.28955078125,58800,0.0,0.0
2005-09-15 00:00:00+09:00,1325.6242276300898,1325.6242276300898,1313.633656726903,1314.9659423828125,104600,0.0,0.0
2005-09-16 00:00:00+09:00,1315.631503593631,1319.6283587944215,1303.6409379912584,1310.968505859375,134100,0.0,0.0
2005-09-19 00:00:00+09:00,1310.968505859375,1310.968505859375,1310.968505859375,1310.968505859375,0,0.0,0.0
2005-09-20 00:00:00+09:00,1321.6273087686566,1345.608449451959,1315.632023597831,1338.947021484375,48000,0.0,0.0
2005-09-21 00:00:00+09:00,1352.2692368273108,1352.2692368273108,1335.6156747974178,1342.277099609375,34300,0.0,0.0
2005-09-22 00:00:00+09:00,1348.9389426214736,1348.9389426214736,1332.285375428616,1335.6160888671875,41700,0.0,0.0
2005-09-23 00:00:00+09:00,1335.6160888671875,1335.6160888671875,1335.6160888671875,1335.6160888671875,0,0.0,0.0
2005-09-26 00:00:00+09:00,1345.6081661792837,1345.6081661792837,1326.9561717966005,1327.622314453125,73100,0.0,0.0
2005-09-27 00:00:00+09:00,1308.478546998502,1322.584321889143,1297.0595863727451,1317.210693359375,141600,16.5,0.0
2005-09-28 00:00:00+09:00,1322.5843373993296,1322.5843373993296,1305.791748046875,1305.791748046875,28500,0.0,0.0
2005-09-29 00:00:00+09:00,1303.776705043771,1309.8220375246542,1297.059668953901,1298.403076171875,46600,0.0,0.0
2005-09-30 00:00:00+09:00,1301.7615239663244,1305.7917454027527,1298.4030061026342,1302.4332275390625,35500,0.0,0.0
2005-10-03 00:00:00+09:00,1303.776689077524,1313.180539488181,1300.418171073718,1309.822021484375,19000,0.0,0.0
2005-10-04 00:00:00+09:00,1313.1804108066347,1334.0032203897579,1306.46337545724,1331.31640625,69500,0.0,0.0
2005-10-05 00:00:00+09:00,1323.256030806063,1325.9428450818114,1317.2106986856293,1323.927734375,34300,0.0,0.0
2005-10-06 00:00:00+09:00,1320.5691503151174,1322.5842609208883,1303.1048583984375,1303.1048583984375,23600,0.0,0.0
2005-10-07 00:00:00+09:00,1303.1050273800683,1306.4635454918728,1297.7313984011817,1300.418212890625,16200,0.0,0.0
2005-10-10 00:00:00+09:00,1300.418212890625,1300.418212890625,1300.418212890625,1300.418212890625,0,0.0,0.0
2005-10-11 00:00:00+09:00,1305.1200962790465,1315.867353891226,1298.4030602714342,1309.822021484375,21300,0.0,0.0
2005-10-12 00:00:00+09:00,1316.5391779803986,1328.6298439006266,1306.463623046875,1306.463623046875,34300,0.0,0.0
2005-10-13 00:00:00+09:00,1323.2562212262835,1323.2562212262835,1310.4938515799388,1316.5391845703125,16300,0.0,0.0
2005-10-14 00:00:00+09:00,1306.4633324330987,1316.538885125385,1306.4633324330987,1309.150146484375,19300,0.0,0.0
2005-10-17 00:00:00+09:00,1313.18017578125,1316.5386928548594,1309.8216587076406,1313.18017578125,18200,0.0,0.0
2005-10-18 00:00:00+09:00,1316.538885125385,1316.538885125385,1309.150146484375,1309.150146484375,21400,0.0,0.0
2005-10-19 00:00:00+09:00,1314.5239985491357,1314.5239985491357,1299.746518749401,1313.852294921875,18400,0.0,0.0
2005-10-20 00:00:00+09:00,1313.852363331459,1315.8674743181637,1303.7768083979354,1306.463623046875,11500,0.0,0.0
2005-10-21 00:00:00+09:00,1305.1200962790465,1311.1654286858975,1299.0747638721955,1309.822021484375,18600,0.0,0.0
2005-10-24 00:00:00+09:00,1310.4936704119189,1311.165373984657,1299.0747096753723,1302.4332275390625,16300,0.0,0.0
2005-10-25 00:00:00+09:00,1298.4031254670736,1306.4635690809405,1298.4031254670736,1299.0748291015625,18000,0.0,0.0
2005-10-26 00:00:00+09:00,1303.1049545043882,1305.1200652587763,1296.3879186564275,1301.08984375,15200,0.0,0.0
2005-10-27 00:00:00+09:00,1306.4630356266887,1308.4781457073468,1299.0742986642756,1305.11962890625,12000,0.0,0.0
2005-10-28 00:00:00+09:00,1306.463370367653,1307.8067774322983,1296.3878173828125,1296.3878173828125,23300,0.0,0.0
2005-10-31 00:00:00+09:00,1303.7765619336944,1306.463376074722,1299.7463407221528,1303.1048583984375,14400,0.0,0.0
2005-11-01 00:00:00+09:00,1303.1048148690033,1309.150146484375,1303.1048148690033,1309.150146484375,11600,0.0,0.0
2005-11-02 00:00:00+09:00,1309.8221155200017,1309.8221155200017,1303.1050790301556,1304.448486328125,26500,0.0,0.0
2005-11-03 00:00:00+09:00,1304.448486328125,1304.448486328125,1304.448486328125,1304.448486328125,0,0.0,0.0
2005-11-04 00:00:00+09:00,1306.463623046875,1313.180659669224,1306.463623046875,1306.463623046875,27100,0.0,0.0
2005-11-07 00:00:00+09:00,1316.5391352810746,1329.973208090065,1309.8220988765793,1315.867431640625,27200,0.0,0.0
2005-11-08 00:00:00+09:00,1313.180562984772,1315.8673774358917,1307.1352304697525,1308.4786376953125,15200,0.0,0.0
2005-11-09 00:00:00+09:00,1309.8221413580495,1313.180659669224,1304.4485120601703,1306.463623046875,32800,0.0,0.0
2005-11-10 00:00:00+09:00,1307.8069106820913,1311.8371322866585,1307.13520708133,1309.822021484375,22000,0.0,0.0
2005-11-11 00:00:00+09:00,1312.50896257673,1323.2562212262835,1311.1655552455359,1316.5391845703125,25700,0.0,0.0
2005-11-14 00:00:00+09:00,1317.2104955019242,1319.8973093632235,1310.4934608486762,1314.523681640625,24500,0.0,0.0
2005-11-15 00:00:00+09:00,1316.539031402478,1316.539031402478,1307.1351811781747,1307.806884765625,30800,0.0,0.0
2005-11-16 00:00:00+09:00,1308.4786659037898,1316.5391094309177,1305.791851394747,1313.852294921875,42400,0.0,0.0
2005-11-17 00:00:00+09:00,1313.180666242327,1323.2562212262835,1309.8221479143417,1316.5391845703125,27500,0.0,0.0
2005-11-18 00:00:00+09:00,1314.5237341252628,1321.2407690467,1313.1803271409754,1318.553955078125,21900,0.0,0.0
2005-11-21 00:00:00+09:00,1319.2259239399605,1325.9429602125672,1313.852294921875,1313.852294921875,21100,0.0,0.0
2005-11-22 00:00:00+09:00,1316.5391845703125,1317.8825919015069,1313.180666242327,1316.5391845703125,24500,0.0,0.0
2005-11-23 00:00:00+09:00,1316.5391845703125,1316.5391845703125,1316.5391845703125,1316.5391845703125,0,0.0,0.0
2005-11-24 00:00:00+09:00,1323.2562212262835,1325.271332223075,1316.5391845703125,1316.5391845703125,27800,0.0,0.0
2005-11-25 00:00:00+09:00,1317.2106727662126,1324.5994118791286,1317.2106727662126,1321.91259765625,31800,0.0,0.0
2005-11-28 00:00:00+09:00,1326.614376784581,1326.614376784581,1321.2407489292511,1323.255859375,29700,0.0,0.0
2005-11-29 00:00:00+09:00,1323.2564222341612,1330.6451636781082,1323.2564222341612,1325.9432373046875,29300,0.0,0.0
2005-11-30 00:00:00+09:00,1329.3014667643722,1335.3467993570348,1326.6146522787444,1331.98828125,21900,0.0,0.0
2005-12-01 00:00:00+09:00,1333.331672363281,1343.4072265625,1331.9882651367186,1343.4072265625,27600,0.0,0.0
2005-12-02 00:00:00+09:00,1350.1242651428072,1353.4827832153017,1337.3618964673278,1346.7657470703125,29300,0.0,0.0
2005-12-05 00:00:00+09:00,1350.1242651428072,1353.4827832153017,1343.407228997818,1346.7657470703125,21600,0.0,0.0
2005-12-06 00:00:00+09:00,1343.407228997818,1350.1242651428072,1338.7053036963257,1346.7657470703125,25200,0.0,0.0
2005-12-07 00:00:00+09:00,1350.1242651428072,1353.4827832153017,1343.407228997818,1346.7657470703125,27400,0.0,0.0
2005-12-08 00:00:00+09:00,1346.7655960870018,1350.1241137829793,1340.720264234242,1341.3919677734375,24100,0.0,0.0
2005-12-09 00:00:00+09:00,1341.3921181543212,1346.7657470703125,1340.0487109253236,1346.7657470703125,52700,0.0,0.0
2005-12-12 00:00:00+09:00,1346.765744628906,1353.4827807617187,1342.7355229492186,1343.4072265625,21400,0.0,0.0
2005-12-13 00:00:00+09:00,1343.4072265625,1346.765744628906,1338.7053012695312,1343.4072265625,15500,0.0,0.0
2005-12-14 00:00:00+09:00,1346.765744628906,1346.765744628906,1340.0487084960937,1343.4072265625,21900,0.0,0.0
2005-12-15 00:00:00+09:00,1343.4071981284512,1346.7657161237723,1338.0335693359375,1338.0335693359375,23000,0.0,0.0
2005-12-16 00:00:00+09:00,1346.7657494995724,1350.124267578125,1338.0336024953358,1350.124267578125,40100,0.0,0.0
2005-12-19 00:00:00+09:00,1350.124267578125,1356.8413037352302,1346.7657494995724,1350.124267578125,20000,0.0,0.0
2005-12-20 00:00:00+09:00,1350.1241509465888,1360.1997043118618,1350.1241509465888,1356.8411865234375,17500,0.0,0.0
2005-12-21 00:00:00+09:00,1363.5583567724252,1380.3509473730708,1360.199838652296,1373.6339111328125,20100,0.0,0.0
2005-12-22 00:00:00+09:00,1380.3508219999424,1380.3508219999424,1363.5582329245174,1370.2752685546875,15600,0.0,0.0
2005-12-23 00:00:00+09:00,1370.2752685546875,1370.2752685546875,1370.2752685546875,1370.2752685546875,0,0.0,0.0
2005-12-26 00:00:00+09:00,1370.275265855344,1376.992301472282,1363.558230238406,1366.916748046875,12100,0.0,0.0
2005-12-27 00:00:00+09:00,1363.5583398923352,1363.5583398923352,1350.124267578125,1350.124267578125,15200,0.0,0.0
2005-12-28 00:00:00+09:00,1353.4827953019167,1366.9168677118612,1353.4827953019167,1363.558349609375,13600,0.0,0.0
2005-12-29 00:00:00+09:00,1366.9167398887105,1370.2752576771347,1356.8411865234375,1356.8411865234375,13300,0.0,0.0
2005-12-30 00:00:00+09:00,1370.2753833912036,1370.2753833912036,1356.8413110050155,1360.1998291015625,11500,0.0,0.0
2006-01-02 00:00:00+09:00,1360.1998291015625,1360.1998291015625,1360.1998291015625,1360.1998291015625,0,0.0,0.0
2006-01-03 00:00:00+09:00,1360.1998291015625,1360.1998291015625,1360.1998291015625,1360.1998291015625,0,0.0,0.0
2006-01-04 00:00:00+09:00,1376.9926775632985,1410.5778648209398,1360.2000839344778,1380.3511962890625,23000,0.0,0.0
2006-01-05 00:00:00+09:00,1390.4262724727032,1407.2188603044992,1376.9922022072665,1393.7847900390625,16600,0.0,0.0
2006-01-06 00:00:00+09:00,1390.427001953125,1403.8610792666816,1383.7099632963466,1390.427001953125,11700,0.0,0.0
2006-01-09 00:00:00+09:00,1390.427001953125,1390.427001953125,1390.427001953125,1390.427001953125,0,0.0,0.0
2006-01-10 00:00:00+09:00,1403.8610792666816,1403.8610792666816,1387.0684826247357,1390.427001953125,17000,0.0,0.0
2006-01-11 00:00:00+09:00,1387.0677549063441,1397.1433076054216,1383.7092373399848,1393.7847900390625,11000,0.0,0.0
2006-01-12 00:00:00+09:00,1397.143319286993,1420.652942448072,1397.143319286993,1407.2188720703125,32800,0.0,0.0
2006-01-13 00:00:00+09:00,1410.5777628387884,1424.0118367705863,1403.8607258728894,1417.2947998046875,35600,0.0,0.0
2006-01-16 00:00:00+09:00,1440.8043167149992,1444.16283493578,1430.7287620526565,1434.0872802734375,23100,0.0,0.0
2006-01-17 00:00:00+09:00,1444.1627422497863,1504.6160663439634,1444.1627422497863,1474.389404296875,53800,0.0,0.0
2006-01-18 00:00:00+09:00,1444.1625944938066,1450.8796298170337,1296.3878173828125,1296.3878173828125,68500,0.0,0.0
2006-01-19 00:00:00+09:00,1350.1242311810136,1471.0308787494625,1350.1242311810136,1464.3138427734375,36100,0.0,0.0
2006-01-20 00:00:00+09:00,1464.3139535147186,1471.030989998731,1420.6532163686375,1447.5213623046875,28900,0.0,0.0
2006-01-23 00:00:00+09:00,1434.0872802734375,1440.8043167149992,1410.5776527279713,1434.0872802734375,21600,0.0,0.0
2006-01-24 00:00:00+09:00,1434.0871808813254,1477.7479147254876,1434.0871808813254,1464.3138427734375,37100,0.0,0.0
2006-01-25 00:00:00+09:00,1464.3142123287673,1477.748287671233,1464.3142123287673,1471.03125,21600,0.0,0.0
2006-01-26 00:00:00+09:00,1477.7479347022804,1504.6160789695948,1477.7479347022804,1491.1820068359375,20100,0.0,0.0
2006-01-27 00:00:00+09:00,1511.3330317478556,1544.918210231141,1511.3330317478556,1541.5596923828125,35900,0.0,0.0
2006-01-30 00:00:00+09:00,1548.2766314123432,1585.2203254373667,1538.2010784964277,1571.7862548828125,24100,0.0,0.0
2006-01-31 00:00:00+09:00,1591.9375025699012,1598.6545384457236,1578.5034308182564,1595.2960205078125,24200,0.0,0.0
2006-02-01 00:00:00+09:00,1605.3717086791992,1622.1642997741699,1595.2961540222166,1612.0887451171875,57900,0.0,0.0
2006-02-02 00:00:00+09:00,1595.2962828076575,1642.315541669357,1591.9377643175362,1625.52294921875,26100,0.0,0.0
2006-02-03 00:00:00+09:00,1625.522697464592,1625.522697464592,1598.6545537048469,1615.4471435546875,15100,0.0,0.0
2006-02-06 00:00:00+09:00,1618.8057126960905,1685.97607421875,1618.8057126960905,1685.97607421875,29300,0.0,0.0
2006-02-07 00:00:00+09:00,1685.9759359052105,1685.9759359052105,1635.5981688960908,1665.8248291015625,25200,0.0,0.0
2006-02-08 00:00:00+09:00,1665.8252870563674,1665.8252870563674,1551.6356504436326,1608.73046875,21000,0.0,0.0
2006-02-09 00:00:00+09:00,1612.088615369497,1635.598241010302,1548.2767743444542,1602.0130615234375,20000,0.0,0.0
2006-02-10 00:00:00+09:00,1595.2959861590232,1595.2959861590232,1477.7478608630952,1551.63525390625,22100,0.0,0.0
2006-02-13 00:00:00+09:00,1531.4842456539734,1531.4842456539734,1497.8990648282283,1521.40869140625,17700,0.0,0.0
2006-02-14 00:00:00+09:00,1474.3893354162412,1541.5596923828125,1467.672299719584,1541.5596923828125,19400,0.0,0.0
2006-02-15 00:00:00+09:00,1541.5601643517712,1578.5038719941883,1504.616456709354,1507.9749755859375,7600,0.0,0.0
2006-02-16 00:00:00+09:00,1507.974597003009,1511.3331150364234,1447.521272401552,1491.1820068359375,10900,0.0,0.0
2006-02-17 00:00:00+09:00,1467.6727311643838,1504.6164383561645,1450.8801369863015,1471.03125,18400,0.0,0.0
2006-02-20 00:00:00+09:00,1477.7480310876153,1528.1258048746931,1454.2384033203125,1454.2384033203125,15900,0.0,0.0
2006-02-21 00:00:00+09:00,1471.030888782848,1477.7479248046875,1417.2946006081322,1477.7479248046875,16000,0.0,0.0
2006-02-22 00:00:00+09:00,1477.7480310876153,1477.7480310876153,1444.162848562897,1454.2384033203125,6400,0.0,0.0
2006-02-23 00:00:00+09:00,1477.7479347022804,1507.974597003009,1430.7286822344806,1491.1820068359375,7800,0.0,0.0
2006-02-24 00:00:00+09:00,1494.54002829159,1497.8985452090992,1464.3133760340074,1484.4644775390625,5200,0.0,0.0
2006-02-27 00:00:00+09:00,1491.1815113740809,1518.0496467141543,1474.388926786535,1484.4644775390625,10200,0.0,0.0
2006-02-28 00:00:00+09:00,1504.6163291760088,1524.7674407274733,1474.3896618488122,1497.8992919921875,16500,0.0,0.0
2006-03-01 00:00:00+09:00,1501.257939453125,1528.1260904947917,1494.5409016927083,1511.33349609375,22800,0.0,0.0
2006-03-02 00:00:00+09:00,1538.201526743121,1544.918563977807,1514.6918964217195,1518.0504150390625,12700,0.0,0.0
2006-03-03 00:00:00+09:00,1531.4843728537087,1531.4843728537087,1514.6917810461023,1528.1258544921875,10000,0.0,0.0
2006-03-06 00:00:00+09:00,1541.560182256284,1544.918701171875,1518.0505498471468,1544.918701171875,17600,0.0,0.0
2006-03-07 00:00:00+09:00,1551.635621962743,1565.0696966117712,1521.40895400243,1554.994140625,15900,0.0,0.0
2006-03-08 00:00:00+09:00,1531.484609375,1531.484609375,1491.1823828125,1511.33349609375,8600,0.0,0.0
2006-03-09 00:00:00+09:00,1511.3330317478556,1541.5596923828125,1511.3330317478556,1541.5596923828125,6200,0.0,0.0
2006-03-10 00:00:00+09:00,1521.409068762738,1548.277220087466,1487.8238796068276,1544.918701171875,23200,0.0,0.0
2006-03-13 00:00:00+09:00,1554.993910539379,1575.14501953125,1544.9183560434433,1575.14501953125,6100,0.0,0.0
2006-03-14 00:00:00+09:00,1568.427725693275,1575.1447609210836,1534.8425495542328,1558.3521728515625,8900,0.0,0.0
2006-03-15 00:00:00+09:00,1561.7109279673944,1575.1450004660385,1541.559819219428,1548.27685546875,5900,0.0,0.0
2006-03-16 00:00:00+09:00,1548.276836066846,1548.276836066846,1507.974619075952,1521.40869140625,10100,0.0,0.0
2006-03-17 00:00:00+09:00,1521.4087010222922,1538.201291541302,1497.8990742956785,1534.8427734375,5700,0.0,0.0
2006-03-20 00:00:00+09:00,1514.6915495961841,1548.2767280794696,1511.3330317478556,1541.5596923828125,8900,0.0,0.0
2006-03-21 00:00:00+09:00,1541.5596923828125,1541.5596923828125,1541.5596923828125,1541.5596923828125,0,0.0,0.0
2006-03-22 00:00:00+09:00,1561.7109279673944,1561.7109279673944,1518.0501923468005,1548.27685546875,8100,0.0,0.0
2006-03-23 00:00:00+09:00,1558.3524193548387,1561.7109375,1548.276864919355,1561.7109375,13700,0.0,0.0
2006-03-24 00:00:00+09:00,1565.0692080793708,1571.7862433071793,1554.9936552376582,1558.3521728515625,16000,0.0,0.0
2006-03-27 00:00:00+09:00,1578.5034358826324,1612.088615369497,1561.7108461392002,1602.0130615234375,14200,0.0,0.0
2006-03-28 00:00:00+09:00,1609.7913897361038,1619.9371337890625,1582.7360722615474,1619.9371337890625,12000,16.5,0.0
2006-03-29 00:00:00+09:00,1603.0276310649672,1609.7914607319078,1575.972312397204,1606.4095458984375,12200,0.0,0.0
2006-03-30 00:00:00+09:00,1609.7914173753954,1613.1733321177808,1586.1180141786986,1603.027587890625,9200,0.0,0.0
2006-03-31 00:00:00+09:00,1599.645701198944,1606.4095308023223,1586.1180419921875,1586.1180419921875,7600,0.0,0.0
2006-04-03 00:00:00+09:00,1572.590558989709,1613.1735411571854,1562.44481344784,1609.7916259765625,11300,0.0,0.0
2006-04-04 00:00:00+09:00,1606.4093277302193,1613.173156478557,1569.2082696143616,1589.499755859375,9700,0.0,0.0
2006-04-05 00:00:00+09:00,1579.3540300641741,1586.1178588867188,1562.4444580078125,1562.4444580078125,7900,0.0,0.0
2006-04-06 00:00:00+09:00,1562.4451060419497,1565.8270218558932,1538.7716953443444,1555.6812744140625,8300,0.0,0.0
2006-04-07 00:00:00+09:00,1538.7712476971888,1555.6808218477074,1538.7712476971888,1548.9169921875,10000,0.0,0.0
2006-04-10 00:00:00+09:00,1555.6812744140625,1562.4451060419497,1542.153611158288,1555.6812744140625,12000,0.0,0.0
2006-04-11 00:00:00+09:00,1569.2083133889496,1569.2083133889496,1538.7710831723537,1545.534912109375,5700,0.0,0.0
2006-04-12 00:00:00+09:00,1545.5356793699011,1552.2995116647367,1528.6260986328125,1528.6260986328125,7900,0.0,0.0
2006-04-13 00:00:00+09:00,1525.2435223715645,1538.7711811065674,1498.188204901559,1515.0977783203125,7700,0.0,0.0
2006-04-14 00:00:00+09:00,1542.153095790318,1542.153095790318,1508.3339489528112,1515.0977783203125,4100,0.0,0.0
2006-04-17 00:00:00+09:00,1515.0980591367713,1521.8618897579177,1504.952313205052,1508.334228515625,6800,0.0,0.0
2006-04-18 00:00:00+09:00,1508.334155815972,1525.2437315538193,1501.5703255208332,1521.86181640625,6900,0.0,0.0
2006-04-19 00:00:00+09:00,1538.7711534647487,1575.9722143177428,1528.6254095957504,1532.00732421875,15500,0.0,0.0
2006-04-20 00:00:00+09:00,1548.9171506647479,1548.9171506647479,1521.8618292557567,1542.1533203125,9800,0.0,0.0
2006-04-21 00:00:00+09:00,1545.5350221813235,1603.027572240585,1542.153107471955,1582.736083984375,31100,0.0,0.0
2006-04-24 00:00:00+09:00,1586.118516739555,1586.118516739555,1532.0078637164572,1555.6812744140625,11300,0.0,0.0
2006-04-25 00:00:00+09:00,1582.7359444754466,1582.7359444754466,1545.5348859514509,1562.4444580078125,6700,0.0,0.0
2006-04-26 00:00:00+09:00,1582.7359712629923,1582.7359712629923,1515.0976818927788,1545.534912109375,12600,0.0,0.0
2006-04-27 00:00:00+09:00,1532.0072542353323,1565.826398920439,1532.0072542353323,1545.534912109375,6600,0.0,0.0
2006-04-28 00:00:00+09:00,1528.6256659347766,1562.4448178359887,1521.8618355545343,1552.299072265625,10300,0.0,0.0
2006-05-01 00:00:00+09:00,1548.9171570755038,1562.4448178359887,1542.1533266952615,1552.299072265625,7200,0.0,0.0
2006-05-02 00:00:00+09:00,1555.680843900562,1589.499992681009,1552.2989290225173,1579.354248046875,17600,0.0,0.0
2006-05-03 00:00:00+09:00,1579.354248046875,1579.354248046875,1579.354248046875,1579.354248046875,0,0.0,0.0
2006-05-04 00:00:00+09:00,1579.354248046875,1579.354248046875,1579.354248046875,1579.354248046875,0,0.0,0.0
2006-05-05 00:00:00+09:00,1579.354248046875,1579.354248046875,1579.354248046875,1579.354248046875,0,0.0,0.0
2006-05-08 00:00:00+09:00,1589.4998427568858,1599.6455864340573,1582.7360136387713,1596.263671875,10200,0.0,0.0
2006-05-09 00:00:00+09:00,1599.645701198944,1599.645701198944,1562.4446383803638,1586.1180419921875,6200,0.0,0.0
2006-05-10 00:00:00+09:00,1586.1183976570937,1589.50031321713,1555.6811576167656,1565.826904296875,11600,0.0,0.0
2006-05-11 00:00:00+09:00,1579.3543937865945,1579.3543937865945,1552.299072265625,1552.299072265625,8500,0.0,0.0
2006-05-12 00:00:00+09:00,1528.6255673156875,1545.5351421753742,1494.8064175963138,1525.24365234375,12000,0.0,0.0
2006-05-15 00:00:00+09:00,1498.1884103732639,1538.771392144097,1498.1884103732639,1521.86181640625,8500,0.0,0.0
2006-05-16 00:00:00+09:00,1575.9721845206568,1606.4094155521718,1555.6806971663136,1596.263671875,30700,0.0,0.0
2006-05-17 00:00:00+09:00,1609.791330111229,1609.791330111229,1565.8264408434852,1596.263671875,21600,0.0,0.0
2006-05-18 00:00:00+09:00,1575.9722545656384,1596.2637428218484,1565.8265104375334,1582.736083984375,8500,0.0,0.0
2006-05-19 00:00:00+09:00,1562.4446383803638,1589.4999567938767,1548.9169791736074,1586.1180419921875,7800,0.0,0.0
2006-05-22 00:00:00+09:00,1589.4998427568858,1596.263671875,1582.7360136387713,1596.263671875,6300,0.0,0.0
2006-05-23 00:00:00+09:00,1589.5001648337977,1592.882080078125,1565.8267581235073,1592.882080078125,19200,0.0,0.0
2006-05-24 00:00:00+09:00,1569.2083554025426,1603.0275009931145,1565.8264408434852,1596.263671875,13300,0.0,0.0
2006-05-25 00:00:00+09:00,1619.9373715184315,1619.9373715184315,1596.2639652540702,1609.7916259765625,16300,0.0,0.0
2006-05-26 00:00:00+09:00,1609.7914681534387,1623.319127549686,1609.7914681534387,1616.5552978515625,9900,0.0,0.0
2006-05-29 00:00:00+09:00,1619.93741452519,1619.93741452519,1599.6459229027448,1613.173583984375,4900,0.0,0.0
2006-05-30 00:00:00+09:00,1623.3188996010638,1623.3188996010638,1579.3540127368683,1589.499755859375,3200,0.0,0.0
2006-05-31 00:00:00+09:00,1562.4449116474873,1562.4449116474873,1488.042772997607,1501.5704345703125,18900,0.0,0.0
2006-06-01 00:00:00+09:00,1521.8619269293708,1532.0076731089,1494.8066037839599,1501.5704345703125,7900,0.0,0.0
2006-06-02 00:00:00+09:00,1494.8064325506036,1504.9521775679154,1400.1128123890269,1488.0426025390625,16800,0.0,0.0
2006-06-05 00:00:00+09:00,1488.042603981974,1488.042603981974,1420.4043038009752,1430.550048828125,9900,0.0,0.0
2006-06-06 00:00:00+09:00,1359.5299499360267,1386.5852723228134,1359.5299499360267,1362.911865234375,14300,0.0,0.0
2006-06-07 00:00:00+09:00,1335.8564264521144,1359.5298314778481,1318.9468514337332,1343.9730224609375,12500,0.0,0.0
2006-06-08 00:00:00+09:00,1344.649289213456,1344.649289213456,1272.9526973338654,1277.6873779296875,18100,0.0,0.0
2006-06-09 00:00:00+09:00,1237.104726345892,1268.218349862519,1191.110674190878,1265.5128173828125,32900,0.0,0.0
2006-06-12 00:00:00+09:00,1266.1890163238818,1302.03731646553,1250.6322068284494,1270.247314453125,14600,0.0,0.0
2006-06-13 00:00:00+09:00,1270.2476216848272,1310.8306127929686,1270.2476216848272,1285.1280517578125,6200,0.0,0.0
2006-06-14 00:00:00+09:00,1271.599818638393,1291.8913051060267,1250.6319492885045,1278.3636474609375,17200,0.0,0.0
2006-06-15 00:00:00+09:00,1285.1277010923638,1295.9498291015625,1285.1277010923638,1295.9498291015625,6000,0.0,0.0
2006-06-16 00:00:00+09:00,1305.4191508719591,1333.1508530407418,1305.4191508719591,1331.1217041015625,7600,0.0,0.0
2006-06-19 00:00:00+09:00,1373.0573953206629,1373.0573953206629,1323.681439725388,1327.0633544921875,9800,0.0,0.0
2006-06-20 00:00:00+09:00,1327.7396242113343,1339.2381334378206,1312.182817610794,1318.270263671875,8000,0.0,0.0
2006-06-21 00:00:00+09:00,1286.480064677682,1287.8328302556818,1251.9845424386906,1264.8358154296875,24700,0.0,0.0
2006-06-22 00:00:00+09:00,1266.1891604139182,1305.4193801275972,1265.5127773154065,1281.7459716796875,21100,0.0,0.0
2006-06-23 00:00:00+09:00,1281.74556187221,1281.74556187221,1252.661097935268,1259.4249267578125,23800,0.0,0.0
2006-06-26 00:00:00+09:00,1263.4834070588383,1277.0110666633227,1260.1014921577173,1264.1597900390625,10500,0.0,0.0
2006-06-27 00:00:00+09:00,1266.8654164415723,1274.982012809591,1260.7779691655585,1271.60009765625,5800,0.0,0.0
2006-06-28 00:00:00+09:00,1271.6002654621525,1275.6585641817126,1264.8364342628859,1265.5128173828125,8400,0.0,0.0
2006-06-29 00:00:00+09:00,1266.1889490587957,1276.3346938429208,1255.3668212890625,1255.3668212890625,18200,0.0,0.0
2006-06-30 00:00:00+09:00,1258.7488030869358,1272.952846539287,1258.0724200653954,1270.247314453125,8600,0.0,0.0
2006-07-03 00:00:00+09:00,1283.0989022024053,1301.361248201069,1283.0989022024053,1285.1280517578125,8500,0.0,0.0
2006-07-04 00:00:00+09:00,1286.48025945001,1316.2411066717768,1286.48025945001,1289.185791015625,6100,0.0,0.0
2006-07-05 00:00:00+09:00,1289.186016190164,1300.0081443428621,1285.804101142446,1297.3026123046875,5700,0.0,0.0
2006-07-06 00:00:00+09:00,1299.331613023723,1306.0954423471157,1291.8914007679912,1295.2733154296875,15200,0.0,0.0
2006-07-07 00:00:00+09:00,1314.2121701170856,1314.2121701170856,1292.5679140986879,1295.9498291015625,6800,0.0,0.0
2006-07-10 00:00:00+09:00,1311.5069364772007,1311.5069364772007,1289.1862923803735,1300.0084228515625,15900,0.0,0.0
2006-07-11 00:00:00+09:00,1300.6845531552983,1300.6845531552983,1289.18604176495,1299.331787109375,10800,0.0,0.0
2006-07-12 00:00:00+09:00,1297.3025445736914,1297.3025445736914,1279.0402042694736,1282.422119140625,8200,0.0,0.0
2006-07-13 00:00:00+09:00,1281.7459317921068,1289.862528721661,1268.8946533203125,1268.8946533203125,10900,0.0,0.0
2006-07-14 00:00:00+09:00,1268.2182411309695,1272.2765395025885,1218.8422776096038,1247.2503662109375,11000,0.0,0.0
2006-07-17 00:00:00+09:00,1247.2503662109375,1247.2503662109375,1247.2503662109375,1247.2503662109375,0,0.0,0.0
2006-07-18 00:00:00+09:00,1247.926580255682,1247.926580255682,1183.670198074495,1205.314453125,20700,0.0,0.0
2006-07-19 00:00:00+09:00,1218.1657903851444,1224.2532374220498,1199.9034492744288,1210.0491943359375,10200,0.0,0.0
2006-07-20 00:00:00+09:00,1244.5446258178843,1255.3667529989093,1218.8420737629497,1240.486328125,7300,0.0,0.0
2006-07-21 00:00:00+09:00,1260.101745304803,1260.101745304803,1235.751953125,1235.751953125,8500,0.0,0.0
2006-07-24 00:00:00+09:00,1217.4894332885742,1235.7517747879028,1191.1104955673218,1212.078369140625,13000,0.0,0.0
2006-07-25 00:00:00+09:00,1213.4309683303202,1231.0169243930784,1213.4309683303202,1227.635009765625,4300,0.0,0.0
2006-07-26 00:00:00+09:00,1231.6932824086336,1231.6932824086336,1190.4339247881358,1197.19775390625,11400,0.0,0.0
2006-07-27 00:00:00+09:00,1208.0203857421875,1212.0786849104143,1193.8163386533936,1208.0203857421875,5400,0.0,0.0
2006-07-28 00:00:00+09:00,1208.0197661543618,1212.0780632411067,1197.1976405897092,1197.8740234375,5800,0.0,0.0
2006-07-31 00:00:00+09:00,1197.8744092879476,1200.579941550597,1184.3467479747014,1189.7578125,23700,0.0,0.0
2006-08-01 00:00:00+09:00,1191.1104132240148,1199.9033918565601,1184.3465835066722,1186.375732421875,10300,0.0,0.0
2006-08-02 00:00:00+09:00,1189.758018756735,1199.903766500539,1187.052486025054,1196.5218505859375,6300,0.0,0.0
2006-08-03 00:00:00+09:00,1192.4632846361972,1195.8451997939856,1184.3466882575049,1185.0230712890625,9900,0.0,0.0
2006-08-04 00:00:00+09:00,1183.670148696725,1201.93248813376,1168.7897239702518,1182.3173828125,19900,0.0,0.0
2006-08-07 00:00:00+09:00,1184.3468766501708,1189.757941763364,1170.8192138671875,1170.8192138671875,11700,0.0,0.0
2006-08-08 00:00:00+09:00,1170.819046757139,1185.6994736945492,1170.819046757139,1176.906494140625,8600,0.0,0.0
2006-08-09 00:00:00+09:00,1189.7576038846976,1189.7576038846976,1170.8188813669194,1182.9937744140625,10000,0.0,0.0
2006-08-10 00:00:00+09:00,1189.7577589603893,1205.3145687705592,1184.3466946785911,1195.1688232421875,17600,0.0,0.0
2006-08-11 00:00:00+09:00,1195.1684920463367,1209.3725318499435,1194.4921091985461,1197.8740234375,10100,0.0,0.0
2006-08-14 00:00:00+09:00,1205.3146688075153,1214.1076489952245,1205.3146688075153,1212.7548828125,9600,0.0,0.0
2006-08-15 00:00:00+09:00,1213.4311351776123,1216.136667251587,1207.3436880111694,1212.078369140625,9100,0.0,0.0
2006-08-16 00:00:00+09:00,1224.2533239223615,1224.2533239223615,1212.0784289883268,1216.8131103515625,10400,0.0,0.0
2006-08-17 00:00:00+09:00,1231.0171197662778,1231.0171197662778,1214.1075439453125,1214.1075439453125,9900,0.0,0.0
2006-08-18 00:00:00+09:00,1217.4896662915514,1227.6354135106476,1215.4605168477322,1220.87158203125,9800,0.0,0.0
2006-08-21 00:00:00+09:00,1256.7196164258773,1256.7196164258773,1238.457275390625,1238.457275390625,19700,0.0,0.0
2006-08-22 00:00:00+09:00,1254.0137757476707,1254.0137757476707,1239.8097362165481,1243.191650390625,9100,0.0,0.0
2006-08-23 00:00:00+09:00,1250.6320540902414,1251.9848199681107,1244.5446076398293,1248.6029052734375,10300,0.0,0.0
2006-08-24 00:00:00+09:00,1251.984846983034,1251.984846983034,1238.4571879124446,1241.1627197265625,11600,0.0,0.0
2006-08-25 00:00:00+09:00,1238.4574400126805,1248.6031863808892,1238.4574400126805,1241.83935546875,8300,0.0,0.0
2006-08-28 00:00:00+09:00,1249.279254547422,1258.0722325166241,1226.9586181640625,1226.9586181640625,15700,0.0,0.0
2006-08-29 00:00:00+09:00,1226.2825417025153,1226.9589247922574,1217.4895615358673,1222.2242431640625,9800,0.0,0.0
2006-08-30 00:00:00+09:00,1231.693388967803,1243.1918994633838,1203.9616871843434,1205.314453125,24400,0.0,0.0
2006-08-31 00:00:00+09:00,1205.9906442800093,1224.25298157421,1205.9906442800093,1209.37255859375,13100,0.0,0.0
2006-09-01 00:00:00+09:00,1210.0491339172981,1217.4893465909092,1201.9325382733587,1205.314453125,25400,0.0,0.0
2006-09-04 00:00:00+09:00,1211.4023101413857,1216.136992537248,1208.69677734375,1208.69677734375,24900,0.0,0.0
2006-09-05 00:00:00+09:00,1216.8126738019525,1217.489056611181,1210.048845709668,1211.401611328125,12600,0.0,0.0
2006-09-06 00:00:00+09:00,1212.078369140625,1218.1658163070679,1211.4019861221313,1212.078369140625,20600,0.0,0.0
2006-09-07 00:00:00+09:00,1219.5189000521634,1219.5189000521634,1206.6676193527785,1208.0203857421875,25100,0.0,0.0
2006-09-08 00:00:00+09:00,1199.226824108715,1208.0198013864438,1199.226824108715,1200.57958984375,41500,0.0,0.0
2006-09-11 00:00:00+09:00,1208.6962896821462,1208.6962896821462,1197.8741628579078,1199.2269287109375,23500,0.0,0.0
2006-09-12 00:00:00+09:00,1200.5796864306697,1203.9616010403336,1189.0811767578125,1189.0811767578125,23500,0.0,0.0
2006-09-13 00:00:00+09:00,1203.9618333363233,1203.9618333363233,1177.5828942913138,1178.25927734375,18200,0.0,0.0
2006-09-14 00:00:00+09:00,1178.259041401359,1188.40478515625,1178.259041401359,1188.40478515625,9600,0.0,0.0
2006-09-15 00:00:00+09:00,1191.110159300017,1201.2559017131346,1182.3171825419815,1185.6990966796875,9100,0.0,0.0
2006-09-18 00:00:00+09:00,1185.6990966796875,1185.6990966796875,1185.6990966796875,1185.6990966796875,0,0.0,0.0
2006-09-19 00:00:00+09:00,1200.5798961242401,1200.5798961242401,1188.4050014029801,1195.84521484375,8100,0.0,0.0
2006-09-20 00:00:00+09:00,1203.9618655118077,1203.9618655118077,1187.7286718195135,1190.4342041015625,8900,0.0,0.0
2006-09-21 00:00:00+09:00,1190.4342041015625,1196.5216517361728,1180.2884580438788,1190.4342041015625,12900,0.0,0.0
2006-09-22 00:00:00+09:00,1183.6702536881176,1183.6702536881176,1176.9064236670424,1180.9647216796875,27500,0.0,0.0
2006-09-25 00:00:00+09:00,1190.4340107092696,1203.961669921875,1153.909330835235,1203.961669921875,72300,0.0,0.0
2006-09-26 00:00:00+09:00,1181.7737677468795,1209.7649430661295,1179.7256329674221,1204.9859619140625,36300,16.5,0.0
2006-09-27 00:00:00+09:00,1209.7645953042165,1228.8805144173757,1198.1585015569415,1223.4188232421875,32500,0.0,0.0
2006-09-28 00:00:00+09:00,1223.4190118715085,1224.1017233736688,1208.3993588239787,1222.0535888671875,11300,0.0,0.0
2006-09-29 00:00:00+09:00,1223.4193073471677,1224.102019014214,1211.8132090073786,1217.27490234375,8000,0.0,0.0
2006-10-02 00:00:00+09:00,1215.2264185826516,1220.6881103515625,1203.6203235737162,1220.6881103515625,9100,0.0,0.0
2006-10-03 00:00:00+09:00,1220.6882549157303,1220.6882549157303,1203.6204661165732,1215.2265625,5400,0.0,0.0
2006-10-04 00:00:00+09:00,1222.0537185886305,1224.7845648871528,1198.1588134765625,1198.1588134765625,13000,0.0,0.0
2006-10-05 00:00:00+09:00,1215.2264235805458,1215.2264235805458,1194.745079362896,1211.8128662109375,10100,0.0,0.0
2006-10-06 00:00:00+09:00,1212.4955535239362,1212.4955535239362,1181.0908263493297,1187.2352294921875,11800,0.0,0.0
2006-10-09 00:00:00+09:00,1187.2352294921875,1187.2352294921875,1187.2352294921875,1187.2352294921875,0,0.0,0.0
2006-10-10 00:00:00+09:00,1187.235559436887,1196.7935225375863,1174.2640380859375,1174.2640380859375,7900,0.0,0.0
2006-10-11 00:00:00+09:00,1173.5809369819526,1181.0907626403593,1161.2921313591048,1164.7056884765625,5200,0.0,0.0
2006-10-12 00:00:00+09:00,1180.4080403645833,1192.0141344572369,1167.4365234375,1167.4365234375,8000,0.0,0.0
2006-10-13 00:00:00+09:00,1187.9179578308665,1191.3315151809552,1184.5044004807778,1190.6488037109375,9900,0.0,0.0
2006-10-16 00:00:00+09:00,1191.331532767504,1211.1301656902879,1190.648821287408,1209.08203125,8000,0.0,0.0
2006-10-17 00:00:00+09:00,1209.7647530891834,1209.7647530891834,1186.5525625671562,1191.33154296875,5600,0.0,0.0
2006-10-18 00:00:00+09:00,1191.3315151809552,1191.3315151809552,1167.4366137303343,1190.6488037109375,8300,0.0,0.0
2006-10-19 00:00:00+09:00,1209.764926702326,1209.764926702326,1192.6971371043812,1201.5723876953125,3600,0.0,0.0
2006-10-20 00:00:00+09:00,1208.3993863223839,1209.7648093577764,1202.9376941808137,1207.7166748046875,6000,0.0,0.0
2006-10-23 00:00:00+09:00,1213.8609897041,1217.9572585107503,1211.1301438329995,1214.543701171875,8900,0.0,0.0
2006-10-24 00:00:00+09:00,1218.6401937771113,1218.6401937771113,1204.9859619140625,1204.9859619140625,5700,0.0,0.0
2006-10-25 00:00:00+09:00,1217.2747094253314,1217.2747094253314,1194.7452279833594,1197.47607421875,10100,0.0,0.0
2006-10-26 00:00:00+09:00,1202.9376220703125,1214.5437171754177,1196.1105073026038,1202.9376220703125,6100,0.0,0.0
2006-10-27 00:00:00+09:00,1211.8125462078042,1217.27423655691,1174.2634250577032,1183.138671875,21300,0.0,0.0
2006-10-30 00:00:00+09:00,1176.3119619758122,1176.3119619758122,1160.6095968420666,1166.0712890625,19800,0.0,0.0
2006-10-31 00:00:00+09:00,1176.994335246536,1176.994335246536,1157.87841796875,1157.87841796875,19200,0.0,0.0
2006-11-01 00:00:00+09:00,1157.8786126504697,1162.6575927734375,1148.3206524045343,1162.6575927734375,9500,0.0,0.0
2006-11-02 00:00:00+09:00,1160.6094476557923,1170.8501192527551,1149.6860646190319,1165.388427734375,9300,0.0,0.0
2006-11-03 00:00:00+09:00,1165.388427734375,1165.388427734375,1165.388427734375,1165.388427734375,0,0.0,0.0
2006-11-06 00:00:00+09:00,1160.6097688400205,1163.340615354938,1143.541978121785,1161.29248046875,12100,0.0,0.0
2006-11-07 00:00:00+09:00,1160.609439676872,1160.609439676872,1142.8589423641668,1144.224365234375,5200,0.0,0.0
2006-11-08 00:00:00+09:00,1126.4739934443555,1127.8394164667125,1118.2814553102148,1120.32958984375,12900,0.0,0.0
2006-11-09 00:00:00+09:00,1119.6468059114902,1123.0603632465863,1112.8196912412982,1115.550537109375,12300,0.0,0.0
2006-11-10 00:00:00+09:00,1109.406302814411,1109.406302814411,1070.491743269536,1074.5880126953125,24700,0.0,0.0
2006-11-13 00:00:00+09:00,1073.2224026370855,1090.972900390625,1060.2508850479603,1090.972900390625,15700,0.0,0.0
2006-11-14 00:00:00+09:00,1094.3864637468644,1105.9925584965192,1080.0495231737614,1097.1173095703125,10900,0.0,0.0
2006-11-15 00:00:00+09:00,1104.627068746601,1104.627068746601,1088.9247062118843,1098.482666015625,10300,0.0,0.0
2006-11-16 00:00:00+09:00,1099.8481212178842,1125.1084442998592,1090.2901611328125,1090.2901611328125,18500,0.0,0.0
2006-11-17 00:00:00+09:00,1089.6074651404274,1097.1172910279865,1078.68408203125,1078.68408203125,14600,0.0,0.0
2006-11-20 00:00:00+09:00,1095.0690910077974,1095.0690910077974,1056.154541015625,1056.154541015625,12400,0.0,0.0
2006-11-21 00:00:00+09:00,1051.37548828125,1068.4432721819196,1051.37548828125,1051.37548828125,4700,0.0,0.0
2006-11-22 00:00:00+09:00,1051.3759142287233,1072.539974839821,1051.3759142287233,1058.8857421875,9900,0.0,0.0
2006-11-23 00:00:00+09:00,1058.8857421875,1058.8857421875,1058.8857421875,1058.8857421875,0,0.0,0.0
2006-11-24 00:00:00+09:00,1065.7125957928222,1065.7125957928222,1051.375655042246,1055.471923828125,9700,0.0,0.0
2006-11-27 00:00:00+09:00,1056.1544505902916,1088.924595146422,1056.1544505902916,1071.8568115234375,8800,0.0,0.0
2006-11-28 00:00:00+09:00,1070.4917217548077,1075.2707026554988,1059.5683368389423,1065.030029296875,16100,0.0,0.0
2006-11-29 00:00:00+09:00,1085.5112971904114,1099.16552734375,1080.049605129076,1099.16552734375,14300,0.0,0.0
2006-11-30 00:00:00+09:00,1115.550776592548,1133.301278545673,1102.579255934495,1109.4063720703125,10000,0.0,0.0
2006-12-01 00:00:00+09:00,1126.4740485114019,1146.2726833034205,1115.550663798564,1136.7147216796875,11200,0.0,0.0
2006-12-04 00:00:00+09:00,1146.9552172199556,1150.3687744140625,1141.4935257093844,1150.3687744140625,5700,0.0,0.0
2006-12-05 00:00:00+09:00,1151.7341910205193,1151.7341910205193,1133.3009822727101,1144.224365234375,6400,0.0,0.0
2006-12-06 00:00:00+09:00,1142.8589291408528,1171.5328090834548,1133.3009691599855,1170.85009765625,13000,0.0,0.0
2006-12-07 00:00:00+09:00,1173.581038584907,1187.2352682368546,1153.7824055895828,1185.1871337890625,10500,0.0,0.0
2006-12-08 00:00:00+09:00,1185.8699951171875,1200.8896496322009,1185.1872835483234,1185.8699951171875,22200,0.0,0.0
2006-12-11 00:00:00+09:00,1194.7450183686756,1208.399247150032,1189.283326856133,1204.302978515625,9500,0.0,0.0
2006-12-12 00:00:00+09:00,1204.3030171954856,1209.764708883447,1197.4759025855337,1202.2548828125,3400,0.0,0.0
2006-12-13 00:00:00+09:00,1202.9375556374894,1204.9856899546928,1197.4758641249468,1204.302978515625,6500,0.0,0.0
2006-12-14 00:00:00+09:00,1204.985522377613,1206.3509450658596,1200.20654296875,1200.20654296875,5900,0.0,0.0
2006-12-15 00:00:00+09:00,1179.7252026450512,1200.8892543128732,1172.2153778596949,1200.20654296875,6600,0.0,0.0
2006-12-18 00:00:00+09:00,1200.8894456651476,1228.880615234375,1198.8413113064234,1228.880615234375,24300,0.0,0.0
2006-12-19 00:00:00+09:00,1226.8322568403842,1228.1976794968564,1197.4756697262292,1199.5238037109375,6300,0.0,0.0
2006-12-20 00:00:00+09:00,1195.4281289982648,1220.688460678982,1194.7454173312183,1217.27490234375,7800,0.0,0.0
2006-12-21 00:00:00+09:00,1214.543701171875,1228.8806419951518,1207.033875026349,1214.543701171875,11900,0.0,0.0
2006-12-22 00:00:00+09:00,1201.572204968944,1218.6399919713438,1201.572204968944,1209.08203125,5600,0.0,0.0
2006-12-25 00:00:00+09:00,1202.254955032832,1220.6881655869981,1201.5722435308257,1207.033935546875,4100,0.0,0.0
2006-12-26 00:00:00+09:00,1206.351251769295,1215.2265014993463,1202.2549826631175,1207.7166748046875,6800,0.0,0.0
2006-12-27 00:00:00+09:00,1201.5722876444474,1221.370921929498,1201.5722876444474,1211.1302490234375,5600,0.0,0.0
2006-12-28 00:00:00+09:00,1221.3707275390625,1221.3707275390625,1204.9856534971746,1221.3707275390625,4900,0.0,0.0
2006-12-29 00:00:00+09:00,1221.3709664676967,1225.4672357794946,1215.2265625,1215.2265625,8800,0.0,0.0
2007-01-04 00:00:00+09:00,1228.1980803640265,1247.9967153448806,1225.4672341597707,1245.265869140625,9300,0.0,0.0
2007-01-05 00:00:00+09:00,1252.0927086405989,1252.0927086405989,1229.563232421875,1229.563232421875,11100,0.0,0.0
2007-01-09 00:00:00+09:00,1235.7075993515969,1248.6791155878843,1232.2940424473106,1246.6309814453125,11400,0.0,0.0
2007-01-10 00:00:00+09:00,1245.9489280742837,1245.9489280742837,1233.6601167288934,1235.708251953125,22800,0.0,0.0
2007-01-11 00:00:00+09:00,1236.3909636945357,1242.5353693672307,1233.6601167288934,1235.708251953125,17200,0.0,0.0
2007-01-12 00:00:00+09:00,1235.7079022199985,1247.3139985391917,1235.7079022199985,1239.1214599609375,9400,0.0,0.0
2007-01-15 00:00:00+09:00,1249.3621662296662,1250.7275893621575,1235.7079349047517,1245.9486083984375,12000,0.0,0.0
2007-01-16 00:00:00+09:00,1245.9484475968443,1254.1409853344674,1243.2176016843032,1247.99658203125,15200,0.0,0.0
2007-01-17 00:00:00+09:00,1248.6795215700854,1255.5066375983527,1236.3907127192042,1244.583251953125,9600,0.0,0.0
2007-01-18 00:00:00+09:00,1245.2655865147783,1255.5062574565118,1242.534740930316,1247.313720703125,7300,0.0,0.0
2007-01-19 00:00:00+09:00,1254.141258444142,1254.823970070949,1245.2660072956535,1248.6795654296875,8200,0.0,0.0
2007-01-22 00:00:00+09:00,1250.0445876748042,1250.7272990826004,1239.1212051500654,1241.85205078125,9700,0.0,0.0
2007-01-23 00:00:00+09:00,1247.3140150803786,1247.9967266376202,1239.1214763934795,1242.5350341796875,5300,0.0,0.0
2007-01-24 00:00:00+09:00,1242.534856512995,1249.3619711092203,1239.804010674505,1241.16943359375,7600,0.0,0.0
2007-01-25 00:00:00+09:00,1235.7079186072715,1249.3621497521033,1235.7079186072715,1242.5350341796875,15700,0.0,0.0
2007-01-26 00:00:00+09:00,1243.217745736929,1250.044861309345,1240.4868995079626,1242.5350341796875,12400,0.0,0.0
2007-01-29 00:00:00+09:00,1242.5350505672088,1256.1892818921233,1242.5350505672088,1245.9486083984375,12700,0.0,0.0
2007-01-30 00:00:00+09:00,1250.7273783421322,1257.5544928527333,1250.7273783421322,1252.7755126953125,10700,0.0,0.0
2007-01-31 00:00:00+09:00,1254.8235675293774,1254.8235675293774,1241.85205078125,1241.85205078125,11400,0.0,0.0
2007-02-01 00:00:00+09:00,1243.2175523804708,1252.7755126953125,1242.5348409294106,1252.7755126953125,8400,0.0,0.0
2007-02-02 00:00:00+09:00,1252.7755514086593,1256.8718202416032,1249.3619940478727,1250.7274169921875,7900,0.0,0.0
2007-02-05 00:00:00+09:00,1250.7275728665866,1250.7275728665866,1242.5350341796875,1242.5350341796875,9200,0.0,0.0
2007-02-06 00:00:00+09:00,1242.5350505672088,1256.1892818921233,1241.8523390009632,1245.9486083984375,5900,0.0,0.0
2007-02-07 00:00:00+09:00,1252.775640393455,1255.5064864760566,1243.900390625,1243.900390625,13300,0.0,0.0
2007-02-08 00:00:00+09:00,1252.7757075383113,1259.602823110727,1242.5350341796875,1242.5350341796875,12700,0.0,0.0
2007-02-09 00:00:00+09:00,1232.2940699885828,1258.237103040974,1232.2940699885828,1247.313720703125,24200,0.0,0.0
2007-02-13 00:00:00+09:00,1249.3618786017703,1265.0642410104265,1245.9483215564103,1256.8717041015625,18100,0.0,0.0
2007-02-14 00:00:00+09:00,1258.919827659214,1268.4777873052167,1252.092713626355,1259.6025390625,11300,0.0,0.0
2007-02-15 00:00:00+09:00,1259.6027333072143,1268.4779829185932,1258.9200217986468,1264.3817138671875,15200,0.0,0.0
2007-02-16 00:00:00+09:00,1269.1606833359292,1276.670509864544,1265.064414320321,1267.112548828125,11200,0.0,0.0
2007-02-19 00:00:00+09:00,1283.4976584224378,1290.3247736268124,1277.3532547385005,1288.9593505859375,12300,0.0,0.0
2007-02-20 00:00:00+09:00,1288.2767724687128,1290.3249072421129,1283.497791330779,1286.2286376953125,10400,0.0,0.0
2007-02-21 00:00:00+09:00,1283.497614115635,1291.6901520780752,1278.035922140675,1284.863037109375,10600,0.0,0.0
2007-02-22 00:00:00+09:00,1286.228344171404,1294.4208813954256,1284.8629213007337,1291.00732421875,13500,0.0,0.0
2007-02-23 00:00:00+09:00,1294.4208813954256,1296.469015701431,1286.228344171404,1291.00732421875,12200,0.0,0.0
2007-02-26 00:00:00+09:00,1289.6424089592574,1289.6424089592574,1275.3054631741095,1279.4017333984375,16300,0.0,0.0
2007-02-27 00:00:00+09:00,1281.4498685106016,1286.2288504389842,1278.0363099903282,1279.4017333984375,8300,0.0,0.0
2007-02-28 00:00:00+09:00,1232.2943512991574,1232.2943512991574,1208.3994469803372,1215.2265625,36900,0.0,0.0
2007-03-01 00:00:00+09:00,1229.5636101129921,1232.2944565541093,1217.9575127382443,1226.832763671875,35100,0.0,0.0
2007-03-02 00:00:00+09:00,1224.1018519790641,1226.8326982746114,1204.9859279102332,1213.178466796875,20300,0.0,0.0
2007-03-05 00:00:00+09:00,1211.130119529457,1213.1782538916827,1188.6006415449745,1189.966064453125,19600,0.0,0.0
2007-03-06 00:00:00+09:00,1174.2642049476217,1205.6689453125,1174.2642049476217,1205.6689453125,9800,0.0,0.0
2007-03-07 00:00:00+09:00,1208.3994705636162,1213.1784515206475,1192.697104561942,1194.7452392578125,16100,0.0,0.0
2007-03-08 00:00:00+09:00,1195.4276559693471,1223.4188232421875,1194.7449445724487,1223.4188232421875,13100,0.0,0.0
2007-03-09 00:00:00+09:00,1202.938067251566,1222.7367074049687,1198.841796875,1198.841796875,35300,0.0,0.0
2007-03-12 00:00:00+09:00,1219.3226983450988,1226.1498131174678,1213.8610065272035,1217.957275390625,4500,0.0,0.0
2007-03-13 00:00:00+09:00,1222.0537517428736,1222.0537517428736,1204.9859619140625,1204.9859619140625,6100,0.0,0.0
2007-03-14 00:00:00+09:00,1204.3030098446532,1207.7165671287933,1181.0908203125,1181.0908203125,16400,0.0,0.0
2007-03-15 00:00:00+09:00,1181.7735604755687,1197.4759243640367,1181.7735604755687,1196.793212890625,6400,0.0,0.0
2007-03-16 00:00:00+09:00,1197.4760577472841,1208.3994425385933,1189.966230703259,1194.0625,9000,0.0,0.0
2007-03-19 00:00:00+09:00,1189.2831614627773,1212.4953471629692,1189.2831614627773,1200.20654296875,4100,0.0,0.0
2007-03-20 00:00:00+09:00,1214.5435724807999,1227.5150889940855,1208.399169921875,1208.399169921875,9200,0.0,0.0
2007-03-22 00:00:00+09:00,1209.0818459343445,1239.1211464544524,1209.0818459343445,1225.4669189453125,11500,0.0,0.0
2007-03-23 00:00:00+09:00,1226.1497741938304,1226.1497741938304,1215.2263909047986,1220.00537109375,9400,0.0,0.0
2007-03-26 00:00:00+09:00,1222.0537938608913,1230.929044877758,1218.640235777481,1224.1019287109375,6200,0.0,0.0
2007-03-27 00:00:00+09:00,1226.5134789116196,1227.202531427862,1201.0185358106476,1203.085693359375,5000,16.5,0.0
2007-03-28 00:00:00+09:00,1222.378967041155,1233.4038055263063,1205.152656908106,1206.53076171875,7600,0.0,0.0
2007-03-29 00:00:00+09:00,1206.5307540721335,1226.5132736998273,1206.5307540721335,1221.0008544921875,7200,0.0,0.0
2007-03-30 00:00:00+09:00,1238.9163058090858,1239.60535825948,1219.6228371980433,1220.3118896484375,7800,0.0,0.0
2007-04-02 00:00:00+09:00,1232.026138103386,1232.026138103386,1195.50634765625,1195.50634765625,9300,0.0,0.0
2007-04-03 00:00:00+09:00,1197.573329892595,1218.2449063579447,1196.88427734375,1196.88427734375,3500,0.0,0.0
2007-04-04 00:00:00+09:00,1213.4213651444938,1232.7148337555363,1206.53084064055,1220.3118896484375,12300,0.0,0.0
2007-04-05 00:00:00+09:00,1220.3118206431732,1225.8242399346161,1218.2446634088822,1218.9337158203125,4400,0.0,0.0
2007-04-06 00:00:00+09:00,1221.6899844407355,1223.0680893301217,1207.908935546875,1207.908935546875,4300,0.0,0.0
2007-04-09 00:00:00+09:00,1225.8245315680272,1233.404109897003,1225.1354789926656,1227.20263671875,7500,0.0,0.0
2007-04-10 00:00:00+09:00,1213.421278081683,1233.403797709377,1212.732225680728,1221.0008544921875,1900,0.0,0.0
2007-04-11 00:00:00+09:00,1212.7323525668994,1212.7323525668994,1177.5906764413812,1184.481201171875,31700,0.0,0.0
2007-04-12 00:00:00+09:00,1205.1527753633563,1205.1527753633563,1178.96878138748,1184.481201171875,8900,0.0,0.0
2007-04-13 00:00:00+09:00,1198.9514339144978,1198.9514339144978,1174.8345947265625,1174.8345947265625,8400,0.0,0.0
2007-04-16 00:00:00+09:00,1161.7424587172193,1172.0782457164828,1118.3321533203125,1118.3321533203125,43800,0.0,0.0
2007-04-17 00:00:00+09:00,1116.9541618751216,1142.4491057303835,1105.9293212890625,1105.9293212890625,24300,0.0,0.0
2007-04-18 00:00:00+09:00,1105.9293709512083,1123.1556851404796,1105.9293709512083,1109.3746337890625,19200,0.0,0.0
2007-04-19 00:00:00+09:00,1110.0635986328125,1114.8869662246373,1109.3745461196947,1110.0635986328125,14000,0.0,0.0
2007-04-20 00:00:00+09:00,1117.6427182155749,1119.7098749077122,1112.8193526005878,1115.5755615234375,6000,0.0,0.0
2007-04-23 00:00:00+09:00,1121.7774156534003,1143.138042118545,1118.3321533203125,1118.3321533203125,22400,0.0,0.0
2007-04-24 00:00:00+09:00,1134.869400514248,1142.4489775668628,1126.6007710023046,1137.6256103515625,28400,0.0,0.0
2007-04-25 00:00:00+09:00,1136.9365578922338,1150.7176070788064,1133.4912955955908,1137.6256103515625,20500,0.0,0.0
2007-04-26 00:00:00+09:00,1136.9368159142061,1163.120815311018,1136.9368159142061,1162.4317626953125,13300,0.0,0.0
2007-04-27 00:00:00+09:00,1161.0534823357248,1163.8096923828125,1151.4067471709175,1163.8096923828125,7400,0.0,0.0
2007-05-01 00:00:00+09:00,1156.9189292065066,1167.2547147562966,1154.1627197265625,1154.1627197265625,8300,0.0,0.0
2007-05-02 00:00:00+09:00,1155.5410655562575,1167.2549582899824,1153.473908015012,1158.986328125,8500,0.0,0.0
2007-05-07 00:00:00+09:00,1172.0783845336557,1174.8345947265625,1166.565964147842,1174.8345947265625,6900,0.0,0.0
2007-05-08 00:00:00+09:00,1170.7002108669674,1178.968840961378,1170.7002108669674,1173.4564208984375,4800,0.0,0.0
2007-05-09 00:00:00+09:00,1154.8517905787417,1156.9189477217824,1148.6503191496195,1152.0955810546875,11600,0.0,0.0
2007-05-10 00:00:00+09:00,1154.8520733488708,1154.8520733488708,1147.9615478515625,1147.9615478515625,6300,0.0,0.0
2007-05-11 00:00:00+09:00,1138.3144992940229,1152.7845988613199,1138.3144992940229,1151.406494140625,13500,0.0,0.0
2007-05-14 00:00:00+09:00,1163.809887158899,1163.809887158899,1152.7850451254221,1160.3646240234375,8500,0.0,0.0
2007-05-15 00:00:00+09:00,1161.0535150212747,1161.0535150212747,1142.4490966796875,1142.4490966796875,10800,0.0,0.0
2007-05-16 00:00:00+09:00,1143.1379580290422,1143.1379580290422,1136.9364862856658,1141.07080078125,8900,0.0,0.0
2007-05-17 00:00:00+09:00,1147.2724265318652,1147.2724265318652,1136.936638905452,1146.5833740234375,13100,0.0,0.0
2007-05-18 00:00:00+09:00,1141.071125606101,1141.760178218182,1127.9791259765625,1127.9791259765625,11000,0.0,0.0
2007-05-21 00:00:00+09:00,1137.625575875947,1138.314628314394,1128.6678941761363,1136.9365234375,12300,0.0,0.0
2007-05-22 00:00:00+09:00,1136.9366299338358,1136.9366299338358,1127.2898948919728,1134.180419921875,7100,0.0,0.0
2007-05-23 00:00:00+09:00,1144.5162041878166,1150.028624195946,1139.0037841796875,1139.0037841796875,4100,0.0,0.0
2007-05-24 00:00:00+09:00,1141.070838068182,1141.070838068182,1136.9365234375,1136.9365234375,4400,0.0,0.0
2007-05-25 00:00:00+09:00,1139.692805346457,1139.692805346457,1129.3570181153827,1133.4913330078125,25400,0.0,0.0
2007-05-28 00:00:00+09:00,1137.6253825115652,1140.381591796875,1137.6253825115652,1140.381591796875,2200,0.0,0.0
2007-05-29 00:00:00+09:00,1150.7177771076838,1157.608302719107,1145.2053566185452,1145.8944091796875,6700,0.0,0.0
2007-05-30 00:00:00+09:00,1156.919211907041,1156.919211907041,1146.5834238316356,1150.0286865234375,3000,0.0,0.0
2007-05-31 00:00:00+09:00,1155.5411376953125,1156.2301902520778,1150.717769797956,1155.5411376953125,6900,0.0,0.0
2007-06-01 00:00:00+09:00,1163.8097372906445,1163.8097372906445,1150.0286865234375,1150.0286865234375,6200,0.0,0.0
2007-06-04 00:00:00+09:00,1163.8097337527036,1163.8097337527036,1154.85205078125,1154.85205078125,5000,0.0,0.0
2007-06-05 00:00:00+09:00,1150.717723582958,1152.095828641141,1136.2476204720344,1147.2724609375,26000,0.0,0.0
2007-06-06 00:00:00+09:00,1141.7598372267753,1141.7598372267753,1138.3145751953125,1138.3145751953125,9100,0.0,0.0
2007-06-07 00:00:00+09:00,1137.6253825115652,1141.7596964395298,1137.6253825115652,1140.381591796875,9100,0.0,0.0
2007-06-08 00:00:00+09:00,1107.30747608635,1109.3746337890625,1105.2403183836375,1109.3746337890625,69600,0.0,0.0
2007-06-11 00:00:00+09:00,1111.4417415820922,1112.1307941187208,1105.2402687524338,1105.9293212890625,40900,0.0,0.0
2007-06-12 00:00:00+09:00,1130.04593295342,1134.8692997404164,1130.04593295342,1130.7349853515625,24600,0.0,0.0
2007-06-13 00:00:00+09:00,1135.5583655701423,1138.3145751953125,1132.1131035386795,1138.3145751953125,18100,0.0,0.0
2007-06-14 00:00:00+09:00,1136.936626676639,1142.4490466847683,1133.4913641715584,1139.0037841796875,22500,0.0,0.0
2007-06-15 00:00:00+09:00,1144.5163193435533,1148.650634765625,1141.760109062172,1148.650634765625,5700,0.0,0.0
2007-06-18 00:00:00+09:00,1148.6503007666745,1154.1627197265625,1144.5159865467585,1154.1627197265625,12200,0.0,0.0
2007-06-19 00:00:00+09:00,1147.9612323388876,1151.406494140625,1145.894075257845,1151.406494140625,8000,0.0,0.0
2007-06-20 00:00:00+09:00,1149.3395338282662,1150.717638784895,1141.0709040884944,1143.1380615234375,10300,0.0,0.0
2007-06-21 00:00:00+09:00,1139.6929627556058,1156.230224609375,1139.6929627556058,1156.230224609375,32500,0.0,0.0
2007-06-22 00:00:00+09:00,1141.0709916173478,1150.0286745225565,1140.381939086178,1142.4490966796875,9900,0.0,0.0
2007-06-25 00:00:00+09:00,1138.314628314394,1145.2051526988637,1136.9365234375,1136.9365234375,6000,0.0,0.0
2007-06-26 00:00:00+09:00,1137.625472197912,1142.4488388274608,1132.802105568363,1134.8692626953125,19600,0.0,0.0
2007-06-27 00:00:00+09:00,1134.1804663056487,1142.4490966796875,1132.802361243309,1142.4490966796875,20100,0.0,0.0
2007-06-28 00:00:00+09:00,1147.9615478515625,1148.6506004012933,1141.0710223542542,1147.9615478515625,11400,0.0,0.0
2007-06-29 00:00:00+09:00,1141.0709165653068,1150.7176513671875,1139.6928115936096,1150.7176513671875,10100,0.0,0.0
2007-07-02 00:00:00+09:00,1144.516166480066,1144.516166480066,1143.1380615234375,1143.1380615234375,5700,0.0,0.0
2007-07-03 00:00:00+09:00,1144.5163230804076,1144.5163230804076,1136.9367447818618,1143.8272705078125,14500,0.0,0.0
2007-07-04 00:00:00+09:00,1146.5835152016857,1150.028778168037,1141.760147048794,1144.516357421875,10700,0.0,0.0
2007-07-05 00:00:00+09:00,1149.339671985399,1150.0287245465415,1144.5163040574027,1145.8944091796875,6900,0.0,0.0
2007-07-06 00:00:00+09:00,1144.5163230804076,1145.8944282255977,1143.8272705078125,1143.8272705078125,10200,0.0,0.0
2007-07-09 00:00:00+09:00,1143.8274610315132,1146.5836717809866,1143.8274610315132,1145.20556640625,15200,0.0,0.0
2007-07-10 00:00:00+09:00,1151.406703853036,1151.406703853036,1146.5833364520956,1150.7176513671875,7300,0.0,0.0
2007-07-11 00:00:00+09:00,1147.9616203882263,1152.7849885411179,1143.8273048286048,1144.516357421875,7900,0.0,0.0
2007-07-12 00:00:00+09:00,1143.8270104449728,1144.5160628609035,1135.5583814538045,1141.07080078125,17900,0.0,0.0
2007-07-13 00:00:00+09:00,1142.4490310178517,1144.5161884925521,1132.8022961359156,1136.24755859375,26800,0.0,0.0
2007-07-17 00:00:00+09:00,1141.7599251075342,1145.894239863506,1136.9365578922338,1137.6256103515625,15400,0.0,0.0
2007-07-18 00:00:00+09:00,1123.155356353184,1136.936403670401,1122.466303987323,1132.113037109375,26900,0.0,0.0
2007-07-19 00:00:00+09:00,1141.07080078125,1143.1379580290422,1139.003643533458,1141.07080078125,9600,0.0,0.0
2007-07-20 00:00:00+09:00,1143.1378912031107,1143.1378912031107,1134.1802103196626,1134.8692626953125,19200,0.0,0.0
2007-07-23 00:00:00+09:00,1127.289891662413,1143.1380991857843,1126.6008391613968,1139.0037841796875,20000,0.0,0.0
2007-07-24 00:00:00+09:00,1171.38916015625,1178.2796846277574,1164.4986356847428,1171.38916015625,40600,0.0,0.0
2007-07-25 00:00:00+09:00,1169.3221589839156,1178.968894532398,1169.3221589839156,1172.078369140625,17100,0.0,0.0
2007-07-26 00:00:00+09:00,1168.6329345703125,1172.0781967594937,1168.6329345703125,1168.6329345703125,7900,0.0,0.0
2007-07-27 00:00:00+09:00,1154.1629262512317,1164.4987136504965,1154.1629262512317,1158.2972412109375,13300,0.0,0.0
2007-07-30 00:00:00+09:00,1157.608238573176,1176.9017092160625,1145.205293159892,1161.7425537109375,12700,0.0,0.0
2007-07-31 00:00:00+09:00,1181.724609375,1183.7917661260933,1178.279348123178,1181.724609375,16000,0.0,0.0
2007-08-01 00:00:00+09:00,1185.1704292097406,1195.50621783657,1171.389377707302,1183.103271484375,21100,0.0,0.0
2007-08-02 00:00:00+09:00,1198.9514769091684,1198.9514769091684,1178.2798997210791,1187.9266357421875,9200,0.0,0.0
2007-08-03 00:00:00+09:00,1182.414283443022,1194.1281778594157,1181.036178217564,1189.3048095703125,7700,0.0,0.0
2007-08-06 00:00:00+09:00,1195.506392305895,1209.2874458195076,1189.3049182247694,1203.7750244140625,12200,0.0,0.0
2007-08-07 00:00:00+09:00,1201.0185336777322,1203.7747437378073,1181.0360107421875,1181.0360107421875,11800,0.0,0.0
2007-08-08 00:00:00+09:00,1192.0610200212286,1192.0610200212286,1181.036178217564,1189.3048095703125,8500,0.0,0.0
2007-08-09 00:00:00+09:00,1181.035938806628,1196.8841456867638,1173.456361603085,1184.481201171875,29000,0.0,0.0
2007-08-10 00:00:00+09:00,1171.3892321741334,1181.7250195168465,1167.9439697265625,1167.9439697265625,24300,0.0,0.0
2007-08-13 00:00:00+09:00,1170.7003287314233,1171.3893813086636,1155.5411720321347,1156.230224609375,13000,0.0,0.0
2007-08-14 00:00:00+09:00,1156.9190957746089,1171.3891976276566,1156.9190957746089,1167.2548828125,16300,0.0,0.0
2007-08-15 00:00:00+09:00,1161.0535426803926,1161.7425952279773,1152.784912109375,1152.784912109375,10200,0.0,0.0
2007-08-16 00:00:00+09:00,1143.8272136781943,1157.6082644454013,1143.8272136781943,1150.0286865234375,18900,0.0,0.0
2007-08-17 00:00:00+09:00,1150.0285197679925,1157.608096590909,1125.9116844223486,1136.9365234375,32100,0.0,0.0
2007-08-20 00:00:00+09:00,1141.7598905066288,1143.1379953835228,1136.9365234375,1136.9365234375,26900,0.0,0.0
2007-08-21 00:00:00+09:00,1143.8272705078125,1146.5834807981928,1138.314849927052,1143.8272705078125,17800,0.0,0.0
2007-08-22 00:00:00+09:00,1140.3818891817198,1143.8271516868006,1139.0037841796875,1139.0037841796875,9900,0.0,0.0
2007-08-23 00:00:00+09:00,1141.0712502820397,1145.8946190936183,1139.0040922199346,1145.20556640625,10500,0.0,0.0
2007-08-24 00:00:00+09:00,1145.2053756530026,1150.0287436611682,1140.3820076448371,1143.8272705078125,7700,0.0,0.0
2007-08-27 00:00:00+09:00,1139.0037528643854,1139.692805346457,1131.4241755615976,1133.4913330078125,55800,0.0,0.0
2007-08-28 00:00:00+09:00,1140.38173241419,1146.5832040708233,1136.9364703827273,1138.3145751953125,17700,0.0,0.0
2007-08-29 00:00:00+09:00,1141.7598372267753,1141.7598372267753,1136.9364703827273,1138.3145751953125,20800,0.0,0.0
2007-08-30 00:00:00+09:00,1141.0707317015567,1141.0707317015567,1136.9364174562613,1139.692626953125,13700,0.0,0.0
2007-08-31 00:00:00+09:00,1145.205318754915,1151.4067916001582,1142.4491086014734,1150.0286865234375,20000,0.0,0.0
2007-09-03 00:00:00+09:00,1149.3395840571477,1150.0286365655752,1141.7600064644448,1146.5833740234375,19100,0.0,0.0
2007-09-04 00:00:00+09:00,1149.3395463954903,1156.2300712539763,1147.2723889379442,1150.7176513671875,14300,0.0,0.0
2007-09-05 00:00:00+09:00,1150.0286745225565,1150.0286745225565,1135.5585713679886,1142.4490966796875,24000,0.0,0.0
2007-09-06 00:00:00+09:00,1137.62552278902,1142.448889633068,1136.9364703827273,1138.3145751953125,9800,0.0,0.0
2007-09-07 00:00:00+09:00,1139.0037152702198,1143.8270824855201,1137.6256103515625,1137.6256103515625,12300,0.0,0.0
2007-09-10 00:00:00+09:00,1137.6256791776552,1143.8271516868006,1126.6008391613968,1139.0037841796875,20800,0.0,0.0
2007-09-11 00:00:00+09:00,1138.3146628108912,1145.894239863506,1134.869400514248,1137.6256103515625,14600,0.0,0.0
2007-09-12 00:00:00+09:00,1136.9365578922338,1147.9613972414918,1136.2475054329052,1137.6256103515625,18300,0.0,0.0
2007-09-13 00:00:00+09:00,1136.9364703827273,1141.0707848204827,1136.9364703827273,1138.3145751953125,18300,0.0,0.0
2007-09-14 00:00:00+09:00,1136.9366299338358,1140.3818924487869,1133.4913674188847,1134.180419921875,60000,0.0,0.0
2007-09-18 00:00:00+09:00,1127.2898989868165,1128.6680039978028,1096.9715887451173,1102.4840087890625,79300,0.0,0.0
2007-09-19 00:00:00+09:00,1143.1382179352174,1143.8272705078125,1136.9367447818618,1143.8272705078125,47200,0.0,0.0
2007-09-20 00:00:00+09:00,1137.6256738066147,1139.6928312999037,1086.6357889721571,1094.9044189453125,78500,0.0,0.0
2007-09-21 00:00:00+09:00,1132.1131273742114,1135.558389478211,1103.1729257006164,1126.6007080078125,82000,0.0,0.0
2007-09-25 00:00:00+09:00,1127.6451488532643,1134.60592137705,1120.6843763294787,1124.86083984375,73100,16.5,0.0
2007-09-26 00:00:00+09:00,1124.164524136841,1148.5272228023452,1121.3802157179261,1135.3017578125,92100,0.0,0.0
2007-09-27 00:00:00+09:00,1147.1348175823762,1152.0073562492917,1146.4387406299597,1151.311279296875,47700,0.0,0.0
2007-09-28 00:00:00+09:00,1151.3115928572097,1160.360595703125,1144.350821437275,1160.360595703125,44200,0.0,0.0
2007-10-01 00:00:00+09:00,1154.0957158499052,1154.0957158499052,1146.4388685191761,1148.527099609375,55500,0.0,0.0
2007-10-02 00:00:00+09:00,1148.5270738167408,1155.4878439610845,1140.8702266579623,1146.4388427734375,64800,0.0,0.0
2007-10-03 00:00:00+09:00,1147.830880609142,1147.830880609142,1140.8701111694263,1143.6544189453125,32600,0.0,0.0
2007-10-04 00:00:00+09:00,1141.5660400390625,1147.8307317222036,1140.1738863316978,1141.5660400390625,70100,0.0,0.0
2007-10-05 00:00:00+09:00,1141.5664841353528,1145.0468697577166,1133.9096357661522,1134.605712890625,129900,0.0,0.0
2007-10-09 00:00:00+09:00,1140.1743877635283,1148.5273136812098,1135.9979248046875,1135.9979248046875,154100,0.0,0.0
2007-10-10 00:00:00+09:00,1141.5663162799344,1146.438855434788,1140.8702392578125,1140.8702392578125,99500,0.0,0.0
2007-10-11 00:00:00+09:00,1142.9581937464272,1145.0464243074744,1140.8699631853801,1141.5660400390625,104300,0.0,0.0
2007-10-12 00:00:00+09:00,1140.8702392578125,1140.8702392578125,1140.8702392578125,1140.8702392578125,104300,0.0,0.0
2007-10-15 00:00:00+09:00,1149.2232666015625,1149.2232666015625,1149.2232666015625,1149.2232666015625,104300,0.0,0.0
2007-10-16 00:00:00+09:00,1149.2231766394411,1152.0074847597064,1145.7427914891098,1148.527099609375,111500,0.0,0.0
2007-10-17 00:00:00+09:00,1084.4878750341543,1084.4878750341543,1074.7427978515625,1074.7427978515625,111500,0.0,0.0
2007-10-18 00:00:00+09:00,1074.046868608471,1098.4095649152089,1050.3802493390685,1076.8311767578125,159000,0.0,0.0
2007-10-19 00:00:00+09:00,1057.3412002573575,1057.3412002573575,1051.7725830078125,1051.7725830078125,159000,0.0,0.0
2007-10-22 00:00:00+09:00,1044.1159743038727,1050.380670149696,1019.7532682367824,1041.3316650390625,37700,0.0,0.0
2007-10-23 00:00:00+09:00,1039.2430484687184,1039.2430484687184,1036.458740234375,1036.458740234375,37700,0.0,0.0
2007-10-24 00:00:00+09:00,1042.0276311497582,1042.0276311497582,1025.32177734375,1025.32177734375,37700,0.0,0.0
2007-10-25 00:00:00+09:00,1016.9686668312156,1016.9686668312156,1013.48828125,1013.48828125,37700,0.0,0.0
2007-10-26 00:00:00+09:00,1013.4881469150371,1032.2822265625,1013.4881469150371,1032.2822265625,37700,0.0,0.0
2007-10-29 00:00:00+09:00,1040.6351318359375,1058.7331341287365,1030.8900536782767,1040.6351318359375,73500,0.0,0.0
2007-10-30 00:00:00+09:00,1046.8999590163935,1061.517578125,1046.8999590163935,1061.517578125,73500,0.0,0.0
2007-10-31 00:00:00+09:00,1078.2233184077688,1103.978168492396,1064.9978548507981,1095.625244140625,54400,0.0,0.0
2007-11-01 00:00:00+09:00,1095.6253332810538,1109.546875,1095.6253332810538,1109.546875,54400,0.0,0.0
2007-11-02 00:00:00+09:00,1090.7533605563256,1090.7533605563256,1078.9200439453125,1078.9200439453125,54400,0.0,0.0
2007-11-05 00:00:00+09:00,1039.9391442025062,1064.3018416905165,1039.9391442025062,1054.5567626953125,45500,0.0,0.0
2007-11-06 00:00:00+09:00,1073.3511595585587,1087.272705078125,1073.3511595585587,1087.272705078125,45500,0.0,0.0
2007-11-07 00:00:00+09:00,1051.7725267243866,1051.7725267243866,1037.1549072265625,1037.1549072265625,45500,0.0,0.0
2007-11-08 00:00:00+09:00,991.2137264476103,991.2137264476103,946.6647949218749,946.664794921875,45500,0.0,0.0
2007-11-09 00:00:00+09:00,950.1450856147686,950.1450856147686,934.1353149414062,934.1353149414062,45500,0.0,0.0
2007-11-12 00:00:00+09:00,936.9198320239893,936.9198320239893,936.2237548828125,936.2237548828125,45500,0.0,0.0
2007-11-13 00:00:00+09:00,929.9587952571129,945.9685649359404,905.5961022675928,932.7431030273438,49000,0.0,0.0
2007-11-14 00:00:00+09:00,932.7433842218081,942.4884643554689,932.7433842218081,942.4884643554688,49000,0.0,0.0
2007-11-15 00:00:00+09:00,948.7531263062875,948.7531263062875,943.1845092773438,943.1845092773438,49000,0.0,0.0
2007-11-16 00:00:00+09:00,931.3512931223667,931.3512931223667,929.2630615234376,929.2630615234375,49000,0.0,0.0
2007-11-19 00:00:00+09:00,916.7337325123252,916.7337325123252,905.5964965820312,905.5964965820312,49000,0.0,0.0
2007-11-20 00:00:00+09:00,883.3219395800553,891.6748657226564,883.3219395800553,891.6748657226562,49000,0.0,0.0
2007-11-21 00:00:00+09:00,885.3830973957901,885.3830973957901,879.8412475585938,879.8412475585938,49000,0.0,0.0
2007-11-22 00:00:00+09:00,879.841276556324,880.537353515625,879.841276556324,880.537353515625,49000,0.0,0.0
2007-11-26 00:00:00+09:00,870.096463053006,910.4689389386655,870.096463053006,895.851318359375,32100,0.0,0.0
2007-11-27 00:00:00+09:00,881.2337825331576,897.9396362304688,881.2337825331576,897.9396362304688,49000,0.0,0.0
2007-11-28 00:00:00+09:00,898.6358131139143,906.2926635742188,898.6358131139143,906.2926635742188,49000,0.0,0.0
2007-11-29 00:00:00+09:00,915.3413885119462,920.2139282226562,915.3413885119462,920.2139282226562,49000,0.0,0.0
2007-11-30 00:00:00+09:00,919.7536397649739,943.88037109375,919.7536397649739,943.88037109375,49000,0.0,0.0
2007-12-03 00:00:00+09:00,943.8805864059617,943.8805864059617,943.1845092773438,943.1845092773438,49000,0.0,0.0
2007-12-04 00:00:00+09:00,944.5766413483797,944.5766413483797,939.7041015625,939.7041015625,49000,0.0,0.0
2007-12-05 00:00:00+09:00,938.3118386973505,960.5863037109374,938.3118386973505,960.5863037109375,49000,0.0,0.0
2007-12-06 00:00:00+09:00,962.6744004834969,966.15478515625,955.0175542034402,966.15478515625,16600,0.0,0.0
2007-12-07 00:00:00+09:00,963.3707109010717,970.3314819335939,963.3707109010717,970.3314819335938,16600,0.0,0.0
2007-12-10 00:00:00+09:00,965.4590315842714,971.0276489257812,965.4590315842714,971.0276489257812,16600,0.0,0.0
2007-12-11 00:00:00+09:00,965.458884710553,968.9392700195311,965.458884710553,968.9392700195312,16600,0.0,0.0
2007-12-12 00:00:00+09:00,953.6257220423498,957.8021850585938,953.6257220423498,957.8021850585938,16600,0.0,0.0
2007-12-13 00:00:00+09:00,934.8314952444523,934.8314952444523,916.0374145507812,916.0374145507812,16600,0.0,0.0
2007-12-14 00:00:00+09:00,915.3414239080862,918.125732421875,915.3414239080862,918.125732421875,16600,0.0,0.0
2007-12-17 00:00:00+09:00,908.3807653751013,908.3807653751013,885.4102172851562,885.4102172851562,16600,0.0,0.0
2007-12-18 00:00:00+09:00,874.9689154498869,911.1649246809086,874.9689154498869,895.1551513671875,24800,0.0,0.0
2007-12-19 00:00:00+09:00,888.8903776620681,890.2825317382812,888.8903776620681,890.2825317382812,16600,0.0,0.0
2007-12-20 00:00:00+09:00,886.1062448431715,893.0670166015625,886.1062448431715,893.0670166015625,16600,0.0,0.0
2007-12-21 00:00:00+09:00,898.6354848025239,917.4295654296875,898.6354848025239,917.4295654296875,16600,0.0,0.0
2007-12-25 00:00:00+09:00,932.047460316184,932.047460316184,915.3416059117118,929.959228515625,20400,0.0,0.0
2007-12-26 00:00:00+09:00,938.3119119332617,950.1452223953281,938.3119119332617,941.7922973632812,18700,0.0,0.0
2007-12-27 00:00:00+09:00,941.7927364357861,941.7927364357861,937.6162719726562,937.6162719726562,18700,0.0,0.0
2007-12-28 00:00:00+09:00,923.6943037653543,934.1354601756635,923.6943037653543,924.390380859375,5100,0.0,0.0
2008-01-04 00:00:00+09:00,924.3902506761979,924.3902506761979,894.45893984858,900.7236328125,21200,0.0,0.0
2008-01-07 00:00:00+09:00,899.3316972822666,899.3316972822666,898.6356201171875,898.6356201171875,18700,0.0,0.0
2008-01-08 00:00:00+09:00,895.1554092701797,906.2926460884712,895.1554092701797,901.4201049804688,20800,0.0,0.0
2008-01-09 00:00:00+09:00,893.7629389069491,933.4393310546875,893.7629389069491,933.4393310546875,20800,0.0,0.0
2008-01-10 00:00:00+09:00,932.047186993538,932.047186993538,916.0374145507812,916.0374145507812,20800,0.0,0.0
2008-01-11 00:00:00+09:00,909.772854758454,909.772854758454,898.6356201171875,898.6356201171875,20800,0.0,0.0
2008-01-15 00:00:00+09:00,900.0277873396309,900.0277873396309,881.2337036132812,881.2337036132812,20800,0.0,0.0
2008-01-16 00:00:00+09:00,881.2337036132812,896.547401464381,870.0964688124816,881.2337036132812,53700,0.0,0.0
2008-01-17 00:00:00+09:00,886.8023071289062,886.8023071289062,886.8023071289062,886.8023071289062,53700,0.0,0.0
2008-01-18 00:00:00+09:00,861.7434896478185,878.4493408203126,861.7434896478185,878.4493408203125,53700,0.0,0.0
2008-01-21 00:00:00+09:00,869.4002039525416,869.4002039525416,857.56689453125,857.56689453125,53700,0.0,0.0
2008-01-22 00:00:00+09:00,838.0767173349305,838.0767173349305,826.243408203125,826.243408203125,53700,0.0,0.0
2008-01-23 00:00:00+09:00,820.6748657226562,820.6748657226562,820.6748657226562,820.6748657226562,53700,0.0,0.0
2008-01-24 00:00:00+09:00,820.674830602427,849.2139892578126,820.674830602427,849.2139892578125,53700,0.0,0.0
2008-01-25 00:00:00+09:00,849.9101982421876,870.096435546875,849.9101982421876,870.096435546875,53700,0.0,0.0
2008-01-28 00:00:00+09:00,847.125816541816,847.125816541816,837.3807373046875,837.3807373046875,53700,0.0,0.0
2008-01-29 00:00:00+09:00,871.4888514941329,874.96923828125,871.4888514941329,874.96923828125,53700,0.0,0.0
2008-01-30 00:00:00+09:00,875.6650477606275,875.6650477606275,859.6552734375,859.6552734375,53700,0.0,0.0
2008-01-31 00:00:00+09:00,876.3612592780967,902.8121948242188,876.3612592780967,902.8121948242188,53700,0.0,0.0
2008-02-01 00:00:00+09:00,902.8120819043888,902.8120819043888,886.8023071289062,886.8023071289062,53700,0.0,0.0
2008-02-04 00:00:00+09:00,896.5474215611849,909.7728881835938,896.5474215611849,909.7728881835938,53700,0.0,0.0
2008-02-05 00:00:00+09:00,920.2138736707489,920.2138736707489,917.4295654296875,917.4295654296875,53700,0.0,0.0
2008-02-06 00:00:00+09:00,874.2727563417639,881.9296037301074,865.2237548828125,865.2237548828125,20800,0.0,0.0
2008-02-07 00:00:00+09:00,856.871093505468,868.7044067382811,856.871093505468,868.7044067382812,20800,0.0,0.0
2008-02-08 00:00:00+09:00,881.9297264812488,881.9297264812488,878.4493408203126,878.4493408203125,20800,0.0,0.0
2008-02-12 00:00:00+09:00,868.0082146450554,868.0082146450554,803.9691162109375,803.9691162109375,20800,0.0,0.0
2008-02-13 00:00:00+09:00,864.5276647790686,864.5276647790686,857.56689453125,857.56689453125,20800,0.0,0.0
2008-02-14 00:00:00+09:00,890.9788779830639,904.204345703125,890.9788779830639,904.204345703125,20800,0.0,0.0
2008-02-15 00:00:00+09:00,899.331840797707,925.0867000155979,896.54753169307,902.1161499023438,21300,0.0,0.0
2008-02-18 00:00:00+09:00,937.615922880779,937.615922880779,930.6551513671875,930.6551513671875,21300,0.0,0.0
2008-02-19 00:00:00+09:00,908.3808301742289,919.51806640625,908.3808301742289,919.51806640625,21300,0.0,0.0
2008-02-20 00:00:00+09:00,900.7236873098796,900.7236873098796,890.2825317382812,890.2825317382812,21300,0.0,0.0
2008-02-21 00:00:00+09:00,902.8122595827551,912.5573417987603,888.1946362587476,901.4201049804688,24400,0.0,0.0
2008-02-22 00:00:00+09:00,892.3710530906984,919.51806640625,892.3710530906984,919.51806640625,24400,0.0,0.0
2008-02-25 00:00:00+09:00,945.9689143148702,946.6649915145132,922.3022895270074,929.2630615234375,17100,0.0,0.0
2008-02-26 00:00:00+09:00,903.5081142953726,904.9002685546875,903.5081142953726,904.9002685546875,17100,0.0,0.0
2008-02-27 00:00:00+09:00,905.5963606710328,936.2237548828125,905.5963606710328,936.2237548828125,17100,0.0,0.0
2008-02-28 00:00:00+09:00,954.2981379279398,954.2981379279398,919.51806640625,919.51806640625,17100,0.0,0.0
2008-02-29 00:00:00+09:00,905.5965862596456,906.2926635742188,905.5965862596456,906.2926635742188,17100,0.0,0.0
2008-03-03 00:00:00+09:00,906.2923134251645,906.2923134251645,846.4296875,846.4296875,17100,0.0,0.0
2008-03-04 00:00:00+09:00,838.7729918618433,838.7729918618433,833.9004516601562,833.9004516601562,17100,0.0,0.0
2008-03-05 00:00:00+09:00,821.3709871823091,827.6356811523438,821.3709871823091,827.6356811523438,17100,0.0,0.0
2008-03-06 00:00:00+09:00,835.2925215617265,850.6062177903582,825.5474421435064,843.6454467773438,23200,0.0,0.0
2008-03-07 00:00:00+09:00,843.6457244295261,843.6457244295261,808.8418579101562,808.8418579101562,23200,0.0,0.0
2008-03-10 00:00:00+09:00,790.7436167622366,792.8318481445311,790.7436167622366,792.8318481445312,23200,0.0,0.0
2008-03-11 00:00:00+09:00,790.7435747982112,797.704345703125,790.7435747982112,797.704345703125,23200,0.0,0.0
2008-03-12 00:00:00+09:00,838.0768619603504,842.9494018554688,838.0768619603504,842.9494018554688,23200,0.0,0.0
2008-03-13 00:00:00+09:00,809.5376562414785,809.5376562414785,797.704345703125,797.704345703125,23200,0.0,0.0
2008-03-14 00:00:00+09:00,748.9789885759577,748.9789885759577,742.7142944335938,742.7142944335938,23200,0.0,0.0
2008-03-17 00:00:00+09:00,728.7927212928794,730.1848754882812,728.7927212928794,730.1848754882812,23200,0.0,0.0
2008-03-18 00:00:00+09:00,730.1849061488659,746.8907571951697,720.4398263718552,742.7142944335938,19100,0.0,0.0
2008-03-19 00:00:00+09:00,742.714312689154,772.6456298828125,742.714312689154,772.6456298828125,19100,0.0,0.0
2008-03-21 00:00:00+09:00,804.6651611328125,804.6651611328125,804.6651611328125,804.6651611328125,19100,0.0,0.0
2008-03-24 00:00:00+09:00,823.45921068513,823.45921068513,805.3612060546875,805.3612060546875,19100,0.0,0.0
2008-03-25 00:00:00+09:00,817.8906265839574,817.8906265839574,804.6651611328125,804.6651611328125,19100,0.0,0.0
2008-03-26 00:00:00+09:00,805.0181063799791,805.0181063799791,802.1934814453125,802.1934814453125,19100,16.5,0.0
2008-03-27 00:00:00+09:00,815.6106770657339,816.3168334960938,815.6106770657339,816.3168334960938,19100,0.0,0.0
2008-03-28 00:00:00+09:00,817.7289185859788,817.7289185859788,802.1934814453125,802.1934814453125,19100,0.0,0.0
2008-03-31 00:00:00+09:00,794.42598558755,794.42598558755,761.2366333007812,761.2366333007812,19100,0.0,0.0
2008-04-01 00:00:00+09:00,812.0797088866321,812.0797088866321,797.2504272460938,797.2504272460938,19100,0.0,0.0
2008-04-02 00:00:00+09:00,797.250471606697,821.9659423828125,797.250471606697,821.9659423828125,19100,0.0,0.0
2008-04-03 00:00:00+09:00,824.084390786221,824.084390786221,821.259765625,821.259765625,19100,0.0,0.0
2008-04-04 00:00:00+09:00,814.1981601698487,814.1981601698487,811.37353515625,811.37353515625,19100,0.0,0.0
2008-04-07 00:00:00+09:00,817.0228107831932,837.5013427734375,817.0228107831932,837.5013427734375,19100,0.0,0.0
2008-04-08 00:00:00+09:00,814.9043192597874,824.0843505859375,814.9043192597874,824.0843505859375,19100,0.0,0.0
2008-04-09 00:00:00+09:00,824.0845130096329,824.0845130096329,810.6675415039062,810.6675415039062,19100,0.0,0.0
2008-04-10 00:00:00+09:00,791.6012160872045,791.6012160872045,788.0704345703125,788.0704345703125,19100,0.0,0.0
2008-04-11 00:00:00+09:00,788.776575204198,814.9043579101562,788.776575204198,814.9043579101562,19100,0.0,0.0
2008-04-14 00:00:00+09:00,784.5397344287716,795.132080078125,784.5397344287716,795.132080078125,19100,0.0,0.0
2008-04-15 00:00:00+09:00,790.188847554259,811.37353515625,790.188847554259,811.37353515625,19100,0.0,0.0
2008-04-16 00:00:00+09:00,831.8521728515625,831.8521728515625,831.8521728515625,831.8521728515625,19100,0.0,0.0
2008-04-17 00:00:00+09:00,867.1599109076984,867.1599109076984,860.8045043945312,860.8045043945312,19100,0.0,0.0
2008-04-18 00:00:00+09:00,833.9705810546876,833.9705810546876,833.9705810546876,833.9705810546875,19100,0.0,0.0
2008-04-21 00:00:00+09:00,857.2737172142165,857.2737172142165,831.1459350585938,831.1459350585938,19100,0.0,0.0
2008-04-22 00:00:00+09:00,824.7907105016094,824.7907105016094,822.6722412109375,822.6722412109375,19100,0.0,0.0
2008-04-23 00:00:00+09:00,817.7290045354785,821.9659423828125,817.7290045354785,821.9659423828125,19100,0.0,0.0
2008-04-24 00:00:00+09:00,824.7906075219918,824.7906075219918,812.7859497070312,812.7859497070312,19100,0.0,0.0
2008-04-25 00:00:00+09:00,848.8000500844232,848.8000500844232,823.37841796875,823.37841796875,19100,0.0,0.0
2008-04-28 00:00:00+09:00,848.093770412756,848.7999267578124,848.093770412756,848.7999267578125,19100,0.0,0.0
2008-04-30 00:00:00+09:00,850.2122184721496,850.2122184721496,843.8568115234375,843.8568115234375,19100,0.0,0.0
2008-05-01 00:00:00+09:00,830.4397787841175,831.1459350585938,830.4397787841175,831.1459350585938,19100,0.0,0.0
2008-05-02 00:00:00+09:00,838.9137172299947,843.8568115234375,838.9137172299947,843.8568115234375,19100,0.0,0.0
2008-05-07 00:00:00+09:00,819.1412326862719,819.1412326862719,808.5488891601562,808.5488891601562,19100,0.0,0.0
2008-05-08 00:00:00+09:00,819.8472642781646,819.8472642781646,806.4302978515625,806.4302978515625,25300,0.0,0.0
2008-05-09 00:00:00+09:00,806.4303951808384,806.4303951808384,785.2457087925502,790.8949584960938,20300,0.0,0.0
2008-05-12 00:00:00+09:00,786.6582032342841,797.9567052556024,783.8335777289545,788.7766723632812,23900,0.0,0.0
2008-05-13 00:00:00+09:00,797.2502829267805,797.2502829267805,792.3071899414062,792.3071899414062,23900,0.0,0.0
2008-05-14 00:00:00+09:00,802.1934311325485,836.0889282226562,802.1934311325485,836.0889282226562,23900,0.0,0.0
2008-05-15 00:00:00+09:00,840.3259715106207,856.5675659179688,840.3259715106207,856.5675659179688,23900,0.0,0.0
2008-05-16 00:00:00+09:00,839.6197750176603,855.1552124023438,839.6197750176603,855.1552124023438,23900,0.0,0.0
2008-05-19 00:00:00+09:00,852.3306290436416,860.8045043945312,852.3306290436416,860.8045043945312,23900,0.0,0.0
2008-05-20 00:00:00+09:00,856.5675655144305,856.5675655144305,854.4490966796875,854.4490966796875,23900,0.0,0.0
2008-05-21 00:00:00+09:00,827.6151733398436,827.6151733398436,827.6151733398436,827.6151733398438,23900,0.0,0.0
2008-05-22 00:00:00+09:00,804.3121141461693,818.4352416992188,804.3121141461693,818.4352416992188,23900,0.0,0.0
2008-05-23 00:00:00+09:00,803.6056881936902,803.6056881936902,792.3071899414062,792.3071899414062,23900,0.0,0.0
2008-05-26 00:00:00+09:00,793.0134432574457,793.0134432574457,774.6533813476562,774.6533813476562,23900,0.0,0.0
2008-05-27 00:00:00+09:00,761.9427293095276,773.9473876953125,761.9427293095276,773.9473876953125,23900,0.0,0.0
2008-05-28 00:00:00+09:00,770.4165633442246,771.1227196809288,755.5872802734375,755.5872802734375,11800,0.0,0.0
2008-05-29 00:00:00+09:00,789.4827043426016,789.4827043426016,778.1842041015625,778.1842041015625,11800,0.0,0.0
2008-05-30 00:00:00+09:00,810.6674405184659,815.6105346679688,810.6674405184659,815.6105346679688,11800,0.0,0.0
2008-06-02 00:00:00+09:00,811.37353515625,811.37353515625,811.37353515625,811.37353515625,11800,0.0,0.0
2008-06-03 00:00:00+09:00,797.9566650390625,797.9566650390625,797.9566650390625,797.9566650390625,11800,0.0,0.0
2008-06-04 00:00:00+09:00,810.6674618655688,824.7905883789062,810.6674618655688,824.7905883789062,11800,0.0,0.0
2008-06-05 00:00:00+09:00,828.3213911331773,831.8521728515625,815.6105769469904,831.8521728515625,4400,0.0,0.0
2008-06-06 00:00:00+09:00,836.089009757384,836.795166015625,836.089009757384,836.795166015625,4400,0.0,0.0
2008-06-09 00:00:00+09:00,807.1365520039097,807.1365520039097,793.013427734375,793.013427734375,22600,0.0,0.0
2008-06-10 00:00:00+09:00,793.0136106212756,793.0136106212756,788.7766723632812,788.7766723632812,22600,0.0,0.0
2008-06-11 00:00:00+09:00,788.7766105018368,788.7766105018368,782.4212036132812,782.4212036132812,22600,0.0,0.0
2008-06-12 00:00:00+09:00,780.3028763172238,792.3075359528734,776.7720940714445,789.48291015625,41200,0.0,0.0
2008-06-13 00:00:00+09:00,771.8287569912998,776.7718505859375,771.8287569912998,776.7718505859375,41200,0.0,0.0
2008-06-16 00:00:00+09:00,778.8907470703125,778.8907470703125,778.8907470703125,778.8907470703125,41200,0.0,0.0
2008-06-17 00:00:00+09:00,774.6535643412365,774.6535643412365,770.4166259765625,770.4166259765625,20600,0.0,0.0
2008-06-18 00:00:00+09:00,774.653544070947,777.4781695734846,772.5350749440437,773.9473876953125,20600,0.0,0.0
2008-06-19 00:00:00+09:00,759.1179977722459,759.1179977722459,740.7579345703125,740.7579345703125,20600,0.0,0.0
2008-06-20 00:00:00+09:00,732.990235424315,739.3456420898438,732.990235424315,739.3456420898438,20600,0.0,0.0
2008-06-23 00:00:00+09:00,731.5780234112835,739.345743737079,731.5780234112835,736.5211181640625,8900,0.0,0.0
2008-06-24 00:00:00+09:00,735.8150023249269,740.0519409179688,735.8150023249269,740.0519409179688,8900,0.0,0.0
2008-06-25 00:00:00+09:00,737.2273146252464,761.2366333007812,737.2273146252464,761.2366333007812,8900,0.0,0.0
2008-06-26 00:00:00+09:00,770.4165640363437,770.4165640363437,761.9426879882812,761.9426879882812,8900,0.0,0.0
2008-06-27 00:00:00+09:00,740.758076985677,754.175048828125,740.758076985677,754.175048828125,8900,0.0,0.0
2008-06-30 00:00:00+09:00,752.7626546986659,753.4688110351562,752.7626546986659,753.4688110351562,8900,0.0,0.0
2008-07-01 00:00:00+09:00,753.4686665025205,753.4686665025205,746.4071044921875,746.4071044921875,8900,0.0,0.0
2008-07-02 00:00:00+09:00,746.4072455772987,746.4072455772987,734.402587890625,734.402587890625,8900,0.0,0.0
2008-07-03 00:00:00+09:00,728.0471403088873,732.990234375,728.0471403088873,732.990234375,8900,0.0,0.0
2008-07-04 00:00:00+09:00,735.1087442251352,735.1087442251352,734.402587890625,734.402587890625,8900,0.0,0.0
2008-07-07 00:00:00+09:00,741.4640908473099,741.4640908473099,740.7579345703125,740.7579345703125,8900,0.0,0.0
2008-07-08 00:00:00+09:00,727.341064453125,727.341064453125,727.341064453125,727.341064453125,8900,0.0,0.0
2008-07-09 00:00:00+09:00,733.6964718124242,733.6964718124242,727.341064453125,727.341064453125,8900,0.0,0.0
2008-07-10 00:00:00+09:00,744.288756448116,744.288756448116,737.933349609375,737.933349609375,8900,0.0,0.0
2008-07-11 00:00:00+09:00,738.6396077473958,741.4642333984375,738.6396077473958,741.4642333984375,8900,0.0,0.0
2008-07-14 00:00:00+09:00,750.6442044392787,750.6442044392787,735.1087646484375,735.1087646484375,8900,0.0,0.0
2008-07-15 00:00:00+09:00,738.639443890422,738.639443890422,733.6963500976562,733.6963500976562,8900,0.0,0.0
2008-07-16 00:00:00+09:00,737.2273151892742,747.8196616718787,737.2273151892742,740.0519409179688,7700,0.0,0.0
2008-07-17 00:00:00+09:00,737.933230079788,746.4071044921875,737.933230079788,746.4071044921875,7700,0.0,0.0
2008-07-18 00:00:00+09:00,746.4072453380206,746.4072453380206,732.2841186523438,732.2841186523438,7700,0.0,0.0
2008-07-22 00:00:00+09:00,746.4072050515423,746.4072050515423,735.1087043128246,739.3456420898438,14300,0.0,0.0
2008-07-23 00:00:00+09:00,745.7009482911543,746.4071044921875,745.7009482911543,746.4071044921875,7700,0.0,0.0
2008-07-24 00:00:00+09:00,765.4735920848934,769.0043743362075,762.6489662838421,766.1797485351562,12600,0.0,0.0
2008-07-25 00:00:00+09:00,756.2934161508273,759.1180414212319,748.5256966572147,754.881103515625,6400,0.0,0.0
2008-07-28 00:00:00+09:00,736.5211181640625,736.5211181640625,736.5211181640625,736.5211181640625,6400,0.0,0.0
2008-07-29 00:00:00+09:00,728.0471609046043,735.8148803710938,728.0471609046043,735.8148803710938,6400,0.0,0.0
2008-07-30 00:00:00+09:00,757.70556640625,757.70556640625,757.70556640625,757.70556640625,6400,0.0,0.0
2008-07-31 00:00:00+09:00,776.0658569335938,776.0658569335938,776.0658569335938,776.0658569335938,6400,0.0,0.0
2008-08-01 00:00:00+09:00,774.6534604610064,774.6534604610064,760.5303344726562,760.5303344726562,6400,0.0,0.0
2008-08-04 00:00:00+09:00,773.2411689299549,773.2411689299549,763.35498046875,763.35498046875,6400,0.0,0.0
2008-08-05 00:00:00+09:00,767.5919594099867,767.5919594099867,764.7673339843749,764.767333984375,6400,0.0,0.0
2008-08-06 00:00:00+09:00,764.061022404262,790.8949584960938,764.061022404262,790.8949584960938,6400,0.0,0.0
2008-08-07 00:00:00+09:00,775.3597207353488,775.3597207353488,770.4166259765625,770.4166259765625,6400,0.0,0.0
2008-08-08 00:00:00+09:00,766.8857642816743,780.302734375,766.8857642816743,780.302734375,6400,0.0,0.0
2008-08-11 00:00:00+09:00,772.5352153692545,787.364501953125,772.5352153692545,787.364501953125,6400,0.0,0.0
2008-08-12 00:00:00+09:00,776.0657138493507,776.0657138493507,773.2410888671875,773.2410888671875,6400,0.0,0.0
2008-08-13 00:00:00+09:00,763.3549999771832,763.3549999771832,755.5872802734375,755.5872802734375,6400,0.0,0.0
2008-08-14 00:00:00+09:00,754.1749676000293,755.5872802734375,754.1749676000293,755.5872802734375,6400,0.0,0.0
2008-08-15 00:00:00+09:00,746.407307961938,747.1134643554688,746.407307961938,747.1134643554688,6400,0.0,0.0
2008-08-18 00:00:00+09:00,776.065774432446,776.065774432446,767.5918988244483,769.0042114257812,13800,0.0,0.0
2008-08-19 00:00:00+09:00,747.1134442018094,750.6442260742188,747.1134442018094,750.6442260742188,13800,0.0,0.0
2008-08-20 00:00:00+09:00,749.9380899295916,749.9380899295916,747.1134643554688,747.1134643554688,13800,0.0,0.0
2008-08-21 00:00:00+09:00,750.6441224482766,750.6441224482766,740.7579345703125,740.7579345703125,13800,0.0,0.0
2008-08-22 00:00:00+09:00,741.4640928569593,751.3502807617188,741.4640928569593,751.3502807617188,13800,0.0,0.0
2008-08-25 00:00:00+09:00,752.0565994682662,769.7105102539062,752.0565994682662,769.7105102539062,13800,0.0,0.0
2008-08-26 00:00:00+09:00,752.7626759255251,764.7673339843749,752.7626759255251,764.767333984375,13800,0.0,0.0
2008-08-27 00:00:00+09:00,767.5918783861048,768.2980346679688,767.5918783861048,768.2980346679688,13800,0.0,0.0
2008-08-28 00:00:00+09:00,754.8808651023099,767.5916748046875,754.8808651023099,767.5916748046875,13800,0.0,0.0
2008-08-29 00:00:00+09:00,782.4211047841136,793.7196044921875,782.4211047841136,793.7196044921875,13800,0.0,0.0
2008-09-01 00:00:00+09:00,793.7197243308673,793.7197243308673,772.5350341796875,772.5350341796875,13800,0.0,0.0
2008-09-02 00:00:00+09:00,777.4780663322,778.184222614064,763.3549406949212,768.2980346679688,8100,0.0,0.0
2008-09-03 00:00:00+09:00,786.6582438151041,786.6582438151041,783.8336181640625,783.8336181640625,8100,0.0,0.0
2008-09-04 00:00:00+09:00,777.4781099110575,787.3642984112888,777.4781099110575,786.6581420898438,8500,0.0,0.0
2008-09-05 00:00:00+09:00,773.2412515530118,773.2412515530118,770.4166259765625,770.4166259765625,8500,0.0,0.0
2008-09-08 00:00:00+09:00,790.1889038085938,790.1889038085938,790.1889038085938,790.1889038085938,8500,0.0,0.0
2008-09-09 00:00:00+09:00,790.1890467652487,790.1890467652487,769.7105102539062,769.7105102539062,8500,0.0,0.0
2008-09-10 00:00:00+09:00,781.7150067672524,790.8950384637061,773.2411313551412,783.1273193359375,10600,0.0,0.0
2008-09-11 00:00:00+09:00,783.127217169592,783.127217169592,781.7149047851562,781.7149047851562,10600,0.0,0.0
2008-09-12 00:00:00+09:00,772.5351553765094,789.4829101562499,772.5351553765094,789.48291015625,10600,0.0,0.0
2008-09-16 00:00:00+09:00,789.4828694661458,789.4828694661458,783.8336181640625,783.8336181640625,10600,0.0,0.0
2008-09-17 00:00:00+09:00,781.7149277278355,790.8949584960938,781.7149277278355,790.8949584960938,10600,0.0,0.0
2008-09-18 00:00:00+09:00,790.8954095364913,790.8954095364913,778.8907470703125,778.8907470703125,10600,0.0,0.0
2008-09-19 00:00:00+09:00,794.4258831196796,795.8381958007812,794.4258831196796,795.8381958007812,10600,0.0,0.0
2008-09-22 00:00:00+09:00,809.9612197403777,809.9612197403777,798.6627197265625,798.6627197265625,10600,0.0,0.0
2008-09-24 00:00:00+09:00,779.5963794075869,792.3071899414062,779.5963794075869,792.3071899414062,10600,0.0,0.0
2008-09-25 00:00:00+09:00,767.5814208984375,767.5814208984375,767.5814208984375,767.5814208984375,10600,16.5,0.0
2008-09-26 00:00:00+09:00,759.6977963654891,761.8478844684103,723.8629946501359,741.7803955078125,27500,0.0,0.0
2008-09-29 00:00:00+09:00,756.8310259650735,756.8310259650735,731.0299682617188,731.0299682617188,27500,0.0,0.0
2008-09-30 00:00:00+09:00,694.4783724126128,695.195068359375,694.4783724126128,695.195068359375,27500,0.0,0.0
2008-10-01 00:00:00+09:00,695.1951885022615,695.1951885022615,680.8612670898438,680.8612670898438,27500,0.0,0.0
2008-10-02 00:00:00+09:00,681.5778646005384,681.5778646005384,677.994384765625,677.994384765625,27500,0.0,0.0
2008-10-03 00:00:00+09:00,666.5272327884646,693.0449829101562,666.5272327884646,693.0449829101562,27500,0.0,0.0
2008-10-06 00:00:00+09:00,689.4616179435484,689.4616179435484,666.52734375,666.52734375,27500,0.0,0.0
2008-10-07 00:00:00+09:00,653.6267203582069,661.5103759765625,653.6267203582069,661.5103759765625,27500,0.0,0.0
2008-10-08 00:00:00+09:00,661.5102849058798,661.5102849058798,589.8406982421875,589.8406982421875,27500,0.0,0.0
2008-10-09 00:00:00+09:00,564.0397058627948,569.7732733938017,543.972219504271,552.5725708007812,16700,0.0,0.0
2008-10-10 00:00:00+09:00,552.5725108364172,552.5725108364172,490.219970703125,490.219970703125,16700,0.0,0.0
2008-10-14 00:00:00+09:00,561.173135329266,561.8898315429688,561.173135329266,561.8898315429688,16700,0.0,0.0
2008-10-15 00:00:00+09:00,593.424279074067,593.424279074067,590.5574951171875,590.5574951171875,16700,0.0,0.0
2008-10-16 00:00:00+09:00,590.5575663126871,598.4412231445312,590.5575663126871,598.4412231445312,16700,0.0,0.0
2008-10-17 00:00:00+09:00,629.97578008416,645.0263959906075,611.3416841999868,637.8594360351562,10400,0.0,0.0
2008-10-20 00:00:00+09:00,666.5271982850559,669.3939819335938,666.5271982850559,669.3939819335938,10400,0.0,0.0
2008-10-21 00:00:00+09:00,711.6791512893021,711.6791512893021,700.9287109375,700.9287109375,10400,0.0,0.0
2008-10-22 00:00:00+09:00,695.9118248235587,695.9118248235587,678.7111206054688,678.7111206054688,10400,0.0,0.0
2008-10-23 00:00:00+09:00,642.8762891614759,642.8762891614759,636.426025390625,636.426025390625,10400,0.0,0.0
2008-10-24 00:00:00+09:00,665.093856692447,665.093856692447,642.8762817382812,642.8762817382812,10400,0.0,0.0
2008-10-27 00:00:00+09:00,642.8762105305989,642.8762105305989,593.4241943359375,593.4241943359375,10400,0.0,0.0
2008-10-28 00:00:00+09:00,569.0565299713354,597.724365234375,569.0565299713354,597.724365234375,10400,0.0,0.0
2008-10-29 00:00:00+09:00,598.4410778543224,659.3602294921875,598.4410778543224,659.3602294921875,10400,0.0,0.0
2008-10-30 00:00:00+09:00,659.3603758550995,720.279541015625,659.3603758550995,720.279541015625,10400,0.0,0.0
2008-10-31 00:00:00+09:00,721.7127745828511,721.7127745828511,696.62841796875,696.62841796875,10400,0.0,0.0
2008-11-04 00:00:00+09:00,697.3452552926951,697.3452552926951,665.0939331054688,665.0939331054688,10400,0.0,0.0
2008-11-05 00:00:00+09:00,666.5271900318287,696.62841796875,666.5271900318287,696.62841796875,10400,0.0,0.0
2008-11-06 00:00:00+09:00,662.9437588229038,662.9437588229038,651.4766235351562,651.4766235351562,10400,0.0,0.0
2008-11-07 00:00:00+09:00,627.1088656769496,627.8255615234375,627.1088656769496,627.8255615234375,10400,0.0,0.0
2008-11-10 00:00:00+09:00,629.259026184426,642.8762488467314,627.825634325236,635.7092895507812,12800,0.0,0.0
2008-11-11 00:00:00+09:00,591.9908219096817,613.49169921875,591.9908219096817,613.49169921875,12800,0.0,0.0
2008-11-12 00:00:00+09:00,571.9235785348075,572.6402747485103,544.6891224141024,561.8898315429688,15100,0.0,0.0
2008-11-13 00:00:00+09:00,518.8879367665706,521.0380249023438,518.8879367665706,521.0380249023438,15100,0.0,0.0
2008-11-14 00:00:00+09:00,521.7547977528674,538.9555053710938,521.7547977528674,538.9555053710938,15100,0.0,0.0
2008-11-17 00:00:00+09:00,554.7227172851562,554.7227172851562,554.7227172851562,554.7227172851562,15100,0.0,0.0
2008-11-18 00:00:00+09:00,555.4393980238173,567.6232299804688,555.4393980238173,567.6232299804688,15100,0.0,0.0
2008-11-19 00:00:00+09:00,562.6063345904327,570.489990234375,562.6063345904327,570.489990234375,15100,0.0,0.0
2008-11-20 00:00:00+09:00,571.2066722424502,571.2066722424502,564.7564086914062,564.7564086914062,15100,0.0,0.0
2008-11-21 00:00:00+09:00,564.7564530222039,564.7564530222039,544.68896484375,544.68896484375,15100,0.0,0.0
2008-11-25 00:00:00+09:00,545.4055185052413,566.189697265625,545.4055185052413,566.189697265625,22400,0.0,0.0
2008-11-26 00:00:00+09:00,566.189697265625,566.189697265625,566.189697265625,566.189697265625,22400,0.0,0.0
2008-11-27 00:00:00+09:00,569.7733527114711,569.7733527114711,556.1561279296875,556.1561279296875,22400,0.0,0.0
2008-11-28 00:00:00+09:00,556.8728082690491,569.056640625,556.8728082690491,569.056640625,22400,0.0,0.0
2008-12-01 00:00:00+09:00,569.0566323304788,569.0566323304788,559.0228881835938,559.0228881835938,22400,0.0,0.0
2008-12-02 00:00:00+09:00,559.0227148298189,559.0227148298189,502.40374755859375,502.40374755859375,22400,0.0,0.0
2008-12-03 00:00:00+09:00,514.587743266245,514.587743266245,510.2875671386719,510.2875671386719,22400,0.0,0.0
2008-12-04 00:00:00+09:00,513.8708663277004,513.8708663277004,494.52008056640625,494.52008056640625,22400,0.0,0.0
2008-12-05 00:00:00+09:00,495.2367561048969,506.7038879394531,495.2367561048969,506.7038879394531,22400,0.0,0.0
2008-12-08 00:00:00+09:00,518.1713257657407,532.5052490234375,518.1713257657407,532.5052490234375,22400,0.0,0.0
2008-12-09 00:00:00+09:00,535.3719161097036,535.3719161097036,528.2049560546875,528.2049560546875,22400,0.0,0.0
2008-12-10 00:00:00+09:00,528.9215610351562,537.5219116210938,528.9215610351562,537.5219116210938,22400,0.0,0.0
2008-12-11 00:00:00+09:00,531.071856853149,561.173095703125,531.071856853149,561.173095703125,22400,0.0,0.0
2008-12-12 00:00:00+09:00,561.8897279540394,563.3231201171875,561.8897279540394,563.3231201171875,22400,0.0,0.0
2008-12-15 00:00:00+09:00,588.4074096679688,588.4074096679688,588.4074096679688,588.4074096679688,22400,0.0,0.0
2008-12-16 00:00:00+09:00,553.2893384850544,560.456298828125,553.2893384850544,560.456298828125,11000,0.0,0.0
2008-12-17 00:00:00+09:00,561.1729974532662,574.7902221679688,561.1729974532662,574.7902221679688,6900,0.0,0.0
2008-12-18 00:00:00+09:00,585.5406546822018,585.5406546822018,581.240478515625,581.240478515625,6800,0.0,0.0
2008-12-19 00:00:00+09:00,570.489990234375,570.489990234375,570.489990234375,570.489990234375,4600,0.0,0.0
2008-12-22 00:00:00+09:00,570.4900139702692,570.4900139702692,567.6232299804688,567.6232299804688,22000,0.0,0.0
2008-12-24 00:00:00+09:00,567.6230889042722,567.6230889042722,566.189697265625,566.189697265625,16400,0.0,0.0
2008-12-25 00:00:00+09:00,579.8070417665967,589.1240894093232,555.4393787010043,584.8239135742188,15600,0.0,0.0
2008-12-26 00:00:00+09:00,601.3078687436113,613.49169921875,592.707517819984,613.49169921875,64400,0.0,0.0
2008-12-29 00:00:00+09:00,641.4429059419822,648.6098657849094,634.9926420833477,646.4597778320312,29600,0.0,0.0
2008-12-30 00:00:00+09:00,624.958761935764,650.7598117404514,623.525370279948,645.0262451171875,9800,0.0,0.0
2009-01-05 00:00:00+09:00,644.3096407059214,644.3096407059214,631.4091139732111,635.7092895507812,1400,0.0,0.0
2009-01-06 00:00:00+09:00,633.5592651367188,633.5592651367188,633.5592651367188,633.5592651367188,39200,0.0,0.0
2009-01-07 00:00:00+09:00,629.9757363129539,629.9757363129539,622.8087768554688,622.8087768554688,44400,0.0,0.0
2009-01-08 00:00:00+09:00,602.7413674840387,607.7582397460938,602.7413674840387,607.7582397460938,21700,0.0,0.0
2009-01-09 00:00:00+09:00,622.092239572147,625.6757202148438,622.092239572147,625.6757202148438,17500,0.0,0.0
2009-01-13 00:00:00+09:00,591.9910370209226,591.9910370209226,585.540771484375,585.540771484375,35100,0.0,0.0
2009-01-14 00:00:00+09:00,584.8238900533537,587.690673828125,584.8238900533537,587.690673828125,17300,0.0,0.0
2009-01-15 00:00:00+09:00,598.4410190125972,599.15771484375,598.4410190125972,599.15771484375,23800,0.0,0.0
2009-01-16 00:00:00+09:00,632.1258914103237,632.1258914103237,618.5086669921875,618.5086669921875,40100,0.0,0.0
2009-01-19 00:00:00+09:00,636.4259854803762,636.4259854803762,635.7092895507812,635.7092895507812,25000,0.0,0.0
2009-01-20 00:00:00+09:00,626.392225604191,626.392225604191,613.49169921875,613.49169921875,10400,0.0,0.0
2009-01-21 00:00:00+09:00,608.4748324046416,609.1915283203125,608.4748324046416,609.1915283203125,20800,0.0,0.0
2009-01-22 00:00:00+09:00,609.9082657663446,626.3922729492188,609.9082657663446,626.3922729492188,5500,0.0,0.0
2009-01-23 00:00:00+09:00,627.1090869169112,627.1090869169112,614.2085571289062,614.2085571289062,5300,0.0,0.0
2009-01-26 00:00:00+09:00,614.208473102,633.5592651367188,614.208473102,633.5592651367188,5400,0.0,0.0
2009-01-27 00:00:00+09:00,645.0262451171875,646.4596367730035,640.7260701497396,645.0262451171875,14600,0.0,0.0
2009-01-28 00:00:00+09:00,645.7430558912824,651.4766235351562,645.7430558912824,651.4766235351562,10000,0.0,0.0
2009-01-29 00:00:00+09:00,667.9605269243013,667.9605269243013,650.7598266601562,650.7598266601562,11800,0.0,0.0
2009-01-30 00:00:00+09:00,650.7599474201095,650.7599474201095,634.2759399414062,634.2759399414062,6900,0.0,0.0
2009-02-02 00:00:00+09:00,634.2759260919238,634.2759260919238,628.5423583984375,628.5423583984375,6900,0.0,0.0
2009-02-03 00:00:00+09:00,631.4092407226562,631.4092407226562,631.4092407226562,631.4092407226562,12100,0.0,0.0
2009-02-04 00:00:00+09:00,626.39230512386,643.5930091547211,626.39230512386,633.5592651367188,6600,0.0,0.0
2009-02-05 00:00:00+09:00,644.3095492892795,645.0262451171875,644.3095492892795,645.0262451171875,12800,0.0,0.0
2009-02-06 00:00:00+09:00,645.742957685636,645.742957685636,627.8255615234375,627.8255615234375,6400,0.0,0.0
2009-02-09 00:00:00+09:00,628.5424717804715,628.5424717804715,604.1748046875,604.1748046875,4300,0.0,0.0
2009-02-10 00:00:00+09:00,611.341688344426,621.3754323500789,604.1747283403881,617.0752563476562,3300,0.0,0.0
2009-02-12 00:00:00+09:00,610.6250638388914,610.6250638388914,608.4749755859375,608.4749755859375,2900,0.0,0.0
2009-02-13 00:00:00+09:00,629.2590656452351,636.426025390625,629.2590656452351,636.426025390625,7800,0.0,0.0
2009-02-16 00:00:00+09:00,648.6099243164062,648.6099243164062,648.6099243164062,648.6099243164062,10300,0.0,0.0
2009-02-17 00:00:00+09:00,643.5929801650761,643.5929801650761,640.7261962890625,640.7261962890625,4800,0.0,0.0
2009-02-18 00:00:00+09:00,645.7429409450955,645.7429409450955,645.0262451171875,645.0262451171875,5200,0.0,0.0
2009-02-19 00:00:00+09:00,644.3097561427525,644.3097561427525,642.15966796875,642.15966796875,9400,0.0,0.0
2009-02-20 00:00:00+09:00,647.1763326009115,647.1763326009115,645.0262451171875,645.0262451171875,12200,0.0,0.0
2009-02-23 00:00:00+09:00,644.3096923828125,645.0263883698901,642.1596044215795,644.3096923828125,4100,0.0,0.0
2009-02-24 00:00:00+09:00,644.3095492892795,645.0262451171875,644.3095492892795,645.0262451171875,4600,0.0,0.0
2009-02-25 00:00:00+09:00,637.1425910101997,645.0262451171875,637.1425910101997,645.0262451171875,5800,0.0,0.0
2009-02-26 00:00:00+09:00,645.7429409450955,645.7429409450955,645.0262451171875,645.0262451171875,7700,0.0,0.0
2009-02-27 00:00:00+09:00,644.3097295581568,647.176513671875,644.3097295581568,647.176513671875,12600,0.0,0.0
2009-03-02 00:00:00+09:00,647.1763326009115,647.1763326009115,645.0262451171875,645.0262451171875,6000,0.0,0.0
2009-03-03 00:00:00+09:00,639.292809288781,639.292809288781,630.692457594313,636.426025390625,4000,0.0,0.0
2009-03-04 00:00:00+09:00,627.1088494194879,645.0262451171875,627.1088494194879,645.0262451171875,7100,0.0,0.0
2009-03-05 00:00:00+09:00,645.0262451171875,645.0262451171875,645.0262451171875,645.0262451171875,20500,0.0,0.0
2009-03-06 00:00:00+09:00,645.7429409450955,645.7429409450955,645.0262451171875,645.0262451171875,14000,0.0,0.0
2009-03-09 00:00:00+09:00,645.7430919861526,645.7430919861526,637.8594360351562,637.8594360351562,4500,0.0,0.0
2009-03-10 00:00:00+09:00,632.8426219090102,640.0095825195312,632.8426219090102,640.0095825195312,2200,0.0,0.0
2009-03-11 00:00:00+09:00,645.0262451171875,645.0262451171875,645.0262451171875,645.0262451171875,7200,0.0,0.0
2009-03-12 00:00:00+09:00,645.0263883698901,645.0263883698901,644.3096923828125,644.3096923828125,8800,0.0,0.0
2009-03-13 00:00:00+09:00,644.3096786139389,644.3096786139389,638.5761108398438,638.5761108398438,34300,0.0,0.0
2009-03-16 00:00:00+09:00,647.176431503971,647.8931274414062,641.4428640044896,647.8931274414062,15600,0.0,0.0
2009-03-17 00:00:00+09:00,642.8763640267508,642.8763640267508,642.15966796875,642.15966796875,11700,0.0,0.0
2009-03-18 00:00:00+09:00,649.3266285487583,649.3266285487583,642.15966796875,642.15966796875,7300,0.0,0.0
2009-03-19 00:00:00+09:00,642.1596044215795,644.3096923828125,642.1596044215795,644.3096923828125,13400,0.0,0.0
2009-03-23 00:00:00+09:00,647.1765452256469,654.343505859375,647.1765452256469,654.343505859375,29300,0.0,0.0
2009-03-24 00:00:00+09:00,644.3095492892795,645.0262451171875,644.3095492892795,645.0262451171875,25000,0.0,0.0
2009-03-25 00:00:00+09:00,644.3097217626739,653.6267700195312,644.3097217626739,653.6267700195312,16800,0.0,0.0
2009-03-26 00:00:00+09:00,657.6410951741536,657.6410951741536,656.9111938476562,656.9111938476562,19200,16.5,0.0
2009-03-27 00:00:00+09:00,656.1813105880618,657.64111328125,656.1813105880618,657.64111328125,15000,0.0,0.0
2009-03-30 00:00:00+09:00,656.9112324393918,656.9112324393918,651.072021484375,651.072021484375,10400,0.0,0.0
2009-03-31 00:00:00+09:00,651.8019228537521,651.8019228537521,651.072021484375,651.072021484375,10700,0.0,0.0
2009-04-01 00:00:00+09:00,669.319849766799,669.319849766799,667.8600463867188,667.8600463867188,20100,0.0,0.0
2009-04-02 00:00:00+09:00,668.5898052946891,704.35498046875,668.5898052946891,704.35498046875,38200,0.0,0.0
2009-04-03 00:00:00+09:00,697.7856626440864,698.5155639648438,697.7856626440864,698.5155639648438,14800,0.0,0.0
2009-04-06 00:00:00+09:00,703.6249709780695,703.6249709780695,699.9754638671875,699.9754638671875,9500,0.0,0.0
2009-04-07 00:00:00+09:00,700.7052631578947,700.7052631578947,693.40625,693.40625,6100,0.0,0.0
2009-04-08 00:00:00+09:00,664.2103914450142,672.9692097937398,659.8309822706516,669.3197021484375,8600,0.0,0.0
2009-04-09 00:00:00+09:00,678.0785508911907,690.4868774414062,678.0785508911907,690.4868774414062,8400,0.0,0.0
2009-04-10 00:00:00+09:00,672.2391650074244,675.888671875,672.2391650074244,675.888671875,3800,0.0,0.0
2009-04-13 00:00:00+09:00,674.4288802608368,678.8082885742188,674.4288802608368,678.8082885742188,7100,0.0,0.0
2009-04-14 00:00:00+09:00,673.6988721718152,673.6988721718152,667.1297607421875,667.1297607421875,15300,0.0,0.0
2009-04-15 00:00:00+09:00,668.589674461281,668.589674461281,664.2102661132812,664.2102661132812,5900,0.0,0.0
2009-04-16 00:00:00+09:00,664.2103068033855,683.187744140625,664.2103068033855,683.187744140625,21000,0.0,0.0
2009-04-17 00:00:00+09:00,683.9175328947368,693.40625,683.9175328947368,693.40625,14700,0.0,0.0
2009-04-20 00:00:00+09:00,693.406254719542,698.5155639648438,691.2165507572697,698.5155639648438,14100,0.0,0.0
2009-04-21 00:00:00+09:00,676.618627312109,678.0784301757812,671.5093172892559,678.0784301757812,11800,0.0,0.0
2009-04-22 00:00:00+09:00,672.9689619085761,672.9689619085761,649.6121215820312,649.6121215820312,22900,0.0,0.0
2009-04-23 00:00:00+09:00,649.6123083618572,654.7216186523438,649.6123083618572,654.7216186523438,22400,0.0,0.0
2009-04-24 00:00:00+09:00,648.1525088958568,648.1525088958568,647.422607421875,647.422607421875,14600,0.0,0.0
2009-04-27 00:00:00+09:00,648.1524658203125,648.1524658203125,648.1524658203125,648.1524658203125,12000,0.0,0.0
2009-04-28 00:00:00+09:00,650.3423459802119,650.3423459802119,632.82470703125,632.82470703125,6700,0.0,0.0
2009-04-30 00:00:00+09:00,667.8597529800484,667.8597529800484,651.072021484375,651.072021484375,12500,0.0,0.0
2009-05-01 00:00:00+09:00,664.9402209690638,664.9402209690638,653.99169921875,653.99169921875,5400,0.0,0.0
2009-05-07 00:00:00+09:00,671.50927734375,671.50927734375,671.50927734375,671.50927734375,11200,0.0,0.0
2009-05-08 00:00:00+09:00,664.9401675046146,664.9401675046146,664.2102661132812,664.2102661132812,11900,0.0,0.0
2009-05-11 00:00:00+09:00,664.9401313008716,664.9401313008716,662.7504272460938,662.7504272460938,5100,0.0,0.0
2009-05-12 00:00:00+09:00,662.7505605780183,662.7505605780183,640.853515625,640.853515625,7500,0.0,0.0
2009-05-13 00:00:00+09:00,656.9111938476562,656.9111938476562,653.9915885416666,656.9111938476562,3400,0.0,0.0
2009-05-14 00:00:00+09:00,643.7731107461332,656.1814360099476,641.5834062878131,650.3422241210938,9700,0.0,0.0
2009-05-15 00:00:00+09:00,657.6410588389781,657.6410588389781,655.4513549804688,655.4513549804688,5700,0.0,0.0
2009-05-18 00:00:00+09:00,647.4226538304653,651.8020629882812,647.4226538304653,651.8020629882812,11600,0.0,0.0
2009-05-19 00:00:00+09:00,649.6121805826823,656.9111938476562,649.6121805826823,656.9111938476562,10000,0.0,0.0
2009-05-20 00:00:00+09:00,657.6412605395969,657.6412605395969,656.1814575195312,656.1814575195312,19900,0.0,0.0
2009-05-21 00:00:00+09:00,653.261797768729,653.99169921875,653.261797768729,653.99169921875,3700,0.0,0.0
2009-05-22 00:00:00+09:00,659.8308310055867,659.8308310055867,653.26171875,653.26171875,6700,0.0,0.0
2009-05-25 00:00:00+09:00,663.4804077148438,663.4804077148438,663.4804077148438,663.4804077148438,12300,0.0,0.0
2009-05-26 00:00:00+09:00,667.1299401465167,667.8598416127601,659.1010240178387,662.0206298828125,12200,0.0,0.0
2009-05-27 00:00:00+09:00,667.1298124186197,667.1298124186197,656.9111938476562,656.9111938476562,12800,0.0,0.0
2009-05-28 00:00:00+09:00,657.6410442327253,667.1297607421875,657.6410442327253,667.1297607421875,12600,0.0,0.0
2009-05-29 00:00:00+09:00,667.8597367072421,667.8597367072421,662.7504272460938,662.7504272460938,24600,0.0,0.0
2009-06-01 00:00:00+09:00,672.2391538144192,677.3484633439533,671.5092524530571,672.9690551757812,20300,0.0,0.0
2009-06-02 00:00:00+09:00,673.6991415205264,690.4868774414062,673.6991415205264,690.4868774414062,27800,0.0,0.0
2009-06-03 00:00:00+09:00,690.7494575603838,690.7494575603838,680.9979858398438,680.9979858398438,14000,0.0,0.0
2009-06-04 00:00:00+09:00,697.0559578887687,706.544677734375,697.0559578887687,706.544677734375,22800,0.0,0.0
2009-06-05 00:00:00+09:00,702.1652365967818,702.1652365967818,695.5961231566872,697.7858276367188,9800,0.0,0.0
2009-06-08 00:00:00+09:00,690.4867624260588,690.4867624260588,688.2970581054688,688.2970581054688,8200,0.0,0.0
2009-06-09 00:00:00+09:00,692.6765568085361,692.6765568085361,691.9466552734375,691.9466552734375,7300,0.0,0.0
2009-06-10 00:00:00+09:00,694.8662928263346,700.7055053710938,694.8662928263346,700.7055053710938,17200,0.0,0.0
2009-06-11 00:00:00+09:00,703.6250358881665,707.2745433357192,702.895134398656,705.0848388671875,5500,0.0,0.0
2009-06-12 00:00:00+09:00,694.8662037794502,708.0044303214987,692.6764993557755,697.055908203125,26100,0.0,0.0
2009-06-15 00:00:00+09:00,689.0268467949975,699.2454652856012,682.4577349081808,698.5155639648438,10800,0.0,0.0
2009-06-16 00:00:00+09:00,678.8082410143567,697.0557743749577,672.9690303389644,674.4288330078125,21900,0.0,0.0
2009-06-17 00:00:00+09:00,671.5092661495291,671.5092661495291,662.0205482582859,668.5896606445312,15800,0.0,0.0
2009-06-18 00:00:00+09:00,667.8598561006434,671.5093635110294,662.7505457261029,670.049560546875,7400,0.0,0.0
2009-06-19 00:00:00+09:00,667.1299401465167,667.1299401465167,660.5608269503256,662.0206298828125,15800,0.0,0.0
2009-06-22 00:00:00+09:00,673.6992599070398,680.268375117401,667.8600463867188,667.8600463867188,13100,0.0,0.0
2009-06-23 00:00:00+09:00,656.9113696532393,664.9402863934455,656.9113696532393,659.10107421875,14800,0.0,0.0
2009-06-24 00:00:00+09:00,657.6412064688546,659.1010093688965,653.99169921875,653.99169921875,14100,0.0,0.0
2009-06-25 00:00:00+09:00,657.6411023160596,683.917550355325,657.6411023160596,674.4288330078125,23500,0.0,0.0
2009-06-26 00:00:00+09:00,678.0784589943079,689.0269809371654,676.6186560685935,681.7279663085938,16700,0.0,0.0
2009-06-29 00:00:00+09:00,681.7279842601102,683.1877872242646,665.6701516544117,670.049560546875,22100,0.0,0.0
2009-06-30 00:00:00+09:00,676.6185775707772,683.9175913525548,676.6185775707772,680.9979858398438,7400,0.0,0.0
2009-07-01 00:00:00+09:00,688.2969850845567,736.470475026848,686.8371823590327,724.7920532226562,29000,0.0,0.0
2009-07-02 00:00:00+09:00,730.6312482094742,744.4993737998637,726.2518401282985,736.470458984375,20700,0.0,0.0
2009-07-03 00:00:00+09:00,729.9014574860873,751.79850121067,713.8436254213934,745.9592895507812,12400,0.0,0.0
2009-07-06 00:00:00+09:00,745.2293804713657,745.2293804713657,729.9014500209263,735.7406616210938,6800,0.0,0.0
2009-07-07 00:00:00+09:00,735.7406798245614,761.2872312073587,735.7406798245614,748.87890625,10000,0.0,0.0
2009-07-08 00:00:00+09:00,737.2005363132643,749.6088621720023,735.7407332710598,738.6603393554688,9500,0.0,0.0
2009-07-09 00:00:00+09:00,740.1200381370311,764.2067849403073,738.6602353004689,739.39013671875,15700,0.0,0.0
2009-07-10 00:00:00+09:00,766.3965125993498,766.3965125993498,752.5283852285044,757.6376953125,14800,0.0,0.0
2009-07-13 00:00:00+09:00,748.1488553282061,759.0973751622774,737.9302368164062,737.9302368164062,16400,0.0,0.0
2009-07-14 00:00:00+09:00,732.8210558210101,751.7984935215541,728.4416471208845,735.7406616210938,12400,0.0,0.0
2009-07-15 00:00:00+09:00,732.0912803389983,737.2005913682834,706.5447251925726,728.4417724609375,13400,0.0,0.0
2009-07-16 00:00:00+09:00,735.740701171875,740.8500115966797,729.9014892578125,729.9014892578125,7200,0.0,0.0
2009-07-17 00:00:00+09:00,741.5798875881051,744.4994934447511,731.3612670898438,731.3612670898438,8200,0.0,0.0
2009-07-21 00:00:00+09:00,743.039691114978,761.2872277337152,726.2519574257398,756.1779174804688,10700,0.0,0.0
2009-07-22 00:00:00+09:00,756.9078511245378,764.936767578125,754.7181466371959,764.936767578125,8200,0.0,0.0
2009-07-23 00:00:00+09:00,766.3965054822587,766.3965054822587,755.4479839753692,759.827392578125,4600,0.0,0.0
2009-07-24 00:00:00+09:00,755.4479948344984,766.3965164987665,751.0685861687912,762.7470092773438,8700,0.0,0.0
2009-07-27 00:00:00+09:00,765.666555401071,784.6439914739288,757.6376401394773,775.1552734375,6200,0.0,0.0
2009-07-28 00:00:00+09:00,779.5347497394584,779.5347497394584,751.068593147849,760.5573120117188,3000,0.0,0.0
2009-07-29 00:00:00+09:00,760.5573125304312,772.9656372070312,760.5573125304312,772.9656372070312,4500,0.0,0.0
2009-07-30 00:00:00+09:00,764.9367212398195,773.695538658596,759.8274110788665,772.9656372070312,8700,0.0,0.0
2009-07-31 00:00:00+09:00,779.5345874492939,780.9943900475135,759.0973510742188,759.0973510742188,6000,0.0,0.0
2009-08-03 00:00:00+09:00,772.9654606905851,772.9654606905851,766.3963491266425,770.7757568359375,6900,0.0,0.0
2009-08-04 00:00:00+09:00,780.9944887937398,780.9944887937398,769.3160665314035,780.2645874023438,4900,0.0,0.0
2009-08-05 00:00:00+09:00,780.2645874023438,783.9140943593238,770.7758693141956,780.2645874023438,7700,0.0,0.0
2009-08-06 00:00:00+09:00,772.9655900830218,780.9945055607491,767.8562802335589,768.586181640625,16700,0.0,0.0
2009-08-07 00:00:00+09:00,766.396523620254,767.1264250713209,737.9303670286446,760.5573120117188,9700,0.0,0.0
2009-08-10 00:00:00+09:00,770.7759140850144,770.7759140850144,756.1778854091618,759.827392578125,5600,0.0,0.0
2009-08-11 00:00:00+09:00,765.6665375589988,777.3449594855422,764.2067348181808,774.4253540039062,5700,0.0,0.0
2009-08-12 00:00:00+09:00,763.4768271230112,772.2356434953592,756.1778134793876,756.90771484375,9500,0.0,0.0
2009-08-13 00:00:00+09:00,771.5057441378455,775.1552509691503,756.9077168126261,769.3160400390625,4800,0.0,0.0
2009-08-14 00:00:00+09:00,762.0171257879721,779.5347608635576,762.0171257879721,763.4769287109375,7400,0.0,0.0
2009-08-17 00:00:00+09:00,763.4769395228794,773.6955601283482,751.7985159737723,766.3965454101562,12300,0.0,0.0
2009-08-18 00:00:00+09:00,729.9014500209263,744.4994790213449,722.6024355207171,735.7406616210938,24100,0.0,0.0
2009-08-19 00:00:00+09:00,733.5508288827776,750.3385592950203,733.5508288827776,737.9302368164062,7700,0.0,0.0
2009-08-20 00:00:00+09:00,752.5283330184878,769.3160649868925,748.148924678904,767.8562622070312,13400,0.0,0.0
2009-08-21 00:00:00+09:00,759.0975085746951,767.1264245307736,743.7695781130907,748.1489868164062,10200,0.0,0.0
2009-08-24 00:00:00+09:00,748.8788017837553,784.6439687305428,748.8788017837553,769.3160400390625,11100,0.0,0.0
2009-08-25 00:00:00+09:00,764.9366955519636,772.965611249551,750.3386670108955,762.01708984375,6700,0.0,0.0
2009-08-26 00:00:00+09:00,757.6376953125,771.5058226833454,748.1489765850795,757.6376953125,20000,0.0,0.0
2009-08-27 00:00:00+09:00,754.7181975337757,759.8275083488012,742.3098712687136,749.60888671875,11400,0.0,0.0
2009-08-28 00:00:00+09:00,748.8789349027795,765.6666693109315,748.1490334067729,752.5284423828125,8000,0.0,0.0
2009-08-31 00:00:00+09:00,754.7181396484375,778.8048887861536,753.2583366703941,754.7181396484375,9600,0.0,0.0
2009-09-02 00:00:00+09:00,751.7983850061718,751.7983850061718,733.5508513895171,743.7694702148438,16900,0.0,0.0
2009-09-03 00:00:00+09:00,743.7695814010544,748.8788915775092,740.1200741321583,740.8499755859375,6700,0.0,0.0
2009-09-04 00:00:00+09:00,734.2809489912777,741.5799643888053,718.2231151167169,726.98193359375,20800,0.0,0.0
2009-09-07 00:00:00+09:00,729.9013963386194,743.0396214727145,729.9013963386194,733.5509033203125,8300,0.0,0.0
2009-09-08 00:00:00+09:00,736.4705630711146,736.4705630711146,729.1715485709054,735.7406616210938,8500,0.0,0.0
2009-09-09 00:00:00+09:00,732.8210158400589,736.4705228910551,726.9818045584648,729.1715087890625,10400,0.0,0.0
2009-09-10 00:00:00+09:00,735.0107996826172,740.8500115966797,729.1715877685547,729.9014892578125,12000,0.0,0.0
2009-09-11 00:00:00+09:00,729.9013627619902,729.9013627619902,724.0621518598942,724.7920532226562,31900,0.0,0.0
2009-09-14 00:00:00+09:00,726.2518809421512,732.0910920452037,721.1425712269803,723.332275390625,14400,0.0,0.0
2009-09-15 00:00:00+09:00,730.6314306566792,730.6314306566792,724.0623168945312,724.0623168945312,8100,0.0,0.0
2009-09-16 00:00:00+09:00,725.5220731847426,733.5509894875919,719.682861328125,719.682861328125,23600,0.0,0.0
2009-09-17 00:00:00+09:00,722.6024001256135,734.2808227539062,722.6024001256135,734.2808227539062,8800,0.0,0.0
2009-09-18 00:00:00+09:00,729.1714949422808,733.5509033203125,723.3322837715718,733.5509033203125,17300,0.0,0.0
2009-09-21 00:00:00+09:00,733.5509033203125,733.5509033203125,733.5509033203125,733.5509033203125,0,0.0,0.0
2009-09-24 00:00:00+09:00,732.8210019239739,736.470508905667,728.4415935459422,733.5509033203125,66400,0.0,0.0
2009-09-25 00:00:00+09:00,724.3122779861731,731.7032195982769,716.9213363740693,725.7904663085938,25200,12.5,0.0
2009-09-28 00:00:00+09:00,718.3995751449743,724.3123288498712,706.5740677351804,716.92138671875,15000,0.0,0.0
2009-09-29 00:00:00+09:00,709.530517578125,709.530517578125,703.617763264974,709.530517578125,11400,0.0,0.0
2009-09-30 00:00:00+09:00,702.8786689758301,709.530517578125,702.1395746866862,709.530517578125,10800,0.0,0.0
2009-10-01 00:00:00+09:00,709.5303453947369,709.5303453947369,694.7484631990131,702.139404296875,6800,0.0,0.0
2009-10-02 00:00:00+09:00,693.2704795006152,694.748668156267,673.3149326493183,685.1404418945312,10400,0.0,0.0
2009-10-05 00:00:00+09:00,677.7492762786009,684.401123046875,671.8365235956906,684.401123046875,8400,0.0,0.0
2009-10-06 00:00:00+09:00,684.401123046875,684.401123046875,671.0974295103267,684.401123046875,12300,0.0,0.0
2009-10-07 00:00:00+09:00,691.7923058618474,700.6614379882812,679.9667963599354,700.6614379882812,5100,0.0,0.0
2009-10-08 00:00:00+09:00,714.7039707000669,714.7039707000669,708.0521240234375,708.0521240234375,7700,0.0,0.0
2009-10-09 00:00:00+09:00,714.7039852632403,722.0949261656523,694.7484448267279,719.1385498046875,8600,0.0,0.0
2009-10-13 00:00:00+09:00,714.7039804178977,731.7031443781993,694.748440116674,730.9640502929688,8700,0.0,0.0
2009-10-14 00:00:00+09:00,735.398729908223,735.398729908223,699.9222082644093,724.3123168945312,13700,0.0,0.0
2009-10-15 00:00:00+09:00,731.7031722609233,736.8768310546875,724.3122311269747,736.8768310546875,10000,0.0,0.0
2009-10-16 00:00:00+09:00,738.3551050974223,740.5723876953125,736.8769166988288,740.5723876953125,8400,0.0,0.0
2009-10-19 00:00:00+09:00,742.7896702932027,742.7896702932027,735.3987283002355,740.5723876953125,18600,0.0,0.0
2009-10-20 00:00:00+09:00,739.0941798627555,743.528744941932,739.0941798627555,741.3114624023438,10100,0.0,0.0
2009-10-21 00:00:00+09:00,728.007701693949,739.0941133948721,714.7040076528413,736.8768310546875,5600,0.0,0.0
2009-10-22 00:00:00+09:00,736.1377507990057,736.1377507990057,727.2686212713069,731.7031860351562,9200,0.0,0.0
2009-10-23 00:00:00+09:00,732.4422607421875,739.8332018193033,728.7467902036295,732.4422607421875,8100,0.0,0.0
2009-10-26 00:00:00+09:00,733.1812835601899,739.8331298828125,732.4421895243429,739.8331298828125,16800,0.0,0.0
2009-10-27 00:00:00+09:00,737.6158477752716,741.3113179545064,731.7030954884959,739.8331298828125,17600,0.0,0.0
2009-10-28 00:00:00+09:00,739.0941836969639,739.0941836969639,724.3123000230246,727.2686767578125,10100,0.0,0.0
2009-10-29 00:00:00+09:00,725.0513721473834,739.0941612103807,722.0949955025419,725.7904663085938,12800,0.0,0.0
2009-10-30 00:00:00+09:00,718.3994726956672,737.6159194961687,716.1821903725324,732.4422607421875,10000,0.0,0.0
2009-11-02 00:00:00+09:00,725.0513472464336,725.0513472464336,717.6604058881621,722.094970703125,6700,0.0,0.0
2009-11-04 00:00:00+09:00,706.5741404215495,719.1387433369954,694.7486317952474,709.530517578125,7100,0.0,0.0
2009-11-05 00:00:00+09:00,702.1394796361346,707.3131389597693,695.4876319343186,696.9658203125,8700,0.0,0.0
2009-11-06 00:00:00+09:00,696.9657165527344,696.9657165527344,678.4883645762568,679.966552734375,9900,0.0,0.0
2009-11-09 00:00:00+09:00,687.35767534584,698.4440894643212,668.1412242071391,696.226806640625,11500,0.0,0.0
2009-11-10 00:00:00+09:00,703.6176483671543,716.1822492308536,696.2267066826254,697.7048950195312,13600,0.0,0.0
2009-11-11 00:00:00+09:00,705.0958667375654,713.2259029368455,691.0530769388089,705.8349609375,5000,0.0,0.0
2009-11-12 00:00:00+09:00,706.5741020336486,706.5741020336486,667.4021068372225,674.053955078125,7900,0.0,0.0
2009-11-13 00:00:00+09:00,677.7493007479459,688.0966183166169,671.8365478515625,671.8365478515625,5600,0.0,0.0
2009-11-16 00:00:00+09:00,671.8365450221182,678.4883920025352,669.6192626953125,669.6192626953125,10000,0.0,0.0
2009-11-17 00:00:00+09:00,665.1847597700438,668.1411364801329,651.8810645746429,653.3592529296875,6600,0.0,0.0
2009-11-18 00:00:00+09:00,653.3591590505009,668.1410404769829,653.3591590505009,659.2719116210938,8500,0.0,0.0
2009-11-19 00:00:00+09:00,651.8809326991139,667.401907287188,648.9245565870998,660.7500610351562,7900,0.0,0.0
2009-11-20 00:00:00+09:00,657.7938818689667,662.9675416140035,651.142033625348,655.5765991210938,9400,0.0,0.0
2009-11-24 00:00:00+09:00,662.9674464484671,662.9674464484671,642.2728104389273,645.2291870117188,7500,0.0,0.0
2009-11-25 00:00:00+09:00,642.2728810800671,654.098388671875,642.2728810800671,654.098388671875,4800,0.0,0.0
2009-11-26 00:00:00+09:00,657.7937676541047,657.7937676541047,645.2291675977904,645.96826171875,4300,0.0,0.0
2009-11-27 00:00:00+09:00,641.5336799978096,647.4464328088493,630.4472684771101,632.66455078125,7500,0.0,0.0
2009-11-30 00:00:00+09:00,655.5765584533221,673.3148193359375,651.1419932326684,673.3148193359375,18900,0.0,0.0
2009-12-01 00:00:00+09:00,668.1411558089718,691.7921701738911,668.1411558089718,687.3576049804688,11000,0.0,0.0
2009-12-02 00:00:00+09:00,687.3575633924668,694.0094107801358,674.7929627713141,686.6184692382812,8900,0.0,0.0
2009-12-03 00:00:00+09:00,701.4003348999648,722.094970703125,696.965770085002,722.094970703125,19100,0.0,0.0
2009-12-04 00:00:00+09:00,714.7041308319154,722.8341674804688,710.26956538725,722.8341674804688,5200,0.0,0.0
2009-12-07 00:00:00+09:00,715.4430647752479,721.3558173766962,695.4875247453598,708.0521240234375,13000,0.0,0.0
2009-12-08 00:00:00+09:00,708.0522826649172,729.486015647467,705.0959057018069,722.8341674804688,9000,0.0,0.0
2009-12-09 00:00:00+09:00,723.5730948634216,724.3121889337622,717.6603423006969,719.8776245117188,7300,0.0,0.0
2009-12-10 00:00:00+09:00,712.4868087369109,725.790504335733,694.7485479384817,705.8349609375,7300,0.0,0.0
2009-12-11 00:00:00+09:00,683.6619992902465,696.2265981961212,677.7492468639524,692.5311279296875,27900,0.0,0.0
2009-12-14 00:00:00+09:00,692.531376272733,709.5305455942622,665.1848864946209,676.2713012695312,11400,0.0,0.0
2009-12-15 00:00:00+09:00,668.8801662135769,687.3575188714104,668.8801662135769,683.6620483398438,8200,0.0,0.0
2009-12-16 00:00:00+09:00,684.4011861999704,705.8349166533172,684.4011861999704,702.8785400390625,10900,0.0,0.0
2009-12-17 00:00:00+09:00,717.6606078972796,724.3124569921051,698.4441549566728,700.6614379882812,9200,0.0,0.0
2009-12-18 00:00:00+09:00,693.2703712745949,699.9222191866113,688.0967117874711,698.4440307617188,5200,0.0,0.0
2009-12-21 00:00:00+09:00,701.4003550648177,701.4003550648177,688.8357543945312,688.8357543945312,9200,0.0,0.0
2009-12-22 00:00:00+09:00,688.0966101127177,693.2702688353697,679.9665749771217,681.4447631835938,17600,0.0,0.0
2009-12-24 00:00:00+09:00,679.9667090700384,685.8794630619518,672.5757665801467,674.053955078125,8400,0.0,0.0
2009-12-25 00:00:00+09:00,674.0538164830103,677.0101928710938,674.0538164830103,677.0101928710938,2600,0.0,0.0
2009-12-28 00:00:00+09:00,697.7049040010742,698.4439981790414,688.0966796875,688.0966796875,18400,0.0,0.0
2009-12-29 00:00:00+09:00,695.4876214671724,696.2267156451396,683.6621146196966,688.0966796875,4900,0.0,0.0
2009-12-30 00:00:00+09:00,681.4448513892389,692.5312643727949,681.4448513892389,687.3576049804688,6500,0.0,0.0
2010-01-04 00:00:00+09:00,678.4883867706498,700.6612098677298,678.4883867706498,681.4447631835938,4200,0.0,0.0
2010-01-05 00:00:00+09:00,700.6612581678048,707.3131055554738,686.6184692382812,686.6184692382812,4100,0.0,0.0
2010-01-06 00:00:00+09:00,697.7048646000804,699.9221470087671,682.9229818755024,689.5748291015625,6600,0.0,0.0
2010-01-07 00:00:00+09:00,696.2268043006189,701.4004642051883,685.8794844914803,694.009521484375,5200,0.0,0.0
2010-01-08 00:00:00+09:00,701.4005323321508,701.4005323321508,688.8359284863693,700.6614379882812,5300,0.0,0.0
2010-01-12 00:00:00+09:00,701.4003789780411,722.0950160817135,701.4003789780411,708.7913208007812,7400,0.0,0.0
2010-01-13 00:00:00+09:00,702.1394731603151,720.6168277171655,702.1394731603151,708.7913208007812,14500,0.0,0.0
2010-01-14 00:00:00+09:00,702.8784654971702,715.4430647752479,702.8784654971702,708.0521240234375,6500,0.0,0.0
2010-01-15 00:00:00+09:00,696.9658642681247,699.9222412109375,696.9658642681247,699.9222412109375,11000,0.0,0.0
2010-01-18 00:00:00+09:00,708.0522383759221,709.5304267650158,700.6612964304531,701.400390625,8200,0.0,0.0
2010-01-19 00:00:00+09:00,722.0950606291228,722.0950606291228,693.2703857421875,693.2703857421875,10200,0.0,0.0
2010-01-20 00:00:00+09:00,704.3565743524589,704.3565743524589,652.619994914188,666.6627807617188,27500,0.0,0.0
2010-01-21 00:00:00+09:00,665.1846151436325,677.7492134296789,662.2282390763274,668.1409912109375,17100,0.0,0.0
2010-01-22 00:00:00+09:00,666.6628132591845,666.6628132591845,652.6200267271174,660.7500610351562,13600,0.0,0.0
2010-01-25 00:00:00+09:00,665.1848020391949,665.1848020391949,654.098388671875,654.098388671875,7700,0.0,0.0
2010-01-26 00:00:00+09:00,665.1846521550958,669.6192165027965,650.4027709960938,650.4027709960938,9000,0.0,0.0
2010-01-27 00:00:00+09:00,648.9245933795797,651.141875589305,643.0118408203125,643.0118408203125,8600,0.0,0.0
2010-01-28 00:00:00+09:00,643.0118768063584,647.4464414739884,639.31640625,639.31640625,5700,0.0,0.0
2010-01-29 00:00:00+09:00,639.3165652252907,642.2729424055233,635.62109375,635.62109375,6100,0.0,0.0
2010-02-01 00:00:00+09:00,640.0556350797241,640.0556350797241,628.9692210771884,631.9255981445312,10800,0.0,0.0
2010-02-02 00:00:00+09:00,643.012144095345,648.9248994433481,630.4475389808382,640.7948608398438,9900,0.0,0.0
2010-02-03 00:00:00+09:00,648.9247412109374,660.7502490234375,646.7074584960938,646.7074584960938,5100,0.0,0.0
2010-02-04 00:00:00+09:00,650.402768003492,653.3591442216897,640.0554512398002,648.1854858398438,4600,0.0,0.0
2010-02-05 00:00:00+09:00,648.1855839987362,648.9246781652114,628.2300415039062,628.2300415039062,12100,0.0,0.0
2010-02-08 00:00:00+09:00,648.1855293009586,648.9246234050646,617.1435769285067,618.6217651367188,15000,0.0,0.0
2010-02-09 00:00:00+09:00,617.1436130083524,617.1436130083524,612.7090481244601,614.9263305664062,9800,0.0,0.0
2010-02-10 00:00:00+09:00,613.4480141554271,614.1871081483855,610.4916381835938,610.4916381835938,11100,0.0,0.0
2010-02-12 00:00:00+09:00,610.4916512252938,610.4916512252938,605.3179931640625,605.3179931640625,10100,0.0,0.0
2010-02-15 00:00:00+09:00,605.3181267774886,606.0572209493781,597.1880908867042,597.9271850585938,10800,0.0,0.0
2010-02-16 00:00:00+09:00,598.6663208007812,600.8836034704137,597.9272265775704,598.6663208007812,5600,0.0,0.0
2010-02-17 00:00:00+09:00,602.3617748663526,603.1008690686425,598.6663038549025,601.6226806640625,20700,0.0,0.0
2010-02-18 00:00:00+09:00,600.1445117307618,601.6227001833007,598.666323278223,600.8836059570312,6900,0.0,0.0
2010-02-19 00:00:00+09:00,600.8835617461517,601.6226559180411,597.1880908867042,597.9271850585938,10700,0.0,0.0
2010-02-22 00:00:00+09:00,603.1008690686425,606.0572458778025,600.1444922594825,601.6226806640625,32100,0.0,0.0
2010-02-23 00:00:00+09:00,600.8835563992207,602.3617447298461,592.0144264154684,593.4926147460938,27200,0.0,0.0
2010-02-24 00:00:00+09:00,589.0579804773595,589.0579804773595,582.4061337718435,586.8406982421875,17600,0.0,0.0
2010-02-25 00:00:00+09:00,587.5797923205781,588.3188863989687,583.8843219286248,586.8406982421875,12500,0.0,0.0
2010-02-26 00:00:00+09:00,586.1016704559327,598.6662712097168,585.3625762939454,591.2753295898438,10600,0.0,0.0
2010-03-01 00:00:00+09:00,591.2754755434783,597.188230298913,591.2754755434783,594.970947265625,6600,0.0,0.0
2010-03-02 00:00:00+09:00,595.7100284880655,603.1009717695551,595.7100284880655,602.3618774414062,27300,0.0,0.0
2010-03-03 00:00:00+09:00,598.6663208007812,603.1008861400463,597.9272265775704,598.6663208007812,11900,0.0,0.0
2010-03-04 00:00:00+09:00,603.8400793987772,603.8400793987772,594.970947265625,594.970947265625,7200,0.0,0.0
2010-03-05 00:00:00+09:00,596.4488619636087,604.5788960176355,596.4488619636087,603.1007080078125,12000,0.0,0.0
2010-03-08 00:00:00+09:00,606.0572120685067,611.2308711959207,603.10083542427,607.535400390625,11200,0.0,0.0
2010-03-09 00:00:00+09:00,622.3173140838367,622.3173140838367,614.1872779140954,615.6654663085938,7400,0.0,0.0
2010-03-10 00:00:00+09:00,615.6651494344076,623.7951814197359,615.6651494344076,620.8388061523438,8000,0.0,0.0
2010-03-11 00:00:00+09:00,616.4045242637325,626.0127482630472,615.665430109939,619.3609008789062,9500,0.0,0.0
2010-03-12 00:00:00+09:00,628.2300441513867,631.1864208297461,619.3609141163082,630.4473266601562,19800,0.0,0.0
2010-03-15 00:00:00+09:00,631.1863710260116,643.0118768063584,631.1863710260116,639.31640625,8400,0.0,0.0
2010-03-16 00:00:00+09:00,642.2727467504042,646.7073111698545,639.3163704707705,643.0118408203125,6900,0.0,0.0
2010-03-17 00:00:00+09:00,654.0983303173168,659.2719894271713,654.0983303173168,656.3156127929688,9600,0.0,0.0
2010-03-18 00:00:00+09:00,652.6200531699441,657.0546175176447,650.4027709960938,650.4027709960938,4600,0.0,0.0
2010-03-19 00:00:00+09:00,653.359153179229,657.7937175673233,651.1418709851818,654.8373413085938,6100,0.0,0.0
2010-03-23 00:00:00+09:00,660.0109833106566,660.7500773569171,657.793701171875,657.793701171875,6600,0.0,0.0
2010-03-24 00:00:00+09:00,657.0545809585436,668.1409912109375,656.3154869417174,668.1409912109375,18500,0.0,0.0
2010-03-25 00:00:00+09:00,662.967434945291,678.4884116831406,659.271964293422,668.8801879882812,13800,0.0,0.0
2010-03-26 00:00:00+09:00,679.9665916929854,694.7484741210938,677.7493093287691,694.7484741210938,24100,0.0,0.0
2010-03-29 00:00:00+09:00,700.3663784524668,700.3663784524668,689.1305541992188,689.1305541992188,9100,12.5,0.0
2010-03-30 00:00:00+09:00,685.385309480366,711.6022338867188,652.4268902266654,711.6022338867188,16700,0.0,0.0
2010-03-31 00:00:00+09:00,710.104232380097,710.104232380097,689.8797447490182,700.3665161132812,11400,0.0,0.0
2010-04-01 00:00:00+09:00,692.1268787873097,701.1155395507812,681.6401078965929,701.1155395507812,19700,0.0,0.0
2010-04-02 00:00:00+09:00,705.6099290014076,705.6099290014076,693.6250469801522,702.6137084960938,8800,0.0,0.0
2010-04-05 00:00:00+09:00,699.6172762191919,701.8644409179688,696.6210566208227,701.8644409179688,8900,0.0,0.0
2010-04-06 00:00:00+09:00,701.864626308176,703.3627365030707,699.6174610158339,700.3665161132812,9500,0.0,0.0
2010-04-07 00:00:00+09:00,707.1078826547556,709.3550475360737,700.3663880108013,704.8607177734375,14200,0.0,0.0
2010-04-08 00:00:00+09:00,705.609869932517,709.3551452506301,698.8683743599133,701.1155395507812,8400,0.0,0.0
2010-04-09 00:00:00+09:00,703.3626959202654,707.1079711914062,697.3702554864399,707.1079711914062,10900,0.0,0.0
2010-04-12 00:00:00+09:00,709.3551025390625,711.6022675946245,705.6098274464592,709.3551025390625,6600,0.0,0.0
2010-04-13 00:00:00+09:00,713.100468502769,714.598578730716,703.3627520211136,710.104248046875,7500,0.0,0.0
2010-04-14 00:00:00+09:00,711.6023652872461,711.6023652872461,701.1155935882762,705.6099243164062,7400,0.0,0.0
2010-04-15 00:00:00+09:00,704.1116509132345,714.598420182155,704.1116509132345,713.849365234375,7800,0.0,0.0
2010-04-16 00:00:00+09:00,713.8493772987098,714.5984322591491,704.1116628129981,704.8607177734375,7600,0.0,0.0
2010-04-19 00:00:00+09:00,697.3701626973381,698.8682726064624,683.1381185606577,686.1343383789062,9200,0.0,0.0
2010-04-20 00:00:00+09:00,686.1343972864754,689.1306173619622,682.3891221921169,687.6325073242188,3600,0.0,0.0
2010-04-21 00:00:00+09:00,692.1269191507382,695.8721946872682,689.8797538288203,694.3740844726562,10300,0.0,0.0
2010-04-22 00:00:00+09:00,683.1381772109886,688.3815623430904,673.4004619656565,687.6325073242188,13100,0.0,0.0
2010-04-23 00:00:00+09:00,679.3928378885066,690.628662109375,678.6437829404487,690.628662109375,7800,0.0,0.0
2010-04-26 00:00:00+09:00,693.6249911126539,706.3589272345924,693.6249911126539,699.617431640625,18400,0.0,0.0
2010-04-27 00:00:00+09:00,705.6099017954128,705.6099017954128,700.3665161132812,700.3665161132812,14900,0.0,0.0
2010-04-28 00:00:00+09:00,698.8682565297455,698.8682565297455,674.1494435978253,674.8984985351562,14900,0.0,0.0
2010-04-30 00:00:00+09:00,686.1343484840645,693.6248981400041,677.894743862531,678.643798828125,6200,0.0,0.0
2010-05-06 00:00:00+09:00,674.1495216498942,675.647631698005,662.9136962890625,662.9136962890625,19800,0.0,0.0
2010-05-07 00:00:00+09:00,637.4457339773099,644.9362831427308,637.4457339773099,641.9400634765625,15600,0.0,0.0
2010-05-10 00:00:00+09:00,637.4458254711776,668.906136481506,633.7005503509005,662.9136962890625,8600,0.0,0.0
2010-05-11 00:00:00+09:00,674.1494121678389,686.883345508787,671.1531925582041,675.6475219726562,11400,0.0,0.0
2010-05-12 00:00:00+09:00,680.8910124942879,680.8910124942879,665.1608570901294,665.909912109375,4200,0.0,0.0
2010-05-13 00:00:00+09:00,669.6552102225168,671.1533203125,668.9061551775251,671.1533203125,4100,0.0,0.0
2010-05-14 00:00:00+09:00,677.8948219734822,710.8532442572757,674.8986017658646,708.6060791015625,37100,0.0,0.0
2010-05-17 00:00:00+09:00,697.3701546408913,698.1192095867999,686.8833853981712,692.1267700195312,29500,0.0,0.0
2010-05-18 00:00:00+09:00,685.3853737800955,689.1306490466535,680.8910434602261,686.8834838867188,5500,0.0,0.0
2010-05-19 00:00:00+09:00,687.6324584152525,687.6324584152525,672.6513591033734,678.643798828125,8200,0.0,0.0
2010-05-20 00:00:00+09:00,681.6400011952128,681.6400011952128,644.9363088231628,645.6853637695312,18700,0.0,0.0
2010-05-21 00:00:00+09:00,634.4496371442115,645.6854630676627,632.9515270210846,640.4420776367188,11300,0.0,0.0
2010-05-24 00:00:00+09:00,638.943881189683,643.4382109518613,634.4495514275046,636.6967163085938,9500,0.0,0.0
2010-05-25 00:00:00+09:00,629.2060421674679,635.198480664301,608.2325074285524,613.4758911132812,23800,0.0,0.0
2010-05-26 00:00:00+09:00,614.9739726197486,614.9739726197486,608.2324796190449,611.2286987304688,9300,0.0,0.0
2010-05-27 00:00:00+09:00,608.9816521621332,628.4570801525581,608.9816521621332,614.2250366210938,7500,0.0,0.0
2010-05-28 00:00:00+09:00,625.4607395097321,627.7079038433001,610.4796439526128,611.2286987304688,10500,0.0,0.0
2010-05-31 00:00:00+09:00,616.4722605610126,622.4647005178632,613.4760405825872,615.7232055664062,4900,0.0,0.0
2010-06-01 00:00:00+09:00,626.9591155748171,626.9591155748171,619.4685646121551,620.9666748046875,3500,0.0,0.0
2010-06-02 00:00:00+09:00,626.9588725142045,626.9588725142045,617.2211600378788,617.97021484375,7100,0.0,0.0
2010-06-03 00:00:00+09:00,616.4721714789879,639.6928729563252,616.4721714789879,638.1947631835938,5000,0.0,0.0
2010-06-04 00:00:00+09:00,626.9590288097386,644.1872936396359,623.9628088393217,638.9439086914062,3700,0.0,0.0
2010-06-07 00:00:00+09:00,627.7080393145161,633.7004788306451,625.4608744959677,626.958984375,6600,0.0,0.0
2010-06-08 00:00:00+09:00,625.4606592087518,636.6964794340588,625.4606592087518,629.2059326171875,2500,0.0,0.0
2010-06-09 00:00:00+09:00,623.2137620192308,640.4420270750509,623.2137620192308,632.9514770507812,3600,0.0,0.0
2010-06-10 00:00:00+09:00,620.2173916431184,643.438091088694,620.2173916431184,633.7003784179688,2500,0.0,0.0
2010-06-11 00:00:00+09:00,644.9362534139758,647.1834180600175,637.4457045938367,641.1909790039062,18400,0.0,0.0
2010-06-14 00:00:00+09:00,652.4271292328972,656.1724055201125,647.1837424307959,649.430908203125,8100,0.0,0.0
2010-06-15 00:00:00+09:00,660.6667370647708,662.9139028371,649.430908203125,649.430908203125,2400,0.0,0.0
2010-06-16 00:00:00+09:00,664.4117614956801,664.4117614956801,650.179716999155,650.9287719726562,5000,0.0,0.0
2010-06-17 00:00:00+09:00,662.1646244154064,668.1570644553648,653.1759643554688,653.1759643554688,10100,0.0,0.0
2010-06-18 00:00:00+09:00,664.411874400064,664.411874400064,656.9213233921715,658.41943359375,4200,0.0,0.0
2010-06-21 00:00:00+09:00,669.655032862974,686.8832943348402,664.4116489367539,666.6588134765625,9500,0.0,0.0
2010-06-22 00:00:00+09:00,665.9098764713979,673.4004262629771,665.9098764713979,669.6551513671875,2500,0.0,0.0
2010-06-23 00:00:00+09:00,653.9249119981426,665.1607352283513,632.2023204197393,641.1909790039062,13500,0.0,0.0
2010-06-24 00:00:00+09:00,641.9400338859201,648.6815278240454,641.1909790039062,641.1909790039062,2300,0.0,0.0
2010-06-25 00:00:00+09:00,629.9551391601562,632.2023037469345,629.9551391601562,629.9551391601562,3600,0.0,0.0
2010-06-28 00:00:00+09:00,630.7043120435004,635.1986420580622,629.9552570410734,632.9514770507812,2800,0.0,0.0
2010-06-29 00:00:00+09:00,640.4419278426909,640.4419278426909,632.9513789790337,638.1947631835938,4100,0.0,0.0
2010-06-30 00:00:00+09:00,637.445807065343,640.4420270750509,632.9514770507812,632.9514770507812,5300,0.0,0.0
2010-07-01 00:00:00+09:00,629.9551391601562,630.7041940224157,629.2060842978968,629.9551391601562,3000,0.0,0.0
2010-07-02 00:00:00+09:00,640.4420034185514,640.4420034185514,627.7080688476562,627.7080688476562,5000,0.0,0.0
2010-07-05 00:00:00+09:00,627.7080688476562,632.951453670966,627.7080688476562,627.7080688476562,4700,0.0,0.0
2010-07-06 00:00:00+09:00,628.4570845026334,634.4495239257812,627.70802957474,634.4495239257812,2900,0.0,0.0
2010-07-07 00:00:00+09:00,631.4533335847675,636.6967183239055,630.7042786220335,635.1986083984375,6800,0.0,0.0
2010-07-08 00:00:00+09:00,636.6968029480672,665.1608953151573,636.6968029480672,660.6665649414062,11500,0.0,0.0
2010-07-09 00:00:00+09:00,659.91747195541,671.1532972440946,657.670306897673,665.909912109375,7800,0.0,0.0
2010-07-12 00:00:00+09:00,654.6739501953125,670.4041023167101,650.1796210177703,654.6739501953125,6200,0.0,0.0
2010-07-13 00:00:00+09:00,659.1683265570304,659.1683265570304,641.9400634765625,641.9400634765625,7700,0.0,0.0
2010-07-14 00:00:00+09:00,655.4232788085938,672.6515478515626,632.9516235351563,655.4232788085938,6600,0.0,0.0
2010-07-15 00:00:00+09:00,644.9362534139758,647.9324729420314,641.1909790039062,641.1909790039062,6200,0.0,0.0
2010-07-16 00:00:00+09:00,642.6892428214089,642.6892428214089,640.4420776367188,640.4420776367188,5900,0.0,0.0
2010-07-21 00:00:00+09:00,640.4420270750509,640.4420270750509,632.9514770507812,632.9514770507812,2800,0.0,0.0
2010-07-22 00:00:00+09:00,631.4533670459274,635.1986420580622,631.4533670459274,632.9514770507812,4300,0.0,0.0
2010-07-23 00:00:00+09:00,644.187185704023,656.921118444684,641.1909662356322,651.677734375,4200,0.0,0.0
2010-07-26 00:00:00+09:00,662.9136837023194,665.909903741652,648.68163851549,650.1797485351562,2700,0.0,0.0
2010-07-27 00:00:00+09:00,648.6816550351164,659.91748046875,648.6816550351164,659.91748046875,2000,0.0,0.0
2010-07-28 00:00:00+09:00,665.9098392871852,677.1456633471489,665.9098392871852,674.8984985351562,10500,0.0,0.0
2010-07-29 00:00:00+09:00,697.3700457333468,697.3700457333468,679.3927298390394,680.1417846679688,21200,0.0,0.0
2010-07-30 00:00:00+09:00,669.6550953886194,670.4041503051615,641.9400634765625,641.9400634765625,12000,0.0,0.0
2010-08-02 00:00:00+09:00,648.6816833139163,653.9250687448601,640.4420776367188,640.4420776367188,5900,0.0,0.0
2010-08-03 00:00:00+09:00,643.4383838032567,650.1798802575399,642.6893286416697,644.1874389648438,2900,0.0,0.0
2010-08-04 00:00:00+09:00,646.4344328394476,646.4344328394476,633.7004984729695,635.1986083984375,8200,0.0,0.0
2010-08-05 00:00:00+09:00,642.6891320931105,644.9362968906389,630.7042531729593,631.4533081054688,9300,0.0,0.0
2010-08-06 00:00:00+09:00,632.9514708109945,641.9401307515056,629.9552508308241,637.44580078125,5300,0.0,0.0
2010-08-09 00:00:00+09:00,637.4457264100886,649.4306049324874,637.4457264100886,647.9324951171875,4600,0.0,0.0
2010-08-10 00:00:00+09:00,648.6816235952612,651.6778435656781,638.9439086914062,638.9439086914062,4400,0.0,0.0
2010-08-11 00:00:00+09:00,633.7005169604198,635.1986269295934,621.7156372070312,621.7156372070312,9700,0.0,0.0
2010-08-12 00:00:00+09:00,610.4797854071804,621.7156096784782,610.4797854071804,619.4684448242188,6900,0.0,0.0
2010-08-13 00:00:00+09:00,614.9741423457502,622.464692191618,614.9741423457502,621.7156372070312,4800,0.0,0.0
2010-08-16 00:00:00+09:00,628.4571320683124,629.2061870528992,621.7156372070312,621.7156372070312,4100,0.0,0.0
2010-08-17 00:00:00+09:00,626.2098721324467,626.2098721324467,620.9664880356439,623.9627075195312,3100,0.0,0.0
2010-08-18 00:00:00+09:00,633.7005025131442,638.9438872857116,626.2099528380479,632.202392578125,5500,0.0,0.0
2010-08-19 00:00:00+09:00,633.7004593945996,641.9400634765625,626.2099102291788,641.9400634765625,5600,0.0,0.0
2010-08-20 00:00:00+09:00,641.9400831653226,642.6891381048387,626.958984375,626.958984375,5800,0.0,0.0
2010-08-23 00:00:00+09:00,624.7119502860185,629.955335959882,620.9666748046875,620.9666748046875,2900,0.0,0.0
2010-08-24 00:00:00+09:00,620.9664972613533,623.2136619076549,613.4759484403479,616.47216796875,6800,0.0,0.0
2010-08-25 00:00:00+09:00,617.2211651738019,620.9664392343225,610.4796718648647,613.4758911132812,5100,0.0,0.0
2010-08-26 00:00:00+09:00,614.2249178418926,628.456958621156,610.4796439526128,611.2286987304688,5600,0.0,0.0
2010-08-27 00:00:00+09:00,611.2286245222572,624.7116088867188,611.2286245222572,624.7116088867188,7300,0.0,0.0
2010-08-30 00:00:00+09:00,646.4345114748929,650.9288417980092,627.708135128575,644.9364013671875,7600,0.0,0.0
2010-08-31 00:00:00+09:00,642.6890561001971,643.4381109441368,617.22119140625,617.22119140625,6400,0.0,0.0
2010-09-01 00:00:00+09:00,617.2212859698539,617.2212859698539,614.97412109375,614.97412109375,12600,0.0,0.0
2010-09-02 00:00:00+09:00,619.4684722532709,623.2137471762048,615.723197330337,621.7156372070312,10300,0.0,0.0
2010-09-03 00:00:00+09:00,619.4682217552548,629.9549872988746,615.7229483468192,629.2059326171875,3800,0.0,0.0
2010-09-06 00:00:00+09:00,631.4533670459274,635.1986420580622,629.9552570410734,632.9514770507812,4700,0.0,0.0
2010-09-07 00:00:00+09:00,632.9513235971438,636.6965977012688,632.2022687763188,633.7003784179688,3600,0.0,0.0
2010-09-08 00:00:00+09:00,629.2061511742141,633.7004808254585,623.9627665810957,625.4608764648438,4900,0.0,0.0
2010-09-09 00:00:00+09:00,635.9475428804438,635.9475428804438,629.2060494930187,633.7003784179688,5700,0.0,0.0
2010-09-10 00:00:00+09:00,635.9476079147954,636.6966628122216,629.2061138379602,630.7042236328125,25200,0.0,0.0
2010-09-13 00:00:00+09:00,629.205937008206,629.205937008206,624.7116088867188,624.7116088867188,11900,0.0,0.0
2010-09-14 00:00:00+09:00,623.2136526485594,626.2098721324467,622.4645977775875,623.9627075195312,6800,0.0,0.0
2010-09-16 00:00:00+09:00,632.9514475456346,634.4495574806539,630.7042826431057,632.202392578125,4400,0.0,0.0
2010-09-17 00:00:00+09:00,634.4495787357808,640.4420186766147,634.4495787357808,638.9439086914062,12400,0.0,0.0
2010-09-21 00:00:00+09:00,646.4344884081802,648.6816534895528,639.6929931640625,639.6929931640625,9600,0.0,0.0
2010-09-22 00:00:00+09:00,644.1872874072322,651.6778372608047,642.6891774365178,643.438232421875,5900,0.0,0.0
2010-09-24 00:00:00+09:00,641.9401811517766,650.1797867441566,641.191126097924,644.9364013671875,17200,0.0,0.0
2010-09-27 00:00:00+09:00,641.9401789695058,651.6778946364878,641.1911239181995,646.4345092773438,45900,0.0,0.0
2010-09-28 00:00:00+09:00,642.254150390625,642.254150390625,631.6132532243898,642.254150390625,18100,12.5,0.0
2010-09-29 00:00:00+09:00,640.733934469784,646.0543823242188,640.733934469784,646.0543823242188,7900,0.0,0.0
2010-09-30 00:00:00+09:00,645.2943732268618,646.8145013145577,624.0125799991208,624.7726440429688,10800,0.0,0.0
2010-10-01 00:00:00+09:00,624.0125596788195,624.0125596788195,603.4908311631945,608.811279296875,13500,0.0,0.0
2010-10-04 00:00:00+09:00,614.1319474396173,614.1319474396173,602.7309830688323,605.771240234375,9700,0.0,0.0
2010-10-05 00:00:00+09:00,600.4504560305749,615.6517333984375,599.6903921621816,615.6517333984375,6100,0.0,0.0
2010-10-06 00:00:00+09:00,624.0125053591844,625.5326332650533,614.1316739710365,623.25244140625,6800,0.0,0.0
2010-10-07 00:00:00+09:00,620.2122869970166,626.2927996146343,617.1720306882077,620.9723510742188,9200,0.0,0.0
2010-10-08 00:00:00+09:00,614.891845703125,623.2525506508807,614.891845703125,614.891845703125,8100,0.0,0.0
2010-10-12 00:00:00+09:00,611.0915646201686,611.0915646201686,573.8484220002827,577.6487426757812,25800,0.0,0.0
2010-10-13 00:00:00+09:00,570.0479800489071,570.8080440223057,560.167148394726,563.9674682617188,22900,0.0,0.0
2010-10-14 00:00:00+09:00,558.6471081427027,562.4474286062585,558.6471081427027,560.167236328125,17800,0.0,0.0
2010-10-15 00:00:00+09:00,559.4071796767832,559.4071796767832,553.3266668542095,554.0867309570312,16700,0.0,0.0
2010-10-18 00:00:00+09:00,550.2863836880388,551.8065118197737,545.7259992928341,551.0464477539062,25200,0.0,0.0
2010-10-19 00:00:00+09:00,549.5261701988612,553.3264894948422,547.2459786212726,548.0060424804688,13200,0.0,0.0
2010-10-20 00:00:00+09:00,544.2057330252111,544.9657968981513,529.0044555664062,529.0044555664062,22100,0.0,0.0
2010-10-21 00:00:00+09:00,529.0044670553768,529.7645309448243,516.8434448242188,516.8434448242188,24600,0.0,0.0
2010-10-22 00:00:00+09:00,516.0834006470814,516.0834006470814,511.52301713620875,512.2830810546875,31700,0.0,0.0
2010-10-25 00:00:00+09:00,512.2832135855708,513.803341815795,509.24295712512225,510.0030212402344,20200,0.0,0.0
2010-10-26 00:00:00+09:00,512.2832269767773,516.8436117866596,509.2429704368557,511.5231628417969,26000,0.0,0.0
2010-10-27 00:00:00+09:00,512.2831488715277,513.8032769097222,510.7630208333333,513.043212890625,9900,0.0,0.0
2010-10-28 00:00:00+09:00,512.2831488715277,513.043212890625,507.72276475694446,513.043212890625,21800,0.0,0.0
2010-10-29 00:00:00+09:00,512.2832038592575,513.0432679599389,487.961152637453,505.442626953125,27000,0.0,0.0
2010-11-01 00:00:00+09:00,505.4426870038433,505.4426870038433,494.0417241390949,494.8017883300781,22600,0.0,0.0
2010-11-02 00:00:00+09:00,494.0415333288136,496.3217250211004,486.4408943545242,487.2009582519531,16700,0.0,0.0
2010-11-04 00:00:00+09:00,490.24133300781256,508.48287098019625,489.4812689256299,490.2413330078125,18700,0.0,0.0
2010-11-05 00:00:00+09:00,503.16243465108084,507.72281925516916,500.1221782483552,505.442626953125,12100,0.0,0.0
2010-11-08 00:00:00+09:00,504.6824370413116,504.6824370413116,500.8821174852776,501.6421813964844,14500,0.0,0.0
2010-11-09 00:00:00+09:00,500.88214111328125,502.4022690074035,500.88214111328125,500.88214111328125,10600,0.0,0.0
2010-11-10 00:00:00+09:00,501.64220506034235,503.92239690152576,500.1220771662201,500.88214111328125,28800,0.0,0.0
2010-11-11 00:00:00+09:00,501.64220506034235,501.64220506034235,499.362013219159,500.88214111328125,29900,0.0,0.0
2010-11-12 00:00:00+09:00,501.64209895347483,514.5631833204583,501.64209895347483,509.24273681640625,19400,0.0,0.0
2010-11-15 00:00:00+09:00,513.8033035633176,528.2445206753043,509.2429192121639,522.924072265625,17000,0.0,0.0
2010-11-16 00:00:00+09:00,531.2846191935456,531.2846191935456,522.9239170317015,525.9641723632812,11600,0.0,0.0
2010-11-17 00:00:00+09:00,532.0446637435082,532.0446637435082,527.484280911421,530.5245361328125,10700,0.0,0.0
2010-11-18 00:00:00+09:00,532.0448608398438,532.0448608398438,528.2445404052734,532.0448608398438,10700,0.0,0.0
2010-11-19 00:00:00+09:00,535.085110425608,535.8451745029171,528.2445337298261,531.2847900390625,8200,0.0,0.0
2010-11-22 00:00:00+09:00,538.8853550477213,538.8853550477213,529.0045234318957,529.7645874023438,10400,0.0,0.0
2010-11-24 00:00:00+09:00,525.2043538351883,525.9644180230829,516.8436477683474,519.1238403320312,19400,0.0,0.0
2010-11-25 00:00:00+09:00,520.6439208984375,523.6841773708371,520.6439208984375,520.6439208984375,13900,0.0,0.0
2010-11-26 00:00:00+09:00,519.1238403320312,521.4040328957151,514.5634552046635,519.1238403320312,12000,0.0,0.0
2010-11-29 00:00:00+09:00,519.1237317175961,529.7646281217635,519.1237317175961,527.4844360351562,10000,0.0,0.0
2010-11-30 00:00:00+09:00,531.2845622280188,531.2845622280188,519.123542205632,519.8836059570312,14200,0.0,0.0
2010-12-01 00:00:00+09:00,515.3233170453241,519.1236364925609,515.3233170453241,516.8434448242188,9000,0.0,0.0
2010-12-02 00:00:00+09:00,521.4039441485738,527.4844566167787,519.123751972997,522.924072265625,8800,0.0,0.0
2010-12-03 00:00:00+09:00,531.2847218285106,531.2847218285106,522.924018051524,523.68408203125,11600,0.0,0.0
2010-12-06 00:00:00+09:00,529.0045572916666,529.0045572916666,525.2042371961805,526.724365234375,4600,0.0,0.0
2010-12-07 00:00:00+09:00,526.7243585300854,532.8048706054688,526.7243585300854,532.8048706054688,23500,0.0,0.0
2010-12-08 00:00:00+09:00,532.8049181936807,532.8049181936807,523.6841492659715,531.2847900390625,36500,0.0,0.0
2010-12-09 00:00:00+09:00,534.3250463482989,534.3250463482989,531.2847900390625,531.2847900390625,29900,0.0,0.0
2010-12-10 00:00:00+09:00,528.2444594614475,530.5246513727919,522.9240116683106,529.7645874023438,51100,0.0,0.0
2010-12-13 00:00:00+09:00,530.5247326660156,532.8049249267577,530.5247326660156,532.0448608398438,17600,0.0,0.0
2010-12-14 00:00:00+09:00,533.5649347009793,539.6454467773438,532.0448066818882,539.6454467773438,17600,0.0,0.0
2010-12-15 00:00:00+09:00,543.4457397460938,546.4859956327853,539.6454198877295,543.4457397460938,19700,0.0,0.0
2010-12-16 00:00:00+09:00,547.2462257179054,562.447509765625,543.4459047059755,562.447509765625,26500,0.0,0.0
2010-12-17 00:00:00+09:00,562.4474884933186,570.8081944033544,561.6874243196789,567.0078735351562,20500,0.0,0.0
2010-12-20 00:00:00+09:00,572.3282618115036,572.3282618115036,554.8467876791469,560.167236328125,15000,0.0,0.0
2010-12-21 00:00:00+09:00,562.4474544270834,570.048095703125,562.4474544270834,570.048095703125,14600,0.0,0.0
2010-12-22 00:00:00+09:00,565.4874877929688,570.8079345867199,554.8465942054667,565.4874877929688,12300,0.0,0.0
2010-12-24 00:00:00+09:00,557.8869632192127,565.4876030450876,557.8869632192127,564.7275390625,7600,0.0,0.0
2010-12-27 00:00:00+09:00,566.2478093615166,570.8081944033544,565.4877451878771,567.0078735351562,14400,0.0,0.0
2010-12-28 00:00:00+09:00,569.2879164857013,574.6083643033247,569.2879164857013,570.8080444335938,21500,0.0,0.0
2010-12-29 00:00:00+09:00,566.2477477623137,573.848388671875,566.2477477623137,573.848388671875,5500,0.0,0.0
2010-12-30 00:00:00+09:00,574.6083638892984,574.6083638892984,563.9674682617188,563.9674682617188,6000,0.0,0.0
2011-01-04 00:00:00+09:00,570.0480481411548,571.5681762695312,566.2477278202139,571.5681762695312,5000,0.0,0.0
2011-01-05 00:00:00+09:00,571.5681963990066,576.8886450356995,570.0480682170944,573.848388671875,5800,0.0,0.0
2011-01-06 00:00:00+09:00,573.8482606020386,580.6888358939834,572.3281327593842,579.9287719726562,5900,0.0,0.0
2011-01-07 00:00:00+09:00,580.6888427734375,581.4489067037692,579.9287788431058,580.6888427734375,7300,0.0,0.0
2011-01-11 00:00:00+09:00,582.9690345644327,583.7290984947645,579.9287788431058,580.6888427734375,11300,0.0,0.0
2011-01-12 00:00:00+09:00,579.168828868988,598.9304949458827,579.168828868988,593.6100463867188,18600,0.0,0.0
2011-01-13 00:00:00+09:00,600.4505819203903,605.7710301146216,589.8096855319276,595.8901977539062,20600,0.0,0.0
2011-01-14 00:00:00+09:00,595.8902247085184,603.4908653298005,588.2895840872362,598.9304809570312,10000,0.0,0.0
2011-01-17 00:00:00+09:00,604.2509293919287,604.2509293919287,598.9304809570312,598.9304809570312,10700,0.0,0.0
2011-01-18 00:00:00+09:00,605.7710913794037,605.7710913794037,600.4506426470878,602.7308349609375,7100,0.0,0.0
2011-01-19 00:00:00+09:00,607.2911915454132,613.3717041015625,605.0109993368571,613.3717041015625,11600,0.0,0.0
2011-01-20 00:00:00+09:00,614.1317546583851,615.6518827639752,608.0512422360249,611.8515625,12600,0.0,0.0
2011-01-21 00:00:00+09:00,611.8516058152721,613.3717340284778,589.0496826171875,589.0496826171875,17400,0.0,0.0
2011-01-24 00:00:00+09:00,588.2895643096609,594.3700766022673,575.3684756878725,589.8096923828125,15900,0.0,0.0
2011-01-25 00:00:00+09:00,591.3298874095499,600.4506568811626,589.0496950416468,597.410400390625,6500,0.0,0.0
2011-01-26 00:00:00+09:00,595.1301337261589,600.4505819203903,595.1301337261589,595.8901977539062,5000,0.0,0.0
2011-01-27 00:00:00+09:00,595.1301337261589,598.9304538648955,592.849941642917,595.8901977539062,5900,0.0,0.0
2011-01-28 00:00:00+09:00,593.6100874167788,593.6100874167788,586.0094460926202,591.3298950195312,7700,0.0,0.0
2011-01-31 00:00:00+09:00,577.6486612424526,584.489237494008,571.5681490188479,582.2090454101562,10400,0.0,0.0
2011-02-01 00:00:00+09:00,582.2089767859726,582.9690407243355,574.6083374023438,574.6083374023438,6400,0.0,0.0
2011-02-02 00:00:00+09:00,579.168694274341,591.3297167262956,578.4086303710938,578.4086303710938,9600,0.0,0.0
2011-02-03 00:00:00+09:00,575.3684760020717,581.4489882979984,574.6084119650808,576.1285400390625,7800,0.0,0.0
2011-02-04 00:00:00+09:00,576.8886785406816,583.7292557565789,576.1286144055819,577.6487426757812,7300,0.0,0.0
2011-02-07 00:00:00+09:00,579.1687892983539,585.2493015219586,578.4087252704032,582.2090454101562,5900,0.0,0.0
2011-02-08 00:00:00+09:00,588.2894751072555,588.2894751072555,579.9287719726562,579.9287719726562,9000,0.0,0.0
2011-02-09 00:00:00+09:00,579.9288264372315,586.0093383789062,579.9288264372315,586.0093383789062,9300,0.0,0.0
2011-02-10 00:00:00+09:00,586.7693632491911,604.2508339159416,586.7693632491911,601.9706420898438,21600,0.0,0.0
2011-02-14 00:00:00+09:00,601.9707574470607,601.9707574470607,595.8902447455753,601.210693359375,7700,0.0,0.0
2011-02-15 00:00:00+09:00,608.0512633504748,608.0512633504748,597.4103662418414,600.4506225585938,5700,0.0,0.0
2011-02-16 00:00:00+09:00,603.4908856224321,608.0512701485461,601.210693359375,601.210693359375,5800,0.0,0.0
2011-02-17 00:00:00+09:00,608.811286070103,611.8515421803158,605.0109659323372,609.5713500976562,13000,0.0,0.0
2011-02-18 00:00:00+09:00,611.0915872192384,611.8516513824463,606.5312022399903,608.0513305664062,11100,0.0,0.0
2011-02-21 00:00:00+09:00,614.1317342629754,614.1317342629754,604.250901904784,609.5713500976562,9600,0.0,0.0
2011-02-22 00:00:00+09:00,608.0513172579887,614.8918945771411,605.7711248182712,606.5311889648438,8900,0.0,0.0
2011-02-23 00:00:00+09:00,604.2509435050466,612.6116483837328,593.6100463867188,593.6100463867188,9200,0.0,0.0
2011-02-24 00:00:00+09:00,593.6099644773803,597.4102843523956,583.7291328023407,584.4891967773438,14700,0.0,0.0
2011-02-25 00:00:00+09:00,584.4893103058405,597.410400390625,584.4893103058405,597.410400390625,6200,0.0,0.0
2011-02-28 00:00:00+09:00,592.8499483728106,598.1703966274383,587.5295001181827,596.6502685546875,9500,0.0,0.0
2011-03-01 00:00:00+09:00,600.4506559551886,609.5714254127358,600.4506559551886,604.2509765625,7200,0.0,0.0
2011-03-02 00:00:00+09:00,604.2508951822916,605.0109592013889,588.28955078125,588.28955078125,18300,0.0,0.0
2011-03-03 00:00:00+09:00,589.0496281909335,596.6502685546875,589.0496281909335,596.6502685546875,3800,0.0,0.0
2011-03-04 00:00:00+09:00,595.8902520853288,599.6905725705669,594.3701238912337,595.1301879882812,6400,0.0,0.0
2011-03-07 00:00:00+09:00,592.8499143132904,592.8499143132904,583.7291464007783,586.0093383789062,13300,0.0,0.0
2011-03-08 00:00:00+09:00,589.0496624566113,593.6100469401464,586.7694702148438,586.7694702148438,4500,0.0,0.0
2011-03-09 00:00:00+09:00,586.7693955458603,592.8499074168019,585.249267578125,585.249267578125,6600,0.0,0.0
2011-03-10 00:00:00+09:00,585.2493084829528,586.0093725199436,576.1285400390625,576.1285400390625,10700,0.0,0.0
2011-03-11 00:00:00+09:00,570.0481302297147,585.2494137025071,567.0078735351562,567.0078735351562,40400,0.0,0.0
2011-03-14 00:00:00+09:00,532.8049249267577,557.8870397949219,516.8435791015625,532.0448608398438,23200,0.0,0.0
2011-03-15 00:00:00+09:00,494.0415621580441,497.8418818669521,419.5552958634467,466.67926025390625,31700,0.0,0.0
2011-03-16 00:00:00+09:00,478.8402860201322,494.0415649414063,471.2396465594952,494.04156494140625,31500,0.0,0.0
2011-03-17 00:00:00+09:00,509.24286020024437,541.1655469590656,503.92241240710746,529.7645874023438,27900,0.0,0.0
2011-03-18 00:00:00+09:00,535.0849596160352,569.2878334551284,535.0849596160352,561.6871948242188,16300,0.0,0.0
2011-03-22 00:00:00+09:00,591.3297661151665,607.2911094164756,570.8080390134834,590.5697021484375,32100,0.0,0.0
2011-03-23 00:00:00+09:00,591.3298199987353,610.3314208984375,591.3298199987353,610.3314208984375,23200,0.0,0.0
2011-03-24 00:00:00+09:00,611.0915398995536,665.0560913085938,604.2509629603794,665.0560913085938,47000,0.0,0.0
2011-03-25 00:00:00+09:00,672.6564854213169,675.6967407226563,634.6532941545759,638.45361328125,34500,0.0,0.0
2011-03-28 00:00:00+09:00,630.8529750279018,638.45361328125,608.0510602678571,638.45361328125,23700,0.0,0.0
2011-03-29 00:00:00+09:00,638.8395394461495,651.9558101835705,624.9517233712332,648.0980834960938,17600,12.5,0.0
2011-03-30 00:00:00+09:00,638.8395409816378,665.0720825195312,638.8395409816378,665.0720825195312,16500,0.0,0.0
2011-03-31 00:00:00+09:00,663.5289909084216,663.5289909084216,649.6411748196407,655.0419921875,12200,0.0,0.0
2011-04-01 00:00:00+09:00,650.4125938877355,655.0418650186091,637.2963256835938,637.2963256835938,14800,0.0,0.0
2011-04-04 00:00:00+09:00,638.0681780668856,642.6974514265003,623.4088124281059,628.8096313476562,9700,0.0,0.0
2011-04-05 00:00:00+09:00,632.667236328125,634.2103271484375,608.7493286132812,611.8355102539062,11500,0.0,0.0
2011-04-06 00:00:00+09:00,611.8355723063152,611.8355723063152,597.1762080265926,601.8054809570312,7400,0.0,0.0
2011-04-07 00:00:00+09:00,601.8052962662338,608.7492035308442,594.08984375,594.08984375,7400,0.0,0.0
2011-04-08 00:00:00+09:00,597.9477530520685,609.5209353692053,597.9477530520685,606.4347534179688,10600,0.0,0.0
2011-04-11 00:00:00+09:00,603.3484511548065,628.8094471754058,603.3484511548065,618.0078125,7300,0.0,0.0
2011-04-12 00:00:00+09:00,614.1500236424423,624.9516572240933,610.2922973632812,610.2922973632812,10300,0.0,0.0
2011-04-13 00:00:00+09:00,611.0640258789062,616.4648442894521,611.0640258789062,611.0640258789062,5300,0.0,0.0
2011-04-14 00:00:00+09:00,611.06396484375,640.3826904296875,611.06396484375,640.3826904296875,18800,0.0,0.0
2011-04-15 00:00:00+09:00,654.2704462693223,655.0419916069039,640.3826301928508,648.86962890625,28800,0.0,0.0
2011-04-18 00:00:00+09:00,655.8135369444857,658.8997182948127,648.0980835686682,648.86962890625,27600,0.0,0.0
2011-04-19 00:00:00+09:00,648.0982676273634,649.6413587407619,640.3828120603711,642.6974487304688,15700,0.0,0.0
2011-04-20 00:00:00+09:00,649.6411735828107,649.6411735828107,641.1541748780471,641.9257202148438,10600,0.0,0.0
2011-04-21 00:00:00+09:00,638.8394156150448,641.9255963668082,634.2101444873996,635.7532348632812,9100,0.0,0.0
2011-04-22 00:00:00+09:00,636.5249633789062,638.839599609375,624.1802368164062,633.4387817382812,12300,0.0,0.0
2011-04-25 00:00:00+09:00,628.8094481672057,631.1240841727291,628.0379028320312,628.0379028320312,7700,0.0,0.0
2011-04-26 00:00:00+09:00,624.95172073592,625.7232660701619,618.0078127277432,620.3224487304688,10700,0.0,0.0
2011-04-27 00:00:00+09:00,622.637207106976,628.8095709940341,618.7794796775648,621.8656616210938,10100,0.0,0.0
2011-04-28 00:00:00+09:00,628.8095092773438,630.3526000976562,618.7794189453125,630.3526000976562,14000,0.0,0.0
2011-05-02 00:00:00+09:00,629.5809938759157,636.524901896606,628.8094485402835,631.8956298828125,20800,0.0,0.0
2011-05-06 00:00:00+09:00,631.12408386984,631.12408386984,618.0078131781685,624.9517211914062,13300,0.0,0.0
2011-05-09 00:00:00+09:00,629.5810546875,634.9818725585938,618.0078735351562,622.6371459960938,7200,0.0,0.0
2011-05-10 00:00:00+09:00,622.6371459960938,624.9517822265625,618.0078735351562,624.1802368164062,7900,0.0,0.0
2011-05-11 00:00:00+09:00,624.9515975249066,624.9515975249066,619.55078125,619.55078125,6600,0.0,0.0
2011-05-12 00:00:00+09:00,618.0078125,619.5509031679152,617.2362671660425,618.0078125,6800,0.0,0.0
2011-05-13 00:00:00+09:00,618.0078111765337,618.0078111765337,602.5769045304279,604.8915405273438,11300,0.0,0.0
2011-05-16 00:00:00+09:00,604.8916625199045,607.2062989836286,604.8916625199045,605.6632080078125,8400,0.0,0.0
2011-05-17 00:00:00+09:00,610.2923572987049,611.0639026303089,598.7191773246461,599.49072265625,9600,0.0,0.0
2011-05-18 00:00:00+09:00,596.4046020507812,604.8916015625,596.4046020507812,602.5769653320312,6400,0.0,0.0
2011-05-19 00:00:00+09:00,601.8052951317784,604.1199308822852,588.6890258789062,588.6890258789062,9500,0.0,0.0
2011-05-20 00:00:00+09:00,597.1761474609375,610.2924194335938,596.4046020507812,597.9476928710938,7100,0.0,0.0
2011-05-23 00:00:00+09:00,601.0338120328926,601.0338120328926,579.4305427942264,587.14599609375,6300,0.0,0.0
2011-05-24 00:00:00+09:00,580.9737541619248,597.9477549475322,580.20220867167,587.9176635742188,8400,0.0,0.0
2011-05-25 00:00:00+09:00,584.8314826669935,585.6030281586386,576.3444822588973,577.8875732421875,7800,0.0,0.0
2011-05-26 00:00:00+09:00,574.8012705780271,586.3744505225511,574.8012705780271,584.8313598632812,4600,0.0,0.0
2011-05-27 00:00:00+09:00,584.0598754882812,584.0598754882812,578.6590576171875,578.6590576171875,5400,0.0,0.0
2011-05-30 00:00:00+09:00,582.5167846679688,582.5167846679688,570.1720581054688,570.943603515625,20100,0.0,0.0
2011-05-31 00:00:00+09:00,571.715027997838,580.2020257144051,570.9434827508774,577.1158447265625,16200,0.0,0.0
2011-06-01 00:00:00+09:00,577.1159056800117,577.1159056800117,571.7150883808672,576.3443603515625,6400,0.0,0.0
2011-06-02 00:00:00+09:00,570.943603515625,570.943603515625,566.3143310546875,568.6289672851562,7500,0.0,0.0
2011-06-03 00:00:00+09:00,570.9436649659864,573.2583014455782,567.0859375,567.0859375,9600,0.0,0.0
2011-06-06 00:00:00+09:00,567.0858764648438,570.943603515625,567.0858764648438,568.6289672851562,7600,0.0,0.0
2011-06-07 00:00:00+09:00,569.4004517427478,574.029723708136,568.6289064151831,570.1719970703125,5900,0.0,0.0
2011-06-08 00:00:00+09:00,569.4004521523752,574.0297241210938,569.4004521523752,574.0297241210938,2800,0.0,0.0
2011-06-09 00:00:00+09:00,577.1159055980856,577.8874509264253,574.8012696130666,575.5728149414062,4300,0.0,0.0
2011-06-10 00:00:00+09:00,570.9435423150618,579.4305409170424,569.4004516601562,569.4004516601562,25600,0.0,0.0
2011-06-13 00:00:00+09:00,569.4005739795919,569.4005739795919,567.0859375,567.0859375,5500,0.0,0.0
2011-06-14 00:00:00+09:00,567.0859369241966,573.2583008635075,567.0859369241966,572.4867553710938,6300,0.0,0.0
2011-06-15 00:00:00+09:00,571.7150877254419,571.7150877254419,569.4004517427478,570.1719970703125,3700,0.0,0.0
2011-06-16 00:00:00+09:00,570.1719970703125,571.7150877254419,570.1719970703125,570.1719970703125,7100,0.0,0.0
2011-06-17 00:00:00+09:00,563.9995084034699,567.0856890240087,553.9694213867188,553.9694213867188,10500,0.0,0.0
2011-06-20 00:00:00+09:00,561.6851196289062,567.0859380868765,560.9135741349105,561.6851196289062,5700,0.0,0.0
2011-06-21 00:00:00+09:00,559.3703614121955,560.1419067382812,557.0557254339382,560.1419067382812,4500,0.0,0.0
2011-06-22 00:00:00+09:00,556.2841810934589,578.6589955895897,556.2841810934589,569.4004516601562,13300,0.0,0.0
2011-06-23 00:00:00+09:00,563.2280897679259,576.3443603515625,560.9134537825782,576.3443603515625,10300,0.0,0.0
2011-06-24 00:00:00+09:00,571.7150881367345,578.6589960898123,571.7150881367345,574.0297241210938,9300,0.0,0.0
2011-06-27 00:00:00+09:00,573.2581783805713,573.2581783805713,567.0858157600537,570.1719970703125,8500,0.0,0.0
2011-06-28 00:00:00+09:00,570.9434827508774,578.6589352204838,570.9434827508774,577.1158447265625,10600,0.0,0.0
2011-06-29 00:00:00+09:00,580.2020874833997,580.9736328125,574.0297248505976,580.9736328125,6400,0.0,0.0
2011-06-30 00:00:00+09:00,584.8315413792927,592.5469970703125,578.659176826477,592.5469970703125,11600,0.0,0.0
2011-07-01 00:00:00+09:00,597.947753514999,603.3485719338441,593.3184805845603,601.8054809570312,11300,0.0,0.0
2011-07-04 00:00:00+09:00,609.5208129882812,609.5208129882812,607.9777223224881,609.5208129882812,8800,0.0,0.0
2011-07-05 00:00:00+09:00,607.2062377929688,609.5208740234375,607.2062377929688,607.977783203125,6100,0.0,0.0
2011-07-06 00:00:00+09:00,605.663025828288,610.2922973632812,603.3483900607913,610.2922973632812,10200,0.0,0.0
2011-07-07 00:00:00+09:00,610.2924194335938,613.3786010742188,607.977783203125,607.977783203125,7900,0.0,0.0
2011-07-08 00:00:00+09:00,609.520752873253,616.4646601844672,608.7492076164514,614.1500244140625,5400,0.0,0.0
2011-07-11 00:00:00+09:00,614.1502072903629,616.46484375,614.1502072903629,616.46484375,10400,0.0,0.0
2011-07-12 00:00:00+09:00,621.093871614259,623.4085071606476,615.6930553393524,619.55078125,13400,0.0,0.0
2011-07-13 00:00:00+09:00,617.2362669368734,621.8655389388999,615.6931762695312,615.6931762695312,4000,0.0,0.0
2011-07-14 00:00:00+09:00,615.6932373046875,620.322509765625,611.06396484375,611.8355102539062,8600,0.0,0.0
2011-07-15 00:00:00+09:00,610.2924194335938,614.9216918945312,610.2924194335938,612.6070556640625,5500,0.0,0.0
2011-07-19 00:00:00+09:00,614.150146484375,617.236328125,612.6070556640625,617.236328125,10400,0.0,0.0
2011-07-20 00:00:00+09:00,617.236328125,621.0940551757812,611.06396484375,611.8355102539062,7600,0.0,0.0
2011-07-21 00:00:00+09:00,609.5208129882812,614.1500849856607,609.5208129882812,609.5208129882812,4000,0.0,0.0
2011-07-22 00:00:00+09:00,611.0639042675047,615.6931762695312,611.0639042675047,615.6931762695312,4200,0.0,0.0
2011-07-25 00:00:00+09:00,611.8353878749457,611.8353878749457,607.9776615957846,610.2922973632812,3800,0.0,0.0
2011-07-26 00:00:00+09:00,609.5208740234375,615.6932373046875,609.5208740234375,613.3786010742188,4000,0.0,0.0
2011-07-27 00:00:00+09:00,609.5209351359514,609.5209351359514,603.3485712358405,608.7493896484375,8200,0.0,0.0
2011-07-28 00:00:00+09:00,601.805419921875,602.5769653320312,594.0899658203125,596.4046020507812,13700,0.0,0.0
2011-07-29 00:00:00+09:00,596.4045398078053,596.4045398078053,584.8313598632812,584.8313598632812,8600,0.0,0.0
2011-08-01 00:00:00+09:00,584.8313595394873,589.4606315147339,580.9736328934484,581.7451782226562,7100,0.0,0.0
2011-08-02 00:00:00+09:00,579.4306659908085,580.2022114848043,560.1420286409148,561.6851196289062,25100,0.0,0.0
2011-08-03 00:00:00+09:00,558.5986928304036,561.684873453776,555.5125122070312,555.5125122070312,9900,0.0,0.0
2011-08-04 00:00:00+09:00,559.3702992743014,566.3142064377065,554.7410278320312,554.7410278320312,7400,0.0,0.0
2011-08-05 00:00:00+09:00,547.7971181002531,550.1117538105358,542.3963014429266,543.1678466796875,15400,0.0,0.0
2011-08-08 00:00:00+09:00,543.1679076280227,547.0256342446991,540.853271658017,542.3963623046875,8900,0.0,0.0
2011-08-09 00:00:00+09:00,540.0817286625769,563.9996337890625,540.0817286625769,563.9996337890625,22100,0.0,0.0
2011-08-10 00:00:00+09:00,570.943603515625,573.2582397460938,557.0557861328125,573.2582397460938,12000,0.0,0.0
2011-08-11 00:00:00+09:00,574.0297234576682,574.0297234576682,560.9134528947914,567.8573608398438,8300,0.0,0.0
2011-08-12 00:00:00+09:00,579.4306648028186,579.4306648028186,566.3143914317827,572.4867553710938,5600,0.0,0.0
2011-08-15 00:00:00+09:00,581.7451162083264,581.7451162083264,573.2581184917593,577.1158447265625,4800,0.0,0.0
2011-08-16 00:00:00+09:00,577.1159047665803,580.9736314027206,555.512635604195,567.8573608398438,15800,0.0,0.0
2011-08-17 00:00:00+09:00,567.857421875,570.943603515625,562.4566040039062,568.6289672851562,9100,0.0,0.0
2011-08-18 00:00:00+09:00,571.715087475984,572.486632803212,567.8573608398438,567.8573608398438,5600,0.0,0.0
2011-08-19 00:00:00+09:00,559.3704223632812,569.4005126953125,557.8273315429688,566.3143310546875,6100,0.0,0.0
2011-08-22 00:00:00+09:00,568.6289672851562,568.6289672851562,566.3143310546875,566.3143310546875,6300,0.0,0.0
2011-08-23 00:00:00+09:00,569.4005734014382,576.344482833163,568.6290279090243,572.4867553710938,12900,0.0,0.0
2011-08-24 00:00:00+09:00,577.8874509264253,581.7451775681237,575.5728149414062,575.5728149414062,5900,0.0,0.0
2011-08-25 00:00:00+09:00,580.2022102952325,580.9737557876463,572.4867553710938,572.4867553710938,7400,0.0,0.0
2011-08-26 00:00:00+09:00,577.1159060055343,579.4305419921875,572.4866340322278,579.4305419921875,5700,0.0,0.0
2011-08-29 00:00:00+09:00,579.4305419921875,581.7451779788407,578.658996663303,579.4305419921875,7600,0.0,0.0
2011-08-30 00:00:00+09:00,582.5167253609636,599.49072265625,581.7451800293597,599.49072265625,9500,0.0,0.0
2011-08-31 00:00:00+09:00,595.6329351995408,599.4906614637866,592.5467541881443,598.7191162109375,8200,0.0,0.0
2011-09-01 00:00:00+09:00,599.49072265625,601.0338133194579,597.9476319930421,599.49072265625,8600,0.0,0.0
2011-09-02 00:00:00+09:00,601.0339353127248,603.3485717773438,590.2322984778363,603.3485717773438,7200,0.0,0.0
2011-09-05 00:00:00+09:00,603.3485710066979,611.8355713661272,603.3485710066979,611.0640258789062,8700,0.0,0.0
2011-09-06 00:00:00+09:00,610.2922981300545,614.1500244140625,609.520752873253,614.1500244140625,9400,0.0,0.0
2011-09-07 00:00:00+09:00,608.7491598424383,616.4646118049534,608.7491598424383,609.6349487304688,9900,0.0,0.0
2011-09-08 00:00:00+09:00,614.9216309358602,617.2362669368734,601.8053602634516,615.6931762695312,9700,0.0,0.0
2011-09-09 00:00:00+09:00,617.2362668601004,617.2362668601004,612.6069948586496,614.921630859375,19600,0.0,0.0
2011-09-12 00:00:00+09:00,613.3786010742188,613.3786010742188,605.6631469726562,607.977783203125,9900,0.0,0.0
2011-09-13 00:00:00+09:00,607.2062377929688,617.236328125,607.2062377929688,617.236328125,8200,0.0,0.0
2011-09-14 00:00:00+09:00,616.4647827148438,616.4647827148438,603.3485107421875,612.6070556640625,12600,0.0,0.0
2011-09-15 00:00:00+09:00,613.3784226810232,629.5808715820312,613.3784226810232,629.5808715820312,23400,0.0,0.0
2011-09-16 00:00:00+09:00,629.5809342408555,655.8134731675578,629.5809342408555,638.0679321289062,30500,0.0,0.0
2011-09-20 00:00:00+09:00,659.6712034703418,660.4427487375585,654.2703865998243,658.899658203125,17600,0.0,0.0
2011-09-21 00:00:00+09:00,658.1282348632812,658.1282348632812,640.3826904296875,640.3826904296875,10800,0.0,0.0
2011-09-22 00:00:00+09:00,640.3828147466929,640.3828147466929,618.0079935085554,628.8096313476562,18400,0.0,0.0
2011-09-26 00:00:00+09:00,640.3824528719867,658.1279907226562,629.5808211367965,658.1279907226562,29600,0.0,0.0
2011-09-27 00:00:00+09:00,658.1281117829308,658.8996570487958,640.3825706680334,652.727294921875,94900,0.0,0.0
2011-09-28 00:00:00+09:00,640.5889442922988,650.7694531869197,637.4564800170309,648.4201049804688,47200,12.5,0.0
2011-09-29 00:00:00+09:00,650.7694834926673,669.5642700195312,648.4201351768093,669.5642700195312,24700,0.0,0.0
2011-09-30 00:00:00+09:00,671.130572660028,671.9136888474959,657.817597473073,667.9981079101562,20800,0.0,0.0
2011-10-03 00:00:00+09:00,654.6851344908947,664.865644955466,652.3357859221475,662.5162963867188,10700,0.0,0.0
2011-10-04 00:00:00+09:00,663.2993975187603,663.2993975187603,642.9383770518326,654.6851196289062,12100,0.0,0.0
2011-10-05 00:00:00+09:00,647.6371602200697,647.6371602200697,635.1072998046875,635.1072998046875,10000,0.0,0.0
2011-10-06 00:00:00+09:00,645.2876707556652,669.5642700195312,636.6733935975192,669.5642700195312,20500,0.0,0.0
2011-10-07 00:00:00+09:00,661.7330852690197,669.5642460414342,657.8175048828125,657.8175048828125,9300,0.0,0.0
2011-10-11 00:00:00+09:00,661.733143647884,670.3474212575014,661.733143647884,668.7811889648438,14800,0.0,0.0
2011-10-12 00:00:00+09:00,667.9980559836544,669.56428823684,655.4681979581696,666.4318237304688,6900,0.0,0.0
2011-10-13 00:00:00+09:00,668.7811551363963,669.5642712431134,661.7331101759424,664.0824584960938,8200,0.0,0.0
2011-10-14 00:00:00+09:00,663.2994125763012,668.7812259033781,658.6007154388068,662.5162963867188,10800,0.0,0.0
2011-10-17 00:00:00+09:00,662.5162262826595,668.7811551363963,662.5162262826595,664.0824584960938,12000,0.0,0.0
2011-10-18 00:00:00+09:00,667.9981097137957,668.7812259033781,661.7331801971363,662.5162963867188,9700,0.0,0.0
2011-10-19 00:00:00+09:00,666.4319552184555,667.2150714995583,661.733257531839,664.86572265625,5200,0.0,0.0
2011-10-20 00:00:00+09:00,667.2150714995583,667.2150714995583,662.5163738129418,664.86572265625,4700,0.0,0.0
2011-10-21 00:00:00+09:00,662.5162250719573,669.5642700195312,659.3837606508133,669.5642700195312,8600,0.0,0.0
2011-10-24 00:00:00+09:00,670.3474897000509,673.4799546051913,668.7812572474808,672.6968383789062,10900,0.0,0.0
2011-10-25 00:00:00+09:00,672.6968383789062,672.6968383789062,664.8656761160552,672.6968383789062,7300,0.0,0.0
2011-10-26 00:00:00+09:00,664.0824584960938,675.046083990133,664.0824584960938,664.0824584960938,12000,0.0,0.0
2011-10-27 00:00:00+09:00,664.082465025436,675.046090627271,664.082465025436,673.4798583984375,8900,0.0,0.0
2011-10-28 00:00:00+09:00,673.4798583984375,679.7447873137718,670.3473939407703,673.4798583984375,9200,0.0,0.0
2011-10-31 00:00:00+09:00,666.4319221252224,673.4799683051601,660.1669921875,660.1669921875,9800,0.0,0.0
2011-11-01 00:00:00+09:00,658.6006230315054,658.6006230315054,646.8538818359375,646.8538818359375,5600,0.0,0.0
2011-11-02 00:00:00+09:00,622.5774069839383,631.9748018063374,617.0955933375388,630.4085693359375,8900,0.0,0.0
2011-11-04 00:00:00+09:00,622.577267815085,640.5889371984144,622.577267815085,639.022705078125,7100,0.0,0.0
2011-11-07 00:00:00+09:00,641.3721851095813,641.3721851095813,626.492976908016,637.4566040039062,7300,0.0,0.0
2011-11-08 00:00:00+09:00,627.2761418858316,635.8904209878842,624.1436767578125,624.1436767578125,4500,0.0,0.0
2011-11-09 00:00:00+09:00,624.9266491075501,645.2876677501521,624.9266491075501,643.721435546875,5900,0.0,0.0
2011-11-10 00:00:00+09:00,623.360514020388,631.9747924804688,621.7942815731005,631.9747924804688,5500,0.0,0.0
2011-11-11 00:00:00+09:00,631.9747390371239,635.8903198242188,618.661764361001,635.8903198242188,4500,0.0,0.0
2011-11-14 00:00:00+09:00,631.1917493624197,633.5410983054561,621.7943535902746,624.9268188476562,5000,0.0,0.0
2011-11-15 00:00:00+09:00,621.7943279117982,624.1436767578125,621.0112116297934,624.1436767578125,2000,0.0,0.0
2011-11-16 00:00:00+09:00,624.1436767578125,631.1917232958556,624.1436767578125,624.1436767578125,3300,0.0,0.0
2011-11-17 00:00:00+09:00,628.0592772206021,628.0592772206021,617.0956489399432,621.01123046875,7400,0.0,0.0
2011-11-18 00:00:00+09:00,609.2643800413454,610.0474962110643,599.083869834999,602.9994506835938,6200,0.0,0.0
2011-11-21 00:00:00+09:00,602.2163476035131,616.3124389648438,592.8189533626261,616.3124389648438,3400,0.0,0.0
2011-11-22 00:00:00+09:00,610.8307092054835,624.9268024948408,610.0475929116303,622.5774536132812,3200,0.0,0.0
2011-11-24 00:00:00+09:00,610.8307048461446,621.0112165935805,599.0839605221803,613.1800537109375,5800,0.0,0.0
2011-11-25 00:00:00+09:00,601.4332754629629,634.3241577148438,601.4332754629629,634.3241577148438,6200,0.0,0.0
2011-11-28 00:00:00+09:00,634.3240721743006,635.1071883127873,628.0591430664062,628.0591430664062,1500,0.0,0.0
2011-11-29 00:00:00+09:00,616.3124409918416,636.6734619140625,613.963092423893,636.6734619140625,4200,0.0,0.0
2011-11-30 00:00:00+09:00,635.8903995929378,635.8903995929378,631.1917020589999,632.7579345703125,2900,0.0,0.0
2011-12-01 00:00:00+09:00,634.3240983518835,635.1072145226884,622.5773557898117,628.84228515625,3400,0.0,0.0
2011-12-02 00:00:00+09:00,632.7577836041289,648.4201049804688,625.709738984776,648.4201049804688,3400,0.0,0.0
2011-12-05 00:00:00+09:00,646.0708099031507,653.90197123531,634.3240679049115,644.5045776367188,5200,0.0,0.0
2011-12-06 00:00:00+09:00,635.8904402782156,642.1553707243064,621.01123046875,621.01123046875,5800,0.0,0.0
2011-12-07 00:00:00+09:00,622.5774324857272,642.1553391676683,615.5293860802284,631.1917114257812,6100,0.0,0.0
2011-12-08 00:00:00+09:00,642.9384870300678,642.9384870300678,621.01123046875,621.01123046875,3500,0.0,0.0
2011-12-09 00:00:00+09:00,609.2644937940212,622.5774711648417,598.3008653709925,604.5657958984375,30400,0.0,0.0
2011-12-12 00:00:00+09:00,604.565818747496,624.1437273856922,604.565818747496,610.8307495117188,7100,0.0,0.0
2011-12-13 00:00:00+09:00,605.3489350930239,612.3969822027744,604.565818747496,610.8307495117188,4100,0.0,0.0
2011-12-14 00:00:00+09:00,610.8306908453267,611.6138071156412,605.348876953125,605.348876953125,9600,0.0,0.0
2011-12-15 00:00:00+09:00,609.2644937940212,609.2644937940212,603.7826795825068,604.5657958984375,5200,0.0,0.0
2011-12-16 00:00:00+09:00,604.5657958984375,607.69826116216,604.5657958984375,604.5657958984375,9300,0.0,0.0
2011-12-19 00:00:00+09:00,610.0475745750122,610.8306908453267,602.9995281421815,605.348876953125,10200,0.0,0.0
2011-12-20 00:00:00+09:00,602.9993919089989,603.7825080023872,592.0357666015625,592.0357666015625,11600,0.0,0.0
2011-12-21 00:00:00+09:00,602.9995210965474,610.8306837081909,600.6501723130543,601.4332885742188,4600,0.0,0.0
2011-12-22 00:00:00+09:00,601.4333212209302,610.8307168650073,601.4333212209302,606.1320190429688,3300,0.0,0.0
2011-12-26 00:00:00+09:00,606.9150390625,608.4812714213709,604.5656905241935,606.9150390625,3000,0.0,0.0
2011-12-27 00:00:00+09:00,606.9150556941878,609.264404296875,606.9150556941878,609.264404296875,8300,0.0,0.0
2011-12-28 00:00:00+09:00,605.3489027392957,606.9151353466418,605.3489027392957,606.1320190429688,2900,0.0,0.0
2011-12-29 00:00:00+09:00,603.782644412496,609.2644583046977,600.6501793312378,605.348876953125,2600,0.0,0.0
2011-12-30 00:00:00+09:00,608.4814004751353,610.8307495117188,606.1320514385517,610.8307495117188,5700,0.0,0.0
2012-01-04 00:00:00+09:00,610.8306884765625,633.5410602276143,610.8306884765625,631.1917114257812,12600,0.0,0.0
2012-01-05 00:00:00+09:00,634.3241411513998,634.3241411513998,630.4085600331813,631.9747924804688,4100,0.0,0.0
2012-01-06 00:00:00+09:00,631.9747237588402,631.9747237588402,627.2760269279195,628.0591430664062,1800,0.0,0.0
2012-01-10 00:00:00+09:00,637.4566154527367,638.2397316879367,621.7942907487384,630.4085693359375,5900,0.0,0.0
2012-01-11 00:00:00+09:00,630.4085360301451,633.5410008054502,622.5773740918825,625.7098388671875,5300,0.0,0.0
2012-01-12 00:00:00+09:00,626.4929475952456,626.4929475952456,621.7942504882812,621.7942504882812,6200,0.0,0.0
2012-01-13 00:00:00+09:00,626.4929383244347,626.4929383244347,623.3604736328125,623.3604736328125,7500,0.0,0.0
2012-01-16 00:00:00+09:00,623.3604553222657,626.492919921875,621.0111068725587,626.492919921875,5900,0.0,0.0
2012-01-17 00:00:00+09:00,626.4929383244347,626.4929383244347,621.7942412870015,623.3604736328125,4400,0.0,0.0
2012-01-18 00:00:00+09:00,626.4929383244347,634.3241000534902,623.3604736328125,623.3604736328125,6800,0.0,0.0
2012-01-19 00:00:00+09:00,624.1436580129331,631.9748205977879,624.1436580129331,627.276123046875,5200,0.0,0.0
2012-01-20 00:00:00+09:00,634.3240512754859,642.1552124023438,630.408470712057,642.1552124023438,11500,0.0,0.0
2012-01-23 00:00:00+09:00,655.4683867305158,657.0346194347703,649.986572265625,649.986572265625,12500,0.0,0.0
2012-01-24 00:00:00+09:00,652.3356862968417,652.3356862968417,642.9382934570312,642.9382934570312,7200,0.0,0.0
2012-01-25 00:00:00+09:00,649.9864667546707,654.6851641047044,642.1553045046144,652.3358154296875,9100,0.0,0.0
2012-01-26 00:00:00+09:00,653.1189409937668,655.4682897023775,649.2033598127491,650.7695922851562,4700,0.0,0.0
2012-01-27 00:00:00+09:00,652.3358670354604,654.6852158963324,650.7696344615457,653.902099609375,5100,0.0,0.0
2012-01-30 00:00:00+09:00,654.6850426329827,654.6850426329827,640.5889531983013,646.8538818359375,5100,0.0,0.0
2012-01-31 00:00:00+09:00,646.853939819336,649.9864044189453,626.492919921875,626.492919921875,13700,0.0,0.0
2012-02-01 00:00:00+09:00,632.7578788863962,634.3241112598773,616.3124389648438,616.3124389648438,12300,0.0,0.0
2012-02-02 00:00:00+09:00,626.4929789149628,636.6734898223309,626.4929789149628,631.9747924804688,6100,0.0,0.0
2012-02-03 00:00:00+09:00,636.6734992175369,636.6734992175369,630.4085693359375,630.4085693359375,4300,0.0,0.0
2012-02-06 00:00:00+09:00,634.3240875093808,637.4565521390567,634.3240875093808,635.8903198242188,4600,0.0,0.0
2012-02-07 00:00:00+09:00,636.6735135879985,641.3722111052531,636.6735135879985,638.23974609375,4300,0.0,0.0
2012-02-08 00:00:00+09:00,643.7214932236375,654.6851196289062,642.1552608800276,654.6851196289062,16000,0.0,0.0
2012-02-09 00:00:00+09:00,663.2993941722196,672.6967881864659,659.3838133329504,665.6487426757812,21200,0.0,0.0
2012-02-10 00:00:00+09:00,661.7331152194884,663.2993474448599,642.1552124023438,642.1552124023438,6800,0.0,0.0
2012-02-13 00:00:00+09:00,638.2397508909509,649.2033785136175,634.3241695971413,647.6371459960938,15500,0.0,0.0
2012-02-14 00:00:00+09:00,645.2878180207096,659.3839111328125,645.2878180207096,659.3839111328125,5500,0.0,0.0
2012-02-15 00:00:00+09:00,659.3837952088975,669.5643051111726,659.3837952088975,668.7811889648438,10200,0.0,0.0
2012-02-16 00:00:00+09:00,668.7812614124907,668.7812614124907,661.7332153320312,661.7332153320312,6700,0.0,0.0
2012-02-17 00:00:00+09:00,668.7811551363963,668.7811551363963,657.0344135356399,664.0824584960938,6500,0.0,0.0
2012-02-20 00:00:00+09:00,665.6488058830072,669.5643870940836,660.1669921875,660.1669921875,5500,0.0,0.0
2012-02-21 00:00:00+09:00,659.3838666385448,667.9981451813286,659.3838666385448,661.7332153320312,6900,0.0,0.0
2012-02-22 00:00:00+09:00,668.7811551363963,669.5642712431134,658.600645749074,664.0824584960938,11500,0.0,0.0
2012-02-23 00:00:00+09:00,668.7811369560134,671.1304852122992,663.2993243580133,667.2149047851562,10500,0.0,0.0
2012-02-24 00:00:00+09:00,671.1305100551871,675.046090627271,668.7811617119368,673.4798583984375,10700,0.0,0.0
2012-02-27 00:00:00+09:00,677.3954298546032,677.3954298546032,674.2629654390906,675.0460815429688,7500,0.0,0.0
2012-02-28 00:00:00+09:00,677.3956149877404,693.0579413458383,673.4800333982158,689.9254760742188,10800,0.0,0.0
2012-02-29 00:00:00+09:00,697.7565439453125,701.6721249999999,685.2266845703125,685.2266845703125,11300,0.0,0.0
2012-03-01 00:00:00+09:00,689.9252498892041,700.105758684391,682.8772053386901,686.7927856445312,10000,0.0,0.0
2012-03-02 00:00:00+09:00,691.4915239488756,698.539568926837,689.9252917315509,695.4071044921875,8800,0.0,0.0
2012-03-05 00:00:00+09:00,699.3227062006106,699.3227062006106,681.31103515625,681.31103515625,6100,0.0,0.0
2012-03-06 00:00:00+09:00,675.8292342818035,685.2266280377497,668.7811889648438,668.7811889648438,11600,0.0,0.0
2012-03-07 00:00:00+09:00,665.6488502273384,685.2267575869658,665.6488502273384,678.1787109375,6000,0.0,0.0
2012-03-08 00:00:00+09:00,678.1786419827932,700.1058959960938,673.4799446942288,700.1058959960938,15300,0.0,0.0
2012-03-09 00:00:00+09:00,699.3225711452235,699.3225711452235,683.66025152271,693.8407592773438,26100,0.0,0.0
2012-03-12 00:00:00+09:00,693.8409570966448,701.672119140625,690.7084922790527,701.672119140625,12900,0.0,0.0
2012-03-13 00:00:00+09:00,700.1058395752792,700.1058395752792,682.0941680873245,683.660400390625,12100,0.0,0.0
2012-03-14 00:00:00+09:00,742.3942213792068,801.1279414250301,734.5630587064303,773.7188720703125,198400,0.0,0.0
2012-03-15 00:00:00+09:00,759.6228352531058,775.2851617531699,754.9241373030866,764.321533203125,80200,0.0,0.0
2012-03-16 00:00:00+09:00,767.4539141587808,787.0318201322191,764.3214492030307,778.4175415039062,28800,0.0,0.0
2012-03-19 00:00:00+09:00,786.2486004756644,786.2486004756644,768.2369293492299,769.8031616210938,20500,0.0,0.0
2012-03-21 00:00:00+09:00,758.0564175575657,765.8875788959704,743.9603271484375,743.9603271484375,26200,0.0,0.0
2012-03-22 00:00:00+09:00,751.7916720030737,764.321533203125,751.0085556780706,764.321533203125,25500,0.0,0.0
2012-03-23 00:00:00+09:00,752.5747305256909,761.9721257039514,752.5747305256909,758.8396606445312,9400,0.0,0.0
2012-03-26 00:00:00+09:00,761.1889136529738,761.1889136529738,728.2980346679688,728.2980346679688,18700,0.0,0.0
2012-03-27 00:00:00+09:00,735.3461081764915,775.2850341796875,735.3461081764915,775.2850341796875,23100,0.0,0.0
2012-03-28 00:00:00+09:00,761.4051828286083,769.3364868164062,751.0944876444709,769.3364868164062,22600,12.5,0.0
2012-03-29 00:00:00+09:00,757.4396625215799,778.8541870117188,756.646531984908,778.8541870117188,12600,0.0,0.0
2012-03-30 00:00:00+09:00,778.8542239573349,778.8542239573349,770.1297876400938,775.6817016601562,11200,0.0,0.0
2012-04-02 00:00:00+09:00,778.8540863626971,785.1991298361203,775.6815646259855,779.647216796875,15100,0.0,0.0
2012-04-03 00:00:00+09:00,769.3366029351579,776.4747776015665,753.4739925653608,764.5778198242188,9000,0.0,0.0
2012-04-04 00:00:00+09:00,764.5778667100237,769.3366501127832,752.680908203125,752.680908203125,8800,0.0,0.0
2012-04-05 00:00:00+09:00,745.542709108383,756.6465366908482,735.2320120675223,749.5083618164062,6800,0.0,0.0
2012-04-06 00:00:00+09:00,743.1632476545807,746.3357695229033,739.9907257862579,742.3701171875,8700,0.0,0.0
2012-04-09 00:00:00+09:00,742.3701477709909,742.3701477709909,734.4388427734375,734.4388427734375,9100,0.0,0.0
2012-04-10 00:00:00+09:00,734.4388427734375,739.1976257719696,731.2663207744162,734.4388427734375,7900,0.0,0.0
2012-04-11 00:00:00+09:00,716.1967608477618,762.991455078125,714.6105000263935,762.991455078125,22800,0.0,0.0
2012-04-12 00:00:00+09:00,759.0258448325982,759.8189752869687,746.3357575626696,748.7151489257812,6200,0.0,0.0
2012-04-13 00:00:00+09:00,749.5083618164062,764.5778421068948,743.1633174835689,749.5083618164062,7700,0.0,0.0
2012-04-16 00:00:00+09:00,751.0946103843537,755.8533935546875,749.5083493275757,755.8533935546875,6800,0.0,0.0
2012-04-17 00:00:00+09:00,762.1983348511527,766.1639869575582,740.7838134765625,740.7838134765625,4400,0.0,0.0
2012-04-18 00:00:00+09:00,741.5770802633529,762.9916055757706,730.4732523235807,752.680908203125,8200,0.0,0.0
2012-04-19 00:00:00+09:00,745.5425909501088,751.8876342773438,744.7494605342044,751.8876342773438,2300,0.0,0.0
2012-04-20 00:00:00+09:00,750.3015165017453,753.4740387702516,736.8182968605934,752.680908203125,5600,0.0,0.0
2012-04-23 00:00:00+09:00,744.749400727859,755.8532256588387,736.8180972057305,738.4043579101562,5000,0.0,0.0
2012-04-24 00:00:00+09:00,730.4731244026347,750.3013851084607,730.4731244026347,745.5426025390625,3800,0.0,0.0
2012-04-25 00:00:00+09:00,739.1976618999636,747.1289672851562,736.0251397458865,747.1289672851562,5300,0.0,0.0
2012-04-26 00:00:00+09:00,752.6807484420304,769.3364868164062,748.7150964481315,769.3364868164062,10500,0.0,0.0
2012-04-27 00:00:00+09:00,765.3708665671809,765.3708665671809,747.9219970703125,747.9219970703125,5800,0.0,0.0
2012-05-01 00:00:00+09:00,736.0249568370166,737.611217519855,708.2653948873447,717.782958984375,10200,0.0,0.0
2012-05-02 00:00:00+09:00,722.5419368764697,739.9908091171746,722.5419368764697,727.3007202148438,6000,0.0,0.0
2012-05-07 00:00:00+09:00,716.9899323620108,722.5418455550794,713.8174105374001,719.3693237304688,5600,0.0,0.0
2012-05-08 00:00:00+09:00,719.3693572998046,736.818228149414,713.8174438476562,729.6800537109375,5400,0.0,0.0
2012-05-09 00:00:00+09:00,720.1623964414491,729.6799611521291,718.5761356563359,721.7486572265625,6300,0.0,0.0
2012-05-10 00:00:00+09:00,716.1969022435068,722.5419467816553,713.8175105417012,718.5762939453125,3600,0.0,0.0
2012-05-11 00:00:00+09:00,716.196866290489,720.9556494552098,705.8861694335938,705.8861694335938,7800,0.0,0.0
2012-05-14 00:00:00+09:00,674.1608457745247,686.057801876428,653.5394551978922,672.5745849609375,12300,0.0,0.0
2012-05-15 00:00:00+09:00,655.125747760553,655.125747760553,605.95166015625,605.95166015625,33400,0.0,0.0
2012-05-16 00:00:00+09:00,609.9174094175681,618.641845703125,609.9174094175681,618.641845703125,12800,0.0,0.0
2012-05-17 00:00:00+09:00,630.538812789627,636.0907268645041,611.5036788186193,625.780029296875,14000,0.0,0.0
2012-05-18 00:00:00+09:00,621.8143125775434,639.26318359375,604.3654415613369,639.26318359375,15400,0.0,0.0
2012-05-21 00:00:00+09:00,628.1594556725544,639.263284434443,628.1594556725544,638.4701538085938,5500,0.0,0.0
2012-05-22 00:00:00+09:00,636.8836952492043,645.6081294307002,636.8836952492043,642.4356079101562,4000,0.0,0.0
2012-05-23 00:00:00+09:00,642.4356869150539,642.4356869150539,622.6074249732313,624.98681640625,11800,0.0,0.0
2012-05-24 00:00:00+09:00,620.2279583809504,630.5386533412476,617.0554368547052,628.952392578125,5200,0.0,0.0
2012-05-25 00:00:00+09:00,628.1593168033276,628.1593168033276,617.055490496198,624.1936645507812,5000,0.0,0.0
2012-05-28 00:00:00+09:00,624.1936645507812,633.7112299568922,621.0211427487443,624.1936645507812,2800,0.0,0.0
2012-05-29 00:00:00+09:00,622.607263357528,626.5729147164932,610.7103092806326,612.2965698242188,13500,0.0,0.0
2012-05-30 00:00:00+09:00,613.883056640625,618.6418400254361,611.5036649482195,613.883056640625,7300,0.0,0.0
2012-05-31 00:00:00+09:00,612.2967101258116,618.6417537540584,610.71044921875,610.71044921875,9500,0.0,0.0
2012-06-01 00:00:00+09:00,610.7104523771022,613.08984375,607.5379305465718,613.08984375,7300,0.0,0.0
2012-06-04 00:00:00+09:00,602.7792342748397,618.641845703125,601.1929731320112,618.641845703125,10400,0.0,0.0
2012-06-05 00:00:00+09:00,606.7448154197732,624.98681640625,603.5722935090815,624.98681640625,5600,0.0,0.0
2012-06-06 00:00:00+09:00,623.400534100272,628.1593168033276,609.1241859911055,624.1936645507812,7100,0.0,0.0
2012-06-07 00:00:00+09:00,627.3662622313844,636.0906982421875,622.6074789527645,636.0906982421875,7300,0.0,0.0
2012-06-08 00:00:00+09:00,645.608041239526,645.608041239526,611.5034395524257,612.2965698242188,24700,0.0,0.0
2012-06-11 00:00:00+09:00,633.7113351181282,633.7113351181282,624.1937681326243,625.780029296875,6100,0.0,0.0
2012-06-12 00:00:00+09:00,621.8142500291874,636.8837280273438,621.0211196082317,636.8837280273438,5800,0.0,0.0
2012-06-13 00:00:00+09:00,632.9181211829791,632.9181211829791,621.0211640178854,624.98681640625,8300,0.0,0.0
2012-06-14 00:00:00+09:00,624.9867950012905,625.7799254517997,622.6074036497628,624.1936645507812,5200,0.0,0.0
2012-06-15 00:00:00+09:00,622.6075041870428,630.538809972865,622.6075041870428,623.400634765625,6800,0.0,0.0
2012-06-18 00:00:00+09:00,623.4006220051264,635.2975804403387,623.4006220051264,629.7456665039062,5700,0.0,0.0
2012-06-19 00:00:00+09:00,639.2632576313831,642.4357800017622,632.918212890625,632.918212890625,7100,0.0,0.0
2012-06-20 00:00:00+09:00,643.2289375636889,643.2289375636889,636.0907619310462,638.4701538085938,3800,0.0,0.0
2012-06-21 00:00:00+09:00,642.4357055966967,642.4357055966967,635.2975310900667,639.26318359375,5100,0.0,0.0
2012-06-22 00:00:00+09:00,639.2632175106579,640.0563480534751,632.9181731681203,633.7113037109375,8000,0.0,0.0
2012-06-25 00:00:00+09:00,636.8838658535989,640.8495188165726,632.918212890625,632.918212890625,4500,0.0,0.0
2012-06-26 00:00:00+09:00,631.3319033079509,636.8838170305083,626.5731201171875,626.5731201171875,11900,0.0,0.0
2012-06-27 00:00:00+09:00,636.88379209154,639.26318359375,627.3662260827001,639.26318359375,4400,0.0,0.0
2012-06-28 00:00:00+09:00,642.4356994628906,650.3670043945312,642.4356994628906,650.3670043945312,6000,0.0,0.0
2012-06-29 00:00:00+09:00,649.5738587535511,658.2982939749053,649.5738587535511,654.3326416015625,7500,0.0,0.0
2012-07-02 00:00:00+09:00,660.6777685133077,662.2640296621992,655.1258544921875,655.1258544921875,10100,0.0,0.0
2012-07-03 00:00:00+09:00,656.7119390047513,661.4707211714524,654.3325479214008,659.8844604492188,7600,0.0,0.0
2012-07-04 00:00:00+09:00,661.4706420898438,671.7813355516759,659.8843815572542,661.4706420898438,8000,0.0,0.0
2012-07-05 00:00:00+09:00,659.0913548811772,670.9883107454583,659.0913548811772,663.0570068359375,5200,0.0,0.0
2012-07-06 00:00:00+09:00,665.4365020970456,671.7815462171604,661.4708495219738,664.6433715820312,7500,0.0,0.0
2012-07-09 00:00:00+09:00,662.2639800369882,670.1952851871317,662.2639800369882,664.6433715820312,6100,0.0,0.0
2012-07-10 00:00:00+09:00,662.2639224021813,670.1952268620876,662.2639224021813,667.022705078125,6100,0.0,0.0
2012-07-11 00:00:00+09:00,663.8501586914062,669.4020716075829,658.2982457752296,663.8501586914062,7200,0.0,0.0
2012-07-12 00:00:00+09:00,662.2639924934111,664.6433840832078,658.29833984375,658.29833984375,7300,0.0,0.0
2012-07-13 00:00:00+09:00,655.1256782825176,672.5745462270883,655.1256782825176,659.8844604492188,6100,0.0,0.0
2012-07-17 00:00:00+09:00,656.7121423764819,665.4365790505656,656.7121423764819,660.6777954101562,4500,0.0,0.0
2012-07-18 00:00:00+09:00,667.022705078125,668.6089659701063,653.5394874962842,667.022705078125,15400,0.0,0.0
2012-07-19 00:00:00+09:00,662.2639800369882,667.8158936420887,659.0914579769307,664.6433715820312,5100,0.0,0.0
2012-07-20 00:00:00+09:00,667.0227354855314,667.0227354855314,646.4013429497123,659.0914306640625,9000,0.0,0.0
2012-07-23 00:00:00+09:00,664.6433532714843,664.6433532714843,650.3670043945312,650.3670043945312,7800,0.0,0.0
2012-07-24 00:00:00+09:00,662.2640887384426,666.2297419644214,652.7465209960938,652.7465209960938,4400,0.0,0.0
2012-07-25 00:00:00+09:00,650.3670839342336,654.3327368850521,644.022039212924,648.7808227539062,6400,0.0,0.0
2012-07-26 00:00:00+09:00,645.608230425164,657.5051879882812,645.608230425164,657.5051879882812,4200,0.0,0.0
2012-07-27 00:00:00+09:00,663.8501586914062,663.8501586914062,658.2982457752296,663.8501586914062,6600,0.0,0.0
2012-07-30 00:00:00+09:00,687.6441467074449,696.3685822481391,680.5059721741495,689.2304077148438,12400,0.0,0.0
2012-07-31 00:00:00+09:00,689.2303219128206,690.0234523177836,682.0921482681539,686.0578002929688,8200,0.0,0.0
2012-08-01 00:00:00+09:00,682.8853943794793,682.8853943794793,674.9540889859894,681.2991333007812,6800,0.0,0.0
2012-08-02 00:00:00+09:00,682.0922271622429,688.4372711358452,674.1609221952401,684.4716186523438,9000,0.0,0.0
2012-08-03 00:00:00+09:00,683.6785405536447,684.4716711111314,674.9541044212896,677.33349609375,5100,0.0,0.0
2012-08-06 00:00:00+09:00,689.2304474439488,689.2304474439488,684.4716641474429,688.4373168945312,6800,0.0,0.0
2012-08-07 00:00:00+09:00,686.057778817636,687.644039577908,684.4715180573639,685.2646484375,5300,0.0,0.0
2012-08-08 00:00:00+09:00,686.0580046127354,690.0236578185894,682.0923514068816,686.8511352539062,11200,0.0,0.0
2012-08-09 00:00:00+09:00,690.0234194414331,692.4028105429553,687.644028339911,691.6096801757812,7100,0.0,0.0
2012-08-10 00:00:00+09:00,690.0235350460285,703.5067535469279,690.0235350460285,702.713623046875,7400,0.0,0.0
2012-08-13 00:00:00+09:00,704.2999480411629,705.0930786132812,699.5411646084523,705.0930786132812,3800,0.0,0.0
2012-08-14 00:00:00+09:00,708.2655242988194,720.9556120802092,708.2655242988194,709.0586547851562,10800,0.0,0.0
2012-08-15 00:00:00+09:00,723.3350219726562,723.3350219726562,713.0243253875198,723.3350219726562,10300,0.0,0.0
2012-08-16 00:00:00+09:00,727.3006682756395,737.6113647724588,725.7144072761289,734.4388427734375,20900,0.0,0.0
2012-08-17 00:00:00+09:00,736.8182682539615,737.6113987902952,706.6793078732828,728.886962890625,11100,0.0,0.0
2012-08-20 00:00:00+09:00,729.6801332295071,729.6801332295071,727.3007414907152,728.0938720703125,7100,0.0,0.0
2012-08-21 00:00:00+09:00,724.128197989261,736.8182868915919,724.128197989261,727.3007202148438,8000,0.0,0.0
2012-08-22 00:00:00+09:00,722.5416833146553,723.3348135927175,712.2309896998469,720.1622924804688,8800,0.0,0.0
2012-08-23 00:00:00+09:00,716.1967558934789,720.1624079194672,713.817364677886,715.4036254882812,9300,0.0,0.0
2012-08-24 00:00:00+09:00,715.403618812561,717.7830100059509,710.6448364257812,710.6448364257812,6700,0.0,0.0
2012-08-27 00:00:00+09:00,719.3692708015442,719.3692708015442,710.6448364257812,710.6448364257812,4000,0.0,0.0
2012-08-28 00:00:00+09:00,719.3692196672134,719.3692196672134,698.7478307903142,717.782958984375,9900,0.0,0.0
2012-08-29 00:00:00+09:00,717.7830628181634,719.3693237304688,710.6448887127895,719.3693237304688,8300,0.0,0.0
2012-08-30 00:00:00+09:00,719.3694776452106,719.3694776452106,704.2999957540761,711.4381713867188,6200,0.0,0.0
2012-08-31 00:00:00+09:00,705.8862091853997,713.8175149065839,705.0930786132812,705.0930786132812,3900,0.0,0.0
2012-09-03 00:00:00+09:00,705.8861878541138,716.1968849800728,701.9205351133604,704.2999267578125,14400,0.0,0.0
2012-09-04 00:00:00+09:00,703.5067138671875,712.231148875687,696.3685397693242,703.5067138671875,10100,0.0,0.0
2012-09-05 00:00:00+09:00,703.5069206057976,706.679443359375,674.1610851352062,706.679443359375,6200,0.0,0.0
2012-09-06 00:00:00+09:00,710.644937150838,712.2311981712639,693.1960659261523,709.851806640625,6000,0.0,0.0
2012-09-07 00:00:00+09:00,713.8174010278918,716.1967923646514,705.0929661264398,712.2311401367188,5900,0.0,0.0
2012-09-10 00:00:00+09:00,712.2311038674907,719.3692775142696,711.437973462293,715.4036254882812,7300,0.0,0.0
2012-09-11 00:00:00+09:00,713.8172502559712,720.1622924804688,712.2309896998469,720.1622924804688,5900,0.0,0.0
2012-09-12 00:00:00+09:00,720.1624604775636,725.7143737191308,715.4036776990775,724.1281127929688,15300,0.0,0.0
2012-09-13 00:00:00+09:00,721.7487054837572,721.7487054837572,712.2311401367188,712.2311401367188,9300,0.0,0.0
2012-09-14 00:00:00+09:00,720.1625522347384,722.541943927144,713.817507721657,716.1968994140625,21300,0.0,0.0
2012-09-18 00:00:00+09:00,716.9900356246562,721.7488190469438,716.196905054275,720.9556884765625,14700,0.0,0.0
2012-09-19 00:00:00+09:00,723.3350674328653,728.8869813276351,722.5419368764697,727.3007202148438,14700,0.0,0.0
2012-09-20 00:00:00+09:00,728.8869599588053,728.8869599588053,722.5419156936579,726.507568359375,5900,0.0,0.0
2012-09-21 00:00:00+09:00,726.5076081156079,733.6457833045167,725.7144775390625,725.7144775390625,16800,0.0,0.0
2012-09-24 00:00:00+09:00,731.2663207744162,734.4388427734375,725.7144072761289,734.4388427734375,18100,0.0,0.0
2012-09-25 00:00:00+09:00,734.4387602934966,736.818151525549,714.6105000263935,733.6456298828125,136100,0.0,0.0
2012-09-26 00:00:00+09:00,710.731871242285,717.9678292074215,708.3198852539062,708.3198852539062,41300,12.5,0.0
2012-09-27 00:00:00+09:00,699.4758604240632,715.5557652613979,699.4758604240632,714.7517700195312,9500,0.0,0.0
2012-09-28 00:00:00+09:00,716.3598385485022,717.1638338779619,708.3198852539062,708.3198852539062,7700,0.0,0.0
2012-10-01 00:00:00+09:00,707.515904339677,707.515904339677,692.2399927687068,697.06396484375,5700,0.0,0.0
2012-10-02 00:00:00+09:00,698.671852491081,699.4758477183435,695.4558715820312,695.4558715820312,7900,0.0,0.0
2012-10-03 00:00:00+09:00,686.612063941646,695.4560132430022,673.7481376851282,693.8480224609375,11000,0.0,0.0
2012-10-04 00:00:00+09:00,677.768026198256,685.8079790594453,677.768026198256,678.572021484375,6900,0.0,0.0
2012-10-05 00:00:00+09:00,678.572068149949,689.8280029296875,676.9640774671292,689.8280029296875,6200,0.0,0.0
2012-10-09 00:00:00+09:00,677.7679876651405,690.6319115116912,677.7679876651405,681.7879638671875,6400,0.0,0.0
2012-10-10 00:00:00+09:00,678.5720985659889,678.5720985659889,665.7081725268232,669.7281494140625,6600,0.0,0.0
2012-10-11 00:00:00+09:00,659.2761659564394,667.3161191998106,659.2761659564394,663.296142578125,6200,0.0,0.0
2012-10-12 00:00:00+09:00,663.2961053114672,677.7680203364446,663.2961053114672,668.924072265625,5800,0.0,0.0
2012-10-15 00:00:00+09:00,672.1399762834822,675.35595703125,667.3160051618304,675.35595703125,2900,0.0,0.0
2012-10-16 00:00:00+09:00,675.3560596746956,678.5720409112419,675.3560596746956,676.9640502929688,4700,0.0,0.0
2012-10-17 00:00:00+09:00,687.4158266757397,689.0238169135777,680.1798706054688,680.1798706054688,5800,0.0,0.0
2012-10-18 00:00:00+09:00,689.0240872060009,697.0640415491281,672.1401830854337,685.80810546875,10000,0.0,0.0
2012-10-19 00:00:00+09:00,696.2599744916098,706.7119140625,694.6519837883959,706.7119140625,9000,0.0,0.0
2012-10-22 00:00:00+09:00,704.2998239617599,706.7118096602591,694.6518811677631,702.6918334960938,4100,0.0,0.0
2012-10-23 00:00:00+09:00,696.2598684284544,699.4758493449831,693.0438875119257,697.8678588867188,5000,0.0,0.0
2012-10-24 00:00:00+09:00,693.0439700905335,702.6919139897058,689.8279887908095,701.0839233398438,2800,0.0,0.0
2012-10-25 00:00:00+09:00,704.2999280076791,706.7119140625,692.239997733575,706.7119140625,3100,0.0,0.0
2012-10-26 00:00:00+09:00,707.515949779328,707.515949779328,696.260014214657,705.907958984375,4000,0.0,0.0
2012-10-29 00:00:00+09:00,705.9078952894298,709.1238765891538,697.0639467151886,701.0839233398438,4300,0.0,0.0
2012-10-30 00:00:00+09:00,691.4359897984531,698.6719478312276,644.0002649169313,644.8042602539062,32000,0.0,0.0
2012-10-31 00:00:00+09:00,653.6482418651054,674.5521216787496,652.8442464876575,669.7281494140625,15700,0.0,0.0
2012-11-01 00:00:00+09:00,681.7879046250735,684.1998901367188,673.747952919589,684.1998901367188,4700,0.0,0.0
2012-11-02 00:00:00+09:00,693.0438776711857,695.4558633243337,676.1599780991498,683.3959350585938,10400,0.0,0.0
2012-11-05 00:00:00+09:00,676.1600117928381,676.1600117928381,669.7280497305994,672.9440307617188,1600,0.0,0.0
2012-11-06 00:00:00+09:00,673.7480260194986,675.3560165350583,672.9440307617188,672.9440307617188,1800,0.0,0.0
2012-11-07 00:00:00+09:00,685.0039580640175,685.0039580640175,670.5320434570312,670.5320434570312,2200,0.0,0.0
2012-11-08 00:00:00+09:00,668.1200921340924,672.1400686210604,657.6681532679754,660.0801391601562,4400,0.0,0.0
2012-11-09 00:00:00+09:00,657.6681489991437,661.6881254600187,652.8441772460938,652.8441772460938,4100,0.0,0.0
2012-11-12 00:00:00+09:00,652.0401142883301,652.8441094970702,643.1961669921875,643.1961669921875,5500,0.0,0.0
2012-11-13 00:00:00+09:00,645.608145776739,646.4121409769591,631.1362321727772,633.5482177734375,8400,0.0,0.0
2012-11-14 00:00:00+09:00,627.1162719726562,628.7242624136118,625.5082815317007,627.1162719726562,5500,0.0,0.0
2012-11-15 00:00:00+09:00,639.1761206365695,639.9801157568671,631.1361694335938,631.1361694335938,3900,0.0,0.0
2012-11-16 00:00:00+09:00,631.1364175564372,643.1963491021016,631.1364175564372,640.7843627929688,8100,0.0,0.0
2012-11-19 00:00:00+09:00,652.844256735498,660.0802152461131,646.4122936149512,648.8242797851562,9800,0.0,0.0
2012-11-20 00:00:00+09:00,668.9239618352689,668.9239618352689,653.6480540529731,657.6680297851562,11000,0.0,0.0
2012-11-21 00:00:00+09:00,657.6682313588273,667.3161760731377,653.6482543945312,653.6482543945312,7500,0.0,0.0
2012-11-22 00:00:00+09:00,665.7080657290716,665.7080657290716,657.668113244421,660.8840942382812,10800,0.0,0.0
2012-11-26 00:00:00+09:00,672.9439783230634,688.2198870305165,671.3359879328052,685.00390625,12500,0.0,0.0
2012-11-27 00:00:00+09:00,682.5918997956219,684.1998901367188,674.5519480901374,684.1998901367188,9100,0.0,0.0
2012-11-28 00:00:00+09:00,680.9840893988073,681.7880847818047,672.1401401858358,679.3760986328125,4200,0.0,0.0
2012-11-29 00:00:00+09:00,688.2199406595356,688.2199406595356,672.140035503939,672.9440307617188,6300,0.0,0.0
2012-11-30 00:00:00+09:00,685.0040416237837,685.0040416237837,671.3361206054688,671.3361206054688,3900,0.0,0.0
2012-12-03 00:00:00+09:00,683.3960127660611,683.3960127660611,675.3560596746956,676.9640502929688,2800,0.0,0.0
2012-12-04 00:00:00+09:00,681.7879446231618,683.3959350585938,679.3759589700138,683.3959350585938,4500,0.0,0.0
2012-12-05 00:00:00+09:00,681.7879446231618,683.3959350585938,668.9240211397059,683.3959350585938,4500,0.0,0.0
2012-12-06 00:00:00+09:00,682.5919223718475,687.4158935546875,680.1799367804276,687.4158935546875,7100,0.0,0.0
2012-12-07 00:00:00+09:00,687.4158708189125,689.0238611600093,684.1998901367188,684.1998901367188,2600,0.0,0.0
2012-12-10 00:00:00+09:00,684.199970510458,684.199970510458,677.7680083905008,682.5919799804688,6700,0.0,0.0
2012-12-11 00:00:00+09:00,685.0040102305463,689.0239868164062,681.7880289618582,689.0239868164062,3000,0.0,0.0
2012-12-12 00:00:00+09:00,691.4358678110328,691.4358678110328,683.3959158597418,685.00390625,3800,0.0,0.0
2012-12-13 00:00:00+09:00,695.4559297750382,695.4559297750382,688.2199721241997,690.6319580078125,4800,0.0,0.0
2012-12-14 00:00:00+09:00,690.6319982710974,695.4559703195567,689.8280029296875,689.8280029296875,20300,0.0,0.0
2012-12-17 00:00:00+09:00,690.6319814774512,700.2799253397671,690.6319814774512,696.2599487304688,8800,0.0,0.0
2012-12-18 00:00:00+09:00,706.7118112701103,707.5158065047748,704.2998255661167,705.1038208007812,13300,0.0,0.0
2012-12-19 00:00:00+09:00,710.7317730327984,714.7517491246128,709.1237825960726,713.94775390625,5800,0.0,0.0
2012-12-20 00:00:00+09:00,715.555845860564,715.555845860564,708.3198878687156,713.1438598632812,10800,0.0,0.0
2012-12-21 00:00:00+09:00,711.5358704984858,715.5558471679688,708.3198891628994,715.5558471679688,7800,0.0,0.0
2012-12-25 00:00:00+09:00,715.555848466589,722.7918064847905,708.3198904483877,717.9678344726562,7600,0.0,0.0
2012-12-26 00:00:00+09:00,707.5159348286855,719.5758655359928,707.5159348286855,717.1638793945312,6700,0.0,0.0
2012-12-27 00:00:00+09:00,717.1638793945312,722.7918470579413,717.1638793945312,717.1638793945312,16800,0.0,0.0
2012-12-28 00:00:00+09:00,721.1838105252599,721.1838105252599,708.3198852539062,708.3198852539062,9600,0.0,0.0
2013-01-04 00:00:00+09:00,723.5956020545748,728.4195727349386,721.1836167143929,724.3995971679688,10000,0.0,0.0
2013-01-07 00:00:00+09:00,727.615841456822,727.615841456822,720.3798828125,720.3798828125,6500,0.0,0.0
2013-01-08 00:00:00+09:00,720.3798425306577,730.0277868502648,719.5758471706905,721.183837890625,5500,0.0,0.0
2013-01-09 00:00:00+09:00,719.5758471706905,726.8118054103958,718.7718518107232,721.183837890625,7400,0.0,0.0
2013-01-10 00:00:00+09:00,717.9678965977259,727.615841456822,717.1639011928013,720.3798828125,7100,0.0,0.0
2013-01-11 00:00:00+09:00,727.615841456822,727.615841456822,718.7718920026506,720.3798828125,11400,0.0,0.0
2013-01-15 00:00:00+09:00,727.6157601745198,728.4197554896297,720.37980233853,721.98779296875,16500,0.0,0.0
2013-01-16 00:00:00+09:00,721.9877126736111,726.0076888020834,721.9877126736111,723.595703125,9300,0.0,0.0
2013-01-17 00:00:00+09:00,724.3997789140799,726.0077695442998,719.5758070234201,721.98779296875,9700,0.0,0.0
2013-01-18 00:00:00+09:00,723.5957835989699,726.8117648594098,720.37980233853,721.98779296875,11900,0.0,0.0
2013-01-21 00:00:00+09:00,724.3996983506945,726.0076888020834,721.9877126736111,723.595703125,9600,0.0,0.0
2013-01-22 00:00:00+09:00,724.3998598371232,726.0078506469727,719.5758874075754,720.3798828125,8000,0.0,0.0
2013-01-23 00:00:00+09:00,719.5758471706905,721.9878332505922,718.7718518107232,721.183837890625,7000,0.0,0.0
2013-01-24 00:00:00+09:00,716.3597395613386,717.9677299980644,713.143758687887,713.94775390625,9300,0.0,0.0
2013-01-25 00:00:00+09:00,722.7916870117188,723.595682214179,708.3197733674352,722.7916870117188,11200,0.0,0.0
2013-01-28 00:00:00+09:00,723.5958424384285,723.5958424384285,715.555888633557,717.1638793945312,8500,0.0,0.0
2013-01-29 00:00:00+09:00,715.5558304478702,726.0077695442998,715.5558304478702,721.98779296875,5900,0.0,0.0
2013-01-30 00:00:00+09:00,722.7919123826829,727.6158851015884,719.5759305700792,726.8118896484375,7700,0.0,0.0
2013-01-31 00:00:00+09:00,728.4196891312658,728.4196891312658,713.1437795357978,714.7517700195312,11000,0.0,0.0
2013-02-01 00:00:00+09:00,726.0078075678662,726.8118029250842,713.143881852378,716.35986328125,9400,0.0,0.0
2013-02-04 00:00:00+09:00,723.595682214179,745.3035526806043,721.1836966067983,722.7916870117188,10200,0.0,0.0
2013-02-05 00:00:00+09:00,721.9878516774542,726.0078285798899,717.1638793945312,717.1638793945312,12400,0.0,0.0
2013-02-06 00:00:00+09:00,724.3995971679688,729.2235678483327,722.7916069411808,724.3995971679688,9400,0.0,0.0
2013-02-07 00:00:00+09:00,721.9878111494348,724.399797155502,717.9678344726562,717.9678344726562,9900,0.0,0.0
2013-02-08 00:00:00+09:00,717.9677299980644,719.5757204347902,713.94775390625,713.94775390625,9800,0.0,0.0
2013-02-12 00:00:00+09:00,716.3598645101458,730.027785606299,715.5558691515486,718.7718505859375,11300,0.0,0.0
2013-02-13 00:00:00+09:00,723.5958214962121,727.6157982823022,715.555867924032,716.35986328125,7800,0.0,0.0
2013-02-14 00:00:00+09:00,716.35979934951,721.1837710623014,711.5358276367188,711.5358276367188,11600,0.0,0.0
2013-02-15 00:00:00+09:00,711.5357810572574,718.7717381527549,700.2798477975946,702.6918334960938,12700,0.0,0.0
2013-02-18 00:00:00+09:00,702.6919434139926,718.7718505859375,702.6919434139926,718.7718505859375,8800,0.0,0.0
2013-02-19 00:00:00+09:00,726.8116840277778,726.8116840277778,721.1837174479167,723.595703125,10700,0.0,0.0
2013-02-20 00:00:00+09:00,724.3997829651754,729.2237548828125,719.5758110475382,729.2237548828125,10300,0.0,0.0
2013-02-21 00:00:00+09:00,730.0276649305556,730.83166015625,723.595703125,723.595703125,7000,0.0,0.0
2013-02-22 00:00:00+09:00,722.791725610488,727.6156970828605,716.3597636473246,719.5757446289062,8200,0.0,0.0
2013-02-25 00:00:00+09:00,727.6157824057433,730.8317637644427,723.595805707369,725.2037963867188,11000,0.0,0.0
2013-02-26 00:00:00+09:00,723.5957876455692,730.8317455220249,719.5758110475382,729.2237548828125,7800,0.0,0.0
2013-02-27 00:00:00+09:00,721.1838158140791,724.399797155502,715.555848466589,717.9678344726562,9100,0.0,0.0
2013-02-28 00:00:00+09:00,723.5957331444674,739.6756383254556,721.9877426263687,738.8716430664062,16200,0.0,0.0
2013-03-01 00:00:00+09:00,726.811714180665,741.2836288435544,726.811714180665,738.8716430664062,7800,0.0,0.0
2013-03-04 00:00:00+09:00,738.8715767996651,743.6955479213169,731.6356201171875,731.6356201171875,16700,0.0,0.0
2013-03-05 00:00:00+09:00,735.6557075746598,750.1276231335055,735.6557075746598,747.7156372070312,12000,0.0,0.0
2013-03-06 00:00:00+09:00,750.9315975259015,751.7355928123318,745.3036305208893,746.91162109375,11800,0.0,0.0
2013-03-07 00:00:00+09:00,748.5196379643337,763.7955489431977,747.7156426496567,757.3635864257812,15100,0.0,0.0
2013-03-08 00:00:00+09:00,771.0313356816172,806.407121677437,765.4033697277367,802.3871459960938,69900,0.0,0.0
2013-03-11 00:00:00+09:00,812.0351353202041,824.8990582559697,808.8191545862627,811.2311401367188,17300,0.0,0.0
2013-03-12 00:00:00+09:00,812.0352127120926,817.6631795328694,803.9952601109827,804.7992553710938,16300,0.0,0.0
2013-03-13 00:00:00+09:00,803.9952167066704,807.2111975734971,800.7792358398438,800.7792358398438,10500,0.0,0.0
2013-03-14 00:00:00+09:00,803.9952167066704,808.0151927902037,799.9752406231371,800.7792358398438,13600,0.0,0.0
2013-03-15 00:00:00+09:00,806.4072696746341,818.4671989319817,803.9952838231646,810.42724609375,13100,0.0,0.0
2013-03-18 00:00:00+09:00,810.4270973587801,813.6430779038546,802.3871459960938,802.3871459960938,13600,0.0,0.0
2013-03-19 00:00:00+09:00,804.7991314048996,820.0750389940036,802.3871459960938,802.3871459960938,13700,0.0,0.0
2013-03-21 00:00:00+09:00,820.075169931544,820.8791651961827,803.1912693741298,812.0352172851562,14300,0.0,0.0
2013-03-22 00:00:00+09:00,821.683109771329,821.683109771329,798.3672485351562,798.3672485351562,9500,0.0,0.0
2013-03-25 00:00:00+09:00,799.9751952013023,803.9951710565853,792.739238661793,794.3472290039062,14600,0.0,0.0
2013-03-26 00:00:00+09:00,794.3473453209049,795.9553358984775,777.4634442563918,784.6994018554688,14800,0.0,0.0
2013-03-27 00:00:00+09:00,782.6632914183824,802.2095130563025,781.8488655168024,799.7662353515625,7500,12.5,0.0
2013-03-28 00:00:00+09:00,776.9622320877878,806.2815616005345,776.9622320877878,804.6527099609375,12700,0.0,0.0
2013-03-29 00:00:00+09:00,811.1683422727633,813.6116204121391,802.2096557617188,802.2096557617188,10700,0.0,0.0
2013-04-01 00:00:00+09:00,802.2096290351442,802.2096290351442,785.9211086486438,786.7355346679688,7400,0.0,0.0
2013-04-02 00:00:00+09:00,785.1065099683859,785.1065099683859,763.1170122825494,768.8179931640625,17700,0.0,0.0
2013-04-03 00:00:00+09:00,768.8181358484868,800.5807495117188,768.8181358484868,800.5807495117188,9900,0.0,0.0
2013-04-04 00:00:00+09:00,789.9931985020158,811.9826999036184,777.776808834459,811.1682739257812,12800,0.0,0.0
2013-04-05 00:00:00+09:00,814.4258260726929,847.0028591156006,801.3950128555298,833.9720458984375,29800,0.0,0.0
2013-04-08 00:00:00+09:00,838.044175028801,847.0028591156006,829.0854909420013,833.9720458984375,21700,0.0,0.0
2013-04-09 00:00:00+09:00,845.3740242919922,845.3740242919922,813.6114164428711,814.4258422851562,8500,0.0,0.0
2013-04-10 00:00:00+09:00,818.4980689891871,844.5596990465542,818.4980689891871,842.9308471679688,9000,0.0,0.0
2013-04-11 00:00:00+09:00,846.1885714668759,849.4462753031296,842.116441671559,845.3741455078125,23800,0.0,0.0
2013-04-12 00:00:00+09:00,851.0751749869729,855.1473050108341,842.9309149392508,848.6318969726562,10800,0.0,0.0
2013-04-15 00:00:00+09:00,851.8895468480025,862.4770842371269,848.6318430359643,854.3328247070312,9800,0.0,0.0
2013-04-16 00:00:00+09:00,839.6731637943687,862.477090648144,839.6731637943687,845.3741455078125,20400,0.0,0.0
2013-04-17 00:00:00+09:00,853.518319266183,870.6212626865931,847.8173381260463,866.5491333007812,11300,0.0,0.0
2013-04-18 00:00:00+09:00,869.8069110148073,871.4357629080935,855.961669921875,855.961669921875,10500,0.0,0.0
2013-04-19 00:00:00+09:00,855.9615141429829,871.4356043130273,855.1470883445595,856.7759399414062,4900,0.0,0.0
2013-04-22 00:00:00+09:00,873.0646295245577,879.5800372075768,864.9203699207839,874.6934814453125,10300,0.0,0.0
2013-04-23 00:00:00+09:00,872.2501220703125,879.5799550288865,871.4356961860265,872.2501220703125,4500,0.0,0.0
2013-04-24 00:00:00+09:00,879.5798950195312,881.2087466769748,873.0644883897569,879.5798950195312,5900,0.0,0.0
2013-04-25 00:00:00+09:00,879.5800067641442,944.7340813392659,876.322303035388,919.4868774414062,45600,0.0,0.0
2013-04-26 00:00:00+09:00,919.4867387663576,919.4867387663576,875.5077450609693,877.1365966796875,25400,0.0,0.0
2013-04-30 00:00:00+09:00,884.4665929698411,890.9820006528602,874.6934814453125,874.6934814453125,18300,0.0,0.0
2013-05-01 00:00:00+09:00,870.6212287723738,873.8789321541226,866.5490995451878,867.363525390625,7300,0.0,0.0
2013-05-02 00:00:00+09:00,866.5491679177356,876.322278834101,866.5491679177356,873.0645751953125,4400,0.0,0.0
2013-05-07 00:00:00+09:00,894.2397392117823,895.8685911957746,871.4358114358898,881.2089233398438,14500,0.0,0.0
2013-05-08 00:00:00+09:00,889.353108274344,893.4252378909847,882.8377008877187,884.466552734375,13800,0.0,0.0
2013-05-09 00:00:00+09:00,893.4252648857838,894.2396908337198,877.951171875,877.951171875,12200,0.0,0.0
2013-05-10 00:00:00+09:00,887.7242832502319,887.7242832502319,877.951171875,877.951171875,12400,0.0,0.0
2013-05-13 00:00:00+09:00,878.7655639648438,886.9098231304122,877.13671213173,878.7655639648438,18900,0.0,0.0
2013-05-14 00:00:00+09:00,879.5800646116813,886.9098984834453,879.5800646116813,882.8377685546875,13500,0.0,0.0
2013-05-15 00:00:00+09:00,886.9099460489609,887.7243720783906,879.5801117840934,886.0955200195312,12200,0.0,0.0
2013-05-16 00:00:00+09:00,886.0954997119816,890.1676297658049,868.1781274751584,883.6522216796875,18500,0.0,0.0
2013-05-17 00:00:00+09:00,883.6521062032008,891.7963652465482,879.579976681527,882.0232543945312,8600,0.0,0.0
2013-05-20 00:00:00+09:00,895.8684889882312,895.8684889882312,887.7242299974291,890.98193359375,9400,0.0,0.0
2013-05-21 00:00:00+09:00,895.8685022756594,895.8685022756594,885.2809654305834,887.7242431640625,9300,0.0,0.0
2013-05-22 00:00:00+09:00,890.9820557765696,895.0541858303931,883.6522216796875,883.6522216796875,6100,0.0,0.0
2013-05-23 00:00:00+09:00,883.6521796516109,891.7964393719022,842.116455078125,842.116455078125,9300,0.0,0.0
2013-05-24 00:00:00+09:00,840.4876577081286,855.1473261565262,827.456841309553,829.085693359375,20000,0.0,0.0
2013-05-27 00:00:00+09:00,814.4259371676363,843.7452709056712,803.838399984457,813.6115112304688,20600,0.0,0.0
2013-05-28 00:00:00+09:00,810.3537116642556,815.2402667094672,804.6527307781754,807.0960083007812,11500,0.0,0.0
2013-05-29 00:00:00+09:00,815.2402681274414,822.5701007080078,811.9825647583008,814.4258422851562,8300,0.0,0.0
2013-05-30 00:00:00+09:00,826.6424371554767,826.6424371554767,802.2096557617188,802.2096557617188,18000,0.0,0.0
2013-05-31 00:00:00+09:00,803.8383049373068,814.4258408685986,803.8383049373068,807.0960083007812,3700,0.0,0.0
2013-06-03 00:00:00+09:00,826.6422664709816,826.6422664709816,781.0344172863757,782.6632690429688,13700,0.0,0.0
2013-06-04 00:00:00+09:00,776.962395762136,800.5807495117188,768.8181358484868,800.5807495117188,18500,0.0,0.0
2013-06-05 00:00:00+09:00,794.8796572174167,803.8383418786786,782.6632690429688,782.6632690429688,6400,0.0,0.0
2013-06-06 00:00:00+09:00,772.075818310387,785.9210597779784,745.1997613438863,746.82861328125,13100,0.0,0.0
2013-06-07 00:00:00+09:00,737.8698804005082,750.9006950654178,724.8390657355986,743.5708618164062,18100,0.0,0.0
2013-06-10 00:00:00+09:00,780.2200092653582,781.8488610592316,760.6737877388773,763.1170654296875,6700,0.0,0.0
2013-06-11 00:00:00+09:00,766.3748159687542,773.7046494902407,749.2718710852857,751.7151489257812,5800,0.0,0.0
2013-06-12 00:00:00+09:00,745.1997816666313,759.8594495026962,745.1997816666313,749.2719116210938,6500,0.0,0.0
2013-06-13 00:00:00+09:00,747.64306640625,747.64306640625,732.9833984375,732.9833984375,10200,0.0,0.0
2013-06-14 00:00:00+09:00,732.9833574743079,746.8285986710448,726.4679498523141,728.0968017578125,41300,0.0,0.0
2013-06-17 00:00:00+09:00,728.0967427303916,743.5708345781293,728.0967427303916,742.7564086914062,8500,0.0,0.0
2013-06-18 00:00:00+09:00,754.9729072537484,755.7873332594158,743.5709431744037,746.0142211914062,5800,0.0,0.0
2013-06-19 00:00:00+09:00,761.488369938625,763.117222066836,749.2719789770429,754.9729614257812,4800,0.0,0.0
2013-06-20 00:00:00+09:00,766.374788966522,767.1892148846587,754.1584001944733,758.2305297851562,9600,0.0,0.0
2013-06-21 00:00:00+09:00,758.2305569628278,765.5603904887842,744.3853158582433,759.0449829101562,8700,0.0,0.0
2013-06-24 00:00:00+09:00,780.2199969161185,781.8488486842106,765.5603310032895,773.70458984375,5500,0.0,0.0
2013-06-25 00:00:00+09:00,777.7767525530876,787.5498635799327,758.2305304993974,765.5603637695312,6300,0.0,0.0
2013-06-26 00:00:00+09:00,770.4469943576388,782.6633843315972,762.302734375,762.302734375,3900,0.0,0.0
2013-06-27 00:00:00+09:00,773.7046309594829,780.220038378089,768.8180753955282,778.5911865234375,6600,0.0,0.0
2013-06-28 00:00:00+09:00,785.1067024340172,800.5807971915341,782.6634243144092,796.5086669921875,10700,0.0,0.0
2013-07-01 00:00:00+09:00,802.2096557617188,809.5394901798461,796.5086734365086,802.2096557617188,10400,0.0,0.0
2013-07-02 00:00:00+09:00,794.0651743035567,808.7248390599301,792.4363226639597,804.6527099609375,12900,0.0,0.0
2013-07-03 00:00:00+09:00,805.4671773315675,814.425861811494,804.6527514697561,809.539306640625,11100,0.0,0.0
2013-07-04 00:00:00+09:00,812.7971193830684,822.5702310389771,810.3538414690913,820.126953125,6000,0.0,0.0
2013-07-05 00:00:00+09:00,822.5701632088546,824.199015017189,817.6836077838516,821.7557373046875,7100,0.0,0.0
2013-07-08 00:00:00+09:00,829.0855628830229,836.4153959536981,814.4258967416729,816.0547485351562,9100,0.0,0.0
2013-07-09 00:00:00+09:00,826.6423060478855,826.6423060478855,816.0547691231343,818.498046875,7200,0.0,0.0
2013-07-10 00:00:00+09:00,814.42597132572,847.8174361500744,813.6115453543943,820.126953125,9200,0.0,0.0
2013-07-11 00:00:00+09:00,820.126953125,824.1990829816285,813.6115453543943,820.126953125,4800,0.0,0.0
2013-07-12 00:00:00+09:00,816.869215526278,825.0134749034095,815.2403636508518,820.9413452148438,8300,0.0,0.0
2013-07-16 00:00:00+09:00,821.755784963926,829.0856185265378,820.9413590125247,825.0134887695312,13100,0.0,0.0
2013-07-17 00:00:00+09:00,830.7144363674187,832.3432882034332,822.5701771873458,825.827880859375,15500,0.0,0.0
2013-07-18 00:00:00+09:00,829.9000922309027,834.7866482204861,822.5702582465277,828.271240234375,7800,0.0,0.0
2013-07-19 00:00:00+09:00,832.3433223321431,833.9721742349457,822.5702109153273,825.0134887695312,7600,0.0,0.0
2013-07-22 00:00:00+09:00,828.271267334464,833.1578234839299,825.01356323482,829.085693359375,3300,0.0,0.0
2013-07-23 00:00:00+09:00,829.0856594576102,833.1577894156534,829.0856594576102,829.9000854492188,5500,0.0,0.0
2013-07-24 00:00:00+09:00,834.7866346039805,834.7866346039805,829.9000786941035,831.5289306640625,5700,0.0,0.0
2013-07-25 00:00:00+09:00,846.1885983936934,846.1885983936934,831.5289306640625,831.5289306640625,8200,0.0,0.0
2013-07-26 00:00:00+09:00,825.0135362413193,838.8587782118055,823.3846842447916,828.271240234375,6900,0.0,0.0
2013-07-29 00:00:00+09:00,825.8279008411226,829.9000305296883,820.9413452148438,820.9413452148438,12200,0.0,0.0
2013-07-30 00:00:00+09:00,817.6836077838516,821.7557373046875,813.6114782630157,821.7557373046875,8900,0.0,0.0
2013-07-31 00:00:00+09:00,816.0547890419716,823.3846224764803,812.797085293301,813.6115112304688,8700,0.0,0.0
2013-08-01 00:00:00+09:00,813.6114577792036,821.7557166158323,812.7970318955407,819.3124389648438,4000,0.0,0.0
2013-08-02 00:00:00+09:00,825.8277876377106,835.6008975505829,819.312381029129,833.9720458984375,12100,0.0,0.0
2013-08-05 00:00:00+09:00,829.0856326213714,838.8587442043345,827.4567806908775,836.4154663085938,11800,0.0,0.0
2013-08-06 00:00:00+09:00,836.4153233766556,838.044175028801,829.899916768074,833.9720458984375,4100,0.0,0.0
2013-08-07 00:00:00+09:00,829.9000647809086,831.5289167235601,819.3125271536743,820.126953125,6800,0.0,0.0
2013-08-08 00:00:00+09:00,822.5701007080078,824.1989523925781,814.4258422851562,814.4258422851562,7600,0.0,0.0
2013-08-09 00:00:00+09:00,818.4980196401892,833.1576856635957,815.2403160794323,817.68359375,8500,0.0,0.0
2013-08-12 00:00:00+09:00,815.2402888989283,822.5701216662513,814.4258630358923,816.869140625,3600,0.0,0.0
2013-08-13 00:00:00+09:00,818.4979536686038,827.4566377386084,818.4979536686038,826.6422119140625,3800,0.0,0.0
2013-08-14 00:00:00+09:00,826.6423067773823,826.6423067773823,822.5701771873458,825.827880859375,5100,0.0,0.0
2013-08-15 00:00:00+09:00,826.6422119140625,829.899915212246,825.0133602649707,826.6422119140625,3500,0.0,0.0
2013-08-16 00:00:00+09:00,826.642197410659,830.7143264619431,820.9412167388614,822.570068359375,7600,0.0,0.0
2013-08-19 00:00:00+09:00,831.5288622854259,831.5288622854259,825.827880859375,825.827880859375,3100,0.0,0.0
2013-08-20 00:00:00+09:00,829.0856594576102,838.858771356914,829.0856594576102,829.9000854492188,7800,0.0,0.0
2013-08-21 00:00:00+09:00,830.7144297201803,834.7865592776321,827.4567260742188,827.4567260742188,9700,0.0,0.0
2013-08-22 00:00:00+09:00,827.4568952971813,834.786729999617,822.570338828891,830.714599609375,4600,0.0,0.0
2013-08-23 00:00:00+09:00,838.8588736185213,838.8588736185213,824.1992039824695,834.7867431640625,3300,0.0,0.0
2013-08-26 00:00:00+09:00,834.7866143780999,842.9308740305692,834.7866143780999,836.4154663085938,5100,0.0,0.0
2013-08-27 00:00:00+09:00,838.8588736185213,838.8588736185213,834.7867431640625,834.7867431640625,8900,0.0,0.0
2013-08-28 00:00:00+09:00,830.71443708761,834.7865666811767,826.6423074940433,833.15771484375,7900,0.0,0.0
2013-08-29 00:00:00+09:00,833.1578708954753,834.7867230379884,830.7145926817055,832.3434448242188,6200,0.0,0.0
2013-08-30 00:00:00+09:00,834.7866206088629,834.7866206088629,820.126953125,820.126953125,12600,0.0,0.0
2013-09-02 00:00:00+09:00,830.7144363674187,830.7144363674187,823.3846031053531,825.827880859375,4700,0.0,0.0
2013-09-03 00:00:00+09:00,821.7557519817632,833.15771484375,821.7557519817632,833.15771484375,20200,0.0,0.0
2013-09-04 00:00:00+09:00,827.4566377386084,832.3431926858837,824.1989344404249,826.6422119140625,7200,0.0,0.0
2013-09-05 00:00:00+09:00,829.9000111688966,833.15771484375,825.8278815753299,833.15771484375,20500,0.0,0.0
2013-09-06 00:00:00+09:00,833.9721884128529,838.8587442043345,823.3846508646428,836.4154663085938,14600,0.0,0.0
2013-09-09 00:00:00+09:00,860.8482664850832,863.2915444410485,846.1885987492918,853.5184326171875,18200,0.0,0.0
2013-09-10 00:00:00+09:00,853.5183722172127,864.9203352048472,853.5183722172127,860.8482055664062,13900,0.0,0.0
2013-09-11 00:00:00+09:00,863.2915514602021,878.7656453071303,863.2915514602021,873.8790893554688,25100,0.0,0.0
2013-09-12 00:00:00+09:00,871.435730715832,879.5799898814006,871.435730715832,878.7655639648438,11300,0.0,0.0
2013-09-13 00:00:00+09:00,859.2194610483506,895.8686323726878,856.7761829600614,886.0955200195312,37300,0.0,0.0
2013-09-17 00:00:00+09:00,887.724331275813,891.7964612357938,880.3944973478476,881.2089233398438,24700,0.0,0.0
2013-09-18 00:00:00+09:00,879.5799898814006,886.9098231304122,875.5078602986163,878.7655639648438,14300,0.0,0.0
2013-09-19 00:00:00+09:00,875.507854496667,891.7963727198609,875.507854496667,887.7242431640625,22500,0.0,0.0
2013-09-20 00:00:00+09:00,879.5800175942666,890.1675548430864,879.5800175942666,886.9098510742188,29300,0.0,0.0
2013-09-24 00:00:00+09:00,880.3944638430416,891.7964272970681,880.3944638430416,889.3531494140625,46000,0.0,0.0
2013-09-25 00:00:00+09:00,879.5799550288865,882.0232326817445,869.8068444174545,872.2501220703125,206100,0.0,0.0
2013-09-26 00:00:00+09:00,876.7823407240317,878.4304278306557,865.2457309776628,877.6063842773438,78700,12.5,0.0
2013-09-27 00:00:00+09:00,873.4861665107834,881.726602043904,872.6621229574713,877.6063842773438,19300,0.0,0.0
2013-09-30 00:00:00+09:00,864.4218954994737,873.486376767819,861.1257204928027,868.5421142578125,10800,0.0,0.0
2013-10-01 00:00:00+09:00,857.8295454861317,871.0142455128157,857.0055017344639,868.5421142578125,13900,0.0,0.0
2013-10-02 00:00:00+09:00,863.5977443007172,863.5977443007172,852.0611332127305,854.5332641601562,18900,0.0,0.0
2013-10-03 00:00:00+09:00,848.7650507419189,859.4776193435159,838.8765258789062,838.8765258789062,19000,0.0,0.0
2013-10-04 00:00:00+09:00,832.284044364534,840.5244804473512,826.515739106562,827.3397827148438,9700,0.0,0.0
2013-10-07 00:00:00+09:00,827.339707980414,831.4599256496391,822.3954467773438,822.3954467773438,13900,0.0,0.0
2013-10-08 00:00:00+09:00,822.3955131568719,831.4599927608053,822.3955131568719,828.163818359375,14700,0.0,0.0
2013-10-09 00:00:00+09:00,826.51584594607,842.9967202421034,826.51584594607,841.3486328125,9100,0.0,0.0
2013-10-10 00:00:00+09:00,841.3485748501897,841.3485748501897,830.6360072957799,834.7562255859375,6800,0.0,0.0
2013-10-11 00:00:00+09:00,838.0524163987093,873.4862943782024,838.0524163987093,864.4218139648438,20800,0.0,0.0
2013-10-15 00:00:00+09:00,866.8939401110395,866.8939401110395,845.4688047090556,858.6535034179688,7000,0.0,0.0
2013-10-16 00:00:00+09:00,859.4776162798879,862.7737912224761,847.1169602451819,857.8295288085938,7600,0.0,0.0
2013-10-17 00:00:00+09:00,857.829626324533,862.773889300467,857.829626324533,860.3017578125,5300,0.0,0.0
2013-10-18 00:00:00+09:00,860.3016230412301,862.7737541419233,852.8852297391505,855.3573608398438,5600,0.0,0.0
2013-10-21 00:00:00+09:00,861.125703751182,861.125703751182,855.3573976016526,857.8295288085938,4200,0.0,0.0
2013-10-22 00:00:00+09:00,857.8294645733101,866.0699013127271,857.0054208993685,864.4218139648438,6100,0.0,0.0
2013-10-23 00:00:00+09:00,865.2458805117528,872.6622737732821,849.5890502929688,849.5890502929688,10800,0.0,0.0
2013-10-24 00:00:00+09:00,850.413066724898,861.949678095197,850.413066724898,858.6535034179688,5000,0.0,0.0
2013-10-25 00:00:00+09:00,858.6535756049316,858.6535756049316,838.8765258789062,838.8765258789062,8400,0.0,0.0
2013-10-28 00:00:00+09:00,846.2927647348796,861.1255493164062,841.3485032077041,861.1255493164062,5800,0.0,0.0
2013-10-29 00:00:00+09:00,855.3574668921494,861.1257735089558,844.6448974609375,844.6448974609375,5700,0.0,0.0
2013-10-30 00:00:00+09:00,846.2927988205621,852.8851477889793,844.6447115784578,851.237060546875,11700,0.0,0.0
2013-10-31 00:00:00+09:00,844.6446775591544,861.1255493164062,844.6446775591544,861.1255493164062,11800,0.0,0.0
2013-11-01 00:00:00+09:00,857.0054469849707,857.0054469849707,842.1726604025386,842.9967041015625,7700,0.0,0.0
2013-11-05 00:00:00+09:00,851.2369482517242,851.2369482517242,842.1724696159363,843.820556640625,7500,0.0,0.0
2013-11-06 00:00:00+09:00,842.1726094230277,857.005395107582,841.3485657738858,854.5332641601562,4300,0.0,0.0
2013-11-07 00:00:00+09:00,859.477685904154,859.477685904154,841.3487222513339,844.6448974609375,3000,0.0,0.0
2013-11-08 00:00:00+09:00,840.5244617349298,842.9965925047384,834.7561566053763,835.5802001953125,4900,0.0,0.0
2013-11-11 00:00:00+09:00,851.2369482517242,851.2369482517242,839.7003390789032,843.820556640625,4900,0.0,0.0
2013-11-12 00:00:00+09:00,843.82076496139,853.7092895507812,842.9967212456073,853.7092895507812,7900,0.0,0.0
2013-11-13 00:00:00+09:00,859.4773973779771,861.9495279552867,847.116744491429,848.7648315429688,15000,0.0,0.0
2013-11-14 00:00:00+09:00,842.9967053363778,861.9497104416922,841.3486179359156,855.3573608398438,8800,0.0,0.0
2013-11-15 00:00:00+09:00,861.94959040947,867.7178955078125,857.005328896605,867.7178955078125,16300,0.0,0.0
2013-11-18 00:00:00+09:00,865.2457672557192,865.2457672557192,850.4129826741926,861.1255493164062,11600,0.0,0.0
2013-11-19 00:00:00+09:00,849.5890709718682,858.6535518454768,849.5890709718682,853.7092895507812,6100,0.0,0.0
2013-11-20 00:00:00+09:00,854.5332481817514,856.1813354492188,852.8851609142843,856.1813354492188,17600,0.0,0.0
2013-11-21 00:00:00+09:00,861.1255076071266,873.4861608263676,861.1255076071266,871.8380737304688,16000,0.0,0.0
2013-11-22 00:00:00+09:00,865.2457672557192,865.2457672557192,861.1255493164062,861.1255493164062,11100,0.0,0.0
2013-11-25 00:00:00+09:00,866.8938415872175,877.6064080707098,866.8938415872175,875.13427734375,10000,0.0,0.0
2013-11-26 00:00:00+09:00,866.8938415872175,877.6064080707098,866.8938415872175,875.13427734375,12200,0.0,0.0
2013-11-27 00:00:00+09:00,865.2457938289011,875.9583608001161,865.2457938289011,871.0140991210938,17200,0.0,0.0
2013-11-28 00:00:00+09:00,865.246020788434,871.8383714230124,857.0055824952108,860.3017578125,13200,0.0,0.0
2013-11-29 00:00:00+09:00,857.8294198547188,865.245812533578,857.8294198547188,862.773681640625,6700,0.0,0.0
2013-12-02 00:00:00+09:00,864.4218624184481,865.24590613858,859.4776000976562,859.4776000976562,17500,0.0,0.0
2013-12-03 00:00:00+09:00,865.2457117581096,873.4861471081869,862.7735811530864,866.893798828125,12300,0.0,0.0
2013-12-04 00:00:00+09:00,861.12563442589,865.2458527724253,858.6535034179688,858.6535034179688,10500,0.0,0.0
2013-12-05 00:00:00+09:00,858.6535228167394,862.773741256359,849.5890422495761,850.4130859375,7200,0.0,0.0
2013-12-06 00:00:00+09:00,849.5889733047707,862.7736712416051,848.7649296837185,851.237060546875,4600,0.0,0.0
2013-12-09 00:00:00+09:00,859.4774407606859,859.4774407606859,851.2370050870455,857.0053100585938,4900,0.0,0.0
2013-12-10 00:00:00+09:00,861.1256133532916,861.1256133532916,852.8851768618724,854.5332641601562,8500,0.0,0.0
2013-12-11 00:00:00+09:00,853.7091620828019,865.2457723812181,844.6446825626177,847.9408569335938,15300,0.0,0.0
2013-12-12 00:00:00+09:00,842.9966243363534,854.5332350310836,842.1725807153013,851.237060546875,5600,0.0,0.0
2013-12-13 00:00:00+09:00,831.4600923152265,852.0611847908267,831.4600923152265,842.9967041015625,41100,0.0,0.0
2013-12-16 00:00:00+09:00,842.9967895507813,847.1170084635417,833.9323079427083,840.524658203125,13800,0.0,0.0
2013-12-17 00:00:00+09:00,835.5801215171814,848.7648177146912,835.5801215171814,843.820556640625,8100,0.0,0.0
2013-12-18 00:00:00+09:00,843.8208536585366,855.3574668921494,832.2842404249238,844.6448974609375,12200,0.0,0.0
2013-12-19 00:00:00+09:00,853.7092734393816,857.0054482403059,846.2928801373021,855.3573608398438,18600,0.0,0.0
2013-12-20 00:00:00+09:00,855.3572229238657,860.3014843280499,852.8850922217737,857.0053100585938,10100,0.0,0.0
2013-12-24 00:00:00+09:00,861.1256376225898,861.1256376225898,849.5890262094642,852.0611572265625,8500,0.0,0.0
2013-12-25 00:00:00+09:00,852.0611860389195,857.0054482403059,846.2928801373021,855.3573608398438,12600,0.0,0.0
2013-12-26 00:00:00+09:00,857.0053628333529,880.9026277585137,855.357275597135,876.7824096679688,12400,0.0,0.0
2013-12-27 00:00:00+09:00,889.967041015625,889.967041015625,877.6063876681858,889.967041015625,15200,0.0,0.0
2013-12-30 00:00:00+09:00,881.7267135534872,891.6152374438067,867.7179713755346,885.0228881835938,13700,0.0,0.0
2014-01-06 00:00:00+09:00,883.3746925636574,891.6151281286169,882.5506490071615,889.967041015625,17600,0.0,0.0
2014-01-07 00:00:00+09:00,892.43929729177,892.43929729177,879.2545985321501,883.3748168945312,13200,0.0,0.0
2014-01-08 00:00:00+09:00,877.6064843682371,892.4392700195312,877.6064843682371,892.4392700195312,9400,0.0,0.0
2014-01-09 00:00:00+09:00,894.9114009614136,895.7354446087078,877.6064843682371,892.4392700195312,7700,0.0,0.0
2014-01-10 00:00:00+09:00,880.9025720476993,888.3189641416462,877.6063977837229,882.5506591796875,11100,0.0,0.0
2014-01-14 00:00:00+09:00,889.1429940237125,889.1429940237125,877.6063842773438,877.6063842773438,13400,0.0,0.0
2014-01-15 00:00:00+09:00,884.198878078197,894.911446032546,878.4305722566244,894.08740234375,9300,0.0,0.0
2014-01-16 00:00:00+09:00,889.9671501287535,889.9671501287535,874.3103206357476,885.0228881835938,12200,0.0,0.0
2014-01-17 00:00:00+09:00,885.0229581945083,899.8557452033548,883.3748707490809,896.5595703125,6600,0.0,0.0
2014-01-20 00:00:00+09:00,889.9671940349612,896.5595436204053,871.0141889768092,874.3103637695312,19800,0.0,0.0
2014-01-21 00:00:00+09:00,878.4304083182332,885.8468001333027,863.5976246880941,866.893798828125,24100,0.0,0.0
2014-01-22 00:00:00+09:00,876.7823778931121,885.0228137755662,868.5419420106581,880.0785522460938,10600,0.0,0.0
2014-01-23 00:00:00+09:00,885.8468140456087,885.8468140456087,871.0140301825194,871.8380737304688,8000,0.0,0.0
2014-01-24 00:00:00+09:00,866.8938328669622,881.7266170795148,857.0053100585938,857.0053100585938,17900,0.0,0.0
2014-01-27 00:00:00+09:00,854.5331727282835,856.1812598502281,832.2839965820312,832.2839965820312,19900,0.0,0.0
2014-01-28 00:00:00+09:00,833.1082197088156,889.9672376711383,833.1082197088156,838.8765258789062,68800,0.0,0.0
2014-01-29 00:00:00+09:00,846.2927622853974,872.6621570206776,846.2927622853974,867.7178955078125,13000,0.0,0.0
2014-01-30 00:00:00+09:00,852.8851977328193,863.5977654338112,844.6447610397486,858.6535034179688,26800,0.0,0.0
2014-01-31 00:00:00+09:00,857.0054288674856,865.2458656835192,844.6447736434354,863.5977783203125,12700,0.0,0.0
2014-02-03 00:00:00+09:00,865.2457020583662,868.5418761614458,844.6446139141194,848.7648315429688,12300,0.0,0.0
2014-02-04 00:00:00+09:00,842.1726178135016,848.7649670723157,803.4425659179688,803.4425659179688,35300,0.0,0.0
2014-02-05 00:00:00+09:00,803.4424920235912,833.1080609598467,803.4424920235912,817.4512329101562,24200,0.0,0.0
2014-02-06 00:00:00+09:00,819.9233744869649,846.2927694453397,815.8031565247189,828.9878540039062,14400,0.0,0.0
2014-02-07 00:00:00+09:00,838.8765258789062,842.1727008332438,828.9880010158936,838.8765258789062,9100,0.0,0.0
2014-02-10 00:00:00+09:00,847.1169192057923,854.5333124673216,843.8207444228904,849.5890502929688,7000,0.0,0.0
2014-02-12 00:00:00+09:00,857.0054160793546,860.3015907565829,855.3573287407405,858.6535034179688,7900,0.0,0.0
2014-02-13 00:00:00+09:00,843.8206711576846,853.7091946478138,825.6917114257812,825.6917114257812,14000,0.0,0.0
2014-02-14 00:00:00+09:00,832.284006886668,842.172529740767,820.7473968902191,824.8676147460938,10400,0.0,0.0
2014-02-17 00:00:00+09:00,825.6915993690491,845.4686436653137,824.8675558567047,843.820556640625,7900,0.0,0.0
2014-02-18 00:00:00+09:00,852.8852663947114,858.6535725442408,842.1726978312995,857.8295288085938,18900,0.0,0.0
2014-02-19 00:00:00+09:00,860.3015350877193,860.3015350877193,845.46875,845.46875,5400,0.0,0.0
2014-02-20 00:00:00+09:00,849.5891233918252,851.237210925078,840.5246419589347,842.1727294921875,6900,0.0,0.0
2014-02-21 00:00:00+09:00,851.2370237982624,870.190026264245,846.2927622853974,867.7178955078125,12900,0.0,0.0
2014-02-24 00:00:00+09:00,867.7178955078125,875.1342877771101,856.1812853111275,867.7178955078125,7600,0.0,0.0
2014-02-25 00:00:00+09:00,873.4861608263676,873.4861608263676,862.7735947030253,871.8380737304688,7800,0.0,0.0
2014-02-26 00:00:00+09:00,863.5977702909021,872.6622507042607,861.1256392690769,864.4218139648438,6600,0.0,0.0
2014-02-27 00:00:00+09:00,864.4217021648701,864.4217021648701,855.3572229238657,857.0053100585938,4200,0.0,0.0
2014-02-28 00:00:00+09:00,861.1256295171913,861.1256295171913,847.1168872188255,852.8851928710938,8900,0.0,0.0
2014-03-03 00:00:00+09:00,852.8851977328193,862.7737217645041,838.052411685292,858.6535034179688,7400,0.0,0.0
2014-03-04 00:00:00+09:00,859.4774205112277,873.4861608263676,854.5331592235314,871.8380737304688,7600,0.0,0.0
2014-03-05 00:00:00+09:00,873.4861608263676,878.430422114064,866.0697688948229,871.8380737304688,3400,0.0,0.0
2014-03-06 00:00:00+09:00,873.4862299606049,873.4862299606049,867.7179246684123,871.0140991210938,5900,0.0,0.0
2014-03-07 00:00:00+09:00,877.6065385622534,877.6065385622534,870.1901452786287,874.3103637695312,9100,0.0,0.0
2014-03-10 00:00:00+09:00,871.0142985411729,876.7826051540284,868.5421671356635,869.3662109375,4100,0.0,0.0
2014-03-11 00:00:00+09:00,877.6064294101818,880.9026037929431,872.66216783604,879.2545166015625,4500,0.0,0.0
2014-03-12 00:00:00+09:00,869.3662109375,873.4864299466824,866.070035730154,869.3662109375,8200,0.0,0.0
2014-03-13 00:00:00+09:00,867.7179246684123,875.1343171869456,867.7179246684123,871.0140991210938,3700,0.0,0.0
2014-03-14 00:00:00+09:00,865.2458575783568,866.0699012522409,833.108154296875,833.108154296875,42800,0.0,0.0
2014-03-17 00:00:00+09:00,833.9321979707591,839.7005036879482,833.108154296875,833.108154296875,10400,0.0,0.0
2014-03-18 00:00:00+09:00,855.3573466163117,855.3573466163117,833.9322107665776,838.0524291992188,8700,0.0,0.0
2014-03-19 00:00:00+09:00,835.5803509245687,846.2929195261657,834.7563071859843,838.8765258789062,9400,0.0,0.0
2014-03-20 00:00:00+09:00,838.0522578735352,838.8763013916016,824.0435180664062,824.0435180664062,11700,0.0,0.0
2014-03-24 00:00:00+09:00,835.5802446058785,866.069859054022,835.5802446058785,856.1813354492188,21600,0.0,0.0
2014-03-25 00:00:00+09:00,865.2457780270671,879.2545191951243,842.9966008777997,872.6621704101562,19500,0.0,0.0
2014-03-26 00:00:00+09:00,865.2457938289011,880.9026224791384,864.4217502157308,871.0140991210938,24200,0.0,0.0
2014-03-27 00:00:00+09:00,871.4310751155931,904.787288517147,871.4310751155931,898.949951171875,16100,12.5,0.0
2014-03-28 00:00:00+09:00,900.6177507965258,907.2889933950186,871.4310644281198,895.6143188476562,33900,0.0,0.0
2014-03-31 00:00:00+09:00,900.617727155764,912.2924013966721,893.946484732388,911.45849609375,27800,0.0,0.0
2014-04-01 00:00:00+09:00,912.2924165587494,923.9670909936877,909.7907006084056,920.6314697265625,17700,0.0,0.0
2014-04-02 00:00:00+09:00,927.3026996587893,938.1434686296204,896.4482033571928,903.1194458007812,28000,0.0,0.0
2014-04-03 00:00:00+09:00,903.1195215590895,931.4723043227174,903.1195215590895,926.4688720703125,11800,0.0,0.0
2014-04-04 00:00:00+09:00,925.6349846270444,930.6384169763799,918.9637414945973,927.3027954101562,10400,0.0,0.0
2014-04-07 00:00:00+09:00,917.2958332142041,920.6314544258921,905.621158973296,911.45849609375,5600,0.0,0.0
2014-04-08 00:00:00+09:00,893.9464496813323,908.9567445453845,884.7734917088559,887.2752075195312,11400,0.0,0.0
2014-04-09 00:00:00+09:00,877.2684611360581,880.6040826612902,852.2512996968169,853.085205078125,15700,0.0,0.0
2014-04-10 00:00:00+09:00,860.5902779359512,870.5971416328808,856.4207513955638,858.0885620117188,9900,0.0,0.0
2014-04-11 00:00:00+09:00,854.7530843697342,865.5938551958869,850.5835571289062,850.5835571289062,11000,0.0,0.0
2014-04-14 00:00:00+09:00,850.58353921967,857.2547826645302,848.915728358455,849.7496337890625,6400,0.0,0.0
2014-04-15 00:00:00+09:00,853.9191356513222,857.2547572749602,850.5835140276843,851.4174194335938,8000,0.0,0.0
2014-04-16 00:00:00+09:00,858.0884880453854,900.6176550913666,858.0884880453854,885.6073608398438,8200,0.0,0.0
2014-04-17 00:00:00+09:00,881.4379302191529,898.1160367512089,868.0954449935083,873.098876953125,9300,0.0,0.0
2014-04-18 00:00:00+09:00,883.1056722586495,883.1056722586495,866.4275670224145,875.6005249023438,5000,0.0,0.0
2014-04-21 00:00:00+09:00,883.9395775204613,888.1091038295201,871.4309985932849,875.6005249023438,5600,0.0,0.0
2014-04-22 00:00:00+09:00,876.434751079457,881.4381844823845,870.597412109375,870.597412109375,4400,0.0,0.0
2014-04-23 00:00:00+09:00,870.597171917742,883.1057519740315,868.9293612435702,876.4345092773438,4600,0.0,0.0
2014-04-24 00:00:00+09:00,879.7701306256876,881.4379412998595,873.0988879289999,876.4345092773438,4800,0.0,0.0
2014-04-25 00:00:00+09:00,878.9362083656719,899.7838413914232,878.9362083656719,889.7769775390625,5600,0.0,0.0
2014-04-28 00:00:00+09:00,889.7769233302066,889.7769233302066,878.102249547055,887.2752075195312,4400,0.0,0.0
2014-04-30 00:00:00+09:00,879.7700779874559,892.2786572953345,879.7700779874559,888.109130859375,4400,0.0,0.0
2014-05-01 00:00:00+09:00,888.1091127897564,897.2820707622328,883.9395864386308,887.2752075195312,6400,0.0,0.0
2014-05-02 00:00:00+09:00,893.1126138266031,899.7838565069139,888.1091818163701,898.949951171875,5500,0.0,0.0
2014-05-07 00:00:00+09:00,898.9500123853228,898.9500123853228,854.7530266186975,856.4208374023438,16900,0.0,0.0
2014-05-08 00:00:00+09:00,863.9259143535908,888.9430740356445,863.9259143535908,867.2615356445312,7600,0.0,0.0
2014-05-09 00:00:00+09:00,867.2616817239336,885.6076019142477,867.2616817239336,879.770263671875,4300,0.0,0.0
2014-05-12 00:00:00+09:00,863.0920876274879,877.2684794049442,861.4242768301401,868.0955200195312,7200,0.0,0.0
2014-05-13 00:00:00+09:00,883.9396001170397,883.9396001170397,874.7666420026177,882.2717895507812,4900,0.0,0.0
2014-05-14 00:00:00+09:00,833.9052666220089,846.4138456213391,833.9052666220089,836.406982421875,30900,0.0,0.0
2014-05-15 00:00:00+09:00,834.7392148076892,838.9087413551803,834.7392148076892,835.5731201171875,10800,0.0,0.0
2014-05-16 00:00:00+09:00,835.5731047198221,838.0748206022168,826.400146484375,826.400146484375,27800,0.0,0.0
2014-05-19 00:00:00+09:00,828.0680651606345,833.0714975785236,817.227294921875,817.227294921875,16500,0.0,0.0
2014-05-20 00:00:00+09:00,828.0680651606345,828.0680651606345,817.227294921875,817.227294921875,9800,0.0,0.0
2014-05-21 00:00:00+09:00,813.0577283833717,817.2272551955941,809.7221069335938,809.7221069335938,14800,0.0,0.0
2014-05-22 00:00:00+09:00,810.5559704108474,828.0679821172547,810.5559704108474,824.7323608398438,9200,0.0,0.0
2014-05-23 00:00:00+09:00,829.7357760756763,842.2443556145056,829.7357760756763,838.0748291015625,12700,0.0,0.0
2014-05-26 00:00:00+09:00,845.579987993798,848.9156092482114,838.9087454849712,841.4104614257812,7900,0.0,0.0
2014-05-27 00:00:00+09:00,843.0782831009378,849.7495256971866,841.4104724518756,844.74609375,6400,0.0,0.0
2014-05-28 00:00:00+09:00,844.7461799598942,849.7496124177021,843.078369140625,843.078369140625,4600,0.0,0.0
2014-05-29 00:00:00+09:00,843.9121884254689,848.9156203726556,843.0782831009378,844.74609375,5400,0.0,0.0
2014-05-30 00:00:00+09:00,843.9121662196828,848.9155980352145,837.2409237989739,838.0748291015625,6000,0.0,0.0
2014-06-02 00:00:00+09:00,845.5799698602586,850.5834016345797,839.7426327902174,840.5765380859375,9900,0.0,0.0
2014-06-03 00:00:00+09:00,847.2477986210047,848.9156092482114,840.5765561121779,841.4104614257812,13000,0.0,0.0
2014-06-04 00:00:00+09:00,849.749579902709,849.749579902709,846.4139583918053,847.2478637695312,3900,0.0,0.0
2014-06-05 00:00:00+09:00,852.2513500808851,852.2513500808851,849.7496337890625,849.7496337890625,3700,0.0,0.0
2014-06-06 00:00:00+09:00,853.9190354713314,858.9224673197963,853.9190354713314,858.0885620117188,9400,0.0,0.0
2014-06-09 00:00:00+09:00,862.2581897104171,864.7599059281456,850.5835140276843,851.4174194335938,10000,0.0,0.0
2014-06-10 00:00:00+09:00,853.0853018411776,856.4209237447599,851.4174908893865,854.7531127929688,7600,0.0,0.0
2014-06-11 00:00:00+09:00,851.4173730658007,861.4242373917455,851.4173730658007,860.59033203125,8600,0.0,0.0
2014-06-12 00:00:00+09:00,854.7529477125023,861.4241902312341,853.0851370828194,855.5868530273438,7700,0.0,0.0
2014-06-13 00:00:00+09:00,861.4240789024575,861.4240789024575,849.7494060034891,858.92236328125,24100,0.0,0.0
2014-06-16 00:00:00+09:00,858.9226401724467,861.4243566001334,854.7531127929688,854.7531127929688,13500,0.0,0.0
2014-06-17 00:00:00+09:00,861.4242132097964,879.7701306256876,859.7564025356246,876.4345092773438,14600,0.0,0.0
2014-06-18 00:00:00+09:00,879.7701666995897,879.7701666995897,868.0954915016804,878.1023559570312,8100,0.0,0.0
2014-06-19 00:00:00+09:00,878.1023070266126,897.2821294972794,875.6005910521778,895.6143188476562,14300,0.0,0.0
2014-06-20 00:00:00+09:00,896.4482672727786,896.4482672727786,885.6074975290147,894.7804565429688,6900,0.0,0.0
2014-06-23 00:00:00+09:00,894.7802849418052,899.7837161716756,894.7802849418052,898.1159057617188,8900,0.0,0.0
2014-06-24 00:00:00+09:00,900.617727155764,913.126306699594,898.116011246998,911.45849609375,10900,0.0,0.0
2014-06-25 00:00:00+09:00,910.624590790828,916.461927911282,908.1228748820621,911.45849609375,14300,0.0,0.0
2014-06-26 00:00:00+09:00,909.7907284467649,914.7941605005509,909.7907284467649,910.6246337890625,7400,0.0,0.0
2014-06-27 00:00:00+09:00,915.6280226083601,915.6280226083601,873.9327574622599,911.45849609375,18700,0.0,0.0
2014-06-30 00:00:00+09:00,900.617858274698,916.4620613369381,900.617858274698,914.7942504882812,14500,0.0,0.0
2014-07-01 00:00:00+09:00,908.9568091220543,918.9636730756916,908.9568091220543,915.6280517578125,19600,0.0,0.0
2014-07-02 00:00:00+09:00,910.6245546839197,913.9601757633479,905.6211230647772,909.7906494140625,13300,0.0,0.0
2014-07-03 00:00:00+09:00,908.956787109375,911.458503037199,902.2855446351778,908.956787109375,2800,0.0,0.0
2014-07-04 00:00:00+09:00,904.7873072380567,916.4619821701606,904.7873072380567,913.9602661132812,7600,0.0,0.0
2014-07-07 00:00:00+09:00,911.4584531348193,917.2957899801474,911.4584531348193,912.2923583984375,7800,0.0,0.0
2014-07-08 00:00:00+09:00,910.624590790828,915.6280226083601,908.956780184984,911.45849609375,6800,0.0,0.0
2014-07-09 00:00:00+09:00,905.6212158203125,908.9568372413819,898.949972978174,905.6212158203125,10600,0.0,0.0
2014-07-10 00:00:00+09:00,905.6212009447675,905.6212009447675,896.4482421875,896.4482421875,5900,0.0,0.0
2014-07-11 00:00:00+09:00,891.4447605249725,917.2958246749015,890.6108552298134,899.7838134765625,6600,0.0,0.0
2014-07-14 00:00:00+09:00,899.783821852842,911.45849609375,898.116011246998,911.45849609375,4500,0.0,0.0
2014-07-15 00:00:00+09:00,905.6211878041752,916.4619570872823,905.6211878041752,915.6280517578125,5500,0.0,0.0
2014-07-16 00:00:00+09:00,915.6281342049404,923.9671882505227,915.6281342049404,922.2993774414062,15700,0.0,0.0
2014-07-17 00:00:00+09:00,925.6349016272503,925.6349016272503,917.2958484594373,920.6314697265625,9700,0.0,0.0
2014-07-18 00:00:00+09:00,908.9568804903514,915.6281236499136,904.787353515625,904.787353515625,8000,0.0,0.0
2014-07-22 00:00:00+09:00,910.6246447041086,916.4619821701606,904.7873072380567,913.9602661132812,9200,0.0,0.0
2014-07-23 00:00:00+09:00,913.9602551582533,917.295876527444,908.9568231044672,910.6246337890625,3300,0.0,0.0
2014-07-24 00:00:00+09:00,913.1264038085938,913.9603092001998,910.6246876337757,913.1264038085938,7500,0.0,0.0
2014-07-25 00:00:00+09:00,920.6314697265625,923.1331856769065,913.9602271923121,920.6314697265625,6900,0.0,0.0
2014-07-28 00:00:00+09:00,924.8009281864873,924.8009281864873,919.7974966543693,923.1331176757812,3800,0.0,0.0
2014-07-29 00:00:00+09:00,920.6315487132352,923.967170266544,918.1298325482536,921.4654541015625,7500,0.0,0.0
2014-07-30 00:00:00+09:00,919.7975057710024,919.7975057710024,911.4584531348193,912.2923583984375,7800,0.0,0.0
2014-07-31 00:00:00+09:00,917.2959089937184,917.2959089937184,906.4551391601562,906.4551391601562,7900,0.0,0.0
2014-08-01 00:00:00+09:00,902.28564453125,913.9603201536506,902.28564453125,902.28564453125,8600,0.0,0.0
2014-08-04 00:00:00+09:00,903.9532968026621,904.787202058015,900.61767578125,900.61767578125,7600,0.0,0.0
2014-08-05 00:00:00+09:00,904.7872774205838,913.1263306686998,895.6143188476562,895.6143188476562,8100,0.0,0.0
2014-08-06 00:00:00+09:00,895.6143036319306,898.1160195638633,886.4413452148438,886.4413452148438,11600,0.0,0.0
2014-08-07 00:00:00+09:00,886.4414455926241,894.7804996433543,886.4414455926241,893.9465942382812,5200,0.0,0.0
2014-08-08 00:00:00+09:00,906.45512782342,906.45512782342,886.4413991502257,888.943115234375,10200,0.0,0.0
2014-08-11 00:00:00+09:00,908.1229318861145,908.1229318861145,894.7804462018373,905.6212158203125,6800,0.0,0.0
2014-08-12 00:00:00+09:00,907.2890445319688,908.9568552755936,902.2856123010939,906.4551391601562,4400,0.0,0.0
2014-08-13 00:00:00+09:00,903.1194430645301,911.45849609375,901.451632458686,911.45849609375,7700,0.0,0.0
2014-08-14 00:00:00+09:00,906.455071181551,911.458503037199,904.7872605630017,908.956787109375,8700,0.0,0.0
2014-08-15 00:00:00+09:00,908.956780184984,913.126306699594,908.956780184984,911.45849609375,3400,0.0,0.0
2014-08-18 00:00:00+09:00,911.4585500564018,914.7941714655743,911.4585500564018,913.9602661132812,8400,0.0,0.0
2014-08-19 00:00:00+09:00,921.4654865611683,923.9672028142755,911.4586215487393,917.2959594726562,9800,0.0,0.0
2014-08-20 00:00:00+09:00,919.7975057710024,921.465316298239,911.4584531348193,912.2923583984375,12100,0.0,0.0
2014-08-21 00:00:00+09:00,908.9568339995224,917.2958875224538,908.9568339995224,913.9602661132812,9400,0.0,0.0
2014-08-22 00:00:00+09:00,911.4585391313602,917.295876527444,910.6246337890625,910.6246337890625,5400,0.0,0.0
2014-08-25 00:00:00+09:00,913.1264038085938,915.6281199834118,911.4585930253818,913.1264038085938,3700,0.0,0.0
2014-08-26 00:00:00+09:00,909.7906494140625,913.1262704934908,909.7906494140625,909.7906494140625,10200,0.0,0.0
2014-08-27 00:00:00+09:00,908.9568339995224,914.7941714655743,908.9568339995224,913.9602661132812,12200,0.0,0.0
2014-08-28 00:00:00+09:00,917.2957696162454,919.7974853515625,915.627959126034,919.7974853515625,25000,0.0,0.0
2014-08-29 00:00:00+09:00,921.4652958417738,923.1331063319851,914.7940538809283,919.7974853515625,16900,0.0,0.0
2014-09-01 00:00:00+09:00,923.1332648782169,923.967170266544,920.6315487132352,921.4654541015625,11800,0.0,0.0
2014-09-02 00:00:00+09:00,921.4653432036006,925.6348696434359,919.7975326276664,924.8009643554688,14800,0.0,0.0
2014-09-03 00:00:00+09:00,924.8011043514218,925.635009765625,921.4654826946087,925.635009765625,12500,0.0,0.0
2014-09-04 00:00:00+09:00,925.6348696434359,926.4687749314029,919.7975326276664,924.8009643554688,16500,0.0,0.0
2014-09-05 00:00:00+09:00,924.8010756548713,926.4688864315257,917.2959271599265,921.4654541015625,14000,0.0,0.0
2014-09-08 00:00:00+09:00,921.4654541015625,925.6349810431985,918.9637379365809,921.4654541015625,18400,0.0,0.0
2014-09-09 00:00:00+09:00,918.9637558231733,924.8010936550809,918.9637558231733,922.2993774414062,10400,0.0,0.0
2014-09-10 00:00:00+09:00,922.2993986996115,928.9706420898438,922.2993986996115,928.9706420898438,17900,0.0,0.0
2014-09-11 00:00:00+09:00,928.9705560062093,930.6383666992188,926.4688399666953,930.6383666992188,10500,0.0,0.0
2014-09-12 00:00:00+09:00,928.9705560062093,932.306177392228,927.3027453132,930.6383666992188,36500,0.0,0.0
2014-09-16 00:00:00+09:00,931.4723438262939,933.9740600585938,930.6384384155273,933.9740600585938,27900,0.0,0.0
2014-09-17 00:00:00+09:00,933.9741285250672,934.8080339969646,931.472412109375,931.472412109375,21900,0.0,0.0
2014-09-18 00:00:00+09:00,934.8079761220043,938.9775032233514,933.1401652814656,937.3096923828125,27300,0.0,0.0
2014-09-19 00:00:00+09:00,943.1469806173573,997.3508300781249,942.3130752410377,997.350830078125,50400,0.0,0.0
2014-09-22 00:00:00+09:00,983.174325776141,983.174325776141,963.1605990427845,972.3335571289062,29600,0.0,0.0
2014-09-24 00:00:00+09:00,981.506678025266,982.3405834441489,973.1676238364362,979.8388671875,43600,0.0,0.0
2014-09-25 00:00:00+09:00,1000.6862725997506,1004.855798735583,999.8523673725842,1003.18798828125,213600,0.0,0.0
2014-09-26 00:00:00+09:00,1025.5186383811924,1025.5186383811924,996.0254975896216,1007.82275390625,103700,12.5,0.0
2014-09-29 00:00:00+09:00,996.0254541262233,1007.8227099280566,988.4415039679018,1001.0814208984375,30900,0.0,0.0
2014-09-30 00:00:00+09:00,988.4416915828623,996.8683044693317,981.7004012736868,990.1270141601562,18600,0.0,0.0
2014-10-01 00:00:00+09:00,990.1270440007232,1002.7669637113707,980.8577695462484,987.5990600585938,16300,0.0,0.0
2014-10-02 00:00:00+09:00,977.4867780260645,989.2840322436203,964.0042017774291,964.8468627929688,26100,0.0,0.0
2014-10-03 00:00:00+09:00,953.892509105438,971.5883948750618,953.892509105438,959.7911376953125,16600,0.0,0.0
2014-10-06 00:00:00+09:00,961.4762564823545,983.3854437466325,961.4762564823545,977.48681640625,13400,0.0,0.0
2014-10-07 00:00:00+09:00,969.9031224595597,979.1723964361497,955.577880859375,955.577880859375,20800,0.0,0.0
2014-10-08 00:00:00+09:00,947.99375706201,950.5217404141753,931.9831958316294,933.6685180664062,16800,0.0,0.0
2014-10-09 00:00:00+09:00,935.3538226469409,938.7244670528758,919.34326171875,919.34326171875,14500,0.0,0.0
2014-10-10 00:00:00+09:00,910.9169188882703,924.3995004814361,901.6476440429688,901.6476440429688,20400,0.0,0.0
2014-10-14 00:00:00+09:00,873.8396388420408,890.6928623491197,868.7836717899171,870.468994140625,25100,0.0,0.0
2014-10-15 00:00:00+09:00,869.6263761932636,883.1089556691281,859.5144415863653,877.2103271484375,18900,0.0,0.0
2014-10-16 00:00:00+09:00,872.9968136270998,872.9968136270998,851.0876271847209,852.77294921875,19300,0.0,0.0
2014-10-17 00:00:00+09:00,852.772975263662,883.9514338454363,843.5037037934048,845.1890258789062,27800,0.0,0.0
2014-10-20 00:00:00+09:00,862.0424136010836,886.4795885712023,862.0424136010836,872.9970092773438,20300,0.0,0.0
2014-10-21 00:00:00+09:00,872.9971691655178,873.8398305257161,855.3012806013519,859.5145874023438,17400,0.0,0.0
2014-10-22 00:00:00+09:00,870.4690334679944,897.4341922975935,870.4690334679944,893.2208862304688,24300,0.0,0.0
2014-10-23 00:00:00+09:00,880.5810646261749,889.8503389906609,876.3677580968631,879.7384033203125,16800,0.0,0.0
2014-10-24 00:00:00+09:00,884.7941796967917,894.9061131790409,878.0528907086257,885.6368408203125,9300,0.0,0.0
2014-10-27 00:00:00+09:00,883.951612882794,894.0635474438936,880.5809680290942,893.2208862304688,13800,0.0,0.0
2014-10-28 00:00:00+09:00,881.4235132139073,885.636818726402,875.5248854964145,882.2661743164062,9000,0.0,0.0
2014-10-29 00:00:00+09:00,883.9515783033406,910.0740748976243,883.9515783033406,906.7034301757812,11400,0.0,0.0
2014-10-30 00:00:00+09:00,906.7034301757812,918.5006867022319,890.6928677470268,906.7034301757812,21300,0.0,0.0
2014-10-31 00:00:00+09:00,906.7034617899595,962.3191016395295,906.7034617899595,961.4764404296875,25200,0.0,0.0
2014-11-04 00:00:00+09:00,967.3748362286491,973.2734632788238,922.713802848755,949.678955078125,29600,0.0,0.0
2014-11-05 00:00:00+09:00,937.0390492801583,965.6895238085085,930.2977611558407,964.8468627929688,21600,0.0,0.0
2014-11-06 00:00:00+09:00,972.4310642417665,972.4310642417665,941.2525985771691,953.8925170898438,16500,0.0,0.0
2014-11-07 00:00:00+09:00,963.1617906658051,963.1617906658051,937.8819536404559,953.8925170898438,11200,0.0,0.0
2014-11-10 00:00:00+09:00,939.5672682443138,959.7911376953126,938.7246070171889,959.7911376953125,10000,0.0,0.0
2014-11-11 00:00:00+09:00,959.7910886110959,964.8470557152808,944.6231872985413,964.00439453125,9200,0.0,0.0
2014-11-12 00:00:00+09:00,953.892509105438,965.6897662851871,944.6232356070635,959.7911376953125,12700,0.0,0.0
2014-11-13 00:00:00+09:00,960.6337909798348,966.532419520939,955.5778236588883,965.6897583007812,11900,0.0,0.0
2014-11-14 00:00:00+09:00,976.644410803799,983.3857009560254,968.217798113516,981.7003784179688,20500,0.0,0.0
2014-11-17 00:00:00+09:00,981.7003700827712,987.5989989158866,953.8925484409416,956.4205322265625,14100,0.0,0.0
2014-11-18 00:00:00+09:00,964.0044433593749,985.9136352539062,958.9484759990985,985.9136352539062,8300,0.0,0.0
2014-11-19 00:00:00+09:00,992.6548854951354,992.6548854951354,974.1163392464996,989.2842407226562,8300,0.0,0.0
2014-11-20 00:00:00+09:00,994.340207881375,994.340207881375,980.8576287914581,989.2842407226562,8400,0.0,0.0
2014-11-21 00:00:00+09:00,980.8576541163341,1006.9801517775079,980.8576541163341,1002.766845703125,23100,0.0,0.0
2014-11-25 00:00:00+09:00,1004.4521798999738,1010.3508084732119,1002.7668574504772,1006.9801635742188,8300,0.0,0.0
2014-11-26 00:00:00+09:00,1001.0816761921757,1007.8229669409445,995.1830467870029,1005.2949829101562,6500,0.0,0.0
2014-11-27 00:00:00+09:00,998.5535159353483,1004.4521442995233,994.3402099609375,994.3402099609375,17400,0.0,0.0
2014-11-28 00:00:00+09:00,994.3403122025699,1001.9242637363183,984.2283768242386,996.025634765625,8300,0.0,0.0
2014-12-01 00:00:00+09:00,992.6548953629516,997.710862571931,986.7562669524757,988.4415893554688,5800,0.0,0.0
2014-12-02 00:00:00+09:00,983.3856144274695,995.1828711558196,983.3856144274695,994.3402099609375,8000,0.0,0.0
2014-12-03 00:00:00+09:00,990.9696556227432,997.7109457970475,985.913687992015,991.8123168945312,7700,0.0,0.0
2014-12-04 00:00:00+09:00,991.812014663874,1017.9345061291077,990.126692633859,1012.8785400390625,34200,0.0,0.0
2014-12-05 00:00:00+09:00,1001.9241786078424,1015.4067579667368,994.3402277184642,1013.721435546875,5500,0.0,0.0
2014-12-08 00:00:00+09:00,1013.7214257123067,1017.934731721086,1002.7668300894804,1014.5640869140625,8600,0.0,0.0
2014-12-09 00:00:00+09:00,1015.4066893522404,1023.8333008821345,1006.9800778223463,1019.6199951171875,11300,0.0,0.0
2014-12-10 00:00:00+09:00,987.5989321680512,1022.1480415698346,987.5989321680512,998.5535278320312,24400,0.0,0.0
2014-12-11 00:00:00+09:00,985.913687992015,1010.3508648738683,985.913687992015,991.8123168945312,11000,0.0,0.0
2014-12-12 00:00:00+09:00,1006.137431575303,1016.2493655609845,1005.2947704098297,1007.82275390625,28400,0.0,0.0
2014-12-15 00:00:00+09:00,995.1828711558196,1007.8227890790519,991.812226376291,994.3402099609375,7100,0.0,0.0
2014-12-16 00:00:00+09:00,994.3402177659447,1002.7668297809104,987.5989281539722,988.4415893554688,19700,0.0,0.0
2014-12-17 00:00:00+09:00,987.599010535591,1004.4522359713519,987.599010535591,991.8123168945312,10200,0.0,0.0
2014-12-18 00:00:00+09:00,1007.8229042573847,1011.1935494221251,998.5536300543486,1000.2389526367188,5300,0.0,0.0
2014-12-19 00:00:00+09:00,1000.2387646484375,1013.7213427734375,999.396103515625,1011.193359375,9500,0.0,0.0
2014-12-22 00:00:00+09:00,1011.1933544428662,1011.1933544428662,980.8575538095803,1001.0814208984375,7000,0.0,0.0
2014-12-24 00:00:00+09:00,994.3402335543592,1013.7214414965205,989.2842662650997,1002.766845703125,17700,0.0,0.0
2014-12-25 00:00:00+09:00,1004.4521484375,1010.3507768259753,1002.7668260407928,1004.4521484375,6800,0.0,0.0
2014-12-26 00:00:00+09:00,1011.1932914120754,1023.8332075547263,1003.6093417264848,1017.0919189453125,11700,0.0,0.0
2014-12-29 00:00:00+09:00,1025.518700336186,1039.0012797982886,1025.518700336186,1033.9453125,13500,0.0,0.0
2014-12-30 00:00:00+09:00,1052.4836841447352,1052.4836841447352,1003.6093417264848,1017.0919189453125,6600,0.0,0.0
2015-01-05 00:00:00+09:00,1017.0919244529969,1044.057079036672,1016.249263372257,1027.203857421875,7400,0.0,0.0
2015-01-06 00:00:00+09:00,996.8682845252596,1022.1481226789009,991.8123168945312,991.8123168945312,14400,0.0,0.0
2015-01-07 00:00:00+09:00,977.486947549356,1009.5080716932142,977.486947549356,997.7108154296875,9100,0.0,0.0
2015-01-08 00:00:00+09:00,987.5989264741366,1012.8787624760344,986.7562652740734,1009.5081176757812,9100,0.0,0.0
2015-01-09 00:00:00+09:00,1001.0814305673732,1038.158520588387,1001.0814305673732,1021.3052978515625,13800,0.0,0.0
2015-01-13 00:00:00+09:00,1006.1374846574969,1023.8333700660457,1001.9241786078424,1013.721435546875,9300,0.0,0.0
2015-01-14 00:00:00+09:00,1016.2492578691357,1019.6199021738427,1009.5079692597219,1017.0919189453125,7400,0.0,0.0
2015-01-15 00:00:00+09:00,1017.0919148429496,1029.7318309346183,1017.0919148429496,1028.0465087890625,6000,0.0,0.0
2015-01-16 00:00:00+09:00,1028.0466740989843,1028.0466740989843,1002.7668378506487,1008.6654663085938,8100,0.0,0.0
2015-01-19 00:00:00+09:00,1012.0361131270132,1019.6200640163913,1008.6654682872895,1013.721435546875,4900,0.0,0.0
2015-01-20 00:00:00+09:00,1019.6198501275511,1034.7877487244898,1002.7666294642858,1032.259765625,7500,0.0,0.0
2015-01-21 00:00:00+09:00,1032.2597302888569,1032.2597302888569,1014.5638491981907,1024.67578125,6200,0.0,0.0
2015-01-22 00:00:00+09:00,1016.2491775164775,1035.6303807361119,1016.2491775164775,1034.7877197265625,7400,0.0,0.0
2015-01-23 00:00:00+09:00,1042.371922599622,1055.0118408203125,1034.7879716672076,1055.0118408203125,11600,0.0,0.0
2015-01-26 00:00:00+09:00,1046.585364774816,1084.5051243681066,1043.2147194776348,1074.3931884765625,16300,0.0,0.0
2015-01-27 00:00:00+09:00,1074.393198441486,1077.7638437699297,1065.9665851203763,1073.550537109375,6900,0.0,0.0
2015-01-28 00:00:00+09:00,1077.763574608929,1110.6273583538455,1077.763574608929,1107.2567138671875,17300,0.0,0.0
2015-01-29 00:00:00+09:00,1110.6274728227954,1110.6274728227954,1081.13433052477,1087.032958984375,6000,0.0,0.0
2015-01-30 00:00:00+09:00,1098.830229751153,1100.5155521894217,1081.9770053684665,1096.30224609375,7300,0.0,0.0
2015-02-02 00:00:00+09:00,1055.8545778002488,1084.5050611563609,1055.8545778002488,1069.337158203125,13700,0.0,0.0
2015-02-03 00:00:00+09:00,1068.4944969279452,1078.6064322301024,1059.2252229009678,1069.337158203125,12500,0.0,0.0
2015-02-04 00:00:00+09:00,1069.3367955769415,1095.459286249034,1057.539541725029,1090.4033203125,11100,0.0,0.0
2015-02-05 00:00:00+09:00,1095.4594578828064,1095.4594578828064,1076.0782520894952,1086.190185546875,4900,0.0,0.0
2015-02-06 00:00:00+09:00,1086.1903968811037,1087.033058166504,1069.3371711730958,1078.6064453125,6600,0.0,0.0
2015-02-09 00:00:00+09:00,1081.9769287109375,1088.718217986395,1078.6062840732088,1081.9769287109375,4400,0.0,0.0
2015-02-10 00:00:00+09:00,1078.6061527237352,1086.1901022350742,1072.7075253260275,1082.8194580078125,3400,0.0,0.0
2015-02-12 00:00:00+09:00,1093.774074316919,1134.2218058787157,1092.9314132427148,1123.2672119140625,24600,0.0,0.0
2015-02-13 00:00:00+09:00,1123.2674758647458,1127.4807822258288,1119.8968307758794,1121.5821533203125,12500,0.0,0.0
2015-02-16 00:00:00+09:00,1124.1099463036599,1132.5365575952915,1121.5819629161704,1127.4805908203125,10200,0.0,0.0
2015-02-17 00:00:00+09:00,1131.6941215856752,1132.5367828824626,1113.155573056349,1129.1661376953125,16700,0.0,0.0
2015-02-18 00:00:00+09:00,1131.6938671365235,1138.4351559951178,1119.8966116339834,1130.008544921875,27300,0.0,0.0
2015-02-19 00:00:00+09:00,1130.0086473591364,1133.3792920939884,1116.5260684197285,1131.6939697265625,25700,0.0,0.0
2015-02-20 00:00:00+09:00,1132.5366112918216,1138.4352394756331,1124.952660769778,1133.3792724609375,35800,0.0,0.0
2015-02-23 00:00:00+09:00,1135.0646002142278,1140.96322842618,1106.4141203276029,1122.4246826171875,25500,0.0,0.0
2015-02-24 00:00:00+09:00,1129.1661491335444,1129.1661491335444,1085.3477612567203,1097.14501953125,30000,0.0,0.0
2015-02-25 00:00:00+09:00,1095.459354285038,1098.8299984520688,1083.6620997004297,1084.5047607421875,17800,0.0,0.0
2015-02-26 00:00:00+09:00,1091.2460743618085,1099.672684974641,1076.9208363199932,1092.931396484375,16000,0.0,0.0
2015-02-27 00:00:00+09:00,1097.9875051844533,1108.0994392306648,1088.7182323087595,1091.2462158203125,14400,0.0,0.0
2015-03-02 00:00:00+09:00,1091.246278778944,1112.3128092573022,1091.246278778944,1096.30224609375,13400,0.0,0.0
2015-03-03 00:00:00+09:00,1104.728625744373,1104.728625744373,1079.4487944916411,1084.5047607421875,8600,0.0,0.0
2015-03-04 00:00:00+09:00,1084.5050073977318,1084.5050073977318,1057.539847928635,1063.4384765625,18600,0.0,0.0
2015-03-05 00:00:00+09:00,1053.3262033323415,1061.7528129590003,1039.8436279296875,1039.8436279296875,24100,0.0,0.0
2015-03-06 00:00:00+09:00,1036.473270729544,1060.9104454052813,1030.5746423595385,1046.585205078125,11400,0.0,0.0
2015-03-09 00:00:00+09:00,1050.7982789079995,1059.2248890034928,1034.7877197265625,1034.7877197265625,10800,0.0,0.0
2015-03-10 00:00:00+09:00,1045.7423969615588,1055.0116688121448,1031.417158647017,1038.158447265625,18800,0.0,0.0
2015-03-11 00:00:00+09:00,1029.7318557863314,1050.7983831142021,1028.8891946932165,1036.47314453125,13700,0.0,0.0
2015-03-12 00:00:00+09:00,1044.9000144792506,1061.7532405192385,1030.5747723452607,1045.74267578125,18900,0.0,0.0
2015-03-13 00:00:00+09:00,1033.945185802829,1061.7530025359124,1033.945185802829,1044.8997802734375,41600,0.0,0.0
2015-03-16 00:00:00+09:00,1051.6411861532322,1065.1237654628892,1046.585218912111,1055.8544921875,13400,0.0,0.0
2015-03-17 00:00:00+09:00,1081.1341649857402,1095.459403337071,1061.7529601574688,1080.29150390625,19200,0.0,0.0
2015-03-18 00:00:00+09:00,1085.3474606330378,1085.3474606330378,1071.8648834823168,1081.1341552734375,12300,0.0,0.0
2015-03-19 00:00:00+09:00,1080.2917848800973,1081.1344461787558,1063.4385589069288,1066.8092041015625,7700,0.0,0.0
2015-03-20 00:00:00+09:00,1117.3687265580136,1117.3687265580136,1085.3476016641941,1100.5155029296875,44300,0.0,0.0
2015-03-23 00:00:00+09:00,1096.3020153267958,1103.0433036608574,1076.920811366368,1084.5047607421875,11500,0.0,0.0
2015-03-24 00:00:00+09:00,1084.504873050666,1089.560839824795,1071.8649561153436,1085.3475341796875,12200,0.0,0.0
2015-03-25 00:00:00+09:00,1085.3474606330378,1107.2566485029595,1072.7075445542368,1081.1341552734375,10500,0.0,0.0
2015-03-26 00:00:00+09:00,1081.134282726378,1087.0329109251968,1063.4383981299213,1070.1796875,11000,0.0,0.0
2015-03-27 00:00:00+09:00,1056.1374746963563,1096.9872722672064,1045.073987854251,1051.03125,13100,12.5,0.0
2015-03-30 00:00:00+09:00,1051.88232421875,1054.4354366561743,1042.5209119481947,1051.88232421875,8700,0.0,0.0
2015-03-31 00:00:00+09:00,1063.7969095915873,1070.6052098129735,1032.3085210676763,1039.1168212890625,20300,0.0,0.0
2015-04-01 00:00:00+09:00,1045.074194415722,1060.3928715325649,1032.3086301516864,1041.6700439453125,15000,0.0,0.0
2015-04-02 00:00:00+09:00,1041.6699234450361,1076.5624617303683,1035.7126608109552,1058.690673828125,15000,0.0,0.0
2015-04-03 00:00:00+09:00,1078.2645375618333,1083.370762680516,1051.0313369288588,1067.2010498046875,10300,0.0,0.0
2015-04-06 00:00:00+09:00,1067.2012089373118,1070.6053595240337,1048.4783807103413,1059.5418701171875,6400,0.0,0.0
2015-04-07 00:00:00+09:00,1059.541724042641,1070.6052119242106,1055.2865363958833,1064.64794921875,9500,0.0,0.0
2015-04-08 00:00:00+09:00,1064.6479380160947,1091.8811386687846,1064.6479380160947,1075.71142578125,8600,0.0,0.0
2015-04-09 00:00:00+09:00,1080.8176501211747,1086.7749127596378,1064.6479372453462,1067.2010498046875,7000,0.0,0.0
2015-04-10 00:00:00+09:00,1067.201221410779,1072.3074473505435,1039.9680163987018,1056.98876953125,15000,0.0,0.0
2015-04-13 00:00:00+09:00,1052.7335812481128,1066.3501837541517,1052.7335812481128,1056.98876953125,4400,0.0,0.0
2015-04-14 00:00:00+09:00,1057.8394930400545,1075.7112785218253,1057.8394930400545,1072.30712890625,4800,0.0,0.0
2015-04-15 00:00:00+09:00,1074.0091298502086,1074.0091298502086,1066.3497937419268,1070.60498046875,3000,0.0,0.0
2015-04-16 00:00:00+09:00,1070.60498046875,1070.60498046875,1056.9883829429152,1070.60498046875,7700,0.0,0.0
2015-04-17 00:00:00+09:00,1062.0948239047427,1063.7968989430517,1057.8396363089705,1058.690673828125,5300,0.0,0.0
2015-04-20 00:00:00+09:00,1058.6906370990046,1063.796862036781,1055.2864871404868,1057.839599609375,12100,0.0,0.0
2015-04-21 00:00:00+09:00,1055.28662109375,1060.3928466796874,1044.2231323242188,1055.28662109375,8100,0.0,0.0
2015-04-22 00:00:00+09:00,1063.7968117408907,1068.0519989878542,1044.2229504048582,1051.03125,12400,0.0,0.0
2015-04-23 00:00:00+09:00,1051.0313473785923,1059.54172266101,1046.7761597373833,1047.627197265625,8700,0.0,0.0
2015-04-24 00:00:00+09:00,1047.6271237651927,1052.7333485763959,1045.925048828125,1045.925048828125,5100,0.0,0.0
2015-04-27 00:00:00+09:00,1045.9248386070376,1045.9248386070376,1034.8613537397541,1038.2655029296875,12600,0.0,0.0
2015-04-28 00:00:00+09:00,1036.563635384088,1044.2229725913594,1036.563635384088,1037.4146728515625,10200,0.0,0.0
2015-04-30 00:00:00+09:00,1037.414610911437,1043.3718728280735,1030.6063115781378,1033.159423828125,16000,0.0,0.0
2015-05-01 00:00:00+09:00,1030.6065553177234,1030.6065553177234,1016.9899534307841,1024.6492919921875,15800,0.0,0.0
2015-05-07 00:00:00+09:00,1024.6492919921875,1034.0107057894584,1019.5430662845853,1024.6492919921875,12100,0.0,0.0
2015-05-08 00:00:00+09:00,1022.9470475849353,1036.5636472200092,1021.244972630551,1034.861572265625,8200,0.0,0.0
2015-05-11 00:00:00+09:00,1038.265759006522,1041.6699090360519,1034.8616089769926,1035.712646484375,8400,0.0,0.0
2015-05-12 00:00:00+09:00,1036.5634283347208,1041.6696521196209,1036.5634283347208,1038.2655029296875,8000,0.0,0.0
2015-05-13 00:00:00+09:00,1036.563720703125,1041.6699459282636,1036.563720703125,1036.563720703125,8200,0.0,0.0
2015-05-14 00:00:00+09:00,1034.8615841405606,1038.2657340883914,1027.2022467579413,1032.3084716796875,14300,0.0,0.0
2015-05-15 00:00:00+09:00,1022.0959489792461,1032.3083980947756,1022.0959489792461,1030.6063232421875,12600,0.0,0.0
2015-05-18 00:00:00+09:00,1034.0105112328663,1041.6698483531097,1030.606361401647,1039.9677734375,16900,0.0,0.0
2015-05-19 00:00:00+09:00,1045.0741212522828,1056.1376095065823,1037.4147832300755,1048.478271484375,32800,0.0,0.0
2015-05-20 00:00:00+09:00,1051.8823349984668,1051.8823349984668,1034.0105477533473,1040.81884765625,18600,0.0,0.0
2015-05-21 00:00:00+09:00,1040.8189326623092,1041.6699702196784,1026.351294187036,1031.45751953125,17300,0.0,0.0
2015-05-22 00:00:00+09:00,1032.3084130302702,1047.627086925196,1032.3084130302702,1045.073974609375,19900,0.0,0.0
2015-05-25 00:00:00+09:00,1045.0740960783558,1045.0740960783558,1022.0960825652323,1036.563720703125,17900,0.0,0.0
2015-05-26 00:00:00+09:00,1038.2657103190372,1039.1167477865117,1032.3084480467148,1037.4146728515625,9000,0.0,0.0
2015-05-27 00:00:00+09:00,1038.2658321863369,1039.9679073210687,1020.394043271654,1028.9044189453125,29800,0.0,0.0
2015-05-28 00:00:00+09:00,1034.0106080905557,1039.9678708532174,1026.3512702528478,1036.563720703125,28900,0.0,0.0
2015-05-29 00:00:00+09:00,1038.2657221743937,1039.9677971287779,1034.861572265625,1034.861572265625,14600,0.0,0.0
2015-06-01 00:00:00+09:00,1034.8615354938272,1040.8187976224924,1030.6063482590664,1034.010498046875,14600,0.0,0.0
2015-06-02 00:00:00+09:00,1037.4146728515625,1041.6698601889357,1034.010522981664,1037.4146728515625,14200,0.0,0.0
2015-06-03 00:00:00+09:00,1037.4148072683015,1046.7762206234706,1034.8616945350734,1043.3720703125,25900,0.0,0.0
2015-06-04 00:00:00+09:00,1043.3720096244163,1048.478234793867,1038.2657844549656,1047.627197265625,16900,0.0,0.0
2015-06-05 00:00:00+09:00,1040.8189101585976,1065.498998788687,1040.8189101585976,1062.0948486328125,23200,0.0,0.0
2015-06-08 00:00:00+09:00,1062.945778683146,1083.3706775529583,1062.094741230237,1076.5623779296875,29600,0.0,0.0
2015-06-09 00:00:00+09:00,1071.456286737167,1086.7749627985402,1071.456286737167,1074.0093994140625,28500,0.0,0.0
2015-06-10 00:00:00+09:00,1066.350084911552,1072.3073479557504,1040.8189575792721,1043.3720703125,21600,0.0,0.0
2015-06-11 00:00:00+09:00,1047.6273553083486,1068.903296724034,1047.6273553083486,1056.98876953125,13500,0.0,0.0
2015-06-12 00:00:00+09:00,1056.9885621197457,1062.9458245471517,1043.3719622856747,1057.839599609375,44400,0.0,0.0
2015-06-15 00:00:00+09:00,1057.8394795849335,1066.349853515625,1047.627030868104,1066.349853515625,9300,0.0,0.0
2015-06-16 00:00:00+09:00,1066.3499875,1069.7541375,1059.5416875,1063.796875,15400,0.0,0.0
2015-06-17 00:00:00+09:00,1056.988623399001,1071.456261561467,1056.988623399001,1062.0948486328125,14300,0.0,0.0
2015-06-18 00:00:00+09:00,1058.690844844505,1069.7543343806612,1053.5846189047404,1056.98876953125,13400,0.0,0.0
2015-06-19 00:00:00+09:00,1062.9459353864288,1088.477062737584,1062.9459353864288,1077.41357421875,13200,0.0,0.0
2015-06-22 00:00:00+09:00,1078.2645996670915,1085.9239377862737,1069.7542239791112,1079.9666748046875,20800,0.0,0.0
2015-06-23 00:00:00+09:00,1084.2217542965714,1104.6466539065539,1083.370716812822,1094.4342041015625,25700,0.0,0.0
2015-06-24 00:00:00+09:00,1088.4770874023436,1091.8812377929687,1078.2646362304688,1080.8177490234375,23000,0.0,0.0
2015-06-25 00:00:00+09:00,1079.1156981272077,1093.5833376131402,1076.562585276749,1084.221923828125,21400,0.0,0.0
2015-06-26 00:00:00+09:00,1090.1791256302638,1092.7322383366577,1079.9666748046875,1079.9666748046875,15800,0.0,0.0
2015-06-29 00:00:00+09:00,1063.7970583505899,1070.6053595240337,1051.8825312970632,1059.5418701171875,20500,0.0,0.0
2015-06-30 00:00:00+09:00,1051.8824344631955,1068.9031858299138,1038.2658333698207,1062.9459228515625,21900,0.0,0.0
2015-07-01 00:00:00+09:00,1062.9458622057853,1070.6051998838093,1050.1802994090783,1067.2010498046875,17900,0.0,0.0
2015-07-02 00:00:00+09:00,1068.0520762358487,1086.7749014766364,1068.0520762358487,1078.2645263671875,16900,0.0,0.0
2015-07-03 00:00:00+09:00,1081.6687132056202,1085.0728633651975,1069.7541876471005,1079.1156005859375,14900,0.0,0.0
2015-07-06 00:00:00+09:00,1065.4989739813607,1067.2010490196694,1053.5844487131985,1058.690673828125,30100,0.0,0.0
2015-07-07 00:00:00+09:00,1058.6906730367452,1073.158310851556,1046.7761477774893,1050.1802978515625,30200,0.0,0.0
2015-07-08 00:00:00+09:00,1050.1802710162708,1055.2864959969008,1029.75537109375,1029.75537109375,21300,0.0,0.0
2015-07-09 00:00:00+09:00,1022.0961181029764,1031.4575313412217,1000.8201789251459,1020.39404296875,28700,0.0,0.0
2015-07-10 00:00:00+09:00,1032.3085701044188,1068.0521479645884,1032.3085701044188,1054.435546875,32900,0.0,0.0
2015-07-13 00:00:00+09:00,1063.7968512857037,1072.3072260959893,1054.4354389943894,1068.903076171875,12200,0.0,0.0
2015-07-14 00:00:00+09:00,1080.8175889455297,1080.8175889455297,1063.7968395133166,1071.4561767578125,18600,0.0,0.0
2015-07-15 00:00:00+09:00,1078.2643907335068,1078.2643907335068,1059.5415678478423,1072.30712890625,13300,0.0,0.0
2015-07-16 00:00:00+09:00,1072.3074093510277,1088.47712425394,1068.9032588451514,1081.6688232421875,26800,0.0,0.0
2015-07-17 00:00:00+09:00,1082.5197495680588,1082.5197495680588,1059.5417360159067,1062.0948486328125,12400,0.0,0.0
2015-07-21 00:00:00+09:00,1078.2643907335068,1078.2643907335068,1062.0946800595239,1072.30712890625,15800,0.0,0.0
2015-07-22 00:00:00+09:00,1072.30725,1072.30725,1056.1375375,1063.796875,13900,0.0,0.0
2015-07-23 00:00:00+09:00,1065.4988296750992,1076.5623159257193,1059.5415678478423,1072.30712890625,9400,0.0,0.0
2015-07-24 00:00:00+09:00,1074.8603625,1074.8603625,1061.2437625,1063.796875,15500,0.0,0.0
2015-07-27 00:00:00+09:00,1066.3499613641536,1066.3499613641536,1051.88232421875,1051.88232421875,10000,0.0,0.0
2015-07-28 00:00:00+09:00,1052.733423126983,1062.9458734725965,1044.2230478389718,1056.1375732421875,15600,0.0,0.0
2015-07-29 00:00:00+09:00,1056.1376586914062,1059.5418090820312,1053.5845458984375,1055.28662109375,9300,0.0,0.0
2015-07-30 00:00:00+09:00,1056.1374629056127,1057.839537785396,1048.4781259465872,1053.5843505859375,11800,0.0,0.0
2015-07-31 00:00:00+09:00,1053.5846189047404,1062.0949954710145,1051.0315059348582,1056.98876953125,13800,0.0,0.0
2015-08-03 00:00:00+09:00,1056.1375732421875,1060.3927608861932,1046.776160425375,1056.1375732421875,12100,0.0,0.0
2015-08-04 00:00:00+09:00,1057.839635518227,1059.5417105552635,1047.6271852960076,1050.1802978515625,15700,0.0,0.0
2015-08-05 00:00:00+09:00,1050.1802008263708,1063.796799864638,1050.1802008263708,1053.5843505859375,12800,0.0,0.0
2015-08-06 00:00:00+09:00,1053.5844606557841,1068.0520986454032,1051.0313480693808,1056.1375732421875,15900,0.0,0.0
2015-08-07 00:00:00+09:00,1056.1377195304656,1066.3501712906314,1054.4356442371047,1059.5418701171875,27400,0.0,0.0
2015-08-10 00:00:00+09:00,1060.392532324374,1071.4560178141146,1051.0311215253628,1070.60498046875,21300,0.0,0.0
2015-08-11 00:00:00+09:00,1070.6051982960014,1070.6051982960014,1045.925110258971,1050.1802978515625,33700,0.0,0.0
2015-08-12 00:00:00+09:00,1048.4781599287326,1053.5843847335802,1032.3084480467148,1037.4146728515625,22100,0.0,0.0
2015-08-13 00:00:00+09:00,1042.5210327347575,1051.031408512184,1030.6065066463602,1043.3720703125,20000,0.0,0.0
2015-08-14 00:00:00+09:00,1047.627086925196,1047.627086925196,1042.520862293554,1045.073974609375,11600,0.0,0.0
2015-08-17 00:00:00+09:00,1045.925085548463,1059.5416855230565,1045.925085548463,1046.776123046875,24800,0.0,0.0
2015-08-18 00:00:00+09:00,1055.2864609819976,1055.2864609819976,1039.967786548388,1045.925048828125,15900,0.0,0.0
2015-08-19 00:00:00+09:00,1045.9250965729639,1045.9250965729639,1035.712646484375,1035.712646484375,9700,0.0,0.0
2015-08-20 00:00:00+09:00,1035.7126085271884,1037.414683479575,1026.3511962890625,1026.3511962890625,14000,0.0,0.0
2015-08-21 00:00:00+09:00,1021.2450428928042,1021.2450428928042,1005.9263672494122,1006.7774047851562,22100,0.0,0.0
2015-08-24 00:00:00+09:00,994.0117239583333,1001.6710608723957,957.4171142578124,957.4171142578125,30500,0.0,0.0
2015-08-25 00:00:00+09:00,936.1413696622891,982.9484381454037,921.6737303129629,933.5882568359375,34300,0.0,0.0
2015-08-26 00:00:00+09:00,944.6517453682296,965.9276855792258,936.9924068922711,963.3745727539062,23200,0.0,0.0
2015-08-27 00:00:00+09:00,982.0974245720508,995.7140266458401,972.7360106463208,975.2891235351562,19200,0.0,0.0
2015-08-28 00:00:00+09:00,1001.6711171293912,1003.3731920947768,982.9482925101503,994.0117797851562,16500,0.0,0.0
2015-08-31 00:00:00+09:00,1005.0752538242389,1010.1814786531512,978.693092208192,988.0545043945312,29400,0.0,0.0
2015-09-01 00:00:00+09:00,979.5441360405084,986.3524358566024,947.2047119140625,947.2047119140625,33700,0.0,0.0
2015-09-02 00:00:00+09:00,942.098486449314,961.6723484080621,939.5453740199121,942.9495239257812,16600,0.0,0.0
2015-09-03 00:00:00+09:00,947.204821733394,966.7786859740662,944.6517090063498,945.5027465820312,13400,0.0,0.0
2015-09-04 00:00:00+09:00,955.7152471151863,955.7152471151863,930.184118519055,935.2903442382812,17800,0.0,0.0
2015-09-07 00:00:00+09:00,931.0351440095858,941.2475953149925,926.7799559656662,933.5882568359375,13200,0.0,0.0
2015-09-08 00:00:00+09:00,927.6309814453125,936.141357421875,923.3757934570312,923.3757934570312,15000,0.0,0.0
2015-09-09 00:00:00+09:00,940.3964003696237,949.7578125,935.2901755712365,949.7578125,18000,0.0,0.0
2015-09-10 00:00:00+09:00,936.1411876040961,945.5025994801371,929.3328880578845,942.0984497070312,21600,0.0,0.0
2015-09-11 00:00:00+09:00,926.779979905858,948.0559206750467,926.779979905858,941.2476196289062,39000,0.0,0.0
2015-09-14 00:00:00+09:00,945.5026357448437,955.715085455859,938.6943359375,938.6943359375,13900,0.0,0.0
2015-09-15 00:00:00+09:00,941.247534002453,948.0558344292339,937.8433837890625,937.8433837890625,25200,0.0,0.0
2015-09-16 00:00:00+09:00,942.9496091091482,948.9068719825814,933.5881960223245,937.8433837890625,22500,0.0,0.0
2015-09-17 00:00:00+09:00,938.6944823230771,954.8641968871192,938.6944823230771,946.3538208007812,14900,0.0,0.0
2015-09-18 00:00:00+09:00,937.8432859997658,942.0984733228138,931.8860237474987,936.9922485351562,28000,0.0,0.0
2015-09-24 00:00:00+09:00,931.8860468033257,936.9922717173165,927.630859375,927.630859375,50600,0.0,0.0
2015-09-25 00:00:00+09:00,931.8861453711289,945.5027465820312,929.3330326440847,945.5027465820312,168600,0.0,0.0
2015-09-28 00:00:00+09:00,919.622154610112,929.1116890385465,908.4072502855985,914.446044921875,60900,15.0,0.0
2015-09-29 00:00:00+09:00,903.2311490339717,903.2311490339717,882.5267100876343,887.7028198242188,36000,0.0,0.0
2015-09-30 00:00:00+09:00,890.2908325195312,897.192311841388,884.2520381129065,890.2908325195312,19700,0.0,0.0
2015-10-01 00:00:00+09:00,895.4668822658119,905.8191005579022,891.1534579774409,901.5056762695312,24400,0.0,0.0
2015-10-02 00:00:00+09:00,897.1924156145034,900.6431556745591,891.1536205094058,898.9177856445312,16300,0.0,0.0
2015-10-05 00:00:00+09:00,904.0937308425538,907.5444702732506,896.3295671234861,901.5056762695312,11100,0.0,0.0
2015-10-06 00:00:00+09:00,905.8191668544075,910.1325914584761,899.7803724087114,904.9564819335938,16000,0.0,0.0
2015-10-07 00:00:00+09:00,906.6818248777462,917.896728515625,905.8191399825247,917.896728515625,15000,0.0,0.0
2015-10-08 00:00:00+09:00,914.4460589847439,924.7982785204202,907.544579294293,913.5833740234375,10400,0.0,0.0
2015-10-09 00:00:00+09:00,918.7594555595031,925.6609350378843,912.7206610159195,915.3087158203125,19700,0.0,0.0
2015-10-13 00:00:00+09:00,916.1714289073566,917.8967988299694,907.544579294293,913.5833740234375,13500,0.0,0.0
2015-10-14 00:00:00+09:00,916.1713958422644,917.034080772436,904.0938068198617,911.8579711914062,13900,0.0,0.0
2015-10-15 00:00:00+09:00,918.7593190683483,919.6220038749852,910.1324710019788,916.1712646484375,12500,0.0,0.0
2015-10-16 00:00:00+09:00,921.347510363896,923.935565168289,911.8579760811218,915.3087158203125,16700,0.0,0.0
2015-10-19 00:00:00+09:00,915.3086636861165,918.7594032287598,909.2698694864908,910.9952392578125,5900,0.0,0.0
2015-10-20 00:00:00+09:00,910.9952954194391,915.30872011366,901.5057610921533,907.5445556640625,10700,0.0,0.0
2015-10-21 00:00:00+09:00,909.2697861953419,917.8966342617114,908.407101388705,916.1712646484375,11800,0.0,0.0
2015-10-22 00:00:00+09:00,919.6222255905658,923.072965649067,909.2700054150622,910.1326904296875,4700,0.0,0.0
2015-10-23 00:00:00+09:00,923.9355418983753,929.1116513767976,917.0340625938122,920.4848022460938,9700,0.0,0.0
2015-10-26 00:00:00+09:00,929.9743272012739,929.9743272012739,920.4847932502405,924.7982177734375,10400,0.0,0.0
2015-10-27 00:00:00+09:00,929.9743362898679,929.9743362898679,917.0340625938122,920.4848022460938,12000,0.0,0.0
2015-10-28 00:00:00+09:00,920.4848254290985,929.9743597118727,914.4460308855148,915.3087158203125,14400,0.0,0.0
2015-10-29 00:00:00+09:00,917.0340334574381,918.7594032287598,910.9952392578125,910.9952392578125,19200,0.0,0.0
2015-10-30 00:00:00+09:00,910.9953754443128,917.8968555613152,908.4073204004369,910.1326904296875,13800,0.0,0.0
2015-11-02 00:00:00+09:00,908.4071551309248,908.4071551309248,898.0549368388345,901.5056762695312,17200,0.0,0.0
2015-11-04 00:00:00+09:00,902.3685252980598,913.5834304881887,902.3685252980598,910.1326904296875,12900,0.0,0.0
2015-11-05 00:00:00+09:00,917.0340666743894,917.0340666743894,910.1325873391164,912.7206420898438,17000,0.0,0.0
2015-11-06 00:00:00+09:00,911.8579900777564,916.171414817954,905.8191954414799,914.446044921875,14100,0.0,0.0
2015-11-09 00:00:00+09:00,917.0342158460353,939.4640273342732,917.0342158460353,933.4252319335938,22000,0.0,0.0
2015-11-10 00:00:00+09:00,929.111469692654,936.8756323920356,927.3861002039026,931.6995239257812,11500,0.0,0.0
2015-11-11 00:00:00+09:00,936.0130894767501,939.4638289771252,929.9742953510937,934.2877197265625,18900,0.0,0.0
2015-11-12 00:00:00+09:00,947.2280172645499,947.2280172645499,936.0131135993048,940.3265380859375,33400,0.0,0.0
2015-11-13 00:00:00+09:00,940.3264910064781,943.7772304230156,937.738436444075,939.4638061523438,15600,0.0,0.0
2015-11-16 00:00:00+09:00,938.6012666799727,945.5027465820312,936.0132117167007,945.5027465820312,18500,0.0,0.0
2015-11-17 00:00:00+09:00,948.0907312266725,952.4041558455381,944.6399915315799,949.8161010742188,26800,0.0,0.0
2015-11-18 00:00:00+09:00,951.5414709217649,956.7175804644038,948.0907312266725,949.8161010742188,19300,0.0,0.0
2015-11-19 00:00:00+09:00,956.7175804644038,959.3056352357231,945.502676455353,949.8161010742188,25500,0.0,0.0
2015-11-20 00:00:00+09:00,954.9922861550072,954.9922861550072,945.5027512428977,948.9534912109375,23800,0.0,0.0
2015-11-24 00:00:00+09:00,954.1295917217549,970.5206064077524,954.1295917217549,964.4818115234375,39800,0.0,0.0
2015-11-25 00:00:00+09:00,966.2071814903846,966.2071814903846,959.3057016225962,964.4818115234375,45000,0.0,0.0
2015-11-26 00:00:00+09:00,965.3445343374669,965.3445343374669,957.5803691819377,958.4430541992188,26700,0.0,0.0
2015-11-27 00:00:00+09:00,958.442978668907,964.4817733139857,946.3653893787498,948.0907592773438,29800,0.0,0.0
2015-11-30 00:00:00+09:00,957.5802653881769,957.5802653881769,947.2280463028993,949.8161010742188,44400,0.0,0.0
2015-12-01 00:00:00+09:00,954.1294451159423,954.1294451159423,942.0518572030822,947.2279663085938,28800,0.0,0.0
2015-12-02 00:00:00+09:00,949.8160173783134,957.5801810081089,945.5025931395381,954.9921264648438,41500,0.0,0.0
2015-12-03 00:00:00+09:00,954.9924116416391,966.2073180114145,949.816301009435,963.6192626953125,28500,0.0,0.0
2015-12-04 00:00:00+09:00,956.7177818523738,965.3446329060471,946.3655605879658,963.6192626953125,19900,0.0,0.0
2015-12-07 00:00:00+09:00,967.9325139973959,980.8727882486979,963.6190892469618,970.5205688476562,24800,0.0,0.0
2015-12-08 00:00:00+09:00,974.8338430247269,984.3233760099233,967.0696796732025,972.2457885742188,13700,0.0,0.0
2015-12-09 00:00:00+09:00,971.383291391226,978.2847712590144,964.4818115234375,964.4818115234375,12800,0.0,0.0
2015-12-10 00:00:00+09:00,963.6190984453474,967.0698382786342,961.0310435703822,966.2071533203125,20000,0.0,0.0
2015-12-11 00:00:00+09:00,975.6966698513883,989.4996289297457,975.6966698513883,986.0488891601562,39600,0.0,0.0
2015-12-14 00:00:00+09:00,974.8338430247269,974.8338430247269,959.3055163216782,972.2457885742188,11900,0.0,0.0
2015-12-15 00:00:00+09:00,967.9325939777186,973.1087041059417,961.893798828125,961.893798828125,11000,0.0,0.0
2015-12-16 00:00:00+09:00,967.0697732389872,977.4219920426159,966.2070883386847,973.9712524414062,20400,0.0,0.0
2015-12-17 00:00:00+09:00,978.2845568013902,991.2248287167524,973.1084480352453,985.18603515625,28500,0.0,0.0
2015-12-18 00:00:00+09:00,986.9115833356217,1003.3025973945175,979.147418781408,981.7354736328125,15600,0.0,0.0
2015-12-21 00:00:00+09:00,968.7951610520868,982.5981197135591,953.2668325579305,965.3444213867188,14900,0.0,0.0
2015-12-22 00:00:00+09:00,966.2071063030608,972.2459007174548,965.3444213867188,965.3444213867188,13100,0.0,0.0
2015-12-24 00:00:00+09:00,965.3445389136072,974.8340741486828,958.443058742643,961.893798828125,10200,0.0,0.0
2015-12-25 00:00:00+09:00,961.893798828125,961.893798828125,961.893798828125,961.893798828125,0,0.0,0.0
2015-12-28 00:00:00+09:00,948.9535455241602,980.8728920554274,948.9535455241602,979.1475219726562,7100,0.0,0.0
2015-12-29 00:00:00+09:00,964.4819308194247,987.7744282542409,961.8938755488896,986.9117431640625,13500,0.0,0.0
2015-12-30 00:00:00+09:00,987.7740895393225,987.7740895393225,944.6398498214481,985.18603515625,15800,0.0,0.0
2016-01-04 00:00:00+09:00,971.3831876402556,978.2846667709147,948.9533804656139,967.0697631835938,17500,0.0,0.0
2016-01-05 00:00:00+09:00,954.1296375935153,981.735558391881,949.8162124687707,976.5594482421875,11900,0.0,0.0
2016-01-06 00:00:00+09:00,969.6579451526669,977.4221101939249,949.8161900472298,959.3057250976562,7500,0.0,0.0
2016-01-07 00:00:00+09:00,958.4428782415085,961.0309328182183,942.91455078125,942.91455078125,11700,0.0,0.0
2016-01-08 00:00:00+09:00,940.3265380859375,960.1682907244482,932.5623740099986,940.3265380859375,16500,0.0,0.0
2016-01-12 00:00:00+09:00,927.3862999344955,928.2489848646671,911.8579711914062,911.8579711914062,17600,0.0,0.0
2016-01-13 00:00:00+09:00,911.8580182642719,934.2878276066285,909.2699633401537,923.9356079101562,10500,0.0,0.0
2016-01-14 00:00:00+09:00,911.8578945616215,914.4459491346441,892.0161428351151,901.5056762695312,20500,0.0,0.0
2016-01-15 00:00:00+09:00,902.3685161659802,919.6222162838766,900.6431461541906,903.231201171875,8200,0.0,0.0
2016-01-18 00:00:00+09:00,901.5056536789739,918.7593504001026,897.1922294986916,906.6817626953125,15200,0.0,0.0
2016-01-19 00:00:00+09:00,915.3087531098028,925.6609727491219,894.6043138311645,898.0550537109375,10400,0.0,0.0
2016-01-20 00:00:00+09:00,898.0550295001262,898.9177144468123,878.2132757263482,880.8013305664062,13900,0.0,0.0
2016-01-21 00:00:00+09:00,866.9984131474648,891.153592817245,855.7835083007812,855.7835083007812,17200,0.0,0.0
2016-01-22 00:00:00+09:00,862.684951410061,890.2908698551829,862.684951410061,884.2520751953125,14700,0.0,0.0
2016-01-25 00:00:00+09:00,888.5654907226562,895.4669702622497,879.9386412981644,888.5654907226562,13500,0.0,0.0
2016-01-26 00:00:00+09:00,881.664019920138,885.1147597241307,873.0371704101562,873.0371704101562,10600,0.0,0.0
2016-01-27 00:00:00+09:00,873.8998191301213,892.8788872652275,873.8998191301213,890.2908325195312,9500,0.0,0.0
2016-01-28 00:00:00+09:00,886.8401487453817,886.8401487453817,875.625244140625,875.625244140625,17500,0.0,0.0
2016-01-29 00:00:00+09:00,875.6251801037397,900.643042392418,871.311755571209,894.604248046875,15800,0.0,0.0
2016-02-01 00:00:00+09:00,897.1923459610849,917.896784714033,897.1923459610849,914.446044921875,11700,0.0,0.0
2016-02-02 00:00:00+09:00,914.4458950351636,927.3861671347178,910.1324710019788,916.1712646484375,6900,0.0,0.0
2016-02-03 00:00:00+09:00,905.8191005579022,909.269839988599,892.0161428351151,901.5056762695312,6200,0.0,0.0
2016-02-04 00:00:00+09:00,889.4282504793779,908.4073208096847,888.5655654643639,898.9177856445312,8000,0.0,0.0
2016-02-05 00:00:00+09:00,898.9178379435143,904.0939483347438,887.7029320958505,892.016357421875,8200,0.0,0.0
2016-02-08 00:00:00+09:00,884.25206231527,922.2101996244133,884.25206231527,907.5445556640625,13200,0.0,0.0
2016-02-09 00:00:00+09:00,879.9386504382621,897.1923494664634,877.350595584032,884.2520751953125,8800,0.0,0.0
2016-02-10 00:00:00+09:00,910.1326575646034,910.1326575646034,861.8222984900841,863.5476684570312,21700,0.0,0.0
2016-02-12 00:00:00+09:00,858.3715099449832,862.6849346180736,828.1775372333507,829.0402221679688,25000,0.0,0.0
2016-02-15 00:00:00+09:00,853.1953194165087,871.3117013252515,853.1953194165087,867.8609619140625,8300,0.0,0.0
2016-02-16 00:00:00+09:00,867.8610548963372,904.9565075410117,846.2939312657126,847.1566162109375,10800,0.0,0.0
2016-02-17 00:00:00+09:00,860.09699373008,888.5656003430115,853.1955133390663,866.9984741210938,8500,0.0,0.0
2016-02-18 00:00:00+09:00,885.9773438228053,885.9773438228053,860.096798238887,867.8609619140625,8400,0.0,0.0
2016-02-19 00:00:00+09:00,862.6849690421683,866.135708918337,841.9805297851562,841.9805297851562,19700,0.0,0.0
2016-02-22 00:00:00+09:00,842.8431065329527,847.1565308243189,837.6669973833133,841.1177368164062,18900,0.0,0.0
2016-02-23 00:00:00+09:00,841.1178210940524,849.7446705411708,835.9417114257812,835.9417114257812,14700,0.0,0.0
2016-02-24 00:00:00+09:00,832.490933775778,844.5685224523178,830.7655639648438,830.7655639648438,15000,0.0,0.0
2016-02-25 00:00:00+09:00,831.6283101566503,845.4312696613249,831.6283101566503,841.9805297851562,16200,0.0,0.0
2016-02-26 00:00:00+09:00,842.8432149395302,857.5088594164719,839.3924750626027,853.1954345703125,14300,0.0,0.0
2016-02-29 00:00:00+09:00,856.6461357195352,856.6461357195352,836.8043823242188,836.8043823242188,21500,0.0,0.0
2016-03-01 00:00:00+09:00,837.6671236721378,840.2551786371392,832.4910137421349,833.3536987304688,15200,0.0,0.0
2016-03-02 00:00:00+09:00,849.7446758897019,852.3327307401274,841.1178263882836,850.6073608398438,14800,0.0,0.0
2016-03-03 00:00:00+09:00,850.6074169676507,858.37158203125,848.8820469535176,858.37158203125,8700,0.0,0.0
2016-03-04 00:00:00+09:00,859.2342107732733,866.9983753284534,857.5088408721222,861.822265625,10900,0.0,0.0
2016-03-07 00:00:00+09:00,864.4104189744636,880.801434903121,859.2343086812033,866.9984741210938,10700,0.0,0.0
2016-03-08 00:00:00+09:00,866.9982998657226,875.6251486206054,858.3714511108398,862.6848754882812,11500,0.0,0.0
2016-03-09 00:00:00+09:00,860.0968208618164,868.7236696166992,860.0968208618164,862.6848754882812,6300,0.0,0.0
2016-03-10 00:00:00+09:00,871.3117961528602,884.2520703531503,862.6849466860002,880.8013305664062,13200,0.0,0.0
2016-03-11 00:00:00+09:00,880.8013262406137,891.1535455500037,873.037161758571,888.5654907226562,35500,0.0,0.0
2016-03-14 00:00:00+09:00,892.8788742736466,902.3684082031249,885.9773950522077,902.368408203125,14100,0.0,0.0
2016-03-15 00:00:00+09:00,904.0937588948645,914.4459775081646,892.878855397123,899.7803344726562,11600,0.0,0.0
2016-03-16 00:00:00+09:00,899.7803344726562,909.2698682015146,899.7803344726562,899.7803344726562,8900,0.0,0.0
2016-03-17 00:00:00+09:00,907.5446357946707,912.7207458847544,888.5655654643639,898.9177856445312,10700,0.0,0.0
2016-03-18 00:00:00+09:00,898.9177527794471,898.9177527794471,875.6252582256611,885.9774780273438,15400,0.0,0.0
2016-03-22 00:00:00+09:00,897.1924188148041,936.0132446289062,895.4670487786218,936.0132446289062,14700,0.0,0.0
2016-03-23 00:00:00+09:00,931.699691943908,934.2877466437521,919.6221033446351,921.3474731445312,19300,0.0,0.0
2016-03-24 00:00:00+09:00,917.0339494550744,925.6607975214439,910.9951558086158,916.1712646484375,10900,0.0,0.0
2016-03-25 00:00:00+09:00,918.7594134108465,922.2101529917322,910.9952493538534,917.896728515625,11600,0.0,0.0
2016-03-28 00:00:00+09:00,917.8968363179789,929.9744262695312,910.1326713491238,929.9744262695312,13900,0.0,0.0
2016-03-29 00:00:00+09:00,921.2256238392936,932.5987796891615,901.9787447087481,925.5999145507812,12100,15.0,0.0
2016-03-30 00:00:00+09:00,922.9755571948654,943.9721575481135,908.1029652779813,932.5989990234375,11500,0.0,0.0
2016-03-31 00:00:00+09:00,932.5988787274027,934.3485951978107,901.9788404952648,902.8536987304688,9300,0.0,0.0
2016-04-01 00:00:00+09:00,902.8537327461091,908.1028823550981,883.6068508464829,885.3565673828125,20800,0.0,0.0
2016-04-04 00:00:00+09:00,885.3565340263899,904.6034152008766,885.3565340263899,902.8536987304688,13200,0.0,0.0
2016-04-05 00:00:00+09:00,900.2291055294792,900.2291055294792,871.3587843608952,872.233642578125,17700,0.0,0.0
2016-04-06 00:00:00+09:00,867.8594381951466,889.7308958109518,862.6102883673534,865.23486328125,15200,0.0,0.0
2016-04-07 00:00:00+09:00,861.7354300627212,878.3577378507331,861.7354300627212,865.23486328125,9700,0.0,0.0
2016-04-08 00:00:00+09:00,859.9856567382812,873.9833886892604,852.1119325158555,859.9856567382812,16500,0.0,0.0
2016-04-11 00:00:00+09:00,859.9856172925228,864.3599083265641,849.4873188108236,858.2359008789062,11200,0.0,0.0
2016-04-12 00:00:00+09:00,861.7354759325078,868.734342742112,857.3611841765053,859.1109008789062,8600,0.0,0.0
2016-04-13 00:00:00+09:00,864.3600223537419,877.4828971870477,864.3600223537419,868.7343139648438,11000,0.0,0.0
2016-04-14 00:00:00+09:00,880.1074806719989,883.6069139947504,872.2337556958081,882.7320556640625,10800,0.0,0.0
2016-04-15 00:00:00+09:00,880.9823827639149,884.4818162604944,877.4829492673352,879.232666015625,6200,0.0,0.0
2016-04-18 00:00:00+09:00,874.858319998745,875.7331783187437,868.7343117587537,871.35888671875,12900,0.0,0.0
2016-04-19 00:00:00+09:00,889.7309985423651,889.7309985423651,876.6081224576695,888.8561401367188,9000,0.0,0.0
2016-04-20 00:00:00+09:00,887.9811661387863,894.9800324728851,879.2325832211628,880.9822998046875,10300,0.0,0.0
2016-04-21 00:00:00+09:00,896.7297342500798,900.2291673593485,888.8560097542255,899.3543090820312,11700,0.0,0.0
2016-04-22 00:00:00+09:00,894.1053001767114,900.2293090820312,887.9812912713915,900.2293090820312,6200,0.0,0.0
2016-04-25 00:00:00+09:00,901.9789819855888,905.4784154753486,896.7298317509491,903.7286987304688,13600,0.0,0.0
2016-04-26 00:00:00+09:00,904.6034608422257,904.6034608422257,887.98115353468,896.729736328125,6100,0.0,0.0
2016-04-27 00:00:00+09:00,896.7297602634804,900.2291934742648,890.6057521446079,892.35546875,7900,0.0,0.0
2016-04-28 00:00:00+09:00,892.3555416277985,901.9789837433924,877.4829492673352,879.232666015625,9500,0.0,0.0
2016-05-02 00:00:00+09:00,870.4839280433578,877.4827937964702,864.3599205093844,869.6090698242188,17700,0.0,0.0
2016-05-06 00:00:00+09:00,871.35888671875,873.1086033587475,862.6103035187625,871.35888671875,8800,0.0,0.0
2016-05-09 00:00:00+09:00,873.9834616787463,879.2326115987387,864.36002015876,871.35888671875,7200,0.0,0.0
2016-05-10 00:00:00+09:00,873.108532219801,888.8559806967112,873.108532219801,884.481689453125,9600,0.0,0.0
2016-05-11 00:00:00+09:00,898.4795825988289,898.4795825988289,878.3578392689623,888.8561401367188,9200,0.0,0.0
2016-05-12 00:00:00+09:00,876.6079336642741,884.4816576193424,866.9844932747461,872.233642578125,8400,0.0,0.0
2016-05-13 00:00:00+09:00,872.23362654869,876.6079175544509,866.109619140625,866.109619140625,10900,0.0,0.0
2016-05-16 00:00:00+09:00,873.9834286142727,878.3577200487786,860.8605543107551,861.7354125976562,18000,0.0,0.0
2016-05-17 00:00:00+09:00,865.234904733264,867.8594797728997,861.7354713470829,864.3600463867188,9100,0.0,0.0
2016-05-18 00:00:00+09:00,863.4851466719856,873.9834463275721,859.9857134534568,865.23486328125,14900,0.0,0.0
2016-05-19 00:00:00+09:00,873.9834066002564,873.9834066002564,861.7353908921447,863.485107421875,14000,0.0,0.0
2016-05-20 00:00:00+09:00,861.7354713470829,867.8594797728997,861.7354713470829,864.3600463867188,10400,0.0,0.0
2016-05-23 00:00:00+09:00,864.3600509861094,865.2349093373099,857.3611841765053,859.1109008789062,15400,0.0,0.0
2016-05-24 00:00:00+09:00,859.1109008789062,861.7354759325078,859.1109008789062,859.1109008789062,5400,0.0,0.0
2016-05-25 00:00:00+09:00,864.3598884426817,870.4838957494619,855.6113065758531,857.3610229492188,12000,0.0,0.0
2016-05-26 00:00:00+09:00,863.4850302559989,863.4850302559989,856.4861647625359,857.3610229492188,8800,0.0,0.0
2016-05-27 00:00:00+09:00,861.7354125976562,861.7354125976562,856.4862628762492,861.7354125976562,9000,0.0,0.0
2016-05-30 00:00:00+09:00,865.2348260026637,865.2348260026637,858.2359598671518,860.8605346679688,5600,0.0,0.0
2016-05-31 00:00:00+09:00,861.7354125976562,864.3599874583598,859.9856960238538,861.7354125976562,8400,0.0,0.0
2016-06-01 00:00:00+09:00,863.4852099312246,869.6092185122972,859.1109180876015,862.6103515625,10400,0.0,0.0
2016-06-02 00:00:00+09:00,860.8604556959502,864.3598884426817,857.3610229492188,857.3610229492188,10100,0.0,0.0
2016-06-03 00:00:00+09:00,858.2360597188768,865.234926668674,858.2360597188768,862.6103515625,6100,0.0,0.0
2016-06-06 00:00:00+09:00,859.1108377369527,862.6102708845574,853.8616880155457,861.7354125976562,13300,0.0,0.0
2016-06-07 00:00:00+09:00,859.1108377369527,864.3599874583598,859.1108377369527,861.7354125976562,5000,0.0,0.0
2016-06-08 00:00:00+09:00,862.6102491570098,864.3599656867401,856.486241302954,863.485107421875,8900,0.0,0.0
2016-06-09 00:00:00+09:00,864.3599656867401,866.9845404813354,858.2359578326842,863.485107421875,6100,0.0,0.0
2016-06-10 00:00:00+09:00,857.3610229492188,859.9855975092674,855.6113065758531,857.3610229492188,22500,0.0,0.0
2016-06-13 00:00:00+09:00,856.4862297418425,858.2359462479545,851.2370802235064,852.1119384765625,18000,0.0,0.0
2016-06-14 00:00:00+09:00,853.8617678752536,862.6103515625,850.362334400355,862.6103515625,20200,0.0,0.0
2016-06-15 00:00:00+09:00,861.7353337061393,865.2347665333723,858.2359008789062,858.2359008789062,10100,0.0,0.0
2016-06-16 00:00:00+09:00,857.3611275094455,857.3611275094455,850.3622611624296,853.8616943359375,21900,0.0,0.0
2016-06-17 00:00:00+09:00,866.1097215858822,866.9845798905144,856.486280234928,865.23486328125,10400,0.0,0.0
2016-06-20 00:00:00+09:00,866.9846340630479,873.9835009374217,866.9846340630479,873.108642578125,8800,0.0,0.0
2016-06-21 00:00:00+09:00,873.1085709988894,887.9811618876481,867.8594212734452,886.2314453125,14600,0.0,0.0
2016-06-22 00:00:00+09:00,886.231491240545,887.9812079063703,875.7331912455928,880.1074829101562,11300,0.0,0.0
2016-06-23 00:00:00+09:00,880.107454643137,890.605754300908,873.9834465094372,889.7308959960938,11600,0.0,0.0
2016-06-24 00:00:00+09:00,895.8548828125,895.8548828125,839.8639526367188,839.8639526367188,21000,0.0,0.0
2016-06-27 00:00:00+09:00,842.4884743929154,865.2347883432952,842.4884743929154,856.4862060546875,12100,0.0,0.0
2016-06-28 00:00:00+09:00,849.4873519405243,876.6079574092743,849.4873519405243,867.859375,8600,0.0,0.0
2016-06-29 00:00:00+09:00,867.8595071517414,882.7320995122046,867.8595071517414,879.232666015625,8000,0.0,0.0
2016-06-30 00:00:00+09:00,880.1074415129252,885.3565912634992,873.1085751788264,880.9822998046875,7100,0.0,0.0
2016-07-01 00:00:00+09:00,879.2324879470382,903.7285174619805,879.2324879470382,901.1039428710938,11400,0.0,0.0
2016-07-04 00:00:00+09:00,896.729736328125,901.1040277248476,892.3554449314024,896.729736328125,6100,0.0,0.0
2016-07-05 00:00:00+09:00,896.7297602634804,897.6046185661764,883.6068857230392,892.35546875,8500,0.0,0.0
2016-07-06 00:00:00+09:00,880.9822760419884,889.7308587236366,879.2325595056586,885.3565673828125,13400,0.0,0.0
2016-07-07 00:00:00+09:00,881.8572411380597,887.981249757074,875.7332325190455,879.232666015625,11100,0.0,0.0
2016-07-08 00:00:00+09:00,879.2325121651504,879.2325121651504,866.9844970703125,866.9844970703125,10500,0.0,0.0
2016-07-11 00:00:00+09:00,866.9844970703125,866.9844970703125,866.9844970703125,866.9844970703125,0,0.0,0.0
2016-07-12 00:00:00+09:00,891.4805650868922,908.1028719923396,891.4805650868922,898.4794311523438,18400,0.0,0.0
2016-07-13 00:00:00+09:00,905.4783935546875,908.1029686084693,896.7298100420818,905.4783935546875,7800,0.0,0.0
2016-07-14 00:00:00+09:00,905.4782338559049,908.1028084467916,901.1039428710939,901.1039428710938,12200,0.0,0.0
2016-07-15 00:00:00+09:00,901.1039822600609,908.1028481416923,900.2291240248569,902.8536987304688,9100,0.0,0.0
2016-07-19 00:00:00+09:00,902.8537640487938,902.8537640487938,882.7320231833653,897.6046142578125,18000,0.0,0.0
2016-07-20 00:00:00+09:00,889.7309647714295,903.7286987304688,888.8561063989896,903.7286987304688,5500,0.0,0.0
2016-07-21 00:00:00+09:00,899.3542423965615,908.1028245210417,899.3542423965615,907.2279663085938,8000,0.0,0.0
2016-07-22 00:00:00+09:00,894.9800176954456,900.2291673593485,894.9800176954456,899.3543090820312,4300,0.0,0.0
2016-07-25 00:00:00+09:00,900.2290846741316,901.1039428710939,898.4793682802072,901.1039428710938,9000,0.0,0.0
2016-07-26 00:00:00+09:00,896.7296357961227,900.2290685211808,893.2302030710647,894.9799194335938,16800,0.0,0.0
2016-07-27 00:00:00+09:00,900.2291006090096,908.1028245210417,899.3542423965615,907.2279663085938,10000,0.0,0.0
2016-07-28 00:00:00+09:00,909.852537189897,914.2268282340791,897.6045222661868,912.4771118164062,13600,0.0,0.0
2016-07-29 00:00:00+09:00,902.8536289510208,915.9765014648438,897.6044799454916,915.9765014648438,8500,0.0,0.0
2016-08-01 00:00:00+09:00,912.4772800754856,912.4772800754856,903.728696373899,906.353271484375,6600,0.0,0.0
2016-08-02 00:00:00+09:00,901.9788404952648,912.477139317712,901.9788404952648,902.8536987304688,6700,0.0,0.0
2016-08-03 00:00:00+09:00,898.4794331789017,901.1040079593658,887.1062757968903,895.8548583984375,10600,0.0,0.0
2016-08-04 00:00:00+09:00,889.7308959960938,895.8549041297935,883.6068878623939,889.7308959960938,11700,0.0,0.0
2016-08-05 00:00:00+09:00,883.6068312044077,892.3554136915801,882.7319729556905,884.481689453125,6200,0.0,0.0
2016-08-08 00:00:00+09:00,885.3567065141333,891.4807153536578,880.9824144859014,888.8561401367188,10100,0.0,0.0
2016-08-09 00:00:00+09:00,880.9823065863715,900.2291891533031,880.9823065863715,897.6046142578125,4400,0.0,0.0
2016-08-10 00:00:00+09:00,887.106423325426,901.9790162214144,887.106423325426,888.8561401367188,4700,0.0,0.0
2016-08-12 00:00:00+09:00,894.9799248509154,894.9799248509154,887.106201171875,887.106201171875,6700,0.0,0.0
2016-08-15 00:00:00+09:00,886.2314256509774,902.8537327461091,885.3565673828125,885.3565673828125,8200,0.0,0.0
2016-08-16 00:00:00+09:00,885.3566374511719,889.7309291381836,874.8583374023438,874.8583374023438,17400,0.0,0.0
2016-08-17 00:00:00+09:00,873.9833590125846,877.4827918815039,868.7342097092057,872.233642578125,14500,0.0,0.0
2016-08-18 00:00:00+09:00,868.7342332409274,883.6068233366935,867.859375,867.859375,10800,0.0,0.0
2016-08-19 00:00:00+09:00,867.8593533859406,873.9833609199139,867.8593533859406,869.6090698242188,8800,0.0,0.0
2016-08-22 00:00:00+09:00,877.4827880859375,880.1073627262742,873.9833552321551,877.4827880859375,6200,0.0,0.0
2016-08-23 00:00:00+09:00,875.7330991683468,878.357673891129,867.859375,867.859375,13300,0.0,0.0
2016-08-24 00:00:00+09:00,869.6091504887719,871.358867089353,868.7342921884814,870.4840087890625,6400,0.0,0.0
2016-08-25 00:00:00+09:00,869.6091700787525,879.2326115987387,869.6091700787525,871.35888671875,6600,0.0,0.0
2016-08-26 00:00:00+09:00,878.3577927339053,880.9823678117955,870.4840675002348,873.108642578125,13400,0.0,0.0
2016-08-29 00:00:00+09:00,873.9833552321551,881.8570791531655,873.9833552321551,877.4827880859375,12200,0.0,0.0
2016-08-30 00:00:00+09:00,873.9834963126012,881.8572215046066,873.9834963126012,878.3577880859375,8600,0.0,0.0
2016-08-31 00:00:00+09:00,875.7331264329993,885.3565673828125,875.7331264329993,885.3565673828125,10200,0.0,0.0
2016-09-01 00:00:00+09:00,885.3565673828125,887.981142187307,881.8571343101531,885.3565673828125,8300,0.0,0.0
2016-09-02 00:00:00+09:00,887.1062798340803,890.605712890625,887.1062798340803,890.605712890625,5600,0.0,0.0
2016-09-05 00:00:00+09:00,894.1051614900915,899.3543111661586,892.3554449314024,896.729736328125,29900,0.0,0.0
2016-09-06 00:00:00+09:00,898.479548495829,907.2281322202285,898.479548495829,903.7286987304688,17800,0.0,0.0
2016-09-07 00:00:00+09:00,903.7286333482465,908.977783203125,899.3543418025145,908.977783203125,20300,0.0,0.0
2016-09-08 00:00:00+09:00,908.9777810358497,915.1017891852732,908.9777810358497,911.6023559570312,14000,0.0,0.0
2016-09-09 00:00:00+09:00,911.6022810825082,911.6022810825082,898.479407554449,902.8536987304688,20700,0.0,0.0
2016-09-12 00:00:00+09:00,895.8548780487805,898.479452886814,892.3554449314024,896.729736328125,20100,0.0,0.0
2016-09-13 00:00:00+09:00,899.3542103399162,902.8536430649743,894.1050612523292,894.9799194335938,14400,0.0,0.0
2016-09-14 00:00:00+09:00,892.3554709105365,892.3554709105365,880.9823129479512,889.7308959960938,27500,0.0,0.0
2016-09-15 00:00:00+09:00,889.7308587236366,890.6057169918015,884.4817091146476,885.3565673828125,10700,0.0,0.0
2016-09-16 00:00:00+09:00,886.2313692098413,907.2279663085938,886.2313692098413,907.2279663085938,17600,0.0,0.0
2016-09-20 00:00:00+09:00,899.3542264771694,909.8525248407161,896.7296518862827,901.1039428710938,27200,0.0,0.0
2016-09-21 00:00:00+09:00,913.3521438092417,922.9755859375,902.8538433056873,922.9755859375,57600,0.0,0.0
2016-09-23 00:00:00+09:00,929.0994262695312,930.8491427031838,922.9754187517472,929.0994262695312,31800,0.0,0.0
2016-09-26 00:00:00+09:00,930.8491427031838,931.7240009200101,925.599993402226,929.0994262695312,50700,0.0,0.0
2016-09-27 00:00:00+09:00,918.601108159129,928.2245483398438,915.1016753661419,928.2245483398438,133000,0.0,0.0
2016-09-28 00:00:00+09:00,901.6024889945984,915.8009533882141,901.6024889945984,908.7017211914062,77400,15.0,0.0
2016-09-29 00:00:00+09:00,907.814372881721,911.3639891979741,898.0529280120251,905.1521606445312,33600,0.0,0.0
2016-09-30 00:00:00+09:00,894.5032263023461,895.3906302966936,879.4173583984375,879.4173583984375,43800,0.0,0.0
2016-10-03 00:00:00+09:00,888.2914428710938,895.3906751817518,882.0796145992679,888.2914428710938,12800,0.0,0.0
2016-10-04 00:00:00+09:00,893.6158832877669,899.8277116720909,887.4040549034428,898.9403076171875,14900,0.0,0.0
2016-10-05 00:00:00+09:00,898.9402991034427,906.9269355219334,894.503278870948,903.3773193359375,15700,0.0,0.0
2016-10-06 00:00:00+09:00,908.7018087215065,908.7018087215065,895.3907470703125,895.3907470703125,16700,0.0,0.0
2016-10-07 00:00:00+09:00,891.8410421761986,898.0528703306596,891.8410421761986,897.1654663085938,10300,0.0,0.0
2016-10-11 00:00:00+09:00,897.1655552904717,897.1655552904717,888.2915141896758,895.3907470703125,11600,0.0,0.0
2016-10-12 00:00:00+09:00,892.7284268576001,901.6024668860057,892.7284268576001,894.5032348632812,14500,0.0,0.0
2016-10-13 00:00:00+09:00,899.8276783747914,899.8276783747914,890.0662341320668,897.1654663085938,13100,0.0,0.0
2016-10-14 00:00:00+09:00,897.1654910104448,904.2647233824365,897.1654910104448,903.3773193359375,10500,0.0,0.0
2016-10-17 00:00:00+09:00,903.3773664150668,908.7017909715407,897.1655377658474,904.2647705078125,10600,0.0,0.0
2016-10-18 00:00:00+09:00,906.0396118164062,906.9270159415937,904.2648035660313,906.0396118164062,5200,0.0,0.0
2016-10-19 00:00:00+09:00,906.0395751834379,913.1388078979016,904.264767004822,912.2514038085938,11900,0.0,0.0
2016-10-20 00:00:00+09:00,914.026123046875,914.026123046875,908.7016990291262,914.026123046875,12700,0.0,0.0
2016-10-21 00:00:00+09:00,914.0262830579603,919.3507080078125,911.3640705830343,919.3507080078125,10900,0.0,0.0
2016-10-24 00:00:00+09:00,922.0127205784873,932.6615681693842,919.350508680763,928.2245483398438,21400,0.0,0.0
2016-10-25 00:00:00+09:00,929.1119885242401,941.53564453125,929.1119885242401,941.53564453125,27700,0.0,0.0
2016-10-26 00:00:00+09:00,940.6482216163918,958.3963012695312,938.8734136510778,958.3963012695312,29600,0.0,0.0
2016-10-27 00:00:00+09:00,958.3964884782039,964.6083175701922,945.0854261382287,950.4098510742188,15800,0.0,0.0
2016-10-28 00:00:00+09:00,958.3964763703893,974.3697509765624,955.7342639360271,974.3697509765625,52000,0.0,0.0
2016-10-31 00:00:00+09:00,974.3697509765624,984.1311965692238,972.5949426869877,974.3697509765625,21000,0.0,0.0
2016-11-01 00:00:00+09:00,974.3695237396267,1015.1901048799025,974.3695237396267,1012.5278930664062,39000,0.0,0.0
2016-11-02 00:00:00+09:00,1009.8656478493333,1011.6404556662917,998.3293970391037,1010.7530517578125,18000,0.0,0.0
2016-11-04 00:00:00+09:00,1000.104455264998,1007.2036883103574,986.7933933049493,1006.3162841796875,13700,0.0,0.0
2016-11-07 00:00:00+09:00,1003.6540717876777,1006.3162841796875,997.4422428729883,1006.3162841796875,12700,0.0,0.0
2016-11-08 00:00:00+09:00,1006.3162038787923,1006.3162038787923,996.554759220356,1003.6539916992188,12100,0.0,0.0
2016-11-09 00:00:00+09:00,1003.653979581945,1009.8658079259536,965.49560546875,965.49560546875,22000,0.0,0.0
2016-11-10 00:00:00+09:00,1011.6405470827793,1011.6405470827793,976.1443875360151,1000.99169921875,21200,0.0,0.0
2016-11-11 00:00:00+09:00,1000.9918143669836,1002.7666225484853,985.018540733468,985.9059448242188,16000,0.0,0.0
2016-11-14 00:00:00+09:00,1001.8792357108963,1010.7532767712231,1000.9918316048636,1008.091064453125,14400,0.0,0.0
2016-11-15 00:00:00+09:00,1011.6406860351562,1032.050980577971,1008.0910695929276,1011.6406860351562,22200,0.0,0.0
2016-11-16 00:00:00+09:00,1015.1901368851151,1041.812255859375,1015.1901368851151,1041.812255859375,21400,0.0,0.0
2016-11-17 00:00:00+09:00,1040.0377008260266,1040.0377008260266,1028.5014464653284,1037.37548828125,8200,0.0,0.0
2016-11-18 00:00:00+09:00,1037.3752360303317,1042.6996598251837,1034.7130241329057,1041.812255859375,11300,0.0,0.0
2016-11-21 00:00:00+09:00,1038.2628173828125,1045.362050322182,1035.6006050305489,1038.2628173828125,19100,0.0,0.0
2016-11-22 00:00:00+09:00,1038.2627146689179,1045.3619469059704,1032.9382904911286,1040.9249267578125,19800,0.0,0.0
2016-11-24 00:00:00+09:00,1042.6997925424334,1049.7990251725096,1035.6005599123573,1048.91162109375,13200,0.0,0.0
2016-11-25 00:00:00+09:00,1049.7989973119786,1050.6864013671875,1041.8123608150997,1050.6864013671875,8900,0.0,0.0
2016-11-28 00:00:00+09:00,1044.4746006999524,1049.7990251725096,1038.2627721486358,1048.91162109375,21100,0.0,0.0
2016-11-29 00:00:00+09:00,1041.812537655588,1048.0243670964646,1041.812537655588,1047.136962890625,11700,0.0,0.0
2016-11-30 00:00:00+09:00,1048.9114875858443,1048.9114875858443,1037.3752360303317,1041.812255859375,7900,0.0,0.0
2016-12-01 00:00:00+09:00,1042.6997348170758,1044.4745428763388,1038.2627146689179,1040.9249267578125,11100,0.0,0.0
2016-12-02 00:00:00+09:00,1040.9251050076186,1041.812509189211,1034.7132757364734,1037.37548828125,14600,0.0,0.0
2016-12-05 00:00:00+09:00,1032.050988560864,1039.1502215002338,1032.050988560864,1038.2628173828125,8200,0.0,0.0
2016-12-06 00:00:00+09:00,1038.2626758565634,1042.6996958388563,1035.6004638671875,1035.6004638671875,11400,0.0,0.0
2016-12-07 00:00:00+09:00,1033.8258715548814,1040.0377008260266,1032.051063191697,1037.37548828125,8700,0.0,0.0
2016-12-08 00:00:00+09:00,1042.6996793398537,1044.4744873046875,1035.6004474805186,1044.4744873046875,16800,0.0,0.0
2016-12-09 00:00:00+09:00,1023.176947386652,1040.9250297350761,1023.176947386652,1038.2628173828125,18100,0.0,0.0
2016-12-12 00:00:00+09:00,1038.2627510083887,1040.9249631904615,1025.8390941587159,1034.713134765625,8900,0.0,0.0
2016-12-13 00:00:00+09:00,1038.2627445942646,1050.6864013671875,1029.3887040421769,1050.6864013671875,11800,0.0,0.0
2016-12-14 00:00:00+09:00,1047.1369722406916,1047.1369722406916,1039.150334316822,1042.699951171875,8400,0.0,0.0
2016-12-15 00:00:00+09:00,1042.699951171875,1043.5873553856384,1037.3755258892952,1042.699951171875,10200,0.0,0.0
2016-12-16 00:00:00+09:00,1042.699951171875,1045.362163813165,1039.150334316822,1042.699951171875,17800,0.0,0.0
2016-12-19 00:00:00+09:00,1047.1369533083139,1047.1369533083139,1038.2629113311248,1040.0377197265625,8200,0.0,0.0
2016-12-20 00:00:00+09:00,1046.2495586847856,1047.136962890625,1034.7133040088718,1047.136962890625,9000,0.0,0.0
2016-12-21 00:00:00+09:00,1040.9250399163705,1047.1368687990769,1039.1502316641686,1045.362060546875,7500,0.0,0.0
2016-12-22 00:00:00+09:00,1043.587346067267,1048.911771302304,1038.2629208322298,1047.136962890625,9400,0.0,0.0
2016-12-26 00:00:00+09:00,1047.1367937109044,1048.9116018358382,1042.69977339857,1046.2493896484375,13200,0.0,0.0
2016-12-27 00:00:00+09:00,1048.91162109375,1050.6864292512691,1046.2494088574715,1048.91162109375,11200,0.0,0.0
2016-12-28 00:00:00+09:00,1048.9116607335684,1070.2093594286662,1048.9116607335684,1065.7723388671875,24800,0.0,0.0
2016-12-29 00:00:00+09:00,1058.6731988987,1060.4480072790834,1049.799156996783,1056.010986328125,15700,0.0,0.0
2016-12-30 00:00:00+09:00,1056.0108555749869,1064.8848963781381,1042.6997943702602,1060.4478759765625,11000,0.0,0.0
2017-01-04 00:00:00+09:00,1052.4612392537265,1065.7723004584532,1052.4612392537265,1060.4478759765625,20800,0.0,0.0
2017-01-05 00:00:00+09:00,1063.9976240398503,1063.9976240398503,1052.4613695673581,1056.010986328125,12100,0.0,0.0
2017-01-06 00:00:00+09:00,1056.010780972382,1063.1100131133728,1048.9115488313912,1061.335205078125,8300,0.0,0.0
2017-01-10 00:00:00+09:00,1061.3354114692752,1065.7724324202338,1051.5739653771666,1056.010986328125,42300,0.0,0.0
2017-01-11 00:00:00+09:00,1063.997577584722,1067.5471941905093,1060.4479609789348,1066.6597900390625,105800,0.0,0.0
2017-01-12 00:00:00+09:00,1066.6597710005735,1066.6597710005735,1063.1101544581422,1063.99755859375,24900,0.0,0.0
2017-01-13 00:00:00+09:00,1063.1101265303002,1067.547147091779,1063.1101265303002,1065.7723388671875,47900,0.0,0.0
2017-01-16 00:00:00+09:00,1065.7723591286526,1081.745633453645,1063.110146741154,1079.9708251953125,20900,0.0,0.0
2017-01-17 00:00:00+09:00,1063.99755859375,1067.5471751361813,1051.5739006952408,1063.99755859375,25000,0.0,0.0
2017-01-18 00:00:00+09:00,1063.1102198496587,1063.1102198496587,1049.799156996783,1056.010986328125,10000,0.0,0.0
2017-01-19 00:00:00+09:00,1063.9976618840144,1072.8717041015625,1063.9976618840144,1072.8717041015625,10700,0.0,0.0
2017-01-20 00:00:00+09:00,1067.547033201492,1069.3218412367396,1059.5603970428774,1061.335205078125,70500,0.0,0.0
2017-01-23 00:00:00+09:00,1061.3352328864373,1063.9974450090622,1045.3619601506882,1059.5604248046875,9300,0.0,0.0
2017-01-24 00:00:00+09:00,1058.6730269866737,1058.6730269866737,1038.2627339265784,1043.587158203125,11300,0.0,0.0
2017-01-25 00:00:00+09:00,1047.1368700310925,1060.4479319382674,1047.1368700310925,1056.8983154296875,10200,0.0,0.0
2017-01-26 00:00:00+09:00,1064.8850103694353,1078.1960729990533,1060.4479894928959,1076.4212646484375,13300,0.0,0.0
2017-01-27 00:00:00+09:00,1079.0833528645833,1082.632969156901,1063.997483622233,1064.8848876953125,20000,0.0,0.0
2017-01-30 00:00:00+09:00,1063.1099801314504,1079.970655943218,1063.1099801314504,1079.083251953125,8500,0.0,0.0
2017-01-31 00:00:00+09:00,1077.3085447184244,1079.0833528645833,1064.8848876953125,1064.8848876953125,9900,0.0,0.0
2017-02-01 00:00:00+09:00,1066.6596547384368,1066.6596547384368,1047.136765882991,1048.024169921875,14600,0.0,0.0
2017-02-02 00:00:00+09:00,1048.0243477837737,1063.1102190050474,1032.0510723730133,1032.9384765625,13400,0.0,0.0
2017-02-03 00:00:00+09:00,1026.7263576150044,1034.7129930674978,1026.7263576150044,1032.05078125,3200,0.0,0.0
2017-02-06 00:00:00+09:00,1032.9384765625,1047.136943594287,1032.0510723730133,1032.9384765625,6300,0.0,0.0
2017-02-07 00:00:00+09:00,1031.1633576491784,1033.8255694159147,1029.3885498046875,1029.3885498046875,8300,0.0,0.0
2017-02-08 00:00:00+09:00,1028.5014651562167,1042.6999323197192,1028.5014651562167,1040.0377197265625,9700,0.0,0.0
2017-02-09 00:00:00+09:00,1040.0376256176548,1042.6998379699185,1033.8257967957065,1038.2628173828125,6100,0.0,0.0
2017-02-10 00:00:00+09:00,1048.9116782853825,1056.8983154296875,1031.1635957424828,1056.8983154296875,10700,0.0,0.0
2017-02-13 00:00:00+09:00,1062.222675476074,1067.5470999145507,1056.8982510375977,1064.8848876953125,7600,0.0,0.0
2017-02-14 00:00:00+09:00,1066.6597991153012,1079.0834573412699,1060.447970002317,1062.2227783203125,8600,0.0,0.0
2017-02-15 00:00:00+09:00,1071.0968395965904,1077.3086688237454,1065.7724145447432,1076.4212646484375,7400,0.0,0.0
2017-02-16 00:00:00+09:00,1076.421245682141,1078.196054001485,1069.322012404765,1073.759033203125,5400,0.0,0.0
2017-02-17 00:00:00+09:00,1073.758797166753,1079.9706249189576,1066.659565449948,1069.32177734375,5200,0.0,0.0
2017-02-20 00:00:00+09:00,1063.1102576622595,1074.646512545072,1063.1102576622595,1072.8717041015625,4100,0.0,0.0
2017-02-21 00:00:00+09:00,1066.6596594733844,1071.0966796875,1063.9974473449151,1071.0966796875,5200,0.0,0.0
2017-02-22 00:00:00+09:00,1073.759023250637,1073.759023250637,1062.2227692818285,1066.6597900390625,4100,0.0,0.0
2017-02-23 00:00:00+09:00,1077.3085447184244,1077.3085447184244,1060.4478673299152,1064.8848876953125,5400,0.0,0.0
2017-02-24 00:00:00+09:00,1060.4478288455623,1062.2226369273124,1058.6730207638125,1059.5604248046875,3700,0.0,0.0
2017-02-27 00:00:00+09:00,1058.6732742399404,1059.5606784932847,1050.6866359598403,1055.1236572265625,9000,0.0,0.0
2017-02-28 00:00:00+09:00,1063.9974922978229,1063.9974922978229,1059.5604718962475,1060.4478759765625,4800,0.0,0.0
2017-03-01 00:00:00+09:00,1056.898173939098,1056.898173939098,1049.7989418723366,1054.2359619140625,6300,0.0,0.0
2017-03-02 00:00:00+09:00,1056.010986328125,1058.6731988987,1051.5739653771666,1056.010986328125,11500,0.0,0.0
2017-03-03 00:00:00+09:00,1052.4614444665292,1056.0110614799069,1050.6866359598403,1055.1236572265625,5200,0.0,0.0
2017-03-06 00:00:00+09:00,1053.3486976817833,1053.3486976817833,1039.1502316641686,1045.362060546875,8600,0.0,0.0
2017-03-07 00:00:00+09:00,1038.2629301030586,1045.362163813165,1038.2629301030586,1042.699951171875,4200,0.0,0.0
2017-03-08 00:00:00+09:00,1042.6996793398537,1046.2492952695213,1040.9248713750198,1044.4744873046875,5200,0.0,0.0
2017-03-09 00:00:00+09:00,1041.812407494396,1051.5738525390625,1041.812407494396,1051.5738525390625,4100,0.0,0.0
2017-03-10 00:00:00+09:00,1051.5738906668175,1060.4479319382674,1048.9116782853825,1056.8983154296875,21200,0.0,0.0
2017-03-13 00:00:00+09:00,1062.2225813571122,1063.9973893460128,1060.4477733682113,1063.1099853515625,5900,0.0,0.0
2017-03-14 00:00:00+09:00,1063.1101824793102,1063.1101824793102,1051.5739284123395,1062.2227783203125,7800,0.0,0.0
2017-03-15 00:00:00+09:00,1056.8983905183168,1057.7857947085083,1056.010986328125,1056.010986328125,4900,0.0,0.0
2017-03-16 00:00:00+09:00,1056.0109213732799,1063.99755859375,1056.0109213732799,1063.99755859375,8600,0.0,0.0
2017-03-17 00:00:00+09:00,1064.885028230042,1064.885028230042,1054.2361779477417,1056.010986328125,6800,0.0,0.0
2017-03-21 00:00:00+09:00,1057.7857485245945,1072.8716190991902,1057.7857485245945,1066.6597900390625,8000,0.0,0.0
2017-03-22 00:00:00+09:00,1059.5605175698702,1064.8849422812764,1049.799072265625,1049.799072265625,6500,0.0,0.0
2017-03-23 00:00:00+09:00,1048.9116681470573,1059.5605175698702,1048.9116681470573,1049.799072265625,3100,0.0,0.0
2017-03-24 00:00:00+09:00,1048.9116402541536,1056.8982771088806,1048.9116402541536,1051.5738525390625,4500,0.0,0.0
2017-03-27 00:00:00+09:00,1048.0242361591838,1052.4612566340322,1048.0242361591838,1051.5738525390625,8600,0.0,0.0
2017-03-28 00:00:00+09:00,1052.4611970495005,1082.6329345703125,1052.4611970495005,1082.6329345703125,16000,0.0,0.0
2017-03-29 00:00:00+09:00,1067.3592009064334,1077.2421564703818,1065.5622998948065,1070.9530029296875,11000,15.0,0.0
2017-03-30 00:00:00+09:00,1064.664019325004,1074.5469764664176,1053.882611534371,1059.2733154296875,8200,0.0,0.0
2017-03-31 00:00:00+09:00,1061.0701957873346,1063.7655476817986,1043.9996337890625,1043.9996337890625,11300,0.0,0.0
2017-04-03 00:00:00+09:00,1058.374716788606,1068.2576725480922,1044.8979589347614,1061.070068359375,9400,0.0,0.0
2017-04-04 00:00:00+09:00,1066.4608195056655,1066.4608195056655,1043.1011048408404,1049.3902587890625,9000,0.0,0.0
2017-04-05 00:00:00+09:00,1043.9995508992126,1048.4918036999838,1041.30419921875,1041.30419921875,6100,0.0,0.0
2017-04-06 00:00:00+09:00,1041.3041081296428,1041.3041081296428,1004.4676383856262,1005.3660888671875,11700,0.0,0.0
2017-04-07 00:00:00+09:00,1009.8584902361235,1023.3352494474598,1000.8739840952328,1003.5693359375,11100,0.0,0.0
2017-04-10 00:00:00+09:00,1008.0615844726562,1020.6398930133133,1008.0615844726562,1008.0615844726562,5000,0.0,0.0
2017-04-11 00:00:00+09:00,1005.3662371656782,1013.4522926924799,1003.5693359375,1003.5693359375,7500,0.0,0.0
2017-04-12 00:00:00+09:00,1001.7724174588946,1001.7724174588946,992.787911472716,996.3817138671875,8400,0.0,0.0
2017-04-13 00:00:00+09:00,996.3817486423936,1001.7724524222442,995.4832980124185,998.1786499023438,9300,0.0,0.0
2017-04-14 00:00:00+09:00,993.6864706503379,999.9756255278717,992.7880199535473,997.2802734375,8100,0.0,0.0
2017-04-17 00:00:00+09:00,998.1784721374512,1013.4521301269531,998.1784721374512,1006.2645263671875,11000,0.0,0.0
2017-04-18 00:00:00+09:00,1028.7258776337856,1028.7258776337856,1010.75686667075,1017.0460205078125,8200,0.0,0.0
2017-04-19 00:00:00+09:00,1017.0461163125551,1031.4213264371142,1016.1476656797702,1018.843017578125,11500,0.0,0.0
2017-04-20 00:00:00+09:00,1022.436851305145,1026.0306539459364,1011.6554433827708,1012.5538940429688,6000,0.0,0.0
2017-04-21 00:00:00+09:00,1022.4369191798581,1029.6245249385918,1019.741567020333,1028.72607421875,4200,0.0,0.0
2017-04-24 00:00:00+09:00,1033.218178919532,1036.8119812809912,1027.827475377343,1030.5228271484375,6400,0.0,0.0
2017-04-25 00:00:00+09:00,1035.913436122156,1059.2731493391343,1034.1165351054653,1053.8824462890625,6700,0.0,0.0
2017-04-26 00:00:00+09:00,1053.8824641706578,1062.8669694065543,1053.8824641706578,1061.070068359375,6900,0.0,0.0
2017-04-27 00:00:00+09:00,1061.070194327731,1070.9531512605042,1057.4763918067226,1069.15625,8600,0.0,0.0
2017-04-28 00:00:00+09:00,1059.273236933841,1070.9530945081751,1056.5778851859177,1064.6639404296875,5000,0.0,0.0
2017-05-01 00:00:00+09:00,1065.5624474789915,1070.9531512605042,1064.6639968487395,1069.15625,5100,0.0,0.0
2017-05-02 00:00:00+09:00,1076.3438327354158,1079.9376351819449,1069.156227842358,1079.0391845703125,8500,0.0,0.0
2017-05-08 00:00:00+09:00,1077.2422015390816,1101.5003662109375,1077.2422015390816,1101.5003662109375,18400,0.0,0.0
2017-05-09 00:00:00+09:00,1088.9219892785904,1099.703395113032,1088.9219892785904,1097.906494140625,7900,0.0,0.0
2017-05-10 00:00:00+09:00,1096.1098237556214,1100.602077131669,1092.5160210547833,1098.80517578125,10800,0.0,0.0
2017-05-11 00:00:00+09:00,1098.80517578125,1099.7036264564595,1096.1098237556214,1098.80517578125,7400,0.0,0.0
2017-05-12 00:00:00+09:00,1096.1098237556214,1098.80517578125,1093.4144717299928,1098.80517578125,8000,0.0,0.0
2017-05-15 00:00:00+09:00,1105.992623592485,1115.875579611589,1093.4143159318066,1109.58642578125,27700,0.0,0.0
2017-05-16 00:00:00+09:00,1109.5865216020047,1111.3834228515625,1101.500465978994,1111.3834228515625,14400,0.0,0.0
2017-05-17 00:00:00+09:00,1111.3832305883452,1111.3832305883452,1105.0940773028817,1107.7894287109375,6800,0.0,0.0
2017-05-18 00:00:00+09:00,1105.0941683845458,1105.0941683845458,1095.211212407123,1101.5003662109375,7300,0.0,0.0
2017-05-19 00:00:00+09:00,1105.094357052365,1105.094357052365,1096.1098500844596,1097.00830078125,8000,0.0,0.0
2017-05-22 00:00:00+09:00,1105.9926273948267,1105.9926273948267,1044.8979899757787,1092.515869140625,14400,0.0,0.0
2017-05-23 00:00:00+09:00,1098.8051061841481,1098.8051061841481,1091.6175012377269,1095.2113037109375,5900,0.0,0.0
2017-05-24 00:00:00+09:00,1103.297249429136,1103.297249429136,1093.414293611774,1094.312744140625,4800,0.0,0.0
2017-05-25 00:00:00+09:00,1094.312744140625,1098.8049967848806,1094.312744140625,1094.312744140625,3400,0.0,0.0
2017-05-26 00:00:00+09:00,1095.2110407204789,1096.1094911230389,1088.0234375,1088.0234375,4600,0.0,0.0
2017-05-29 00:00:00+09:00,1090.7190597698252,1092.5159610215053,1085.328356014785,1086.226806640625,3200,0.0,0.0
2017-05-30 00:00:00+09:00,1093.4143103088481,1093.4143103088481,1071.8514972871453,1076.34375,10000,0.0,0.0
2017-05-31 00:00:00+09:00,1076.3437847890098,1077.24223536062,1062.8670262148569,1065.5623779296875,10500,0.0,0.0
2017-06-01 00:00:00+09:00,1082.6327350846407,1094.312590317919,1079.9373838769611,1088.0234375,11300,0.0,0.0
2017-06-02 00:00:00+09:00,1096.1096889520782,1099.7034912109375,1089.8205349990744,1099.7034912109375,14900,0.0,0.0
2017-06-05 00:00:00+09:00,1102.3986558161487,1105.0940070528632,1091.6172508692916,1104.195556640625,9000,0.0,0.0
2017-06-06 00:00:00+09:00,1109.5863426505746,1111.3832436103326,1104.1956397713004,1106.8909912109375,9800,0.0,0.0
2017-06-07 00:00:00+09:00,1108.6878921706955,1108.6878921706955,1101.5002883316636,1106.8909912109375,9400,0.0,0.0
2017-06-08 00:00:00+09:00,1109.58636871586,1111.383269717829,1101.5003142069995,1105.0941162109375,9100,0.0,0.0
2017-06-09 00:00:00+09:00,1107.7894287109375,1109.5863296496414,1104.1956268335298,1107.7894287109375,10900,0.0,0.0
2017-06-12 00:00:00+09:00,1107.7895377234856,1113.1802410700718,1105.992636607957,1108.68798828125,4900,0.0,0.0
2017-06-13 00:00:00+09:00,1108.687923255902,1114.0786262863196,1108.687923255902,1113.18017578125,3500,0.0,0.0
2017-06-14 00:00:00+09:00,1114.9770767913892,1115.8755272964588,1112.2817252761804,1113.18017578125,5500,0.0,0.0
2017-06-15 00:00:00+09:00,1115.875566501062,1115.875566501062,1109.5864127446146,1110.48486328125,6000,0.0,0.0
2017-06-16 00:00:00+09:00,1115.8755322969876,1126.6569384061372,1112.2817302606045,1121.2662353515625,16000,0.0,0.0
2017-06-19 00:00:00+09:00,1128.45381328125,1129.3522637695312,1117.672407421875,1123.0631103515625,8100,0.0,0.0
2017-06-20 00:00:00+09:00,1123.0631103515625,1125.7584618164062,1120.3677588867188,1123.0631103515625,31500,0.0,0.0
2017-06-21 00:00:00+09:00,1115.8755842497112,1128.453891962671,1115.8755842497112,1117.6724853515625,6400,0.0,0.0
2017-06-22 00:00:00+09:00,1117.672515893535,1129.3523733747377,1117.672515893535,1123.961669921875,5700,0.0,0.0
2017-06-23 00:00:00+09:00,1128.4538394243289,1128.4538394243289,1121.2662353515625,1121.2662353515625,5300,0.0,0.0
2017-06-26 00:00:00+09:00,1122.164608117306,1127.555310798414,1122.164608117306,1126.6568603515625,3400,0.0,0.0
2017-06-27 00:00:00+09:00,1128.453857421875,1128.453857421875,1123.9616048047496,1128.453857421875,4700,0.0,0.0
2017-06-28 00:00:00+09:00,1128.453857421875,1130.250758468725,1127.55540689845,1128.453857421875,7000,0.0,0.0
2017-06-29 00:00:00+09:00,1131.149318212541,1131.149318212541,1127.5555157718338,1129.3524169921875,4000,0.0,0.0
2017-06-30 00:00:00+09:00,1129.3523079453,1129.3523079453,1123.0631542813246,1128.453857421875,4500,0.0,0.0
2017-07-03 00:00:00+09:00,1128.4538394243289,1131.1491909516162,1121.2662353515625,1121.2662353515625,10700,0.0,0.0
2017-07-04 00:00:00+09:00,1130.2507535663717,1130.2507535663717,1118.5708968125064,1120.3677978515625,6100,0.0,0.0
2017-07-05 00:00:00+09:00,1115.8755222227517,1124.8600272325966,1096.1096112010925,1105.0941162109375,16100,0.0,0.0
2017-07-06 00:00:00+09:00,1099.7033873719054,1119.4692979292436,1096.1095854523894,1106.8909912109375,10400,0.0,0.0
2017-07-07 00:00:00+09:00,1098.8050930335874,1132.0477655129355,1096.1097412109375,1096.1097412109375,10600,0.0,0.0
2017-07-10 00:00:00+09:00,1096.1097412109375,1105.992697893987,1096.1097412109375,1096.1097412109375,7800,0.0,0.0
2017-07-11 00:00:00+09:00,1096.1097583087337,1111.3834188753308,1096.1097583087337,1103.29736328125,7800,0.0,0.0
2017-07-12 00:00:00+09:00,1104.195652730091,1116.7739595960156,1103.297202239668,1105.9925537109375,6500,0.0,0.0
2017-07-13 00:00:00+09:00,1111.383339954543,1113.1802410700718,1106.8910871657213,1108.68798828125,4700,0.0,0.0
2017-07-14 00:00:00+09:00,1108.6880709772256,1112.2818734763414,1107.7896203524467,1111.3834228515625,5400,0.0,0.0
2017-07-17 00:00:00+09:00,1111.3834228515625,1111.3834228515625,1111.3834228515625,1111.3834228515625,0,0.0,0.0
2017-07-18 00:00:00+09:00,1111.3834015392865,1111.3834015392865,1095.2112906033876,1096.1097412109375,26800,0.0,0.0
2017-07-19 00:00:00+09:00,1096.1096889520782,1107.789546293371,1094.3127878226485,1099.7034912109375,6700,0.0,0.0
2017-07-20 00:00:00+09:00,1105.992636607957,1109.5864388390144,1105.0941860501925,1108.68798828125,5600,0.0,0.0
2017-07-21 00:00:00+09:00,1101.500275425474,1110.4847801189933,1101.500275425474,1107.7894287109375,8000,0.0,0.0
2017-07-24 00:00:00+09:00,1106.8909782415856,1111.3832305883452,1104.1956268335298,1107.7894287109375,9200,0.0,0.0
2017-07-25 00:00:00+09:00,1107.789511671344,1115.875566501062,1107.789511671344,1110.48486328125,5000,0.0,0.0
2017-07-26 00:00:00+09:00,1109.5863296496414,1113.180131527049,1100.6018249561218,1107.7894287109375,11200,0.0,0.0
2017-07-27 00:00:00+09:00,1107.7896825333453,1112.2819359093928,1095.211373080412,1098.80517578125,20100,0.0,0.0
2017-07-28 00:00:00+09:00,1098.804949787552,1108.687905182207,1098.804949787552,1105.9925537109375,7300,0.0,0.0
2017-07-31 00:00:00+09:00,1132.0476312404726,1132.0476312404726,1105.0941162109375,1105.0941162109375,12400,0.0,0.0
2017-08-01 00:00:00+09:00,1079.0392003595202,1113.1803241011205,1079.0392003595202,1111.3834228515625,17500,0.0,0.0
2017-08-02 00:00:00+09:00,1111.3832514336768,1112.2817019198803,1097.0080436544215,1097.906494140625,7700,0.0,0.0
2017-08-03 00:00:00+09:00,1097.9066595518627,1104.1958139028145,1091.617505200911,1103.29736328125,8300,0.0,0.0
2017-08-04 00:00:00+09:00,1097.9064037549583,1112.2816103507678,1097.9064037549583,1104.195556640625,6000,0.0,0.0
2017-08-07 00:00:00+09:00,1109.5864303932312,1117.6724853515625,1108.6879798423056,1117.6724853515625,9600,0.0,0.0
2017-08-08 00:00:00+09:00,1113.180232596934,1117.6724853515625,1107.78952929138,1117.6724853515625,6200,0.0,0.0
2017-08-09 00:00:00+09:00,1114.078511175244,1117.6723128241965,1100.6017549916726,1104.195556640625,7700,0.0,0.0
2017-08-10 00:00:00+09:00,1096.109662950525,1104.1957178411437,1096.109662950525,1101.5003662109375,7700,0.0,0.0
2017-08-11 00:00:00+09:00,1101.5003662109375,1101.5003662109375,1101.5003662109375,1101.5003662109375,0,0.0,0.0
2017-08-14 00:00:00+09:00,1098.8050536087867,1098.8050536087867,1073.6484375,1073.6484375,22700,0.0,0.0
2017-08-15 00:00:00+09:00,1079.9378638575283,1090.719273480066,1071.851806640625,1071.851806640625,20700,0.0,0.0
2017-08-16 00:00:00+09:00,1073.6484375,1086.2267455543933,1073.6484375,1073.6484375,10300,0.0,0.0
2017-08-17 00:00:00+09:00,1095.2114522615807,1095.2114522615807,1084.4300433795963,1093.41455078125,13500,0.0,0.0
2017-08-18 00:00:00+09:00,1092.5158430829229,1096.1096451983271,1086.2266893809654,1094.312744140625,9200,0.0,0.0
2017-08-21 00:00:00+09:00,1098.804905731824,1101.5002570950255,1096.1095543686224,1100.601806640625,6700,0.0,0.0
2017-08-22 00:00:00+09:00,1102.398842905082,1103.2972934697968,1097.9065900815078,1099.7034912109375,8000,0.0,0.0
2017-08-23 00:00:00+09:00,1104.1956268335298,1108.6878791802894,1101.500275425474,1107.7894287109375,7900,0.0,0.0
2017-08-24 00:00:00+09:00,1107.789467713891,1112.2817202188135,1105.0941162109375,1105.0941162109375,5600,0.0,0.0
2017-08-25 00:00:00+09:00,1083.5313041873096,1105.0941162109375,1083.5313041873096,1105.0941162109375,20200,0.0,0.0
2017-08-28 00:00:00+09:00,1104.1956397713004,1111.3832436103326,1097.9064864121474,1106.8909912109375,16300,0.0,0.0
2017-08-29 00:00:00+09:00,1099.7034697621457,1109.58642578125,1099.7034697621457,1109.58642578125,14300,0.0,0.0
2017-08-30 00:00:00+09:00,1114.0786785172065,1114.0786785172065,1105.992623592485,1109.58642578125,18400,0.0,0.0
2017-08-31 00:00:00+09:00,1114.0786654277913,1114.0786654277913,1107.789511671344,1110.48486328125,27200,0.0,0.0
2017-09-01 00:00:00+09:00,1114.0786916278362,1114.0786916278362,1105.992636607957,1108.68798828125,18100,0.0,0.0
2017-09-04 00:00:00+09:00,1113.180157634323,1113.180157634323,1105.9925537109375,1105.9925537109375,23700,0.0,0.0
2017-09-05 00:00:00+09:00,1105.0941683845458,1105.0941683845458,1098.8050145807313,1101.5003662109375,22500,0.0,0.0
2017-09-06 00:00:00+09:00,1100.6019026453941,1105.0941553092528,1097.008100514307,1102.3988037109375,13000,0.0,0.0
2017-09-07 00:00:00+09:00,1103.29736328125,1106.891165767508,1100.6020114165565,1103.29736328125,13200,0.0,0.0
2017-09-08 00:00:00+09:00,1102.3989126596855,1108.6880670106373,1100.6020114165565,1103.29736328125,23300,0.0,0.0
2017-09-11 00:00:00+09:00,1105.0941162109375,1108.6879182148755,1103.2972152089685,1105.0941162109375,24100,0.0,0.0
2017-09-12 00:00:00+09:00,1111.3833268756325,1111.3833268756325,1105.0941730452935,1109.58642578125,14400,0.0,0.0
2017-09-13 00:00:00+09:00,1107.7894416908166,1108.6878921706955,1103.2971892914215,1106.8909912109375,21700,0.0,0.0
2017-09-14 00:00:00+09:00,1107.789467713891,1108.6879182148755,1104.1956657099531,1105.0941162109375,21600,0.0,0.0
2017-09-15 00:00:00+09:00,1105.992457465101,1109.5862591140535,1102.3986558161487,1104.195556640625,25600,0.0,0.0
2017-09-18 00:00:00+09:00,1104.195556640625,1104.195556640625,1104.195556640625,1104.195556640625,0,0.0,0.0
2017-09-19 00:00:00+09:00,1105.0941390195844,1121.2662483710906,1104.1956885000563,1120.3677978515625,50600,0.0,0.0
2017-09-20 00:00:00+09:00,1121.266322544643,1141.032235281808,1120.367871965681,1132.0477294921875,53800,0.0,0.0
2017-09-21 00:00:00+09:00,1123.063149410147,1129.3523030468436,1120.3677978515625,1120.3677978515625,91200,0.0,0.0
2017-09-22 00:00:00+09:00,1098.8051988456903,1105.0943537041692,1088.9222412109375,1088.9222412109375,177500,0.0,0.0
2017-09-25 00:00:00+09:00,1096.1097412109375,1100.6019942486873,1090.7190375656378,1096.1097412109375,145900,0.0,0.0
2017-09-26 00:00:00+09:00,1098.805306063934,1098.805306063934,1078.140938083991,1081.7347412109375,291800,0.0,0.0
2017-09-27 00:00:00+09:00,1109.0279541015625,1109.0279541015625,1094.4713935883344,1109.0279541015625,167300,15.0,0.0
2017-09-28 00:00:00+09:00,1109.937851466208,1115.3965622111236,1106.2987109695973,1107.20849609375,65400,0.0,0.0
2017-09-29 00:00:00+09:00,1109.937744140625,1116.3062393938908,1109.027959104444,1109.937744140625,74900,0.0,0.0
2017-10-02 00:00:00+09:00,1109.027959104444,1115.3964543577101,1103.5692488873592,1109.937744140625,49200,0.0,0.0
2017-10-03 00:00:00+09:00,1109.937831693116,1110.8476168010613,1096.2910550739384,1103.5693359375,46700,0.0,0.0
2017-10-04 00:00:00+09:00,1108.1181740682632,1119.0355945024335,1099.020323706455,1109.937744140625,120200,0.0,0.0
2017-10-05 00:00:00+09:00,1100.8398888128718,1116.3062343581767,1099.0203187487182,1109.0279541015625,75700,0.0,0.0
2017-10-06 00:00:00+09:00,1113.5768742302955,1117.2160143421593,1106.2985940065682,1108.1181640625,77300,0.0,0.0
2017-10-09 00:00:00+09:00,1108.1181640625,1108.1181640625,1108.1181640625,1108.1181640625,0,0.0,0.0
2017-10-10 00:00:00+09:00,1109.9377839029419,1119.9454196594438,1108.118213765396,1117.216064453125,68300,0.0,0.0
2017-10-11 00:00:00+09:00,1122.6746725107168,1130.8627373831614,1119.9453175532353,1120.8551025390625,39000,0.0,0.0
2017-10-12 00:00:00+09:00,1130.8628228754878,1144.5095986945807,1129.9530378208817,1136.321533203125,49200,0.0,0.0
2017-10-13 00:00:00+09:00,1137.231205958946,1159.975830078125,1135.4116360294117,1159.975830078125,47900,0.0,0.0
2017-10-16 00:00:00+09:00,1159.066264571543,1159.066264571543,1151.7879834753323,1155.4271240234375,23900,0.0,0.0
2017-10-17 00:00:00+09:00,1153.6075537493848,1157.2466942974902,1144.5097023791216,1155.4271240234375,17900,0.0,0.0
2017-10-18 00:00:00+09:00,1144.5095765074,1154.5172119140625,1144.5095765074,1154.5172119140625,7100,0.0,0.0
2017-10-19 00:00:00+09:00,1146.3292186879466,1153.607499441521,1144.5096484995531,1145.41943359375,8100,0.0,0.0
2017-10-20 00:00:00+09:00,1138.1411479228252,1148.1487839157517,1135.411792652027,1144.5096435546875,16700,0.0,0.0
2017-10-23 00:00:00+09:00,1152.697836332232,1175.4424660941152,1150.8782659512815,1168.1641845703125,38900,0.0,0.0
2017-10-24 00:00:00+09:00,1171.8033783783783,1180.9012306949805,1171.8033783783783,1178.171875,24300,0.0,0.0
2017-10-25 00:00:00+09:00,1178.1715703475131,1182.72049532955,1167.254150390625,1167.254150390625,21200,0.0,0.0
2017-10-26 00:00:00+09:00,1159.976152899141,1159.976152899141,1151.7880859375,1151.7880859375,13800,0.0,0.0
2017-10-27 00:00:00+09:00,1151.7877248328975,1158.1562193619893,1149.9681549674428,1152.697509765625,11600,0.0,0.0
2017-10-30 00:00:00+09:00,1153.6075632298766,1153.6075632298766,1125.404223750282,1134.5020751953125,47500,0.0,0.0
2017-10-31 00:00:00+09:00,1144.5096435546875,1147.2389988254856,1140.8705031936233,1144.5096435546875,14400,0.0,0.0
2017-11-01 00:00:00+09:00,1120.8552529884582,1121.7650380964035,1094.4714848580481,1103.5693359375,55100,0.0,0.0
2017-11-02 00:00:00+09:00,1108.118179058853,1112.667104260244,1106.2986089782964,1110.8475341796875,20300,0.0,0.0
2017-11-03 00:00:00+09:00,1110.8475341796875,1110.8475341796875,1110.8475341796875,1110.8475341796875,0,0.0,0.0
2017-11-06 00:00:00+09:00,1110.8474676949638,1122.6746725107168,1110.8474676949638,1120.8551025390625,19700,0.0,0.0
2017-11-07 00:00:00+09:00,1121.764877393769,1122.6746623713796,1113.5768125952743,1119.0355224609375,28000,0.0,0.0
2017-11-08 00:00:00+09:00,1115.3964992737363,1120.8552097106387,1114.486714200919,1118.1258544921875,18200,0.0,0.0
2017-11-09 00:00:00+09:00,1119.0355224609375,1126.3138022818216,1109.9376726848323,1119.0355224609375,37400,0.0,0.0
2017-11-10 00:00:00+09:00,1112.6670276176637,1122.6746623713796,1109.0278877072217,1119.0355224609375,16700,0.0,0.0
2017-11-13 00:00:00+09:00,1119.035624617659,1119.9454096783238,1109.9377740110115,1115.396484375,25800,0.0,0.0
2017-11-14 00:00:00+09:00,1115.3963521321614,1119.0354919433594,1108.1180725097656,1113.5767822265625,15000,0.0,0.0
2017-11-15 00:00:00+09:00,1109.028046585171,1113.5769721248969,1103.5693359375,1103.5693359375,21700,0.0,0.0
2017-11-16 00:00:00+09:00,1103.569147745768,1119.9452768961587,1103.569147745768,1113.5767822265625,19900,0.0,0.0
2017-11-17 00:00:00+09:00,1113.5768792619463,1117.2160193902535,1104.4790289411787,1109.0279541015625,17800,0.0,0.0
2017-11-20 00:00:00+09:00,1109.9377839029419,1126.313915140854,1107.208428696623,1117.216064453125,13000,0.0,0.0
2017-11-21 00:00:00+09:00,1117.2161574497545,1143.599926640343,1117.2161574497545,1134.5020751953125,14600,0.0,0.0
2017-11-22 00:00:00+09:00,1134.5019401175077,1134.5019401175077,1108.1181740682632,1109.937744140625,19000,0.0,0.0
2017-11-23 00:00:00+09:00,1109.937744140625,1109.937744140625,1109.937744140625,1109.937744140625,0,0.0,0.0
2017-11-24 00:00:00+09:00,1119.9453175532353,1129.9529523973342,1109.9376827091367,1120.8551025390625,16100,0.0,0.0
2017-11-27 00:00:00+09:00,1128.1334852783998,1132.6824106222643,1113.5769241780333,1117.216064453125,11000,0.0,0.0
2017-11-28 00:00:00+09:00,1117.216181648584,1120.8553223054198,1114.4868261559573,1116.306396484375,5200,0.0,0.0
2017-11-29 00:00:00+09:00,1119.0356395650047,1129.0432753659925,1115.3964992737363,1118.1258544921875,6500,0.0,0.0
2017-11-30 00:00:00+09:00,1117.2160544963297,1120.8551947389885,1112.6671291930058,1115.396484375,9000,0.0,0.0
2017-12-01 00:00:00+09:00,1112.6671391092605,1118.1258495218979,1110.8475689717147,1117.216064453125,11900,0.0,0.0
2017-12-04 00:00:00+09:00,1114.4865671793618,1122.6746317545571,1112.666997273763,1113.5767822265625,11300,0.0,0.0
2017-12-05 00:00:00+09:00,1113.5769830519152,1135.4118258568549,1112.6671979350429,1128.133544921875,16200,0.0,0.0
2017-12-06 00:00:00+09:00,1128.133341471354,1128.133341471354,1110.847427368164,1113.5767822265625,11900,0.0,0.0
2017-12-07 00:00:00+09:00,1113.5767822265625,1123.5844167073567,1111.7572123209634,1113.5767822265625,10900,0.0,0.0
2017-12-08 00:00:00+09:00,1107.2083177520008,1127.2235872594322,1107.2083177520008,1119.0355224609375,27100,0.0,0.0
2017-12-11 00:00:00+09:00,1119.9454837525495,1131.7726903234538,1118.125913510872,1129.0433349609375,10700,0.0,0.0
2017-12-12 00:00:00+09:00,1130.8628903883532,1130.8628903883532,1122.6748244080675,1126.31396484375,6800,0.0,0.0
2017-12-13 00:00:00+09:00,1129.9531052794325,1130.8628903883532,1119.035683972385,1126.31396484375,17100,0.0,0.0
2017-12-14 00:00:00+09:00,1123.5845913330272,1146.3292186879466,1123.5845913330272,1145.41943359375,16800,0.0,0.0
2017-12-15 00:00:00+09:00,1134.5020319922803,1149.05859375,1123.5846106739905,1149.05859375,31200,0.0,0.0
2017-12-18 00:00:00+09:00,1149.0583695452344,1149.9681544775744,1127.2235311690781,1130.8626708984375,38600,0.0,0.0
2017-12-19 00:00:00+09:00,1131.772685389365,1139.0509663243447,1109.9378425844254,1128.133544921875,23500,0.0,0.0
2017-12-20 00:00:00+09:00,1129.9531494727973,1145.4194969293492,1125.404223750282,1134.5020751953125,22000,0.0,0.0
2017-12-21 00:00:00+09:00,1133.5921580854667,1143.5997935099774,1131.772588008283,1132.682373046875,23600,0.0,0.0
2017-12-22 00:00:00+09:00,1133.5921730628381,1137.2313132652869,1125.404107607328,1135.4117431640625,6200,0.0,0.0
2017-12-25 00:00:00+09:00,1135.411792652027,1144.5096435546875,1129.9530821104306,1144.5096435546875,11900,0.0,0.0
2017-12-26 00:00:00+09:00,1146.3291888530027,1151.7878992761123,1136.321553077302,1139.960693359375,13200,0.0,0.0
2017-12-27 00:00:00+09:00,1137.2313182577311,1140.870458476156,1134.5019630939128,1136.321533203125,6000,0.0,0.0
2017-12-28 00:00:00+09:00,1137.2313861507976,1137.2313861507976,1126.31396484375,1126.31396484375,4000,0.0,0.0
2017-12-29 00:00:00+09:00,1126.3141157634773,1137.2315385333977,1126.3141157634773,1131.7728271484375,4800,0.0,0.0
2018-01-01 00:00:00+09:00,1131.7728271484375,1131.7728271484375,1131.7728271484375,1131.7728271484375,0,0.0,0.0
2018-01-02 00:00:00+09:00,1131.7728271484375,1131.7728271484375,1131.7728271484375,1131.7728271484375,0,0.0,0.0
2018-01-03 00:00:00+09:00,1131.7728271484375,1131.7728271484375,1131.7728271484375,1131.7728271484375,0,0.0,0.0
2018-01-04 00:00:00+09:00,1137.2313232421875,1141.7802485351563,1132.6823979492187,1137.2313232421875,11900,0.0,0.0
2018-01-05 00:00:00+09:00,1137.2313132652869,1140.8704534677358,1132.6823880122258,1135.4117431640625,13600,0.0,0.0
2018-01-08 00:00:00+09:00,1135.4117431640625,1135.4117431640625,1135.4117431640625,1135.4117431640625,0,0.0,0.0
2018-01-09 00:00:00+09:00,1135.4119680717445,1148.1489613033184,1123.584760070997,1131.7728271484375,31000,0.0,0.0
2018-01-10 00:00:00+09:00,1131.772685389365,1131.772685389365,1128.133544921875,1128.133544921875,4800,0.0,0.0
2018-01-11 00:00:00+09:00,1128.133544921875,1133.5922556231098,1124.4944044543852,1128.133544921875,8900,0.0,0.0
2018-01-12 00:00:00+09:00,1125.4041748046875,1132.6824556441682,1124.4943896997524,1125.4041748046875,13800,0.0,0.0
2018-01-15 00:00:00+09:00,1129.0431010337577,1132.682240763117,1128.133316101418,1130.8626708984375,7400,0.0,0.0
2018-01-16 00:00:00+09:00,1130.8629052026151,1131.7726903234538,1127.2237647192599,1129.0433349609375,8600,0.0,0.0
2018-01-17 00:00:00+09:00,1126.3139599096226,1130.862885434298,1125.4041748046875,1125.4041748046875,10200,0.0,0.0
2018-01-18 00:00:00+09:00,1128.133500298284,1129.0432853791697,1119.9454345703125,1119.9454345703125,16900,0.0,0.0
2018-01-19 00:00:00+09:00,1120.8551126291532,1131.7725325573592,1119.0355426411188,1122.6746826171875,11500,0.0,0.0
2018-01-22 00:00:00+09:00,1119.0356395650047,1123.58456492909,1117.2160694193703,1118.1258544921875,11900,0.0,0.0
2018-01-23 00:00:00+09:00,1121.7650343849473,1127.2237450145576,1121.7650343849473,1125.4041748046875,12600,0.0,0.0
2018-01-24 00:00:00+09:00,1127.2237450145576,1128.1335301194927,1123.5846045948174,1125.4041748046875,6100,0.0,0.0
2018-01-25 00:00:00+09:00,1118.125737483327,1124.4942323266005,1117.2159525057164,1119.0355224609375,10100,0.0,0.0
2018-01-26 00:00:00+09:00,1128.1335251693972,1128.1335251693972,1123.584599664682,1124.494384765625,7300,0.0,0.0
2018-01-29 00:00:00+09:00,1127.2235974398527,1127.2235974398527,1119.9453175532353,1120.8551025390625,15200,0.0,0.0
2018-01-30 00:00:00+09:00,1119.0355945024335,1121.764949610976,1107.2083890320826,1109.937744140625,23700,0.0,0.0
2018-01-31 00:00:00+09:00,1117.216122524434,1121.7650481047453,1104.4791308995627,1105.388916015625,21900,0.0,0.0
2018-02-01 00:00:00+09:00,1119.0356395650047,1119.0356395650047,1111.7573589824678,1118.1258544921875,11500,0.0,0.0
2018-02-02 00:00:00+09:00,1118.125966812793,1119.0357519770018,1112.6672558275393,1116.306396484375,11800,0.0,0.0
2018-02-05 00:00:00+09:00,1106.2985739291598,1112.6670690093442,1101.7496488718853,1104.47900390625,16500,0.0,0.0
2018-02-06 00:00:00+09:00,1092.65189682533,1094.4714670115504,1049.8919974491514,1055.3507080078125,44600,0.0,0.0
2018-02-07 00:00:00+09:00,1069.907196514423,1101.7496726011618,1064.448486328125,1064.448486328125,19200,0.0,0.0
2018-02-08 00:00:00+09:00,1063.5386862472888,1076.2756765017473,1058.079976138235,1061.7191162109375,20000,0.0,0.0
2018-02-09 00:00:00+09:00,1050.8018258901743,1059.8996771965826,1038.9746191918434,1040.794189453125,19700,0.0,0.0
2018-02-12 00:00:00+09:00,1040.794189453125,1040.794189453125,1040.794189453125,1040.794189453125,0,0.0,0.0
2018-02-13 00:00:00+09:00,1048.9821577611647,1068.9974287678824,1044.433232532365,1045.343017578125,20900,0.0,0.0
2018-02-14 00:00:00+09:00,1043.523496902637,1058.9898434129636,1043.523496902637,1054.44091796875,17200,0.0,0.0
2018-02-15 00:00:00+09:00,1058.0800259637494,1060.809381146803,1024.4179787060893,1026.237548828125,26200,0.0,0.0
2018-02-16 00:00:00+09:00,1028.9668070026341,1044.4331515818071,1028.9668070026341,1030.786376953125,17200,0.0,0.0
2018-02-19 00:00:00+09:00,1046.2528717487103,1058.080078125,1038.0648057958942,1058.080078125,11600,0.0,0.0
2018-02-20 00:00:00+09:00,1054.4408360655325,1064.4484712654644,1053.531051047357,1061.7191162109375,9700,0.0,0.0
2018-02-21 00:00:00+09:00,1061.7191061519247,1078.0952363239337,1059.8995361328125,1059.8995361328125,14200,0.0,0.0
2018-02-22 00:00:00+09:00,1059.899760927238,1059.899760927238,1042.6138420794978,1056.2606201171875,11100,0.0,0.0
2018-02-23 00:00:00+09:00,1057.1703756041445,1075.3660791429422,1057.1703756041445,1073.5465087890625,7800,0.0,0.0
2018-02-26 00:00:00+09:00,1080.8246398365827,1092.65184549136,1080.8246398365827,1090.832275390625,5700,0.0,0.0
2018-02-27 00:00:00+09:00,1091.7421233282435,1091.7421233282435,1077.1855616838668,1079.9149169921875,6400,0.0,0.0
2018-02-28 00:00:00+09:00,1078.0953625337577,1109.937841595936,1078.0953625337577,1105.388916015625,16100,0.0,0.0
2018-03-01 00:00:00+09:00,1105.3887800736861,1109.0279200903894,1076.2756599400582,1080.8245849609375,16900,0.0,0.0
2018-03-02 00:00:00+09:00,1071.7267966757015,1075.3659369021045,1064.4485162228953,1069.9072265625,13200,0.0,0.0
2018-03-05 00:00:00+09:00,1068.0877587640653,1072.636684482822,1058.989907326552,1066.2681884765625,16700,0.0,0.0
2018-03-06 00:00:00+09:00,1068.0876713332937,1088.1029428574268,1068.0876713332937,1072.6365966796875,11000,0.0,0.0
2018-03-07 00:00:00+09:00,1073.5465142801145,1081.7345809144545,1049.8920995586884,1051.711669921875,17200,0.0,0.0
2018-03-08 00:00:00+09:00,1057.1701457759877,1065.3582105883663,1053.531005859375,1053.531005859375,5900,0.0,0.0
2018-03-09 00:00:00+09:00,1074.4562100306318,1080.824705771711,1053.5311525956577,1058.080078125,22500,0.0,0.0
2018-03-12 00:00:00+09:00,1073.5464696265733,1082.6443210640866,1061.7192627578058,1066.2681884765625,14400,0.0,0.0
2018-03-13 00:00:00+09:00,1065.3583161254571,1076.2757369568026,1058.080035571227,1072.6365966796875,15300,0.0,0.0
2018-03-14 00:00:00+09:00,1064.4484548857718,1085.3735099818168,1064.4484548857718,1080.8245849609375,10300,0.0,0.0
2018-03-15 00:00:00+09:00,1089.012774210377,1103.5693359375,1079.9149231309254,1103.5693359375,16900,0.0,0.0
2018-03-16 00:00:00+09:00,1103.5692933271143,1123.58456492909,1098.1105828902118,1118.1258544921875,32800,0.0,0.0
2018-03-19 00:00:00+09:00,1119.0356068300682,1119.0356068300682,1084.4637750743427,1089.9224853515625,20400,0.0,0.0
2018-03-20 00:00:00+09:00,1089.0126499985204,1089.0126499985204,1073.5463049275304,1080.8245849609375,23300,0.0,0.0
2018-03-21 00:00:00+09:00,1080.8245849609375,1080.8245849609375,1080.8245849609375,1080.8245849609375,0,0.0,0.0
2018-03-22 00:00:00+09:00,1082.644306738772,1090.8323729241913,1079.9149513436323,1086.283447265625,10400,0.0,0.0
2018-03-23 00:00:00+09:00,1069.907298456672,1074.456224045348,1038.0648193359375,1038.0648193359375,26200,0.0,0.0
2018-03-26 00:00:00+09:00,1032.6061037297834,1047.1626655444763,1031.696318616365,1037.155029296875,25600,0.0,0.0
2018-03-27 00:00:00+09:00,1039.8844001456482,1062.6290283203125,1039.8844001456482,1062.6290283203125,21800,0.0,0.0
2018-03-28 00:00:00+09:00,1059.864073228671,1069.0802825610942,1048.804622029763,1065.393798828125,15300,15.0,0.0
2018-03-29 00:00:00+09:00,1069.0803518647895,1078.2965617946581,1055.256036969986,1071.84521484375,11900,0.0,0.0
2018-03-30 00:00:00+09:00,1080.1397738752694,1080.1397738752694,1060.7857335583917,1069.080322265625,7300,0.0,0.0
2018-04-02 00:00:00+09:00,1066.315546209162,1070.9236514218203,1054.33447265625,1054.33447265625,6000,0.0,0.0
2018-04-03 00:00:00+09:00,1054.3344824645196,1061.7074508733624,1051.5696193112035,1055.256103515625,13600,0.0,0.0
2018-04-04 00:00:00+09:00,1057.0991977668768,1079.2180998997496,1057.0991977668768,1075.5316162109375,10900,0.0,0.0
2018-04-05 00:00:00+09:00,1073.6883911856346,1092.120809918435,1069.0802865024343,1088.434326171875,9400,0.0,0.0
2018-04-06 00:00:00+09:00,1088.4344968179707,1089.3561178991038,1069.0804541141795,1070.0020751953125,7900,0.0,0.0
2018-04-09 00:00:00+09:00,1072.7669240281036,1084.7479979218883,1072.7669240281036,1080.139892578125,6500,0.0,0.0
2018-04-10 00:00:00+09:00,1084.7479584576333,1093.0425477746414,1073.6885060349557,1076.453369140625,12600,0.0,0.0
2018-04-11 00:00:00+09:00,1073.6884568297237,1078.2965617946581,1069.0803518647895,1071.84521484375,5000,0.0,0.0
2018-04-12 00:00:00+09:00,1071.8451226105208,1078.2964690062847,1071.8451226105208,1074.6099853515625,6500,0.0,0.0
2018-04-13 00:00:00+09:00,1075.5317049610371,1085.6695359418181,1073.6884629645315,1083.8262939453125,7700,0.0,0.0
2018-04-16 00:00:00+09:00,1083.826290246212,1098.5722261679293,1080.139806265783,1094.8857421875,12900,0.0,0.0
2018-04-17 00:00:00+09:00,1093.9641547101953,1093.9641547101953,1082.9047024300587,1086.5911865234375,5600,0.0,0.0
2018-04-18 00:00:00+09:00,1085.669516152377,1087.5127581152842,1080.1397902636552,1081.9830322265625,6200,0.0,0.0
2018-04-19 00:00:00+09:00,1080.1397250386692,1100.4153854062893,1079.2181041128683,1098.5721435546875,5800,0.0,0.0
2018-04-20 00:00:00+09:00,1098.5722360570858,1098.5722360570858,1094.8857520434713,1095.807373046875,4300,0.0,0.0
2018-04-23 00:00:00+09:00,1088.4343854073427,1095.807353301719,1088.4343854073427,1093.964111328125,5400,0.0,0.0
2018-04-24 00:00:00+09:00,1093.0425881598528,1103.180419921875,1089.3561038827538,1103.180419921875,4800,0.0,0.0
2018-04-25 00:00:00+09:00,1101.337158203125,1102.2587792560146,1089.3560845155596,1101.337158203125,3800,0.0,0.0
2018-04-26 00:00:00+09:00,1105.9451672262396,1117.9262398711905,1101.337062362797,1115.161376953125,9500,0.0,0.0
2018-04-27 00:00:00+09:00,1115.1613273145747,1115.1613273145747,1100.4153924079358,1110.55322265625,7300,0.0,0.0
2018-04-30 00:00:00+09:00,1110.55322265625,1110.55322265625,1110.55322265625,1110.55322265625,0,0.0,0.0
2018-05-01 00:00:00+09:00,1104.101869109493,1104.101869109493,1092.120797074081,1098.5721435546875,9400,0.0,0.0
2018-05-02 00:00:00+09:00,1105.0235694376627,1105.9451904296875,1103.1803274536132,1105.9451904296875,6800,0.0,0.0
2018-05-03 00:00:00+09:00,1105.9451904296875,1105.9451904296875,1105.9451904296875,1105.9451904296875,0,0.0,0.0
2018-05-04 00:00:00+09:00,1105.9451904296875,1105.9451904296875,1105.9451904296875,1105.9451904296875,0,0.0,0.0
2018-05-07 00:00:00+09:00,1105.02350101626,1133.59375,1105.02350101626,1133.59375,22800,0.0,0.0
2018-05-08 00:00:00+09:00,1110.5531168487573,1135.4368796329204,1110.5531168487573,1134.5152587890625,8800,0.0,0.0
2018-05-09 00:00:00+09:00,1128.064014506204,1133.593740067509,1124.3775307986675,1132.672119140625,6200,0.0,0.0
2018-05-10 00:00:00+09:00,1129.907214128499,1140.9666648377502,1129.907214128499,1140.0450439453125,6700,0.0,0.0
2018-05-11 00:00:00+09:00,1136.3586028481616,1140.0450865556982,1124.3775307986675,1132.672119140625,9300,0.0,0.0
2018-05-14 00:00:00+09:00,1131.7504657998031,1142.8099166056645,1125.299119496384,1140.9666748046875,10100,0.0,0.0
2018-05-15 00:00:00+09:00,1151.1047269307246,1175.0668749693145,1108.7101573239886,1173.2236328125,35600,0.0,0.0
2018-05-16 00:00:00+09:00,1170.458740234375,1172.3019823449804,1168.6154981237696,1170.458740234375,13000,0.0,0.0
2018-05-17 00:00:00+09:00,1170.4586082560702,1170.4586082560702,1156.6342939853294,1169.5369873046875,5900,0.0,0.0
2018-05-18 00:00:00+09:00,1170.4587205953026,1170.4587205953026,1161.2425101969143,1168.615478515625,5400,0.0,0.0
2018-05-21 00:00:00+09:00,1170.4587644546752,1170.4587644546752,1151.104721892826,1161.2425537109375,10600,0.0,0.0
2018-05-22 00:00:00+09:00,1153.8694046239534,1159.3991302052184,1153.8694046239534,1155.712646484375,5800,0.0,0.0
2018-05-23 00:00:00+09:00,1162.1640196936257,1169.5369873046875,1160.3207777908601,1169.5369873046875,11900,0.0,0.0
2018-05-24 00:00:00+09:00,1167.693758577914,1167.693758577914,1155.7126860747467,1159.399169921875,4900,0.0,0.0
2018-05-25 00:00:00+09:00,1156.634250271705,1160.3207339379096,1136.3585901075794,1142.8099365234375,11400,0.0,0.0
2018-05-28 00:00:00+09:00,1163.0858104452311,1163.0858104452311,1146.4966308984688,1151.104736328125,3800,0.0,0.0
2018-05-29 00:00:00+09:00,1147.418001045301,1147.418001045301,1137.28017131719,1139.1234130859375,4700,0.0,0.0
2018-05-30 00:00:00+09:00,1135.4370282775021,1137.280270206524,1110.5532622357061,1114.23974609375,17800,0.0,0.0
2018-05-31 00:00:00+09:00,1115.1614102912285,1115.1614102912285,1106.8668212890625,1106.8668212890625,8900,0.0,0.0
2018-06-01 00:00:00+09:00,1108.7099750416369,1137.2802237750457,1107.7883541147528,1132.672119140625,14900,0.0,0.0
2018-06-04 00:00:00+09:00,1140.9667243988208,1151.1045547448523,1140.0451034582725,1145.5748291015625,9600,0.0,0.0
2018-06-05 00:00:00+09:00,1117.9261717765562,1142.8099365234375,1117.9261717765562,1142.8099365234375,6100,0.0,0.0
2018-06-06 00:00:00+09:00,1151.1045047100604,1151.1045047100604,1133.59370760078,1140.9666748046875,6800,0.0,0.0
2018-06-07 00:00:00+09:00,1142.8099926097973,1159.399169921875,1142.8099926097973,1159.399169921875,7500,0.0,0.0
2018-06-08 00:00:00+09:00,1125.2991557874177,1161.24237206564,1125.2991557874177,1155.712646484375,19300,0.0,0.0
2018-06-11 00:00:00+09:00,1160.3208303799154,1163.085693359375,1152.9478624346896,1163.085693359375,7000,0.0,0.0
2018-06-12 00:00:00+09:00,1157.555908203125,1162.1640129332332,1153.8694244190388,1157.555908203125,3800,0.0,0.0
2018-06-13 00:00:00+09:00,1152.0262316613798,1162.1640625,1152.0262316613798,1162.1640625,3300,0.0,0.0
2018-06-14 00:00:00+09:00,1152.947803473017,1159.3991500951684,1146.4964568508658,1157.555908203125,10500,0.0,0.0
2018-06-15 00:00:00+09:00,1157.55597109375,1158.4775920898437,1148.3397611328126,1152.0262451171875,7100,0.0,0.0
2018-06-18 00:00:00+09:00,1153.869306688185,1153.869306688185,1134.51526879645,1135.4368896484375,13800,0.0,0.0
2018-06-19 00:00:00+09:00,1135.4370647321427,1140.9667906967475,1125.2992337970343,1128.9857177734375,6100,0.0,0.0
2018-06-20 00:00:00+09:00,1140.0450965447155,1140.0450965447155,1129.9072662601627,1133.59375,8100,0.0,0.0
2018-06-21 00:00:00+09:00,1134.5153510376374,1146.496422981983,1130.8288673624543,1131.75048828125,5900,0.0,0.0
2018-06-22 00:00:00+09:00,1127.1423809420678,1142.8099365234375,1127.1423809420678,1142.8099365234375,4100,0.0,0.0
2018-06-25 00:00:00+09:00,1142.810006133781,1142.810006133781,1110.5532720896824,1115.161376953125,10400,0.0,0.0
2018-06-26 00:00:00+09:00,1111.4747414577078,1120.6909499275064,1105.0233955288486,1112.3963623046875,7700,0.0,0.0
2018-06-27 00:00:00+09:00,1121.612668018015,1142.8099493363507,1116.0829424567103,1132.672119140625,6100,0.0,0.0
2018-06-28 00:00:00+09:00,1128.9856847333367,1141.8883782731464,1124.3775798976903,1137.2802734375,8600,0.0,0.0
2018-06-29 00:00:00+09:00,1128.0640214560688,1148.339681972436,1128.0640214560688,1144.6531982421875,7800,0.0,0.0
2018-07-02 00:00:00+09:00,1142.8099116665808,1148.3396370456126,1107.788317599379,1117.9261474609375,16800,0.0,0.0
2018-07-03 00:00:00+09:00,1117.9263617278152,1125.2993303129945,1088.4344873870978,1092.1209716796875,14100,0.0,0.0
2018-07-04 00:00:00+09:00,1091.1992582070707,1103.1803311434658,1090.2776372119633,1094.8857421875,7300,0.0,0.0
2018-07-05 00:00:00+09:00,1094.8857396684223,1094.8857396684223,1070.0019728577763,1071.84521484375,11500,0.0,0.0
2018-07-06 00:00:00+09:00,1073.6886224261784,1093.9642873990333,1073.6886224261784,1087.512939453125,11100,0.0,0.0
2018-07-09 00:00:00+09:00,1093.9641211923927,1106.866815123895,1089.356016216856,1094.8857421875,5900,0.0,0.0
2018-07-10 00:00:00+09:00,1105.9452179939515,1115.161428143901,1085.6695556640625,1085.6695556640625,11100,0.0,0.0
2018-07-11 00:00:00+09:00,1086.591084298595,1097.6505355382753,1082.904600552035,1088.434326171875,7100,0.0,0.0
2018-07-12 00:00:00+09:00,1092.120869354531,1098.5722162621105,1090.2776273809368,1093.964111328125,5600,0.0,0.0
2018-07-13 00:00:00+09:00,1096.729000047122,1111.4749361822094,1096.729000047122,1107.7884521484375,6600,0.0,0.0
2018-07-16 00:00:00+09:00,1107.7884521484375,1107.7884521484375,1107.7884521484375,1107.7884521484375,0,0.0,0.0
2018-07-17 00:00:00+09:00,1107.7884155173626,1128.9856980106233,1107.7884155173626,1127.1424560546875,9500,0.0,0.0
2018-07-18 00:00:00+09:00,1151.1046872644945,1151.1046872644945,1136.358750518112,1146.49658203125,17100,0.0,0.0
2018-07-19 00:00:00+09:00,1144.653339937952,1152.0263083111433,1137.2803715647608,1146.49658203125,9800,0.0,0.0
2018-07-20 00:00:00+09:00,1142.8099066226252,1145.574769299938,1130.8288350209364,1140.0450439453125,21300,0.0,0.0
2018-07-23 00:00:00+09:00,1142.8099892918694,1145.5748521691885,1130.828916823487,1136.358642578125,20000,0.0,0.0
2018-07-24 00:00:00+09:00,1142.8099825499487,1143.731603503618,1124.3775634765625,1124.3775634765625,23700,0.0,0.0
2018-07-25 00:00:00+09:00,1126.2207403968725,1142.8099166056645,1126.2207403968725,1140.9666748046875,4800,0.0,0.0
2018-07-26 00:00:00+09:00,1142.8099365234375,1142.8099365234375,1139.123452857233,1142.8099365234375,21000,0.0,0.0
2018-07-27 00:00:00+09:00,1142.8099166056645,1143.7315375061528,1140.045053904199,1140.9666748046875,23300,0.0,0.0
2018-07-30 00:00:00+09:00,1147.4182519844,1152.9479784999876,1145.5750098125375,1151.104736328125,13900,0.0,0.0
2018-07-31 00:00:00+09:00,1154.791078373252,1154.791078373252,1143.731626704873,1149.2613525390625,14000,0.0,0.0
2018-08-01 00:00:00+09:00,1154.7911376953125,1161.242484833275,1150.1830325967678,1154.7911376953125,44600,0.0,0.0
2018-08-02 00:00:00+09:00,1152.026145688949,1157.555871188256,1137.2802110241305,1142.8099365234375,10400,0.0,0.0
2018-08-03 00:00:00+09:00,1142.8099825499487,1150.1829501793034,1121.6127006155546,1124.3775634765625,9200,0.0,0.0
2018-08-06 00:00:00+09:00,1124.377536631224,1128.0640203578837,1110.55322265625,1110.55322265625,7000,0.0,0.0
2018-08-07 00:00:00+09:00,1113.3181120325307,1124.3775634765625,1113.3181120325307,1124.3775634765625,5800,0.0,0.0
2018-08-08 00:00:00+09:00,1124.377481298509,1138.2017945931627,1124.377481298509,1128.06396484375,8600,0.0,0.0
2018-08-09 00:00:00+09:00,1133.593710172818,1135.436951977977,1127.1423638547615,1129.9072265625,5500,0.0,0.0
2018-08-10 00:00:00+09:00,1125.29902207224,1130.828746996428,1120.69091796875,1120.69091796875,8700,0.0,0.0
2018-08-13 00:00:00+09:00,1117.004716102249,1117.004716102249,1101.337158203125,1101.337158203125,13700,0.0,0.0
2018-08-14 00:00:00+09:00,1102.2586735551074,1114.23974609375,1102.2586735551074,1114.23974609375,5600,0.0,0.0
2018-08-15 00:00:00+09:00,1114.2398774352255,1120.6912249472573,1091.19935060654,1092.1209716796875,8400,0.0,0.0
2018-08-16 00:00:00+09:00,1092.120809918435,1093.042430855075,1080.1397377421147,1088.434326171875,13300,0.0,0.0
2018-08-17 00:00:00+09:00,1105.0235595703125,1105.0235595703125,1092.1208657971813,1105.0235595703125,8400,0.0,0.0
2018-08-20 00:00:00+09:00,1105.945170662041,1110.5532755397994,1101.3370657842825,1104.1019287109375,8200,0.0,0.0
2018-08-21 00:00:00+09:00,1104.102021361794,1108.710126626242,1098.572295044456,1101.337158203125,6300,0.0,0.0
2018-08-22 00:00:00+09:00,1104.1017647358908,1120.6909398320897,1104.1017647358908,1111.4747314453125,9200,0.0,0.0
2018-08-23 00:00:00+09:00,1117.0044845093673,1128.0639348510442,1105.023413305884,1125.299072265625,7100,0.0,0.0
2018-08-24 00:00:00+09:00,1129.90727923599,1129.90727923599,1120.6910697805579,1123.4559326171875,3800,0.0,0.0
2018-08-27 00:00:00+09:00,1125.299184430232,1128.985668244909,1119.769458708216,1124.3775634765625,8700,0.0,0.0
2018-08-28 00:00:00+09:00,1128.9857413837449,1138.2019515174895,1119.76953125,1119.76953125,12400,0.0,0.0
2018-08-29 00:00:00+09:00,1119.7694290399354,1137.280226695704,1119.7694290399354,1121.6126708984375,13400,0.0,0.0
2018-08-30 00:00:00+09:00,1122.5343116716442,1130.8289001815333,1122.5343116716442,1123.4559326171875,9100,0.0,0.0
2018-08-31 00:00:00+09:00,1121.6126410344484,1124.377503748584,1118.8477783203125,1118.8477783203125,32200,0.0,0.0
2018-09-03 00:00:00+09:00,1126.220805383901,1131.750531105917,1119.769458708216,1124.3775634765625,29100,0.0,0.0
2018-09-04 00:00:00+09:00,1135.4370149205943,1135.4370149205943,1124.3775634765625,1124.3775634765625,42800,0.0,0.0
2018-09-05 00:00:00+09:00,1131.7505211270766,1133.593763018163,1123.4559326171875,1123.4559326171875,30400,0.0,0.0
2018-09-06 00:00:00+09:00,1122.5342519434641,1124.3774937364747,1117.9261474609375,1117.9261474609375,22200,0.0,0.0
2018-09-07 00:00:00+09:00,1118.847860843879,1121.6127237619446,1113.318135007748,1115.161376953125,18300,0.0,0.0
2018-09-10 00:00:00+09:00,1127.14236646272,1127.14236646272,1118.8477783203125,1118.8477783203125,45100,0.0,0.0
2018-09-11 00:00:00+09:00,1122.5343347743485,1122.5343347743485,1112.396504164728,1114.23974609375,23500,0.0,0.0
2018-09-12 00:00:00+09:00,1119.7694319728994,1119.7694319728994,1105.9451179979253,1110.55322265625,45100,0.0,0.0
2018-09-13 00:00:00+09:00,1107.788317599379,1121.6126310469588,1107.788317599379,1117.9261474609375,24200,0.0,0.0
2018-09-14 00:00:00+09:00,1120.6910796618852,1128.0640472912398,1119.769458708216,1124.3775634765625,45300,0.0,0.0
2018-09-17 00:00:00+09:00,1124.3775634765625,1124.3775634765625,1124.3775634765625,1124.3775634765625,0,0.0,0.0
2018-09-18 00:00:00+09:00,1124.3775406504064,1135.4369918699188,1124.3775406504064,1133.59375,52800,0.0,0.0
2018-09-19 00:00:00+09:00,1139.123452857233,1143.7315574399886,1137.2802110241305,1142.8099365234375,55500,0.0,0.0
2018-09-20 00:00:00+09:00,1149.2614700523418,1164.0074071179693,1146.4966068525366,1160.3209228515625,81100,0.0,0.0
2018-09-21 00:00:00+09:00,1152.947796625949,1161.242385090884,1145.5748291015625,1145.5748291015625,106600,0.0,0.0
2018-09-24 00:00:00+09:00,1145.5748291015625,1145.5748291015625,1145.5748291015625,1145.5748291015625,0,0.0,0.0
2018-09-25 00:00:00+09:00,1160.3208946448392,1180.5965576171875,1158.477652556444,1180.5965576171875,320700,0.0,0.0
2018-09-26 00:00:00+09:00,1161.0131526587954,1163.810774713395,1147.9575830706644,1159.1480712890625,109500,15.0,0.0
2018-09-27 00:00:00+09:00,1161.9457243034637,1168.473509271461,1152.6203172063254,1161.01318359375,53100,0.0,0.0
2018-09-28 00:00:00+09:00,1165.6758692357446,1166.6084099311333,1148.89013671875,1148.89013671875,18900,0.0,0.0
2018-10-01 00:00:00+09:00,1148.89015436747,1162.8782650131777,1145.1599915286145,1161.01318359375,12600,0.0,0.0
2018-10-02 00:00:00+09:00,1161.0131050776508,1163.8107270175972,1152.6202392578125,1152.6202392578125,14100,0.0,0.0
2018-10-03 00:00:00+09:00,1154.4853313010349,1154.4853313010349,1133.9694368837306,1134.9019775390625,10500,0.0,0.0
2018-10-04 00:00:00+09:00,1135.834534590451,1140.4972379344185,1135.834534590451,1139.564697265625,9200,0.0,0.0
2018-10-05 00:00:00+09:00,1134.9018697471556,1136.766950880676,1132.104248046875,1132.104248046875,10700,0.0,0.0
2018-10-08 00:00:00+09:00,1132.104248046875,1132.104248046875,1132.104248046875,1132.104248046875,0,0.0,0.0
2018-10-09 00:00:00+09:00,1124.6441154060783,1124.6441154060783,1096.6678936298076,1103.1956787109375,16500,0.0,0.0
2018-10-10 00:00:00+09:00,1103.195661078559,1112.521068188268,1091.0726318359375,1091.0726318359375,11600,0.0,0.0
2018-10-11 00:00:00+09:00,1076.1519283465484,1076.1519283465484,1052.8384117012592,1062.163818359375,30200,0.0,0.0
2018-10-12 00:00:00+09:00,1054.7033808026995,1059.3660836356025,1044.4454345703125,1044.4454345703125,26300,0.0,0.0
2018-10-15 00:00:00+09:00,1048.1757923776493,1048.1757923776493,1022.0646516422629,1022.9971923828125,33400,0.0,0.0
2018-10-16 00:00:00+09:00,1023.9296234299464,1026.7272453518863,1009.0089731796012,1012.7391357421875,21400,0.0,0.0
2018-10-17 00:00:00+09:00,1025.7947270004204,1050.973324844976,1025.7947270004204,1039.7828369140625,14700,0.0,0.0
2018-10-18 00:00:00+09:00,1039.7829133720809,1050.9734021258612,1038.8503726425993,1040.7154541015625,14000,0.0,0.0
2018-10-19 00:00:00+09:00,1036.0525694710868,1046.3105157034738,1027.659704371861,1044.4454345703125,12400,0.0,0.0
2018-10-22 00:00:00+09:00,1041.6480256491782,1045.3781886774652,1028.5924550501734,1042.58056640625,15500,0.0,0.0
2018-10-23 00:00:00+09:00,1042.5806085267186,1042.5806085267186,1008.0765991210938,1008.0765991210938,21400,0.0,0.0
2018-10-24 00:00:00+09:00,1016.4694071989659,1029.5249775666591,1008.0765405340203,1022.9971923828125,14500,0.0,0.0
2018-10-25 00:00:00+09:00,1011.8066655018883,1013.6717469129517,983.8304443359375,983.8304443359375,31200,0.0,0.0
2018-10-26 00:00:00+09:00,988.4930845477405,991.2907064851398,973.5724342149445,976.3700561523438,16800,0.0,0.0
2018-10-29 00:00:00+09:00,984.7629073660714,992.2232324218751,976.3700416782924,979.1676635742188,10800,0.0,0.0
2018-10-30 00:00:00+09:00,986.6278954496305,1020.1993550301472,985.6953549057273,1017.4017333984375,25800,0.0,0.0
2018-10-31 00:00:00+09:00,1018.3345964642182,1048.1759033203125,1015.5369739464594,1048.1759033203125,21100,0.0,0.0
2018-11-01 00:00:00+09:00,1029.5248470752456,1030.4573876975965,996.8859252929689,996.8859252929688,25600,0.0,0.0
2018-11-02 00:00:00+09:00,1004.3462881516933,1029.5248859048,1004.3462881516933,1024.8621826171875,14400,0.0,0.0
2018-11-05 00:00:00+09:00,1017.4018254816696,1025.7946911364222,1004.3462566853879,1019.2669067382812,12700,0.0,0.0
2018-11-06 00:00:00+09:00,1019.2670595770013,1023.9297634177012,1013.6718149681614,1021.1321411132812,5500,0.0,0.0
2018-11-07 00:00:00+09:00,1023.9297474152452,1032.3226141973373,1013.6717991260214,1016.4694213867188,8900,0.0,0.0
2018-11-08 00:00:00+09:00,1014.6042210186025,1036.9851964822483,1014.6042210186025,1027.6597900390625,7900,0.0,0.0
2018-11-09 00:00:00+09:00,1027.6599734756442,1038.8504632049617,1027.6599734756442,1031.39013671875,6200,0.0,0.0
2018-11-12 00:00:00+09:00,1030.4575959079737,1040.7155448265146,1028.5925142864207,1031.39013671875,15400,0.0,0.0
2018-11-13 00:00:00+09:00,1025.794706745601,1032.322491243073,1016.469300320641,1020.199462890625,14200,0.0,0.0
2018-11-14 00:00:00+09:00,1012.7392742000214,1027.6599264902611,1012.7392742000214,1021.1321411132812,11900,0.0,0.0
2018-11-15 00:00:00+09:00,1016.4693779482802,1028.5924072265625,1013.6717558071382,1028.5924072265625,4500,0.0,0.0
2018-11-16 00:00:00+09:00,1028.5922540011566,1028.5922540011566,1021.1319294027802,1026.7271728515625,7600,0.0,0.0
2018-11-19 00:00:00+09:00,1022.9972226495612,1023.9297634177012,1018.3345188088613,1021.1321411132812,3100,0.0,0.0
2018-11-20 00:00:00+09:00,1021.1320199870977,1027.659804589755,1021.1320199870977,1024.8621826171875,7200,0.0,0.0
2018-11-21 00:00:00+09:00,1016.4693023072397,1028.592330683381,1012.7391397299655,1027.6597900390625,7200,0.0,0.0
2018-11-22 00:00:00+09:00,1027.659867939919,1036.052734375,1018.334460789829,1036.052734375,7600,0.0,0.0
2018-11-23 00:00:00+09:00,1036.052734375,1036.052734375,1036.052734375,1036.052734375,0,0.0,0.0
2018-11-26 00:00:00+09:00,1032.322509765625,1035.1201317433097,1027.659806469484,1032.322509765625,4800,0.0,0.0
2018-11-27 00:00:00+09:00,1032.322559890072,1058.4336996162888,1032.322559890072,1053.77099609375,21700,0.0,0.0
2018-11-28 00:00:00+09:00,1056.568665141271,1060.298828125,1049.1083391738125,1060.298828125,5800,0.0,0.0
2018-11-29 00:00:00+09:00,1061.2312922947842,1062.1638329734265,1057.5011295802158,1059.3662109375,8300,0.0,0.0
2018-11-30 00:00:00+09:00,1059.366179935516,1063.0963425409227,1056.5685579814608,1057.5010986328125,8900,0.0,0.0
2018-12-03 00:00:00+09:00,1058.4337172086887,1065.89404296875,1057.501176488681,1065.89404296875,7200,0.0,0.0
2018-12-04 00:00:00+09:00,1065.893855815857,1065.893855815857,1050.9732069155477,1054.703369140625,9300,0.0,0.0
2018-12-05 00:00:00+09:00,1036.9853229421071,1060.2988418931436,1035.1202414260242,1050.0408935546875,11700,0.0,0.0
2018-12-06 00:00:00+09:00,1041.6478128705705,1045.3779751368932,1035.1200289045062,1044.4454345703125,10900,0.0,0.0
2018-12-07 00:00:00+09:00,1036.0526380477863,1036.0526380477863,1013.6716629684462,1019.2669067382812,15100,0.0,0.0
2018-12-10 00:00:00+09:00,1008.0766604925318,1018.3346098592458,1007.1441196410124,1015.5369873046875,7600,0.0,0.0
2018-12-11 00:00:00+09:00,1016.4692625124355,1019.2668843358643,994.0882879250058,995.953369140625,11900,0.0,0.0
2018-12-12 00:00:00+09:00,996.886065561837,1018.3345028938503,996.886065561837,1016.4694213867188,6300,0.0,0.0
2018-12-13 00:00:00+09:00,1013.6716763828341,1022.0645421486533,1012.7391357421875,1012.7391357421875,12000,0.0,0.0
2018-12-14 00:00:00+09:00,1010.8741596756761,1013.6717818888006,1004.3463745117188,1004.3463745117188,19900,0.0,0.0
2018-12-17 00:00:00+09:00,1004.3463745117188,1008.0765374625515,1004.3463745117188,1004.3463745117188,17400,0.0,0.0
2018-12-18 00:00:00+09:00,1000.6161645621897,1005.2788680317245,996.8860017865618,997.8185424804688,10600,0.0,0.0
2018-12-19 00:00:00+09:00,985.695634383729,1002.48136893331,985.695634383729,1001.548828125,10500,0.0,0.0
2018-12-20 00:00:00+09:00,1000.6162401631769,1003.4138624562706,981.0328841115211,991.2908325195312,19400,0.0,0.0
2018-12-21 00:00:00+09:00,982.8978950055251,982.8978950055251,918.5525868884652,942.7986450195312,33700,0.0,0.0
2018-12-24 00:00:00+09:00,942.7986450195312,942.7986450195312,942.7986450195312,942.7986450195312,0,0.0,0.0
2018-12-25 00:00:00+09:00,916.6874462736755,922.2826900963022,887.7786865234375,887.7786865234375,31700,0.0,0.0
2018-12-26 00:00:00+09:00,895.2390472600104,928.8105115322606,895.2390472600104,908.2946166992188,17000,0.0,0.0
2018-12-27 00:00:00+09:00,964.2471817680026,1008.0765991210938,952.1241514362966,1008.0765991210938,29800,0.0,0.0
2018-12-28 00:00:00+09:00,996.8861095841343,1009.0091399158404,976.3702120997087,1008.0765991210938,16600,0.0,0.0
2018-12-31 00:00:00+09:00,1008.0765991210938,1008.0765991210938,1008.0765991210938,1008.0765991210938,0,0.0,0.0
2019-01-04 00:00:00+09:00,982.8979795042553,1006.2114989422121,980.1003571717005,981.0328979492188,13200,0.0,0.0
2019-01-07 00:00:00+09:00,993.1558536433012,1007.1439642579955,986.6280686897771,995.0209350585938,18400,0.0,0.0
2019-01-08 00:00:00+09:00,995.0209203987478,1010.8741121951665,993.1558390109338,997.8185424804688,8700,0.0,0.0
2019-01-09 00:00:00+09:00,1001.5487200121178,1001.5487200121178,990.3582315203623,995.0209350585938,6600,0.0,0.0
2019-01-10 00:00:00+09:00,988.4930596918119,996.8859252929689,981.0327347130058,996.8859252929688,7400,0.0,0.0
2019-01-11 00:00:00+09:00,997.8184783300966,997.8184783300966,982.8978281868428,986.6279907226562,4200,0.0,0.0
2019-01-15 00:00:00+09:00,981.965438726737,991.2908465019198,978.235275616664,981.0328979492188,9900,0.0,0.0
2019-01-16 00:00:00+09:00,981.9652801217385,981.9652801217385,957.7192238224362,960.516845703125,17500,0.0,0.0
2019-01-17 00:00:00+09:00,960.516907564676,977.302639929884,960.516907564676,964.2470703125,13400,0.0,0.0
2019-01-18 00:00:00+09:00,964.247027756947,979.167678089743,964.247027756947,976.3700561523438,11600,0.0,0.0
2019-01-21 00:00:00+09:00,981.9652854701451,981.9652854701451,970.7747978864397,979.1676635742188,5500,0.0,0.0
2019-01-22 00:00:00+09:00,970.7747968451242,978.2351218929255,969.8422562141491,975.4375,5600,0.0,0.0
2019-01-23 00:00:00+09:00,969.8422686443237,976.3700531448143,963.3144841438329,965.1795654296875,5600,0.0,0.0
2019-01-24 00:00:00+09:00,964.2471634959446,983.8305198145276,964.2471634959446,977.302734375,6600,0.0,0.0
2019-01-25 00:00:00+09:00,972.6398791503907,989.4256105259487,967.044635358538,979.1676635742188,8100,0.0,0.0
2019-01-28 00:00:00+09:00,976.3700826661579,976.3700826661579,955.854187901444,959.5843505859375,10000,0.0,0.0
2019-01-29 00:00:00+09:00,959.5843505859375,964.2470539415543,955.854187901444,959.5843505859375,5600,0.0,0.0
2019-01-30 00:00:00+09:00,965.1795455842683,965.1795455842683,949.3263549804688,949.3263549804688,14200,0.0,0.0
2019-01-31 00:00:00+09:00,951.1915424192529,964.247112609321,943.7312165963567,944.6637573242188,10900,0.0,0.0
2019-02-01 00:00:00+09:00,962.381925884046,981.0327384011787,956.7866821289062,956.7866821289062,15200,0.0,0.0
2019-02-04 00:00:00+09:00,965.179600711126,997.8185244066713,964.2470600341104,985.6954956054688,12700,0.0,0.0
2019-02-05 00:00:00+09:00,981.9652011928273,1009.0088771990876,976.3699578811872,999.6834716796875,7500,0.0,0.0
2019-02-06 00:00:00+09:00,1007.1438721388272,1010.8740346282303,992.223222181215,996.8859252929688,5400,0.0,0.0
2019-02-07 00:00:00+09:00,986.6281435408681,989.4257658760503,971.7074910865639,988.4932250976562,6200,0.0,0.0
2019-02-08 00:00:00+09:00,975.4374957334647,990.3581457638046,956.78668319554,960.516845703125,8200,0.0,0.0
2019-02-12 00:00:00+09:00,960.5169598394339,1004.3463745117188,960.5169598394339,1004.3463745117188,15100,0.0,0.0
2019-02-13 00:00:00+09:00,1004.3462346109111,1004.3462346109111,971.707313337576,995.953369140625,9900,0.0,0.0
2019-02-14 00:00:00+09:00,995.9534742663332,998.7510963850589,982.8979043789468,987.5606079101562,6200,0.0,0.0
2019-02-15 00:00:00+09:00,964.2470548321409,979.1677055838956,951.1914854243556,963.3145141601562,21300,0.0,0.0
2019-02-18 00:00:00+09:00,963.3145597590957,981.9653740816339,959.584396894588,962.3820190429688,26500,0.0,0.0
2019-02-19 00:00:00+09:00,953.0565152914216,967.0446246156598,941.8660278320312,941.8660278320312,67000,0.0,0.0
2019-02-20 00:00:00+09:00,940.9335006455243,940.9335006455243,925.0803098516949,935.3382568359375,111800,0.0,0.0
2019-02-21 00:00:00+09:00,933.4732705316311,955.854248046875,932.5407298018292,955.854248046875,34800,0.0,0.0
2019-02-22 00:00:00+09:00,947.4613516119463,974.5050319237046,937.2034039074862,957.7192993164062,27100,0.0,0.0
2019-02-25 00:00:00+09:00,956.7866799704921,956.7866799704921,943.7311112379513,949.3263549804688,11300,0.0,0.0
2019-02-26 00:00:00+09:00,949.3264126044786,949.3264126044786,928.8105176366018,934.40576171875,25100,0.0,0.0
2019-02-27 00:00:00+09:00,936.2708768956802,957.7193133185892,935.3383361816407,951.1915283203125,23300,0.0,0.0
2019-02-28 00:00:00+09:00,944.6637447372021,974.505047631171,942.7986633063291,958.65185546875,20100,0.0,0.0
2019-03-01 00:00:00+09:00,957.7192710059818,971.7073810985717,956.7867303331425,967.044677734375,14900,0.0,0.0
2019-03-04 00:00:00+09:00,974.5050031170896,978.2351658084468,952.1240269689459,967.044677734375,13800,0.0,0.0
2019-03-05 00:00:00+09:00,955.8542333224405,963.3145590459327,952.1240704606944,958.65185546875,11100,0.0,0.0
2019-03-06 00:00:00+09:00,955.854187901444,967.9772166260477,952.1240252169506,959.5843505859375,11800,0.0,0.0
2019-03-07 00:00:00+09:00,953.9890767198298,962.3819424974237,952.12399543592,961.4494018554688,12100,0.0,0.0
2019-03-08 00:00:00+09:00,951.1914818687776,960.5168885537656,942.7986158522884,948.3938598632812,19600,0.0,0.0
2019-03-11 00:00:00+09:00,941.8659681211092,959.5842388085359,941.8659681211092,945.5961303710938,8300,0.0,0.0
2019-03-12 00:00:00+09:00,952.1239983914339,972.639892578125,952.1239983914339,972.639892578125,8700,0.0,0.0
2019-03-13 00:00:00+09:00,961.4494613393894,968.9097869365912,953.9891357421875,953.9891357421875,4700,0.0,0.0
2019-03-14 00:00:00+09:00,958.6518081231635,958.6518081231635,943.7311574130754,952.1240234375,7300,0.0,0.0
2019-03-15 00:00:00+09:00,944.663655045889,972.6398738527761,944.663655045889,960.516845703125,16100,0.0,0.0
2019-03-18 00:00:00+09:00,964.2471621008914,974.5051106338796,960.5169989979865,966.1122436523438,10800,0.0,0.0
2019-03-19 00:00:00+09:00,954.9216911764706,960.5169354607077,948.393906178194,951.1915283203125,9100,0.0,0.0
2019-03-20 00:00:00+09:00,953.9890580992333,953.9890580992333,940.9334893666925,949.3263549804688,11400,0.0,0.0
2019-03-22 00:00:00+09:00,948.3938175534739,960.516845703125,944.663655045889,960.516845703125,8700,0.0,0.0
2019-03-25 00:00:00+09:00,949.3264609635288,953.9891646028389,940.9335944127707,944.6637573242188,10900,0.0,0.0
2019-03-26 00:00:00+09:00,955.8541930978455,987.5605760884081,955.8541930978455,981.96533203125,23200,0.0,0.0
2019-03-27 00:00:00+09:00,967.0020989570909,981.9653809525585,959.5204579593571,980.094970703125,9300,3.0,0.0
2019-03-28 00:00:00+09:00,971.6780388320159,973.5484489163894,952.0387329460945,952.9739379882812,7600,0.0,0.0
2019-03-29 00:00:00+09:00,961.3908325314173,965.1316528914618,952.9739867213175,960.4556274414062,6900,0.0,0.0
2019-04-01 00:00:00+09:00,967.0020025593958,986.6413082206602,967.0020025593958,979.15966796875,10400,0.0,0.0
2019-04-02 00:00:00+09:00,981.9653565856232,989.4469973977042,972.613305570522,976.3541259765625,12600,0.0,0.0
2019-04-03 00:00:00+09:00,971.6781127226112,979.1597536290413,961.3908564762698,973.5485229492188,7500,0.0,0.0
2019-04-04 00:00:00+09:00,970.7428224530651,975.41884760939,965.1315922654751,974.483642578125,6000,0.0,0.0
2019-04-05 00:00:00+09:00,972.613220796131,981.9652709960938,970.7428107561384,981.9652709960938,7300,0.0,0.0
2019-04-08 00:00:00+09:00,977.2892574358124,980.0948725289296,966.0667970633438,969.8076171875,5600,0.0,0.0
2019-04-09 00:00:00+09:00,967.9372802970488,968.8724853987851,964.1964598901037,967.0020751953125,3300,0.0,0.0
2019-04-10 00:00:00+09:00,966.0668700935762,967.0020751953125,961.3908445848948,967.0020751953125,2400,0.0,0.0
2019-04-11 00:00:00+09:00,964.1964111328125,967.0020262961476,959.5203858605875,964.1964111328125,3000,0.0,0.0
2019-04-12 00:00:00+09:00,964.1964478014507,964.1964478014507,959.5204223513952,960.4556274414062,4900,0.0,0.0
2019-04-15 00:00:00+09:00,967.0020386795527,978.2244994766074,967.0020386795527,975.4188842773438,13300,0.0,0.0
2019-04-16 00:00:00+09:00,975.418884218543,981.9653196830969,968.872448753989,970.7428588867188,10000,0.0,0.0
2019-04-17 00:00:00+09:00,969.8076902659917,979.1597412810929,967.9372800629715,976.3541259765625,6400,0.0,0.0
2019-04-18 00:00:00+09:00,977.2893190014271,977.2893190014271,961.3908324722172,965.1316528320312,8200,0.0,0.0
2019-04-19 00:00:00+09:00,964.1964477420778,976.3541139114735,958.5852172023567,965.1316528320312,4200,0.0,0.0
2019-04-22 00:00:00+09:00,967.9372435692219,967.9372435692219,958.5851929067173,961.3908081054688,5200,0.0,0.0
2019-04-23 00:00:00+09:00,962.3260496866311,967.0020751953125,953.9092037710046,967.0020751953125,12000,0.0,0.0
2019-04-24 00:00:00+09:00,964.196435546875,976.3541015625,959.52041015625,963.26123046875,18000,0.0,0.0
2019-04-25 00:00:00+09:00,963.2611700204703,979.1596553509053,957.6499399038462,972.6132202148438,10100,0.0,0.0
2019-04-26 00:00:00+09:00,964.1964234221647,977.2892943512727,963.2612183557999,970.7428588867188,8600,0.0,0.0
2019-05-07 00:00:00+09:00,970.7428587679733,971.6780638342237,961.3908081054688,961.3908081054688,10000,0.0,0.0
2019-05-08 00:00:00+09:00,960.455652619925,960.455652619925,938.0107298712608,940.8163452148438,21900,0.0,0.0
2019-05-09 00:00:00+09:00,939.881164855957,944.5571905517578,926.7882929077149,935.2051391601562,24900,0.0,0.0
2019-05-10 00:00:00+09:00,935.2051272973313,940.8163580611152,927.7234862789527,928.65869140625,17600,0.0,0.0
2019-05-13 00:00:00+09:00,932.3994383287478,935.2050534892154,926.7882080078125,926.7882080078125,15100,0.0,0.0
2019-05-14 00:00:00+09:00,927.7234256047396,959.5203978532892,926.7882205386059,952.0387573242188,25200,0.0,0.0
2019-05-15 00:00:00+09:00,952.9739623903525,955.779577588754,935.2050661338102,952.0387573242188,8900,0.0,0.0
2019-05-16 00:00:00+09:00,952.9739625092146,964.19642330422,944.5571169129605,961.3908081054688,13900,0.0,0.0
2019-05-17 00:00:00+09:00,960.4556392508905,979.1597412810929,953.9092035403197,976.3541259765625,12700,0.0,0.0
2019-05-20 00:00:00+09:00,980.094872765715,980.094872765715,967.002002328005,974.483642578125,5700,0.0,0.0
2019-05-21 00:00:00+09:00,972.6132690780801,975.4188842773438,970.7428589452376,975.4188842773438,5300,0.0,0.0
2019-05-22 00:00:00+09:00,981.9653691472233,981.9653691472233,968.8724975585938,968.8724975585938,6500,0.0,0.0
2019-05-23 00:00:00+09:00,963.2612181781907,963.2612181781907,954.844372582459,956.7147827148438,6000,0.0,0.0
2019-05-24 00:00:00+09:00,955.779577824881,971.6780639530836,939.8810916966785,970.7428588867188,11700,0.0,0.0
2019-05-27 00:00:00+09:00,968.8724126223734,981.0300780317275,968.8724126223734,979.15966796875,6000,0.0,0.0
2019-05-28 00:00:00+09:00,980.0949344541236,980.0949344541236,948.2979613897724,951.1035766601562,14200,0.0,0.0
2019-05-29 00:00:00+09:00,951.1035523767138,967.9372435692219,942.6867067804596,961.3908081054688,14800,0.0,0.0
2019-05-30 00:00:00+09:00,954.8442997328254,962.3259396915547,952.9738897431431,959.5203247070312,5400,0.0,0.0
2019-05-31 00:00:00+09:00,963.2612181781907,963.2612181781907,952.0387573838817,956.7147827148438,5400,0.0,0.0
2019-06-03 00:00:00+09:00,968.8724973827,978.2245485157376,965.1316769294849,973.5485229492188,13600,0.0,0.0
2019-06-04 00:00:00+09:00,978.2244998188854,1010.0214720883329,978.2244998188854,1003.4750366210938,17300,0.0,0.0
2019-06-05 00:00:00+09:00,1004.4101929278706,1005.3453979492188,995.9933477357376,1005.3453979492188,13000,0.0,0.0
2019-06-06 00:00:00+09:00,1005.3455433350731,1021.244030997116,1005.3455433350731,1018.4384155273438,10800,0.0,0.0
2019-06-07 00:00:00+09:00,1021.2439331166371,1028.7255736522902,1019.3735229827239,1022.1791381835938,10500,0.0,0.0
2019-06-10 00:00:00+09:00,1024.049560546875,1038.07763671875,1024.049560546875,1038.07763671875,14700,0.0,0.0
2019-06-11 00:00:00+09:00,1038.077564324424,1050.2352294921875,1035.2719492857093,1050.2352294921875,11900,0.0,0.0
2019-06-12 00:00:00+09:00,1050.2352536439682,1050.2352536439682,1042.7536133686772,1044.6240234375,8700,0.0,0.0
2019-06-13 00:00:00+09:00,1044.6241708931395,1044.6241708931395,1026.8552727311255,1034.3369140625,11200,0.0,0.0
2019-06-14 00:00:00+09:00,1035.272021484375,1044.624072265625,1030.59599609375,1033.401611328125,13500,0.0,0.0
2019-06-17 00:00:00+09:00,1033.401611328125,1039.948046875,1023.11435546875,1024.049560546875,12900,0.0,0.0
2019-06-18 00:00:00+09:00,1024.0495104374122,1035.2719708257673,997.86376953125,997.86376953125,10800,0.0,0.0
2019-06-19 00:00:00+09:00,1008.1509301401403,1024.984619140625,1008.1509301401403,1024.984619140625,10800,0.0,0.0
2019-06-20 00:00:00+09:00,1027.7904423984912,1030.5960578008528,1015.632775654924,1019.3735961914062,8500,0.0,0.0
2019-06-21 00:00:00+09:00,1020.3086777091586,1020.3086777091586,995.9933471679688,995.9933471679688,9700,0.0,0.0
2019-06-24 00:00:00+09:00,994.123095428295,1007.2159678045848,974.4837868638601,996.9287109375,8600,0.0,0.0
2019-06-25 00:00:00+09:00,996.9285274293487,1004.4101674100568,985.7060674582867,992.2525024414062,6900,0.0,0.0
2019-06-26 00:00:00+09:00,1000.6694954967046,1004.4103160406175,986.6414184570312,986.6414184570312,8200,0.0,0.0
2019-06-27 00:00:00+09:00,987.5766587885154,1004.4103518360469,987.5766587885154,1001.604736328125,7200,0.0,0.0
2019-06-28 00:00:00+09:00,995.9934205610036,1002.5398561891042,983.8357543945312,983.8357543945312,13100,0.0,0.0
2019-07-01 00:00:00+09:00,993.1878048404233,1021.2439575195312,993.1878048404233,1021.2439575195312,12800,0.0,0.0
2019-07-02 00:00:00+09:00,1021.2437986938588,1025.9198234131532,1019.3733888061412,1020.30859375,8800,0.0,0.0
2019-07-03 00:00:00+09:00,1020.3088013255268,1027.7904423984912,1014.6975705208034,1019.3735961914062,7600,0.0,0.0
2019-07-04 00:00:00+09:00,1024.984765625,1055.8465332031249,1024.049560546875,1033.401611328125,15300,0.0,0.0
2019-07-05 00:00:00+09:00,1033.4016598052842,1045.5593263912288,1033.4016598052842,1040.88330078125,13700,0.0,0.0
2019-07-08 00:00:00+09:00,1040.8833489124527,1056.7818367215377,1036.207323086251,1048.364990234375,12400,0.0,0.0
2019-07-09 00:00:00+09:00,1049.30009765625,1049.30009765625,1034.33681640625,1042.753662109375,9500,0.0,0.0
2019-07-10 00:00:00+09:00,1039.0128173828125,1047.4296628881639,1039.0128173828125,1039.0128173828125,15500,0.0,0.0
2019-07-11 00:00:00+09:00,1039.012938152198,1058.6522466141207,1039.012938152198,1053.041015625,12000,0.0,0.0
2019-07-12 00:00:00+09:00,1054.9113526259453,1058.652173025328,1051.1705322265625,1051.1705322265625,7700,0.0,0.0
2019-07-16 00:00:00+09:00,1051.1705078124999,1064.26337890625,1051.1705078124999,1061.457763671875,10700,0.0,0.0
2019-07-17 00:00:00+09:00,1063.3282728782199,1065.1986832087005,1047.4297850691346,1048.364990234375,15600,0.0,0.0
2019-07-18 00:00:00+09:00,1048.36503169541,1050.235442099862,1011.8920288085938,1011.8920288085938,15800,0.0,0.0
2019-07-19 00:00:00+09:00,1018.4383061475093,1040.8832274951128,1018.4383061475093,1039.0128173828125,10600,0.0,0.0
2019-07-22 00:00:00+09:00,1039.9480222170187,1040.8832272729692,1029.6607666015625,1029.6607666015625,8200,0.0,0.0
2019-07-23 00:00:00+09:00,1029.6607666015625,1045.559252552722,1029.6607666015625,1029.6607666015625,5200,0.0,0.0
2019-07-24 00:00:00+09:00,1033.401635436739,1046.4945068359375,1033.401635436739,1046.4945068359375,7600,0.0,0.0
2019-07-25 00:00:00+09:00,1061.457763671875,1068.939404296875,1050.235302734375,1066.1337890625,15200,0.0,0.0
2019-07-26 00:00:00+09:00,1066.1338628223002,1066.1338628223002,1055.8466062512077,1058.6522216796875,5600,0.0,0.0
2019-07-29 00:00:00+09:00,1058.6522216796875,1066.1338628223002,1053.9761959655546,1058.6522216796875,7600,0.0,0.0
2019-07-30 00:00:00+09:00,1060.5226552274214,1083.9027843109184,1060.5226552274214,1071.7451171875,15300,0.0,0.0
2019-07-31 00:00:00+09:00,1069.8746584605667,1073.6154789446946,1061.457812371279,1064.263427734375,8500,0.0,0.0
2019-08-01 00:00:00+09:00,1064.2635285464823,1065.1987337561013,1039.9481930963868,1041.818603515625,14100,0.0,0.0
2019-08-02 00:00:00+09:00,1038.0776492998127,1043.6888798365685,1004.4102660792784,1007.2158813476562,25100,0.0,0.0
2019-08-05 00:00:00+09:00,1005.3454837672996,1010.021509273194,985.706176642543,990.3822021484375,21900,0.0,0.0
2019-08-06 00:00:00+09:00,980.094946382603,981.0301514841132,965.1316647584412,976.3541259765625,24100,0.0,0.0
2019-08-07 00:00:00+09:00,975.4188349774495,975.4188349774495,967.9371948242188,967.9371948242188,15800,0.0,0.0
2019-08-08 00:00:00+09:00,967.9373163104628,984.771008768036,967.9373163104628,977.2893676757812,11600,0.0,0.0
2019-08-09 00:00:00+09:00,984.7710081850747,1001.6047006326828,984.7710081850747,986.6414184570312,11300,0.0,0.0
2019-08-13 00:00:00+09:00,983.8356343739069,1004.410143838,978.2244045200633,1002.5397338867188,17400,0.0,0.0
2019-08-14 00:00:00+09:00,1011.8919551184417,1024.9848269961296,1011.8919551184417,1019.3735961914062,11700,0.0,0.0
2019-08-15 00:00:00+09:00,999.7341795959759,1007.2158198548794,990.3821292723466,997.86376953125,22000,0.0,0.0
2019-08-16 00:00:00+09:00,997.8639032516622,1008.1511599862155,995.0582877786022,1004.4103393554688,17600,0.0,0.0
2019-08-19 00:00:00+09:00,1011.8918945312499,1028.7255859375,1007.2158691406249,1024.049560546875,13500,0.0,0.0
2019-08-20 00:00:00+09:00,1028.7255374181345,1039.012792792316,1026.8551273501016,1035.27197265625,10900,0.0,0.0
2019-08-21 00:00:00+09:00,1035.2720953942214,1035.2720953942214,1025.9200439453125,1025.9200439453125,10300,0.0,0.0
2019-08-22 00:00:00+09:00,1027.7903808593749,1035.272021484375,1027.7903808593749,1033.401611328125,10400,0.0,0.0
2019-08-23 00:00:00+09:00,1033.4015616914385,1035.2719717578484,1016.56787109375,1016.56787109375,9300,0.0,0.0
2019-08-26 00:00:00+09:00,1002.5397565934229,1002.5397565934229,982.9004516601562,982.9004516601562,21200,0.0,0.0
2019-08-27 00:00:00+09:00,986.6413696058088,1006.2806764889575,986.6413696058088,988.5117797851562,12000,0.0,0.0
2019-08-28 00:00:00+09:00,995.0581421471537,1002.5397823136738,988.5117070014488,995.9933471679688,17400,0.0,0.0
2019-08-29 00:00:00+09:00,995.9934451363304,998.7990604747425,982.9005735570734,987.5765991210938,13600,0.0,0.0
2019-08-30 00:00:00+09:00,992.2525997511196,1022.1791626088349,992.2525997511196,1021.2439575195312,24200,0.0,0.0
2019-09-02 00:00:00+09:00,1017.503210370753,1029.660877406433,1015.6328000575714,1018.4384155273438,29900,0.0,0.0
2019-09-03 00:00:00+09:00,1019.3735836286145,1034.3368655901354,1019.3735836286145,1026.855224609375,20000,0.0,0.0
2019-09-04 00:00:00+09:00,1026.8551018658807,1031.5311269199146,1017.5030517578125,1017.5030517578125,19700,0.0,0.0
2019-09-05 00:00:00+09:00,1024.984765625,1048.364892578125,1024.984765625,1038.07763671875,69600,0.0,0.0
2019-09-06 00:00:00+09:00,1040.8833005628774,1051.1705569026722,1040.8833005628774,1045.559326171875,40000,0.0,0.0
2019-09-09 00:00:00+09:00,1045.559301519943,1059.5873780161855,1043.6888913204439,1055.8465576171875,37900,0.0,0.0
2019-09-10 00:00:00+09:00,1055.8465332031249,1064.26337890625,1054.911328125,1061.457763671875,28600,0.0,0.0
2019-09-11 00:00:00+09:00,1064.263331291506,1091.38427734375,1064.263331291506,1091.38427734375,37200,0.0,0.0
2019-09-12 00:00:00+09:00,1096.0603760392162,1103.5420168312928,1093.2547607421875,1093.2547607421875,52600,0.0,0.0
2019-09-13 00:00:00+09:00,1096.060375526722,1117.5700927938847,1093.2547602310053,1116.6348876953125,65800,0.0,0.0
2019-09-17 00:00:00+09:00,1114.7644773965283,1125.9869385783725,1111.9588621010673,1121.3109130859375,83800,0.0,0.0
2019-09-18 00:00:00+09:00,1121.3108636740433,1121.3108636740433,1089.5138917266559,1095.1251220703125,41300,0.0,0.0
2019-09-19 00:00:00+09:00,1095.1252181356713,1119.4405517578125,1095.1252181356713,1119.4405517578125,57300,0.0,0.0
2019-09-20 00:00:00+09:00,1121.3109861655,1126.9222171221247,1114.764550049438,1123.181396484375,53800,0.0,0.0
2019-09-24 00:00:00+09:00,1122.2460206904614,1130.6628658456398,1121.3108156732192,1125.0516357421875,80600,0.0,0.0
2019-09-25 00:00:00+09:00,1122.246167175752,1122.246167175752,1114.764526061247,1119.4405517578125,55400,0.0,0.0
2019-09-26 00:00:00+09:00,1114.7643786964513,1125.9868388846708,1095.1250733670677,1096.9954833984375,189200,0.0,0.0
2019-09-27 00:00:00+09:00,1081.8384020963886,1090.3642739167628,1067.628615729098,1077.101806640625,105300,15.0,0.0
2019-09-30 00:00:00+09:00,1065.7340087890625,1077.1018382161458,1058.1554558376736,1065.7340087890625,31400,0.0,0.0
2019-10-01 00:00:00+09:00,1065.7338344487125,1083.7328947638464,1065.7338344487125,1081.8382568359375,18900,0.0,0.0
2019-10-02 00:00:00+09:00,1074.25980351256,1087.5222702225917,1071.4178463604103,1086.574951171875,12000,0.0,0.0
2019-10-03 00:00:00+09:00,1070.4706668426868,1070.4706668426868,1056.2608792297308,1058.155517578125,11900,0.0,0.0
2019-10-04 00:00:00+09:00,1057.2081229357216,1057.2081229357216,1031.6305070582443,1048.6822509765625,20300,0.0,0.0
2019-10-07 00:00:00+09:00,1044.8929827325994,1047.7349400745738,1034.4724724786931,1042.051025390625,16400,0.0,0.0
2019-10-08 00:00:00+09:00,1046.7876577591533,1057.2081683793801,1046.7876577591533,1054.3662109375,11200,0.0,0.0
2019-10-09 00:00:00+09:00,1051.5242600058489,1062.89208984375,1044.8930259337399,1062.89208984375,11600,0.0,0.0
2019-10-10 00:00:00+09:00,1062.8919755465247,1062.8919755465247,1048.682189777186,1056.2607421875,10000,0.0,0.0
2019-10-11 00:00:00+09:00,1057.2081298828125,1062.8920445596018,1049.6295769804267,1057.2081298828125,11000,0.0,0.0
2019-10-15 00:00:00+09:00,1062.8921048310303,1066.6813814970947,1060.9974664979982,1064.7867431640625,15200,0.0,0.0
2019-10-16 00:00:00+09:00,1067.628734102274,1095.1009907916846,1067.628734102274,1092.259033203125,23800,0.0,0.0
2019-10-17 00:00:00+09:00,1091.3115622241835,1091.3115622241835,1072.3651809355692,1073.3125,15700,0.0,0.0
2019-10-18 00:00:00+09:00,1077.1018354437324,1102.6794515888344,1077.1018354437324,1096.0482177734375,19500,0.0,0.0
2019-10-21 00:00:00+09:00,1095.1008226283238,1095.1008226283238,1083.7329940197255,1086.574951171875,10500,0.0,0.0
2019-10-23 00:00:00+09:00,1087.5223166433047,1087.5223166433047,1066.6812966379453,1077.101806640625,9600,0.0,0.0
2019-10-24 00:00:00+09:00,1081.8384624897653,1085.6277390659116,1065.7340370411434,1084.680419921875,19100,0.0,0.0
2019-10-25 00:00:00+09:00,1084.680274815366,1084.680274815366,1067.628532503858,1074.259765625,14400,0.0,0.0
2019-10-28 00:00:00+09:00,1070.4705730025562,1080.891083005236,1067.628615729098,1077.101806640625,14000,0.0,0.0
2019-10-29 00:00:00+09:00,1082.7857114830797,1114.0472412109375,1082.7857114830797,1114.0472412109375,23400,0.0,0.0
2019-10-30 00:00:00+09:00,1109.3106678140796,1130.1516880462825,1081.83841387163,1124.4677734375,58700,0.0,0.0
2019-10-31 00:00:00+09:00,1113.0999442199347,1125.4150925389638,1094.1535621906592,1124.4677734375,12000,0.0,0.0
2019-11-01 00:00:00+09:00,1130.151640252416,1179.4122314453125,1130.151640252416,1179.4122314453125,45000,0.0,0.0
2019-11-05 00:00:00+09:00,1176.5702362060547,1179.4121932983398,1159.5184936523438,1167.0970458984375,22300,0.0,0.0
2019-11-06 00:00:00+09:00,1159.5185999428354,1165.2025146484375,1150.0454087668318,1165.2025146484375,17900,0.0,0.0
2019-11-07 00:00:00+09:00,1164.2552340009297,1164.2552340009297,1148.1508084695904,1162.360595703125,15000,0.0,0.0
2019-11-08 00:00:00+09:00,1167.0971154093056,1168.9917535836714,1147.203414578465,1152.8873291015625,13400,0.0,0.0
2019-11-11 00:00:00+09:00,1152.8872908795468,1159.5185242699795,1152.8872908795468,1155.729248046875,8700,0.0,0.0
2019-11-12 00:00:00+09:00,1159.5185849068607,1165.2024995387571,1154.7819893802805,1163.307861328125,8800,0.0,0.0
2019-11-13 00:00:00+09:00,1162.3605199733913,1162.3605199733913,1150.9926909271967,1152.8873291015625,4700,0.0,0.0
2019-11-14 00:00:00+09:00,1150.992899543027,1153.8348573196765,1132.9938336242474,1140.5723876953125,10300,0.0,0.0
2019-11-15 00:00:00+09:00,1141.5196270343724,1163.3079684632442,1141.5196270343724,1161.413330078125,12200,0.0,0.0
2019-11-18 00:00:00+09:00,1161.4132008862084,1161.4132008862084,1148.150733665648,1152.8873291015625,9200,0.0,0.0
2019-11-19 00:00:00+09:00,1151.9399186117937,1156.676513671875,1143.4140475036472,1156.676513671875,9300,0.0,0.0
2019-11-20 00:00:00+09:00,1152.887427596921,1159.5186617737315,1142.4669167476472,1157.6240234375,7000,0.0,0.0
2019-11-21 00:00:00+09:00,1156.6764531830056,1165.2023238452882,1146.2559445957713,1164.2550048828125,7700,0.0,0.0
2019-11-22 00:00:00+09:00,1165.2025465190115,1168.9918230930573,1148.1508019358066,1153.834716796875,15800,0.0,0.0
2019-11-25 00:00:00+09:00,1157.6239933709205,1158.5713125144318,1149.098121079318,1153.834716796875,3800,0.0,0.0
2019-11-26 00:00:00+09:00,1160.4660285974885,1165.2026246325804,1148.15087890625,1148.15087890625,8800,0.0,0.0
2019-11-27 00:00:00+09:00,1146.2560731498756,1158.5712210432214,1141.5194778062812,1142.466796875,7200,0.0,0.0
2019-11-28 00:00:00+09:00,1146.2560272216797,1146.2560272216797,1133.9408798217773,1136.7828369140625,9300,0.0,0.0
2019-11-29 00:00:00+09:00,1136.7830362751256,1136.7830362751256,1128.2571635030622,1131.09912109375,5100,0.0,0.0
2019-12-02 00:00:00+09:00,1131.0989607808583,1135.835556094011,1129.2043226555973,1133.94091796875,6300,0.0,0.0
2019-12-03 00:00:00+09:00,1120.678558841411,1128.2571120711077,1114.047324765426,1116.8892822265625,7300,0.0,0.0
2019-12-04 00:00:00+09:00,1113.0998385263351,1127.3096236990118,1113.0998385263351,1126.3623046875,9000,0.0,0.0
2019-12-05 00:00:00+09:00,1127.3097307418914,1131.0990071477463,1124.4677734375,1124.4677734375,6600,0.0,0.0
2019-12-06 00:00:00+09:00,1122.5732248797826,1135.835693359375,1122.5732248797826,1135.835693359375,8000,0.0,0.0
2019-12-09 00:00:00+09:00,1138.6775436973094,1143.4141391369822,1132.9936291697022,1137.730224609375,6100,0.0,0.0
2019-12-10 00:00:00+09:00,1137.7302174408164,1144.3614510145765,1129.204345703125,1129.204345703125,6900,0.0,0.0
2019-12-11 00:00:00+09:00,1130.1517590207045,1130.1517590207045,1108.3634183187125,1110.258056640625,18400,0.0,0.0
2019-12-12 00:00:00+09:00,1118.7838358015022,1135.835579276885,1118.7838358015022,1129.204345703125,7000,0.0,0.0
2019-12-13 00:00:00+09:00,1144.3614653279958,1152.887337172327,1135.8355934836648,1146.256103515625,26100,0.0,0.0
2019-12-16 00:00:00+09:00,1146.2562404922132,1150.0455173202868,1146.2562404922132,1148.15087890625,8300,0.0,0.0
2019-12-17 00:00:00+09:00,1155.729225127551,1160.4658203125,1149.0979918686226,1160.4658203125,12600,0.0,0.0
2019-12-18 00:00:00+09:00,1158.5714536140924,1158.5714536140924,1136.7831106597798,1140.5723876953125,6600,0.0,0.0
2019-12-19 00:00:00+09:00,1137.730224609375,1144.3614582249168,1135.8355864335058,1137.730224609375,4900,0.0,0.0
2019-12-20 00:00:00+09:00,1137.7302454845913,1163.307861328125,1137.7302454845913,1163.307861328125,20500,0.0,0.0
2019-12-23 00:00:00+09:00,1163.3079471289866,1165.2025854793596,1147.2035211508166,1150.9927978515625,9900,0.0,0.0
2019-12-24 00:00:00+09:00,1147.203353894457,1148.1506729315292,1142.4667587090958,1145.3087158203125,2900,0.0,0.0
2019-12-25 00:00:00+09:00,1140.5722892449437,1141.5196084220574,1129.2044591195788,1135.835693359375,4900,0.0,0.0
2019-12-26 00:00:00+09:00,1134.888236527785,1149.0980224609375,1131.098960278944,1149.0980224609375,10600,0.0,0.0
2019-12-27 00:00:00+09:00,1149.098121079318,1153.834716796875,1146.2561636487837,1153.834716796875,4600,0.0,0.0
2019-12-30 00:00:00+09:00,1151.940056700497,1151.940056700497,1140.5722271935842,1143.4141845703125,4200,0.0,0.0
2020-01-06 00:00:00+09:00,1127.3097692953575,1129.2044075630806,1121.6258544921875,1121.6258544921875,7900,0.0,0.0
2020-01-07 00:00:00+09:00,1128.2571755588644,1150.992836527305,1126.3625371448277,1148.15087890625,8400,0.0,0.0
2020-01-08 00:00:00+09:00,1133.9409644521377,1143.4141554667754,1124.4677734375,1124.4677734375,8500,0.0,0.0
2020-01-09 00:00:00+09:00,1131.0990060249767,1145.3087925328282,1131.0990060249767,1139.6248779296875,4900,0.0,0.0
2020-01-10 00:00:00+09:00,1134.8883741822613,1139.62497006783,1132.04641665092,1135.835693359375,2500,0.0,0.0
2020-01-14 00:00:00+09:00,1135.8357170782297,1135.8357170782297,1131.09912109375,1131.09912109375,3500,0.0,0.0
2020-01-15 00:00:00+09:00,1131.0989227294922,1136.7828369140625,1123.5203704833984,1136.7828369140625,5600,0.0,0.0
2020-01-16 00:00:00+09:00,1139.62497006783,1140.5722892449437,1134.8883741822613,1135.835693359375,8700,0.0,0.0
2020-01-17 00:00:00+09:00,1141.5195478540224,1141.5195478540224,1128.257080078125,1128.257080078125,6000,0.0,0.0
2020-01-20 00:00:00+09:00,1125.4150994852635,1135.8356096656826,1125.4150994852635,1132.99365234375,6700,0.0,0.0
2020-01-21 00:00:00+09:00,1128.257139942465,1140.5722892449437,1128.257139942465,1135.835693359375,3400,0.0,0.0
2020-01-22 00:00:00+09:00,1135.835631565704,1148.1507801981927,1135.835631565704,1143.4141845703125,5400,0.0,0.0
2020-01-23 00:00:00+09:00,1140.5721360976727,1146.2560503971627,1132.0462646484375,1132.0462646484375,4400,0.0,0.0
2020-01-24 00:00:00+09:00,1132.0463952472314,1132.0463952472314,1125.4151611328125,1125.4151611328125,5500,0.0,0.0
2020-01-27 00:00:00+09:00,1118.783837469693,1126.362390136719,1098.89013671875,1098.89013671875,8700,0.0,0.0
2020-01-28 00:00:00+09:00,1094.153541301859,1108.3633275525324,1076.1544787176724,1098.89013671875,13100,0.0,0.0
2020-01-29 00:00:00+09:00,1098.8902137267114,1103.6268094755335,1092.2589796783607,1093.206298828125,6500,0.0,0.0
2020-01-30 00:00:00+09:00,1089.4169467312472,1089.4169467312472,1073.3125223013071,1083.7330322265625,6600,0.0,0.0
2020-01-31 00:00:00+09:00,1094.153594575739,1109.3107006477837,1094.153594575739,1097.94287109375,4600,0.0,0.0
2020-02-03 00:00:00+09:00,1055.3134228127071,1074.259803832684,1053.4187847107096,1071.4178466796875,7900,0.0,0.0
2020-02-04 00:00:00+09:00,1072.3652545971743,1099.8375093527557,1072.3652545971743,1097.94287109375,8500,0.0,0.0
2020-02-05 00:00:00+09:00,1097.9428926908054,1111.2053607647235,1097.9428926908054,1108.3634033203125,6200,0.0,0.0
2020-02-06 00:00:00+09:00,1124.4677803779525,1134.8882905583716,1120.6785039487092,1132.99365234375,11900,0.0,0.0
2020-02-07 00:00:00+09:00,1132.993606798188,1132.993606798188,1120.6784588982077,1127.3096923828125,5900,0.0,0.0
2020-02-10 00:00:00+09:00,1116.8891142628077,1124.4676663528014,1110.2578811840633,1111.2052001953125,3700,0.0,0.0
2020-02-12 00:00:00+09:00,1108.3633275525324,1109.3106466359106,1098.89013671875,1098.89013671875,4000,0.0,0.0
2020-02-13 00:00:00+09:00,1094.1535726407678,1096.0482108617907,1086.575019756676,1087.5223388671875,5500,0.0,0.0
2020-02-14 00:00:00+09:00,1087.522170619664,1088.4694895836185,1072.3650671963935,1081.8382568359375,10300,0.0,0.0
2020-02-17 00:00:00+09:00,1081.8385096881884,1081.8385096881884,1067.6287219076955,1075.207275390625,9800,0.0,0.0
2020-02-18 00:00:00+09:00,1071.4178083552872,1077.1017224579678,1058.155342115699,1059.1026611328125,9800,0.0,0.0
2020-02-19 00:00:00+09:00,1065.7339632990534,1076.154473162422,1060.050048828125,1060.050048828125,8700,0.0,0.0
2020-02-20 00:00:00+09:00,1070.4706430690173,1073.3126005284926,1062.89208984375,1062.89208984375,10000,0.0,0.0
2020-02-21 00:00:00+09:00,1062.8920123760515,1086.5749894789049,1062.8920123760515,1083.7330322265625,6400,0.0,0.0
2020-02-25 00:00:00+09:00,1040.1564341133887,1061.9447747186782,1032.577880859375,1032.577880859375,21000,0.0,0.0
2020-02-26 00:00:00+09:00,1029.7359828149904,1054.366282311945,1029.7359828149904,1040.156494140625,16500,0.0,0.0
2020-02-27 00:00:00+09:00,1036.367221711512,1049.62969072793,1014.5788797559684,1017.4208374023438,16400,0.0,0.0
2020-02-28 00:00:00+09:00,988.053796170026,1021.2099638267382,960.58154296875,960.58154296875,21200,0.0,0.0
2020-03-02 00:00:00+09:00,954.8976779513889,997.5270385742188,954.8976779513889,997.5270385742188,24300,0.0,0.0
2020-03-03 00:00:00+09:00,1008.8948641087226,1022.1573318059264,958.6869506835938,958.6869506835938,20900,0.0,0.0
2020-03-04 00:00:00+09:00,958.6869807205801,982.3699594933217,958.6869807205801,962.4762573242188,16800,0.0,0.0
2020-03-05 00:00:00+09:00,963.4235764751284,983.3172786442314,962.4762573242188,962.4762573242188,13500,0.0,0.0
2020-03-06 00:00:00+09:00,951.1084390862944,958.6869923857868,933.109375,933.109375,27400,0.0,0.0
2020-03-09 00:00:00+09:00,927.4254171481307,934.0566509786076,904.6897583007812,904.6897583007812,19800,0.0,0.0
2020-03-10 00:00:00+09:00,894.2692090440428,930.267333984375,876.2701465738767,930.267333984375,19500,0.0,0.0
2020-03-11 00:00:00+09:00,916.0575341407289,945.424425100773,890.4799194335938,890.4799194335938,18800,0.0,0.0
2020-03-12 00:00:00+09:00,882.9013761293875,892.3745668603895,853.5344848632812,853.5344848632812,27600,0.0,0.0
2020-03-13 00:00:00+09:00,828.9041826801915,840.2720114712341,797.6426535048242,822.27294921875,33600,0.0,0.0
2020-03-16 00:00:00+09:00,822.272964796168,850.6925373121646,803.326583118837,816.5890502929688,28100,0.0,0.0
2020-03-17 00:00:00+09:00,800.4846406866003,834.5881283371536,787.2221732669407,818.4837036132812,32000,0.0,0.0
2020-03-18 00:00:00+09:00,819.4310378147328,838.3774201919521,814.694442220428,820.3783569335938,22800,0.0,0.0
2020-03-19 00:00:00+09:00,833.6407470703125,834.5880661010742,802.3792190551758,803.3265380859375,34200,0.0,0.0
2020-03-23 00:00:00+09:00,817.5364211461971,830.7988891601562,801.4319957006753,830.7988891601562,27800,0.0,0.0
2020-03-24 00:00:00+09:00,849.7452494196867,904.6897583007812,849.7452494196867,904.6897583007812,15900,0.0,0.0
2020-03-25 00:00:00+09:00,939.740532410351,942.5824896656243,907.5316835172544,931.2146606445312,17800,0.0,0.0
2020-03-26 00:00:00+09:00,931.2146293183422,965.318115234375,899.9531005619787,965.318115234375,24800,0.0,0.0
2020-03-27 00:00:00+09:00,983.3171539306641,1007.9474487304688,966.2654113769531,1007.9474487304688,44400,0.0,0.0
2020-03-30 00:00:00+09:00,982.2491455078125,983.200937315475,941.3220977783203,982.2491455078125,20600,5.0,0.0
2020-03-31 00:00:00+09:00,982.2491234469127,982.2491234469127,941.3220766366246,947.984619140625,11800,0.0,0.0
2020-04-01 00:00:00+09:00,947.032822679026,950.8399898053739,890.8771075653954,893.7324829101562,17000,0.0,0.0
2020-04-02 00:00:00+09:00,888.0217151641846,892.7806739807129,868.9858798980713,883.2627563476562,9200,0.0,0.0
2020-04-03 00:00:00+09:00,878.5037975311279,891.8288822174072,844.239294052124,852.805419921875,11400,0.0,0.0
2020-04-06 00:00:00+09:00,852.8054755287419,888.0217730673172,851.8536837033749,877.5520629882812,12300,0.0,0.0
2020-04-07 00:00:00+09:00,891.8288841706155,912.7683030091999,860.419755912739,870.8894653320312,18800,0.0,0.0
2020-04-08 00:00:00+09:00,870.889497644761,923.2380466835172,869.9377058440564,922.2862548828125,10300,0.0,0.0
2020-04-09 00:00:00+09:00,929.9006251547722,939.4185435289255,916.5755394309576,930.8524169921875,7600,0.0,0.0
2020-04-10 00:00:00+09:00,933.707751771553,947.0328369140625,923.2380420167242,947.0328369140625,7000,0.0,0.0
2020-04-13 00:00:00+09:00,950.8400233519401,957.5025660581099,945.1292724609375,945.1292724609375,5400,0.0,0.0
2020-04-14 00:00:00+09:00,946.0810642761046,946.0810642761046,933.7077706789322,945.1292724609375,8700,0.0,0.0
2020-04-15 00:00:00+09:00,947.0328429063804,947.0328429063804,931.8041740757251,940.3703002929688,10500,0.0,0.0
2020-04-16 00:00:00+09:00,940.3702911376953,989.8634643554688,940.3702911376953,989.8634643554688,12600,0.0,0.0
2020-04-17 00:00:00+09:00,1001.2849524456522,1001.2849524456522,980.3455332880435,985.1044921875,8600,0.0,0.0
2020-04-20 00:00:00+09:00,985.1044477654632,985.1044477654632,956.5506956563194,965.1168212890625,4600,0.0,0.0
2020-04-21 00:00:00+09:00,954.6471479458776,973.6829833984375,954.6471479458776,973.6829833984375,6400,0.0,0.0
2020-04-22 00:00:00+09:00,961.3097078547981,969.8758339643954,953.6953735351562,953.6953735351562,6900,0.0,0.0
2020-04-23 00:00:00+09:00,955.5989833424685,967.9722769514846,954.6471915263903,963.2133178710938,6100,0.0,0.0
2020-04-24 00:00:00+09:00,963.213289187577,971.7794152771897,954.647163097964,966.0686645507812,9400,0.0,0.0
2020-04-27 00:00:00+09:00,968.9241110217889,1001.2850341796875,968.9241110217889,1001.2850341796875,7600,0.0,0.0
2020-04-28 00:00:00+09:00,1006.9957143234731,1007.947506113949,994.6224210472867,1002.2367553710938,6600,0.0,0.0
2020-04-30 00:00:00+09:00,1021.2724883272377,1030.7904052734375,1009.850987991798,1030.7904052734375,7300,0.0,0.0
2020-05-01 00:00:00+09:00,1022.2245036799734,1022.2245036799734,1005.0922494283536,1014.6101684570312,7000,0.0,0.0
2020-05-07 00:00:00+09:00,1010.8028972132925,1010.8028972132925,994.6224365234375,994.6224365234375,5200,0.0,0.0
2020-05-08 00:00:00+09:00,1006.9957625993336,1006.9957625993336,995.5742605660708,997.4778442382812,8400,0.0,0.0
2020-05-11 00:00:00+09:00,1008.8992539025787,1012.7064208984375,994.6223776681082,1012.7064208984375,9400,0.0,0.0
2020-05-12 00:00:00+09:00,1017.4653469305011,1017.4653469305011,1008.8992214652303,1009.8510131835938,4900,0.0,0.0
2020-05-13 00:00:00+09:00,1008.8992214652303,1015.5617634937743,1005.0920545917766,1009.8510131835938,5400,0.0,0.0
2020-05-14 00:00:00+09:00,1002.2367054973232,1004.1402889835479,981.2972871488511,988.91162109375,10500,0.0,0.0
2020-05-15 00:00:00+09:00,995.5741863305594,995.5741863305594,981.2973098535438,992.7188110351562,5700,0.0,0.0
2020-05-18 00:00:00+09:00,992.7188259078279,1015.5618286132812,992.7188259078279,1015.5618286132812,5400,0.0,0.0
2020-05-19 00:00:00+09:00,1044.115556568018,1044.115556568018,1008.8992615880576,1024.1279296875,12100,0.0,0.0
2020-05-20 00:00:00+09:00,1024.128071079929,1024.128071079929,1002.2368576646517,1022.2244873046875,13200,0.0,0.0
2020-05-21 00:00:00+09:00,1023.1763044406567,1031.742431640625,1017.4655529740112,1031.742431640625,7100,0.0,0.0
2020-05-22 00:00:00+09:00,1027.935087156163,1031.7422541456303,1018.4171696824948,1025.0797119140625,4500,0.0,0.0
2020-05-25 00:00:00+09:00,1025.079721443715,1027.9350967123605,1023.1761379312849,1024.1279296875,3100,0.0,0.0
2020-05-26 00:00:00+09:00,1027.9351062863373,1032.694065111737,1023.1761474609375,1023.1761474609375,12400,0.0,0.0
2020-05-27 00:00:00+09:00,1025.0797290802002,1038.4048137664795,1019.3689785003662,1035.5494384765625,15800,0.0,0.0
2020-05-28 00:00:00+09:00,1042.2119411278634,1053.6334418525523,1034.597607311404,1051.7298583984375,15400,0.0,0.0
2020-05-29 00:00:00+09:00,1045.0674426163996,1047.9228181426738,990.8153076171875,990.8153076171875,18000,0.0,0.0
2020-06-01 00:00:00+09:00,1018.4171237356758,1021.2724988489534,1005.0920398737137,1017.46533203125,7500,0.0,0.0
2020-06-02 00:00:00+09:00,1018.4171828497024,1018.4171828497024,997.4777641369049,999.38134765625,24600,0.0,0.0
2020-06-03 00:00:00+09:00,987.0080757472826,994.6224099864131,981.2973250679348,985.1044921875,23500,0.0,0.0
2020-06-04 00:00:00+09:00,997.4777794543246,997.4777794543246,981.2973192914205,991.7670288085938,20100,0.0,0.0
2020-06-05 00:00:00+09:00,1000.333189853402,1002.2367734687273,982.2491455078125,982.2491455078125,12000,0.0,0.0
2020-06-08 00:00:00+09:00,989.8634510869565,996.5259935461957,979.3937415081522,985.1044921875,17300,0.0,0.0
2020-06-09 00:00:00+09:00,983.200895320559,986.0562706215867,973.6829776504665,980.3455200195312,17300,0.0,0.0
2020-06-10 00:00:00+09:00,979.3937761409109,984.1527352086509,968.9240661918826,975.5866088867188,16900,0.0,0.0
2020-06-11 00:00:00+09:00,975.586604309082,975.586604309082,950.8400172729491,951.7918090820312,20300,0.0,0.0
2020-06-12 00:00:00+09:00,936.5631401367187,957.5025599365234,932.7559729003906,951.7918090820312,15000,0.0,0.0
2020-06-15 00:00:00+09:00,961.3097041486258,963.2132877211973,947.0328273543392,947.984619140625,8200,0.0,0.0
2020-06-16 00:00:00+09:00,956.5507751585467,965.1169015032501,955.5989833424685,963.2133178710938,19000,0.0,0.0
2020-06-17 00:00:00+09:00,963.2133047185328,971.7794309462668,950.8400112784725,958.454345703125,15400,0.0,0.0
2020-06-18 00:00:00+09:00,958.4543324849325,958.4543324849325,948.93641458538,953.6953735351562,9700,0.0,0.0
2020-06-19 00:00:00+09:00,952.7436201137627,955.5989955986191,949.8882446289062,949.8882446289062,12600,0.0,0.0
2020-06-22 00:00:00+09:00,951.7918090820312,959.4061435546874,951.7918090820312,951.7918090820312,9100,0.0,0.0
2020-06-23 00:00:00+09:00,956.5507681274414,956.5507681274414,950.8400172729491,951.7918090820312,11900,0.0,0.0
2020-06-24 00:00:00+09:00,951.7918282854772,954.6472037703337,949.8882446289062,949.8882446289062,6300,0.0,0.0
2020-06-25 00:00:00+09:00,951.7918282854772,953.6954119420482,949.8882446289062,949.8882446289062,8000,0.0,0.0
2020-06-26 00:00:00+09:00,953.6953771682013,959.4061279296875,951.7917935810392,959.4061279296875,13800,0.0,0.0
2020-06-29 00:00:00+09:00,951.7918090820312,955.5989763183593,949.8882254638671,951.7918090820312,17600,0.0,0.0
2020-06-30 00:00:00+09:00,961.3097261045807,961.3097261045807,933.707763671875,933.707763671875,29000,0.0,0.0
2020-07-01 00:00:00+09:00,946.0810731297775,948.9364486020002,926.0934448242188,926.0934448242188,22000,0.0,0.0
2020-07-02 00:00:00+09:00,935.6113462071409,942.2738888556149,915.6237182617188,915.6237182617188,23800,0.0,0.0
2020-07-03 00:00:00+09:00,918.4791033027324,927.0452296547785,912.7683524013682,914.6719360351562,15500,0.0,0.0
2020-07-06 00:00:00+09:00,921.3343911932541,935.6112670898438,921.3343911932541,935.6112670898438,13000,0.0,0.0
2020-07-07 00:00:00+09:00,951.7917958935301,952.7435876894236,944.1774615263819,947.0328369140625,14900,0.0,0.0
2020-07-08 00:00:00+09:00,947.0327678071155,951.7917264393121,935.6112670898438,935.6112670898438,12700,0.0,0.0
2020-07-09 00:00:00+09:00,941.3220245266258,941.3220245266258,916.575439453125,916.575439453125,20800,0.0,0.0
2020-07-10 00:00:00+09:00,918.4790515899658,928.9487609863281,913.7200927734375,913.7200927734375,17200,0.0,0.0
2020-07-13 00:00:00+09:00,926.0934174044048,947.0328369140625,923.2380420167242,947.0328369140625,13400,0.0,0.0
2020-07-14 00:00:00+09:00,947.9845905475788,956.5507163657799,947.0327987900009,950.8399658203125,12500,0.0,0.0
2020-07-15 00:00:00+09:00,954.6471328506241,954.6471328506241,948.9363823051567,950.8399658203125,11000,0.0,0.0
2020-07-16 00:00:00+09:00,950.8400172729491,952.7436008911133,947.9846418457031,951.7918090820312,15600,0.0,0.0
2020-07-17 00:00:00+09:00,950.8399849205821,951.7917766972794,945.1292342603983,948.9364013671875,9100,0.0,0.0
2020-07-20 00:00:00+09:00,953.6953735351562,953.6953735351562,947.9846227954247,953.6953735351562,7200,0.0,0.0
2020-07-21 00:00:00+09:00,952.7436008911133,952.7436008911133,942.2738909912109,951.7918090820312,12400,0.0,0.0
2020-07-22 00:00:00+09:00,952.7436166578724,953.6954084827055,944.177490234375,944.177490234375,8700,0.0,0.0
2020-07-27 00:00:00+09:00,945.129247425559,953.6953735351562,945.129247425559,953.6953735351562,14800,0.0,0.0
2020-07-28 00:00:00+09:00,959.4061435546874,960.3579353637695,949.8882254638671,951.7918090820312,12100,0.0,0.0
2020-07-29 00:00:00+09:00,949.888231536773,951.7918151671072,945.1292724609375,945.1292724609375,5700,0.0,0.0
2020-07-30 00:00:00+09:00,945.1292556793771,947.9846310741789,934.6595458984375,934.6595458984375,14200,0.0,0.0
2020-07-31 00:00:00+09:00,934.6595134793555,939.4184723056251,931.8041381835938,931.8041381835938,14000,0.0,0.0
2020-08-03 00:00:00+09:00,934.6595435674466,947.0328369140625,934.6595435674466,947.0328369140625,9900,0.0,0.0
2020-08-04 00:00:00+09:00,950.8400040976366,952.7435876894236,943.2256697304883,947.0328369140625,11000,0.0,0.0
2020-08-05 00:00:00+09:00,949.8882027131966,953.6953698583396,947.0328273543392,947.984619140625,11600,0.0,0.0
2020-08-06 00:00:00+09:00,948.9363823051567,951.7917575778904,947.0327987900009,950.8399658203125,6100,0.0,0.0
2020-08-07 00:00:00+09:00,950.8400172729491,952.7436008911133,947.9846418457031,951.7918090820312,7400,0.0,0.0
2020-08-11 00:00:00+09:00,951.7918090820312,956.5507681274414,948.9364336547851,951.7918090820312,21800,0.0,0.0
2020-08-12 00:00:00+09:00,951.7917899552457,958.4543324849325,950.8399981652905,953.6953735351562,21600,0.0,0.0
2020-08-13 00:00:00+09:00,956.5507681274414,956.5507681274414,949.8882254638671,951.7918090820312,19000,0.0,0.0
2020-08-14 00:00:00+09:00,950.8399944994824,953.6953698583396,947.984619140625,947.984619140625,27300,0.0,0.0
2020-08-17 00:00:00+09:00,950.8400172729491,951.7918090820312,949.8882254638671,951.7918090820312,14400,0.0,0.0
2020-08-18 00:00:00+09:00,952.7436008911133,954.6471845092773,950.8400172729491,951.7918090820312,15400,0.0,0.0
2020-08-19 00:00:00+09:00,951.7918090820312,954.6471845092773,951.7918090820312,951.7918090820312,11900,0.0,0.0
2020-08-20 00:00:00+09:00,950.8400172729491,952.7436008911133,950.8400172729491,951.7918090820312,14000,0.0,0.0
2020-08-21 00:00:00+09:00,951.7918090820312,952.7436008911133,950.8400172729491,951.7918090820312,17200,0.0,0.0
2020-08-24 00:00:00+09:00,953.6953030069947,958.454261604834,950.839927848291,954.6470947265625,32500,0.0,0.0
2020-08-25 00:00:00+09:00,959.4061567164179,959.4061567164179,955.5989894278607,956.55078125,19500,0.0,0.0
2020-08-26 00:00:00+09:00,956.5507525489444,961.3097115168496,955.5989607553634,959.4061279296875,16700,0.0,0.0
2020-08-27 00:00:00+09:00,961.3097115168496,962.2615033104306,956.5507525489444,959.4061279296875,17600,0.0,0.0
2020-08-28 00:00:00+09:00,954.6471845092773,960.3579353637695,950.8400172729491,951.7918090820312,72000,0.0,0.0
2020-08-31 00:00:00+09:00,956.5507355807657,959.4061109108576,948.9364013671875,948.9364013671875,63800,0.0,0.0
2020-09-01 00:00:00+09:00,951.7917899552457,953.6953735351562,950.8399981652905,953.6953735351562,42300,0.0,0.0
2020-09-02 00:00:00+09:00,954.6471845092773,954.6471845092773,950.8400172729491,951.7918090820312,52200,0.0,0.0
2020-09-03 00:00:00+09:00,955.5989702938803,958.454345703125,954.6471784907988,958.454345703125,46400,0.0,0.0
2020-09-04 00:00:00+09:00,951.791774636448,961.3096923828125,951.791774636448,961.3096923828125,126400,0.0,0.0
2020-09-07 00:00:00+09:00,965.1168443080358,999.38134765625,965.1168443080358,999.38134765625,83800,0.0,0.0
2020-09-08 00:00:00+09:00,986.0563354492188,992.718878256308,985.1045436196346,986.0563354492188,75200,0.0,0.0
2020-09-09 00:00:00+09:00,985.1045017500679,985.1045017500679,979.3937510152849,984.1527099609375,50600,0.0,0.0
2020-09-10 00:00:00+09:00,987.9598999023438,994.6224425799126,986.0563162801812,987.9598999023438,43700,0.0,0.0
2020-09-11 00:00:00+09:00,983.2009661705083,986.0563416772959,979.393798828125,979.393798828125,106600,0.0,0.0
2020-09-14 00:00:00+09:00,985.104527022199,985.104527022199,972.7312334460747,975.5866088867188,69000,0.0,0.0
2020-09-15 00:00:00+09:00,980.3455523392122,983.200927734375,976.5383851456619,983.200927734375,44200,0.0,0.0
2020-09-16 00:00:00+09:00,987.0080889775203,989.8634643554688,980.3455464289739,989.8634643554688,56400,0.0,0.0
2020-09-17 00:00:00+09:00,994.6225072049547,995.5742990778781,987.9599640944908,993.6707153320312,78200,0.0,0.0
2020-09-18 00:00:00+09:00,989.8634606957205,993.6706278522424,983.200918171807,984.1527099609375,190500,0.0,0.0
2020-09-23 00:00:00+09:00,983.200953066349,987.9599121809006,973.6830348372459,974.6348266601562,158700,0.0,0.0
2020-09-24 00:00:00+09:00,970.8276023494387,980.3455200195312,969.8758105824294,980.3455200195312,104600,0.0,0.0
2020-09-25 00:00:00+09:00,975.5865993090772,984.1527255469131,975.5865993090772,976.5383911132812,196800,0.0,0.0
2020-09-28 00:00:00+09:00,974.6347826086957,987.959867527174,973.6829908288043,985.1044921875,356900,0.0,0.0
2020-09-29 00:00:00+09:00,975.4466664827195,977.378244040111,949.3703694579339,957.0966796875,248600,15.0,0.0
2020-09-30 00:00:00+09:00,955.1650557596175,955.1650557596175,938.7466473188557,942.6098022460938,103400,0.0,0.0
2020-10-02 00:00:00+09:00,938.746651345623,942.6098062894322,917.4992991546727,918.465087890625,84500,0.0,0.0
2020-10-05 00:00:00+09:00,931.0203562682157,931.9861450195312,924.2598350090066,931.9861450195312,30000,0.0,0.0
2020-10-06 00:00:00+09:00,934.8834923916176,942.6098022460938,933.917703659808,942.6098022460938,38200,0.0,0.0
2020-10-07 00:00:00+09:00,943.5755888451297,943.5755888451297,937.7808564673704,940.67822265625,19200,0.0,0.0
2020-10-08 00:00:00+09:00,940.6782603599245,949.3703592749546,937.7808940549145,947.4387817382812,23600,0.0,0.0
2020-10-09 00:00:00+09:00,947.4387394541318,947.4387394541318,936.8150634765625,936.8150634765625,16200,0.0,0.0
2020-10-12 00:00:00+09:00,938.7466070259985,940.6781844067104,933.9176635742188,933.9176635742188,17800,0.0,0.0
2020-10-13 00:00:00+09:00,936.8150656115371,938.7466430664062,932.9519107017989,938.7466430664062,15800,0.0,0.0
2020-10-14 00:00:00+09:00,939.7124153563213,951.3018798828125,937.7808379352396,951.3018798828125,23400,0.0,0.0
2020-10-15 00:00:00+09:00,947.4387185210713,950.3360846327566,941.643986297701,945.5071411132812,20100,0.0,0.0
2020-10-16 00:00:00+09:00,945.5071980168269,945.5071980168269,934.8835216346155,941.64404296875,15200,0.0,0.0
2020-10-19 00:00:00+09:00,942.6097814879441,953.2334573038944,941.6439927774032,951.3018798828125,24300,0.0,0.0
2020-10-20 00:00:00+09:00,949.3703255058555,949.3703255058555,943.5755931019539,944.5413818359375,6300,0.0,0.0
2020-10-21 00:00:00+09:00,946.4729384834884,954.1992481853945,943.5755723452737,953.2334594726562,28100,0.0,0.0
2020-10-22 00:00:00+09:00,953.2334739779249,953.2334739779249,938.7466430664062,938.7466430664062,11600,0.0,0.0
2020-10-23 00:00:00+09:00,938.7466430664062,944.5413754310136,932.9519107017989,938.7466430664062,11100,0.0,0.0
2020-10-26 00:00:00+09:00,938.7466473188557,942.6098022460938,936.8150698552366,942.6098022460938,7600,0.0,0.0
2020-10-27 00:00:00+09:00,936.8150719640689,944.5413818359375,932.9519170281346,944.5413818359375,17100,0.0,0.0
2020-10-28 00:00:00+09:00,938.746645196997,940.67822265625,932.9519128192377,940.67822265625,10700,0.0,0.0
2020-10-29 00:00:00+09:00,933.917718197601,956.130859375,931.9861407039141,956.130859375,21200,0.0,0.0
2020-10-30 00:00:00+09:00,955.1650259433774,955.1650259433774,936.8150406118059,943.5755615234375,14200,0.0,0.0
2020-11-02 00:00:00+09:00,945.5071603972073,964.8229348690603,945.5071603972073,962.891357421875,33000,0.0,0.0
2020-11-04 00:00:00+09:00,962.8913345640874,969.65185546875,957.096602360091,969.65185546875,26100,0.0,0.0
2020-11-05 00:00:00+09:00,965.7886736205934,972.5491943359375,961.9255189261111,972.5491943359375,29100,0.0,0.0
2020-11-06 00:00:00+09:00,965.7887531571598,972.54927442926,959.9940206382169,961.9255981445312,30900,0.0,0.0
2020-11-09 00:00:00+09:00,968.6860919146686,969.651880640406,963.8571482859813,964.8229370117188,18100,0.0,0.0
2020-11-10 00:00:00+09:00,967.7202967156817,968.6860854349587,946.4729448915848,959.0281982421875,43500,0.0,0.0
2020-11-11 00:00:00+09:00,959.028204657294,964.8229370117188,956.1308384800817,964.8229370117188,27600,0.0,0.0
2020-11-12 00:00:00+09:00,963.8571100542623,963.8571100542623,954.199223179971,958.0623779296875,11100,0.0,0.0
2020-11-13 00:00:00+09:00,956.1308909088042,960.959834802283,946.4730031218467,957.0966796875,18800,0.0,0.0
2020-11-16 00:00:00+09:00,957.096595840607,969.6518488637431,954.1992297583448,963.8571166992188,31600,0.0,0.0
2020-11-17 00:00:00+09:00,966.7545123162456,966.7545123162456,952.2676814623559,962.891357421875,21400,0.0,0.0
2020-11-18 00:00:00+09:00,959.0282003891527,963.8571439963489,955.1650455033958,960.9597778320312,13000,0.0,0.0
2020-11-19 00:00:00+09:00,960.9597988786369,960.9597988786369,952.2677001953125,952.2677001953125,16900,0.0,0.0
2020-11-20 00:00:00+09:00,950.3361310440769,960.9598073057485,948.4045535419548,959.9940185546875,13000,0.0,0.0
2020-11-24 00:00:00+09:00,964.8229391458152,971.583460240931,961.9255729621941,966.7545166015625,28000,0.0,0.0
2020-11-25 00:00:00+09:00,969.6518741542359,969.6518741542359,957.0966208036333,959.0281982421875,27200,0.0,0.0
2020-11-26 00:00:00+09:00,959.0282256155302,959.0282256155302,955.1650706281565,956.130859375,11000,0.0,0.0
2020-11-27 00:00:00+09:00,956.1308656255883,962.8913868976883,953.2334993661168,961.9255981445312,20400,0.0,0.0
2020-11-30 00:00:00+09:00,963.8570987988877,963.8570987988877,948.4044799804688,948.4044799804688,19100,0.0,0.0
2020-12-01 00:00:00+09:00,951.301852701164,962.8913168965081,947.4386979693826,954.19921875,20700,0.0,0.0
2020-12-02 00:00:00+09:00,959.9940143623737,961.9255918560606,952.2677043876262,956.130859375,26900,0.0,0.0
2020-12-03 00:00:00+09:00,956.1308071465196,963.8571166992188,955.1650184524323,963.8571166992188,12000,0.0,0.0
2020-12-04 00:00:00+09:00,961.9256235809788,962.8914123596745,952.2677357940212,957.0966796875,11400,0.0,0.0
2020-12-07 00:00:00+09:00,963.8571331198445,963.8571331198445,949.3703024617307,951.3018798828125,23500,0.0,0.0
2020-12-08 00:00:00+09:00,951.301877709638,955.1650325429766,945.5071454596301,949.3703002929688,18200,0.0,0.0
2020-12-09 00:00:00+09:00,949.3703067729398,955.1650390625,949.3703067729398,955.1650390625,14400,0.0,0.0
2020-12-10 00:00:00+09:00,955.1650390625,959.0281939222067,953.2334616326466,955.1650390625,10200,0.0,0.0
2020-12-11 00:00:00+09:00,952.2677255799647,953.2335143483014,947.4387817382812,947.4387817382812,27900,0.0,0.0
2020-12-14 00:00:00+09:00,950.3360911722716,956.1308234355172,948.4045137511897,951.3018798828125,16800,0.0,0.0
2020-12-15 00:00:00+09:00,951.301852701164,956.1307961158907,951.301852701164,954.19921875,13700,0.0,0.0
2020-12-16 00:00:00+09:00,954.1992438346421,957.096609959646,949.3703002929688,949.3703002929688,19800,0.0,0.0
2020-12-17 00:00:00+09:00,947.4387228762994,951.301877709638,947.4387228762994,949.3703002929688,10500,0.0,0.0
2020-12-18 00:00:00+09:00,950.3361056298326,951.3018943550661,936.8150634765625,936.8150634765625,47000,0.0,0.0
2020-12-21 00:00:00+09:00,940.6781975938059,947.4387185210713,936.8150427782256,945.5071411132812,21000,0.0,0.0
2020-12-22 00:00:00+09:00,942.6098317307693,946.4729867788462,936.8150991586539,941.64404296875,18100,0.0,0.0
2020-12-23 00:00:00+09:00,944.5413754310136,945.5071641584483,936.8150656115371,938.7466430664062,10200,0.0,0.0
2020-12-24 00:00:00+09:00,938.7466473188557,942.6098022460938,938.7466473188557,942.6098022460938,9400,0.0,0.0
2020-12-25 00:00:00+09:00,945.5071684415224,946.4729571733318,939.7124360506652,942.6098022460938,17800,0.0,0.0
2020-12-28 00:00:00+09:00,942.6098022460938,945.5071684415224,938.7466473188557,942.6098022460938,17700,0.0,0.0
2020-12-29 00:00:00+09:00,942.6097545546559,954.19921875,942.6097545546559,954.19921875,21900,0.0,0.0
2020-12-30 00:00:00+09:00,954.1992691757733,954.1992691757733,943.5755931019539,944.5413818359375,21300,0.0,0.0
2021-01-04 00:00:00+09:00,949.3703190681865,950.3361077956212,938.7466430664062,938.7466430664062,21000,0.0,0.0
2021-01-05 00:00:00+09:00,938.7466409270297,942.6097958279639,936.8150634765625,936.8150634765625,18800,0.0,0.0
2021-01-06 00:00:00+09:00,937.7808606980525,944.5413818359375,937.7808606980525,944.5413818359375,10700,0.0,0.0
2021-01-07 00:00:00+09:00,945.5071454596301,951.301877709638,943.5755680429608,949.3703002929688,23400,0.0,0.0
2021-01-08 00:00:00+09:00,948.404515908965,953.2334594726562,944.541361058012,953.2334594726562,28600,0.0,0.0
2021-01-12 00:00:00+09:00,954.1992503475733,957.0966164923534,950.3360954878665,955.1650390625,18800,0.0,0.0
2021-01-13 00:00:00+09:00,957.0966439082705,957.0966439082705,947.4387564823545,952.2677001953125,25000,0.0,0.0
2021-01-14 00:00:00+09:00,946.4729136805381,958.0623779296875,946.4729136805381,958.0623779296875,22000,0.0,0.0
2021-01-15 00:00:00+09:00,959.0282128456912,959.0282128456912,944.5413818359375,944.5413818359375,25500,0.0,0.0
2021-01-18 00:00:00+09:00,944.5413363056798,959.0281666171167,944.5413363056798,958.0623779296875,14400,0.0,0.0
2021-01-19 00:00:00+09:00,958.0624262595663,959.0282149957151,946.4729614257812,946.4729614257812,16600,0.0,0.0
2021-01-20 00:00:00+09:00,948.4045388980787,952.2676938426738,946.4729614257812,946.4729614257812,14600,0.0,0.0
2021-01-21 00:00:00+09:00,948.4045050317458,949.3702937334074,943.5755615234375,943.5755615234375,20800,0.0,0.0
2021-01-22 00:00:00+09:00,943.5756163356479,945.5071938511763,936.8150950312983,937.7808837890625,43800,0.0,0.0
2021-01-25 00:00:00+09:00,937.7808500557891,942.6097936709065,930.0545402716014,934.8834838867188,52300,0.0,0.0
2021-01-26 00:00:00+09:00,931.9861090977987,931.9861090977987,927.1571655273438,927.1571655273438,47500,0.0,0.0
2021-01-27 00:00:00+09:00,929.0887429555257,931.9861090977987,927.1571655273438,927.1571655273438,35900,0.0,0.0
2021-01-28 00:00:00+09:00,927.1571590015723,931.0203138307455,919.4308493432259,921.3624267578125,77000,0.0,0.0
2021-01-29 00:00:00+09:00,921.3624836811266,921.3624836811266,913.6361735454358,917.4993286132812,73000,0.0,0.0
2021-02-01 00:00:00+09:00,916.5335040380085,917.4992927672371,896.2519407242064,912.6703491210938,91200,0.0,0.0
2021-02-02 00:00:00+09:00,912.6703575750714,921.3624562186435,909.7729913605473,920.3966674804688,29400,0.0,0.0
2021-02-03 00:00:00+09:00,921.3624625260688,928.1229837395724,920.3966737812826,926.19140625,31300,0.0,0.0
2021-02-04 00:00:00+09:00,926.1914083459003,928.1229858398438,924.2598308519567,928.1229858398438,16900,0.0,0.0
2021-02-05 00:00:00+09:00,929.0887600007604,943.5755909779033,927.1571825371414,942.6098022460938,61100,0.0,0.0
2021-02-08 00:00:00+09:00,943.575582950022,963.8571461454677,943.575582950022,962.891357421875,94300,0.0,0.0
2021-02-09 00:00:00+09:00,960.9597881504747,960.9597881504747,938.7466473188557,942.6098022460938,35300,0.0,0.0
2021-02-10 00:00:00+09:00,942.6098043679704,944.5413818359375,936.8150719640689,944.5413818359375,16900,0.0,0.0
2021-02-12 00:00:00+09:00,945.5071726896325,950.3361163703763,945.5071726896325,946.4729614257812,16300,0.0,0.0
2021-02-15 00:00:00+09:00,948.4045388980787,948.4045388980787,945.5071726896325,946.4729614257812,21100,0.0,0.0
2021-02-16 00:00:00+09:00,946.4729026281664,950.3360573327711,944.541325275864,948.4044799804688,17100,0.0,0.0
2021-02-17 00:00:00+09:00,944.5413631983064,955.1650390625,944.5413631983064,955.1650390625,19800,0.0,0.0
2021-02-18 00:00:00+09:00,950.3360911722716,956.1308234355172,948.4045137511897,951.3018798828125,15800,0.0,0.0
2021-02-19 00:00:00+09:00,948.4045388980787,948.4045388980787,944.5413839534838,946.4729614257812,10500,0.0,0.0
2021-02-22 00:00:00+09:00,943.57558239393,948.4045260090472,932.9519064406718,934.8834838867188,57300,0.0,0.0
2021-02-24 00:00:00+09:00,933.9177183216742,935.8492958156177,928.1229858398438,928.1229858398438,28300,0.0,0.0
2021-02-25 00:00:00+09:00,931.0203225498636,934.8834774152157,929.0887451171875,929.0887451171875,29500,0.0,0.0
2021-02-26 00:00:00+09:00,928.1229752501479,933.9177076658616,918.465087890625,918.465087890625,51500,0.0,0.0
2021-03-01 00:00:00+09:00,932.9518611620497,950.3360573327711,930.0544951335961,948.4044799804688,54600,0.0,0.0
2021-03-02 00:00:00+09:00,950.3361206054688,954.1992755672795,936.8150782391308,950.3361206054688,46900,0.0,0.0
2021-03-03 00:00:00+09:00,947.4387480378883,947.4387480378883,937.7808606980525,944.5413818359375,27400,0.0,0.0
2021-03-04 00:00:00+09:00,941.64400924871,944.5413754310136,931.9861219743642,938.7466430664062,34400,0.0,0.0
2021-03-05 00:00:00+09:00,938.7466577990302,952.2677001953125,936.815080313847,952.2677001953125,35000,0.0,0.0
2021-03-08 00:00:00+09:00,960.9597669882218,960.9597669882218,946.4729363301079,951.3018798828125,27800,0.0,0.0
2021-03-09 00:00:00+09:00,954.1992881192739,962.8913868976883,946.4729780940166,961.9255981445312,46600,0.0,0.0
2021-03-10 00:00:00+09:00,961.9255918560606,961.9255918560606,951.3019156407828,956.130859375,42800,0.0,0.0
2021-03-11 00:00:00+09:00,958.0624030363475,960.9597691745622,949.3703046217032,953.2334594726562,61500,0.0,0.0
2021-03-12 00:00:00+09:00,946.4729929699446,953.2335143483014,944.5414154332713,947.4387817382812,68300,0.0,0.0
2021-03-15 00:00:00+09:00,950.3361227101293,959.9940101360453,949.3703339675377,952.2677001953125,41000,0.0,0.0
2021-03-16 00:00:00+09:00,952.2677043876262,959.9940143623737,951.3019156407828,956.130859375,60900,0.0,0.0
2021-03-17 00:00:00+09:00,955.1650368981327,956.1308256108709,950.3360933344414,953.2334594726562,59700,0.0,0.0
2021-03-18 00:00:00+09:00,953.2334573038944,956.1308234355172,949.3703024617307,951.3018798828125,88100,0.0,0.0
2021-03-19 00:00:00+09:00,952.2677087971583,956.1308638024207,931.9861450195312,931.9861450195312,534000,0.0,0.0
2021-03-22 00:00:00+09:00,951.3018798828125,953.2334573038944,944.541358909026,951.3018798828125,64700,0.0,0.0
2021-03-23 00:00:00+09:00,952.2676664179727,955.1650325429766,947.4387228762994,949.3703002929688,75100,0.0,0.0
2021-03-24 00:00:00+09:00,949.3703530649038,949.3703530649038,938.7466766826924,941.64404296875,64800,0.0,0.0
2021-03-25 00:00:00+09:00,941.64404296875,948.4045643028846,935.8493103966347,941.64404296875,100400,0.0,0.0
2021-03-26 00:00:00+09:00,944.5413797097128,948.4045346369509,940.6782247824747,942.6098022460938,108300,0.0,0.0
2021-03-29 00:00:00+09:00,955.1650325429766,955.1650325429766,943.5755680429608,949.3703002929688,121100,0.0,0.0
2021-03-30 00:00:00+09:00,941.5242309570312,953.2932838439941,940.5434765497844,941.5242309570312,112100,15.0,0.0
2021-03-31 00:00:00+09:00,985.6581905589384,1008.2155421836703,984.6774361404719,1000.3695068359375,428400,0.0,0.0
2021-04-01 00:00:00+09:00,1008.2155963814225,1037.638230517067,1006.2540874390462,1030.77294921875,250000,0.0,0.0
2021-04-02 00:00:00+09:00,1037.6381325316586,1066.0800095103145,1036.6573781530842,1050.387939453125,179000,0.0,0.0
2021-04-05 00:00:00+09:00,1059.214791928751,1074.9068629202882,1052.3495108699537,1071.964599609375,124100,0.0,0.0
2021-04-06 00:00:00+09:00,1075.8876021391202,1096.48344502419,1075.8876021391202,1089.6181640625,132200,0.0,0.0
2021-04-07 00:00:00+09:00,1098.4450107001755,1128.8483993891982,1097.4642562263361,1117.079345703125,115200,0.0,0.0
2021-04-08 00:00:00+09:00,1116.0985413151516,1116.0985413151516,1079.8106274059594,1080.7913818359375,121200,0.0,0.0
2021-04-09 00:00:00+09:00,1085.6951488949333,1103.3487285517613,1084.7143944695538,1086.6759033203125,87400,0.0,0.0
2021-04-12 00:00:00+09:00,1102.3679295821155,1103.3486839678649,1085.695105024379,1090.598876953125,50500,0.0,0.0
2021-04-13 00:00:00+09:00,1092.5604690139357,1108.252540382179,1088.637451171875,1088.637451171875,54300,0.0,0.0
2021-04-14 00:00:00+09:00,1088.6374046168587,1099.4257032211701,1086.6758957797113,1095.502685546875,38000,0.0,0.0
2021-04-15 00:00:00+09:00,1095.502752561645,1120.0216145258714,1095.502752561645,1111.19482421875,64600,0.0,0.0
2021-04-16 00:00:00+09:00,1117.0793510901644,1121.9831234830096,1111.19482421875,1111.19482421875,45300,0.0,0.0
2021-04-19 00:00:00+09:00,1113.1563358813262,1120.021617247995,1108.2525634765625,1108.2525634765625,48300,0.0,0.0
2021-04-20 00:00:00+09:00,1113.1562549736354,1113.1562549736354,1104.3294652866198,1107.271728515625,51400,0.0,0.0
2021-04-21 00:00:00+09:00,1099.4257057504979,1103.3487234338181,1086.675898279707,1092.5604248046875,86100,0.0,0.0
2021-04-22 00:00:00+09:00,1101.3871703446446,1101.3871703446446,1093.5411352932133,1096.4833984375,34100,0.0,0.0
2021-04-23 00:00:00+09:00,1090.59892102183,1095.5026931487266,1086.6759033203125,1086.6759033203125,166600,0.0,0.0
2021-04-26 00:00:00+09:00,1089.6181249867914,1092.560388150572,1080.7913354954492,1087.6566162109375,99800,0.0,0.0
2021-04-27 00:00:00+09:00,1082.752854019485,1082.752854019485,1073.926064448674,1075.8875732421875,85200,0.0,0.0
2021-04-28 00:00:00+09:00,1075.8875708007813,1084.7143603515626,1072.9453076171876,1078.829833984375,70900,0.0,0.0
2021-04-30 00:00:00+09:00,1082.752844271303,1097.4641600902064,1080.7913354954492,1087.6566162109375,320800,0.0,0.0
2021-05-06 00:00:00+09:00,1087.6566090046401,1105.31018787036,1087.6566090046401,1096.4833984375,69800,0.0,0.0
2021-05-07 00:00:00+09:00,1096.4835123842336,1107.2718117010731,1094.5220034175354,1105.310302734375,65900,0.0,0.0
2021-05-10 00:00:00+09:00,1108.2524755172865,1119.0407739515256,1108.2524755172865,1116.0985107421875,44700,0.0,0.0
2021-05-11 00:00:00+09:00,1112.1755733339278,1121.9831180723222,1109.2333099124094,1117.079345703125,46900,0.0,0.0
2021-05-12 00:00:00+09:00,1113.1562967503323,1117.0793145362368,1100.4064889461436,1106.291015625,43700,0.0,0.0
2021-05-13 00:00:00+09:00,1100.406527628941,1118.0601082860896,1093.541246262272,1108.2525634765625,45600,0.0,0.0
2021-05-14 00:00:00+09:00,1127.8676283319924,1186.7128958971398,1122.9638560348967,1180.828369140625,167300,0.0,0.0
2021-05-17 00:00:00+09:00,1197.5011257595486,1201.4241433705545,1157.2901952467382,1165.13623046875,71500,0.0,0.0
2021-05-18 00:00:00+09:00,1167.0977199038264,1191.6165795656714,1161.2131935849834,1188.67431640625,50800,0.0,0.0
2021-05-19 00:00:00+09:00,1177.886040203883,1189.6550930618737,1160.2324609168975,1162.1939697265625,84900,0.0,0.0
2021-05-20 00:00:00+09:00,1169.0592358621675,1195.5396044597167,1169.0592358621675,1179.8475341796875,54000,0.0,0.0
2021-05-21 00:00:00+09:00,1181.8090720008217,1204.3664235825802,1177.886054334429,1193.578125,65200,0.0,0.0
2021-05-24 00:00:00+09:00,1201.4242070576645,1241.6351397020435,1198.4819436934417,1232.808349609375,74100,0.0,0.0
2021-05-25 00:00:00+09:00,1237.7120955928679,1243.5966221963206,1213.1932347451486,1216.135498046875,73500,0.0,0.0
2021-05-26 00:00:00+09:00,1230.8468093994534,1235.750581548455,1217.1162473822483,1222.02001953125,45500,0.0,0.0
2021-05-27 00:00:00+09:00,1221.0393092943275,1234.7698718084805,1205.347237849581,1218.0970458984375,43500,0.0,0.0
2021-05-28 00:00:00+09:00,1222.0199780253859,1231.8275219902766,1219.0777148359186,1223.000732421875,51900,0.0,0.0
2021-05-31 00:00:00+09:00,1219.077766505014,1223.0007842572427,1206.3279588102714,1210.2509765625,61400,0.0,0.0
2021-06-01 00:00:00+09:00,1212.2124752332466,1222.02001953125,1209.2702119438454,1222.02001953125,46900,0.0,0.0
2021-06-02 00:00:00+09:00,1220.0584692324078,1229.8660131972986,1214.1739428534734,1223.000732421875,32700,0.0,0.0
2021-06-03 00:00:00+09:00,1227.904492264882,1239.6735449063985,1225.942983491296,1237.7120361328125,42000,0.0,0.0
2021-06-04 00:00:00+09:00,1240.6544162497535,1249.4812065629928,1232.808380415763,1243.5966796875,56600,0.0,0.0
2021-06-07 00:00:00+09:00,1252.4234203643084,1255.3656836854461,1248.5004026027914,1253.4041748046875,34900,0.0,0.0
2021-06-08 00:00:00+09:00,1254.3849370428857,1255.3656914893618,1244.577392578125,1244.577392578125,45200,0.0,0.0
2021-06-09 00:00:00+09:00,1243.5965747481455,1243.5965747481455,1222.0199780253859,1223.000732421875,223200,0.0,0.0
2021-06-10 00:00:00+09:00,1223.000732421875,1228.8852588008094,1212.2124340604953,1223.000732421875,58900,0.0,0.0
2021-06-11 00:00:00+09:00,1235.7506182553957,1235.7506182553957,1222.0200558303357,1226.923828125,48500,0.0,0.0
2021-06-14 00:00:00+09:00,1227.9045825839328,1228.8853370428658,1217.1162835356715,1226.923828125,45900,0.0,0.0
2021-06-15 00:00:00+09:00,1228.8852903914944,1240.6543434519078,1226.9237815480922,1233.7890625,47600,0.0,0.0
2021-06-16 00:00:00+09:00,1233.78910933753,1236.7313727143285,1225.9430736660672,1226.923828125,135000,0.0,0.0
2021-06-17 00:00:00+09:00,1227.9045669880318,1245.558147024601,1226.923812541556,1244.577392578125,64200,0.0,0.0
2021-06-18 00:00:00+09:00,1244.5773977972833,1246.538906698461,1238.69287109375,1238.69287109375,40800,0.0,0.0
2021-06-21 00:00:00+09:00,1229.8660968091115,1235.7506235881024,1218.0970432511297,1221.039306640625,114800,0.0,0.0
2021-06-22 00:00:00+09:00,1230.846835489039,1245.5581522478722,1227.9045721372722,1238.69287109375,36700,0.0,0.0
2021-06-23 00:00:00+09:00,1241.635097873609,1247.5196244038157,1230.8467992348967,1233.7890625,55000,0.0,0.0
2021-06-24 00:00:00+09:00,1234.7697729724334,1247.519580000743,1232.8082641988474,1237.7120361328125,69900,0.0,0.0
2021-06-25 00:00:00+09:00,1246.5389458335906,1247.5197003149704,1237.7121555011734,1240.6544189453125,72400,0.0,0.0
2021-06-28 00:00:00+09:00,1243.5966796875,1251.4427155214905,1238.6929072912558,1243.5966796875,472100,0.0,0.0
2021-06-29 00:00:00+09:00,1221.0392111598856,1226.9237374787283,1187.6935620197762,1188.67431640625,258100,0.0,0.0
2021-06-30 00:00:00+09:00,1205.3472565472077,1228.885364079456,1194.558957261594,1197.501220703125,75500,0.0,0.0
2021-07-01 00:00:00+09:00,1196.520460854727,1207.3087600919418,1193.5781974263957,1203.3857421875,35700,0.0,0.0
2021-07-02 00:00:00+09:00,1206.3279537077872,1227.9045512537803,1203.385690406061,1216.135498046875,32600,0.0,0.0
2021-07-05 00:00:00+09:00,1216.1355316944612,1231.8276030711638,1216.1355316944612,1223.9815673828125,29200,0.0,0.0
2021-07-06 00:00:00+09:00,1226.923776554156,1242.6158472375025,1223.0007588833193,1239.673583984375,38500,0.0,0.0
2021-07-07 00:00:00+09:00,1227.9045270075565,1230.8467902511848,1196.5203857421875,1196.5203857421875,101400,0.0,0.0
2021-07-08 00:00:00+09:00,1212.2124488278073,1215.1547120531175,1198.481887109693,1205.34716796875,44800,0.0,0.0
2021-07-09 00:00:00+09:00,1191.6166599818637,1244.5774004255022,1190.635905529204,1235.7506103515625,83100,0.0,0.0
2021-07-12 00:00:00+09:00,1235.7505273592265,1254.3848607082941,1230.8467554252613,1237.7120361328125,60300,0.0,0.0
2021-07-13 00:00:00+09:00,1236.731330847207,1243.5966118273263,1221.0392600355058,1227.904541015625,54800,0.0,0.0
2021-07-14 00:00:00+09:00,1227.90459323295,1231.8276111027037,1205.3472404818654,1215.15478515625,57200,0.0,0.0
2021-07-15 00:00:00+09:00,1221.0392310122488,1222.0199854146683,1209.2701781832152,1214.1739501953125,20100,0.0,0.0
2021-07-16 00:00:00+09:00,1206.3280029296875,1212.212529773247,1203.3857395079078,1206.3280029296875,35300,0.0,0.0
2021-07-19 00:00:00+09:00,1206.3280083151424,1206.3280083151424,1199.4627269670075,1200.4434814453125,27100,0.0,0.0
2021-07-20 00:00:00+09:00,1197.501179147274,1206.3279691655584,1195.5396702543217,1198.48193359375,31700,0.0,0.0
2021-07-21 00:00:00+09:00,1203.3856566788313,1212.2124463366224,1200.4433934595677,1208.2894287109375,20000,0.0,0.0
2021-07-26 00:00:00+09:00,1221.0392285392325,1227.9045093422644,1212.2124389353344,1217.1162109375,20200,0.0,0.0
2021-07-27 00:00:00+09:00,1214.1739891790573,1225.9430423859626,1212.21248031124,1216.135498046875,23200,0.0,0.0
2021-07-28 00:00:00+09:00,1215.1547878228346,1223.9815780491506,1212.2125244140625,1212.2125244140625,15200,0.0,0.0
2021-07-29 00:00:00+09:00,1214.174025398469,1221.039306640625,1209.2702530826432,1221.039306640625,17900,0.0,0.0
2021-07-30 00:00:00+09:00,1213.1932815588884,1216.1355449741484,1208.2895092001218,1209.270263671875,28900,0.0,0.0
2021-08-02 00:00:00+09:00,1216.1355396236884,1225.943084298073,1211.231767286496,1215.15478515625,37500,0.0,0.0
2021-08-03 00:00:00+09:00,1215.1547825025475,1224.962327155514,1212.2125191066575,1218.0970458984375,15800,0.0,0.0
2021-08-04 00:00:00+09:00,1219.077774334343,1221.0392832230548,1199.4626854472258,1201.4241943359375,48400,0.0,0.0
2021-08-05 00:00:00+09:00,1201.4241234304095,1203.385632203357,1188.67431640625,1188.67431640625,31800,0.0,0.0
2021-08-06 00:00:00+09:00,1191.6166576586272,1196.5204299123664,1187.6936398556359,1192.597412109375,15300,0.0,0.0
2021-08-10 00:00:00+09:00,1192.5973412822111,1192.5973412822111,1179.8475341796875,1179.8475341796875,47800,0.0,0.0
2021-08-11 00:00:00+09:00,1184.7513992655238,1214.1740333532439,1184.7513992655238,1212.2125244140625,34400,0.0,0.0
2021-08-12 00:00:00+09:00,1214.1739501953125,1220.0584766098293,1212.2124413904735,1214.1739501953125,24200,0.0,0.0
2021-08-13 00:00:00+09:00,1214.174028037251,1223.0008182249207,1214.174028037251,1218.0970458984375,15800,0.0,0.0
2021-08-16 00:00:00+09:00,1218.0969678049903,1223.0007398170878,1209.2701781832152,1214.1739501953125,28300,0.0,0.0
2021-08-17 00:00:00+09:00,1219.0777613486014,1221.0392702164188,1214.1739891790573,1216.135498046875,9400,0.0,0.0
2021-08-18 00:00:00+09:00,1216.1355343247992,1223.9815700301206,1214.174025398469,1221.039306640625,24500,0.0,0.0
2021-08-19 00:00:00+09:00,1220.0584790928642,1224.9622511149416,1211.231689453125,1211.231689453125,26300,0.0,0.0
2021-08-20 00:00:00+09:00,1219.0778083894086,1219.0778083894086,1207.3087547283683,1209.270263671875,24300,0.0,0.0
2021-08-23 00:00:00+09:00,1211.2317335808984,1217.116260221777,1200.443434739287,1207.3087158203125,30900,0.0,0.0
2021-08-24 00:00:00+09:00,1212.2125164721385,1221.039306640625,1210.2510075458083,1221.039306640625,16300,0.0,0.0
2021-08-25 00:00:00+09:00,1221.0392702164188,1224.9622879520539,1216.135498046875,1216.135498046875,14600,0.0,0.0
2021-08-26 00:00:00+09:00,1216.1354904235889,1224.9622802734375,1215.1547359958279,1224.9622802734375,11200,0.0,0.0
2021-08-27 00:00:00+09:00,1221.0392139486323,1234.769775390625,1218.0969507824911,1234.769775390625,25000,0.0,0.0
2021-08-30 00:00:00+09:00,1235.7506411812794,1246.5389404296875,1235.7506411812794,1246.5389404296875,21900,0.0,0.0
2021-08-31 00:00:00+09:00,1246.5389040785756,1255.3656941153238,1241.6351318359375,1241.6351318359375,27400,0.0,0.0
2021-09-01 00:00:00+09:00,1245.55810546875,1249.4811231237697,1241.6350878137303,1245.55810546875,18600,0.0,0.0
2021-09-02 00:00:00+09:00,1241.6351370675222,1241.6351370675222,1231.8275925409225,1235.7506103515625,30200,0.0,0.0
2021-09-03 00:00:00+09:00,1235.7505297793389,1238.69279294548,1234.769775390625,1234.769775390625,69000,0.0,0.0
2021-09-06 00:00:00+09:00,1240.6543696384804,1252.4234229473038,1239.6736151960783,1250.4619140625,29500,0.0,0.0
2021-09-07 00:00:00+09:00,1246.5388674391913,1249.4811306982924,1232.8083055633858,1236.7313232421875,51400,0.0,0.0
2021-09-08 00:00:00+09:00,1231.8275925409225,1238.6928737095423,1230.8468380882625,1235.7506103515625,38300,0.0,0.0
2021-09-09 00:00:00+09:00,1238.6929099825531,1242.6159279080719,1236.7314010197938,1240.6544189453125,24300,0.0,0.0
2021-09-10 00:00:00+09:00,1235.7506411812794,1249.4812038610714,1235.7506411812794,1246.5389404296875,49100,0.0,0.0
2021-09-13 00:00:00+09:00,1237.7120652153947,1251.442626953125,1237.7120652153947,1251.442626953125,35400,0.0,0.0
2021-09-14 00:00:00+09:00,1253.4041302655194,1306.3648681640625,1253.4041302655194,1306.3648681640625,74300,0.0,0.0
2021-09-15 00:00:00+09:00,1282.826748046875,1288.7112744140625,1258.3078881835938,1274.980712890625,46600,0.0,0.0
2021-09-16 00:00:00+09:00,1284.7882519381699,1289.6920238921325,1269.0961816854901,1280.865234375,44700,0.0,0.0
2021-09-17 00:00:00+09:00,1277.9230051258382,1290.6728125445918,1273.9999874585294,1288.7113037109375,41200,0.0,0.0
2021-09-21 00:00:00+09:00,1275.9615452304208,1284.7883353204084,1259.2887195048888,1278.90380859375,62400,0.0,0.0
2021-09-22 00:00:00+09:00,1276.9422265926876,1278.9037353892968,1262.2309106181174,1269.09619140625,34100,0.0,0.0
2021-09-24 00:00:00+09:00,1271.0577729582055,1287.7305986837375,1271.0577729582055,1278.90380859375,52500,0.0,0.0
2021-09-27 00:00:00+09:00,1284.7883379596824,1288.7113557855134,1275.9615478515625,1275.9615478515625,39300,0.0,0.0
2021-09-28 00:00:00+09:00,1275.9615088529638,1275.9615088529638,1259.2886836027712,1274.0,91100,0.0,0.0
2021-09-29 00:00:00+09:00,1260.0,1278.0,1260.0,1276.0,70200,25.0,0.0
2021-09-30 00:00:00+09:00,1276.0,1285.0,1276.0,1276.0,40800,0.0,0.0
2021-10-01 00:00:00+09:00,1273.0,1275.0,1250.0,1253.0,77100,0.0,0.0
2021-10-04 00:00:00+09:00,1265.0,1265.0,1237.0,1244.0,51600,0.0,0.0
2021-10-05 00:00:00+09:00,1235.0,1247.0,1228.0,1233.0,53000,0.0,0.0
2021-10-06 00:00:00+09:00,1243.0,1262.0,1243.0,1248.0,32500,0.0,0.0
2021-10-07 00:00:00+09:00,1248.0,1256.0,1235.0,1237.0,31600,0.0,0.0
2021-10-08 00:00:00+09:00,1249.0,1254.0,1239.0,1248.0,66700,0.0,0.0
2021-10-11 00:00:00+09:00,1248.0,1262.0,1247.0,1262.0,30800,0.0,0.0
2021-10-12 00:00:00+09:00,1260.0,1263.0,1255.0,1257.0,29300,0.0,0.0
2021-10-13 00:00:00+09:00,1253.0,1258.0,1250.0,1250.0,29800,0.0,0.0
2021-10-14 00:00:00+09:00,1250.0,1250.0,1237.0,1238.0,26000,0.0,0.0
2021-10-15 00:00:00+09:00,1255.0,1277.0,1250.0,1277.0,90500,0.0,0.0
2021-10-18 00:00:00+09:00,1277.0,1291.0,1267.0,1287.0,40700,0.0,0.0
2021-10-19 00:00:00+09:00,1282.0,1296.0,1282.0,1287.0,18500,0.0,0.0
2021-10-20 00:00:00+09:00,1284.0,1287.0,1278.0,1278.0,28400,0.0,0.0
2021-10-21 00:00:00+09:00,1281.0,1286.0,1270.0,1270.0,21800,0.0,0.0
2021-10-22 00:00:00+09:00,1279.0,1290.0,1270.0,1280.0,109300,0.0,0.0
2021-10-25 00:00:00+09:00,1270.0,1281.0,1264.0,1266.0,47100,0.0,0.0
2021-10-26 00:00:00+09:00,1274.0,1283.0,1273.0,1282.0,15000,0.0,0.0
2021-10-27 00:00:00+09:00,1278.0,1284.0,1276.0,1278.0,19300,0.0,0.0
2021-10-28 00:00:00+09:00,1272.0,1298.0,1272.0,1295.0,33800,0.0,0.0
2021-10-29 00:00:00+09:00,1283.0,1300.0,1273.0,1288.0,186100,0.0,0.0
2021-11-01 00:00:00+09:00,1300.0,1303.0,1288.0,1291.0,60300,0.0,0.0
2021-11-02 00:00:00+09:00,1299.0,1338.0,1299.0,1312.0,67300,0.0,0.0
2021-11-04 00:00:00+09:00,1318.0,1335.0,1318.0,1333.0,35000,0.0,0.0
2021-11-05 00:00:00+09:00,1313.0,1332.0,1308.0,1315.0,269700,0.0,0.0
2021-11-08 00:00:00+09:00,1312.0,1316.0,1294.0,1299.0,47300,0.0,0.0
2021-11-09 00:00:00+09:00,1302.0,1307.0,1293.0,1293.0,19800,0.0,0.0
2021-11-10 00:00:00+09:00,1301.0,1323.0,1300.0,1312.0,41500,0.0,0.0
2021-11-11 00:00:00+09:00,1308.0,1310.0,1300.0,1300.0,16400,0.0,0.0
2021-11-12 00:00:00+09:00,1295.0,1315.0,1295.0,1313.0,56800,0.0,0.0
2021-11-15 00:00:00+09:00,1328.0,1334.0,1313.0,1313.0,25300,0.0,0.0
2021-11-16 00:00:00+09:00,1314.0,1327.0,1313.0,1322.0,22500,0.0,0.0
2021-11-17 00:00:00+09:00,1329.0,1329.0,1316.0,1316.0,15400,0.0,0.0
2021-11-18 00:00:00+09:00,1316.0,1318.0,1310.0,1310.0,28000,0.0,0.0
2021-11-19 00:00:00+09:00,1307.0,1312.0,1306.0,1310.0,29600,0.0,0.0
2021-11-22 00:00:00+09:00,1310.0,1311.0,1305.0,1305.0,24000,0.0,0.0
2021-11-24 00:00:00+09:00,1306.0,1312.0,1302.0,1302.0,19300,0.0,0.0
2021-11-25 00:00:00+09:00,1303.0,1305.0,1291.0,1295.0,31400,0.0,0.0
2021-11-26 00:00:00+09:00,1292.0,1292.0,1272.0,1276.0,57400,0.0,0.0
2021-11-29 00:00:00+09:00,1260.0,1292.0,1259.0,1268.0,52600,0.0,0.0
2021-11-30 00:00:00+09:00,1291.0,1296.0,1251.0,1251.0,53500,0.0,0.0
2021-12-01 00:00:00+09:00,1251.0,1263.0,1245.0,1245.0,65700,0.0,0.0
2021-12-02 00:00:00+09:00,1244.0,1259.0,1244.0,1247.0,45800,0.0,0.0
2021-12-03 00:00:00+09:00,1255.0,1286.0,1255.0,1285.0,28200,0.0,0.0
2021-12-06 00:00:00+09:00,1295.0,1295.0,1265.0,1265.0,40100,0.0,0.0
2021-12-07 00:00:00+09:00,1280.0,1300.0,1276.0,1300.0,35900,0.0,0.0
2021-12-08 00:00:00+09:00,1310.0,1312.0,1290.0,1290.0,37500,0.0,0.0
2021-12-09 00:00:00+09:00,1290.0,1304.0,1285.0,1304.0,24200,0.0,0.0
2021-12-10 00:00:00+09:00,1290.0,1297.0,1274.0,1281.0,71300,0.0,0.0
2021-12-13 00:00:00+09:00,1290.0,1303.0,1290.0,1298.0,24800,0.0,0.0
2021-12-14 00:00:00+09:00,1298.0,1302.0,1293.0,1298.0,14500,0.0,0.0
2021-12-15 00:00:00+09:00,1302.0,1307.0,1298.0,1305.0,14800,0.0,0.0
2021-12-16 00:00:00+09:00,1315.0,1323.0,1314.0,1314.0,39000,0.0,0.0
2021-12-17 00:00:00+09:00,1319.0,1326.0,1305.0,1314.0,37500,0.0,0.0
2021-12-20 00:00:00+09:00,1309.0,1310.0,1285.0,1285.0,37500,0.0,0.0
2021-12-21 00:00:00+09:00,1302.0,1306.0,1272.0,1275.0,131000,0.0,0.0
2021-12-22 00:00:00+09:00,1280.0,1295.0,1280.0,1284.0,29400,0.0,0.0
2021-12-23 00:00:00+09:00,1288.0,1301.0,1284.0,1301.0,29900,0.0,0.0
2021-12-24 00:00:00+09:00,1301.0,1301.0,1281.0,1290.0,55500,0.0,0.0
2021-12-27 00:00:00+09:00,1300.0,1300.0,1278.0,1289.0,87300,0.0,0.0
2021-12-28 00:00:00+09:00,1296.0,1310.0,1291.0,1310.0,289300,0.0,0.0
2021-12-29 00:00:00+09:00,1281.0,1293.0,1257.0,1259.0,206900,0.0,0.0
2021-12-30 00:00:00+09:00,1269.0,1287.0,1260.0,1287.0,42800,0.0,0.0
2022-01-04 00:00:00+09:00,1280.0,1295.0,1273.0,1291.0,37200,0.0,0.0
2022-01-05 00:00:00+09:00,1292.0,1312.0,1292.0,1311.0,46200,0.0,0.0
2022-01-06 00:00:00+09:00,1302.0,1310.0,1290.0,1290.0,18600,0.0,0.0
2022-01-07 00:00:00+09:00,1295.0,1300.0,1285.0,1285.0,18500,0.0,0.0
2022-01-11 00:00:00+09:00,1280.0,1285.0,1270.0,1278.0,25300,0.0,0.0
2022-01-12 00:00:00+09:00,1278.0,1284.0,1270.0,1275.0,21300,0.0,0.0
2022-01-13 00:00:00+09:00,1275.0,1276.0,1265.0,1265.0,19000,0.0,0.0
2022-01-14 00:00:00+09:00,1262.0,1276.0,1258.0,1273.0,36400,0.0,0.0
2022-01-17 00:00:00+09:00,1273.0,1284.0,1269.0,1272.0,23600,0.0,0.0
2022-01-18 00:00:00+09:00,1272.0,1275.0,1258.0,1258.0,36400,0.0,0.0
2022-01-19 00:00:00+09:00,1255.0,1258.0,1246.0,1247.0,51500,0.0,0.0
2022-01-20 00:00:00+09:00,1268.0,1268.0,1246.0,1246.0,22600,0.0,0.0
2022-01-21 00:00:00+09:00,1244.0,1268.0,1240.0,1268.0,24500,0.0,0.0
2022-01-24 00:00:00+09:00,1255.0,1275.0,1255.0,1273.0,15600,0.0,0.0
2022-01-25 00:00:00+09:00,1272.0,1275.0,1262.0,1268.0,20800,0.0,0.0
2022-01-26 00:00:00+09:00,1265.0,1271.0,1250.0,1250.0,21800,0.0,0.0
2022-01-27 00:00:00+09:00,1257.0,1259.0,1240.0,1241.0,37000,0.0,0.0
2022-01-28 00:00:00+09:00,1252.0,1255.0,1245.0,1251.0,16200,0.0,0.0
2022-01-31 00:00:00+09:00,1252.0,1254.0,1246.0,1246.0,37400,0.0,0.0
2022-02-01 00:00:00+09:00,1256.0,1256.0,1234.0,1238.0,46400,0.0,0.0
2022-02-02 00:00:00+09:00,1245.0,1248.0,1235.0,1248.0,24300,0.0,0.0
2022-02-03 00:00:00+09:00,1246.0,1249.0,1240.0,1243.0,20600,0.0,0.0
2022-02-04 00:00:00+09:00,1243.0,1250.0,1240.0,1249.0,14000,0.0,0.0
2022-02-07 00:00:00+09:00,1247.0,1250.0,1241.0,1241.0,19100,0.0,0.0
2022-02-08 00:00:00+09:00,1242.0,1249.0,1242.0,1248.0,14000,0.0,0.0
2022-02-09 00:00:00+09:00,1250.0,1259.0,1247.0,1256.0,20500,0.0,0.0
2022-02-10 00:00:00+09:00,1262.0,1278.0,1260.0,1278.0,22700,0.0,0.0
2022-02-14 00:00:00+09:00,1274.0,1278.0,1265.0,1271.0,22400,0.0,0.0
2022-02-15 00:00:00+09:00,1279.0,1281.0,1265.0,1272.0,29500,0.0,0.0
2022-02-16 00:00:00+09:00,1280.0,1280.0,1265.0,1269.0,29500,0.0,0.0
2022-02-17 00:00:00+09:00,1270.0,1278.0,1265.0,1269.0,27100,0.0,0.0
2022-02-18 00:00:00+09:00,1265.0,1275.0,1260.0,1273.0,18100,0.0,0.0
2022-02-21 00:00:00+09:00,1273.0,1277.0,1268.0,1271.0,17700,0.0,0.0
2022-02-22 00:00:00+09:00,1263.0,1271.0,1257.0,1261.0,28000,0.0,0.0
2022-02-24 00:00:00+09:00,1252.0,1265.0,1243.0,1265.0,36100,0.0,0.0
2022-02-25 00:00:00+09:00,1265.0,1267.0,1250.0,1254.0,23400,0.0,0.0
2022-02-28 00:00:00+09:00,1258.0,1278.0,1255.0,1274.0,25300,0.0,0.0
2022-03-01 00:00:00+09:00,1279.0,1283.0,1257.0,1262.0,32000,0.0,0.0
2022-03-02 00:00:00+09:00,1257.0,1262.0,1251.0,1251.0,29500,0.0,0.0
2022-03-03 00:00:00+09:00,1264.0,1270.0,1263.0,1264.0,19400,0.0,0.0
2022-03-04 00:00:00+09:00,1260.0,1273.0,1260.0,1262.0,23600,0.0,0.0
2022-03-07 00:00:00+09:00,1258.0,1267.0,1252.0,1262.0,27200,0.0,0.0
2022-03-08 00:00:00+09:00,1250.0,1261.0,1241.0,1244.0,34200,0.0,0.0
2022-03-09 00:00:00+09:00,1244.0,1256.0,1244.0,1250.0,29400,0.0,0.0
2022-03-10 00:00:00+09:00,1259.0,1273.0,1259.0,1269.0,34600,0.0,0.0
2022-03-11 00:00:00+09:00,1260.0,1277.0,1260.0,1277.0,39600,0.0,0.0
2022-03-14 00:00:00+09:00,1285.0,1292.0,1277.0,1279.0,25600,0.0,0.0
2022-03-15 00:00:00+09:00,1281.0,1289.0,1277.0,1287.0,15600,0.0,0.0
2022-03-16 00:00:00+09:00,1297.0,1297.0,1282.0,1287.0,21900,0.0,0.0
2022-03-17 00:00:00+09:00,1297.0,1299.0,1285.0,1294.0,27500,0.0,0.0
2022-03-18 00:00:00+09:00,1299.0,1306.0,1287.0,1301.0,27900,0.0,0.0
2022-03-22 00:00:00+09:00,1305.0,1305.0,1292.0,1300.0,25000,0.0,0.0
2022-03-23 00:00:00+09:00,1300.0,1305.0,1294.0,1297.0,18700,0.0,0.0
2022-03-24 00:00:00+09:00,1293.0,1306.0,1288.0,1306.0,25900,0.0,0.0
2022-03-25 00:00:00+09:00,1309.0,1309.0,1290.0,1297.0,27800,0.0,0.0
2022-03-28 00:00:00+09:00,1297.0,1298.0,1282.0,1285.0,21100,0.0,0.0
2022-03-29 00:00:00+09:00,1298.0,1311.0,1287.0,1311.0,32200,0.0,0.0
2022-03-30 00:00:00+09:00,1295.0,1295.0,1277.0,1294.0,38000,0.0,0.0
2022-03-31 00:00:00+09:00,1290.0,1295.0,1277.0,1277.0,29400,0.0,0.0
2022-04-01 00:00:00+09:00,1277.0,1294.0,1271.0,1294.0,29300,0.0,0.0
2022-04-04 00:00:00+09:00,1295.0,1298.0,1287.0,1289.0,16400,0.0,0.0
2022-04-05 00:00:00+09:00,1288.0,1292.0,1280.0,1283.0,32200,0.0,0.0
2022-04-06 00:00:00+09:00,1276.0,1282.0,1271.0,1271.0,25300,0.0,0.0
2022-04-07 00:00:00+09:00,1270.0,1275.0,1265.0,1270.0,30000,0.0,0.0
2022-04-08 00:00:00+09:00,1278.0,1278.0,1252.0,1260.0,112000,0.0,0.0
2022-04-11 00:00:00+09:00,1262.0,1265.0,1253.0,1257.0,49800,0.0,0.0
2022-04-12 00:00:00+09:00,1257.0,1262.0,1254.0,1255.0,32200,0.0,0.0
2022-04-13 00:00:00+09:00,1254.0,1262.0,1254.0,1261.0,30400,0.0,0.0
2022-04-14 00:00:00+09:00,1260.0,1265.0,1256.0,1262.0,27500,0.0,0.0
2022-04-15 00:00:00+09:00,1260.0,1261.0,1255.0,1255.0,109600,0.0,0.0
2022-04-18 00:00:00+09:00,1255.0,1256.0,1246.0,1254.0,66900,0.0,0.0
2022-04-19 00:00:00+09:00,1261.0,1268.0,1256.0,1264.0,20800,0.0,0.0
2022-04-20 00:00:00+09:00,1271.0,1284.0,1268.0,1278.0,29400,0.0,0.0
2022-04-21 00:00:00+09:00,1275.0,1280.0,1266.0,1272.0,18300,0.0,0.0
2022-04-22 00:00:00+09:00,1265.0,1277.0,1263.0,1266.0,283000,0.0,0.0
2022-04-25 00:00:00+09:00,1261.0,1272.0,1260.0,1264.0,37900,0.0,0.0
2022-04-26 00:00:00+09:00,1275.0,1281.0,1266.0,1275.0,23900,0.0,0.0
2022-04-27 00:00:00+09:00,1266.0,1277.0,1259.0,1259.0,33400,0.0,0.0
2022-04-28 00:00:00+09:00,1260.0,1278.0,1260.0,1272.0,116600,0.0,0.0
2022-05-02 00:00:00+09:00,1273.0,1289.0,1273.0,1283.0,40600,0.0,0.0
2022-05-06 00:00:00+09:00,1283.0,1293.0,1277.0,1290.0,35400,0.0,0.0
2022-05-09 00:00:00+09:00,1290.0,1302.0,1285.0,1292.0,32700,0.0,0.0
2022-05-10 00:00:00+09:00,1288.0,1299.0,1284.0,1295.0,20700,0.0,0.0
2022-05-11 00:00:00+09:00,1287.0,1296.0,1284.0,1286.0,31400,0.0,0.0
2022-05-12 00:00:00+09:00,1281.0,1292.0,1281.0,1287.0,33000,0.0,0.0
2022-05-13 00:00:00+09:00,1290.0,1292.0,1281.0,1292.0,44100,0.0,0.0
2022-05-16 00:00:00+09:00,1288.0,1289.0,1241.0,1253.0,111700,0.0,0.0
2022-05-17 00:00:00+09:00,1255.0,1268.0,1251.0,1267.0,32700,0.0,0.0
2022-05-18 00:00:00+09:00,1270.0,1270.0,1256.0,1264.0,62300,0.0,0.0
2022-05-19 00:00:00+09:00,1238.0,1256.0,1237.0,1256.0,78800,0.0,0.0
2022-05-20 00:00:00+09:00,1254.0,1260.0,1254.0,1259.0,26600,0.0,0.0
2022-05-23 00:00:00+09:00,1271.0,1271.0,1262.0,1270.0,23400,0.0,0.0
2022-05-24 00:00:00+09:00,1273.0,1275.0,1264.0,1265.0,18100,0.0,0.0
2022-05-25 00:00:00+09:00,1265.0,1275.0,1265.0,1267.0,25900,0.0,0.0
2022-05-26 00:00:00+09:00,1268.0,1274.0,1267.0,1268.0,16800,0.0,0.0
2022-05-27 00:00:00+09:00,1275.0,1275.0,1267.0,1274.0,46700,0.0,0.0
2022-05-30 00:00:00+09:00,1280.0,1285.0,1273.0,1275.0,44600,0.0,0.0
2022-05-31 00:00:00+09:00,1277.0,1282.0,1275.0,1276.0,21400,0.0,0.0
2022-06-01 00:00:00+09:00,1277.0,1295.0,1277.0,1295.0,43100,0.0,0.0
2022-06-02 00:00:00+09:00,1290.0,1295.0,1287.0,1290.0,22600,0.0,0.0
2022-06-03 00:00:00+09:00,1293.0,1297.0,1290.0,1291.0,28800,0.0,0.0
2022-06-06 00:00:00+09:00,1290.0,1293.0,1287.0,1292.0,33300,0.0,0.0
2022-06-07 00:00:00+09:00,1293.0,1305.0,1292.0,1301.0,34000,0.0,0.0
2022-06-08 00:00:00+09:00,1309.0,1316.0,1309.0,1314.0,88900,0.0,0.0
2022-06-09 00:00:00+09:00,1310.0,1317.0,1306.0,1307.0,41200,0.0,0.0
2022-06-10 00:00:00+09:00,1303.0,1306.0,1300.0,1302.0,39300,0.0,0.0
2022-06-13 00:00:00+09:00,1296.0,1304.0,1294.0,1303.0,35400,0.0,0.0
2022-06-14 00:00:00+09:00,1288.0,1302.0,1288.0,1295.0,56600,0.0,0.0
2022-06-15 00:00:00+09:00,1296.0,1300.0,1288.0,1288.0,31400,0.0,0.0
2022-06-16 00:00:00+09:00,1295.0,1296.0,1280.0,1281.0,72100,0.0,0.0
2022-06-17 00:00:00+09:00,1277.0,1290.0,1271.0,1284.0,42300,0.0,0.0
2022-06-20 00:00:00+09:00,1290.0,1292.0,1277.0,1284.0,33100,0.0,0.0
2022-06-21 00:00:00+09:00,1290.0,1300.0,1288.0,1299.0,23700,0.0,0.0
2022-06-22 00:00:00+09:00,1301.0,1305.0,1289.0,1289.0,41900,0.0,0.0
2022-06-23 00:00:00+09:00,1289.0,1298.0,1289.0,1291.0,29700,0.0,0.0
2022-06-24 00:00:00+09:00,1298.0,1299.0,1292.0,1294.0,38500,0.0,0.0
2022-06-27 00:00:00+09:00,1304.0,1311.0,1294.0,1297.0,112000,0.0,0.0
2022-06-28 00:00:00+09:00,1292.0,1301.0,1284.0,1294.0,614100,0.0,0.0
2022-06-29 00:00:00+09:00,1290.0,1290.0,1261.0,1265.0,268400,0.0,0.0
2022-06-30 00:00:00+09:00,1262.0,1281.0,1261.0,1278.0,51600,0.0,0.0
2022-07-01 00:00:00+09:00,1279.0,1282.0,1264.0,1268.0,40800,0.0,0.0
2022-07-04 00:00:00+09:00,1271.0,1280.0,1267.0,1280.0,26400,0.0,0.0
2022-07-05 00:00:00+09:00,1283.0,1289.0,1279.0,1281.0,31600,0.0,0.0
2022-07-06 00:00:00+09:00,1280.0,1282.0,1274.0,1275.0,23000,0.0,0.0
2022-07-07 00:00:00+09:00,1282.0,1286.0,1278.0,1286.0,19300,0.0,0.0
2022-07-08 00:00:00+09:00,1288.0,1300.0,1287.0,1293.0,79700,0.0,0.0
2022-07-11 00:00:00+09:00,1300.0,1309.0,1297.0,1309.0,47400,0.0,0.0
2022-07-12 00:00:00+09:00,1296.0,1310.0,1296.0,1309.0,31900,0.0,0.0
2022-07-13 00:00:00+09:00,1309.0,1311.0,1307.0,1311.0,21800,0.0,0.0
2022-07-14 00:00:00+09:00,1310.0,1321.0,1309.0,1320.0,41500,0.0,0.0
2022-07-15 00:00:00+09:00,1320.0,1320.0,1312.0,1314.0,15100,0.0,0.0
2022-07-19 00:00:00+09:00,1316.0,1330.0,1316.0,1329.0,28200,0.0,0.0
2022-07-20 00:00:00+09:00,1344.0,1344.0,1335.0,1338.0,35900,0.0,0.0
2022-07-21 00:00:00+09:00,1335.0,1343.0,1334.0,1342.0,20800,0.0,0.0
2022-07-22 00:00:00+09:00,1342.0,1348.0,1339.0,1345.0,16800,0.0,0.0
2022-07-25 00:00:00+09:00,1340.0,1347.0,1336.0,1343.0,17600,0.0,0.0
2022-07-26 00:00:00+09:00,1342.0,1345.0,1337.0,1338.0,10200,0.0,0.0
2022-07-27 00:00:00+09:00,1338.0,1339.0,1330.0,1330.0,17100,0.0,0.0
2022-07-28 00:00:00+09:00,1327.0,1338.0,1321.0,1336.0,22600,0.0,0.0
2022-07-29 00:00:00+09:00,1330.0,1337.0,1326.0,1331.0,17900,0.0,0.0
2022-08-01 00:00:00+09:00,1337.0,1353.0,1337.0,1348.0,30900,0.0,0.0
2022-08-02 00:00:00+09:00,1348.0,1349.0,1338.0,1347.0,20900,0.0,0.0
2022-08-03 00:00:00+09:00,1346.0,1346.0,1335.0,1337.0,22900,0.0,0.0
2022-08-04 00:00:00+09:00,1339.0,1339.0,1321.0,1322.0,27300,0.0,0.0
2022-08-05 00:00:00+09:00,1320.0,1326.0,1317.0,1322.0,30800,0.0,0.0
2022-08-08 00:00:00+09:00,1319.0,1322.0,1315.0,1317.0,28700,0.0,0.0
2022-08-09 00:00:00+09:00,1317.0,1319.0,1308.0,1308.0,25100,0.0,0.0
2022-08-10 00:00:00+09:00,1307.0,1315.0,1303.0,1315.0,16600,0.0,0.0
2022-08-12 00:00:00+09:00,1320.0,1336.0,1320.0,1335.0,24100,0.0,0.0
2022-08-15 00:00:00+09:00,1345.0,1345.0,1330.0,1335.0,16400,0.0,0.0
2022-08-16 00:00:00+09:00,1336.0,1336.0,1320.0,1320.0,15600,0.0,0.0
2022-08-17 00:00:00+09:00,1320.0,1330.0,1320.0,1322.0,17200,0.0,0.0
2022-08-18 00:00:00+09:00,1320.0,1323.0,1316.0,1320.0,20300,0.0,0.0
2022-08-19 00:00:00+09:00,1326.0,1326.0,1319.0,1320.0,11600,0.0,0.0
2022-08-22 00:00:00+09:00,1319.0,1333.0,1317.0,1323.0,22100,0.0,0.0
2022-08-23 00:00:00+09:00,1321.0,1322.0,1311.0,1311.0,20700,0.0,0.0
2022-08-24 00:00:00+09:00,1316.0,1320.0,1313.0,1313.0,15000,0.0,0.0
2022-08-25 00:00:00+09:00,1317.0,1330.0,1317.0,1329.0,17600,0.0,0.0
2022-08-26 00:00:00+09:00,1331.0,1331.0,1321.0,1321.0,11400,0.0,0.0
2022-08-29 00:00:00+09:00,1305.0,1323.0,1305.0,1319.0,25200,0.0,0.0
2022-08-30 00:00:00+09:00,1325.0,1325.0,1318.0,1325.0,10800,0.0,0.0
2022-08-31 00:00:00+09:00,1315.0,1321.0,1315.0,1316.0,19500,0.0,0.0
2022-09-01 00:00:00+09:00,1317.0,1318.0,1310.0,1311.0,21900,0.0,0.0
2022-09-02 00:00:00+09:00,1318.0,1318.0,1308.0,1313.0,26800,0.0,0.0
2022-09-05 00:00:00+09:00,1310.0,1310.0,1303.0,1303.0,24700,0.0,0.0
2022-09-06 00:00:00+09:00,1304.0,1310.0,1300.0,1304.0,19700,0.0,0.0
2022-09-07 00:00:00+09:00,1300.0,1305.0,1296.0,1301.0,27000,0.0,0.0
2022-09-08 00:00:00+09:00,1308.0,1311.0,1304.0,1310.0,20200,0.0,0.0
2022-09-09 00:00:00+09:00,1309.0,1320.0,1309.0,1318.0,27200,0.0,0.0
2022-09-12 00:00:00+09:00,1319.0,1322.0,1310.0,1313.0,20200,0.0,0.0
2022-09-13 00:00:00+09:00,1313.0,1317.0,1309.0,1317.0,9800,0.0,0.0
2022-09-14 00:00:00+09:00,1307.0,1315.0,1304.0,1312.0,21400,0.0,0.0
2022-09-15 00:00:00+09:00,1312.0,1312.0,1304.0,1306.0,17300,0.0,0.0
2022-09-16 00:00:00+09:00,1306.0,1317.0,1306.0,1313.0,28200,0.0,0.0
2022-09-20 00:00:00+09:00,1318.0,1322.0,1312.0,1313.0,20300,0.0,0.0
2022-09-21 00:00:00+09:00,1309.0,1312.0,1305.0,1305.0,19900,0.0,0.0
2022-09-22 00:00:00+09:00,1300.0,1309.0,1298.0,1304.0,30000,0.0,0.0
2022-09-26 00:00:00+09:00,1298.0,1303.0,1286.0,1286.0,51200,0.0,0.0
2022-09-27 00:00:00+09:00,1290.0,1291.0,1283.0,1284.0,25300,0.0,0.0
2022-09-28 00:00:00+09:00,1280.0,1300.0,1277.0,1300.0,40500,0.0,0.0
2022-09-29 00:00:00+09:00,1294.0,1298.0,1286.0,1296.0,38400,0.0,0.0
2022-09-30 00:00:00+09:00,1298.0,1303.0,1293.0,1293.0,85700,0.0,0.0
2022-10-03 00:00:00+09:00,1293.0,1299.0,1291.0,1295.0,42600,0.0,0.0
2022-10-04 00:00:00+09:00,1313.0,1328.0,1311.0,1324.0,56400,0.0,0.0
2022-10-05 00:00:00+09:00,1327.0,1336.0,1327.0,1333.0,25300,0.0,0.0
2022-10-06 00:00:00+09:00,1330.0,1346.0,1330.0,1340.0,33200,0.0,0.0
2022-10-07 00:00:00+09:00,1339.0,1341.0,1331.0,1337.0,181500,0.0,0.0
2022-10-11 00:00:00+09:00,1326.0,1326.0,1308.0,1308.0,52800,0.0,0.0
2022-10-12 00:00:00+09:00,1301.0,1314.0,1301.0,1311.0,18200,0.0,0.0
2022-10-13 00:00:00+09:00,1301.0,1311.0,1301.0,1305.0,18700,0.0,0.0
2022-10-14 00:00:00+09:00,1315.0,1324.0,1305.0,1320.0,104800,0.0,0.0
2022-10-17 00:00:00+09:00,1311.0,1317.0,1309.0,1309.0,20000,0.0,0.0
2022-10-18 00:00:00+09:00,1320.0,1323.0,1315.0,1322.0,13400,0.0,0.0
2022-10-19 00:00:00+09:00,1323.0,1335.0,1322.0,1333.0,13100,0.0,0.0
2022-10-20 00:00:00+09:00,1325.0,1345.0,1325.0,1340.0,26700,0.0,0.0
2022-10-21 00:00:00+09:00,1342.0,1342.0,1331.0,1333.0,58100,0.0,0.0
2022-10-24 00:00:00+09:00,1340.0,1341.0,1327.0,1328.0,15200,0.0,0.0
2022-10-25 00:00:00+09:00,1332.0,1342.0,1329.0,1342.0,14400,0.0,0.0
2022-10-26 00:00:00+09:00,1345.0,1349.0,1342.0,1343.0,14400,0.0,0.0
2022-10-27 00:00:00+09:00,1347.0,1347.0,1340.0,1340.0,10800,0.0,0.0
2022-10-28 00:00:00+09:00,1340.0,1345.0,1319.0,1319.0,75900,0.0,0.0
2022-10-31 00:00:00+09:00,1331.0,1340.0,1331.0,1337.0,16900,0.0,0.0
2022-11-01 00:00:00+09:00,1343.0,1352.0,1341.0,1348.0,27400,0.0,0.0
2022-11-02 00:00:00+09:00,1352.0,1358.0,1351.0,1351.0,24500,0.0,0.0
2022-11-04 00:00:00+09:00,1348.0,1363.0,1348.0,1363.0,39800,0.0,0.0
2022-11-07 00:00:00+09:00,1369.0,1386.0,1364.0,1383.0,41100,0.0,0.0
2022-11-08 00:00:00+09:00,1390.0,1390.0,1383.0,1383.0,18800,0.0,0.0
2022-11-09 00:00:00+09:00,1380.0,1385.0,1365.0,1367.0,31500,0.0,0.0
2022-11-10 00:00:00+09:00,1360.0,1380.0,1360.0,1373.0,22200,0.0,0.0
2022-11-11 00:00:00+09:00,1390.0,1391.0,1379.0,1384.0,27600,0.0,0.0
2022-11-14 00:00:00+09:00,1387.0,1387.0,1371.0,1372.0,22900,0.0,0.0
2022-11-15 00:00:00+09:00,1368.0,1378.0,1366.0,1375.0,14000,0.0,0.0
2022-11-16 00:00:00+09:00,1375.0,1379.0,1371.0,1372.0,25000,0.0,0.0
2022-11-17 00:00:00+09:00,1371.0,1380.0,1371.0,1378.0,18000,0.0,0.0
2022-11-18 00:00:00+09:00,1380.0,1387.0,1378.0,1378.0,19500,0.0,0.0
2022-11-21 00:00:00+09:00,1380.0,1387.0,1380.0,1387.0,9700,0.0,0.0
2022-11-22 00:00:00+09:00,1391.0,1398.0,1390.0,1396.0,32900,0.0,0.0
2022-11-24 00:00:00+09:00,1408.0,1420.0,1407.0,1418.0,30300,0.0,0.0
2022-11-25 00:00:00+09:00,1413.0,1432.0,1413.0,1430.0,35300,0.0,0.0
2022-11-28 00:00:00+09:00,1434.0,1434.0,1424.0,1433.0,28100,0.0,0.0
2022-11-29 00:00:00+09:00,1415.0,1416.0,1384.0,1385.0,119600,0.0,0.0
2022-11-30 00:00:00+09:00,1382.0,1399.0,1382.0,1385.0,54900,0.0,0.0
2022-12-01 00:00:00+09:00,1398.0,1398.0,1386.0,1393.0,27000,0.0,0.0
2022-12-02 00:00:00+09:00,1386.0,1388.0,1378.0,1388.0,39000,0.0,0.0
2022-12-05 00:00:00+09:00,1388.0,1388.0,1366.0,1369.0,41800,0.0,0.0
2022-12-06 00:00:00+09:00,1360.0,1367.0,1356.0,1367.0,24900,0.0,0.0
2022-12-07 00:00:00+09:00,1359.0,1376.0,1359.0,1372.0,18800,0.0,0.0
2022-12-08 00:00:00+09:00,1353.0,1364.0,1338.0,1346.0,160100,0.0,0.0
2022-12-09 00:00:00+09:00,1338.0,1364.0,1338.0,1364.0,67200,0.0,0.0
2022-12-12 00:00:00+09:00,1362.0,1375.0,1362.0,1372.0,22200,0.0,0.0
2022-12-13 00:00:00+09:00,1373.0,1388.0,1373.0,1376.0,37900,0.0,0.0
2022-12-14 00:00:00+09:00,1376.0,1379.0,1368.0,1373.0,39900,0.0,0.0
2022-12-15 00:00:00+09:00,1371.0,1389.0,1370.0,1389.0,20200,0.0,0.0
2022-12-16 00:00:00+09:00,1382.0,1389.0,1374.0,1377.0,46400,0.0,0.0
2022-12-19 00:00:00+09:00,1373.0,1380.0,1372.0,1377.0,18400,0.0,0.0
2022-12-20 00:00:00+09:00,1378.0,1389.0,1358.0,1362.0,61600,0.0,0.0
2022-12-21 00:00:00+09:00,1357.0,1369.0,1354.0,1362.0,40900,0.0,0.0
2022-12-22 00:00:00+09:00,1362.0,1375.0,1361.0,1373.0,18700,0.0,0.0
2022-12-23 00:00:00+09:00,1360.0,1376.0,1360.0,1376.0,25100,0.0,0.0
2022-12-26 00:00:00+09:00,1376.0,1378.0,1362.0,1363.0,152400,0.0,0.0
2022-12-27 00:00:00+09:00,1360.0,1366.0,1346.0,1358.0,151800,0.0,0.0
2022-12-28 00:00:00+09:00,1338.0,1352.0,1329.0,1334.0,448300,0.0,0.0
2022-12-29 00:00:00+09:00,1314.0,1329.0,1302.0,1325.0,236900,0.0,0.0
2022-12-30 00:00:00+09:00,1328.0,1342.0,1320.0,1325.0,41100,0.0,0.0
2023-01-04 00:00:00+09:00,1317.0,1322.0,1308.0,1309.0,48100,0.0,0.0
2023-01-05 00:00:00+09:00,1309.0,1309.0,1292.0,1304.0,59500,0.0,0.0
2023-01-06 00:00:00+09:00,1303.0,1316.0,1300.0,1315.0,28000,0.0,0.0
2023-01-10 00:00:00+09:00,1320.0,1331.0,1316.0,1331.0,44100,0.0,0.0
2023-01-11 00:00:00+09:00,1336.0,1341.0,1332.0,1339.0,36900,0.0,0.0
2023-01-12 00:00:00+09:00,1339.0,1339.0,1331.0,1339.0,27100,0.0,0.0
2023-01-13 00:00:00+09:00,1340.0,1348.0,1338.0,1341.0,39600,0.0,0.0
2023-01-16 00:00:00+09:00,1331.0,1342.0,1323.0,1336.0,29000,0.0,0.0
2023-01-17 00:00:00+09:00,1340.0,1344.0,1337.0,1340.0,17900,0.0,0.0
2023-01-18 00:00:00+09:00,1344.0,1356.0,1339.0,1345.0,24600,0.0,0.0
2023-01-19 00:00:00+09:00,1345.0,1349.0,1343.0,1343.0,13800,0.0,0.0
2023-01-20 00:00:00+09:00,1343.0,1354.0,1341.0,1354.0,15900,0.0,0.0
2023-01-23 00:00:00+09:00,1363.0,1367.0,1357.0,1367.0,28100,0.0,0.0
2023-01-24 00:00:00+09:00,1369.0,1372.0,1363.0,1369.0,32800,0.0,0.0
2023-01-25 00:00:00+09:00,1363.0,1375.0,1363.0,1372.0,22400,0.0,0.0
2023-01-26 00:00:00+09:00,1376.0,1379.0,1372.0,1372.0,16800,0.0,0.0
2023-01-27 00:00:00+09:00,1375.0,1375.0,1361.0,1362.0,13400,0.0,0.0
2023-01-30 00:00:00+09:00,1364.0,1372.0,1364.0,1372.0,17000,0.0,0.0
2023-01-31 00:00:00+09:00,1370.0,1375.0,1365.0,1373.0,26100,0.0,0.0
2023-02-01 00:00:00+09:00,1380.0,1380.0,1369.0,1374.0,24500,0.0,0.0
2023-02-02 00:00:00+09:00,1374.0,1374.0,1355.0,1362.0,30700,0.0,0.0
2023-02-03 00:00:00+09:00,1362.0,1362.0,1349.0,1349.0,29200,0.0,0.0
2023-02-06 00:00:00+09:00,1360.0,1362.0,1350.0,1354.0,19900,0.0,0.0
2023-02-07 00:00:00+09:00,1354.0,1363.0,1354.0,1360.0,10700,0.0,0.0
2023-02-08 00:00:00+09:00,1363.0,1375.0,1362.0,1375.0,28500,0.0,0.0
2023-02-09 00:00:00+09:00,1371.0,1392.0,1368.0,1392.0,30500,0.0,0.0
2023-02-10 00:00:00+09:00,1388.0,1397.0,1384.0,1390.0,17300,0.0,0.0
2023-02-13 00:00:00+09:00,1397.0,1397.0,1383.0,1384.0,15600,0.0,0.0
2023-02-14 00:00:00+09:00,1393.0,1394.0,1386.0,1394.0,12300,0.0,0.0
2023-02-15 00:00:00+09:00,1398.0,1398.0,1382.0,1382.0,15600,0.0,0.0
2023-02-16 00:00:00+09:00,1382.0,1389.0,1382.0,1385.0,16000,0.0,0.0
2023-02-17 00:00:00+09:00,1382.0,1385.0,1380.0,1380.0,15800,0.0,0.0
2023-02-20 00:00:00+09:00,1385.0,1386.0,1380.0,1380.0,11300,0.0,0.0
2023-02-21 00:00:00+09:00,1388.0,1392.0,1383.0,1383.0,9200,0.0,0.0
2023-02-22 00:00:00+09:00,1380.0,1384.0,1378.0,1379.0,13500,0.0,0.0
2023-02-24 00:00:00+09:00,1385.0,1390.0,1379.0,1389.0,21100,0.0,0.0
2023-02-27 00:00:00+09:00,1389.0,1404.0,1389.0,1400.0,19900,0.0,0.0
2023-02-28 00:00:00+09:00,1405.0,1406.0,1398.0,1398.0,11500,0.0,0.0
2023-03-01 00:00:00+09:00,1395.0,1409.0,1395.0,1409.0,19400,0.0,0.0
2023-03-02 00:00:00+09:00,1413.0,1413.0,1404.0,1412.0,14900,0.0,0.0
2023-03-03 00:00:00+09:00,1413.0,1434.0,1411.0,1429.0,42200,0.0,0.0
2023-03-06 00:00:00+09:00,1428.0,1453.0,1428.0,1441.0,41200,0.0,0.0
2023-03-07 00:00:00+09:00,1446.0,1465.0,1441.0,1464.0,27600,0.0,0.0
2023-03-08 00:00:00+09:00,1465.0,1483.0,1462.0,1480.0,32600,0.0,0.0
2023-03-09 00:00:00+09:00,1487.0,1515.0,1487.0,1513.0,45400,0.0,0.0
2023-03-10 00:00:00+09:00,1500.0,1513.0,1493.0,1502.0,39600,0.0,0.0
2023-03-13 00:00:00+09:00,1495.0,1495.0,1472.0,1489.0,37700,0.0,0.0
2023-03-14 00:00:00+09:00,1472.0,1475.0,1440.0,1466.0,64800,0.0,0.0
2023-03-15 00:00:00+09:00,1487.0,1501.0,1477.0,1501.0,34100,0.0,0.0
2023-03-16 00:00:00+09:00,1469.0,1483.0,1465.0,1477.0,39800,0.0,0.0
2023-03-17 00:00:00+09:00,1474.0,1487.0,1464.0,1464.0,27200,0.0,0.0
2023-03-20 00:00:00+09:00,1462.0,1468.0,1441.0,1441.0,26300,0.0,0.0
2023-03-22 00:00:00+09:00,1468.0,1468.0,1459.0,1466.0,17000,0.0,0.0
2023-03-23 00:00:00+09:00,1468.0,1468.0,1450.0,1461.0,11000,0.0,0.0
2023-03-24 00:00:00+09:00,1452.0,1457.0,1448.0,1452.0,14300,0.0,0.0
2023-03-27 00:00:00+09:00,1457.0,1472.0,1457.0,1470.0,21200,0.0,0.0
2023-03-28 00:00:00+09:00,1480.0,1482.0,1461.0,1466.0,18800,0.0,0.0
2023-03-29 00:00:00+09:00,1473.0,1505.0,1472.0,1503.0,47700,0.0,0.0
2023-03-30 00:00:00+09:00,1470.0,1499.0,1470.0,1495.0,31300,0.0,0.0
2023-03-31 00:00:00+09:00,1499.0,1522.0,1499.0,1519.0,50800,0.0,0.0
2023-04-03 00:00:00+09:00,1528.0,1546.0,1526.0,1540.0,59400,0.0,0.0
2023-04-04 00:00:00+09:00,1547.0,1557.0,1540.0,1556.0,52100,0.0,0.0
2023-04-05 00:00:00+09:00,1536.0,1545.0,1520.0,1520.0,44100,0.0,0.0
2023-04-06 00:00:00+09:00,1510.0,1516.0,1499.0,1501.0,41500,0.0,0.0
2023-04-07 00:00:00+09:00,1501.0,1514.0,1500.0,1513.0,79100,0.0,0.0
2023-04-10 00:00:00+09:00,1513.0,1521.0,1501.0,1505.0,39000,0.0,0.0
2023-04-11 00:00:00+09:00,1516.0,1530.0,1514.0,1529.0,34800,0.0,0.0
2023-04-12 00:00:00+09:00,1535.0,1547.0,1528.0,1539.0,35200,0.0,0.0
2023-04-13 00:00:00+09:00,1541.0,1550.0,1531.0,1543.0,30200,0.0,0.0
2023-04-14 00:00:00+09:00,1553.0,1553.0,1530.0,1533.0,218600,0.0,0.0
2023-04-17 00:00:00+09:00,1531.0,1536.0,1524.0,1536.0,41700,0.0,0.0
2023-04-18 00:00:00+09:00,1537.0,1559.0,1534.0,1547.0,31800,0.0,0.0
2023-04-19 00:00:00+09:00,1537.0,1545.0,1535.0,1538.0,22200,0.0,0.0
2023-04-20 00:00:00+09:00,1539.0,1557.0,1539.0,1554.0,23500,0.0,0.0
2023-04-21 00:00:00+09:00,1543.0,1575.0,1543.0,1567.0,194700,0.0,0.0
2023-04-24 00:00:00+09:00,1579.0,1636.0,1579.0,1623.0,80600,0.0,0.0
2023-04-25 00:00:00+09:00,1624.0,1658.0,1617.0,1625.0,66400,0.0,0.0
2023-04-26 00:00:00+09:00,1622.0,1633.0,1617.0,1623.0,23100,0.0,0.0
2023-04-27 00:00:00+09:00,1611.0,1618.0,1602.0,1614.0,33200,0.0,0.0
2023-04-28 00:00:00+09:00,1622.0,1645.0,1619.0,1642.0,148900,0.0,0.0
2023-05-01 00:00:00+09:00,1635.0,1642.0,1618.0,1634.0,44300,0.0,0.0
2023-05-02 00:00:00+09:00,1627.0,1629.0,1605.0,1612.0,69400,0.0,0.0
2023-05-08 00:00:00+09:00,1620.0,1631.0,1613.0,1627.0,51100,0.0,0.0
2023-05-09 00:00:00+09:00,1620.0,1634.0,1620.0,1624.0,53200,0.0,0.0
2023-05-10 00:00:00+09:00,1624.0,1625.0,1610.0,1615.0,34700,0.0,0.0
2023-05-11 00:00:00+09:00,1616.0,1621.0,1611.0,1615.0,30600,0.0,0.0
2023-05-12 00:00:00+09:00,1610.0,1617.0,1604.0,1615.0,48200,0.0,0.0
2023-05-15 00:00:00+09:00,1615.0,1620.0,1609.0,1620.0,58000,0.0,0.0
2023-05-16 00:00:00+09:00,1610.0,1618.0,1607.0,1611.0,46800,0.0,0.0
2023-05-17 00:00:00+09:00,1618.0,1618.0,1564.0,1564.0,95500,0.0,0.0
2023-05-18 00:00:00+09:00,1571.0,1615.0,1571.0,1610.0,100200,0.0,0.0
2023-05-19 00:00:00+09:00,1605.0,1610.0,1597.0,1598.0,79700,0.0,0.0
2023-05-22 00:00:00+09:00,1604.0,1607.0,1597.0,1605.0,15700,0.0,0.0
2023-05-23 00:00:00+09:00,1606.0,1607.0,1589.0,1595.0,44200,0.0,0.0
2023-05-24 00:00:00+09:00,1589.0,1598.0,1582.0,1583.0,20100,0.0,0.0
2023-05-25 00:00:00+09:00,1582.0,1582.0,1572.0,1580.0,31700,0.0,0.0
2023-05-26 00:00:00+09:00,1578.0,1579.0,1565.0,1565.0,30800,0.0,0.0
2023-05-29 00:00:00+09:00,1580.0,1580.0,1569.0,1571.0,19200,0.0,0.0
2023-05-30 00:00:00+09:00,1570.0,1575.0,1563.0,1574.0,24200,0.0,0.0
2023-05-31 00:00:00+09:00,1563.0,1569.0,1549.0,1550.0,45000,0.0,0.0
2023-06-01 00:00:00+09:00,1547.0,1563.0,1544.0,1549.0,33700,0.0,0.0
2023-06-02 00:00:00+09:00,1548.0,1570.0,1548.0,1569.0,31900,0.0,0.0
2023-06-05 00:00:00+09:00,1590.0,1611.0,1588.0,1611.0,60700,0.0,0.0
2023-06-06 00:00:00+09:00,1606.0,1624.0,1605.0,1616.0,46700,0.0,0.0
2023-06-07 00:00:00+09:00,1620.0,1627.0,1605.0,1610.0,41500,0.0,0.0
2023-06-08 00:00:00+09:00,1604.0,1618.0,1595.0,1600.0,152900,0.0,0.0
2023-06-09 00:00:00+09:00,1612.0,1615.0,1607.0,1612.0,83500,0.0,0.0
2023-06-12 00:00:00+09:00,1624.0,1632.0,1618.0,1628.0,65800,0.0,0.0
2023-06-13 00:00:00+09:00,1637.0,1651.0,1633.0,1637.0,65700,0.0,0.0
2023-06-14 00:00:00+09:00,1650.0,1650.0,1634.0,1646.0,31700,0.0,0.0
2023-06-15 00:00:00+09:00,1640.0,1641.0,1628.0,1631.0,53100,0.0,0.0
2023-06-16 00:00:00+09:00,1631.0,1643.0,1627.0,1640.0,100700,0.0,0.0
2023-06-19 00:00:00+09:00,1641.0,1648.0,1632.0,1636.0,42300,0.0,0.0
2023-06-20 00:00:00+09:00,1636.0,1642.0,1633.0,1641.0,31400,0.0,0.0
2023-06-21 00:00:00+09:00,1641.0,1646.0,1633.0,1635.0,50900,0.0,0.0
2023-06-22 00:00:00+09:00,1635.0,1640.0,1607.0,1611.0,136100,0.0,0.0
2023-06-23 00:00:00+09:00,1621.0,1624.0,1598.0,1604.0,62500,0.0,0.0
2023-06-26 00:00:00+09:00,1604.0,1619.0,1598.0,1612.0,74800,0.0,0.0
2023-06-27 00:00:00+09:00,1603.0,1608.0,1587.0,1602.0,137500,0.0,0.0
2023-06-28 00:00:00+09:00,1605.0,1612.0,1581.0,1597.0,647100,0.0,0.0
2023-06-29 00:00:00+09:00,1587.0,1587.0,1554.0,1557.0,355700,0.0,0.0
2023-06-30 00:00:00+09:00,1557.0,1564.0,1543.0,1547.0,76100,0.0,0.0
2023-07-03 00:00:00+09:00,1552.0,1564.0,1542.0,1545.0,65100,0.0,0.0
2023-07-04 00:00:00+09:00,1540.0,1540.0,1517.0,1517.0,68800,0.0,0.0
2023-07-05 00:00:00+09:00,1510.0,1515.0,1499.0,1503.0,101800,0.0,0.0
2023-07-06 00:00:00+09:00,1503.0,1534.0,1502.0,1515.0,60500,0.0,0.0
2023-07-07 00:00:00+09:00,1510.0,1513.0,1497.0,1500.0,57800,0.0,0.0
2023-07-10 00:00:00+09:00,1499.0,1509.0,1495.0,1500.0,45700,0.0,0.0
2023-07-11 00:00:00+09:00,1512.0,1515.0,1503.0,1505.0,38500,0.0,0.0
2023-07-12 00:00:00+09:00,1513.0,1515.0,1505.0,1505.0,29300,0.0,0.0
2023-07-13 00:00:00+09:00,1510.0,1519.0,1503.0,1513.0,34600,0.0,0.0
2023-07-14 00:00:00+09:00,1520.0,1521.0,1504.0,1510.0,26300,0.0,0.0
2023-07-18 00:00:00+09:00,1511.0,1538.0,1511.0,1534.0,38900,0.0,0.0
2023-07-19 00:00:00+09:00,1545.0,1553.0,1531.0,1543.0,50200,0.0,0.0
2023-07-20 00:00:00+09:00,1544.0,1545.0,1525.0,1528.0,28800,0.0,0.0
2023-07-21 00:00:00+09:00,1531.0,1534.0,1517.0,1521.0,24200,0.0,0.0
2023-07-24 00:00:00+09:00,1528.0,1538.0,1526.0,1532.0,17200,0.0,0.0
2023-07-25 00:00:00+09:00,1529.0,1540.0,1529.0,1534.0,22000,0.0,0.0
2023-07-26 00:00:00+09:00,1534.0,1536.0,1523.0,1525.0,20300,0.0,0.0
2023-07-27 00:00:00+09:00,1525.0,1534.0,1524.0,1534.0,20200,0.0,0.0
2023-07-28 00:00:00+09:00,1533.0,1537.0,1521.0,1537.0,44400,0.0,0.0
2023-07-31 00:00:00+09:00,1541.0,1542.0,1528.0,1530.0,33400,0.0,0.0
2023-08-01 00:00:00+09:00,1512.0,1521.0,1504.0,1517.0,50700,0.0,0.0
2023-08-02 00:00:00+09:00,1509.0,1516.0,1502.0,1504.0,38300,0.0,0.0
2023-08-03 00:00:00+09:00,1500.0,1501.0,1477.0,1477.0,75800,0.0,0.0
2023-08-04 00:00:00+09:00,1473.0,1485.0,1465.0,1466.0,36600,0.0,0.0
2023-08-07 00:00:00+09:00,1461.0,1475.0,1453.0,1468.0,42700,0.0,0.0
2023-08-08 00:00:00+09:00,1466.0,1477.0,1466.0,1470.0,29600,0.0,0.0
2023-08-09 00:00:00+09:00,1463.0,1467.0,1456.0,1465.0,22800,0.0,0.0
2023-08-10 00:00:00+09:00,1465.0,1478.0,1457.0,1478.0,23600,0.0,0.0
2023-08-14 00:00:00+09:00,1485.0,1488.0,1480.0,1484.0,21600,0.0,0.0
2023-08-15 00:00:00+09:00,1484.0,1500.0,1482.0,1499.0,25100,0.0,0.0
2023-08-16 00:00:00+09:00,1494.0,1500.0,1490.0,1492.0,23100,0.0,0.0
2023-08-17 00:00:00+09:00,1490.0,1499.0,1484.0,1498.0,23800,0.0,0.0
2023-08-18 00:00:00+09:00,1495.0,1505.0,1493.0,1498.0,23600,0.0,0.0
2023-08-21 00:00:00+09:00,1499.0,1513.0,1498.0,1502.0,17700,0.0,0.0
2023-08-22 00:00:00+09:00,1509.0,1509.0,1493.0,1498.0,20400,0.0,0.0
2023-08-23 00:00:00+09:00,1505.0,1505.0,1492.0,1501.0,13800,0.0,0.0
2023-08-24 00:00:00+09:00,1497.0,1510.0,1497.0,1505.0,16000,0.0,0.0
2023-08-25 00:00:00+09:00,1500.0,1508.0,1500.0,1501.0,18700,0.0,0.0
2023-08-28 00:00:00+09:00,1503.0,1519.0,1503.0,1517.0,13500,0.0,0.0
2023-08-29 00:00:00+09:00,1520.0,1522.0,1510.0,1513.0,18300,0.0,0.0
2023-08-30 00:00:00+09:00,1520.0,1520.0,1506.0,1510.0,29000,0.0,0.0
2023-08-31 00:00:00+09:00,1510.0,1515.0,1508.0,1510.0,27400,0.0,0.0
2023-09-01 00:00:00+09:00,1512.0,1519.0,1509.0,1518.0,33100,0.0,0.0
2023-09-04 00:00:00+09:00,1522.0,1525.0,1509.0,1524.0,41300,0.0,0.0
2023-09-05 00:00:00+09:00,1525.0,1530.0,1522.0,1530.0,20700,0.0,0.0
2023-09-06 00:00:00+09:00,1530.0,1538.0,1527.0,1532.0,22700,0.0,0.0
2023-09-07 00:00:00+09:00,1523.0,1533.0,1523.0,1528.0,22200,0.0,0.0
2023-09-08 00:00:00+09:00,1525.0,1534.0,1524.0,1525.0,30500,0.0,0.0
2023-09-11 00:00:00+09:00,1530.0,1535.0,1521.0,1526.0,19700,0.0,0.0
2023-09-12 00:00:00+09:00,1531.0,1533.0,1524.0,1528.0,11200,0.0,0.0
2023-09-13 00:00:00+09:00,1525.0,1529.0,1520.0,1524.0,27900,0.0,0.0
2023-09-14 00:00:00+09:00,1525.0,1527.0,1514.0,1520.0,30700,0.0,0.0
2023-09-15 00:00:00+09:00,1526.0,1532.0,1521.0,1529.0,28400,0.0,0.0
2023-09-19 00:00:00+09:00,1529.0,1536.0,1520.0,1535.0,29900,0.0,0.0
2023-09-20 00:00:00+09:00,1546.0,1550.0,1531.0,1532.0,35900,0.0,0.0
2023-09-21 00:00:00+09:00,1540.0,1543.0,1535.0,1538.0,27400,0.0,0.0
2023-09-22 00:00:00+09:00,1534.0,1540.0,1523.0,1532.0,30600,0.0,0.0
2023-09-25 00:00:00+09:00,1526.0,1551.0,1526.0,1545.0,35900,0.0,0.0
2023-09-26 00:00:00+09:00,1548.0,1548.0,1536.0,1536.0,37700,0.0,0.0
2023-09-27 00:00:00+09:00,1535.0,1548.0,1523.0,1548.0,44200,0.0,0.0
2023-09-28 00:00:00+09:00,1517.0,1527.0,1514.0,1517.0,52700,0.0,0.0
2023-09-29 00:00:00+09:00,1528.0,1529.0,1511.0,1514.0,30800,0.0,0.0
2023-10-02 00:00:00+09:00,1515.0,1528.0,1509.0,1511.0,37100,0.0,0.0
2023-10-03 00:00:00+09:00,1512.0,1512.0,1490.0,1492.0,65700,0.0,0.0
2023-10-04 00:00:00+09:00,1480.0,1491.0,1464.0,1466.0,98200,0.0,0.0
2023-10-05 00:00:00+09:00,1487.0,1499.0,1483.0,1492.0,95700,0.0,0.0
2023-10-06 00:00:00+09:00,1498.0,1508.0,1484.0,1491.0,87200,0.0,0.0
2023-10-10 00:00:00+09:00,1505.0,1513.0,1502.0,1511.0,64200,0.0,0.0
2023-10-11 00:00:00+09:00,1511.0,1515.0,1506.0,1506.0,22500,0.0,0.0
2023-10-12 00:00:00+09:00,1506.0,1526.0,1506.0,1524.0,50200,0.0,0.0
2023-10-13 00:00:00+09:00,1511.0,1522.0,1506.0,1511.0,40900,0.0,0.0
2023-10-16 00:00:00+09:00,1501.0,1511.0,1491.0,1494.0,65900,0.0,0.0
2023-10-17 00:00:00+09:00,1500.0,1508.0,1492.0,1498.0,35300,0.0,0.0
2023-10-18 00:00:00+09:00,1497.0,1501.0,1480.0,1491.0,42700,0.0,0.0
2023-10-19 00:00:00+09:00,1481.0,1494.0,1481.0,1489.0,38200,0.0,0.0
2023-10-20 00:00:00+09:00,1494.0,1500.0,1485.0,1493.0,51700,0.0,0.0
2023-10-23 00:00:00+09:00,1493.0,1496.0,1480.0,1480.0,65600,0.0,0.0
2023-10-24 00:00:00+09:00,1479.0,1480.0,1451.0,1474.0,83800,0.0,0.0
2023-10-25 00:00:00+09:00,1478.0,1478.0,1468.0,1471.0,47300,0.0,0.0
2023-10-26 00:00:00+09:00,1469.0,1481.0,1460.0,1462.0,47800,0.0,0.0
2023-10-27 00:00:00+09:00,1462.0,1482.0,1462.0,1481.0,32700,0.0,0.0
2023-10-30 00:00:00+09:00,1475.0,1480.0,1460.0,1467.0,54100,0.0,0.0
2023-10-31 00:00:00+09:00,1474.0,1482.0,1463.0,1479.0,33100,0.0,0.0
2023-11-01 00:00:00+09:00,1509.0,1524.0,1509.0,1518.0,63000,0.0,0.0
2023-11-02 00:00:00+09:00,1525.0,1526.0,1507.0,1519.0,35100,0.0,0.0
2023-11-06 00:00:00+09:00,1533.0,1538.0,1520.0,1534.0,42600,0.0,0.0
2023-11-07 00:00:00+09:00,1535.0,1547.0,1533.0,1534.0,30500,0.0,0.0
2023-11-08 00:00:00+09:00,1530.0,1543.0,1518.0,1529.0,40500,0.0,0.0
2023-11-09 00:00:00+09:00,1535.0,1537.0,1527.0,1531.0,34400,0.0,0.0
2023-11-10 00:00:00+09:00,1530.0,1543.0,1526.0,1542.0,39700,0.0,0.0
2023-11-13 00:00:00+09:00,1547.0,1552.0,1540.0,1551.0,23500,0.0,0.0
2023-11-14 00:00:00+09:00,1550.0,1559.0,1547.0,1551.0,18700,0.0,0.0
2023-11-15 00:00:00+09:00,1561.0,1561.0,1547.0,1555.0,27600,0.0,0.0
2023-11-16 00:00:00+09:00,1554.0,1560.0,1545.0,1556.0,27700,0.0,0.0
2023-11-17 00:00:00+09:00,1557.0,1572.0,1557.0,1564.0,39100,0.0,0.0
2023-11-20 00:00:00+09:00,1568.0,1575.0,1560.0,1560.0,41800,0.0,0.0
2023-11-21 00:00:00+09:00,1558.0,1566.0,1555.0,1561.0,33600,0.0,0.0
2023-11-22 00:00:00+09:00,1565.0,1575.0,1562.0,1563.0,28100,0.0,0.0
2023-11-24 00:00:00+09:00,1575.0,1575.0,1566.0,1570.0,25000,0.0,0.0
2023-11-27 00:00:00+09:00,1570.0,1578.0,1562.0,1565.0,48100,0.0,0.0
2023-11-28 00:00:00+09:00,1565.0,1570.0,1562.0,1566.0,20600,0.0,0.0
2023-11-29 00:00:00+09:00,1564.0,1577.0,1564.0,1568.0,24100,0.0,0.0
2023-11-30 00:00:00+09:00,1572.0,1582.0,1567.0,1580.0,43600,0.0,0.0
2023-12-01 00:00:00+09:00,1582.0,1585.0,1570.0,1570.0,38400,0.0,0.0
2023-12-04 00:00:00+09:00,1574.0,1584.0,1570.0,1583.0,33400,0.0,0.0
2023-12-05 00:00:00+09:00,1578.0,1588.0,1570.0,1570.0,53500,0.0,0.0
2023-12-06 00:00:00+09:00,1571.0,1581.0,1569.0,1575.0,40200,0.0,0.0
2023-12-07 00:00:00+09:00,1570.0,1573.0,1558.0,1561.0,109700,0.0,0.0
2023-12-08 00:00:00+09:00,1557.0,1564.0,1539.0,1542.0,67500,0.0,0.0
2023-12-11 00:00:00+09:00,1548.0,1558.0,1548.0,1558.0,29100,0.0,0.0
2023-12-12 00:00:00+09:00,1564.0,1568.0,1561.0,1563.0,28800,0.0,0.0
2023-12-13 00:00:00+09:00,1567.0,1567.0,1553.0,1560.0,20600,0.0,0.0
2023-12-14 00:00:00+09:00,1558.0,1562.0,1549.0,1554.0,47500,0.0,0.0
2023-12-15 00:00:00+09:00,1548.0,1552.0,1527.0,1527.0,84700,0.0,0.0
2023-12-18 00:00:00+09:00,1520.0,1526.0,1515.0,1526.0,58400,0.0,0.0
2023-12-19 00:00:00+09:00,1524.0,1525.0,1512.0,1522.0,43800,0.0,0.0
2023-12-20 00:00:00+09:00,1522.0,1525.0,1517.0,1518.0,47600,0.0,0.0
2023-12-21 00:00:00+09:00,1512.0,1514.0,1508.0,1512.0,49000,0.0,0.0
2023-12-22 00:00:00+09:00,1512.0,1525.0,1512.0,1525.0,47100,0.0,0.0
2023-12-25 00:00:00+09:00,1534.0,1534.0,1518.0,1521.0,48600,0.0,0.0
2023-12-26 00:00:00+09:00,1524.0,1525.0,1511.0,1517.0,93900,0.0,0.0
2023-12-27 00:00:00+09:00,1516.0,1521.0,1505.0,1511.0,532200,0.0,0.0
2023-12-28 00:00:00+09:00,1490.0,1508.0,1490.0,1499.0,276600,0.0,0.0
2023-12-29 00:00:00+09:00,1499.0,1532.0,1499.0,1525.0,83500,0.0,0.0
2024-01-04 00:00:00+09:00,1520.0,1530.0,1509.0,1530.0,51100,0.0,0.0
2024-01-05 00:00:00+09:00,1526.0,1549.0,1521.0,1523.0,72700,0.0,0.0
2024-01-09 00:00:00+09:00,1526.0,1542.0,1519.0,1542.0,65800,0.0,0.0
2024-01-10 00:00:00+09:00,1551.0,1577.0,1551.0,1572.0,68200,0.0,0.0
2024-01-11 00:00:00+09:00,1588.0,1588.0,1571.0,1585.0,47100,0.0,0.0
2024-01-12 00:00:00+09:00,1585.0,1593.0,1579.0,1586.0,52100,0.0,0.0
2024-01-15 00:00:00+09:00,1580.0,1588.0,1580.0,1586.0,2200,0.0,0.0
2024-01-16 00:00:00+09:00,1580.0,1598.0,1575.0,1576.0,42700,0.0,0.0
2024-01-17 00:00:00+09:00,1578.0,1599.0,1574.0,1583.0,45200,0.0,0.0
2024-01-18 00:00:00+09:00,1579.0,1587.0,1578.0,1584.0,18400,0.0,0.0
2024-01-19 00:00:00+09:00,1580.0,1591.0,1580.0,1590.0,23900,0.0,0.0
2024-01-22 00:00:00+09:00,1591.0,1599.0,1591.0,1597.0,20200,0.0,0.0
2024-01-23 00:00:00+09:00,1596.0,1597.0,1583.0,1584.0,25100,0.0,0.0
2024-01-24 00:00:00+09:00,1580.0,1583.0,1565.0,1567.0,30100,0.0,0.0
2024-01-25 00:00:00+09:00,1562.0,1580.0,1562.0,1577.0,20000,0.0,0.0
2024-01-26 00:00:00+09:00,1577.0,1583.0,1572.0,1572.0,20100,0.0,0.0
2024-01-29 00:00:00+09:00,1576.0,1587.0,1576.0,1587.0,12600,0.0,0.0
2024-01-30 00:00:00+09:00,1590.0,1593.0,1585.0,1587.0,26600,0.0,0.0
2024-01-31 00:00:00+09:00,1574.0,1585.0,1572.0,1580.0,27100,0.0,0.0
2024-02-01 00:00:00+09:00,1575.0,1587.0,1573.0,1581.0,30900,0.0,0.0
2024-02-02 00:00:00+09:00,1583.0,1596.0,1583.0,1592.0,32900,0.0,0.0
2024-02-05 00:00:00+09:00,1590.0,1600.0,1590.0,1599.0,36800,0.0,0.0
2024-02-06 00:00:00+09:00,1593.0,1593.0,1593.0,1593.0,2300,0.0,0.0
2024-02-07 00:00:00+09:00,1590.0,1608.0,1590.0,1605.0,33300,0.0,0.0
2024-02-08 00:00:00+09:00,1601.0,1606.0,1589.0,1601.0,35600,0.0,0.0
2024-02-09 00:00:00+09:00,1589.0,1607.0,1589.0,1598.0,21500,0.0,0.0
2024-02-13 00:00:00+09:00,1597.0,1605.0,1597.0,1602.0,25000,0.0,0.0
2024-02-14 00:00:00+09:00,1602.0,1602.0,1585.0,1588.0,22900,0.0,0.0
2024-02-15 00:00:00+09:00,1592.0,1594.0,1583.0,1586.0,16900,0.0,0.0
2024-02-16 00:00:00+09:00,1586.0,1590.0,1577.0,1578.0,31000,0.0,0.0
2024-02-19 00:00:00+09:00,1575.0,1580.0,1564.0,1574.0,18500,0.0,0.0
2024-02-20 00:00:00+09:00,1579.0,1594.0,1579.0,1588.0,15400,0.0,0.0
2024-02-21 00:00:00+09:00,1588.0,1593.0,1580.0,1592.0,11900,0.0,0.0
2024-02-22 00:00:00+09:00,1597.0,1612.0,1591.0,1611.0,37800,0.0,0.0
2024-02-26 00:00:00+09:00,1619.0,1621.0,1606.0,1611.0,29400,0.0,0.0
2024-02-27 00:00:00+09:00,1608.0,1647.0,1608.0,1647.0,51100,0.0,0.0
2024-02-28 00:00:00+09:00,1636.0,1674.0,1636.0,1664.0,44600,0.0,0.0
2024-02-29 00:00:00+09:00,1660.0,1667.0,1649.0,1660.0,29500,0.0,0.0
2024-03-01 00:00:00+09:00,1655.0,1672.0,1653.0,1668.0,25100,0.0,0.0
2024-03-04 00:00:00+09:00,1668.0,1668.0,1642.0,1648.0,24700,0.0,0.0
2024-03-05 00:00:00+09:00,1650.0,1666.0,1648.0,1653.0,22100,0.0,0.0
2024-03-06 00:00:00+09:00,1640.0,1652.0,1635.0,1643.0,30100,0.0,0.0
2024-03-07 00:00:00+09:00,1659.0,1659.0,1646.0,1652.0,18400,0.0,0.0
2024-03-08 00:00:00+09:00,1652.0,1678.0,1652.0,1667.0,54400,0.0,0.0
2024-03-11 00:00:00+09:00,1664.0,1665.0,1645.0,1659.0,22700,0.0,0.0
2024-03-12 00:00:00+09:00,1659.0,1677.0,1645.0,1677.0,19900,0.0,0.0
2024-03-13 00:00:00+09:00,1680.0,1693.0,1673.0,1687.0,20700,0.0,0.0
2024-03-14 00:00:00+09:00,1689.0,1695.0,1680.0,1692.0,18100,0.0,0.0
2024-03-15 00:00:00+09:00,1697.0,1717.0,1697.0,1707.0,34300,0.0,0.0
2024-03-18 00:00:00+09:00,1718.0,1725.0,1691.0,1697.0,26400,0.0,0.0
2024-03-19 00:00:00+09:00,1698.0,1699.0,1682.0,1694.0,15000,0.0,0.0
2024-03-21 00:00:00+09:00,1709.0,1712.0,1697.0,1701.0,19400,0.0,0.0
2024-03-22 00:00:00+09:00,1708.0,1708.0,1689.0,1697.0,19400,0.0,0.0
2024-03-25 00:00:00+09:00,1694.0,1698.0,1681.0,1691.0,26800,0.0,0.0
2024-03-26 00:00:00+09:00,1686.0,1700.0,1685.0,1697.0,20800,0.0,0.0
2024-03-27 00:00:00+09:00,1700.0,1728.0,1700.0,1718.0,42400,0.0,0.0
2024-03-28 00:00:00+09:00,1693.0,1722.0,1693.0,1704.0,36800,0.0,0.0
2024-03-29 00:00:00+09:00,1718.0,1751.0,1718.0,1741.0,31700,0.0,0.0
2024-04-01 00:00:00+09:00,1737.0,1737.0,1712.0,1719.0,40300,0.0,0.0
2024-04-02 00:00:00+09:00,1719.0,1743.0,1712.0,1715.0,36600,0.0,0.0
2024-04-03 00:00:00+09:00,1715.0,1740.0,1712.0,1729.0,37700,0.0,0.0
2024-04-04 00:00:00+09:00,1744.0,1744.0,1726.0,1734.0,38200,0.0,0.0
2024-04-05 00:00:00+09:00,1729.0,1738.0,1723.0,1737.0,32000,0.0,0.0
2024-04-08 00:00:00+09:00,1734.0,1734.0,1717.0,1731.0,43600,0.0,0.0
2024-04-09 00:00:00+09:00,1729.0,1748.0,1729.0,1748.0,29700,0.0,0.0
2024-04-10 00:00:00+09:00,1746.0,1778.0,1745.0,1773.0,29700,0.0,0.0
2024-04-11 00:00:00+09:00,1771.0,1772.0,1755.0,1764.0,33700,0.0,0.0
2024-04-12 00:00:00+09:00,1772.0,1774.0,1761.0,1770.0,32100,0.0,0.0
2024-04-15 00:00:00+09:00,1778.0,1792.0,1766.0,1786.0,27800,0.0,0.0
2024-04-16 00:00:00+09:00,1785.0,1785.0,1748.0,1750.0,35900,0.0,0.0
2024-04-17 00:00:00+09:00,1747.0,1759.0,1720.0,1727.0,30800,0.0,0.0
2024-04-18 00:00:00+09:00,1717.0,1731.0,1704.0,1719.0,63200,0.0,0.0
2024-04-19 00:00:00+09:00,1702.0,1721.0,1670.0,1687.0,102300,0.0,0.0
2024-04-22 00:00:00+09:00,1701.0,1709.0,1687.0,1700.0,45400,0.0,0.0
2024-04-23 00:00:00+09:00,1708.0,1722.0,1703.0,1706.0,24500,0.0,0.0
2024-04-24 00:00:00+09:00,1713.0,1725.0,1708.0,1725.0,22200,0.0,0.0
2024-04-25 00:00:00+09:00,1711.0,1716.0,1705.0,1710.0,43300,0.0,0.0
2024-04-26 00:00:00+09:00,1714.0,1721.0,1697.0,1715.0,51300,0.0,0.0
2024-04-30 00:00:00+09:00,1734.0,1734.0,1715.0,1721.0,92400,0.0,0.0
2024-05-01 00:00:00+09:00,1717.0,1723.0,1703.0,1710.0,96100,0.0,0.0
2024-05-02 00:00:00+09:00,1712.0,1724.0,1710.0,1720.0,49700,0.0,0.0
2024-05-07 00:00:00+09:00,1720.0,1746.0,1720.0,1742.0,45000,0.0,0.0
2024-05-08 00:00:00+09:00,1740.0,1746.0,1724.0,1727.0,41200,0.0,0.0
2024-05-09 00:00:00+09:00,1722.0,1738.0,1721.0,1735.0,33200,0.0,0.0
2024-05-10 00:00:00+09:00,1735.0,1740.0,1727.0,1736.0,31000,0.0,0.0
2024-05-13 00:00:00+09:00,1733.0,1751.0,1732.0,1741.0,39800,0.0,0.0
2024-05-14 00:00:00+09:00,1752.0,1755.0,1740.0,1751.0,32000,0.0,0.0
2024-05-15 00:00:00+09:00,1751.0,1828.0,1736.0,1808.0,80400,0.0,0.0
2024-05-16 00:00:00+09:00,1808.0,1808.0,1772.0,1781.0,30800,0.0,0.0
2024-05-17 00:00:00+09:00,1770.0,1800.0,1764.0,1800.0,26300,0.0,0.0
2024-05-20 00:00:00+09:00,1800.0,1835.0,1800.0,1820.0,21700,0.0,0.0
2024-05-21 00:00:00+09:00,1820.0,1829.0,1803.0,1815.0,19000,0.0,0.0
2024-05-22 00:00:00+09:00,1815.0,1821.0,1806.0,1814.0,18900,0.0,0.0
2024-05-23 00:00:00+09:00,1807.0,1814.0,1781.0,1783.0,34500,0.0,0.0
2024-05-24 00:00:00+09:00,1761.0,1786.0,1752.0,1778.0,23600,0.0,0.0
2024-05-27 00:00:00+09:00,1784.0,1807.0,1784.0,1807.0,14900,0.0,0.0
2024-05-28 00:00:00+09:00,1807.0,1824.0,1807.0,1824.0,23200,0.0,0.0
2024-05-29 00:00:00+09:00,1822.0,1835.0,1807.0,1808.0,27300,0.0,0.0
2024-05-30 00:00:00+09:00,1800.0,1834.0,1799.0,1832.0,33300,0.0,0.0
2024-05-31 00:00:00+09:00,1841.0,1861.0,1834.0,1857.0,36600,0.0,0.0
2024-06-03 00:00:00+09:00,1900.0,1900.0,1870.0,1876.0,32500,0.0,0.0
2024-06-04 00:00:00+09:00,1885.0,1890.0,1873.0,1888.0,33900,0.0,0.0
2024-06-05 00:00:00+09:00,1896.0,1896.0,1859.0,1863.0,45700,0.0,0.0
2024-06-06 00:00:00+09:00,1869.0,1887.0,1854.0,1860.0,106700,0.0,0.0
2024-06-07 00:00:00+09:00,1862.0,1871.0,1828.0,1829.0,95000,0.0,0.0
2024-06-10 00:00:00+09:00,1828.0,1843.0,1828.0,1835.0,65200,0.0,0.0
2024-06-11 00:00:00+09:00,1850.0,1865.0,1838.0,1839.0,38000,0.0,0.0
2024-06-12 00:00:00+09:00,1841.0,1849.0,1825.0,1825.0,44600,0.0,0.0
2024-06-13 00:00:00+09:00,1825.0,1825.0,1783.0,1793.0,71800,0.0,0.0
2024-06-14 00:00:00+09:00,1792.0,1820.0,1790.0,1819.0,80900,0.0,0.0
2024-06-17 00:00:00+09:00,1817.0,1817.0,1777.0,1800.0,66700,0.0,0.0
2024-06-18 00:00:00+09:00,1807.0,1815.0,1796.0,1800.0,45500,0.0,0.0
2024-06-19 00:00:00+09:00,1817.0,1835.0,1810.0,1822.0,107300,0.0,0.0
2024-06-20 00:00:00+09:00,1816.0,1831.0,1786.0,1793.0,88600,0.0,0.0
2024-06-21 00:00:00+09:00,1785.0,1805.0,1781.0,1785.0,116400,0.0,0.0
2024-06-24 00:00:00+09:00,1786.0,1797.0,1775.0,1792.0,128000,0.0,0.0
2024-06-25 00:00:00+09:00,1805.0,1827.0,1802.0,1814.0,135900,0.0,0.0
2024-06-26 00:00:00+09:00,1854.0,1854.0,1830.0,1836.0,343300,0.0,0.0
2024-06-27 00:00:00+09:00,1841.0,1842.0,1823.0,1836.0,270500,0.0,0.0
2024-06-28 00:00:00+09:00,1831.0,1857.0,1830.0,1856.0,56400,0.0,0.0
2024-07-01 00:00:00+09:00,1856.0,1875.0,1841.0,1855.0,62000,0.0,0.0
2024-07-02 00:00:00+09:00,1865.0,1874.0,1850.0,1874.0,44700,0.0,0.0
2024-07-03 00:00:00+09:00,1893.0,1899.0,1882.0,1899.0,64700,0.0,0.0
2024-07-04 00:00:00+09:00,1900.0,1904.0,1878.0,1900.0,37400,0.0,0.0
2024-07-05 00:00:00+09:00,1908.0,1910.0,1879.0,1891.0,28500,0.0,0.0
2024-07-08 00:00:00+09:00,1947.0,1962.0,1920.0,1932.0,83200,0.0,0.0
2024-07-09 00:00:00+09:00,1948.0,1975.0,1935.0,1942.0,63100,0.0,0.0
2024-07-10 00:00:00+09:00,1931.0,1931.0,1881.0,1897.0,61300,0.0,0.0
2024-07-11 00:00:00+09:00,1915.0,1915.0,1894.0,1905.0,24300,0.0,0.0
2024-07-12 00:00:00+09:00,1900.0,1930.0,1892.0,1919.0,29800,0.0,0.0
2024-07-16 00:00:00+09:00,1945.0,1960.0,1920.0,1922.0,50800,0.0,0.0
2024-07-17 00:00:00+09:00,1934.0,1936.0,1921.0,1927.0,24200,0.0,0.0
2024-07-18 00:00:00+09:00,1920.0,1928.0,1903.0,1904.0,13700,0.0,0.0
2024-07-19 00:00:00+09:00,1899.0,1910.0,1892.0,1902.0,23500,0.0,0.0
2024-07-22 00:00:00+09:00,1902.0,1902.0,1871.0,1873.0,25300,0.0,0.0
2024-07-23 00:00:00+09:00,1877.0,1887.0,1870.0,1879.0,12100,0.0,0.0
2024-07-24 00:00:00+09:00,1879.0,1881.0,1844.0,1849.0,22400,0.0,0.0
2024-07-25 00:00:00+09:00,1818.0,1851.0,1818.0,1835.0,36800,0.0,0.0
2024-07-26 00:00:00+09:00,1840.0,1858.0,1840.0,1850.0,16200,0.0,0.0
2024-07-29 00:00:00+09:00,1879.0,1879.0,1858.0,1871.0,23000,0.0,0.0
2024-07-30 00:00:00+09:00,1871.0,1871.0,1854.0,1855.0,13400,0.0,0.0
2024-07-31 00:00:00+09:00,1850.0,1929.0,1850.0,1929.0,28500,0.0,0.0
2024-08-01 00:00:00+09:00,1898.0,1898.0,1806.0,1816.0,56900,0.0,0.0
2024-08-02 00:00:00+09:00,1798.0,1798.0,1732.0,1733.0,49800,0.0,0.0
2024-08-05 00:00:00+09:00,1640.0,1666.0,1510.0,1561.0,87600,0.0,0.0
2024-08-06 00:00:00+09:00,1641.0,1680.0,1604.0,1672.0,44200,0.0,0.0
2024-08-07 00:00:00+09:00,1676.0,1719.0,1624.0,1673.0,31700,0.0,0.0
2024-08-08 00:00:00+09:00,1666.0,1680.0,1644.0,1647.0,26900,0.0,0.0
2024-08-09 00:00:00+09:00,1687.0,1713.0,1668.0,1690.0,34600,0.0,0.0
2024-08-13 00:00:00+09:00,1709.0,1727.0,1704.0,1719.0,21300,0.0,0.0
2024-08-14 00:00:00+09:00,1719.0,1735.0,1705.0,1727.0,16500,0.0,0.0
2024-08-15 00:00:00+09:00,1745.0,1754.0,1736.0,1746.0,17800,0.0,0.0
2024-08-16 00:00:00+09:00,1758.0,1783.0,1758.0,1783.0,17600,0.0,0.0
2024-08-19 00:00:00+09:00,1781.0,1789.0,1768.0,1775.0,19200,0.0,0.0
2024-08-20 00:00:00+09:00,1780.0,1787.0,1774.0,1787.0,15200,0.0,0.0
2024-08-21 00:00:00+09:00,1777.0,1791.0,1777.0,1786.0,7400,0.0,0.0
2024-08-22 00:00:00+09:00,1800.0,1812.0,1785.0,1796.0,14100,0.0,0.0
2024-08-23 00:00:00+09:00,1799.0,1813.0,1799.0,1805.0,11300,0.0,0.0
2024-08-26 00:00:00+09:00,1814.0,1835.0,1806.0,1832.0,15200,0.0,0.0
2024-08-27 00:00:00+09:00,1836.0,1837.0,1824.0,1837.0,9300,0.0,0.0
2024-08-28 00:00:00+09:00,1834.0,1834.0,1811.0,1832.0,11800,0.0,0.0
2024-08-29 00:00:00+09:00,1839.0,1843.0,1823.0,1838.0,15700,0.0,0.0
2024-08-30 00:00:00+09:00,1838.0,1840.0,1826.0,1832.0,13700,0.0,0.0
2024-09-02 00:00:00+09:00,1835.0,1835.0,1811.0,1820.0,13800,0.0,0.0
2024-09-03 00:00:00+09:00,1820.0,1826.0,1815.0,1821.0,8600,0.0,0.0
2024-09-04 00:00:00+09:00,1800.0,1812.0,1788.0,1793.0,24600,0.0,0.0
2024-09-05 00:00:00+09:00,1790.0,1814.0,1788.0,1803.0,14500,0.0,0.0
2024-09-06 00:00:00+09:00,1796.0,1803.0,1778.0,1782.0,31700,0.0,0.0
2024-09-09 00:00:00+09:00,1756.0,1791.0,1756.0,1781.0,22800,0.0,0.0
2024-09-10 00:00:00+09:00,1768.0,1793.0,1757.0,1759.0,22400,0.0,0.0
2024-09-11 00:00:00+09:00,1755.0,1755.0,1706.0,1720.0,39000,0.0,0.0
2024-09-12 00:00:00+09:00,1760.0,1763.0,1727.0,1744.0,24500,0.0,0.0
2024-09-13 00:00:00+09:00,1736.0,1742.0,1726.0,1726.0,25200,0.0,0.0
2024-09-17 00:00:00+09:00,1728.0,1740.0,1721.0,1733.0,21200,0.0,0.0
2024-09-18 00:00:00+09:00,1748.0,1748.0,1725.0,1744.0,12500,0.0,0.0
2024-09-19 00:00:00+09:00,1750.0,1752.0,1737.0,1745.0,18900,0.0,0.0
2024-09-20 00:00:00+09:00,1773.0,1773.0,1742.0,1745.0,17800,0.0,0.0
2024-09-24 00:00:00+09:00,1754.0,1769.0,1748.0,1767.0,27900,0.0,0.0
2024-09-25 00:00:00+09:00,1763.0,1772.0,1750.0,1767.0,16300,0.0,0.0
2024-09-26 00:00:00+09:00,1776.0,1812.0,1775.0,1803.0,46100,0.0,0.0
2024-09-27 00:00:00+09:00,1782.0,1805.0,1780.0,1798.0,25000,0.0,0.0
2024-09-30 00:00:00+09:00,1758.0,1784.0,1758.0,1768.0,35600,0.0,0.0
2024-10-01 00:00:00+09:00,1783.0,1806.0,1772.0,1804.0,20700,0.0,0.0
2024-10-02 00:00:00+09:00,1803.0,1821.0,1793.0,1793.0,25200,0.0,0.0
2024-10-03 00:00:00+09:00,1833.0,1836.0,1814.0,1828.0,22800,0.0,0.0
2024-10-04 00:00:00+09:00,1838.0,1838.0,1825.0,1828.0,20100,0.0,0.0
2024-10-07 00:00:00+09:00,1850.0,1854.0,1823.0,1828.0,60600,0.0,0.0
2024-10-08 00:00:00+09:00,1825.0,1847.0,1822.0,1840.0,45400,0.0,0.0
2024-10-09 00:00:00+09:00,1859.0,1863.0,1850.0,1856.0,22600,0.0,0.0
2024-10-10 00:00:00+09:00,1865.0,1865.0,1832.0,1834.0,30900,0.0,0.0
2024-10-11 00:00:00+09:00,1840.0,1852.0,1831.0,1838.0,21400,0.0,0.0
2024-10-15 00:00:00+09:00,1858.0,1858.0,1832.0,1833.0,32500,0.0,0.0
2024-10-16 00:00:00+09:00,1832.0,1852.0,1831.0,1849.0,21900,0.0,0.0
2024-10-17 00:00:00+09:00,1849.0,1849.0,1830.0,1838.0,27400,0.0,0.0
2024-10-18 00:00:00+09:00,1848.0,1848.0,1834.0,1834.0,25900,0.0,0.0
2024-10-21 00:00:00+09:00,1836.0,1838.0,1816.0,1817.0,73000,0.0,0.0
2024-10-22 00:00:00+09:00,1824.0,1827.0,1802.0,1809.0,29500,0.0,0.0
2024-10-23 00:00:00+09:00,1809.0,1814.0,1789.0,1789.0,42100,0.0,0.0
2024-10-24 00:00:00+09:00,1780.0,1794.0,1770.0,1780.0,65100,0.0,0.0
2024-10-25 00:00:00+09:00,1783.0,1783.0,1757.0,1765.0,52900,0.0,0.0
2024-10-28 00:00:00+09:00,1773.0,1793.0,1756.0,1777.0,85800,0.0,0.0
2024-10-29 00:00:00+09:00,1798.0,1813.0,1786.0,1803.0,50000,0.0,0.0
2024-10-30 00:00:00+09:00,1815.0,1819.0,1797.0,1797.0,191000,0.0,0.0
2024-10-31 00:00:00+09:00,1807.0,1827.0,1790.0,1816.0,96200,0.0,0.0
2024-11-01 00:00:00+09:00,1809.0,1823.0,1789.0,1789.0,99800,0.0,0.0
2024-11-05 00:00:00+09:00,1790.0,1810.0,1787.0,1800.0,106000,0.0,0.0
2024-11-06 00:00:00+09:00,1806.0,1819.0,1801.0,1806.0,92200,0.0,0.0
2024-11-07 00:00:00+09:00,1823.0,1859.0,1823.0,1856.0,71900,0.0,0.0
2024-11-08 00:00:00+09:00,1852.0,1863.0,1843.0,1851.0,40400,0.0,0.0
2024-11-11 00:00:00+09:00,1841.0,1850.0,1830.0,1845.0,23200,0.0,0.0
2024-11-12 00:00:00+09:00,1845.0,1851.0,1833.0,1834.0,20400,0.0,0.0
2024-11-13 00:00:00+09:00,1832.0,1852.0,1829.0,1840.0,26900,0.0,0.0
2024-11-14 00:00:00+09:00,1840.0,1848.0,1818.0,1818.0,34200,0.0,0.0
2024-11-15 00:00:00+09:00,1820.0,1837.0,1820.0,1820.0,12600,0.0,0.0
2024-11-18 00:00:00+09:00,1800.0,1819.0,1800.0,1808.0,37900,0.0,0.0
2024-11-19 00:00:00+09:00,1810.0,1810.0,1791.0,1801.0,28500,0.0,0.0
2024-11-20 00:00:00+09:00,1801.0,1810.0,1792.0,1795.0,18400,0.0,0.0
2024-11-21 00:00:00+09:00,1793.0,1801.0,1791.0,1794.0,19800,0.0,0.0
2024-11-22 00:00:00+09:00,1791.0,1804.0,1790.0,1800.0,9500,0.0,0.0
2024-11-25 00:00:00+09:00,1800.0,1804.0,1783.0,1783.0,33700,0.0,0.0
2024-11-26 00:00:00+09:00,1783.0,1799.0,1782.0,1784.0,17500,0.0,0.0
2024-11-27 00:00:00+09:00,1780.0,1783.0,1757.0,1757.0,59900,0.0,0.0
2024-11-28 00:00:00+09:00,1759.0,1787.0,1759.0,1787.0,23100,0.0,0.0
2024-11-29 00:00:00+09:00,1786.0,1803.0,1783.0,1793.0,36000,0.0,0.0
2024-12-02 00:00:00+09:00,1784.0,1791.0,1778.0,1784.0,28200,0.0,0.0
2024-12-03 00:00:00+09:00,1784.0,1804.0,1784.0,1790.0,36100,0.0,0.0
2024-12-04 00:00:00+09:00,1788.0,1790.0,1771.0,1777.0,36900,0.0,0.0
2024-12-05 00:00:00+09:00,1780.0,1788.0,1777.0,1777.0,33500,0.0,0.0
2024-12-06 00:00:00+09:00,1777.0,1784.0,1773.0,1784.0,58900,0.0,0.0
2024-12-09 00:00:00+09:00,1786.0,1789.0,1776.0,1780.0,56100,0.0,0.0
2024-12-10 00:00:00+09:00,1781.0,1781.0,1762.0,1762.0,72700,0.0,0.0
2024-12-11 00:00:00+09:00,1762.0,1773.0,1755.0,1766.0,46900,0.0,0.0
2024-12-12 00:00:00+09:00,1770.0,1777.0,1760.0,1760.0,50300,0.0,0.0
2024-12-13 00:00:00+09:00,1760.0,1763.0,1751.0,1755.0,37400,0.0,0.0
2024-12-16 00:00:00+09:00,1755.0,1758.0,1740.0,1740.0,60200,0.0,0.0
2024-12-17 00:00:00+09:00,1747.0,1747.0,1715.0,1718.0,72900,0.0,0.0
2024-12-18 00:00:00+09:00,1720.0,1732.0,1712.0,1732.0,39000,0.0,0.0
2024-12-19 00:00:00+09:00,1724.0,1745.0,1717.0,1740.0,25700,0.0,0.0
2024-12-20 00:00:00+09:00,1743.0,1749.0,1739.0,1741.0,25400,0.0,0.0
2024-12-23 00:00:00+09:00,1744.0,1752.0,1743.0,1749.0,29300,0.0,0.0
2024-12-24 00:00:00+09:00,1755.0,1767.0,1754.0,1759.0,65600,0.0,0.0
2024-12-25 00:00:00+09:00,1773.0,1776.0,1746.0,1758.0,85300,0.0,0.0
2024-12-26 00:00:00+09:00,1758.0,1770.0,1751.0,1759.0,384700,0.0,0.0
2024-12-27 00:00:00+09:00,1753.0,1780.0,1736.0,1778.0,254200,0.0,0.0
2024-12-30 00:00:00+09:00,1778.0,1799.0,1778.0,1787.0,47300,0.0,0.0
