Date,Open,High,Low,Close,Volume,Dividends,Stock Splits
2001-01-01 00:00:00+09:00,110.63645935058592,110.63645935058592,110.63645935058592,110.63645935058594,0,0.0,0.0
2001-01-02 00:00:00+09:00,110.63645935058592,110.63645935058592,110.63645935058592,110.63645935058594,0,0.0,0.0
2001-01-03 00:00:00+09:00,110.63645935058592,110.63645935058592,110.63645935058592,110.63645935058594,0,0.0,0.0
2001-01-04 00:00:00+09:00,110.63645559643942,110.63645559643942,109.47795867919922,109.47795867919922,8000,0.0,0.0
2001-01-05 00:00:00+09:00,109.47795867919922,110.05720713781932,108.89871022057912,109.47795867919922,29000,0.0,0.0
2001-01-08 00:00:00+09:00,109.47795867919922,109.47795867919922,109.47795867919922,109.47795867919922,0,0.0,0.0
2001-01-09 00:00:00+09:00,108.89870067309309,108.89870067309309,106.58170704175068,107.74020385742188,22000,0.0,0.0
2001-01-10 00:00:00+09:00,107.16094810084292,110.05718994140625,105.42320299650493,110.05718994140625,24000,0.0,0.0
2001-01-11 00:00:00+09:00,110.0571796021175,110.0571796021175,106.00244140625001,106.00244140625,22000,0.0,0.0
2001-01-12 00:00:00+09:00,106.00247171983362,108.31946563720703,106.00247171983362,108.31946563720703,25000,0.0,0.0
2001-01-15 00:00:00+09:00,110.63645935058592,112.37420478541189,110.63645935058592,110.63645935058594,51000,0.0,0.0
2001-01-16 00:00:00+09:00,111.21568667763157,111.21568667763157,110.05718994140625,110.05718994140625,29000,0.0,0.0
2001-01-17 00:00:00+09:00,108.319461761959,110.05720713781932,108.319461761959,109.47795867919922,8000,0.0,0.0
2001-01-18 00:00:00+09:00,110.63643830951891,110.63643830951891,107.16094810084292,110.05718994140625,40000,0.0,0.0
2001-01-19 00:00:00+09:00,110.05718994140625,110.63643830951891,108.31944483706825,110.05718994140625,18000,0.0,0.0
2001-01-22 00:00:00+09:00,109.4779376172005,109.4779376172005,108.31944092283858,108.89868927001953,9000,0.0,0.0
2001-01-23 00:00:00+09:00,110.05720713781932,110.05720713781932,109.47795867919922,109.47795867919922,10000,0.0,0.0
2001-01-24 00:00:00+09:00,114.11193255583446,114.11193255583446,110.63644222418468,111.21569061279297,44000,0.0,0.0
2001-01-25 00:00:00+09:00,112.9534265353595,114.69117155898041,111.21568151173858,114.11192321777344,35000,0.0,0.0
2001-01-26 00:00:00+09:00,114.11195022023784,114.11195022023784,110.63645935058592,110.63645935058594,12000,0.0,0.0
2001-01-29 00:00:00+09:00,111.21570405505952,111.21570405505952,108.89871022057912,109.47795867919922,9000,0.0,0.0
2001-01-30 00:00:00+09:00,111.21569061279297,111.21569061279297,110.05719383557638,111.21569061279297,10000,0.0,0.0
2001-01-31 00:00:00+09:00,109.47796239403529,110.63645935058592,109.47796239403529,110.63645935058594,9000,0.0,0.0
2001-02-01 00:00:00+09:00,109.47794157329358,110.05718994140625,108.31944483706825,110.05718994140625,17000,0.0,0.0
2001-02-02 00:00:00+09:00,110.63644420917217,112.95343780517578,110.05719581017127,112.95343780517578,50000,0.0,0.0
2001-02-05 00:00:00+09:00,113.53268039349429,113.53268039349429,112.37418365478516,112.37418365478516,8000,0.0,0.0
2001-02-06 00:00:00+09:00,112.37420097229972,112.37420097229972,107.7402133033389,109.47795867919922,52000,0.0,0.0
2001-02-07 00:00:00+09:00,107.74019257565763,109.4779376172005,107.74019257565763,108.89868927001953,23000,0.0,0.0
2001-02-08 00:00:00+09:00,108.89871391575997,111.21570782886124,108.89871391575997,110.63645935058594,65000,0.0,0.0
2001-02-09 00:00:00+09:00,108.89869705835979,111.21569061279297,108.89869705835979,111.21569061279297,11000,0.0,0.0
2001-02-12 00:00:00+09:00,111.21569061279297,111.21569061279297,111.21569061279297,111.21569061279297,0,0.0,0.0
2001-02-13 00:00:00+09:00,111.21568667763157,111.21568667763157,110.05718994140625,110.05718994140625,10000,0.0,0.0
2001-02-14 00:00:00+09:00,111.7949352854306,112.37418365478516,108.31944506930323,112.37418365478516,119000,0.0,0.0
2001-02-15 00:00:00+09:00,112.37418739000957,112.95343577861787,109.47794544696808,111.21569061279297,74000,0.0,0.0
2001-02-16 00:00:00+09:00,112.95343593675264,113.53268432617188,112.37418754733339,113.53268432617188,18000,0.0,0.0
2001-02-19 00:00:00+09:00,114.69118110501037,114.69118110501037,111.79493915791414,113.53268432617188,9000,0.0,0.0
2001-02-20 00:00:00+09:00,113.53268432617188,113.53268432617188,111.79493915791414,113.53268432617188,10000,0.0,0.0
2001-02-21 00:00:00+09:00,111.79493713378906,111.79493713378906,108.89869523913131,111.79493713378906,60000,0.0,0.0
2001-02-22 00:00:00+09:00,111.79495251367962,111.79495251367962,109.47795867919922,109.47795867919922,16000,0.0,0.0
2001-02-23 00:00:00+09:00,109.47794361806287,111.79493713378906,109.47794361806287,111.79493713378906,40000,0.0,0.0
2001-02-26 00:00:00+09:00,115.27044874249081,115.27044874249081,111.7949578256318,114.69120025634766,45000,0.0,0.0
2001-02-27 00:00:00+09:00,114.69115104675294,115.84964752197267,113.53265457153321,115.84964752197266,19000,0.0,0.0
2001-02-28 00:00:00+09:00,117.0081844617374,117.0081844617374,115.27043914794922,115.27043914794922,22000,0.0,0.0
2001-03-01 00:00:00+09:00,115.84968758587861,115.84968758587861,114.11194227209043,115.27043914794922,28000,0.0,0.0
2001-03-02 00:00:00+09:00,115.27042740737836,115.27042740737836,111.21568875485752,111.79493713378906,41000,0.0,0.0
2001-03-05 00:00:00+09:00,111.79494100717397,115.27043140117938,111.79494100717397,112.95343780517578,19000,0.0,0.0
2001-03-06 00:00:00+09:00,113.53268432617188,115.2704294944296,113.53268432617188,113.53268432617188,7000,0.0,0.0
2001-03-07 00:00:00+09:00,114.11193460317757,114.11193460317757,112.95343780517578,112.95343780517578,8000,0.0,0.0
2001-03-08 00:00:00+09:00,113.53268620417668,113.53268620417668,112.95343780517578,112.95343780517578,21000,0.0,0.0
2001-03-09 00:00:00+09:00,117.58739223480225,117.58739223480225,114.11190280914307,115.84964752197266,55000,0.0,0.0
2001-03-12 00:00:00+09:00,118.16666160622225,118.16666160622225,114.11192321777344,114.11192321777344,21000,0.0,0.0
2001-03-13 00:00:00+09:00,112.95343389165217,113.53268227058372,111.79493713378906,111.79493713378906,32000,0.0,0.0
2001-03-14 00:00:00+09:00,111.79493713378906,111.79493713378906,111.79493713378906,111.79493713378906,0,0.0,0.0
2001-03-15 00:00:00+09:00,115.27044874249081,115.27044874249081,113.53270328406131,114.69120025634766,48000,0.0,0.0
2001-03-16 00:00:00+09:00,113.53268039349429,114.69117713220342,112.37418365478516,112.37418365478516,21000,0.0,0.0
2001-03-19 00:00:00+09:00,112.95343780517578,115.27043140117938,112.95343780517578,112.95343780517578,30000,0.0,0.0
2001-03-20 00:00:00+09:00,112.95343780517578,112.95343780517578,112.95343780517578,112.95343780517578,0,0.0,0.0
2001-03-21 00:00:00+09:00,113.53265457153321,115.84964752197267,112.95340633392335,115.84964752197266,56000,0.0,0.0
2001-03-22 00:00:00+09:00,117.58741576998843,119.32516083062865,115.8496707093482,118.16666412353516,84000,0.0,0.0
2001-03-23 00:00:00+09:00,121.64214907099284,122.22139739990233,121.06290074208336,122.22139739990234,83000,0.0,0.0
2001-03-26 00:00:00+09:00,125.11767186156106,127.4346657849233,125.11767186156106,126.27616882324219,120000,0.0,0.0
2001-03-27 00:00:00+09:00,129.25432545930437,129.25432545930437,122.70226287841797,122.70226287841797,45000,6.0,0.0
2001-03-28 00:00:00+09:00,128.65873804632224,128.65873804632224,125.68052651747217,126.27616882324219,48000,0.0,0.0
2001-03-29 00:00:00+09:00,126.27616882324219,126.27616882324219,123.89359960016215,126.27616882324219,30000,0.0,0.0
2001-03-30 00:00:00+09:00,124.48919677734375,125.0848388671875,122.10662841796875,122.10662841796875,32000,0.0,0.0
2001-04-02 00:00:00+09:00,126.27611519526509,126.27611519526509,122.10662082561011,122.70226287841797,39000,0.0,0.0
2001-04-03 00:00:00+09:00,125.08483123779295,125.08483123779295,123.29790507725306,125.08483123779297,29000,0.0,0.0
2001-04-04 00:00:00+09:00,125.68048847947165,128.06305698145215,125.68048847947165,127.46741485595703,89000,0.0,0.0
2001-04-05 00:00:00+09:00,128.65869140625,129.8499755859375,128.65869140625,128.65869140625,58000,0.0,0.0
2001-04-06 00:00:00+09:00,129.8499990114024,129.8499990114024,126.87178802490234,126.87178802490234,60000,0.0,0.0
2001-04-09 00:00:00+09:00,129.25433349609375,129.25433349609375,128.65869140625,128.65869140625,14000,0.0,0.0
2001-04-10 00:00:00+09:00,128.65869140625,129.25433349609375,128.06304931640625,128.65869140625,22000,0.0,0.0
2001-04-11 00:00:00+09:00,129.84998346843992,129.84998346843992,124.48920433442174,125.68048858642578,72000,0.0,0.0
2001-04-12 00:00:00+09:00,129.8500213623047,129.8500213623047,127.46745216299634,129.8500213623047,75000,0.0,0.0
2001-04-13 00:00:00+09:00,129.85002115328018,131.0413057510167,129.85002115328018,130.44566345214844,85000,0.0,0.0
2001-04-16 00:00:00+09:00,131.6369470187596,133.4238739013672,130.44566243035453,133.4238739013672,55000,0.0,0.0
2001-04-17 00:00:00+09:00,134.01948567983266,134.01948567983266,132.23255920410156,132.23255920410156,49000,0.0,0.0
2001-04-18 00:00:00+09:00,134.01948561048295,134.01948561048295,132.2325591356765,132.8282012939453,17000,0.0,0.0
2001-04-19 00:00:00+09:00,134.01951619556974,134.01951619556974,132.82823160716467,133.4238739013672,78000,0.0,0.0
2001-04-20 00:00:00+09:00,134.01948561048295,134.01948561048295,131.04127481913886,132.8282012939453,42000,0.0,0.0
2001-04-23 00:00:00+09:00,131.6369310519396,137.59335327148438,131.6369310519396,137.59335327148438,100000,0.0,0.0
2001-04-24 00:00:00+09:00,136.99771078871044,138.78463745117188,135.80642634706948,138.78463745117188,93000,0.0,0.0
2001-04-25 00:00:00+09:00,138.78462225815346,139.97590656938223,136.99769579131026,138.18898010253906,73000,0.0,0.0
2001-04-26 00:00:00+09:00,138.78462225815346,139.97590656938223,136.99769579131026,138.18898010253906,73000,0.0,0.0
2001-04-27 00:00:00+09:00,139.97592215930229,139.97592215930229,136.9977110495299,137.59335327148438,31000,0.0,0.0
2001-04-30 00:00:00+09:00,137.59335327148438,137.59335327148438,137.59335327148438,137.59335327148438,0,0.0,0.0
2001-05-01 00:00:00+09:00,138.78462206252078,139.9759063720703,136.9976955981965,139.9759063720703,48000,0.0,0.0
2001-05-02 00:00:00+09:00,141.1672519101935,141.1672519101935,138.78468225770078,140.5716094970703,52000,0.0,0.0
2001-05-03 00:00:00+09:00,140.5716094970703,140.5716094970703,140.5716094970703,140.5716094970703,0,0.0,0.0
2001-05-04 00:00:00+09:00,140.5716094970703,140.5716094970703,140.5716094970703,140.5716094970703,0,0.0,0.0
2001-05-07 00:00:00+09:00,142.3584910471202,142.3584910471202,136.9977110495299,137.59335327148438,300,0.0,0.0
2001-05-08 00:00:00+09:00,136.99771078871044,139.38027967199235,136.99771078871044,138.78463745117188,600,0.0,0.0
2001-05-09 00:00:00+09:00,135.8064119466146,135.8064119466146,134.0194854736328,134.0194854736328,200,0.0,0.0
2001-05-10 00:00:00+09:00,134.61512749625723,135.2107696533203,134.61512749625723,135.2107696533203,200,0.0,0.0
2001-05-11 00:00:00+09:00,138.78462273491752,138.78462273491752,134.0194854736328,134.0194854736328,200,0.0,0.0
2001-05-14 00:00:00+09:00,135.8064119466146,135.8064119466146,131.63691684299044,134.0194854736328,300,0.0,0.0
2001-05-15 00:00:00+09:00,134.01948567983266,134.01948567983266,132.23255920410156,132.23255920410156,53000,0.0,0.0
2001-05-16 00:00:00+09:00,134.0194854736328,134.0194854736328,131.04127468532985,134.0194854736328,50000,0.0,0.0
2001-05-17 00:00:00+09:00,134.01951619556974,134.61515848977226,131.04130472455708,133.4238739013672,21000,0.0,0.0
2001-05-18 00:00:00+09:00,134.01948567983266,134.6151278384097,131.0412748869475,132.23255920410156,31000,0.0,0.0
2001-05-21 00:00:00+09:00,133.42384331597222,134.0194854736328,133.42384331597222,134.0194854736328,16000,0.0,0.0
2001-05-22 00:00:00+09:00,135.80641208528937,136.40205424355818,131.04127481913886,132.8282012939453,32000,0.0,0.0
2001-05-23 00:00:00+09:00,136.9976806640625,136.9976806640625,135.806396484375,136.40203857421875,19000,0.0,0.0
2001-05-24 00:00:00+09:00,138.78462266500017,138.78462266500017,134.61512756347656,134.61512756347656,38000,0.0,0.0
2001-05-25 00:00:00+09:00,136.9977264404297,136.9977264404297,134.01951499607253,136.9977264404297,21000,0.0,0.0
2001-05-28 00:00:00+09:00,137.59333841959634,137.59333841959634,129.25434821234808,134.0194854736328,21000,0.0,0.0
2001-05-29 00:00:00+09:00,135.21076999698673,135.21076999698673,132.23255920410156,132.23255920410156,15000,0.0,0.0
2001-05-30 00:00:00+09:00,134.01948574981,134.01948574981,131.6369171142578,131.6369171142578,50000,0.0,0.0
2001-05-31 00:00:00+09:00,132.2325903487532,132.2325903487532,129.85002115328018,130.44566345214844,54000,0.0,0.0
2001-06-01 00:00:00+09:00,130.44563272837047,132.23255920410156,129.84999056979342,132.23255920410156,24000,0.0,0.0
2001-06-04 00:00:00+09:00,131.63691718361596,132.23255934281784,131.04127502441406,131.04127502441406,21000,0.0,0.0
2001-06-05 00:00:00+09:00,131.63694826178593,131.63694826178593,129.8500213623047,129.8500213623047,13000,0.0,0.0
2001-06-06 00:00:00+09:00,133.42384359092193,133.42384359092193,130.44563279648173,131.6369171142578,17000,0.0,0.0
2001-06-07 00:00:00+09:00,129.8500213623047,129.8500213623047,129.8500213623047,129.8500213623047,17000,0.0,0.0
2001-06-08 00:00:00+09:00,131.04127523536508,131.04127523536508,128.65870659472208,129.2543487548828,153000,0.0,0.0
2001-06-11 00:00:00+09:00,132.23255920410156,132.23255920410156,129.84999056979342,132.23255920410156,19000,0.0,0.0
2001-06-12 00:00:00+09:00,134.0194854736328,136.99769626193577,130.44563252766926,134.0194854736328,90000,0.0,0.0
2001-06-13 00:00:00+09:00,132.23255920410156,132.82820136267858,131.0412748869475,132.23255920410156,39000,0.0,0.0
2001-06-14 00:00:00+09:00,134.01947021484375,136.40203857421875,134.01947021484375,136.40203857421875,25000,0.0,0.0
2001-06-15 00:00:00+09:00,136.9977276665824,136.9977276665824,133.4238739013672,133.4238739013672,106000,0.0,0.0
2001-06-18 00:00:00+09:00,135.21076999698673,136.99769647271785,132.23255920410156,132.23255920410156,16000,0.0,0.0
2001-06-19 00:00:00+09:00,132.23255900065104,135.8064119466146,132.23255900065104,134.0194854736328,14000,0.0,0.0
2001-06-20 00:00:00+09:00,134.01948582042348,134.01948582042348,131.04127502441406,131.04127502441406,21000,0.0,0.0
2001-06-21 00:00:00+09:00,131.63691718361596,132.8282015020197,131.04127502441406,131.04127502441406,54000,0.0,0.0
2001-06-22 00:00:00+09:00,133.42384345221413,134.01948561048295,131.04127481913886,132.8282012939453,32000,0.0,0.0
2001-06-25 00:00:00+09:00,136.99769619291862,136.99769619291862,134.01948540611605,134.61512756347656,41000,0.0,0.0
2001-06-26 00:00:00+09:00,136.99771144933868,136.99771144933868,135.21078477826035,135.80642700195312,25000,0.0,0.0
2001-06-27 00:00:00+09:00,136.99769619291862,136.99769619291862,134.61512756347656,134.61512756347656,23000,0.0,0.0
2001-06-28 00:00:00+09:00,136.99769612450956,136.99769612450956,134.01948533919415,135.2107696533203,21000,0.0,0.0
2001-06-29 00:00:00+09:00,136.99771144933868,136.99771144933868,135.21078477826035,135.80642700195312,41000,0.0,0.0
2001-07-02 00:00:00+09:00,139.3802955959154,139.3802955959154,136.9977264404297,136.9977264404297,32000,0.0,0.0
2001-07-03 00:00:00+09:00,137.59336872930112,137.59336872930112,135.80644186268682,136.9977264404297,14000,0.0,0.0
2001-07-04 00:00:00+09:00,136.99769619291862,136.99769619291862,134.61512756347656,134.61512756347656,17000,0.0,0.0
2001-07-05 00:00:00+09:00,135.80644186268682,136.9977264404297,134.61515728494396,136.9977264404297,93000,0.0,0.0
2001-07-06 00:00:00+09:00,136.99769647271785,137.59333863129487,132.23255920410156,132.23255920410156,43000,0.0,0.0
2001-07-09 00:00:00+09:00,131.0412748869475,132.23255920410156,131.0412748869475,132.23255920410156,42000,0.0,0.0
2001-07-10 00:00:00+09:00,138.18898057725693,138.18898057725693,131.04127468532985,134.0194854736328,47000,0.0,0.0
2001-07-11 00:00:00+09:00,136.9977276665824,136.9977276665824,133.4238739013672,133.4238739013672,36000,0.0,0.0
2001-07-12 00:00:00+09:00,133.42384318213107,135.2107696533203,133.42384318213107,135.2107696533203,19000,0.0,0.0
2001-07-13 00:00:00+09:00,136.9976806640625,136.9976806640625,136.40203857421875,136.40203857421875,15000,0.0,0.0
2001-07-16 00:00:00+09:00,141.16720660321124,141.16720660321124,137.59335327148438,137.59335327148438,58000,0.0,0.0
2001-07-17 00:00:00+09:00,134.01951619556974,134.01951619556974,132.82823160716467,133.4238739013672,16000,0.0,0.0
2001-07-18 00:00:00+09:00,134.01948567983266,136.4020543141408,132.23255920410156,132.23255920410156,15000,0.0,0.0
2001-07-19 00:00:00+09:00,132.23255900065104,134.0194854736328,131.63691684299044,134.0194854736328,35000,0.0,0.0
2001-07-20 00:00:00+09:00,134.0194854736328,134.0194854736328,134.0194854736328,134.0194854736328,0,0.0,0.0
2001-07-23 00:00:00+09:00,131.63694890931595,132.82823351483012,128.06309509277344,128.06309509277344,39000,0.0,0.0
2001-07-24 00:00:00+09:00,130.44566366213178,131.04130596195887,126.87180986316926,129.8500213623047,81000,0.0,0.0
2001-07-25 00:00:00+09:00,126.87175739833286,127.46739945184616,119.72405275617326,125.08483123779297,52000,0.0,0.0
2001-07-26 00:00:00+09:00,131.04130660655886,131.04130660655886,126.87181048725927,128.06309509277344,29000,0.0,0.0
2001-07-27 00:00:00+09:00,128.06309509277344,130.44566430380178,127.46745279001635,128.06309509277344,15000,0.0,0.0
2001-07-30 00:00:00+09:00,128.0630640277948,132.8282012939453,125.08485323645074,132.8282012939453,19000,0.0,0.0
2001-07-31 00:00:00+09:00,125.08484635397652,128.06305698145215,125.08484635397652,127.46741485595703,11000,0.0,0.0
2001-08-01 00:00:00+09:00,132.23255955568658,132.8282017158473,126.87178011423983,129.2543487548828,50000,0.0,0.0
2001-08-02 00:00:00+09:00,129.2543487548828,129.84999091504358,126.87178011423983,129.2543487548828,37000,0.0,0.0
2001-08-03 00:00:00+09:00,129.8500220010447,131.63694890931595,128.06309509277344,128.06309509277344,22000,0.0,0.0
2001-08-06 00:00:00+09:00,128.65869140625,129.25433349609375,128.65869140625,128.65869140625,12000,0.0,0.0
2001-08-07 00:00:00+09:00,131.0413057510167,131.0413057510167,129.85002115328018,130.44566345214844,15000,0.0,0.0
2001-08-08 00:00:00+09:00,130.44566345214844,131.0413057510167,129.25437885441193,130.44566345214844,42000,0.0,0.0
2001-08-09 00:00:00+09:00,132.23255934281784,132.8282015020197,130.4456328652122,131.04127502441406,30000,0.0,0.0
2001-08-10 00:00:00+09:00,128.06309446282344,129.8500213623047,128.06309446282344,129.8500213623047,8000,0.0,0.0
2001-08-13 00:00:00+09:00,129.8500220010447,131.04130660655886,128.06309509277344,128.06309509277344,19000,0.0,0.0
2001-08-14 00:00:00+09:00,131.04127523536508,132.23255955568658,129.2543487548828,129.2543487548828,31000,0.0,0.0
2001-08-15 00:00:00+09:00,129.25434854680842,131.04127502441406,129.25434854680842,131.04127502441406,16000,0.0,0.0
2001-08-16 00:00:00+09:00,134.01948561048295,134.01948561048295,132.2325591356765,132.8282012939453,52000,0.0,0.0
2001-08-17 00:00:00+09:00,131.04127495536977,131.6369171142578,130.44563279648173,131.6369171142578,13000,0.0,0.0
2001-08-20 00:00:00+09:00,134.0195174610943,134.0195174610943,129.8500213623047,129.8500213623047,24000,0.0,0.0
2001-08-21 00:00:00+09:00,130.44566366213178,130.44566366213178,129.8500213623047,129.8500213623047,21000,0.0,0.0
2001-08-22 00:00:00+09:00,131.04127481913886,132.8282012939453,131.04127481913886,132.8282012939453,3000,0.0,0.0
2001-08-23 00:00:00+09:00,131.63691697740768,132.8282012939453,131.63691697740768,132.8282012939453,30000,0.0,0.0
2001-08-24 00:00:00+09:00,129.25434821234808,134.0194854736328,129.25434821234808,134.0194854736328,68000,0.0,0.0
2001-08-27 00:00:00+09:00,129.84999030459244,135.8064118781976,129.84999030459244,134.61512756347656,32000,0.0,0.0
2001-08-28 00:00:00+09:00,134.01947021484375,136.40203857421875,134.01947021484375,136.40203857421875,32000,0.0,0.0
2001-08-29 00:00:00+09:00,135.8064118103834,135.8064118103834,132.2325588680049,135.2107696533203,39000,0.0,0.0
2001-08-30 00:00:00+09:00,129.25437784194946,133.4238739013672,129.25437784194946,133.4238739013672,19000,0.0,0.0
2001-08-31 00:00:00+09:00,126.27616818450218,130.44566430380178,119.12846055141715,128.06309509277344,50000,0.0,0.0
2001-09-03 00:00:00+09:00,122.1066437515558,123.29792808083927,121.51100158691406,121.51100158691406,36000,0.0,0.0
2001-09-04 00:00:00+09:00,124.48924127623091,128.06309509277344,121.51102976244549,128.06309509277344,45000,0.0,0.0
2001-09-05 00:00:00+09:00,128.06309509277344,128.06309509277344,126.87181048725927,128.06309509277344,15000,0.0,0.0
2001-09-06 00:00:00+09:00,123.29795729439213,126.8718111290122,123.29795729439213,126.27616882324219,29000,0.0,0.0
2001-09-07 00:00:00+09:00,126.27616882324219,126.27616882324219,123.29795729439213,126.27616882324219,39000,0.0,0.0
2001-09-10 00:00:00+09:00,126.27613890404794,126.27613890404794,121.51100158691406,121.51100158691406,44000,0.0,0.0
2001-09-11 00:00:00+09:00,119.7240828334695,120.3197250366211,119.12844063031791,120.3197250366211,25000,0.0,0.0
2001-09-12 00:00:00+09:00,108.4068603515625,116.15020751953125,108.4068603515625,110.19378662109375,55000,0.0,0.0
2001-09-13 00:00:00+09:00,110.7894515991211,112.5763782378166,107.8112405346286,110.7894515991211,42000,0.0,0.0
2001-09-14 00:00:00+09:00,116.15024687751891,119.12845833591683,112.5763931274414,112.5763931274414,59000,0.0,0.0
2001-09-17 00:00:00+09:00,112.57636290330154,112.57636290330154,108.40686798095705,108.40686798095703,51000,0.0,0.0
2001-09-18 00:00:00+09:00,114.363305133322,114.363305133322,107.81124077672544,109.5981674194336,37000,0.0,0.0
2001-09-19 00:00:00+09:00,112.57639272799668,115.55460417582728,112.57639272799668,113.7676773071289,14000,0.0,0.0
2001-09-20 00:00:00+09:00,107.21559078135388,111.98072814941406,107.21559078135388,111.98072814941406,58000,0.0,0.0
2001-09-21 00:00:00+09:00,117.34150719396847,117.34150719396847,111.98072767749275,115.55458068847656,39000,0.0,0.0
2001-09-24 00:00:00+09:00,115.55458068847656,115.55458068847656,115.55458068847656,115.55458068847656,0,0.0,0.0
2001-09-25 00:00:00+09:00,114.95894599327674,116.15023040771484,112.57637716440054,116.15023040771484,22000,0.0,0.0
2001-09-26 00:00:00+09:00,112.57639272799668,113.76767730712892,112.57639272799668,113.7676773071289,15000,0.0,0.0
2001-09-27 00:00:00+09:00,116.15025260231712,117.93717956542969,114.36332563920455,117.93717956542969,20000,0.0,0.0
2001-09-28 00:00:00+09:00,117.93717956542969,117.93717956542969,117.93717956542969,117.93717956542969,0,0.0,0.0
2001-10-01 00:00:00+09:00,119.72405275617326,125.08483123779295,119.72405275617326,125.08483123779297,44000,0.0,0.0
2001-10-02 00:00:00+09:00,120.9153367199944,123.29790493122582,119.12841056157085,122.70226287841797,23000,0.0,0.0
2001-10-03 00:00:00+09:00,122.7022705078125,123.29791259765625,120.91534423828125,120.91534423828125,29000,0.0,0.0
2001-10-04 00:00:00+09:00,123.89354698403368,123.89354698403368,119.12841056157085,122.70226287841797,27000,0.0,0.0
2001-10-05 00:00:00+09:00,119.72410583496094,122.10667510530843,119.72410583496094,119.72410583496094,12000,0.0,0.0
2001-10-08 00:00:00+09:00,119.72410583496094,119.72410583496094,119.72410583496094,119.72410583496094,0,0.0,0.0
2001-10-09 00:00:00+09:00,116.74589492335464,117.93717956542969,116.15025260231712,117.93717956542969,25000,0.0,0.0
2001-10-10 00:00:00+09:00,119.12846420750473,119.72410652854226,117.93717956542969,117.93717956542969,19000,0.0,0.0
2001-10-11 00:00:00+09:00,119.12843292834711,122.1066437515558,119.12843292834711,121.51100158691406,20000,0.0,0.0
2001-10-12 00:00:00+09:00,120.9153367199944,122.70226287841797,119.72405261437869,122.70226287841797,23000,0.0,0.0
2001-10-15 00:00:00+09:00,124.489227441641,124.489227441641,123.29794296851526,123.89358520507812,40000,0.0,0.0
2001-10-16 00:00:00+09:00,118.53279842716633,120.3197250366211,118.53279842716633,120.3197250366211,12000,0.0,0.0
2001-10-17 00:00:00+09:00,120.3197021484375,120.91534423828125,117.34149169921875,120.91534423828125,11000,0.0,0.0
2001-10-18 00:00:00+09:00,117.937156910799,119.12844132403939,116.74587249755861,116.7458724975586,11000,0.0,0.0
2001-10-19 00:00:00+09:00,116.15023040771484,116.15023040771484,114.36330378605768,116.15023040771484,22000,0.0,0.0
2001-10-22 00:00:00+09:00,117.34148418426513,119.12841033935547,116.74584213256836,119.12841033935547,10000,0.0,0.0
2001-10-23 00:00:00+09:00,119.12844132403939,119.12844132403939,116.74587249755861,116.7458724975586,25000,0.0,0.0
2001-10-24 00:00:00+09:00,120.91537402226375,124.489227441641,120.91537402226375,123.89358520507812,52000,0.0,0.0
2001-10-25 00:00:00+09:00,120.91534423828125,122.10662841796875,120.3197021484375,122.10662841796875,33000,0.0,0.0
2001-10-26 00:00:00+09:00,122.10665849538951,124.489227441641,121.51101625882663,123.89358520507812,21000,0.0,0.0
2001-10-29 00:00:00+09:00,122.10662082561011,123.89354698403368,122.10662082561011,122.70226287841797,13000,0.0,0.0
2001-10-30 00:00:00+09:00,118.53277587890625,122.10662841796875,118.53277587890625,122.10662841796875,15000,0.0,0.0
2001-10-31 00:00:00+09:00,121.510986328125,122.7022705078125,119.12841796875,120.91534423828125,26000,0.0,0.0
2001-11-01 00:00:00+09:00,123.89354698403368,125.08483108964938,120.9153367199944,122.70226287841797,31000,0.0,0.0
2001-11-02 00:00:00+09:00,122.70228591619752,123.893570245481,121.51100158691406,121.51100158691406,24000,0.0,0.0
2001-11-05 00:00:00+09:00,121.51097877280226,123.29790493122582,121.51097877280226,122.70226287841797,29000,0.0,0.0
2001-11-06 00:00:00+09:00,124.48918903684152,124.48918903684152,122.70226287841797,122.70226287841797,59000,0.0,0.0
2001-11-07 00:00:00+09:00,122.70225546804912,124.48918151855469,122.70225546804912,124.48918151855469,39000,0.0,0.0
2001-11-08 00:00:00+09:00,124.48918903684152,124.48918903684152,122.70226287841797,122.70226287841797,29000,0.0,0.0
2001-11-09 00:00:00+09:00,122.70226287841797,122.70226287841797,122.70226287841797,122.70226287841797,0,0.0,0.0
2001-11-12 00:00:00+09:00,123.29794296851526,123.89358520507812,123.29794296851526,123.89358520507812,17000,0.0,0.0
2001-11-13 00:00:00+09:00,123.29792785644531,123.29792785644531,122.7022856928876,123.29792785644531,23000,0.0,0.0
2001-11-14 00:00:00+09:00,123.29794296851526,123.89358520507812,123.29794296851526,123.89358520507812,24000,0.0,0.0
2001-11-15 00:00:00+09:00,123.89356220841972,125.68048858642578,123.29792008241772,125.68048858642578,90000,0.0,0.0
2001-11-16 00:00:00+09:00,125.68051191476675,125.68051191476675,123.89358520507812,123.89358520507812,31000,0.0,0.0
2001-11-19 00:00:00+09:00,123.89354698403368,123.89354698403368,122.70226287841797,122.70226287841797,11000,0.0,0.0
2001-11-20 00:00:00+09:00,122.70231742289529,122.70231742289529,119.12846351737407,119.72410583496094,37000,0.0,0.0
2001-11-21 00:00:00+09:00,122.10662841796875,122.10662841796875,121.510986328125,122.10662841796875,16000,0.0,0.0
2001-11-22 00:00:00+09:00,119.72409088288121,120.91537536927804,117.34152191008755,118.53280639648438,60000,0.0,0.0
2001-11-23 00:00:00+09:00,118.53280639648438,118.53280639648438,118.53280639648438,118.53280639648438,0,0.0,0.0
2001-11-26 00:00:00+09:00,118.53280507601225,124.489227441641,117.93716283944937,123.89358520507812,35000,0.0,0.0
2001-11-27 00:00:00+09:00,123.89358520507812,123.89358520507812,123.89358520507812,123.89358520507812,12000,0.0,0.0
2001-11-28 00:00:00+09:00,123.29793605237904,123.29793605237904,119.12844063031791,120.3197250366211,22000,0.0,0.0
2001-11-29 00:00:00+09:00,120.31971725763059,122.1066437515558,120.31971725763059,121.51100158691406,8000,0.0,0.0
2001-11-30 00:00:00+09:00,121.51100158691406,121.51100158691406,119.12843292834711,121.51100158691406,21000,0.0,0.0
2001-12-03 00:00:00+09:00,118.53280639648438,120.31973312607963,117.93716415328596,118.53280639648438,13000,0.0,0.0
2001-12-04 00:00:00+09:00,119.72410583496094,120.31974815254782,116.7458942470266,119.72410583496094,29000,0.0,0.0
2001-12-05 00:00:00+09:00,119.72407509298885,121.51100158691406,116.74586426978017,121.51100158691406,17000,0.0,0.0
2001-12-06 00:00:00+09:00,122.70228671044418,122.70228671044418,111.98072767749275,115.55458068847656,21000,0.0,0.0
2001-12-07 00:00:00+09:00,115.55460458583933,116.15024687751891,111.38510854408224,112.5763931274414,46000,0.0,0.0
2001-12-10 00:00:00+09:00,117.937156910799,118.53279911741919,116.74587249755861,116.7458724975586,52000,0.0,0.0
2001-12-11 00:00:00+09:00,114.36332041694519,114.36332041694519,111.3851089477539,111.3851089477539,27000,0.0,0.0
2001-12-12 00:00:00+09:00,107.8112405346286,111.38509381201959,107.8112405346286,110.7894515991211,35000,0.0,0.0
2001-12-13 00:00:00+09:00,110.78944492885044,110.78944492885044,104.2373809814453,104.23738098144531,50000,0.0,0.0
2001-12-14 00:00:00+09:00,100.6635289075898,102.45045545624524,96.49403362739376,97.68531799316406,139000,0.0,0.0
2001-12-17 00:00:00+09:00,100.06787863338695,104.83301571116728,98.28095222921932,101.25916290283203,52000,0.0,0.0
2001-12-18 00:00:00+09:00,98.28095981052944,100.66352853320895,98.28095981052944,100.06788635253906,31000,0.0,0.0
2001-12-19 00:00:00+09:00,98.87662576312668,99.47226808700093,97.0896987915039,97.0896987915039,58000,0.0,0.0
2001-12-20 00:00:00+09:00,95.30271911621094,95.30271911621094,92.32450914382935,95.30271911621094,56000,0.0,0.0
2001-12-21 00:00:00+09:00,95.30275656960228,98.28096771240236,95.30275656960228,98.28096771240234,34000,0.0,0.0
2001-12-24 00:00:00+09:00,98.28096771240236,98.28096771240236,98.28096771240236,98.28096771240234,0,0.0,0.0
2001-12-25 00:00:00+09:00,110.19378662109375,110.19378662109375,101.85479736328125,105.42864990234375,51000,0.0,0.0
2001-12-26 00:00:00+09:00,105.42865779943634,105.42865779943634,101.25916285821569,101.85480499267578,25000,0.0,0.0
2001-12-27 00:00:00+09:00,102.45046997070312,102.45046997070312,101.25918543616007,102.45046997070312,18000,0.0,0.0
2001-12-28 00:00:00+09:00,102.45045445033482,104.2373809814453,102.45045445033482,104.23738098144531,19000,0.0,0.0
2001-12-31 00:00:00+09:00,104.2373809814453,104.2373809814453,104.2373809814453,104.23738098144531,0,0.0,0.0
2002-01-01 00:00:00+09:00,104.2373809814453,104.2373809814453,104.2373809814453,104.23738098144531,0,0.0,0.0
2002-01-02 00:00:00+09:00,104.2373809814453,104.2373809814453,104.2373809814453,104.23738098144531,0,0.0,0.0
2002-01-03 00:00:00+09:00,104.2373809814453,104.2373809814453,104.2373809814453,104.23738098144531,0,0.0,0.0
2002-01-04 00:00:00+09:00,104.2373809814453,104.83302315848213,104.2373809814453,104.23738098144531,14000,0.0,0.0
2002-01-07 00:00:00+09:00,109.00250244140625,109.00250244140625,104.8330078125,104.8330078125,8000,0.0,0.0
2002-01-08 00:00:00+09:00,104.8330237033099,104.8330237033099,100.6635284423828,100.66352844238281,14000,0.0,0.0
2002-01-09 00:00:00+09:00,98.2809601760492,98.2809601760492,97.0896758102789,97.68531799316406,20000,0.0,0.0
2002-01-10 00:00:00+09:00,99.47226065878542,99.47226065878542,95.89840698242188,95.89840698242188,36000,0.0,0.0
2002-01-11 00:00:00+09:00,98.87660994096237,101.25917885520242,95.89839879816229,98.28096771240234,52000,0.0,0.0
2002-01-14 00:00:00+09:00,98.28096771240236,98.28096771240236,98.28096771240236,98.28096771240234,0,0.0,0.0
2002-01-15 00:00:00+09:00,96.4940492618158,96.4940492618158,95.30276470302795,95.89840698242188,20000,0.0,0.0
2002-01-16 00:00:00+09:00,96.49403362739376,97.68531799316406,96.49403362739376,97.68531799316406,7000,0.0,0.0
2002-01-17 00:00:00+09:00,98.28096872643579,98.28096872643579,92.32454637937907,94.1114730834961,68000,0.0,0.0
2002-01-18 00:00:00+09:00,97.0896450996399,97.0896450996399,94.70707712173463,95.30271911621094,55000,0.0,0.0
2002-01-21 00:00:00+09:00,95.3027645158179,96.49404907226562,94.70712223759404,96.49404907226562,26000,0.0,0.0
2002-01-22 00:00:00+09:00,98.2809601760492,98.2809601760492,95.89839144450862,97.68531799316406,17000,0.0,0.0
2002-01-23 00:00:00+09:00,95.30274926162348,98.2809601760492,95.30274926162348,97.68531799316406,25000,0.0,0.0
2002-01-24 00:00:00+09:00,97.68532548384233,98.28096771240236,96.49404102672231,98.28096771240234,46000,0.0,0.0
2002-01-25 00:00:00+09:00,97.0896758102789,97.68531799316406,97.0896758102789,97.68531799316406,22000,0.0,0.0
2002-01-28 00:00:00+09:00,98.2809759069372,98.2809759069372,96.49404907226562,96.49404907226562,14000,0.0,0.0
2002-01-29 00:00:00+09:00,96.4940492618158,97.08969154120972,95.89840698242188,95.89840698242188,10000,0.0,0.0
2002-01-30 00:00:00+09:00,95.89840698242188,95.89840698242188,95.30276470302795,95.89840698242188,20000,0.0,0.0
2002-01-31 00:00:00+09:00,95.89840698242188,95.89840698242188,95.89840698242188,95.89840698242188,0,0.0,0.0
2002-02-01 00:00:00+09:00,97.08969154120972,97.68533382060365,95.89840698242188,95.89840698242188,11000,0.0,0.0
2002-02-04 00:00:00+09:00,97.0896987915039,97.0896987915039,95.30277181988113,97.0896987915039,13000,0.0,0.0
2002-02-05 00:00:00+09:00,96.4940492618158,96.4940492618158,95.30276470302795,95.89840698242188,6000,0.0,0.0
2002-02-06 00:00:00+09:00,95.3027645158179,96.49404907226562,95.3027645158179,96.49404907226562,19000,0.0,0.0
2002-02-07 00:00:00+09:00,97.08969154120972,97.08969154120972,95.30276470302795,95.89840698242188,19000,0.0,0.0
2002-02-08 00:00:00+09:00,95.89840679404176,97.08969135048947,94.70712223759404,96.49404907226562,56000,0.0,0.0
2002-02-11 00:00:00+09:00,96.49404907226562,96.49404907226562,96.49404907226562,96.49404907226562,0,0.0,0.0
2002-02-12 00:00:00+09:00,96.49404102672231,98.28096771240236,96.49404102672231,98.28096771240234,9000,0.0,0.0
2002-02-13 00:00:00+09:00,98.28095972185304,101.25917062251524,98.28095972185304,100.66352844238281,52000,0.0,0.0
2002-02-14 00:00:00+09:00,100.66352853320895,102.45045507521857,97.08967544918968,100.06788635253906,74000,0.0,0.0
2002-02-15 00:00:00+09:00,100.06788626225037,100.6635284423828,99.47224408211792,100.66352844238281,59000,0.0,0.0
2002-02-18 00:00:00+09:00,99.47224426269531,99.47224426269531,98.87660208148156,99.47224426269531,11000,0.0,0.0
2002-02-19 00:00:00+09:00,99.4722364986644,101.25916290283203,99.4722364986644,101.25916290283203,16000,0.0,0.0
2002-02-20 00:00:00+09:00,100.06787863338695,101.25916290283203,100.06787863338695,101.25916290283203,16000,0.0,0.0
2002-02-21 00:00:00+09:00,101.25917009626116,104.2373809814453,101.25917009626116,104.23738098144531,28000,0.0,0.0
2002-02-22 00:00:00+09:00,104.23737344025187,104.23737344025187,101.85480490447469,103.04608917236328,20000,0.0,0.0
2002-02-25 00:00:00+09:00,104.2373810691395,104.2373810691395,101.85481235898774,103.64173889160156,25000,0.0,0.0
2002-02-26 00:00:00+09:00,103.64173880440848,104.2373809814453,103.04609662737164,104.23738098144531,10000,0.0,0.0
2002-02-27 00:00:00+09:00,104.23736572265625,110.19378662109375,103.6417236328125,110.19378662109375,104000,0.0,0.0
2002-02-28 00:00:00+09:00,103.04608154296875,107.81121826171875,103.04608154296875,105.42864990234375,43000,0.0,0.0
2002-03-01 00:00:00+09:00,108.40687577989367,109.59816012912327,106.61994925604927,107.21559143066406,48000,0.0,0.0
2002-03-04 00:00:00+09:00,110.1938093862226,112.5763782378166,108.40688274752709,110.7894515991211,32000,0.0,0.0
2002-03-05 00:00:00+09:00,111.38508665296767,111.38508665296767,107.21559143066408,107.21559143066406,23000,0.0,0.0
2002-03-06 00:00:00+09:00,106.02429984208477,108.40686837786195,103.04608917236328,103.04608917236328,43000,0.0,0.0
2002-03-07 00:00:00+09:00,109.00252558249795,109.00252558249795,106.61995671730674,107.81124114990234,23000,0.0,0.0
2002-03-08 00:00:00+09:00,107.81123404366629,107.81123404366629,104.2373809814453,104.23738098144531,141000,0.0,0.0
2002-03-11 00:00:00+09:00,108.40686810882397,108.40686810882397,105.42865744649365,106.61994171142578,32000,0.0,0.0
2002-03-12 00:00:00+09:00,107.21558384389184,108.40686810882397,106.61994171142578,106.61994171142578,17000,0.0,0.0
2002-03-13 00:00:00+09:00,107.21559893360454,107.81124114990234,106.61995671730674,107.81124114990234,20000,0.0,0.0
2002-03-14 00:00:00+09:00,107.21562246258338,107.21562246258338,104.83305307452598,106.02433776855469,23000,0.0,0.0
2002-03-15 00:00:00+09:00,107.21559856248938,110.19380963366964,104.23738749130912,109.5981674194336,113000,0.0,0.0
2002-03-18 00:00:00+09:00,107.81126480959774,108.40690715661209,106.02433776855469,106.02433776855469,23000,0.0,0.0
2002-03-19 00:00:00+09:00,107.81122580773192,109.00251007080078,107.21558367619748,109.00251007080078,30000,0.0,0.0
2002-03-20 00:00:00+09:00,107.21559143066408,108.40687577989367,105.42866490681968,107.21559143066406,37000,0.0,0.0
2002-03-21 00:00:00+09:00,107.21559143066408,107.21559143066408,107.21559143066408,107.21559143066406,0,0.0,0.0
2002-03-22 00:00:00+09:00,107.215576171875,107.215576171875,104.23736572265625,104.8330078125,41000,0.0,0.0
2002-03-25 00:00:00+09:00,98.87660790543529,107.81124114990234,98.87660790543529,107.81124114990234,67000,0.0,0.0
2002-03-26 00:00:00+09:00,107.20555114746094,107.20555114746094,107.20555114746094,107.20555114746094,5000,3.0,0.0
2002-03-27 00:00:00+09:00,107.20553995768229,109.0225830078125,106.59985894097223,109.0225830078125,21000,0.0,0.0
2002-03-28 00:00:00+09:00,109.02261884024973,109.02261884024973,107.20557519291225,107.8112564086914,40000,0.0,0.0
2002-03-29 00:00:00+09:00,107.8112451171875,107.8112451171875,105.99420166015625,105.99420166015625,16000,0.0,0.0
2002-04-01 00:00:00+09:00,103.57146582492562,104.78282799831656,103.57146582492562,104.1771469116211,23000,0.0,0.0
2002-04-02 00:00:00+09:00,103.57148388453892,103.57148388453892,101.75444030761719,101.75444030761719,22000,0.0,0.0
2002-04-03 00:00:00+09:00,101.7544200224035,102.96578216552734,100.54305787927963,102.96578216552734,29000,0.0,0.0
2002-04-04 00:00:00+09:00,105.9941837553344,105.9941837553344,102.965778505182,104.78282165527344,21000,0.0,0.0
2002-04-05 00:00:00+09:00,105.9941837553344,105.9941837553344,104.78282165527344,104.78282165527344,8000,0.0,0.0
2002-04-08 00:00:00+09:00,105.99418898760263,107.20555114746094,105.38850790767347,107.20555114746094,7000,0.0,0.0
2002-04-09 00:00:00+09:00,107.81122320348567,108.41690423271874,106.59986114501953,106.59986114501953,19000,0.0,0.0
2002-04-10 00:00:00+09:00,107.81123222739011,107.81123222739011,105.38850790767347,107.20555114746094,18000,0.0,0.0
2002-04-11 00:00:00+09:00,104.78282165527344,105.38850270530392,104.78282165527344,104.78282165527344,6000,0.0,0.0
2002-04-12 00:00:00+09:00,102.36010365153469,104.1771469116211,102.36010365153469,104.1771469116211,18000,0.0,0.0
2002-04-15 00:00:00+09:00,105.99419017170752,105.99419017170752,102.36010365153469,104.1771469116211,36000,0.0,0.0
2002-04-16 00:00:00+09:00,103.57144927978516,104.17713026972542,103.57144927978516,103.57144927978516,18000,0.0,0.0
2002-04-17 00:00:00+09:00,103.57146582492562,105.38850908501205,103.57146582492562,104.1771469116211,6000,0.0,0.0
2002-04-18 00:00:00+09:00,104.17715820312499,105.99420166015625,104.17715820312499,105.99420166015625,14000,0.0,0.0
2002-04-19 00:00:00+09:00,105.38850908501205,105.38850908501205,104.1771469116211,104.1771469116211,14000,0.0,0.0
2002-04-22 00:00:00+09:00,104.78281125966569,104.78281125966569,102.9657682898449,103.57144927978516,29000,0.0,0.0
2002-04-23 00:00:00+09:00,104.78282538021311,105.99418752333696,102.96578216552734,102.96578216552734,38000,0.0,0.0
2002-04-24 00:00:00+09:00,103.57146323708926,103.57146323708926,102.96578216552734,102.96578216552734,33000,0.0,0.0
2002-04-25 00:00:00+09:00,102.96578085634131,104.17714298406297,102.36009979248047,102.36009979248047,35000,0.0,0.0
2002-04-26 00:00:00+09:00,102.96578473823016,104.1771469116211,101.75442256483922,104.1771469116211,26000,0.0,0.0
2002-04-29 00:00:00+09:00,104.1771469116211,104.1771469116211,104.1771469116211,104.1771469116211,0,0.0,0.0
2002-04-30 00:00:00+09:00,101.75444030761719,103.57148388453892,101.75444030761719,101.75444030761719,38000,0.0,0.0
2002-05-01 00:00:00+09:00,102.36012149992443,102.96580269223168,101.75444030761719,101.75444030761719,17000,0.0,0.0
2002-05-02 00:00:00+09:00,101.75444030761719,101.75444030761719,101.75444030761719,101.75444030761719,6000,0.0,0.0
2002-05-03 00:00:00+09:00,101.75444030761719,101.75444030761719,101.75444030761719,101.75444030761719,0,0.0,0.0
2002-05-06 00:00:00+09:00,101.75444030761719,101.75444030761719,101.75444030761719,101.75444030761719,0,0.0,0.0
2002-05-07 00:00:00+09:00,101.75444030761719,102.96580269223168,101.14875911530994,101.75444030761719,26000,0.0,0.0
2002-05-08 00:00:00+09:00,101.14874138889542,101.75442247505647,99.93737921657332,100.54306030273438,16000,0.0,0.0
2002-05-09 00:00:00+09:00,101.14875911530994,101.75444030761719,101.14875911530994,101.75444030761719,3000,0.0,0.0
2002-05-10 00:00:00+09:00,101.14874780828303,101.14874780828303,99.93738555908203,99.93738555908203,15000,0.0,0.0
2002-05-13 00:00:00+09:00,99.93738555908203,102.96579118208452,99.93738555908203,99.93738555908203,22000,0.0,0.0
2002-05-14 00:00:00+09:00,101.14873766475881,102.36009979248047,101.14873766475881,102.36009979248047,18000,0.0,0.0
2002-05-15 00:00:00+09:00,103.57147230668501,103.57147230668501,99.93738555908203,99.93738555908203,32000,0.0,0.0
2002-05-16 00:00:00+09:00,99.93737680771771,102.96578216552734,99.93737680771771,102.96578216552734,22000,0.0,0.0
2002-05-17 00:00:00+09:00,103.57147230668501,103.57147230668501,99.93738555908203,99.93738555908203,19000,0.0,0.0
2002-05-20 00:00:00+09:00,102.96578464737857,104.17714681970068,99.93737921657332,100.54306030273438,69000,0.0,0.0
2002-05-21 00:00:00+09:00,102.96578473823016,104.1771469116211,101.75442256483922,104.1771469116211,47000,0.0,0.0
2002-05-22 00:00:00+09:00,104.78282165527344,104.78282165527344,102.965778505182,104.78282165527344,24000,0.0,0.0
2002-05-23 00:00:00+09:00,104.78283935546875,109.62828857421874,104.17715820312499,105.99420166015625,195000,0.0,0.0
2002-05-24 00:00:00+09:00,109.62829351158783,109.62829351158783,105.99420643385562,108.41693115234375,189000,0.0,0.0
2002-05-27 00:00:00+09:00,109.02261233196579,109.62829351158783,107.81124997272173,108.41693115234375,70000,0.0,0.0
2002-05-28 00:00:00+09:00,108.41693115234375,108.41693115234375,107.20556879309969,108.41693115234375,22000,0.0,0.0
2002-05-29 00:00:00+09:00,107.81122320348567,108.41690423271874,106.59986114501953,106.59986114501953,32000,0.0,0.0
2002-05-30 00:00:00+09:00,106.59989397713308,108.41693762447058,105.99421276135392,107.8112564086914,57000,0.0,0.0
2002-05-31 00:00:00+09:00,108.41690423271874,108.41690423271874,106.59986114501953,106.59986114501953,21000,0.0,0.0
2002-06-03 00:00:00+09:00,109.0225830078125,109.0225830078125,107.81122097439237,109.0225830078125,85000,0.0,0.0
2002-06-04 00:00:00+09:00,108.41690423271874,108.41690423271874,105.99418011578648,106.59986114501953,35000,0.0,0.0
2002-06-05 00:00:00+09:00,107.20556396484375,107.8112451171875,105.99420166015625,105.99420166015625,33000,0.0,0.0
2002-06-06 00:00:00+09:00,108.41691716512044,108.41691716512044,104.78283055623372,105.38851165771484,39000,0.0,0.0
2002-06-07 00:00:00+09:00,104.78282799831656,105.38850908501205,104.1771469116211,104.1771469116211,33000,0.0,0.0
2002-06-10 00:00:00+09:00,104.78282538021311,105.99418752333696,102.36010109396541,102.96578216552734,28000,0.0,0.0
2002-06-11 00:00:00+09:00,102.9657682898449,103.57144927978516,102.9657682898449,103.57144927978516,10000,0.0,0.0
2002-06-12 00:00:00+09:00,103.57144927978516,103.57144927978516,101.75440630996437,103.57144927978516,21000,0.0,0.0
2002-06-13 00:00:00+09:00,102.96578216552734,104.1771443086512,102.96578216552734,102.96578216552734,26000,0.0,0.0
2002-06-14 00:00:00+09:00,102.9657682898449,103.57144927978516,102.36008729990463,103.57144927978516,144000,0.0,0.0
2002-06-17 00:00:00+09:00,106.59988984607514,106.59988984607514,101.75444030761719,101.75444030761719,82000,0.0,0.0
2002-06-18 00:00:00+09:00,102.36010109396541,104.1771443086512,101.7544200224035,102.96578216552734,29000,0.0,0.0
2002-06-19 00:00:00+09:00,102.36009979248047,102.36009979248047,101.75441872861964,102.36009979248047,18000,0.0,0.0
2002-06-20 00:00:00+09:00,101.75440630996437,104.78281125966569,101.75440630996437,103.57144927978516,34000,0.0,0.0
2002-06-21 00:00:00+09:00,100.5430779230027,102.96580269223168,100.5430779230027,101.75444030761719,14000,0.0,0.0
2002-06-24 00:00:00+09:00,104.1771469116211,104.1771469116211,101.75442256483922,104.1771469116211,35000,0.0,0.0
2002-06-25 00:00:00+09:00,104.1771469116211,104.1771469116211,102.96578473823016,104.1771469116211,7000,0.0,0.0
2002-06-26 00:00:00+09:00,104.17714028729651,104.17714028729651,100.54305399820477,101.14873504638672,19000,0.0,0.0
2002-06-27 00:00:00+09:00,102.36011005748402,102.36011005748402,99.93738555908203,99.93738555908203,19000,0.0,0.0
2002-06-28 00:00:00+09:00,100.54306030273438,101.14874138889542,99.93737921657332,100.54306030273438,18000,0.0,0.0
2002-07-01 00:00:00+09:00,99.93737921657332,100.54306030273438,99.93737921657332,100.54306030273438,20000,0.0,0.0
2002-07-02 00:00:00+09:00,101.14875911530994,101.75444030761719,100.5430779230027,101.75444030761719,24000,0.0,0.0
2002-07-03 00:00:00+09:00,100.54306039144826,104.1771469116211,100.54306039144826,104.1771469116211,23000,0.0,0.0
2002-07-04 00:00:00+09:00,100.54305787927963,102.96578216552734,100.54305787927963,102.96578216552734,23000,0.0,0.0
2002-07-05 00:00:00+09:00,101.14875244140624,105.99420166015625,101.14875244140624,105.99420166015625,46000,0.0,0.0
2002-07-08 00:00:00+09:00,103.57145955521248,105.9941837553344,103.57145955521248,104.78282165527344,60000,0.0,0.0
2002-07-09 00:00:00+09:00,101.7544200224035,102.96578216552734,101.7544200224035,102.96578216552734,22000,0.0,0.0
2002-07-10 00:00:00+09:00,102.36012149992443,102.96580269223168,101.75444030761719,101.75444030761719,19000,0.0,0.0
2002-07-11 00:00:00+09:00,101.14874138889542,101.14874138889542,100.54306030273438,100.54306030273438,39000,0.0,0.0
2002-07-12 00:00:00+09:00,101.14875911530994,102.96580269223168,101.14875911530994,101.75444030761719,22000,0.0,0.0
2002-07-15 00:00:00+09:00,104.78282790586172,104.78282790586172,100.54306030273438,100.54306030273438,70000,0.0,0.0
2002-07-16 00:00:00+09:00,98.72602965192097,101.14875430595583,98.72602965192097,99.33171081542969,54000,0.0,0.0
2002-07-17 00:00:00+09:00,98.72604257089121,102.36013002748842,97.5146800853588,98.120361328125,34000,0.0,0.0
2002-07-18 00:00:00+09:00,98.72600776498969,106.59986114501953,98.72600776498969,106.59986114501953,80000,0.0,0.0
2002-07-19 00:00:00+09:00,99.93739197893841,100.54307314244711,99.33171081542969,99.33171081542969,31000,0.0,0.0
2002-07-22 00:00:00+09:00,98.7260513305664,99.33173262707294,97.51468873755331,98.7260513305664,38000,0.0,0.0
2002-07-23 00:00:00+09:00,97.51468873755331,98.7260513305664,97.51468873755331,98.7260513305664,44000,0.0,0.0
2002-07-24 00:00:00+09:00,101.14876754195602,101.14876754195602,97.5146800853588,98.120361328125,51000,0.0,0.0
2002-07-25 00:00:00+09:00,101.14877651659258,101.14877651659258,98.7260513305664,98.7260513305664,12000,0.0,0.0
2002-07-26 00:00:00+09:00,98.1203112332326,98.1203112332326,96.30326843261719,96.30326843261719,29000,0.0,0.0
2002-07-29 00:00:00+09:00,97.5146713256836,100.54307726747501,96.90899013732532,97.5146713256836,47000,0.0,0.0
2002-07-30 00:00:00+09:00,100.54308629918982,100.54308629918982,96.9089988425926,98.120361328125,29000,0.0,0.0
2002-07-31 00:00:00+09:00,98.12037003405986,98.7260513305664,96.90900744104678,98.7260513305664,28000,0.0,0.0
2002-08-01 00:00:00+09:00,96.9089584350586,96.9089584350586,96.9089584350586,96.9089584350586,28000,0.0,0.0
2002-08-02 00:00:00+09:00,96.30330894896703,97.5146713256836,96.30330894896703,97.5146713256836,30000,0.0,0.0
2002-08-05 00:00:00+09:00,96.30327744483948,96.9089584350586,96.30327744483948,96.9089584350586,12000,0.0,0.0
2002-08-06 00:00:00+09:00,95.69758749907871,96.30326843261719,95.69758749907871,96.30326843261719,21000,0.0,0.0
2002-08-07 00:00:00+09:00,95.09193545957154,97.5146599298791,95.09193545957154,95.69761657714844,13000,0.0,0.0
2002-08-08 00:00:00+09:00,96.30326843261719,96.30326843261719,96.30326843261719,96.30326843261719,8000,0.0,0.0
2002-08-09 00:00:00+09:00,96.9089584350586,97.51463942527772,95.09191546440125,96.9089584350586,43000,0.0,0.0
2002-08-12 00:00:00+09:00,95.69761657714844,96.90897881230221,95.69761657714844,95.69761657714844,25000,0.0,0.0
2002-08-13 00:00:00+09:00,97.5146599298791,97.5146599298791,95.69761657714844,95.69761657714844,15000,0.0,0.0
2002-08-14 00:00:00+09:00,95.69762776060875,97.5146713256836,95.69762776060875,97.5146713256836,29000,0.0,0.0
2002-08-15 00:00:00+09:00,96.9089584350586,97.51463942527772,96.30327744483948,96.9089584350586,46000,0.0,0.0
2002-08-16 00:00:00+09:00,96.30326843261719,97.51463029969413,95.69758749907871,96.30326843261719,21000,0.0,0.0
2002-08-19 00:00:00+09:00,95.69759645462037,96.9089584350586,95.09191546440125,96.9089584350586,35000,0.0,0.0
2002-08-20 00:00:00+09:00,96.9089584350586,96.9089584350586,95.69759645462037,96.9089584350586,29000,0.0,0.0
2002-08-21 00:00:00+09:00,95.69759645462037,96.9089584350586,95.69759645462037,96.9089584350586,19000,0.0,0.0
2002-08-22 00:00:00+09:00,95.69759645462037,96.9089584350586,95.09191546440125,96.9089584350586,29000,0.0,0.0
2002-08-23 00:00:00+09:00,96.9089584350586,96.9089584350586,96.9089584350586,96.9089584350586,0,0.0,0.0
2002-08-26 00:00:00+09:00,96.30330894896703,97.5146713256836,95.09194657225046,97.5146713256836,44000,0.0,0.0
2002-08-27 00:00:00+09:00,95.09190656554024,96.30326843261719,94.48622563200176,96.30326843261719,34000,0.0,0.0
2002-08-28 00:00:00+09:00,94.4862530945213,95.69761531368184,93.88057198494104,95.09193420410156,28000,0.0,0.0
2002-08-29 00:00:00+09:00,93.88057831006174,95.09194061083672,93.27489715967424,94.48625946044922,30000,0.0,0.0
2002-08-30 00:00:00+09:00,93.88056182861328,94.48624287266885,93.27488078455771,93.88056182861328,33000,0.0,0.0
2002-09-02 00:00:00+09:00,92.66921600928674,94.48625946044922,92.66921600928674,94.48625946044922,71000,0.0,0.0
2002-09-03 00:00:00+09:00,94.48624661094264,94.48624661094264,91.45784127084833,92.06352233886719,26000,0.0,0.0
2002-09-04 00:00:00+09:00,90.2464828491211,90.2464828491211,87.82375847733262,90.2464828491211,30000,0.0,0.0
2002-09-05 00:00:00+09:00,93.27489870589301,93.88057986632089,90.24649290375362,91.45785522460938,61000,0.0,0.0
2002-09-06 00:00:00+09:00,90.85216132961975,90.85216132961975,89.03511810302736,89.03511810302734,15000,0.0,0.0
2002-09-09 00:00:00+09:00,89.64081333108143,89.64081333108143,88.42945098876953,88.42945098876953,8000,0.0,0.0
2002-09-10 00:00:00+09:00,90.24648040572023,92.66920471191406,89.03511825262332,92.66920471191406,44000,0.0,0.0
2002-09-11 00:00:00+09:00,92.66920471191406,93.27488578846253,92.06352363536561,92.66920471191406,19000,0.0,0.0
2002-09-12 00:00:00+09:00,90.85216148226868,93.88056686501098,90.85216148226868,92.66920471191406,19000,0.0,0.0
2002-09-13 00:00:00+09:00,89.64081174332574,91.45785522460938,89.64081174332574,91.45785522460938,95000,0.0,0.0
2002-09-16 00:00:00+09:00,91.45785522460938,91.45785522460938,91.45785522460938,91.45785522460938,0,0.0,0.0
2002-09-17 00:00:00+09:00,95.69761657714844,95.69761657714844,94.48625434199465,95.69761657714844,54000,0.0,0.0
2002-09-18 00:00:00+09:00,95.69761531368184,95.69761531368184,93.88057198494104,95.09193420410156,12000,0.0,0.0
2002-09-19 00:00:00+09:00,94.48623447418214,96.9089584350586,94.48623447418214,96.9089584350586,29000,0.0,0.0
2002-09-20 00:00:00+09:00,97.5146713256836,97.5146713256836,97.5146713256836,97.5146713256836,55000,0.0,0.0
2002-09-23 00:00:00+09:00,97.5146713256836,97.5146713256836,97.5146713256836,97.5146713256836,0,0.0,0.0
2002-09-24 00:00:00+09:00,98.12037003405986,98.7260513305664,95.69764484803369,98.7260513305664,38000,0.0,0.0
2002-09-25 00:00:00+09:00,92.66921098926399,95.69761657714844,92.66921098926399,95.69761657714844,31000,0.0,0.0
2002-09-26 00:00:00+09:00,93.88055348396301,97.51463942527772,92.66919150352479,96.9089584350586,63000,0.0,0.0
2002-09-27 00:00:00+09:00,97.5146800853588,98.120361328125,96.9089988425926,98.120361328125,27000,0.0,0.0
2002-09-30 00:00:00+09:00,98.120361328125,98.72604257089121,97.5146800853588,98.120361328125,15000,0.0,0.0
2002-10-01 00:00:00+09:00,92.66921098926399,95.69761657714844,92.66921098926399,95.69761657714844,21000,0.0,0.0
2002-10-02 00:00:00+09:00,92.66920599999365,93.88056816992821,92.66920599999365,93.27488708496094,18000,0.0,0.0
2002-10-03 00:00:00+09:00,92.0635298716871,95.69761657714844,92.0635298716871,95.69761657714844,14000,0.0,0.0
2002-10-04 00:00:00+09:00,93.27488078455771,93.88056182861328,92.06351869644658,93.88056182861328,20000,0.0,0.0
2002-10-07 00:00:00+09:00,90.85217037716427,91.45785151301205,89.64080810546875,89.64080810546875,19000,0.0,0.0
2002-10-08 00:00:00+09:00,89.03511547220164,89.03511547220164,87.8237533569336,87.8237533569336,13000,0.0,0.0
2002-10-09 00:00:00+09:00,88.42942896633284,88.42942896633284,85.4010238647461,85.4010238647461,20000,0.0,0.0
2002-10-10 00:00:00+09:00,84.79535548807047,84.79535548807047,82.37263104555417,84.1896743774414,24000,0.0,0.0
2002-10-11 00:00:00+09:00,86.61239624023438,86.61239624023438,84.79535296246722,86.61239624023438,28000,0.0,0.0
2002-10-14 00:00:00+09:00,86.61239624023438,86.61239624023438,86.61239624023438,86.61239624023438,0,0.0,0.0
2002-10-15 00:00:00+09:00,89.03512696962099,89.64080810546875,87.82376469792547,89.64080810546875,30000,0.0,0.0
2002-10-16 00:00:00+09:00,89.64081870185004,90.24649990929497,87.21809387207031,87.21809387207031,25000,0.0,0.0
2002-10-17 00:00:00+09:00,87.82377507951524,89.0351374944051,87.21809387207031,87.21809387207031,14000,0.0,0.0
2002-10-18 00:00:00+09:00,88.42945628696017,88.42945628696017,87.21809387207031,87.21809387207031,15000,0.0,0.0
2002-10-21 00:00:00+09:00,89.64080810546875,89.64080810546875,87.82376469792547,89.64080810546875,20000,0.0,0.0
2002-10-22 00:00:00+09:00,87.21807229929956,89.64079652983567,87.21807229929956,87.8237533569336,37000,0.0,0.0
2002-10-23 00:00:00+09:00,89.64080175617397,90.85216394206822,88.42943957027974,90.2464828491211,24000,0.0,0.0
2002-10-24 00:00:00+09:00,90.85217037716427,90.85217037716427,88.42944583377323,89.64080810546875,38000,0.0,0.0
2002-10-25 00:00:00+09:00,87.82376469792547,89.64080810546875,87.82376469792547,89.64080810546875,13000,0.0,0.0
2002-10-28 00:00:00+09:00,90.2464828491211,90.2464828491211,87.82375847733262,90.2464828491211,19000,0.0,0.0
2002-10-29 00:00:00+09:00,90.24647654215494,90.85215759277344,90.24647654215494,90.85215759277344,18000,0.0,0.0
2002-10-30 00:00:00+09:00,91.45784240515054,91.45784240515054,89.03511810302736,89.03511810302734,23000,0.0,0.0
2002-10-31 00:00:00+09:00,90.85216132961975,90.85216132961975,89.03511810302736,89.03511810302734,3000,0.0,0.0
2002-11-01 00:00:00+09:00,87.82377507951524,87.82377507951524,86.00673145718045,87.21809387207031,25000,0.0,0.0
2002-11-04 00:00:00+09:00,87.21809387207031,87.21809387207031,87.21809387207031,87.21809387207031,0,0.0,0.0
2002-11-05 00:00:00+09:00,85.4010291263975,87.8237533569336,85.4010291263975,87.8237533569336,13000,0.0,0.0
2002-11-06 00:00:00+09:00,86.61240747530167,92.66921918686121,86.61240747530167,88.42945098876953,38000,0.0,0.0
2002-11-07 00:00:00+09:00,88.42944583377323,90.24648924131651,88.42944583377323,89.64080810546875,16000,0.0,0.0
2002-11-08 00:00:00+09:00,89.03512696962099,90.24648924131651,89.03512696962099,89.64080810546875,26000,0.0,0.0
2002-11-11 00:00:00+09:00,89.03513215992548,89.03513215992548,87.82376981761357,88.42945098876953,8000,0.0,0.0
2002-11-12 00:00:00+09:00,88.42943957027974,90.2464828491211,88.42943957027974,90.2464828491211,21000,0.0,0.0
2002-11-13 00:00:00+09:00,89.03511810302736,90.85216132961975,88.42943702749655,89.03511810302734,30000,0.0,0.0
2002-11-14 00:00:00+09:00,88.42945628696017,89.0351374944051,86.61241266462538,87.21809387207031,30000,0.0,0.0
2002-11-15 00:00:00+09:00,86.61239624023438,87.21807733282343,84.79535296246722,86.61239624023438,45000,0.0,0.0
2002-11-18 00:00:00+09:00,87.21806692569814,87.21806692569814,83.58398080379405,85.4010238647461,27000,0.0,0.0
2002-11-19 00:00:00+09:00,82.37262848133349,84.18967175665703,79.34422302246094,79.34422302246094,48000,0.0,0.0
2002-11-20 00:00:00+09:00,76.31580299055074,86.61237958451393,76.31580299055074,86.00669860839844,26000,0.0,0.0
2002-11-21 00:00:00+09:00,81.16124109338831,82.97828380443433,81.16124109338831,81.76692199707031,11000,0.0,0.0
2002-11-22 00:00:00+09:00,84.79534646739131,84.79534646739131,82.3726222826087,83.583984375,41000,0.0,0.0
2002-11-25 00:00:00+09:00,84.79536904229057,87.21809387207031,83.58400662740071,87.21809387207031,52000,0.0,0.0
2002-11-26 00:00:00+09:00,87.82376234872001,87.82376234872001,73.89309659685408,84.79535675048828,39000,0.0,0.0
2002-11-27 00:00:00+09:00,84.79533665616748,87.21806056062941,84.79533665616748,86.00669860839844,19000,0.0,0.0
2002-11-28 00:00:00+09:00,83.58396470811633,84.79532651548033,81.76692199707031,81.76692199707031,73000,0.0,0.0
2002-11-29 00:00:00+09:00,82.97831215618325,85.40103659869955,82.37263104555417,84.1896743774414,40000,0.0,0.0
2002-12-02 00:00:00+09:00,84.1896743774414,84.1896743774414,84.1896743774414,84.1896743774414,0,0.0,0.0
2002-12-03 00:00:00+09:00,85.40103405505627,87.82375842541248,85.40103405505627,86.61239624023438,31000,0.0,0.0
2002-12-04 00:00:00+09:00,85.40101763228296,86.00669860839844,84.189655680052,86.00669860839844,18000,0.0,0.0
2002-12-05 00:00:00+09:00,86.00671770932863,86.00671770932863,84.1896743774414,84.1896743774414,17000,0.0,0.0
2002-12-06 00:00:00+09:00,82.37263611285357,83.58399840863082,82.37263611285357,82.97831726074219,23000,0.0,0.0
2002-12-09 00:00:00+09:00,83.583984375,83.583984375,82.97830332880436,83.583984375,24000,0.0,0.0
2002-12-10 00:00:00+09:00,84.79533665616748,86.00669860839844,84.79533665616748,86.00669860839844,62000,0.0,0.0
2002-12-11 00:00:00+09:00,86.00671770932863,86.6123988199577,83.58399326681233,84.1896743774414,24000,0.0,0.0
2002-12-12 00:00:00+09:00,83.58399716545553,83.58399716545553,81.7669537488152,82.37263488769531,12000,0.0,0.0
2002-12-13 00:00:00+09:00,82.37263104555417,84.1896743774414,81.7669499349251,84.1896743774414,103000,0.0,0.0
2002-12-16 00:00:00+09:00,84.79536357678866,84.79536357678866,79.34423306113796,80.55559539794922,49000,0.0,0.0
2002-12-17 00:00:00+09:00,80.55559418418191,81.16127534346147,79.94991302490234,79.94991302490234,18000,0.0,0.0
2002-12-18 00:00:00+09:00,78.13284013402745,79.94988292784203,76.31579734021285,76.92147827148438,52000,0.0,0.0
2002-12-19 00:00:00+09:00,73.28741204833985,75.71013641357422,72.68173095703125,75.71013641357422,39000,0.0,0.0
2002-12-20 00:00:00+09:00,74.49878029456505,78.7385482788086,73.2874180133526,78.7385482788086,59000,0.0,0.0
2002-12-23 00:00:00+09:00,78.7385482788086,78.7385482788086,78.7385482788086,78.7385482788086,0,0.0,0.0
2002-12-24 00:00:00+09:00,78.73854187011719,78.73854187011719,75.10445532226562,75.71013641357422,62000,0.0,0.0
2002-12-25 00:00:00+09:00,75.71014931531457,76.9215117043596,73.89310573174703,74.49878692626953,55000,0.0,0.0
2002-12-26 00:00:00+09:00,75.71011640894132,76.92147827148438,74.49875454639826,76.92147827148438,14000,0.0,0.0
2002-12-27 00:00:00+09:00,75.71014138155205,78.13286590576172,75.10446025049963,78.13286590576172,19000,0.0,0.0
2002-12-30 00:00:00+09:00,77.52718599759615,78.7385482788086,77.52718599759615,78.7385482788086,3000,0.0,0.0
2002-12-31 00:00:00+09:00,78.7385482788086,78.7385482788086,78.7385482788086,78.7385482788086,0,0.0,0.0
2003-01-01 00:00:00+09:00,78.7385482788086,78.7385482788086,78.7385482788086,78.7385482788086,0,0.0,0.0
2003-01-02 00:00:00+09:00,78.7385482788086,78.7385482788086,78.7385482788086,78.7385482788086,0,0.0,0.0
2003-01-03 00:00:00+09:00,78.7385482788086,78.7385482788086,78.7385482788086,78.7385482788086,0,0.0,0.0
2003-01-06 00:00:00+09:00,78.7385482788086,78.7385482788086,75.10446143517127,78.7385482788086,18000,0.0,0.0
2003-01-07 00:00:00+09:00,79.3442294194148,79.3442294194148,78.13286713820237,78.7385482788086,17000,0.0,0.0
2003-01-08 00:00:00+09:00,76.92150485698993,78.7385482788086,76.92150485698993,78.7385482788086,15000,0.0,0.0
2003-01-09 00:00:00+09:00,75.71014016866684,77.52718353271484,75.71014016866684,77.52718353271484,19000,0.0,0.0
2003-01-10 00:00:00+09:00,78.13286590576172,78.13286590576172,76.31582251260447,78.13286590576172,22000,0.0,0.0
2003-01-13 00:00:00+09:00,78.13286590576172,78.13286590576172,78.13286590576172,78.13286590576172,0,0.0,0.0
2003-01-14 00:00:00+09:00,78.13286083891192,79.34422302246094,78.13286083891192,79.34422302246094,32000,0.0,0.0
2003-01-15 00:00:00+09:00,79.34422678022241,81.16127014160156,79.34422678022241,81.16127014160156,48000,0.0,0.0
2003-01-16 00:00:00+09:00,79.94990790068213,81.16127014160156,79.94990790068213,81.16127014160156,17000,0.0,0.0
2003-01-17 00:00:00+09:00,81.76694123641305,84.18966542119566,81.76694123641305,83.583984375,33000,0.0,0.0
2003-01-20 00:00:00+09:00,84.18968783484564,87.21809387207031,84.18968783484564,87.21809387207031,97000,0.0,0.0
2003-01-21 00:00:00+09:00,87.21808864645762,89.64081333108143,87.21808864645762,88.42945098876953,33000,0.0,0.0
2003-01-22 00:00:00+09:00,88.42943951800153,88.42943951800153,84.79535296246722,86.61239624023438,29000,0.0,0.0
2003-01-23 00:00:00+09:00,87.21807229929956,87.8237533569336,86.00671018403152,87.8237533569336,10000,0.0,0.0
2003-01-24 00:00:00+09:00,89.64079917855815,90.24648025408895,86.61239380090416,89.03511810302734,39000,0.0,0.0
2003-01-27 00:00:00+09:00,89.03512061059058,89.03512061059058,86.61239624023438,86.61239624023438,7000,0.0,0.0
2003-01-28 00:00:00+09:00,86.00673145718045,87.21809387207031,86.00673145718045,87.21809387207031,15000,0.0,0.0
2003-01-29 00:00:00+09:00,86.00672300018533,86.00672300018533,82.97831726074219,82.97831726074219,18000,0.0,0.0
2003-01-30 00:00:00+09:00,80.55556018970631,84.18964561179833,80.55556018970631,81.76692199707031,12000,0.0,0.0
2003-01-31 00:00:00+09:00,84.18967175665703,84.18967175665703,79.34422302246094,79.34422302246094,23000,0.0,0.0
2003-02-03 00:00:00+09:00,79.9498980978261,83.583984375,79.9498980978261,83.583984375,15000,0.0,0.0
2003-02-04 00:00:00+09:00,84.1896618241114,86.00670488506344,84.1896618241114,85.4010238647461,15000,0.0,0.0
2003-02-05 00:00:00+09:00,82.37263927720997,89.64081333108143,82.37263927720997,88.42945098876953,43000,0.0,0.0
2003-02-06 00:00:00+09:00,88.42945098876953,89.64081333108143,88.42945098876953,88.42945098876953,21000,0.0,0.0
2003-02-07 00:00:00+09:00,85.4010291263975,87.8237533569336,85.4010291263975,87.8237533569336,23000,0.0,0.0
2003-02-10 00:00:00+09:00,87.82377507951524,87.82377507951524,82.97832541995578,87.21809387207031,28000,0.0,0.0
2003-02-11 00:00:00+09:00,87.21809387207031,87.21809387207031,87.21809387207031,87.21809387207031,0,0.0,0.0
2003-02-12 00:00:00+09:00,86.00671272537336,89.03511810302736,86.00671272537336,89.03511810302734,30000,0.0,0.0
2003-02-13 00:00:00+09:00,89.6408042178792,98.72602086158315,89.6408042178792,95.09193420410156,70000,0.0,0.0
2003-02-14 00:00:00+09:00,92.66921600928674,94.48625946044922,87.82376680618678,94.48625946044922,59000,0.0,0.0
2003-02-17 00:00:00+09:00,96.90897753284236,97.51465864242263,95.09193420410158,95.09193420410156,41000,0.0,0.0
2003-02-18 00:00:00+09:00,92.06350189784787,96.30326843261719,88.42941629661703,96.30326843261719,51000,0.0,0.0
2003-02-19 00:00:00+09:00,93.88056182861328,95.69760496077998,93.88056182861328,93.88056182861328,22000,0.0,0.0
2003-02-20 00:00:00+09:00,94.4862492548955,95.09193033986277,93.27488708496094,93.27488708496094,19000,0.0,0.0
2003-02-21 00:00:00+09:00,92.6692007446289,92.6692007446289,90.85215759277344,90.85215759277344,32000,0.0,0.0
2003-02-24 00:00:00+09:00,93.27489492055533,93.27489492055533,89.64080810546875,89.64080810546875,38000,0.0,0.0
2003-02-25 00:00:00+09:00,89.64081870185004,89.64081870185004,87.21809387207031,87.21809387207031,45000,0.0,0.0
2003-02-26 00:00:00+09:00,86.00671898978096,86.00671898978096,84.18967563084193,84.79535675048828,28000,0.0,0.0
2003-02-27 00:00:00+09:00,84.79534284442875,85.4010238647461,84.79534284442875,85.4010238647461,13000,0.0,0.0
2003-02-28 00:00:00+09:00,85.4010238647461,86.00670488506344,85.4010238647461,85.4010238647461,34000,0.0,0.0
2003-03-03 00:00:00+09:00,86.61240747530167,89.03513215992548,86.0067263041457,88.42945098876953,44000,0.0,0.0
2003-03-04 00:00:00+09:00,89.03511825262332,92.66920471191406,89.03511825262332,92.66920471191406,18000,0.0,0.0
2003-03-05 00:00:00+09:00,90.24647654215494,91.45783864339192,89.03511444091797,90.85215759277344,28000,0.0,0.0
2003-03-06 00:00:00+09:00,90.85215759277344,92.6692007446289,90.85215759277344,90.85215759277344,27000,0.0,0.0
2003-03-07 00:00:00+09:00,90.85217037716427,91.45785151301205,87.82376469792547,89.64080810546875,34000,0.0,0.0
2003-03-10 00:00:00+09:00,85.40103787013463,85.40103787013463,81.76695115225655,84.79535675048828,36000,0.0,0.0
2003-03-11 00:00:00+09:00,84.79536070440808,85.40104185229671,82.97831726074219,82.97831726074219,24000,0.0,0.0
2003-03-12 00:00:00+09:00,87.21807065217392,87.21807065217392,83.583984375,83.583984375,34000,0.0,0.0
2003-03-13 00:00:00+09:00,86.00671018403152,87.8237533569336,84.79534806876347,87.8237533569336,15000,0.0,0.0
2003-03-14 00:00:00+09:00,90.85216132961975,90.85216132961975,87.82375595196575,89.03511810302734,140000,0.0,0.0
2003-03-17 00:00:00+09:00,90.24648924131651,90.24648924131651,88.42944583377323,89.64080810546875,44000,0.0,0.0
2003-03-18 00:00:00+09:00,89.03511444091797,90.85215759277344,89.03511444091797,90.85215759277344,24000,0.0,0.0
2003-03-19 00:00:00+09:00,90.85217567339335,90.85217567339335,87.21808864645762,88.42945098876953,15000,0.0,0.0
2003-03-20 00:00:00+09:00,88.42943339029947,90.85215759277344,88.42943339029947,90.85215759277344,23000,0.0,0.0
2003-03-21 00:00:00+09:00,90.85215759277344,90.85215759277344,90.85215759277344,90.85215759277344,0,0.0,0.0
2003-03-24 00:00:00+09:00,95.69761531368184,96.90897753284236,93.88057198494104,95.09193420410156,47000,0.0,0.0
2003-03-25 00:00:00+09:00,93.27488708496094,93.88056816992821,91.4578438300591,93.27488708496094,22000,0.0,0.0
2003-03-26 00:00:00+09:00,95.74577043641288,98.21662902832031,93.89262649248231,98.21662902832031,37000,3.0,0.0
2003-03-27 00:00:00+09:00,99.45203018188478,103.77603149414064,98.21660123552596,103.77603149414062,132000,0.0,0.0
2003-03-28 00:00:00+09:00,103.77603149414064,105.01146044049945,101.305173601423,103.77603149414062,76000,0.0,0.0
2003-03-31 00:00:00+09:00,100.6874629903284,101.92289198407477,98.83431949970885,99.45203399658203,24000,0.0,0.0
2003-04-01 00:00:00+09:00,98.21662486683239,98.83433948863637,86.48004705255683,95.1280517578125,37000,0.0,0.0
2003-04-02 00:00:00+09:00,95.1280197823883,96.98116302490234,92.65716212570288,96.98116302490234,30000,0.0,0.0
2003-04-03 00:00:00+09:00,98.21659285022366,98.21659285022366,95.74573516845703,95.74573516845703,18000,0.0,0.0
2003-04-04 00:00:00+09:00,94.51030632757372,96.98116400934035,93.89259190713206,95.74573516845703,28000,0.0,0.0
2003-04-07 00:00:00+09:00,96.3634661506204,96.3634661506204,93.89260804419423,94.51032257080078,29000,0.0,0.0
2003-04-08 00:00:00+09:00,95.12803709740732,98.83432425704656,92.65717899098115,94.51032257080078,51000,0.0,0.0
2003-04-09 00:00:00+09:00,93.89260804419423,94.51032257080078,92.65717899098115,94.51032257080078,29000,0.0,0.0
2003-04-10 00:00:00+09:00,93.89258666992187,94.5103010559082,92.65715789794922,92.65715789794922,14000,0.0,0.0
2003-04-11 00:00:00+09:00,92.65716306624874,95.74573516845703,92.65716306624874,95.74573516845703,41000,0.0,0.0
2003-04-14 00:00:00+09:00,95.74574225988144,96.36345672607422,94.51031332749587,96.36345672607422,55000,0.0,0.0
2003-04-15 00:00:00+09:00,98.21660012465257,98.21660012465257,96.36345672607422,96.36345672607422,81000,0.0,0.0
2003-04-16 00:00:00+09:00,96.36345672607422,96.981171192267,95.74574225988144,96.36345672607422,24000,0.0,0.0
2003-04-17 00:00:00+09:00,96.36348100142045,96.36348100142045,94.51033713600853,95.1280517578125,28000,0.0,0.0
2003-04-18 00:00:00+09:00,95.12803709740732,95.12803709740732,93.2748935175877,94.51032257080078,29000,0.0,0.0
2003-04-21 00:00:00+09:00,95.12803418123269,97.59889221191406,95.12803418123269,97.59889221191406,42000,0.0,0.0
2003-04-22 00:00:00+09:00,98.21658156693347,101.30515331432132,98.21658156693347,100.68743896484375,79000,0.0,0.0
2003-04-23 00:00:00+09:00,100.6874505319903,100.6874505319903,93.89259190713206,95.74573516845703,33000,0.0,0.0
2003-04-24 00:00:00+09:00,98.83433400848766,100.06976318359375,96.98119024582851,100.06976318359375,41000,0.0,0.0
2003-04-25 00:00:00+09:00,99.45205832427402,100.06977297225087,98.21662902832031,98.21662902832031,25000,0.0,0.0
2003-04-28 00:00:00+09:00,97.59889221191406,97.59889221191406,96.36346319657338,97.59889221191406,10000,0.0,0.0
2003-04-29 00:00:00+09:00,97.59889221191406,97.59889221191406,97.59889221191406,97.59889221191406,0,0.0,0.0
2003-04-30 00:00:00+09:00,96.98117656707764,100.06974906921387,96.98117656707764,98.83432006835938,28000,0.0,0.0
2003-05-01 00:00:00+09:00,96.36347565827546,100.6874777711468,96.36347565827546,100.06976318359375,33000,0.0,0.0
2003-05-02 00:00:00+09:00,99.45203399658205,101.30517748720158,97.5988905059625,99.45203399658203,21000,0.0,0.0
2003-05-05 00:00:00+09:00,99.45203399658205,99.45203399658205,99.45203399658205,99.45203399658203,0,0.0,0.0
2003-05-06 00:00:00+09:00,100.06972461536617,100.68743896484375,98.83429591641104,100.68743896484375,23000,0.0,0.0
2003-05-07 00:00:00+09:00,98.83429591641104,101.30515331432132,98.83429591641104,100.68743896484375,31000,0.0,0.0
2003-05-08 00:00:00+09:00,101.30516006007339,104.3937320131244,101.30516006007339,101.9228744506836,72000,0.0,0.0
2003-05-09 00:00:00+09:00,100.68743896484375,101.92286766379888,98.21658156693347,100.68743896484375,40000,0.0,0.0
2003-05-12 00:00:00+09:00,100.68746019845986,105.01146155667593,99.45203123896955,102.54060363769531,51000,0.0,0.0
2003-05-13 00:00:00+09:00,102.54062584060395,103.77605506759917,101.92291122710634,103.15834045410156,40000,0.0,0.0
2003-05-14 00:00:00+09:00,103.15831542433354,106.24688774242736,103.15831542433354,105.6291732788086,74000,0.0,0.0
2003-05-15 00:00:00+09:00,105.62917864118305,111.18860909598214,105.01146414620537,108.10003662109375,165000,0.0,0.0
2003-05-16 00:00:00+09:00,106.86461892212637,107.48233348236987,104.39376068115234,104.39376068115234,39000,0.0,0.0
2003-05-19 00:00:00+09:00,104.39374707693077,105.01146155667593,102.54060363769531,102.54060363769531,27000,0.0,0.0
2003-05-20 00:00:00+09:00,100.6874629903284,101.30517748720158,99.45203399658205,99.45203399658203,33000,0.0,0.0
2003-05-21 00:00:00+09:00,102.54062153380595,103.158336121359,100.06976318359375,100.06976318359375,39000,0.0,0.0
2003-05-22 00:00:00+09:00,101.92291005452473,113.0417729695638,100.68748084174263,111.18862915039062,318000,0.0,0.0
2003-05-23 00:00:00+09:00,108.10003113328365,108.10003113328365,105.6291732788086,105.6291732788086,134000,0.0,0.0
2003-05-26 00:00:00+09:00,108.71776779263006,108.71776779263006,106.8646240234375,106.8646240234375,35000,0.0,0.0
2003-05-27 00:00:00+09:00,108.10004611347998,108.71776066269986,106.24690246582031,106.24690246582031,36000,0.0,0.0
2003-05-28 00:00:00+09:00,106.24689313616072,108.10003662109375,106.24689313616072,108.10003662109375,45000,0.0,0.0
2003-05-29 00:00:00+09:00,108.10003831651476,138.9857635498047,107.48232381184896,138.9857635498047,2443000,0.0,0.0
2003-05-30 00:00:00+09:00,148.2514778512423,154.42862276171073,144.54519090496126,150.7223358154297,7952000,0.0,0.0
2003-06-02 00:00:00+09:00,156.2817859212861,163.69436074759213,155.0463567835684,161.84121704101562,4768000,0.0,0.0
2003-06-03 00:00:00+09:00,163.69435213614202,175.43092832703522,158.7526358452396,170.4892120361328,6794000,0.0,0.0
2003-06-04 00:00:00+09:00,172.96006185483418,182.8434939608247,170.48920382833654,171.10691833496094,4678000,0.0,0.0
2003-06-05 00:00:00+09:00,172.34234734820976,176.0486343879562,168.63606030846333,171.10691833496094,1593000,0.0,0.0
2003-06-06 00:00:00+09:00,172.96006422776443,177.28406583345853,171.10692068246695,176.66635131835938,1496000,0.0,0.0
2003-06-09 00:00:00+09:00,179.75493483356735,180.37264938626,171.7246456485626,173.57778930664062,1305000,0.0,0.0
2003-06-10 00:00:00+09:00,170.48921777868782,173.57779056453361,163.69435764982708,172.3423614501953,1003000,0.0,0.0
2003-06-11 00:00:00+09:00,172.96006185483418,174.8132053747074,167.4006312952145,171.10691833496094,775000,0.0,0.0
2003-06-12 00:00:00+09:00,172.34234364827475,173.5777726350007,165.54748422128182,166.7829132080078,644000,0.0,0.0
2003-06-13 00:00:00+09:00,163.6943817138672,196.43325805664062,162.45895241791345,196.43325805664062,7231000,0.0,0.0
2003-06-16 00:00:00+09:00,194.58009507921008,219.90639316888505,187.78523461612656,200.1395263671875,13106000,0.0,0.0
2003-06-17 00:00:00+09:00,212.49381811824847,218.0532494062259,179.13723039038388,200.1395263671875,6618000,0.0,0.0
2003-06-18 00:00:00+09:00,209.40525809417474,224.23040910969152,206.9343995915886,222.99497985839844,5602000,0.0,0.0
2003-06-19 00:00:00+09:00,232.26065011160716,235.96693708147322,213.1115007672991,216.2000732421875,3730000,0.0,0.0
2003-06-20 00:00:00+09:00,210.02291145971265,225.46577259645622,209.4051970142429,218.67091369628906,1500000,0.0,0.0
2003-06-23 00:00:00+09:00,216.81775937414474,220.52404585917284,190.87375397894795,193.9623260498047,2274000,0.0,0.0
2003-06-24 00:00:00+09:00,181.6080534963897,190.87377051151162,181.6080534963897,183.46119689941406,1941000,0.0,0.0
2003-06-25 00:00:00+09:00,186.54976739854436,203.22805786132812,177.9017649363602,203.22805786132812,1694000,0.0,0.0
2003-06-26 00:00:00+09:00,197.0509043311471,201.9926198002668,192.10918886202742,195.8154754638672,863000,0.0,0.0
2003-06-27 00:00:00+09:00,196.4332214913717,202.61036682128906,195.81550695837998,202.61036682128906,634000,0.0,0.0
2003-06-30 00:00:00+09:00,197.05092794683915,198.90407146985018,194.58006991615778,195.19778442382812,382000,0.0,0.0
2003-07-01 00:00:00+09:00,195.81549893149847,200.7572149928612,193.3446409008171,195.19778442382812,512000,0.0,0.0
2003-07-02 00:00:00+09:00,197.0509841480194,197.0509841480194,189.6384079418243,193.34469604492188,352000,0.0,0.0
2003-07-03 00:00:00+09:00,190.87379368519623,193.9623663985489,182.2257900878087,184.0789337158203,436000,0.0,0.0
2003-07-04 00:00:00+09:00,180.99033902871489,187.78519817313764,179.7549100933653,183.46119689941406,317000,0.0,0.0
2003-07-07 00:00:00+09:00,189.6383561354417,189.6383561354417,176.66635131835938,176.66635131835938,426000,0.0,0.0
2003-07-08 00:00:00+09:00,176.66634274225166,178.51948619758997,168.0183399506729,169.25376892089844,590000,0.0,0.0
2003-07-09 00:00:00+09:00,164.31208418451854,174.813232421875,158.7526527647416,174.813232421875,737000,0.0,0.0
2003-07-10 00:00:00+09:00,176.66633986124816,187.16748593691673,176.0486253862088,180.99034118652344,489000,0.0,0.0
2003-07-11 00:00:00+09:00,184.69664735162715,184.69664735162715,175.4309292570639,177.28407287597656,217000,0.0,0.0
2003-07-14 00:00:00+09:00,177.90175258091517,178.5194669995989,169.87146513802665,172.9600372314453,201000,0.0,0.0
2003-07-15 00:00:00+09:00,176.0486343879562,176.0486343879562,170.48920382833654,171.10691833496094,215000,0.0,0.0
2003-07-16 00:00:00+09:00,172.34234971266525,172.34234971266525,163.69434650127704,168.6360626220703,194000,0.0,0.0
2003-07-17 00:00:00+09:00,167.400638640873,167.400638640873,155.6640625,155.6640625,466000,0.0,0.0
2003-07-18 00:00:00+09:00,148.86919234228915,160.60576767217916,148.86919234228915,150.7223358154297,321000,0.0,0.0
2003-07-21 00:00:00+09:00,150.7223358154297,150.7223358154297,150.7223358154297,150.7223358154297,0,0.0,0.0
2003-07-22 00:00:00+09:00,154.42862759632277,160.6057727001757,151.34005504439634,153.8109130859375,203000,0.0,0.0
2003-07-23 00:00:00+09:00,156.89949861910975,157.5172131806023,154.42864037313953,156.2817840576172,101000,0.0,0.0
2003-07-24 00:00:00+09:00,160.60576685607202,160.60576685607202,157.5171944165322,159.98805236816406,168000,0.0,0.0
2003-07-25 00:00:00+09:00,158.13491941437007,159.37034847229484,156.28177582748293,156.8994903564453,77000,0.0,0.0
2003-07-28 00:00:00+09:00,157.51721446732603,159.37035816694163,152.57549793501775,155.04635620117188,118000,0.0,0.0
2003-07-29 00:00:00+09:00,158.13492897727272,171.10693486993964,154.4286415793679,169.8715057373047,317000,0.0,0.0
2003-07-30 00:00:00+09:00,167.40061341470746,169.2537567366415,165.54747009277344,165.54747009277344,210000,0.0,0.0
2003-07-31 00:00:00+09:00,166.78293940706072,167.40065399745725,160.60579350309553,163.69436645507812,102000,0.0,0.0
2003-08-01 00:00:00+09:00,168.636080490169,168.636080490169,164.31207842631852,166.16522216796875,170000,0.0,0.0
2003-08-04 00:00:00+09:00,166.16520456167368,169.25377713716946,160.60577392578125,160.60577392578125,193000,0.0,0.0
2003-08-05 00:00:00+09:00,161.22349797705266,161.84121252868889,157.51721066723536,158.7526397705078,92000,0.0,0.0
2003-08-06 00:00:00+09:00,157.51723408699036,158.75266337394714,155.66409015655518,158.13494873046875,68000,0.0,0.0
2003-08-07 00:00:00+09:00,158.13492774209487,158.13492774209487,155.0463549346321,156.2817840576172,69000,0.0,0.0
2003-08-08 00:00:00+09:00,154.42864037313953,156.2817840576172,148.8692093197065,156.2817840576172,151000,0.0,0.0
2003-08-11 00:00:00+09:00,151.95775764371143,152.57547210567773,150.1046142578125,150.1046142578125,96000,0.0,0.0
2003-08-12 00:00:00+09:00,150.72235423540215,155.04635620117188,150.10463966886363,155.04635620117188,104000,0.0,0.0
2003-08-13 00:00:00+09:00,154.42867510714512,155.0463898075737,150.72238690457363,152.57553100585938,90000,0.0,0.0
2003-08-14 00:00:00+09:00,153.81092581164697,158.13492774209487,153.1932112501544,156.2817840576172,82000,0.0,0.0
2003-08-15 00:00:00+09:00,156.8994903564453,156.8994903564453,156.8994903564453,156.8994903564453,85000,0.0,0.0
2003-08-18 00:00:00+09:00,158.75265640557978,163.07665872012868,156.89951255648742,157.51722717285156,136000,0.0,0.0
2003-08-19 00:00:00+09:00,159.37035065277448,163.69435241467144,159.37035065277448,162.45892333984375,220000,0.0,0.0
2003-08-20 00:00:00+09:00,164.92978676416539,173.57779056453361,161.84121397831962,172.3423614501953,497000,0.0,0.0
2003-08-21 00:00:00+09:00,175.43094702407242,175.43094702407242,171.10694480869037,174.813232421875,273000,0.0,0.0
2003-08-22 00:00:00+09:00,172.96006422776443,172.96006422776443,168.01834810697116,168.6360626220703,228000,0.0,0.0
2003-08-25 00:00:00+09:00,166.7829367485188,166.7829367485188,164.31207842631852,166.16522216796875,103000,0.0,0.0
2003-08-26 00:00:00+09:00,164.3120530399963,172.96005583157506,163.69433855488353,169.25376892089844,123000,0.0,0.0
2003-08-27 00:00:00+09:00,171.72463284158536,174.19549086808297,169.87148932171212,171.10691833496094,248000,0.0,0.0
2003-08-28 00:00:00+09:00,169.8714834060112,171.72462686134952,169.25376892089844,169.25376892089844,141000,0.0,0.0
2003-08-29 00:00:00+09:00,167.40063359187198,170.4892061673678,167.40063359187198,168.6360626220703,103000,0.0,0.0
2003-09-01 00:00:00+09:00,169.25379680386553,171.7246551513672,169.25379680386553,171.7246551513672,161000,0.0,0.0
2003-09-02 00:00:00+09:00,172.96006185483418,172.96006185483418,169.25377481508772,171.10691833496094,159000,0.0,0.0
2003-09-03 00:00:00+09:00,171.72464518644372,181.6080780029297,169.8715015333526,181.6080780029297,485000,0.0,0.0
2003-09-04 00:00:00+09:00,184.69666491328059,187.78523790514149,181.6080919214197,182.84352111816406,585000,0.0,0.0
2003-09-05 00:00:00+09:00,182.22575887044272,182.22575887044272,176.04861450195312,176.04861450195312,183000,0.0,0.0
2003-09-08 00:00:00+09:00,176.66636786662357,176.66636786662357,172.96008042886223,175.43093872070312,102000,0.0,0.0
2003-09-09 00:00:00+09:00,176.04860932486397,176.04860932486397,171.72460839407785,172.9600372314453,165000,0.0,0.0
2003-09-10 00:00:00+09:00,172.96008861528267,175.43094702407242,172.96008861528267,174.813232421875,104000,0.0,0.0
2003-09-11 00:00:00+09:00,174.19550512170278,175.4309342360411,172.3423614501953,172.3423614501953,102000,0.0,0.0
2003-09-12 00:00:00+09:00,172.3423614501953,173.57779056453361,171.72464689302615,172.3423614501953,156000,0.0,0.0
2003-09-15 00:00:00+09:00,172.3423614501953,172.3423614501953,172.3423614501953,172.3423614501953,0,0.0,0.0
2003-09-16 00:00:00+09:00,172.3423614501953,174.81321967887195,172.3423614501953,172.3423614501953,92000,0.0,0.0
2003-09-17 00:00:00+09:00,174.19549925430962,174.19549925430962,169.25378296340722,170.4892120361328,176000,0.0,0.0
2003-09-18 00:00:00+09:00,171.10691237623675,171.72462686134952,168.63605443578567,169.25376892089844,94000,0.0,0.0
2003-09-19 00:00:00+09:00,169.25376892089844,169.8714834060112,167.40062546556015,169.25376892089844,120000,0.0,0.0
2003-09-22 00:00:00+09:00,168.01835169417137,168.63606622245877,162.4589209395848,164.92977905273438,187000,0.0,0.0
2003-09-23 00:00:00+09:00,164.92977905273438,164.92977905273438,164.92977905273438,164.92977905273438,0,0.0,0.0
2003-09-24 00:00:00+09:00,161.84121002548042,164.3120681938084,160.60578094131645,161.22349548339844,133000,0.0,0.0
2003-09-25 00:00:00+09:00,159.37034970238096,159.98806423611111,155.6640625,155.6640625,129000,0.0,0.0
2003-09-26 00:00:00+09:00,155.66406129852055,156.8994903564453,150.72234506682148,156.8994903564453,82000,0.0,0.0
2003-09-29 00:00:00+09:00,153.8108906899729,154.42860511041457,149.4868897468813,153.19317626953125,226000,0.0,0.0
2003-09-30 00:00:00+09:00,150.10463966886363,155.04635620117188,150.10463966886363,155.04635620117188,120000,0.0,0.0
2003-10-01 00:00:00+09:00,157.51719640306203,157.51719640306203,145.78062098479467,149.48690795898438,385000,0.0,0.0
2003-10-02 00:00:00+09:00,151.34004318174513,151.95775764371143,147.6337564099473,150.1046142578125,216000,0.0,0.0
2003-10-03 00:00:00+09:00,151.95777529761904,156.8994915674603,151.34006076388889,155.6640625,171000,0.0,0.0
2003-10-06 00:00:00+09:00,158.75263038048377,161.84120295597955,158.75263038048377,160.60577392578125,251000,0.0,0.0
2003-10-07 00:00:00+09:00,160.60580730438232,161.22352194786072,155.66409015655518,158.13494873046875,130000,0.0,0.0
2003-10-08 00:00:00+09:00,158.13492774209487,158.13492774209487,154.42864037313953,156.2817840576172,67000,0.0,0.0
2003-10-09 00:00:00+09:00,153.19320556640625,154.4286346435547,151.9577764892578,154.4286346435547,95000,0.0,0.0
2003-10-10 00:00:00+09:00,153.1931985755522,153.8109130859375,151.34005504439634,153.8109130859375,79000,0.0,0.0
2003-10-13 00:00:00+09:00,153.8109130859375,153.8109130859375,153.8109130859375,153.8109130859375,0,0.0,0.0
2003-10-14 00:00:00+09:00,153.19317626953125,153.19317626953125,151.34003300820626,153.19317626953125,98000,0.0,0.0
2003-10-15 00:00:00+09:00,151.95776479752337,151.95776479752337,147.63376336019547,150.7223358154297,212000,0.0,0.0
2003-10-16 00:00:00+09:00,151.34010160500222,154.42867510714512,151.34010160500222,152.57553100585938,157000,0.0,0.0
2003-10-17 00:00:00+09:00,152.57549189425063,162.45892456756243,151.95777735216865,161.22349548339844,261000,0.0,0.0
2003-10-20 00:00:00+09:00,164.3120879528569,164.3120879528569,157.51722717285156,157.51722717285156,193000,0.0,0.0
2003-10-21 00:00:00+09:00,159.37035816694163,161.22350186655723,154.42864163463335,155.04635620117188,156000,0.0,0.0
2003-10-22 00:00:00+09:00,156.8994915674603,156.8994915674603,154.42863343253967,155.6640625,56000,0.0,0.0
2003-10-23 00:00:00+09:00,154.42864507691473,154.42864507691473,143.92749721168454,144.5452117919922,235000,0.0,0.0
2003-10-24 00:00:00+09:00,146.3983194276235,147.63374828355282,136.514888580189,141.45660400390625,276000,0.0,0.0
2003-10-27 00:00:00+09:00,129.10230041218696,135.27944397257866,129.10230041218696,132.1908721923828,417000,0.0,0.0
2003-10-28 00:00:00+09:00,133.426328346946,140.22118766091086,131.57318489768286,135.89718627929688,283000,0.0,0.0
2003-10-29 00:00:00+09:00,138.9857884999868,139.6035031155423,135.8972154222093,137.1326446533203,191000,0.0,0.0
2003-10-30 00:00:00+09:00,137.7503592688758,137.7503592688758,137.1326446533203,137.1326446533203,46000,0.0,0.0
2003-10-31 00:00:00+09:00,137.13261637556442,137.75033086374265,134.66175842285156,134.66175842285156,78000,0.0,0.0
2003-11-03 00:00:00+09:00,134.66175842285156,134.66175842285156,134.66175842285156,134.66175842285156,0,0.0,0.0
2003-11-04 00:00:00+09:00,136.51492868150984,138.98578711918424,135.89721407209126,138.36807250976562,111000,0.0,0.0
2003-11-05 00:00:00+09:00,138.36801954876682,138.36801954876682,135.89716205682456,137.75030517578125,61000,0.0,0.0
2003-11-06 00:00:00+09:00,136.5149018873862,137.13261637556442,134.66175842285156,134.66175842285156,99000,0.0,0.0
2003-11-07 00:00:00+09:00,135.8971945009275,135.8971945009275,132.8086218986337,135.27947998046875,72000,0.0,0.0
2003-11-10 00:00:00+09:00,138.9857884999868,138.9857884999868,135.8972154222093,137.1326446533203,105000,0.0,0.0
2003-11-11 00:00:00+09:00,132.80861577376942,133.42633026574043,122.9251839022331,125.39604187011719,272000,0.0,0.0
2003-11-12 00:00:00+09:00,126.63147085405922,127.86689983800126,122.9251839022331,125.39604187011719,178000,0.0,0.0
2003-11-13 00:00:00+09:00,126.63146972656249,128.4846131859756,126.01375524009146,126.6314697265625,95000,0.0,0.0
2003-11-14 00:00:00+09:00,127.24916791685537,129.10231113894548,126.63145350949199,127.86688232421875,97000,0.0,0.0
2003-11-17 00:00:00+09:00,123.54289463588171,123.54289463588171,112.42403411865236,112.42403411865234,214000,0.0,0.0
2003-11-18 00:00:00+09:00,109.33546006052117,109.33546006052117,101.92288649709602,105.6291732788086,380000,0.0,0.0
2003-11-19 00:00:00+09:00,105.62918808149256,113.65947723388672,105.01147353130838,113.65947723388672,139000,0.0,0.0
2003-11-20 00:00:00+09:00,111.18860358160894,114.89489036766258,109.9531746529244,114.27717590332031,103000,0.0,0.0
2003-11-21 00:00:00+09:00,111.18861607142857,116.748046875,111.18861607142857,116.748046875,89000,0.0,0.0
2003-11-24 00:00:00+09:00,116.748046875,116.748046875,116.748046875,116.748046875,0,0.0,0.0
2003-11-25 00:00:00+09:00,119.8366171090714,121.07204615143296,117.36575902434828,119.21890258789062,127000,0.0,0.0
2003-11-26 00:00:00+09:00,119.83660999933879,120.45432448387147,118.60118103027344,118.60118103027344,74000,0.0,0.0
2003-11-27 00:00:00+09:00,121.07205200195312,121.6897665529835,119.218908348862,121.07205200195312,107000,0.0,0.0
2003-11-28 00:00:00+09:00,123.54289519481169,123.54289519481169,120.4543228149414,120.4543228149414,98000,0.0,0.0
2003-12-01 00:00:00+09:00,116.74803868343956,121.07204011615954,114.89489521227385,117.36575317382812,101000,0.0,0.0
2003-12-02 00:00:00+09:00,120.45433745092275,122.92519565504425,120.45433745092275,121.07205200195312,186000,0.0,0.0
2003-12-03 00:00:00+09:00,120.45432814401597,123.5429006605292,120.45432814401597,122.92518615722656,215000,0.0,0.0
2003-12-04 00:00:00+09:00,124.16059588003849,127.86688232421875,124.16059588003849,127.86688232421875,395000,0.0,0.0
2003-12-05 00:00:00+09:00,128.4846357327063,129.1023503275751,126.01377735323119,127.24920654296875,193000,0.0,0.0
2003-12-08 00:00:00+09:00,130.33775222133582,137.75032580738335,130.33775222133582,131.57318115234375,994000,0.0,0.0
2003-12-09 00:00:00+09:00,132.19092330191899,134.6617816813941,125.3960627583624,127.24920654296875,369000,0.0,0.0
2003-12-10 00:00:00+09:00,128.48463989257812,128.48463989257812,122.30749374389647,123.54292297363281,197000,0.0,0.0
2003-12-11 00:00:00+09:00,124.16061516383185,125.39604417043714,121.68975715062126,122.92518615722656,136000,0.0,0.0
2003-12-12 00:00:00+09:00,122.30746941026207,126.63147085405922,122.30746941026207,125.39604187011719,288000,0.0,0.0
2003-12-15 00:00:00+09:00,130.3377685546875,130.9554830976007,127.86691038303466,130.3377685546875,343000,0.0,0.0
2003-12-16 00:00:00+09:00,128.4846357327063,128.4846357327063,125.3960627583624,127.24920654296875,250000,0.0,0.0
2003-12-17 00:00:00+09:00,126.63145644154713,127.24917086321322,122.30745548988455,124.16059875488281,220000,0.0,0.0
2003-12-18 00:00:00+09:00,124.16060855303924,124.16060855303924,121.68975067138672,121.68975067138672,222000,0.0,0.0
2003-12-19 00:00:00+09:00,121.68975067138672,123.5428940826261,120.45432173056045,121.68975067138672,274000,0.0,0.0
2003-12-22 00:00:00+09:00,122.92517961221297,123.5428940826261,121.68975067138672,121.68975067138672,127000,0.0,0.0
2003-12-23 00:00:00+09:00,121.68975067138672,121.68975067138672,121.68975067138672,121.68975067138672,0,0.0,0.0
2003-12-24 00:00:00+09:00,121.68977912902831,123.54292297363281,120.45434989929198,123.54292297363281,284000,0.0,0.0
2003-12-25 00:00:00+09:00,123.54292297363281,123.54292297363281,121.07206451416015,123.54292297363281,159000,0.0,0.0
2003-12-26 00:00:00+09:00,124.77834686866173,128.48463439941406,123.54291769174428,128.48463439941406,279000,0.0,0.0
2003-12-29 00:00:00+09:00,132.80863516671317,132.80863516671317,129.72006225585938,129.72006225585938,190000,0.0,0.0
2003-12-30 00:00:00+09:00,132.80858654842197,132.80858654842197,130.95544348030447,132.1908721923828,107000,0.0,0.0
2003-12-31 00:00:00+09:00,132.1908721923828,132.1908721923828,132.1908721923828,132.1908721923828,0,0.0,0.0
2004-01-01 00:00:00+09:00,132.1908721923828,132.1908721923828,132.1908721923828,132.1908721923828,0,0.0,0.0
2004-01-02 00:00:00+09:00,132.1908721923828,132.1908721923828,132.1908721923828,132.1908721923828,0,0.0,0.0
2004-01-05 00:00:00+09:00,135.27947291102979,136.5149018873862,134.66175842285156,134.66175842285156,150000,0.0,0.0
2004-01-06 00:00:00+09:00,137.7503592688758,138.9857884999868,136.51493003776483,137.1326446533203,317000,0.0,0.0
2004-01-07 00:00:00+09:00,137.13260300815367,143.30974728780023,137.13260300815367,141.45660400390625,457000,0.0,0.0
2004-01-08 00:00:00+09:00,142.0743521997484,146.398354223219,142.0743521997484,145.7806396484375,521000,0.0,0.0
2004-01-09 00:00:00+09:00,148.869206637272,148.869206637272,143.927490234375,143.927490234375,357000,0.0,0.0
2004-01-12 00:00:00+09:00,143.927490234375,143.927490234375,143.927490234375,143.927490234375,0,0.0,0.0
2004-01-13 00:00:00+09:00,147.63379979133606,158.75266337394714,146.39837050437927,158.13494873046875,1759000,0.0,0.0
2004-01-14 00:00:00+09:00,156.8994799286242,165.5474827593358,154.42862197699233,159.98805236816406,1206000,0.0,0.0
2004-01-15 00:00:00+09:00,165.54751718558515,165.54751718558515,157.51722717285156,157.51722717285156,557000,0.0,0.0
2004-01-16 00:00:00+09:00,156.28177582748293,160.6057775302196,156.28177582748293,156.8994903564453,244000,0.0,0.0
2004-01-19 00:00:00+09:00,159.37035686508,159.37035686508,155.66406949612465,156.2817840576172,188000,0.0,0.0
2004-01-20 00:00:00+09:00,157.51723408699036,158.13494873046875,156.28180480003357,158.13494873046875,228000,0.0,0.0
2004-01-21 00:00:00+09:00,158.7526397705078,162.4589270803251,156.89949611559916,158.7526397705078,443000,0.0,0.0
2004-01-22 00:00:00+09:00,163.0766123301947,168.01832785535214,161.84118344890535,165.54747009277344,792000,0.0,0.0
2004-01-23 00:00:00+09:00,166.16520456167368,168.6360626220703,163.69434650127704,168.6360626220703,508000,0.0,0.0
2004-01-26 00:00:00+09:00,168.6360626220703,171.10692068246695,166.16520456167368,168.6360626220703,446000,0.0,0.0
2004-01-27 00:00:00+09:00,168.636080490169,169.2537950707191,165.54750758741866,166.16522216796875,188000,0.0,0.0
2004-01-28 00:00:00+09:00,161.22348134398,165.5474827593358,159.3703378802561,159.98805236816406,276000,0.0,0.0
2004-01-29 00:00:00+09:00,156.28177703373015,158.13492063492063,155.04634796626985,155.6640625,193000,0.0,0.0
2004-01-30 00:00:00+09:00,157.5172131806023,159.37035686508,156.2817840576172,156.2817840576172,117000,0.0,0.0
2004-02-02 00:00:00+09:00,157.51722717285156,159.98808563830804,157.51722717285156,157.51722717285156,121000,0.0,0.0
2004-02-03 00:00:00+09:00,160.6057751086331,160.6057751086331,156.281773471093,159.37034606933594,173000,0.0,0.0
2004-02-04 00:00:00+09:00,159.37033869008548,159.37033869008548,150.7223358154297,150.7223358154297,194000,0.0,0.0
2004-02-05 00:00:00+09:00,148.2514708719136,150.1046142578125,135.89718163258746,150.1046142578125,180000,0.0,0.0
2004-02-06 00:00:00+09:00,148.8692428032879,152.57553100585938,148.8692428032879,152.57553100585938,63000,0.0,0.0
2004-02-09 00:00:00+09:00,153.19320093271685,154.42862997249682,151.34005737304688,151.34005737304688,51000,0.0,0.0
2004-02-10 00:00:00+09:00,151.34006756567675,156.2817840576172,151.34006756567675,156.2817840576172,97000,0.0,0.0
2004-02-11 00:00:00+09:00,156.2817840576172,156.2817840576172,156.2817840576172,156.2817840576172,0,0.0,0.0
2004-02-12 00:00:00+09:00,156.28177112747866,156.28177112747866,153.8109130859375,153.8109130859375,52000,0.0,0.0
2004-02-13 00:00:00+09:00,152.57548983134922,156.28177703373015,152.57548983134922,155.6640625,65000,0.0,0.0
2004-02-16 00:00:00+09:00,155.66406949612465,156.2817840576172,153.81092581164697,156.2817840576172,77000,0.0,0.0
2004-02-17 00:00:00+09:00,156.28180480003357,158.75266337394714,155.66409015655518,158.13494873046875,85000,0.0,0.0
2004-02-18 00:00:00+09:00,158.13492063492063,158.75263516865078,155.6640625,155.6640625,83000,0.0,0.0
2004-02-19 00:00:00+09:00,155.04634210670807,157.51720014824923,153.8109130859375,153.8109130859375,82000,0.0,0.0
2004-02-20 00:00:00+09:00,153.81096040671653,153.81096040671653,149.48695750371647,152.57553100585938,103000,0.0,0.0
2004-02-23 00:00:00+09:00,153.81096040671653,153.81096040671653,151.95781630543078,152.57553100585938,55000,0.0,0.0
2004-02-24 00:00:00+09:00,151.34002875490307,151.9577431579843,148.86917114257812,148.86917114257812,107000,0.0,0.0
2004-02-25 00:00:00+09:00,148.8691912395198,151.957763671875,148.8691912395198,151.957763671875,120000,0.0,0.0
2004-02-26 00:00:00+09:00,150.72234053401104,153.8109130859375,150.72234053401104,153.8109130859375,162000,0.0,0.0
2004-02-27 00:00:00+09:00,153.81091539249863,159.37034606933594,153.81091539249863,159.37034606933594,188000,0.0,0.0
2004-03-01 00:00:00+09:00,158.75263038048377,163.0766319861779,158.75263038048377,160.60577392578125,174000,0.0,0.0
2004-03-02 00:00:00+09:00,161.84121002548042,162.45892456756243,159.37035185715249,161.22349548339844,204000,0.0,0.0
2004-03-03 00:00:00+09:00,158.13494873046875,160.60580730438232,157.51723408699036,158.13494873046875,101000,0.0,0.0
2004-03-04 00:00:00+09:00,158.1349296278626,161.84121704101562,158.1349296278626,161.84121704101562,170000,0.0,0.0
2004-03-05 00:00:00+09:00,163.0766319861779,163.0766319861779,159.9880594106821,160.60577392578125,130000,0.0,0.0
2004-03-08 00:00:00+09:00,162.45893160987447,163.07664617873328,160.60578790329794,161.84121704101562,164000,0.0,0.0
2004-03-09 00:00:00+09:00,163.07664309265792,174.81321967887195,163.07664309265792,172.3423614501953,968000,0.0,0.0
2004-03-10 00:00:00+09:00,172.960070181584,173.57778471794683,169.87149749977002,170.4892120361328,248000,0.0,0.0
2004-03-11 00:00:00+09:00,169.87146513802665,173.57775165012904,168.01832188197542,172.9600372314453,214000,0.0,0.0
2004-03-12 00:00:00+09:00,171.10693670998157,177.90179701254402,169.87150756406112,175.43093872070312,535000,0.0,0.0
2004-03-15 00:00:00+09:00,179.13719177246094,180.37262068123655,176.66633395490976,179.13719177246094,590000,0.0,0.0
2004-03-16 00:00:00+09:00,179.13718168614275,182.8434682037871,179.13718168614275,182.2257537841797,406000,0.0,0.0
2004-03-17 00:00:00+09:00,184.0789503149084,184.0789503149084,180.99037732304754,182.84352111816406,293000,0.0,0.0
2004-03-18 00:00:00+09:00,182.8435083676691,182.8435083676691,179.13722103589203,180.37265014648438,242000,0.0,0.0
2004-03-19 00:00:00+09:00,179.13721737445601,184.0789337158203,178.51950283178547,184.0789337158203,493000,0.0,0.0
2004-03-22 00:00:00+09:00,185.31432904695208,190.25604448820414,185.31432904695208,187.78518676757812,310000,0.0,0.0
2004-03-23 00:00:00+09:00,184.69666491328059,184.69666491328059,181.6080919214197,182.84352111816406,200000,0.0,0.0
2004-03-24 00:00:00+09:00,184.07888702392577,187.16745895385742,184.07888702392577,185.31431579589844,259000,0.0,0.0
2004-03-25 00:00:00+09:00,187.16750156178193,190.25607419481463,185.3143579819623,189.02064514160156,368000,0.0,0.0
2004-03-26 00:00:00+09:00,191.51594628785787,191.51594628785787,184.65381140457959,189.6444549560547,233000,3.0,0.0
2004-03-29 00:00:00+09:00,191.51598571182845,194.6351385735846,190.8921551394772,192.1398162841797,195000,0.0,0.0
2004-03-30 00:00:00+09:00,192.13977673179227,192.13977673179227,187.14913318031714,189.6444549560547,214000,0.0,0.0
2004-03-31 00:00:00+09:00,187.77296362425153,189.6444549560547,187.14913318031714,189.6444549560547,109000,0.0,0.0
2004-04-01 00:00:00+09:00,189.0206352890722,189.64446576857407,187.14914385056653,188.3968048095703,170000,0.0,0.0
2004-04-02 00:00:00+09:00,187.77296362425153,189.6444549560547,187.14913318031714,189.6444549560547,149000,0.0,0.0
2004-04-05 00:00:00+09:00,190.26829624807596,190.26829624807596,186.52531337106464,188.3968048095703,166000,0.0,0.0
2004-04-06 00:00:00+09:00,187.7729949951172,189.02065609143025,184.6538422543345,187.7729949951172,168000,0.0,0.0
2004-04-07 00:00:00+09:00,184.03001286039415,187.77299617280894,184.03001286039415,185.90150451660156,215000,0.0,0.0
2004-04-08 00:00:00+09:00,182.7823517562559,187.77299617280894,182.15852120418677,185.90150451660156,176000,0.0,0.0
2004-04-09 00:00:00+09:00,180.91083213074566,183.40615395323871,179.66317121949913,182.1584930419922,228000,0.0,0.0
2004-04-12 00:00:00+09:00,180.28702954797936,187.1491656207398,179.66319899591022,185.90150451660156,156000,0.0,0.0
2004-04-13 00:00:00+09:00,185.90150451660156,187.77299617280894,184.6538434124633,185.90150451660156,323000,0.0,0.0
2004-04-14 00:00:00+09:00,185.90149029230668,185.90149029230668,180.91084625761388,184.02999877929688,248000,0.0,0.0
2004-04-15 00:00:00+09:00,183.40617037974425,183.40617037974425,178.41552628777842,180.28701782226562,191000,0.0,0.0
2004-04-16 00:00:00+09:00,180.28703859117294,181.53469975789386,179.03937742445203,179.6632080078125,124000,0.0,0.0
2004-04-19 00:00:00+09:00,179.66321626167706,180.9108774857165,170.3057570813814,175.29640197753906,228000,0.0,0.0
2004-04-20 00:00:00+09:00,172.17719497405236,174.04868622377032,171.5533645574797,172.801025390625,292000,0.0,0.0
2004-04-21 00:00:00+09:00,172.80106868676498,176.54405212402344,171.55340754101215,176.54405212402344,304000,0.0,0.0
2004-04-22 00:00:00+09:00,177.7916957762827,180.91084833376135,176.54403475329124,180.28701782226562,263000,0.0,0.0
2004-04-23 00:00:00+09:00,180.91083393230303,180.91083393230303,177.79168162312538,178.41551208496094,148000,0.0,0.0
2004-04-26 00:00:00+09:00,177.79171326977624,178.41554384265265,175.92022155114702,176.54405212402344,175000,0.0,0.0
2004-04-27 00:00:00+09:00,175.29634628295898,175.92017669677733,173.4248550415039,174.67251586914062,83000,0.0,0.0
2004-04-28 00:00:00+09:00,175.29638125372273,176.54404233026168,174.67255071545324,175.9202117919922,64000,0.0,0.0
2004-04-29 00:00:00+09:00,175.9202117919922,175.9202117919922,175.9202117919922,175.9202117919922,0,0.0,0.0
2004-04-30 00:00:00+09:00,174.67255859375,175.29638916015625,171.55340576171875,171.55340576171875,138000,0.0,0.0
2004-05-03 00:00:00+09:00,171.55340576171875,171.55340576171875,171.55340576171875,171.55340576171875,0,0.0,0.0
2004-05-04 00:00:00+09:00,171.55340576171875,171.55340576171875,171.55340576171875,171.55340576171875,0,0.0,0.0
2004-05-05 00:00:00+09:00,171.55340576171875,171.55340576171875,171.55340576171875,171.55340576171875,0,0.0,0.0
2004-05-06 00:00:00+09:00,171.55338815981975,172.1772186622191,165.93891363822564,166.562744140625,126000,0.0,0.0
2004-05-07 00:00:00+09:00,163.4436023640183,167.8104161676371,162.19594127727007,165.31509399414062,127000,0.0,0.0
2004-05-10 00:00:00+09:00,162.81973718713832,162.81973718713832,150.3431289735645,151.59078979492188,269000,0.0,0.0
2004-05-11 00:00:00+09:00,145.35249600865532,152.2146310133558,144.1048350987098,150.3431396484375,126000,0.0,0.0
2004-05-12 00:00:00+09:00,152.21464863359688,156.581462323905,152.21464863359688,155.33380126953125,82000,0.0,0.0
2004-05-13 00:00:00+09:00,156.5814441981652,156.5814441981652,149.7193091934647,150.3431396484375,93000,0.0,0.0
2004-05-14 00:00:00+09:00,149.7193091934647,152.83846146832857,149.7193091934647,150.3431396484375,67000,0.0,0.0
2004-05-17 00:00:00+09:00,150.34318723972672,152.83850984951474,137.86657419078674,141.60955810546875,141000,0.0,0.0
2004-05-18 00:00:00+09:00,139.11419491164028,145.97633008665392,139.11419491164028,142.857177734375,149000,0.0,0.0
2004-05-19 00:00:00+09:00,144.10484550188775,149.7193200019613,144.10484550188775,149.09548950195312,126000,0.0,0.0
2004-05-20 00:00:00+09:00,153.46228645261652,155.9576081835534,149.71930385621127,150.9669647216797,109000,0.0,0.0
2004-05-21 00:00:00+09:00,150.96701049804688,158.45297796075997,150.96701049804688,157.8291473388672,86000,0.0,0.0
2004-05-24 00:00:00+09:00,167.18655334715825,167.18655334715825,152.83845361960363,156.58143615722656,153000,0.0,0.0
2004-05-25 00:00:00+09:00,155.95763729464625,156.5814678438248,154.70997619628906,154.70997619628906,36000,0.0,0.0
2004-05-26 00:00:00+09:00,157.8291301493742,160.32445236517458,152.83848571777344,152.83848571777344,102000,0.0,0.0
2004-05-27 00:00:00+09:00,152.83847250200216,155.95762500204302,149.09548950195312,149.09548950195312,156000,0.0,0.0
2004-05-28 00:00:00+09:00,149.71933294802295,153.46231627172352,149.71933294802295,152.83848571777344,69000,0.0,0.0
2004-05-31 00:00:00+09:00,152.83847589961817,154.70996744124614,150.3431538441142,152.2146453857422,50000,0.0,0.0
2004-06-01 00:00:00+09:00,152.83848571777344,154.08614682567364,152.21465516382335,152.83848571777344,47000,0.0,0.0
2004-06-02 00:00:00+09:00,155.95764842459826,157.82914020569342,152.83849545610627,153.4623260498047,96000,0.0,0.0
2004-06-03 00:00:00+09:00,155.33379450203486,155.33379450203486,146.60016750192045,149.09548950195312,228000,0.0,0.0
2004-06-04 00:00:00+09:00,146.60015169254018,150.9669647216797,146.60015169254018,150.9669647216797,63000,0.0,0.0
2004-06-07 00:00:00+09:00,152.83848998035015,155.95764283709198,152.21465940900177,154.08615112304688,92000,0.0,0.0
2004-06-08 00:00:00+09:00,156.58143615722656,157.2052665801637,155.33377531135224,156.58143615722656,78000,0.0,0.0
2004-06-09 00:00:00+09:00,157.2052665801637,157.2052665801637,154.7099448884151,156.58143615722656,59000,0.0,0.0
2004-06-10 00:00:00+09:00,156.58143537626492,158.4529266357422,155.3337745366134,158.4529266357422,70000,0.0,0.0
2004-06-11 00:00:00+09:00,159.07677910544658,165.93891467470112,159.07677910544658,164.69125366210938,348000,0.0,0.0
2004-06-14 00:00:00+09:00,165.31507426794946,167.18656567475642,163.4435828611425,164.06741333007812,129000,0.0,0.0
2004-06-15 00:00:00+09:00,164.06740972237995,164.69124017759813,160.94825744628906,160.94825744628906,90000,0.0,0.0
2004-06-16 00:00:00+09:00,163.44358379657453,165.31507521409256,161.5720923790565,162.1959228515625,76000,0.0,0.0
2004-06-17 00:00:00+09:00,162.19590227265923,163.443563059372,162.19590227265923,162.81973266601562,71000,0.0,0.0
2004-06-18 00:00:00+09:00,163.4436003094981,163.4436003094981,160.32444763183594,160.32444763183594,124000,0.0,0.0
2004-06-21 00:00:00+09:00,162.1959435893762,163.4436046939099,160.94828248484257,161.57211303710938,85000,0.0,0.0
2004-06-22 00:00:00+09:00,160.94824148594648,163.443563059372,160.94824148594648,162.81973266601562,47000,0.0,0.0
2004-06-23 00:00:00+09:00,164.06740972237995,164.06740972237995,160.94825744628906,160.94825744628906,71000,0.0,0.0
2004-06-24 00:00:00+09:00,161.5720914543355,165.31507426794946,161.5720914543355,164.06741333007812,109000,0.0,0.0
2004-06-25 00:00:00+09:00,165.3150919160954,165.3150919160954,159.07678656077104,160.32444763183594,215000,0.0,0.0
2004-06-28 00:00:00+09:00,160.94828132454674,163.443603515625,159.70062022900763,163.443603515625,85000,0.0,0.0
2004-06-29 00:00:00+09:00,163.4436083984375,171.55340576171875,163.4436083984375,171.55340576171875,399000,0.0,0.0
2004-06-30 00:00:00+09:00,169.05808349609376,172.177236328125,168.4342529296875,171.55340576171875,180000,0.0,0.0
2004-07-01 00:00:00+09:00,170.92954568301928,172.1772066004136,165.31507155474495,169.681884765625,121000,0.0,0.0
2004-07-02 00:00:00+09:00,164.69127316582473,166.56276490634545,164.69127316582473,165.93893432617188,62000,0.0,0.0
2004-07-05 00:00:00+09:00,159.70060096153847,162.81975332406853,159.07677048903247,162.1959228515625,95000,0.0,0.0
2004-07-06 00:00:00+09:00,160.32445193257573,162.81977414164305,159.07679082804205,161.57211303710938,104000,0.0,0.0
2004-07-07 00:00:00+09:00,159.07675705556792,159.7005874753937,155.95760495643916,158.4529266357422,89000,0.0,0.0
2004-07-08 00:00:00+09:00,157.82909700310088,157.82909700310088,156.58143615722656,156.58143615722656,61000,0.0,0.0
2004-07-09 00:00:00+09:00,155.95760573428942,157.2052665801637,155.95760573428942,156.58143615722656,38000,0.0,0.0
2004-07-12 00:00:00+09:00,159.07678656077104,160.32444763183594,158.45295602523862,160.32444763183594,76000,0.0,0.0
2004-07-13 00:00:00+09:00,162.19591835672543,162.8197488119436,157.20527471498002,160.94825744628906,88000,0.0,0.0
2004-07-14 00:00:00+09:00,160.32441109259008,164.0673934527284,160.32441109259008,162.81973266601562,148000,0.0,0.0
2004-07-15 00:00:00+09:00,164.06741333007812,165.31507426794946,162.19592192327116,164.06741333007812,165000,0.0,0.0
2004-07-16 00:00:00+09:00,163.44359264951765,164.69125366210938,162.1959316369259,164.69125366210938,58000,0.0,0.0
2004-07-19 00:00:00+09:00,164.69125366210938,164.69125366210938,164.69125366210938,164.69125366210938,0,0.0,0.0
2004-07-20 00:00:00+09:00,164.69125263342696,167.8104051454237,164.69125263342696,166.562744140625,269000,0.0,0.0
2004-07-21 00:00:00+09:00,167.81041589005446,174.04872131347656,167.81041589005446,174.04872131347656,638000,0.0,0.0
2004-07-22 00:00:00+09:00,170.3057037243344,176.54400789006093,170.3057037243344,172.801025390625,986000,0.0,0.0
2004-07-23 00:00:00+09:00,170.92956888450766,170.92956888450766,164.6912634507665,165.31509399414062,193000,0.0,0.0
2004-07-26 00:00:00+09:00,162.81977414164305,162.81977414164305,157.20529917124156,161.57211303710938,131000,0.0,0.0
2004-07-27 00:00:00+09:00,160.32446843385696,163.44362151622772,159.07680720090866,159.7006378173828,82000,0.0,0.0
2004-07-28 00:00:00+09:00,162.19593923843323,162.19593923843323,159.07678656077104,160.32444763183594,68000,0.0,0.0
2004-07-29 00:00:00+09:00,158.45297796075997,159.07680858265272,156.5814860950817,157.8291473388672,61000,0.0,0.0
2004-07-30 00:00:00+09:00,160.94828132454674,163.443603515625,159.70062022900763,163.443603515625,78000,0.0,0.0
2004-08-02 00:00:00+09:00,162.81977414164305,162.81977414164305,160.32445193257573,161.57211303710938,43000,0.0,0.0
2004-08-03 00:00:00+09:00,162.19591835672543,162.19591835672543,157.8291051701982,160.94825744628906,41000,0.0,0.0
2004-08-04 00:00:00+09:00,157.82909621591642,158.4529266357422,155.95760495643916,158.4529266357422,75000,0.0,0.0
2004-08-05 00:00:00+09:00,156.58147517185586,159.07679748535156,155.95764459348194,159.07679748535156,47000,0.0,0.0
2004-08-06 00:00:00+09:00,157.2052781717859,165.93890473688512,157.2052781717859,164.06741333007812,221000,0.0,0.0
2004-08-09 00:00:00+09:00,159.07676608063454,161.57208790150725,159.07676608063454,160.94825744628906,31000,0.0,0.0
2004-08-10 00:00:00+09:00,161.57211303710938,162.1959435893762,160.32445193257573,161.57211303710938,21000,0.0,0.0
2004-08-11 00:00:00+09:00,162.19592192327116,165.31507426794946,161.5720914543355,164.06741333007812,66000,0.0,0.0
2004-08-12 00:00:00+09:00,163.443563059372,163.443563059372,162.19590227265923,162.81973266601562,19000,0.0,0.0
2004-08-13 00:00:00+09:00,161.57208790150725,164.06740972237995,160.94825744628906,160.94825744628906,69000,0.0,0.0
2004-08-16 00:00:00+09:00,159.7005874753937,159.7005874753937,157.82909621591642,158.4529266357422,30000,0.0,0.0
2004-08-17 00:00:00+09:00,158.4529266357422,159.7005874753937,158.4529266357422,158.4529266357422,41000,0.0,0.0
2004-08-18 00:00:00+09:00,157.20531671697444,158.45297796075997,156.5814860950817,157.8291473388672,45000,0.0,0.0
2004-08-19 00:00:00+09:00,160.32441109259008,162.81973266601562,159.7005806992337,162.81973266601562,78000,0.0,0.0
2004-08-20 00:00:00+09:00,162.81973266601562,165.31505423944114,160.94824148594648,162.81973266601562,38000,0.0,0.0
2004-08-23 00:00:00+09:00,164.06743406339456,164.69126461116412,163.443603515625,163.443603515625,21000,0.0,0.0
2004-08-24 00:00:00+09:00,162.19590227265923,164.69122384608477,161.57207187930285,162.81973266601562,51000,0.0,0.0
2004-08-25 00:00:00+09:00,163.44358379657453,163.44358379657453,160.9482619065505,162.1959228515625,22000,0.0,0.0
2004-08-26 00:00:00+09:00,164.0673934527284,164.69122384608477,162.81973266601562,162.81973266601562,42000,0.0,0.0
2004-08-27 00:00:00+09:00,164.06740972237995,164.06740972237995,160.3244269910709,160.94825744628906,40000,0.0,0.0
2004-08-30 00:00:00+09:00,160.32444763183594,160.32444763183594,158.45295602523862,160.32444763183594,63000,0.0,0.0
2004-08-31 00:00:00+09:00,159.7006378173828,160.94829905033112,158.4529765844345,159.7006378173828,34000,0.0,0.0
2004-09-01 00:00:00+09:00,161.57212966680527,161.57212966680527,159.7006378173828,159.7006378173828,12000,0.0,0.0
2004-09-02 00:00:00+09:00,160.32445077677718,163.443603515625,159.70062022900763,163.443603515625,82000,0.0,0.0
2004-09-03 00:00:00+09:00,163.4436003094981,164.06743084503054,160.32444763183594,160.32444763183594,53000,0.0,0.0
2004-09-06 00:00:00+09:00,162.19592192327116,165.93890473688512,162.19592192327116,164.06741333007812,134000,0.0,0.0
2004-09-07 00:00:00+09:00,164.0674329073924,165.31509399414062,164.0674329073924,165.31509399414062,43000,0.0,0.0
2004-09-08 00:00:00+09:00,165.93892765751593,170.30574154324003,165.93892765751593,168.4342498779297,236000,0.0,0.0
2004-09-09 00:00:00+09:00,169.05808722703978,169.05808722703978,165.3151037459983,165.93893432617188,70000,0.0,0.0
2004-09-10 00:00:00+09:00,162.8197488119436,164.06740972237995,159.70059653585272,160.94825744628906,151000,0.0,0.0
2004-09-13 00:00:00+09:00,161.57211303710938,163.4436046939099,160.32445193257573,161.57211303710938,30000,0.0,0.0
2004-09-14 00:00:00+09:00,162.19594242008586,163.443603515625,162.19594242008586,163.443603515625,47000,0.0,0.0
2004-09-15 00:00:00+09:00,162.1959435893762,162.1959435893762,160.94828248484257,161.57211303710938,43000,0.0,0.0
2004-09-16 00:00:00+09:00,160.94828248484257,163.4436046939099,160.94828248484257,161.57211303710938,87000,0.0,0.0
2004-09-17 00:00:00+09:00,161.57211303710938,162.81977414164305,161.57211303710938,161.57211303710938,50000,0.0,0.0
2004-09-20 00:00:00+09:00,161.57211303710938,161.57211303710938,161.57211303710938,161.57211303710938,0,0.0,0.0
2004-09-21 00:00:00+09:00,161.5721087029008,161.5721087029008,160.32444763183594,160.32444763183594,37000,0.0,0.0
2004-09-22 00:00:00+09:00,160.32446982643822,160.32446982643822,157.8291473388672,157.8291473388672,68000,0.0,0.0
2004-09-23 00:00:00+09:00,157.8291473388672,157.8291473388672,157.8291473388672,157.8291473388672,0,0.0,0.0
2004-09-24 00:00:00+09:00,157.82909621591642,158.4529266357422,156.58143537626492,158.4529266357422,61000,0.0,0.0
2004-09-27 00:00:00+09:00,157.82912337827875,157.82912337827875,154.70997074234438,155.33380126953125,69000,0.0,0.0
2004-09-28 00:00:00+09:00,154.70997074234438,155.33380126953125,149.7193265248494,155.33380126953125,71000,0.0,0.0
2004-09-29 00:00:00+09:00,155.33380674546765,155.33380674546765,152.21465399957472,154.70997619628906,48000,0.0,0.0
2004-09-30 00:00:00+09:00,153.46230432128905,157.82911785888672,153.46230432128905,155.95762634277344,46000,0.0,0.0
2004-10-01 00:00:00+09:00,154.08611446547792,156.58143615722656,154.08611446547792,156.58143615722656,57000,0.0,0.0
2004-10-04 00:00:00+09:00,159.07676608063454,162.19591835672543,156.58144425976184,160.94825744628906,120000,0.0,0.0
2004-10-05 00:00:00+09:00,160.94827816736836,160.94827816736836,158.45295602523862,160.32444763183594,53000,0.0,0.0
2004-10-06 00:00:00+09:00,160.32441109259008,162.81973266601562,160.32441109259008,162.81973266601562,70000,0.0,0.0
2004-10-07 00:00:00+09:00,163.4436046939099,163.4436046939099,160.94828248484257,161.57211303710938,23000,0.0,0.0
2004-10-08 00:00:00+09:00,159.07678656077104,160.32444763183594,158.45295602523862,160.32444763183594,66000,0.0,0.0
2004-10-11 00:00:00+09:00,160.32444763183594,160.32444763183594,160.32444763183594,160.32444763183594,0,0.0,0.0
2004-10-12 00:00:00+09:00,159.07676608063454,162.19591835672543,159.07676608063454,160.94825744628906,78000,0.0,0.0
2004-10-13 00:00:00+09:00,161.57210113063005,171.55338923136395,160.94827062433419,164.69125366210938,552000,0.0,0.0
2004-10-14 00:00:00+09:00,164.69124474158656,164.69124474158656,160.9482619065505,162.1959228515625,209000,0.0,0.0
2004-10-15 00:00:00+09:00,159.70059653585272,160.94825744628906,157.8291051701982,160.94825744628906,81000,0.0,0.0
2004-10-18 00:00:00+09:00,160.94829905033112,160.94829905033112,159.07680720090866,159.7006378173828,41000,0.0,0.0
2004-10-19 00:00:00+09:00,157.82909621591642,159.07675705556792,157.82909621591642,158.4529266357422,50000,0.0,0.0
2004-10-20 00:00:00+09:00,159.07678331647602,159.07678331647602,157.20529174804688,157.20529174804688,59000,0.0,0.0
2004-10-21 00:00:00+09:00,156.58145684814454,156.58145684814454,154.08613482666016,155.95762634277344,92000,0.0,0.0
2004-10-22 00:00:00+09:00,154.70997619628906,155.33380674546765,154.08614564711047,154.70997619628906,77000,0.0,0.0
2004-10-25 00:00:00+09:00,154.08615664350307,154.70998723720146,150.3431730813127,153.4623260498047,108000,0.0,0.0
2004-10-26 00:00:00+09:00,155.33381783089985,155.95764842459826,153.4623260498047,153.4623260498047,28000,0.0,0.0
2004-10-27 00:00:00+09:00,153.46230968797065,155.95763179671812,150.96698757922314,155.33380126953125,83000,0.0,0.0
2004-10-28 00:00:00+09:00,153.46230968797065,156.581462323905,152.21464863359688,155.33380126953125,102000,0.0,0.0
2004-10-29 00:00:00+09:00,152.83849545610627,154.08615664350307,152.2146648624079,153.4623260498047,51000,0.0,0.0
2004-11-01 00:00:00+09:00,154.70996744124614,154.70996744124614,150.96698435799019,152.2146453857422,31000,0.0,0.0
2004-11-02 00:00:00+09:00,154.08615112304688,154.08615112304688,152.83848998035015,154.08615112304688,23000,0.0,0.0
2004-11-03 00:00:00+09:00,154.08615112304688,154.08615112304688,154.08615112304688,154.08615112304688,0,0.0,0.0
2004-11-04 00:00:00+09:00,155.333772258994,155.333772258994,151.59078979492188,151.59078979492188,109000,0.0,0.0
2004-11-05 00:00:00+09:00,152.21464863359688,155.33380126953125,152.21464863359688,155.33380126953125,116000,0.0,0.0
2004-11-08 00:00:00+09:00,154.08616226911545,162.81979089975357,154.08616226911545,159.7006378173828,264000,0.0,0.0
2004-11-09 00:00:00+09:00,160.32445193257573,163.4436046939099,160.32445193257573,161.57211303710938,197000,0.0,0.0
2004-11-10 00:00:00+09:00,162.81976977396567,162.81976977396567,160.32444763183594,160.32444763183594,81000,0.0,0.0
2004-11-11 00:00:00+09:00,159.7006280637255,160.32445864209944,159.07679748535156,159.07679748535156,45000,0.0,0.0
2004-11-12 00:00:00+09:00,157.82914596796036,159.7006378173828,157.82914596796036,159.7006378173828,70000,0.0,0.0
2004-11-15 00:00:00+09:00,159.70059653585272,160.94825744628906,159.07676608063454,160.94825744628906,48000,0.0,0.0
2004-11-16 00:00:00+09:00,161.57212966680527,162.81979089975357,159.07680720090866,159.7006378173828,73000,0.0,0.0
2004-11-17 00:00:00+09:00,159.07679748535156,162.1959503772212,158.45296690697765,159.07679748535156,61000,0.0,0.0
2004-11-18 00:00:00+09:00,160.32446843385696,160.94829905033112,159.07680720090866,159.7006378173828,52000,0.0,0.0
2004-11-19 00:00:00+09:00,161.5721197988473,161.5721197988473,159.07679748535156,159.07679748535156,32000,0.0,0.0
2004-11-22 00:00:00+09:00,159.0767578489752,159.0767578489752,155.95760573428942,156.58143615722656,49000,0.0,0.0
2004-11-23 00:00:00+09:00,156.58143615722656,156.58143615722656,156.58143615722656,156.58143615722656,0,0.0,0.0
2004-11-24 00:00:00+09:00,157.20529174804688,157.8291222708566,156.58146122523718,157.20529174804688,22000,0.0,0.0
2004-11-25 00:00:00+09:00,156.58143615722656,156.58143615722656,155.33377531135224,156.58143615722656,26000,0.0,0.0
2004-11-26 00:00:00+09:00,155.33377531135224,157.82909700310088,155.33377531135224,156.58143615722656,45000,0.0,0.0
2004-11-29 00:00:00+09:00,155.95762634277344,157.20528735351562,155.33379583740233,155.95762634277344,31000,0.0,0.0
2004-11-30 00:00:00+09:00,155.95763179671812,157.82912337827875,155.33380126953125,155.33380126953125,16000,0.0,0.0
2004-12-01 00:00:00+09:00,155.33380793357384,155.33380793357384,152.83848571777344,152.83848571777344,56000,0.0,0.0
2004-12-02 00:00:00+09:00,153.46232227998624,162.81978095559515,153.46232227998624,159.07679748535156,328000,0.0,0.0
2004-12-03 00:00:00+09:00,158.4529527936663,158.4529527936663,156.58146122523718,157.20529174804688,45000,0.0,0.0
2004-12-06 00:00:00+09:00,158.4529527936663,158.4529527936663,157.20529174804688,157.20529174804688,59000,0.0,0.0
2004-12-07 00:00:00+09:00,158.45297796075997,159.07680858265272,157.8291473388672,157.8291473388672,66000,0.0,0.0
2004-12-08 00:00:00+09:00,157.20527471498002,162.19591835672543,157.20527471498002,160.94825744628906,249000,0.0,0.0
2004-12-09 00:00:00+09:00,160.94827816736836,162.81976977396567,158.45295602523862,160.32444763183594,123000,0.0,0.0
2004-12-10 00:00:00+09:00,162.8197621432218,166.56274518099698,161.57210113063005,164.69125366210938,548000,0.0,0.0
2004-12-13 00:00:00+09:00,162.8197437783946,175.29635249704555,160.32442203466442,172.1772003173828,1511000,0.0,0.0
2004-12-14 00:00:00+09:00,169.0580570815634,172.1772094262417,159.70060004752852,164.06741333007812,689000,0.0,0.0
2004-12-15 00:00:00+09:00,162.19591835672543,164.06740972237995,160.94825744628906,160.94825744628906,155000,0.0,0.0
2004-12-16 00:00:00+09:00,160.94827816736836,161.5721087029008,159.7006170963035,160.32444763183594,136000,0.0,0.0
2004-12-17 00:00:00+09:00,161.5720923790565,164.06741426908053,160.9482619065505,162.1959228515625,85000,0.0,0.0
2004-12-20 00:00:00+09:00,161.57207936642357,172.17719654491466,161.57207936642357,169.05804443359375,443000,0.0,0.0
2004-12-21 00:00:00+09:00,168.43422827059334,172.80104159612725,165.31507589521198,170.92955017089844,290000,0.0,0.0
2004-12-22 00:00:00+09:00,170.92957090720154,171.55340145795773,168.4342487041767,170.3057403564453,147000,0.0,0.0
2004-12-23 00:00:00+09:00,170.3057403564453,170.3057403564453,170.3057403564453,170.3057403564453,0,0.0,0.0
2004-12-24 00:00:00+09:00,171.5533806459747,171.5533806459747,167.18656732044082,170.92955017089844,297000,0.0,0.0
2004-12-27 00:00:00+09:00,174.04872366098257,174.6725542117388,170.3057403564453,170.3057403564453,150000,0.0,0.0
2004-12-28 00:00:00+09:00,168.43423017814976,168.43423017814976,166.5627387317259,167.1865692138672,89000,0.0,0.0
2004-12-29 00:00:00+09:00,167.8103835890654,169.68187485585796,167.18655316680122,169.05804443359375,83000,0.0,0.0
2004-12-30 00:00:00+09:00,167.81040954589844,167.81040954589844,165.93891798962449,167.81040954589844,41000,0.0,0.0
2004-12-31 00:00:00+09:00,167.81040954589844,167.81040954589844,167.81040954589844,167.81040954589844,0,0.0,0.0
2005-01-03 00:00:00+09:00,167.81040954589844,167.81040954589844,167.81040954589844,167.81040954589844,0,0.0,0.0
2005-01-04 00:00:00+09:00,167.18657568729287,167.18657568729287,164.69125366210938,164.69125366210938,20000,0.0,0.0
2005-01-05 00:00:00+09:00,164.69126654730903,169.6819109881366,164.69126654730903,168.4342498779297,114000,0.0,0.0
2005-01-06 00:00:00+09:00,167.18656732044082,170.92955017089844,166.56273684536453,170.92955017089844,106000,0.0,0.0
2005-01-07 00:00:00+09:00,170.92957090720154,170.92957090720154,169.0580792549329,170.3057403564453,106000,0.0,0.0
2005-01-10 00:00:00+09:00,170.3057403564453,170.3057403564453,170.3057403564453,170.3057403564453,0,0.0,0.0
2005-01-11 00:00:00+09:00,171.55336380004883,175.29634628295898,171.55336380004883,174.67251586914062,291000,0.0,0.0
2005-01-12 00:00:00+09:00,174.04872131347656,174.67255185581877,171.55339914410771,174.04872131347656,131000,0.0,0.0
2005-01-13 00:00:00+09:00,174.672522061113,175.9201829329781,171.55336988145027,172.1772003173828,179000,0.0,0.0
2005-01-14 00:00:00+09:00,170.3057403564453,170.92957090720154,170.3057403564453,170.3057403564453,61000,0.0,0.0
2005-01-17 00:00:00+09:00,169.05804813772008,172.1772003173828,168.43421770178753,172.1772003173828,94000,0.0,0.0
2005-01-18 00:00:00+09:00,170.30571522432214,171.55337614171646,169.05805430692783,169.681884765625,60000,0.0,0.0
2005-01-19 00:00:00+09:00,169.05808043303313,170.30574154324003,166.56275821261937,168.4342498779297,160000,0.0,0.0
2005-01-20 00:00:00+09:00,168.43421401132957,169.05804443359375,165.31506190000866,169.05804443359375,102000,0.0,0.0
2005-01-21 00:00:00+09:00,166.56275508088885,167.8104161676371,165.31509399414062,165.31509399414062,92000,0.0,0.0
2005-01-24 00:00:00+09:00,165.93892765751593,169.05808043303313,165.93892765751593,168.4342498779297,79000,0.0,0.0
2005-01-25 00:00:00+09:00,168.43424006465642,168.43424006465642,165.93891798962449,167.81040954589844,43000,0.0,0.0
2005-01-26 00:00:00+09:00,168.4342498779297,170.30574154324003,167.81041932282625,168.4342498779297,72000,0.0,0.0
2005-01-27 00:00:00+09:00,169.68189665262173,169.68189665262173,166.562744140625,166.562744140625,22000,0.0,0.0
2005-01-28 00:00:00+09:00,166.562744140625,167.18657464302436,165.3150831358263,166.562744140625,68000,0.0,0.0
2005-01-31 00:00:00+09:00,167.1865887677228,169.05808043303313,166.56275821261937,168.4342498779297,55000,0.0,0.0
2005-02-01 00:00:00+09:00,169.68189114243236,169.68189114243236,165.93890824958459,167.1865692138672,54000,0.0,0.0
2005-02-02 00:00:00+09:00,167.81039338953354,169.681884765625,167.1865629308364,169.681884765625,90000,0.0,0.0
2005-02-03 00:00:00+09:00,169.6819109881366,169.6819109881366,167.81041932282625,168.4342498779297,91000,0.0,0.0
2005-02-04 00:00:00+09:00,169.6819109881366,169.6819109881366,167.1865887677228,168.4342498779297,82000,0.0,0.0
2005-02-07 00:00:00+09:00,169.68187330776175,172.801025390625,168.43421247461643,172.801025390625,139000,0.0,0.0
2005-02-08 00:00:00+09:00,172.80106567821915,176.54404905031055,170.30574343015823,173.42489624023438,172000,0.0,0.0
2005-02-09 00:00:00+09:00,173.42485580719767,174.67251664034296,172.17719497405236,172.801025390625,61000,0.0,0.0
2005-02-10 00:00:00+09:00,172.1772003173828,173.4248611892479,172.1772003173828,172.1772003173828,56000,0.0,0.0
2005-02-11 00:00:00+09:00,172.1772003173828,172.1772003173828,172.1772003173828,172.1772003173828,0,0.0,0.0
2005-02-14 00:00:00+09:00,174.04868622377032,174.67251664034296,172.17719497405236,172.801025390625,145000,0.0,0.0
2005-02-15 00:00:00+09:00,173.42489624023438,174.0487268022496,172.80106567821915,173.42489624023438,65000,0.0,0.0
2005-02-16 00:00:00+09:00,173.42486751780788,173.42486751780788,169.05805430692783,169.681884765625,82000,0.0,0.0
2005-02-17 00:00:00+09:00,167.81041815342047,171.55340145795773,167.81041815342047,170.3057403564453,26000,0.0,0.0
2005-02-18 00:00:00+09:00,167.1865887677228,168.4342498779297,167.1865887677228,168.4342498779297,45000,0.0,0.0
2005-02-21 00:00:00+09:00,168.4342498779297,170.30574154324003,167.81041932282625,168.4342498779297,45000,0.0,0.0
2005-02-22 00:00:00+09:00,168.43421401132957,169.68187485585796,168.43421401132957,169.05804443359375,35000,0.0,0.0
2005-02-23 00:00:00+09:00,167.81039338953354,169.681884765625,167.81039338953354,169.681884765625,108000,0.0,0.0
2005-02-24 00:00:00+09:00,170.30570527812213,170.30570527812213,168.43421401132957,169.05804443359375,49000,0.0,0.0
2005-02-25 00:00:00+09:00,169.6819140625,172.80106689453126,169.6819140625,171.55340576171875,132000,0.0,0.0
2005-02-28 00:00:00+09:00,172.177236328125,172.177236328125,170.30574462890624,171.55340576171875,47000,0.0,0.0
2005-03-01 00:00:00+09:00,171.5534045541887,175.9202184882953,170.30574343015823,173.42489624023438,180000,0.0,0.0
2005-03-02 00:00:00+09:00,173.4248550415039,179.03932876586913,172.80102462768554,174.67251586914062,302000,0.0,0.0
2005-03-03 00:00:00+09:00,174.67257136551936,175.9202325895588,174.04874075349966,175.29640197753906,96000,0.0,0.0
2005-03-04 00:00:00+09:00,175.92018848575958,182.1584930419922,174.04869711888978,182.1584930419922,654000,0.0,0.0
2005-03-07 00:00:00+09:00,183.40619150797525,183.40619150797525,177.7917162577311,179.6632080078125,274000,0.0,0.0
2005-03-08 00:00:00+09:00,177.79168701171875,179.66317845394738,176.54402605023301,177.79168701171875,317000,0.0,0.0
2005-03-09 00:00:00+09:00,179.03935694930578,193.387458725731,177.7916959252688,189.02064514160156,5035000,0.0,0.0
2005-03-10 00:00:00+09:00,187.14914385056653,192.76361816608352,186.52531337106464,188.3968048095703,1393000,0.0,0.0
2005-03-11 00:00:00+09:00,190.26826609735906,219.58829398777175,185.9014534328295,215.2214813232422,11062000,0.0,0.0
2005-03-14 00:00:00+09:00,212.10237349586924,225.20281421179058,208.3593904341774,217.093017578125,7916000,0.0,0.0
2005-03-15 00:00:00+09:00,219.58831768889925,219.58831768889925,207.73553917728253,208.9832000732422,2064000,0.0,0.0
2005-03-16 00:00:00+09:00,208.359371553111,233.936420156936,208.359371553111,226.45045471191406,12168000,0.0,0.0
2005-03-17 00:00:00+09:00,226.4503933015417,238.30316870850945,225.2027327323872,228.32188415527344,10677000,0.0,0.0
2005-03-18 00:00:00+09:00,225.82660302933945,235.80788935107822,222.7074510537961,228.9457550048828,2977000,0.0,0.0
2005-03-21 00:00:00+09:00,228.94575500488284,228.94575500488284,228.94575500488284,228.9457550048828,0,0.0,0.0
2005-03-22 00:00:00+09:00,227.07429700457183,228.9457884634007,217.09300922415107,223.33131408691406,1410000,0.0,0.0
2005-03-23 00:00:00+09:00,220.21212436841884,223.33127627165422,213.97382056194806,215.2214813232422,1144000,0.0,0.0
2005-03-24 00:00:00+09:00,218.34064483642578,218.34064483642578,210.85467987060545,212.1023406982422,657000,0.0,0.0
2005-03-25 00:00:00+09:00,210.85467751917506,211.4785079260365,200.24956060253015,205.24020385742188,922000,0.0,0.0
2005-03-28 00:00:00+09:00,206.50710976340554,212.2082262906161,186.86993061412463,209.0409393310547,878000,5.0,0.0
2005-03-29 00:00:00+09:00,211.5747992536491,212.20825673644447,200.17256456333268,202.07293701171875,537000,0.0,0.0
2005-03-30 00:00:00+09:00,198.90565490722656,202.70639990545385,195.73836740870385,198.90565490722656,431000,0.0,0.0
2005-03-31 00:00:00+09:00,200.8060274063402,200.8060274063402,193.83799490959024,198.90565490722656,305000,0.0,0.0
2005-04-01 00:00:00+09:00,200.8060345197672,208.4075247854997,197.00528938690093,207.14060974121094,713000,0.0,0.0
2005-04-04 00:00:00+09:00,205.2402328346806,206.50714785217863,200.17257276468848,200.8060302734375,290000,0.0,0.0
2005-04-05 00:00:00+09:00,202.70640563964844,205.24023571014405,202.07294812202454,202.70640563964844,346000,0.0,0.0
2005-04-06 00:00:00+09:00,202.70644713785046,208.4075659636025,202.07298949054467,203.33990478515625,297000,0.0,0.0
2005-04-07 00:00:00+09:00,203.33986315727233,203.33986315727233,199.53911805152893,202.70640563964844,278000,0.0,0.0
2005-04-08 00:00:00+09:00,200.17254638671875,202.072918662542,198.27217411089546,200.17254638671875,241000,0.0,0.0
2005-04-11 00:00:00+09:00,198.27217814127607,199.53909301757815,196.37180582682294,199.53909301757812,269000,0.0,0.0
2005-04-12 00:00:00+09:00,199.53913071576287,199.53913071576287,193.20455513748468,193.8380126953125,233000,0.0,0.0
2005-04-13 00:00:00+09:00,195.1049208390085,195.1049208390085,191.304175627859,192.5710906982422,176000,0.0,0.0
2005-04-14 00:00:00+09:00,189.40377400716147,191.3041463216146,184.33611450195315,190.0372314453125,331000,0.0,0.0
2005-04-15 00:00:00+09:00,189.40379171502101,189.40379171502101,184.3361317360238,184.96958923339844,191000,0.0,0.0
2005-04-18 00:00:00+09:00,178.00157467349547,179.90194735684238,171.66699906233904,172.9339141845703,465000,0.0,0.0
2005-04-19 00:00:00+09:00,176.10117983987146,181.16883969137854,176.10117983987146,178.635009765625,261000,0.0,0.0
2005-04-20 00:00:00+09:00,183.70266841008115,186.2364983191857,180.53538102370044,181.16883850097656,224000,0.0,0.0
2005-04-21 00:00:00+09:00,174.83424290248325,179.2684447152274,171.6669558933803,177.36807250976562,180000,0.0,0.0
2005-04-22 00:00:00+09:00,183.70265197753906,184.96956681876347,179.26845003325363,183.70265197753906,263000,0.0,0.0
2005-04-25 00:00:00+09:00,184.33615425028987,184.33615425028987,179.26849365234375,179.26849365234375,208000,0.0,0.0
2005-04-26 00:00:00+09:00,179.9019276401453,181.16884262352661,178.635012656764,180.53538513183594,91000,0.0,0.0
2005-04-27 00:00:00+09:00,180.5353792252079,181.8022941671392,174.83426198651713,176.73463439941406,120000,0.0,0.0
2005-04-28 00:00:00+09:00,179.90194430639735,181.16885940714664,176.10119900414952,178.00157165527344,139000,0.0,0.0
2005-04-29 00:00:00+09:00,178.00157165527344,178.00157165527344,178.00157165527344,178.00157165527344,0,0.0,0.0
2005-05-02 00:00:00+09:00,181.16881692068918,181.16881692068918,177.36807250976562,177.36807250976562,123000,0.0,0.0
2005-05-03 00:00:00+09:00,177.36807250976562,177.36807250976562,177.36807250976562,177.36807250976562,0,0.0,0.0
2005-05-04 00:00:00+09:00,177.36807250976562,177.36807250976562,177.36807250976562,177.36807250976562,0,0.0,0.0
2005-05-05 00:00:00+09:00,177.36807250976562,177.36807250976562,177.36807250976562,177.36807250976562,0,0.0,0.0
2005-05-06 00:00:00+09:00,179.26849365234375,180.53540880183027,178.6350360776005,179.26849365234375,145000,0.0,0.0
2005-05-09 00:00:00+09:00,181.80228474934898,202.07292277018232,180.5353698730469,199.53909301757812,2491000,0.0,0.0
2005-05-10 00:00:00+09:00,200.80605291391348,201.43951049408355,193.2045619518726,195.1049346923828,1051000,0.0,0.0
2005-05-11 00:00:00+09:00,191.9376358877176,194.47146606445312,190.03726325516593,194.47146606445312,312000,0.0,0.0
2005-05-12 00:00:00+09:00,195.10489514200984,195.10489514200984,189.40377807617188,189.40377807617188,243000,0.0,0.0
2005-05-13 00:00:00+09:00,188.7703636788033,189.4038212750409,184.96961810137773,187.50344848632812,206000,0.0,0.0
2005-05-16 00:00:00+09:00,186.23650682476205,186.23650682476205,178.00155924407528,179.9019317626953,296000,0.0,0.0
2005-05-17 00:00:00+09:00,181.16884677510865,183.70267679993535,171.03352667580188,179.9019317626953,365000,0.0,0.0
2005-05-18 00:00:00+09:00,181.16884549458823,183.70267550150555,177.36810048421225,182.43576049804688,351000,0.0,0.0
2005-05-19 00:00:00+09:00,185.60305238250118,189.40379748248415,182.43576479918204,188.7703399658203,231000,0.0,0.0
2005-05-20 00:00:00+09:00,188.7703636788033,190.6707364675161,186.23653329385294,187.50344848632812,206000,0.0,0.0
2005-05-23 00:00:00+09:00,190.0372449855349,190.0372449855349,184.96958511925396,185.60304260253906,128000,0.0,0.0
2005-05-24 00:00:00+09:00,188.13687253567954,188.13687253567954,184.96958511925396,185.60304260253906,80000,0.0,0.0
2005-05-25 00:00:00+09:00,186.86996004874248,186.86996004874248,177.3680976733827,180.53538513183594,220000,0.0,0.0
2005-05-26 00:00:00+09:00,176.10120577862742,179.901951227087,176.10120577862742,179.26849365234375,149000,0.0,0.0
2005-05-27 00:00:00+09:00,181.80232395131682,183.7026966755466,177.36812092811397,179.26849365234375,131000,0.0,0.0
2005-05-30 00:00:00+09:00,179.90192354642429,181.80229597825272,178.00155111459586,181.16883850097656,156000,0.0,0.0
2005-05-31 00:00:00+09:00,183.7026775372141,200.8060302734375,182.4357625197161,200.8060302734375,2699000,0.0,0.0
2005-06-01 00:00:00+09:00,197.6387399078175,198.90565490722656,196.3718249084084,198.90565490722656,988000,0.0,0.0
2005-06-02 00:00:00+09:00,198.27221132955646,198.90566887374035,193.83800852026926,194.47146606445312,468000,0.0,0.0
2005-06-03 00:00:00+09:00,193.20458604124028,198.27224731445312,193.20458604124028,198.27224731445312,249000,0.0,0.0
2005-06-06 00:00:00+09:00,196.37184985272296,196.37184985272296,193.83801953204267,195.1049346923828,185000,0.0,0.0
2005-06-07 00:00:00+09:00,195.10492360863702,195.73838115282092,192.5710934319015,194.47146606445312,200000,0.0,0.0
2005-06-08 00:00:00+09:00,194.47147025314032,194.47147025314032,192.57109757965688,193.8380126953125,218000,0.0,0.0
2005-06-09 00:00:00+09:00,193.20458242826373,208.4075659636025,193.20458242826373,203.33990478515625,1760000,0.0,0.0
2005-06-10 00:00:00+09:00,200.17254638671875,200.80600381199318,197.0052592603466,200.17254638671875,524000,0.0,0.0
2005-06-13 00:00:00+09:00,199.53911525593946,202.70640279968455,198.27220023844143,200.8060302734375,273000,0.0,0.0
2005-06-14 00:00:00+09:00,200.80607795105956,200.80607795105956,197.00533199614992,198.27224731445312,262000,0.0,0.0
2005-06-15 00:00:00+09:00,198.27224731445312,200.17262029190795,197.00533199614992,198.27224731445312,194000,0.0,0.0
2005-06-16 00:00:00+09:00,199.53915586808873,200.17261350576518,196.37186767970636,197.0053253173828,267000,0.0,0.0
2005-06-17 00:00:00+09:00,199.53908896144432,204.60674836363972,198.27217411089546,200.17254638671875,428000,0.0,0.0
2005-06-20 00:00:00+09:00,200.80607795105956,201.43953561021118,195.73841667784671,198.27224731445312,358000,0.0,0.0
2005-06-21 00:00:00+09:00,197.00527543288013,198.90564786470856,196.37181795560397,197.63873291015625,291000,0.0,0.0
2005-06-22 00:00:00+09:00,196.3718743369983,198.27224731445312,195.1049590186951,198.27224731445312,232000,0.0,0.0
2005-06-23 00:00:00+09:00,198.27219740752204,201.43948490604475,197.00528240811295,198.90565490722656,258000,0.0,0.0
2005-06-24 00:00:00+09:00,196.3718249084084,198.90565490722656,195.1049099089993,198.90565490722656,165000,0.0,0.0
2005-06-27 00:00:00+09:00,201.43947054955265,201.43947054955265,196.3718109130859,196.37181091308594,263000,0.0,0.0
2005-06-28 00:00:00+09:00,195.1049590186951,198.27224731445312,195.1049590186951,198.27224731445312,107000,0.0,0.0
2005-06-29 00:00:00+09:00,198.90565490722656,200.8060274063402,196.3718249084084,198.90565490722656,192000,0.0,0.0
2005-06-30 00:00:00+09:00,199.5391124069311,200.17256990663566,198.27219740752204,198.90565490722656,118000,0.0,0.0
2005-07-01 00:00:00+09:00,200.17256990663566,200.17256990663566,197.6387399078175,198.90565490722656,133000,0.0,0.0
2005-07-04 00:00:00+09:00,199.53911525593946,204.60677532593158,198.27220023844143,200.8060302734375,376000,0.0,0.0
2005-07-05 00:00:00+09:00,202.70638020833334,202.70638020833334,198.27217814127607,199.53909301757812,150000,0.0,0.0
2005-07-06 00:00:00+09:00,200.17257542286103,200.806032940022,195.73837280273438,195.73837280273438,265000,0.0,0.0
2005-07-07 00:00:00+09:00,195.1049346923828,197.6387650130631,195.1049346923828,195.1049346923828,184000,0.0,0.0
2005-07-08 00:00:00+09:00,195.10492360863702,197.63875378537256,194.47146606445312,194.47146606445312,225000,0.0,0.0
2005-07-11 00:00:00+09:00,195.10492360863702,195.73838115282092,193.20455097608536,194.47146606445312,177000,0.0,0.0
2005-07-12 00:00:00+09:00,195.10492360863702,197.0052962411887,193.83800852026926,194.47146606445312,159000,0.0,0.0
2005-07-13 00:00:00+09:00,194.47147711221274,196.37184985272296,193.83801953204267,195.1049346923828,217000,0.0,0.0
2005-07-14 00:00:00+09:00,195.10492360863702,197.0052962411887,194.47146606445312,194.47146606445312,213000,0.0,0.0
2005-07-15 00:00:00+09:00,195.73835345852757,197.63872582220262,194.4714385494109,196.37181091308594,252000,0.0,0.0
2005-07-18 00:00:00+09:00,196.3718109130859,196.3718109130859,196.3718109130859,196.37181091308594,0,0.0,0.0
2005-07-19 00:00:00+09:00,197.00532531738284,198.27224059273578,196.37186767970636,197.0053253173828,131000,0.0,0.0
2005-07-20 00:00:00+09:00,196.3718743369983,198.90570497360474,195.1049590186951,198.27224731445312,179000,0.0,0.0
2005-07-21 00:00:00+09:00,197.6387829550593,200.17261350576518,196.37186767970636,197.0053253173828,259000,0.0,0.0
2005-07-22 00:00:00+09:00,197.00528783705627,197.00528783705627,194.47145776841248,195.73837280273438,168000,0.0,0.0
2005-07-25 00:00:00+09:00,198.2721903874324,198.2721903874324,196.37181795560397,197.63873291015625,118000,0.0,0.0
2005-07-26 00:00:00+09:00,197.6387859594042,204.6068200797678,197.6387859594042,203.33990478515625,558000,0.0,0.0
2005-07-27 00:00:00+09:00,202.70642934355348,203.33988693525208,200.80605656845765,201.43951416015625,215000,0.0,0.0
2005-07-28 00:00:00+09:00,202.70640563964844,203.33986315727233,201.43949060440062,202.70640563964844,101000,0.0,0.0
2005-07-29 00:00:00+09:00,204.60676694290018,208.40751183967234,200.80602204612805,202.07293701171875,527000,0.0,0.0
2005-08-01 00:00:00+09:00,203.33985197730948,203.97330946010484,202.07293701171878,202.07293701171875,115000,0.0,0.0
2005-08-02 00:00:00+09:00,202.70638020833334,202.70638020833334,198.9056355794271,199.53909301757812,167000,0.0,0.0
2005-08-03 00:00:00+09:00,198.2721903874324,202.70639272836542,197.63873291015628,197.63873291015625,153000,0.0,0.0
2005-08-04 00:00:00+09:00,198.27224059273578,200.17261350576518,195.1049524043534,197.0053253173828,141000,0.0,0.0
2005-08-05 00:00:00+09:00,196.37180582682294,202.07292277018232,193.83797607421877,199.53909301757812,360000,0.0,0.0
2005-08-08 00:00:00+09:00,196.3718386970048,196.3718386970048,189.40380571098206,194.47146606445312,329000,0.0,0.0
2005-08-09 00:00:00+09:00,196.37180183507218,200.80600381199318,196.37180183507218,200.17254638671875,276000,0.0,0.0
2005-08-10 00:00:00+09:00,202.07288459329044,216.6424029181985,200.8059699563419,215.37548828125,2408000,0.0,0.0
2005-08-11 00:00:00+09:00,214.1086524136095,214.1086524136095,209.04099200145308,210.3079071044922,678000,0.0,0.0
2005-08-12 00:00:00+09:00,210.94134521484378,214.1086326805321,209.04097273543076,210.94134521484375,548000,0.0,0.0
2005-08-15 00:00:00+09:00,215.37555345743456,217.27592598794132,213.47518092692778,214.74209594726562,737000,0.0,0.0
2005-08-16 00:00:00+09:00,217.27588839964434,224.87737720662898,217.27588839964434,222.9770050048828,1330000,0.0,0.0
2005-08-17 00:00:00+09:00,220.4432109206142,223.6104984338414,217.9093809100324,219.80975341796875,467000,0.0,0.0
2005-08-18 00:00:00+09:00,218.54285504310542,220.44322769565414,216.64248239055667,217.27593994140625,296000,0.0,0.0
2005-08-19 00:00:00+09:00,218.54286615238632,221.0766964845879,215.37557823713433,217.90940856933594,391000,0.0,0.0
2005-08-22 00:00:00+09:00,219.80975756342013,221.0766725926041,216.0090124758682,219.17630004882812,203000,0.0,0.0
2005-08-23 00:00:00+09:00,219.17630428969048,234.37928493406207,216.64247418229522,232.47891235351562,2260000,0.0,0.0
2005-08-24 00:00:00+09:00,228.04472571388285,237.54658928529466,226.1443529996005,236.9131317138672,2024000,0.0,0.0
2005-08-25 00:00:00+09:00,235.01274525410423,241.3473205978806,231.84545758221603,234.37928771972656,2203000,0.0,0.0
2005-08-26 00:00:00+09:00,231.21200709461834,231.84546464830223,228.04471932619893,228.6781768798828,808000,0.0,0.0
2005-08-29 00:00:00+09:00,226.77774940837514,226.77774940837514,220.4431754025546,222.9770050048828,509000,0.0,0.0
2005-08-30 00:00:00+09:00,223.61048479672877,226.14431465278236,222.343569868702,224.2439422607422,346000,0.0,0.0
2005-08-31 00:00:00+09:00,224.87738538469586,224.87738538469586,221.71009826660156,221.71009826660156,245000,0.0,0.0
2005-09-01 00:00:00+09:00,221.71011763520775,222.97703259312323,219.1762877193768,221.07666015625,452000,0.0,0.0
2005-09-02 00:00:00+09:00,221.0766725926041,221.0766725926041,217.27592750505218,219.17630004882812,284000,0.0,0.0
2005-09-05 00:00:00+09:00,217.27585482935052,224.87734246186426,217.27585482935052,223.6104278564453,415000,0.0,0.0
2005-09-06 00:00:00+09:00,222.97704513638007,222.97704513638007,219.17630004882815,219.17630004882812,367000,0.0,0.0
2005-09-07 00:00:00+09:00,217.27592883193705,220.44321642423932,216.00901379501613,216.64247131347656,509000,0.0,0.0
2005-09-08 00:00:00+09:00,215.37553929570896,216.64245423274255,210.94133701609144,212.208251953125,335000,0.0,0.0
2005-09-09 00:00:00+09:00,212.84171236478366,214.7420847966121,211.57479741023138,214.10862731933594,434000,0.0,0.0
2005-09-12 00:00:00+09:00,217.27590128580732,219.17627360026043,215.37552897135419,218.54281616210938,354000,0.0,0.0
2005-09-13 00:00:00+09:00,220.44318341936383,223.61047053745816,219.1762685721261,221.71009826660156,449000,0.0,0.0
2005-09-14 00:00:00+09:00,219.8097813184871,221.0766964845879,217.27595098628552,217.90940856933594,240000,0.0,0.0
2005-09-15 00:00:00+09:00,217.90935872395835,219.80973103841148,216.64244384765627,218.54281616210938,307000,0.0,0.0
2005-09-16 00:00:00+09:00,218.54283841267787,219.80975341796875,217.9093809100324,219.80975341796875,345000,0.0,0.0
2005-09-19 00:00:00+09:00,219.80975341796875,219.80975341796875,219.80975341796875,219.80975341796875,0,0.0,0.0
2005-09-20 00:00:00+09:00,221.0766408429827,223.61047053745816,220.44318341936383,221.71009826660156,366000,0.0,0.0
2005-09-21 00:00:00+09:00,222.34355569022043,222.34355569022043,219.1762685721261,221.71009826660156,360000,0.0,0.0
2005-09-22 00:00:00+09:00,221.07665091501156,228.67814034475407,219.80973601005445,224.8773956298828,817000,0.0,0.0
2005-09-23 00:00:00+09:00,224.8773956298828,224.8773956298828,224.8773956298828,224.8773956298828,0,0.0,0.0
2005-09-26 00:00:00+09:00,225.51087955817863,232.47891235351562,225.51087955817863,232.47891235351562,444000,0.0,0.0
2005-09-27 00:00:00+09:00,234.37928493406207,235.01274246091089,231.8454548266668,232.47891235351562,440000,0.0,0.0
2005-09-28 00:00:00+09:00,232.47892871387504,237.54658928529466,231.21201357102012,236.9131317138672,599000,0.0,0.0
2005-09-29 00:00:00+09:00,239.44695209703949,240.71386718750003,234.3792917351974,240.7138671875,568000,0.0,0.0
2005-09-30 00:00:00+09:00,243.88112760437323,253.38298971882932,241.34729770718494,249.58224487304688,1292000,0.0,0.0
2005-10-03 00:00:00+09:00,246.41496564904037,249.5822531252491,240.71384819186463,248.31533813476562,466000,0.0,0.0
2005-10-04 00:00:00+09:00,250.84918902986612,254.01647677014222,248.31535883764525,252.11610412597656,472000,0.0,0.0
2005-10-05 00:00:00+09:00,248.94874049365364,248.94874049365364,239.4468801694684,240.08033752441406,376000,0.0,0.0
2005-10-06 00:00:00+09:00,238.8134447525108,238.8134447525108,230.57849838173456,231.8454132080078,373000,0.0,0.0
2005-10-07 00:00:00+09:00,233.74583435058594,238.8134947159103,224.87742871126832,233.74583435058594,324000,0.0,0.0
2005-10-10 00:00:00+09:00,233.74583435058594,233.74583435058594,233.74583435058594,233.74583435058594,0,0.0,0.0
2005-10-11 00:00:00+09:00,233.74581782364012,239.4469353315338,229.9450728183777,236.27964782714844,180000,0.0,0.0
2005-10-12 00:00:00+09:00,238.81346952311196,240.08038448079427,235.01272465006508,237.5465545654297,195000,0.0,0.0
2005-10-13 00:00:00+09:00,235.0127258300781,236.27964079412166,232.47889590199102,235.01272583007812,179000,0.0,0.0
2005-10-14 00:00:00+09:00,236.27966876651928,236.27966876651928,232.4789234244305,233.1123809814453,170000,0.0,0.0
2005-10-17 00:00:00+09:00,231.84541508338972,232.47887250165033,226.7777557373047,226.7777557373047,293000,0.0,0.0
2005-10-18 00:00:00+09:00,226.14429831904405,229.3115854103472,225.51084090078342,226.7777557373047,137000,0.0,0.0
2005-10-19 00:00:00+09:00,227.4112493913252,235.64619714087183,225.51087683373754,230.5785369873047,377000,0.0,0.0
2005-10-20 00:00:00+09:00,236.27964414125913,243.88113403320312,233.11235668628245,243.88113403320312,537000,0.0,0.0
2005-10-21 00:00:00+09:00,241.34732473273027,241.34732473273027,235.6462068256579,240.7138671875,339000,0.0,0.0
2005-10-24 00:00:00+09:00,237.5465794613487,243.88115491365133,237.5465794613487,240.7138671875,183000,0.0,0.0
2005-10-25 00:00:00+09:00,238.81349580355703,245.78152883761308,238.81349580355703,245.1480712890625,183000,0.0,0.0
2005-10-26 00:00:00+09:00,245.7815483765281,245.7815483765281,241.98080278307663,244.51463317871094,185000,0.0,0.0
2005-10-27 00:00:00+09:00,244.51457516393194,248.9487773042105,243.2476602667095,246.41494750976562,218000,0.0,0.0
2005-10-28 00:00:00+09:00,244.51457516393194,248.31531985559928,243.88111771532073,246.41494750976562,92000,0.0,0.0
2005-10-31 00:00:00+09:00,247.04841904967796,250.84916395813454,246.4149615649352,248.94879150390625,215000,0.0,0.0
2005-11-01 00:00:00+09:00,250.21570234734398,250.21570234734398,248.31532992445275,249.58224487304688,13000,0.0,0.0
2005-11-02 00:00:00+09:00,249.5822974310981,251.48267025417755,247.04846700032553,250.84921264648438,185000,0.0,0.0
2005-11-03 00:00:00+09:00,202.07293701171878,202.07293701171878,202.07293701171878,202.07293701171875,185000,0.0,0.0
2005-11-04 00:00:00+09:00,251.48264657792134,252.74956167403178,248.94881638570047,252.11610412597656,133000,0.0,0.0
2005-11-07 00:00:00+09:00,252.11600814327116,255.28329467773438,250.21563622259325,255.28329467773438,202000,0.0,0.0
2005-11-08 00:00:00+09:00,256.55022863131853,258.4506006952542,251.48256979415666,254.6498565673828,207000,0.0,0.0
2005-11-09 00:00:00+09:00,255.2834159003364,255.2834159003364,250.21575503879126,250.84921264648438,92000,0.0,0.0
2005-11-10 00:00:00+09:00,244.5145891107069,248.94879150390625,244.5145891107069,248.94879150390625,127000,0.0,0.0
2005-11-11 00:00:00+09:00,248.31531575520836,249.58223063151044,246.41494344075522,247.04840087890625,91000,0.0,0.0
2005-11-14 00:00:00+09:00,249.5822547396323,258.45065973038066,249.5822547396323,252.74954223632812,231000,0.0,0.0
2005-11-15 00:00:00+09:00,252.11610412597656,255.91684941430785,243.88115600125872,252.11610412597656,315000,0.0,0.0
2005-11-16 00:00:00+09:00,245.7814900611544,248.31531985559928,244.51457516393194,246.41494750976562,169000,0.0,0.0
2005-11-17 00:00:00+09:00,246.41495750156153,251.4826172959381,245.78150002726446,249.58224487304688,104000,0.0,0.0
2005-11-18 00:00:00+09:00,251.48267025417755,251.48267025417755,248.31538221571182,250.84921264648438,172000,0.0,0.0
2005-11-21 00:00:00+09:00,250.21570647339178,250.84916395813454,247.68187653442072,248.94879150390625,167000,0.0,0.0
2005-11-22 00:00:00+09:00,251.48267025417755,251.48267025417755,248.94883982340497,250.84921264648438,88000,0.0,0.0
2005-11-23 00:00:00+09:00,250.8492126464844,250.8492126464844,250.8492126464844,250.84921264648438,0,0.0,0.0
2005-11-24 00:00:00+09:00,253.3829980966996,253.3829980966996,248.3153381347656,248.31533813476562,154000,0.0,0.0
2005-11-25 00:00:00+09:00,247.04841904967796,251.4826214428773,245.78150408019243,248.94879150390625,361000,0.0,0.0
2005-11-28 00:00:00+09:00,250.84918630092957,250.84918630092957,247.68189859510977,250.21572875976562,137000,0.0,0.0
2005-11-29 00:00:00+09:00,250.84918630092957,250.84918630092957,247.68189859510977,250.21572875976562,122000,0.0,0.0
2005-11-30 00:00:00+09:00,250.84918630092957,250.84918630092957,249.58227121860165,250.21572875976562,73000,0.0,0.0
2005-12-01 00:00:00+09:00,252.11614614402131,258.4507226803033,249.58231552950855,257.1838073730469,277000,0.0,0.0
2005-12-02 00:00:00+09:00,269.8528747558594,279.3547365430375,266.68558749346664,269.8528747558594,1579000,0.0,0.0
2005-12-05 00:00:00+09:00,273.65369077182424,277.45443647698846,273.0202331542969,273.0202331542969,572000,0.0,0.0
2005-12-06 00:00:00+09:00,273.02015789666274,274.28707278249414,266.68558346750586,270.486328125,276000,0.0,0.0
2005-12-07 00:00:00+09:00,269.2194132391686,272.38670045374704,267.9524983533372,270.486328125,118000,0.0,0.0
2005-12-08 00:00:00+09:00,269.2194236554116,269.2194236554116,261.61793404631766,264.1517639160156,94000,0.0,0.0
2005-12-09 00:00:00+09:00,258.45064670919515,270.48633859026063,258.45064670919515,264.1517639160156,232000,0.0,0.0
2005-12-12 00:00:00+09:00,269.21946027318353,273.6536631482713,266.6856300588477,267.9525451660156,245000,0.0,0.0
2005-12-13 00:00:00+09:00,269.8529178267675,270.4863753803515,266.6856300588477,267.9525451660156,189000,0.0,0.0
2005-12-14 00:00:00+09:00,270.4862950642904,272.3866671607608,266.0520935058594,266.0520935058594,397000,0.0,0.0
2005-12-15 00:00:00+09:00,266.6856104963917,266.6856104963917,260.3510354252185,261.6179504394531,88000,0.0,0.0
2005-12-16 00:00:00+09:00,259.08414115157785,262.25142894071695,256.55031092026655,258.45068359375,205000,0.0,0.0
2005-12-19 00:00:00+09:00,261.6179601495916,274.9205682927912,260.98450261896306,264.7852478027344,559000,0.0,0.0
2005-12-20 00:00:00+09:00,264.7851787748791,267.9524656023298,261.6178919474284,266.0520935058594,141000,0.0,0.0
2005-12-21 00:00:00+09:00,266.0520935058594,269.8528376988003,264.151721409389,266.0520935058594,215000,0.0,0.0
2005-12-22 00:00:00+09:00,266.68560791015625,268.58598041307897,266.05215040918205,266.68560791015625,184000,0.0,0.0
2005-12-23 00:00:00+09:00,266.68560791015625,266.68560791015625,266.68560791015625,266.68560791015625,0,0.0,0.0
2005-12-26 00:00:00+09:00,268.58595789360834,269.8528727893329,265.4186706542969,265.4186706542969,163000,0.0,0.0
2005-12-27 00:00:00+09:00,264.7852882562682,274.2871526673783,264.1518306288608,272.38677978515625,229000,0.0,0.0
2005-12-28 00:00:00+09:00,266.68560791015625,269.8528954150275,265.4186929082078,266.68560791015625,593000,0.0,0.0
2005-12-29 00:00:00+09:00,268.58599853515625,271.11982871001624,266.0521683602963,268.58599853515625,146000,0.0,0.0
2005-12-30 00:00:00+09:00,271.75326371757905,271.75326371757905,266.6856037881137,267.3190612792969,91000,0.0,0.0
2006-01-02 00:00:00+09:00,267.3190612792969,267.3190612792969,267.3190612792969,267.3190612792969,0,0.0,0.0
2006-01-03 00:00:00+09:00,267.3190612792969,267.3190612792969,267.3190612792969,267.3190612792969,0,0.0,0.0
2006-01-04 00:00:00+09:00,269.21942138671875,270.48633631089155,267.95250646254595,269.21942138671875,46000,0.0,0.0
2006-01-05 00:00:00+09:00,272.386784053349,272.386784053349,270.4864111413489,271.7533264160156,117000,0.0,0.0
2006-01-06 00:00:00+09:00,271.7532430108314,273.02015789666274,269.2194132391686,270.486328125,389000,0.0,0.0
2006-01-09 00:00:00+09:00,270.486328125,270.486328125,270.486328125,270.486328125,0,0.0,0.0
2006-01-10 00:00:00+09:00,274.920550383474,278.0878378302882,272.38672042602263,276.8209228515625,303000,0.0,0.0
2006-01-11 00:00:00+09:00,277.4543702867296,277.4543702867296,271.75325308905707,273.65362548828125,157000,0.0,0.0
2006-01-12 00:00:00+09:00,276.8208984650554,280.62164306640625,273.653611297263,280.62164306640625,264000,0.0,0.0
2006-01-13 00:00:00+09:00,281.88860534807,281.88860534807,278.0878601074219,278.0878601074219,240000,0.0,0.0
2006-01-16 00:00:00+09:00,280.6216491155476,286.3227661404684,278.0878193266939,284.4223937988281,337000,0.0,0.0
2006-01-17 00:00:00+09:00,283.1555638880163,285.0559368000164,271.11986877868225,271.7533264160156,302000,0.0,0.0
2006-01-18 00:00:00+09:00,267.31898350869454,267.31898350869454,250.84909352948588,255.28329467773438,308000,0.0,0.0
2006-01-19 00:00:00+09:00,254.64993257342647,268.58599853515625,254.64993257342647,268.58599853515625,306000,0.0,0.0
2006-01-20 00:00:00+09:00,266.0521281021592,267.952500445746,262.88484086284774,265.4186706542969,188000,0.0,0.0
2006-01-23 00:00:00+09:00,259.7175598144531,264.1517620551877,258.450644888529,259.7175598144531,113000,0.0,0.0
2006-01-24 00:00:00+09:00,259.7175656832182,263.518310546875,259.7175656832182,263.518310546875,57000,0.0,0.0
2006-01-25 00:00:00+09:00,263.51825348268073,266.0520828430911,262.8847961425781,262.8847961425781,72000,0.0,0.0
2006-01-26 00:00:00+09:00,263.518310546875,266.0521404559796,262.8848530695989,263.518310546875,124000,0.0,0.0
2006-01-27 00:00:00+09:00,268.5860382293488,271.7533264160156,266.05220768001533,271.7533264160156,139000,0.0,0.0
2006-01-30 00:00:00+09:00,275.5540299469898,281.255147807962,275.5540299469898,278.0878601074219,211000,0.0,0.0
2006-01-31 00:00:00+09:00,276.18749697573554,281.8886150325741,276.18749697573554,281.2551574707031,162000,0.0,0.0
2006-02-01 00:00:00+09:00,281.88863199407405,281.88863199407405,277.45442879416726,278.7213439941406,130000,0.0,0.0
2006-02-02 00:00:00+09:00,280.62174367904663,285.055947303772,279.9882860183716,283.7890319824219,243000,0.0,0.0
2006-02-03 00:00:00+09:00,283.7890319824219,285.055947303772,281.88865900039673,283.7890319824219,109000,0.0,0.0
2006-02-06 00:00:00+09:00,289.49006770725543,290.1235251858271,285.68932283582535,286.95623779296875,228000,0.0,0.0
2006-02-07 00:00:00+09:00,285.68938856602756,290.7570495605469,285.68938856602756,290.7570495605469,155000,0.0,0.0
2006-02-08 00:00:00+09:00,289.4900718621448,297.09156171410484,285.0558694485014,286.3227844238281,335000,0.0,0.0
2006-02-09 00:00:00+09:00,292.6573551001138,293.29081257868546,285.0558653572537,286.95623779296875,108000,0.0,0.0
2006-02-10 00:00:00+09:00,285.05589304861013,288.22318074915023,272.38674224644967,278.0878601074219,206000,0.0,0.0
2006-02-13 00:00:00+09:00,273.0201901906097,279.3547653690461,270.48636011923514,274.9205627441406,211000,0.0,0.0
2006-02-14 00:00:00+09:00,274.92058185199363,281.2551574707031,253.38302474838122,281.2551574707031,232000,0.0,0.0
2006-02-15 00:00:00+09:00,278.7212788761338,281.8885661360899,271.1197894522392,279.354736328125,186000,0.0,0.0
2006-02-16 00:00:00+09:00,278.7213439941406,284.4224623940208,276.1875135941939,278.7213439941406,190000,0.0,0.0
2006-02-17 00:00:00+09:00,275.55402026198425,279.3547653690461,273.0201901906097,274.9205627441406,186000,0.0,0.0
2006-02-20 00:00:00+09:00,259.7175656832182,272.386715228741,259.7175656832182,263.518310546875,254000,0.0,0.0
2006-02-21 00:00:00+09:00,263.5183486238532,276.8209575688074,263.5183486238532,276.1875,201000,0.0,0.0
2006-02-22 00:00:00+09:00,273.65369932801576,276.8209875146826,269.85295350401555,271.7533264160156,61000,0.0,0.0
2006-02-23 00:00:00+09:00,278.72129531965106,278.72129531965106,274.28709289411114,276.8209228515625,48000,0.0,0.0
2006-02-24 00:00:00+09:00,279.9882037928286,283.15549116605064,276.82091641960653,282.52203369140625,98000,0.0,0.0
2006-02-27 00:00:00+09:00,284.42240611533947,285.6893210646283,278.7212888435398,282.52203369140625,107000,0.0,0.0
2006-02-28 00:00:00+09:00,282.5220671353275,282.5220671353275,273.02020389086584,277.45440673828125,118000,0.0,0.0
2006-03-01 00:00:00+09:00,277.4543928155152,277.4543928155152,271.75327515492245,274.9205627441406,57000,0.0,0.0
2006-03-02 00:00:00+09:00,273.65362362132356,273.65362362132356,269.21942138671875,269.21942138671875,48000,0.0,0.0
2006-03-03 00:00:00+09:00,264.785219152114,269.8528788488052,260.3510169175092,269.21942138671875,64000,0.0,0.0
2006-03-06 00:00:00+09:00,271.11979377297797,271.11979377297797,266.0521340762868,269.21942138671875,57000,0.0,0.0
2006-03-07 00:00:00+09:00,269.2194132391686,270.486328125,267.3190409104215,270.486328125,42000,0.0,0.0
2006-03-08 00:00:00+09:00,266.6856037881137,269.85289124402954,266.0521462969306,267.3190612792969,50000,0.0,0.0
2006-03-09 00:00:00+09:00,268.58597548984557,276.8209228515625,268.58597548984557,276.8209228515625,42000,0.0,0.0
2006-03-10 00:00:00+09:00,271.7533264160156,274.92061460268246,270.4864111413489,271.7533264160156,183000,0.0,0.0
2006-03-13 00:00:00+09:00,272.386784053349,273.0202416906824,267.9525805920154,271.7533264160156,200000,0.0,0.0
2006-03-14 00:00:00+09:00,272.38670045374704,272.38670045374704,266.68558346750586,270.486328125,226000,0.0,0.0
2006-03-15 00:00:00+09:00,273.0202416906824,273.0202416906824,269.85295350401555,271.7533264160156,127000,0.0,0.0
2006-03-16 00:00:00+09:00,274.92053854549636,274.92053854549636,267.95250646254595,269.21942138671875,151000,0.0,0.0
2006-03-17 00:00:00+09:00,268.5859639246324,269.21942138671875,266.0521340762868,269.21942138671875,67000,0.0,0.0
2006-03-20 00:00:00+09:00,268.58599853515625,269.21945607887125,265.4187108165813,268.58599853515625,93000,0.0,0.0
2006-03-21 00:00:00+09:00,268.58599853515625,268.58599853515625,268.58599853515625,268.58599853515625,0,0.0,0.0
2006-03-22 00:00:00+09:00,268.5860027195996,268.5860027195996,266.6856300588477,267.9525451660156,60000,0.0,0.0
2006-03-23 00:00:00+09:00,269.8529178267675,271.1198329339354,267.9525451660156,267.9525451660156,88000,0.0,0.0
2006-03-24 00:00:00+09:00,269.21945051713425,269.21945051713425,264.7852478027344,264.7852478027344,118000,0.0,0.0
2006-03-27 00:00:00+09:00,266.0521462969306,267.3190612792969,264.15177382338106,267.3190612792969,159000,0.0,0.0
2006-03-28 00:00:00+09:00,270.53974160715615,271.183883849078,267.96317263946895,269.8955993652344,76000,7.0,0.0
2006-03-29 00:00:00+09:00,276.33709716796875,277.62538200325065,274.4046699150459,276.33709716796875,292000,0.0,0.0
2006-03-30 00:00:00+09:00,279.5578071367277,282.7785192005149,277.6253798984554,281.490234375,350000,0.0,0.0
2006-03-31 00:00:00+09:00,283.42266161327234,283.42266161327234,280.84609196224255,281.490234375,197000,0.0,0.0
2006-04-03 00:00:00+09:00,279.5577460394965,287.93159557524183,279.5577460394965,284.0667419433594,190000,0.0,0.0
2006-04-04 00:00:00+09:00,284.0668255559999,285.9992529407346,282.1343981712652,284.7109680175781,116000,0.0,0.0
2006-04-05 00:00:00+09:00,284.7109133034347,289.86405200575933,284.7109133034347,289.21990966796875,308000,0.0,0.0
2006-04-06 00:00:00+09:00,287.28750515407984,292.4406442599826,287.28750515407984,289.86407470703125,152000,0.0,0.0
2006-04-07 00:00:00+09:00,289.8640281275699,293.7288818359375,289.8640281275699,293.7288818359375,171000,0.0,0.0
2006-04-10 00:00:00+09:00,293.72892622514206,298.2379228996508,293.72892622514206,297.5937805175781,231000,0.0,0.0
2006-04-11 00:00:00+09:00,298.2378851198682,298.2378851198682,290.5081775141697,295.66131591796875,126000,0.0,0.0
2006-04-12 00:00:00+09:00,290.5081787109375,292.4406056203229,289.2198941046806,290.5081787109375,123000,0.0,0.0
2006-04-13 00:00:00+09:00,293.08474792345135,293.72889022657984,289.2198941046806,290.5081787109375,63000,0.0,0.0
2006-04-14 00:00:00+09:00,293.72889022657984,293.72889022657984,286.64332489216673,290.5081787109375,108000,0.0,0.0
2006-04-17 00:00:00+09:00,289.86405200575933,291.1523366813405,287.287482654597,289.21990966796875,142000,0.0,0.0
2006-04-18 00:00:00+09:00,286.6433096037269,291.79644775390625,285.99916733495445,291.79644775390625,72000,0.0,0.0
2006-04-19 00:00:00+09:00,292.4405900226787,294.37301682899596,289.2198786788166,291.79644775390625,105000,0.0,0.0
2006-04-20 00:00:00+09:00,291.7964633171944,291.7964633171944,289.2198941046806,290.5081787109375,62000,0.0,0.0
2006-04-21 00:00:00+09:00,290.5081787109375,291.7964633171944,289.2198941046806,290.5081787109375,121000,0.0,0.0
2006-04-24 00:00:00+09:00,290.5081781072931,299.5261703323532,289.2198935037131,293.0847473144531,395000,0.0,0.0
2006-04-25 00:00:00+09:00,287.9316621628483,291.7965166885241,283.4226652162265,291.1523742675781,127000,0.0,0.0
2006-04-26 00:00:00+09:00,289.86407470703125,295.017213812934,288.5757899305555,289.86407470703125,74000,0.0,0.0
2006-04-27 00:00:00+09:00,287.28746719529516,290.5081787109375,287.28746719529516,290.5081787109375,60000,0.0,0.0
2006-04-28 00:00:00+09:00,289.86407470703125,290.50821709526906,285.3550779893663,289.86407470703125,114000,0.0,0.0
2006-05-01 00:00:00+09:00,289.86407470703125,290.50821709526906,287.9316475423177,289.86407470703125,52000,0.0,0.0
2006-05-02 00:00:00+09:00,289.86410401466134,295.01724364158866,289.86410401466134,292.440673828125,78000,0.0,0.0
2006-05-03 00:00:00+09:00,292.440673828125,292.440673828125,292.440673828125,292.440673828125,0,0.0,0.0
2006-05-04 00:00:00+09:00,292.440673828125,292.440673828125,292.440673828125,292.440673828125,0,0.0,0.0
2006-05-05 00:00:00+09:00,292.440673828125,292.440673828125,292.440673828125,292.440673828125,0,0.0,0.0
2006-05-08 00:00:00+09:00,295.0171742198231,296.30545882340317,291.79646271087313,293.0847473144531,157000,0.0,0.0
2006-05-09 00:00:00+09:00,293.72895873485686,293.72895873485686,291.7965313747591,292.440673828125,84000,0.0,0.0
2006-05-10 00:00:00+09:00,289.86405200575933,292.4406213569216,288.57576733017817,289.21990966796875,89000,0.0,0.0
2006-05-11 00:00:00+09:00,289.86405200575933,291.1523366813405,286.6433403168065,289.21990966796875,88000,0.0,0.0
2006-05-12 00:00:00+09:00,286.6433886134815,286.6433886134815,279.55782170393474,282.7785339355469,133000,0.0,0.0
2006-05-15 00:00:00+09:00,278.91361250700777,279.55775479917173,275.6929010461878,278.26947021484375,102000,0.0,0.0
2006-05-16 00:00:00+09:00,276.98124867565224,279.5578184307746,272.47225160418816,273.11639404296875,109000,0.0,0.0
2006-05-17 00:00:00+09:00,277.6253279226798,280.20189709133575,274.40461646185986,278.26947021484375,322000,0.0,0.0
2006-05-18 00:00:00+09:00,280.20195060183767,280.20195060183767,278.26952335630773,278.9136657714844,81000,0.0,0.0
2006-05-19 00:00:00+09:00,276.98119338316593,280.201904934133,274.4046241423923,277.6253356933594,184000,0.0,0.0
2006-05-22 00:00:00+09:00,277.6253356933594,277.6253356933594,277.6253356933594,277.6253356933594,322000,0.0,0.0
2006-05-23 00:00:00+09:00,279.5577392578125,282.7784505395845,277.6253124887493,279.5577392578125,116000,0.0,0.0
2006-05-24 00:00:00+09:00,276.9811850731526,281.4901811092272,275.692900491417,280.8460388183594,86000,0.0,0.0
2006-05-25 00:00:00+09:00,280.8460237705213,280.8460237705213,277.6253124887493,279.5577392578125,67000,0.0,0.0
2006-05-26 00:00:00+09:00,279.5577392578125,280.2018815141669,275.69288571968605,279.5577392578125,36000,0.0,0.0
2006-05-29 00:00:00+09:00,273.11632525275735,275.69289435891545,273.11632525275735,273.7604675292969,84000,0.0,0.0
2006-05-30 00:00:00+09:00,269.2515119534094,270.53979669959796,264.7425153417494,265.38665771484375,48000,0.0,0.0
2006-05-31 00:00:00+09:00,258.9451521889876,263.45414737635804,258.9451521889876,262.1658630371094,103000,0.0,0.0
2006-06-01 00:00:00+09:00,263.45417030184876,264.09831252752565,260.8776013991412,262.8100280761719,49000,0.0,0.0
2006-06-02 00:00:00+09:00,260.23347406154727,264.09832763671875,251.8596246486757,264.09832763671875,91000,0.0,0.0
2006-06-05 00:00:00+09:00,260.8775939941406,260.8775939941406,260.8775939941406,260.8775939941406,91000,0.0,0.0
2006-06-06 00:00:00+09:00,251.21546936035156,254.4361805059971,247.99475821470602,251.21546936035156,140000,0.0,0.0
2006-06-07 00:00:00+09:00,251.21556478833395,251.21556478833395,240.9092852072741,243.48585510253906,128000,0.0,0.0
2006-06-08 00:00:00+09:00,243.48577929818055,245.4182061180074,237.04435656542444,240.90921020507812,297000,0.0,0.0
2006-06-09 00:00:00+09:00,241.5533664963008,251.21550115615284,241.5533664963008,246.06236267089844,185000,0.0,0.0
2006-06-12 00:00:00+09:00,242.84167179975975,252.5038072825088,241.55338706872652,251.8596649169922,91000,0.0,0.0
2006-06-13 00:00:00+09:00,254.43623437905862,254.43623437905862,249.92723782044237,251.8596649169922,64000,0.0,0.0
2006-06-14 00:00:00+09:00,255.7244873046875,255.7244873046875,255.7244873046875,255.7244873046875,64000,0.0,0.0
2006-06-15 00:00:00+09:00,264.09840698242186,265.3866918945312,255.72455505371093,257.656982421875,105000,0.0,0.0
2006-06-16 00:00:00+09:00,260.2335056285953,260.8776479692602,255.0803669032766,258.9452209472656,58000,0.0,0.0
2006-06-19 00:00:00+09:00,255.72455505371093,260.2335522460937,254.43627014160154,257.656982421875,54000,0.0,0.0
2006-06-20 00:00:00+09:00,258.3011011923513,266.0308099562122,255.72453160439767,259.5893859863281,193000,0.0,0.0
2006-06-21 00:00:00+09:00,260.23352938009083,260.23352938009083,254.4362477849898,257.0128173828125,36000,0.0,0.0
2006-06-22 00:00:00+09:00,259.58930957935473,260.8775939941406,257.6568829571759,260.8775939941406,31000,0.0,0.0
2006-06-23 00:00:00+09:00,260.8776322921904,262.1659168961025,257.6569207824103,260.2334899902344,32000,0.0,0.0
2006-06-26 00:00:00+09:00,260.87764874175565,260.87764874175565,255.72451000117775,256.36865234375,46000,0.0,0.0
2006-06-27 00:00:00+09:00,257.6569597822682,257.6569597822682,255.0803901844455,257.0128173828125,17000,0.0,0.0
2006-06-28 00:00:00+09:00,257.656952829072,257.656952829072,253.14795615456322,255.08038330078125,31000,0.0,0.0
2006-06-29 00:00:00+09:00,255.72451000117775,257.0127946863222,255.0803676586055,256.36865234375,36000,0.0,0.0
2006-06-30 00:00:00+09:00,256.3686749833568,258.9452445811795,256.3686749833568,257.0128173828125,35000,0.0,0.0
2006-07-03 00:00:00+09:00,257.656982421875,260.8776947021484,254.43627014160154,257.656982421875,24000,0.0,0.0
2006-07-04 00:00:00+09:00,258.30102516456884,260.8775939941406,256.36859854239003,260.8775939941406,27000,0.0,0.0
2006-07-05 00:00:00+09:00,258.94526733398436,258.94526733398436,256.3686975097656,257.656982421875,36000,0.0,0.0
2006-07-06 00:00:00+09:00,257.65693702889445,257.65693702889445,253.1479406308888,256.36865234375,26000,0.0,0.0
2006-07-07 00:00:00+09:00,257.0128104469993,257.0128104469993,252.50381377249053,255.08038330078125,24000,0.0,0.0
2006-07-10 00:00:00+09:00,255.08038330078125,255.08038330078125,255.08038330078125,255.08038330078125,24000,0.0,0.0
2006-07-11 00:00:00+09:00,256.3686295900897,256.3686295900897,253.14791816307854,255.7244873046875,31000,0.0,0.0
2006-07-12 00:00:00+09:00,255.7245495046368,255.7245495046368,249.92726752594226,253.14797973632812,39000,0.0,0.0
2006-07-13 00:00:00+09:00,246.70650498155524,247.35064729221205,242.84165111761442,246.06236267089844,102000,0.0,0.0
2006-07-14 00:00:00+09:00,239.62091000205592,245.4181900827508,237.04434107730262,244.7740478515625,131000,0.0,0.0
2006-07-17 00:00:00+09:00,292.440673828125,292.440673828125,292.440673828125,292.440673828125,131000,0.0,0.0
2006-07-18 00:00:00+09:00,252.5038039748733,252.5038039748733,235.11196033374682,238.33267211914062,166000,0.0,0.0
2006-07-19 00:00:00+09:00,238.33270321721614,238.33270321721614,231.89127880594003,237.04441833496094,45000,0.0,0.0
2006-07-20 00:00:00+09:00,240.26514925418562,245.41828918457028,238.33272178029137,245.4182891845703,182000,0.0,0.0
2006-07-21 00:00:00+09:00,244.12991353244934,244.77405578451385,240.2650600200623,242.8416290283203,37000,0.0,0.0
2006-07-24 00:00:00+09:00,249.28309091608577,249.28309091608577,237.68852854789571,242.19752502441406,91000,0.0,0.0
2006-07-25 00:00:00+09:00,243.4857950518208,243.4857950518208,239.62094116210935,239.62094116210938,19000,0.0,0.0
2006-07-26 00:00:00+09:00,237.68852976206188,241.55338390453443,235.7561026908256,238.33267211914062,79000,0.0,0.0
2006-07-27 00:00:00+09:00,241.5533447265625,242.84162923177084,238.97677571614585,241.5533447265625,77000,0.0,0.0
2006-07-28 00:00:00+09:00,241.5533447265625,243.48577148437502,239.62091796875,241.5533447265625,119000,0.0,0.0
2006-07-31 00:00:00+09:00,242.19752502441406,243.48580973199074,239.62095560926073,242.19752502441406,100000,0.0,0.0
2006-08-01 00:00:00+09:00,240.2650991903769,242.19752626161318,237.68852976206188,238.33267211914062,83000,0.0,0.0
2006-08-02 00:00:00+09:00,237.6885219687079,240.26509131254213,237.6885219687079,238.976806640625,32000,0.0,0.0
2006-08-03 00:00:00+09:00,240.26509131254213,241.55337598445925,237.6885219687079,238.976806640625,85000,0.0,0.0
2006-08-04 00:00:00+09:00,238.33267337673314,238.9768157372108,229.95882269052362,234.4678192138672,127000,0.0,0.0
2006-08-07 00:00:00+09:00,228.67046356201172,231.24703216552734,225.4497528076172,226.738037109375,127000,0.0,0.0
2006-08-08 00:00:00+09:00,223.5174019949777,225.4498291015625,220.94083251953126,225.4498291015625,83000,0.0,0.0
2006-08-09 00:00:00+09:00,224.16153025072674,226.0939572356468,216.43182231104652,221.5849609375,121000,0.0,0.0
2006-08-10 00:00:00+09:00,218.36424929596657,222.22910326580669,218.36424929596657,221.5849609375,62000,0.0,0.0
2006-08-11 00:00:00+09:00,221.5850140115489,224.16158394191575,221.5850140115489,222.22915649414062,47000,0.0,0.0
2006-08-14 00:00:00+09:00,225.44982088861656,228.02639027020075,225.44982088861656,227.3822479248047,80000,0.0,0.0
2006-08-15 00:00:00+09:00,229.31467496099285,229.31467496099285,226.73810557940865,227.3822479248047,78000,0.0,0.0
2006-08-16 00:00:00+09:00,228.6705322265625,233.17952863666372,227.38224753796214,228.6705322265625,98000,0.0,0.0
2006-08-17 00:00:00+09:00,229.95880097200612,233.1795124702135,229.95880097200612,231.24708557128906,106000,0.0,0.0
2006-08-18 00:00:00+09:00,232.53540039062503,233.17954277397854,231.24711562391795,232.535400390625,65000,0.0,0.0
2006-08-21 00:00:00+09:00,242.1974800818605,243.48576455038105,235.75605773925784,235.7560577392578,79000,0.0,0.0
2006-08-22 00:00:00+09:00,239.62094116210935,239.62094116210935,237.04437190230172,239.62094116210938,61000,0.0,0.0
2006-08-23 00:00:00+09:00,242.19749475162934,246.062348391283,240.2650679318025,240.90921020507812,157000,0.0,0.0
2006-08-24 00:00:00+09:00,242.8416294374031,242.8416294374031,239.62091817165506,240.2650604248047,50000,0.0,0.0
2006-08-25 00:00:00+09:00,239.62091796875,243.48577148437502,238.33263346354167,241.5533447265625,51000,0.0,0.0
2006-08-28 00:00:00+09:00,242.19747217994296,263.4541652170124,236.4001922607422,236.4001922607422,145000,0.0,0.0
2006-08-29 00:00:00+09:00,238.33268089816994,242.841677563811,234.46782661333475,235.11196899414062,120000,0.0,0.0
2006-08-30 00:00:00+09:00,235.75612722349558,238.33269691992723,233.17955752706393,233.82369995117188,82000,0.0,0.0
2006-08-31 00:00:00+09:00,235.75605004749767,240.9091877534539,235.11190783425315,236.4001922607422,77000,0.0,0.0
2006-09-01 00:00:00+09:00,239.62094897658358,240.26509131254213,237.6885219687079,238.976806640625,63000,0.0,0.0
2006-09-04 00:00:00+09:00,240.9092102050781,243.48577929818055,240.2650679318025,240.90921020507812,69000,0.0,0.0
2006-09-05 00:00:00+09:00,244.7740478515625,247.3506167763158,242.1974789268092,244.7740478515625,79000,0.0,0.0
2006-09-06 00:00:00+09:00,244.77405578451385,246.06234028864287,242.1974867762558,242.8416290283203,63000,0.0,0.0
2006-09-07 00:00:00+09:00,239.62091817165506,244.77405619685194,239.62091817165506,240.2650604248047,65000,0.0,0.0
2006-09-08 00:00:00+09:00,238.33263346354167,242.19748697916668,238.33263346354167,241.5533447265625,127000,0.0,0.0
2006-09-11 00:00:00+09:00,240.26508347706127,242.19751042191697,238.97679884715745,239.62094116210938,70000,0.0,0.0
2006-09-12 00:00:00+09:00,240.265076262518,240.90921855812798,237.04436478446817,237.68850708007812,35000,0.0,0.0
2006-09-13 00:00:00+09:00,237.6885385173641,240.26510804058753,235.11196899414062,235.11196899414062,84000,0.0,0.0
2006-09-14 00:00:00+09:00,235.11196033374682,238.33267211914062,235.11196033374682,238.33267211914062,27000,0.0,0.0
2006-09-15 00:00:00+09:00,240.26508347706127,240.90922579201316,238.33265653220553,239.62094116210938,79000,0.0,0.0
2006-09-18 00:00:00+09:00,239.62094116210935,239.62094116210935,239.62094116210935,239.62094116210938,0,0.0,0.0
2006-09-19 00:00:00+09:00,238.97679884715745,240.26508347706127,237.04437190230172,239.62094116210938,77000,0.0,0.0
2006-09-20 00:00:00+09:00,238.33268089816994,238.33268089816994,233.8236842325289,235.11196899414062,44000,0.0,0.0
2006-09-21 00:00:00+09:00,237.04441833496094,237.68856077608854,235.11199101157808,237.04441833496094,39000,0.0,0.0
2006-09-22 00:00:00+09:00,233.17955752706393,234.46784237527976,231.8912726788481,233.82369995117188,45000,0.0,0.0
2006-09-25 00:00:00+09:00,232.53539213243423,237.04438865577782,232.53539213243423,234.4678192138672,63000,0.0,0.0
2006-09-26 00:00:00+09:00,231.89125103657472,232.5353934005652,229.31468158061276,230.60296630859375,57000,0.0,0.0
2006-09-27 00:00:00+09:00,227.38226132379677,233.17954277397854,227.38226132379677,232.535400390625,99000,0.0,0.0
2006-09-28 00:00:00+09:00,231.89124355797006,233.17952824440323,229.9588165283203,229.9588165283203,55000,0.0,0.0
2006-09-29 00:00:00+09:00,229.95880097200612,232.535370170572,228.67051637272317,231.24708557128906,62000,0.0,0.0
2006-10-02 00:00:00+09:00,229.95880097200612,233.1795124702135,228.0263740730817,231.24708557128906,64000,0.0,0.0
2006-10-03 00:00:00+09:00,231.24710121475346,231.24710121475346,228.67053184188714,229.9588165283203,42000,0.0,0.0
2006-10-04 00:00:00+09:00,231.89117431640625,232.53531646728516,226.0938949584961,226.738037109375,124000,0.0,0.0
2006-10-05 00:00:00+09:00,227.38225407070584,231.89125061035156,227.38225407070584,231.89125061035156,76000,0.0,0.0
2006-10-06 00:00:00+09:00,231.89124355797006,231.89124355797006,229.3146741851037,229.9588165283203,76000,0.0,0.0
2006-10-09 00:00:00+09:00,229.9588165283203,229.9588165283203,229.9588165283203,229.9588165283203,0,0.0,0.0
2006-10-10 00:00:00+09:00,229.9588165283203,231.89124355797006,228.67053184188714,229.9588165283203,48000,0.0,0.0
2006-10-11 00:00:00+09:00,229.95874786376953,230.60289001464844,226.738037109375,226.738037109375,34000,0.0,0.0
2006-10-12 00:00:00+09:00,223.51739423702924,226.73810596955127,223.51739423702924,226.09396362304688,54000,0.0,0.0
2006-10-13 00:00:00+09:00,226.0939628493618,229.95881691516286,226.0939628493618,228.6705322265625,40000,0.0,0.0
2006-10-16 00:00:00+09:00,230.60295887153688,231.24710121475346,228.67053184188714,229.9588165283203,42000,0.0,0.0
2006-10-17 00:00:00+09:00,229.95881691516286,229.95881691516286,228.02638988226232,228.6705322265625,55000,0.0,0.0
2006-10-18 00:00:00+09:00,225.4498291015625,227.3822562081473,224.8056867327009,225.4498291015625,66000,0.0,0.0
2006-10-19 00:00:00+09:00,226.09396323401262,228.67053261559678,224.80567854322052,227.3822479248047,123000,0.0,0.0
2006-10-20 00:00:00+09:00,227.38224753796214,230.602959259463,227.38224753796214,228.6705322265625,65000,0.0,0.0
2006-10-23 00:00:00+09:00,228.02638949867054,230.60295887153688,228.02638949867054,229.9588165283203,30000,0.0,0.0
2006-10-24 00:00:00+09:00,230.60295887153688,232.53538590118663,229.9588165283203,229.9588165283203,114000,0.0,0.0
2006-10-25 00:00:00+09:00,230.602959259463,231.89124394806336,228.6705322265625,228.6705322265625,77000,0.0,0.0
2006-10-26 00:00:00+09:00,227.38224715545397,231.24710121475346,227.38224715545397,229.9588165283203,70000,0.0,0.0
2006-10-27 00:00:00+09:00,229.3146741851037,230.60295887153688,228.02638949867054,229.9588165283203,138000,0.0,0.0
2006-10-30 00:00:00+09:00,229.95874786376953,229.95874786376953,226.738037109375,226.738037109375,144000,0.0,0.0
2006-10-31 00:00:00+09:00,224.16153658353366,228.6705330090645,222.87325189052484,226.09396362304688,98000,0.0,0.0
2006-11-01 00:00:00+09:00,225.4498291015625,226.0939714704241,224.16154436383928,225.4498291015625,27000,0.0,0.0
2006-11-02 00:00:00+09:00,226.7380922379032,227.38223454539727,215.14353070301044,219.65252685546875,275000,0.0,0.0
2006-11-03 00:00:00+09:00,219.65252685546875,219.65252685546875,219.65252685546875,219.65252685546875,0,0.0,0.0
2006-11-06 00:00:00+09:00,216.43181562845686,219.652527170547,216.43181562845686,218.36424255371094,144000,0.0,0.0
2006-11-07 00:00:00+09:00,219.65256581503962,221.5849930802746,217.0759961280597,217.7201385498047,78000,0.0,0.0
2006-11-08 00:00:00+09:00,217.72011975135922,220.29668921587233,204.83727242879357,205.48141479492188,258000,0.0,0.0
2006-11-09 00:00:00+09:00,205.4813850085956,208.0579540996125,200.32824682656187,201.6165313720703,104000,0.0,0.0
2006-11-10 00:00:00+09:00,201.61653211761376,204.19310121815835,197.75167846679688,197.75167846679688,148000,0.0,0.0
2006-11-13 00:00:00+09:00,193.8868408203125,193.8868408203125,193.8868408203125,193.8868408203125,148000,0.0,0.0
2006-11-14 00:00:00+09:00,195.819304821538,200.32830197203396,195.17516237146717,197.1075897216797,155000,0.0,0.0
2006-11-15 00:00:00+09:00,202.9048545543964,202.9048545543964,199.6841425773425,200.97242736816406,95000,0.0,0.0
2006-11-16 00:00:00+09:00,200.9724283589945,201.61657075758103,198.39585876464844,198.39585876464844,53000,0.0,0.0
2006-11-17 00:00:00+09:00,198.39585876464844,200.9724283589945,197.7517163660619,198.39585876464844,96000,0.0,0.0
2006-11-20 00:00:00+09:00,200.32824035038223,200.32824035038223,194.5309600830078,194.5309600830078,106000,0.0,0.0
2006-11-21 00:00:00+09:00,193.24270840348868,194.5309931261786,186.80128479003906,186.80128479003906,121000,0.0,0.0
2006-11-22 00:00:00+09:00,190.02198650498593,195.17512512207028,188.08955952357928,195.1751251220703,86000,0.0,0.0
2006-11-23 00:00:00+09:00,195.17512512207028,195.17512512207028,195.17512512207028,195.1751251220703,0,0.0,0.0
2006-11-24 00:00:00+09:00,198.39585320207985,198.39585320207985,190.02200225523882,192.59857177734375,68000,0.0,0.0
2006-11-27 00:00:00+09:00,193.242705495734,198.39584430895354,193.242705495734,195.81927490234375,52000,0.0,0.0
2006-11-28 00:00:00+09:00,193.88687023725666,197.10758236744365,193.24272781121928,196.46343994140625,83000,0.0,0.0
2006-11-29 00:00:00+09:00,196.46343156888886,198.39585876464844,195.81928917030234,198.39585876464844,45000,0.0,0.0
2006-11-30 00:00:00+09:00,199.6841334997673,206.76969952717843,199.6841334997673,205.48141479492188,160000,0.0,0.0
2006-12-01 00:00:00+09:00,206.1255489373059,207.41383361816406,202.26069489473142,207.41383361816406,58000,0.0,0.0
2006-12-04 00:00:00+09:00,208.70214159243577,208.70214159243577,202.26071746921244,206.76971435546875,69000,0.0,0.0
2006-12-05 00:00:00+09:00,207.41386646829594,207.41386646829594,201.6165844862628,202.26072692871094,96000,0.0,0.0
2006-12-06 00:00:00+09:00,203.54897325303818,203.54897325303818,200.32826165093317,202.9048309326172,80000,0.0,0.0
2006-12-07 00:00:00+09:00,202.26064307896655,202.90478525437726,199.68407437732367,200.32821655273438,65000,0.0,0.0
2006-12-08 00:00:00+09:00,201.61657075758103,202.90485555475408,197.7517163660619,198.39585876464844,131000,0.0,0.0
2006-12-11 00:00:00+09:00,204.83725894076153,204.83725894076153,198.39583570363067,199.03997802734375,128000,0.0,0.0
2006-12-12 00:00:00+09:00,199.04000116323496,200.9724283589945,198.39585876464844,198.39585876464844,58000,0.0,0.0
2006-12-13 00:00:00+09:00,198.39585876464844,198.39585876464844,198.39585876464844,198.39585876464844,58000,0.0,0.0
2006-12-14 00:00:00+09:00,199.04000116323496,199.6841435618215,196.46343156888886,198.39585876464844,116000,0.0,0.0
2006-12-15 00:00:00+09:00,199.68410529220532,199.68410529220532,197.75167846679688,197.75167846679688,114000,0.0,0.0
2006-12-18 00:00:00+09:00,199.03997802734375,200.32826267476992,197.75169337991758,199.03997802734375,71000,0.0,0.0
2006-12-19 00:00:00+09:00,199.68410529220532,199.68410529220532,197.10753619166073,197.75167846679688,55000,0.0,0.0
2006-12-20 00:00:00+09:00,196.46344727160886,197.75173217175055,195.819304821538,197.1075897216797,92000,0.0,0.0
2006-12-21 00:00:00+09:00,195.17512512207028,195.81926744920585,194.53098279493474,195.1751251220703,90000,0.0,0.0
2006-12-22 00:00:00+09:00,196.46343994140625,197.10758236744365,195.17515508933147,196.46343994140625,63000,0.0,0.0
2006-12-25 00:00:00+09:00,195.17510233493832,196.4633868387993,194.5309600830078,194.5309600830078,56000,0.0,0.0
2006-12-26 00:00:00+09:00,195.17512512207028,195.81926744920585,191.95441348639258,195.1751251220703,85000,0.0,0.0
2006-12-27 00:00:00+09:00,196.4634087324914,199.68412035105683,196.4634087324914,199.03997802734375,80000,0.0,0.0
2006-12-28 00:00:00+09:00,199.0400001819317,201.61656976357483,198.39585778652093,200.97242736816406,77000,0.0,0.0
2006-12-29 00:00:00+09:00,200.9723587281451,202.26064307896655,200.32821655273438,200.32821655273438,39000,0.0,0.0
2007-01-04 00:00:00+09:00,204.19308471679688,204.19308471679688,204.19308471679688,204.19308471679688,43000,0.0,0.0
2007-01-05 00:00:00+09:00,204.83728174062875,205.48142413603952,199.6841425773425,200.97242736816406,75000,0.0,0.0
2007-01-09 00:00:00+09:00,201.61651582447135,204.83722693987824,201.61651582447135,204.19308471679688,37000,0.0,0.0
2007-01-10 00:00:00+09:00,204.1930696051987,204.1930696051987,200.32821655273438,200.32821655273438,67000,0.0,0.0
2007-01-11 00:00:00+09:00,199.6841435618215,202.26071315616755,198.39585876464844,198.39585876464844,64000,0.0,0.0
2007-01-12 00:00:00+09:00,200.32825397539742,204.1931077498424,200.32825397539742,203.54896545410156,73000,0.0,0.0
2007-01-15 00:00:00+09:00,206.1255645751953,208.05799174308777,204.83727979660034,206.1255645751953,57000,0.0,0.0
2007-01-16 00:00:00+09:00,206.1255645751953,206.7697069644928,205.48142218589783,206.1255645751953,61000,0.0,0.0
2007-01-17 00:00:00+09:00,206.1255489373059,208.05797595859315,203.54897957558956,207.41383361816406,93000,0.0,0.0
2007-01-18 00:00:00+09:00,205.48139887476117,208.05796813964844,205.48139887476117,208.05796813964844,169000,0.0,0.0
2007-01-19 00:00:00+09:00,209.9903564453125,211.27864084068253,208.05792985225747,209.9903564453125,107000,0.0,0.0
2007-01-22 00:00:00+09:00,211.9228132768111,212.56695556640628,211.27867098721592,212.56695556640625,53000,0.0,0.0
2007-01-23 00:00:00+09:00,209.99044067382812,209.99044067382812,208.05801330566405,209.34629821777344,137000,0.0,0.0
2007-01-24 00:00:00+09:00,209.99038668376645,213.21109813597144,209.34624439332543,211.27867126464844,140000,0.0,0.0
2007-01-25 00:00:00+09:00,211.27867905736335,213.85524831416046,210.63453674316406,210.63453674316406,128000,0.0,0.0
2007-01-26 00:00:00+09:00,212.56696303445406,213.85524765890528,209.9903937855516,213.2111053466797,187000,0.0,0.0
2007-01-29 00:00:00+09:00,214.4993896484375,215.14353195969406,212.5669627146678,214.4993896484375,79000,0.0,0.0
2007-01-30 00:00:00+09:00,213.21109785600143,214.4993824351918,212.56695556640628,212.56695556640625,60000,0.0,0.0
2007-01-31 00:00:00+09:00,212.56695556640628,213.8552401455966,211.9228132768111,212.56695556640625,70000,0.0,0.0
2007-02-01 00:00:00+09:00,211.92282040341124,214.4993896484375,211.92282040341124,214.4993896484375,53000,0.0,0.0
2007-02-02 00:00:00+09:00,213.85523189715485,216.43180095615674,211.92280510290345,215.78765869140625,87000,0.0,0.0
2007-02-05 00:00:00+09:00,216.43180874578968,216.43180874578968,213.2110973061202,215.14352416992188,104000,0.0,0.0
2007-02-06 00:00:00+09:00,213.855224609375,215.78765133777299,213.21108236657568,213.855224609375,90000,0.0,0.0
2007-02-07 00:00:00+09:00,215.1435164266558,216.43180095615674,214.4993741619053,215.78765869140625,111000,0.0,0.0
2007-02-08 00:00:00+09:00,215.78766645785578,216.43180874578968,214.49938188198797,215.14352416992188,60000,0.0,0.0
2007-02-09 00:00:00+09:00,215.14352416992188,216.43180874578968,214.49938188198797,215.14352416992188,95000,0.0,0.0
2007-02-13 00:00:00+09:00,215.14355423336937,216.4318389892578,214.49941185542517,216.4318389892578,98000,0.0,0.0
2007-02-14 00:00:00+09:00,217.72012374514625,218.3642661230905,215.7876966113136,216.4318389892578,99000,0.0,0.0
2007-02-15 00:00:00+09:00,217.7201002452929,218.36424255371094,217.0759579368749,218.36424255371094,71000,0.0,0.0
2007-02-16 00:00:00+09:00,217.7201385498047,218.36428097154968,217.7201385498047,217.7201385498047,66000,0.0,0.0
2007-02-19 00:00:00+09:00,218.3642570117472,223.51739582028404,218.3642570117472,220.94082641601562,98000,0.0,0.0
2007-02-20 00:00:00+09:00,221.58494438559322,230.6029363082627,221.58494438559322,228.0263671875,192000,0.0,0.0
2007-02-21 00:00:00+09:00,229.31468847385736,234.46782754068562,228.67054609050382,232.535400390625,210000,0.0,0.0
2007-02-22 00:00:00+09:00,235.75610393482253,235.75610393482253,231.89124977195658,234.4678192138672,104000,0.0,0.0
2007-02-23 00:00:00+09:00,235.11196033374682,238.33267211914062,235.11196033374682,238.33267211914062,99000,0.0,0.0
2007-02-26 00:00:00+09:00,238.97681447621937,238.97681447621937,236.40024504790435,238.33267211914062,91000,0.0,0.0
2007-02-27 00:00:00+09:00,238.97681447621937,242.19752626161318,238.33267211914062,238.33267211914062,126000,0.0,0.0
2007-02-28 00:00:00+09:00,225.44980487451582,233.1795124702135,219.00838187810106,231.24708557128906,110000,0.0,0.0
2007-03-01 00:00:00+09:00,230.60295887153688,230.60295887153688,228.67053184188714,229.9588165283203,84000,0.0,0.0
2007-03-02 00:00:00+09:00,226.73810596955127,226.73810596955127,225.44982127654248,226.09396362304688,60000,0.0,0.0
2007-03-05 00:00:00+09:00,225.44983088621618,225.44983088621618,219.65254952057063,220.29669189453125,91000,0.0,0.0
2007-03-06 00:00:00+09:00,216.43182231104652,222.22910326580669,216.43182231104652,221.5849609375,105000,0.0,0.0
2007-03-07 00:00:00+09:00,226.0939572356468,226.0939572356468,221.5849609375,221.5849609375,88000,0.0,0.0
2007-03-08 00:00:00+09:00,221.5849609375,221.5849609375,221.5849609375,221.5849609375,88000,0.0,0.0
2007-03-09 00:00:00+09:00,228.67052442572088,234.46780532665466,228.02638210339492,229.31466674804688,136000,0.0,0.0
2007-03-12 00:00:00+09:00,229.95881691516286,231.89124394806336,228.02638988226232,228.6705322265625,74000,0.0,0.0
2007-03-13 00:00:00+09:00,228.6705322265625,228.6705322265625,228.6705322265625,228.6705322265625,136000,0.0,0.0
2007-03-14 00:00:00+09:00,223.517380700433,223.517380700433,219.00838454797469,219.65252685546875,71000,0.0,0.0
2007-03-15 00:00:00+09:00,220.29669189453125,221.5849766424525,219.65254952057063,220.29669189453125,62000,0.0,0.0
2007-03-16 00:00:00+09:00,220.29669189453125,220.29669189453125,220.29669189453125,220.29669189453125,62000,0.0,0.0
2007-03-19 00:00:00+09:00,220.29667628088663,221.5849609375,220.29667628088663,221.5849609375,34000,0.0,0.0
2007-03-20 00:00:00+09:00,222.87324559411337,224.16153025072674,220.94081860919331,221.5849609375,83000,0.0,0.0
2007-03-22 00:00:00+09:00,225.4497528076172,228.67046356201172,224.80561065673828,226.738037109375,56000,0.0,0.0
2007-03-23 00:00:00+09:00,227.38223978106893,229.31466674804688,226.093955136417,229.31466674804688,57000,0.0,0.0
2007-03-26 00:00:00+09:00,229.31466674804688,229.31466674804688,228.67052442572088,229.31466674804688,26000,0.0,0.0
2007-03-27 00:00:00+09:00,224.71522376860253,231.28584434663185,224.71522376860253,228.0005340576172,51000,7.0,0.0
2007-03-28 00:00:00+09:00,224.71524890633518,227.34349743155548,224.0581867750301,226.0293731689453,101000,0.0,0.0
2007-03-29 00:00:00+09:00,226.02937316894534,226.02937316894534,226.02937316894534,226.0293731689453,101000,0.0,0.0
2007-03-30 00:00:00+09:00,224.05812072753906,226.0293065403913,221.4298729770694,224.05812072753906,74000,0.0,0.0
2007-04-02 00:00:00+09:00,219.45873507128022,222.7440454765389,217.487548828125,217.487548828125,125000,0.0,0.0
2007-04-03 00:00:00+09:00,217.48750954485953,218.8016334696019,216.1733856201172,216.1733856201172,50000,0.0,0.0
2007-04-04 00:00:00+09:00,219.4587163350668,220.11577836002212,216.83046823524566,218.14459228515625,50000,0.0,0.0
2007-04-05 00:00:00+09:00,216.83044758248838,218.8016334696019,216.1733856201172,216.1733856201172,82000,0.0,0.0
2007-04-06 00:00:00+09:00,215.51634343858842,216.17340546126704,211.57397130251667,212.2310333251953,45000,0.0,0.0
2007-04-09 00:00:00+09:00,212.2310333251953,212.2310333251953,212.2310333251953,212.2310333251953,45000,0.0,0.0
2007-04-10 00:00:00+09:00,213.54519151012352,214.20225363784698,210.9169429992297,211.57400512695312,99000,0.0,0.0
2007-04-11 00:00:00+09:00,212.88812428058876,213.54518639256588,209.60281372070315,209.60281372070312,52000,0.0,0.0
2007-04-12 00:00:00+09:00,209.60283243431235,211.57401894623376,208.28870809303137,208.94577026367188,57000,0.0,0.0
2007-04-13 00:00:00+09:00,209.60279319859757,210.91691729388657,206.97454500801953,207.63160705566406,48000,0.0,0.0
2007-04-16 00:00:00+09:00,208.94574823379517,211.57399663925173,208.28868613243105,210.25987243652344,47000,0.0,0.0
2007-04-17 00:00:00+09:00,209.60278112017917,209.60278112017917,206.97453308105466,206.9745330810547,27000,0.0,0.0
2007-04-18 00:00:00+09:00,208.28870809303137,210.9169567755933,207.6316459223909,208.94577026367188,27000,0.0,0.0
2007-04-19 00:00:00+09:00,209.60277898365277,209.60277898365277,204.34628295898438,204.34628295898438,68000,0.0,0.0
2007-04-20 00:00:00+09:00,206.97453097131856,206.97453097131856,204.34628295898438,204.34628295898438,32000,0.0,0.0
2007-04-23 00:00:00+09:00,205.00340839460785,206.3175328073938,200.40397294985704,201.06103515625,68000,0.0,0.0
2007-04-24 00:00:00+09:00,205.00338745117188,205.00338745117188,205.00338745117188,205.00338745117188,68000,0.0,0.0
2007-04-25 00:00:00+09:00,204.34633913907138,205.00340132279828,202.37515258789062,202.37515258789062,19000,0.0,0.0
2007-04-26 00:00:00+09:00,201.71804346444125,206.31747768024286,201.71804346444125,205.66041564941406,67000,0.0,0.0
2007-04-27 00:00:00+09:00,205.6604256906817,207.6316118794103,201.71805331322454,203.68923950195312,37000,0.0,0.0
2007-05-01 00:00:00+09:00,203.68923950195312,206.31748775359122,203.68923950195312,203.68923950195312,15000,0.0,0.0
2007-05-02 00:00:00+09:00,203.68924285987435,205.66042908109893,201.0609945649082,203.0321807861328,73000,0.0,0.0
2007-05-07 00:00:00+09:00,208.9457584224665,210.91694482267843,207.63163415565853,208.2886962890625,73000,0.0,0.0
2007-05-08 00:00:00+09:00,218.8016596096665,221.429907773146,218.14459756879666,220.11578369140625,301000,0.0,0.0
2007-05-09 00:00:00+09:00,215.51633559718275,216.83045959472656,215.51633559718275,216.83045959472656,112000,0.0,0.0
2007-05-10 00:00:00+09:00,215.5163760870604,215.5163760870604,214.85931396484372,214.85931396484375,40000,0.0,0.0
2007-05-11 00:00:00+09:00,210.25987583268028,216.17343484047439,208.94575160872603,209.60281372070312,113000,0.0,0.0
2007-05-14 00:00:00+09:00,212.2310333251953,212.2310333251953,210.91690927983805,212.2310333251953,50000,0.0,0.0
2007-05-15 00:00:00+09:00,212.23108111687426,212.23108111687426,207.6316459223909,208.94577026367188,73000,0.0,0.0
2007-05-16 00:00:00+09:00,204.3463253119053,205.66044959043845,203.68926317263873,205.00338745117188,46000,0.0,0.0
2007-05-17 00:00:00+09:00,205.6604579755455,206.9745823076576,204.3463336434334,206.31752014160156,45000,0.0,0.0
2007-05-18 00:00:00+09:00,205.0033449620679,206.317468968235,203.68922095590082,204.34628295898438,73000,0.0,0.0
2007-05-21 00:00:00+09:00,205.00336362777216,205.00336362777216,203.68923950195312,203.68923950195312,22000,0.0,0.0
2007-05-22 00:00:00+09:00,203.68923950195312,203.68923950195312,203.68923950195312,203.68923950195312,22000,0.0,0.0
2007-05-23 00:00:00+09:00,208.28866910330856,212.8881034368201,207.63160705566406,207.63160705566406,109000,0.0,0.0
2007-05-24 00:00:00+09:00,206.97457202225453,208.9457584224665,206.97457202225453,208.2886962890625,36000,0.0,0.0
2007-05-25 00:00:00+09:00,205.00338745117188,205.00338745117188,204.3463253119053,205.00338745117188,30000,0.0,0.0
2007-05-28 00:00:00+09:00,206.31747768024286,206.31747768024286,205.00335361858527,205.66041564941406,15000,0.0,0.0
2007-05-29 00:00:00+09:00,206.97453308105466,206.97453308105466,206.97453308105466,206.9745330810547,14000,0.0,0.0
2007-05-30 00:00:00+09:00,206.31747768024286,206.97453971107166,205.66041564941406,205.66041564941406,17000,0.0,0.0
2007-05-31 00:00:00+09:00,208.28870809303137,209.60283243431235,208.28870809303137,208.94577026367188,27000,0.0,0.0
2007-06-01 00:00:00+09:00,210.25987583268028,211.5740000566345,209.60281372070315,209.60281372070312,49000,0.0,0.0
2007-06-04 00:00:00+09:00,212.23105874061585,213.54518294334414,209.60281033515932,210.25987243652344,51000,0.0,0.0
2007-06-05 00:00:00+09:00,210.91696166992188,213.54521041347232,210.91696166992188,210.91696166992188,66000,0.0,0.0
2007-06-06 00:00:00+09:00,212.8881378173828,212.8881378173828,212.23107566362546,212.8881378173828,38000,0.0,0.0
2007-06-07 00:00:00+09:00,212.23107566362546,212.8881378173828,211.57401350986808,212.8881378173828,29000,0.0,0.0
2007-06-08 00:00:00+09:00,210.91693794465738,210.91693794465738,208.94575160872603,209.60281372070312,103000,0.0,0.0
2007-06-11 00:00:00+09:00,210.25987583268028,210.25987583268028,209.60281372070315,209.60281372070312,34000,0.0,0.0
2007-06-12 00:00:00+09:00,210.2598431299603,210.2598431299603,206.97453308105466,206.9745330810547,35000,0.0,0.0
2007-06-13 00:00:00+09:00,205.0033470517113,206.97453308105466,205.0033470517113,206.9745330810547,22000,0.0,0.0
2007-06-14 00:00:00+09:00,207.63163415565853,208.2886962890625,206.97457202225453,208.2886962890625,24000,0.0,0.0
2007-06-15 00:00:00+09:00,210.2598994840343,210.91696166992188,210.2598994840343,210.91696166992188,39000,0.0,0.0
2007-06-18 00:00:00+09:00,212.2310333251953,212.88809534787393,212.2310333251953,212.2310333251953,22000,0.0,0.0
2007-06-19 00:00:00+09:00,212.23105874061585,212.23105874061585,210.25987243652344,210.25987243652344,33000,0.0,0.0
2007-06-20 00:00:00+09:00,212.2310333251953,213.54515737055254,210.91690927983805,212.2310333251953,37000,0.0,0.0
2007-06-21 00:00:00+09:00,214.2022193932312,214.2022193932312,212.2310333251953,212.2310333251953,25000,0.0,0.0
2007-06-22 00:00:00+09:00,212.88812938240005,212.88812938240005,210.9169429992297,211.57400512695312,33000,0.0,0.0
2007-06-25 00:00:00+09:00,210.25987243652344,210.91693453788758,210.25987243652344,210.25987243652344,30000,0.0,0.0
2007-06-26 00:00:00+09:00,210.25987243652344,210.91693453788758,209.60281033515932,210.25987243652344,32000,0.0,0.0
2007-06-27 00:00:00+09:00,208.28865710061692,208.28865710061692,206.97453308105466,206.9745330810547,32000,0.0,0.0
2007-06-28 00:00:00+09:00,209.60282055587047,209.60282055587047,206.97457202225453,208.2886962890625,53000,0.0,0.0
2007-06-29 00:00:00+09:00,208.94574823379517,210.91693453788758,207.6316240310669,210.25987243652344,67000,0.0,0.0
2007-07-02 00:00:00+09:00,215.51636416195362,216.17342624781324,214.20223999023438,214.20223999023438,137000,0.0,0.0
2007-07-03 00:00:00+09:00,212.8881275981938,216.83050033149368,212.8881275981938,214.85931396484375,30000,0.0,0.0
2007-07-04 00:00:00+09:00,215.5163760870604,216.17343820927704,214.20225184262708,214.85931396484375,37000,0.0,0.0
2007-07-05 00:00:00+09:00,216.83048674707325,217.487548828125,216.1734246660215,217.487548828125,76000,0.0,0.0
2007-07-06 00:00:00+09:00,218.14458359227035,218.80164559104225,215.51633559718275,216.83045959472656,70000,0.0,0.0
2007-07-09 00:00:00+09:00,224.05814920759343,224.05814920759343,221.42990112304688,221.42990112304688,40000,0.0,0.0
2007-07-10 00:00:00+09:00,223.40112990881565,223.40112990881565,220.11581917486248,222.08700561523438,33000,0.0,0.0
2007-07-11 00:00:00+09:00,217.48753026020094,218.14459228515625,217.48753026020094,218.14459228515625,31000,0.0,0.0
2007-07-12 00:00:00+09:00,217.48753026020094,218.14459228515625,216.83046823524566,218.14459228515625,24000,0.0,0.0
2007-07-13 00:00:00+09:00,218.8016334696019,219.45869543197307,216.1733856201172,216.1733856201172,84000,0.0,0.0
2007-07-17 00:00:00+09:00,219.4587163350668,220.11577836002212,218.14459228515625,218.14459228515625,106000,0.0,0.0
2007-07-18 00:00:00+09:00,211.57401010366587,213.54519653320312,211.57401010366587,213.54519653320312,70000,0.0,0.0
2007-07-19 00:00:00+09:00,215.51638296274038,216.17344510591946,210.91694796048677,213.54519653320312,62000,0.0,0.0
2007-07-20 00:00:00+09:00,212.2310672546766,212.88812938240005,210.25988087150623,211.57400512695312,36000,0.0,0.0
2007-07-23 00:00:00+09:00,210.25987243652344,210.91693453788758,210.25987243652344,210.25987243652344,17000,0.0,0.0
2007-07-24 00:00:00+09:00,212.8881378173828,212.8881378173828,212.8881378173828,212.8881378173828,44000,0.0,0.0
2007-07-25 00:00:00+09:00,211.57397130251667,212.2310333251953,211.57397130251667,212.2310333251953,25000,0.0,0.0
2007-07-26 00:00:00+09:00,210.25987583268028,210.91693794465738,209.60281372070315,209.60281372070312,15000,0.0,0.0
2007-07-27 00:00:00+09:00,206.31747768024286,206.31747768024286,205.00335361858527,205.66041564941406,45000,0.0,0.0
2007-07-30 00:00:00+09:00,205.66041564941406,205.66041564941406,204.34629158775644,205.66041564941406,17000,0.0,0.0
2007-07-31 00:00:00+09:00,207.63164447371366,207.63164447371366,205.00339580948946,206.31752014160156,50000,0.0,0.0
2007-08-01 00:00:00+09:00,205.66044959043845,206.31751172970502,205.00338745117188,205.00338745117188,16000,0.0,0.0
2007-08-02 00:00:00+09:00,206.31747768024286,206.31747768024286,205.00335361858527,205.66041564941406,25000,0.0,0.0
2007-08-03 00:00:00+09:00,206.31748296037503,208.28866910330856,206.31748296037503,207.63160705566406,58000,0.0,0.0
2007-08-06 00:00:00+09:00,203.68922955692764,207.63160174190045,201.71804346444125,205.66041564941406,67000,0.0,0.0
2007-08-07 00:00:00+09:00,205.6604256906817,206.31748775359122,203.68923950195312,203.68923950195312,43000,0.0,0.0
2007-08-08 00:00:00+09:00,199.08984375000003,200.40396813118812,199.08984375000003,199.08984375,50000,0.0,0.0
2007-08-09 00:00:00+09:00,182.00622212801048,187.26271951798913,181.34915995426314,182.6632843017578,346000,0.0,0.0
2007-08-10 00:00:00+09:00,185.94857113486842,187.91975740131576,183.97738486842104,187.2626953125,134000,0.0,0.0
2007-08-13 00:00:00+09:00,190.54799221791197,191.20505426004271,189.89093017578125,189.89093017578125,60000,0.0,0.0
2007-08-14 00:00:00+09:00,189.2338681336505,189.89093017578125,189.2338681336505,189.89093017578125,26000,0.0,0.0
2007-08-15 00:00:00+09:00,189.23386281687064,189.23386281687064,187.91973876953125,187.91973876953125,44000,0.0,0.0
2007-08-16 00:00:00+09:00,182.66326228550503,183.97738647460938,182.00620019095285,183.97738647460938,83000,0.0,0.0
2007-08-17 00:00:00+09:00,183.9773863619984,187.26269683274836,178.06382751464844,178.06382751464844,82000,0.0,0.0
2007-08-20 00:00:00+09:00,178.06383432154317,178.06383432154317,176.09264796374012,176.7497100830078,83000,0.0,0.0
2007-08-21 00:00:00+09:00,176.74972189444082,178.06384622079352,176.74972189444082,177.4067840576172,96000,0.0,0.0
2007-08-22 00:00:00+09:00,176.0926088483146,176.7496708216292,175.435546875,175.435546875,53000,0.0,0.0
2007-08-23 00:00:00+09:00,175.435546875,176.0926088483146,174.12142292837078,175.435546875,132000,0.0,0.0
2007-08-24 00:00:00+09:00,175.435546875,175.435546875,175.435546875,175.435546875,132000,0.0,0.0
2007-08-27 00:00:00+09:00,176.7496708216292,176.7496708216292,174.77848490168537,175.435546875,48000,0.0,0.0
2007-08-28 00:00:00+09:00,177.40671414047927,177.40671414047927,176.09259033203125,176.09259033203125,29000,0.0,0.0
2007-08-29 00:00:00+09:00,175.435546875,175.435546875,174.12142292837078,175.435546875,59000,0.0,0.0
2007-08-30 00:00:00+09:00,174.77848490168537,176.0926088483146,174.77848490168537,175.435546875,30000,0.0,0.0
2007-08-31 00:00:00+09:00,174.7785170438985,178.06382751464844,174.7785170438985,178.06382751464844,54000,0.0,0.0
2007-09-03 00:00:00+09:00,181.34911778859714,182.66324183054348,181.34911778859714,182.0061798095703,23000,0.0,0.0
2007-09-04 00:00:00+09:00,182.6632843017578,183.32034647550512,180.03503560676847,182.6632843017578,35000,0.0,0.0
2007-09-05 00:00:00+09:00,181.3491345573874,184.63444496603572,178.72088623046875,178.72088623046875,42000,0.0,0.0
2007-09-06 00:00:00+09:00,178.06383432154317,180.6920827986139,176.09264796374012,176.7497100830078,45000,0.0,0.0
2007-09-07 00:00:00+09:00,176.74972189444082,178.72090838396988,176.09265973126446,177.4067840576172,21000,0.0,0.0
2007-09-10 00:00:00+09:00,178.06384622079352,179.37797054714625,176.74972189444082,177.4067840576172,30000,0.0,0.0
2007-09-11 00:00:00+09:00,176.09265973126446,178.72090838396988,176.09265973126446,177.4067840576172,33000,0.0,0.0
2007-09-12 00:00:00+09:00,177.40673279494382,178.72085674157302,175.435546875,175.435546875,26000,0.0,0.0
2007-09-13 00:00:00+09:00,173.46437072753906,174.12143273787066,173.46437072753906,173.46437072753906,44000,0.0,0.0
2007-09-14 00:00:00+09:00,173.46437072753906,173.46437072753906,173.46437072753906,173.46437072753906,44000,0.0,0.0
2007-09-18 00:00:00+09:00,173.46437072753906,174.12143273787066,173.46437072753906,173.46437072753906,67000,0.0,0.0
2007-09-19 00:00:00+09:00,176.09259033203125,176.74965223625526,174.77846652358326,176.09259033203125,43000,0.0,0.0
2007-09-20 00:00:00+09:00,179.37797054714625,179.37797054714625,177.4067840576172,177.4067840576172,23000,0.0,0.0
2007-09-21 00:00:00+09:00,178.72090838396988,178.72090838396988,176.74972189444082,177.4067840576172,20000,0.0,0.0
2007-09-25 00:00:00+09:00,180.03496175737524,180.03496175737524,176.09259033203125,176.09259033203125,38000,0.0,0.0
2007-09-26 00:00:00+09:00,177.40676206700942,180.03501039392808,177.40676206700942,178.72088623046875,21000,0.0,0.0
2007-09-27 00:00:00+09:00,183.3203176944814,185.29150390625,181.34913148271278,185.29150390625,35000,0.0,0.0
2007-09-28 00:00:00+09:00,188.57682633147223,189.89095055677865,185.94857788085938,185.94857788085938,40000,0.0,0.0
2007-10-01 00:00:00+09:00,185.9485727582659,188.57682113647462,183.97738647460938,183.97738647460938,52000,0.0,0.0
2007-10-02 00:00:00+09:00,188.57684326171875,189.23390543336237,187.26271891843152,188.57684326171875,35000,0.0,0.0
2007-10-03 00:00:00+09:00,187.91973876953125,188.57680079320093,185.2914906748525,187.91973876953125,19000,0.0,0.0
2007-10-04 00:00:00+09:00,187.9197776582506,189.8909641371833,187.9197776582506,189.23390197753906,15000,0.0,0.0
2007-10-05 00:00:00+09:00,189.89093017578125,191.20505426004271,189.89093017578125,189.89093017578125,29000,0.0,0.0
2007-10-09 00:00:00+09:00,191.20504431528587,193.1762303391548,191.20504431528587,191.8621063232422,12000,0.0,0.0
2007-10-10 00:00:00+09:00,191.86211630217343,193.83330242856562,189.2338681336505,189.89093017578125,33000,0.0,0.0
2007-10-11 00:00:00+09:00,187.26271951798913,187.26271951798913,180.6920977805158,182.6632843017578,241000,0.0,0.0
2007-10-12 00:00:00+09:00,185.29150390625,186.6056280474291,183.97737976507094,185.29150390625,127000,0.0,0.0
2007-10-15 00:00:00+09:00,185.94856597683955,186.6056280474291,183.97737976507094,185.29150390625,46000,0.0,0.0
2007-10-16 00:00:00+09:00,183.97736587248986,183.97736587248986,182.0061798095703,182.0061798095703,46000,0.0,0.0
2007-10-17 00:00:00+09:00,180.69205040479227,182.0061744077362,179.37792640184833,180.0349884033203,25000,0.0,0.0
2007-10-18 00:00:00+09:00,180.69205576762394,182.66324183054348,180.69205576762394,182.0061798095703,23000,0.0,0.0
2007-10-19 00:00:00+09:00,181.34911240626425,181.34911240626425,180.0349884033203,180.0349884033203,23000,0.0,0.0
2007-10-22 00:00:00+09:00,177.40677220227548,177.40677220227548,175.43558584447243,176.7497100830078,35000,0.0,0.0
2007-10-23 00:00:00+09:00,179.37796020507812,179.37796020507812,179.37796020507812,179.37796020507812,35000,0.0,0.0
2007-10-24 00:00:00+09:00,179.37796020507812,179.37796020507812,179.37796020507812,179.37796020507812,35000,0.0,0.0
2007-10-25 00:00:00+09:00,178.72088960879844,178.72088960879844,178.06382751464844,178.06382751464844,35000,0.0,0.0
2007-10-26 00:00:00+09:00,179.37792640184833,180.0349884033203,179.37792640184833,180.0349884033203,35000,0.0,0.0
2007-10-29 00:00:00+09:00,183.97740864925245,184.6344708229998,181.34915995426314,182.6632843017578,65000,0.0,0.0
2007-10-30 00:00:00+09:00,180.0349884033203,180.0349884033203,180.0349884033203,180.0349884033203,65000,0.0,0.0
2007-10-31 00:00:00+09:00,181.3491668701172,181.3491668701172,179.3779802737029,181.3491668701172,18000,0.0,0.0
2007-11-01 00:00:00+09:00,180.69210467131242,182.00622906892198,180.69210467131242,181.3491668701172,44000,0.0,0.0
2007-11-02 00:00:00+09:00,180.69208445566477,180.69208445566477,178.72089807978477,179.37796020507812,25000,0.0,0.0
2007-11-05 00:00:00+09:00,172.80733760514582,172.80733760514582,162.2943436823993,164.92259216308594,205000,0.0,0.0
2007-11-06 00:00:00+09:00,164.92259216308594,164.92259216308594,164.92259216308594,164.92259216308594,205000,0.0,0.0
2007-11-07 00:00:00+09:00,162.95139900582737,162.95139900582737,160.32315063476562,160.32315063476562,92000,0.0,0.0
2007-11-08 00:00:00+09:00,156.38080181652987,156.38080181652987,155.066677431517,155.72373962402344,40000,0.0,0.0
2007-11-09 00:00:00+09:00,155.72370577259224,156.38076782226562,155.72370577259224,156.38076782226562,40000,0.0,0.0
2007-11-12 00:00:00+09:00,156.38079027352353,156.38079027352353,149.15310668945312,149.15310668945312,40000,0.0,0.0
2007-11-13 00:00:00+09:00,147.18190337724215,147.18190337724215,146.52484130859375,146.52484130859375,46000,0.0,0.0
2007-11-14 00:00:00+09:00,149.15308808443837,149.81015014648438,149.15308808443837,149.81015014648438,46000,0.0,0.0
2007-11-15 00:00:00+09:00,151.78135013580322,151.78135013580322,145.2107289178031,147.18191528320312,113000,0.0,0.0
2007-11-16 00:00:00+09:00,146.52481402147995,146.52481402147995,145.8677520751953,145.8677520751953,113000,0.0,0.0
2007-11-19 00:00:00+09:00,143.89662170410156,143.89662170410156,143.89662170410156,143.89662170410156,113000,0.0,0.0
2007-11-20 00:00:00+09:00,136.01188422149085,139.2971954345703,136.01188422149085,139.2971954345703,113000,0.0,0.0
2007-11-21 00:00:00+09:00,142.58247714572482,142.58247714572482,136.01185607910156,136.01185607910156,113000,0.0,0.0
2007-11-22 00:00:00+09:00,135.35482197887492,139.2971954345703,135.35482197887492,139.2971954345703,51000,0.0,0.0
2007-11-26 00:00:00+09:00,142.58249596884085,143.23955816224566,138.64012280841206,141.26837158203125,131000,0.0,0.0
2007-11-27 00:00:00+09:00,139.29714839249712,142.58245849609375,139.29714839249712,142.58245849609375,51000,0.0,0.0
2007-11-28 00:00:00+09:00,145.86778434820934,148.49603271484375,145.86778434820934,148.49603271484375,51000,0.0,0.0
2007-11-29 00:00:00+09:00,149.81015014648438,149.81015014648438,149.81015014648438,149.81015014648438,51000,0.0,0.0
2007-11-30 00:00:00+09:00,153.7525177001953,153.7525177001953,153.7525177001953,153.7525177001953,51000,0.0,0.0
2007-12-03 00:00:00+09:00,152.43839361728766,153.7525177001953,152.43839361728766,153.7525177001953,51000,0.0,0.0
2007-12-04 00:00:00+09:00,150.46721220853036,150.46721220853036,149.81015014648438,149.81015014648438,51000,0.0,0.0
2007-12-05 00:00:00+09:00,147.18190189830042,149.81015014648438,147.18190189830042,149.81015014648438,51000,0.0,0.0
2007-12-06 00:00:00+09:00,149.81015014648438,149.81015014648438,149.81015014648438,149.81015014648438,51000,0.0,0.0
2007-12-07 00:00:00+09:00,144.55367696770713,145.2107391357422,144.55367696770713,145.2107391357422,51000,0.0,0.0
2007-12-10 00:00:00+09:00,145.21070657897107,145.21070657897107,142.58245849609375,142.58245849609375,51000,0.0,0.0
2007-12-11 00:00:00+09:00,143.239523852313,143.239523852313,141.92539978027344,141.92539978027344,51000,0.0,0.0
2007-12-12 00:00:00+09:00,141.92539647537444,142.58245849609375,141.92539647537444,142.58245849609375,51000,0.0,0.0
2007-12-13 00:00:00+09:00,141.9253944074604,141.9253944074604,139.95420837402344,139.95420837402344,51000,0.0,0.0
2007-12-14 00:00:00+09:00,137.32597688528207,137.32597688528207,136.66891479492188,136.66891479492188,51000,0.0,0.0
2007-12-17 00:00:00+09:00,136.6689114365281,137.3259735107422,136.6689114365281,137.3259735107422,51000,0.0,0.0
2007-12-18 00:00:00+09:00,136.01185607910156,136.66891818576389,135.35479397243924,136.01185607910156,118000,0.0,0.0
2007-12-19 00:00:00+09:00,136.01185270456168,136.66891479492188,136.01185270456168,136.66891479492188,51000,0.0,0.0
2007-12-20 00:00:00+09:00,133.38361625671385,133.38361625671385,131.4124298095703,131.4124298095703,51000,0.0,0.0
2007-12-21 00:00:00+09:00,131.4124298095703,131.4124298095703,131.4124298095703,131.4124298095703,51000,0.0,0.0
2007-12-25 00:00:00+09:00,133.38360595703125,133.38360595703125,132.06948176041024,133.38360595703125,73000,0.0,0.0
2007-12-26 00:00:00+09:00,134.6977318657769,136.01185607910156,134.6977318657769,136.01185607910156,55000,0.0,0.0
2007-12-27 00:00:00+09:00,134.04066975911456,136.01185607910156,134.04066975911456,136.01185607910156,55000,0.0,0.0
2007-12-28 00:00:00+09:00,136.01185607910156,136.01185607910156,136.01185607910156,136.01185607910156,55000,0.0,0.0
2008-01-04 00:00:00+09:00,130.0983123779297,130.0983123779297,130.0983123779297,130.0983123779297,55000,0.0,0.0
2008-01-07 00:00:00+09:00,128.1270694732666,128.1270694732666,126.1558837890625,126.1558837890625,55000,0.0,0.0
2008-01-08 00:00:00+09:00,125.49887084960938,125.49887084960938,125.49887084960938,125.49887084960938,55000,0.0,0.0
2008-01-09 00:00:00+09:00,125.49887084960938,125.49887084960938,125.49887084960938,125.49887084960938,55000,0.0,0.0
2008-01-10 00:00:00+09:00,128.1271202205994,128.1271202205994,126.81299591064453,126.81299591064453,55000,0.0,0.0
2008-01-11 00:00:00+09:00,127.47003936767577,127.47003936767577,127.47003936767577,127.47003936767578,55000,0.0,0.0
2008-01-15 00:00:00+09:00,128.1271143162504,128.1271143162504,123.52767944335938,123.52767944335938,55000,0.0,0.0
2008-01-16 00:00:00+09:00,122.21356829968127,124.84181708031959,118.27119512872382,119.58531951904297,261000,0.0,0.0
2008-01-17 00:00:00+09:00,121.55649306926321,123.52767944335938,121.55649306926321,123.52767944335938,261000,0.0,0.0
2008-01-18 00:00:00+09:00,122.2135124206543,126.81294568379721,122.2135124206543,126.1558837890625,100000,0.0,0.0
2008-01-21 00:00:00+09:00,126.15593998015872,126.15593998015872,124.18475341796874,124.18475341796875,100000,0.0,0.0
2008-01-22 00:00:00+09:00,124.84180286366454,124.84180286366454,122.21355438232423,122.21355438232422,100000,0.0,0.0
2008-01-23 00:00:00+09:00,126.81299591064453,126.81299591064453,126.81299591064453,126.81299591064453,100000,0.0,0.0
2008-01-24 00:00:00+09:00,133.38358414812788,135.3547701207603,133.38358414812788,134.6977081298828,101000,0.0,0.0
2008-01-25 00:00:00+09:00,136.6689114365281,137.3259735107422,136.6689114365281,137.3259735107422,66000,0.0,0.0
2008-01-28 00:00:00+09:00,135.3547794200756,141.92539978027344,135.3547794200756,141.92539978027344,66000,0.0,0.0
2008-01-29 00:00:00+09:00,139.2971954345703,139.2971954345703,139.2971954345703,139.2971954345703,66000,0.0,0.0
2008-01-30 00:00:00+09:00,139.2971516361943,141.92539978027344,139.2971516361943,141.92539978027344,66000,0.0,0.0
2008-01-31 00:00:00+09:00,145.8677910396031,149.8101637704032,145.8677910396031,147.18191528320312,151000,0.0,0.0
2008-02-01 00:00:00+09:00,147.18190853152655,148.49603271484375,147.18190853152655,148.49603271484375,151000,0.0,0.0
2008-02-04 00:00:00+09:00,149.81015014648438,149.81015014648438,149.81015014648438,149.81015014648438,151000,0.0,0.0
2008-02-05 00:00:00+09:00,147.83896544589055,147.83896544589055,146.52484130859375,146.52484130859375,151000,0.0,0.0
2008-02-06 00:00:00+09:00,141.26832908559066,141.26832908559066,140.61126708984375,140.61126708984375,151000,0.0,0.0
2008-02-07 00:00:00+09:00,140.6112703851691,140.6112703851691,139.95420837402344,139.95420837402344,151000,0.0,0.0
2008-02-08 00:00:00+09:00,138.64010274351523,138.64010274351523,133.38360595703125,133.38360595703125,151000,0.0,0.0
2008-02-12 00:00:00+09:00,124.18474156805809,124.84180369275681,123.52767944335938,123.52767944335938,355000,0.0,0.0
2008-02-13 00:00:00+09:00,125.49887084960938,125.49887084960938,125.49887084960938,125.49887084960938,355000,0.0,0.0
2008-02-14 00:00:00+09:00,132.72653198242188,132.72653198242188,132.72653198242188,132.72653198242188,355000,0.0,0.0
2008-02-15 00:00:00+09:00,136.66890620259403,136.66890620259403,135.3547821044922,135.3547821044922,74000,0.0,0.0
2008-02-18 00:00:00+09:00,135.3547658332716,138.64007568359375,135.3547658332716,138.64007568359375,74000,0.0,0.0
2008-02-19 00:00:00+09:00,137.32600870672263,139.2971954345703,137.32600870672263,139.2971954345703,74000,0.0,0.0
2008-02-20 00:00:00+09:00,137.32599071427887,137.32599071427887,134.04067993164062,134.04067993164062,74000,0.0,0.0
2008-02-21 00:00:00+09:00,136.66889511536215,140.61126708984375,136.66889511536215,140.61126708984375,74000,0.0,0.0
2008-02-22 00:00:00+09:00,136.01185607910156,136.66891818576389,135.35479397243924,136.01185607910156,74000,0.0,0.0
2008-02-25 00:00:00+09:00,138.64009765917035,139.29715973338443,136.6689114365281,137.3259735107422,164000,0.0,0.0
2008-02-26 00:00:00+09:00,137.32596825164498,137.32596825164498,135.3547821044922,135.3547821044922,164000,0.0,0.0
2008-02-27 00:00:00+09:00,135.35479225196275,135.35479225196275,133.38360595703125,133.38360595703125,164000,0.0,0.0
2008-02-28 00:00:00+09:00,131.40913787445248,132.06948852539062,131.40913787445248,132.06948852539062,164000,0.0,0.0
2008-02-29 00:00:00+09:00,131.4124298095703,132.06949195861816,131.4124298095703,131.4124298095703,114000,0.0,0.0
2008-03-03 00:00:00+09:00,131.41240928378807,131.41240928378807,129.44122314453125,129.44122314453125,114000,0.0,0.0
2008-03-04 00:00:00+09:00,131.41240928378807,131.41240928378807,129.44122314453125,129.44122314453125,114000,0.0,0.0
2008-03-05 00:00:00+09:00,130.0983123779297,130.7553745616566,130.0983123779297,130.0983123779297,60000,0.0,0.0
2008-03-06 00:00:00+09:00,132.06949195861816,132.06949195861816,131.4124298095703,131.4124298095703,87000,0.0,0.0
2008-03-07 00:00:00+09:00,130.0982851909502,130.0982851909502,129.44122314453125,129.44122314453125,87000,0.0,0.0
2008-03-10 00:00:00+09:00,128.12710142627205,128.78416348486832,127.47003936767577,127.47003936767578,120000,0.0,0.0
2008-03-11 00:00:00+09:00,127.47002845177283,128.12709045410156,127.47002845177283,128.12709045410156,120000,0.0,0.0
2008-03-12 00:00:00+09:00,130.0982851909502,130.0982851909502,129.44122314453125,129.44122314453125,120000,0.0,0.0
2008-03-13 00:00:00+09:00,124.18475341796874,124.8418156053654,124.18475341796874,124.18475341796875,94000,0.0,0.0
2008-03-14 00:00:00+09:00,118.92822369851702,120.24234771728516,118.92822369851702,120.24234771728516,94000,0.0,0.0
2008-03-17 00:00:00+09:00,120.8994120279948,120.8994120279948,118.27116394042969,118.27116394042969,94000,0.0,0.0
2008-03-18 00:00:00+09:00,118.27115959295347,118.27115959295347,117.61409759521484,117.61409759521484,94000,0.0,0.0
2008-03-19 00:00:00+09:00,117.61410191853841,118.27116394042969,117.61410191853841,118.27116394042969,94000,0.0,0.0
2008-03-21 00:00:00+09:00,119.58532018246859,120.89944458007812,119.58532018246859,120.89944458007812,94000,0.0,0.0
2008-03-24 00:00:00+09:00,120.8994042707637,122.87059020996094,120.8994042707637,122.87059020996094,94000,0.0,0.0
2008-03-25 00:00:00+09:00,124.1847271969444,124.84178924560547,124.1847271969444,124.84178924560547,94000,0.0,0.0
2008-03-26 00:00:00+09:00,126.2061996459961,126.88839531975825,125.52400397223396,126.2061996459961,49000,7.0,0.0
2008-03-27 00:00:00+09:00,124.8417739868164,124.8417739868164,124.8417739868164,124.8417739868164,49000,0.0,0.0
2008-03-28 00:00:00+09:00,124.84181383822828,128.25279235839844,124.84181383822828,128.25279235839844,49000,0.0,0.0
2008-03-31 00:00:00+09:00,127.5705698895198,127.5705698895198,124.15959208498718,126.88837432861328,42000,0.0,0.0
2008-04-01 00:00:00+09:00,125.52398681640625,125.52398681640625,125.52398681640625,125.52398681640625,42000,0.0,0.0
2008-04-02 00:00:00+09:00,125.5239851844502,127.57057189941406,125.5239851844502,127.57057189941406,42000,0.0,0.0
2008-04-03 00:00:00+09:00,126.88838026258681,128.93496704101562,126.88838026258681,128.93496704101562,42000,0.0,0.0
2008-04-04 00:00:00+09:00,128.25278095446134,129.61717224121094,128.25278095446134,129.61717224121094,42000,0.0,0.0
2008-04-07 00:00:00+09:00,128.25276545042632,128.25276545042632,126.88837432861328,126.88837432861328,42000,0.0,0.0
2008-04-08 00:00:00+09:00,128.93496101133286,129.61715657223937,126.88837432861328,126.88837432861328,94000,0.0,0.0
2008-04-09 00:00:00+09:00,128.25277144820603,128.93496704101562,128.25277144820603,128.93496704101562,41000,0.0,0.0
2008-04-10 00:00:00+09:00,128.93495266254132,128.93495266254132,124.15958404541016,124.15958404541016,41000,0.0,0.0
2008-04-11 00:00:00+09:00,124.8417739868164,124.8417739868164,124.15957850054964,124.8417739868164,48000,0.0,0.0
2008-04-14 00:00:00+09:00,124.8417739868164,124.8417739868164,124.8417739868164,124.8417739868164,48000,0.0,0.0
2008-04-15 00:00:00+09:00,126.2061823969302,126.2061823969302,125.52398681640625,125.52398681640625,48000,0.0,0.0
2008-04-16 00:00:00+09:00,125.52400397223396,126.2061996459961,125.52400397223396,126.2061996459961,48000,0.0,0.0
2008-04-17 00:00:00+09:00,127.5705698895198,127.5705698895198,126.88837432861328,126.88837432861328,48000,0.0,0.0
2008-04-18 00:00:00+09:00,126.88837632775943,127.57057189941406,126.88837632775943,127.57057189941406,48000,0.0,0.0
2008-04-21 00:00:00+09:00,128.93497659783614,129.61717224121094,128.93497659783614,129.61717224121094,48000,0.0,0.0
2008-04-22 00:00:00+09:00,128.93498806243247,128.93498806243247,128.25279235839844,128.25279235839844,48000,0.0,0.0
2008-04-23 00:00:00+09:00,129.61717224121094,129.61717224121094,129.61717224121094,129.61717224121094,48000,0.0,0.0
2008-04-24 00:00:00+09:00,130.29936788458573,130.29936788458573,128.93497659783614,129.61717224121094,55000,0.0,0.0
2008-04-25 00:00:00+09:00,130.9815616904145,131.66375732421875,130.9815616904145,131.66375732421875,55000,0.0,0.0
2008-04-28 00:00:00+09:00,133.71036711562104,134.39256286621094,133.71036711562104,134.39256286621094,55000,0.0,0.0
2008-04-30 00:00:00+09:00,134.39253625917672,135.75692749023438,134.39253625917672,135.75692749023438,55000,0.0,0.0
2008-05-01 00:00:00+09:00,135.75692749023438,135.75692749023438,135.75692749023438,135.75692749023438,55000,0.0,0.0
2008-05-02 00:00:00+09:00,133.71033115579624,136.43911342428189,133.71033115579624,135.07472229003906,48000,0.0,0.0
2008-05-07 00:00:00+09:00,135.07472229003906,135.07472229003906,135.07472229003906,135.07472229003906,48000,0.0,0.0
2008-05-08 00:00:00+09:00,136.4391326904297,137.12132835388184,135.75693702697754,136.4391326904297,92000,0.0,0.0
2008-05-09 00:00:00+09:00,137.80348205566406,137.80348205566406,137.80348205566406,137.80348205566406,92000,0.0,0.0
2008-05-12 00:00:00+09:00,135.07472229003906,135.75691785716046,135.07472229003906,135.07472229003906,53000,0.0,0.0
2008-05-13 00:00:00+09:00,135.0747413635254,137.12132835388184,135.0747413635254,136.4391326904297,41000,0.0,0.0
2008-05-14 00:00:00+09:00,138.48567751138518,139.16787296710626,137.12128659994295,137.80348205566406,119000,0.0,0.0
2008-05-15 00:00:00+09:00,137.80348205566406,138.48567751138518,137.12128659994295,137.80348205566406,75000,0.0,0.0
2008-05-16 00:00:00+09:00,137.61962988069234,137.80348205566406,137.61962988069234,137.80348205566406,75000,0.0,0.0
2008-05-19 00:00:00+09:00,137.80350693575855,138.48570251464844,137.80350693575855,138.48570251464844,75000,0.0,0.0
2008-05-20 00:00:00+09:00,137.80350693575855,139.16789809353833,137.80350693575855,138.48570251464844,28000,0.0,0.0
2008-05-21 00:00:00+09:00,137.12130737304688,137.12130737304688,137.12130737304688,137.12130737304688,28000,0.0,0.0
2008-05-22 00:00:00+09:00,137.12132835388184,137.12132835388184,136.4391326904297,136.4391326904297,28000,0.0,0.0
2008-05-23 00:00:00+09:00,137.1213205298599,137.1213205298599,133.71034240722656,133.71034240722656,28000,0.0,0.0
2008-05-26 00:00:00+09:00,132.345943291982,132.345943291982,130.98155212402344,130.98155212402344,28000,0.0,0.0
2008-05-27 00:00:00+09:00,135.75691785716046,135.75691785716046,135.07472229003906,135.07472229003906,28000,0.0,0.0
2008-05-28 00:00:00+09:00,135.07472562789917,136.43911679585773,130.29935654004413,130.98155212402344,69000,0.0,0.0
2008-05-29 00:00:00+09:00,134.39252672291764,135.07472229003906,134.39252672291764,135.07472229003906,69000,0.0,0.0
2008-05-30 00:00:00+09:00,134.39256286621094,134.39256286621094,134.39256286621094,134.39256286621094,69000,0.0,0.0
2008-06-02 00:00:00+09:00,133.0281450281191,135.75692749023438,133.0281450281191,135.75692749023438,69000,0.0,0.0
2008-06-03 00:00:00+09:00,133.71036930674128,133.71036930674128,131.66378202143403,132.34597778320312,46000,0.0,0.0
2008-06-04 00:00:00+09:00,133.02813558867484,135.07472229003906,133.02813558867484,135.07472229003906,46000,0.0,0.0
2008-06-05 00:00:00+09:00,132.3459494125903,135.75692749023438,132.3459494125903,135.75692749023438,45000,0.0,0.0
2008-06-06 00:00:00+09:00,137.12130737304688,137.12130737304688,137.12130737304688,137.12130737304688,45000,0.0,0.0
2008-06-09 00:00:00+09:00,135.75695436739073,135.75695436739073,134.39256286621094,134.39256286621094,50000,0.0,0.0
2008-06-10 00:00:00+09:00,139.1678956927675,139.1678956927675,135.07472229003906,135.07472229003906,50000,0.0,0.0
2008-06-11 00:00:00+09:00,135.07473187470555,135.75692749023438,135.07473187470555,135.75692749023438,50000,0.0,0.0
2008-06-12 00:00:00+09:00,139.16789645593144,140.53228759765625,139.16789645593144,140.53228759765625,50000,0.0,0.0
2008-06-13 00:00:00+09:00,135.75692749023438,135.75692749023438,135.75692749023438,135.75692749023438,50000,0.0,0.0
2008-06-16 00:00:00+09:00,137.12131135686866,138.48570251464844,135.75692019908885,138.48570251464844,119000,0.0,0.0
2008-06-17 00:00:00+09:00,139.16789405025654,139.16789405025654,137.12130737304688,137.12130737304688,119000,0.0,0.0
2008-06-18 00:00:00+09:00,137.12132835388184,137.12132835388184,136.4391326904297,136.4391326904297,44000,0.0,0.0
2008-06-19 00:00:00+09:00,134.39256286621094,134.39256286621094,134.39256286621094,134.39256286621094,44000,0.0,0.0
2008-06-20 00:00:00+09:00,135.07475861680084,135.07475861680084,134.39256286621094,134.39256286621094,39000,0.0,0.0
2008-06-23 00:00:00+09:00,133.71034240722656,134.39253803175322,133.71034240722656,133.71034240722656,51000,0.0,0.0
2008-06-24 00:00:00+09:00,134.39252672291764,135.07472229003906,134.39252672291764,135.07472229003906,19000,0.0,0.0
2008-06-25 00:00:00+09:00,135.07472069583721,137.12130737304688,135.07472069583721,137.12130737304688,76000,0.0,0.0
2008-06-26 00:00:00+09:00,137.80351433682083,137.80351433682083,135.75692749023438,135.75692749023438,23000,0.0,0.0
2008-06-27 00:00:00+09:00,134.39256286621094,134.39256286621094,134.39256286621094,134.39256286621094,23000,0.0,0.0
2008-06-30 00:00:00+09:00,133.71033115579624,135.07472229003906,133.71033115579624,135.07472229003906,23000,0.0,0.0
2008-07-01 00:00:00+09:00,137.121318721292,137.121318721292,135.75692749023438,135.75692749023438,23000,0.0,0.0
2008-07-02 00:00:00+09:00,135.75695436739073,135.75695436739073,134.39256286621094,134.39256286621094,23000,0.0,0.0
2008-07-03 00:00:00+09:00,134.39252672291764,135.07472229003906,134.39252672291764,135.07472229003906,23000,0.0,0.0
2008-07-04 00:00:00+09:00,135.0747336562799,135.0747336562799,133.71034240722656,133.71034240722656,23000,0.0,0.0
2008-07-07 00:00:00+09:00,134.39252672291764,135.07472229003906,134.39252672291764,135.07472229003906,23000,0.0,0.0
2008-07-08 00:00:00+09:00,133.02817354497222,133.02817354497222,132.34597778320312,132.34597778320312,20000,0.0,0.0
2008-07-09 00:00:00+09:00,134.39253985943571,134.39253985943571,131.66375732421875,131.66375732421875,20000,0.0,0.0
2008-07-10 00:00:00+09:00,131.66374941225405,131.66374941225405,128.93496704101562,128.93496704101562,20000,0.0,0.0
2008-07-11 00:00:00+09:00,128.93496704101562,128.93496704101562,128.93496704101562,128.93496704101562,20000,0.0,0.0
2008-07-14 00:00:00+09:00,130.29937744140625,130.29937744140625,129.61718174799574,130.29937744140625,78000,0.0,0.0
2008-07-15 00:00:00+09:00,133.02817354497222,133.02817354497222,131.66378202143403,132.34597778320312,95000,0.0,0.0
2008-07-16 00:00:00+09:00,130.29937744140625,130.29937744140625,130.29937744140625,130.29937744140625,15000,0.0,0.0
2008-07-17 00:00:00+09:00,129.61716095606485,130.98155212402344,129.61716095606485,130.98155212402344,15000,0.0,0.0
2008-07-18 00:00:00+09:00,128.9349630427233,128.9349630427233,126.20618075610481,127.57057189941406,30000,0.0,0.0
2008-07-22 00:00:00+09:00,127.57057189941406,127.57057189941406,127.57057189941406,127.57057189941406,30000,0.0,0.0
2008-07-23 00:00:00+09:00,131.66375732421875,131.66375732421875,131.66375732421875,131.66375732421875,30000,0.0,0.0
2008-07-24 00:00:00+09:00,136.43911181397698,137.12130737304688,135.7569162549071,137.12130737304688,88000,0.0,0.0
2008-07-25 00:00:00+09:00,134.39251294258315,134.39251294258315,133.0281219482422,133.0281219482422,88000,0.0,0.0
2008-07-28 00:00:00+09:00,133.02817354497222,133.02817354497222,132.34597778320312,132.34597778320312,21000,0.0,0.0
2008-07-29 00:00:00+09:00,130.98157313481676,130.98157313481676,130.29937744140625,130.29937744140625,21000,0.0,0.0
2008-07-30 00:00:00+09:00,132.34595115817322,133.71034240722656,132.34595115817322,133.71034240722656,21000,0.0,0.0
2008-07-31 00:00:00+09:00,135.75692749023438,135.75692749023438,135.75692749023438,135.75692749023438,21000,0.0,0.0
2008-08-01 00:00:00+09:00,135.7569311270442,135.7569311270442,131.66375732421875,131.66375732421875,21000,0.0,0.0
2008-08-04 00:00:00+09:00,129.61718174799574,131.66376882822726,128.93498605458524,130.29937744140625,23000,0.0,0.0
2008-08-05 00:00:00+09:00,130.29936605661027,131.66375732421875,130.29936605661027,131.66375732421875,23000,0.0,0.0
2008-08-06 00:00:00+09:00,133.02813558867484,135.07472229003906,133.02813558867484,135.07472229003906,23000,0.0,0.0
2008-08-07 00:00:00+09:00,131.66375732421875,131.66375732421875,131.66375732421875,131.66375732421875,23000,0.0,0.0
2008-08-08 00:00:00+09:00,130.29936605661027,131.66375732421875,130.29936605661027,131.66375732421875,17000,0.0,0.0
2008-08-11 00:00:00+09:00,132.34597778320312,132.34597778320312,132.34597778320312,132.34597778320312,17000,0.0,0.0
2008-08-12 00:00:00+09:00,133.0281388759613,133.0281388759613,130.98155212402344,130.98155212402344,17000,0.0,0.0
2008-08-13 00:00:00+09:00,130.9815476940524,130.9815476940524,126.88837432861328,126.88837432861328,17000,0.0,0.0
2008-08-14 00:00:00+09:00,126.88840095033038,128.25279235839844,126.88840095033038,128.25279235839844,17000,0.0,0.0
2008-08-15 00:00:00+09:00,126.20616495934992,126.20616495934992,124.8417739868164,124.8417739868164,17000,0.0,0.0
2008-08-18 00:00:00+09:00,129.61715861437793,129.61715861437793,126.88837632775943,127.57057189941406,23000,0.0,0.0
2008-08-19 00:00:00+09:00,124.84181605386472,124.84181605386472,123.47742462158203,123.47742462158203,23000,0.0,0.0
2008-08-20 00:00:00+09:00,122.7952289054407,123.47742462158203,122.11303318929936,123.47742462158203,18000,0.0,0.0
2008-08-21 00:00:00+09:00,124.15958404541016,124.15958404541016,124.15958404541016,124.15958404541016,18000,0.0,0.0
2008-08-22 00:00:00+09:00,124.15959565535836,125.52398681640625,124.15959565535836,125.52398681640625,18000,0.0,0.0
2008-08-25 00:00:00+09:00,125.52399838096218,129.61717224121094,125.52399838096218,129.61717224121094,18000,0.0,0.0
2008-08-26 00:00:00+09:00,123.47739846948633,127.57057189941406,123.47739846948633,127.57057189941406,18000,0.0,0.0
2008-08-27 00:00:00+09:00,126.2061823969302,126.2061823969302,124.84179123588231,125.52398681640625,10000,0.0,0.0
2008-08-28 00:00:00+09:00,124.15958404541016,124.15958404541016,124.15958404541016,124.15958404541016,10000,0.0,0.0
2008-08-29 00:00:00+09:00,124.15959404114096,127.57057189941406,124.15959404114096,127.57057189941406,10000,0.0,0.0
2008-09-01 00:00:00+09:00,127.57059099352038,127.57059099352038,126.2061996459961,126.2061996459961,10000,0.0,0.0
2008-09-02 00:00:00+09:00,125.52397507887619,125.52397507887619,124.15958404541016,124.15958404541016,10000,0.0,0.0
2008-09-03 00:00:00+09:00,127.5705698895198,127.5705698895198,126.88837432861328,126.88837432861328,10000,0.0,0.0
2008-09-04 00:00:00+09:00,126.88837797745414,126.88837797745414,125.52398681640625,125.52398681640625,10000,0.0,0.0
2008-09-05 00:00:00+09:00,122.1130073261771,128.2527674710687,121.43081175452247,127.57057189941406,56000,0.0,0.0
2008-09-08 00:00:00+09:00,128.25278666728252,128.25278666728252,126.2061996459961,126.2061996459961,52000,0.0,0.0
2008-09-09 00:00:00+09:00,125.52398320680024,126.88837432861328,125.52398320680024,126.88837432861328,52000,0.0,0.0
2008-09-10 00:00:00+09:00,126.88837432861328,127.5705698895198,125.52398320680024,126.88837432861328,31000,0.0,0.0
2008-09-11 00:00:00+09:00,125.52396947308316,125.52396947308316,124.8417739868164,124.8417739868164,20000,0.0,0.0
2008-09-12 00:00:00+09:00,124.15962033772338,124.15962033772338,123.47742462158203,123.47742462158203,71000,0.0,0.0
2008-09-16 00:00:00+09:00,123.4774410269853,123.4774410269853,118.0198745727539,118.0198745727539,71000,0.0,0.0
2008-09-17 00:00:00+09:00,117.33763525951868,118.7020263671875,117.33763525951868,118.7020263671875,71000,0.0,0.0
2008-09-18 00:00:00+09:00,124.8417739868164,124.8417739868164,124.8417739868164,124.8417739868164,71000,0.0,0.0
2008-09-19 00:00:00+09:00,127.57059307312697,127.57059307312697,121.43083190917969,121.43083190917969,71000,0.0,0.0
2008-09-22 00:00:00+09:00,123.47737672593858,123.47737672593858,122.79518127441406,122.79518127441406,71000,0.0,0.0
2008-09-24 00:00:00+09:00,122.7952289054407,124.84181605386472,120.74864175701669,123.47742462158203,49000,0.0,0.0
2008-09-25 00:00:00+09:00,123.47739362986074,123.47739362986074,120.74861145019531,120.74861145019531,49000,0.0,0.0
2008-09-26 00:00:00+09:00,118.7020512631065,118.7020512631065,116.65546417236328,116.65546417236328,87000,0.0,0.0
2008-09-29 00:00:00+09:00,118.7020587158203,119.3842544555664,118.7020587158203,119.3842544555664,87000,0.0,0.0
2008-09-30 00:00:00+09:00,113.92668138470566,116.65546417236328,113.92668138470566,116.65546417236328,87000,0.0,0.0
2008-10-01 00:00:00+09:00,115.29104859801544,118.7020263671875,115.29104859801544,118.7020263671875,87000,0.0,0.0
2008-10-02 00:00:00+09:00,118.01983081335308,119.3842219210219,115.97324415184985,118.7020263671875,52000,0.0,0.0
2008-10-03 00:00:00+09:00,118.7020263671875,118.7020263671875,118.7020263671875,118.7020263671875,52000,0.0,0.0
2008-10-06 00:00:00+09:00,118.01985375277968,118.01985375277968,113.2444839477539,113.2444839477539,52000,0.0,0.0
2008-10-07 00:00:00+09:00,106.42252708343139,113.92667963418616,105.74033139699914,113.2444839477539,57000,0.0,0.0
2008-10-08 00:00:00+09:00,101.64715192107117,101.64715192107117,100.28276062011719,100.28276062011719,57000,0.0,0.0
2008-10-09 00:00:00+09:00,96.18956960758692,96.87176513671874,96.18956960758692,96.87176513671875,57000,0.0,0.0
2008-10-10 00:00:00+09:00,96.87177354707492,96.87177354707492,86.63883972167969,86.63883972167969,57000,0.0,0.0
2008-10-14 00:00:00+09:00,101.64716365419585,101.64716365419585,98.91838073730469,98.91838073730469,77000,0.0,0.0
2008-10-15 00:00:00+09:00,101.64713287353516,101.64713287353516,101.64713287353516,101.64713287353516,77000,0.0,0.0
2008-10-16 00:00:00+09:00,92.09641060462364,92.09641060462364,88.68543243408203,88.68543243408203,77000,0.0,0.0
2008-10-17 00:00:00+09:00,93.46077859223779,93.46077859223779,90.04980127135319,91.41419219970703,76000,0.0,0.0
2008-10-20 00:00:00+09:00,91.41420429774692,95.5073776245117,91.41420429774692,95.50737762451172,76000,0.0,0.0
2008-10-21 00:00:00+09:00,99.60055139329698,99.60055139329698,98.23616027832031,98.23616027832031,76000,0.0,0.0
2008-10-22 00:00:00+09:00,96.18958464912747,96.18958464912747,94.14299774169922,94.14299774169922,76000,0.0,0.0
2008-10-23 00:00:00+09:00,92.77861942805296,96.1895980834961,92.09642369696434,96.1895980834961,51000,0.0,0.0
2008-10-24 00:00:00+09:00,93.46078491210938,93.46078491210938,93.46078491210938,93.46078491210938,51000,0.0,0.0
2008-10-27 00:00:00+09:00,93.46079591940378,93.46079591940378,89.36762237548828,89.36762237548828,51000,0.0,0.0
2008-10-28 00:00:00+09:00,89.3676286672617,107.78691091165915,87.32104175121754,105.0581283569336,87000,0.0,0.0
2008-10-29 00:00:00+09:00,105.74033157734932,107.78691864013673,105.74033157734932,107.78691864013672,51000,0.0,0.0
2008-10-30 00:00:00+09:00,114.60887532061841,114.60887532061841,113.2444839477539,113.2444839477539,51000,0.0,0.0
2008-10-31 00:00:00+09:00,113.2444839477539,113.2444839477539,113.2444839477539,113.2444839477539,51000,0.0,0.0
2008-11-04 00:00:00+09:00,113.24450392530144,118.0198745727539,113.24450392530144,118.0198745727539,60000,0.0,0.0
2008-11-05 00:00:00+09:00,118.0198131137424,122.79518127441406,118.0198131137424,122.79518127441406,60000,0.0,0.0
2008-11-06 00:00:00+09:00,126.20617876770676,126.88837432861328,126.20617876770676,126.88837432861328,60000,0.0,0.0
2008-11-07 00:00:00+09:00,124.84180829847182,126.2061996459961,124.84180829847182,126.2061996459961,60000,0.0,0.0
2008-11-10 00:00:00+09:00,127.57057189941406,128.2527674710687,127.57057189941406,127.57057189941406,68000,0.0,0.0
2008-11-11 00:00:00+09:00,124.84179123588231,125.52398681640625,124.84179123588231,125.52398681640625,68000,0.0,0.0
2008-11-12 00:00:00+09:00,124.84177956214317,124.84177956214317,124.15958404541016,124.15958404541016,78000,0.0,0.0
2008-11-13 00:00:00+09:00,122.79520449431047,125.52398681640625,122.79520449431047,125.52398681640625,78000,0.0,0.0
2008-11-14 00:00:00+09:00,125.5239851844502,127.57057189941406,125.5239851844502,127.57057189941406,78000,0.0,0.0
2008-11-17 00:00:00+09:00,126.20620524629635,128.25279235839844,126.20620524629635,128.25279235839844,78000,0.0,0.0
2008-11-18 00:00:00+09:00,128.25276978810626,130.98155212402344,128.25276978810626,130.98155212402344,78000,0.0,0.0
2008-11-19 00:00:00+09:00,131.66375553364657,133.71034240722656,131.66375553364657,133.71034240722656,78000,0.0,0.0
2008-11-20 00:00:00+09:00,133.71035799067073,133.71035799067073,128.25279235839844,128.25279235839844,78000,0.0,0.0
2008-11-21 00:00:00+09:00,128.25276978810626,130.98155212402344,128.25276978810626,130.98155212402344,78000,0.0,0.0
2008-11-25 00:00:00+09:00,130.98158411326142,134.39256286621094,130.98158411326142,134.39256286621094,252000,0.0,0.0
2008-11-26 00:00:00+09:00,133.02813558867484,135.07472229003906,133.02813558867484,135.07472229003906,252000,0.0,0.0
2008-11-27 00:00:00+09:00,135.07473187470555,135.75692749023438,135.07473187470555,135.75692749023438,252000,0.0,0.0
2008-11-28 00:00:00+09:00,135.75689568850072,137.80348205566406,135.75689568850072,137.80348205566406,252000,0.0,0.0
2008-12-01 00:00:00+09:00,137.80350135354436,139.1678924560547,137.80350135354436,139.1678924560547,252000,0.0,0.0
2008-12-02 00:00:00+09:00,139.1678956927675,139.1678956927675,135.07472229003906,135.07472229003906,252000,0.0,0.0
2008-12-03 00:00:00+09:00,135.0747002327796,137.80348205566406,135.0747002327796,137.80348205566406,252000,0.0,0.0
2008-12-04 00:00:00+09:00,137.121318721292,137.121318721292,135.75692749023438,135.75692749023438,252000,0.0,0.0
2008-12-05 00:00:00+09:00,135.75691662039807,135.75691662039807,126.88837432861328,126.88837432861328,252000,0.0,0.0
2008-12-08 00:00:00+09:00,126.88836044561667,126.88836044561667,124.8417739868164,124.8417739868164,252000,0.0,0.0
2008-12-09 00:00:00+09:00,125.52397507887619,125.52397507887619,124.15958404541016,124.15958404541016,252000,0.0,0.0
2008-12-10 00:00:00+09:00,124.15957850054964,124.8417739868164,124.15957850054964,124.8417739868164,252000,0.0,0.0
2008-12-11 00:00:00+09:00,123.47741695094753,126.2061996459961,123.47741695094753,126.2061996459961,252000,0.0,0.0
2008-12-12 00:00:00+09:00,126.2061823969302,126.2061823969302,125.52398681640625,125.52398681640625,252000,0.0,0.0
2008-12-15 00:00:00+09:00,127.57058352139329,131.66375732421875,127.57058352139329,131.66375732421875,252000,0.0,0.0
2008-12-16 00:00:00+09:00,125.52400601847788,125.52400601847788,121.43083190917969,121.43083190917969,31000,0.0,0.0
2008-12-17 00:00:00+09:00,125.52396308051215,125.52396308051215,122.79518127441406,122.79518127441406,26000,0.0,0.0
2008-12-18 00:00:00+09:00,126.20617876770676,126.88837432861328,126.20617876770676,126.88837432861328,71000,0.0,0.0
2008-12-19 00:00:00+09:00,126.88836611234224,126.88836611234224,124.15958404541016,124.15958404541016,25000,0.0,0.0
2008-12-22 00:00:00+09:00,122.11298582288954,122.79518127441406,122.11298582288954,122.79518127441406,56000,0.0,0.0
2008-12-24 00:00:00+09:00,121.430790371365,122.79518127441406,121.430790371365,122.79518127441406,45000,0.0,0.0
2008-12-25 00:00:00+09:00,120.74861145019531,120.74861145019531,120.74861145019531,120.74861145019531,8000,0.0,0.0
2008-12-26 00:00:00+09:00,120.06643676757812,120.06643676757812,119.38424110412598,120.06643676757812,14000,0.0,0.0
2008-12-29 00:00:00+09:00,121.43080699511167,122.11300254002803,120.74861145019531,120.74861145019531,39000,0.0,0.0
2008-12-30 00:00:00+09:00,120.74863622429666,121.43083190917969,120.74863622429666,121.43083190917969,15000,0.0,0.0
2009-01-05 00:00:00+09:00,121.43083190917969,121.43083190917969,121.43083190917969,121.43083190917969,7000,0.0,0.0
2009-01-06 00:00:00+09:00,120.0664501953125,120.0664501953125,119.3842544555664,119.3842544555664,37000,0.0,0.0
2009-01-07 00:00:00+09:00,120.06641747485631,120.06641747485631,118.7020263671875,118.7020263671875,30000,0.0,0.0
2009-01-08 00:00:00+09:00,116.6554508652798,117.33764648437501,116.6554508652798,117.337646484375,26000,0.0,0.0
2009-01-09 00:00:00+09:00,118.0198745727539,118.0198745727539,118.0198745727539,118.0198745727539,34000,0.0,0.0
2009-01-13 00:00:00+09:00,114.60886186611152,115.29105747245742,113.92666625976562,113.92666625976562,64000,0.0,0.0
2009-01-14 00:00:00+09:00,114.60886186611152,114.60886186611152,113.24447065341973,113.92666625976562,38000,0.0,0.0
2009-01-15 00:00:00+09:00,112.56227111816406,112.56227111816406,112.56227111816406,112.56227111816406,122000,0.0,0.0
2009-01-16 00:00:00+09:00,112.56228826132165,113.2444839477539,112.56228826132165,113.2444839477539,32000,0.0,0.0
2009-01-19 00:00:00+09:00,111.88007153470092,113.24446265097777,109.83348486028567,111.1978759765625,25000,0.0,0.0
2009-01-20 00:00:00+09:00,111.19788930445543,111.19788930445543,110.5156936645508,110.51569366455078,16000,0.0,0.0
2009-01-21 00:00:00+09:00,107.78690510411415,107.78690510411415,105.74031829833983,105.74031829833984,62000,0.0,0.0
2009-01-22 00:00:00+09:00,105.74033541557115,106.42253112792969,105.74033541557115,106.42253112792969,16000,0.0,0.0
2009-01-23 00:00:00+09:00,104.37591496409986,104.37591496409986,101.64713287353516,101.64713287353516,28000,0.0,0.0
2009-01-26 00:00:00+09:00,102.32934570312501,103.01154134114584,101.64715006510417,102.329345703125,37000,0.0,0.0
2009-01-27 00:00:00+09:00,102.32934570312501,102.32934570312501,102.32934570312501,102.329345703125,36000,0.0,0.0
2009-01-28 00:00:00+09:00,103.01154134114584,103.01154134114584,102.32934570312501,102.329345703125,25000,0.0,0.0
2009-01-29 00:00:00+09:00,102.32932894837622,104.37591552734375,102.32932894837622,104.37591552734375,38000,0.0,0.0
2009-01-30 00:00:00+09:00,104.3759326171875,104.3759326171875,102.32934570312501,102.329345703125,50000,0.0,0.0
2009-02-02 00:00:00+09:00,103.01152244367097,103.69371795654297,103.01152244367097,103.69371795654297,16000,0.0,0.0
2009-02-03 00:00:00+09:00,103.69372000102123,104.37591552734375,103.69372000102123,104.37591552734375,18000,0.0,0.0
2009-02-04 00:00:00+09:00,104.37591346941495,104.37591346941495,103.01152244367097,103.69371795654297,26000,0.0,0.0
2009-02-05 00:00:00+09:00,105.05813404253334,107.10472106933594,105.05813404253334,107.10472106933594,49000,0.0,0.0
2009-02-06 00:00:00+09:00,107.10472684028821,107.10472684028821,106.42253112792969,106.42253112792969,18000,0.0,0.0
2009-02-09 00:00:00+09:00,107.78692255264673,107.78692255264673,106.42253112792969,106.42253112792969,25000,0.0,0.0
2009-02-10 00:00:00+09:00,106.42249516078404,115.9732319059826,103.69371323358445,114.60884094238281,13000,0.0,0.0
2009-02-12 00:00:00+09:00,105.74033541557115,106.42253112792969,105.74033541557115,106.42253112792969,8000,0.0,0.0
2009-02-13 00:00:00+09:00,107.78689776726488,108.46909332275389,106.42250665628684,108.4690933227539,28000,0.0,0.0
2009-02-16 00:00:00+09:00,116.65546417236328,116.65546417236328,116.65546417236328,116.65546417236328,45000,0.0,0.0
2009-02-17 00:00:00+09:00,110.51569747924805,110.51569747924805,109.15130615234375,109.15130615234375,13000,0.0,0.0
2009-02-18 00:00:00+09:00,107.78691482543945,111.88008880615234,107.78691482543945,111.88008880615234,13000,0.0,0.0
2009-02-19 00:00:00+09:00,112.56228633180878,115.29106903076172,112.56228633180878,115.29106903076172,18000,0.0,0.0
2009-02-20 00:00:00+09:00,113.92666625976562,113.92666625976562,113.92666625976562,113.92666625976562,24000,0.0,0.0
2009-02-23 00:00:00+09:00,110.51568437056108,112.56227111816406,110.51568437056108,112.56227111816406,29000,0.0,0.0
2009-02-24 00:00:00+09:00,113.24446265097777,113.24446265097777,111.1978759765625,111.1978759765625,38000,0.0,0.0
2009-02-25 00:00:00+09:00,111.8800590151832,114.6088409423828,111.8800590151832,114.60884094238281,19000,0.0,0.0
2009-02-26 00:00:00+09:00,113.92667186407397,113.92667186407397,110.5156936645508,110.51569366455078,21000,0.0,0.0
2009-02-27 00:00:00+09:00,109.15127708798363,114.6088409423828,109.15127708798363,114.60884094238281,19000,0.0,0.0
2009-03-02 00:00:00+09:00,114.60884507123163,115.97323608398438,114.60884507123163,115.97323608398438,23000,0.0,0.0
2009-03-03 00:00:00+09:00,113.92667963418616,113.92667963418616,113.2444839477539,113.2444839477539,16000,0.0,0.0
2009-03-04 00:00:00+09:00,110.51569747924805,111.88008880615234,110.51569747924805,111.88008880615234,38000,0.0,0.0
2009-03-05 00:00:00+09:00,114.6088733560235,115.29106903076172,114.6088733560235,115.29106903076172,43000,0.0,0.0
2009-03-06 00:00:00+09:00,112.56228446960449,112.56228446960449,111.88008880615234,111.88008880615234,37000,0.0,0.0
2009-03-09 00:00:00+09:00,111.88007553562974,112.56227111816406,111.88007553562974,112.56227111816406,32000,0.0,0.0
2009-03-10 00:00:00+09:00,111.19788930445543,111.19788930445543,110.5156936645508,110.51569366455078,40000,0.0,0.0
2009-03-11 00:00:00+09:00,111.1978931427002,111.88008880615234,111.1978931427002,111.88008880615234,25000,0.0,0.0
2009-03-12 00:00:00+09:00,111.88007553562974,112.56227111816406,111.88007553562974,112.56227111816406,24000,0.0,0.0
2009-03-13 00:00:00+09:00,115.97325307880332,115.97325307880332,113.92666625976562,113.92666625976562,97000,0.0,0.0
2009-03-16 00:00:00+09:00,113.9266454605829,114.6088409423828,113.9266454605829,114.60884094238281,50000,0.0,0.0
2009-03-17 00:00:00+09:00,113.2444839477539,113.2444839477539,113.2444839477539,113.2444839477539,30000,0.0,0.0
2009-03-18 00:00:00+09:00,115.97325307880332,115.97325307880332,113.92666625976562,113.92666625976562,27000,0.0,0.0
2009-03-19 00:00:00+09:00,113.24444997878301,114.6088409423828,113.24444997878301,114.60884094238281,25000,0.0,0.0
2009-03-23 00:00:00+09:00,116.65548295919606,118.0198745727539,116.65548295919606,118.0198745727539,49000,0.0,0.0
2009-03-24 00:00:00+09:00,122.79518127441406,122.79518127441406,122.79518127441406,122.79518127441406,63000,0.0,0.0
2009-03-25 00:00:00+09:00,125.52398681640625,125.52398681640625,125.52398681640625,125.52398681640625,56000,0.0,0.0
2009-03-26 00:00:00+09:00,125.52397155761719,125.52397155761719,125.52397155761719,125.52397155761719,50000,7.0,0.0
2009-03-27 00:00:00+09:00,125.52400203233354,126.2331771850586,125.52400203233354,126.2331771850586,25000,0.0,0.0
2009-03-30 00:00:00+09:00,126.94236807686943,126.94236807686943,124.10566711425783,124.10566711425781,39000,0.0,0.0
2009-03-31 00:00:00+09:00,121.97811889648438,121.97811889648438,121.97811889648438,121.97811889648438,35000,0.0,0.0
2009-04-01 00:00:00+09:00,122.68729400634766,122.68729400634766,121.97811889648438,121.97811889648438,21000,0.0,0.0
2009-04-02 00:00:00+09:00,126.2331771850586,126.2331771850586,126.2331771850586,126.2331771850586,22000,0.0,0.0
2009-04-03 00:00:00+09:00,125.52397155761719,125.52397155761719,125.52397155761719,125.52397155761719,32000,0.0,0.0
2009-04-06 00:00:00+09:00,125.52400211854413,125.52400211854413,124.10565181211992,124.81482696533203,19000,0.0,0.0
2009-04-07 00:00:00+09:00,124.81482718841374,124.81482718841374,121.26895141601562,121.26895141601562,26000,0.0,0.0
2009-04-08 00:00:00+09:00,120.55976104736328,121.26893611234777,118.43223585240982,120.55976104736328,27000,0.0,0.0
2009-04-09 00:00:00+09:00,122.6873245239258,122.6873245239258,122.6873245239258,122.68732452392578,26000,0.0,0.0
2009-04-10 00:00:00+09:00,122.68729400634766,122.68729400634766,121.97811889648438,121.97811889648438,9000,0.0,0.0
2009-04-13 00:00:00+09:00,122.68731663295202,124.10566711425783,121.97814139229911,124.10566711425781,16000,0.0,0.0
2009-04-14 00:00:00+09:00,123.39649187360492,124.10566711425783,123.39649187360492,124.10566711425781,35000,0.0,0.0
2009-04-15 00:00:00+09:00,124.10562159651417,125.52397155761719,124.10562159651417,125.52397155761719,18000,0.0,0.0
2009-04-16 00:00:00+09:00,128.3606948852539,128.3606948852539,126.94234466552734,126.94234466552734,23000,0.0,0.0
2009-04-17 00:00:00+09:00,126.9423215187202,126.9423215187202,125.52397155761719,125.52397155761719,7000,0.0,0.0
2009-04-20 00:00:00+09:00,122.68731663295202,124.10566711425783,122.68731663295202,124.10566711425781,18000,0.0,0.0
2009-04-21 00:00:00+09:00,119.14141845703125,119.85059356689453,119.14141845703125,119.85059356689453,30000,0.0,0.0
2009-04-22 00:00:00+09:00,117.72309112548828,117.72309112548828,117.72309112548828,117.72309112548828,20000,0.0,0.0
2009-04-23 00:00:00+09:00,117.01390066546595,118.4322509765625,117.01390066546595,118.4322509765625,39000,0.0,0.0
2009-04-24 00:00:00+09:00,120.55977653734611,120.55977653734611,117.01390075683594,117.01390075683594,32000,0.0,0.0
2009-04-27 00:00:00+09:00,120.55974551609584,121.97809546334403,119.14139556884766,119.14139556884766,27000,0.0,0.0
2009-04-28 00:00:00+09:00,121.26895169344814,121.26895169344814,117.01390075683594,117.01390075683594,32000,0.0,0.0
2009-04-30 00:00:00+09:00,118.43226637323218,119.14144162097608,117.72309112548828,117.72309112548828,16000,0.0,0.0
2009-05-01 00:00:00+09:00,119.85057955202849,132.61573003685993,118.43222949815834,130.4882049560547,172000,0.0,0.0
2009-05-07 00:00:00+09:00,136.16162109375,137.57997131347656,136.16162109375,137.57997131347656,118000,0.0,0.0
2009-05-08 00:00:00+09:00,136.8708038330078,136.8708038330078,136.8708038330078,136.8708038330078,17000,0.0,0.0
2009-05-11 00:00:00+09:00,136.87083357602813,139.70753479003906,136.87083357602813,139.70753479003906,29000,0.0,0.0
2009-05-12 00:00:00+09:00,139.7074966430664,139.7074966430664,137.57997131347656,137.57997131347656,34000,0.0,0.0
2009-05-13 00:00:00+09:00,136.16162109375,137.57997131347656,136.16162109375,137.57997131347656,24000,0.0,0.0
2009-05-14 00:00:00+09:00,135.45243048160634,135.45243048160634,133.3249053955078,133.3249053955078,28000,0.0,0.0
2009-05-15 00:00:00+09:00,133.32491298410343,133.32491298410343,132.61573791503906,132.61573791503906,26000,0.0,0.0
2009-05-18 00:00:00+09:00,129.7790297623519,129.7790297623519,129.06985473632812,129.06985473632812,21000,0.0,0.0
2009-05-19 00:00:00+09:00,131.90656276393582,131.90656276393582,131.1973876953125,131.1973876953125,16000,0.0,0.0
2009-05-20 00:00:00+09:00,134.74327087402344,134.74327087402344,134.74327087402344,134.74327087402344,20000,0.0,0.0
2009-05-21 00:00:00+09:00,137.57997131347656,137.57997131347656,137.57997131347656,137.57997131347656,25000,0.0,0.0
2009-05-22 00:00:00+09:00,134.7432631222322,134.7432631222322,132.61573791503906,132.61573791503906,16000,0.0,0.0
2009-05-25 00:00:00+09:00,134.74327087402344,134.74327087402344,134.74327087402344,134.74327087402344,35000,0.0,0.0
2009-05-26 00:00:00+09:00,138.28915421251227,138.28915421251227,135.45245361328125,135.45245361328125,28000,0.0,0.0
2009-05-27 00:00:00+09:00,132.6157303668083,133.3249053955078,132.6157303668083,133.3249053955078,23000,0.0,0.0
2009-05-28 00:00:00+09:00,133.3249052314348,133.3249052314348,131.90655517578125,131.90655517578125,47000,0.0,0.0
2009-05-29 00:00:00+09:00,129.77903747558594,129.77903747558594,129.77903747558594,129.77903747558594,23000,0.0,0.0
2009-06-01 00:00:00+09:00,129.06985506447413,131.90655517578125,129.06985506447413,131.90655517578125,21000,0.0,0.0
2009-06-02 00:00:00+09:00,131.9065553381088,133.3249053955078,131.9065553381088,133.3249053955078,17000,0.0,0.0
2009-06-03 00:00:00+09:00,134.74325545290682,134.74325545290682,133.3249053955078,133.3249053955078,13000,0.0,0.0
2009-06-04 00:00:00+09:00,131.9065628459747,132.61573791503906,131.9065628459747,132.61573791503906,11000,0.0,0.0
2009-06-05 00:00:00+09:00,133.3249052314348,133.3249052314348,131.90655517578125,131.90655517578125,12000,0.0,0.0
2009-06-08 00:00:00+09:00,134.74326320426175,134.74326320426175,134.03408813476562,134.03408813476562,8000,0.0,0.0
2009-06-09 00:00:00+09:00,136.161628763089,136.161628763089,135.45245361328125,135.45245361328125,28000,0.0,0.0
2009-06-10 00:00:00+09:00,136.161628683614,136.8708038330078,136.161628683614,136.8708038330078,9000,0.0,0.0
2009-06-11 00:00:00+09:00,141.12584686279297,141.12584686279297,137.57997131347656,137.57997131347656,23000,0.0,0.0
2009-06-12 00:00:00+09:00,145.3808820365679,145.3808820365679,141.8350068649443,143.25335693359375,119000,0.0,0.0
2009-06-15 00:00:00+09:00,151.0543212890625,151.76349650638204,150.34514607174296,151.0543212890625,94000,0.0,0.0
2009-06-16 00:00:00+09:00,146.09006481265547,148.92676510027985,142.544189453125,142.544189453125,64000,0.0,0.0
2009-06-17 00:00:00+09:00,144.67170700224318,144.67170700224318,142.54418189926903,143.25335693359375,21000,0.0,0.0
2009-06-18 00:00:00+09:00,142.5442047885914,142.5442047885914,140.41667934398555,141.1258544921875,14000,0.0,0.0
2009-06-19 00:00:00+09:00,138.28915413179547,138.28915413179547,136.8708038330078,136.8708038330078,30000,0.0,0.0
2009-06-22 00:00:00+09:00,139.7075041957836,143.25337993679335,139.7075041957836,141.1258544921875,26000,0.0,0.0
2009-06-23 00:00:00+09:00,138.28914642333984,138.99832153320312,138.28914642333984,138.99832153320312,36000,0.0,0.0
2009-06-24 00:00:00+09:00,141.8350372314453,143.96256278991697,141.8350372314453,141.8350372314453,67000,0.0,0.0
2009-06-25 00:00:00+09:00,145.3808899662921,148.9267653313236,142.54418967426687,146.7992401123047,40000,0.0,0.0
2009-06-26 00:00:00+09:00,148.92678847679724,148.92678847679724,144.67173737746018,147.50843811035156,14000,0.0,0.0
2009-06-29 00:00:00+09:00,143.962532118255,146.0900572234509,143.962532118255,144.6717071533203,35000,0.0,0.0
2009-06-30 00:00:00+09:00,148.2176132935744,148.92678847679724,146.79926292712872,147.50843811035156,13000,0.0,0.0
2009-07-01 00:00:00+09:00,148.2175904043478,151.05429069916784,148.2175904043478,149.6359405517578,30000,0.0,0.0
2009-07-02 00:00:00+09:00,151.05430617629057,151.05430617629057,145.38090500535006,148.2176055908203,35000,0.0,0.0
2009-07-03 00:00:00+09:00,144.67173737746018,148.92678847679724,144.67173737746018,147.50843811035156,31000,0.0,0.0
2009-07-06 00:00:00+09:00,150.34513884324292,150.34513884324292,146.09008774390585,147.50843811035156,14000,0.0,0.0
2009-07-07 00:00:00+09:00,148.21759796142578,151.0542984008789,147.5084228515625,148.92677307128906,46000,0.0,0.0
2009-07-08 00:00:00+09:00,148.92678073718787,148.92678073718787,146.09008015171761,148.2176055908203,20000,0.0,0.0
2009-07-09 00:00:00+09:00,145.38090500535006,149.63595588355543,145.38090500535006,148.2176055908203,43000,0.0,0.0
2009-07-10 00:00:00+09:00,148.92678847679724,150.34513884324292,146.79926292712872,147.50843811035156,18000,0.0,0.0
2009-07-13 00:00:00+09:00,148.21760573968655,148.21760573968655,145.3809051513672,145.3809051513672,9000,0.0,0.0
2009-07-14 00:00:00+09:00,148.92677307128906,150.34512329101562,144.67172241210938,146.09007263183594,39000,0.0,0.0
2009-07-15 00:00:00+09:00,152.47266439291147,154.60018994258,147.50843811035156,147.50843811035156,131000,0.0,0.0
2009-07-16 00:00:00+09:00,148.9267654780528,152.47264084657786,148.9267654780528,149.6359405517578,19000,0.0,0.0
2009-07-17 00:00:00+09:00,149.63595603384624,149.63595603384624,141.835029415968,145.3809051513672,44000,0.0,0.0
2009-07-21 00:00:00+09:00,147.50843811035156,148.92678847679724,146.79926292712872,147.50843811035156,18000,0.0,0.0
2009-07-22 00:00:00+09:00,148.21762804715138,150.34515380859375,147.50845279333728,150.34515380859375,17000,0.0,0.0
2009-07-23 00:00:00+09:00,151.05429069916784,151.05429069916784,148.9267654780528,149.6359405517578,23000,0.0,0.0
2009-07-24 00:00:00+09:00,156.72769150975662,156.72769150975662,153.18181613623273,153.8909912109375,62000,0.0,0.0
2009-07-27 00:00:00+09:00,154.60019673386665,155.3093719482422,154.60019673386665,155.3093719482422,11000,0.0,0.0
2009-07-28 00:00:00+09:00,154.60016628564227,154.60016628564227,153.18181613623273,153.8909912109375,6000,0.0,0.0
2009-07-29 00:00:00+09:00,153.89102194142896,153.89102194142896,151.05432107614917,152.47267150878906,11000,0.0,0.0
2009-07-30 00:00:00+09:00,148.9267654780528,149.6359405517578,148.2175904043478,149.6359405517578,10000,0.0,0.0
2009-07-31 00:00:00+09:00,150.34512329101562,150.34512329101562,148.92677307128906,148.92677307128906,10000,0.0,0.0
2009-08-03 00:00:00+09:00,148.92675809771103,151.76345825195312,147.50840802058997,151.76345825195312,30000,0.0,0.0
2009-08-04 00:00:00+09:00,151.76349650638204,151.76349650638204,149.63597085442342,151.0543212890625,7000,0.0,0.0
2009-08-05 00:00:00+09:00,151.05429091211838,156.01851643505185,151.05429091211838,153.8909912109375,45000,0.0,0.0
2009-08-06 00:00:00+09:00,153.89102194142896,153.89102194142896,152.47267150878906,152.47267150878906,5000,0.0,0.0
2009-08-07 00:00:00+09:00,152.47267172370158,152.47267172370158,148.92679563710388,151.0543212890625,16000,0.0,0.0
2009-08-10 00:00:00+09:00,153.1818083290742,153.1818083290742,146.79923298202942,151.76345825195312,9000,0.0,0.0
2009-08-11 00:00:00+09:00,153.181846725109,153.181846725109,151.7634962924691,152.47267150878906,7000,0.0,0.0
2009-08-12 00:00:00+09:00,149.63597855477963,151.05432906240787,149.63597855477963,150.34515380859375,10000,0.0,0.0
2009-08-13 00:00:00+09:00,153.89098336763473,153.89098336763473,150.34510817483206,151.76345825195312,16000,0.0,0.0
2009-08-14 00:00:00+09:00,150.34510817483206,152.47263329051367,149.63593313627155,151.76345825195312,28000,0.0,0.0
2009-08-17 00:00:00+09:00,148.2175902583173,148.2175902583173,145.3808899662921,146.7992401123047,57000,0.0,0.0
2009-08-18 00:00:00+09:00,143.25337971012766,146.09008029844705,142.54420456304783,145.3809051513672,11000,0.0,0.0
2009-08-19 00:00:00+09:00,142.54421974520378,143.9625701904297,142.54421974520378,143.9625701904297,18000,0.0,0.0
2009-08-20 00:00:00+09:00,146.7992552980852,148.92678073718787,146.7992552980852,148.2176055908203,16000,0.0,0.0
2009-08-21 00:00:00+09:00,147.5084228515625,147.5084228515625,143.9625473022461,146.09007263183594,27000,0.0,0.0
2009-08-24 00:00:00+09:00,151.763504316222,152.47267957003612,149.63597855477963,150.34515380859375,33000,0.0,0.0
2009-08-25 00:00:00+09:00,148.92678073718787,148.92678073718787,146.09008015171761,148.2176055908203,10000,0.0,0.0
2009-08-26 00:00:00+09:00,148.9268033009655,151.05432906240787,148.9268033009655,150.34515380859375,29000,0.0,0.0
2009-08-27 00:00:00+09:00,148.2175902583173,148.9267653313236,145.3808899662921,146.7992401123047,24000,0.0,0.0
2009-08-28 00:00:00+09:00,146.7992401123047,147.508415185311,146.7992401123047,146.7992401123047,8000,0.0,0.0
2009-08-31 00:00:00+09:00,147.5084228515625,149.63594818115234,145.38089752197266,146.09007263183594,17000,0.0,0.0
2009-09-02 00:00:00+09:00,141.83502197265625,141.83502197265625,135.45244598388672,138.99832153320312,46000,0.0,0.0
2009-09-03 00:00:00+09:00,139.7074966430664,139.7074966430664,138.99832153320312,138.99832153320312,15000,0.0,0.0
2009-09-04 00:00:00+09:00,138.9983138646835,139.70748893542168,138.2891387939453,138.2891387939453,18000,0.0,0.0
2009-09-07 00:00:00+09:00,138.28914642333984,141.83502197265625,138.28914642333984,138.99832153320312,14000,0.0,0.0
2009-09-08 00:00:00+09:00,142.5442047885914,142.5442047885914,140.41667934398555,141.1258544921875,26000,0.0,0.0
2009-09-09 00:00:00+09:00,141.83502197265625,141.83502197265625,138.99832153320312,138.99832153320312,8000,0.0,0.0
2009-09-10 00:00:00+09:00,139.70748146134193,141.835006559738,138.28913139574453,140.41665649414062,10000,0.0,0.0
2009-09-11 00:00:00+09:00,141.12583907689805,141.83501414763623,138.2891387939453,138.2891387939453,65000,0.0,0.0
2009-09-14 00:00:00+09:00,138.2891309261322,138.2891309261322,135.4524308045705,136.16160583496094,27000,0.0,0.0
2009-09-15 00:00:00+09:00,134.03408042420733,134.03408042420733,132.6157303668083,133.3249053955078,34000,0.0,0.0
2009-09-16 00:00:00+09:00,134.0340880531678,136.16161326036095,132.61573791503906,132.61573791503906,38000,0.0,0.0
2009-09-17 00:00:00+09:00,132.6157303668083,133.3249053955078,131.9065553381088,133.3249053955078,19000,0.0,0.0
2009-09-18 00:00:00+09:00,131.19738030940928,133.3249053955078,131.19738030940928,133.3249053955078,29000,0.0,0.0
2009-09-21 00:00:00+09:00,133.3249053955078,133.3249053955078,133.3249053955078,133.3249053955078,0,0.0,0.0
2009-09-24 00:00:00+09:00,136.87079620361328,138.99832153320312,135.45244598388672,138.99832153320312,51000,0.0,0.0
2009-09-25 00:00:00+09:00,138.9983138646835,139.70748893542168,134.7432634402544,138.2891387939453,27000,0.0,0.0
2009-09-28 00:00:00+09:00,134.74327838482634,138.28915413179547,134.74327838482634,136.8708038330078,19000,0.0,0.0
2009-09-29 00:00:00+09:00,138.2891841830336,139.70753479003906,138.2891841830336,139.70753479003906,15000,0.0,0.0
2009-09-30 00:00:00+09:00,140.41667934398555,141.1258544921875,138.99832904758168,141.1258544921875,17000,0.0,0.0
2009-10-01 00:00:00+09:00,140.4166717529297,140.4166717529297,136.87079620361328,137.57997131347656,14000,0.0,0.0
2009-10-02 00:00:00+09:00,134.03409576416016,135.45244598388672,131.9065704345703,134.74327087402344,22000,0.0,0.0
2009-10-05 00:00:00+09:00,134.7432784634735,135.45245361328125,129.7790524148192,135.45245361328125,41000,0.0,0.0
2009-10-06 00:00:00+09:00,135.45243031491515,135.45243031491515,131.19738014795448,131.90655517578125,18000,0.0,0.0
2009-10-07 00:00:00+09:00,131.19737998298976,131.19737998298976,128.36067987524945,130.4882049560547,37000,0.0,0.0
2009-10-08 00:00:00+09:00,129.06987766666307,129.06987766666307,128.36070251464844,128.36070251464844,11000,0.0,0.0
2009-10-09 00:00:00+09:00,128.3606948852539,128.3606948852539,125.52399444580078,126.94234466552734,45000,0.0,0.0
2009-10-13 00:00:00+09:00,129.77903747558594,129.77903747558594,129.06986240741335,129.77903747558594,15000,0.0,0.0
2009-10-14 00:00:00+09:00,128.36070264323374,128.36070264323374,124.10565172688345,126.2331771850586,42000,0.0,0.0
2009-10-15 00:00:00+09:00,127.65152757818048,127.65152757818048,124.10565181211992,124.81482696533203,34000,0.0,0.0
2009-10-16 00:00:00+09:00,124.10564422607422,124.10564422607422,122.68729400634766,123.39646911621094,21000,0.0,0.0
2009-10-19 00:00:00+09:00,124.81482696533203,126.94235242496836,124.10565181211992,124.81482696533203,17000,0.0,0.0
2009-10-20 00:00:00+09:00,121.97811889648438,126.94234466552734,121.97811889648438,126.94234466552734,18000,0.0,0.0
2009-10-21 00:00:00+09:00,123.39644661596266,126.2331465381687,123.39644661596266,125.52397155761719,14000,0.0,0.0
2009-10-22 00:00:00+09:00,126.94234466552734,126.94234466552734,122.68729400634766,123.39646911621094,17000,0.0,0.0
2009-10-23 00:00:00+09:00,122.68729400634766,124.10564422607422,122.68729400634766,123.39646911621094,30000,0.0,0.0
2009-10-26 00:00:00+09:00,126.233154632233,129.06985473632812,126.233154632233,129.06985473632812,52000,0.0,0.0
2009-10-27 00:00:00+09:00,125.52402566898766,125.52402566898766,121.97814923766032,122.68732452392578,57000,0.0,0.0
2009-10-28 00:00:00+09:00,121.26895141601562,121.26895141601562,120.559776261536,121.26895141601562,33000,0.0,0.0
2009-10-29 00:00:00+09:00,119.85057054247176,119.85057054247176,117.72304562159947,119.14139556884766,42000,0.0,0.0
2009-10-30 00:00:00+09:00,122.68731785969561,122.68731785969561,117.72309112548828,117.72309112548828,35000,0.0,0.0
2009-11-02 00:00:00+09:00,119.85060128765906,119.85060128765906,117.01390066546595,118.4322509765625,32000,0.0,0.0
2009-11-04 00:00:00+09:00,116.3047256007339,119.14142622514204,115.59555044463187,117.01390075683594,53000,0.0,0.0
2009-11-05 00:00:00+09:00,117.72309112548828,118.43226637323218,117.01391587774437,117.72309112548828,21000,0.0,0.0
2009-11-06 00:00:00+09:00,117.01391587774437,118.43226637323218,117.01391587774437,117.72309112548828,34000,0.0,0.0
2009-11-09 00:00:00+09:00,117.72308368217654,117.72308368217654,116.30473327636719,116.30473327636719,35000,0.0,0.0
2009-11-10 00:00:00+09:00,116.3047256007339,117.72307591293797,114.88637528852982,117.01390075683594,31000,0.0,0.0
2009-11-11 00:00:00+09:00,116.30472550991767,119.85060128765906,116.30472550991767,118.4322509765625,25000,0.0,0.0
2009-11-12 00:00:00+09:00,120.55976867675781,121.2689437866211,114.88636779785156,115.59554290771484,31000,0.0,0.0
2009-11-13 00:00:00+09:00,114.88636779785156,115.59554290771484,114.88636779785156,115.59554290771484,28000,0.0,0.0
2009-11-16 00:00:00+09:00,113.468017578125,114.88636779785156,113.468017578125,114.17719268798828,30000,0.0,0.0
2009-11-17 00:00:00+09:00,114.88636002450619,114.88636002450619,112.75883483886719,112.75883483886719,16000,0.0,0.0
2009-11-18 00:00:00+09:00,113.46800182711692,113.46800182711692,109.92212677001953,109.92212677001953,27000,0.0,0.0
2009-11-19 00:00:00+09:00,109.9221420288086,110.63131713867188,109.9221420288086,110.63131713867188,18000,0.0,0.0
2009-11-20 00:00:00+09:00,112.04966735839844,112.04966735839844,109.9221420288086,111.34049224853516,21000,0.0,0.0
2009-11-24 00:00:00+09:00,112.049675394694,112.049675394694,106.37627410888672,106.37627410888672,31000,0.0,0.0
2009-11-25 00:00:00+09:00,106.37625879889366,107.08543385755296,104.2487336229158,105.66708374023438,21000,0.0,0.0
2009-11-26 00:00:00+09:00,104.95790868157508,105.66708374023438,104.2487336229158,105.66708374023438,12000,0.0,0.0
2009-11-27 00:00:00+09:00,106.37628194448111,106.37628194448111,104.9579315185547,104.95793151855469,31000,0.0,0.0
2009-11-30 00:00:00+09:00,104.9579237874349,106.37627410888672,104.9579237874349,106.37627410888672,28000,0.0,0.0
2009-12-01 00:00:00+09:00,105.66709894816081,107.08544926961264,105.66709894816081,106.37627410888672,38000,0.0,0.0
2009-12-02 00:00:00+09:00,109.21296691894531,112.04966735839844,109.21296691894531,112.04966735839844,64000,0.0,0.0
2009-12-03 00:00:00+09:00,113.468017578125,120.55976867675781,113.468017578125,119.85059356689453,57000,0.0,0.0
2009-12-04 00:00:00+09:00,121.2689437866211,123.39646911621094,121.2689437866211,121.97811889648438,44000,0.0,0.0
2009-12-07 00:00:00+09:00,125.52402566898766,125.52402566898766,121.97814923766032,122.68732452392578,38000,0.0,0.0
2009-12-08 00:00:00+09:00,121.97811889648438,122.68729400634766,121.97811889648438,121.97811889648438,18000,0.0,0.0
2009-12-09 00:00:00+09:00,120.559776261536,122.68730172497487,120.559776261536,121.26895141601562,12000,0.0,0.0
2009-12-10 00:00:00+09:00,124.81484235491072,124.81484235491072,123.39649187360492,124.10566711425781,46000,0.0,0.0
2009-12-11 00:00:00+09:00,122.6873245239258,122.6873245239258,121.26897395139486,122.68732452392578,61000,0.0,0.0
2009-12-14 00:00:00+09:00,122.68729400634766,123.39646911621094,120.55976867675781,121.97811889648438,34000,0.0,0.0
2009-12-15 00:00:00+09:00,121.97812657049525,121.97812657049525,120.559776261536,121.26895141601562,25000,0.0,0.0
2009-12-16 00:00:00+09:00,121.2689437866211,121.97811889648438,121.2689437866211,121.97811889648438,23000,0.0,0.0
2009-12-17 00:00:00+09:00,121.2689437866211,121.97811889648438,120.55976867675781,121.97811889648438,19000,0.0,0.0
2009-12-18 00:00:00+09:00,121.26895141601562,121.26895141601562,119.85060110705638,121.26895141601562,17000,0.0,0.0
2009-12-21 00:00:00+09:00,120.55978449379525,120.55978449379525,116.30473327636719,116.30473327636719,26000,0.0,0.0
2009-12-22 00:00:00+09:00,117.72307582101423,119.85060128765906,117.72307582101423,118.4322509765625,46000,0.0,0.0
2009-12-24 00:00:00+09:00,117.72309112548828,117.72309112548828,117.01391587774437,117.72309112548828,22000,0.0,0.0
2009-12-25 00:00:00+09:00,118.43224334716797,118.43224334716797,114.88636779785156,115.59554290771484,34000,0.0,0.0
2009-12-28 00:00:00+09:00,114.17719268798828,117.0138931274414,114.17719268798828,114.88636779785156,24000,0.0,0.0
2009-12-29 00:00:00+09:00,115.5955580734625,117.01390847927186,114.88638287055782,116.30473327636719,13000,0.0,0.0
2009-12-30 00:00:00+09:00,117.72308368217654,117.72308368217654,115.5955580734625,116.30473327636719,26000,0.0,0.0
2010-01-04 00:00:00+09:00,115.5955580734625,118.43225888508121,114.88638287055782,116.30473327636719,19000,0.0,0.0
2010-01-05 00:00:00+09:00,117.72309112548828,117.72309112548828,117.72309112548828,117.72309112548828,15000,0.0,0.0
2010-01-06 00:00:00+09:00,119.85060128765906,119.85060128765906,117.72307582101423,118.4322509765625,18000,0.0,0.0
2010-01-07 00:00:00+09:00,119.85057054247176,119.85057054247176,119.14139556884766,119.14139556884766,33000,0.0,0.0
2010-01-08 00:00:00+09:00,119.14142622514204,120.55977653734611,117.01390075683594,117.01390075683594,58000,0.0,0.0
2010-01-12 00:00:00+09:00,119.14144809259845,122.6873245239258,119.14144809259845,122.68732452392578,42000,0.0,0.0
2010-01-13 00:00:00+09:00,123.39646911621094,123.39646911621094,121.97811889648438,121.97811889648438,21000,0.0,0.0
2010-01-14 00:00:00+09:00,124.81479657706568,125.52397155761719,124.81479657706568,125.52397155761719,13000,0.0,0.0
2010-01-15 00:00:00+09:00,123.39646911621094,123.39646911621094,123.39646911621094,123.39646911621094,32000,0.0,0.0
2010-01-18 00:00:00+09:00,124.81484235491072,124.81484235491072,122.68731663295202,124.10566711425781,16000,0.0,0.0
2010-01-19 00:00:00+09:00,125.52402566898766,126.23320095525312,122.6873245239258,122.68732452392578,26000,0.0,0.0
2010-01-20 00:00:00+09:00,122.68729400634766,123.39646911621094,122.68729400634766,123.39646911621094,8000,0.0,0.0
2010-01-21 00:00:00+09:00,122.6873245239258,124.10567509645672,122.6873245239258,122.68732452392578,26000,0.0,0.0
2010-01-22 00:00:00+09:00,122.68729400634766,123.39646911621094,121.97811889648438,121.97811889648438,15000,0.0,0.0
2010-01-25 00:00:00+09:00,124.10567509645672,124.10567509645672,121.97814923766032,122.68732452392578,34000,0.0,0.0
2010-01-26 00:00:00+09:00,121.97809546334403,121.97809546334403,119.14139556884766,119.14139556884766,22000,0.0,0.0
2010-01-27 00:00:00+09:00,118.43225106904,119.85060138124408,117.01390075683594,117.01390075683594,23000,0.0,0.0
2010-01-28 00:00:00+09:00,116.3047256007339,117.01390075683594,116.3047256007339,117.01390075683594,26000,0.0,0.0
2010-01-29 00:00:00+09:00,116.30471801757812,116.30471801757812,114.17719268798828,114.17719268798828,31000,0.0,0.0
2010-02-01 00:00:00+09:00,113.46800990074685,114.17718496262653,112.75883483886719,112.75883483886719,37000,0.0,0.0
2010-02-02 00:00:00+09:00,112.75883483886719,112.75883483886719,111.34048471510785,112.75883483886719,17000,0.0,0.0
2010-02-03 00:00:00+09:00,112.75884246826172,114.88636779785156,112.04966735839844,112.04966735839844,13000,0.0,0.0
2010-02-04 00:00:00+09:00,111.34049224853516,112.04966735839844,111.34049224853516,112.04966735839844,28000,0.0,0.0
2010-02-05 00:00:00+09:00,109.92213459134851,120.55976051954353,109.92213459134851,112.75883483886719,32000,0.0,0.0
2010-02-08 00:00:00+09:00,112.04966735839844,112.04966735839844,110.63131713867188,111.34049224853516,16000,0.0,0.0
2010-02-09 00:00:00+09:00,112.75883483886719,112.75883483886719,112.75883483886719,112.75883483886719,7000,0.0,0.0
2010-02-10 00:00:00+09:00,112.04965977698751,113.46800990074685,112.04965977698751,112.75883483886719,14000,0.0,0.0
2010-02-12 00:00:00+09:00,112.04966735839844,114.88636779785156,112.04966735839844,114.17719268798828,25000,0.0,0.0
2010-02-15 00:00:00+09:00,114.88637552261353,115.59555068016053,113.46802520751953,113.46802520751953,33000,0.0,0.0
2010-02-16 00:00:00+09:00,113.46800990074685,113.46800990074685,112.75883483886719,112.75883483886719,8000,0.0,0.0
2010-02-17 00:00:00+09:00,113.468017578125,114.88636779785156,113.468017578125,114.88636779785156,22000,0.0,0.0
2010-02-18 00:00:00+09:00,117.01391587774437,117.72309112548828,115.59556538225657,117.72309112548828,28000,0.0,0.0
2010-02-19 00:00:00+09:00,117.01390075683594,118.43225106904,115.59555044463187,117.01390075683594,13000,0.0,0.0
2010-02-22 00:00:00+09:00,115.59556538225657,119.85061686872,115.59556538225657,117.72309112548828,36000,0.0,0.0
2010-02-23 00:00:00+09:00,115.59555044463187,117.01390075683594,115.59555044463187,117.01390075683594,8000,0.0,0.0
2010-02-24 00:00:00+09:00,117.01391587774437,119.85061686872,114.17721488676875,117.72309112548828,20000,0.0,0.0
2010-02-25 00:00:00+09:00,117.01391587774437,118.43226637323218,117.01391587774437,117.72309112548828,17000,0.0,0.0
2010-02-26 00:00:00+09:00,118.43224334716797,118.43224334716797,114.88636779785156,114.88636779785156,24000,0.0,0.0
2010-03-01 00:00:00+09:00,114.88636779785156,117.0138931274414,112.75884246826172,115.59554290771484,43000,0.0,0.0
2010-03-02 00:00:00+09:00,114.88636779785156,115.59554290771484,112.04966735839844,114.17719268798828,46000,0.0,0.0
2010-03-03 00:00:00+09:00,114.88635184995589,115.59552686137538,107.79460173576108,109.92212677001953,92000,0.0,0.0
2010-03-04 00:00:00+09:00,110.63131713867188,112.04966735839844,109.9221420288086,110.63131713867188,47000,0.0,0.0
2010-03-05 00:00:00+09:00,112.04966735839844,114.17719268798828,111.34049224853516,111.34049224853516,51000,0.0,0.0
2010-03-08 00:00:00+09:00,112.04967489242554,114.88637552261353,112.04967489242554,113.46802520751953,36000,0.0,0.0
2010-03-09 00:00:00+09:00,114.88636779785156,114.88636779785156,113.468017578125,114.88636779785156,37000,0.0,0.0
2010-03-10 00:00:00+09:00,114.88636779785156,115.59554290771484,114.17719268798828,114.88636779785156,29000,0.0,0.0
2010-03-11 00:00:00+09:00,114.88636779785156,116.30471801757812,113.468017578125,115.59554290771484,69000,0.0,0.0
2010-03-12 00:00:00+09:00,114.88636779785156,114.88636779785156,114.17719268798828,114.88636779785156,70000,0.0,0.0
2010-03-15 00:00:00+09:00,114.17721488676875,117.72309112548828,114.17721488676875,117.72309112548828,261000,0.0,0.0
2010-03-16 00:00:00+09:00,117.72307582101423,119.85060128765906,117.01390066546595,118.4322509765625,341000,0.0,0.0
2010-03-17 00:00:00+09:00,119.14141133626302,129.0698622809516,119.14141133626302,127.6515121459961,995000,0.0,0.0
2010-03-18 00:00:00+09:00,128.36070264323374,128.36070264323374,124.10565172688345,126.2331771850586,323000,0.0,0.0
2010-03-19 00:00:00+09:00,126.94236807686943,126.94236807686943,124.10566711425783,124.10566711425781,164000,0.0,0.0
2010-03-23 00:00:00+09:00,124.10562159651417,125.52397155761719,123.39644661596266,125.52397155761719,160000,0.0,0.0
2010-03-24 00:00:00+09:00,126.94236807686943,126.94236807686943,121.97814139229911,124.10566711425781,356000,0.0,0.0
2010-03-25 00:00:00+09:00,124.81482696533203,124.81482696533203,123.3964766589078,124.81482696533203,55000,0.0,0.0
2010-03-26 00:00:00+09:00,124.8148193359375,126.94234466552734,124.8148193359375,126.94234466552734,57000,0.0,0.0
2010-03-29 00:00:00+09:00,125.48324326337394,129.13101196289062,125.48324326337394,129.13101196289062,60000,5.0,0.0
2010-03-30 00:00:00+09:00,130.59013426705692,130.59013426705692,127.67191897617298,129.86058044433594,97000,0.0,0.0
2010-03-31 00:00:00+09:00,129.86058044433594,129.86058044433594,127.67191897617298,129.86058044433594,136000,0.0,0.0
2010-04-01 00:00:00+09:00,128.4014434814453,128.4014434814453,127.67188982530074,128.4014434814453,26000,0.0,0.0
2010-04-02 00:00:00+09:00,129.8605438758587,129.8605438758587,126.94232940673828,126.94232940673828,107000,0.0,0.0
2010-04-05 00:00:00+09:00,129.1310284423828,129.1310284423828,126.94236694335937,127.67192077636719,98000,0.0,0.0
2010-04-06 00:00:00+09:00,128.40147460937501,128.40147460937501,126.94236694335937,127.67192077636719,50000,0.0,0.0
2010-04-07 00:00:00+09:00,127.67190448308395,129.86056570279396,127.67190448308395,129.13101196289062,100000,0.0,0.0
2010-04-08 00:00:00+09:00,128.40147460937501,129.86058227539064,127.67192077636719,127.67192077636719,77000,0.0,0.0
2010-04-09 00:00:00+09:00,127.67191838951751,132.04924130572954,127.67191838951751,130.5901336669922,118000,0.0,0.0
2010-04-12 00:00:00+09:00,134.23788552755838,137.88565415602463,131.31967062478537,132.77877807617188,206000,0.0,0.0
2010-04-13 00:00:00+09:00,132.77876366509332,133.50831731160483,130.5901027255588,131.3196563720703,81000,0.0,0.0
2010-04-14 00:00:00+09:00,132.04920675399455,137.1560821533203,131.31965312551947,137.1560821533203,182000,0.0,0.0
2010-04-15 00:00:00+09:00,137.88563619195457,137.88563619195457,134.96742166937352,136.42652893066406,87000,0.0,0.0
2010-04-16 00:00:00+09:00,135.69697825113934,135.69697825113934,128.40144178602432,131.3196563720703,215000,0.0,0.0
2010-04-19 00:00:00+09:00,127.67192077636719,127.67192077636719,126.94236694335937,127.67192077636719,108000,0.0,0.0
2010-04-20 00:00:00+09:00,128.40147460937501,129.1310284423828,126.94236694335937,127.67192077636719,40000,0.0,0.0
2010-04-21 00:00:00+09:00,128.4014434814453,128.4014434814453,126.21278251301159,128.4014434814453,58000,0.0,0.0
2010-04-22 00:00:00+09:00,129.13100351186898,147.3698458158053,125.48323505108173,142.26296997070312,2469000,0.0,0.0
2010-04-23 00:00:00+09:00,140.8038612134529,145.1811833237157,140.8038612134529,144.45162963867188,678000,0.0,0.0
2010-04-26 00:00:00+09:00,140.80386258638822,145.18118473933293,140.07430889423077,142.26296997070312,253000,0.0,0.0
2010-04-27 00:00:00+09:00,140.80386258638822,145.18118473933293,140.07430889423077,142.26296997070312,110000,0.0,0.0
2010-04-28 00:00:00+09:00,139.34475613134512,141.53341722241336,138.61520243432236,140.80386352539062,114000,0.0,0.0
2010-04-30 00:00:00+09:00,142.99254182514392,142.99254182514392,134.96745019210013,138.61521911621094,214000,0.0,0.0
2010-05-06 00:00:00+09:00,131.31967318260064,133.50833440231065,128.4014582229873,129.13101196289062,405000,0.0,0.0
2010-05-07 00:00:00+09:00,121.83545563641717,124.75367014267866,121.10590200985179,124.02411651611328,211000,0.0,0.0
2010-05-10 00:00:00+09:00,123.29457708846691,125.48323822021484,122.56502337788426,125.48323822021484,61000,0.0,0.0
2010-05-11 00:00:00+09:00,128.40146926969115,128.40146926969115,124.75370025634766,124.75370025634766,80000,0.0,0.0
2010-05-12 00:00:00+09:00,126.21280786168505,127.67191546702246,124.02414645367895,124.75370025634766,79000,0.0,0.0
2010-05-13 00:00:00+09:00,126.94235282412843,126.94235282412843,125.48324532040283,126.21279907226562,39000,0.0,0.0
2010-05-14 00:00:00+09:00,126.21281311035156,127.67192077636719,126.21281311035156,127.67192077636719,45000,0.0,0.0
2010-05-17 00:00:00+09:00,125.48323334843279,126.21278703069112,121.10591125488281,121.10591125488281,134000,0.0,0.0
2010-05-18 00:00:00+09:00,121.10590200985179,124.02411651611328,121.10590200985179,124.02411651611328,97000,0.0,0.0
2010-05-19 00:00:00+09:00,120.37635803222656,120.37635803222656,119.64680434718277,120.37635803222656,61000,0.0,0.0
2010-05-20 00:00:00+09:00,120.37635803222656,121.83546540231416,120.37635803222656,120.37635803222656,25000,0.0,0.0
2010-05-21 00:00:00+09:00,117.45815329551698,118.91726078987122,114.53993830680848,116.72859954833984,115000,0.0,0.0
2010-05-24 00:00:00+09:00,118.18770651491533,118.91726025883456,115.26949153923842,117.4581527709961,66000,0.0,0.0
2010-05-25 00:00:00+09:00,116.72859288469147,118.91725400127943,110.8921632404569,115.26948547363281,175000,0.0,0.0
2010-05-26 00:00:00+09:00,113.8103575455515,114.53991111956144,110.16258967550176,110.89214324951172,95000,0.0,0.0
2010-05-27 00:00:00+09:00,110.89214324951172,110.89214324951172,110.89214324951172,110.89214324951172,21000,0.0,0.0
2010-05-28 00:00:00+09:00,114.53993274004033,114.53993274004033,112.35127160488031,113.81037902832031,51000,0.0,0.0
2010-05-31 00:00:00+09:00,114.53994750976562,114.53994750976562,113.81039370397095,114.53994750976562,7000,0.0,0.0
2010-06-01 00:00:00+09:00,114.5399317681035,115.99903917916214,114.5399317681035,115.26948547363281,27000,0.0,0.0
2010-06-02 00:00:00+09:00,115.26950131556032,115.26950131556032,113.81039370397095,114.53994750976562,25000,0.0,0.0
2010-06-03 00:00:00+09:00,116.72859902707687,118.91726025883456,116.72859902707687,117.4581527709961,32000,0.0,0.0
2010-06-04 00:00:00+09:00,116.7286000761596,116.7286000761596,114.5399388247316,115.9990463256836,37000,0.0,0.0
2010-06-07 00:00:00+09:00,112.35127160488031,115.26948645176033,112.35127160488031,113.81037902832031,39000,0.0,0.0
2010-06-08 00:00:00+09:00,113.08081054687501,113.81036416330646,113.08081054687501,113.080810546875,13000,0.0,0.0
2010-06-09 00:00:00+09:00,113.81036416330646,113.81036416330646,113.08081054687501,113.080810546875,5000,0.0,0.0
2010-06-10 00:00:00+09:00,112.35127160488031,115.26948645176033,112.35127160488031,113.81037902832031,42000,0.0,0.0
2010-06-11 00:00:00+09:00,114.53993274004033,115.26948645176033,113.81037902832033,113.81037902832031,82000,0.0,0.0
2010-06-14 00:00:00+09:00,113.81039370397095,115.26950131556032,113.81039370397095,114.53994750976562,35000,0.0,0.0
2010-06-15 00:00:00+09:00,115.26948547363281,115.99903917916214,115.26948547363281,115.26948547363281,69000,0.0,0.0
2010-06-16 00:00:00+09:00,115.99904580116272,116.72859954833984,115.2694920539856,116.72859954833984,31000,0.0,0.0
2010-06-17 00:00:00+09:00,118.1877075771116,118.1877075771116,115.9990463256836,115.9990463256836,31000,0.0,0.0
2010-06-18 00:00:00+09:00,115.99904580116272,117.45815329551698,115.99904580116272,116.72859954833984,32000,0.0,0.0
2010-06-21 00:00:00+09:00,116.72859902707687,117.45815277099611,116.72859902707687,117.4581527709961,13000,0.0,0.0
2010-06-22 00:00:00+09:00,116.72859902707687,117.45815277099611,116.72859902707687,117.4581527709961,19000,0.0,0.0
2010-06-23 00:00:00+09:00,113.81037902832033,114.53993274004033,113.81037902832033,113.81037902832031,23000,0.0,0.0
2010-06-24 00:00:00+09:00,114.53994750976562,115.999055121355,114.53994750976562,114.53994750976562,14000,0.0,0.0
2010-06-25 00:00:00+09:00,112.35127258300781,113.08082630107928,111.62171886493633,112.35127258300781,8000,0.0,0.0
2010-06-28 00:00:00+09:00,111.62170331401211,113.81036416330646,111.62170331401211,113.080810546875,18000,0.0,0.0
2010-06-29 00:00:00+09:00,115.26948745529373,115.26948745529373,112.35127258300781,112.35127258300781,17000,0.0,0.0
2010-06-30 00:00:00+09:00,110.89216563904208,111.62171936035156,110.16261191773259,111.62171936035156,33000,0.0,0.0
2010-07-01 00:00:00+09:00,110.16261291503906,110.16261291503906,110.16261291503906,110.16261291503906,4000,0.0,0.0
2010-07-02 00:00:00+09:00,110.89216563904208,112.35127308166105,110.89216563904208,111.62171936035156,12000,0.0,0.0
2010-07-05 00:00:00+09:00,111.62169682352166,112.3512503975316,110.89214324951172,110.89214324951172,24000,0.0,0.0
2010-07-06 00:00:00+09:00,110.89214969758065,113.08081054687501,110.89214969758065,113.080810546875,35000,0.0,0.0
2010-07-07 00:00:00+09:00,111.62171936035156,112.35127308166105,110.89216563904208,111.62171936035156,47000,0.0,0.0
2010-07-08 00:00:00+09:00,112.35127258300781,112.35127258300781,112.35127258300781,112.35127258300781,13000,0.0,0.0
2010-07-09 00:00:00+09:00,112.35127308166105,112.35127308166105,110.89216563904208,111.62171936035156,16000,0.0,0.0
2010-07-12 00:00:00+09:00,110.89216664295323,111.6217203708674,110.16261291503906,110.16261291503906,15000,0.0,0.0
2010-07-13 00:00:00+09:00,112.3512503975316,112.3512503975316,110.89214324951172,110.89214324951172,32000,0.0,0.0
2010-07-14 00:00:00+09:00,113.08082630107928,113.08082630107928,111.62171886493633,112.35127258300781,53000,0.0,0.0
2010-07-15 00:00:00+09:00,114.53993424558952,115.269487966899,111.62171936035156,111.62171936035156,108000,0.0,0.0
2010-07-16 00:00:00+09:00,110.89214324951172,110.89214324951172,110.89214324951172,110.89214324951172,14000,0.0,0.0
2010-07-21 00:00:00+09:00,111.6217203708674,111.6217203708674,110.16261291503906,110.16261291503906,21000,0.0,0.0
2010-07-22 00:00:00+09:00,110.89216563904208,111.62171936035156,110.89216563904208,111.62171936035156,20000,0.0,0.0
2010-07-23 00:00:00+09:00,112.35128609238157,115.26950131556032,112.35128609238157,114.53994750976562,106000,0.0,0.0
2010-07-26 00:00:00+09:00,115.99904016348033,118.18770129864033,113.08082531660031,113.81037902832031,125000,0.0,0.0
2010-07-27 00:00:00+09:00,112.35127308166105,112.35127308166105,110.89216563904208,111.62171936035156,40000,0.0,0.0
2010-07-28 00:00:00+09:00,111.62171789316031,113.81037902832033,110.89216418144031,113.81037902832031,36000,0.0,0.0
2010-07-29 00:00:00+09:00,111.62171936035156,112.35127308166105,111.62171936035156,111.62171936035156,20000,0.0,0.0
2010-07-30 00:00:00+09:00,111.6217203708674,111.6217203708674,110.16261291503906,110.16261291503906,24000,0.0,0.0
2010-08-02 00:00:00+09:00,109.43304443359375,110.16259806315104,109.43304443359375,109.43304443359375,31000,0.0,0.0
2010-08-03 00:00:00+09:00,110.89216664295323,110.89216664295323,110.16261291503906,110.16261291503906,7000,0.0,0.0
2010-08-04 00:00:00+09:00,110.16259806315104,110.16259806315104,109.43304443359375,109.43304443359375,21000,0.0,0.0
2010-08-05 00:00:00+09:00,110.16259806315104,110.16259806315104,108.70349080403645,109.43304443359375,18000,0.0,0.0
2010-08-06 00:00:00+09:00,110.16261191773259,111.62171936035156,109.4330581964231,111.62171936035156,19000,0.0,0.0
2010-08-09 00:00:00+09:00,110.16258967550176,110.89214324951172,109.43303610149182,110.89214324951172,6000,0.0,0.0
2010-08-10 00:00:00+09:00,109.43304443359375,110.16259806315104,109.43304443359375,109.43304443359375,13000,0.0,0.0
2010-08-11 00:00:00+09:00,108.70350646972658,108.70350646972658,108.70350646972658,108.70350646972656,36000,0.0,0.0
2010-08-12 00:00:00+09:00,108.70353002805967,108.70353002805967,107.9739761352539,107.9739761352539,12000,0.0,0.0
2010-08-13 00:00:00+09:00,107.97395273503042,108.70350646972658,107.24439900033427,108.70350646972656,28000,0.0,0.0
2010-08-16 00:00:00+09:00,107.24437713623047,107.97393072219121,107.24437713623047,107.24437713623047,40000,0.0,0.0
2010-08-17 00:00:00+09:00,107.24439900033427,108.70350646972658,107.24439900033427,108.70350646972656,15000,0.0,0.0
2010-08-18 00:00:00+09:00,107.97397104899088,107.97397104899088,103.59664789835611,105.05575561523438,193000,0.0,0.0
2010-08-19 00:00:00+09:00,103.59664789835611,105.7853094736735,103.59664789835611,105.05575561523438,64000,0.0,0.0
2010-08-20 00:00:00+09:00,105.05573320722246,105.05573320722246,104.32617950439453,104.32617950439453,25000,0.0,0.0
2010-08-23 00:00:00+09:00,104.32620175679524,105.05575561523438,103.59664789835611,105.05575561523438,38000,0.0,0.0
2010-08-24 00:00:00+09:00,105.05573320722246,105.05573320722246,102.86707209873866,104.32617950439453,43000,0.0,0.0
2010-08-25 00:00:00+09:00,103.59661908521718,104.32617274074688,102.86706542968749,102.8670654296875,13000,0.0,0.0
2010-08-26 00:00:00+09:00,102.86708015119525,103.59663391113281,102.1375263912577,103.59663391113281,30000,0.0,0.0
2010-08-27 00:00:00+09:00,102.13752483499462,105.78529357910156,102.13752483499462,105.78529357910156,33000,0.0,0.0
2010-08-30 00:00:00+09:00,107.24437713623047,107.24437713623047,105.78526996430897,107.24437713623047,22000,0.0,0.0
2010-08-31 00:00:00+09:00,104.32617274074688,105.05572639627658,102.86706542968749,102.8670654296875,25000,0.0,0.0
2010-09-01 00:00:00+09:00,104.32617274074688,104.32617274074688,102.1375117741578,102.8670654296875,24000,0.0,0.0
2010-09-02 00:00:00+09:00,106.51483415876116,106.51483415876116,99.94885123116629,102.13751220703125,66000,0.0,0.0
2010-09-03 00:00:00+09:00,102.13751220703125,102.13751220703125,101.4079585484096,102.13751220703125,10000,0.0,0.0
2010-09-06 00:00:00+09:00,101.4079585484096,102.13751220703125,101.4079585484096,102.13751220703125,29000,0.0,0.0
2010-09-07 00:00:00+09:00,101.407958984375,102.1375126461331,101.407958984375,101.407958984375,31000,0.0,0.0
2010-09-08 00:00:00+09:00,100.67841389231438,100.67841389231438,99.21930644459968,99.94886016845703,40000,0.0,0.0
2010-09-09 00:00:00+09:00,99.94885166085882,101.407958984375,99.94885166085882,101.407958984375,40000,0.0,0.0
2010-09-10 00:00:00+09:00,98.48974609375,99.94885344328704,98.48974609375,98.48974609375,238000,0.0,0.0
2010-09-13 00:00:00+09:00,99.94886016845703,99.94886016845703,99.21930644459968,99.94886016845703,13000,0.0,0.0
2010-09-14 00:00:00+09:00,98.48975321825813,99.21930694580078,98.48975321825813,99.21930694580078,37000,0.0,0.0
2010-09-16 00:00:00+09:00,99.21929248411264,99.21929248411264,97.03063162049251,97.76018524169922,74000,0.0,0.0
2010-09-17 00:00:00+09:00,98.48974609375,99.94885344328704,97.76019241898148,98.48974609375,64000,0.0,0.0
2010-09-21 00:00:00+09:00,98.48973886290594,99.21929248411264,97.76018524169922,97.76018524169922,75000,0.0,0.0
2010-09-22 00:00:00+09:00,97.76018524169922,98.48973886290594,97.76018524169922,97.76018524169922,45000,0.0,0.0
2010-09-24 00:00:00+09:00,98.4897470115719,98.4897470115719,97.0306396484375,97.0306396484375,58000,0.0,0.0
2010-09-27 00:00:00+09:00,98.48975321825813,99.21930694580078,97.03064576317283,99.21930694580078,37000,0.0,0.0
2010-09-28 00:00:00+09:00,97.76019241898148,98.48974609375,97.03063874421296,98.48974609375,44000,0.0,0.0
2010-09-29 00:00:00+09:00,98.48975321825813,99.21930694580078,98.48975321825813,99.21930694580078,26000,0.0,0.0
2010-09-30 00:00:00+09:00,99.21929248411264,99.94884610531936,97.76018524169922,97.76018524169922,16000,0.0,0.0
2010-10-01 00:00:00+09:00,97.03063162049251,97.76018524169922,96.30107799928581,97.76018524169922,69000,0.0,0.0
2010-10-04 00:00:00+09:00,96.30107961801383,96.30107961801383,94.11241871760443,94.84197235107422,47000,0.0,0.0
2010-10-05 00:00:00+09:00,94.11241871760443,94.84197235107422,93.38286508413462,94.84197235107422,53000,0.0,0.0
2010-10-06 00:00:00+09:00,94.84199465686129,95.57154846191406,94.84199465686129,95.57154846191406,26000,0.0,0.0
2010-10-07 00:00:00+09:00,94.8419786037359,97.7601933300047,94.8419786037359,97.0306396484375,31000,0.0,0.0
2010-10-08 00:00:00+09:00,97.76020154086025,97.76020154086025,96.30109405517578,96.30109405517578,33000,0.0,0.0
2010-10-12 00:00:00+09:00,96.30107961801383,96.30107961801383,94.84197235107422,94.84197235107422,28000,0.0,0.0
2010-10-13 00:00:00+09:00,94.84198814214662,95.5715418970862,94.11243438720703,94.11243438720703,26000,0.0,0.0
2010-10-14 00:00:00+09:00,94.1124249221687,98.4897470115719,94.1124249221687,97.0306396484375,81000,0.0,0.0
2010-10-15 00:00:00+09:00,96.30110226696684,97.7602098770724,94.84199465686129,95.57154846191406,54000,0.0,0.0
2010-10-18 00:00:00+09:00,94.11241871760443,94.84197235107422,91.19420418372522,94.84197235107422,72000,0.0,0.0
2010-10-19 00:00:00+09:00,94.11241996945358,94.11241996945358,92.65331268310547,92.65331268310547,91000,0.0,0.0
2010-10-20 00:00:00+09:00,92.6533212890625,92.6533212890625,90.46466015625,91.1942138671875,95000,0.0,0.0
2010-10-21 00:00:00+09:00,89.73509979248047,90.4646534493299,88.2759924787816,89.73509979248047,113000,0.0,0.0
2010-10-22 00:00:00+09:00,89.00554701119415,89.00554701119415,88.27599334716797,88.27599334716797,61000,0.0,0.0
2010-10-25 00:00:00+09:00,89.7351002302326,89.7351002302326,88.27599290941582,89.00554656982422,140000,0.0,0.0
2010-10-26 00:00:00+09:00,89.73510067522034,89.73510067522034,88.27599334716797,88.27599334716797,32000,0.0,0.0
2010-10-27 00:00:00+09:00,88.27599290941582,89.7351002302326,88.27599290941582,89.00554656982422,81000,0.0,0.0
2010-10-28 00:00:00+09:00,88.27601041138627,95.57154846191406,88.27601041138627,95.57154846191406,79000,0.0,0.0
2010-10-29 00:00:00+09:00,88.27599122789172,95.57152769300673,88.27599122789172,91.92375946044922,32000,0.0,0.0
2010-11-01 00:00:00+09:00,91.92376076302878,91.92376076302878,89.73509979248047,89.73509979248047,50000,0.0,0.0
2010-11-02 00:00:00+09:00,90.46466827392578,90.46466827392578,89.00556072112053,90.46466827392578,56000,0.0,0.0
2010-11-04 00:00:00+09:00,90.46465216742622,91.92375946044922,90.46465216742622,91.92375946044922,43000,0.0,0.0
2010-11-05 00:00:00+09:00,91.19420539675735,92.65331268310547,91.19420539675735,92.65331268310547,61000,0.0,0.0
2010-11-08 00:00:00+09:00,92.65331226587296,94.84197318553925,91.92375862598419,93.38286590576172,74000,0.0,0.0
2010-11-09 00:00:00+09:00,94.11243438720703,96.30109565202581,92.65332687732786,94.11243438720703,139000,0.0,0.0
2010-11-10 00:00:00+09:00,94.84197235107422,94.84197235107422,94.11241871760443,94.84197235107422,29000,0.0,0.0
2010-11-11 00:00:00+09:00,95.5715322853031,97.7601933300047,94.8419786037359,97.0306396484375,103000,0.0,0.0
2010-11-12 00:00:00+09:00,96.30107961801383,96.30107961801383,94.84197235107422,94.84197235107422,21000,0.0,0.0
2010-11-15 00:00:00+09:00,96.30107961801383,97.03063325148364,94.84197235107422,94.84197235107422,95000,0.0,0.0
2010-11-16 00:00:00+09:00,96.30110226696684,97.03065607201962,94.84199465686129,95.57154846191406,51000,0.0,0.0
2010-11-17 00:00:00+09:00,94.11243438720703,94.11243438720703,93.38288063226744,94.11243438720703,39000,0.0,0.0
2010-11-18 00:00:00+09:00,94.1124408518085,95.57154846191406,93.38288704675573,95.57154846191406,42000,0.0,0.0
2010-11-19 00:00:00+09:00,94.11241871760443,97.03063325148364,93.38286508413462,94.84197235107422,101000,0.0,0.0
2010-11-22 00:00:00+09:00,95.57154846191406,95.57154846191406,94.84199465686129,95.57154846191406,37000,0.0,0.0
2010-11-24 00:00:00+09:00,94.84197318553925,94.84197318553925,91.92375862598419,93.38286590576172,89000,0.0,0.0
2010-11-25 00:00:00+09:00,93.38288063226744,94.84198814214662,93.38288063226744,94.11243438720703,46000,0.0,0.0
2010-11-26 00:00:00+09:00,94.84198814214662,94.84198814214662,94.11243438720703,94.11243438720703,21000,0.0,0.0
2010-11-29 00:00:00+09:00,94.11241871760443,95.57152598454402,94.11241871760443,94.84197235107422,48000,0.0,0.0
2010-11-30 00:00:00+09:00,95.57154846191406,97.03065607201962,95.57154846191406,95.57154846191406,231000,0.0,0.0
2010-12-01 00:00:00+09:00,94.8419777199074,99.21929976851851,94.1124240451389,98.48974609375,448000,0.0,0.0
2010-12-02 00:00:00+09:00,101.40796761617173,102.13752134002908,99.94886016845703,99.94886016845703,177000,0.0,0.0
2010-12-03 00:00:00+09:00,99.94886016845703,100.67841389231438,99.21930644459968,99.94886016845703,54000,0.0,0.0
2010-12-06 00:00:00+09:00,100.67840488978794,102.13751220703125,100.67840488978794,102.13751220703125,132000,0.0,0.0
2010-12-07 00:00:00+09:00,102.13754018147786,105.05575561523438,101.40798632303873,105.05575561523438,118000,0.0,0.0
2010-12-08 00:00:00+09:00,105.05573320722246,105.78528691005039,102.13751839591072,104.32617950439453,193000,0.0,0.0
2010-12-09 00:00:00+09:00,104.32618608145879,105.78529357910156,104.32618608145879,105.78529357910156,76000,0.0,0.0
2010-12-10 00:00:00+09:00,107.24439286532468,107.24439286532468,105.0557317864405,106.51483917236328,200000,0.0,0.0
2010-12-13 00:00:00+09:00,104.32620175679524,105.7853094736735,103.59664789835611,105.05575561523438,96000,0.0,0.0
2010-12-14 00:00:00+09:00,105.05571637834821,107.97393072219121,105.05571637834821,107.24437713623047,144000,0.0,0.0
2010-12-15 00:00:00+09:00,108.70350646972658,109.43306020442272,107.97395273503042,108.70350646972656,145000,0.0,0.0
2010-12-16 00:00:00+09:00,107.9739761352539,109.43308392086544,107.9739761352539,107.9739761352539,117000,0.0,0.0
2010-12-17 00:00:00+09:00,107.97395273503042,108.70350646972658,107.97395273503042,108.70350646972656,47000,0.0,0.0
2010-12-20 00:00:00+09:00,107.24439286532468,107.97394655828607,105.78528547940189,106.51483917236328,65000,0.0,0.0
2010-12-21 00:00:00+09:00,105.78529357910156,106.51484732792296,105.05573983028017,105.78529357910156,75000,0.0,0.0
2010-12-22 00:00:00+09:00,105.78528547940189,106.51483917236328,105.78528547940189,106.51483917236328,31000,0.0,0.0
2010-12-24 00:00:00+09:00,105.05573320722246,105.78528691005039,104.32617950439453,104.32617950439453,56000,0.0,0.0
2010-12-27 00:00:00+09:00,103.59662580156659,105.05573320722246,103.59662580156659,104.32617950439453,45000,0.0,0.0
2010-12-28 00:00:00+09:00,105.05574143100792,106.51484895088304,103.59663391113281,103.59663391113281,28000,0.0,0.0
2010-12-29 00:00:00+09:00,105.05573983028017,105.78529357910156,105.05573983028017,105.78529357910156,29000,0.0,0.0
2010-12-30 00:00:00+09:00,105.05572639627658,105.05572639627658,102.86706542968749,102.8670654296875,26000,0.0,0.0
2011-01-04 00:00:00+09:00,105.7853094736735,105.7853094736735,104.32620175679524,105.05575561523438,55000,0.0,0.0
2011-01-05 00:00:00+09:00,106.51483917236328,106.51483917236328,105.78528547940189,106.51483917236328,55000,0.0,0.0
2011-01-06 00:00:00+09:00,107.9739761352539,108.70353002805967,107.9739761352539,107.9739761352539,25000,0.0,0.0
2011-01-07 00:00:00+09:00,107.9739761352539,108.70353002805967,107.24442224244814,107.9739761352539,60000,0.0,0.0
2011-01-11 00:00:00+09:00,109.43306020442272,110.89216767381502,107.97395273503042,108.70350646972656,204000,0.0,0.0
2011-01-12 00:00:00+09:00,109.43303610149182,111.62169682352166,108.70348252748188,110.89214324951172,275000,0.0,0.0
2011-01-13 00:00:00+09:00,112.35127308166105,115.269487966899,110.89216563904208,111.62171936035156,448000,0.0,0.0
2011-01-14 00:00:00+09:00,110.89216664295323,111.6217203708674,110.16261291503906,110.16261291503906,66000,0.0,0.0
2011-01-17 00:00:00+09:00,112.3512503975316,113.08080397154154,110.16258967550176,110.89214324951172,111000,0.0,0.0
2011-01-18 00:00:00+09:00,111.62171936035156,112.35127308166105,110.89216563904208,111.62171936035156,44000,0.0,0.0
2011-01-19 00:00:00+09:00,111.62173228658689,114.53994750976562,111.62173228658689,114.53994750976562,78000,0.0,0.0
2011-01-20 00:00:00+09:00,114.53993274004033,114.53993274004033,113.08082531660031,113.81037902832031,56000,0.0,0.0
2011-01-21 00:00:00+09:00,113.8103662109375,115.26947347005208,109.43304443359375,109.43304443359375,118000,0.0,0.0
2011-01-24 00:00:00+09:00,110.16261291503906,110.16261291503906,109.4330591871249,110.16261291503906,36000,0.0,0.0
2011-01-25 00:00:00+09:00,110.89214324951172,111.62169682352166,110.16258967550176,110.89214324951172,51000,0.0,0.0
2011-01-26 00:00:00+09:00,111.62169682352166,111.62169682352166,110.89214324951172,110.89214324951172,16000,0.0,0.0
2011-01-27 00:00:00+09:00,110.89216514686485,112.35127258300781,110.89216514686485,112.35127258300781,45000,0.0,0.0
2011-01-28 00:00:00+09:00,110.89216664295323,110.89216664295323,110.16261291503906,110.16261291503906,40000,0.0,0.0
2011-01-31 00:00:00+09:00,108.70353002805967,108.70353002805967,106.51486834964237,107.9739761352539,66000,0.0,0.0
2011-02-01 00:00:00+09:00,107.9739761352539,108.70353002805967,107.9739761352539,107.9739761352539,40000,0.0,0.0
2011-02-02 00:00:00+09:00,109.43306020442272,109.43306020442272,107.97395273503042,108.70350646972656,61000,0.0,0.0
2011-02-03 00:00:00+09:00,109.4330577107219,113.08082630107928,108.70350399265041,112.35127258300781,60000,0.0,0.0
2011-02-04 00:00:00+09:00,112.35127065151553,117.45814659022078,110.8921632404569,115.26948547363281,319000,0.0,0.0
2011-02-07 00:00:00+09:00,115.99904528315764,118.18770651491533,115.26949153923842,117.4581527709961,187000,0.0,0.0
2011-02-08 00:00:00+09:00,118.18770651491533,118.91726025883456,117.45815277099611,117.4581527709961,102000,0.0,0.0
2011-02-09 00:00:00+09:00,117.4581538266356,118.1877075771116,115.2694925752076,115.9990463256836,145000,0.0,0.0
2011-02-10 00:00:00+09:00,115.99904528315764,117.45815277099611,115.26949153923842,117.4581527709961,75000,0.0,0.0
2011-02-14 00:00:00+09:00,117.45815277099611,117.45815277099611,117.45815277099611,117.4581527709961,83000,0.0,0.0
2011-02-15 00:00:00+09:00,118.18770651491533,118.18770651491533,117.45815277099611,117.4581527709961,48000,0.0,0.0
2011-02-16 00:00:00+09:00,117.45813708835179,118.91724438137479,117.45813708835179,118.18769073486328,38000,0.0,0.0
2011-02-17 00:00:00+09:00,118.91724395751953,118.91724395751953,118.18769031360836,118.91724395751953,83000,0.0,0.0
2011-02-18 00:00:00+09:00,119.64683532714845,120.37638920109447,119.64683532714845,119.64683532714844,149000,0.0,0.0
2011-02-21 00:00:00+09:00,119.64683532714845,120.37638920109447,118.91728145320242,119.64683532714844,38000,0.0,0.0
2011-02-22 00:00:00+09:00,119.64683532714845,120.37638920109447,118.91728145320242,119.64683532714844,104000,0.0,0.0
2011-02-23 00:00:00+09:00,118.1876907348633,119.64679802788629,118.1876907348633,118.18769073486328,56000,0.0,0.0
2011-02-24 00:00:00+09:00,119.6468140027538,120.37636774667303,117.45815277099611,117.4581527709961,102000,0.0,0.0
2011-02-25 00:00:00+09:00,117.45813708835179,118.91724438137479,117.45813708835179,118.18769073486328,43000,0.0,0.0
2011-02-28 00:00:00+09:00,118.91725020810782,121.83546493714114,118.91725020810782,121.10591125488281,45000,0.0,0.0
2011-03-01 00:00:00+09:00,121.83548504567285,124.75370025634766,121.83548504567285,124.75370025634766,143000,0.0,0.0
2011-03-02 00:00:00+09:00,124.7536557591604,124.7536557591604,121.83544158935547,121.83544158935547,137000,0.0,0.0
2011-03-03 00:00:00+09:00,122.56503884834156,124.75370025634766,122.56503884834156,124.75370025634766,60000,0.0,0.0
2011-03-04 00:00:00+09:00,126.21279907226564,126.94235282412843,124.75369156854002,126.21279907226562,92000,0.0,0.0
2011-03-07 00:00:00+09:00,126.21279907226564,126.21279907226564,124.75369156854002,126.21279907226562,56000,0.0,0.0
2011-03-08 00:00:00+09:00,126.21281311035156,129.1310284423828,125.48325927734375,127.67192077636719,160000,0.0,0.0
2011-03-09 00:00:00+09:00,127.67192077636719,128.40147460937501,126.94236694335937,127.67192077636719,52000,0.0,0.0
2011-03-10 00:00:00+09:00,127.67191897617298,131.3196880897779,126.212811330731,129.86058044433594,211000,0.0,0.0
2011-03-11 00:00:00+09:00,129.13102662161495,131.3196880897779,128.40147279889396,129.86058044433594,333000,0.0,0.0
2011-03-14 00:00:00+09:00,112.35126156277127,124.0241199069553,112.35126156277127,118.18769073486328,234000,0.0,0.0
2011-03-15 00:00:00+09:00,118.18768092564174,118.18768092564174,95.57151976085845,107.24437713623047,154000,0.0,0.0
2011-03-16 00:00:00+09:00,107.97395027457894,112.35127258300781,107.97395027457894,112.35127258300781,127000,0.0,0.0
2011-03-17 00:00:00+09:00,113.08083989817627,114.53994750976562,111.62173228658689,114.53994750976562,86000,0.0,0.0
2011-03-18 00:00:00+09:00,124.02414929267415,130.5901336669922,120.37638019583079,130.5901336669922,113000,0.0,0.0
2011-03-22 00:00:00+09:00,130.5900974931388,130.5900974931388,126.94232940673828,126.94232940673828,184000,0.0,0.0
2011-03-23 00:00:00+09:00,127.67188613479202,145.9107270111909,126.94233249973607,134.96742248535156,924000,0.0,0.0
2011-03-24 00:00:00+09:00,140.07430708228642,147.36984390948885,140.07430708228642,145.18118286132812,477000,0.0,0.0
2011-03-25 00:00:00+09:00,150.28806009097974,150.28806009097974,142.99252319335938,142.99252319335938,370000,0.0,0.0
2011-03-28 00:00:00+09:00,142.9925227286247,145.18118379079752,142.9925227286247,143.72207641601562,151000,0.0,0.0
2011-03-29 00:00:00+09:00,146.71627406881314,148.21337890625,142.97351197522096,148.21337890625,98000,5.0,0.0
2011-03-30 00:00:00+09:00,148.96193132496845,149.71048374368686,145.21916923137627,148.21337890625,107000,0.0,0.0
2011-03-31 00:00:00+09:00,147.46483960942408,148.96194458007812,142.2249722121349,148.96194458007812,125000,0.0,0.0
2011-04-01 00:00:00+09:00,151.2076062817259,151.95615878807106,146.71629124365484,147.46484375,98000,0.0,0.0
2011-04-04 00:00:00+09:00,149.71048374368686,150.4590361624053,147.46482648753158,148.21337890625,85000,0.0,0.0
2011-04-05 00:00:00+09:00,147.46484528395234,147.46484528395234,139.23076762850323,141.47642517089844,106000,0.0,0.0
2011-04-06 00:00:00+09:00,139.23074941166112,139.23074941166112,134.73943491451075,136.98509216308594,90000,0.0,0.0
2011-04-07 00:00:00+09:00,135.4879780239529,135.4879780239529,133.99087329440647,134.7394256591797,47000,0.0,0.0
2011-04-08 00:00:00+09:00,133.24234696272964,136.9851095178625,133.24234696272964,136.23655700683594,87000,0.0,0.0
2011-04-11 00:00:00+09:00,136.9851095178625,143.72208211710165,135.48800449580935,136.23655700683594,59000,0.0,0.0
2011-04-12 00:00:00+09:00,134.7394256591797,136.23653038872612,133.99087329440647,134.7394256591797,40000,0.0,0.0
2011-04-13 00:00:00+09:00,133.24234008789062,133.9908925602945,132.49378761548675,133.24234008789062,29000,0.0,0.0
2011-04-14 00:00:00+09:00,136.2365397468942,136.98509216308594,134.73943491451075,136.98509216308594,85000,0.0,0.0
2011-04-15 00:00:00+09:00,137.73365373508904,141.4764160648469,137.73365373508904,139.2307586669922,61000,0.0,0.0
2011-04-18 00:00:00+09:00,142.22497768503018,142.9735301991619,140.7278726567667,141.47642517089844,66000,0.0,0.0
2011-04-19 00:00:00+09:00,140.7278594970703,141.47641194120368,139.97930705293697,140.7278594970703,54000,0.0,0.0
2011-04-20 00:00:00+09:00,142.9735301991619,142.9735301991619,141.47642517089844,141.47642517089844,27000,0.0,0.0
2011-04-21 00:00:00+09:00,142.97354125976562,143.7220938318063,141.47643611568432,142.97354125976562,74000,0.0,0.0
2011-04-22 00:00:00+09:00,142.22497768503018,142.22497768503018,139.97932014263495,141.47642517089844,69000,0.0,0.0
2011-04-25 00:00:00+09:00,142.22496438533702,142.22496438533702,140.7278594970703,140.7278594970703,48000,0.0,0.0
2011-04-26 00:00:00+09:00,140.7278635988953,140.7278635988953,139.2307586669922,139.2307586669922,33000,0.0,0.0
2011-04-27 00:00:00+09:00,139.23076762850323,145.96774025568885,139.23076762850323,141.47642517089844,285000,0.0,0.0
2011-04-28 00:00:00+09:00,142.22496644698364,142.22496644698364,139.97930908203125,139.97930908203125,80000,0.0,0.0
2011-05-02 00:00:00+09:00,142.22497768503018,142.22497768503018,140.7278726567667,141.47642517089844,56000,0.0,0.0
2011-05-06 00:00:00+09:00,141.4764039516449,143.72206115722656,140.72785154978436,143.72206115722656,84000,0.0,0.0
2011-05-09 00:00:00+09:00,143.72208271329364,143.72208271329364,141.47642517089844,141.47642517089844,27000,0.0,0.0
2011-05-10 00:00:00+09:00,142.22496853079846,142.97352099675004,139.2307586669922,139.2307586669922,98000,0.0,0.0
2011-05-11 00:00:00+09:00,138.48222566687542,138.48222566687542,136.98512052453083,137.73367309570312,65000,0.0,0.0
2011-05-12 00:00:00+09:00,137.7336497205369,143.72206927360372,137.7336497205369,140.7278594970703,181000,0.0,0.0
2011-05-13 00:00:00+09:00,142.22496327774303,144.47062059265474,134.7394388947039,135.4879913330078,362000,0.0,0.0
2011-05-16 00:00:00+09:00,134.7394336353649,136.23653845353562,131.74522399902344,131.74522399902344,99000,0.0,0.0
2011-05-17 00:00:00+09:00,131.74527204241073,132.49382472446987,130.99671936035156,130.99671936035156,31000,0.0,0.0
2011-05-18 00:00:00+09:00,130.99666025446749,131.74521259877875,128.75100322153378,130.24810791015625,53000,0.0,0.0
2011-05-19 00:00:00+09:00,128.75103973924067,130.99669740911116,127.2539346259937,128.0024871826172,37000,0.0,0.0
2011-05-20 00:00:00+09:00,128.75103973924067,128.75103973924067,128.0024871826172,128.0024871826172,10000,0.0,0.0
2011-05-23 00:00:00+09:00,127.25392282744984,128.00247531467014,120.5169504424672,121.2655029296875,61000,0.0,0.0
2011-05-24 00:00:00+09:00,119.76838996611447,124.25970458984376,117.52273265424982,124.25970458984375,51000,0.0,0.0
2011-05-25 00:00:00+09:00,122.0140554169078,122.0140554169078,121.2655029296875,121.2655029296875,34000,0.0,0.0
2011-05-26 00:00:00+09:00,123.51116039134838,123.51116039134838,119.76839795524691,121.2655029296875,29000,0.0,0.0
2011-05-27 00:00:00+09:00,122.01404571533203,122.76259814303346,122.01404571533203,122.01404571533203,13000,0.0,0.0
2011-05-30 00:00:00+09:00,122.76262555803571,122.76262555803571,120.5169677734375,120.5169677734375,23000,0.0,0.0
2011-05-31 00:00:00+09:00,121.2654932876306,122.01404571533203,119.76838843222777,122.01404571533203,17000,0.0,0.0
2011-06-01 00:00:00+09:00,122.76260930841619,123.5111618041992,122.01405681263316,123.51116180419922,14000,0.0,0.0
2011-06-02 00:00:00+09:00,121.26548713235294,128.00245863970588,121.26548713235294,127.25390625,48000,0.0,0.0
2011-06-03 00:00:00+09:00,127.25390451397011,127.25390451397011,125.00824737548828,125.00824737548828,40000,0.0,0.0
2011-06-06 00:00:00+09:00,123.51115215255554,124.25970458984376,123.51115215255554,124.25970458984375,28000,0.0,0.0
2011-06-07 00:00:00+09:00,121.2654932876306,122.76259814303346,121.2654932876306,122.01404571533203,36000,0.0,0.0
2011-06-08 00:00:00+09:00,122.76260790412809,122.76260790412809,120.5169504424672,121.2655029296875,16000,0.0,0.0
2011-06-09 00:00:00+09:00,119.76841517857142,120.5169677734375,119.76841517857142,120.5169677734375,16000,0.0,0.0
2011-06-10 00:00:00+09:00,122.76259814303346,122.76259814303346,121.2654932876306,122.01404571533203,104000,0.0,0.0
2011-06-13 00:00:00+09:00,119.01985650313527,128.0024871826172,119.01985650313527,128.0024871826172,31000,0.0,0.0
2011-06-14 00:00:00+09:00,128.00248294896474,129.4995880126953,125.00827282150357,129.4995880126953,48000,0.0,0.0
2011-06-15 00:00:00+09:00,130.2481158088235,130.2481158088235,125.75680147058823,127.25390625,53000,0.0,0.0
2011-06-16 00:00:00+09:00,128.00247819083077,128.00247819083077,124.25971567063105,125.75682067871094,15000,0.0,0.0
2011-06-17 00:00:00+09:00,123.5111618041992,125.00826679576527,123.5111618041992,123.51116180419922,33000,0.0,0.0
2011-06-20 00:00:00+09:00,123.51114430147058,127.25390625,123.51114430147058,127.25390625,19000,0.0,0.0
2011-06-21 00:00:00+09:00,127.25393041709944,129.4995880126953,126.50537788523414,129.4995880126953,39000,0.0,0.0
2011-06-22 00:00:00+09:00,129.4995880126953,130.99669307642588,128.75103548083,129.4995880126953,25000,0.0,0.0
2011-06-23 00:00:00+09:00,127.2539325093114,130.24814268600107,127.2539325093114,128.75103759765625,15000,0.0,0.0
2011-06-24 00:00:00+09:00,130.24810791015625,130.99666025446749,128.75100322153378,130.24810791015625,30000,0.0,0.0
2011-06-27 00:00:00+09:00,130.99669523017351,130.99669523017351,128.0024850534838,128.75103759765625,16000,0.0,0.0
2011-06-28 00:00:00+09:00,127.2539346259937,129.49959229586418,127.2539346259937,128.0024871826172,16000,0.0,0.0
2011-06-29 00:00:00+09:00,130.2481405445606,130.2481405445606,128.00248294896474,129.4995880126953,19000,0.0,0.0
2011-06-30 00:00:00+09:00,130.99671936035156,130.99671936035156,128.00250863211497,130.99671936035156,11000,0.0,0.0
2011-07-01 00:00:00+09:00,130.99669523017351,130.99669523017351,128.75103759765625,128.75103759765625,20000,0.0,0.0
2011-07-04 00:00:00+09:00,129.49961399623325,130.99671936035156,128.7510613141741,130.99671936035156,31000,0.0,0.0
2011-07-05 00:00:00+09:00,129.49959014182866,130.24814268600107,128.75103759765625,128.75103759765625,11000,0.0,0.0
2011-07-06 00:00:00+09:00,130.2481405445606,130.99669307642588,128.75103548083,129.4995880126953,16000,0.0,0.0
2011-07-07 00:00:00+09:00,128.0024850534838,128.75103759765625,127.2539325093114,128.75103759765625,42000,0.0,0.0
2011-07-08 00:00:00+09:00,128.75103759765625,130.99669523017351,128.75103759765625,128.75103759765625,51000,0.0,0.0
2011-07-11 00:00:00+09:00,128.75100322153378,130.24810791015625,128.75100322153378,130.24810791015625,31000,0.0,0.0
2011-07-12 00:00:00+09:00,128.7510613141741,130.99671936035156,128.7510613141741,130.99671936035156,17000,0.0,0.0
2011-07-13 00:00:00+09:00,130.99671936035156,131.74527204241073,130.24816667829242,130.99671936035156,37000,0.0,0.0
2011-07-14 00:00:00+09:00,131.74523718882415,132.49378967285156,129.4995797367419,132.49378967285156,64000,0.0,0.0
2011-07-15 00:00:00+09:00,132.49382472446987,132.49382472446987,130.99671936035156,130.99671936035156,70000,0.0,0.0
2011-07-19 00:00:00+09:00,130.2481191808527,131.74522399902344,129.49956677176735,131.74522399902344,29000,0.0,0.0
2011-07-20 00:00:00+09:00,132.49378967285156,132.49378967285156,130.99668470479673,132.49378967285156,10000,0.0,0.0
2011-07-21 00:00:00+09:00,132.49380509749702,137.73367309570312,132.49380509749702,137.73367309570312,258000,0.0,0.0
2011-07-22 00:00:00+09:00,136.98509216308594,137.73364457927767,136.2365397468942,136.98509216308594,69000,0.0,0.0
2011-07-25 00:00:00+09:00,138.48220954507084,138.48220954507084,132.49378967285156,132.49378967285156,162000,0.0,0.0
2011-07-26 00:00:00+09:00,133.24232881719416,133.99088122627953,131.74522399902344,131.74522399902344,58000,0.0,0.0
2011-07-27 00:00:00+09:00,131.74524560829119,131.74524560829119,129.4995880126953,129.4995880126953,31000,0.0,0.0
2011-07-28 00:00:00+09:00,128.00245863970588,128.00245863970588,124.25969669117647,127.25390625,100000,0.0,0.0
2011-07-29 00:00:00+09:00,126.5053619017084,126.5053619017084,124.25970458984376,124.25970458984375,24000,0.0,0.0
2011-08-01 00:00:00+09:00,124.25973957340891,125.0082922214415,122.76263427734375,122.76263427734375,37000,0.0,0.0
2011-08-02 00:00:00+09:00,124.25973957340891,125.75684486947408,122.76263427734375,122.76263427734375,13000,0.0,0.0
2011-08-03 00:00:00+09:00,122.01405963897705,122.01405963897705,118.27129707336425,119.76840209960938,44000,0.0,0.0
2011-08-04 00:00:00+09:00,119.76840209960938,119.76840209960938,119.76840209960938,119.76840209960938,11000,0.0,0.0
2011-08-05 00:00:00+09:00,112.28286341616982,114.52852068449322,112.28286341616982,113.77996826171875,55000,0.0,0.0
2011-08-08 00:00:00+09:00,112.28286341616982,116.02562553004215,112.28286341616982,113.77996826171875,30000,0.0,0.0
2011-08-09 00:00:00+09:00,110.03723685805863,110.78578948974611,104.79736843624632,110.7857894897461,76000,0.0,0.0
2011-08-10 00:00:00+09:00,110.78578948974611,110.78578948974611,110.78578948974611,110.7857894897461,19000,0.0,0.0
2011-08-11 00:00:00+09:00,115.27709197998047,115.27709197998047,113.03143434400683,115.27709197998047,30000,0.0,0.0
2011-08-12 00:00:00+09:00,115.27709197998047,115.27709197998047,115.27709197998047,115.27709197998047,18000,0.0,0.0
2011-08-15 00:00:00+09:00,118.27129011887772,118.27129011887772,116.77418518066406,116.77418518066406,17000,0.0,0.0
2011-08-16 00:00:00+09:00,116.02561950683595,116.77417189075102,115.27706712292087,116.02561950683594,15000,0.0,0.0
2011-08-17 00:00:00+09:00,116.02562553004215,118.27128279836553,110.03720614784642,113.77996826171875,43000,0.0,0.0
2011-08-18 00:00:00+09:00,113.77996826171875,113.77996826171875,113.77996826171875,113.77996826171875,30000,0.0,0.0
2011-08-19 00:00:00+09:00,113.03141220092773,113.77996459960937,107.0429930114746,112.2828598022461,40000,0.0,0.0
2011-08-22 00:00:00+09:00,112.28288056834644,115.27709071683569,111.53432803122413,113.03143310546875,30000,0.0,0.0
2011-08-23 00:00:00+09:00,115.27707310726768,115.27707310726768,113.03141583894428,113.77996826171875,21000,0.0,0.0
2011-08-24 00:00:00+09:00,116.77419924268536,116.77419924268536,113.03143644644544,114.5285415649414,30000,0.0,0.0
2011-08-25 00:00:00+09:00,116.7741779528166,116.7741779528166,113.77996826171875,113.77996826171875,22000,0.0,0.0
2011-08-26 00:00:00+09:00,115.27708024245042,116.77418518066406,114.5285277733436,116.77418518066406,21000,0.0,0.0
2011-08-29 00:00:00+09:00,116.77418518066406,116.77418518066406,116.77418518066406,116.77418518066406,12000,0.0,0.0
2011-08-30 00:00:00+09:00,118.27129011887772,119.01984258798453,116.02563271155725,116.77418518066406,29000,0.0,0.0
2011-08-31 00:00:00+09:00,115.27709197998047,116.77419707062957,114.52853943465593,115.27709197998047,17000,0.0,0.0
2011-09-01 00:00:00+09:00,116.77418865735018,118.27129364013672,116.77418865735018,118.27129364013672,12000,0.0,0.0
2011-09-02 00:00:00+09:00,118.27130340770552,118.27130340770552,116.77419830127886,117.52275085449219,13000,0.0,0.0
2011-09-05 00:00:00+09:00,118.27129364013672,118.27129364013672,118.27129364013672,118.27129364013672,2000,0.0,0.0
2011-09-06 00:00:00+09:00,118.27129364013672,118.27129364013672,116.02563616595691,118.27129364013672,27000,0.0,0.0
2011-09-07 00:00:00+09:00,118.27129364013672,119.01984613152999,117.52274114874345,118.27129364013672,9000,0.0,0.0
2011-09-08 00:00:00+09:00,118.27130340770552,118.27130340770552,116.02564574806553,117.52275085449219,11000,0.0,0.0
2011-09-09 00:00:00+09:00,117.52274114874345,118.27129364013672,115.27708367456364,118.27129364013672,61000,0.0,0.0
2011-09-12 00:00:00+09:00,113.03141583894428,114.52852068449322,113.03141583894428,113.77996826171875,36000,0.0,0.0
2011-09-13 00:00:00+09:00,113.77996826171875,114.52852068449322,113.03141583894428,113.77996826171875,31000,0.0,0.0
2011-09-14 00:00:00+09:00,113.77998900569342,114.5285415649414,113.77998900569342,114.5285415649414,13000,0.0,0.0
2011-09-15 00:00:00+09:00,113.77998564259106,114.52853817971338,111.53432803122413,113.03143310546875,41000,0.0,0.0
2011-09-16 00:00:00+09:00,114.52852068449322,116.02562553004215,113.03141583894428,113.77996826171875,55000,0.0,0.0
2011-09-20 00:00:00+09:00,112.2828598022461,113.03141220092773,112.2828598022461,112.2828598022461,12000,0.0,0.0
2011-09-21 00:00:00+09:00,111.53432328733679,111.53432328733679,109.28866577148438,109.28866577148438,37000,0.0,0.0
2011-09-22 00:00:00+09:00,105.54590050833566,106.29445299421039,104.04879553658623,104.79734802246094,82000,0.0,0.0
2011-09-26 00:00:00+09:00,106.29446290379805,106.29446290379805,103.30025268115585,104.0488052368164,32000,0.0,0.0
2011-09-27 00:00:00+09:00,104.79735275794721,108.54011535644531,103.30024771854796,108.54011535644531,52000,0.0,0.0
2011-09-28 00:00:00+09:00,108.54011788273489,113.03143310546875,108.54011788273489,113.03143310546875,50000,0.0,0.0
2011-09-29 00:00:00+09:00,111.53432803122413,113.03143310546875,110.03722295697952,113.03143310546875,29000,0.0,0.0
2011-09-30 00:00:00+09:00,114.52852686939623,114.52852686939623,111.53431701660156,111.53431701660156,25000,0.0,0.0
2011-10-03 00:00:00+09:00,109.28867774539523,109.28867774539523,107.79157257080078,107.79157257080078,16000,0.0,0.0
2011-10-04 00:00:00+09:00,107.79155585106382,107.79155585106382,105.5458984375,105.5458984375,18000,0.0,0.0
2011-10-05 00:00:00+09:00,105.5458984375,106.29445090868793,104.0487934951241,105.5458984375,27000,0.0,0.0
2011-10-06 00:00:00+09:00,105.5458984375,107.04300337987588,104.79734596631205,105.5458984375,16000,0.0,0.0
2011-10-07 00:00:00+09:00,107.7915607609161,109.28866577148438,107.7915607609161,109.28866577148438,16000,0.0,0.0
2011-10-11 00:00:00+09:00,109.28865962700556,111.53431701660156,109.28865962700556,111.53431701660156,21000,0.0,0.0
2011-10-12 00:00:00+09:00,109.28866577148438,110.03721827676851,108.54011326620024,109.28866577148438,23000,0.0,0.0
2011-10-13 00:00:00+09:00,110.78577078205265,110.78577078205265,107.7915607609161,109.28866577148438,37000,0.0,0.0
2011-10-14 00:00:00+09:00,107.79157257080078,108.54012515809801,106.29446739620633,107.79157257080078,21000,0.0,0.0
2011-10-17 00:00:00+09:00,108.54012180382098,108.54012180382098,106.29446411132812,106.29446411132812,22000,0.0,0.0
2011-10-18 00:00:00+09:00,106.29445090868793,107.04300337987588,105.5458984375,105.5458984375,11000,0.0,0.0
2011-10-19 00:00:00+09:00,105.54591034813751,107.79156801511915,104.0488052368164,104.0488052368164,47000,0.0,0.0
2011-10-20 00:00:00+09:00,104.04879553658623,104.79734802246094,104.04879553658623,104.79734802246094,19000,0.0,0.0
2011-10-21 00:00:00+09:00,104.79735779247696,105.54591034813751,104.0488052368164,104.0488052368164,8000,0.0,0.0
2011-10-24 00:00:00+09:00,107.79155171000875,107.79155171000875,104.79734194028627,107.04299926757812,36000,0.0,0.0
2011-10-25 00:00:00+09:00,105.54591480890909,107.79157257080078,105.54591480890909,107.79157257080078,9000,0.0,0.0
2011-10-26 00:00:00+09:00,104.79734596631205,107.04300337987588,104.79734596631205,105.5458984375,16000,0.0,0.0
2011-10-27 00:00:00+09:00,105.54591480890909,107.79157257080078,104.79736222161186,107.79157257080078,18000,0.0,0.0
2011-10-28 00:00:00+09:00,107.79155171000875,107.79155171000875,107.04299926757812,107.04299926757812,30000,0.0,0.0
2011-10-31 00:00:00+09:00,108.54012180382098,108.54012180382098,106.29446411132812,106.29446411132812,23000,0.0,0.0
2011-11-01 00:00:00+09:00,105.54590050833566,106.29445299421039,104.79734802246094,104.79734802246094,24000,0.0,0.0
2011-11-02 00:00:00+09:00,104.0488052368164,104.79735779247696,104.0488052368164,104.0488052368164,44000,0.0,0.0
2011-11-04 00:00:00+09:00,104.79734596631205,105.5458984375,104.79734596631205,105.5458984375,20000,0.0,0.0
2011-11-07 00:00:00+09:00,105.54591154716385,106.29446411132812,104.79735898299957,106.29446411132812,9000,0.0,0.0
2011-11-08 00:00:00+09:00,105.54589694479237,106.29444940539373,103.30023956298828,103.30023956298828,16000,0.0,0.0
2011-11-09 00:00:00+09:00,104.79734802246094,105.54590050833566,104.04879553658623,104.79734802246094,33000,0.0,0.0
2011-11-10 00:00:00+09:00,102.55168914794922,102.55168914794922,101.80313667241674,102.55168914794922,25000,0.0,0.0
2011-11-11 00:00:00+09:00,101.05459501417421,104.0488052368164,101.05459501417421,104.0488052368164,29000,0.0,0.0
2011-11-14 00:00:00+09:00,104.79735779247696,105.54591034813751,102.5517001254953,104.0488052368164,27000,0.0,0.0
2011-11-15 00:00:00+09:00,102.55168914794922,103.3002416234817,102.55168914794922,102.55168914794922,18000,0.0,0.0
2011-11-16 00:00:00+09:00,102.55169122359331,102.55169122359331,101.05458624222699,101.80313873291016,15000,0.0,0.0
2011-11-17 00:00:00+09:00,101.80313667241674,102.55168914794922,101.80313667241674,102.55168914794922,11000,0.0,0.0
2011-11-18 00:00:00+09:00,101.05458624222699,101.80313873291016,101.05458624222699,101.80313873291016,16000,0.0,0.0
2011-11-21 00:00:00+09:00,101.05458218118419,103.30023956298828,101.05458218118419,103.30023956298828,19000,0.0,0.0
2011-11-22 00:00:00+09:00,101.05458624222699,102.55169122359331,100.30603375154382,101.80313873291016,19000,0.0,0.0
2011-11-24 00:00:00+09:00,103.3002416234817,103.3002416234817,101.80313667241674,102.55168914794922,34000,0.0,0.0
2011-11-25 00:00:00+09:00,101.05458068847656,101.80313313802083,100.30602823893229,101.05458068847656,18000,0.0,0.0
2011-11-28 00:00:00+09:00,101.05457505183433,101.8031274596257,100.30602264404297,100.30602264404297,25000,0.0,0.0
2011-11-29 00:00:00+09:00,101.05458624222699,101.80313873291016,100.30603375154382,101.80313873291016,20000,0.0,0.0
2011-11-30 00:00:00+09:00,102.55169056483678,105.54590050833566,102.55169056483678,104.79734802246094,32000,0.0,0.0
2011-12-01 00:00:00+09:00,107.04301667549241,107.04301667549241,105.54591154716385,106.29446411132812,37000,0.0,0.0
2011-12-02 00:00:00+09:00,106.29445090868793,106.29445090868793,104.79734596631205,105.5458984375,9000,0.0,0.0
2011-12-05 00:00:00+09:00,105.5458984375,106.29445090868793,105.5458984375,105.5458984375,37000,0.0,0.0
2011-12-06 00:00:00+09:00,107.04300337987588,107.04300337987588,105.5458984375,105.5458984375,41000,0.0,0.0
2011-12-07 00:00:00+09:00,104.79735275794721,109.28866787614494,104.79735275794721,108.54011535644531,183000,0.0,0.0
2011-12-08 00:00:00+09:00,109.28865659486998,109.28865659486998,107.04299926757812,107.04299926757812,81000,0.0,0.0
2011-12-09 00:00:00+09:00,106.29445779734645,108.54011535644531,105.54590527764682,108.54011535644531,85000,0.0,0.0
2011-12-12 00:00:00+09:00,112.28286947980023,112.28286947980023,110.03721209020422,111.53431701660156,83000,0.0,0.0
2011-12-13 00:00:00+09:00,110.7857645534029,111.53431701660156,109.28865962700556,111.53431701660156,29000,0.0,0.0
2011-12-14 00:00:00+09:00,110.7857645534029,112.28286947980023,110.03721209020422,111.53431701660156,36000,0.0,0.0
2011-12-15 00:00:00+09:00,109.28866787614494,110.03722039584457,108.54011535644531,108.54011535644531,38000,0.0,0.0
2011-12-16 00:00:00+09:00,108.54010832225177,108.54010832225177,105.5458984375,105.5458984375,48000,0.0,0.0
2011-12-19 00:00:00+09:00,104.79734657454665,104.79734657454665,102.55168914794922,102.55168914794922,59000,0.0,0.0
2011-12-20 00:00:00+09:00,103.30025268115585,104.0488052368164,101.05459501417421,104.0488052368164,31000,0.0,0.0
2011-12-21 00:00:00+09:00,106.29445299421039,106.29445299421039,104.79734802246094,104.79734802246094,11000,0.0,0.0
2011-12-22 00:00:00+09:00,105.54590050833566,106.29445299421039,104.79734802246094,104.79734802246094,23000,0.0,0.0
2011-12-26 00:00:00+09:00,108.54012515809801,110.03723033269246,105.54591480890909,107.79157257080078,69000,0.0,0.0
2011-12-27 00:00:00+09:00,106.2944468251475,107.04299926757812,105.5458943827169,107.04299926757812,17000,0.0,0.0
2011-12-28 00:00:00+09:00,107.04301667549241,107.7915692396567,106.29446411132812,106.29446411132812,15000,0.0,0.0
2011-12-29 00:00:00+09:00,106.29446411132812,106.29446411132812,105.54591154716385,106.29446411132812,15000,0.0,0.0
2011-12-30 00:00:00+09:00,104.79734802246094,105.54590050833566,104.79734802246094,104.79734802246094,36000,0.0,0.0
2012-01-04 00:00:00+09:00,107.04300825563195,109.28866577148438,105.54590324506367,109.28866577148438,37000,0.0,0.0
2012-01-05 00:00:00+09:00,109.28864854047087,110.03720092773438,109.28864854047087,110.03720092773438,29000,0.0,0.0
2012-01-06 00:00:00+09:00,110.03720903730058,110.03720903730058,107.04299926757812,107.04299926757812,22000,0.0,0.0
2012-01-10 00:00:00+09:00,108.5401071638069,111.53431701660156,108.5401071638069,111.53431701660156,31000,0.0,0.0
2012-01-11 00:00:00+09:00,110.78578948974611,111.53434212143358,110.78578948974611,110.7857894897461,8000,0.0,0.0
2012-01-12 00:00:00+09:00,110.7857645534029,111.53431701660156,109.28865962700556,111.53431701660156,18000,0.0,0.0
2012-01-13 00:00:00+09:00,110.7857645534029,111.53431701660156,110.7857645534029,111.53431701660156,21000,0.0,0.0
2012-01-16 00:00:00+09:00,115.27707310726768,115.27707310726768,112.28286341616982,113.77996826171875,47000,0.0,0.0
2012-01-17 00:00:00+09:00,113.77998900569342,114.5285415649414,113.03143644644544,114.5285415649414,27000,0.0,0.0
2012-01-18 00:00:00+09:00,114.52854064163888,118.27130340770552,113.03143553521222,117.52275085449219,73000,0.0,0.0
2012-01-19 00:00:00+09:00,117.52273764977089,119.01984258798453,113.03142283512996,116.77418518066406,99000,0.0,0.0
2012-01-20 00:00:00+09:00,118.27129707336425,120.51695461273192,118.27129707336425,119.76840209960938,60000,0.0,0.0
2012-01-23 00:00:00+09:00,119.76841517857142,120.5169677734375,118.27130998883928,120.5169677734375,32000,0.0,0.0
2012-01-24 00:00:00+09:00,122.76259814303346,122.76259814303346,120.51694085992918,122.01404571533203,27000,0.0,0.0
2012-01-25 00:00:00+09:00,121.2654932876306,122.76259814303346,119.76838843222777,122.01404571533203,32000,0.0,0.0
2012-01-26 00:00:00+09:00,122.0140554169078,122.76260790412809,121.2655029296875,121.2655029296875,19000,0.0,0.0
2012-01-27 00:00:00+09:00,119.01985168457031,120.51695673720641,118.27129915825226,119.01985168457031,32000,0.0,0.0
2012-01-30 00:00:00+09:00,118.27129298080632,121.2655029296875,118.27129298080632,121.2655029296875,19000,0.0,0.0
2012-01-31 00:00:00+09:00,122.01405681263316,123.5111618041992,121.26550431685014,123.51116180419922,31000,0.0,0.0
2012-02-01 00:00:00+09:00,122.76259023700646,125.75679975498223,122.01403785751252,125.00824737548828,71000,0.0,0.0
2012-02-02 00:00:00+09:00,124.25971567063105,128.75103069487074,124.25971567063105,125.75682067871094,110000,0.0,0.0
2012-02-03 00:00:00+09:00,124.25971429998224,125.75681929154828,123.5111618041992,123.51116180419922,22000,0.0,0.0
2012-02-06 00:00:00+09:00,126.50539751750667,126.50539751750667,122.76263427734375,122.76263427734375,17000,0.0,0.0
2012-02-07 00:00:00+09:00,121.26549484069089,124.25970458984376,121.26549484069089,124.25970458984375,16000,0.0,0.0
2012-02-08 00:00:00+09:00,123.51114261650041,125.00824737548828,122.76259023700646,125.00824737548828,17000,0.0,0.0
2012-02-09 00:00:00+09:00,126.50535386029412,127.25390625,125.00824908088235,127.25390625,14000,0.0,0.0
2012-02-10 00:00:00+09:00,125.75684486947408,125.75684486947408,122.76263427734375,122.76263427734375,15000,0.0,0.0
2012-02-13 00:00:00+09:00,122.76259023700646,125.75679975498223,122.76259023700646,125.00824737548828,8000,0.0,0.0
2012-02-14 00:00:00+09:00,125.00826611039201,126.50537109375,125.00826611039201,126.50537109375,19000,0.0,0.0
2012-02-15 00:00:00+09:00,126.50535386029412,127.25390625,125.00824908088235,127.25390625,51000,0.0,0.0
2012-02-16 00:00:00+09:00,127.25390451397011,127.25390451397011,125.00824737548828,125.00824737548828,7000,0.0,0.0
2012-02-17 00:00:00+09:00,125.00825702713198,126.5053619017084,124.25970458984376,124.25970458984375,33000,0.0,0.0
2012-02-20 00:00:00+09:00,124.25971361871302,126.50537109375,124.25971361871302,126.50537109375,7000,0.0,0.0
2012-02-21 00:00:00+09:00,126.50535213447617,126.50535213447617,124.25969499599434,125.00824737548828,21000,0.0,0.0
2012-02-22 00:00:00+09:00,126.50535386029412,127.25390625,125.75680147058823,127.25390625,43000,0.0,0.0
2012-02-23 00:00:00+09:00,127.25392358542899,127.25392358542899,126.50537109375,126.50537109375,30000,0.0,0.0
2012-02-24 00:00:00+09:00,128.751014362682,131.74522399902344,128.751014362682,131.74522399902344,105000,0.0,0.0
2012-02-27 00:00:00+09:00,130.99671936035156,130.99671936035156,129.49961399623325,130.99671936035156,78000,0.0,0.0
2012-02-28 00:00:00+09:00,130.24816667829242,130.99671936035156,128.7510613141741,130.99671936035156,47000,0.0,0.0
2012-02-29 00:00:00+09:00,129.49959014182866,130.24814268600107,128.75103759765625,128.75103759765625,36000,0.0,0.0
2012-03-01 00:00:00+09:00,129.49955556584501,130.99666025446749,128.75100322153378,130.24810791015625,37000,0.0,0.0
2012-03-02 00:00:00+09:00,130.99671936035156,130.99671936035156,130.24816667829242,130.99671936035156,27000,0.0,0.0
2012-03-05 00:00:00+09:00,131.74527204241073,131.74527204241073,130.99671936035156,130.99671936035156,19000,0.0,0.0
2012-03-06 00:00:00+09:00,130.99667158993807,131.74522399902344,130.2481191808527,131.74522399902344,34000,0.0,0.0
2012-03-07 00:00:00+09:00,131.74521259877875,131.74521259877875,130.24810791015625,130.24810791015625,27000,0.0,0.0
2012-03-08 00:00:00+09:00,130.24816667829242,130.99671936035156,130.24816667829242,130.99671936035156,15000,0.0,0.0
2012-03-09 00:00:00+09:00,132.4937764081088,132.4937764081088,130.99667158993807,131.74522399902344,76000,0.0,0.0
2012-03-12 00:00:00+09:00,131.74523514308285,133.24234008789062,131.74523514308285,133.24234008789062,13000,0.0,0.0
2012-03-13 00:00:00+09:00,132.4937764081088,132.4937764081088,131.74522399902344,131.74522399902344,35000,0.0,0.0
2012-03-14 00:00:00+09:00,133.24232881719416,133.24232881719416,131.74522399902344,131.74522399902344,33000,0.0,0.0
2012-03-15 00:00:00+09:00,131.74522399902344,133.24232881719416,131.74522399902344,131.74522399902344,17000,0.0,0.0
2012-03-16 00:00:00+09:00,131.74522399902344,133.24232881719416,131.74522399902344,131.74522399902344,22000,0.0,0.0
2012-03-19 00:00:00+09:00,132.49378967285156,133.24234215687898,131.74523718882415,132.49378967285156,14000,0.0,0.0
2012-03-21 00:00:00+09:00,132.49378967285156,132.49378967285156,131.74523718882415,132.49378967285156,43000,0.0,0.0
2012-03-22 00:00:00+09:00,132.49378761548675,133.24234008789062,130.99668267067898,133.24234008789062,50000,0.0,0.0
2012-03-23 00:00:00+09:00,133.24234008789062,133.24234008789062,131.74523514308285,133.24234008789062,27000,0.0,0.0
2012-03-26 00:00:00+09:00,133.24234008789062,133.9908925602945,133.24234008789062,133.24234008789062,42000,0.0,0.0
2012-03-27 00:00:00+09:00,133.99087329440647,134.7394256591797,133.99087329440647,134.7394256591797,33000,0.0,0.0
2012-03-28 00:00:00+09:00,134.7394664635819,137.04928588867188,134.7394664635819,137.04928588867188,43000,5.0,0.0
2012-03-29 00:00:00+09:00,137.04928588867188,138.5891655053985,134.7394664635819,137.04928588867188,37000,0.0,0.0
2012-03-30 00:00:00+09:00,138.5891655053985,138.5891655053985,137.04928588867188,137.04928588867188,7000,0.0,0.0
2012-04-02 00:00:00+09:00,137.8192256970352,137.8192256970352,137.04928588867188,137.04928588867188,39000,0.0,0.0
2012-04-03 00:00:00+09:00,135.50938058035715,137.04925990513394,134.73944091796875,134.73944091796875,29000,0.0,0.0
2012-04-04 00:00:00+09:00,134.73946105602175,134.73946105602175,132.4296417236328,132.4296417236328,35000,0.0,0.0
2012-04-05 00:00:00+09:00,129.349853515625,129.349853515625,127.80997430710566,129.349853515625,25000,0.0,0.0
2012-04-06 00:00:00+09:00,128.5799428363179,132.4296417236328,128.5799428363179,132.4296417236328,28000,0.0,0.0
2012-04-09 00:00:00+09:00,128.57994079589844,130.11982032638824,128.57994079589844,128.57994079589844,24000,0.0,0.0
2012-04-10 00:00:00+09:00,128.57992195221314,128.57992195221314,127.04004264739622,127.80998229980469,40000,0.0,0.0
2012-04-11 00:00:00+09:00,126.27011164912471,126.27011164912471,123.96029253359194,124.73023223876953,44000,0.0,0.0
2012-04-12 00:00:00+09:00,125.50017194394712,127.0400513543023,124.73023223876953,124.73023223876953,11000,0.0,0.0
2012-04-13 00:00:00+09:00,128.57994079589844,129.34988056114335,127.04006126540864,128.57994079589844,29000,0.0,0.0
2012-04-16 00:00:00+09:00,128.57994079589844,130.11982032638824,128.57994079589844,128.57994079589844,22000,0.0,0.0
2012-04-17 00:00:00+09:00,130.11982032638824,130.88976009163315,128.57994079589844,128.57994079589844,11000,0.0,0.0
2012-04-18 00:00:00+09:00,128.57994079589844,131.65969985687804,128.57994079589844,128.57994079589844,19000,0.0,0.0
2012-04-19 00:00:00+09:00,128.57991391136534,131.659672328404,128.57991391136534,129.349853515625,9000,0.0,0.0
2012-04-20 00:00:00+09:00,131.65970688317654,131.65970688317654,129.34988746417343,130.1198272705078,13000,0.0,0.0
2012-04-23 00:00:00+09:00,130.11982239124387,132.4296417236328,128.5799428363179,132.4296417236328,23000,0.0,0.0
2012-04-24 00:00:00+09:00,132.4296119326637,132.4296119326637,123.9602762858073,129.349853515625,81000,0.0,0.0
2012-04-25 00:00:00+09:00,132.42964668951092,132.42964668951092,130.1198272705078,130.1198272705078,7000,0.0,0.0
2012-04-26 00:00:00+09:00,131.65967963723574,131.65967963723574,130.11980034323298,130.88973999023438,17000,0.0,0.0
2012-04-27 00:00:00+09:00,130.88974090943853,130.88974090943853,127.80998229980469,127.80998229980469,25000,0.0,0.0
2012-05-01 00:00:00+09:00,128.57992242022257,128.57992242022257,125.50016379937892,126.27010345458984,7000,0.0,0.0
2012-05-02 00:00:00+09:00,125.50017194394712,126.27011164912471,123.96029253359194,124.73023223876953,13000,0.0,0.0
2012-05-07 00:00:00+09:00,121.65050939086137,123.19038925656848,120.88056945800783,120.88056945800781,18000,0.0,0.0
2012-05-08 00:00:00+09:00,120.88053831664271,123.19035752014544,120.1105985821418,122.42041778564453,11000,0.0,0.0
2012-05-09 00:00:00+09:00,120.11060049019608,120.11060049019608,117.80078125,117.80078125,15000,0.0,0.0
2012-05-10 00:00:00+09:00,117.03083038330078,117.80077005687512,115.49095103615208,117.03083038330078,29000,0.0,0.0
2012-05-11 00:00:00+09:00,117.03083141430005,117.03083141430005,113.9510726928711,113.9510726928711,20000,0.0,0.0
2012-05-14 00:00:00+09:00,113.18114471435547,114.72102423427867,113.18114471435547,113.18114471435547,19000,0.0,0.0
2012-05-15 00:00:00+09:00,110.10135985073978,112.4111785888672,108.56148069198818,112.41117858886719,44000,0.0,0.0
2012-05-16 00:00:00+09:00,110.8713352933843,110.8713352933843,108.56151580810547,108.56151580810547,15000,0.0,0.0
2012-05-17 00:00:00+09:00,108.56148491706048,113.18112257310561,108.56148491706048,110.10136413574219,15000,0.0,0.0
2012-05-18 00:00:00+09:00,110.87129943011558,113.181118168243,107.79154111261238,112.41117858886719,52000,0.0,0.0
2012-05-21 00:00:00+09:00,109.33143615722656,110.10137584847463,108.5614964659785,109.33143615722656,36000,0.0,0.0
2012-05-22 00:00:00+09:00,110.10137531492445,110.8713150024414,109.3314356274075,110.8713150024414,13000,0.0,0.0
2012-05-23 00:00:00+09:00,110.1013788157496,111.6412582397461,109.33143910375135,111.6412582397461,29000,0.0,0.0
2012-05-24 00:00:00+09:00,110.10139198303223,110.10139198303223,107.79157257080078,107.79157257080078,38000,0.0,0.0
2012-05-25 00:00:00+09:00,107.7915759796792,108.56151580810547,107.7915759796792,108.56151580810547,6000,0.0,0.0
2012-05-28 00:00:00+09:00,110.10136413574219,111.6412433544239,109.33142452640134,110.10136413574219,7000,0.0,0.0
2012-05-29 00:00:00+09:00,109.33142452640134,110.10136413574219,109.33142452640134,110.10136413574219,6000,0.0,0.0
2012-05-30 00:00:00+09:00,110.10139546495803,110.10139546495803,108.56151580810547,108.56151580810547,17000,0.0,0.0
2012-05-31 00:00:00+09:00,107.79157257080078,108.56151237487794,107.02163276672364,107.79157257080078,39000,0.0,0.0
2012-06-01 00:00:00+09:00,107.79156560483186,107.79156560483186,106.2516860961914,106.2516860961914,15000,0.0,0.0
2012-06-04 00:00:00+09:00,104.71180312998973,106.2516825877837,104.71180312998973,105.48174285888672,22000,0.0,0.0
2012-06-05 00:00:00+09:00,105.48174634187117,106.2516860961914,105.48174634187117,106.2516860961914,16000,0.0,0.0
2012-06-06 00:00:00+09:00,108.56148491706048,110.10136413574219,105.48172647969706,110.10136413574219,21000,0.0,0.0
2012-06-07 00:00:00+09:00,110.10136413574219,110.10136413574219,110.10136413574219,110.10136413574219,15000,0.0,0.0
2012-06-08 00:00:00+09:00,109.33143910375135,111.6412582397461,109.33143910375135,111.6412582397461,68000,0.0,0.0
2012-06-11 00:00:00+09:00,111.6412433544239,112.41118296376476,110.10136413574219,110.10136413574219,52000,0.0,0.0
2012-06-12 00:00:00+09:00,112.41120495439387,113.18114471435547,109.33144591454746,113.18114471435547,26000,0.0,0.0
2012-06-13 00:00:00+09:00,111.64125365179939,113.9510726928711,111.64125365179939,113.9510726928711,9000,0.0,0.0
2012-06-14 00:00:00+09:00,113.9510726928711,113.9510726928711,111.64125365179939,113.9510726928711,18000,0.0,0.0
2012-06-15 00:00:00+09:00,118.57071757145066,118.57071757145066,107.02162170410156,107.02162170410156,125000,0.0,0.0
2012-06-18 00:00:00+09:00,108.56151580810547,109.33145563653176,107.7915759796792,108.56151580810547,55000,0.0,0.0
2012-06-19 00:00:00+09:00,108.56151237487794,108.56151237487794,107.79157257080078,107.79157257080078,16000,0.0,0.0
2012-06-20 00:00:00+09:00,109.33143615722656,109.33143615722656,107.79155677473041,109.33143615722656,8000,0.0,0.0
2012-06-21 00:00:00+09:00,110.8713150024414,110.8713150024414,110.10137531492445,110.8713150024414,13000,0.0,0.0
2012-06-22 00:00:00+09:00,110.87132478240352,114.72102355957031,110.87132478240352,114.72102355957031,54000,0.0,0.0
2012-06-25 00:00:00+09:00,117.03084351416348,117.03084351416348,112.41120495439387,113.18114471435547,32000,0.0,0.0
2012-06-26 00:00:00+09:00,112.41120495439387,113.18114471435547,111.64126519443226,113.18114471435547,26000,0.0,0.0
2012-06-27 00:00:00+09:00,113.9510726928711,114.72101237322833,113.9510726928711,113.9510726928711,10000,0.0,0.0
2012-06-28 00:00:00+09:00,113.95107971191406,116.26089889526367,112.41120025634766,115.49095916748047,27000,0.0,0.0
2012-06-29 00:00:00+09:00,115.49096265376009,116.26090240478516,112.41120364965983,116.26090240478516,26000,0.0,0.0
2012-07-02 00:00:00+09:00,119.34066074346406,119.34066074346406,117.80078125,117.80078125,9000,0.0,0.0
2012-07-03 00:00:00+09:00,119.34064940402382,119.34064940402382,116.26089070972643,117.03083038330078,10000,0.0,0.0
2012-07-04 00:00:00+09:00,117.80078125,118.57072099673202,117.03084150326798,117.80078125,5000,0.0,0.0
2012-07-05 00:00:00+09:00,116.26089769834047,118.57071685791014,116.26089769834047,118.57071685791016,13000,0.0,0.0
2012-07-06 00:00:00+09:00,118.57071807861327,118.57071807861327,115.49095916748045,115.49095916748047,17000,0.0,0.0
2012-07-09 00:00:00+09:00,115.49095103615208,117.80077005687512,115.49095103615208,117.03083038330078,7000,0.0,0.0
2012-07-10 00:00:00+09:00,116.26090175653594,117.80078125,114.7210222630719,117.80078125,28000,0.0,0.0
2012-07-11 00:00:00+09:00,114.72101943969726,117.03083862304686,114.72101943969726,115.49095916748047,30000,0.0,0.0
2012-07-12 00:00:00+09:00,115.49096265376009,117.03084215581023,115.49096265376009,116.26090240478516,11000,0.0,0.0
2012-07-13 00:00:00+09:00,116.26089769834047,120.11059629762326,116.26089769834047,118.57071685791016,47000,0.0,0.0
2012-07-17 00:00:00+09:00,125.50018029212951,125.50018029212951,122.42042126655578,123.19036102294922,97000,0.0,0.0
2012-07-18 00:00:00+09:00,123.19035752014544,123.19035752014544,119.3406588476409,122.42041778564453,23000,0.0,0.0
2012-07-19 00:00:00+09:00,121.65048151016235,123.19036102294922,121.65048151016235,123.19036102294922,12000,0.0,0.0
2012-07-20 00:00:00+09:00,123.19034777189556,123.19034777189556,117.03083038330078,117.03083038330078,26000,0.0,0.0
2012-07-23 00:00:00+09:00,117.80077005687512,119.34064940402382,116.26089070972643,117.03083038330078,41000,0.0,0.0
2012-07-24 00:00:00+09:00,119.34066356756749,120.11060333251953,116.26090450775929,120.11060333251953,73000,0.0,0.0
2012-07-25 00:00:00+09:00,116.26090307043702,116.26090307043702,113.1811440487036,114.72102355957031,17000,0.0,0.0
2012-07-26 00:00:00+09:00,115.49095916748045,115.49095916748045,115.49095916748045,115.49095916748047,10000,0.0,0.0
2012-07-27 00:00:00+09:00,119.34065780639648,119.34065780639648,113.95107971191406,115.49095916748047,16000,0.0,0.0
2012-07-30 00:00:00+09:00,117.80078125,119.34066074346406,113.95108251633987,117.80078125,13000,0.0,0.0
2012-07-31 00:00:00+09:00,117.8007806101153,119.34066009521484,117.8007806101153,119.34066009521484,18000,0.0,0.0
2012-08-01 00:00:00+09:00,119.34066074346406,119.34066074346406,117.80078125,117.80078125,5000,0.0,0.0
2012-08-02 00:00:00+09:00,117.03083141430005,117.03083141430005,113.9510726928711,113.9510726928711,22000,0.0,0.0
2012-08-03 00:00:00+09:00,113.95108447431707,115.49096399424027,113.18114471435547,113.18114471435547,9000,0.0,0.0
2012-08-06 00:00:00+09:00,113.18114471435547,114.72102423427867,112.41120495439387,113.18114471435547,12000,0.0,0.0
2012-08-07 00:00:00+09:00,115.49096399424027,115.49096399424027,113.18114471435547,113.18114471435547,3000,0.0,0.0
2012-08-08 00:00:00+09:00,115.49095916748045,117.80077835083007,111.64126052856444,115.49095916748047,29000,0.0,0.0
2012-08-09 00:00:00+09:00,115.49095103615208,117.03083038330078,113.95107168900338,117.03083038330078,14000,0.0,0.0
2012-08-10 00:00:00+09:00,117.03084282587038,117.03084282587038,114.72102355957031,114.72102355957031,22000,0.0,0.0
2012-08-13 00:00:00+09:00,115.49096399424027,116.26090375420188,113.18114471435547,113.18114471435547,13000,0.0,0.0
2012-08-14 00:00:00+09:00,113.95108380413696,114.72102355957031,113.95108380413696,114.72102355957031,19000,0.0,0.0
2012-08-15 00:00:00+09:00,113.95108447431707,115.49096399424027,113.18114471435547,113.18114471435547,21000,0.0,0.0
2012-08-16 00:00:00+09:00,114.72101136257774,117.03083038330078,114.72101136257774,117.03083038330078,33000,0.0,0.0
2012-08-17 00:00:00+09:00,116.26089070972643,117.03083038330078,116.26089070972643,117.03083038330078,19000,0.0,0.0
2012-08-20 00:00:00+09:00,117.80077713805359,119.34065657776671,117.03083741819702,118.57071685791016,19000,0.0,0.0
2012-08-21 00:00:00+09:00,118.57071685791014,120.11059629762326,118.57071685791014,118.57071685791016,17000,0.0,0.0
2012-08-22 00:00:00+09:00,117.80078125,118.57072099673202,117.03084150326798,117.80078125,23000,0.0,0.0
2012-08-23 00:00:00+09:00,118.57071685791014,119.34065657776671,116.26089769834047,118.57071685791016,13000,0.0,0.0
2012-08-24 00:00:00+09:00,120.11059753417967,120.11059753417967,112.41120025634766,115.49095916748047,42000,0.0,0.0
2012-08-27 00:00:00+09:00,117.80077713805359,118.57071685791014,117.80077713805359,118.57071685791016,11000,0.0,0.0
2012-08-28 00:00:00+09:00,118.57072035266506,119.34066009521484,117.03084086756552,119.34066009521484,40000,0.0,0.0
2012-08-29 00:00:00+09:00,116.26090175653594,119.34066074346406,116.26090175653594,117.80078125,5000,0.0,0.0
2012-08-30 00:00:00+09:00,119.34066140888542,119.34066140888542,116.26090240478516,116.26090240478516,6000,0.0,0.0
2012-08-31 00:00:00+09:00,115.49096331500367,115.49096331500367,114.72102355957031,114.72102355957031,4000,0.0,0.0
2012-09-03 00:00:00+09:00,113.9510577476188,114.7209973269946,112.4111785888672,112.41117858886719,48000,0.0,0.0
2012-09-04 00:00:00+09:00,112.41119437747531,112.41119437747531,110.8713150024414,110.8713150024414,50000,0.0,0.0
2012-09-05 00:00:00+09:00,111.64126519443226,113.18114471435547,111.64126519443226,113.18114471435547,25000,0.0,0.0
2012-09-06 00:00:00+09:00,113.18114471435547,113.18114471435547,110.10138567450906,113.18114471435547,15000,0.0,0.0
2012-09-07 00:00:00+09:00,112.41120025634766,117.03083862304686,112.41120025634766,115.49095916748047,32000,0.0,0.0
2012-09-10 00:00:00+09:00,115.49095916748045,115.49095916748045,115.49095916748045,115.49095916748047,13000,0.0,0.0
2012-09-11 00:00:00+09:00,115.49096265376009,116.26090240478516,115.49096265376009,116.26090240478516,9000,0.0,0.0
2012-09-12 00:00:00+09:00,116.2608965117356,117.03083622373384,111.6412582397461,111.6412582397461,35000,0.0,0.0
2012-09-13 00:00:00+09:00,113.95108315170995,116.26090240478516,113.18114340068489,116.26090240478516,11000,0.0,0.0
2012-09-14 00:00:00+09:00,118.57071685791014,118.57071685791014,117.80077713805359,118.57071685791016,56000,0.0,0.0
2012-09-18 00:00:00+09:00,120.11059629762326,120.11059629762326,116.26089769834047,118.57071685791016,55000,0.0,0.0
2012-09-19 00:00:00+09:00,118.57072572929914,140.12903949826264,113.18114728705828,132.4296417236328,1294000,0.0,0.0
2012-09-20 00:00:00+09:00,132.42962193080356,134.73944091796875,130.11980294363838,134.73944091796875,340000,0.0,0.0
2012-09-21 00:00:00+09:00,133.9694985782399,138.58913646024814,130.88973999023438,130.88973999023438,328000,0.0,0.0
2012-09-24 00:00:00+09:00,132.42966033406339,133.9695401053897,132.42966033406339,133.19960021972656,74000,0.0,0.0
2012-09-25 00:00:00+09:00,134.7394799910529,134.7394799910529,131.65972044840024,133.19960021972656,131000,0.0,0.0
2012-09-26 00:00:00+09:00,133.19959510456434,135.50941467285156,132.42965524846858,135.50941467285156,120000,0.0,0.0
2012-09-27 00:00:00+09:00,134.73943732250694,137.81919588987853,133.96949768066406,133.96949768066406,112000,0.0,0.0
2012-09-28 00:00:00+09:00,134.73943732250694,137.04925624803565,132.42961839697827,133.96949768066406,77000,0.0,0.0
2012-10-01 00:00:00+09:00,135.50937696434985,135.50937696434985,133.19955803882115,133.96949768066406,43000,0.0,0.0
2012-10-02 00:00:00+09:00,137.04928588867188,137.04928588867188,134.7394664635819,137.04928588867188,75000,0.0,0.0
2012-10-03 00:00:00+09:00,137.04929103022036,141.66893005371094,135.5094113557235,141.66893005371094,291000,0.0,0.0
2012-10-04 00:00:00+09:00,142.4388609632934,144.74868033026573,135.50940286237642,136.2793426513672,292000,0.0,0.0
2012-10-05 00:00:00+09:00,136.2793597623792,136.2793597623792,132.42966033406339,133.19960021972656,156000,0.0,0.0
2012-10-09 00:00:00+09:00,130.11980034323298,134.73943822524126,128.57992104923022,130.88973999023438,142000,0.0,0.0
2012-10-10 00:00:00+09:00,130.1197931198847,130.1197931198847,127.04003470284599,129.349853515625,108000,0.0,0.0
2012-10-11 00:00:00+09:00,129.34988746417343,130.8897670768422,129.34988746417343,130.1198272705078,47000,0.0,0.0
2012-10-12 00:00:00+09:00,132.4296417236328,133.1995815010958,131.65970194616983,132.4296417236328,80000,0.0,0.0
2012-10-15 00:00:00+09:00,133.19960021972656,133.19960021972656,131.65972044840024,133.19960021972656,43000,0.0,0.0
2012-10-16 00:00:00+09:00,132.4296417236328,134.73946105602175,132.4296417236328,132.4296417236328,69000,0.0,0.0
2012-10-17 00:00:00+09:00,133.96949768066406,133.96949768066406,133.19955803882115,133.96949768066406,15000,0.0,0.0
2012-10-18 00:00:00+09:00,134.73946307338565,137.04928244035796,133.96952328439485,136.2793426513672,51000,0.0,0.0
2012-10-19 00:00:00+09:00,136.27934608030853,137.04928588867188,133.96952665521857,137.04928588867188,51000,0.0,0.0
2012-10-22 00:00:00+09:00,134.73946307338565,137.04928244035796,134.73946307338565,136.2793426513672,32000,0.0,0.0
2012-10-23 00:00:00+09:00,137.8192256970352,137.8192256970352,135.5094062719452,137.04928588867188,37000,0.0,0.0
2012-10-24 00:00:00+09:00,134.73946307338565,136.2793426513672,134.73946307338565,136.2793426513672,22000,0.0,0.0
2012-10-25 00:00:00+09:00,136.2793426513672,136.2793426513672,136.2793426513672,136.2793426513672,7000,0.0,0.0
2012-10-26 00:00:00+09:00,133.96952127855877,135.50940083348473,130.88976216870685,132.4296417236328,66000,0.0,0.0
2012-10-29 00:00:00+09:00,134.73943732250694,134.73943732250694,127.04004090407798,133.96949768066406,77000,0.0,0.0
2012-10-30 00:00:00+09:00,130.8897523756151,132.4296318153282,115.4909579784839,118.57071685791016,184000,0.0,0.0
2012-10-31 00:00:00+09:00,122.42040517853528,129.3498620754335,122.42040517853528,126.27010345458984,182000,0.0,0.0
2012-11-01 00:00:00+09:00,127.0400619506836,127.0400619506836,124.73024264248934,127.0400619506836,34000,0.0,0.0
2012-11-02 00:00:00+09:00,127.04006126540864,130.11982032638824,127.04006126540864,128.57994079589844,70000,0.0,0.0
2012-11-05 00:00:00+09:00,129.349853515625,129.349853515625,125.50015549432665,129.349853515625,57000,0.0,0.0
2012-11-06 00:00:00+09:00,130.1198017306444,130.1198017306444,125.50016379937892,126.27010345458984,48000,0.0,0.0
2012-11-07 00:00:00+09:00,128.5799307646575,128.5799307646575,123.19035282841435,124.73023223876953,28000,0.0,0.0
2012-11-08 00:00:00+09:00,125.50017672364817,125.50017672364817,121.65047805114362,122.42041778564453,47000,0.0,0.0
2012-11-09 00:00:00+09:00,121.65046691894531,122.42040658298926,121.65046691894531,121.65046691894531,18000,0.0,0.0
2012-11-12 00:00:00+09:00,123.19034624703322,123.19034624703322,121.65046691894531,121.65046691894531,25000,0.0,0.0
2012-11-13 00:00:00+09:00,123.96028591107718,123.96028591107718,121.65046691894531,121.65046691894531,57000,0.0,0.0
2012-11-14 00:00:00+09:00,121.6504999006757,124.73025939183205,121.6504999006757,123.96031951904297,113000,0.0,0.0
2012-11-15 00:00:00+09:00,123.19034880655676,125.50016784667969,123.19034880655676,125.50016784667969,145000,0.0,0.0
2012-11-16 00:00:00+09:00,125.50019926462113,126.27013913741023,123.19037964625387,123.96031951904297,73000,0.0,0.0
2012-11-19 00:00:00+09:00,125.50018173491884,128.57994079589844,124.73024196967393,128.57994079589844,59000,0.0,0.0
2012-11-20 00:00:00+09:00,127.04006804517034,130.1198272705078,127.04006804517034,130.1198272705078,82000,0.0,0.0
2012-11-21 00:00:00+09:00,130.8897670768422,131.65970688317654,130.1198272705078,130.1198272705078,43000,0.0,0.0
2012-11-22 00:00:00+09:00,131.65967875513536,134.73943732250694,131.65967875513536,133.96949768066406,45000,0.0,0.0
2012-11-26 00:00:00+09:00,133.19955803882115,136.27931660619274,133.19955803882115,133.96949768066406,70000,0.0,0.0
2012-11-27 00:00:00+09:00,135.5094062719452,137.04928588867188,134.7394664635819,137.04928588867188,48000,0.0,0.0
2012-11-28 00:00:00+09:00,137.04925624803565,137.04925624803565,133.96949768066406,133.96949768066406,33000,0.0,0.0
2012-11-29 00:00:00+09:00,133.96950223153098,135.5093815675256,131.65968322753906,131.65968322753906,53000,0.0,0.0
2012-11-30 00:00:00+09:00,130.11982239124387,134.73946105602175,130.11982239124387,132.4296417236328,65000,0.0,0.0
2012-12-03 00:00:00+09:00,134.73943732250694,134.73943732250694,133.96949768066406,133.96949768066406,20000,0.0,0.0
2012-12-04 00:00:00+09:00,132.42961839697827,133.96949768066406,132.42961839697827,133.96949768066406,26000,0.0,0.0
2012-12-05 00:00:00+09:00,133.96949768066406,133.96949768066406,132.42961839697827,133.96949768066406,19000,0.0,0.0
2012-12-06 00:00:00+09:00,135.50940286237642,137.04928244035796,134.73946307338565,136.2793426513672,57000,0.0,0.0
2012-12-07 00:00:00+09:00,137.04925990513394,137.04925990513394,134.73944091796875,134.73944091796875,22000,0.0,0.0
2012-12-10 00:00:00+09:00,137.8192138671875,137.8192138671875,136.2793343826379,137.8192138671875,50000,0.0,0.0
2012-12-11 00:00:00+09:00,134.73947481675583,137.04929438504305,134.73947481675583,135.50941467285156,44000,0.0,0.0
2012-12-12 00:00:00+09:00,135.5094062719452,137.04928588867188,134.7394664635819,137.04928588867188,20000,0.0,0.0
2012-12-13 00:00:00+09:00,137.8192256970352,138.5891655053985,137.04928588867188,137.04928588867188,61000,0.0,0.0
2012-12-14 00:00:00+09:00,136.2793426513672,137.04928244035796,135.50940286237642,136.2793426513672,87000,0.0,0.0
2012-12-17 00:00:00+09:00,138.5891655053985,138.5891655053985,135.5094062719452,137.04928588867188,45000,0.0,0.0
2012-12-18 00:00:00+09:00,137.04928244035796,138.58916201833952,136.2793426513672,136.2793426513672,49000,0.0,0.0
2012-12-19 00:00:00+09:00,138.58915360946227,138.58915360946227,136.2793343826379,137.8192138671875,32000,0.0,0.0
2012-12-20 00:00:00+09:00,137.81923424113882,138.58917409723455,135.50941467285156,135.50941467285156,46000,0.0,0.0
2012-12-21 00:00:00+09:00,135.50940286237642,137.04928244035796,135.50940286237642,136.2793426513672,33000,0.0,0.0
2012-12-25 00:00:00+09:00,138.5891655053985,138.5891655053985,134.7394664635819,137.04928588867188,54000,0.0,0.0
2012-12-26 00:00:00+09:00,137.81922222934875,139.3591018073303,136.2793426513672,136.2793426513672,66000,0.0,0.0
2012-12-27 00:00:00+09:00,140.12905037921408,141.66893005371094,139.35911054196563,141.66893005371094,79000,0.0,0.0
2012-12-28 00:00:00+09:00,142.43886989095935,143.2088097282078,140.8989902164625,141.66893005371094,71000,0.0,0.0
2013-01-04 00:00:00+09:00,148.59836991628012,149.368309656779,146.28855069478354,147.82843017578125,76000,0.0,0.0
2013-01-07 00:00:00+09:00,152.44806377704327,152.44806377704327,147.82842548076923,150.13824462890625,81000,0.0,0.0
2013-01-08 00:00:00+09:00,148.59835815429688,148.59835815429688,147.82841847474094,148.59835815429688,33000,0.0,0.0
2013-01-09 00:00:00+09:00,145.51861095428467,149.368309656779,145.51861095428467,147.82843017578125,61000,0.0,0.0
2013-01-10 00:00:00+09:00,148.5983651968149,150.90818434495193,147.05848576472357,150.13824462890625,94000,0.0,0.0
2013-01-11 00:00:00+09:00,152.44806377704327,152.44806377704327,149.3683049128606,150.13824462890625,58000,0.0,0.0
2013-01-15 00:00:00+09:00,149.36830839818836,152.44806733423349,149.36830839818836,150.90818786621094,89000,0.0,0.0
2013-01-16 00:00:00+09:00,153.98793290301066,159.37751055461604,151.6781139094655,157.83763122558594,413000,0.0,0.0
2013-01-17 00:00:00+09:00,158.6076153564453,158.6076153564453,152.44809631347655,153.98797607421875,125000,0.0,0.0
2013-01-18 00:00:00+09:00,158.607570890101,159.37751055461604,155.5278122320408,157.83763122558594,70000,0.0,0.0
2013-01-21 00:00:00+09:00,160.14747769224877,160.14747769224877,155.5278389126647,157.06771850585938,68000,0.0,0.0
2013-01-22 00:00:00+09:00,158.60757552043046,158.60757552043046,154.75787708546855,155.52781677246094,56000,0.0,0.0
2013-01-23 00:00:00+09:00,155.5278132044854,155.5278132044854,153.21799419649798,154.75787353515625,57000,0.0,0.0
2013-01-24 00:00:00+09:00,150.13827667236328,153.98797607421875,148.59839691162108,153.98797607421875,74000,0.0,0.0
2013-01-25 00:00:00+09:00,166.30701686911388,177.0861753698898,163.9971971903762,168.61683654785156,725000,0.0,0.0
2013-01-28 00:00:00+09:00,170.92661340886897,171.69655310890892,168.61679430874912,169.38673400878906,279000,0.0,0.0
2013-01-29 00:00:00+09:00,168.61679430874912,170.92661340886897,166.30697520862927,169.38673400878906,161000,0.0,0.0
2013-01-30 00:00:00+09:00,170.1566842254502,171.69656372070312,167.0769252349443,171.69656372070312,141000,0.0,0.0
2013-01-31 00:00:00+09:00,171.69655667818512,172.46649639423077,169.3867375300481,170.15667724609375,82000,0.0,0.0
2013-02-01 00:00:00+09:00,173.2364432159561,173.2364432159561,171.69656372070312,171.69656372070312,105000,0.0,0.0
2013-02-04 00:00:00+09:00,174.00639686080328,175.54627647904047,171.6965774334475,174.77633666992188,84000,0.0,0.0
2013-02-05 00:00:00+09:00,174.77630257395518,175.54624223287126,174.00636291503906,174.00636291503906,74000,0.0,0.0
2013-02-06 00:00:00+09:00,175.54626601082938,175.54626601082938,172.4665069580078,172.4665069580078,73000,0.0,0.0
2013-02-07 00:00:00+09:00,174.77631435818142,178.6260129123264,170.92661580403646,173.23643493652344,440000,0.0,0.0
2013-02-08 00:00:00+09:00,173.23642150597638,174.00636115711407,163.22720604118663,167.076904296875,219000,0.0,0.0
2013-02-12 00:00:00+09:00,167.07695676202644,169.38677644076415,167.07695676202644,168.61683654785156,115000,0.0,0.0
2013-02-13 00:00:00+09:00,166.30699652013644,167.84687611754512,163.2272373253191,163.99717712402344,79000,0.0,0.0
2013-02-14 00:00:00+09:00,164.76711202550817,167.07693135296856,163.99717224968805,166.30699157714844,43000,0.0,0.0
2013-02-15 00:00:00+09:00,162.45726921267627,163.22720887719132,157.0676915610709,157.83763122558594,81000,0.0,0.0
2013-02-18 00:00:00+09:00,158.6075849761233,161.6873439076985,158.6075849761233,160.9174041748047,57000,0.0,0.0
2013-02-19 00:00:00+09:00,158.60761172954852,160.91743131784293,158.60761172954852,160.14749145507812,60000,0.0,0.0
2013-02-20 00:00:00+09:00,161.68732673891128,169.38672325028801,161.68732673891128,167.076904296875,150000,0.0,0.0
2013-02-21 00:00:00+09:00,169.38677644076415,169.38677644076415,167.07695676202644,168.61683654785156,28000,0.0,0.0
2013-02-22 00:00:00+09:00,165.5370567214321,165.5370567214321,163.2272373253191,163.99717712402344,57000,0.0,0.0
2013-02-25 00:00:00+09:00,165.53702499459965,168.61678359915035,165.53702499459965,167.076904296875,77000,0.0,0.0
2013-02-26 00:00:00+09:00,169.38673152480015,169.38673152480015,158.60757588231286,165.5370330810547,102000,0.0,0.0
2013-02-27 00:00:00+09:00,167.07693279914136,167.07693279914136,160.14747475678067,163.22723388671875,44000,0.0,0.0
2013-02-28 00:00:00+09:00,164.76710384263905,167.84686279296875,164.76710384263905,167.84686279296875,49000,0.0,0.0
2013-03-01 00:00:00+09:00,166.30699157714844,167.8468711287887,165.5370518013283,166.30699157714844,38000,0.0,0.0
2013-03-04 00:00:00+09:00,169.38674356335792,169.38674356335792,164.76710510253906,164.76710510253906,39000,0.0,0.0
2013-03-05 00:00:00+09:00,165.5370518013283,167.8468711287887,164.76711202550817,166.30699157714844,32000,0.0,0.0
2013-03-06 00:00:00+09:00,166.3069845894787,166.3069845894787,152.44806920702214,164.76710510253906,117000,0.0,0.0
2013-03-07 00:00:00+09:00,167.0769243329485,167.0769243329485,164.76710510253906,164.76710510253906,41000,0.0,0.0
2013-03-08 00:00:00+09:00,167.84684394801266,168.61678359915035,166.30696464573734,167.076904296875,251000,0.0,0.0
2013-03-11 00:00:00+09:00,170.15668075149125,172.46649994721284,170.15668075149125,170.92662048339844,142000,0.0,0.0
2013-03-12 00:00:00+09:00,173.23647590532696,173.23647590532696,168.61683654785156,168.61683654785156,62000,0.0,0.0
2013-03-13 00:00:00+09:00,168.61681090460883,169.38675068042895,166.30699157714844,166.30699157714844,30000,0.0,0.0
2013-03-14 00:00:00+09:00,167.84686279296875,168.61680253055118,167.84686279296875,167.84686279296875,26000,0.0,0.0
2013-03-15 00:00:00+09:00,169.38672325028801,169.38672325028801,167.076904296875,167.076904296875,100000,0.0,0.0
2013-03-18 00:00:00+09:00,168.61681090460883,168.61681090460883,166.30699157714844,166.30699157714844,45000,0.0,0.0
2013-03-19 00:00:00+09:00,169.38677644076415,170.1567163336767,168.61683654785156,168.61683654785156,47000,0.0,0.0
2013-03-21 00:00:00+09:00,170.92661696213943,171.69655667818512,169.3867375300481,170.15667724609375,52000,0.0,0.0
2013-03-22 00:00:00+09:00,171.69655310890892,173.2364325089888,169.38673400878906,169.38673400878906,65000,0.0,0.0
2013-03-25 00:00:00+09:00,172.46649522569444,174.77631435818142,171.69655551486545,173.23643493652344,125000,0.0,0.0
2013-03-26 00:00:00+09:00,172.4665034683296,173.2364432159561,170.92662397307666,171.69656372070312,113000,0.0,0.0
2013-03-27 00:00:00+09:00,166.97099854630423,173.27179094427797,166.97099854630423,172.48419189453125,52000,5.0,0.0
2013-03-28 00:00:00+09:00,172.48419189453125,172.48419189453125,170.90899379503782,172.48419189453125,30000,0.0,0.0
2013-03-29 00:00:00+09:00,174.05936304728192,174.05936304728192,167.75857162475586,170.12136840820312,57000,0.0,0.0
2013-04-01 00:00:00+09:00,170.90899386772742,170.90899386772742,163.0330033669105,163.8206024169922,65000,0.0,0.0
2013-04-02 00:00:00+09:00,163.82054818030633,163.82054818030633,157.51975786567917,159.09495544433594,85000,0.0,0.0
2013-04-03 00:00:00+09:00,161.4578052667471,163.8206024169922,161.4578052667471,163.8206024169922,36000,0.0,0.0
2013-04-04 00:00:00+09:00,163.82058071082747,167.75857543945312,159.8825859822018,167.75857543945312,43000,0.0,0.0
2013-04-05 00:00:00+09:00,171.69654965730308,172.48414850894207,163.82056114091301,170.90895080566406,113000,0.0,0.0
2013-04-08 00:00:00+09:00,170.90894726839932,174.0593426097523,170.90894726839932,173.27174377441406,117000,0.0,0.0
2013-04-09 00:00:00+09:00,177.99736545322176,177.99736545322176,171.69657375576259,174.8469696044922,69000,0.0,0.0
2013-04-10 00:00:00+09:00,175.63454028042878,175.63454028042878,170.90894726839932,173.27174377441406,65000,0.0,0.0
2013-04-11 00:00:00+09:00,177.99736281803678,177.99736281803678,174.05936806542533,176.4221649169922,78000,0.0,0.0
2013-04-12 00:00:00+09:00,176.42215338659503,176.42215338659503,173.27175779040581,174.05935668945312,59000,0.0,0.0
2013-04-15 00:00:00+09:00,171.69656755314318,171.69656755314318,167.7585728844931,169.33377075195312,64000,0.0,0.0
2013-04-16 00:00:00+09:00,168.54617568681826,169.3337746386258,165.395779879588,166.97097778320312,43000,0.0,0.0
2013-04-17 00:00:00+09:00,170.90895080566406,173.2717473605811,170.12135195402504,170.90895080566406,54000,0.0,0.0
2013-04-18 00:00:00+09:00,168.54617181822312,171.69656755314318,168.54617181822312,169.33377075195312,22000,0.0,0.0
2013-04-19 00:00:00+09:00,169.33377075195312,171.69656755314318,168.54617181822312,169.33377075195312,34000,0.0,0.0
2013-04-22 00:00:00+09:00,170.12138100720327,172.48417796563663,170.12138100720327,171.6965789794922,33000,0.0,0.0
2013-04-23 00:00:00+09:00,171.6965789794922,172.48417796563663,169.3337820210588,171.6965789794922,44000,0.0,0.0
2013-04-24 00:00:00+09:00,176.42215088985427,176.42215088985427,173.2717553382497,175.63455200195312,121000,0.0,0.0
2013-04-25 00:00:00+09:00,177.20974731445312,177.20974731445312,174.84695068359375,177.20974731445312,65000,0.0,0.0
2013-04-26 00:00:00+09:00,175.63454028042878,177.2097379511053,172.4841449390758,173.27174377441406,94000,0.0,0.0
2013-04-30 00:00:00+09:00,172.48419189453125,175.63458809351812,172.48419189453125,172.48419189453125,57000,0.0,0.0
2013-05-01 00:00:00+09:00,172.48419189453125,175.63458809351812,172.48419189453125,172.48419189453125,36000,0.0,0.0
2013-05-02 00:00:00+09:00,174.05938999402468,174.05938999402468,166.97099854630423,172.48419189453125,73000,0.0,0.0
2013-05-07 00:00:00+09:00,175.6345659664699,177.20976386751448,173.27176911490304,176.4221649169922,193000,0.0,0.0
2013-05-08 00:00:00+09:00,177.2097699053876,181.93536376953125,174.84697297331576,181.93536376953125,160000,0.0,0.0
2013-05-09 00:00:00+09:00,185.08573865676675,187.44853532047014,174.05935422615084,175.63455200195312,273000,0.0,0.0
2013-05-10 00:00:00+09:00,175.63458809351812,177.99738524275827,172.48419189453125,172.48419189453125,147000,0.0,0.0
2013-05-13 00:00:00+09:00,175.63458809351812,175.63458809351812,171.69659284478453,172.48419189453125,119000,0.0,0.0
2013-05-14 00:00:00+09:00,173.27178014007433,181.14777014644136,172.48418113943762,178.78497314453125,149000,0.0,0.0
2013-05-15 00:00:00+09:00,178.78496916397756,181.14776611328125,178.78496916397756,181.14776611328125,171000,0.0,0.0
2013-05-16 00:00:00+09:00,178.78496441540418,178.78496441540418,173.2717716801274,174.8469696044922,106000,0.0,0.0
2013-05-17 00:00:00+09:00,173.27176411946616,180.36015446980795,173.27176411946616,179.5725555419922,78000,0.0,0.0
2013-05-20 00:00:00+09:00,179.57256071908134,179.57256071908134,176.4221649169922,176.4221649169922,97000,0.0,0.0
2013-05-21 00:00:00+09:00,178.78496176855904,179.57256071908134,176.4221649169922,176.4221649169922,90000,0.0,0.0
2013-05-22 00:00:00+09:00,179.57257918329196,185.08577240383164,177.99738112028064,183.5105743408203,288000,0.0,0.0
2013-05-23 00:00:00+09:00,181.9353385996596,183.51053633645316,168.54615783691406,168.54615783691406,284000,0.0,0.0
2013-05-24 00:00:00+09:00,169.33375670531086,173.27175104729483,167.75855896851726,168.54615783691406,163000,0.0,0.0
2013-05-27 00:00:00+09:00,163.03297677389006,164.60817461711605,160.67018000905105,161.45777893066406,85000,0.0,0.0
2013-05-28 00:00:00+09:00,159.09498468408444,161.4577814863233,159.09498468408444,159.88258361816406,83000,0.0,0.0
2013-05-29 00:00:00+09:00,163.03299354104436,163.03299354104436,159.88259753058938,160.67019653320312,38000,0.0,0.0
2013-05-30 00:00:00+09:00,166.18337116426633,174.84695923444136,160.67017875597315,162.24537658691406,363000,0.0,0.0
2013-05-31 00:00:00+09:00,165.395779879588,167.75857673501068,164.60818092778044,166.97097778320312,66000,0.0,0.0
2013-06-03 00:00:00+09:00,166.9709740248807,166.9709740248807,159.88258361816406,159.88258361816406,63000,0.0,0.0
2013-06-04 00:00:00+09:00,162.24538042040294,163.8205782885622,154.3693910796067,159.88258361816406,181000,0.0,0.0
2013-06-05 00:00:00+09:00,163.82059814453123,164.60819717407225,157.51980590820312,157.51980590820312,77000,0.0,0.0
2013-06-06 00:00:00+09:00,157.51978165064102,157.51978165064102,152.79418820112178,153.581787109375,43000,0.0,0.0
2013-06-07 00:00:00+09:00,150.43138737832345,150.43138737832345,144.91819517074092,146.49339294433594,101000,0.0,0.0
2013-06-10 00:00:00+09:00,148.85619487959084,155.9445851119523,148.85619487959084,152.794189453125,68000,0.0,0.0
2013-06-11 00:00:00+09:00,152.0065880600287,155.94458256935587,152.0065880600287,154.369384765625,51000,0.0,0.0
2013-06-12 00:00:00+09:00,152.79418095071517,158.307373046875,151.21898320895522,158.307373046875,45000,0.0,0.0
2013-06-13 00:00:00+09:00,155.15697190675095,155.15697190675095,152.00657653808594,152.00657653808594,48000,0.0,0.0
2013-06-14 00:00:00+09:00,152.0065892928686,154.3693860176282,149.64379256810898,153.581787109375,155000,0.0,0.0
2013-06-17 00:00:00+09:00,150.43138003349304,153.58177542686462,149.64378118515015,151.21897888183594,50000,0.0,0.0
2013-06-18 00:00:00+09:00,155.1569861972455,155.1569861972455,152.794189453125,152.794189453125,36000,0.0,0.0
2013-06-19 00:00:00+09:00,156.73217896740846,156.73217896740846,154.36938229955808,155.944580078125,35000,0.0,0.0
2013-06-20 00:00:00+09:00,155.15697996820037,157.5197766174623,155.15697996820037,156.732177734375,22000,0.0,0.0
2013-06-21 00:00:00+09:00,155.94457643423507,158.307373046875,152.0065820798352,158.307373046875,74000,0.0,0.0
2013-06-24 00:00:00+09:00,158.30735665500754,159.88255423366434,158.30735665500754,159.09495544433594,11000,0.0,0.0
2013-06-25 00:00:00+09:00,157.51977785669192,158.30737674597538,153.58178341027462,155.944580078125,28000,0.0,0.0
2013-06-26 00:00:00+09:00,159.09497946714743,159.09497946714743,153.581787109375,153.581787109375,34000,0.0,0.0
2013-06-27 00:00:00+09:00,156.73217896740846,156.73217896740846,153.58178341027462,155.944580078125,25000,0.0,0.0
2013-06-28 00:00:00+09:00,155.94460784912107,157.51980590820312,153.58181076049803,157.51980590820312,58000,0.0,0.0
2013-07-01 00:00:00+09:00,156.7322068786621,159.09500396728515,154.36940979003904,157.51980590820312,42000,0.0,0.0
2013-07-02 00:00:00+09:00,157.51978432259907,161.45777893066406,155.1569875577601,161.45777893066406,64000,0.0,0.0
2013-07-03 00:00:00+09:00,161.45775181232113,161.45775181232113,159.09495544433594,159.09495544433594,31000,0.0,0.0
2013-07-04 00:00:00+09:00,158.307373046875,159.88257078863495,155.1569775633551,158.307373046875,39000,0.0,0.0
2013-07-05 00:00:00+09:00,158.3073857500048,159.88258361816406,156.73218788184556,159.88258361816406,50000,0.0,0.0
2013-07-08 00:00:00+09:00,161.45778946465043,161.45778946465043,155.15699768066406,155.15699768066406,40000,0.0,0.0
2013-07-09 00:00:00+09:00,159.09498468408444,159.88258361816406,155.94458894776594,159.88258361816406,49000,0.0,0.0
2013-07-10 00:00:00+09:00,160.6701825522437,161.4577814863233,157.5197868159252,159.88258361816406,81000,0.0,0.0
2013-07-11 00:00:00+09:00,158.3073857500048,159.88258361816406,157.5197868159252,159.88258361816406,34000,0.0,0.0
2013-07-12 00:00:00+09:00,158.30737718854633,165.39576721191406,158.30737718854633,165.39576721191406,105000,0.0,0.0
2013-07-16 00:00:00+09:00,160.67018000905105,162.24537785227704,160.67018000905105,161.45777893066406,189000,0.0,0.0
2013-07-17 00:00:00+09:00,160.67017875597315,162.24537658691406,160.67017875597315,162.24537658691406,28000,0.0,0.0
2013-07-18 00:00:00+09:00,159.88257984050267,162.24537658691406,159.88257984050267,162.24537658691406,63000,0.0,0.0
2013-07-19 00:00:00+09:00,160.67016965951493,160.67016965951493,157.51977417599502,158.307373046875,99000,0.0,0.0
2013-07-22 00:00:00+09:00,159.09495544433594,159.09495544433594,158.30735665500754,159.09495544433594,26000,0.0,0.0
2013-07-23 00:00:00+09:00,157.51980052274817,160.67019653320312,156.73220152013442,160.67019653320312,54000,0.0,0.0
2013-07-24 00:00:00+09:00,159.09495544433594,160.67015302299274,159.09495544433594,159.09495544433594,46000,0.0,0.0
2013-07-25 00:00:00+09:00,158.30737550054963,158.30737550054963,156.732177734375,156.732177734375,40000,0.0,0.0
2013-07-26 00:00:00+09:00,155.94458383413462,155.94458383413462,153.581787109375,153.581787109375,40000,0.0,0.0
2013-07-29 00:00:00+09:00,153.58177422241843,153.58177422241843,151.2189776959197,152.00657653808594,33000,0.0,0.0
2013-07-30 00:00:00+09:00,149.64378118515015,154.36937427520752,149.64378118515015,151.21897888183594,45000,0.0,0.0
2013-07-31 00:00:00+09:00,151.2190006684492,152.79419859207889,147.281005859375,147.281005859375,85000,0.0,0.0
2013-08-01 00:00:00+09:00,150.43138364761595,150.43138364761595,147.28098817855593,148.85618591308594,31000,0.0,0.0
2013-08-02 00:00:00+09:00,150.43138003349304,151.21897888183594,149.64378118515015,151.21897888183594,45000,0.0,0.0
2013-08-05 00:00:00+09:00,150.431396484375,151.21899541884818,150.431396484375,150.431396484375,17000,0.0,0.0
2013-08-06 00:00:00+09:00,150.431396484375,151.21899541884818,149.64379754990182,150.431396484375,33000,0.0,0.0
2013-08-07 00:00:00+09:00,149.64378600424908,149.64378600424908,148.06858825683594,148.06858825683594,31000,0.0,0.0
2013-08-08 00:00:00+09:00,148.06858704582092,152.00658138214595,148.06858704582092,148.85618591308594,38000,0.0,0.0
2013-08-09 00:00:00+09:00,148.8561871305425,150.43138487795565,148.06858825683594,148.06858825683594,51000,0.0,0.0
2013-08-12 00:00:00+09:00,148.06858704582092,150.43138364761595,147.28098817855593,148.85618591308594,19000,0.0,0.0
2013-08-13 00:00:00+09:00,148.0685996809555,150.431396484375,148.0685996809555,150.431396484375,19000,0.0,0.0
2013-08-14 00:00:00+09:00,149.64378118515015,151.21897888183594,148.85618233680725,151.21897888183594,31000,0.0,0.0
2013-08-15 00:00:00+09:00,150.4313824302272,151.2189812911184,149.64378356933594,149.64378356933594,24000,0.0,0.0
2013-08-16 00:00:00+09:00,149.64378356933594,150.4313824302272,149.64378356933594,149.64378356933594,18000,0.0,0.0
2013-08-19 00:00:00+09:00,149.64378478035093,149.64378478035093,148.06858704582092,148.85618591308594,21000,0.0,0.0
2013-08-20 00:00:00+09:00,150.43140170663435,150.43140170663435,145.70580793574533,147.281005859375,26000,0.0,0.0
2013-08-21 00:00:00+09:00,148.85618960472846,148.85618960472846,146.49339294433594,146.49339294433594,39000,0.0,0.0
2013-08-22 00:00:00+09:00,145.70579044402592,148.85618591308594,145.70579044402592,148.85618591308594,14000,0.0,0.0
2013-08-23 00:00:00+09:00,148.8561847084447,149.64378356933594,148.8561847084447,149.64378356933594,42000,0.0,0.0
2013-08-26 00:00:00+09:00,152.79417657852173,152.79417657852173,148.85618233680725,151.21897888183594,26000,0.0,0.0
2013-08-27 00:00:00+09:00,149.64378478035093,149.64378478035093,147.28098817855593,148.85618591308594,17000,0.0,0.0
2013-08-28 00:00:00+09:00,145.7057940575384,146.49339294433594,144.91819517074092,146.49339294433594,26000,0.0,0.0
2013-08-29 00:00:00+09:00,146.49340689756016,147.281005859375,146.49340689756016,147.281005859375,13000,0.0,0.0
2013-08-30 00:00:00+09:00,146.49340952280406,148.06860747466214,144.91821157094594,145.705810546875,54000,0.0,0.0
2013-09-02 00:00:00+09:00,148.85619861542867,150.431396484375,148.0685996809555,150.431396484375,53000,0.0,0.0
2013-09-03 00:00:00+09:00,151.21897888183594,151.21897888183594,148.85618233680725,151.21897888183594,34000,0.0,0.0
2013-09-04 00:00:00+09:00,147.28098464012146,151.21897888183594,146.49338579177856,151.21897888183594,24000,0.0,0.0
2013-09-05 00:00:00+09:00,151.21898251488096,151.21898251488096,146.4933893112909,148.85618591308594,17000,0.0,0.0
2013-09-06 00:00:00+09:00,148.8561847084447,149.64378356933594,148.8561847084447,149.64378356933594,13000,0.0,0.0
2013-09-09 00:00:00+09:00,152.7941753802522,153.58177422241843,150.43137885375344,152.00657653808594,59000,0.0,0.0
2013-09-10 00:00:00+09:00,154.36938229955808,155.944580078125,154.36938229955808,155.944580078125,50000,0.0,0.0
2013-09-11 00:00:00+09:00,158.30740493774414,158.30740493774414,156.7322068786621,157.51980590820312,55000,0.0,0.0
2013-09-12 00:00:00+09:00,158.30735665500754,159.09495544433594,157.51975786567917,159.09495544433594,31000,0.0,0.0
2013-09-13 00:00:00+09:00,159.09495544433594,159.88255423366434,158.30735665500754,159.09495544433594,85000,0.0,0.0
2013-09-17 00:00:00+09:00,160.67020202636718,160.67020202636718,155.94460784912107,157.51980590820312,48000,0.0,0.0
2013-09-18 00:00:00+09:00,159.8825745245423,159.8825745245423,155.15698118884154,155.944580078125,43000,0.0,0.0
2013-09-19 00:00:00+09:00,158.30740906642032,163.8206024169922,155.94461191617526,163.8206024169922,69000,0.0,0.0
2013-09-20 00:00:00+09:00,165.39577860227772,168.54617438517826,164.60817965655258,167.75857543945312,112000,0.0,0.0
2013-09-24 00:00:00+09:00,167.75854723600415,167.75854723600415,163.8205531694313,166.183349609375,40000,0.0,0.0
2013-09-25 00:00:00+09:00,166.97097778320312,166.97097778320312,164.60818092778044,166.97097778320312,32000,0.0,0.0
2013-09-26 00:00:00+09:00,165.39575079606044,166.9709484226896,162.24535554280214,166.183349609375,22000,0.0,0.0
2013-09-27 00:00:00+09:00,167.75857543945312,167.75857543945312,165.39577860227772,167.75857543945312,51000,0.0,0.0
2013-09-30 00:00:00+09:00,163.03295664810108,165.39575312126195,163.03295664810108,164.608154296875,35000,0.0,0.0
2013-10-01 00:00:00+09:00,164.60817333332542,166.18337116426633,161.4577776714436,162.24537658691406,50000,0.0,0.0
2013-10-02 00:00:00+09:00,163.8205782885622,164.6081772226418,159.09498468408444,159.88258361816406,56000,0.0,0.0
2013-10-03 00:00:00+09:00,159.09497438363692,159.09497438363692,156.732177734375,156.732177734375,49000,0.0,0.0
2013-10-04 00:00:00+09:00,157.51979459965895,157.51979459965895,155.15699768066406,155.15699768066406,36000,0.0,0.0
2013-10-07 00:00:00+09:00,155.1569849258814,155.94458383413462,152.79418820112178,153.581787109375,63000,0.0,0.0
2013-10-08 00:00:00+09:00,151.21899162371133,153.58178836783182,150.4313927090045,152.794189453125,46000,0.0,0.0
2013-10-09 00:00:00+09:00,155.94460784912107,157.51980590820312,155.94460784912107,157.51980590820312,32000,0.0,0.0
2013-10-10 00:00:00+09:00,158.307373046875,158.307373046875,156.73217530511505,158.307373046875,12000,0.0,0.0
2013-10-11 00:00:00+09:00,158.30735665500754,159.88255423366434,157.51975786567917,159.09495544433594,37000,0.0,0.0
2013-10-15 00:00:00+09:00,159.09499852797563,160.67019653320312,159.09499852797563,160.67019653320312,53000,0.0,0.0
2013-10-16 00:00:00+09:00,159.09499852797563,160.67019653320312,159.09499852797563,160.67019653320312,22000,0.0,0.0
2013-10-17 00:00:00+09:00,162.24538042040294,162.24538042040294,159.09498468408444,159.88258361816406,42000,0.0,0.0
2013-10-18 00:00:00+09:00,159.88258361816406,160.6701825522437,159.88258361816406,159.88258361816406,17000,0.0,0.0
2013-10-21 00:00:00+09:00,163.03297550238452,163.03297550238452,159.88257984050267,162.24537658691406,13000,0.0,0.0
2013-10-22 00:00:00+09:00,161.45775899932715,165.39575312126195,160.67016017494018,164.608154296875,74000,0.0,0.0
2013-10-23 00:00:00+09:00,165.3957554913949,165.3957554913949,162.24536014870168,163.032958984375,49000,0.0,0.0
2013-10-24 00:00:00+09:00,163.032958984375,163.032958984375,162.24536014870168,163.032958984375,29000,0.0,0.0
2013-10-25 00:00:00+09:00,164.60817461711605,164.60817461711605,160.67018000905105,161.45777893066406,56000,0.0,0.0
2013-10-28 00:00:00+09:00,161.4578052667471,163.8206024169922,160.6702062166654,163.8206024169922,14000,0.0,0.0
2013-10-29 00:00:00+09:00,164.60817333332542,166.18337116426633,161.4577776714436,162.24537658691406,120000,0.0,0.0
2013-10-30 00:00:00+09:00,162.2454043168288,163.8206024169922,162.2454043168288,163.8206024169922,52000,0.0,0.0
2013-10-31 00:00:00+09:00,163.82057441785497,163.82057441785497,163.82057441785497,162.24537658691406,0,0.0,0.0
2013-11-01 00:00:00+09:00,160.67020202636718,162.2454000854492,157.51980590820312,157.51980590820312,45000,0.0,0.0
2013-11-05 00:00:00+09:00,162.24539453843062,162.24539453843062,156.73220152013442,160.67019653320312,36000,0.0,0.0
2013-11-06 00:00:00+09:00,160.67016247735506,163.8205578200483,157.51976713466183,163.032958984375,72000,0.0,0.0
2013-11-07 00:00:00+09:00,161.45776131302839,163.8205578200483,159.88256364168174,163.032958984375,65000,0.0,0.0
2013-11-08 00:00:00+09:00,160.67016965951493,161.4577685303949,158.307373046875,158.307373046875,59000,0.0,0.0
2013-11-11 00:00:00+09:00,160.6701825522437,160.6701825522437,157.5197868159252,159.88258361816406,43000,0.0,0.0
2013-11-12 00:00:00+09:00,160.67018000905105,161.45777893066406,159.09498216582506,161.45777893066406,50000,0.0,0.0
2013-11-13 00:00:00+09:00,161.4577814863233,161.4577814863233,159.09498468408444,159.88258361816406,39000,0.0,0.0
2013-11-14 00:00:00+09:00,160.67017875597315,162.24537658691406,159.88257984050267,162.24537658691406,62000,0.0,0.0
2013-11-15 00:00:00+09:00,163.0330033669105,163.8206024169922,162.2454043168288,163.8206024169922,80000,0.0,0.0
2013-11-18 00:00:00+09:00,165.39577224879588,165.39577224879588,161.4577776714436,162.24537658691406,75000,0.0,0.0
2013-11-19 00:00:00+09:00,159.88257984050267,162.24537658691406,159.09498092503222,162.24537658691406,93000,0.0,0.0
2013-11-20 00:00:00+09:00,161.45775672948756,166.9709484226896,161.45775672948756,166.183349609375,115000,0.0,0.0
2013-11-21 00:00:00+09:00,165.39576721191406,165.39576721191406,163.03297053745814,165.39576721191406,42000,0.0,0.0
2013-11-22 00:00:00+09:00,165.39575312126195,166.97095077003587,163.82055547248802,164.608154296875,90000,0.0,0.0
2013-11-25 00:00:00+09:00,165.39576721191406,165.39576721191406,163.03297053745814,165.39576721191406,41000,0.0,0.0
2013-11-26 00:00:00+09:00,164.60815198274585,166.9709484226896,164.60815198274585,166.183349609375,67000,0.0,0.0
2013-11-27 00:00:00+09:00,165.39577860227772,169.33377333090337,165.39577860227772,167.75857543945312,65000,0.0,0.0
2013-11-28 00:00:00+09:00,166.183349609375,167.75854723600415,164.60815198274585,166.183349609375,59000,0.0,0.0
2013-11-29 00:00:00+09:00,164.60818092778044,169.3337746386258,164.60818092778044,166.97097778320312,70000,0.0,0.0
2013-12-02 00:00:00+09:00,169.33375670531086,170.12135557370766,167.75855896851726,168.54615783691406,47000,0.0,0.0
2013-12-03 00:00:00+09:00,168.54617568681826,168.54617568681826,166.97097778320312,166.97097778320312,28000,0.0,0.0
2013-12-04 00:00:00+09:00,166.97096499488467,166.97096499488467,164.60816832042875,165.39576721191406,46000,0.0,0.0
2013-12-05 00:00:00+09:00,164.608154296875,166.97095077003587,163.82055547248802,164.608154296875,44000,0.0,0.0
2013-12-06 00:00:00+09:00,164.608154296875,165.39575312126195,163.82055547248802,164.608154296875,42000,0.0,0.0
2013-12-09 00:00:00+09:00,165.39575312126195,166.18335194564892,163.82055547248802,164.608154296875,23000,0.0,0.0
2013-12-10 00:00:00+09:00,167.75856388636998,167.75856388636998,165.39576721191406,165.39576721191406,54000,0.0,0.0
2013-12-11 00:00:00+09:00,166.97099861731894,166.97099861731894,163.0330033669105,163.8206024169922,60000,0.0,0.0
2013-12-12 00:00:00+09:00,162.24537658691406,163.82057441785497,162.24537658691406,162.24537658691406,25000,0.0,0.0
2013-12-13 00:00:00+09:00,161.4578052667471,163.8206024169922,161.4578052667471,163.8206024169922,143000,0.0,0.0
2013-12-16 00:00:00+09:00,165.3957554913949,165.3957554913949,163.032958984375,163.032958984375,114000,0.0,0.0
2013-12-17 00:00:00+09:00,162.2454043168288,163.8206024169922,161.4578052667471,163.8206024169922,32000,0.0,0.0
2013-12-18 00:00:00+09:00,162.2454043168288,164.60820146707388,162.2454043168288,163.8206024169922,46000,0.0,0.0
2013-12-19 00:00:00+09:00,163.8205578200483,163.8205578200483,161.45776131302839,163.032958984375,72000,0.0,0.0
2013-12-20 00:00:00+09:00,163.03297550238452,163.03297550238452,160.67017875597315,162.24537658691406,110000,0.0,0.0
2013-12-24 00:00:00+09:00,162.24536014870168,163.032958984375,159.88256364168174,163.032958984375,121000,0.0,0.0
2013-12-25 00:00:00+09:00,160.67016247735506,163.032958984375,158.30736597033513,163.032958984375,88000,0.0,0.0
2013-12-26 00:00:00+09:00,163.0329830241653,167.75857673501068,163.0329830241653,166.97097778320312,63000,0.0,0.0
2013-12-27 00:00:00+09:00,166.1833612317237,168.54615783691406,164.6081634949301,168.54615783691406,69000,0.0,0.0
2013-12-30 00:00:00+09:00,169.3337820210588,171.6965789794922,169.3337820210588,171.6965789794922,71000,0.0,0.0
2014-01-06 00:00:00+09:00,170.12136968568313,170.12136968568313,167.7585728844931,169.33377075195312,71000,0.0,0.0
2014-01-07 00:00:00+09:00,171.6965714940485,171.6965714940485,166.97097778320312,166.97097778320312,21000,0.0,0.0
2014-01-08 00:00:00+09:00,167.75855539910805,170.90895080566406,167.75855539910805,170.90895080566406,47000,0.0,0.0
2014-01-09 00:00:00+09:00,170.12135557370766,170.12135557370766,166.9709601001205,168.54615783691406,44000,0.0,0.0
2014-01-10 00:00:00+09:00,168.54617438517826,168.54617438517826,166.970976493728,167.75857543945312,50000,0.0,0.0
2014-01-14 00:00:00+09:00,166.9709484226896,167.75854723600415,164.60815198274585,166.183349609375,109000,0.0,0.0
2014-01-15 00:00:00+09:00,169.33377075195312,169.33377075195312,167.7585728844931,169.33377075195312,36000,0.0,0.0
2014-01-16 00:00:00+09:00,169.3337694803874,170.12136840820312,168.54617055257162,170.12136840820312,63000,0.0,0.0
2014-01-17 00:00:00+09:00,169.33375670531086,170.90895444210446,168.54615783691406,168.54615783691406,35000,0.0,0.0
2014-01-20 00:00:00+09:00,170.9089799933477,173.2717769517811,170.12138100720327,171.6965789794922,50000,0.0,0.0
2014-01-21 00:00:00+09:00,173.27174377441406,174.0593426097523,171.69654610373757,173.27174377441406,53000,0.0,0.0
2014-01-22 00:00:00+09:00,173.27174377441406,174.0593426097523,171.69654610373757,173.27174377441406,40000,0.0,0.0
2014-01-23 00:00:00+09:00,174.05938999402468,174.05938999402468,171.69659284478453,172.48419189453125,41000,0.0,0.0
2014-01-24 00:00:00+09:00,169.33375670531086,169.33375670531086,168.54615783691406,168.54615783691406,85000,0.0,0.0
2014-01-27 00:00:00+09:00,166.18336610339935,167.75856388636998,165.39576721191406,165.39576721191406,89000,0.0,0.0
2014-01-28 00:00:00+09:00,166.18335432706823,167.75855199841484,163.032958984375,163.032958984375,65000,0.0,0.0
2014-01-29 00:00:00+09:00,165.39575079606044,167.75854723600415,165.39575079606044,166.183349609375,42000,0.0,0.0
2014-01-30 00:00:00+09:00,164.60815198274585,169.3337448626333,162.24535554280214,166.183349609375,84000,0.0,0.0
2014-01-31 00:00:00+09:00,167.75854959442285,168.54614841880982,159.09496252616626,164.608154296875,67000,0.0,0.0
2014-02-03 00:00:00+09:00,160.67015302299274,163.03294939097793,159.09495544433594,159.09495544433594,67000,0.0,0.0
2014-02-04 00:00:00+09:00,157.51978165064102,157.51978165064102,153.581787109375,153.581787109375,158000,0.0,0.0
2014-02-05 00:00:00+09:00,154.3693730645847,155.9445707489172,151.2189776959197,152.00657653808594,83000,0.0,0.0
2014-02-06 00:00:00+09:00,153.581787109375,157.51978165064102,151.21899038461538,153.581787109375,73000,0.0,0.0
2014-02-07 00:00:00+09:00,155.15697996820037,157.5197766174623,155.15697996820037,156.732177734375,115000,0.0,0.0
2014-02-10 00:00:00+09:00,160.67020202636718,160.67020202636718,156.7322068786621,157.51980590820312,70000,0.0,0.0
2014-02-12 00:00:00+09:00,158.307373046875,159.09497191775498,156.73217530511505,158.307373046875,80000,0.0,0.0
2014-02-13 00:00:00+09:00,158.30737927495218,159.0949781768176,154.369384765625,154.369384765625,47000,0.0,0.0
2014-02-14 00:00:00+09:00,156.732177734375,157.5197766174623,155.15697996820037,156.732177734375,34000,0.0,0.0
2014-02-17 00:00:00+09:00,160.67015302299274,160.67015302299274,159.09495544433594,159.09495544433594,37000,0.0,0.0
2014-02-18 00:00:00+09:00,159.09498092503222,163.03297550238452,159.09498092503222,162.24537658691406,69000,0.0,0.0
2014-02-19 00:00:00+09:00,162.24537785227704,163.03297677389006,159.88258108743807,161.45777893066406,46000,0.0,0.0
2014-02-20 00:00:00+09:00,161.4577814863233,163.03297935448256,159.88258361816406,159.88258361816406,24000,0.0,0.0
2014-02-21 00:00:00+09:00,162.24537785227704,162.24537785227704,160.67018000905105,161.45777893066406,37000,0.0,0.0
2014-02-24 00:00:00+09:00,163.03297550238452,163.82057441785497,159.88257984050267,162.24537658691406,46000,0.0,0.0
2014-02-25 00:00:00+09:00,161.4578052667471,164.60820146707388,161.4578052667471,163.8206024169922,24000,0.0,0.0
2014-02-26 00:00:00+09:00,163.8206024169922,163.8206024169922,163.0330033669105,163.8206024169922,12000,0.0,0.0
2014-02-27 00:00:00+09:00,163.82059254365808,163.82059254365808,160.67019653320312,160.67019653320312,18000,0.0,0.0
2014-02-28 00:00:00+09:00,160.6701825522437,163.03297935448256,159.09498468408444,159.88258361816406,25000,0.0,0.0
2014-03-03 00:00:00+09:00,162.24537785227704,162.24537785227704,158.30738324421208,161.45777893066406,32000,0.0,0.0
2014-03-04 00:00:00+09:00,159.09495544433594,161.45775181232113,157.51975786567917,159.09495544433594,42000,0.0,0.0
2014-03-05 00:00:00+09:00,159.09500396728515,161.4578010559082,155.94460784912107,157.51980590820312,66000,0.0,0.0
2014-03-06 00:00:00+09:00,157.51977417599502,159.09497191775498,155.1569775633551,158.307373046875,63000,0.0,0.0
2014-03-07 00:00:00+09:00,159.88255423366434,159.88255423366434,155.94456028702237,159.09495544433594,82000,0.0,0.0
2014-03-10 00:00:00+09:00,158.30740493774414,159.09500396728515,157.51980590820312,157.51980590820312,17000,0.0,0.0
2014-03-11 00:00:00+09:00,160.67015302299274,160.67015302299274,155.15696149769397,159.09495544433594,67000,0.0,0.0
2014-03-12 00:00:00+09:00,157.5197766174623,157.5197766174623,156.732177734375,156.732177734375,35000,0.0,0.0
2014-03-13 00:00:00+09:00,158.307373046875,159.09497191775498,156.73217530511505,158.307373046875,30000,0.0,0.0
2014-03-14 00:00:00+09:00,155.94458383413462,157.51978165064102,153.581787109375,153.581787109375,168000,0.0,0.0
2014-03-17 00:00:00+09:00,153.58177422241843,153.58177422241843,152.00657653808594,152.00657653808594,70000,0.0,0.0
2014-03-18 00:00:00+09:00,152.79418820112178,155.1569849258814,152.79418820112178,153.581787109375,29000,0.0,0.0
2014-03-19 00:00:00+09:00,155.9445851119523,155.9445851119523,152.794189453125,152.794189453125,37000,0.0,0.0
2014-03-20 00:00:00+09:00,152.00659435332133,152.7941932877945,150.431396484375,150.431396484375,60000,0.0,0.0
2014-03-24 00:00:00+09:00,153.58179973466747,156.73219562666065,153.58179973466747,155.15699768066406,68000,0.0,0.0
2014-03-25 00:00:00+09:00,157.51980590820312,158.30740493774414,150.43141464233398,157.51980590820312,77000,0.0,0.0
2014-03-26 00:00:00+09:00,157.51977417599502,158.307373046875,155.94457643423507,158.307373046875,56000,0.0,0.0
2014-03-27 00:00:00+09:00,158.30737183224502,162.3458251953125,158.30737183224502,162.3458251953125,45000,5.0,0.0
2014-03-28 00:00:00+09:00,159.9227559306834,163.9612093632764,159.9227559306834,163.1535186767578,45000,0.0,0.0
2014-03-31 00:00:00+09:00,164.76889320931784,165.5765838623047,161.53813059737044,165.5765838623047,34000,0.0,0.0
2014-04-01 00:00:00+09:00,165.57658667703276,166.38427734375,161.5381333434466,166.38427734375,70000,0.0,0.0
2014-04-02 00:00:00+09:00,167.19197778140796,167.19197778140796,164.76890563964844,164.76890563964844,49000,0.0,0.0
2014-04-03 00:00:00+09:00,166.38427734375,167.19196801046724,165.57658667703276,166.38427734375,48000,0.0,0.0
2014-04-04 00:00:00+09:00,165.5765838623047,166.38427451529154,164.76889320931784,165.5765838623047,33000,0.0,0.0
2014-04-07 00:00:00+09:00,164.76893352640087,164.76893352640087,161.5381701239224,163.96124267578125,25000,0.0,0.0
2014-04-08 00:00:00+09:00,162.34582644092794,162.34582644092794,158.307373046875,158.307373046875,92000,0.0,0.0
2014-04-09 00:00:00+09:00,158.30738998333197,158.30738998333197,154.26893615722656,154.26893615722656,50000,0.0,0.0
2014-04-10 00:00:00+09:00,157.49969207134444,157.49969207134444,156.69200134277344,156.69200134277344,31000,0.0,0.0
2014-04-11 00:00:00+09:00,156.6920084528898,156.6920084528898,154.26893615722656,154.26893615722656,28000,0.0,0.0
2014-04-14 00:00:00+09:00,154.26893615722656,155.07662692244764,154.26893615722656,154.26893615722656,29000,0.0,0.0
2014-04-15 00:00:00+09:00,156.6920084528898,156.6920084528898,154.26893615722656,154.26893615722656,39000,0.0,0.0
2014-04-16 00:00:00+09:00,156.69200134277344,156.69200134277344,155.07661988563143,156.69200134277344,10000,0.0,0.0
2014-04-17 00:00:00+09:00,156.69200134277344,157.49969207134444,156.69200134277344,156.69200134277344,12000,0.0,0.0
2014-04-18 00:00:00+09:00,155.88428313426482,157.49966430664062,155.88428313426482,157.49966430664062,22000,0.0,0.0
2014-04-21 00:00:00+09:00,158.30740619794972,159.11509704589844,158.30740619794972,159.11509704589844,18000,0.0,0.0
2014-04-22 00:00:00+09:00,159.92273606520433,166.38426075470755,157.49966430664062,157.49966430664062,203000,0.0,0.0
2014-04-23 00:00:00+09:00,159.922753177472,162.3458251953125,159.922753177472,162.3458251953125,67000,0.0,0.0
2014-04-24 00:00:00+09:00,161.5381414240057,161.5381414240057,159.1150693026456,159.92276000976562,34000,0.0,0.0
2014-04-25 00:00:00+09:00,160.73047142028807,161.5381622314453,158.3073989868164,161.5381622314453,10000,0.0,0.0
2014-04-28 00:00:00+09:00,159.11509704589844,159.92278789384716,158.30740619794972,159.11509704589844,9000,0.0,0.0
2014-04-30 00:00:00+09:00,160.73047874179588,160.73047874179588,158.30740619794972,159.11509704589844,17000,0.0,0.0
2014-05-01 00:00:00+09:00,161.5381414240057,161.5381414240057,159.1150693026456,159.92276000976562,19000,0.0,0.0
2014-05-02 00:00:00+09:00,159.92276000976562,160.73045071688566,158.30737859552556,159.92276000976562,14000,0.0,0.0
2014-05-07 00:00:00+09:00,157.49969207134444,158.30738279991544,155.88431061420243,156.69200134277344,61000,0.0,0.0
2014-05-08 00:00:00+09:00,155.88428313426482,157.49966430664062,155.88428313426482,157.49966430664062,33000,0.0,0.0
2014-05-09 00:00:00+09:00,155.88428313426482,158.30735489282853,155.88428313426482,157.49966430664062,9000,0.0,0.0
2014-05-12 00:00:00+09:00,156.69199988590412,165.5765978175791,154.26892772272006,160.73045349121094,139000,0.0,0.0
2014-05-13 00:00:00+09:00,163.9612149257286,165.57659635356828,161.53814278396905,164.76890563964844,149000,0.0,0.0
2014-05-14 00:00:00+09:00,166.384277765652,175.2688751220703,165.5765870968867,175.2688751220703,298000,0.0,0.0
2014-05-15 00:00:00+09:00,173.6534853070696,173.6534853070696,169.61503216039355,172.84579467773438,87000,0.0,0.0
2014-05-16 00:00:00+09:00,170.42274198986237,170.42274198986237,166.38428838820684,169.61505126953125,112000,0.0,0.0
2014-05-19 00:00:00+09:00,169.61504001061894,170.42273067733618,166.38427734375,166.38427734375,60000,0.0,0.0
2014-05-20 00:00:00+09:00,163.9612149257286,165.57659635356828,161.53814278396905,164.76890563964844,71000,0.0,0.0
2014-05-21 00:00:00+09:00,164.76890709651775,164.76890709651775,159.1150720490882,160.73045349121094,66000,0.0,0.0
2014-05-22 00:00:00+09:00,164.76893352640087,164.76893352640087,160.73047927330282,163.96124267578125,62000,0.0,0.0
2014-05-23 00:00:00+09:00,166.38428838820684,169.61505126953125,163.15352550688246,169.61505126953125,56000,0.0,0.0
2014-05-26 00:00:00+09:00,169.61503216039355,173.6534853070696,169.61503216039355,172.84579467773438,141000,0.0,0.0
2014-05-27 00:00:00+09:00,172.84579467773438,172.84579467773438,171.23041341906398,172.84579467773438,47000,0.0,0.0
2014-05-28 00:00:00+09:00,171.23041341906398,172.84579467773438,170.42272278972877,172.84579467773438,31000,0.0,0.0
2014-05-29 00:00:00+09:00,172.8457859997501,172.8457859997501,170.42271423339844,170.42271423339844,23000,0.0,0.0
2014-05-30 00:00:00+09:00,168.8073330558307,170.42271423339844,168.8073330558307,170.42271423339844,24000,0.0,0.0
2014-06-02 00:00:00+09:00,172.8458127043968,173.65350341796875,170.42274056368095,173.65350341796875,78000,0.0,0.0
2014-06-03 00:00:00+09:00,173.6534853070696,173.6534853070696,172.0381040483992,172.84579467773438,51000,0.0,0.0
2014-06-04 00:00:00+09:00,172.03814697265625,172.03814697265625,171.23045614179873,172.03814697265625,33000,0.0,0.0
2014-06-05 00:00:00+09:00,170.42276531094117,172.8458378035138,169.61507448008365,172.03814697265625,46000,0.0,0.0
2014-06-06 00:00:00+09:00,172.0380954109662,172.0380954109662,166.38426128947904,170.42271423339844,61000,0.0,0.0
2014-06-09 00:00:00+09:00,170.4227322992289,172.03811364803676,169.61504162482495,171.2304229736328,36000,0.0,0.0
2014-06-10 00:00:00+09:00,172.03811364803676,172.03811364803676,170.4227322992289,171.2304229736328,30000,0.0,0.0
2014-06-11 00:00:00+09:00,172.03814697265625,172.8458378035138,171.23045614179873,172.03814697265625,40000,0.0,0.0
2014-06-12 00:00:00+09:00,170.4227322992289,172.03811364803676,170.4227322992289,171.2304229736328,26000,0.0,0.0
2014-06-13 00:00:00+09:00,173.65350341796875,176.0765755586846,172.8458127043968,173.65350341796875,186000,0.0,0.0
2014-06-16 00:00:00+09:00,172.84583056414567,174.46121215820312,172.03813976711697,174.46121215820312,73000,0.0,0.0
2014-06-17 00:00:00+09:00,173.65350341796875,175.26888484511264,173.65350341796875,173.65350341796875,24000,0.0,0.0
2014-06-18 00:00:00+09:00,174.46122010113442,177.69198343634062,174.46122010113442,176.88429260253906,125000,0.0,0.0
2014-06-19 00:00:00+09:00,179.3073300759354,180.11502075195312,178.49963939991767,180.11502075195312,145000,0.0,0.0
2014-06-20 00:00:00+09:00,180.11503326141084,180.11503326141084,177.691961065069,179.30734252929688,68000,0.0,0.0
2014-06-23 00:00:00+09:00,179.30734797886439,180.9227294921875,179.30734797886439,180.9227294921875,96000,0.0,0.0
2014-06-24 00:00:00+09:00,180.9227046460177,182.5380859375,180.11501400027655,182.5380859375,111000,0.0,0.0
2014-06-25 00:00:00+09:00,180.9227046460177,184.1534672289823,180.9227046460177,182.5380859375,165000,0.0,0.0
2014-06-26 00:00:00+09:00,185.7688668540921,185.7688668540921,183.34579467773438,183.34579467773438,186000,0.0,0.0
2014-06-27 00:00:00+09:00,185.7688668540921,185.7688668540921,181.73041322682923,183.34579467773438,108000,0.0,0.0
2014-06-30 00:00:00+09:00,182.5380859375,183.34577658324116,181.73039529175887,182.5380859375,48000,0.0,0.0
2014-07-01 00:00:00+09:00,184.96115787472345,185.76884852046462,182.5380859375,182.5380859375,110000,0.0,0.0
2014-07-02 00:00:00+09:00,184.961181640625,185.76887239014738,183.34580014158024,184.961181640625,139000,0.0,0.0
2014-07-03 00:00:00+09:00,187.38424682617188,188.99962826432852,186.57655610709355,187.38424682617188,156000,0.0,0.0
2014-07-04 00:00:00+09:00,189.8073326786862,193.03809578811064,188.99964190133008,191.42271423339844,195000,0.0,0.0
2014-07-07 00:00:00+09:00,193.84579933295814,193.84579933295814,190.6150360107422,190.6150360107422,107000,0.0,0.0
2014-07-08 00:00:00+09:00,190.61501250041914,190.61501250041914,186.57655884574922,188.1919403076172,145000,0.0,0.0
2014-07-09 00:00:00+09:00,188.19193475896662,188.19193475896662,186.57655334472656,186.57655334472656,67000,0.0,0.0
2014-07-10 00:00:00+09:00,186.57656313966976,188.9996353882369,184.15349089110262,184.961181640625,74000,0.0,0.0
2014-07-11 00:00:00+09:00,181.73039529175887,183.34577658324116,175.26887012582964,182.5380859375,167000,0.0,0.0
2014-07-14 00:00:00+09:00,181.73042131506878,187.38425664487093,180.11503979226816,185.7688751220703,144000,0.0,0.0
2014-07-15 00:00:00+09:00,187.38423558285362,188.19192625346938,183.3457822297749,184.15347290039062,104000,0.0,0.0
2014-07-16 00:00:00+09:00,183.3458028378694,186.5765658834706,182.5381120764691,185.7688751220703,78000,0.0,0.0
2014-07-17 00:00:00+09:00,184.15348540318695,186.57655757954467,182.5381039522818,183.34579467773438,105000,0.0,0.0
2014-07-18 00:00:00+09:00,182.53809155915914,184.15347290039062,180.92271021792763,184.15347290039062,51000,0.0,0.0
2014-07-22 00:00:00+09:00,183.34580014158024,184.961181640625,183.34580014158024,184.961181640625,30000,0.0,0.0
2014-07-23 00:00:00+09:00,184.96117612863952,185.7688668540921,180.92272250137665,183.34579467773438,94000,0.0,0.0
2014-07-24 00:00:00+09:00,184.96115787472345,184.96115787472345,182.5380859375,182.5380859375,65000,0.0,0.0
2014-07-25 00:00:00+09:00,182.5380859375,182.5380859375,181.73039529175887,182.5380859375,125000,0.0,0.0
2014-07-28 00:00:00+09:00,184.15348540318695,184.96117612863952,181.73041322682923,183.34579467773438,56000,0.0,0.0
2014-07-29 00:00:00+09:00,184.1534672289823,184.1534672289823,182.5380859375,182.5380859375,38000,0.0,0.0
2014-07-30 00:00:00+09:00,183.34577658324116,183.34577658324116,181.73039529175887,182.5380859375,52000,0.0,0.0
2014-07-31 00:00:00+09:00,182.5380927800063,182.5380927800063,177.69194872389994,180.11502075195312,49000,0.0,0.0
2014-08-01 00:00:00+09:00,180.92273667279412,180.92273667279412,177.69197351792278,178.49966430664062,121000,0.0,0.0
2014-08-04 00:00:00+09:00,178.49964627352628,179.3073369806463,177.69195556640625,177.69195556640625,35000,0.0,0.0
2014-08-05 00:00:00+09:00,177.691961065069,180.92272399352478,176.88427033295503,179.30734252929688,78000,0.0,0.0
2014-08-06 00:00:00+09:00,176.88428272920495,180.92273667279412,176.88428272920495,178.49966430664062,66000,0.0,0.0
2014-08-07 00:00:00+09:00,176.07659194048713,179.30735509535845,175.26890115176928,178.49966430664062,40000,0.0,0.0
2014-08-08 00:00:00+09:00,177.69194996685064,177.69194996685064,176.07656860351562,176.07656860351562,37000,0.0,0.0
2014-08-11 00:00:00+09:00,179.3073506673177,184.15349527994792,179.3073506673177,181.7304229736328,55000,0.0,0.0
2014-08-12 00:00:00+09:00,180.9227046460177,182.5380859375,180.11501400027655,182.5380859375,24000,0.0,0.0
2014-08-13 00:00:00+09:00,180.9227046460177,183.34577658324116,180.9227046460177,182.5380859375,20000,0.0,0.0
2014-08-14 00:00:00+09:00,182.5380859375,182.5380859375,180.11501400027655,182.5380859375,42000,0.0,0.0
2014-08-15 00:00:00+09:00,180.11504143608943,183.34580451117623,180.11504143608943,181.7304229736328,42000,0.0,0.0
2014-08-18 00:00:00+09:00,181.73039529175887,183.34577658324116,181.73039529175887,182.5380859375,27000,0.0,0.0
2014-08-19 00:00:00+09:00,183.34577658324116,183.34577658324116,182.5380859375,182.5380859375,18000,0.0,0.0
2014-08-20 00:00:00+09:00,183.34580451117623,183.34580451117623,179.3073506673177,181.7304229736328,71000,0.0,0.0
2014-08-21 00:00:00+09:00,182.5381110055106,182.5381110055106,180.11503873552596,180.9227294921875,26000,0.0,0.0
2014-08-22 00:00:00+09:00,180.9227294921875,180.9227294921875,178.49965722220284,180.9227294921875,38000,0.0,0.0
2014-08-25 00:00:00+09:00,182.5381110055106,183.34580176217216,180.9227294921875,180.9227294921875,50000,0.0,0.0
2014-08-26 00:00:00+09:00,181.7304229736328,182.53811374240453,180.92273220486112,181.7304229736328,18000,0.0,0.0
2014-08-27 00:00:00+09:00,180.11503873552596,181.73042024884904,179.30734797886439,180.9227294921875,47000,0.0,0.0
2014-08-28 00:00:00+09:00,181.73039529175887,182.5380859375,180.9227046460177,182.5380859375,36000,0.0,0.0
2014-08-29 00:00:00+09:00,184.15348540318695,184.15348540318695,182.5381039522818,183.34579467773438,39000,0.0,0.0
2014-09-01 00:00:00+09:00,185.7688751220703,186.5765658834706,184.1534935992697,185.7688751220703,54000,0.0,0.0
2014-09-02 00:00:00+09:00,185.76887349879487,189.8073272705078,185.76887349879487,189.8073272705078,112000,0.0,0.0
2014-09-03 00:00:00+09:00,190.6150360107422,193.84579933295814,188.9996543496342,190.6150360107422,78000,0.0,0.0
2014-09-04 00:00:00+09:00,190.6150180248504,190.6150180248504,188.99963651616522,189.8073272705078,28000,0.0,0.0
2014-09-05 00:00:00+09:00,189.80731898340684,189.80731898340684,185.7688653880152,187.38424682617188,34000,0.0,0.0
2014-09-08 00:00:00+09:00,191.42272684129617,191.42272684129617,188.9996543496342,190.6150360107422,39000,0.0,0.0
2014-09-09 00:00:00+09:00,189.80731898340684,190.61500970248517,187.38424682617188,187.38424682617188,42000,0.0,0.0
2014-09-10 00:00:00+09:00,188.19193475896662,188.99962546608666,185.76886263760653,186.57655334472656,38000,0.0,0.0
2014-09-11 00:00:00+09:00,188.99961853027344,189.80730920775324,187.38423717531384,188.99961853027344,35000,0.0,0.0
2014-09-12 00:00:00+09:00,190.61501250041914,190.61501250041914,188.1919403076172,188.1919403076172,109000,0.0,0.0
2014-09-16 00:00:00+09:00,189.80730920775324,189.80730920775324,188.19192785279364,188.99961853027344,32000,0.0,0.0
2014-09-17 00:00:00+09:00,190.6150180248504,193.84578104222075,189.8073272705078,189.8073272705078,96000,0.0,0.0
2014-09-18 00:00:00+09:00,190.6150234560423,191.42271423339844,188.99964190133008,191.42271423339844,53000,0.0,0.0
2014-09-19 00:00:00+09:00,191.42270173144942,192.2303924560547,190.61501100684416,192.2303924560547,43000,0.0,0.0
2014-09-22 00:00:00+09:00,192.23038124019266,192.23038124019266,188.19192785279364,188.99961853027344,45000,0.0,0.0
2014-09-24 00:00:00+09:00,189.8073272705078,189.8073272705078,188.19194576182264,189.8073272705078,47000,0.0,0.0
2014-09-25 00:00:00+09:00,191.4227071762085,193.8457794189453,187.3842534383138,193.8457794189453,98000,0.0,0.0
2014-09-26 00:00:00+09:00,187.38425193319515,197.8842315673828,187.38425193319515,197.8842315673828,202000,0.0,0.0
2014-09-29 00:00:00+09:00,198.69192230847418,199.49961304956554,197.8842315673828,197.8842315673828,118000,0.0,0.0
2014-09-30 00:00:00+09:00,197.8842147124861,197.8842147124861,193.03807067871094,193.03807067871094,96000,0.0,0.0
2014-10-01 00:00:00+09:00,193.84577390526522,194.6534646298705,192.2303924560547,192.2303924560547,48000,0.0,0.0
2014-10-02 00:00:00+09:00,189.80730174917036,189.80730174917036,182.5380859375,182.5380859375,151000,0.0,0.0
2014-10-03 00:00:00+09:00,181.7304008885434,184.96116357100638,181.7304008885434,184.15347290039062,38000,0.0,0.0
2014-10-06 00:00:00+09:00,186.5765658834706,188.19194740627123,184.1534935992697,185.7688751220703,31000,0.0,0.0
2014-10-07 00:00:00+09:00,184.1534672289823,186.57653916620575,182.5380859375,182.5380859375,57000,0.0,0.0
2014-10-08 00:00:00+09:00,182.53810939205786,184.961181640625,181.73041864253548,184.961181640625,39000,0.0,0.0
2014-10-09 00:00:00+09:00,186.57655334472656,186.57655334472656,176.88426485928622,177.69195556640625,71000,0.0,0.0
2014-10-10 00:00:00+09:00,172.8458287856158,180.11504588407627,172.8458287856158,178.49966430664062,55000,0.0,0.0
2014-10-14 00:00:00+09:00,172.84580432244067,175.26887634565247,170.4227322992289,171.2304229736328,82000,0.0,0.0
2014-10-15 00:00:00+09:00,172.84579467773438,173.6534853070696,172.84579467773438,172.84579467773438,30000,0.0,0.0
2014-10-16 00:00:00+09:00,170.42273485542523,170.42273485542523,161.5381373037206,163.1535186767578,84000,0.0,0.0
2014-10-17 00:00:00+09:00,166.38428706748812,167.19197778140796,164.76890563964844,164.76890563964844,70000,0.0,0.0
2014-10-20 00:00:00+09:00,168.80735128770496,188.1919275121304,168.80735128770496,180.11502075195312,415000,0.0,0.0
2014-10-21 00:00:00+09:00,181.73041322682923,188.9996297559024,181.73041322682923,183.34579467773438,358000,0.0,0.0
2014-10-22 00:00:00+09:00,185.7688653880152,187.38424682617188,183.34579323078023,187.38424682617188,192000,0.0,0.0
2014-10-23 00:00:00+09:00,184.96118436067002,186.5765658834706,184.1534935992697,185.7688751220703,54000,0.0,0.0
2014-10-24 00:00:00+09:00,190.61501250041914,190.61501250041914,186.57655884574922,188.1919403076172,99000,0.0,0.0
2014-10-27 00:00:00+09:00,188.1919403076172,189.80732176948516,183.3457959220133,188.1919403076172,86000,0.0,0.0
2014-10-28 00:00:00+09:00,185.7688653880152,188.99962826432852,185.7688653880152,187.38424682617188,78000,0.0,0.0
2014-10-29 00:00:00+09:00,186.57654649783404,188.99961853027344,186.57654649783404,188.99961853027344,92000,0.0,0.0
2014-10-30 00:00:00+09:00,190.61501969047214,191.42271045187246,185.7688751220703,185.7688751220703,107000,0.0,0.0
2014-10-31 00:00:00+09:00,188.9996295576336,192.2303924560547,188.19193883302833,192.2303924560547,108000,0.0,0.0
2014-11-04 00:00:00+09:00,194.65347016652424,195.46116091410317,193.03808867136635,193.8457794189453,176000,0.0,0.0
2014-11-05 00:00:00+09:00,193.84579997417353,196.2688724738507,193.03810914094782,195.461181640625,141000,0.0,0.0
2014-11-06 00:00:00+09:00,195.4611636593134,197.88423593608175,194.65347290039062,194.65347290039062,121000,0.0,0.0
2014-11-07 00:00:00+09:00,194.6534783006205,197.07655064461164,193.03809673795976,196.26885986328125,74000,0.0,0.0
2014-11-10 00:00:00+09:00,196.2688473560771,197.0765380859375,194.6534658963563,197.0765380859375,75000,0.0,0.0
2014-11-11 00:00:00+09:00,197.0765639274351,200.3073272705078,196.26887309166693,200.3073272705078,231000,0.0,0.0
2014-11-12 00:00:00+09:00,200.30730655329015,201.11499730552114,198.69192504882812,198.69192504882812,82000,0.0,0.0
2014-11-13 00:00:00+09:00,198.691927766993,199.49961853027344,195.46116471387114,199.49961853027344,52000,0.0,0.0
2014-11-14 00:00:00+09:00,201.11500005683436,201.11500005683436,199.49961853027344,199.49961853027344,103000,0.0,0.0
2014-11-17 00:00:00+09:00,200.30730655329015,201.11499730552114,194.65347128767309,198.69192504882812,122000,0.0,0.0
2014-11-18 00:00:00+09:00,197.88424235271162,201.11500549316406,197.88424235271162,201.11500549316406,70000,0.0,0.0
2014-11-19 00:00:00+09:00,199.49963643473964,201.92270894204418,199.49963643473964,200.3073272705078,73000,0.0,0.0
2014-11-20 00:00:00+09:00,198.69192504882812,201.92268805775214,198.69192504882812,198.69192504882812,147000,0.0,0.0
2014-11-21 00:00:00+09:00,199.4996102755187,200.3073010053791,193.8457751664959,197.0765380859375,92000,0.0,0.0
2014-11-25 00:00:00+09:00,197.8842547632033,203.53809061358052,197.8842547632033,200.3073272705078,94000,0.0,0.0
2014-11-26 00:00:00+09:00,200.30730655329015,200.30730655329015,197.8842342965971,198.69192504882812,42000,0.0,0.0
2014-11-27 00:00:00+09:00,196.2688724738507,197.88425414030215,194.65349080739927,195.461181640625,115000,0.0,0.0
2014-11-28 00:00:00+09:00,193.84579997417353,195.461181640625,193.84579997417353,195.461181640625,58000,0.0,0.0
2014-12-01 00:00:00+09:00,194.65347128767309,198.69192504882812,194.65347128767309,198.69192504882812,89000,0.0,0.0
2014-12-02 00:00:00+09:00,198.69192613874162,203.53807067871094,198.69192613874162,203.53807067871094,99000,0.0,0.0
2014-12-03 00:00:00+09:00,203.53807067871094,203.53807067871094,201.92268916538782,203.53807067871094,85000,0.0,0.0
2014-12-04 00:00:00+09:00,203.53807608536846,205.96114841971809,203.53807608536846,205.15345764160156,84000,0.0,0.0
2014-12-05 00:00:00+09:00,205.15345764160156,205.15345764160156,202.73038530725194,205.15345764160156,27000,0.0,0.0
2014-12-08 00:00:00+09:00,205.961155682446,205.961155682446,201.92270164945685,202.7303924560547,81000,0.0,0.0
2014-12-09 00:00:00+09:00,202.73038706339028,204.3457686336165,201.11500549316406,201.11500549316406,68000,0.0,0.0
2014-12-10 00:00:00+09:00,197.8842449951172,202.73038977050783,196.26886340332032,201.92269897460938,129000,0.0,0.0
2014-12-11 00:00:00+09:00,201.11500549316406,203.53807784850338,198.69193313782472,201.11500549316406,54000,0.0,0.0
2014-12-12 00:00:00+09:00,201.92270894204418,201.92270894204418,196.26887309166693,200.3073272705078,160000,0.0,0.0
2014-12-15 00:00:00+09:00,199.49962298860277,201.1150045512635,196.26885986328125,196.26885986328125,52000,0.0,0.0
2014-12-16 00:00:00+09:00,193.03807067871094,195.4611426955985,193.03807067871094,193.03807067871094,73000,0.0,0.0
2014-12-17 00:00:00+09:00,193.03808318065995,193.84577390526522,192.2303924560547,192.2303924560547,45000,0.0,0.0
2014-12-18 00:00:00+09:00,197.884241425942,198.69193220727237,194.6534783006205,196.26885986328125,60000,0.0,0.0
2014-12-19 00:00:00+09:00,198.69194559897147,200.3073272705078,196.26887309166693,200.3073272705078,49000,0.0,0.0
2014-12-22 00:00:00+09:00,197.8842315673828,198.69192230847418,196.26885008520009,197.8842315673828,60000,0.0,0.0
2014-12-24 00:00:00+09:00,198.69193220727237,201.9226953325939,194.6534783006205,196.26885986328125,133000,0.0,0.0
2014-12-25 00:00:00+09:00,197.0765435443661,199.49961580105912,196.2688527921351,198.69192504882812,41000,0.0,0.0
2014-12-26 00:00:00+09:00,195.46116471387114,199.49961853027344,195.46116471387114,199.49961853027344,37000,0.0,0.0
2014-12-29 00:00:00+09:00,201.11501810627598,201.92270894204418,199.49963643473964,200.3073272705078,34000,0.0,0.0
2014-12-30 00:00:00+09:00,199.49961304956554,201.11499453174824,197.8842315673828,197.8842315673828,33000,0.0,0.0
2015-01-05 00:00:00+09:00,204.3457814493487,204.3457814493487,198.69194559897147,200.3073272705078,55000,0.0,0.0
2015-01-06 00:00:00+09:00,199.49963580675362,199.49963580675362,195.461181640625,195.461181640625,70000,0.0,0.0
2015-01-07 00:00:00+09:00,193.84577786192602,201.9226852728396,193.84577786192602,197.8842315673828,55000,0.0,0.0
2015-01-08 00:00:00+09:00,200.3073092935539,200.3073092935539,197.88423700371254,199.49961853027344,50000,0.0,0.0
2015-01-09 00:00:00+09:00,198.69192504882812,200.30730655329015,197.8842342965971,198.69192504882812,57000,0.0,0.0
2015-01-13 00:00:00+09:00,198.6919195456583,198.6919195456583,196.2688473560771,197.0765380859375,49000,0.0,0.0
2015-01-14 00:00:00+09:00,197.07655064461164,197.07655064461164,195.46116908195089,196.26885986328125,32000,0.0,0.0
2015-01-15 00:00:00+09:00,196.2688473560771,197.0765380859375,193.8457751664959,197.0765380859375,85000,0.0,0.0
2015-01-16 00:00:00+09:00,194.65347290039062,195.4611636593134,192.23040062362227,194.65347290039062,57000,0.0,0.0
2015-01-19 00:00:00+09:00,194.65347016652424,195.46116091410317,193.8457794189453,193.8457794189453,25000,0.0,0.0
2015-01-20 00:00:00+09:00,193.8457751664959,200.3073010053791,193.8457751664959,197.0765380859375,49000,0.0,0.0
2015-01-21 00:00:00+09:00,197.88425414030215,201.92270830643076,195.461181640625,195.461181640625,63000,0.0,0.0
2015-01-22 00:00:00+09:00,196.2688473560771,197.0765380859375,195.4611566262167,197.0765380859375,35000,0.0,0.0
2015-01-23 00:00:00+09:00,197.07654082629145,199.49961304956554,197.07654082629145,197.8842315673828,50000,0.0,0.0
2015-01-26 00:00:00+09:00,199.49961853027344,199.49961853027344,196.26885547715162,199.49961853027344,55000,0.0,0.0
2015-01-27 00:00:00+09:00,199.49963643473964,200.3073272705078,199.49963643473964,200.3073272705078,24000,0.0,0.0
2015-01-28 00:00:00+09:00,200.30731470805094,201.92269627827716,199.49962392293784,201.11500549316406,51000,0.0,0.0
2015-01-29 00:00:00+09:00,200.3073092935539,202.73038158339529,199.49961853027344,199.49961853027344,51000,0.0,0.0
2015-01-30 00:00:00+09:00,200.30730655329015,200.30730655329015,198.69192504882812,198.69192504882812,27000,0.0,0.0
2015-02-02 00:00:00+09:00,198.69194559897147,201.92270894204418,197.8842547632033,200.3073272705078,22000,0.0,0.0
2015-02-03 00:00:00+09:00,200.3073010053791,201.1149917352395,196.2688473560771,197.0765380859375,46000,0.0,0.0
2015-02-04 00:00:00+09:00,199.49963643473964,200.3073272705078,197.0765639274351,200.3073272705078,34000,0.0,0.0
2015-02-05 00:00:00+09:00,201.92269627827716,201.92269627827716,200.30731470805094,201.11500549316406,23000,0.0,0.0
2015-02-06 00:00:00+09:00,201.11501610797384,205.96116107443103,201.11501610797384,204.3457794189453,110000,0.0,0.0
2015-02-09 00:00:00+09:00,205.1534594187296,205.96115020384272,199.49962392293784,201.11500549316406,116000,0.0,0.0
2015-02-10 00:00:00+09:00,201.11500549316406,201.92269627827716,200.30731470805094,201.11500549316406,38000,0.0,0.0
2015-02-12 00:00:00+09:00,204.34577406925035,204.34577406925035,201.92270164945685,202.7303924560547,65000,0.0,0.0
2015-02-13 00:00:00+09:00,203.53807067871094,204.34576143537248,202.7303799220494,203.53807067871094,51000,0.0,0.0
2015-02-16 00:00:00+09:00,205.15346033432903,205.96115112304688,204.3457695456112,205.96115112304688,62000,0.0,0.0
2015-02-17 00:00:00+09:00,205.15346033432903,205.96115112304688,204.3457695456112,205.96115112304688,34000,0.0,0.0
2015-02-18 00:00:00+09:00,205.15346033432903,205.96115112304688,205.15346033432903,205.96115112304688,68000,0.0,0.0
2015-02-19 00:00:00+09:00,207.57652554770775,208.38421630859375,205.96114402593568,208.38421630859375,79000,0.0,0.0
2015-02-20 00:00:00+09:00,208.38421630859375,209.19190706947978,206.7688347868217,208.38421630859375,110000,0.0,0.0
2015-02-23 00:00:00+09:00,209.9996005614292,211.61498210420942,209.19190979003906,209.19190979003906,71000,0.0,0.0
2015-02-24 00:00:00+09:00,209.19188208946815,211.61495408278248,209.19188208946815,209.99957275390625,74000,0.0,0.0
2015-02-25 00:00:00+09:00,209.19188094229068,216.4610968823703,209.19188094229068,214.03802490234375,188000,0.0,0.0
2015-02-26 00:00:00+09:00,214.03802490234375,216.4610968823703,212.42264358232606,214.03802490234375,98000,0.0,0.0
2015-02-27 00:00:00+09:00,214.0380345913847,214.84572528795596,212.4226531982422,212.4226531982422,64000,0.0,0.0
2015-03-02 00:00:00+09:00,214.03802490234375,214.03802490234375,211.61495292231723,214.03802490234375,59000,0.0,0.0
2015-03-03 00:00:00+09:00,214.84575071371378,214.84575071371378,209.99960596077287,210.8072967529297,66000,0.0,0.0
2015-03-04 00:00:00+09:00,211.61495408278248,211.61495408278248,206.76881009615386,209.99957275390625,97000,0.0,0.0
2015-03-05 00:00:00+09:00,209.9996005614292,209.9996005614292,206.76883747586874,209.19190979003906,48000,0.0,0.0
2015-03-06 00:00:00+09:00,209.99957275390625,211.61495408278248,209.19188208946815,209.99957275390625,53000,0.0,0.0
2015-03-09 00:00:00+09:00,209.9996005614292,209.9996005614292,208.38421901864896,209.19190979003906,40000,0.0,0.0
2015-03-10 00:00:00+09:00,209.99960596077287,213.23036912940015,209.99960596077287,210.8072967529297,65000,0.0,0.0
2015-03-11 00:00:00+09:00,210.80727455832744,214.84572809392756,210.80727455832744,213.2303466796875,101000,0.0,0.0
2015-03-12 00:00:00+09:00,215.65342712402344,217.26880860060788,214.038045647439,215.65342712402344,100000,0.0,0.0
2015-03-13 00:00:00+09:00,218.07649506853954,222.11494868091992,215.65342290111133,218.88418579101562,206000,0.0,0.0
2015-03-16 00:00:00+09:00,220.4995574951172,221.3072481819125,218.0764854347313,220.4995574951172,77000,0.0,0.0
2015-03-17 00:00:00+09:00,220.4995781915838,222.9226504794034,220.4995781915838,222.11495971679688,121000,0.0,0.0
2015-03-18 00:00:00+09:00,222.11492635907916,224.5379982829964,219.69185443516193,221.30723571777344,137000,0.0,0.0
2015-03-19 00:00:00+09:00,220.4995574951172,222.9226295555031,220.4995574951172,220.4995574951172,66000,0.0,0.0
2015-03-20 00:00:00+09:00,222.1149472222812,224.538019373797,218.88418435359347,222.92263793945312,94000,0.0,0.0
2015-03-23 00:00:00+09:00,222.9226337977818,226.1533966064453,221.30725239345006,226.1533966064453,55000,0.0,0.0
2015-03-24 00:00:00+09:00,226.9611053466797,227.76879611303798,223.73034228124652,226.9611053466797,75000,0.0,0.0
2015-03-25 00:00:00+09:00,226.96110805213874,228.57648960411126,226.15341727615248,227.768798828125,65000,0.0,0.0
2015-03-26 00:00:00+09:00,227.76877801077705,228.57646871294295,222.9226337977818,226.1533966064453,88000,0.0,0.0
2015-03-27 00:00:00+09:00,226.9818171958498,230.29542036659214,222.0114124397363,222.83981323242188,94000,7.0,0.0
2015-03-30 00:00:00+09:00,222.83977968552534,226.15338235742905,208.75696832993452,225.32498168945312,92000,0.0,0.0
2015-03-31 00:00:00+09:00,229.4669962896817,234.43740054144376,224.49659203791964,228.6385955810547,110000,0.0,0.0
2015-04-01 00:00:00+09:00,228.63856695690296,231.9521693765682,222.01136211757245,226.9817657470703,57000,0.0,0.0
2015-04-02 00:00:00+09:00,229.4669962896817,231.95219841556275,226.98179416380069,228.6385955810547,72000,0.0,0.0
2015-04-03 00:00:00+09:00,227.8101826762105,227.8101826762105,224.496580019102,226.15338134765625,43000,0.0,0.0
2015-04-06 00:00:00+09:00,222.0114124397363,225.32501561047863,222.0114124397363,222.83981323242188,53000,0.0,0.0
2015-04-07 00:00:00+09:00,223.66817935482487,226.98178201193338,222.83977869054772,226.15338134765625,66000,0.0,0.0
2015-04-08 00:00:00+09:00,227.81019592285156,230.29539806019176,225.32499378551137,227.81019592285156,41000,0.0,0.0
2015-04-09 00:00:00+09:00,229.46699734774504,231.1237987726385,225.32499378551137,227.81019592285156,63000,0.0,0.0
2015-04-10 00:00:00+09:00,230.29540906243,231.95221056647625,228.63860755838374,231.12380981445312,76000,0.0,0.0
2015-04-13 00:00:00+09:00,231.95219841556275,231.95219841556275,227.81019487242767,228.6385955810547,70000,0.0,0.0
2015-04-14 00:00:00+09:00,228.6385955810547,229.4669962896817,227.81019487242767,228.6385955810547,31000,0.0,0.0
2015-04-15 00:00:00+09:00,230.29539806019176,230.29539806019176,226.1533944979581,227.81019592285156,45000,0.0,0.0
2015-04-16 00:00:00+09:00,227.8101826762105,228.63858334048763,225.32498068337912,226.15338134765625,35000,0.0,0.0
2015-04-17 00:00:00+09:00,224.49659729003906,226.1533987460541,223.66819656203154,224.49659729003906,63000,0.0,0.0
2015-04-20 00:00:00+09:00,223.668212890625,224.4966136791088,222.0114113136574,223.668212890625,55000,0.0,0.0
2015-04-21 00:00:00+09:00,228.63860093007668,228.63860093007668,223.66819656203154,224.49659729003906,78000,0.0,0.0
2015-04-22 00:00:00+09:00,224.4966136791088,224.4966136791088,222.8398121021412,223.668212890625,55000,0.0,0.0
2015-04-23 00:00:00+09:00,225.32503620016166,251.83386398841597,223.66823446339575,240.2362518310547,885000,0.0,0.0
2015-04-24 00:00:00+09:00,241.06463280502632,245.20663680511268,240.23623200500904,243.54983520507812,424000,0.0,0.0
2015-04-27 00:00:00+09:00,246.86340852809036,246.86340852809036,241.8930043295382,242.72140502929688,200000,0.0,0.0
2015-04-28 00:00:00+09:00,243.5498221410464,243.5498221410464,240.23621911871925,241.8930206298828,113000,0.0,0.0
2015-04-30 00:00:00+09:00,240.2362518310547,241.06465269943766,238.5794500942888,240.2362518310547,149000,0.0,0.0
2015-05-01 00:00:00+09:00,239.40785096267174,240.2362518310547,238.5794500942888,240.2362518310547,86000,0.0,0.0
2015-05-07 00:00:00+09:00,240.23619280921088,240.23619280921088,231.9521861606174,238.5793914794922,124000,0.0,0.0
2015-05-08 00:00:00+09:00,239.40781836313747,241.8930206298828,239.40781836313747,241.8930206298828,66000,0.0,0.0
2015-05-11 00:00:00+09:00,244.37823640407103,260.94625243146567,242.72143480133155,254.3190460205078,316000,0.0,0.0
2015-05-12 00:00:00+09:00,248.52026902235946,255.14747619628906,245.20666543539468,255.14747619628906,238000,0.0,0.0
2015-05-13 00:00:00+09:00,255.975825788114,260.1178294416434,254.31902432670228,259.2894287109375,163000,0.0,0.0
2015-05-14 00:00:00+09:00,260.9462585449219,264.259861828032,258.46105608258927,260.9462585449219,113000,0.0,0.0
2015-05-15 00:00:00+09:00,262.60307980761115,269.230286869002,261.7746789249373,268.4018859863281,195000,0.0,0.0
2015-05-18 00:00:00+09:00,270.88708135431466,274.2006847959576,270.88708135431466,273.3722839355469,197000,0.0,0.0
2015-05-19 00:00:00+09:00,275.0290832519531,276.6858849582902,269.2302772797734,275.0290832519531,195000,0.0,0.0
2015-05-20 00:00:00+09:00,274.20068359375,274.20068359375,270.8870801666352,274.20068359375,130000,0.0,0.0
2015-05-21 00:00:00+09:00,275.0290560736845,275.85745684499074,271.71545298845933,272.5438537597656,95000,0.0,0.0
2015-05-22 00:00:00+09:00,270.05862738547313,271.71542878047603,261.7746204104586,267.57342529296875,131000,0.0,0.0
2015-05-25 00:00:00+09:00,270.05865591195914,271.71545748197116,265.0882512019231,269.2302551269531,130000,0.0,0.0
2015-05-26 00:00:00+09:00,271.7154822147254,277.5142882376006,268.4018787730824,273.3722839355469,175000,0.0,0.0
2015-05-27 00:00:00+09:00,273.3722756948952,279.99948237840783,273.3722756948952,279.17108154296875,152000,0.0,0.0
2015-05-28 00:00:00+09:00,279.9994720282582,288.28348007643154,279.9994720282582,286.6266784667969,198000,0.0,0.0
2015-05-29 00:00:00+09:00,283.3131091059471,288.2835145288584,283.3131091059471,284.1415100097656,117000,0.0,0.0
2015-06-01 00:00:00+09:00,281.65630606717843,286.6267114683639,281.65630606717843,284.96990966796875,49000,0.0,0.0
2015-06-02 00:00:00+09:00,286.6266854678883,286.6266854678883,279.9994788674747,281.6562805175781,75000,0.0,0.0
2015-06-03 00:00:00+09:00,279.17108154296875,280.8278832138469,278.34268070752967,279.17108154296875,57000,0.0,0.0
2015-06-04 00:00:00+09:00,279.17110458685426,288.2835145288584,279.17110458685426,284.1415100097656,120000,0.0,0.0
2015-06-05 00:00:00+09:00,279.99944640042486,285.79825150339224,279.99944640042486,283.31304931640625,68000,0.0,0.0
2015-06-08 00:00:00+09:00,283.3130821676815,284.1414829927332,279.9994788674747,281.6562805175781,70000,0.0,0.0
2015-06-09 00:00:00+09:00,282.484684884725,282.484684884725,277.5142798720906,279.17108154296875,90000,0.0,0.0
2015-06-10 00:00:00+09:00,279.17108154296875,282.484684884725,278.34268070752967,279.17108154296875,126000,0.0,0.0
2015-06-11 00:00:00+09:00,279.1710839114972,279.1710839114972,274.2006788566931,277.5142822265625,85000,0.0,0.0
2015-06-12 00:00:00+09:00,280.8278832138469,280.8278832138469,277.5142798720906,279.17108154296875,138000,0.0,0.0
2015-06-15 00:00:00+09:00,281.65622047266777,281.65622047266777,279.1710185273207,280.82781982421875,79000,0.0,0.0
2015-06-16 00:00:00+09:00,280.8278228214809,280.8278228214809,275.02901822044737,278.3426208496094,73000,0.0,0.0
2015-06-17 00:00:00+09:00,276.68585315051376,279.9994561822565,275.0290516346424,275.8574523925781,51000,0.0,0.0
2015-06-18 00:00:00+09:00,273.3722839355469,275.85748651677915,272.54388307513614,273.3722839355469,65000,0.0,0.0
2015-06-19 00:00:00+09:00,275.85748651677915,275.85748651677915,270.88708135431466,273.3722839355469,102000,0.0,0.0
2015-06-22 00:00:00+09:00,274.2006823987846,275.85748410512167,273.37228154561603,275.0290832519531,52000,0.0,0.0
2015-06-23 00:00:00+09:00,277.5142882376006,278.34268909801136,273.3722839355469,273.3722839355469,66000,0.0,0.0
2015-06-24 00:00:00+09:00,273.3722501187711,277.51425390844946,272.54384936083545,275.8574523925781,94000,0.0,0.0
2015-06-25 00:00:00+09:00,273.3722545310719,277.5142583876033,266.7450483606217,272.5438537597656,129000,0.0,0.0
2015-06-26 00:00:00+09:00,271.7154541015625,273.3722556509623,270.05865255216276,271.7154541015625,49000,0.0,0.0
2015-06-29 00:00:00+09:00,270.058628437682,270.058628437682,265.08822423330747,266.7450256347656,106000,0.0,0.0
2015-06-30 00:00:00+09:00,266.7450494533632,271.7154541015625,266.7450494533632,271.7154541015625,50000,0.0,0.0
2015-07-01 00:00:00+09:00,268.40185889128213,269.23025969032926,265.08825569509344,265.9166564941406,71000,0.0,0.0
2015-07-02 00:00:00+09:00,270.8870544433594,272.5438559995879,267.5734513309024,270.8870544433594,41000,0.0,0.0
2015-07-03 00:00:00+09:00,270.88702808297455,270.88702808297455,267.57342529296875,267.57342529296875,19000,0.0,0.0
2015-07-06 00:00:00+09:00,263.4314563715346,265.91665879013397,260.9462539529352,264.2598571777344,95000,0.0,0.0
2015-07-07 00:00:00+09:00,264.2598298471185,265.08823056764237,260.94622696502296,261.7746276855469,50000,0.0,0.0
2015-07-08 00:00:00+09:00,260.11783160734024,262.6030338201492,256.8042286569283,257.63262939453125,82000,0.0,0.0
2015-07-09 00:00:00+09:00,248.5202449383122,253.49064983707845,242.72143922308493,251.0054473876953,86000,0.0,0.0
2015-07-10 00:00:00+09:00,251.0054424052336,253.4906448052854,241.06463280502632,243.54983520507812,76000,0.0,0.0
2015-07-13 00:00:00+09:00,248.520242659772,253.49064751296746,246.0350402331743,252.66224670410156,48000,0.0,0.0
2015-07-14 00:00:00+09:00,254.31905311535877,263.4314621846387,253.49065229087876,260.11785888671875,76000,0.0,0.0
2015-07-15 00:00:00+09:00,263.43143345759466,263.43143345759466,256.80422758444763,258.4610290527344,130000,0.0,0.0
2015-07-16 00:00:00+09:00,257.632628318591,260.1178305210211,253.4906246478741,258.4610290527344,53000,0.0,0.0
2015-07-17 00:00:00+09:00,259.28942978687775,260.1178305210211,257.632628318591,258.4610290527344,13000,0.0,0.0
2015-07-21 00:00:00+09:00,258.4610279802316,259.2894287109375,258.4610279802316,259.2894287109375,32000,0.0,0.0
2015-07-22 00:00:00+09:00,259.28945806223874,263.4314621846387,258.4610572377587,260.11785888671875,53000,0.0,0.0
2015-07-23 00:00:00+09:00,263.43145751953125,264.25985832934106,259.289453470482,263.43145751953125,65000,0.0,0.0
2015-07-24 00:00:00+09:00,266.74506075877065,266.74506075877065,261.7746558999115,263.43145751953125,70000,0.0,0.0
2015-07-27 00:00:00+09:00,264.25983419173804,264.25983419173804,258.4610290527344,258.4610290527344,48000,0.0,0.0
2015-07-28 00:00:00+09:00,257.632628318591,260.1178305210211,256.80422758444763,258.4610290527344,26000,0.0,0.0
2015-07-29 00:00:00+09:00,260.1178305210211,260.94623125516455,257.632628318591,258.4610290527344,33000,0.0,0.0
2015-07-30 00:00:00+09:00,258.4610511929381,258.4610511929381,253.4906463623047,253.4906463623047,52000,0.0,0.0
2015-07-31 00:00:00+09:00,253.49063915416508,270.05865478515625,250.17703602796684,270.05865478515625,140000,0.0,0.0
2015-08-03 00:00:00+09:00,265.91665879013397,267.57346040253356,263.4314563715346,264.2598571777344,47000,0.0,0.0
2015-08-04 00:00:00+09:00,265.9166249340365,268.4018270362238,265.08822423330747,266.7450256347656,51000,0.0,0.0
2015-08-05 00:00:00+09:00,266.74505055278814,272.5438559995879,266.74505055278814,270.8870544433594,51000,0.0,0.0
2015-08-06 00:00:00+09:00,272.5438818801926,274.20068359375,267.5734767395204,274.20068359375,129000,0.0,0.0
2015-08-07 00:00:00+09:00,274.2006553023782,275.0290560736845,270.8870522171531,272.5438537597656,80000,0.0,0.0
2015-08-10 00:00:00+09:00,272.54388069244754,275.0290832519531,269.2302772797734,275.0290832519531,44000,0.0,0.0
2015-08-11 00:00:00+09:00,273.3722501187711,278.3426546663851,273.3722501187711,275.8574523925781,75000,0.0,0.0
2015-08-12 00:00:00+09:00,272.54383053986925,274.2006319413274,263.43142283184926,266.7450256347656,108000,0.0,0.0
2015-08-13 00:00:00+09:00,268.4018764266049,277.5142858114587,264.2598721607622,275.0290832519531,72000,0.0,0.0
2015-08-14 00:00:00+09:00,276.6858813840952,277.5142822265625,275.0290796991605,277.5142822265625,56000,0.0,0.0
2015-08-17 00:00:00+09:00,278.3426208496094,278.3426208496094,276.6858195350284,278.3426208496094,43000,0.0,0.0
2015-08-18 00:00:00+09:00,279.1711070488625,283.3131116044836,265.916692470875,282.4847106933594,187000,0.0,0.0
2015-08-19 00:00:00+09:00,282.4846485874109,284.96985077439695,277.5142442134389,283.31304931640625,94000,0.0,0.0
2015-08-20 00:00:00+09:00,283.3131116044836,288.2835170712289,281.65630978223516,282.4847106933594,122000,0.0,0.0
2015-08-21 00:00:00+09:00,274.20061756315687,284.9698261079334,274.20061756315687,278.3426208496094,131000,0.0,0.0
2015-08-24 00:00:00+09:00,273.3722720783987,276.6858753763187,260.11785888671875,260.11785888671875,115000,0.0,0.0
2015-08-25 00:00:00+09:00,248.5201893236813,255.14739437231282,246.0349874304445,246.86338806152344,107000,0.0,0.0
2015-08-26 00:00:00+09:00,248.52026902235946,257.6326788865126,244.37826453865347,255.14747619628906,109000,0.0,0.0
2015-08-27 00:00:00+09:00,261.77465704788546,262.6030578613281,260.1178554210001,262.6030578613281,45000,0.0,0.0
2015-08-28 00:00:00+09:00,266.7450256347656,267.57342633549473,264.25982353257837,266.7450256347656,40000,0.0,0.0
2015-08-31 00:00:00+09:00,270.05865255216276,271.7154541015625,266.7450494533632,271.7154541015625,58000,0.0,0.0
2015-09-01 00:00:00+09:00,271.71542983914014,271.71542983914014,266.7450256347656,266.7450256347656,55000,0.0,0.0
2015-09-02 00:00:00+09:00,265.0882626488095,266.74506429036455,255.14745279947917,260.9462585449219,83000,0.0,0.0
2015-09-03 00:00:00+09:00,265.0882638335987,265.91666465807873,260.11785888671875,260.11785888671875,70000,0.0,0.0
2015-09-04 00:00:00+09:00,261.77463308254625,264.25983529535523,255.14742718172226,257.63262939453125,82000,0.0,0.0
2015-09-07 00:00:00+09:00,255.14744454294345,258.46104771882585,253.49064295500227,255.97584533691406,16000,0.0,0.0
2015-09-08 00:00:00+09:00,255.9758087158203,256.80420939127606,247.69180196126302,248.52020263671875,30000,0.0,0.0
2015-09-09 00:00:00+09:00,252.66225033714656,260.9462585449219,252.66225033714656,260.9462585449219,65000,0.0,0.0
2015-09-10 00:00:00+09:00,255.14742611616086,259.28942978687775,253.4906246478741,258.4610290527344,44000,0.0,0.0
2015-09-11 00:00:00+09:00,254.31905311535877,260.9462597111987,254.31905311535877,260.11785888671875,100000,0.0,0.0
2015-09-14 00:00:00+09:00,260.94623017234926,262.60303163376096,259.2894287109375,259.2894287109375,36000,0.0,0.0
2015-09-15 00:00:00+09:00,261.7746605356787,261.7746605356787,257.63265641327877,260.11785888671875,34000,0.0,0.0
2015-09-16 00:00:00+09:00,265.08823056764237,265.08823056764237,260.94622696502296,261.7746276855469,25000,0.0,0.0
2015-09-17 00:00:00+09:00,262.6030555653348,264.2598571777344,258.4610515343358,264.2598571777344,43000,0.0,0.0
2015-09-18 00:00:00+09:00,264.25985948821346,265.08826030165613,260.9462562344428,262.6030578613281,65000,0.0,0.0
2015-09-24 00:00:00+09:00,258.46105002735646,260.94625243146567,253.49064521913806,254.3190460205078,59000,0.0,0.0
2015-09-25 00:00:00+09:00,252.66222391373074,258.4610290527344,251.00542244544397,258.4610290527344,57000,0.0,0.0
2015-09-28 00:00:00+09:00,260.11788157673624,260.11788157673624,254.31907529954785,255.14747619628906,35000,0.0,0.0
2015-09-29 00:00:00+09:00,255.14742815172352,255.14742815172352,244.37821852194296,245.2066192626953,51000,0.0,0.0
2015-09-30 00:00:00+09:00,250.17700709076442,252.66220914795744,245.20660297637838,246.03500366210938,90000,0.0,0.0
2015-10-01 00:00:00+09:00,247.69180196126302,248.52020263671875,242.72139790852864,248.52020263671875,70000,0.0,0.0
2015-10-02 00:00:00+09:00,247.69180196126302,251.00540466308593,247.69180196126302,248.52020263671875,30000,0.0,0.0
2015-10-05 00:00:00+09:00,249.34860331217448,252.6622060139974,248.52020263671875,248.52020263671875,40000,0.0,0.0
2015-10-06 00:00:00+09:00,251.00540466308593,251.00540466308593,248.52020263671875,248.52020263671875,67000,0.0,0.0
2015-10-07 00:00:00+09:00,250.1770217113006,258.4610290527344,248.52022024301382,258.4610290527344,77000,0.0,0.0
2015-10-08 00:00:00+09:00,255.97585476431874,262.60306136015873,255.97585476431874,260.11785888671875,70000,0.0,0.0
2015-10-09 00:00:00+09:00,257.6326518508623,264.25985832934106,257.6326518508623,263.43145751953125,59000,0.0,0.0
2015-10-13 00:00:00+09:00,259.28942552397524,265.08823056764237,259.28942552397524,261.7746276855469,38000,0.0,0.0
2015-10-14 00:00:00+09:00,261.774654759135,269.23026201493315,257.632650728136,264.2598571777344,133000,0.0,0.0
2015-10-15 00:00:00+09:00,264.25987447102864,277.5142882376006,264.25987447102864,273.3722839355469,116000,0.0,0.0
2015-10-16 00:00:00+09:00,275.8574782012124,279.99948237840783,273.3722756948952,279.17108154296875,100000,0.0,0.0
2015-10-19 00:00:00+09:00,278.3427061377383,284.1415125156078,278.3427061377383,282.4847106933594,60000,0.0,0.0
2015-10-20 00:00:00+09:00,284.14147719231204,287.45508042487546,282.4846755760304,285.79827880859375,89000,0.0,0.0
2015-10-21 00:00:00+09:00,285.79827880859375,287.45508042487546,281.6562747678895,285.79827880859375,86000,0.0,0.0
2015-10-22 00:00:00+09:00,285.7982870248648,285.7982870248648,275.85747704139123,279.9994812011719,91000,0.0,0.0
2015-10-23 00:00:00+09:00,283.3130763841712,285.79827880859375,283.3130763841712,285.79827880859375,60000,0.0,0.0
2015-10-26 00:00:00+09:00,286.62670775311824,289.1119104214979,285.79830686365835,287.4551086425781,54000,0.0,0.0
2015-10-27 00:00:00+09:00,287.45508042487546,289.1118820411572,284.14147719231204,285.79827880859375,109000,0.0,0.0
2015-10-28 00:00:00+09:00,282.48467444271023,287.45507927161424,280.82787283307556,286.6266784667969,110000,0.0,0.0
2015-10-29 00:00:00+09:00,284.9699109135842,286.6267127212213,279.99950549067285,284.1415100097656,123000,0.0,0.0
2015-10-30 00:00:00+09:00,284.14147719231204,287.45508042487546,280.8278739597487,285.79827880859375,51000,0.0,0.0
2015-11-02 00:00:00+09:00,272.5438162485758,284.9698261079334,271.7154155912853,278.3426208496094,177000,0.0,0.0
2015-11-04 00:00:00+09:00,282.4846813426298,284.96988381778493,279.9994788674747,281.6562805175781,66000,0.0,0.0
2015-11-05 00:00:00+09:00,279.1710712234409,287.45507927161424,277.5142696138062,286.6266784667969,143000,0.0,0.0
2015-11-06 00:00:00+09:00,286.6266784667969,287.45507927161424,283.31307524752754,286.6266784667969,109000,0.0,0.0
2015-11-09 00:00:00+09:00,286.6266695011807,294.082276511327,286.6266695011807,293.2538757324219,141000,0.0,0.0
2015-11-10 00:00:00+09:00,291.59706976693434,297.39587513161774,291.59706976693434,296.5674743652344,97000,0.0,0.0
2015-11-11 00:00:00+09:00,297.39587513161774,299.05267666438436,294.0822720660844,296.5674743652344,110000,0.0,0.0
2015-11-12 00:00:00+09:00,295.73907031114743,302.36627636854007,295.73907031114743,299.05267333984375,85000,0.0,0.0
2015-11-13 00:00:00+09:00,294.0822368022824,300.7094421386719,294.0822368022824,300.7094421386719,47000,0.0,0.0
2015-11-16 00:00:00+09:00,294.9106404622396,299.88104451497395,294.9106404622396,298.2242431640625,65000,0.0,0.0
2015-11-17 00:00:00+09:00,296.56747106832154,299.88107409701786,295.73907031114743,299.05267333984375,69000,0.0,0.0
2015-11-18 00:00:00+09:00,300.7095043540659,302.36630603094784,299.052702677184,299.881103515625,27000,0.0,0.0
2015-11-19 00:00:00+09:00,299.881103515625,302.36630603094784,299.881103515625,299.881103515625,29000,0.0,0.0
2015-11-20 00:00:00+09:00,299.8810708182199,302.36627306256975,299.0526700701032,301.5378723144531,45000,0.0,0.0
2015-11-24 00:00:00+09:00,302.36627306256975,302.36627306256975,300.7094715663365,301.5378723144531,46000,0.0,0.0
2015-11-25 00:00:00+09:00,300.7094715663365,301.5378723144531,298.2242693219866,301.5378723144531,42000,0.0,0.0
2015-11-26 00:00:00+09:00,301.53791739723897,301.53791739723897,284.14149908585983,291.59710693359375,141000,0.0,0.0
2015-11-27 00:00:00+09:00,289.1118448371561,291.5970469417735,287.4550434340779,290.7686462402344,153000,0.0,0.0
2015-11-30 00:00:00+09:00,291.59710572326486,292.4255065917969,285.7982996435409,292.4255065917969,76000,0.0,0.0
2015-12-01 00:00:00+09:00,289.9402715118838,294.082275390625,288.2834699603873,294.082275390625,52000,0.0,0.0
2015-12-02 00:00:00+09:00,293.25387239856883,296.5674754765187,290.76867009010635,295.73907470703125,42000,0.0,0.0
2015-12-03 00:00:00+09:00,290.76870127474325,294.91070556640625,290.76870127474325,294.91070556640625,39000,0.0,0.0
2015-12-04 00:00:00+09:00,294.08231575825715,294.08231575825715,287.4551086425781,287.4551086425781,45000,0.0,0.0
2015-12-07 00:00:00+09:00,287.45510619417644,291.5971106061963,287.45510619417644,289.1119079589844,42000,0.0,0.0
2015-12-08 00:00:00+09:00,289.1119079589844,290.7687097237923,289.1119079589844,289.1119079589844,34000,0.0,0.0
2015-12-09 00:00:00+09:00,289.1118903526893,289.1118903526893,279.17108036921576,279.9994812011719,102000,0.0,0.0
2015-12-10 00:00:00+09:00,280.8278228214809,280.8278228214809,277.5142201923189,278.3426208496094,115000,0.0,0.0
2015-12-11 00:00:00+09:00,273.3722756948952,281.656284049286,273.3722756948952,279.17108154296875,116000,0.0,0.0
2015-12-14 00:00:00+09:00,275.02901822044737,280.8278228214809,273.3722169058663,278.3426208496094,58000,0.0,0.0
2015-12-15 00:00:00+09:00,279.17108154296875,280.8278832138469,278.34268070752967,279.17108154296875,45000,0.0,0.0
2015-12-16 00:00:00+09:00,279.1710185273207,280.82781982421875,278.3426178788717,280.82781982421875,42000,0.0,0.0
2015-12-17 00:00:00+09:00,281.65630978223516,287.4551161601047,279.9995079599867,282.4847106933594,53000,0.0,0.0
2015-12-18 00:00:00+09:00,279.9995079599867,284.96991342673203,277.51430522661406,282.4847106933594,64000,0.0,0.0
2015-12-21 00:00:00+09:00,278.3426830690299,281.65628643889926,273.37227801422574,277.5142822265625,69000,0.0,0.0
2015-12-22 00:00:00+09:00,275.8574805416278,279.1710839114972,275.8574805416278,277.5142822265625,34000,0.0,0.0
2015-12-24 00:00:00+09:00,275.8574523925781,277.51425390844946,271.71544860289976,275.8574523925781,62000,0.0,0.0
2015-12-25 00:00:00+09:00,275.8574523925781,275.8574523925781,275.8574523925781,275.8574523925781,0,0.0,0.0
2015-12-28 00:00:00+09:00,275.02901822044737,279.1710215068999,275.02901822044737,278.3426208496094,24000,0.0,0.0
2015-12-29 00:00:00+09:00,275.02901822044737,279.9994221641904,275.02901822044737,278.3426208496094,41000,0.0,0.0
2015-12-30 00:00:00+09:00,282.4847082021285,284.9699109135842,280.8279063944914,284.1415100097656,24000,0.0,0.0
2016-01-04 00:00:00+09:00,284.9698261079334,284.9698261079334,275.85741887773787,278.3426208496094,51000,0.0,0.0
2016-01-05 00:00:00+09:00,278.34265356006733,279.17105431471043,276.68585205078125,276.68585205078125,26000,0.0,0.0
2016-01-06 00:00:00+09:00,275.02908445052867,277.5142870208648,270.8870801666352,274.20068359375,70000,0.0,0.0
2016-01-07 00:00:00+09:00,274.2006384934051,276.68584065497674,261.7746276855469,261.7746276855469,82000,0.0,0.0
2016-01-08 00:00:00+09:00,258.46107978325387,258.46107978325387,248.52026902235946,255.14747619628906,118000,0.0,0.0
2016-01-12 00:00:00+09:00,255.14744682187754,259.2894508287262,254.3190460205078,254.3190460205078,76000,0.0,0.0
2016-01-13 00:00:00+09:00,255.14742505740816,260.1178294416434,255.14742505740816,259.2894287109375,36000,0.0,0.0
2016-01-14 00:00:00+09:00,256.80427798977144,256.80427798977144,251.00547171258305,255.14747619628906,58000,0.0,0.0
2016-01-15 00:00:00+09:00,259.2894519980437,260.94625360825484,252.66224555719913,253.4906463623047,63000,0.0,0.0
2016-01-18 00:00:00+09:00,246.86341225473504,255.14741937737716,246.86341225473504,251.8338165283203,30000,0.0,0.0
2016-01-19 00:00:00+09:00,254.31904832183338,255.14744913069927,251.00544508636975,252.66224670410156,44000,0.0,0.0
2016-01-20 00:00:00+09:00,255.97582889247585,255.97582889247585,244.37821852194296,245.2066192626953,44000,0.0,0.0
2016-01-21 00:00:00+09:00,241.8930139675946,246.86341836418904,235.26580810546875,235.26580810546875,63000,0.0,0.0
2016-01-22 00:00:00+09:00,239.4077961899365,247.69180297851562,238.5793955110786,247.69180297851562,56000,0.0,0.0
2016-01-25 00:00:00+09:00,254.31899729082662,262.60300371723787,251.83379536290323,256.80419921875,61000,0.0,0.0
2016-01-26 00:00:00+09:00,251.00544854978853,254.31905183097385,245.20664280771422,250.1770477294922,49000,0.0,0.0
2016-01-27 00:00:00+09:00,256.80427798977144,258.46107978325387,252.66227350606545,255.14747619628906,45000,0.0,0.0
2016-01-28 00:00:00+09:00,257.6326788865126,260.9462824734774,252.66227350606545,255.14747619628906,45000,0.0,0.0
2016-01-29 00:00:00+09:00,259.2894569033668,260.9462585449219,255.14745279947917,260.9462585449219,43000,0.0,0.0
2016-02-01 00:00:00+09:00,265.0882468180091,272.5438537597656,265.0882468180091,272.5438537597656,45000,0.0,0.0
2016-02-02 00:00:00+09:00,271.71545748197116,273.3722590519832,268.4018543419471,269.2302551269531,35000,0.0,0.0
2016-02-03 00:00:00+09:00,262.60302840607073,265.08823056764237,261.7746276855469,261.7746276855469,38000,0.0,0.0
2016-02-04 00:00:00+09:00,258.4610290527344,260.94623125516455,257.632628318591,258.4610290527344,30000,0.0,0.0
2016-02-05 00:00:00+09:00,253.4905966481855,257.6325998613911,253.4905966481855,256.80419921875,20000,0.0,0.0
2016-02-08 00:00:00+09:00,251.83384136706107,260.117849306767,251.83384136706107,255.97584533691406,24000,0.0,0.0
2016-02-09 00:00:00+09:00,249.3485870361328,255.9757920071928,248.5201864147503,249.3485870361328,42000,0.0,0.0
2016-02-10 00:00:00+09:00,247.691798792945,249.3486001226637,236.92259014977347,238.5793914794922,73000,0.0,0.0
2016-02-12 00:00:00+09:00,231.95218703326057,238.57939237706802,223.66818035350127,225.32498168945312,91000,0.0,0.0
2016-02-15 00:00:00+09:00,245.20662365221,248.52022667453716,236.9226160963921,241.8930206298828,44000,0.0,0.0
2016-02-16 00:00:00+09:00,235.265846620757,246.03505790973534,235.265846620757,240.2362518310547,49000,0.0,0.0
2016-02-17 00:00:00+09:00,240.23619588216147,243.54979858398437,234.43739115397136,236.0941925048828,25000,0.0,0.0
2016-02-18 00:00:00+09:00,240.23621588238214,246.8634218377582,240.23621588238214,244.3782196044922,18000,0.0,0.0
2016-02-19 00:00:00+09:00,241.06462318921996,242.72142472316648,236.09421858738037,239.40782165527344,22000,0.0,0.0
2016-02-22 00:00:00+09:00,236.92260217830489,243.5498078336421,236.92260217830489,241.06460571289062,36000,0.0,0.0
2016-02-23 00:00:00+09:00,241.06459552258045,244.37819821017607,236.92259216308594,236.92259216308594,44000,0.0,0.0
2016-02-24 00:00:00+09:00,241.89302621236664,246.03503008586605,231.952216915968,237.7510223388672,52000,0.0,0.0
2016-02-25 00:00:00+09:00,241.8930064198078,248.520212075145,241.06460571289062,241.06460571289062,27000,0.0,0.0
2016-02-26 00:00:00+09:00,241.06463280502632,245.20663680511268,241.06463280502632,243.54983520507812,19000,0.0,0.0
2016-02-29 00:00:00+09:00,240.2362158290008,245.20662029442838,232.78060913085938,232.78060913085938,66000,0.0,0.0
2016-03-01 00:00:00+09:00,232.78060913085938,235.2658113635732,231.95220838662146,232.78060913085938,55000,0.0,0.0
2016-03-02 00:00:00+09:00,237.75099283498483,237.75099283498483,236.09419149118705,236.92259216308594,17000,0.0,0.0
2016-03-03 00:00:00+09:00,237.7510223388672,238.5794231135671,236.0942207894674,237.7510223388672,46000,0.0,0.0
2016-03-04 00:00:00+09:00,236.0942207894674,238.5794231135671,236.0942207894674,237.7510223388672,23000,0.0,0.0
2016-03-07 00:00:00+09:00,237.75099081463281,238.5793914794922,236.92259014977347,238.5793914794922,19000,0.0,0.0
2016-03-08 00:00:00+09:00,236.92261065695394,236.92261065695394,233.60900771070283,234.43740844726562,40000,0.0,0.0
2016-03-09 00:00:00+09:00,232.78060913085938,233.6090098750973,231.95220838662146,232.78060913085938,16000,0.0,0.0
2016-03-10 00:00:00+09:00,233.60900663993726,236.09420883823447,233.60900663993726,235.26580810546875,27000,0.0,0.0
2016-03-11 00:00:00+09:00,231.9522051744058,236.09420883823447,231.12380444164006,235.26580810546875,74000,0.0,0.0
2016-03-14 00:00:00+09:00,236.09420147138775,242.72140712672493,234.43740005755345,241.06460571289062,81000,0.0,0.0
2016-03-15 00:00:00+09:00,243.54980572905558,244.37820642881428,241.0646036297795,242.72140502929688,39000,0.0,0.0
2016-03-16 00:00:00+09:00,241.06460571289062,247.69181136822783,241.06460571289062,241.06460571289062,24000,0.0,0.0
2016-03-17 00:00:00+09:00,241.06461987430103,246.03502440779178,241.06461987430103,241.8930206298828,20000,0.0,0.0
2016-03-18 00:00:00+09:00,240.23621911871925,241.8930206298828,238.57941760755565,241.8930206298828,44000,0.0,0.0
2016-03-22 00:00:00+09:00,244.37820026308398,247.69180297851562,244.37820026308398,247.69180297851562,37000,0.0,0.0
2016-03-23 00:00:00+09:00,249.34860433623146,251.00540569394727,247.69180297851562,247.69180297851562,20000,0.0,0.0
2016-03-24 00:00:00+09:00,246.03502109333618,246.03502109333618,243.54981886007016,244.3782196044922,53000,0.0,0.0
2016-03-25 00:00:00+09:00,243.54980572905558,244.37820642881428,242.7214050292969,242.72140502929688,36000,0.0,0.0
2016-03-28 00:00:00+09:00,245.20660297637838,246.86340434784037,243.54980160491635,246.03500366210938,46000,0.0,0.0
2016-03-29 00:00:00+09:00,247.74359826327992,253.72361615239356,247.74359826327992,251.16075134277344,44000,9.0,0.0
2016-03-30 00:00:00+09:00,251.16074015996227,252.86931662363548,246.88929900077926,249.45216369628906,27000,0.0,0.0
2016-03-31 00:00:00+09:00,246.88930157917304,254.5778957459985,245.18072509765625,245.18072509765625,37000,0.0,0.0
2016-04-01 00:00:00+09:00,243.4721424449574,244.3264306640625,234.92926025390625,234.92926025390625,100000,0.0,0.0
2016-04-04 00:00:00+09:00,237.49214308117632,240.0550079345703,234.92927822778233,240.0550079345703,35000,0.0,0.0
2016-04-05 00:00:00+09:00,236.6378392537435,237.49212748209635,230.65782165527344,230.65782165527344,39000,0.0,0.0
2016-04-06 00:00:00+09:00,234.92926279703775,238.3464157104492,228.9492451985677,230.65782165527344,72000,0.0,0.0
2016-04-07 00:00:00+09:00,234.92926025390625,235.78354847301136,234.92926025390625,234.92926025390625,24000,0.0,0.0
2016-04-08 00:00:00+09:00,234.92926025390625,244.3264306640625,230.65781915838068,234.92926025390625,51000,0.0,0.0
2016-04-11 00:00:00+09:00,234.92925780160087,240.05498706272672,234.92925780160087,239.20069885253906,19000,0.0,0.0
2016-04-12 00:00:00+09:00,240.05498706272672,243.47213990347728,239.2006988525391,239.20069885253906,44000,0.0,0.0
2016-04-13 00:00:00+09:00,240.90927684770455,242.61785327924855,240.90927684770455,241.76356506347656,33000,0.0,0.0
2016-04-14 00:00:00+09:00,244.3264451837864,251.16075134277344,244.3264451837864,251.16075134277344,59000,0.0,0.0
2016-04-15 00:00:00+09:00,245.180701973512,252.86929541519007,245.180701973512,248.5978546142578,62000,0.0,0.0
2016-04-18 00:00:00+09:00,246.03501076894264,251.16074015996227,246.03501076894264,249.45216369628906,37000,0.0,0.0
2016-04-19 00:00:00+09:00,254.57787520797163,254.57787520797163,252.01501069245515,253.7235870361328,28000,0.0,0.0
2016-04-20 00:00:00+09:00,256.2864515516493,257.995027895327,252.01501069245515,253.7235870361328,70000,0.0,0.0
2016-04-21 00:00:00+09:00,257.99505227709574,270.8093760656932,256.28647577194937,269.1007995605469,206000,0.0,0.0
2016-04-22 00:00:00+09:00,265.6836385218701,272.5179443359375,263.1207738415948,272.5179443359375,90000,0.0,0.0
2016-04-25 00:00:00+09:00,275.08080090974505,275.9350891113281,265.6836306923314,275.9350891113281,34000,0.0,0.0
2016-04-26 00:00:00+09:00,273.3722437207944,275.0808202440494,265.68364936614705,274.2265319824219,38000,0.0,0.0
2016-04-27 00:00:00+09:00,271.6636274823491,275.93506816603383,269.10076307213825,275.0807800292969,56000,0.0,0.0
2016-04-28 00:00:00+09:00,272.5179427907437,280.2065367879747,268.2465016811709,269.955078125,69000,0.0,0.0
2016-05-02 00:00:00+09:00,258.8493511789605,272.51796378246996,258.8493511789605,270.80938720703125,84000,0.0,0.0
2016-05-06 00:00:00+09:00,270.8093760656932,270.8093760656932,266.53793480282735,269.1007995605469,31000,0.0,0.0
2016-05-09 00:00:00+09:00,266.53794576843455,271.6636754947506,265.6836574807152,270.80938720703125,30000,0.0,0.0
2016-05-10 00:00:00+09:00,271.66371308275933,290.4580580130131,269.10084786499743,288.7494812011719,83000,0.0,0.0
2016-05-11 00:00:00+09:00,290.4580063635942,294.72944763364706,287.0408533475519,287.8951416015625,95000,0.0,0.0
2016-05-12 00:00:00+09:00,286.18661598341,289.6037696070925,285.33232757748937,288.7494812011719,55000,0.0,0.0
2016-05-13 00:00:00+09:00,288.74946806936555,288.74946806936555,281.9151611328125,281.9151611328125,35000,0.0,0.0
2016-05-16 00:00:00+09:00,279.3522532301683,284.4779826472356,275.9351002854567,277.6436767578125,44000,0.0,0.0
2016-05-17 00:00:00+09:00,275.9351318173292,282.7694384877275,275.9351318173292,280.2065734863281,31000,0.0,0.0
2016-05-18 00:00:00+09:00,276.7894092395993,282.76942734045485,276.7894092395993,278.49798583984375,20000,0.0,0.0
2016-05-19 00:00:00+09:00,276.7894092395993,280.2065624400882,274.22654433923265,278.49798583984375,61000,0.0,0.0
2016-05-20 00:00:00+09:00,280.20652206374234,282.76938659481317,277.6436575326715,279.35223388671875,10000,0.0,0.0
2016-05-23 00:00:00+09:00,279.35227413996597,279.35227413996597,275.08083263935487,278.49798583984375,16000,0.0,0.0
2016-05-24 00:00:00+09:00,279.35227413996597,279.35227413996597,277.64369753972153,278.49798583984375,13000,0.0,0.0
2016-05-25 00:00:00+09:00,279.3522532301683,281.060829702524,275.9351002854567,277.6436767578125,22000,0.0,0.0
2016-05-26 00:00:00+09:00,275.08083000183103,275.9351182937622,273.37225341796875,273.37225341796875,57000,0.0,0.0
2016-05-27 00:00:00+09:00,271.66366719753944,274.2265319824219,265.68364936614705,274.2265319824219,15000,0.0,0.0
2016-05-30 00:00:00+09:00,274.2265417098999,275.08083000183103,264.8293704986572,273.37225341796875,34000,0.0,0.0
2016-05-31 00:00:00+09:00,269.1007914289038,274.22652078945436,266.53792674862854,272.5179443359375,52000,0.0,0.0
2016-06-01 00:00:00+09:00,272.5179427907437,275.0808074564874,269.955078125,269.955078125,9000,0.0,0.0
2016-06-02 00:00:00+09:00,269.9550947709517,269.9550947709517,263.12078857421875,263.12078857421875,16000,0.0,0.0
2016-06-03 00:00:00+09:00,263.12077889550466,268.24650835450797,261.4122024091702,263.9750671386719,16000,0.0,0.0
2016-06-06 00:00:00+09:00,260.55791416600294,264.8293553818391,260.55791416600294,263.9750671386719,18000,0.0,0.0
2016-06-07 00:00:00+09:00,268.2465068343418,268.2465068343418,261.4122009277344,261.4122009277344,14000,0.0,0.0
2016-06-08 00:00:00+09:00,264.829365123402,264.829365123402,263.12078857421875,263.12078857421875,4000,0.0,0.0
2016-06-09 00:00:00+09:00,261.4121685972308,261.4121685972308,257.1407279338774,258.84930419921875,44000,0.0,0.0
2016-06-10 00:00:00+09:00,255.43216282578763,264.8293326956327,252.015010145844,260.5578918457031,88000,0.0,0.0
2016-06-13 00:00:00+09:00,254.57786379022113,261.412168858415,252.0149993896484,252.01499938964844,58000,0.0,0.0
2016-06-14 00:00:00+09:00,248.5978546142578,252.0150072550036,248.5978546142578,248.5978546142578,36000,0.0,0.0
2016-06-15 00:00:00+09:00,245.18071949565328,249.45216060184933,244.32643127441406,244.32643127441406,51000,0.0,0.0
2016-06-16 00:00:00+09:00,243.47210487310033,243.47210487310033,233.2206478258119,234.07493591308594,50000,0.0,0.0
2016-06-17 00:00:00+09:00,234.07498994331766,240.90929621903496,234.07498994331766,240.0550079345703,46000,0.0,0.0
2016-06-20 00:00:00+09:00,239.20070041616054,246.88929435810857,239.20070041616054,241.76356506347656,25000,0.0,0.0
2016-06-21 00:00:00+09:00,243.47214712223538,255.432182419468,242.61785888671878,242.61785888671875,33000,0.0,0.0
2016-06-22 00:00:00+09:00,246.8892782938849,248.5978546142578,242.61783749295262,248.5978546142578,34000,0.0,0.0
2016-06-23 00:00:00+09:00,247.74362182617188,249.45219852842132,244.32646842167293,247.74362182617188,61000,0.0,0.0
2016-06-24 00:00:00+09:00,254.57788142242995,255.43216961512266,231.51210021972656,231.51210021972656,74000,0.0,0.0
2016-06-27 00:00:00+09:00,238.34642028808594,241.7635732671266,233.22069081952495,238.34642028808594,46000,0.0,0.0
2016-06-28 00:00:00+09:00,232.36642158590928,244.32645799106638,232.36642158590928,236.6378631591797,52000,0.0,0.0
2016-06-29 00:00:00+09:00,243.4721445789799,247.74358571194446,238.34641521942243,246.88929748535156,62000,0.0,0.0
2016-06-30 00:00:00+09:00,252.86927795410156,252.86927795410156,246.03497314453125,246.03497314453125,59000,0.0,0.0
2016-07-01 00:00:00+09:00,246.0350451239224,250.30648687954604,246.0350451239224,247.74362182617188,19000,0.0,0.0
2016-07-04 00:00:00+09:00,251.1607151487175,253.7235795890105,246.88927441489577,250.30642700195312,40000,0.0,0.0
2016-07-05 00:00:00+09:00,247.74358723261585,249.45216369628906,247.74358723261585,249.45216369628906,31000,0.0,0.0
2016-07-06 00:00:00+09:00,246.88930157917304,248.5978780606898,241.7635721346227,245.18072509765625,57000,0.0,0.0
2016-07-07 00:00:00+09:00,246.88929900077926,249.45216369628906,246.03501076894264,249.45216369628906,40000,0.0,0.0
2016-07-08 00:00:00+09:00,249.4521790636816,249.4521790636816,240.0550079345703,240.0550079345703,39000,0.0,0.0
2016-07-11 00:00:00+09:00,240.0550079345703,240.0550079345703,240.0550079345703,240.0550079345703,0,0.0,0.0
2016-07-12 00:00:00+09:00,253.72357540319462,263.12074486257217,253.72357540319462,258.84930419921875,41000,0.0,0.0
2016-07-13 00:00:00+09:00,261.4121627315398,269.95504386655745,256.28643405052924,264.8293151855469,58000,0.0,0.0
2016-07-14 00:00:00+09:00,264.8293487935127,269.955078125,264.8293487935127,269.955078125,60000,0.0,0.0
2016-07-15 00:00:00+09:00,275.9350956784019,275.9350956784019,269.10078990308546,269.955078125,89000,0.0,0.0
2016-07-19 00:00:00+09:00,266.53794576843455,270.80938720703125,266.53794576843455,270.80938720703125,21000,0.0,0.0
2016-07-20 00:00:00+09:00,267.39221497538693,272.5179443359375,266.53792674862854,272.5179443359375,28000,0.0,0.0
2016-07-21 00:00:00+09:00,273.3722437207944,274.2265319824219,272.5179554591669,274.2265319824219,17000,0.0,0.0
2016-07-22 00:00:00+09:00,270.8094101894049,277.64371707115646,269.955121829186,276.7894287109375,41000,0.0,0.0
2016-07-25 00:00:00+09:00,283.62367477183676,283.62367477183676,277.6436575326715,279.35223388671875,61000,0.0,0.0
2016-07-26 00:00:00+09:00,278.4979803972184,278.4979803972184,268.24652099609375,268.24652099609375,48000,0.0,0.0
2016-07-27 00:00:00+09:00,265.6836465502542,273.3722408234127,265.6836465502542,269.1007995605469,78000,0.0,0.0
2016-07-28 00:00:00+09:00,262.2664885066106,277.6436767578125,262.2664885066106,277.6436767578125,37000,0.0,0.0
2016-07-29 00:00:00+09:00,274.2265158424261,281.0608215332031,265.68363372895493,281.0608215332031,45000,0.0,0.0
2016-08-01 00:00:00+09:00,280.206558371944,280.206558371944,269.1008106315926,270.80938720703125,55000,0.0,0.0
2016-08-02 00:00:00+09:00,272.51796241322904,274.2265389800831,267.3922327126667,268.24652099609375,25000,0.0,0.0
2016-08-03 00:00:00+09:00,264.8293170380516,269.10075763543955,264.8293170380516,267.3921813964844,30000,0.0,0.0
2016-08-04 00:00:00+09:00,266.5378932770068,268.24646951596196,262.26645267961885,267.3921813964844,47000,0.0,0.0
2016-08-05 00:00:00+09:00,269.95508634127106,269.95508634127106,265.68364510169397,266.5379333496094,13000,0.0,0.0
2016-08-08 00:00:00+09:00,272.51798464217273,273.372272995283,269.10083122973174,271.6636962890625,20000,0.0,0.0
2016-08-09 00:00:00+09:00,269.100811958313,273.37225341796875,269.100811958313,273.37225341796875,16000,0.0,0.0
2016-08-10 00:00:00+09:00,275.08082864562795,276.78940522106666,270.80938720703125,270.80938720703125,15000,0.0,0.0
2016-08-12 00:00:00+09:00,273.3722325626959,273.3722325626959,269.1007914289038,272.5179443359375,18000,0.0,0.0
2016-08-15 00:00:00+09:00,273.372272995283,273.372272995283,271.6636962890625,271.6636962890625,15000,0.0,0.0
2016-08-16 00:00:00+09:00,269.10078990308546,272.5179427907437,265.6836370154272,269.955078125,58000,0.0,0.0
2016-08-17 00:00:00+09:00,267.39221497538693,272.5179443359375,266.53792674862854,272.5179443359375,47000,0.0,0.0
2016-08-18 00:00:00+09:00,267.3922215975248,269.10079809335565,263.97506860586316,266.5379333496094,84000,0.0,0.0
2016-08-19 00:00:00+09:00,266.53793480282735,269.95508781312003,265.6836465502542,269.1007995605469,24000,0.0,0.0
2016-08-22 00:00:00+09:00,269.10080927952083,270.80938584637494,267.3922327126667,268.24652099609375,38000,0.0,0.0
2016-08-23 00:00:00+09:00,269.10079809335565,269.10079809335565,264.82935685377856,266.5379333496094,47000,0.0,0.0
2016-08-24 00:00:00+09:00,269.1007557530557,269.1007557530557,264.8293151855469,264.8293151855469,32000,0.0,0.0
2016-08-25 00:00:00+09:00,267.3922006294275,268.24648881035216,264.8293360866534,265.6836242675781,23000,0.0,0.0
2016-08-26 00:00:00+09:00,265.68363231944727,265.68363231944727,262.2664794921875,262.2664794921875,19000,0.0,0.0
2016-08-29 00:00:00+09:00,265.68364510169397,267.3922215975248,263.97506860586316,266.5379333496094,35000,0.0,0.0
2016-08-30 00:00:00+09:00,266.5379416725852,266.5379416725852,263.12078857421875,263.12078857421875,26000,0.0,0.0
2016-08-31 00:00:00+09:00,263.12078857421875,264.829365123402,260.5579237504439,263.12078857421875,27000,0.0,0.0
2016-09-01 00:00:00+09:00,262.2664508450416,265.6836032990486,260.55787461803806,264.8293151855469,37000,0.0,0.0
2016-09-02 00:00:00+09:00,265.6836032990486,265.6836032990486,263.12073895854337,264.8293151855469,21000,0.0,0.0
2016-09-05 00:00:00+09:00,265.6836436250063,265.6836436250063,263.12077889550466,263.9750671386719,36000,0.0,0.0
2016-09-06 00:00:00+09:00,264.8293170380516,267.3921813964844,263.975028918574,267.3921813964844,15000,0.0,0.0
2016-09-07 00:00:00+09:00,267.3921813964844,268.24646951596196,264.8293170380516,267.3921813964844,41000,0.0,0.0
2016-09-08 00:00:00+09:00,265.68364510169397,266.5379333496094,264.82935685377856,266.5379333496094,29000,0.0,0.0
2016-09-09 00:00:00+09:00,267.39222011134075,267.39222011134075,263.9750671386719,263.9750671386719,69000,0.0,0.0
2016-09-12 00:00:00+09:00,261.4122120250355,263.12078857421875,260.5579237504439,263.12078857421875,27000,0.0,0.0
2016-09-13 00:00:00+09:00,263.12076769900244,263.12076769900244,262.2664794921875,262.2664794921875,9000,0.0,0.0
2016-09-14 00:00:00+09:00,262.2664794921875,263.12076769900244,261.41219128537256,262.2664794921875,15000,0.0,0.0
2016-09-15 00:00:00+09:00,262.2664681856749,263.12075635566083,255.43216282578763,260.5578918457031,71000,0.0,0.0
2016-09-16 00:00:00+09:00,260.5578918457031,263.97504452564675,260.5578918457031,260.5578918457031,29000,0.0,0.0
2016-09-20 00:00:00+09:00,260.55791268940845,264.8293538810381,260.55791268940845,261.4122009277344,35000,0.0,0.0
2016-09-21 00:00:00+09:00,261.41221604211853,270.80938720703125,260.55792775439915,270.80938720703125,48000,0.0,0.0
2016-09-23 00:00:00+09:00,273.37225069665607,273.37225069665607,264.82936786238554,268.24652099609375,81000,0.0,0.0
2016-09-26 00:00:00+09:00,270.80936634691454,270.80936634691454,267.39221345925637,269.955078125,36000,0.0,0.0
2016-09-27 00:00:00+09:00,269.1008106315926,270.80938720703125,265.6836574807152,270.80938720703125,57000,0.0,0.0
2016-09-28 00:00:00+09:00,273.3885242280506,273.3885242280506,270.80938720703125,270.80938720703125,22000,2.0,0.0
2016-09-29 00:00:00+09:00,272.52880373001096,275.9676529884338,270.80937910079956,275.1079406738281,58000,0.0,0.0
2016-09-30 00:00:00+09:00,272.5288118877108,273.3885242280506,269.94967486669145,270.80938720703125,44000,0.0,0.0
2016-10-03 00:00:00+09:00,272.528837383918,274.2482622254569,271.6691249631486,273.3885498046875,24000,0.0,0.0
2016-10-04 00:00:00+09:00,274.24822355571547,277.68707275390625,272.52879895662005,277.68707275390625,28000,0.0,0.0
2016-10-05 00:00:00+09:00,276.82736045435854,278.54678505345396,275.1079358552631,277.68707275390625,45000,0.0,0.0
2016-10-06 00:00:00+09:00,279.406494140625,280.2662064302885,278.54678185096157,279.406494140625,52000,0.0,0.0
2016-10-07 00:00:00+09:00,277.68710157606336,279.40652635362414,276.82738918728296,278.54681396484375,21000,0.0,0.0
2016-10-11 00:00:00+09:00,278.5467802644507,281.98562940351803,276.8273556949171,280.2662048339844,66000,0.0,0.0
2016-10-12 00:00:00+09:00,274.24822998046875,279.40650389859667,273.38851766078074,274.24822998046875,85000,0.0,0.0
2016-10-13 00:00:00+09:00,274.24823325364747,275.10794558359623,271.66909626380124,272.52880859375,71000,0.0,0.0
2016-10-14 00:00:00+09:00,272.52880859375,273.3885209236987,270.80938393385253,272.52880859375,50000,0.0,0.0
2016-10-17 00:00:00+09:00,271.66909954737105,273.3885242280506,269.08996252635166,270.80938720703125,43000,0.0,0.0
2016-10-18 00:00:00+09:00,273.3885242280506,273.3885242280506,267.3705378456721,270.80938720703125,61000,0.0,0.0
2016-10-19 00:00:00+09:00,270.80938393385253,275.10794558359623,270.80938393385253,272.52880859375,35000,0.0,0.0
2016-10-20 00:00:00+09:00,272.52880373001096,275.1079406738281,272.52880373001096,275.1079406738281,24000,0.0,0.0
2016-10-21 00:00:00+09:00,275.9676546198447,275.9676546198447,272.5288053410928,274.24822998046875,25000,0.0,0.0
2016-10-24 00:00:00+09:00,276.82735727163464,280.2662064302885,276.82735727163464,279.406494140625,65000,0.0,0.0
2016-10-25 00:00:00+09:00,281.1259171187512,283.7050539730517,279.40649254921755,280.2662048339844,79000,0.0,0.0
2016-10-26 00:00:00+09:00,279.40648783304044,282.8453369140625,279.40648783304044,282.8453369140625,57000,0.0,0.0
2016-10-27 00:00:00+09:00,281.98558407738096,296.60069056919644,281.12587193080356,288.86328125,360000,0.0,0.0
2016-10-28 00:00:00+09:00,290.582793846559,309.49646681882024,290.582793846559,306.0576171875,388000,0.0,0.0
2016-10-31 00:00:00+09:00,306.0575862630208,324.11154500325523,306.0575862630208,322.3921203613281,245000,0.0,0.0
2016-11-01 00:00:00+09:00,322.3920759263929,322.3920759263929,294.02157324487035,312.93524169921875,316700,0.0,0.0
2016-11-02 00:00:00+09:00,306.0576171875,311.21589163448033,303.47847996400986,306.0576171875,96700,0.0,0.0
2016-11-04 00:00:00+09:00,304.33816041064864,308.63672199836964,300.0395988229276,306.91729736328125,116900,0.0,0.0
2016-11-07 00:00:00+09:00,319.81293625128075,322.39207283395234,310.3561021148181,314.6546630859375,122000,0.0,0.0
2016-11-08 00:00:00+09:00,313.7949554191148,315.5143798323702,306.9172577660931,312.0755310058594,76500,0.0,0.0
2016-11-09 00:00:00+09:00,310.3561687913052,310.3561687913052,288.00364693929987,295.7410583496094,126500,0.0,0.0
2016-11-10 00:00:00+09:00,309.49642783717104,312.9352770353618,304.33815403988484,310.35614013671875,74400,0.0,0.0
2016-11-11 00:00:00+09:00,310.35614993672976,315.514423896897,304.33816364986797,305.1978759765625,69900,0.0,0.0
2016-11-14 00:00:00+09:00,308.63670921848245,316.37411975599315,307.7769969365368,313.79498291015625,84800,0.0,0.0
2016-11-15 00:00:00+09:00,314.6546722412109,315.5143844604492,309.49639892578125,309.49639892578125,49100,0.0,0.0
2016-11-16 00:00:00+09:00,312.93524169921875,313.7949539016891,307.77696848439643,312.93524169921875,77100,0.0,0.0
2016-11-17 00:00:00+09:00,312.93525822616454,320.67266845703125,310.3561214825423,320.67266845703125,156700,0.0,0.0
2016-11-18 00:00:00+09:00,321.53238070490534,322.3920929527794,318.9532439612831,320.67266845703125,71400,0.0,0.0
2016-11-21 00:00:00+09:00,322.3920929527794,323.2518052006535,318.9532439612831,320.67266845703125,55700,0.0,0.0
2016-11-22 00:00:00+09:00,320.6727143931763,328.4101257324219,319.813002022149,328.4101257324219,95600,0.0,0.0
2016-11-24 00:00:00+09:00,330.12951343911914,331.84893798828125,327.550376615376,331.84893798828125,121900,0.0,0.0
2016-11-25 00:00:00+09:00,330.12950478830646,330.98921704035934,316.3741087554603,319.8129577636719,134200,0.0,0.0
2016-11-28 00:00:00+09:00,320.6726623049465,324.11151123046875,316.3741011480438,324.11151123046875,112000,0.0,0.0
2016-11-29 00:00:00+09:00,322.3921203613281,324.97125732421875,320.672695719401,322.3921203613281,45300,0.0,0.0
2016-11-30 00:00:00+09:00,320.6726877312911,327.5503861276727,317.2338385331003,326.690673828125,104900,0.0,0.0
2016-12-01 00:00:00+09:00,328.4101066080729,332.70866821289064,321.5324080403646,322.3921203613281,106700,0.0,0.0
2016-12-02 00:00:00+09:00,322.3920945198305,326.6906557800949,317.2338210075132,319.8129577636719,72100,0.0,0.0
2016-12-05 00:00:00+09:00,320.6726715828209,324.971232864092,312.935261276533,318.9532470703125,100500,0.0,0.0
2016-12-06 00:00:00+09:00,322.3921123303865,329.26981072676807,322.3921123303865,326.690673828125,95700,0.0,0.0
2016-12-07 00:00:00+09:00,328.4100692869805,330.1294937335092,323.25179594739444,325.8309326171875,53300,0.0,0.0
2016-12-08 00:00:00+09:00,329.26978151024485,330.1294937335092,324.97122039392315,325.8309326171875,122400,0.0,0.0
2016-12-09 00:00:00+09:00,330.1295166015625,330.1295166015625,325.8309551874796,330.1295166015625,98200,0.0,0.0
2016-12-12 00:00:00+09:00,326.6906557800949,330.12950478830646,316.3741087554603,319.8129577636719,151500,0.0,0.0
2016-12-13 00:00:00+09:00,317.2338649090672,329.26983810344916,317.2338649090672,328.4101257324219,85100,0.0,0.0
2016-12-14 00:00:00+09:00,328.410070833075,329.2697830603867,322.39208524189297,324.9712219238281,54700,0.0,0.0
2016-12-15 00:00:00+09:00,326.6906479246104,326.6906479246104,321.5323745363271,324.11151123046875,64900,0.0,0.0
2016-12-16 00:00:00+09:00,323.2518310546875,324.9712556879571,320.6726941047831,323.2518310546875,58300,0.0,0.0
2016-12-19 00:00:00+09:00,321.5324064214179,323.2518310546875,319.81298178814825,323.2518310546875,59100,0.0,0.0
2016-12-20 00:00:00+09:00,319.8129915804476,323.2518409522804,316.37414220861484,318.09356689453125,104500,0.0,0.0
2016-12-21 00:00:00+09:00,318.0935702116593,320.67270726742953,313.7950084520423,316.3741455078125,63700,0.0,0.0
2016-12-22 00:00:00+09:00,314.6546630859375,316.37408747438525,311.215814309042,314.6546630859375,66100,0.0,0.0
2016-12-26 00:00:00+09:00,318.0935702116593,319.8129949155061,313.7950084520423,316.3741455078125,73400,0.0,0.0
2016-12-27 00:00:00+09:00,317.23385952733844,318.9532842402237,314.65472245801044,315.5144348144531,31600,0.0,0.0
2016-12-28 00:00:00+09:00,317.2338194655349,320.67266845703125,316.3741072176609,320.67266845703125,46500,0.0,0.0
2016-12-29 00:00:00+09:00,320.67270392340583,321.532416266364,312.0755804938239,318.09356689453125,59600,0.0,0.0
2016-12-30 00:00:00+09:00,317.2338194655349,320.67266845703125,312.93525822616454,320.67266845703125,46500,0.0,0.0
2017-01-04 00:00:00+09:00,321.5323745363271,325.8309356932299,319.812950073566,324.11151123046875,66600,0.0,0.0
2017-01-05 00:00:00+09:00,325.8309326171875,325.8309326171875,323.25179594739444,325.8309326171875,49600,0.0,0.0
2017-01-06 00:00:00+09:00,324.11156553734,328.4101274144931,322.3921407864788,327.5504150390625,80000,0.0,0.0
2017-01-10 00:00:00+09:00,337.00718401918317,353.34171589766396,336.1474718150526,347.32373046875,447800,0.0,0.0
2017-01-11 00:00:00+09:00,352.48206946963353,365.3777549380348,349.0432200113932,361.0791931152344,300300,0.0,0.0
2017-01-12 00:00:00+09:00,361.07916420001123,367.9568625657257,357.64031501715397,360.2194519042969,195800,0.0,0.0
2017-01-13 00:00:00+09:00,356.7806043122944,361.07916581003286,354.2014674136513,359.3597412109375,105800,0.0,0.0
2017-01-16 00:00:00+09:00,359.359713774461,361.0791382422814,354.2014403709998,357.6402893066406,91500,0.0,0.0
2017-01-17 00:00:00+09:00,352.4820036935334,353.34171589766396,342.16545724396656,347.32373046875,130300,0.0,0.0
2017-01-18 00:00:00+09:00,343.8848816522277,348.1834426728806,338.72660842744426,347.32373046875,77800,0.0,0.0
2017-01-19 00:00:00+09:00,347.32376257657415,349.9028994273903,343.02520115854725,346.46405029296875,58100,0.0,0.0
2017-01-20 00:00:00+09:00,343.8848816522277,349.90286708114166,343.8848816522277,347.32373046875,74700,0.0,0.0
2017-01-23 00:00:00+09:00,343.8849134421526,348.1834748601795,333.56836603888803,346.46405029296875,102500,0.0,0.0
2017-01-24 00:00:00+09:00,347.32376257657415,347.32376257657415,342.16548887494184,346.46405029296875,79600,0.0,0.0
2017-01-25 00:00:00+09:00,349.0431579286186,352.482006775206,344.7445968703844,345.60430908203125,64800,0.0,0.0
2017-01-26 00:00:00+09:00,347.32376578086036,348.1834780723971,343.02520432317647,344.74462890625,98600,0.0,0.0
2017-01-27 00:00:00+09:00,347.3237335053249,348.1834457169718,343.0251724470907,345.60430908203125,68400,0.0,0.0
2017-01-30 00:00:00+09:00,342.16549203163964,345.6043411977868,340.4460674485661,344.74462890625,73200,0.0,0.0
2017-01-31 00:00:00+09:00,342.16546630859375,348.1834518969359,338.7266174009697,342.16546630859375,97400,0.0,0.0
2017-02-01 00:00:00+09:00,340.44609924316404,344.7446611022949,338.7266744995117,343.88494873046875,63100,0.0,0.0
2017-02-02 00:00:00+09:00,343.8848907624058,343.8848907624058,341.3057540816877,342.16546630859375,72000,0.0,0.0
2017-02-03 00:00:00+09:00,343.0251785354998,344.7446029893118,342.16546630859375,342.16546630859375,38200,0.0,0.0
2017-02-06 00:00:00+09:00,344.7446029893118,345.6043152162178,340.4460418547817,342.16546630859375,66200,0.0,0.0
2017-02-07 00:00:00+09:00,340.4460464670688,341.30575870562205,338.72662198996244,339.5863342285156,42500,0.0,0.0
2017-02-08 00:00:00+09:00,342.16549521998354,343.88491981907896,337.86693372224505,343.02520751953125,130300,0.0,0.0
2017-02-09 00:00:00+09:00,339.58633733463046,340.4460495810472,336.1474883489633,337.8669128417969,140900,0.0,0.0
2017-02-10 00:00:00+09:00,342.16550006288475,342.16550006288475,337.8669385043058,340.4460754394531,90500,0.0,0.0
2017-02-13 00:00:00+09:00,340.4460754394531,342.16550006288475,337.8669385043058,340.4460754394531,102700,0.0,0.0
2017-02-14 00:00:00+09:00,341.3057540816877,344.7446029893118,341.3057540816877,342.16546630859375,117500,0.0,0.0
2017-02-15 00:00:00+09:00,345.60430908203125,347.3237335053249,342.16546023544385,345.60430908203125,112300,0.0,0.0
2017-02-16 00:00:00+09:00,345.60430606048885,350.76257928527224,343.8848816522277,347.32373046875,145100,0.0,0.0
2017-02-17 00:00:00+09:00,347.32378329624464,351.6223449707031,345.60435862646125,351.6223449707031,135700,0.0,0.0
2017-02-20 00:00:00+09:00,351.62230824615995,355.0611572265625,349.04317151085803,355.0611572265625,133900,0.0,0.0
2017-02-21 00:00:00+09:00,357.64031185050476,361.9388732910156,357.64031185050476,361.9388732910156,108300,0.0,0.0
2017-02-22 00:00:00+09:00,364.5180425734747,366.23746730259484,361.0791931152344,361.0791931152344,128400,0.0,0.0
2017-02-23 00:00:00+09:00,361.07916100291345,364.51801015532214,359.3597364267091,361.9388732910156,91900,0.0,0.0
2017-02-24 00:00:00+09:00,361.07916420001123,361.07916420001123,359.3597396085826,360.2194519042969,94600,0.0,0.0
2017-02-27 00:00:00+09:00,355.920903338133,357.64032799194035,350.7626293767107,353.3417663574219,95300,0.0,0.0
2017-02-28 00:00:00+09:00,353.3417647278425,358.5000386654752,352.48205240490364,354.20147705078125,145100,0.0,0.0
2017-03-01 00:00:00+09:00,354.2014721973833,357.6403214420181,353.34175988622457,356.7806091308594,56000,0.0,0.0
2017-03-02 00:00:00+09:00,359.359713774461,359.359713774461,356.7805770727304,357.6402893066406,61500,0.0,0.0
2017-03-03 00:00:00+09:00,356.7805817167638,356.7805817167638,354.20144498146186,355.0611572265625,113700,0.0,0.0
2017-03-06 00:00:00+09:00,356.7806059107792,359.3597428209776,356.7806059107792,358.5000305175781,63400,0.0,0.0
2017-03-07 00:00:00+09:00,360.2194535104852,360.2194535104852,357.6403166118421,359.3597412109375,77700,0.0,0.0
2017-03-08 00:00:00+09:00,361.07916420001123,361.93887649572554,357.64031501715397,360.2194519042969,89300,0.0,0.0
2017-03-09 00:00:00+09:00,361.0791674277765,361.0791674277765,356.7806059107792,358.5000305175781,37400,0.0,0.0
2017-03-10 00:00:00+09:00,359.3597683861142,361.93890547979447,356.78063129243395,361.0791931152344,121000,0.0,0.0
2017-03-13 00:00:00+09:00,362.79859203457545,362.79859203457545,358.5000305175781,358.5000305175781,33900,0.0,0.0
2017-03-14 00:00:00+09:00,359.3597412109375,359.3597412109375,356.7806043122944,359.3597412109375,51100,0.0,0.0
2017-03-15 00:00:00+09:00,358.5000386654752,358.5000386654752,352.48205240490364,354.20147705078125,133500,0.0,0.0
2017-03-16 00:00:00+09:00,350.7626037597656,350.7626037597656,344.7446179109461,350.7626037597656,126400,0.0,0.0
2017-03-17 00:00:00+09:00,350.76259447180706,355.9208679199219,350.76259447180706,355.9208679199219,105200,0.0,0.0
2017-03-21 00:00:00+09:00,353.34173119586444,356.7805801612743,349.0431699891021,355.9208679199219,68800,0.0,0.0
2017-03-22 00:00:00+09:00,349.043212890625,349.9029252376463,346.4640758495613,349.043212890625,80800,0.0,0.0
2017-03-23 00:00:00+09:00,347.32376257657415,348.1834748601795,344.744625725758,346.46405029296875,42500,0.0,0.0
2017-03-24 00:00:00+09:00,347.32376578086036,349.04319036393395,343.88491661471323,344.74462890625,84000,0.0,0.0
2017-03-27 00:00:00+09:00,345.60438374940514,345.60438374940514,337.8669721729259,338.7266845703125,109400,0.0,0.0
2017-03-28 00:00:00+09:00,339.5863868713379,343.88494873046875,337.86696212768555,343.88494873046875,111300,0.0,0.0
2017-03-29 00:00:00+09:00,348.27120630007056,348.27120630007056,343.0076616204725,344.7621765136719,77800,8.0,0.0
2017-03-30 00:00:00+09:00,342.13037109375,344.76214317908654,339.49859900841346,342.13037109375,63800,0.0,0.0
2017-03-31 00:00:00+09:00,342.13042327156165,343.0076807671298,332.4805908203125,332.4805908203125,93300,0.0,0.0
2017-04-03 00:00:00+09:00,333.3578212329675,338.6213657787512,330.7260489600757,335.9895935058594,70300,0.0,0.0
2017-04-04 00:00:00+09:00,335.9896224214649,336.86687992125985,330.7260774226952,334.235107421875,81900,0.0,0.0
2017-04-05 00:00:00+09:00,336.86684827302633,336.86684827302633,331.60330376876027,333.3578186035156,72200,0.0,0.0
2017-04-06 00:00:00+09:00,333.35784255817373,333.35784255817373,325.4625252344275,326.33978271484375,73700,0.0,0.0
2017-04-07 00:00:00+09:00,324.5852355957031,329.8487799567145,324.5852355957031,324.5852355957031,64500,0.0,0.0
2017-04-10 00:00:00+09:00,328.0942976756762,329.84881263650874,314.0581779890163,326.33978271484375,59900,0.0,0.0
2017-04-11 00:00:00+09:00,324.5852355957031,325.46249298920503,322.8307208086993,324.5852355957031,51800,0.0,0.0
2017-04-12 00:00:00+09:00,321.95348869575247,321.95348869575247,316.68994392143503,319.32171630859375,54000,0.0,0.0
2017-04-13 00:00:00+09:00,314.058139695647,320.1989413098077,310.5491102018409,317.5671691894531,84200,0.0,0.0
2017-04-14 00:00:00+09:00,315.81268054096637,316.6899379869135,312.3036507571779,313.180908203125,66600,0.0,0.0
2017-04-17 00:00:00+09:00,315.8126516528116,318.44442374991837,310.5491074585981,314.9353942871094,58400,0.0,0.0
2017-04-18 00:00:00+09:00,320.19893752796025,321.9534522541408,312.3036212601475,314.0581359863281,110900,0.0,0.0
2017-04-19 00:00:00+09:00,314.93541961756375,314.93541961756375,309.671875,309.671875,51000,0.0,0.0
2017-04-20 00:00:00+09:00,308.7946209733893,314.93542309501925,308.7946209733893,313.180908203125,38300,0.0,0.0
2017-04-21 00:00:00+09:00,313.1808786232378,314.9353933494184,311.42636389705723,314.0581359863281,58300,0.0,0.0
2017-04-24 00:00:00+09:00,314.9354530077302,317.5672255955385,312.3036804199219,312.3036804199219,102100,0.0,0.0
2017-04-25 00:00:00+09:00,315.8126651539522,330.7260410084444,315.8126651539522,328.0942687988281,105600,0.0,0.0
2017-04-26 00:00:00+09:00,335.1123307529116,335.1123307529116,328.971528880476,330.7260437011719,119200,0.0,0.0
2017-04-27 00:00:00+09:00,325.46249569644874,329.848782700444,325.46249569644874,327.2170104980469,65000,0.0,0.0
2017-04-28 00:00:00+09:00,328.0942968486776,328.0942968486776,323.70800945765245,325.4625244140625,69800,0.0,0.0
2017-05-01 00:00:00+09:00,326.33975038270694,328.09426516971075,324.5852355957031,324.5852355957031,78300,0.0,0.0
2017-05-02 00:00:00+09:00,324.5852669358575,327.21703937047255,321.9534945012424,325.4625244140625,156700,0.0,0.0
2017-05-08 00:00:00+09:00,337.74408976236975,347.3939208984375,333.357802882339,347.3939208984375,180300,0.0,0.0
2017-05-09 00:00:00+09:00,348.2712331555553,348.2712331555553,339.498658013098,340.37591552734375,178800,0.0,0.0
2017-05-10 00:00:00+09:00,327.21704019526,339.4986449210874,326.33978271484375,326.33978271484375,270000,0.0,0.0
2017-05-11 00:00:00+09:00,327.2170104980469,328.0942678988459,324.5852382956497,327.2170104980469,167200,0.0,0.0
2017-05-12 00:00:00+09:00,326.33978271484375,326.33978271484375,324.5852677540112,326.33978271484375,45100,0.0,0.0
2017-05-15 00:00:00+09:00,322.83075279317876,328.0942976756762,321.07623783234624,326.33978271484375,100100,0.0,0.0
2017-05-16 00:00:00+09:00,328.97152620203354,329.84878360523896,326.3397539924173,328.0942687988281,104600,0.0,0.0
2017-05-17 00:00:00+09:00,328.09426516971075,328.09426516971075,323.7079782022012,324.5852355957031,67100,0.0,0.0
2017-05-18 00:00:00+09:00,321.0762014728703,322.8307162350171,319.32168671072344,320.1989440917969,66400,0.0,0.0
2017-05-19 00:00:00+09:00,321.0761996182528,321.0761996182528,316.68991273822206,318.4444274902344,92500,0.0,0.0
2017-05-22 00:00:00+09:00,319.3216848662405,321.953456994259,316.68991273822206,318.4444274902344,158800,0.0,0.0
2017-05-23 00:00:00+09:00,321.0762014728703,321.9534588539437,319.32168671072344,320.1989440917969,90400,0.0,0.0
2017-05-24 00:00:00+09:00,326.3397760076837,326.3397760076837,318.4444588462075,319.32171630859375,147400,0.0,0.0
2017-05-25 00:00:00+09:00,319.3216820610894,321.0761967976888,314.93539521959093,315.8126525878906,120700,0.0,0.0
2017-05-26 00:00:00+09:00,315.8126478598152,315.8126478598152,310.54910372881824,311.4263610839844,103900,0.0,0.0
2017-05-29 00:00:00+09:00,314.0581292915888,314.0581292915888,306.16281319207957,307.9173278808594,98200,0.0,0.0
2017-05-30 00:00:00+09:00,307.9173004667638,311.4263295319121,306.1627859341896,310.549072265625,41800,0.0,0.0
2017-05-31 00:00:00+09:00,308.7945852252493,313.18087194719885,307.04007053646944,307.9173278808594,72000,0.0,0.0
2017-06-01 00:00:00+09:00,310.54910372881824,313.1808757943167,309.6718463736521,311.4263610839844,70500,0.0,0.0
2017-06-02 00:00:00+09:00,313.1808823221955,317.5671691894531,312.30362494874396,317.5671691894531,67900,0.0,0.0
2017-06-05 00:00:00+09:00,316.6899099561903,317.56716732449,313.18088048299154,315.8126525878906,42400,0.0,0.0
2017-06-06 00:00:00+09:00,318.44442563043737,321.95345511396835,315.8126535177891,316.6899108886719,116800,0.0,0.0
2017-06-07 00:00:00+09:00,314.93539798620975,321.0761996182528,314.93539798620975,318.4444274902344,56500,0.0,0.0
2017-06-08 00:00:00+09:00,318.44442932965006,323.70797361609056,317.56717194857663,320.1989440917969,69300,0.0,0.0
2017-06-09 00:00:00+09:00,320.1989459211885,325.46249023770116,320.1989459211885,321.9534606933594,92600,0.0,0.0
2017-06-12 00:00:00+09:00,324.5852355957031,328.09426516971075,321.9534634151974,324.5852355957031,61000,0.0,0.0
2017-06-13 00:00:00+09:00,326.3397539924173,329.84878360523896,324.58523918600645,328.0942687988281,74700,0.0,0.0
2017-06-14 00:00:00+09:00,328.0942678988459,328.97152529964495,327.2170104980469,327.2170104980469,55600,0.0,0.0
2017-06-15 00:00:00+09:00,329.84881591796875,330.7260734071123,326.3397859613946,329.84881591796875,82200,0.0,0.0
2017-06-16 00:00:00+09:00,328.0942642501376,331.60329381431023,322.83071990387873,323.7079772949219,100400,0.0,0.0
2017-06-19 00:00:00+09:00,321.95349772135415,334.2351025390625,321.95349772135415,328.9715576171875,258100,0.0,0.0
2017-06-20 00:00:00+09:00,328.9715608380401,333.3578483158806,325.4625308557676,332.4805908203125,98400,0.0,0.0
2017-06-21 00:00:00+09:00,332.48059479395545,338.62139733632404,330.72607978185016,336.86688232421875,137700,0.0,0.0
2017-06-22 00:00:00+09:00,338.62136489308944,338.62136489308944,324.58524614104425,335.1123352050781,83400,0.0,0.0
2017-06-23 00:00:00+09:00,328.09425240249436,343.8848848710636,328.09425240249436,341.25311279296875,183400,0.0,0.0
2017-06-26 00:00:00+09:00,341.25313982282364,341.25313982282364,337.7441101074219,337.7441101074219,44000,0.0,0.0
2017-06-27 00:00:00+09:00,341.253169854482,343.0076848665873,335.9896248181661,336.86688232421875,46100,0.0,0.0
2017-06-28 00:00:00+09:00,336.8668464781746,337.7441038908782,330.72604458924957,331.6033020019531,70800,0.0,0.0
2017-06-29 00:00:00+09:00,331.60333332474437,334.2351058114487,331.60333332474437,332.4805908203125,38700,0.0,0.0
2017-06-30 00:00:00+09:00,331.6032984116498,331.6032984116498,326.3397539924173,328.0942687988281,49300,0.0,0.0
2017-07-03 00:00:00+09:00,327.21704019526,331.6033275973412,325.4625252344275,326.33978271484375,61600,0.0,0.0
2017-07-04 00:00:00+09:00,327.2170059369958,328.0942633255668,322.8307189941406,322.8307189941406,71300,0.0,0.0
2017-07-05 00:00:00+09:00,320.1989468284275,326.3397485484248,319.32168943985647,322.8307189941406,71900,0.0,0.0
2017-07-06 00:00:00+09:00,323.70797638271165,324.5852337712827,321.9534616055696,322.8307189941406,26500,0.0,0.0
2017-07-07 00:00:00+09:00,322.8307134301623,324.58522817706535,317.5671691894531,317.5671691894531,48500,0.0,0.0
2017-07-10 00:00:00+09:00,318.4444588462075,321.95348869575247,318.4444588462075,319.32171630859375,35800,0.0,0.0
2017-07-11 00:00:00+09:00,321.9534616055696,325.4624911598537,321.0762042169986,322.8307189941406,44000,0.0,0.0
2017-07-12 00:00:00+09:00,321.076171875,323.70794377561475,321.076171875,321.076171875,40400,0.0,0.0
2017-07-13 00:00:00+09:00,321.9534291752049,322.83068647540983,320.1989145747951,321.076171875,34800,0.0,0.0
2017-07-14 00:00:00+09:00,321.07620330727394,323.7079754655303,319.321688535103,321.9534606933594,50400,0.0,0.0
2017-07-17 00:00:00+09:00,321.9534606933594,321.9534606933594,321.9534606933594,321.9534606933594,0,0.0,0.0
2017-07-18 00:00:00+09:00,322.83071990387873,323.7079772949219,319.32169033970615,323.7079772949219,84600,0.0,0.0
2017-07-19 00:00:00+09:00,325.4625244140625,328.0942968486776,322.8307519794474,325.4625244140625,67200,0.0,0.0
2017-07-20 00:00:00+09:00,328.0942723511388,333.3578168273603,328.0942723511388,331.6033020019531,91600,0.0,0.0
2017-07-21 00:00:00+09:00,331.60333332474437,335.11236330701684,329.84881833360816,332.4805908203125,75600,0.0,0.0
2017-07-24 00:00:00+09:00,332.48055852186775,333.3578159322157,327.2170140597801,330.7260437011719,90700,0.0,0.0
2017-07-25 00:00:00+09:00,328.0942687988281,329.84878360523896,327.2170113956227,328.0942687988281,34800,0.0,0.0
2017-07-26 00:00:00+09:00,329.8487781027089,329.8487781027089,322.8307189941406,322.8307189941406,76100,0.0,0.0
2017-07-27 00:00:00+09:00,322.8307180794448,326.3397476237866,320.1989459211885,321.9534606933594,65700,0.0,0.0
2017-07-28 00:00:00+09:00,325.46249298920503,325.46249298920503,321.9534634151974,324.5852355957031,46000,0.0,0.0
2017-07-31 00:00:00+09:00,322.83071057842966,323.70796794413195,309.67185009289585,314.9353942871094,241800,0.0,0.0
2017-08-01 00:00:00+09:00,314.9353998053564,321.0762014728703,314.9353998053564,320.1989440917969,59400,0.0,0.0
2017-08-02 00:00:00+09:00,321.0762014728703,321.9534588539437,318.44442932965006,320.1989440917969,73000,0.0,0.0
2017-08-03 00:00:00+09:00,321.07620330727394,321.9534606933594,320.1989459211885,321.9534606933594,37000,0.0,0.0
2017-08-04 00:00:00+09:00,321.07620330727394,324.58523285161573,321.07620330727394,321.9534606933594,28600,0.0,0.0
2017-08-07 00:00:00+09:00,323.707981782801,328.97152620203354,323.707981782801,328.0942687988281,72200,0.0,0.0
2017-08-08 00:00:00+09:00,326.33978271484375,328.9715551560925,324.5852677540112,326.33978271484375,48800,0.0,0.0
2017-08-09 00:00:00+09:00,323.70797361609056,324.58523099716393,318.44442932965006,320.1989440917969,60500,0.0,0.0
2017-08-10 00:00:00+09:00,320.1989468284275,322.8307189941406,318.44443205128545,322.8307189941406,55300,0.0,0.0
2017-08-11 00:00:00+09:00,322.8307189941406,322.8307189941406,322.8307189941406,322.8307189941406,0,0.0,0.0
2017-08-14 00:00:00+09:00,322.8307143702651,324.58522912227744,316.68991273822206,318.4444274902344,73200,0.0,0.0
2017-08-15 00:00:00+09:00,324.5852337712827,326.3397485484248,321.0762042169986,322.8307189941406,50700,0.0,0.0
2017-08-16 00:00:00+09:00,324.585234685965,325.46249207700816,321.9534625128356,323.7079772949219,33200,0.0,0.0
2017-08-17 00:00:00+09:00,325.46249569644874,328.0942678988459,323.70798089485066,327.2170104980469,55600,0.0,0.0
2017-08-18 00:00:00+09:00,324.5852337712827,325.4624911598537,321.0762042169986,322.8307189941406,40800,0.0,0.0
2017-08-21 00:00:00+09:00,326.3397539924173,328.0942687988281,324.58523918600645,328.0942687988281,32000,0.0,0.0
2017-08-22 00:00:00+09:00,328.09426516971075,328.09426516971075,322.8307208086993,324.5852355957031,30300,0.0,0.0
2017-08-23 00:00:00+09:00,328.0942678988459,328.0942678988459,324.5852382956497,327.2170104980469,58200,0.0,0.0
2017-08-24 00:00:00+09:00,327.21704264322915,329.84881510416665,317.5672102864583,328.9715576171875,58700,0.0,0.0
2017-08-25 00:00:00+09:00,326.33978515625,329.84881510416665,326.33978515625,328.9715576171875,49000,0.0,0.0
2017-08-28 00:00:00+09:00,329.8487889340049,333.3578186035156,329.8487889340049,333.3578186035156,74100,0.0,0.0
2017-08-29 00:00:00+09:00,331.6033081054687,337.7441101074219,331.6033081054687,337.7441101074219,81300,0.0,0.0
2017-08-30 00:00:00+09:00,337.7440833555089,341.25311279296875,335.989568636779,341.25311279296875,86800,0.0,0.0
2017-08-31 00:00:00+09:00,342.13039900905403,344.7621713091237,338.62136927562784,339.4986267089844,43100,0.0,0.0
2017-09-01 00:00:00+09:00,338.6213735463668,343.8849182128906,336.86685865752554,343.8849182128906,46800,0.0,0.0
2017-09-04 00:00:00+09:00,343.88493826269786,344.762195758266,331.60333332474437,332.4805908203125,65000,0.0,0.0
2017-09-05 00:00:00+09:00,333.3578159322157,338.6213603943033,328.0942714701281,330.7260437011719,73400,0.0,0.0
2017-09-06 00:00:00+09:00,326.3397539924173,332.4805558148552,326.3397539924173,328.0942687988281,47900,0.0,0.0
2017-09-07 00:00:00+09:00,333.3578523000081,337.74413983027137,332.48059479395545,336.86688232421875,42100,0.0,0.0
2017-09-08 00:00:00+09:00,336.86685093015666,341.2531380516431,335.1123360815621,335.9895935058594,82700,0.0,0.0
2017-09-11 00:00:00+09:00,342.1304033240493,346.5166905461525,340.3758884352081,343.8849182128906,62300,0.0,0.0
2017-09-12 00:00:00+09:00,347.3939263642724,354.4119854827425,345.63941158465485,352.657470703125,124800,0.0,0.0
2017-09-13 00:00:00+09:00,354.41201361558194,354.41201361558194,350.0257263183594,350.0257263183594,39600,0.0,0.0
2017-09-14 00:00:00+09:00,350.9029837778039,352.6574986966929,348.27121139947036,350.0257263183594,42600,0.0,0.0
2017-09-15 00:00:00+09:00,347.39395310291695,352.6574978469005,347.39395310291695,349.1484680175781,83200,0.0,0.0
2017-09-18 00:00:00+09:00,349.1484680175781,349.1484680175781,349.1484680175781,349.1484680175781,0,0.0,0.0
2017-09-19 00:00:00+09:00,351.7802445858939,354.4120169892796,350.9029871180986,353.5347595214844,64500,0.0,0.0
2017-09-20 00:00:00+09:00,353.53475784720325,354.41201531084397,349.1484705289997,351.7802429199219,71300,0.0,0.0
2017-09-21 00:00:00+09:00,351.78027267456054,354.4120452880859,349.1485000610351,350.90301513671875,48600,0.0,0.0
2017-09-22 00:00:00+09:00,352.6574978469005,352.6574978469005,347.39395310291695,349.1484680175781,66400,0.0,0.0
2017-09-25 00:00:00+09:00,349.1484705289997,353.53475784720325,348.27121306535906,351.7802429199219,57400,0.0,0.0
2017-09-26 00:00:00+09:00,349.1485000610351,352.6575302124023,349.1485000610351,350.90301513671875,83700,0.0,0.0
2017-09-27 00:00:00+09:00,352.6663468710741,352.6663468710741,349.13968340236335,350.90301513671875,36500,2.0,0.0
2017-09-28 00:00:00+09:00,348.2580175351857,350.90301513671875,348.2580175351857,350.90301513671875,72500,0.0,0.0
2017-09-29 00:00:00+09:00,350.021349269541,352.6663468710741,348.2580175351857,350.90301513671875,25100,0.0,0.0
2017-10-02 00:00:00+09:00,352.66629850834386,353.54796425461467,350.02130126953125,350.02130126953125,35800,0.0,0.0
2017-10-03 00:00:00+09:00,350.9029670158021,352.66629850834386,348.2579697769895,350.02130126953125,33600,0.0,0.0
2017-10-04 00:00:00+09:00,350.02129655669006,350.02129655669006,345.61296788469144,348.2579650878906,34400,0.0,0.0
2017-10-05 00:00:00+09:00,348.2579638294338,348.2579638294338,339.44130651729625,342.0863037109375,37600,0.0,0.0
2017-10-06 00:00:00+09:00,339.4412841796875,342.0862811992695,335.9146214869115,339.4412841796875,92700,0.0,0.0
2017-10-09 00:00:00+09:00,339.4412841796875,339.4412841796875,339.4412841796875,339.4412841796875,0,0.0,0.0
2017-10-10 00:00:00+09:00,342.08631305305323,346.4946418295101,339.4413157871791,345.61297607421875,49200,0.0,0.0
2017-10-11 00:00:00+09:00,348.2579650878906,352.66629375988924,342.96797068149226,348.2579650878906,90400,0.0,0.0
2017-10-12 00:00:00+09:00,350.0213142163826,351.78464577414775,349.1396484375,349.1396484375,48900,0.0,0.0
2017-10-13 00:00:00+09:00,346.4946511008523,352.6663115530303,346.4946511008523,349.1396484375,64200,0.0,0.0
2017-10-16 00:00:00+09:00,349.13964017710293,353.54796896721786,347.37630866105695,351.7846374511719,79200,0.0,0.0
2017-10-17 00:00:00+09:00,351.7846549987793,355.3113182067871,347.3763259887695,352.66632080078125,75000,0.0,0.0
2017-10-18 00:00:00+09:00,352.6663115530303,352.6663115530303,347.3763168797349,349.1396484375,41200,0.0,0.0
2017-10-19 00:00:00+09:00,348.25796860914966,348.25796860914966,343.8496398925781,343.8496398925781,60000,0.0,0.0
2017-10-20 00:00:00+09:00,342.9679694421513,345.61296663579253,342.0863037109375,342.0863037109375,54300,0.0,0.0
2017-10-23 00:00:00+09:00,346.49463828444783,350.9029670158021,345.61297253817696,350.02130126953125,43700,0.0,0.0
2017-10-24 00:00:00+09:00,350.90296351494476,354.42962646484375,350.02129777747007,354.42962646484375,74200,0.0,0.0
2017-10-25 00:00:00+09:00,355.3113444726072,355.3113444726072,348.2580175351857,350.90301513671875,41900,0.0,0.0
2017-10-26 00:00:00+09:00,352.6663115530303,352.6663115530303,348.25798265861744,349.1396484375,27800,0.0,0.0
2017-10-27 00:00:00+09:00,351.7846374511719,352.6663032091949,349.13964017710293,351.7846374511719,29600,0.0,0.0
2017-10-30 00:00:00+09:00,352.6662996499845,357.07462839560935,350.02130240260965,356.1929626464844,129000,0.0,0.0
2017-10-31 00:00:00+09:00,356.1929810162887,363.2463073730469,354.42964942709915,363.2463073730469,102000,0.0,0.0
2017-11-01 00:00:00+09:00,364.1279638701794,365.89129541434494,343.849651112276,359.7196350097656,213600,0.0,0.0
2017-11-02 00:00:00+09:00,358.83797840007304,365.89130475683123,355.3113152216939,363.2463073730469,89400,0.0,0.0
2017-11-03 00:00:00+09:00,363.2463073730469,363.2463073730469,363.2463073730469,363.2463073730469,0,0.0,0.0
2017-11-06 00:00:00+09:00,365.8912822844638,365.8912822844638,357.0746248800189,360.6012878417969,51000,0.0,0.0
2017-11-07 00:00:00+09:00,361.4829887148818,363.2463203671495,354.4296621058109,362.3646545410156,78400,0.0,0.0
2017-11-08 00:00:00+09:00,358.8379656258276,369.41795478432863,358.8379656258276,364.1279602050781,95500,0.0,0.0
2017-11-09 00:00:00+09:00,362.3646506529588,370.29964300302356,362.3646506529588,366.7729797363281,124800,0.0,0.0
2017-11-10 00:00:00+09:00,362.3646030655826,366.7729315700301,361.48293736469316,365.8912658691406,66200,0.0,0.0
2017-11-13 00:00:00+09:00,364.1279638701794,365.89129541434494,357.07463769351733,359.7196350097656,115100,0.0,0.0
2017-11-14 00:00:00+09:00,361.48297119140625,363.24630275819356,361.48297119140625,361.48297119140625,21100,0.0,0.0
2017-11-15 00:00:00+09:00,358.8379635153558,363.2462923054707,348.2579744190799,351.7846374511719,162500,0.0,0.0
2017-11-16 00:00:00+09:00,345.6129736569848,361.4829571412341,345.6129736569848,356.1929626464844,67900,0.0,0.0
2017-11-17 00:00:00+09:00,356.1929614934273,357.956292985969,349.1396355232604,350.02130126953125,45300,0.0,0.0
2017-11-20 00:00:00+09:00,348.2579790148652,361.4829655597335,348.2579790148652,353.5479736328125,39500,0.0,0.0
2017-11-21 00:00:00+09:00,356.1929579397932,356.1929579397932,353.547960727369,354.42962646484375,25800,0.0,0.0
2017-11-22 00:00:00+09:00,356.1929579397932,361.4829523646416,352.66629498989425,354.42962646484375,30800,0.0,0.0
2017-11-23 00:00:00+09:00,354.42962646484375,354.42962646484375,354.42962646484375,354.42962646484375,0,0.0,0.0
2017-11-24 00:00:00+09:00,356.19298400878904,356.19298400878904,350.0213233947754,352.66632080078125,30700,0.0,0.0
2017-11-27 00:00:00+09:00,352.66630426416253,361.4829618707666,350.9029727428417,357.956298828125,56500,0.0,0.0
2017-11-28 00:00:00+09:00,358.83795989385925,360.6012913921092,355.3112968973594,356.1929626464844,32000,0.0,0.0
2017-11-29 00:00:00+09:00,359.7196396246189,365.00963432498094,357.95630805783156,361.48297119140625,62300,0.0,0.0
2017-11-30 00:00:00+09:00,362.364627631427,365.8912906740686,356.1929673068042,357.956298828125,59700,0.0,0.0
2017-12-01 00:00:00+09:00,356.19295447347207,362.3646145757352,356.19295447347207,358.83795166015625,37300,0.0,0.0
2017-12-04 00:00:00+09:00,360.6012913921092,361.4829571412341,356.1929626464844,356.1929626464844,37100,0.0,0.0
2017-12-05 00:00:00+09:00,355.3112887445773,359.719617389051,355.3112887445773,358.83795166015625,42700,0.0,0.0
2017-12-06 00:00:00+09:00,358.8379635153558,358.8379635153558,350.0213059351259,351.7846374511719,38500,0.0,0.0
2017-12-07 00:00:00+09:00,352.66630426416253,358.8379645887854,352.66630426416253,357.956298828125,42300,0.0,0.0
2017-12-08 00:00:00+09:00,358.83792462201694,372.06290955894633,357.956258959555,371.1812438964844,204400,0.0,0.0
2017-12-11 00:00:00+09:00,372.9446105957031,372.9446105957031,368.5362818652575,372.9446105957031,81000,0.0,0.0
2017-12-12 00:00:00+09:00,373.82624088387024,373.82624088387024,369.41791257156046,371.1812438964844,61100,0.0,0.0
2017-12-13 00:00:00+09:00,369.41790771484375,370.2995733657145,365.8912451113607,369.41790771484375,36200,0.0,0.0
2017-12-14 00:00:00+09:00,367.65463343206443,373.8262939453125,366.77296764445754,373.8262939453125,59500,0.0,0.0
2017-12-15 00:00:00+09:00,375.5896100845162,385.2879333496094,374.7079443331441,385.2879333496094,341400,0.0,0.0
2017-12-18 00:00:00+09:00,385.28791238174955,389.6962408987032,381.76124956818666,388.8145751953125,139300,0.0,0.0
2017-12-19 00:00:00+09:00,389.696236091214,389.696236091214,381.76124485858753,387.0512390136719,63200,0.0,0.0
2017-12-20 00:00:00+09:00,385.2879333496094,386.1695991009815,380.8796045927488,385.2879333496094,40400,0.0,0.0
2017-12-21 00:00:00+09:00,383.52459834172174,390.5779242882362,383.52459834172174,389.6962585449219,61300,0.0,0.0
2017-12-22 00:00:00+09:00,390.577898523829,392.34122989413976,389.69623283867367,391.4595642089844,73700,0.0,0.0
2017-12-25 00:00:00+09:00,392.3412380088754,392.3412380088754,386.1695780851403,388.8145751953125,86100,0.0,0.0
2017-12-26 00:00:00+09:00,386.1696027119954,387.9329342312283,373.8262820773654,380.8796081542969,205200,0.0,0.0
2017-12-27 00:00:00+09:00,379.9979423946804,385.28793695237897,376.4712793562147,380.8796081542969,142800,0.0,0.0
2017-12-28 00:00:00+09:00,381.7612481183171,387.9329080186132,380.87958241827477,382.6429138183594,90600,0.0,0.0
2017-12-29 00:00:00+09:00,383.52459834172174,391.4595900315505,383.52459834172174,389.6962585449219,53500,0.0,0.0
2018-01-01 00:00:00+09:00,389.6962585449219,389.6962585449219,389.6962585449219,389.6962585449219,0,0.0,0.0
2018-01-02 00:00:00+09:00,389.6962585449219,389.6962585449219,389.6962585449219,389.6962585449219,0,0.0,0.0
2018-01-03 00:00:00+09:00,389.6962585449219,389.6962585449219,389.6962585449219,389.6962585449219,0,0.0,0.0
2018-01-04 00:00:00+09:00,392.3412557748648,412.61956787109375,391.4595900315505,412.61956787109375,255000,0.0,0.0
2018-01-05 00:00:00+09:00,412.61955360313516,415.2645507416168,406.44789361334466,407.3295593261719,135800,0.0,0.0
2018-01-08 00:00:00+09:00,407.3295593261719,407.3295593261719,407.3295593261719,407.3295593261719,0,0.0,0.0
2018-01-09 00:00:00+09:00,409.09287623355266,409.09287623355266,401.1578850997122,402.03955078125,86600,0.0,0.0
2018-01-10 00:00:00+09:00,402.0396018038975,402.0396018038975,392.3412780761719,392.3412780761719,79800,0.0,0.0
2018-01-11 00:00:00+09:00,392.3412593605862,392.3412593605862,384.40626759823726,385.2879333496094,96300,0.0,0.0
2018-01-12 00:00:00+09:00,387.0512519035165,390.5779147910201,386.1695861816406,386.1695861816406,66700,0.0,0.0
2018-01-15 00:00:00+09:00,390.57794189453125,392.3412734606465,388.814610328416,390.57794189453125,48000,0.0,0.0
2018-01-16 00:00:00+09:00,394.9862754564607,396.7496070433199,392.3412780761719,392.3412780761719,44900,0.0,0.0
2018-01-17 00:00:00+09:00,392.3412380088754,395.86790082243834,387.93290949192175,388.8145751953125,63400,0.0,0.0
2018-01-18 00:00:00+09:00,394.9862754564607,395.8679412498903,389.6962806958831,392.3412780761719,88000,0.0,0.0
2018-01-19 00:00:00+09:00,387.932923592177,395.8679152111079,387.932923592177,394.1045837402344,51600,0.0,0.0
2018-01-22 00:00:00+09:00,394.10460966303106,394.10460966303106,388.81461490245346,392.3412780761719,53900,0.0,0.0
2018-01-23 00:00:00+09:00,396.74957275390625,398.51290418836805,394.1045756022136,396.74957275390625,49900,0.0,0.0
2018-01-24 00:00:00+09:00,396.74960237593467,397.6312681589923,390.57794189453125,390.57794189453125,56300,0.0,0.0
2018-01-25 00:00:00+09:00,391.4595544988459,391.4595544988459,387.05122618241745,387.9328918457031,41400,0.0,0.0
2018-01-26 00:00:00+09:00,387.051243788531,391.4595723054847,387.051243788531,388.8145751953125,35400,0.0,0.0
2018-01-29 00:00:00+09:00,392.34122989413976,393.22289557929514,389.69623283867367,391.4595642089844,55000,0.0,0.0
2018-01-30 00:00:00+09:00,394.1045355005649,394.98620112808294,392.34120424552884,393.2228698730469,85300,0.0,0.0
2018-01-31 00:00:00+09:00,393.2229251119583,398.5129196201909,383.52460184686515,385.2879333496094,151700,0.0,0.0
2018-02-01 00:00:00+09:00,384.40625473788884,388.8145833472683,380.8795918503853,386.1695861816406,87000,0.0,0.0
2018-02-02 00:00:00+09:00,380.87959525656754,384.4062581756098,379.1162637970464,381.7612609863281,83600,0.0,0.0
2018-02-05 00:00:00+09:00,373.8263102807558,374.70797610688965,350.9029988012755,362.3646545410156,158600,0.0,0.0
2018-02-06 00:00:00+09:00,327.0979896326289,342.96797295712304,327.0979896326289,337.677978515625,175900,0.0,0.0
2018-02-07 00:00:00+09:00,344.73133963125724,353.54799793384694,333.2696838378906,333.2696838378906,131700,0.0,0.0
2018-02-08 00:00:00+09:00,339.44135376296117,342.96801717868027,335.9146903472421,336.7963562011719,69500,0.0,0.0
2018-02-09 00:00:00+09:00,327.97967986244566,330.6246772806912,327.0980140563638,329.7430114746094,76700,0.0,0.0
2018-02-12 00:00:00+09:00,329.7430114746094,329.7430114746094,329.7430114746094,329.7430114746094,0,0.0,0.0
2018-02-13 00:00:00+09:00,332.3879995810019,334.15133114376584,325.33467332994616,326.2163391113281,61300,0.0,0.0
2018-02-14 00:00:00+09:00,326.216315375434,327.9796468098958,317.399658203125,317.399658203125,78900,0.0,0.0
2018-02-15 00:00:00+09:00,323.57133250418906,325.3346640164735,319.163003723478,322.6896667480469,58700,0.0,0.0
2018-02-16 00:00:00+09:00,324.4530166381183,336.7963379232641,324.4530166381183,329.7430114746094,80500,0.0,0.0
2018-02-19 00:00:00+09:00,335.03295581371754,342.0862811992695,335.03295581371754,339.4412841796875,45000,0.0,0.0
2018-02-20 00:00:00+09:00,341.2046203613281,341.2046203613281,336.7962919328872,341.2046203613281,24300,0.0,0.0
2018-02-21 00:00:00+09:00,339.4412841796875,343.84961254565746,337.6779528332995,339.4412841796875,44900,0.0,0.0
2018-02-22 00:00:00+09:00,337.67797037233345,341.2046332482847,336.7963046533456,340.3229675292969,31100,0.0,0.0
2018-02-23 00:00:00+09:00,342.08632220643943,350.0213142163826,340.32299064867425,349.1396484375,42000,0.0,0.0
2018-02-26 00:00:00+09:00,350.02129655669006,352.66629375988924,348.2579650878906,348.2579650878906,46600,0.0,0.0
2018-02-27 00:00:00+09:00,353.54795949428893,354.4296252286887,346.4946336190912,348.2579650878906,44000,0.0,0.0
2018-02-28 00:00:00+09:00,346.4946418295101,349.13963909538427,345.61297607421875,345.61297607421875,40800,0.0,0.0
2018-03-01 00:00:00+09:00,343.8496386973727,343.8496386973727,336.7963127753753,337.677978515625,74900,0.0,0.0
2018-03-02 00:00:00+09:00,331.5063521773727,336.7963471589265,331.5063521773727,333.2696838378906,51800,0.0,0.0
2018-03-05 00:00:00+09:00,333.26967469893674,334.1513405050186,327.97967986244566,329.7430114746094,63200,0.0,0.0
2018-03-06 00:00:00+09:00,334.1513586393825,339.44135376296117,333.2696927854528,336.7963562011719,52600,0.0,0.0
2018-03-07 00:00:00+09:00,335.032981294876,344.7313044376224,332.38798407412696,337.677978515625,90000,0.0,0.0
2018-03-08 00:00:00+09:00,340.322975736374,340.322975736374,335.91464703512565,337.677978515625,23300,0.0,0.0
2018-03-09 00:00:00+09:00,340.32297097353796,342.96796815727015,335.03297660607365,335.9146423339844,67000,0.0,0.0
2018-03-12 00:00:00+09:00,342.0863037109375,344.7313009045788,341.20463797972377,342.0863037109375,37600,0.0,0.0
2018-03-13 00:00:00+09:00,342.967987985322,350.9029799952652,340.32299064867425,349.1396484375,33300,0.0,0.0
2018-03-14 00:00:00+09:00,343.8496174183927,345.61294878976906,339.4412889899518,341.2046203613281,65200,0.0,0.0
2018-03-15 00:00:00+09:00,342.0863037109375,342.9679694421513,338.55964078608247,342.0863037109375,37300,0.0,0.0
2018-03-16 00:00:00+09:00,343.849636415892,350.02129655669006,342.0863049470926,348.2579650878906,55300,0.0,0.0
2018-03-19 00:00:00+09:00,346.4946323670063,346.4946323670063,340.32297224851,342.0863037109375,29800,0.0,0.0
2018-03-20 00:00:00+09:00,339.4413203515377,347.3763122558594,339.4413203515377,347.3763122558594,29200,0.0,0.0
2018-03-21 00:00:00+09:00,347.3763122558594,347.3763122558594,347.3763122558594,347.3763122558594,0,0.0,0.0
2018-03-22 00:00:00+09:00,347.3763075848015,348.25797334009286,342.08631305305323,345.61297607421875,40700,0.0,0.0
2018-03-23 00:00:00+09:00,343.84965087890623,343.84965087890623,329.74299853515623,330.6246643066406,71600,0.0,0.0
2018-03-26 00:00:00+09:00,327.9796529630335,328.86131869680514,320.9263270928608,325.33465576171875,119800,0.0,0.0
2018-03-27 00:00:00+09:00,328.8612961013596,340.3229498528815,327.9796304281656,339.4412841796875,91400,0.0,0.0
2018-03-28 00:00:00+09:00,334.0390646158854,339.4413136393229,334.0390646158854,337.64056396484375,42200,8.0,0.0
2018-03-29 00:00:00+09:00,341.2420349121094,346.6442834859159,336.740161100604,341.2420349121094,36700,0.0,0.0
2018-03-30 00:00:00+09:00,344.84353990726424,351.1461633520445,343.94316512943846,350.24578857421875,47600,0.0,0.0
2018-04-02 00:00:00+09:00,350.24580217272506,352.9469266110751,347.544677734375,347.544677734375,17600,0.0,0.0
2018-04-03 00:00:00+09:00,343.94320484948537,345.74395461309524,339.4413304404607,340.3417053222656,41100,0.0,0.0
2018-04-04 00:00:00+09:00,344.84353990726424,352.04653812987027,342.14241557378693,350.24578857421875,45200,0.0,0.0
2018-04-05 00:00:00+09:00,349.34542956229967,353.84730365459734,347.5446799253806,351.14617919921875,35200,0.0,0.0
2018-04-06 00:00:00+09:00,350.2458010514577,352.0465506712595,343.94317738215125,345.7439270019531,34200,0.0,0.0
2018-04-09 00:00:00+09:00,345.7439270019531,347.54467662175495,343.94317738215125,345.7439270019531,21600,0.0,0.0
2018-04-10 00:00:00+09:00,345.74391468509,352.04653812987027,343.94316512943846,350.24578857421875,30200,0.0,0.0
2018-04-11 00:00:00+09:00,352.9469117157219,352.9469117157219,346.64428829222686,348.4450378417969,27400,0.0,0.0
2018-04-12 00:00:00+09:00,348.4450366528003,348.4450366528003,345.7439123376623,346.644287109375,13800,0.0,0.0
2018-04-13 00:00:00+09:00,346.6443040198887,350.245803282433,343.04280475734436,349.3454284667969,32700,0.0,0.0
2018-04-16 00:00:00+09:00,352.04655401767826,352.94692883613783,347.5446799253806,351.14617919921875,29800,0.0,0.0
2018-04-17 00:00:00+09:00,351.1461769855084,351.1461769855084,344.84355329602494,347.544677734375,19200,0.0,0.0
2018-04-18 00:00:00+09:00,349.3454284667969,350.245803282433,343.04280475734436,349.3454284667969,46900,0.0,0.0
2018-04-19 00:00:00+09:00,350.2458290221199,350.2458290221199,339.4413304404607,340.3417053222656,63800,0.0,0.0
2018-04-20 00:00:00+09:00,338.54095458984375,340.34170434830037,336.74020483138713,338.54095458984375,28900,0.0,0.0
2018-04-23 00:00:00+09:00,338.5409536106701,339.44132848729424,334.0390792275495,336.7402038574219,27200,0.0,0.0
2018-04-24 00:00:00+09:00,341.2420802040706,341.2420802040706,338.54095555865575,340.3417053222656,29400,0.0,0.0
2018-04-25 00:00:00+09:00,338.54092852274573,345.7439270019531,337.64055371284485,345.7439270019531,33000,0.0,0.0
2018-04-26 00:00:00+09:00,344.84353874265685,348.4450378417969,344.84353874265685,348.4450378417969,29400,0.0,0.0
2018-04-27 00:00:00+09:00,351.14617919921875,351.14617919921875,344.843555470002,351.14617919921875,26600,0.0,0.0
2018-04-30 00:00:00+09:00,351.14617919921875,351.14617919921875,351.14617919921875,351.14617919921875,0,0.0,0.0
2018-05-01 00:00:00+09:00,351.1461621661519,351.1461621661519,343.94316396787184,348.4450378417969,33800,0.0,0.0
2018-05-02 00:00:00+09:00,346.644287109375,347.5446618810877,344.8435375659497,346.644287109375,14400,0.0,0.0
2018-05-03 00:00:00+09:00,346.644287109375,346.644287109375,346.644287109375,346.644287109375,0,0.0,0.0
2018-05-04 00:00:00+09:00,346.644287109375,346.644287109375,346.644287109375,346.644287109375,0,0.0,0.0
2018-05-07 00:00:00+09:00,346.6443051069211,352.94692883613783,346.6443051069211,351.14617919921875,49800,0.0,0.0
2018-05-08 00:00:00+09:00,355.64803360025195,359.2495326746849,339.44128776530374,344.8435363769531,93500,0.0,0.0
2018-05-09 00:00:00+09:00,344.84357153117986,344.84357153117986,324.1349497421012,325.9356994628906,174300,0.0,0.0
2018-05-10 00:00:00+09:00,327.7364242717784,335.8397973993773,327.7364242717784,334.9394226074219,63500,0.0,0.0
2018-05-11 00:00:00+09:00,333.13868659621653,334.9394362534934,330.43756211030126,332.2383117675781,37100,0.0,0.0
2018-05-14 00:00:00+09:00,332.23832752124684,334.0390772639094,332.23832752124684,333.1387023925781,41300,0.0,0.0
2018-05-15 00:00:00+09:00,334.939439453125,337.64056396484375,330.4375652669271,337.64056396484375,42100,0.0,0.0
2018-05-16 00:00:00+09:00,337.64057873404596,337.64057873404596,333.13870435092537,336.7402038574219,29600,0.0,0.0
2018-05-17 00:00:00+09:00,335.8397789729064,335.8397789729064,329.53715577502345,330.4375305175781,53700,0.0,0.0
2018-05-18 00:00:00+09:00,332.2382837044969,336.7401574674305,330.43753419932347,335.83978271484375,23700,0.0,0.0
2018-05-21 00:00:00+09:00,336.7402018779033,336.7402018779033,332.23832752124684,333.1387023925781,30100,0.0,0.0
2018-05-22 00:00:00+09:00,334.9394362534934,334.9394362534934,332.2383117675781,332.2383117675781,21700,0.0,0.0
2018-05-23 00:00:00+09:00,333.13868659621653,334.039061424855,330.43756211030126,332.2383117675781,62100,0.0,0.0
2018-05-24 00:00:00+09:00,334.03907423753003,334.03907423753003,326.8360753321386,327.7364501953125,56000,0.0,0.0
2018-05-25 00:00:00+09:00,325.0353088378906,327.736433288067,324.1349340211652,325.0353088378906,86900,0.0,0.0
2018-05-28 00:00:00+09:00,326.8360584713416,327.736433288067,323.23455920443973,325.0353088378906,25100,0.0,0.0
2018-05-29 00:00:00+09:00,325.03527704520474,325.03527704520474,322.33415285923354,323.2345275878906,28200,0.0,0.0
2018-05-30 00:00:00+09:00,322.3341799295658,322.3341799295658,316.9319311039306,317.8323059082031,37000,0.0,0.0
2018-05-31 00:00:00+09:00,318.73268071247566,319.6330555167482,316.9319311039306,317.8323059082031,44800,0.0,0.0
2018-06-01 00:00:00+09:00,316.03158473148727,316.03158473148727,312.43008519038773,314.2308349609375,86500,0.0,0.0
2018-06-04 00:00:00+09:00,316.931916490113,319.633040778381,316.03154172735697,318.732666015625,44400,0.0,0.0
2018-06-05 00:00:00+09:00,319.63307343381746,322.3341979980469,319.63307343381746,322.3341979980469,38200,0.0,0.0
2018-06-06 00:00:00+09:00,320.53343256247814,321.4338073730469,319.63305775190935,321.4338073730469,38700,0.0,0.0
2018-06-07 00:00:00+09:00,324.1349182128906,325.0352929857042,321.4337938944499,324.1349182128906,46600,0.0,0.0
2018-06-08 00:00:00+09:00,319.633040778381,320.533415541137,318.732666015625,318.732666015625,102500,0.0,0.0
2018-06-11 00:00:00+09:00,319.6330692836217,319.6330692836217,315.1311950683594,315.1311950683594,41400,0.0,0.0
2018-06-12 00:00:00+09:00,317.83231959751674,317.83231959751674,312.430070539202,315.1311950683594,43600,0.0,0.0
2018-06-13 00:00:00+09:00,316.03154052387583,316.9319152832031,315.13116576454854,316.9319152832031,38300,0.0,0.0
2018-06-14 00:00:00+09:00,316.03154052387583,317.8322900425304,316.03154052387583,316.9319152832031,30100,0.0,0.0
2018-06-15 00:00:00+09:00,321.43380512529325,321.43380512529325,315.13118149538553,317.8323059082031,43400,0.0,0.0
2018-06-18 00:00:00+09:00,316.9319447544643,316.9319447544643,313.3304453822545,315.1311950683594,49100,0.0,0.0
2018-06-19 00:00:00+09:00,313.3304125835441,316.03153682995395,309.72891358833095,311.5296630859375,47600,0.0,0.0
2018-06-20 00:00:00+09:00,310.6293041218255,313.3304285054935,307.02780494360144,312.4300537109375,41600,0.0,0.0
2018-06-21 00:00:00+09:00,311.52969253894895,314.2308170407317,308.8285680371661,309.72894287109375,39300,0.0,0.0
2018-06-22 00:00:00+09:00,307.9281786047894,315.131176934726,307.02780381354734,310.6293029785156,113300,0.0,0.0
2018-06-25 00:00:00+09:00,306.1274403227857,307.9281899717433,304.3266906738281,304.3266906738281,55500,0.0,0.0
2018-06-26 00:00:00+09:00,303.4262988645639,303.4262988645639,299.82479976824857,301.62554931640625,43200,0.0,0.0
2018-06-27 00:00:00+09:00,304.32665888468426,305.2270336151123,300.72515996297204,302.5259094238281,40800,0.0,0.0
2018-06-28 00:00:00+09:00,301.6255778056257,301.6255778056257,295.3229537917768,298.0240783691406,77400,0.0,0.0
2018-06-29 00:00:00+09:00,298.0240332362163,299.8247826817524,295.3229090679123,298.9244079589844,31600,0.0,0.0
2018-07-02 00:00:00+09:00,297.123670665496,300.7251697038656,292.62179686753393,294.42254638671875,56200,0.0,0.0
2018-07-03 00:00:00+09:00,294.42258882522583,294.42258882522583,286.3192148208618,288.1199645996094,75600,0.0,0.0
2018-07-04 00:00:00+09:00,285.41881303845736,295.3229358883723,284.51843823391965,293.5221862792969,45000,0.0,0.0
2018-07-05 00:00:00+09:00,293.5221691781153,295.32291868227554,288.11992066563465,290.821044921875,61900,0.0,0.0
2018-07-06 00:00:00+09:00,290.82103792826337,302.5259094238281,290.82103792826337,302.5259094238281,65300,0.0,0.0
2018-07-09 00:00:00+09:00,299.8247826817524,301.62553212728847,296.2232837906803,298.9244079589844,28400,0.0,0.0
2018-07-10 00:00:00+09:00,299.8247826817524,305.22703101836055,298.0240332362163,298.9244079589844,62900,0.0,0.0
2018-07-11 00:00:00+09:00,298.9244105021159,304.32665888468426,295.3229115804037,302.5259094238281,56500,0.0,0.0
2018-07-12 00:00:00+09:00,303.4262915424917,316.0315380754142,303.4262915424917,313.3304138183594,109900,0.0,0.0
2018-07-13 00:00:00+09:00,316.03154172735697,318.732666015625,312.43004267633296,318.732666015625,56800,0.0,0.0
2018-07-16 00:00:00+09:00,318.732666015625,318.732666015625,318.732666015625,318.732666015625,0,0.0,0.0
2018-07-17 00:00:00+09:00,324.1349073196952,331.33790526013286,318.73265886436695,330.4375305175781,188200,0.0,0.0
2018-07-18 00:00:00+09:00,334.03904432286333,334.03904432286333,326.83604606253203,329.53717041015625,40000,0.0,0.0
2018-07-19 00:00:00+09:00,329.5371989044695,329.5371989044695,325.0353246024959,325.9356994628906,30100,0.0,0.0
2018-07-20 00:00:00+09:00,324.1349306778169,325.93568029269363,318.73268183318663,319.633056640625,29800,0.0,0.0
2018-07-23 00:00:00+09:00,318.7326985790743,323.23457285279005,317.83232372433116,322.3341979980469,28800,0.0,0.0
2018-07-24 00:00:00+09:00,329.53717041015625,331.33791997523906,325.93567127999063,329.53717041015625,80400,0.0,0.0
2018-07-25 00:00:00+09:00,329.53715577502345,332.2382800026876,325.9356568048046,330.4375305175781,64200,0.0,0.0
2018-07-26 00:00:00+09:00,332.2382982315556,336.74017219133276,330.4375486476447,334.9394226074219,72200,0.0,0.0
2018-07-27 00:00:00+09:00,333.1387023925781,333.1387023925781,330.4375777785842,333.1387023925781,55100,0.0,0.0
2018-07-30 00:00:00+09:00,325.93570342192777,333.1387023925781,325.93570342192777,333.1387023925781,77100,0.0,0.0
2018-07-31 00:00:00+09:00,327.736433288067,328.63680810479246,304.3266880532051,325.0353088378906,150300,0.0,0.0
2018-08-01 00:00:00+09:00,324.134914592161,324.134914592161,316.03154172735697,318.732666015625,80200,0.0,0.0
2018-08-02 00:00:00+09:00,316.03156991141185,323.2345686558315,313.3304453822545,315.1311950683594,53300,0.0,0.0
2018-08-03 00:00:00+09:00,315.13117337297194,316.9319229351032,304.32667600018436,305.22705078125,52900,0.0,0.0
2018-08-06 00:00:00+09:00,304.3266736386427,308.82854750903687,301.62554931640625,301.62554931640625,30700,0.0,0.0
2018-08-07 00:00:00+09:00,303.4263012191187,307.0278003433813,300.7251768759218,305.22705078125,38200,0.0,0.0
2018-08-08 00:00:00+09:00,306.12742556231564,310.6292994676438,304.32667600018436,305.22705078125,44200,0.0,0.0
2018-08-09 00:00:00+09:00,306.1274145931178,313.3304125835441,305.2270398443145,311.5296630859375,51200,0.0,0.0
2018-08-10 00:00:00+09:00,314.23081374309476,314.23081374309476,304.3266906738281,304.3266906738281,51800,0.0,0.0
2018-08-13 00:00:00+09:00,301.625545698821,301.625545698821,294.4225475925805,296.2232971191406,48000,0.0,0.0
2018-08-14 00:00:00+09:00,295.322924731372,300.72517335450686,295.322924731372,299.8247985839844,15800,0.0,0.0
2018-08-15 00:00:00+09:00,302.52592046210106,302.52592046210106,293.5221728293005,296.2232971191406,37900,0.0,0.0
2018-08-16 00:00:00+09:00,292.6217956542969,297.12366943359376,289.0202966308594,292.6217956542969,38200,0.0,0.0
2018-08-17 00:00:00+09:00,291.72143777986855,295.32293701171875,290.821062971906,295.32293701171875,22300,0.0,0.0
2018-08-20 00:00:00+09:00,291.7214184342144,294.4225426789756,289.0202941894531,289.0202941894531,21600,0.0,0.0
2018-08-21 00:00:00+09:00,289.02029294579006,289.92066769016947,286.31916871265184,287.21954345703125,32200,0.0,0.0
2018-08-22 00:00:00+09:00,287.2196216347777,292.62187157148196,287.2196216347777,291.72149658203125,25700,0.0,0.0
2018-08-23 00:00:00+09:00,291.72142330274033,298.92442140898083,290.82104853946026,296.2232971191406,28300,0.0,0.0
2018-08-24 00:00:00+09:00,303.4262815728245,303.4262815728245,296.2232837906803,298.9244079589844,40300,0.0,0.0
2018-08-27 00:00:00+09:00,301.62553341802726,301.62553341802726,298.9244092381643,300.72515869140625,16300,0.0,0.0
2018-08-28 00:00:00+09:00,301.62555165698745,310.6292994676438,300.7251768759218,305.22705078125,47900,0.0,0.0
2018-08-29 00:00:00+09:00,307.027818369311,315.13119187465935,305.2270687014558,309.72894287109375,44300,0.0,0.0
2018-08-30 00:00:00+09:00,312.4300735987974,323.23457182123417,307.9281993394487,320.533447265625,80500,0.0,0.0
2018-08-31 00:00:00+09:00,316.9319447544643,319.6330692836217,314.23082022530696,315.1311950683594,25000,0.0,0.0
2018-09-03 00:00:00+09:00,316.0315342953331,316.0315342953331,307.0277868795116,307.92816162109375,52800,0.0,0.0
2018-09-04 00:00:00+09:00,309.72894287109375,312.4300673728765,308.8285680371661,309.72894287109375,27300,0.0,0.0
2018-09-05 00:00:00+09:00,309.72891480895294,319.6330370848206,309.72891480895294,313.3304138183594,48100,0.0,0.0
2018-09-06 00:00:00+09:00,313.3304318868405,319.6330555167482,313.3304318868405,317.8323059082031,36900,0.0,0.0
2018-09-07 00:00:00+09:00,317.83229125286897,320.533415541137,313.330417439089,318.732666015625,34900,0.0,0.0
2018-09-10 00:00:00+09:00,317.8322792159481,326.8360265025189,317.8322792159481,323.2345275878906,58400,0.0,0.0
2018-09-11 00:00:00+09:00,327.73641730414494,327.73641730414494,320.53341912163626,324.1349182128906,58800,0.0,0.0
2018-09-12 00:00:00+09:00,323.2345547338383,324.13492953811084,313.3304318868405,317.8323059082031,46200,0.0,0.0
2018-09-13 00:00:00+09:00,317.8322900425304,325.03528811714864,315.13116576454854,316.9319152832031,41000,0.0,0.0
2018-09-14 00:00:00+09:00,316.03155741087147,321.43380625550174,316.03155741087147,319.633056640625,88800,0.0,0.0
2018-09-17 00:00:00+09:00,319.633056640625,319.633056640625,319.633056640625,319.633056640625,0,0.0,0.0
2018-09-18 00:00:00+09:00,320.533435832042,326.8360595703125,319.6330610122891,326.8360595703125,43100,0.0,0.0
2018-09-19 00:00:00+09:00,326.83607432328535,327.73644918368007,320.53345030052225,325.9356994628906,75600,0.0,0.0
2018-09-20 00:00:00+09:00,326.8360753321386,327.7364501953125,324.13495074261675,327.7364501953125,44600,0.0,0.0
2018-09-21 00:00:00+09:00,328.63681245302445,332.2383117675781,326.8360627957476,332.2383117675781,80400,0.0,0.0
2018-09-24 00:00:00+09:00,332.2383117675781,332.2383117675781,332.2383117675781,332.2383117675781,0,0.0,0.0
2018-09-25 00:00:00+09:00,333.13866205139965,341.2420349121094,333.13866205139965,341.2420349121094,127700,0.0,0.0
2018-09-26 00:00:00+09:00,343.95748893315056,343.95748893315056,340.3368837864858,343.0523376464844,43300,2.0,0.0
2018-09-27 00:00:00+09:00,339.4317319316249,343.05233707222885,334.9059755058699,336.7162780761719,46400,0.0,0.0
2018-09-28 00:00:00+09:00,336.71630859375,340.3369140625,328.5699462890625,329.47509765625,47600,0.0,0.0
2018-10-01 00:00:00+09:00,326.7596435546875,331.285400390625,326.7596435546875,328.5699462890625,21100,0.0,0.0
2018-10-02 00:00:00+09:00,331.285400390625,334.906005859375,324.044189453125,324.044189453125,42700,0.0,0.0
2018-10-03 00:00:00+09:00,326.7596116218014,328.5699141792629,312.2771911621094,312.2771911621094,36600,0.0,0.0
2018-10-04 00:00:00+09:00,318.61328125,326.7596435546875,318.61328125,324.044189453125,44300,0.0,0.0
2018-10-05 00:00:00+09:00,322.23388671875,324.9493408203125,320.423583984375,322.23388671875,30100,0.0,0.0
2018-10-08 00:00:00+09:00,322.23388671875,322.23388671875,322.23388671875,322.23388671875,0,0.0,0.0
2018-10-09 00:00:00+09:00,322.2338554096497,322.2338554096497,312.2771913380032,314.0874938964844,38400,0.0,0.0
2018-10-10 00:00:00+09:00,314.0875244140625,318.61328125,311.3720703125,315.8978271484375,37700,0.0,0.0
2018-10-11 00:00:00+09:00,307.75143396286734,309.5617365155901,303.2256775810605,304.1308288574219,80200,0.0,0.0
2018-10-12 00:00:00+09:00,304.13082858248873,306.8462824091181,300.51022348031626,301.4153747558594,66200,0.0,0.0
2018-10-15 00:00:00+09:00,301.4154052734375,301.4154052734375,296.8896484375,296.8896484375,56100,0.0,0.0
2018-10-16 00:00:00+09:00,297.7947998046875,302.320556640625,297.7947998046875,299.6051025390625,51900,0.0,0.0
2018-10-17 00:00:00+09:00,302.32052593920605,305.9411310402744,298.6999208381377,300.5102233886719,51500,0.0,0.0
2018-10-18 00:00:00+09:00,302.3205260314025,305.94113113357497,301.4153747558594,301.4153747558594,23100,0.0,0.0
2018-10-19 00:00:00+09:00,297.7947696536869,303.2256773069456,297.7947696536869,301.4153747558594,28000,0.0,0.0
2018-10-22 00:00:00+09:00,300.51022357141187,303.2256773988644,295.98446719232436,302.3205261230469,30700,0.0,0.0
2018-10-23 00:00:00+09:00,302.3205250837485,302.3205250837485,292.3638610839844,292.3638610839844,37100,0.0,0.0
2018-10-24 00:00:00+09:00,297.7947998046875,299.6051025390625,292.3638916015625,296.8896484375,58100,0.0,0.0
2018-10-25 00:00:00+09:00,291.45870923544703,292.3638605063646,285.1226503390243,286.9329528808594,69600,0.0,0.0
2018-10-26 00:00:00+09:00,289.6484375,291.458740234375,281.5020751953125,286.02783203125,93000,0.0,0.0
2018-10-29 00:00:00+09:00,281.50204235459694,282.40719361618727,261.5887145996094,261.5887145996094,112000,0.0,0.0
2018-10-30 00:00:00+09:00,261.5887143869433,263.3990169086523,258.8732606043799,259.7784118652344,114500,0.0,0.0
2018-10-31 00:00:00+09:00,263.39901774778207,275.1659841763771,263.39901774778207,267.0196228027344,70600,0.0,0.0
2018-11-01 00:00:00+09:00,265.20928955078125,269.7350453451632,261.58868491527573,265.20928955078125,81100,0.0,0.0
2018-11-02 00:00:00+09:00,265.20932047937055,274.26083312371765,265.20932047937055,268.8299255371094,72600,0.0,0.0
2018-11-05 00:00:00+09:00,267.0196234110582,275.16598480325996,266.114472145258,272.4505310058594,64700,0.0,0.0
2018-11-06 00:00:00+09:00,276.0711360690602,278.78658986646076,272.4505310058594,272.4505310058594,45500,0.0,0.0
2018-11-07 00:00:00+09:00,273.35568287007584,284.21749808345635,273.35568287007584,277.8814392089844,49700,0.0,0.0
2018-11-08 00:00:00+09:00,279.6917421396139,283.31234721585486,278.78659087055365,281.5020446777344,55200,0.0,0.0
2018-11-09 00:00:00+09:00,279.6917417445478,282.4071955478929,277.8814392089844,277.8814392089844,43000,0.0,0.0
2018-11-12 00:00:00+09:00,277.8814697265625,286.02783203125,275.166015625,280.596923828125,52400,0.0,0.0
2018-11-13 00:00:00+09:00,273.3556822716596,276.0711360690602,269.7350772084588,272.4505310058594,53000,0.0,0.0
2018-11-14 00:00:00+09:00,271.54541015625,276.0711669921875,271.54541015625,275.166015625,43600,0.0,0.0
2018-11-15 00:00:00+09:00,273.35568287007584,278.7865904767661,271.5453803345124,277.8814392089844,34500,0.0,0.0
2018-11-16 00:00:00+09:00,277.8814082911757,277.8814082911757,272.4505012887423,276.07110595703125,30100,0.0,0.0
2018-11-19 00:00:00+09:00,273.35568247376494,275.1659850067038,269.7350774078873,274.2608337402344,28600,0.0,0.0
2018-11-20 00:00:00+09:00,271.5453501216701,276.07110595703125,267.0195942863089,276.07110595703125,26000,0.0,0.0
2018-11-21 00:00:00+09:00,268.8299560546875,271.54541015625,266.114501953125,269.735107421875,44300,0.0,0.0
2018-11-22 00:00:00+09:00,269.735107421875,273.355712890625,267.9248046875,271.54541015625,42500,0.0,0.0
2018-11-23 00:00:00+09:00,271.54541015625,271.54541015625,271.54541015625,271.54541015625,0,0.0,0.0
2018-11-26 00:00:00+09:00,272.4505615234375,293.26904296875,262.493896484375,266.114501953125,91400,0.0,0.0
2018-11-27 00:00:00+09:00,271.54541015625,289.6484375,268.8299560546875,280.596923828125,91000,0.0,0.0
2018-11-28 00:00:00+09:00,276.976318359375,276.976318359375,268.8299560546875,271.54541015625,109600,0.0,0.0
2018-11-29 00:00:00+09:00,275.1659841763771,275.1659841763771,267.0196228027344,267.0196228027344,50600,0.0,0.0
2018-11-30 00:00:00+09:00,269.7350768015441,272.4505305948482,267.01962300823993,268.8299255371094,46300,0.0,0.0
2018-12-03 00:00:00+09:00,269.7350465908497,273.3556512430759,269.7350465908497,270.64019775390625,66500,0.0,0.0
2018-12-04 00:00:00+09:00,272.45052995714536,272.45052995714536,262.49386607166826,263.3990173339844,74500,0.0,0.0
2018-12-05 00:00:00+09:00,260.68359375,260.68359375,256.1578369140625,256.1578369140625,63700,0.0,0.0
2018-12-06 00:00:00+09:00,256.1578369140625,257.06298828125,253.4423828125,255.252685546875,93900,0.0,0.0
2018-12-07 00:00:00+09:00,255.25267012401295,255.25267012401295,248.91661093653744,252.53721618652344,125300,0.0,0.0
2018-12-10 00:00:00+09:00,251.632080078125,252.5372314453125,246.201171875,249.82177734375,69200,0.0,0.0
2018-12-11 00:00:00+09:00,250.7269128806582,251.63206419069667,241.67539978027344,241.67539978027344,38600,0.0,0.0
2018-12-12 00:00:00+09:00,242.58058127663352,251.6320955033736,242.58058127663352,248.91664123535156,44000,0.0,0.0
2018-12-13 00:00:00+09:00,248.91659600394112,254.347503553118,248.91659600394112,253.44235229492188,92700,0.0,0.0
2018-12-14 00:00:00+09:00,252.53720037084426,254.3475028824632,248.01144409179688,248.01144409179688,73200,0.0,0.0
2018-12-17 00:00:00+09:00,254.3475028824632,254.3475028824632,245.29599032436843,248.01144409179688,66100,0.0,0.0
2018-12-18 00:00:00+09:00,244.39085371038885,245.29600502042734,241.67539978027344,241.67539978027344,36200,0.0,0.0
2018-12-19 00:00:00+09:00,241.67539972290956,245.2960049622041,239.86509710326231,240.77024841308594,36200,0.0,0.0
2018-12-20 00:00:00+09:00,239.86509657091668,242.58055049436103,232.62388610839844,232.62388610839844,58500,0.0,0.0
2018-12-21 00:00:00+09:00,230.81358275121573,230.81358275121573,219.04661578742827,221.76206970214844,107300,0.0,0.0
2018-12-24 00:00:00+09:00,221.76206970214844,221.76206970214844,221.76206970214844,221.76206970214844,0,0.0,0.0
2018-12-25 00:00:00+09:00,229.00327925846494,229.00327925846494,209.0899506272941,209.99510192871094,113900,0.0,0.0
2018-12-26 00:00:00+09:00,209.0899658203125,217.236328125,209.0899658203125,213.61572265625,109800,0.0,0.0
2018-12-27 00:00:00+09:00,220.85691887776372,230.8135832534006,220.85691887776372,229.00328063964844,92500,0.0,0.0
2018-12-28 00:00:00+09:00,225.3826904296875,229.0032958984375,222.667236328125,225.3826904296875,65900,0.0,0.0
2018-12-31 00:00:00+09:00,225.3826904296875,225.3826904296875,225.3826904296875,225.3826904296875,0,0.0,0.0
2019-01-04 00:00:00+09:00,219.04661596975018,226.28782641503116,219.04661596975018,224.47752380371094,77600,0.0,0.0
2019-01-07 00:00:00+09:00,229.00328105046196,237.14964282696062,229.00328105046196,235.33934020996094,70000,0.0,0.0
2019-01-08 00:00:00+09:00,237.14964311707695,241.67539966511276,235.33934049786262,239.86509704589844,57900,0.0,0.0
2019-01-09 00:00:00+09:00,239.86509716019648,246.2011563304658,236.24449192004258,241.67539978027344,70100,0.0,0.0
2019-01-10 00:00:00+09:00,237.14964311707695,242.58055097471993,234.43418918825546,239.86509704589844,68700,0.0,0.0
2019-01-11 00:00:00+09:00,237.1496278015833,242.5805353084898,237.1496278015833,238.05477905273438,76000,0.0,0.0
2019-01-15 00:00:00+09:00,236.2444765504322,239.86508155503654,234.43417404813005,238.05477905273438,47400,0.0,0.0
2019-01-16 00:00:00+09:00,235.33935546875,238.9599609375,230.8135986328125,231.71875,65300,0.0,0.0
2019-01-17 00:00:00+09:00,230.8135832534006,231.7187345602767,227.19297802589628,229.00328063964844,65000,0.0,0.0
2019-01-18 00:00:00+09:00,230.81358331394947,235.3393398495171,229.90843200683594,229.90843200683594,56800,0.0,0.0
2019-01-21 00:00:00+09:00,230.81358349276888,233.5290374162132,229.9084321849541,232.62388610839844,25400,0.0,0.0
2019-01-22 00:00:00+09:00,233.529052734375,233.529052734375,230.8135986328125,231.71875,21600,0.0,0.0
2019-01-23 00:00:00+09:00,227.1929931640625,231.71875,227.1929931640625,228.09814453125,39600,0.0,0.0
2019-01-24 00:00:00+09:00,230.8135832534006,231.7187345602767,228.09812933277237,229.00328063964844,37700,0.0,0.0
2019-01-25 00:00:00+09:00,227.19297802589628,236.2444910946571,227.19297802589628,229.00328063964844,51800,0.0,0.0
2019-01-28 00:00:00+09:00,229.90843182445997,229.90843182445997,226.28782659887793,227.19297790527344,45200,0.0,0.0
2019-01-29 00:00:00+09:00,227.19297790527344,228.09812921166895,224.4775239860869,227.19297790527344,60600,0.0,0.0
2019-01-30 00:00:00+09:00,227.1929931640625,229.0032958984375,222.667236328125,222.667236328125,95900,0.0,0.0
2019-01-31 00:00:00+09:00,224.4775390625,225.3826904296875,221.7620849609375,222.667236328125,55200,0.0,0.0
2019-02-01 00:00:00+09:00,222.6672206878662,222.6672206878662,209.99510243733724,217.23631286621094,122200,0.0,0.0
2019-02-04 00:00:00+09:00,219.9517672754103,228.09812902635142,219.9517672754103,224.47752380371094,124900,0.0,0.0
2019-02-05 00:00:00+09:00,226.2878267190202,229.90843194652453,223.57237279839197,229.00328063964844,36200,0.0,0.0
2019-02-06 00:00:00+09:00,229.908447265625,229.908447265625,224.4775390625,228.09814453125,44800,0.0,0.0
2019-02-07 00:00:00+09:00,227.19297790527344,229.00328051806446,224.4775239860869,227.19297790527344,70500,0.0,0.0
2019-02-08 00:00:00+09:00,225.38267510937104,228.09812902635142,221.76206988673056,224.47752380371094,63000,0.0,0.0
2019-02-12 00:00:00+09:00,224.4775239860869,229.90843182445997,224.4775239860869,227.19297790527344,28700,0.0,0.0
2019-02-13 00:00:00+09:00,228.09812939260888,229.90843200683594,225.3826754712683,229.90843200683594,60900,0.0,0.0
2019-02-14 00:00:00+09:00,230.8135986328125,234.4342041015625,230.8135986328125,234.4342041015625,47800,0.0,0.0
2019-02-15 00:00:00+09:00,235.33934044115472,240.77024829748908,234.43418913176566,238.95994567871094,82700,0.0,0.0
2019-02-18 00:00:00+09:00,243.48573303222656,243.48573303222656,238.05482448875685,243.48573303222656,42200,0.0,0.0
2019-02-19 00:00:00+09:00,242.5805369864265,251.63204956054688,241.67538572901447,251.63204956054688,52600,0.0,0.0
2019-02-20 00:00:00+09:00,252.53724681427332,257.0630039256402,249.82179254745319,250.72694396972656,47700,0.0,0.0
2019-02-21 00:00:00+09:00,250.72689830313485,254.347503332783,248.91659578831076,251.63204956054688,62500,0.0,0.0
2019-02-22 00:00:00+09:00,250.7269287109375,251.632080078125,247.1063232421875,249.82177734375,30100,0.0,0.0
2019-02-25 00:00:00+09:00,252.5372314453125,256.1578369140625,252.5372314453125,255.252685546875,53400,0.0,0.0
2019-02-26 00:00:00+09:00,254.34754965882007,255.25270108109348,248.9166411251798,250.72694396972656,61200,0.0,0.0
2019-02-27 00:00:00+09:00,251.63206498224116,255.2526702337842,251.63206498224116,254.34751892089844,35300,0.0,0.0
2019-02-28 00:00:00+09:00,255.25265481131416,255.25265481131416,249.82174726213725,253.44235229492188,47200,0.0,0.0
2019-03-01 00:00:00+09:00,255.25265481131416,255.25265481131416,251.63204977852956,253.44235229492188,31700,0.0,0.0
2019-03-04 00:00:00+09:00,252.53721618652344,254.34751881151647,251.63206487402695,252.53721618652344,48000,0.0,0.0
2019-03-05 00:00:00+09:00,250.7268985203334,253.44235229492185,250.7268985203334,253.44235229492188,27200,0.0,0.0
2019-03-06 00:00:00+09:00,252.53724681427332,253.4423982365467,250.72694396972656,250.72694396972656,32900,0.0,0.0
2019-03-07 00:00:00+09:00,251.63204977852956,253.44235229492185,249.82174726213725,253.44235229492188,39700,0.0,0.0
2019-03-08 00:00:00+09:00,250.72691305655022,251.63206436722368,244.39085388183594,244.39085388183594,94400,0.0,0.0
2019-03-11 00:00:00+09:00,247.10630831154447,253.44236749901995,246.20115699904795,252.53721618652344,28900,0.0,0.0
2019-03-12 00:00:00+09:00,252.53721618652344,256.15782143650944,250.72691356153047,252.53721618652344,47500,0.0,0.0
2019-03-13 00:00:00+09:00,251.6320491150348,255.2526541382727,248.01144409179688,248.01144409179688,16900,0.0,0.0
2019-03-14 00:00:00+09:00,249.82176191728195,249.82176191728195,246.20115667210393,247.10630798339844,14900,0.0,0.0
2019-03-15 00:00:00+09:00,249.82179254745319,253.4423982365467,248.0114897029064,250.72694396972656,75400,0.0,0.0
2019-03-18 00:00:00+09:00,251.63206453987092,251.63206453987092,246.20115667210393,247.10630798339844,32600,0.0,0.0
2019-03-19 00:00:00+09:00,248.0114901517847,248.0114901517847,239.8651273365801,243.48573303222656,41400,0.0,0.0
2019-03-20 00:00:00+09:00,243.48570257116248,246.20115650318286,241.67539994981553,244.39085388183594,36400,0.0,0.0
2019-03-22 00:00:00+09:00,246.201171875,246.201171875,242.58056640625,245.2960205078125,32100,0.0,0.0
2019-03-25 00:00:00+09:00,244.3908534159187,245.29600472486658,237.14964294433594,237.14964294433594,53000,0.0,0.0
2019-03-26 00:00:00+09:00,238.9599609375,254.3475341796875,238.9599609375,249.82177734375,63300,0.0,0.0
2019-03-27 00:00:00+09:00,256.34696216789825,258.2113037109375,254.48262062485898,258.2113037109375,32300,8.0,0.0
2019-03-28 00:00:00+09:00,257.2791361490885,257.2791361490885,250.75394066704644,251.6861114501953,19900,0.0,0.0
2019-03-29 00:00:00+09:00,253.55043706678805,253.55043706678805,247.95741271972656,247.95741271972656,22200,0.0,0.0
2019-04-01 00:00:00+09:00,247.9574138335068,259.14346257787554,247.9574138335068,255.41477966308594,44700,0.0,0.0
2019-04-02 00:00:00+09:00,260.0756567250127,261.0078275376472,256.3469734744749,257.2791442871094,24200,0.0,0.0
2019-04-03 00:00:00+09:00,256.34698486328125,258.21132657137787,253.55047230113638,256.34698486328125,27300,0.0,0.0
2019-04-04 00:00:00+09:00,255.41477966308594,258.2112918491781,255.41477966308594,255.41477966308594,26800,0.0,0.0
2019-04-05 00:00:00+09:00,256.3469503917833,256.3469503917833,253.55043820569114,255.41477966308594,22800,0.0,0.0
2019-04-08 00:00:00+09:00,256.34696536593964,256.34696536593964,250.75394066704644,251.6861114501953,11400,0.0,0.0
2019-04-09 00:00:00+09:00,252.61828223334416,252.61828223334416,249.82176988389756,251.6861114501953,9500,0.0,0.0
2019-04-10 00:00:00+09:00,247.0252419952163,248.8895834442368,244.22872982168553,247.95741271972656,23600,0.0,0.0
2019-04-11 00:00:00+09:00,247.9574201179273,247.9574201179273,246.09307861328125,246.09307861328125,9600,0.0,0.0
2019-04-12 00:00:00+09:00,247.95742365226891,247.95742365226891,242.3643990586087,243.29656982421875,22600,0.0,0.0
2019-04-15 00:00:00+09:00,248.8895845622042,255.41477966308594,247.0252431048094,255.41477966308594,66400,0.0,0.0
2019-04-16 00:00:00+09:00,251.68613816725718,251.68613816725718,246.09311287465147,250.75396728515625,42500,0.0,0.0
2019-04-17 00:00:00+09:00,250.7539442541001,251.68611505058377,247.02526106816555,248.8896026611328,27300,0.0,0.0
2019-04-18 00:00:00+09:00,245.16090393066406,247.02524540542197,244.2287331932851,245.16090393066406,47300,0.0,0.0
2019-04-19 00:00:00+09:00,246.09308212104887,246.09308212104887,243.29656982421875,243.29656982421875,9300,0.0,0.0
2019-04-22 00:00:00+09:00,243.29656982421875,244.2287405898288,243.29656982421875,243.29656982421875,38600,0.0,0.0
2019-04-23 00:00:00+09:00,243.2965658921462,243.2965658921462,241.43222439105693,242.36439514160156,12100,0.0,0.0
2019-04-24 00:00:00+09:00,244.22873664269082,247.9574196448693,242.36439514160156,242.36439514160156,48300,0.0,0.0
2019-04-25 00:00:00+09:00,241.43223216515463,245.1609152873964,241.43223216515463,244.22874450683594,56100,0.0,0.0
2019-04-26 00:00:00+09:00,242.36439514160156,244.22873664269082,241.43222439105693,242.36439514160156,48100,0.0,0.0
2019-05-07 00:00:00+09:00,240.50006103515625,244.22874415198038,240.50006103515625,240.50006103515625,26600,0.0,0.0
2019-05-08 00:00:00+09:00,236.7713744649485,247.95742365226891,234.90703293372846,243.29656982421875,119400,0.0,0.0
2019-05-09 00:00:00+09:00,243.29656192971012,244.22873266507298,239.56787898825863,241.43222045898438,84700,0.0,0.0
2019-05-10 00:00:00+09:00,239.56789383233763,244.2287477979473,237.70355224609375,237.70355224609375,73400,0.0,0.0
2019-05-13 00:00:00+09:00,239.5678779024527,239.5678779024527,233.974853515625,233.974853515625,42000,0.0,0.0
2019-05-14 00:00:00+09:00,231.17833799827756,236.7713623046875,229.31399656280757,236.7713623046875,36700,0.0,0.0
2019-05-15 00:00:00+09:00,234.90703211848444,236.7713736432343,234.90703211848444,235.83920288085938,51800,0.0,0.0
2019-05-16 00:00:00+09:00,234.90702086921752,236.7713623046875,234.90702086921752,236.7713623046875,17600,0.0,0.0
2019-05-17 00:00:00+09:00,238.63570825289574,242.36439119434723,236.77136678217,241.43222045898438,54200,0.0,0.0
2019-05-20 00:00:00+09:00,242.36440259356831,242.36440259356831,239.5678902559502,240.50006103515625,30800,0.0,0.0
2019-05-21 00:00:00+09:00,238.63570825289574,242.36439119434723,238.63570825289574,241.43222045898438,16500,0.0,0.0
2019-05-22 00:00:00+09:00,241.4322354185815,242.36440621170343,237.70355224609375,237.70355224609375,21400,0.0,0.0
2019-05-23 00:00:00+09:00,237.7035330224225,241.43221589336244,236.7713623046875,236.7713623046875,26600,0.0,0.0
2019-05-24 00:00:00+09:00,236.7713701725006,239.5678824186325,235.83919942378998,238.63571166992188,34500,0.0,0.0
2019-05-27 00:00:00+09:00,238.63571166992188,238.63571166992188,237.70354092121124,238.63571166992188,14100,0.0,0.0
2019-05-28 00:00:00+09:00,237.70354440560925,239.56788593035913,235.83920288085938,235.83920288085938,22500,0.0,0.0
2019-05-29 00:00:00+09:00,234.90703564453125,235.83920642089842,233.04269409179688,233.04269409179688,35500,0.0,0.0
2019-05-30 00:00:00+09:00,232.11051983135962,235.83920288085938,232.11051983135962,235.83920288085938,21800,0.0,0.0
2019-05-31 00:00:00+09:00,233.04268278448706,235.83919497790092,232.1105120533491,233.974853515625,24300,0.0,0.0
2019-06-03 00:00:00+09:00,233.04268223071387,233.97485295963673,230.2461700439453,230.2461700439453,19200,0.0,0.0
2019-06-04 00:00:00+09:00,228.38183636646195,233.04269016985913,228.38183636646195,232.1105194091797,31700,0.0,0.0
2019-06-05 00:00:00+09:00,234.90703211848444,236.7713736432343,231.1783490689847,235.83920288085938,36300,0.0,0.0
2019-06-06 00:00:00+09:00,235.83919894506062,235.83919894506062,234.9070281982422,234.9070281982422,19300,0.0,0.0
2019-06-07 00:00:00+09:00,233.97486486816405,235.83920642089842,231.1783525390625,233.04269409179688,20900,0.0,0.0
2019-06-10 00:00:00+09:00,235.83919894506062,235.83919894506062,233.04268670460536,234.9070281982422,24600,0.0,0.0
2019-06-11 00:00:00+09:00,234.90703211848444,235.83920288085938,234.90703211848444,235.83920288085938,24100,0.0,0.0
2019-06-12 00:00:00+09:00,236.77136570903886,236.77136570903886,233.974853515625,233.974853515625,22400,0.0,0.0
2019-06-13 00:00:00+09:00,233.04269409179688,234.90703564453125,233.04269409179688,233.04269409179688,24800,0.0,0.0
2019-06-14 00:00:00+09:00,237.7035399406187,237.7035399406187,231.1783447265625,231.1783447265625,95700,0.0,0.0
2019-06-17 00:00:00+09:00,230.2461700439453,232.11051150179102,230.2461700439453,230.2461700439453,52000,0.0,0.0
2019-06-18 00:00:00+09:00,230.24618139499572,233.0426937196313,229.3140106201172,229.3140106201172,61300,0.0,0.0
2019-06-19 00:00:00+09:00,230.24618498876754,230.24618498876754,226.5175018310547,226.5175018310547,61700,0.0,0.0
2019-06-20 00:00:00+09:00,227.44965331022402,229.31399473079964,225.58531188964844,225.58531188964844,63700,0.0,0.0
2019-06-21 00:00:00+09:00,228.38183503613695,229.31400579138648,220.92446899414062,220.92446899414062,174500,0.0,0.0
2019-06-24 00:00:00+09:00,222.78881095158115,225.5853232229399,221.85664019446156,224.6531524658203,37800,0.0,0.0
2019-06-25 00:00:00+09:00,225.58531527339665,227.44965672193712,222.78880310058594,222.78880310058594,43100,0.0,0.0
2019-06-26 00:00:00+09:00,223.72097778320312,224.65314852396648,222.7888070424398,223.72097778320312,39700,0.0,0.0
2019-06-27 00:00:00+09:00,226.51749000549316,226.51749000549316,223.72097778320312,223.72097778320312,54600,0.0,0.0
2019-06-28 00:00:00+09:00,223.72097382485617,224.6531445491264,222.78880310058594,222.78880310058594,55500,0.0,0.0
2019-07-01 00:00:00+09:00,225.58531188964844,227.44965331022402,221.8566290484972,225.58531188964844,155400,0.0,0.0
2019-07-02 00:00:00+09:00,225.58531188964844,226.51748259993622,223.72097046907282,225.58531188964844,159000,0.0,0.0
2019-07-03 00:00:00+09:00,225.5853232229399,226.5174939800595,223.72098170870075,224.6531524658203,99200,0.0,0.0
2019-07-04 00:00:00+09:00,225.58532527762813,249.821765183489,225.58532527762813,243.29656982421875,409000,0.0,0.0
2019-07-05 00:00:00+09:00,246.09308571039244,246.09308571039244,237.70354869753817,240.50006103515625,146600,0.0,0.0
2019-07-08 00:00:00+09:00,242.36439821748394,242.36439821748394,235.83920288085938,235.83920288085938,72300,0.0,0.0
2019-07-09 00:00:00+09:00,234.90702424676294,236.77136570903886,233.974853515625,233.974853515625,41300,0.0,0.0
2019-07-10 00:00:00+09:00,233.97486486816405,234.90703564453125,233.04269409179688,233.04269409179688,56000,0.0,0.0
2019-07-11 00:00:00+09:00,233.97485745142376,235.83919894506062,233.04268670460536,234.9070281982422,48900,0.0,0.0
2019-07-12 00:00:00+09:00,236.77136969187904,236.77136969187904,233.97485745142376,234.9070281982422,75200,0.0,0.0
2019-07-16 00:00:00+09:00,237.70353751753285,241.43222045898438,235.8391960468071,241.43222045898438,155100,0.0,0.0
2019-07-17 00:00:00+09:00,240.50006462545957,240.50006462545957,234.90703986672796,237.70355224609375,51800,0.0,0.0
2019-07-18 00:00:00+09:00,236.77137719726562,236.77137719726562,233.04269409179688,233.04269409179688,75400,0.0,0.0
2019-07-19 00:00:00+09:00,233.04268670460536,235.83919894506062,233.04268670460536,234.9070281982422,63900,0.0,0.0
2019-07-22 00:00:00+09:00,235.83920642089842,236.77137719726562,231.1783525390625,233.04269409179688,73300,0.0,0.0
2019-07-23 00:00:00+09:00,234.90703211848444,235.83920288085938,233.9748613561095,235.83920288085938,40900,0.0,0.0
2019-07-24 00:00:00+09:00,238.6357151679842,239.56788593035913,234.90703211848444,235.83920288085938,75900,0.0,0.0
2019-07-25 00:00:00+09:00,235.83919158695252,236.7713623046875,234.90702086921752,236.7713623046875,41600,0.0,0.0
2019-07-26 00:00:00+09:00,234.90702086921752,236.7713623046875,234.90702086921752,236.7713623046875,24400,0.0,0.0
2019-07-29 00:00:00+09:00,236.7713623046875,236.7713623046875,233.97485015148254,236.7713623046875,65300,0.0,0.0
2019-07-30 00:00:00+09:00,238.63570374015748,238.63570374015748,234.90702086921752,236.7713623046875,50500,0.0,0.0
2019-07-31 00:00:00+09:00,235.83921065984987,246.0930893841912,235.83921065984987,237.70355224609375,136500,0.0,0.0
2019-08-01 00:00:00+09:00,237.70355224609375,240.50006462545957,235.83921065984987,237.70355224609375,70600,0.0,0.0
2019-08-02 00:00:00+09:00,234.907031691218,237.7035439732563,231.17834864850025,232.1105194091797,88800,0.0,0.0
2019-08-05 00:00:00+09:00,232.11051496912222,232.11051496912222,225.58531976918704,227.4496612548828,60400,0.0,0.0
2019-08-06 00:00:00+09:00,223.72098946277006,226.5175018310547,223.72098946277006,226.5175018310547,66800,0.0,0.0
2019-08-07 00:00:00+09:00,226.51749051203493,228.3818319977307,225.58531976918704,227.4496612548828,52200,0.0,0.0
2019-08-08 00:00:00+09:00,226.51749051203493,228.3818319977307,226.51749051203493,227.4496612548828,16400,0.0,0.0
2019-08-09 00:00:00+09:00,227.44967262048291,228.3818434099111,225.5853310416265,226.5175018310547,38000,0.0,0.0
2019-08-13 00:00:00+09:00,224.6531602521983,227.44967262048291,224.6531602521983,226.5175018310547,39200,0.0,0.0
2019-08-14 00:00:00+09:00,229.31399931502244,230.2461700439453,226.5174871282539,230.2461700439453,65400,0.0,0.0
2019-08-15 00:00:00+09:00,226.51749051203493,228.3818319977307,224.65314902633918,227.4496612548828,39500,0.0,0.0
2019-08-16 00:00:00+09:00,227.44967262048291,227.44967262048291,226.5175018310547,226.5175018310547,16100,0.0,0.0
2019-08-19 00:00:00+09:00,226.5175018310547,227.44967262048291,226.5175018310547,226.5175018310547,23000,0.0,0.0
2019-08-20 00:00:00+09:00,226.51749051203493,227.4496612548828,225.58531976918704,227.4496612548828,24900,0.0,0.0
2019-08-21 00:00:00+09:00,226.5174939800595,227.4496647371791,224.6531524658203,224.6531524658203,39400,0.0,0.0
2019-08-22 00:00:00+09:00,226.5175018310547,226.5175018310547,224.6531602521983,226.5175018310547,19200,0.0,0.0
2019-08-23 00:00:00+09:00,226.5175018310547,226.5175018310547,225.5853310416265,226.5175018310547,18000,0.0,0.0
2019-08-26 00:00:00+09:00,223.72097778320312,225.58531926472983,223.72097778320312,223.72097778320312,60700,0.0,0.0
2019-08-27 00:00:00+09:00,225.58531527339665,225.58531527339665,222.78880310058594,222.78880310058594,31700,0.0,0.0
2019-08-28 00:00:00+09:00,222.7888070424398,223.72097778320312,222.7888070424398,223.72097778320312,28300,0.0,0.0
2019-08-29 00:00:00+09:00,223.72098170870075,225.5853232229399,222.78881095158115,224.6531524658203,33900,0.0,0.0
2019-08-30 00:00:00+09:00,225.58531188964844,226.51748259993622,223.72097046907282,225.58531188964844,45100,0.0,0.0
2019-09-02 00:00:00+09:00,223.72098170870075,225.5853232229399,223.72098170870075,224.6531524658203,15800,0.0,0.0
2019-09-03 00:00:00+09:00,224.6531602521983,227.44967262048291,223.72098946277006,226.5175018310547,22400,0.0,0.0
2019-09-04 00:00:00+09:00,224.6531524658203,226.5174939800595,224.6531524658203,224.6531524658203,33700,0.0,0.0
2019-09-05 00:00:00+09:00,226.51749051203493,227.4496612548828,225.58531976918704,227.4496612548828,48600,0.0,0.0
2019-09-06 00:00:00+09:00,228.3818434099111,231.17835577819574,225.5853310416265,226.5175018310547,56000,0.0,0.0
2019-09-09 00:00:00+09:00,227.44966907036013,229.3140106201172,227.44966907036013,229.3140106201172,39300,0.0,0.0
2019-09-10 00:00:00+09:00,230.24617398169732,233.97485696115803,228.38183249196697,231.1783447265625,76100,0.0,0.0
2019-09-11 00:00:00+09:00,231.1783566942402,237.70355224609375,231.1783566942402,237.70355224609375,91900,0.0,0.0
2019-09-12 00:00:00+09:00,238.6357230392157,239.56789383233763,235.83921065984987,237.70355224609375,95000,0.0,0.0
2019-09-13 00:00:00+09:00,238.6357230392157,238.6357230392157,234.90703986672796,237.70355224609375,147800,0.0,0.0
2019-09-17 00:00:00+09:00,241.43223181436227,241.43223181436227,237.70354869753817,240.50006103515625,78400,0.0,0.0
2019-09-18 00:00:00+09:00,241.43222391605377,241.43222391605377,237.70354092121124,238.63571166992188,35800,0.0,0.0
2019-09-19 00:00:00+09:00,237.70354869753817,240.50006103515625,237.70354869753817,240.50006103515625,51900,0.0,0.0
2019-09-20 00:00:00+09:00,242.36440259356831,242.36440259356831,239.5678902559502,240.50006103515625,40900,0.0,0.0
2019-09-24 00:00:00+09:00,242.36439119434723,242.36439119434723,240.5000497236215,241.43222045898438,82300,0.0,0.0
2019-09-25 00:00:00+09:00,241.43223216515463,245.1609152873964,240.50006138459418,244.22874450683594,61400,0.0,0.0
2019-09-26 00:00:00+09:00,246.09307466804302,247.02524540542197,243.29656245590618,245.16090393066406,94200,0.0,0.0
2019-09-27 00:00:00+09:00,247.98968055304582,247.98968055304582,239.5033416748047,239.5033416748047,63900,3.0,0.0
2019-09-30 00:00:00+09:00,237.61748708291833,237.61748708291833,235.73163401083167,236.674560546875,31800,0.0,0.0
2019-10-01 00:00:00+09:00,238.56042067583869,240.44627380371094,238.56042067583869,240.44627380371094,23800,0.0,0.0
2019-10-02 00:00:00+09:00,240.4462682168315,242.33212130088506,239.5033416748047,239.5033416748047,60000,0.0,0.0
2019-10-03 00:00:00+09:00,237.6175079345703,237.6175079345703,236.67458131578235,237.6175079345703,20900,0.0,0.0
2019-10-04 00:00:00+09:00,237.6175079345703,237.6175079345703,236.67458131578235,237.6175079345703,24900,0.0,0.0
2019-10-07 00:00:00+09:00,238.56041361896163,238.56041361896163,236.674560546875,236.674560546875,13600,0.0,0.0
2019-10-08 00:00:00+09:00,238.5604345533583,239.50336117214627,235.73165469699435,237.6175079345703,36000,0.0,0.0
2019-10-09 00:00:00+09:00,237.6175079345703,238.5604345533583,236.67458131578235,237.6175079345703,35600,0.0,0.0
2019-10-10 00:00:00+09:00,237.61749411190257,240.44627380371094,235.73164098403032,240.44627380371094,33500,0.0,0.0
2019-10-11 00:00:00+09:00,240.44628779093426,241.38921440972223,234.7887280782064,237.6175079345703,60000,0.0,0.0
2019-10-15 00:00:00+09:00,245.16090807064558,246.10383464014805,239.50334865363067,243.27505493164062,131600,0.0,0.0
2019-10-16 00:00:00+09:00,243.27505493164062,244.2179815011431,241.38920179263565,243.27505493164062,72600,0.0,0.0
2019-10-17 00:00:00+09:00,244.21798706054688,246.1038402424816,240.4462806966774,244.21798706054688,104000,0.0,0.0
2019-10-18 00:00:00+09:00,245.16091365151422,247.04676683344894,243.2750604695795,244.21798706054688,55000,0.0,0.0
2019-10-21 00:00:00+09:00,245.1609149961981,247.04676818847656,245.1609149961981,247.04676818847656,42200,0.0,0.0
2019-10-23 00:00:00+09:00,247.98968505859375,249.87553817691006,247.0467584994356,247.98968505859375,69100,0.0,0.0
2019-10-24 00:00:00+09:00,249.87553962191245,251.76139275113442,248.93261305730144,250.81846618652344,69400,0.0,0.0
2019-10-25 00:00:00+09:00,251.76138896326864,265.90528721963204,245.16090311029905,263.0765075683594,314400,0.0,0.0
2019-10-28 00:00:00+09:00,273.44869736493644,278.163330078125,269.6769911943856,278.163330078125,281900,0.0,0.0
2019-10-29 00:00:00+09:00,280.9921349765492,280.9921349765492,272.5057953296065,277.2204284667969,143900,0.0,0.0
2019-10-30 00:00:00+09:00,280.9921209161932,280.9921209161932,275.33456143465907,280.0491943359375,155000,0.0,0.0
2019-10-31 00:00:00+09:00,280.04917183833726,280.04917183833726,274.3916128113001,276.2774658203125,41400,0.0,0.0
2019-11-01 00:00:00+09:00,276.27748522152194,277.2204117922439,271.5628523679124,274.3916320800781,87500,0.0,0.0
2019-11-05 00:00:00+09:00,274.39162390757417,280.0491831634004,274.39162390757417,278.163330078125,105200,0.0,0.0
2019-11-06 00:00:00+09:00,280.9921398287505,288.5355529785156,278.1633598975886,288.5355529785156,218000,0.0,0.0
2019-11-07 00:00:00+09:00,288.5355529785156,289.47847962223625,284.76384640363307,288.5355529785156,89800,0.0,0.0
2019-11-08 00:00:00+09:00,291.3642907393606,291.3642907393606,285.70673169587786,286.649658203125,116700,0.0,0.0
2019-11-11 00:00:00+09:00,287.59259033203125,288.53551685771004,285.7067372806737,287.59259033203125,77500,0.0,0.0
2019-11-12 00:00:00+09:00,286.6496996910743,290.4214062659569,284.76384640363307,288.5355529785156,97900,0.0,0.0
2019-11-13 00:00:00+09:00,286.64968318120873,286.64968318120873,282.87797682356126,285.7067565917969,51900,0.0,0.0
2019-11-14 00:00:00+09:00,284.76380193313497,284.76380193313497,279.1062429543309,280.9920959472656,113200,0.0,0.0
2019-11-15 00:00:00+09:00,278.1633384654064,285.7067510339598,277.22041189433725,284.7638244628906,81500,0.0,0.0
2019-11-18 00:00:00+09:00,286.649697265625,286.649697265625,281.93506408691405,282.87799072265625,19200,0.0,0.0
2019-11-19 00:00:00+09:00,285.7067510339598,285.7067510339598,281.9350447496831,284.7638244628906,25500,0.0,0.0
2019-11-20 00:00:00+09:00,282.87794894020027,284.76380193313497,280.9920959472656,280.9920959472656,27700,0.0,0.0
2019-11-21 00:00:00+09:00,286.6496719917982,286.6496719917982,280.04918612356596,283.8208923339844,61400,0.0,0.0
2019-11-22 00:00:00+09:00,283.82090341297317,285.7067565917969,281.9350502341494,285.7067565917969,29800,0.0,0.0
2019-11-25 00:00:00+09:00,286.64966380635246,289.4784433833888,285.7067372806737,287.59259033203125,58100,0.0,0.0
2019-11-26 00:00:00+09:00,289.47847962223625,290.4214062659569,288.5355529785156,288.5355529785156,87700,0.0,0.0
2019-11-27 00:00:00+09:00,287.59258471037214,289.47843772486635,284.7638051886307,286.649658203125,35000,0.0,0.0
2019-11-28 00:00:00+09:00,288.5355112176192,288.5355112176192,282.8779521741365,286.649658203125,62700,0.0,0.0
2019-11-29 00:00:00+09:00,288.5355280276619,290.4213811520257,282.87796865457045,289.47845458984375,76000,0.0,0.0
2019-12-02 00:00:00+09:00,291.36429702179345,298.90770924242236,291.36429702179345,297.96478271484375,129300,0.0,0.0
2019-12-03 00:00:00+09:00,297.9648021527916,297.9648021527916,290.42138944006274,296.0789489746094,83400,0.0,0.0
2019-12-04 00:00:00+09:00,293.25015007695066,297.96478271484375,290.4213704942148,297.96478271484375,63400,0.0,0.0
2019-12-05 00:00:00+09:00,297.96478271484375,298.90770924242236,295.13600313210793,297.96478271484375,56400,0.0,0.0
2019-12-06 00:00:00+09:00,298.9077259410511,301.7365056818182,296.07894620028407,300.7935791015625,108300,0.0,0.0
2019-12-09 00:00:00+09:00,301.7365029417438,305.5082092285156,300.79357637005086,305.5082092285156,69600,0.0,0.0
2019-12-10 00:00:00+09:00,306.45114944641847,315.88041558323135,305.5082228327372,313.0516357421875,181600,0.0,0.0
2019-12-11 00:00:00+09:00,314.937475039354,316.82332818330224,310.22284217948345,315.8804016113281,139500,0.0,0.0
2019-12-12 00:00:00+09:00,314.9374889695501,315.88041558323135,311.1657825148249,313.0516357421875,92500,0.0,0.0
2019-12-13 00:00:00+09:00,314.93744691790954,314.93744691790954,309.2798879912405,311.1657409667969,158500,0.0,0.0
2019-12-16 00:00:00+09:00,314.9374915128629,318.7091979980469,312.1087116489749,318.7091979980469,169600,0.0,0.0
2019-12-17 00:00:00+09:00,318.7091562180292,318.7091562180292,314.9374502272833,316.82330322265625,68300,0.0,0.0
2019-12-18 00:00:00+09:00,316.82332818330224,316.82332818330224,310.22284217948345,315.8804016113281,86300,0.0,0.0
2019-12-19 00:00:00+09:00,314.9374889695501,314.9374889695501,311.1657825148249,313.0516357421875,34500,0.0,0.0
2019-12-20 00:00:00+09:00,313.05163021030023,313.05163021030023,308.3369972252054,312.10870361328125,59700,0.0,0.0
2019-12-23 00:00:00+09:00,310.2228144790187,311.1657409667969,305.50818204012785,311.1657409667969,96100,0.0,0.0
2019-12-24 00:00:00+09:00,312.108689535513,312.108689535513,302.67942399063344,304.5652770996094,73500,0.0,0.0
2019-12-25 00:00:00+09:00,301.73649447949526,303.6223475699921,297.96478829850156,298.90771484375,66100,0.0,0.0
2019-12-26 00:00:00+09:00,297.021880822679,308.3370000921144,296.0789542168927,307.3940734863281,65500,0.0,0.0
2019-12-27 00:00:00+09:00,309.27992966316197,309.27992966316197,300.79359012972157,302.679443359375,56500,0.0,0.0
2019-12-30 00:00:00+09:00,301.73651123046875,304.56529102325436,300.79358463287355,301.73651123046875,29600,0.0,0.0
2020-01-06 00:00:00+09:00,292.3072398792614,293.250166459517,286.64968039772725,290.42138671875,154600,0.0,0.0
2020-01-07 00:00:00+09:00,291.3643160291538,296.0789489746094,288.5355362618805,296.0789489746094,120800,0.0,0.0
2020-01-08 00:00:00+09:00,292.30723130742575,292.30723130742575,282.87796578137977,283.8208923339844,160700,0.0,0.0
2020-01-09 00:00:00+09:00,286.64966380635246,290.4213699090676,285.7067372806737,287.59259033203125,69900,0.0,0.0
2020-01-10 00:00:00+09:00,287.59258471037214,288.5355112176192,284.7638051886307,286.649658203125,48500,0.0,0.0
2020-01-14 00:00:00+09:00,286.649697265625,286.649697265625,280.04921081542966,282.87799072265625,85300,0.0,0.0
2020-01-15 00:00:00+09:00,281.9350502341494,285.7067565917969,280.04919705532564,285.7067565917969,91100,0.0,0.0
2020-01-16 00:00:00+09:00,283.82089501458245,283.82089501458245,279.10626220703125,279.10626220703125,62900,0.0,0.0
2020-01-17 00:00:00+09:00,279.10625662076274,280.0491831634004,276.2774769928496,278.163330078125,93600,0.0,0.0
2020-01-20 00:00:00+09:00,278.16331645786363,281.935022443733,278.16331645786363,280.9920959472656,34900,0.0,0.0
2020-01-21 00:00:00+09:00,281.9350447496831,286.64967760502896,281.9350447496831,284.7638244628906,62200,0.0,0.0
2020-01-22 00:00:00+09:00,285.7067454391936,285.7067454391936,281.93503922877517,283.8208923339844,57200,0.0,0.0
2020-01-23 00:00:00+09:00,282.87794894020027,283.8208754366676,280.9920959472656,280.9920959472656,60200,0.0,0.0
2020-01-24 00:00:00+09:00,281.9350362486759,281.9350362486759,278.163330078125,278.163330078125,66200,0.0,0.0
2020-01-27 00:00:00+09:00,276.27749079874116,277.22041738849794,273.44871102947076,275.3345642089844,99100,0.0,0.0
2020-01-28 00:00:00+09:00,272.5057733996161,277.22040615739496,269.67699374494885,273.4486999511719,77500,0.0,0.0
2020-01-29 00:00:00+09:00,275.3345752119207,277.2204284667969,273.44872195704454,277.2204284667969,44700,0.0,0.0
2020-01-30 00:00:00+09:00,279.1062649336877,279.1062649336877,273.4487055093562,274.3916320800781,76700,0.0,0.0
2020-01-31 00:00:00+09:00,274.39162390757417,279.10625662076274,274.39162390757417,278.163330078125,57400,0.0,0.0
2020-02-03 00:00:00+09:00,274.39164858448265,279.10628172167304,274.39164858448265,277.2204284667969,32900,0.0,0.0
2020-02-04 00:00:00+09:00,277.22040646575215,290.42137820221654,276.2774799131476,283.8208923339844,173800,0.0,0.0
2020-02-05 00:00:00+09:00,285.7067706298828,286.649697265625,280.99213745117186,282.87799072265625,101600,0.0,0.0
2020-02-06 00:00:00+09:00,286.64968039772725,291.3643132990057,284.7638272372159,290.42138671875,144900,0.0,0.0
2020-02-07 00:00:00+09:00,289.47843772486635,289.47843772486635,285.70673169587786,286.649658203125,50100,0.0,0.0
2020-02-10 00:00:00+09:00,285.7067510339598,286.64967760502896,283.82089789182146,284.7638244628906,34500,0.0,0.0
2020-02-12 00:00:00+09:00,287.5926239013672,288.5355505371094,282.87799072265625,282.87799072265625,46900,0.0,0.0
2020-02-13 00:00:00+09:00,282.87794894020027,283.8208754366676,280.9920959472656,280.9920959472656,44800,0.0,0.0
2020-02-14 00:00:00+09:00,280.99210156086696,281.9350280761719,277.2203954996473,281.9350280761719,64200,0.0,0.0
2020-02-17 00:00:00+09:00,281.9350474964489,282.8779740767045,275.33456143465907,280.0491943359375,82600,0.0,0.0
2020-02-18 00:00:00+09:00,280.99211807513154,280.99211807513154,273.4487055093562,274.3916320800781,70000,0.0,0.0
2020-02-19 00:00:00+09:00,275.3345642089844,277.22041738849794,273.44871102947076,275.3345642089844,54300,0.0,0.0
2020-02-20 00:00:00+09:00,277.22041738849794,280.04919715776833,275.3345642089844,275.3345642089844,39300,0.0,0.0
2020-02-21 00:00:00+09:00,275.3345504502119,281.9350362486759,275.3345504502119,278.163330078125,67200,0.0,0.0
2020-02-25 00:00:00+09:00,268.73407818668676,273.4487111373304,264.0194452360431,264.9623718261719,150600,0.0,0.0
2020-02-26 00:00:00+09:00,264.0194561961683,267.7911627132564,264.0194561961683,266.8482360839844,95800,0.0,0.0
2020-02-27 00:00:00+09:00,266.8482279017352,267.7911545020947,260.24774169921875,260.24774169921875,146900,0.0,0.0
2020-02-28 00:00:00+09:00,245.16090393066406,257.41894912719727,245.16090393066406,245.16090393066406,149900,0.0,0.0
2020-03-02 00:00:00+09:00,243.275051102867,259.3048025321257,241.38919799354244,255.53309631347656,185200,0.0,0.0
2020-03-03 00:00:00+09:00,258.3618873421472,260.2477405344257,246.10384159233732,247.04676818847656,114700,0.0,0.0
2020-03-04 00:00:00+09:00,243.2750577059659,254.59017666903407,242.33213112571022,248.9326171875,134400,0.0,0.0
2020-03-05 00:00:00+09:00,252.70430958494265,253.64723611324467,247.98967694343253,251.76138305664062,63700,0.0,0.0
2020-03-06 00:00:00+09:00,247.04675975126378,247.04675975126378,240.44627380371094,240.44627380371094,99600,0.0,0.0
2020-03-09 00:00:00+09:00,235.73163930805887,237.61749242252336,227.24530029296875,227.24530029296875,99900,0.0,0.0
2020-03-10 00:00:00+09:00,219.70188147021878,233.8457794189453,216.87310188047348,233.8457794189453,125600,0.0,0.0
2020-03-11 00:00:00+09:00,231.0170177569605,236.6745773754983,228.1882379476916,229.13116455078125,72200,0.0,0.0
2020-03-12 00:00:00+09:00,221.58774493033425,225.3594512270208,214.0443323369612,214.9872589111328,179400,0.0,0.0
2020-03-13 00:00:00+09:00,199.900440336892,212.15848620660705,198.95751373152927,208.38677978515625,170300,0.0,0.0
2020-03-16 00:00:00+09:00,211.21555825329702,214.9872646506773,204.6150720578815,205.55799865722656,133800,0.0,0.0
2020-03-17 00:00:00+09:00,199.90042750581782,223.47359112678689,198.95750096097905,221.58773803710938,168600,0.0,0.0
2020-03-18 00:00:00+09:00,222.5306715045059,226.30237780119245,214.9872589111328,214.9872589111328,82400,0.0,0.0
2020-03-19 00:00:00+09:00,217.81603330724377,224.41651916503906,215.93018020501657,224.41651916503906,90200,0.0,0.0
2020-03-23 00:00:00+09:00,222.53066891529522,232.90286111049966,215.9301829728924,230.07408142089844,102700,0.0,0.0
2020-03-24 00:00:00+09:00,239.50334997558593,240.44627655029296,227.24530450439454,235.7316436767578,157000,0.0,0.0
2020-03-25 00:00:00+09:00,240.446282015502,247.04676818847656,235.73164903480586,247.04676818847656,112900,0.0,0.0
2020-03-26 00:00:00+09:00,248.93262271521226,249.87554931640625,236.67457689969046,249.87554931640625,131300,0.0,0.0
2020-03-27 00:00:00+09:00,252.70432095347402,274.3916320800781,251.76139438275212,274.3916320800781,179800,0.0,0.0
2020-03-30 00:00:00+09:00,266.6349641569368,266.6349641569368,252.09123883928572,264.69580078125,152100,8.0,0.0
2020-03-31 00:00:00+09:00,260.8174830510066,262.756646493765,248.21292067307692,252.09124755859375,79000,0.0,0.0
2020-04-01 00:00:00+09:00,244.33459572713883,251.12166783067048,236.57794189453125,236.57794189453125,71800,0.0,0.0
2020-04-02 00:00:00+09:00,236.57793494115901,244.33458854578717,229.79086303710938,229.79086303710938,60000,0.0,0.0
2020-04-03 00:00:00+09:00,245.3041708809989,251.1216610995206,221.0646283038251,223.97337341308594,38500,0.0,0.0
2020-04-06 00:00:00+09:00,227.8517068227132,232.69961547851562,218.1558895111084,232.69961547851562,75300,0.0,0.0
2020-04-07 00:00:00+09:00,239.48668658348822,241.42585003760553,230.76045103996032,240.45626831054688,65400,0.0,0.0
2020-04-08 00:00:00+09:00,237.5475149715648,249.18249529670265,237.5475149715648,247.2433319091797,93200,0.0,0.0
2020-04-09 00:00:00+09:00,247.24333227393163,248.21291396912352,241.4258421027803,243.36500549316406,48200,0.0,0.0
2020-04-10 00:00:00+09:00,246.27375723031852,252.09124755859375,240.45626690204327,252.09124755859375,54300,0.0,0.0
2020-04-13 00:00:00+09:00,248.212921875,248.212921875,240.45626806640627,242.3954315185547,42800,0.0,0.0
2020-04-14 00:00:00+09:00,242.3954237979722,245.30416888354785,237.54751532201274,243.36500549316406,37400,0.0,0.0
2020-04-15 00:00:00+09:00,248.2129223831301,248.2129223831301,238.51710510253906,238.51710510253906,54700,0.0,0.0
2020-04-16 00:00:00+09:00,236.57794023853864,250.15208435058594,236.57794023853864,250.15208435058594,53000,0.0,0.0
2020-04-17 00:00:00+09:00,251.12166655532957,254.03041172778512,245.30417621041846,246.2737579345703,46600,0.0,0.0
2020-04-20 00:00:00+09:00,245.30417621041846,247.24333965872216,242.3954310379629,246.2737579345703,32200,0.0,0.0
2020-04-21 00:00:00+09:00,243.3650122945623,250.15208435058594,241.4258488499841,250.15208435058594,34300,0.0,0.0
2020-04-22 00:00:00+09:00,247.24333990187873,249.18250335208953,243.3650130014571,244.3345947265625,41200,0.0,0.0
2020-04-23 00:00:00+09:00,245.30417573914048,250.15208435058594,244.33459401685138,250.15208435058594,36200,0.0,0.0
2020-04-24 00:00:00+09:00,251.12166607287503,251.12166607287503,246.27375746142957,250.15208435058594,47600,0.0,0.0
2020-04-27 00:00:00+09:00,250.15208411583532,252.09124755859375,247.24333895169772,252.09124755859375,46400,0.0,0.0
2020-04-28 00:00:00+09:00,253.06082927997295,253.06082927997295,247.24333895169772,252.09124755859375,35200,0.0,0.0
2020-04-30 00:00:00+09:00,254.0304112397423,254.0304112397423,249.18250262829685,250.15208435058594,77200,0.0,0.0
2020-05-01 00:00:00+09:00,251.12165886799806,251.12165886799806,244.33458700670084,245.30416870117188,39800,0.0,0.0
2020-05-07 00:00:00+09:00,243.36500531222978,247.24333209011394,243.36500531222978,245.30416870117188,35300,0.0,0.0
2020-05-08 00:00:00+09:00,246.27376511866944,250.15209212841225,243.36501986136233,249.18251037597656,64500,0.0,0.0
2020-05-11 00:00:00+09:00,249.18250239445612,252.09124755859375,249.18250239445612,252.09124755859375,31700,0.0,0.0
2020-05-12 00:00:00+09:00,251.12167388084796,251.12167388084796,248.21292862354085,249.18251037597656,26300,0.0,0.0
2020-05-13 00:00:00+09:00,246.2737581767733,247.24333990187873,241.42584955124627,244.3345947265625,69300,0.0,0.0
2020-05-14 00:00:00+09:00,243.36500586382292,244.3345875604915,239.48667907714844,239.48667907714844,44300,0.0,0.0
2020-05-15 00:00:00+09:00,242.3954241671543,242.3954241671543,236.5779339871426,239.48667907714844,66500,0.0,0.0
2020-05-18 00:00:00+09:00,241.42584979248048,244.33459497070314,236.57794116210937,242.3954315185547,34500,0.0,0.0
2020-05-19 00:00:00+09:00,246.27375095382877,248.212914347166,236.5779339871426,239.48667907714844,213400,0.0,0.0
2020-05-20 00:00:00+09:00,239.48668634033203,243.36501324462893,238.51710461425782,242.3954315185547,82800,0.0,0.0
2020-05-21 00:00:00+09:00,243.3650130014571,244.3345947265625,240.45626782614087,244.3345947265625,39300,0.0,0.0
2020-05-22 00:00:00+09:00,245.30416888354785,245.30416888354785,242.3954237979722,243.36500549316406,34100,0.0,0.0
2020-05-25 00:00:00+09:00,246.2737581767733,246.2737581767733,242.39543127635167,244.3345947265625,34200,0.0,0.0
2020-05-26 00:00:00+09:00,245.30418307624728,252.0912553352739,245.30418307624728,251.12167358398438,72400,0.0,0.0
2020-05-27 00:00:00+09:00,252.09126178483316,257.90875244140625,249.18251645654664,257.90875244140625,57400,0.0,0.0
2020-05-28 00:00:00+09:00,259.847892342033,264.69580078125,254.99998390281593,264.69580078125,86900,0.0,0.0
2020-05-29 00:00:00+09:00,263.726236043762,264.69581779392286,253.0608367919922,253.0608367919922,72800,0.0,0.0
2020-06-01 00:00:00+09:00,253.0608370865634,253.0608370865634,248.21292833011583,251.12167358398438,42200,0.0,0.0
2020-06-02 00:00:00+09:00,256.93914794921875,258.8783113299676,254.03040287809552,256.93914794921875,47000,0.0,0.0
2020-06-03 00:00:00+09:00,259.8479153103299,261.7870788574219,255.96958821614584,261.7870788574219,35400,0.0,0.0
2020-06-04 00:00:00+09:00,261.78706337423887,263.7262268066406,258.8783182256362,263.7262268066406,37100,0.0,0.0
2020-06-05 00:00:00+09:00,262.75664509043975,263.7262268066406,259.84789994183706,263.7262268066406,27800,0.0,0.0
2020-06-08 00:00:00+09:00,266.6349792480469,266.6349792480469,263.72623401988636,266.6349792480469,44500,0.0,0.0
2020-06-09 00:00:00+09:00,270.5133141287922,270.5133141287922,263.7262417312956,265.6654052734375,42700,0.0,0.0
2020-06-10 00:00:00+09:00,266.6349863834518,269.5437316894531,265.66540461478473,269.5437316894531,40100,0.0,0.0
2020-06-11 00:00:00+09:00,269.5437330457899,269.5437330457899,261.7870788574219,261.7870788574219,41700,0.0,0.0
2020-06-12 00:00:00+09:00,255.96958888921523,259.84791599359727,254.0304253370242,257.90875244140625,51000,0.0,0.0
2020-06-15 00:00:00+09:00,269.5437337545524,269.5437337545524,256.9391706653107,257.90875244140625,66100,0.0,0.0
2020-06-16 00:00:00+09:00,263.7262417312956,267.6045688155794,260.8174964180828,265.6654052734375,58400,0.0,0.0
2020-06-17 00:00:00+09:00,264.69580045073474,269.5437088838984,261.78705539083654,268.5741271972656,31300,0.0,0.0
2020-06-18 00:00:00+09:00,269.5437316894531,269.5437316894531,263.72624107745054,269.5437316894531,27100,0.0,0.0
2020-06-19 00:00:00+09:00,269.5437088838984,269.5437088838984,265.66538213736743,268.5741271972656,28200,0.0,0.0
2020-06-22 00:00:00+09:00,266.6349792480469,268.57414273348724,265.6653975053267,266.6349792480469,19100,0.0,0.0
2020-06-23 00:00:00+09:00,268.5741271972656,268.5741271972656,264.69580045073474,268.5741271972656,35300,0.0,0.0
2020-06-24 00:00:00+09:00,268.5741433006371,268.5741433006371,262.75665283203125,262.75665283203125,28900,0.0,0.0
2020-06-25 00:00:00+09:00,259.84791599359727,260.8174977696928,257.90875244140625,257.90875244140625,18800,0.0,0.0
2020-06-26 00:00:00+09:00,261.7870699974798,278.26995958991375,261.7870699974798,270.5133056640625,155300,0.0,0.0
2020-06-29 00:00:00+09:00,268.5741271972656,270.51329057053107,263.726218764102,268.5741271972656,68900,0.0,0.0
2020-06-30 00:00:00+09:00,271.48288853494006,272.4524702797077,262.75665283203125,262.75665283203125,37200,0.0,0.0
2020-07-01 00:00:00+09:00,264.69581779392286,264.69581779392286,253.0608367919922,253.0608367919922,51900,0.0,0.0
2020-07-02 00:00:00+09:00,255.0,258.8783269961977,254.03041825095056,255.0,28400,0.0,0.0
2020-07-03 00:00:00+09:00,255.96957351912314,259.847900390625,254.0304100833722,259.847900390625,22300,0.0,0.0
2020-07-06 00:00:00+09:00,260.8174740298764,264.69580078125,259.847892342033,264.69580078125,30400,0.0,0.0
2020-07-07 00:00:00+09:00,265.66538316258845,265.66538316258845,256.93914794921875,256.93914794921875,43100,0.0,0.0
2020-07-08 00:00:00+09:00,254.9999924870848,257.90873764853444,254.03041076660156,254.03041076660156,31300,0.0,0.0
2020-07-09 00:00:00+09:00,254.03041913815508,254.03041913815508,249.18251037597656,249.18251037597656,35500,0.0,0.0
2020-07-10 00:00:00+09:00,247.24334117794825,247.24334117794825,234.63877868652344,234.63877868652344,67300,0.0,0.0
2020-07-13 00:00:00+09:00,237.5475151454036,246.2737503956429,237.5475151454036,245.30416870117188,122800,0.0,0.0
2020-07-14 00:00:00+09:00,243.36501252651215,248.21292114257812,242.39543080329895,248.21292114257812,97000,0.0,0.0
2020-07-15 00:00:00+09:00,249.18250239445612,253.06082927997295,249.18250239445612,252.09124755859375,123000,0.0,0.0
2020-07-16 00:00:00+09:00,253.0608370865634,254.03041883785292,250.15209183269485,251.12167358398438,24100,0.0,0.0
2020-07-17 00:00:00+09:00,254.03041076660156,254.03041076660156,250.1520838846687,254.03041076660156,21300,0.0,0.0
2020-07-20 00:00:00+09:00,254.03041100135215,254.03041100135215,249.18250239445612,252.09124755859375,17700,0.0,0.0
2020-07-21 00:00:00+09:00,252.09126178483316,257.90875244140625,248.21293468045113,257.90875244140625,64900,0.0,0.0
2020-07-22 00:00:00+09:00,256.9391637926358,256.9391637926358,253.0608367919922,253.0608367919922,40700,0.0,0.0
2020-07-27 00:00:00+09:00,260.817481658038,263.7262268066406,254.99999136083267,263.7262268066406,96100,0.0,0.0
2020-07-28 00:00:00+09:00,262.7566380914652,262.7566380914652,254.03040287809552,256.93914794921875,39200,0.0,0.0
2020-07-29 00:00:00+09:00,254.9999929620314,254.9999929620314,249.18250262829685,250.15208435058594,28700,0.0,0.0
2020-07-30 00:00:00+09:00,251.1216649297458,259.847900390625,251.1216649297458,259.847900390625,33600,0.0,0.0
2020-07-31 00:00:00+09:00,254.03040513161307,254.03040513161307,233.669189453125,233.669189453125,79000,0.0,0.0
2020-08-03 00:00:00+09:00,225.9125364263007,244.33458875290893,224.94295472490026,227.85169982910156,91600,0.0,0.0
2020-08-04 00:00:00+09:00,229.79086211046226,239.48667907714844,224.94295362711918,239.48667907714844,60500,0.0,0.0
2020-08-05 00:00:00+09:00,237.54751605752074,239.48667945390866,234.63877096293885,235.6083526611328,29900,0.0,0.0
2020-08-06 00:00:00+09:00,236.57794214674266,236.57794214674266,233.66919695641386,234.63877868652344,20500,0.0,0.0
2020-08-07 00:00:00+09:00,235.60836041663305,235.60836041663305,232.69961522630425,234.63877868652344,17200,0.0,0.0
2020-08-11 00:00:00+09:00,234.63877770996095,242.3954315185547,234.63877770996095,242.3954315185547,42200,0.0,0.0
2020-08-12 00:00:00+09:00,242.39542344037224,247.2433319091797,237.5475149715648,247.2433319091797,61500,0.0,0.0
2020-08-13 00:00:00+09:00,249.18249529670265,249.18249529670265,245.3041685216567,247.2433319091797,28400,0.0,0.0
2020-08-14 00:00:00+09:00,248.21292162698413,249.18250335208953,244.3345947265625,244.3345947265625,33100,0.0,0.0
2020-08-17 00:00:00+09:00,249.1824956643154,249.1824956643154,243.36500549316406,243.36500549316406,20700,0.0,0.0
2020-08-18 00:00:00+09:00,244.33458718835595,247.24333227393163,242.3954237979722,243.36500549316406,30700,0.0,0.0
2020-08-19 00:00:00+09:00,243.36501349172283,244.3345952187815,239.48668658348822,240.45626831054688,24200,0.0,0.0
2020-08-20 00:00:00+09:00,237.54752312937092,242.39543176466418,237.54752312937092,240.45626831054688,44400,0.0,0.0
2020-08-21 00:00:00+09:00,243.36500549316406,243.36500549316406,239.48667871239653,243.36500549316406,18500,0.0,0.0
2020-08-24 00:00:00+09:00,244.33459547089367,244.33459547089367,238.51710510253906,238.51710510253906,26700,0.0,0.0
2020-08-25 00:00:00+09:00,240.45626040758842,243.36500549316406,238.51709701720463,243.36500549316406,30900,0.0,0.0
2020-08-26 00:00:00+09:00,243.3650056770049,243.3650056770049,241.42584228515625,241.42584228515625,9100,0.0,0.0
2020-08-27 00:00:00+09:00,244.33459497070314,244.33459497070314,239.48668634033203,242.3954315185547,22400,0.0,0.0
2020-08-28 00:00:00+09:00,242.3954237979722,245.30416888354785,240.45626040758842,243.36500549316406,53200,0.0,0.0
2020-08-31 00:00:00+09:00,243.36501349172283,244.3345952187815,240.45626831054688,240.45626831054688,17700,0.0,0.0
2020-09-01 00:00:00+09:00,239.48667926399074,239.48667926399074,235.60835247429048,237.54751586914062,28700,0.0,0.0
2020-09-02 00:00:00+09:00,238.51710535268316,239.4866870817591,236.57794189453125,236.57794189453125,18500,0.0,0.0
2020-09-03 00:00:00+09:00,236.57793435932678,238.5170977557147,234.63877096293885,235.6083526611328,33100,0.0,0.0
2020-09-04 00:00:00+09:00,233.669189453125,234.63877115210062,227.85169925927127,233.669189453125,55900,0.0,0.0
2020-09-07 00:00:00+09:00,235.60836041663305,235.60836041663305,233.66919695641386,234.63877868652344,17800,0.0,0.0
2020-09-08 00:00:00+09:00,236.57793380553466,241.42584228515625,236.57793380553466,241.42584228515625,39800,0.0,0.0
2020-09-09 00:00:00+09:00,238.5170971973833,245.30416906885355,238.5170971973833,241.42584228515625,46500,0.0,0.0
2020-09-10 00:00:00+09:00,242.39543127635167,246.2737581767733,241.42584955124627,244.3345947265625,55100,0.0,0.0
2020-09-11 00:00:00+09:00,249.18250310702587,251.12166655532957,239.48668586550735,246.2737579345703,82000,0.0,0.0
2020-09-14 00:00:00+09:00,250.15209125475283,255.0,250.15209125475283,255.0,49300,0.0,0.0
2020-09-15 00:00:00+09:00,258.8783272929575,258.8783272929575,251.12167329167042,253.0608367919922,48000,0.0,0.0
2020-09-16 00:00:00+09:00,254.99998456846993,256.93914794921875,252.0912394973467,256.93914794921875,52800,0.0,0.0
2020-09-17 00:00:00+09:00,256.939147608874,261.78705605432447,255.96956591978392,260.8174743652344,46300,0.0,0.0
2020-09-18 00:00:00+09:00,261.78707818915376,265.6654052734375,259.84791464701186,265.6654052734375,54200,0.0,0.0
2020-09-23 00:00:00+09:00,259.847892342033,264.69580078125,256.93914727850273,264.69580078125,62100,0.0,0.0
2020-09-24 00:00:00+09:00,265.6653975053267,266.6349792480469,260.81748879172585,266.6349792480469,63100,0.0,0.0
2020-09-25 00:00:00+09:00,266.6349638240002,268.5741271972656,263.726218764102,268.5741271972656,61500,0.0,0.0
2020-09-28 00:00:00+09:00,268.57414164728493,274.3916320800781,265.6653964308884,274.3916320800781,109600,0.0,0.0
2020-09-29 00:00:00+09:00,273.4220498114928,278.26995849609375,270.5133046007322,278.26995849609375,95100,0.0,0.0
2020-09-30 00:00:00+09:00,278.2699520829795,278.2699520829795,266.6349715080814,267.60455322265625,56200,0.0,0.0
2020-10-02 00:00:00+09:00,271.48289589986314,273.42205944200504,265.6654052734375,265.6654052734375,36900,0.0,0.0
2020-10-05 00:00:00+09:00,267.6045527866909,271.4828796386719,266.6349710736956,271.4828796386719,41800,0.0,0.0
2020-10-06 00:00:00+09:00,275.36120693925494,275.36120693925494,266.6349715080814,267.60455322265625,14800,0.0,0.0
2020-10-07 00:00:00+09:00,266.6349870445084,266.6349870445084,262.7566599602247,265.6654052734375,16100,0.0,0.0
2020-10-08 00:00:00+09:00,266.6349870445084,269.54373235772124,263.7262417312956,265.6654052734375,31700,0.0,0.0
2020-10-09 00:00:00+09:00,266.63497195524326,266.63497195524326,261.78706337423887,263.7262268066406,7100,0.0,0.0
2020-10-12 00:00:00+09:00,261.7870564010908,261.7870564010908,256.93914794921875,256.93914794921875,22100,0.0,0.0
2020-10-13 00:00:00+09:00,254.9999924870848,255.969574207568,254.03041076660156,254.03041076660156,16800,0.0,0.0
2020-10-14 00:00:00+09:00,253.0608211877211,258.8783113299676,253.0608211877211,256.93914794921875,14100,0.0,0.0
2020-10-15 00:00:00+09:00,256.9391559280512,256.9391559280512,252.09124732563515,254.03041076660156,24200,0.0,0.0
2020-10-16 00:00:00+09:00,254.03041100135215,254.03041100135215,252.09124755859375,252.09124755859375,7400,0.0,0.0
2020-10-19 00:00:00+09:00,251.12166560515195,254.03041076660156,250.1520838846687,254.03041076660156,19500,0.0,0.0
2020-10-20 00:00:00+09:00,253.0608297586441,254.0304114818573,248.21292114257812,248.21292114257812,10000,0.0,0.0
2020-10-21 00:00:00+09:00,248.21291273584905,256.93914794921875,248.21291273584905,256.93914794921875,21700,0.0,0.0
2020-10-22 00:00:00+09:00,255.9695746843205,255.9695746843205,249.18250262829685,250.15208435058594,11000,0.0,0.0
2020-10-23 00:00:00+09:00,251.12167358398438,252.0912553352739,245.30418307624728,251.12167358398438,25700,0.0,0.0
2020-10-26 00:00:00+09:00,251.12167358398438,251.12167358398438,247.2433465788263,251.12167358398438,23300,0.0,0.0
2020-10-27 00:00:00+09:00,253.06082207174862,253.06082207174862,246.2737502154182,247.2433319091797,25700,0.0,0.0
2020-10-28 00:00:00+09:00,246.2737581767733,246.2737581767733,235.60835920061385,244.3345947265625,59000,0.0,0.0
2020-10-29 00:00:00+09:00,240.45626855865729,241.42585028671638,238.51710510253906,238.51710510253906,18100,0.0,0.0
2020-10-30 00:00:00+09:00,242.39543226898695,242.39543226898695,236.57794189453125,236.57794189453125,23800,0.0,0.0
2020-11-02 00:00:00+09:00,238.5170971973833,241.42584228515625,234.638770413686,241.42584228515625,48600,0.0,0.0
2020-11-04 00:00:00+09:00,244.33458700670084,245.30416870117188,239.48667853434566,245.30416870117188,31200,0.0,0.0
2020-11-05 00:00:00+09:00,243.36500513413372,247.2433319091797,240.45626005284925,247.2433319091797,31100,0.0,0.0
2020-11-06 00:00:00+09:00,248.21292833011583,251.12167358398438,243.36501957366826,251.12167358398438,53600,0.0,0.0
2020-11-09 00:00:00+09:00,255.0,255.0,249.18250950570342,255.0,30400,0.0,0.0
2020-11-10 00:00:00+09:00,256.93916998969183,261.7870788574219,255.0000064425998,261.7870788574219,69600,0.0,0.0
2020-11-11 00:00:00+09:00,266.6349715080814,267.60455322265625,261.7870629352072,267.60455322265625,65500,0.0,0.0
2020-11-12 00:00:00+09:00,268.57413493723107,268.57413493723107,263.7262263643569,267.60455322265625,28000,0.0,0.0
2020-11-13 00:00:00+09:00,264.6958094510165,264.6958094510165,253.06082881580699,255.96957397460938,35400,0.0,0.0
2020-11-16 00:00:00+09:00,259.8478995060575,267.60455322265625,255.96957264775813,267.60455322265625,46400,0.0,0.0
2020-11-17 00:00:00+09:00,264.6958235023666,265.6654052734375,257.90875110486996,265.6654052734375,33400,0.0,0.0
2020-11-18 00:00:00+09:00,261.78707818915376,265.6654052734375,258.87833287594094,265.6654052734375,35100,0.0,0.0
2020-11-19 00:00:00+09:00,265.6653980663342,265.6653980663342,259.84790759772835,262.75665283203125,13600,0.0,0.0
2020-11-20 00:00:00+09:00,259.8479081628921,262.75665340352145,257.90874466913914,258.8783264160156,38600,0.0,0.0
2020-11-24 00:00:00+09:00,266.6349724157533,266.6349724157533,259.847900390625,259.847900390625,43400,0.0,0.0
2020-11-25 00:00:00+09:00,259.8479153103299,265.6654059516059,258.8783335367838,261.7870788574219,47100,0.0,0.0
2020-11-26 00:00:00+09:00,260.8174970838759,263.72624240451387,259.8479153103299,261.7870788574219,18900,0.0,0.0
2020-11-27 00:00:00+09:00,258.8783335367838,265.6654059516059,258.8783335367838,261.7870788574219,61500,0.0,0.0
2020-11-30 00:00:00+09:00,259.8479018211365,260.81748354434967,248.21292114257812,248.21292114257812,62000,0.0,0.0
2020-12-01 00:00:00+09:00,248.212921875,248.212921875,242.3954315185547,242.3954315185547,50400,0.0,0.0
2020-12-02 00:00:00+09:00,244.33459497070314,248.212921875,242.3954315185547,242.3954315185547,58300,0.0,0.0
2020-12-03 00:00:00+09:00,242.39543127635167,247.24333990187873,242.39543127635167,244.3345947265625,28300,0.0,0.0
2020-12-04 00:00:00+09:00,244.33458718835595,247.24333227393163,243.36500549316406,243.36500549316406,32700,0.0,0.0
2020-12-07 00:00:00+09:00,243.3650056770049,244.33458737292924,239.4866788933076,241.42584228515625,47100,0.0,0.0
2020-12-08 00:00:00+09:00,239.48668634033203,245.30417669677735,239.48668634033203,242.3954315185547,27400,0.0,0.0
2020-12-09 00:00:00+09:00,241.42584955124627,244.3345947265625,241.42584955124627,244.3345947265625,21800,0.0,0.0
2020-12-10 00:00:00+09:00,249.18249529670265,249.18249529670265,243.36500513413372,247.2433319091797,45900,0.0,0.0
2020-12-11 00:00:00+09:00,247.24333209011394,247.24333209011394,245.30416870117188,245.30416870117188,49700,0.0,0.0
2020-12-14 00:00:00+09:00,245.30417597293854,248.21292114257812,245.30417597293854,248.21292114257812,73000,0.0,0.0
2020-12-15 00:00:00+09:00,245.30416888354785,247.24333227393163,243.36500549316406,243.36500549316406,58600,0.0,0.0
2020-12-16 00:00:00+09:00,244.33458737292924,245.30416906885355,240.45626058923193,241.42584228515625,56100,0.0,0.0
2020-12-17 00:00:00+09:00,242.39543176466418,242.39543176466418,239.48668658348822,240.45626831054688,53300,0.0,0.0
2020-12-18 00:00:00+09:00,239.4866870817591,240.45626881083504,236.57794189453125,236.57794189453125,90200,0.0,0.0
2020-12-21 00:00:00+09:00,238.5170973804798,239.48667907714844,236.5779339871426,239.48667907714844,41600,0.0,0.0
2020-12-22 00:00:00+09:00,238.51710510253906,240.45626855865729,236.57794164642087,238.51710510253906,35700,0.0,0.0
2020-12-23 00:00:00+09:00,240.45626831054688,240.45626831054688,234.63877794819493,240.45626831054688,44700,0.0,0.0
2020-12-24 00:00:00+09:00,239.48667907714844,240.45626077381706,236.5779339871426,239.48667907714844,46800,0.0,0.0
2020-12-25 00:00:00+09:00,239.48667907714844,239.48667907714844,236.5779339871426,239.48667907714844,28700,0.0,0.0
2020-12-28 00:00:00+09:00,240.45626782614087,244.3345947265625,240.45626782614087,244.3345947265625,106500,0.0,0.0
2020-12-29 00:00:00+09:00,244.3345947265625,245.3041764516679,241.42584955124627,244.3345947265625,54600,0.0,0.0
2020-12-30 00:00:00+09:00,242.3954241671543,242.3954241671543,238.5170973804798,239.48667907714844,45700,0.0,0.0
2021-01-04 00:00:00+09:00,239.4866870817591,240.45626881083504,236.57794189453125,236.57794189453125,27400,0.0,0.0
2021-01-05 00:00:00+09:00,236.57793455005188,238.5170979480031,233.669189453125,233.669189453125,61000,0.0,0.0
2021-01-06 00:00:00+09:00,234.63877115210062,236.57793455005188,233.669189453125,233.669189453125,44000,0.0,0.0
2021-01-07 00:00:00+09:00,237.5475236236072,237.5475236236072,235.6083601654553,236.57794189453125,125400,0.0,0.0
2021-01-08 00:00:00+09:00,234.63877819030267,238.51710510253906,234.63877819030267,238.51710510253906,92500,0.0,0.0
2021-01-12 00:00:00+09:00,239.48667926399074,239.48667926399074,237.54751586914062,237.54751586914062,45400,0.0,0.0
2021-01-13 00:00:00+09:00,237.5475236236072,238.51710535268316,235.6083601654553,236.57794189453125,58300,0.0,0.0
2021-01-14 00:00:00+09:00,237.5475156838112,241.42584247048566,236.5779339871426,239.48667907714844,102300,0.0,0.0
2021-01-15 00:00:00+09:00,240.45626115210263,240.45626115210263,235.6083526611328,235.6083526611328,34800,0.0,0.0
2021-01-18 00:00:00+09:00,235.60835991836177,242.39543201477548,234.63877819030267,238.51710510253906,50400,0.0,0.0
2021-01-19 00:00:00+09:00,238.5170977557147,238.5170977557147,235.6083526611328,235.6083526611328,41900,0.0,0.0
2021-01-20 00:00:00+09:00,235.6083601654553,237.5475236236072,235.6083601654553,236.57794189453125,44500,0.0,0.0
2021-01-21 00:00:00+09:00,238.5170977557147,238.5170977557147,235.6083526611328,235.6083526611328,36100,0.0,0.0
2021-01-22 00:00:00+09:00,235.6083601654553,237.5475236236072,235.6083601654553,236.57794189453125,33300,0.0,0.0
2021-01-25 00:00:00+09:00,239.4866870817591,240.45626881083504,235.6083601654553,236.57794189453125,72700,0.0,0.0
2021-01-26 00:00:00+09:00,236.57793417171555,238.51709756656567,236.57793417171555,237.54751586914062,36000,0.0,0.0
2021-01-27 00:00:00+09:00,236.57794189453125,237.5475236236072,236.57794189453125,236.57794189453125,27000,0.0,0.0
2021-01-28 00:00:00+09:00,235.6083601654553,237.5475236236072,234.63877843637937,236.57794189453125,66900,0.0,0.0
2021-01-29 00:00:00+09:00,236.57794214674266,237.54752387685224,234.63877868652344,234.63877868652344,58300,0.0,0.0
2021-02-01 00:00:00+09:00,234.63877115210062,235.60835285107623,233.669189453125,233.669189453125,43500,0.0,0.0
2021-02-02 00:00:00+09:00,234.63877794819493,240.45626831054688,234.63877794819493,240.45626831054688,64200,0.0,0.0
2021-02-03 00:00:00+09:00,239.4866870817591,242.39543226898695,234.63877843637937,236.57794189453125,129300,0.0,0.0
2021-02-04 00:00:00+09:00,235.6083526611328,237.54751605752074,233.6691892647449,235.6083526611328,101900,0.0,0.0
2021-02-05 00:00:00+09:00,237.54751550145897,243.3650056770049,236.57793380553466,241.42584228515625,141800,0.0,0.0
2021-02-08 00:00:00+09:00,241.42584955124627,247.24333990187873,240.45626782614087,244.3345947265625,162400,0.0,0.0
2021-02-09 00:00:00+09:00,246.27375842285156,246.27375842285156,239.48668634033203,242.3954315185547,74200,0.0,0.0
2021-02-10 00:00:00+09:00,240.45626831054688,242.39543176466418,239.48668658348822,240.45626831054688,49600,0.0,0.0
2021-02-12 00:00:00+09:00,241.42585003760553,241.42585003760553,239.48668658348822,240.45626831054688,41400,0.0,0.0
2021-02-15 00:00:00+09:00,242.39543176466418,242.39543176466418,239.48668658348822,240.45626831054688,62000,0.0,0.0
2021-02-16 00:00:00+09:00,241.42585003760553,242.39543176466418,239.48668658348822,240.45626831054688,37900,0.0,0.0
2021-02-17 00:00:00+09:00,239.48668658348822,241.42585003760553,239.48668658348822,240.45626831054688,36000,0.0,0.0
2021-02-18 00:00:00+09:00,241.42584247048566,242.3954241671543,239.48667907714844,239.48667907714844,82800,0.0,0.0
2021-02-19 00:00:00+09:00,238.51710510253906,239.4866868305982,237.54752337447997,238.51710510253906,43300,0.0,0.0
2021-02-22 00:00:00+09:00,238.51709756656567,240.4562609614158,237.54751586914062,237.54751586914062,144100,0.0,0.0
2021-02-24 00:00:00+09:00,237.54751605752074,238.5170977557147,235.6083526611328,235.6083526611328,122300,0.0,0.0
2021-02-25 00:00:00+09:00,236.57793435932678,237.54751605752074,235.6083526611328,235.6083526611328,66600,0.0,0.0
2021-02-26 00:00:00+09:00,235.6083526611328,237.54751605752074,235.6083526611328,235.6083526611328,105600,0.0,0.0
2021-03-01 00:00:00+09:00,237.54752312937092,240.45626831054688,235.60835967525358,240.45626831054688,96400,0.0,0.0
2021-03-02 00:00:00+09:00,240.45626058923193,242.39542398108057,236.57793380553466,241.42584228515625,124800,0.0,0.0
2021-03-03 00:00:00+09:00,242.39542398108057,242.39542398108057,238.5170971973833,241.42584228515625,89200,0.0,0.0
2021-03-04 00:00:00+09:00,241.42584247048566,241.42584247048566,235.60835229047396,239.48667907714844,145900,0.0,0.0
2021-03-05 00:00:00+09:00,239.48667853434566,246.2737503956429,236.57793345093256,245.30416870117188,226300,0.0,0.0
2021-03-08 00:00:00+09:00,247.24333990187873,247.24333990187873,240.45626782614087,244.3345947265625,126800,0.0,0.0
2021-03-09 00:00:00+09:00,245.3041676647258,257.90872963959316,242.39542259360258,256.93914794921875,261100,0.0,0.0
2021-03-10 00:00:00+09:00,258.87831913341176,258.87831913341176,249.18250193740383,255.96957397460938,156900,0.0,0.0
2021-03-11 00:00:00+09:00,255.00000711311972,257.90875244140625,253.06084356092867,257.90875244140625,118700,0.0,0.0
2021-03-12 00:00:00+09:00,256.93915569421017,256.93915569421017,250.15208365700462,255.96957397460938,160500,0.0,0.0
2021-03-15 00:00:00+09:00,256.9391629222627,259.8479081628921,254.0304176816333,258.8783264160156,134000,0.0,0.0
2021-03-16 00:00:00+09:00,258.8783113299676,258.8783113299676,254.03040287809552,256.93914794921875,149400,0.0,0.0
2021-03-17 00:00:00+09:00,256.93915569421017,257.90873741381097,252.09124709620622,255.96957397460938,136100,0.0,0.0
2021-03-18 00:00:00+09:00,255.96957397460938,255.96957397460938,252.09124709620622,255.96957397460938,160300,0.0,0.0
2021-03-19 00:00:00+09:00,254.9999929620314,256.9391564066096,250.15208435058594,250.15208435058594,1493100,0.0,0.0
2021-03-22 00:00:00+09:00,252.09125504183132,255.00000029231398,250.15209154150952,253.0608367919922,244700,0.0,0.0
2021-03-23 00:00:00+09:00,255.00000058914245,255.96958234043194,251.12167358398438,251.12167358398438,146500,0.0,0.0
2021-03-24 00:00:00+09:00,252.09124827948142,252.09124827948142,245.30417621041846,246.2737579345703,187300,0.0,0.0
2021-03-25 00:00:00+09:00,250.15208435058594,250.15208435058594,247.24333918371866,250.15208435058594,79100,0.0,0.0
2021-03-26 00:00:00+09:00,250.1520838846687,255.969574207568,250.1520838846687,254.03041076660156,120100,0.0,0.0
2021-03-29 00:00:00+09:00,257.90874524714826,257.90874524714826,250.15209125475283,255.0,227500,0.0,0.0
2021-03-30 00:00:00+09:00,254.0,255.0,251.0,253.0,145600,8.0,0.0
2021-03-31 00:00:00+09:00,252.0,253.0,250.0,250.0,89900,0.0,0.0
2021-04-01 00:00:00+09:00,252.0,256.0,249.0,249.0,174500,0.0,0.0
2021-04-02 00:00:00+09:00,250.0,253.0,250.0,252.0,57700,0.0,0.0
2021-04-05 00:00:00+09:00,253.0,254.0,250.0,254.0,68900,0.0,0.0
2021-04-06 00:00:00+09:00,254.0,255.0,250.0,251.0,124000,0.0,0.0
2021-04-07 00:00:00+09:00,250.0,255.0,250.0,255.0,65400,0.0,0.0
2021-04-08 00:00:00+09:00,253.0,253.0,249.0,249.0,114200,0.0,0.0
2021-04-09 00:00:00+09:00,249.0,251.0,249.0,251.0,61400,0.0,0.0
2021-04-12 00:00:00+09:00,252.0,253.0,250.0,252.0,31000,0.0,0.0
2021-04-13 00:00:00+09:00,253.0,255.0,252.0,252.0,49700,0.0,0.0
2021-04-14 00:00:00+09:00,251.0,255.0,251.0,255.0,65900,0.0,0.0
2021-04-15 00:00:00+09:00,254.0,255.0,253.0,255.0,23200,0.0,0.0
2021-04-16 00:00:00+09:00,254.0,256.0,254.0,254.0,39900,0.0,0.0
2021-04-19 00:00:00+09:00,255.0,256.0,253.0,253.0,43300,0.0,0.0
2021-04-20 00:00:00+09:00,251.0,261.0,250.0,250.0,329900,0.0,0.0
2021-04-21 00:00:00+09:00,248.0,255.0,248.0,253.0,162100,0.0,0.0
2021-04-22 00:00:00+09:00,255.0,257.0,252.0,254.0,113000,0.0,0.0
2021-04-23 00:00:00+09:00,254.0,255.0,250.0,251.0,56200,0.0,0.0
2021-04-26 00:00:00+09:00,254.0,254.0,249.0,250.0,83300,0.0,0.0
2021-04-27 00:00:00+09:00,250.0,251.0,248.0,248.0,82700,0.0,0.0
2021-04-28 00:00:00+09:00,250.0,250.0,248.0,248.0,58700,0.0,0.0
2021-04-30 00:00:00+09:00,249.0,251.0,248.0,248.0,46700,0.0,0.0
2021-05-06 00:00:00+09:00,251.0,256.0,251.0,253.0,171300,0.0,0.0
2021-05-07 00:00:00+09:00,256.0,258.0,254.0,258.0,123100,0.0,0.0
2021-05-10 00:00:00+09:00,259.0,261.0,254.0,258.0,165800,0.0,0.0
2021-05-11 00:00:00+09:00,255.0,257.0,252.0,252.0,103800,0.0,0.0
2021-05-12 00:00:00+09:00,251.0,253.0,248.0,248.0,95600,0.0,0.0
2021-05-13 00:00:00+09:00,248.0,249.0,245.0,245.0,93500,0.0,0.0
2021-05-14 00:00:00+09:00,247.0,251.0,247.0,248.0,52000,0.0,0.0
2021-05-17 00:00:00+09:00,247.0,249.0,246.0,246.0,61200,0.0,0.0
2021-05-18 00:00:00+09:00,248.0,250.0,247.0,250.0,36900,0.0,0.0
2021-05-19 00:00:00+09:00,247.0,249.0,247.0,247.0,39600,0.0,0.0
2021-05-20 00:00:00+09:00,249.0,251.0,249.0,250.0,36300,0.0,0.0
2021-05-21 00:00:00+09:00,250.0,251.0,248.0,248.0,31700,0.0,0.0
2021-05-24 00:00:00+09:00,251.0,253.0,250.0,252.0,52000,0.0,0.0
2021-05-25 00:00:00+09:00,253.0,253.0,248.0,248.0,36900,0.0,0.0
2021-05-26 00:00:00+09:00,248.0,249.0,247.0,247.0,38400,0.0,0.0
2021-05-27 00:00:00+09:00,247.0,249.0,247.0,248.0,54900,0.0,0.0
2021-05-28 00:00:00+09:00,249.0,250.0,248.0,250.0,68200,0.0,0.0
2021-05-31 00:00:00+09:00,251.0,251.0,248.0,248.0,62100,0.0,0.0
2021-06-01 00:00:00+09:00,248.0,249.0,246.0,247.0,56800,0.0,0.0
2021-06-02 00:00:00+09:00,247.0,248.0,246.0,246.0,56100,0.0,0.0
2021-06-03 00:00:00+09:00,246.0,249.0,246.0,248.0,33900,0.0,0.0
2021-06-04 00:00:00+09:00,247.0,248.0,246.0,247.0,17700,0.0,0.0
2021-06-07 00:00:00+09:00,248.0,249.0,246.0,246.0,80400,0.0,0.0
2021-06-08 00:00:00+09:00,246.0,247.0,246.0,246.0,16200,0.0,0.0
2021-06-09 00:00:00+09:00,247.0,248.0,246.0,247.0,34900,0.0,0.0
2021-06-10 00:00:00+09:00,247.0,248.0,247.0,247.0,17400,0.0,0.0
2021-06-11 00:00:00+09:00,246.0,247.0,246.0,246.0,73100,0.0,0.0
2021-06-14 00:00:00+09:00,246.0,247.0,244.0,244.0,110300,0.0,0.0
2021-06-15 00:00:00+09:00,247.0,247.0,244.0,245.0,80100,0.0,0.0
2021-06-16 00:00:00+09:00,245.0,247.0,245.0,246.0,44600,0.0,0.0
2021-06-17 00:00:00+09:00,245.0,246.0,244.0,244.0,25700,0.0,0.0
2021-06-18 00:00:00+09:00,244.0,245.0,243.0,243.0,63800,0.0,0.0
2021-06-21 00:00:00+09:00,242.0,242.0,235.0,235.0,224700,0.0,0.0
2021-06-22 00:00:00+09:00,241.0,243.0,240.0,243.0,61900,0.0,0.0
2021-06-23 00:00:00+09:00,242.0,243.0,242.0,243.0,22900,0.0,0.0
2021-06-24 00:00:00+09:00,242.0,243.0,241.0,243.0,27900,0.0,0.0
2021-06-25 00:00:00+09:00,244.0,244.0,242.0,244.0,45000,0.0,0.0
2021-06-28 00:00:00+09:00,246.0,247.0,244.0,247.0,26200,0.0,0.0
2021-06-29 00:00:00+09:00,247.0,247.0,241.0,243.0,58500,0.0,0.0
2021-06-30 00:00:00+09:00,244.0,245.0,243.0,243.0,20100,0.0,0.0
2021-07-01 00:00:00+09:00,242.0,244.0,242.0,242.0,25400,0.0,0.0
2021-07-02 00:00:00+09:00,243.0,244.0,242.0,242.0,30600,0.0,0.0
2021-07-05 00:00:00+09:00,242.0,243.0,242.0,242.0,13200,0.0,0.0
2021-07-06 00:00:00+09:00,242.0,243.0,240.0,241.0,29200,0.0,0.0
2021-07-07 00:00:00+09:00,240.0,242.0,240.0,240.0,27500,0.0,0.0
2021-07-08 00:00:00+09:00,240.0,241.0,239.0,239.0,38100,0.0,0.0
2021-07-09 00:00:00+09:00,238.0,239.0,236.0,236.0,98700,0.0,0.0
2021-07-12 00:00:00+09:00,240.0,241.0,239.0,241.0,49500,0.0,0.0
2021-07-13 00:00:00+09:00,242.0,243.0,240.0,242.0,50900,0.0,0.0
2021-07-14 00:00:00+09:00,242.0,244.0,242.0,244.0,38400,0.0,0.0
2021-07-15 00:00:00+09:00,245.0,245.0,241.0,241.0,109500,0.0,0.0
2021-07-16 00:00:00+09:00,240.0,243.0,240.0,242.0,22600,0.0,0.0
2021-07-19 00:00:00+09:00,240.0,242.0,238.0,238.0,46800,0.0,0.0
2021-07-20 00:00:00+09:00,237.0,239.0,236.0,236.0,51000,0.0,0.0
2021-07-21 00:00:00+09:00,240.0,240.0,238.0,239.0,28200,0.0,0.0
2021-07-26 00:00:00+09:00,246.0,246.0,239.0,240.0,64800,0.0,0.0
2021-07-27 00:00:00+09:00,241.0,242.0,239.0,242.0,50800,0.0,0.0
2021-07-28 00:00:00+09:00,240.0,241.0,238.0,239.0,17400,0.0,0.0
2021-07-29 00:00:00+09:00,239.0,241.0,239.0,241.0,31600,0.0,0.0
2021-07-30 00:00:00+09:00,240.0,242.0,236.0,236.0,84800,0.0,0.0
2021-08-02 00:00:00+09:00,240.0,244.0,239.0,244.0,56900,0.0,0.0
2021-08-03 00:00:00+09:00,242.0,243.0,241.0,241.0,21900,0.0,0.0
2021-08-04 00:00:00+09:00,241.0,242.0,239.0,239.0,18600,0.0,0.0
2021-08-05 00:00:00+09:00,239.0,239.0,237.0,237.0,28200,0.0,0.0
2021-08-06 00:00:00+09:00,237.0,239.0,237.0,238.0,10200,0.0,0.0
2021-08-10 00:00:00+09:00,237.0,240.0,237.0,238.0,33800,0.0,0.0
2021-08-11 00:00:00+09:00,240.0,240.0,238.0,239.0,28300,0.0,0.0
2021-08-12 00:00:00+09:00,240.0,240.0,237.0,239.0,40800,0.0,0.0
2021-08-13 00:00:00+09:00,239.0,239.0,238.0,239.0,24500,0.0,0.0
2021-08-16 00:00:00+09:00,239.0,239.0,236.0,236.0,56000,0.0,0.0
2021-08-17 00:00:00+09:00,237.0,238.0,236.0,236.0,14500,0.0,0.0
2021-08-18 00:00:00+09:00,236.0,238.0,236.0,238.0,16600,0.0,0.0
2021-08-19 00:00:00+09:00,237.0,238.0,236.0,236.0,29800,0.0,0.0
2021-08-20 00:00:00+09:00,236.0,240.0,232.0,232.0,93500,0.0,0.0
2021-08-23 00:00:00+09:00,233.0,235.0,233.0,235.0,44200,0.0,0.0
2021-08-24 00:00:00+09:00,236.0,237.0,234.0,236.0,63100,0.0,0.0
2021-08-25 00:00:00+09:00,236.0,237.0,233.0,234.0,46100,0.0,0.0
2021-08-26 00:00:00+09:00,233.0,235.0,232.0,233.0,60100,0.0,0.0
2021-08-27 00:00:00+09:00,233.0,234.0,232.0,234.0,37300,0.0,0.0
2021-08-30 00:00:00+09:00,234.0,235.0,232.0,235.0,49800,0.0,0.0
2021-08-31 00:00:00+09:00,233.0,236.0,233.0,234.0,39000,0.0,0.0
2021-09-01 00:00:00+09:00,235.0,237.0,235.0,237.0,40300,0.0,0.0
2021-09-02 00:00:00+09:00,237.0,237.0,234.0,234.0,40200,0.0,0.0
2021-09-03 00:00:00+09:00,235.0,237.0,234.0,237.0,61700,0.0,0.0
2021-09-06 00:00:00+09:00,237.0,239.0,235.0,237.0,78600,0.0,0.0
2021-09-07 00:00:00+09:00,236.0,238.0,235.0,237.0,69300,0.0,0.0
2021-09-08 00:00:00+09:00,237.0,240.0,236.0,240.0,92700,0.0,0.0
2021-09-09 00:00:00+09:00,239.0,240.0,237.0,239.0,49800,0.0,0.0
2021-09-10 00:00:00+09:00,236.0,240.0,236.0,240.0,167700,0.0,0.0
2021-09-13 00:00:00+09:00,239.0,239.0,236.0,239.0,86600,0.0,0.0
2021-09-14 00:00:00+09:00,239.0,245.0,238.0,245.0,113800,0.0,0.0
2021-09-15 00:00:00+09:00,243.0,243.0,240.0,243.0,38700,0.0,0.0
2021-09-16 00:00:00+09:00,243.0,243.0,239.0,242.0,56900,0.0,0.0
2021-09-17 00:00:00+09:00,240.0,242.0,239.0,242.0,75500,0.0,0.0
2021-09-21 00:00:00+09:00,239.0,240.0,237.0,240.0,67600,0.0,0.0
2021-09-22 00:00:00+09:00,239.0,239.0,236.0,236.0,39900,0.0,0.0
2021-09-24 00:00:00+09:00,239.0,245.0,238.0,245.0,88200,0.0,0.0
2021-09-27 00:00:00+09:00,244.0,248.0,242.0,246.0,78200,0.0,0.0
2021-09-28 00:00:00+09:00,244.0,246.0,242.0,246.0,73900,0.0,0.0
2021-09-29 00:00:00+09:00,244.0,244.0,239.0,244.0,74600,0.0,0.0
2021-09-30 00:00:00+09:00,241.0,243.0,237.0,237.0,75300,0.0,0.0
2021-10-01 00:00:00+09:00,236.0,237.0,235.0,236.0,65200,0.0,0.0
2021-10-04 00:00:00+09:00,237.0,238.0,235.0,236.0,29900,0.0,0.0
2021-10-05 00:00:00+09:00,235.0,238.0,234.0,236.0,45500,0.0,0.0
2021-10-06 00:00:00+09:00,235.0,238.0,235.0,235.0,25000,0.0,0.0
2021-10-07 00:00:00+09:00,236.0,237.0,235.0,237.0,24500,0.0,0.0
2021-10-08 00:00:00+09:00,238.0,238.0,236.0,236.0,22600,0.0,0.0
2021-10-11 00:00:00+09:00,237.0,240.0,237.0,240.0,24200,0.0,0.0
2021-10-12 00:00:00+09:00,238.0,238.0,237.0,238.0,14000,0.0,0.0
2021-10-13 00:00:00+09:00,238.0,238.0,236.0,236.0,27600,0.0,0.0
2021-10-14 00:00:00+09:00,236.0,237.0,235.0,237.0,22800,0.0,0.0
2021-10-15 00:00:00+09:00,237.0,239.0,236.0,239.0,32100,0.0,0.0
2021-10-18 00:00:00+09:00,239.0,239.0,238.0,239.0,25800,0.0,0.0
2021-10-19 00:00:00+09:00,237.0,239.0,236.0,239.0,28500,0.0,0.0
2021-10-20 00:00:00+09:00,239.0,239.0,237.0,237.0,10100,0.0,0.0
2021-10-21 00:00:00+09:00,237.0,238.0,236.0,236.0,20600,0.0,0.0
2021-10-22 00:00:00+09:00,236.0,237.0,235.0,237.0,43600,0.0,0.0
2021-10-25 00:00:00+09:00,238.0,238.0,234.0,234.0,66000,0.0,0.0
2021-10-26 00:00:00+09:00,236.0,236.0,234.0,236.0,13500,0.0,0.0
2021-10-27 00:00:00+09:00,234.0,237.0,234.0,236.0,28400,0.0,0.0
2021-10-28 00:00:00+09:00,236.0,238.0,234.0,236.0,82000,0.0,0.0
2021-10-29 00:00:00+09:00,235.0,235.0,231.0,232.0,89300,0.0,0.0
2021-11-01 00:00:00+09:00,234.0,237.0,231.0,237.0,54600,0.0,0.0
2021-11-02 00:00:00+09:00,235.0,236.0,234.0,235.0,23700,0.0,0.0
2021-11-04 00:00:00+09:00,236.0,236.0,234.0,235.0,22700,0.0,0.0
2021-11-05 00:00:00+09:00,234.0,235.0,233.0,234.0,33900,0.0,0.0
2021-11-08 00:00:00+09:00,231.0,234.0,231.0,232.0,71100,0.0,0.0
2021-11-09 00:00:00+09:00,232.0,233.0,231.0,231.0,20200,0.0,0.0
2021-11-10 00:00:00+09:00,232.0,234.0,232.0,234.0,26000,0.0,0.0
2021-11-11 00:00:00+09:00,232.0,233.0,231.0,232.0,30400,0.0,0.0
2021-11-12 00:00:00+09:00,232.0,234.0,232.0,234.0,33100,0.0,0.0
2021-11-15 00:00:00+09:00,235.0,237.0,233.0,235.0,47600,0.0,0.0
2021-11-16 00:00:00+09:00,235.0,238.0,234.0,237.0,31200,0.0,0.0
2021-11-17 00:00:00+09:00,236.0,236.0,234.0,234.0,18300,0.0,0.0
2021-11-18 00:00:00+09:00,233.0,235.0,232.0,232.0,15000,0.0,0.0
2021-11-19 00:00:00+09:00,232.0,233.0,231.0,231.0,22600,0.0,0.0
2021-11-22 00:00:00+09:00,233.0,235.0,232.0,235.0,43800,0.0,0.0
2021-11-24 00:00:00+09:00,236.0,236.0,233.0,233.0,31800,0.0,0.0
2021-11-25 00:00:00+09:00,232.0,234.0,232.0,233.0,17000,0.0,0.0
2021-11-26 00:00:00+09:00,233.0,233.0,230.0,230.0,66400,0.0,0.0
2021-11-29 00:00:00+09:00,230.0,230.0,225.0,225.0,86300,0.0,0.0
2021-11-30 00:00:00+09:00,226.0,228.0,219.0,219.0,75400,0.0,0.0
2021-12-01 00:00:00+09:00,219.0,224.0,217.0,221.0,81600,0.0,0.0
2021-12-02 00:00:00+09:00,219.0,223.0,218.0,218.0,65400,0.0,0.0
2021-12-03 00:00:00+09:00,218.0,226.0,218.0,224.0,54500,0.0,0.0
2021-12-06 00:00:00+09:00,223.0,227.0,222.0,223.0,56500,0.0,0.0
2021-12-07 00:00:00+09:00,226.0,230.0,224.0,230.0,39600,0.0,0.0
2021-12-08 00:00:00+09:00,230.0,230.0,226.0,229.0,35600,0.0,0.0
2021-12-09 00:00:00+09:00,229.0,229.0,225.0,228.0,28800,0.0,0.0
2021-12-10 00:00:00+09:00,226.0,226.0,224.0,225.0,83900,0.0,0.0
2021-12-13 00:00:00+09:00,223.0,225.0,222.0,225.0,45100,0.0,0.0
2021-12-14 00:00:00+09:00,224.0,227.0,222.0,227.0,43700,0.0,0.0
2021-12-15 00:00:00+09:00,224.0,229.0,224.0,227.0,33700,0.0,0.0
2021-12-16 00:00:00+09:00,227.0,230.0,227.0,227.0,36200,0.0,0.0
2021-12-17 00:00:00+09:00,226.0,229.0,226.0,227.0,30400,0.0,0.0
2021-12-20 00:00:00+09:00,225.0,226.0,220.0,220.0,171200,0.0,0.0
2021-12-21 00:00:00+09:00,221.0,221.0,218.0,218.0,122600,0.0,0.0
2021-12-22 00:00:00+09:00,218.0,218.0,213.0,214.0,237600,0.0,0.0
2021-12-23 00:00:00+09:00,214.0,214.0,211.0,212.0,128100,0.0,0.0
2021-12-24 00:00:00+09:00,213.0,214.0,210.0,212.0,104000,0.0,0.0
2021-12-27 00:00:00+09:00,212.0,212.0,209.0,211.0,123600,0.0,0.0
2021-12-28 00:00:00+09:00,210.0,212.0,208.0,211.0,132500,0.0,0.0
2021-12-29 00:00:00+09:00,211.0,214.0,211.0,213.0,73500,0.0,0.0
2021-12-30 00:00:00+09:00,213.0,214.0,212.0,213.0,35800,0.0,0.0
2022-01-04 00:00:00+09:00,215.0,218.0,213.0,216.0,143900,0.0,0.0
2022-01-05 00:00:00+09:00,215.0,217.0,215.0,215.0,66400,0.0,0.0
2022-01-06 00:00:00+09:00,214.0,216.0,213.0,215.0,111700,0.0,0.0
2022-01-07 00:00:00+09:00,215.0,215.0,213.0,214.0,79500,0.0,0.0
2022-01-11 00:00:00+09:00,214.0,215.0,213.0,215.0,47300,0.0,0.0
2022-01-12 00:00:00+09:00,216.0,217.0,214.0,216.0,74600,0.0,0.0
2022-01-13 00:00:00+09:00,216.0,217.0,215.0,215.0,39800,0.0,0.0
2022-01-14 00:00:00+09:00,215.0,218.0,215.0,215.0,70900,0.0,0.0
2022-01-17 00:00:00+09:00,216.0,217.0,214.0,215.0,40000,0.0,0.0
2022-01-18 00:00:00+09:00,216.0,216.0,214.0,214.0,34200,0.0,0.0
2022-01-19 00:00:00+09:00,214.0,216.0,211.0,211.0,125000,0.0,0.0
2022-01-20 00:00:00+09:00,211.0,215.0,211.0,211.0,65600,0.0,0.0
2022-01-21 00:00:00+09:00,211.0,215.0,211.0,215.0,41600,0.0,0.0
2022-01-24 00:00:00+09:00,216.0,217.0,215.0,216.0,51600,0.0,0.0
2022-01-25 00:00:00+09:00,215.0,216.0,215.0,215.0,25600,0.0,0.0
2022-01-26 00:00:00+09:00,215.0,217.0,215.0,216.0,34100,0.0,0.0
2022-01-27 00:00:00+09:00,215.0,217.0,212.0,212.0,99300,0.0,0.0
2022-01-28 00:00:00+09:00,214.0,215.0,213.0,215.0,32600,0.0,0.0
2022-01-31 00:00:00+09:00,214.0,215.0,214.0,215.0,26500,0.0,0.0
2022-02-01 00:00:00+09:00,216.0,217.0,214.0,214.0,55000,0.0,0.0
2022-02-02 00:00:00+09:00,216.0,220.0,216.0,219.0,83600,0.0,0.0
2022-02-03 00:00:00+09:00,222.0,226.0,221.0,224.0,165200,0.0,0.0
2022-02-04 00:00:00+09:00,223.0,225.0,221.0,222.0,88600,0.0,0.0
2022-02-07 00:00:00+09:00,222.0,224.0,222.0,224.0,48300,0.0,0.0
2022-02-08 00:00:00+09:00,225.0,228.0,225.0,228.0,70800,0.0,0.0
2022-02-09 00:00:00+09:00,228.0,228.0,226.0,226.0,45600,0.0,0.0
2022-02-10 00:00:00+09:00,227.0,229.0,224.0,225.0,67200,0.0,0.0
2022-02-14 00:00:00+09:00,223.0,228.0,223.0,226.0,73000,0.0,0.0
2022-02-15 00:00:00+09:00,229.0,230.0,227.0,228.0,102200,0.0,0.0
2022-02-16 00:00:00+09:00,229.0,230.0,227.0,227.0,56100,0.0,0.0
2022-02-17 00:00:00+09:00,227.0,228.0,225.0,225.0,47600,0.0,0.0
2022-02-18 00:00:00+09:00,224.0,229.0,224.0,227.0,63500,0.0,0.0
2022-02-21 00:00:00+09:00,227.0,229.0,224.0,227.0,68000,0.0,0.0
2022-02-22 00:00:00+09:00,226.0,226.0,224.0,225.0,46400,0.0,0.0
2022-02-24 00:00:00+09:00,227.0,227.0,222.0,227.0,85700,0.0,0.0
2022-02-25 00:00:00+09:00,225.0,226.0,224.0,224.0,58700,0.0,0.0
2022-02-28 00:00:00+09:00,226.0,230.0,226.0,229.0,54500,0.0,0.0
2022-03-01 00:00:00+09:00,229.0,233.0,228.0,230.0,120500,0.0,0.0
2022-03-02 00:00:00+09:00,229.0,230.0,224.0,224.0,72900,0.0,0.0
2022-03-03 00:00:00+09:00,228.0,229.0,217.0,223.0,284600,0.0,0.0
2022-03-04 00:00:00+09:00,225.0,229.0,225.0,228.0,151800,0.0,0.0
2022-03-07 00:00:00+09:00,227.0,227.0,223.0,225.0,87900,0.0,0.0
2022-03-08 00:00:00+09:00,225.0,227.0,220.0,222.0,79600,0.0,0.0
2022-03-09 00:00:00+09:00,222.0,224.0,220.0,220.0,58500,0.0,0.0
2022-03-10 00:00:00+09:00,225.0,229.0,222.0,229.0,66400,0.0,0.0
2022-03-11 00:00:00+09:00,226.0,232.0,226.0,231.0,119700,0.0,0.0
2022-03-14 00:00:00+09:00,233.0,233.0,230.0,232.0,59300,0.0,0.0
2022-03-15 00:00:00+09:00,234.0,238.0,232.0,238.0,143300,0.0,0.0
2022-03-16 00:00:00+09:00,238.0,238.0,234.0,237.0,105100,0.0,0.0
2022-03-17 00:00:00+09:00,238.0,239.0,235.0,239.0,87700,0.0,0.0
2022-03-18 00:00:00+09:00,238.0,239.0,235.0,239.0,65400,0.0,0.0
2022-03-22 00:00:00+09:00,239.0,239.0,236.0,239.0,86500,0.0,0.0
2022-03-23 00:00:00+09:00,239.0,243.0,238.0,243.0,169000,0.0,0.0
2022-03-24 00:00:00+09:00,242.0,242.0,238.0,242.0,137500,0.0,0.0
2022-03-25 00:00:00+09:00,243.0,243.0,237.0,237.0,42900,0.0,0.0
2022-03-28 00:00:00+09:00,237.0,238.0,228.0,233.0,139900,0.0,0.0
2022-03-29 00:00:00+09:00,231.0,234.0,229.0,234.0,90500,0.0,0.0
2022-03-30 00:00:00+09:00,225.0,228.0,224.0,227.0,100400,0.0,0.0
2022-03-31 00:00:00+09:00,223.0,226.0,221.0,221.0,73400,0.0,0.0
2022-04-01 00:00:00+09:00,222.0,227.0,221.0,226.0,76400,0.0,0.0
2022-04-04 00:00:00+09:00,228.0,232.0,228.0,230.0,43700,0.0,0.0
2022-04-05 00:00:00+09:00,231.0,231.0,229.0,229.0,64200,0.0,0.0
2022-04-06 00:00:00+09:00,229.0,229.0,223.0,224.0,62300,0.0,0.0
2022-04-07 00:00:00+09:00,223.0,225.0,221.0,223.0,61400,0.0,0.0
2022-04-08 00:00:00+09:00,224.0,224.0,222.0,224.0,60200,0.0,0.0
2022-04-11 00:00:00+09:00,224.0,224.0,221.0,221.0,40800,0.0,0.0
2022-04-12 00:00:00+09:00,221.0,222.0,218.0,221.0,75000,0.0,0.0
2022-04-13 00:00:00+09:00,221.0,224.0,221.0,224.0,40900,0.0,0.0
2022-04-14 00:00:00+09:00,224.0,228.0,223.0,228.0,26600,0.0,0.0
2022-04-15 00:00:00+09:00,225.0,225.0,222.0,222.0,25700,0.0,0.0
2022-04-18 00:00:00+09:00,220.0,221.0,218.0,219.0,31600,0.0,0.0
2022-04-19 00:00:00+09:00,220.0,221.0,219.0,220.0,14200,0.0,0.0
2022-04-20 00:00:00+09:00,222.0,224.0,222.0,224.0,27400,0.0,0.0
2022-04-21 00:00:00+09:00,224.0,226.0,222.0,224.0,66500,0.0,0.0
2022-04-22 00:00:00+09:00,222.0,222.0,218.0,221.0,46000,0.0,0.0
2022-04-25 00:00:00+09:00,222.0,223.0,217.0,217.0,42900,0.0,0.0
2022-04-26 00:00:00+09:00,217.0,217.0,215.0,217.0,37500,0.0,0.0
2022-04-27 00:00:00+09:00,215.0,216.0,210.0,210.0,106200,0.0,0.0
2022-04-28 00:00:00+09:00,212.0,217.0,210.0,217.0,84400,0.0,0.0
2022-05-02 00:00:00+09:00,218.0,218.0,216.0,217.0,31500,0.0,0.0
2022-05-06 00:00:00+09:00,216.0,220.0,216.0,220.0,66300,0.0,0.0
2022-05-09 00:00:00+09:00,217.0,219.0,214.0,214.0,49400,0.0,0.0
2022-05-10 00:00:00+09:00,220.0,220.0,211.0,211.0,93600,0.0,0.0
2022-05-11 00:00:00+09:00,211.0,212.0,207.0,210.0,128400,0.0,0.0
2022-05-12 00:00:00+09:00,208.0,210.0,207.0,207.0,75900,0.0,0.0
2022-05-13 00:00:00+09:00,208.0,212.0,207.0,212.0,57800,0.0,0.0
2022-05-16 00:00:00+09:00,213.0,213.0,207.0,207.0,134100,0.0,0.0
2022-05-17 00:00:00+09:00,207.0,208.0,206.0,206.0,69700,0.0,0.0
2022-05-18 00:00:00+09:00,209.0,209.0,206.0,209.0,79200,0.0,0.0
2022-05-19 00:00:00+09:00,205.0,209.0,205.0,206.0,76400,0.0,0.0
2022-05-20 00:00:00+09:00,206.0,207.0,203.0,207.0,194700,0.0,0.0
2022-05-23 00:00:00+09:00,208.0,209.0,205.0,209.0,67400,0.0,0.0
2022-05-24 00:00:00+09:00,209.0,209.0,205.0,206.0,85000,0.0,0.0
2022-05-25 00:00:00+09:00,206.0,208.0,206.0,206.0,59200,0.0,0.0
2022-05-26 00:00:00+09:00,206.0,208.0,206.0,206.0,42000,0.0,0.0
2022-05-27 00:00:00+09:00,209.0,209.0,206.0,207.0,124000,0.0,0.0
2022-05-30 00:00:00+09:00,209.0,209.0,206.0,206.0,117100,0.0,0.0
2022-05-31 00:00:00+09:00,207.0,208.0,206.0,207.0,102500,0.0,0.0
2022-06-01 00:00:00+09:00,206.0,209.0,206.0,209.0,156100,0.0,0.0
2022-06-02 00:00:00+09:00,208.0,209.0,207.0,208.0,84300,0.0,0.0
2022-06-03 00:00:00+09:00,209.0,210.0,207.0,207.0,77400,0.0,0.0
2022-06-06 00:00:00+09:00,207.0,210.0,207.0,208.0,92500,0.0,0.0
2022-06-07 00:00:00+09:00,209.0,211.0,208.0,209.0,85100,0.0,0.0
2022-06-08 00:00:00+09:00,210.0,214.0,210.0,214.0,145500,0.0,0.0
2022-06-09 00:00:00+09:00,214.0,216.0,212.0,215.0,162800,0.0,0.0
2022-06-10 00:00:00+09:00,215.0,220.0,213.0,216.0,325500,0.0,0.0
2022-06-13 00:00:00+09:00,213.0,214.0,209.0,210.0,206200,0.0,0.0
2022-06-14 00:00:00+09:00,208.0,210.0,207.0,210.0,149400,0.0,0.0
2022-06-15 00:00:00+09:00,210.0,210.0,206.0,206.0,135300,0.0,0.0
2022-06-16 00:00:00+09:00,206.0,208.0,206.0,207.0,62600,0.0,0.0
2022-06-17 00:00:00+09:00,205.0,210.0,204.0,205.0,172800,0.0,0.0
2022-06-20 00:00:00+09:00,206.0,207.0,202.0,204.0,168000,0.0,0.0
2022-06-21 00:00:00+09:00,205.0,209.0,204.0,207.0,106600,0.0,0.0
2022-06-22 00:00:00+09:00,208.0,208.0,205.0,206.0,102300,0.0,0.0
2022-06-23 00:00:00+09:00,205.0,207.0,205.0,206.0,45400,0.0,0.0
2022-06-24 00:00:00+09:00,208.0,208.0,205.0,207.0,85600,0.0,0.0
2022-06-27 00:00:00+09:00,207.0,209.0,206.0,206.0,70400,0.0,0.0
2022-06-28 00:00:00+09:00,206.0,208.0,206.0,208.0,51700,0.0,0.0
2022-06-29 00:00:00+09:00,207.0,208.0,206.0,206.0,85800,0.0,0.0
2022-06-30 00:00:00+09:00,207.0,207.0,204.0,204.0,119700,0.0,0.0
2022-07-01 00:00:00+09:00,204.0,206.0,202.0,203.0,128500,0.0,0.0
2022-07-04 00:00:00+09:00,204.0,206.0,203.0,204.0,70800,0.0,0.0
2022-07-05 00:00:00+09:00,205.0,205.0,204.0,204.0,73600,0.0,0.0
2022-07-06 00:00:00+09:00,203.0,204.0,202.0,202.0,99200,0.0,0.0
2022-07-07 00:00:00+09:00,203.0,204.0,202.0,203.0,60000,0.0,0.0
2022-07-08 00:00:00+09:00,203.0,205.0,203.0,203.0,126100,0.0,0.0
2022-07-11 00:00:00+09:00,204.0,206.0,203.0,206.0,118400,0.0,0.0
2022-07-12 00:00:00+09:00,205.0,205.0,203.0,203.0,77600,0.0,0.0
2022-07-13 00:00:00+09:00,204.0,205.0,203.0,204.0,82200,0.0,0.0
2022-07-14 00:00:00+09:00,204.0,205.0,203.0,205.0,80600,0.0,0.0
2022-07-15 00:00:00+09:00,207.0,207.0,203.0,203.0,170000,0.0,0.0
2022-07-19 00:00:00+09:00,203.0,205.0,203.0,205.0,99300,0.0,0.0
2022-07-20 00:00:00+09:00,205.0,206.0,204.0,206.0,135500,0.0,0.0
2022-07-21 00:00:00+09:00,205.0,208.0,205.0,208.0,120800,0.0,0.0
2022-07-22 00:00:00+09:00,208.0,208.0,207.0,208.0,71700,0.0,0.0
2022-07-25 00:00:00+09:00,209.0,210.0,208.0,210.0,179300,0.0,0.0
2022-07-26 00:00:00+09:00,209.0,211.0,207.0,210.0,137600,0.0,0.0
2022-07-27 00:00:00+09:00,209.0,210.0,208.0,209.0,54000,0.0,0.0
2022-07-28 00:00:00+09:00,210.0,210.0,207.0,207.0,89000,0.0,0.0
2022-07-29 00:00:00+09:00,208.0,209.0,204.0,205.0,157900,0.0,0.0
2022-08-01 00:00:00+09:00,205.0,207.0,205.0,207.0,68100,0.0,0.0
2022-08-02 00:00:00+09:00,206.0,206.0,205.0,205.0,33800,0.0,0.0
2022-08-03 00:00:00+09:00,205.0,205.0,203.0,203.0,71700,0.0,0.0
2022-08-04 00:00:00+09:00,205.0,205.0,203.0,204.0,62700,0.0,0.0
2022-08-05 00:00:00+09:00,202.0,204.0,202.0,204.0,118000,0.0,0.0
2022-08-08 00:00:00+09:00,203.0,205.0,203.0,203.0,67200,0.0,0.0
2022-08-09 00:00:00+09:00,203.0,204.0,202.0,203.0,154700,0.0,0.0
2022-08-10 00:00:00+09:00,202.0,203.0,202.0,203.0,61300,0.0,0.0
2022-08-12 00:00:00+09:00,204.0,206.0,203.0,206.0,217900,0.0,0.0
2022-08-15 00:00:00+09:00,207.0,207.0,203.0,204.0,95200,0.0,0.0
2022-08-16 00:00:00+09:00,204.0,204.0,203.0,203.0,58600,0.0,0.0
2022-08-17 00:00:00+09:00,204.0,205.0,203.0,203.0,93500,0.0,0.0
2022-08-18 00:00:00+09:00,204.0,204.0,203.0,203.0,83800,0.0,0.0
2022-08-19 00:00:00+09:00,204.0,204.0,203.0,204.0,98100,0.0,0.0
2022-08-22 00:00:00+09:00,203.0,206.0,203.0,205.0,158300,0.0,0.0
2022-08-23 00:00:00+09:00,204.0,205.0,203.0,203.0,105500,0.0,0.0
2022-08-24 00:00:00+09:00,203.0,206.0,203.0,203.0,100500,0.0,0.0
2022-08-25 00:00:00+09:00,205.0,205.0,203.0,204.0,87600,0.0,0.0
2022-08-26 00:00:00+09:00,205.0,206.0,204.0,205.0,73500,0.0,0.0
2022-08-29 00:00:00+09:00,204.0,206.0,204.0,205.0,126800,0.0,0.0
2022-08-30 00:00:00+09:00,205.0,210.0,205.0,208.0,187100,0.0,0.0
2022-08-31 00:00:00+09:00,206.0,209.0,206.0,207.0,100200,0.0,0.0
2022-09-01 00:00:00+09:00,206.0,207.0,204.0,204.0,125900,0.0,0.0
2022-09-02 00:00:00+09:00,204.0,205.0,203.0,204.0,136600,0.0,0.0
2022-09-05 00:00:00+09:00,204.0,204.0,203.0,203.0,54600,0.0,0.0
2022-09-06 00:00:00+09:00,203.0,204.0,202.0,203.0,178700,0.0,0.0
2022-09-07 00:00:00+09:00,203.0,203.0,202.0,202.0,98900,0.0,0.0
2022-09-08 00:00:00+09:00,203.0,204.0,203.0,203.0,73500,0.0,0.0
2022-09-09 00:00:00+09:00,203.0,204.0,203.0,204.0,85600,0.0,0.0
2022-09-12 00:00:00+09:00,204.0,204.0,202.0,204.0,124200,0.0,0.0
2022-09-13 00:00:00+09:00,203.0,204.0,202.0,203.0,90800,0.0,0.0
2022-09-14 00:00:00+09:00,202.0,204.0,201.0,202.0,138500,0.0,0.0
2022-09-15 00:00:00+09:00,203.0,203.0,201.0,201.0,84800,0.0,0.0
2022-09-16 00:00:00+09:00,201.0,202.0,201.0,201.0,66900,0.0,0.0
2022-09-20 00:00:00+09:00,201.0,202.0,201.0,201.0,79700,0.0,0.0
2022-09-21 00:00:00+09:00,200.0,202.0,200.0,201.0,138700,0.0,0.0
2022-09-22 00:00:00+09:00,200.0,202.0,200.0,200.0,104700,0.0,0.0
2022-09-26 00:00:00+09:00,200.0,200.0,197.0,197.0,324200,0.0,0.0
2022-09-27 00:00:00+09:00,197.0,199.0,196.0,197.0,232900,0.0,0.0
2022-09-28 00:00:00+09:00,197.0,198.0,196.0,197.0,187200,0.0,0.0
2022-09-29 00:00:00+09:00,199.0,202.0,198.0,201.0,115900,0.0,0.0
2022-09-30 00:00:00+09:00,200.0,201.0,197.0,200.0,144100,0.0,0.0
2022-10-03 00:00:00+09:00,200.0,200.0,197.0,198.0,98900,0.0,0.0
2022-10-04 00:00:00+09:00,200.0,201.0,199.0,201.0,141300,0.0,0.0
2022-10-05 00:00:00+09:00,201.0,201.0,199.0,201.0,123700,0.0,0.0
2022-10-06 00:00:00+09:00,200.0,201.0,199.0,200.0,116200,0.0,0.0
2022-10-07 00:00:00+09:00,200.0,202.0,199.0,202.0,84300,0.0,0.0
2022-10-11 00:00:00+09:00,198.0,199.0,197.0,197.0,112300,0.0,0.0
2022-10-12 00:00:00+09:00,197.0,197.0,193.0,193.0,214300,0.0,0.0
2022-10-13 00:00:00+09:00,193.0,194.0,191.0,192.0,178200,0.0,0.0
2022-10-14 00:00:00+09:00,194.0,194.0,191.0,191.0,161100,0.0,0.0
2022-10-17 00:00:00+09:00,192.0,193.0,190.0,190.0,153800,0.0,0.0
2022-10-18 00:00:00+09:00,192.0,192.0,189.0,190.0,119000,0.0,0.0
2022-10-19 00:00:00+09:00,190.0,191.0,189.0,191.0,141600,0.0,0.0
2022-10-20 00:00:00+09:00,190.0,192.0,190.0,190.0,114000,0.0,0.0
2022-10-21 00:00:00+09:00,189.0,192.0,188.0,191.0,274500,0.0,0.0
2022-10-24 00:00:00+09:00,193.0,193.0,190.0,190.0,109500,0.0,0.0
2022-10-25 00:00:00+09:00,204.0,207.0,197.0,205.0,1321800,0.0,0.0
2022-10-26 00:00:00+09:00,207.0,207.0,203.0,206.0,500700,0.0,0.0
2022-10-27 00:00:00+09:00,203.0,204.0,201.0,203.0,211400,0.0,0.0
2022-10-28 00:00:00+09:00,201.0,202.0,198.0,199.0,680500,0.0,0.0
2022-10-31 00:00:00+09:00,199.0,201.0,197.0,200.0,163600,0.0,0.0
2022-11-01 00:00:00+09:00,201.0,204.0,199.0,202.0,248200,0.0,0.0
2022-11-02 00:00:00+09:00,203.0,204.0,201.0,201.0,206000,0.0,0.0
2022-11-04 00:00:00+09:00,200.0,201.0,196.0,198.0,282100,0.0,0.0
2022-11-07 00:00:00+09:00,196.0,198.0,193.0,198.0,209600,0.0,0.0
2022-11-08 00:00:00+09:00,197.0,199.0,197.0,199.0,64400,0.0,0.0
2022-11-09 00:00:00+09:00,199.0,202.0,198.0,202.0,151900,0.0,0.0
2022-11-10 00:00:00+09:00,200.0,202.0,200.0,200.0,79000,0.0,0.0
2022-11-11 00:00:00+09:00,203.0,204.0,201.0,204.0,149100,0.0,0.0
2022-11-14 00:00:00+09:00,204.0,204.0,202.0,202.0,88300,0.0,0.0
2022-11-15 00:00:00+09:00,202.0,204.0,202.0,202.0,80900,0.0,0.0
2022-11-16 00:00:00+09:00,202.0,203.0,200.0,200.0,99600,0.0,0.0
2022-11-17 00:00:00+09:00,201.0,202.0,199.0,200.0,61700,0.0,0.0
2022-11-18 00:00:00+09:00,201.0,202.0,199.0,200.0,71600,0.0,0.0
2022-11-21 00:00:00+09:00,202.0,204.0,201.0,202.0,63500,0.0,0.0
2022-11-22 00:00:00+09:00,204.0,206.0,203.0,206.0,187500,0.0,0.0
2022-11-24 00:00:00+09:00,207.0,208.0,205.0,208.0,132600,0.0,0.0
2022-11-25 00:00:00+09:00,209.0,213.0,207.0,212.0,143600,0.0,0.0
2022-11-28 00:00:00+09:00,213.0,214.0,210.0,213.0,172000,0.0,0.0
2022-11-29 00:00:00+09:00,210.0,213.0,209.0,210.0,123900,0.0,0.0
2022-11-30 00:00:00+09:00,210.0,213.0,210.0,211.0,72900,0.0,0.0
2022-12-01 00:00:00+09:00,212.0,212.0,207.0,207.0,132500,0.0,0.0
2022-12-02 00:00:00+09:00,207.0,207.0,204.0,205.0,152500,0.0,0.0
2022-12-05 00:00:00+09:00,204.0,206.0,204.0,204.0,95800,0.0,0.0
2022-12-06 00:00:00+09:00,203.0,205.0,203.0,204.0,83200,0.0,0.0
2022-12-07 00:00:00+09:00,210.0,224.0,207.0,223.0,1758600,0.0,0.0
2022-12-08 00:00:00+09:00,221.0,222.0,215.0,217.0,561500,0.0,0.0
2022-12-09 00:00:00+09:00,220.0,220.0,217.0,219.0,244000,0.0,0.0
2022-12-12 00:00:00+09:00,220.0,225.0,219.0,223.0,267000,0.0,0.0
2022-12-13 00:00:00+09:00,225.0,226.0,222.0,222.0,285000,0.0,0.0
2022-12-14 00:00:00+09:00,224.0,224.0,216.0,219.0,306000,0.0,0.0
2022-12-15 00:00:00+09:00,222.0,238.0,220.0,231.0,981800,0.0,0.0
2022-12-16 00:00:00+09:00,230.0,235.0,227.0,228.0,405900,0.0,0.0
2022-12-19 00:00:00+09:00,228.0,229.0,223.0,224.0,181900,0.0,0.0
2022-12-20 00:00:00+09:00,224.0,227.0,220.0,221.0,234800,0.0,0.0
2022-12-21 00:00:00+09:00,223.0,228.0,220.0,224.0,206700,0.0,0.0
2022-12-22 00:00:00+09:00,224.0,226.0,222.0,224.0,111100,0.0,0.0
2022-12-23 00:00:00+09:00,225.0,226.0,222.0,224.0,132400,0.0,0.0
2022-12-26 00:00:00+09:00,227.0,227.0,224.0,226.0,109500,0.0,0.0
2022-12-27 00:00:00+09:00,227.0,233.0,226.0,233.0,247900,0.0,0.0
2022-12-28 00:00:00+09:00,232.0,233.0,229.0,230.0,117300,0.0,0.0
2022-12-29 00:00:00+09:00,228.0,231.0,227.0,231.0,70600,0.0,0.0
2022-12-30 00:00:00+09:00,232.0,232.0,228.0,228.0,73800,0.0,0.0
2023-01-04 00:00:00+09:00,230.0,231.0,226.0,229.0,154300,0.0,0.0
2023-01-05 00:00:00+09:00,230.0,230.0,224.0,227.0,156000,0.0,0.0
2023-01-06 00:00:00+09:00,225.0,228.0,225.0,228.0,83800,0.0,0.0
2023-01-10 00:00:00+09:00,229.0,230.0,227.0,228.0,80000,0.0,0.0
2023-01-11 00:00:00+09:00,228.0,230.0,228.0,230.0,56900,0.0,0.0
2023-01-12 00:00:00+09:00,227.0,229.0,224.0,224.0,139800,0.0,0.0
2023-01-13 00:00:00+09:00,222.0,227.0,222.0,226.0,128100,0.0,0.0
2023-01-16 00:00:00+09:00,225.0,225.0,222.0,223.0,102000,0.0,0.0
2023-01-17 00:00:00+09:00,222.0,226.0,222.0,225.0,139900,0.0,0.0
2023-01-18 00:00:00+09:00,222.0,225.0,220.0,225.0,215300,0.0,0.0
2023-01-19 00:00:00+09:00,223.0,225.0,221.0,223.0,111200,0.0,0.0
2023-01-20 00:00:00+09:00,222.0,225.0,222.0,223.0,62100,0.0,0.0
2023-01-23 00:00:00+09:00,225.0,229.0,224.0,228.0,150300,0.0,0.0
2023-01-24 00:00:00+09:00,228.0,228.0,223.0,224.0,216500,0.0,0.0
2023-01-25 00:00:00+09:00,222.0,224.0,220.0,222.0,316500,0.0,0.0
2023-01-26 00:00:00+09:00,225.0,225.0,222.0,225.0,89200,0.0,0.0
2023-01-27 00:00:00+09:00,225.0,227.0,224.0,226.0,106900,0.0,0.0
2023-01-30 00:00:00+09:00,225.0,228.0,225.0,228.0,346000,0.0,0.0
2023-01-31 00:00:00+09:00,229.0,229.0,227.0,228.0,79200,0.0,0.0
2023-02-01 00:00:00+09:00,230.0,232.0,228.0,230.0,180600,0.0,0.0
2023-02-02 00:00:00+09:00,231.0,232.0,229.0,232.0,140400,0.0,0.0
2023-02-03 00:00:00+09:00,233.0,244.0,229.0,237.0,985600,0.0,0.0
2023-02-06 00:00:00+09:00,241.0,246.0,234.0,246.0,592500,0.0,0.0
2023-02-07 00:00:00+09:00,248.0,256.0,246.0,254.0,792900,0.0,0.0
2023-02-08 00:00:00+09:00,256.0,256.0,249.0,249.0,399600,0.0,0.0
2023-02-09 00:00:00+09:00,247.0,252.0,247.0,251.0,147700,0.0,0.0
2023-02-10 00:00:00+09:00,248.0,251.0,245.0,247.0,250100,0.0,0.0
2023-02-13 00:00:00+09:00,248.0,258.0,248.0,255.0,534400,0.0,0.0
2023-02-14 00:00:00+09:00,258.0,259.0,255.0,259.0,223200,0.0,0.0
2023-02-15 00:00:00+09:00,258.0,258.0,253.0,253.0,168500,0.0,0.0
2023-02-16 00:00:00+09:00,254.0,256.0,251.0,252.0,134300,0.0,0.0
2023-02-17 00:00:00+09:00,250.0,252.0,248.0,252.0,183200,0.0,0.0
2023-02-20 00:00:00+09:00,256.0,272.0,253.0,270.0,753300,0.0,0.0
2023-02-21 00:00:00+09:00,270.0,279.0,268.0,277.0,619100,0.0,0.0
2023-02-22 00:00:00+09:00,278.0,278.0,272.0,275.0,246800,0.0,0.0
2023-02-24 00:00:00+09:00,278.0,278.0,271.0,275.0,246000,0.0,0.0
2023-02-27 00:00:00+09:00,272.0,278.0,272.0,275.0,174700,0.0,0.0
2023-02-28 00:00:00+09:00,277.0,277.0,272.0,275.0,206500,0.0,0.0
2023-03-01 00:00:00+09:00,275.0,278.0,274.0,278.0,188200,0.0,0.0
2023-03-02 00:00:00+09:00,278.0,289.0,278.0,288.0,448400,0.0,0.0
2023-03-03 00:00:00+09:00,288.0,288.0,280.0,283.0,453100,0.0,0.0
2023-03-06 00:00:00+09:00,284.0,293.0,284.0,293.0,670200,0.0,0.0
2023-03-07 00:00:00+09:00,293.0,299.0,291.0,296.0,370400,0.0,0.0
2023-03-08 00:00:00+09:00,294.0,297.0,292.0,296.0,292700,0.0,0.0
2023-03-09 00:00:00+09:00,296.0,297.0,292.0,296.0,255600,0.0,0.0
2023-03-10 00:00:00+09:00,291.0,295.0,287.0,288.0,354100,0.0,0.0
2023-03-13 00:00:00+09:00,282.0,284.0,273.0,279.0,452300,0.0,0.0
2023-03-14 00:00:00+09:00,273.0,274.0,265.0,266.0,396000,0.0,0.0
2023-03-15 00:00:00+09:00,272.0,276.0,268.0,270.0,176400,0.0,0.0
2023-03-16 00:00:00+09:00,262.0,265.0,260.0,263.0,285800,0.0,0.0
2023-03-17 00:00:00+09:00,267.0,270.0,264.0,268.0,199100,0.0,0.0
2023-03-20 00:00:00+09:00,265.0,267.0,258.0,259.0,175900,0.0,0.0
2023-03-22 00:00:00+09:00,265.0,271.0,265.0,270.0,258000,0.0,0.0
2023-03-23 00:00:00+09:00,265.0,273.0,263.0,273.0,154100,0.0,0.0
2023-03-24 00:00:00+09:00,272.0,273.0,269.0,271.0,107400,0.0,0.0
2023-03-27 00:00:00+09:00,271.0,274.0,269.0,272.0,113600,0.0,0.0
2023-03-28 00:00:00+09:00,275.0,275.0,269.0,272.0,121800,0.0,0.0
2023-03-29 00:00:00+09:00,273.0,275.0,271.0,273.0,195800,0.0,0.0
2023-03-30 00:00:00+09:00,264.0,272.0,264.0,272.0,156600,0.0,0.0
2023-03-31 00:00:00+09:00,273.0,274.0,271.0,273.0,128000,0.0,0.0
2023-04-03 00:00:00+09:00,275.0,278.0,273.0,276.0,163300,0.0,0.0
2023-04-04 00:00:00+09:00,276.0,276.0,271.0,273.0,157300,0.0,0.0
2023-04-05 00:00:00+09:00,270.0,271.0,265.0,265.0,210800,0.0,0.0
2023-04-06 00:00:00+09:00,262.0,265.0,256.0,258.0,259500,0.0,0.0
2023-04-07 00:00:00+09:00,259.0,262.0,257.0,258.0,102100,0.0,0.0
2023-04-10 00:00:00+09:00,256.0,262.0,256.0,262.0,141700,0.0,0.0
2023-04-11 00:00:00+09:00,263.0,264.0,260.0,260.0,115000,0.0,0.0
2023-04-12 00:00:00+09:00,261.0,271.0,261.0,271.0,278200,0.0,0.0
2023-04-13 00:00:00+09:00,270.0,271.0,267.0,269.0,195800,0.0,0.0
2023-04-14 00:00:00+09:00,269.0,269.0,266.0,267.0,112000,0.0,0.0
2023-04-17 00:00:00+09:00,265.0,268.0,261.0,268.0,227700,0.0,0.0
2023-04-18 00:00:00+09:00,268.0,269.0,266.0,268.0,81400,0.0,0.0
2023-04-19 00:00:00+09:00,265.0,268.0,263.0,267.0,131400,0.0,0.0
2023-04-20 00:00:00+09:00,264.0,270.0,263.0,268.0,133900,0.0,0.0
2023-04-21 00:00:00+09:00,268.0,269.0,264.0,267.0,111600,0.0,0.0
2023-04-24 00:00:00+09:00,266.0,272.0,266.0,271.0,260000,0.0,0.0
2023-04-25 00:00:00+09:00,272.0,276.0,272.0,273.0,247900,0.0,0.0
2023-04-26 00:00:00+09:00,271.0,275.0,269.0,271.0,233200,0.0,0.0
2023-04-27 00:00:00+09:00,270.0,274.0,269.0,273.0,462700,0.0,0.0
2023-04-28 00:00:00+09:00,277.0,279.0,273.0,278.0,270300,0.0,0.0
2023-05-01 00:00:00+09:00,281.0,288.0,281.0,285.0,467100,0.0,0.0
2023-05-02 00:00:00+09:00,285.0,288.0,284.0,286.0,264300,0.0,0.0
2023-05-08 00:00:00+09:00,287.0,300.0,284.0,298.0,1171200,0.0,0.0
2023-05-09 00:00:00+09:00,298.0,304.0,290.0,297.0,1797700,0.0,0.0
2023-05-10 00:00:00+09:00,303.0,322.0,296.0,312.0,1398700,0.0,0.0
2023-05-11 00:00:00+09:00,313.0,315.0,303.0,307.0,466500,0.0,0.0
2023-05-12 00:00:00+09:00,305.0,313.0,305.0,307.0,264200,0.0,0.0
2023-05-15 00:00:00+09:00,304.0,305.0,296.0,302.0,390900,0.0,0.0
2023-05-16 00:00:00+09:00,302.0,302.0,295.0,296.0,251100,0.0,0.0
2023-05-17 00:00:00+09:00,296.0,299.0,294.0,298.0,206000,0.0,0.0
2023-05-18 00:00:00+09:00,300.0,300.0,295.0,299.0,191200,0.0,0.0
2023-05-19 00:00:00+09:00,299.0,306.0,294.0,304.0,333600,0.0,0.0
2023-05-22 00:00:00+09:00,306.0,314.0,305.0,314.0,280200,0.0,0.0
2023-05-23 00:00:00+09:00,314.0,315.0,305.0,308.0,327100,0.0,0.0
2023-05-24 00:00:00+09:00,306.0,308.0,301.0,303.0,180300,0.0,0.0
2023-05-25 00:00:00+09:00,302.0,313.0,300.0,309.0,294900,0.0,0.0
2023-05-26 00:00:00+09:00,310.0,313.0,306.0,307.0,209300,0.0,0.0
2023-05-29 00:00:00+09:00,312.0,312.0,305.0,307.0,213800,0.0,0.0
2023-05-30 00:00:00+09:00,305.0,305.0,297.0,299.0,223400,0.0,0.0
2023-05-31 00:00:00+09:00,297.0,303.0,294.0,300.0,313000,0.0,0.0
2023-06-01 00:00:00+09:00,297.0,302.0,297.0,299.0,214700,0.0,0.0
2023-06-02 00:00:00+09:00,299.0,300.0,295.0,297.0,252000,0.0,0.0
2023-06-05 00:00:00+09:00,301.0,306.0,301.0,304.0,326700,0.0,0.0
2023-06-06 00:00:00+09:00,302.0,312.0,301.0,312.0,531100,0.0,0.0
2023-06-07 00:00:00+09:00,313.0,316.0,306.0,308.0,358900,0.0,0.0
2023-06-08 00:00:00+09:00,306.0,310.0,303.0,306.0,259400,0.0,0.0
2023-06-09 00:00:00+09:00,305.0,310.0,305.0,307.0,184500,0.0,0.0
2023-06-12 00:00:00+09:00,310.0,315.0,308.0,314.0,225900,0.0,0.0
2023-06-13 00:00:00+09:00,314.0,318.0,313.0,317.0,322000,0.0,0.0
2023-06-14 00:00:00+09:00,319.0,319.0,313.0,315.0,251300,0.0,0.0
2023-06-15 00:00:00+09:00,316.0,317.0,313.0,314.0,177800,0.0,0.0
2023-06-16 00:00:00+09:00,314.0,324.0,311.0,324.0,573000,0.0,0.0
2023-06-19 00:00:00+09:00,325.0,335.0,323.0,325.0,413800,0.0,0.0
2023-06-20 00:00:00+09:00,324.0,326.0,320.0,325.0,221700,0.0,0.0
2023-06-21 00:00:00+09:00,325.0,335.0,324.0,333.0,296200,0.0,0.0
2023-06-22 00:00:00+09:00,333.0,341.0,333.0,337.0,320600,0.0,0.0
2023-06-23 00:00:00+09:00,337.0,342.0,329.0,332.0,302600,0.0,0.0
2023-06-26 00:00:00+09:00,337.0,337.0,330.0,330.0,157600,0.0,0.0
2023-06-27 00:00:00+09:00,333.0,335.0,329.0,334.0,232300,0.0,0.0
2023-06-28 00:00:00+09:00,335.0,339.0,335.0,336.0,128200,0.0,0.0
2023-06-29 00:00:00+09:00,338.0,344.0,334.0,342.0,237900,0.0,0.0
2023-06-30 00:00:00+09:00,341.0,342.0,338.0,339.0,128900,0.0,0.0
2023-07-03 00:00:00+09:00,342.0,346.0,342.0,342.0,182100,0.0,0.0
2023-07-04 00:00:00+09:00,344.0,347.0,342.0,342.0,206100,0.0,0.0
2023-07-05 00:00:00+09:00,342.0,347.0,341.0,346.0,262400,0.0,0.0
2023-07-06 00:00:00+09:00,344.0,347.0,340.0,343.0,179400,0.0,0.0
2023-07-07 00:00:00+09:00,339.0,342.0,336.0,340.0,185500,0.0,0.0
2023-07-10 00:00:00+09:00,339.0,346.0,338.0,341.0,188400,0.0,0.0
2023-07-11 00:00:00+09:00,342.0,347.0,341.0,342.0,186600,0.0,0.0
2023-07-12 00:00:00+09:00,344.0,344.0,337.0,338.0,173300,0.0,0.0
2023-07-13 00:00:00+09:00,337.0,339.0,333.0,335.0,171600,0.0,0.0
2023-07-14 00:00:00+09:00,339.0,339.0,333.0,339.0,158400,0.0,0.0
2023-07-18 00:00:00+09:00,341.0,345.0,340.0,341.0,247000,0.0,0.0
2023-07-19 00:00:00+09:00,343.0,347.0,342.0,346.0,139300,0.0,0.0
2023-07-20 00:00:00+09:00,346.0,359.0,345.0,358.0,499400,0.0,0.0
2023-07-21 00:00:00+09:00,356.0,364.0,353.0,363.0,505900,0.0,0.0
2023-07-24 00:00:00+09:00,367.0,369.0,364.0,368.0,366700,0.0,0.0
2023-07-25 00:00:00+09:00,369.0,369.0,365.0,366.0,298400,0.0,0.0
2023-07-26 00:00:00+09:00,367.0,367.0,360.0,361.0,174700,0.0,0.0
2023-07-27 00:00:00+09:00,360.0,362.0,357.0,362.0,172600,0.0,0.0
2023-07-28 00:00:00+09:00,362.0,362.0,352.0,359.0,917600,0.0,0.0
2023-07-31 00:00:00+09:00,359.0,363.0,348.0,356.0,762100,0.0,0.0
2023-08-01 00:00:00+09:00,359.0,360.0,342.0,354.0,684500,0.0,0.0
2023-08-02 00:00:00+09:00,349.0,355.0,338.0,341.0,454900,0.0,0.0
2023-08-03 00:00:00+09:00,335.0,336.0,332.0,332.0,414200,0.0,0.0
2023-08-04 00:00:00+09:00,335.0,357.0,334.0,356.0,644500,0.0,0.0
2023-08-07 00:00:00+09:00,352.0,364.0,352.0,359.0,521600,0.0,0.0
2023-08-08 00:00:00+09:00,361.0,371.0,361.0,365.0,431800,0.0,0.0
2023-08-09 00:00:00+09:00,369.0,369.0,355.0,356.0,248200,0.0,0.0
2023-08-10 00:00:00+09:00,353.0,364.0,352.0,363.0,190900,0.0,0.0
2023-08-14 00:00:00+09:00,363.0,367.0,362.0,365.0,231900,0.0,0.0
2023-08-15 00:00:00+09:00,363.0,365.0,356.0,357.0,231400,0.0,0.0
2023-08-16 00:00:00+09:00,355.0,358.0,352.0,358.0,177400,0.0,0.0
2023-08-17 00:00:00+09:00,356.0,363.0,353.0,363.0,223400,0.0,0.0
2023-08-18 00:00:00+09:00,360.0,369.0,360.0,365.0,257000,0.0,0.0
2023-08-21 00:00:00+09:00,365.0,377.0,365.0,369.0,466400,0.0,0.0
2023-08-22 00:00:00+09:00,371.0,373.0,367.0,368.0,257200,0.0,0.0
2023-08-23 00:00:00+09:00,368.0,374.0,367.0,373.0,237900,0.0,0.0
2023-08-24 00:00:00+09:00,357.0,365.0,351.0,360.0,839100,0.0,0.0
2023-08-25 00:00:00+09:00,357.0,357.0,348.0,350.0,388900,0.0,0.0
2023-08-28 00:00:00+09:00,357.0,368.0,356.0,366.0,422400,0.0,0.0
2023-08-29 00:00:00+09:00,363.0,365.0,360.0,363.0,396400,0.0,0.0
2023-08-30 00:00:00+09:00,363.0,366.0,362.0,366.0,188800,0.0,0.0
2023-08-31 00:00:00+09:00,363.0,366.0,360.0,361.0,252200,0.0,0.0
2023-09-01 00:00:00+09:00,360.0,363.0,357.0,362.0,189700,0.0,0.0
2023-09-04 00:00:00+09:00,363.0,364.0,361.0,362.0,230200,0.0,0.0
2023-09-05 00:00:00+09:00,362.0,362.0,352.0,356.0,329800,0.0,0.0
2023-09-06 00:00:00+09:00,353.0,354.0,347.0,349.0,668800,0.0,0.0
2023-09-07 00:00:00+09:00,344.0,354.0,343.0,351.0,325200,0.0,0.0
2023-09-08 00:00:00+09:00,350.0,359.0,350.0,353.0,326700,0.0,0.0
2023-09-11 00:00:00+09:00,352.0,358.0,350.0,351.0,167000,0.0,0.0
2023-09-12 00:00:00+09:00,352.0,354.0,347.0,347.0,182900,0.0,0.0
2023-09-13 00:00:00+09:00,346.0,346.0,336.0,336.0,445400,0.0,0.0
2023-09-14 00:00:00+09:00,338.0,341.0,334.0,338.0,230200,0.0,0.0
2023-09-15 00:00:00+09:00,340.0,342.0,336.0,337.0,267700,0.0,0.0
2023-09-19 00:00:00+09:00,337.0,342.0,335.0,342.0,162400,0.0,0.0
2023-09-20 00:00:00+09:00,343.0,349.0,343.0,345.0,289900,0.0,0.0
2023-09-21 00:00:00+09:00,345.0,352.0,344.0,347.0,188700,0.0,0.0
2023-09-22 00:00:00+09:00,344.0,350.0,341.0,347.0,208800,0.0,0.0
2023-09-25 00:00:00+09:00,350.0,355.0,348.0,354.0,274300,0.0,0.0
2023-09-26 00:00:00+09:00,354.0,358.0,353.0,356.0,202100,0.0,0.0
2023-09-27 00:00:00+09:00,354.0,358.0,351.0,358.0,135700,0.0,0.0
2023-09-28 00:00:00+09:00,357.0,364.0,355.0,363.0,323000,0.0,0.0
2023-09-29 00:00:00+09:00,364.0,377.0,361.0,366.0,700800,0.0,0.0
2023-10-02 00:00:00+09:00,367.0,383.0,361.0,366.0,675100,0.0,0.0
2023-10-03 00:00:00+09:00,367.0,368.0,354.0,356.0,373000,0.0,0.0
2023-10-04 00:00:00+09:00,348.0,353.0,339.0,342.0,566800,0.0,0.0
2023-10-05 00:00:00+09:00,345.0,352.0,345.0,351.0,245800,0.0,0.0
2023-10-06 00:00:00+09:00,352.0,359.0,348.0,358.0,209800,0.0,0.0
2023-10-10 00:00:00+09:00,356.0,359.0,351.0,359.0,263600,0.0,0.0
2023-10-11 00:00:00+09:00,358.0,360.0,354.0,358.0,178600,0.0,0.0
2023-10-12 00:00:00+09:00,357.0,360.0,355.0,359.0,136700,0.0,0.0
2023-10-13 00:00:00+09:00,355.0,356.0,351.0,353.0,181500,0.0,0.0
2023-10-16 00:00:00+09:00,351.0,353.0,346.0,346.0,180500,0.0,0.0
2023-10-17 00:00:00+09:00,349.0,351.0,339.0,342.0,219100,0.0,0.0
2023-10-18 00:00:00+09:00,344.0,349.0,343.0,349.0,160200,0.0,0.0
2023-10-19 00:00:00+09:00,343.0,347.0,342.0,343.0,114000,0.0,0.0
2023-10-20 00:00:00+09:00,342.0,345.0,336.0,343.0,249400,0.0,0.0
2023-10-23 00:00:00+09:00,342.0,345.0,340.0,340.0,150600,0.0,0.0
2023-10-24 00:00:00+09:00,340.0,340.0,325.0,331.0,240000,0.0,0.0
2023-10-25 00:00:00+09:00,331.0,339.0,331.0,335.0,245800,0.0,0.0
2023-10-26 00:00:00+09:00,331.0,333.0,321.0,323.0,235400,0.0,0.0
2023-10-27 00:00:00+09:00,319.0,331.0,319.0,331.0,284400,0.0,0.0
2023-10-30 00:00:00+09:00,328.0,334.0,325.0,328.0,447500,0.0,0.0
2023-10-31 00:00:00+09:00,329.0,336.0,326.0,335.0,448300,0.0,0.0
2023-11-01 00:00:00+09:00,339.0,339.0,329.0,329.0,366200,0.0,0.0
2023-11-02 00:00:00+09:00,330.0,338.0,318.0,324.0,979800,0.0,0.0
2023-11-06 00:00:00+09:00,335.0,353.0,333.0,347.0,947900,0.0,0.0
2023-11-07 00:00:00+09:00,345.0,345.0,336.0,338.0,492700,0.0,0.0
2023-11-08 00:00:00+09:00,336.0,341.0,327.0,327.0,469200,0.0,0.0
2023-11-09 00:00:00+09:00,327.0,334.0,327.0,333.0,463000,0.0,0.0
2023-11-10 00:00:00+09:00,330.0,343.0,330.0,343.0,289400,0.0,0.0
2023-11-13 00:00:00+09:00,343.0,344.0,340.0,344.0,174700,0.0,0.0
2023-11-14 00:00:00+09:00,345.0,357.0,344.0,349.0,408600,0.0,0.0
2023-11-15 00:00:00+09:00,350.0,353.0,345.0,348.0,284800,0.0,0.0
2023-11-16 00:00:00+09:00,347.0,358.0,347.0,356.0,290200,0.0,0.0
2023-11-17 00:00:00+09:00,355.0,372.0,355.0,372.0,346600,0.0,0.0
2023-11-20 00:00:00+09:00,372.0,374.0,362.0,362.0,285500,0.0,0.0
2023-11-21 00:00:00+09:00,361.0,363.0,355.0,357.0,185000,0.0,0.0
2023-11-22 00:00:00+09:00,356.0,362.0,356.0,359.0,162000,0.0,0.0
2023-11-24 00:00:00+09:00,362.0,364.0,358.0,359.0,189200,0.0,0.0
2023-11-27 00:00:00+09:00,359.0,361.0,350.0,351.0,210500,0.0,0.0
2023-11-28 00:00:00+09:00,349.0,350.0,342.0,343.0,255600,0.0,0.0
2023-11-29 00:00:00+09:00,341.0,343.0,337.0,340.0,215500,0.0,0.0
2023-11-30 00:00:00+09:00,339.0,339.0,333.0,338.0,358700,0.0,0.0
2023-12-01 00:00:00+09:00,338.0,339.0,334.0,338.0,225600,0.0,0.0
2023-12-04 00:00:00+09:00,337.0,340.0,333.0,337.0,174000,0.0,0.0
2023-12-05 00:00:00+09:00,335.0,336.0,328.0,328.0,327200,0.0,0.0
2023-12-06 00:00:00+09:00,328.0,336.0,328.0,336.0,199400,0.0,0.0
2023-12-07 00:00:00+09:00,336.0,340.0,334.0,336.0,285000,0.0,0.0
2023-12-08 00:00:00+09:00,334.0,334.0,324.0,326.0,332000,0.0,0.0
2023-12-11 00:00:00+09:00,329.0,332.0,326.0,331.0,186200,0.0,0.0
2023-12-12 00:00:00+09:00,332.0,332.0,326.0,327.0,169500,0.0,0.0
2023-12-13 00:00:00+09:00,327.0,329.0,323.0,325.0,164800,0.0,0.0
2023-12-14 00:00:00+09:00,326.0,330.0,320.0,321.0,246000,0.0,0.0
2023-12-15 00:00:00+09:00,324.0,325.0,318.0,325.0,203300,0.0,0.0
2023-12-18 00:00:00+09:00,323.0,324.0,319.0,322.0,186100,0.0,0.0
2023-12-19 00:00:00+09:00,323.0,326.0,321.0,326.0,132000,0.0,0.0
2023-12-20 00:00:00+09:00,327.0,330.0,325.0,325.0,140400,0.0,0.0
2023-12-21 00:00:00+09:00,323.0,324.0,320.0,321.0,150100,0.0,0.0
2023-12-22 00:00:00+09:00,321.0,325.0,321.0,324.0,151600,0.0,0.0
2023-12-25 00:00:00+09:00,328.0,328.0,321.0,322.0,201100,0.0,0.0
2023-12-26 00:00:00+09:00,319.0,319.0,313.0,314.0,448800,0.0,0.0
2023-12-27 00:00:00+09:00,314.0,316.0,312.0,316.0,253600,0.0,0.0
2023-12-28 00:00:00+09:00,316.0,319.0,314.0,317.0,212900,0.0,0.0
2023-12-29 00:00:00+09:00,317.0,321.0,315.0,319.0,163200,0.0,0.0
2024-01-04 00:00:00+09:00,320.0,327.0,317.0,326.0,186000,0.0,0.0
2024-01-05 00:00:00+09:00,327.0,329.0,324.0,326.0,120300,0.0,0.0
2024-01-09 00:00:00+09:00,328.0,340.0,327.0,331.0,377200,0.0,0.0
2024-01-10 00:00:00+09:00,331.0,332.0,329.0,330.0,161600,0.0,0.0
2024-01-11 00:00:00+09:00,331.0,334.0,330.0,330.0,174100,0.0,0.0
2024-01-12 00:00:00+09:00,330.0,331.0,322.0,324.0,425900,0.0,0.0
2024-01-15 00:00:00+09:00,325.0,327.0,324.0,326.0,34700,0.0,0.0
2024-01-16 00:00:00+09:00,325.0,328.0,323.0,324.0,238900,0.0,0.0
2024-01-17 00:00:00+09:00,324.0,330.0,323.0,325.0,264700,0.0,0.0
2024-01-18 00:00:00+09:00,324.0,328.0,324.0,325.0,253000,0.0,0.0
2024-01-19 00:00:00+09:00,328.0,330.0,326.0,328.0,248800,0.0,0.0
2024-01-22 00:00:00+09:00,331.0,334.0,330.0,332.0,208200,0.0,0.0
2024-01-23 00:00:00+09:00,333.0,335.0,331.0,331.0,244700,0.0,0.0
2024-01-24 00:00:00+09:00,333.0,333.0,329.0,331.0,167400,0.0,0.0
2024-01-25 00:00:00+09:00,333.0,339.0,332.0,336.0,274100,0.0,0.0
2024-01-26 00:00:00+09:00,334.0,334.0,330.0,331.0,186500,0.0,0.0
2024-01-29 00:00:00+09:00,332.0,336.0,332.0,334.0,152500,0.0,0.0
2024-01-30 00:00:00+09:00,336.0,338.0,333.0,337.0,499300,0.0,0.0
2024-01-31 00:00:00+09:00,338.0,345.0,337.0,344.0,311900,0.0,0.0
2024-02-01 00:00:00+09:00,342.0,347.0,341.0,346.0,256000,0.0,0.0
2024-02-02 00:00:00+09:00,354.0,384.0,350.0,378.0,2192200,0.0,0.0
2024-02-05 00:00:00+09:00,383.0,398.0,375.0,384.0,1259900,0.0,0.0
2024-02-06 00:00:00+09:00,390.0,396.0,385.0,391.0,392100,0.0,0.0
2024-02-07 00:00:00+09:00,392.0,404.0,391.0,399.0,506200,0.0,0.0
2024-02-08 00:00:00+09:00,399.0,399.0,387.0,388.0,385200,0.0,0.0
2024-02-09 00:00:00+09:00,387.0,391.0,383.0,385.0,293400,0.0,0.0
2024-02-13 00:00:00+09:00,386.0,390.0,384.0,389.0,197000,0.0,0.0
2024-02-14 00:00:00+09:00,389.0,394.0,383.0,387.0,225100,0.0,0.0
2024-02-15 00:00:00+09:00,389.0,393.0,377.0,378.0,396000,0.0,0.0
2024-02-16 00:00:00+09:00,382.0,387.0,380.0,386.0,188400,0.0,0.0
2024-02-19 00:00:00+09:00,388.0,401.0,387.0,400.0,365400,0.0,0.0
2024-02-20 00:00:00+09:00,400.0,404.0,393.0,393.0,190700,0.0,0.0
2024-02-21 00:00:00+09:00,393.0,396.0,392.0,394.0,97800,0.0,0.0
2024-02-22 00:00:00+09:00,396.0,410.0,391.0,402.0,773700,0.0,0.0
2024-02-26 00:00:00+09:00,402.0,404.0,391.0,393.0,541500,0.0,0.0
2024-02-27 00:00:00+09:00,393.0,397.0,392.0,394.0,206300,0.0,0.0
2024-02-28 00:00:00+09:00,396.0,399.0,392.0,394.0,165800,0.0,0.0
2024-02-29 00:00:00+09:00,393.0,396.0,389.0,390.0,225900,0.0,0.0
2024-03-01 00:00:00+09:00,390.0,393.0,387.0,390.0,223500,0.0,0.0
2024-03-04 00:00:00+09:00,390.0,393.0,386.0,392.0,238400,0.0,0.0
2024-03-05 00:00:00+09:00,392.0,402.0,389.0,401.0,324700,0.0,0.0
2024-03-06 00:00:00+09:00,400.0,419.0,400.0,419.0,420100,0.0,0.0
2024-03-07 00:00:00+09:00,422.0,423.0,405.0,408.0,361000,0.0,0.0
2024-03-08 00:00:00+09:00,402.0,412.0,402.0,408.0,159300,0.0,0.0
2024-03-11 00:00:00+09:00,402.0,404.0,387.0,390.0,520800,0.0,0.0
2024-03-12 00:00:00+09:00,392.0,395.0,384.0,395.0,202400,0.0,0.0
2024-03-13 00:00:00+09:00,396.0,400.0,391.0,398.0,168600,0.0,0.0
2024-03-14 00:00:00+09:00,396.0,398.0,393.0,398.0,106800,0.0,0.0
2024-03-15 00:00:00+09:00,395.0,401.0,394.0,399.0,181300,0.0,0.0
2024-03-18 00:00:00+09:00,403.0,409.0,402.0,404.0,249300,0.0,0.0
2024-03-19 00:00:00+09:00,404.0,407.0,400.0,407.0,130500,0.0,0.0
2024-03-21 00:00:00+09:00,410.0,421.0,409.0,417.0,266700,0.0,0.0
2024-03-22 00:00:00+09:00,416.0,428.0,416.0,426.0,270300,0.0,0.0
2024-03-25 00:00:00+09:00,426.0,427.0,419.0,419.0,185900,0.0,0.0
2024-03-26 00:00:00+09:00,418.0,425.0,416.0,422.0,120800,0.0,0.0
2024-03-27 00:00:00+09:00,423.0,430.0,423.0,426.0,252300,0.0,0.0
2024-03-28 00:00:00+09:00,417.0,421.0,411.0,413.0,218900,0.0,0.0
2024-03-29 00:00:00+09:00,417.0,422.0,415.0,418.0,73300,0.0,0.0
2024-04-01 00:00:00+09:00,417.0,418.0,402.0,402.0,198000,0.0,0.0
2024-04-02 00:00:00+09:00,403.0,406.0,400.0,401.0,139800,0.0,0.0
2024-04-03 00:00:00+09:00,398.0,409.0,396.0,407.0,163400,0.0,0.0
2024-04-04 00:00:00+09:00,408.0,410.0,404.0,407.0,97900,0.0,0.0
2024-04-05 00:00:00+09:00,401.0,406.0,400.0,401.0,105400,0.0,0.0
2024-04-08 00:00:00+09:00,401.0,404.0,394.0,394.0,166200,0.0,0.0
2024-04-09 00:00:00+09:00,396.0,396.0,391.0,393.0,109300,0.0,0.0
2024-04-10 00:00:00+09:00,393.0,398.0,392.0,395.0,69700,0.0,0.0
2024-04-11 00:00:00+09:00,391.0,393.0,389.0,392.0,110500,0.0,0.0
2024-04-12 00:00:00+09:00,392.0,393.0,387.0,388.0,119700,0.0,0.0
2024-04-15 00:00:00+09:00,385.0,388.0,382.0,387.0,124900,0.0,0.0
2024-04-16 00:00:00+09:00,385.0,386.0,376.0,377.0,173000,0.0,0.0
2024-04-17 00:00:00+09:00,378.0,378.0,371.0,374.0,154700,0.0,0.0
2024-04-18 00:00:00+09:00,371.0,377.0,370.0,373.0,117800,0.0,0.0
2024-04-19 00:00:00+09:00,373.0,375.0,362.0,368.0,220800,0.0,0.0
2024-04-22 00:00:00+09:00,370.0,374.0,368.0,372.0,135000,0.0,0.0
2024-04-23 00:00:00+09:00,373.0,373.0,368.0,370.0,92800,0.0,0.0
2024-04-24 00:00:00+09:00,374.0,378.0,372.0,377.0,100400,0.0,0.0
2024-04-25 00:00:00+09:00,373.0,408.0,372.0,397.0,969200,0.0,0.0
2024-04-26 00:00:00+09:00,395.0,413.0,390.0,406.0,1048700,0.0,0.0
2024-04-30 00:00:00+09:00,404.0,407.0,398.0,399.0,275800,0.0,0.0
2024-05-01 00:00:00+09:00,398.0,406.0,398.0,400.0,162600,0.0,0.0
2024-05-02 00:00:00+09:00,400.0,403.0,398.0,401.0,92300,0.0,0.0
2024-05-07 00:00:00+09:00,403.0,418.0,403.0,415.0,277000,0.0,0.0
2024-05-08 00:00:00+09:00,415.0,415.0,392.0,397.0,597700,0.0,0.0
2024-05-09 00:00:00+09:00,405.0,406.0,395.0,402.0,434300,0.0,0.0
2024-05-10 00:00:00+09:00,403.0,404.0,392.0,392.0,246200,0.0,0.0
2024-05-13 00:00:00+09:00,395.0,405.0,394.0,403.0,236400,0.0,0.0
2024-05-14 00:00:00+09:00,401.0,404.0,397.0,399.0,124000,0.0,0.0
2024-05-15 00:00:00+09:00,401.0,401.0,394.0,394.0,121100,0.0,0.0
2024-05-16 00:00:00+09:00,394.0,394.0,388.0,390.0,156300,0.0,0.0
2024-05-17 00:00:00+09:00,388.0,395.0,387.0,392.0,141600,0.0,0.0
2024-05-20 00:00:00+09:00,396.0,405.0,396.0,404.0,228000,0.0,0.0
2024-05-21 00:00:00+09:00,406.0,411.0,404.0,406.0,141300,0.0,0.0
2024-05-22 00:00:00+09:00,405.0,409.0,399.0,401.0,143000,0.0,0.0
2024-05-23 00:00:00+09:00,402.0,404.0,398.0,402.0,87100,0.0,0.0
2024-05-24 00:00:00+09:00,398.0,402.0,397.0,398.0,90600,0.0,0.0
2024-05-27 00:00:00+09:00,398.0,400.0,395.0,398.0,83500,0.0,0.0
2024-05-28 00:00:00+09:00,397.0,398.0,394.0,394.0,124900,0.0,0.0
2024-05-29 00:00:00+09:00,394.0,400.0,393.0,393.0,117600,0.0,0.0
2024-05-30 00:00:00+09:00,388.0,393.0,388.0,391.0,115800,0.0,0.0
2024-05-31 00:00:00+09:00,391.0,396.0,390.0,396.0,85400,0.0,0.0
2024-06-03 00:00:00+09:00,397.0,399.0,394.0,397.0,83300,0.0,0.0
2024-06-04 00:00:00+09:00,396.0,396.0,391.0,394.0,131200,0.0,0.0
2024-06-05 00:00:00+09:00,393.0,393.0,388.0,390.0,183100,0.0,0.0
2024-06-06 00:00:00+09:00,390.0,390.0,385.0,386.0,121100,0.0,0.0
2024-06-07 00:00:00+09:00,388.0,391.0,387.0,388.0,69900,0.0,0.0
2024-06-10 00:00:00+09:00,390.0,397.0,390.0,397.0,118400,0.0,0.0
2024-06-11 00:00:00+09:00,397.0,397.0,392.0,392.0,68900,0.0,0.0
2024-06-12 00:00:00+09:00,393.0,395.0,393.0,394.0,35400,0.0,0.0
2024-06-13 00:00:00+09:00,395.0,396.0,387.0,389.0,116000,0.0,0.0
2024-06-14 00:00:00+09:00,392.0,399.0,390.0,399.0,206200,0.0,0.0
2024-06-17 00:00:00+09:00,394.0,397.0,389.0,389.0,169400,0.0,0.0
2024-06-18 00:00:00+09:00,393.0,394.0,390.0,391.0,72000,0.0,0.0
2024-06-19 00:00:00+09:00,393.0,395.0,390.0,390.0,52200,0.0,0.0
2024-06-20 00:00:00+09:00,391.0,392.0,385.0,388.0,195700,0.0,0.0
2024-06-21 00:00:00+09:00,388.0,390.0,386.0,387.0,123200,0.0,0.0
2024-06-24 00:00:00+09:00,391.0,392.0,387.0,388.0,173600,0.0,0.0
2024-06-25 00:00:00+09:00,389.0,394.0,389.0,393.0,125300,0.0,0.0
2024-06-26 00:00:00+09:00,395.0,397.0,393.0,396.0,80500,0.0,0.0
2024-06-27 00:00:00+09:00,398.0,399.0,395.0,396.0,100300,0.0,0.0
2024-06-28 00:00:00+09:00,396.0,398.0,396.0,398.0,56100,0.0,0.0
2024-07-01 00:00:00+09:00,402.0,404.0,399.0,400.0,146500,0.0,0.0
2024-07-02 00:00:00+09:00,400.0,403.0,399.0,400.0,80700,0.0,0.0
2024-07-03 00:00:00+09:00,403.0,403.0,399.0,401.0,57900,0.0,0.0
2024-07-04 00:00:00+09:00,402.0,404.0,401.0,403.0,68500,0.0,0.0
2024-07-05 00:00:00+09:00,404.0,405.0,400.0,400.0,160900,0.0,0.0
2024-07-08 00:00:00+09:00,401.0,402.0,397.0,399.0,147400,0.0,0.0
2024-07-09 00:00:00+09:00,400.0,403.0,397.0,400.0,185800,0.0,0.0
2024-07-10 00:00:00+09:00,403.0,403.0,394.0,398.0,216200,0.0,0.0
2024-07-11 00:00:00+09:00,403.0,408.0,403.0,408.0,367200,0.0,0.0
2024-07-12 00:00:00+09:00,406.0,420.0,406.0,416.0,417700,0.0,0.0
2024-07-16 00:00:00+09:00,420.0,424.0,416.0,424.0,251100,0.0,0.0
2024-07-17 00:00:00+09:00,423.0,428.0,417.0,419.0,170500,0.0,0.0
2024-07-18 00:00:00+09:00,417.0,426.0,417.0,422.0,157200,0.0,0.0
2024-07-19 00:00:00+09:00,423.0,426.0,420.0,425.0,145400,0.0,0.0
2024-07-22 00:00:00+09:00,426.0,429.0,418.0,419.0,172400,0.0,0.0
2024-07-23 00:00:00+09:00,420.0,423.0,416.0,423.0,177800,0.0,0.0
2024-07-24 00:00:00+09:00,423.0,423.0,416.0,419.0,196500,0.0,0.0
2024-07-25 00:00:00+09:00,415.0,422.0,412.0,416.0,290700,0.0,0.0
2024-07-26 00:00:00+09:00,420.0,422.0,417.0,418.0,150200,0.0,0.0
2024-07-29 00:00:00+09:00,421.0,436.0,420.0,435.0,297100,0.0,0.0
2024-07-30 00:00:00+09:00,436.0,437.0,428.0,432.0,531000,0.0,0.0
2024-07-31 00:00:00+09:00,432.0,445.0,410.0,428.0,572300,0.0,0.0
2024-08-01 00:00:00+09:00,424.0,424.0,410.0,421.0,334900,0.0,0.0
2024-08-02 00:00:00+09:00,410.0,414.0,392.0,392.0,426300,0.0,0.0
2024-08-05 00:00:00+09:00,380.0,380.0,326.0,334.0,810700,0.0,0.0
2024-08-06 00:00:00+09:00,360.0,377.0,360.0,364.0,434100,0.0,0.0
2024-08-07 00:00:00+09:00,366.0,378.0,360.0,369.0,406700,0.0,0.0
2024-08-08 00:00:00+09:00,364.0,370.0,356.0,360.0,340000,0.0,0.0
2024-08-09 00:00:00+09:00,369.0,369.0,354.0,360.0,286200,0.0,0.0
2024-08-13 00:00:00+09:00,365.0,366.0,360.0,364.0,244700,0.0,0.0
2024-08-14 00:00:00+09:00,366.0,374.0,364.0,366.0,199500,0.0,0.0
2024-08-15 00:00:00+09:00,367.0,371.0,364.0,368.0,141900,0.0,0.0
2024-08-16 00:00:00+09:00,375.0,379.0,370.0,375.0,190300,0.0,0.0
2024-08-19 00:00:00+09:00,375.0,380.0,372.0,372.0,196100,0.0,0.0
2024-08-20 00:00:00+09:00,376.0,385.0,374.0,380.0,145500,0.0,0.0
2024-08-21 00:00:00+09:00,378.0,379.0,375.0,377.0,122300,0.0,0.0
2024-08-22 00:00:00+09:00,378.0,378.0,375.0,375.0,98100,0.0,0.0
2024-08-23 00:00:00+09:00,378.0,379.0,373.0,377.0,118400,0.0,0.0
2024-08-26 00:00:00+09:00,376.0,377.0,373.0,375.0,109600,0.0,0.0
2024-08-27 00:00:00+09:00,375.0,379.0,371.0,379.0,130000,0.0,0.0
2024-08-28 00:00:00+09:00,378.0,378.0,371.0,374.0,170000,0.0,0.0
2024-08-29 00:00:00+09:00,374.0,377.0,371.0,375.0,143100,0.0,0.0
2024-08-30 00:00:00+09:00,377.0,381.0,375.0,379.0,207900,0.0,0.0
2024-09-02 00:00:00+09:00,385.0,387.0,379.0,380.0,213700,0.0,0.0
2024-09-03 00:00:00+09:00,382.0,387.0,382.0,383.0,102700,0.0,0.0
2024-09-04 00:00:00+09:00,378.0,379.0,368.0,368.0,574200,0.0,0.0
2024-09-05 00:00:00+09:00,364.0,377.0,360.0,373.0,413500,0.0,0.0
2024-09-06 00:00:00+09:00,375.0,376.0,368.0,370.0,187800,0.0,0.0
2024-09-09 00:00:00+09:00,362.0,368.0,358.0,368.0,309800,0.0,0.0
2024-09-10 00:00:00+09:00,371.0,374.0,369.0,370.0,133700,0.0,0.0
2024-09-11 00:00:00+09:00,370.0,370.0,360.0,363.0,156700,0.0,0.0
2024-09-12 00:00:00+09:00,371.0,375.0,369.0,373.0,163300,0.0,0.0
2024-09-13 00:00:00+09:00,371.0,372.0,368.0,369.0,88700,0.0,0.0
2024-09-17 00:00:00+09:00,371.0,373.0,366.0,372.0,137200,0.0,0.0
2024-09-18 00:00:00+09:00,373.0,379.0,371.0,377.0,151600,0.0,0.0
2024-09-19 00:00:00+09:00,379.0,382.0,379.0,379.0,90100,0.0,0.0
2024-09-20 00:00:00+09:00,382.0,385.0,379.0,384.0,196200,0.0,0.0
2024-09-24 00:00:00+09:00,385.0,386.0,381.0,381.0,155200,0.0,0.0
2024-09-25 00:00:00+09:00,382.0,386.0,381.0,385.0,104700,0.0,0.0
2024-09-26 00:00:00+09:00,386.0,392.0,386.0,390.0,184100,0.0,0.0
2024-09-27 00:00:00+09:00,393.0,399.0,385.0,391.0,241600,0.0,0.0
2024-09-30 00:00:00+09:00,383.0,387.0,380.0,382.0,218600,0.0,0.0
2024-10-01 00:00:00+09:00,384.0,387.0,382.0,386.0,106900,0.0,0.0
2024-10-02 00:00:00+09:00,385.0,390.0,384.0,387.0,68500,0.0,0.0
2024-10-03 00:00:00+09:00,392.0,393.0,387.0,388.0,117000,0.0,0.0
2024-10-04 00:00:00+09:00,387.0,391.0,387.0,391.0,77800,0.0,0.0
2024-10-07 00:00:00+09:00,395.0,395.0,387.0,389.0,141600,0.0,0.0
2024-10-08 00:00:00+09:00,386.0,388.0,381.0,381.0,139700,0.0,0.0
2024-10-09 00:00:00+09:00,384.0,385.0,378.0,381.0,134600,0.0,0.0
2024-10-10 00:00:00+09:00,382.0,382.0,377.0,379.0,93200,0.0,0.0
2024-10-11 00:00:00+09:00,378.0,382.0,378.0,382.0,66000,0.0,0.0
2024-10-15 00:00:00+09:00,381.0,381.0,377.0,381.0,155100,0.0,0.0
2024-10-16 00:00:00+09:00,376.0,380.0,374.0,376.0,88300,0.0,0.0
2024-10-17 00:00:00+09:00,377.0,378.0,375.0,376.0,59100,0.0,0.0
2024-10-18 00:00:00+09:00,376.0,378.0,375.0,377.0,75500,0.0,0.0
2024-10-21 00:00:00+09:00,376.0,380.0,376.0,376.0,89700,0.0,0.0
2024-10-22 00:00:00+09:00,376.0,378.0,369.0,370.0,226300,0.0,0.0
2024-10-23 00:00:00+09:00,369.0,372.0,366.0,367.0,229400,0.0,0.0
2024-10-24 00:00:00+09:00,365.0,371.0,362.0,369.0,163400,0.0,0.0
2024-10-25 00:00:00+09:00,366.0,386.0,365.0,385.0,522800,0.0,0.0
2024-10-28 00:00:00+09:00,380.0,391.0,379.0,389.0,221300,0.0,0.0
2024-10-29 00:00:00+09:00,389.0,401.0,386.0,399.0,328700,0.0,0.0
2024-10-30 00:00:00+09:00,396.0,406.0,391.0,402.0,609300,0.0,0.0
2024-10-31 00:00:00+09:00,402.0,415.0,402.0,414.0,353100,0.0,0.0
2024-11-01 00:00:00+09:00,409.0,494.0,407.0,490.0,2733800,0.0,0.0
2024-11-05 00:00:00+09:00,466.0,478.0,456.0,461.0,1829500,0.0,0.0
2024-11-06 00:00:00+09:00,463.0,475.0,459.0,462.0,758200,0.0,0.0
2024-11-07 00:00:00+09:00,466.0,480.0,465.0,471.0,481900,0.0,0.0
2024-11-08 00:00:00+09:00,473.0,474.0,453.0,453.0,342900,0.0,0.0
2024-11-11 00:00:00+09:00,459.0,461.0,445.0,447.0,293500,0.0,0.0
2024-11-12 00:00:00+09:00,450.0,456.0,446.0,456.0,172300,0.0,0.0
2024-11-13 00:00:00+09:00,452.0,455.0,442.0,447.0,163300,0.0,0.0
2024-11-14 00:00:00+09:00,444.0,448.0,441.0,441.0,132100,0.0,0.0
2024-11-15 00:00:00+09:00,445.0,445.0,437.0,443.0,152600,0.0,0.0
2024-11-18 00:00:00+09:00,442.0,448.0,439.0,440.0,111400,0.0,0.0
2024-11-19 00:00:00+09:00,440.0,443.0,435.0,440.0,108900,0.0,0.0
2024-11-20 00:00:00+09:00,442.0,453.0,442.0,446.0,268300,0.0,0.0
2024-11-21 00:00:00+09:00,452.0,462.0,448.0,450.0,488100,0.0,0.0
2024-11-22 00:00:00+09:00,453.0,463.0,453.0,462.0,214800,0.0,0.0
2024-11-25 00:00:00+09:00,465.0,468.0,456.0,456.0,318900,0.0,0.0
2024-11-26 00:00:00+09:00,456.0,463.0,454.0,457.0,201900,0.0,0.0
2024-11-27 00:00:00+09:00,458.0,458.0,449.0,452.0,144500,0.0,0.0
2024-11-28 00:00:00+09:00,451.0,457.0,450.0,452.0,125400,0.0,0.0
2024-11-29 00:00:00+09:00,454.0,461.0,453.0,459.0,156600,0.0,0.0
2024-12-02 00:00:00+09:00,455.0,460.0,454.0,457.0,175300,0.0,0.0
2024-12-03 00:00:00+09:00,460.0,464.0,456.0,460.0,156100,0.0,0.0
2024-12-04 00:00:00+09:00,461.0,463.0,455.0,457.0,134100,0.0,0.0
2024-12-05 00:00:00+09:00,457.0,462.0,454.0,457.0,87400,0.0,0.0
2024-12-06 00:00:00+09:00,458.0,458.0,451.0,451.0,95400,0.0,0.0
2024-12-09 00:00:00+09:00,454.0,461.0,454.0,457.0,91000,0.0,0.0
2024-12-10 00:00:00+09:00,463.0,465.0,459.0,459.0,81900,0.0,0.0
2024-12-11 00:00:00+09:00,460.0,462.0,456.0,457.0,127100,0.0,0.0
2024-12-12 00:00:00+09:00,458.0,462.0,455.0,457.0,238900,0.0,0.0
2024-12-13 00:00:00+09:00,454.0,459.0,454.0,457.0,150800,0.0,0.0
2024-12-16 00:00:00+09:00,460.0,468.0,456.0,466.0,292400,0.0,0.0
2024-12-17 00:00:00+09:00,465.0,466.0,460.0,461.0,224500,0.0,0.0
2024-12-18 00:00:00+09:00,461.0,472.0,461.0,464.0,159000,0.0,0.0
2024-12-19 00:00:00+09:00,461.0,469.0,461.0,467.0,116800,0.0,0.0
2024-12-20 00:00:00+09:00,470.0,470.0,465.0,467.0,154300,0.0,0.0
2024-12-23 00:00:00+09:00,468.0,472.0,468.0,469.0,90900,0.0,0.0
2024-12-24 00:00:00+09:00,471.0,473.0,463.0,466.0,181900,0.0,0.0
2024-12-25 00:00:00+09:00,466.0,467.0,462.0,466.0,94000,0.0,0.0
2024-12-26 00:00:00+09:00,466.0,466.0,462.0,464.0,76300,0.0,0.0
2024-12-27 00:00:00+09:00,462.0,465.0,460.0,463.0,173800,0.0,0.0
2024-12-30 00:00:00+09:00,463.0,472.0,462.0,465.0,137200,0.0,0.0
