Date,Open,High,Low,Close,Volume,Dividends,Stock Splits
2006-02-17 00:00:00+09:00,-84612664.40201005,-98049010.25125629,-71539463.03517587,-72265752.0,680000,0.0,0.0
2006-02-20 00:00:00+09:00,-72265752.0,-72265752.0,-72265752.0,-72265752.0,0,0.0,0.0
2006-02-21 00:00:00+09:00,-72265752.0,-72265752.0,-72265752.0,-72265752.0,0,0.0,0.0
2006-02-22 00:00:00+09:00,-75170906.86567165,-75534051.34328358,-72628895.52238806,-72992040.0,30000,0.0,0.0
2006-02-23 00:00:00+09:00,-72628907.6923077,-79528653.92307693,-70813185.0,-75534064.0,40000,0.0,0.0
2006-02-24 00:00:00+09:00,-74444621.52380952,-81344366.93333334,-73355188.03809524,-76260344.0,40000,0.0,0.0
2006-02-27 00:00:00+09:00,-80618085.83886255,-80981230.36966825,-75170917.87677725,-76623496.0,20000,0.0,0.0
2006-02-28 00:00:00+09:00,-76623498.71844661,-76986643.26213592,-72628908.73786408,-74807776.0,10000,0.0,0.0
2006-03-01 00:00:00+09:00,-71902610.58921163,-89333546.48962656,-70086888.09958507,-87517824.0,260000,0.0,0.0
2006-03-02 00:00:00+09:00,-91875564.57641922,-100954177.6768559,-81707517.90393013,-83160096.0,410000,0.0,0.0
2006-03-03 00:00:00+09:00,-83160091.53153153,-88607259.0990991,-76623490.45045045,-80618080.0,120000,0.0,0.0
2006-03-06 00:00:00+09:00,-79528635.16981132,-81707501.88679245,-74807757.28301887,-76986624.0,40000,0.0,0.0
2006-03-07 00:00:00+09:00,-77349787.24637681,-78439220.86956522,-74444630.9178744,-75170920.0,40000,0.0,0.0
2006-03-08 00:00:00+09:00,-75897208.53846154,-77712931.23076923,-74081485.84615384,-75534064.0,10000,0.0,0.0
2006-03-09 00:00:00+09:00,-75897190.64150943,-79165490.71698113,-75534046.18867925,-76986624.0,40000,0.0,0.0
2006-03-10 00:00:00+09:00,-76260344.49760765,-76986633.49282296,-75897200.0,-75897200.0,10000,0.0,0.0
2006-03-13 00:00:00+09:00,-76986642.70531401,-76986642.70531401,-73355197.29468599,-75170920.0,10000,0.0,0.0
2006-03-14 00:00:00+09:00,-75170920.0,-76260353.6231884,-74444630.9178744,-75170920.0,10000,0.0,0.0
2006-03-15 00:00:00+09:00,-75897209.63106796,-75897209.63106796,-74081486.91262136,-74807776.0,6000,0.0,0.0
2006-03-16 00:00:00+09:00,-75170906.86567165,-75170906.86567165,-71539462.08955224,-72992040.0,20000,0.0,0.0
2006-03-17 00:00:00+09:00,-72628904.0,-72628904.0,-70813181.39999999,-72628904.0,7900,0.0,0.0
2006-03-20 00:00:00+09:00,-71176319.03030303,-71902608.0,-70086885.57575758,-71902608.0,10000,0.0,0.0
2006-03-21 00:00:00+09:00,-71902608.0,-71902608.0,-71902608.0,-71902608.0,0,0.0,0.0
2006-03-22 00:00:00+09:00,-71539472.0,-71902616.52791879,-70450038.41624366,-71539472.0,5500,0.0,0.0
2006-03-23 00:00:00+09:00,-71176329.07216495,-71902618.14432989,-69723750.92783505,-70450040.0,10000,0.0,0.0
2006-03-24 00:00:00+09:00,-70450038.41624366,-72265761.05583757,-70086893.88832487,-71539472.0,10000,0.0,0.0
2006-03-27 00:00:00+09:00,-71902611.44394618,-82433802.0089686,-71539466.94170403,-80981224.0,250000,0.0,0.0
2006-03-28 00:00:00+09:00,635852625.6761905,644850540.1904762,608858882.1333333,629854016.0,20000,2500.0,0.0
2006-03-29 00:00:00+09:00,620856137.0097088,626854747.0291263,602860306.9514563,617856832.0,10000,0.0,0.0
2006-03-30 00:00:00+09:00,614857572.3076924,626854793.2307693,611858267.0769231,623855488.0,8800,0.0,0.0
2006-03-31 00:00:00+09:00,626854690.9658536,626854690.9658536,608858862.5170732,614857472.0,9500,0.0,0.0
2006-04-03 00:00:00+09:00,635852587.285024,638851891.9420289,614857454.6859903,620856064.0,9900,0.0,0.0
2006-04-04 00:00:00+09:00,623855442.9295775,641851273.0140846,620856137.915493,638851968.0,20000,0.0,0.0
2006-04-05 00:00:00+09:00,638852014.1538461,638852014.1538461,617856877.5384616,623855488.0,9500,0.0,0.0
2006-04-06 00:00:00+09:00,614857572.3076924,623855488.0,614857572.3076924,623855488.0,6900,0.0,0.0
2006-04-07 00:00:00+09:00,623855415.1196172,626854720.0,614857500.4784689,626854720.0,6900,0.0,0.0
2006-04-10 00:00:00+09:00,623855415.1196172,626854720.0,620856110.2392344,626854720.0,6800,0.0,0.0
2006-04-11 00:00:00+09:00,623855415.1196172,626854720.0,614857500.4784689,626854720.0,5700,0.0,0.0
2006-04-12 00:00:00+09:00,629854009.5412844,704836629.7247707,626854704.733945,653848448.0,130000,0.0,0.0
2006-04-13 00:00:00+09:00,647849761.8113208,647849761.8113208,626854630.6415094,635852544.0,10000,0.0,0.0
2006-04-14 00:00:00+09:00,644850487.4074074,659847010.3703704,638851878.2222223,647849792.0,8500,0.0,0.0
2006-04-17 00:00:00+09:00,665845667.2293578,686840800.880734,632853314.3486239,653848448.0,40000,0.0,0.0
2006-04-18 00:00:00+09:00,638851844.9454546,665845584.8727273,638851844.9454546,659846976.0,10000,0.0,0.0
2006-04-19 00:00:00+09:00,656847755.0933334,689840108.0888889,656847755.0933334,674843584.0,20000,0.0,0.0
2006-04-20 00:00:00+09:00,683841411.4909091,683841411.4909091,647849758.2545456,659846976.0,10000,0.0,0.0
2006-04-21 00:00:00+09:00,659847043.1219512,659847043.1219512,614857472.0,614857472.0,20000,0.0,0.0
2006-04-24 00:00:00+09:00,596861640.7272727,617856773.8181818,584864421.8181818,593862336.0,10000,0.0,0.0
2006-04-25 00:00:00+09:00,602860279.1287129,623855413.2277228,590863059.6435643,605859584.0,10000,0.0,0.0
2006-04-26 00:00:00+09:00,596861643.5512195,614857472.0,590863034.0682926,614857472.0,6100,0.0,0.0
2006-04-27 00:00:00+09:00,617856681.3930348,617856681.3930348,593862247.1641791,602860160.0,10000,0.0,0.0
2006-04-28 00:00:00+09:00,593862327.3165829,596861632.0,587863717.9497488,596861632.0,4700,0.0,0.0
2006-05-01 00:00:00+09:00,596861695.0,596861695.0,572867255.0,575866560.0,10000,0.0,0.0
2006-05-02 00:00:00+09:00,578865883.6142132,599861019.2893401,572867273.4213198,590863104.0,6700,0.0,0.0
2006-05-03 00:00:00+09:00,590863104.0,590863104.0,590863104.0,590863104.0,0,0.0,0.0
2006-05-04 00:00:00+09:00,590863104.0,590863104.0,590863104.0,590863104.0,0,0.0,0.0
2006-05-05 00:00:00+09:00,590863104.0,590863104.0,590863104.0,590863104.0,0,0.0,0.0
2006-05-08 00:00:00+09:00,602860279.1287129,605859584.0,587863754.7722772,605859584.0,3700,0.0,0.0
2006-05-09 00:00:00+09:00,605859554.9090909,605859554.9090909,587863726.5454545,593862336.0,7600,0.0,0.0
2006-05-10 00:00:00+09:00,593862327.3165829,602860241.3668342,593862327.3165829,596861632.0,3300,0.0,0.0
2006-05-11 00:00:00+09:00,599860948.2926829,614857472.0,590863034.0682926,614857472.0,7800,0.0,0.0
2006-05-12 00:00:00+09:00,602860241.3668342,602860241.3668342,593862327.3165829,596861632.0,5100,0.0,0.0
2006-05-15 00:00:00+09:00,590863031.2727273,596861640.7272727,590863031.2727273,593862336.0,3900,0.0,0.0
2006-05-16 00:00:00+09:00,587863780.0,590863085.0,575866560.0,575866560.0,6600,0.0,0.0
2006-05-17 00:00:00+09:00,569867840.0,572867144.4210527,557870622.3157895,569867840.0,3000,0.0,0.0
2006-05-18 00:00:00+09:00,557870712.7422681,581865152.0,557870712.7422681,581865152.0,3700,0.0,0.0
2006-05-19 00:00:00+09:00,578865838.2769231,584864448.0,569867923.6923077,584864448.0,1300,0.0,0.0
2006-05-22 00:00:00+09:00,587863752.8615384,587863752.8615384,578865838.2769231,584864448.0,6900,0.0,0.0
2006-05-23 00:00:00+09:00,587863680.0,590862984.4897959,575866462.0408163,587863680.0,8400,0.0,0.0
2006-05-24 00:00:00+09:00,581865114.1361257,587863723.5602094,566868590.5759162,572867200.0,9300,0.0,0.0
2006-05-25 00:00:00+09:00,572867217.6084657,572867217.6084657,557870693.5873016,566868608.0,2500,0.0,0.0
2006-05-26 00:00:00+09:00,569867865.6684492,569867865.6684492,548872733.7754011,560869952.0,2900,0.0,0.0
2006-05-29 00:00:00+09:00,551872045.3485714,554871349.9428571,524878304.00000006,524878304.0,2800,0.0,0.0
2006-05-30 00:00:00+09:00,524878346.96132594,548872785.6795579,524878346.96132594,542874176.0,2700,0.0,0.0
2006-05-31 00:00:00+09:00,524878327.27272725,530876936.7272727,509881803.6363636,527877632.0,2700,0.0,0.0
2006-06-01 00:00:00+09:00,509881783.3918129,530876915.64912283,509881783.3918129,512881088.0,5000,0.0,0.0
2006-06-02 00:00:00+09:00,503883151.0588235,518879673.41176474,479888715.2941177,509881760.0,6000,0.0,0.0
2006-06-05 00:00:00+09:00,500883846.5882353,521878977.88235295,500883846.5882353,509881760.0,3500,0.0,0.0
2006-06-06 00:00:00+09:00,509881832.8994083,509881832.8994083,491886003.5029586,506882528.0,3100,0.0,0.0
2006-06-07 00:00:00+09:00,494885348.5714286,494885348.5714286,482888128.00000006,482888128.0,3100,0.0,0.0
2006-06-08 00:00:00+09:00,479888782.22222227,485887392.00000006,470890867.5555556,485887392.0,3400,0.0,0.0
2006-06-09 00:00:00+09:00,482888061.09090906,494885280.0,479888756.3636364,494885280.0,2200,0.0,0.0
2006-06-12 00:00:00+09:00,482888088.80473375,506882528.0,482888088.80473375,506882528.0,1100,0.0,0.0
2006-06-13 00:00:00+09:00,491885939.4219653,518879680.0,491885939.4219653,518879680.0,1400,0.0,0.0
2006-06-14 00:00:00+09:00,518879673.41176474,524878282.3529412,509881760.0,509881760.0,2500,0.0,0.0
2006-06-15 00:00:00+09:00,524878327.27272725,536875546.1818181,515880413.09090906,527877632.0,3000,0.0,0.0
2006-06-16 00:00:00+09:00,530876956.6408839,548872785.6795579,530876956.6408839,542874176.0,5000,0.0,0.0
2006-06-19 00:00:00+09:00,545873554.4888889,545873554.4888889,527877723.0222222,539874944.0,4700,0.0,0.0
2006-06-20 00:00:00+09:00,542874129.1620111,551872042.905028,536875520.0,536875520.0,3900,0.0,0.0
2006-06-21 00:00:00+09:00,560870017.6494845,620856115.7938144,551872102.9278351,581865152.0,10000,0.0,0.0
2006-06-22 00:00:00+09:00,584864436.8253969,587863741.6296297,560869998.3915344,566868608.0,3400,0.0,0.0
2006-06-23 00:00:00+09:00,563869282.7826086,563869282.7826086,539874845.2173913,551872064.0,2400,0.0,0.0
2006-06-26 00:00:00+09:00,551872038.3315508,560869952.0,545873429.2192514,560869952.0,2000,0.0,0.0
2006-06-27 00:00:00+09:00,548872841.1428572,548872841.1428572,539874925.7142857,545873536.0,900,0.0,0.0
2006-06-28 00:00:00+09:00,548872841.1428572,548872841.1428572,539874925.7142857,545873536.0,2200,0.0,0.0
2006-06-29 00:00:00+09:00,539874944.0,554871470.2222222,539874944.0,539874944.0,1100,0.0,0.0
2006-06-30 00:00:00+09:00,551872146.2857143,551872146.2857143,542874230.8571429,545873536.0,3200,0.0,0.0
2006-07-03 00:00:00+09:00,560870061.7142857,560870061.7142857,542874230.8571429,545873536.0,2800,0.0,0.0
2006-07-04 00:00:00+09:00,545873554.4888889,545873554.4888889,533876333.51111114,539874944.0,3200,0.0,0.0
2006-07-05 00:00:00+09:00,536875569.717514,536875569.717514,524878350.28248584,530876960.0,2800,0.0,0.0
2006-07-06 00:00:00+09:00,521879022.5454545,527877632.0,521879022.5454545,527877632.0,2600,0.0,0.0
2006-07-07 00:00:00+09:00,521879022.5454545,527877632.0,521879022.5454545,527877632.0,1200,0.0,0.0
2006-07-10 00:00:00+09:00,527877632.0,527877632.0,521879022.5454545,527877632.0,3700,0.0,0.0
2006-07-11 00:00:00+09:00,530876936.7272727,530876936.7272727,521879022.5454545,527877632.0,1500,0.0,0.0
2006-07-12 00:00:00+09:00,524878357.39644974,524878357.39644974,506882528.0,506882528.0,1500,0.0,0.0
2006-07-13 00:00:00+09:00,512881064.47058827,530876891.2941177,509881760.0,509881760.0,2900,0.0,0.0
2006-07-14 00:00:00+09:00,506882478.7836258,512881088.00000006,491885955.7426901,512881088.0,4300,0.0,0.0
2006-07-17 00:00:00+09:00,512881088.00000006,512881088.00000006,512881088.00000006,512881088.0,0,0.0,0.0
2006-07-18 00:00:00+09:00,491886067.61290324,503883288.7741936,464892320.00000006,464892320.0,9600,0.0,0.0
2006-07-19 00:00:00+09:00,464892320.00000006,479888846.45161295,464892320.00000006,464892320.0,3400,0.0,0.0
2006-07-20 00:00:00+09:00,467891575.0318472,479888794.90445864,467891575.0318472,470890880.0,4500,0.0,0.0
2006-07-21 00:00:00+09:00,467891575.0318472,470890880.0,464892270.0636943,470890880.0,2200,0.0,0.0
2006-07-24 00:00:00+09:00,464892320.00000006,464892320.00000006,464892320.00000006,464892320.0,4200,0.0,0.0
2006-07-25 00:00:00+09:00,479888850.6329114,479888850.6329114,473890239.99999994,473890240.0,1000,0.0,0.0
2006-07-26 00:00:00+09:00,482888137.62091506,482888137.62091506,458893696.0,458893696.0,500,0.0,0.0
2006-07-27 00:00:00+09:00,458893713.4177215,473890239.99999994,452895102.7848101,473890240.0,1900,0.0,0.0
2006-07-28 00:00:00+09:00,479888822.85714287,482888128.00000006,479888822.85714287,482888128.0,1600,0.0,0.0
2006-07-31 00:00:00+09:00,482888040.6,488886649.8,479888736.00000006,479888736.0,2500,0.0,0.0
2006-08-01 00:00:00+09:00,482888128.00000006,482888128.00000006,482888128.00000006,482888128.0,400,0.0,0.0
2006-08-02 00:00:00+09:00,482888040.6,482888040.6,476889431.40000004,479888736.0,2600,0.0,0.0
2006-08-03 00:00:00+09:00,482888128.00000006,488886738.2857143,479888822.85714287,482888128.0,1600,0.0,0.0
2006-08-04 00:00:00+09:00,476889468.66257674,488886688.0,476889468.66257674,488886688.0,1300,0.0,0.0
2006-08-07 00:00:00+09:00,488886670.5454545,494885280.0,482888061.09090906,494885280.0,3200,0.0,0.0
2006-08-08 00:00:00+09:00,497884608.0,497884608.0,491885998.26506025,497884608.0,900,0.0,0.0
2006-08-09 00:00:00+09:00,494885280.0,494885280.0,488886670.5454545,494885280.0,1400,0.0,0.0
2006-08-10 00:00:00+09:00,488886670.5454545,494885280.0,488886670.5454545,494885280.0,600,0.0,0.0
2006-08-11 00:00:00+09:00,485887392.00000006,485887392.00000006,482888087.11111116,485887392.0,700,0.0,0.0
2006-08-14 00:00:00+09:00,488886696.8888889,488886696.8888889,485887392.00000006,485887392.0,400,0.0,0.0
2006-08-15 00:00:00+09:00,485887383.16564417,488886688.0,482888078.33128834,488886688.0,800,0.0,0.0
2006-08-16 00:00:00+09:00,485887388.5301205,497884608.0,485887388.5301205,497884608.0,1100,0.0,0.0
2006-08-17 00:00:00+09:00,494885303.13253015,497884608.0,494885303.13253015,497884608.0,600,0.0,0.0
2006-08-18 00:00:00+09:00,494885221.39534885,533876178.23255813,482888003.90697676,515880352.0,10000,0.0,0.0
2006-08-21 00:00:00+09:00,509881803.6363636,542874155.6363636,509881803.6363636,527877632.0,10000,0.0,0.0
2006-08-22 00:00:00+09:00,536875528.6292136,539874833.258427,533876224.00000006,533876224.0,7100,0.0,0.0
2006-08-23 00:00:00+09:00,524878350.28248584,530876959.99999994,524878350.28248584,530876960.0,2100,0.0,0.0
2006-08-24 00:00:00+09:00,530876936.7272727,530876936.7272727,521879022.5454545,527877632.0,500,0.0,0.0
2006-08-25 00:00:00+09:00,539874826.9714286,539874826.9714286,524878304.00000006,524878304.0,2100,0.0,0.0
2006-08-28 00:00:00+09:00,515880368.9411765,518879673.41176474,500883846.5882353,509881760.0,3000,0.0,0.0
2006-08-29 00:00:00+09:00,509881832.8994083,512881137.79881656,500883918.20118344,506882528.0,1800,0.0,0.0
2006-08-30 00:00:00+09:00,494885167.9041916,500883776.0,491885863.8562874,500883776.0,2500,0.0,0.0
2006-08-31 00:00:00+09:00,494885280.0,494885280.0,494885280.0,494885280.0,2000,0.0,0.0
2006-09-01 00:00:00+09:00,500883912.8674699,506882522.60240966,497884608.0,497884608.0,1400,0.0,0.0
2006-09-04 00:00:00+09:00,497884590.4761905,506882504.7619048,497884590.4761905,503883200.0,1100,0.0,0.0
2006-09-05 00:00:00+09:00,509881760.0,509881760.0,503883151.0588235,509881760.0,2100,0.0,0.0
2006-09-06 00:00:00+09:00,512881064.47058827,512881064.47058827,509881760.0,509881760.0,1900,0.0,0.0
2006-09-07 00:00:00+09:00,506882528.0,506882528.0,506882528.0,506882528.0,1200,0.0,0.0
2006-09-08 00:00:00+09:00,503883200.00000006,506882504.7619048,503883200.00000006,503883200.0,1500,0.0,0.0
2006-09-11 00:00:00+09:00,500883912.8674699,500883912.8674699,497884608.0,497884608.0,400,0.0,0.0
2006-09-12 00:00:00+09:00,503883080.0479042,503883080.0479042,500883776.0,500883776.0,700,0.0,0.0
2006-09-13 00:00:00+09:00,497884584.7272727,497884584.7272727,491885975.27272725,494885280.0,700,0.0,0.0
2006-09-14 00:00:00+09:00,488886649.8,488886649.8,476889431.40000004,479888736.0,2300,0.0,0.0
2006-09-15 00:00:00+09:00,485887365.8181818,494885280.0,449895709.09090906,494885280.0,6500,0.0,0.0
2006-09-18 00:00:00+09:00,494885280.0,494885280.0,494885280.0,494885280.0,0,0.0,0.0
2006-09-19 00:00:00+09:00,497884608.0,503883217.7349398,491885998.26506025,497884608.0,1200,0.0,0.0
2006-09-20 00:00:00+09:00,497884608.0,497884608.0,497884608.0,497884608.0,0,0.0,0.0
2006-09-21 00:00:00+09:00,494885372.90322584,497884678.19354844,464892320.00000006,464892320.0,1200,0.0,0.0
2006-09-22 00:00:00+09:00,479888736.00000006,479888736.00000006,467891517.6,479888736.0,4500,0.0,0.0
2006-09-25 00:00:00+09:00,476889477.3333334,485887392.00000006,476889477.3333334,485887392.0,1200,0.0,0.0
2006-09-26 00:00:00+09:00,482888040.6,491885954.40000004,479888736.00000006,479888736.0,900,0.0,0.0
2006-09-27 00:00:00+09:00,479888774.73684216,479888774.73684216,455894336.00000006,455894336.0,2600,0.0,0.0
2006-09-28 00:00:00+09:00,464892190.1886792,488886625.8113208,464892190.1886792,476889408.0,1500,0.0,0.0
2006-09-29 00:00:00+09:00,479888736.00000006,479888736.00000006,479888736.00000006,479888736.0,200,0.0,0.0
2006-10-02 00:00:00+09:00,485887365.8181818,494885280.0,479888756.3636364,494885280.0,900,0.0,0.0
2006-10-03 00:00:00+09:00,497884561.1707317,497884561.1707317,491885952.00000006,491885952.0,400,0.0,0.0
2006-10-04 00:00:00+09:00,488886696.8888889,491886001.7777778,485887392.00000006,485887392.0,1300,0.0,0.0
2006-10-05 00:00:00+09:00,494885308.4023669,548872796.591716,485887393.70414203,506882528.0,70000,0.0,0.0
2006-10-06 00:00:00+09:00,488886688.0,503883212.17177916,482888078.33128834,488886688.0,5900,0.0,0.0
2006-10-09 00:00:00+09:00,488886688.0,488886688.0,488886688.0,488886688.0,0,0.0,0.0
2006-10-10 00:00:00+09:00,488886738.2857143,488886738.2857143,476889517.71428573,482888128.0,1700,0.0,0.0
2006-10-11 00:00:00+09:00,476889431.40000004,479888736.00000006,473890126.8,479888736.0,700,0.0,0.0
2006-10-12 00:00:00+09:00,470890822.20000005,479888736.00000006,467891517.6,479888736.0,800,0.0,0.0
2006-10-13 00:00:00+09:00,473890126.8,479888736.00000006,464892213.00000006,479888736.0,2200,0.0,0.0
2006-10-16 00:00:00+09:00,458893686.85714287,482888128.00000006,458893686.85714287,482888128.0,1900,0.0,0.0
2006-10-17 00:00:00+09:00,470890880.0,470890880.0,449895745.22292995,470890880.0,8600,0.0,0.0
2006-10-18 00:00:00+09:00,464892200.51948047,464892200.51948047,461892895.99999994,461892896.0,900,0.0,0.0
2006-10-19 00:00:00+09:00,476889489.93630576,482888099.87261146,470890880.0,470890880.0,1700,0.0,0.0
2006-10-20 00:00:00+09:00,476889408.0,488886625.8113208,464892190.1886792,476889408.0,10000,0.0,0.0
2006-10-23 00:00:00+09:00,485887345.20000005,485887345.20000005,470890822.20000005,479888736.0,1000,0.0,0.0
2006-10-24 00:00:00+09:00,473890184.9681529,479888794.90445864,470890880.0,470890880.0,600,0.0,0.0
2006-10-25 00:00:00+09:00,470890880.0,470890880.0,470890880.0,470890880.0,0,0.0,0.0
2006-10-26 00:00:00+09:00,470890934.6835443,473890239.99999994,470890934.6835443,473890240.0,300,0.0,0.0
2006-10-27 00:00:00+09:00,470890880.0,473890184.9681529,470890880.0,470890880.0,500,0.0,0.0
2006-10-30 00:00:00+09:00,470890809.5584415,470890809.5584415,461892895.99999994,461892896.0,300,0.0,0.0
2006-10-31 00:00:00+09:00,464892183.5897436,467891488.00000006,464892183.5897436,467891488.0,400,0.0,0.0
2006-11-01 00:00:00+09:00,467891517.6,485887345.20000005,467891517.6,479888736.0,1500,0.0,0.0
2006-11-02 00:00:00+09:00,485887392.00000006,485887392.00000006,485887392.00000006,485887392.0,300,0.0,0.0
2006-11-03 00:00:00+09:00,485887392.00000006,485887392.00000006,485887392.00000006,485887392.0,0,0.0,0.0
2006-11-06 00:00:00+09:00,470890799.0943396,476889408.0,470890799.0943396,476889408.0,1000,0.0,0.0
2006-11-07 00:00:00+09:00,476889408.0,476889408.0,476889408.0,476889408.0,0,0.0,0.0
2006-11-08 00:00:00+09:00,458893552.5298013,458893552.5298013,452894944.0,452894944.0,2000,0.0,0.0
2006-11-09 00:00:00+09:00,452895048.96,455894353.91999996,449895744.0,449895744.0,1000,0.0,0.0
2006-11-10 00:00:00+09:00,449895744.0,455894353.91999996,449895744.0,449895744.0,1200,0.0,0.0
2006-11-13 00:00:00+09:00,446896335.4701987,452894944.0,446896335.4701987,452894944.0,3100,0.0,0.0
2006-11-14 00:00:00+09:00,452895031.1578948,455894336.00000006,452895031.1578948,455894336.0,1000,0.0,0.0
2006-11-15 00:00:00+09:00,452894944.0,452894944.0,449895639.7350993,452894944.0,2300,0.0,0.0
2006-11-16 00:00:00+09:00,449895744.0,452895048.96,449895744.0,449895744.0,1900,0.0,0.0
2006-11-17 00:00:00+09:00,449895744.0,449895744.0,446896439.03999996,449895744.0,1900,0.0,0.0
2006-11-20 00:00:00+09:00,443897156.4444444,443897156.4444444,425901325.77777773,431899936.0,1200,0.0,0.0
2006-11-21 00:00:00+09:00,419902590.2702703,443897024.00000006,419902590.2702703,443897024.0,3400,0.0,0.0
2006-11-22 00:00:00+09:00,443897096.707483,443897096.707483,440897792.0,440897792.0,1300,0.0,0.0
2006-11-23 00:00:00+09:00,440897792.0,440897792.0,440897792.0,440897792.0,0,0.0,0.0
2006-11-24 00:00:00+09:00,440897792.0,440897792.0,425901268.46258503,440897792.0,900,0.0,0.0
2006-11-27 00:00:00+09:00,434899127.67123294,437898432.00000006,434899127.67123294,437898432.0,700,0.0,0.0
2006-11-28 00:00:00+09:00,437898432.00000006,437898432.00000006,437898432.00000006,437898432.0,0,0.0,0.0
2006-11-29 00:00:00+09:00,443897024.00000006,443897024.00000006,443897024.00000006,443897024.0,400,0.0,0.0
2006-11-30 00:00:00+09:00,446896328.21621627,446896328.21621627,440897719.7837838,443897024.0,700,0.0,0.0
2006-12-01 00:00:00+09:00,446896328.21621627,446896328.21621627,437898415.5675676,443897024.0,1100,0.0,0.0
2006-12-04 00:00:00+09:00,437898487.292517,440897792.0,434899182.585034,440897792.0,400,0.0,0.0
2006-12-05 00:00:00+09:00,443897024.00000006,443897024.00000006,443897024.00000006,443897024.0,200,0.0,0.0
2006-12-06 00:00:00+09:00,443897024.00000006,443897024.00000006,443897024.00000006,443897024.0,400,0.0,0.0
2006-12-07 00:00:00+09:00,446896344.9863014,446896344.9863014,437898432.00000006,437898432.0,700,0.0,0.0
2006-12-08 00:00:00+09:00,440897792.0,440897792.0,440897792.0,440897792.0,300,0.0,0.0
2006-12-11 00:00:00+09:00,446896344.9863014,446896344.9863014,437898432.00000006,437898432.0,1000,0.0,0.0
2006-12-12 00:00:00+09:00,446896344.9863014,446896344.9863014,425901214.6849315,437898432.0,3500,0.0,0.0
2006-12-13 00:00:00+09:00,428900519.01369864,437898432.00000006,425901214.6849315,437898432.0,1600,0.0,0.0
2006-12-14 00:00:00+09:00,431899935.99999994,434899241.1111111,431899935.99999994,431899936.0,900,0.0,0.0
2006-12-15 00:00:00+09:00,437898504.82758623,437898504.82758623,434899200.0,434899200.0,600,0.0,0.0
2006-12-18 00:00:00+09:00,434899127.67123294,440897736.3287672,428900519.01369864,437898432.0,5400,0.0,0.0
2006-12-19 00:00:00+09:00,431899935.99999994,431899935.99999994,428900630.88888884,431899936.0,2200,0.0,0.0
2006-12-20 00:00:00+09:00,419902701.971831,425901312.0,419902701.971831,425901312.0,1700,0.0,0.0
2006-12-21 00:00:00+09:00,428900544.0,428900544.0,425901239.4965035,428900544.0,2100,0.0,0.0
2006-12-22 00:00:00+09:00,428900617.0140845,428900617.0140845,422902006.9859155,425901312.0,1400,0.0,0.0
2006-12-25 00:00:00+09:00,425901265.37142855,428900570.05714285,419902656.0,419902656.0,1300,0.0,0.0
2006-12-26 00:00:00+09:00,422901960.68571424,422901960.68571424,413904046.6285714,419902656.0,2200,0.0,0.0
2006-12-27 00:00:00+09:00,416903351.3142857,419902656.0,416903351.3142857,419902656.0,600,0.0,0.0
2006-12-28 00:00:00+09:00,419902656.0,419902656.0,419902656.0,419902656.0,900,0.0,0.0
2006-12-29 00:00:00+09:00,419902656.0,419902656.0,419902656.0,419902656.0,0,0.0,0.0
2007-01-04 00:00:00+09:00,425901312.0,425901312.0,425901312.0,425901312.0,100,0.0,0.0
2007-01-05 00:00:00+09:00,419902656.0,422901960.68571424,419902656.0,419902656.0,800,0.0,0.0
2007-01-09 00:00:00+09:00,425901192.1702128,425901192.1702128,422901888.0,422901888.0,700,0.0,0.0
2007-01-10 00:00:00+09:00,425901312.0,425901312.0,425901312.0,425901312.0,200,0.0,0.0
2007-01-11 00:00:00+09:00,422901934.993007,428900544.0,422901934.993007,428900544.0,1600,0.0,0.0
2007-01-12 00:00:00+09:00,428900617.0140845,428900617.0140845,422902006.9859155,425901312.0,1700,0.0,0.0
2007-01-15 00:00:00+09:00,428900519.01369864,443897040.6575343,425901214.6849315,437898432.0,2100,0.0,0.0
2007-01-16 00:00:00+09:00,443897114.48275864,446896419.3103448,434899200.0,434899200.0,700,0.0,0.0
2007-01-17 00:00:00+09:00,440897719.7837838,443897024.00000006,440897719.7837838,443897024.0,900,0.0,0.0
2007-01-18 00:00:00+09:00,446896439.03999996,449895744.0,443897134.08,449895744.0,1100,0.0,0.0
2007-01-19 00:00:00+09:00,452895031.1578948,458893640.84210527,452895031.1578948,455894336.0,1500,0.0,0.0
2007-01-22 00:00:00+09:00,461893001.2026144,461893001.2026144,458893696.0,458893696.0,500,0.0,0.0
2007-01-23 00:00:00+09:00,452895048.96,455894353.91999996,446896439.03999996,449895744.0,1500,0.0,0.0
2007-01-24 00:00:00+09:00,455894336.00000006,455894336.00000006,455894336.00000006,455894336.0,500,0.0,0.0
2007-01-25 00:00:00+09:00,452894936.6486487,452894936.6486487,443897024.00000006,443897024.0,800,0.0,0.0
2007-01-26 00:00:00+09:00,440897719.7837838,443897024.00000006,440897719.7837838,443897024.0,400,0.0,0.0
2007-01-29 00:00:00+09:00,461892945.68421054,461892945.68421054,446896421.47368425,455894336.0,2000,0.0,0.0
2007-01-30 00:00:00+09:00,458893709.41935486,470890930.5806452,458893709.41935486,464892320.0,1700,0.0,0.0
2007-01-31 00:00:00+09:00,461892963.84,461892963.84,443897134.08,449895744.0,1500,0.0,0.0
2007-02-01 00:00:00+09:00,452895025.6107382,458893635.2214765,446896416.0,446896416.0,900,0.0,0.0
2007-02-02 00:00:00+09:00,446896439.03999996,449895744.0,446896439.03999996,449895744.0,300,0.0,0.0
2007-02-05 00:00:00+09:00,449895632.4324325,449895632.4324325,443897024.00000006,443897024.0,1700,0.0,0.0
2007-02-06 00:00:00+09:00,437898432.00000006,437898432.00000006,437898432.00000006,437898432.0,100,0.0,0.0
2007-02-07 00:00:00+09:00,437898415.5675676,443897024.00000006,437898415.5675676,443897024.0,300,0.0,0.0
2007-02-08 00:00:00+09:00,443897040.6575343,443897040.6575343,437898432.00000006,437898432.0,400,0.0,0.0
2007-02-09 00:00:00+09:00,434899200.0,434899200.0,434899200.0,434899200.0,700,0.0,0.0
2007-02-13 00:00:00+09:00,434899241.1111111,434899241.1111111,431899935.99999994,431899936.0,1000,0.0,0.0
2007-02-14 00:00:00+09:00,431899922.02816904,434899227.04225355,425901312.0,425901312.0,1200,0.0,0.0
2007-02-15 00:00:00+09:00,452895025.6107382,452895025.6107382,446896416.0,446896416.0,500,0.0,0.0
2007-02-16 00:00:00+09:00,440897809.6551724,440897809.6551724,434899200.0,434899200.0,600,0.0,0.0
2007-02-19 00:00:00+09:00,434899200.0,434899200.0,434899200.0,434899200.0,200,0.0,0.0
2007-02-20 00:00:00+09:00,437898457.5104895,437898457.5104895,428900544.0,428900544.0,400,0.0,0.0
2007-02-21 00:00:00+09:00,428900544.0,428900544.0,428900544.0,428900544.0,100,0.0,0.0
2007-02-22 00:00:00+09:00,428900544.0,428900544.0,428900544.0,428900544.0,700,0.0,0.0
2007-02-23 00:00:00+09:00,425901312.0,425901312.0,425901312.0,425901312.0,2100,0.0,0.0
2007-02-26 00:00:00+09:00,431899895.1724138,437898504.82758623,431899895.1724138,434899200.0,700,0.0,0.0
2007-02-27 00:00:00+09:00,428900590.3448276,437898504.82758623,428900590.3448276,434899200.0,1000,0.0,0.0
2007-02-28 00:00:00+09:00,428900617.0140845,428900617.0140845,422902006.9859155,425901312.0,400,0.0,0.0
2007-03-01 00:00:00+09:00,437898432.00000006,437898432.00000006,437898432.00000006,437898432.0,100,0.0,0.0
2007-03-02 00:00:00+09:00,422902020.6666666,431899935.99999994,422902020.6666666,431899936.0,300,0.0,0.0
2007-03-05 00:00:00+09:00,428900546.07194245,428900546.07194245,416903328.0,416903328.0,1400,0.0,0.0
2007-03-06 00:00:00+09:00,416903351.3142857,419902656.0,416903351.3142857,419902656.0,400,0.0,0.0
2007-03-07 00:00:00+09:00,419902632.5179856,419902632.5179856,416903328.0,416903328.0,500,0.0,0.0
2007-03-08 00:00:00+09:00,425901312.0,425901312.0,425901312.0,425901312.0,300,0.0,0.0
2007-03-09 00:00:00+09:00,428900544.0,428900544.0,428900544.0,428900544.0,200,0.0,0.0
2007-03-12 00:00:00+09:00,428900570.05714285,431899874.7428571,419902656.0,419902656.0,1500,0.0,0.0
2007-03-13 00:00:00+09:00,419902675.86206895,434899200.0,419902675.86206895,434899200.0,300,0.0,0.0
2007-03-14 00:00:00+09:00,425901241.5539568,425901241.5539568,416903328.0,416903328.0,400,0.0,0.0
2007-03-15 00:00:00+09:00,431899935.99999994,431899935.99999994,431899935.99999994,431899936.0,200,0.0,0.0
2007-03-16 00:00:00+09:00,431899935.99999994,431899935.99999994,419902715.5555555,431899936.0,1100,0.0,0.0
2007-03-19 00:00:00+09:00,431899935.99999994,431899935.99999994,431899935.99999994,431899936.0,300,0.0,0.0
2007-03-20 00:00:00+09:00,431899935.99999994,431899935.99999994,431899935.99999994,431899936.0,200,0.0,0.0
2007-03-22 00:00:00+09:00,434899200.0,434899200.0,431899895.1724138,434899200.0,400,0.0,0.0
2007-03-23 00:00:00+09:00,434899127.67123294,437898432.00000006,431899823.34246576,437898432.0,1200,0.0,0.0
2007-03-26 00:00:00+09:00,437898504.82758623,437898504.82758623,434899200.0,434899200.0,800,0.0,0.0
2007-03-27 00:00:00+09:00,-596433216.0,-596433216.0,-596433216.0,-596433216.0,100,2500.0,0.0
2007-03-28 00:00:00+09:00,-596433216.0,-596433216.0,-596433216.0,-596433216.0,300,0.0,0.0
2007-03-29 00:00:00+09:00,-596433216.0,-596433216.0,-596433216.0,-596433216.0,0,0.0,0.0
2007-03-30 00:00:00+09:00,-579865600.0,-579865600.0,-579865600.0,-579865600.0,300,0.0,0.0
2007-04-02 00:00:00+09:00,-588149440.0,-588149440.0,-588149440.0,-588149440.0,200,0.0,0.0
2007-04-03 00:00:00+09:00,-588149440.0,-588149440.0,-588149440.0,-588149440.0,0,0.0,0.0
2007-04-04 00:00:00+09:00,-584007424.0,-584007424.0,-584007424.0,-584007424.0,100,0.0,0.0
2007-04-05 00:00:00+09:00,-588149440.0,-588149440.0,-588149440.0,-588149440.0,200,0.0,0.0
2007-04-06 00:00:00+09:00,-579865600.0,-579865600.0,-579865600.0,-579865600.0,700,0.0,0.0
2007-04-09 00:00:00+09:00,-588149440.0,-588149440.0,-588149440.0,-588149440.0,1100,0.0,0.0
2007-04-10 00:00:00+09:00,-579865600.0,-579865600.0,-579865600.0,-579865600.0,400,0.0,0.0
2007-04-11 00:00:00+09:00,-588149440.0,-588149440.0,-588149440.0,-588149440.0,500,0.0,0.0
2007-04-12 00:00:00+09:00,-579865573.1468531,-592291264.0,-579865573.1468531,-592291264.0,700,0.0,0.0
2007-04-13 00:00:00+09:00,-592291291.4285713,-592291291.4285713,-579865600.0,-579865600.0,1800,0.0,0.0
2007-04-16 00:00:00+09:00,-579865609.2086331,-579865609.2086331,-575723712.0,-575723712.0,900,0.0,0.0
2007-04-17 00:00:00+09:00,-559156114.2857143,-579865600.0,-555014217.1428571,-579865600.0,1100,0.0,0.0
2007-04-18 00:00:00+09:00,-579865600.0,-579865600.0,-579865600.0,-579865600.0,0,0.0,0.0
2007-04-19 00:00:00+09:00,-579865600.0,-579865600.0,-579865600.0,-579865600.0,300,0.0,0.0
2007-04-20 00:00:00+09:00,-579865600.0,-579865600.0,-579865600.0,-579865600.0,0,0.0,0.0
2007-04-23 00:00:00+09:00,-579865590.4477612,-579865590.4477612,-555014208.0,-555014208.0,700,0.0,0.0
2007-04-24 00:00:00+09:00,-559156160.0,-559156160.0,-546730467.5555555,-559156160.0,500,0.0,0.0
2007-04-25 00:00:00+09:00,-559156160.0,-559156160.0,-559156160.0,-559156160.0,0,0.0,0.0
2007-04-26 00:00:00+09:00,-575723749.9259259,-584007544.8888888,-559156160.0,-559156160.0,1500,0.0,0.0
2007-04-27 00:00:00+09:00,-571581760.0,-571581760.0,-571581760.0,-571581760.0,200,0.0,0.0
2007-05-01 00:00:00+09:00,-571581760.0,-571581760.0,-571581760.0,-571581760.0,100,0.0,0.0
2007-05-02 00:00:00+09:00,-571581760.0,-571581760.0,-571581760.0,-571581760.0,0,0.0,0.0
2007-05-07 00:00:00+09:00,-579865555.862069,-600575040.0,-579865555.862069,-600575040.0,1600,0.0,0.0
2007-05-08 00:00:00+09:00,-600575040.0,-600575040.0,-600575040.0,-600575040.0,0,0.0,0.0
2007-05-09 00:00:00+09:00,-575723747.6056339,-588149440.0,-575723747.6056339,-588149440.0,200,0.0,0.0
2007-05-10 00:00:00+09:00,-588149440.0,-588149440.0,-588149440.0,-588149440.0,0,0.0,0.0
2007-05-11 00:00:00+09:00,-567439837.5035461,-584007424.0,-567439837.5035461,-584007424.0,500,0.0,0.0
2007-05-14 00:00:00+09:00,-592291320.0583942,-596433217.4014598,-567439936.0,-567439936.0,300,0.0,0.0
2007-05-15 00:00:00+09:00,-550872320.0,-579865600.0,-550872320.0,-579865600.0,400,0.0,0.0
2007-05-16 00:00:00+09:00,-559156105.0746269,-559156105.0746269,-550872310.9253732,-555014208.0,800,0.0,0.0
2007-05-17 00:00:00+09:00,-571581760.0,-571581760.0,-571581760.0,-571581760.0,600,0.0,0.0
2007-05-18 00:00:00+09:00,-571581760.0,-571581760.0,-571581760.0,-571581760.0,300,0.0,0.0
2007-05-21 00:00:00+09:00,-550872328.7482014,-575723712.0,-550872328.7482014,-575723712.0,700,0.0,0.0
2007-05-22 00:00:00+09:00,-575723712.0,-575723712.0,-575723712.0,-575723712.0,0,0.0,0.0
2007-05-23 00:00:00+09:00,-559156179.2481203,-571581872.1203008,-550872384.0,-550872384.0,500,0.0,0.0
2007-05-24 00:00:00+09:00,-563298038.6569343,-567439936.0,-563298038.6569343,-567439936.0,200,0.0,0.0
2007-05-25 00:00:00+09:00,-559156087.0588236,-563297984.0,-559156087.0588236,-563297984.0,700,0.0,0.0
2007-05-28 00:00:00+09:00,-555014243.9708029,-567439936.0,-555014243.9708029,-567439936.0,300,0.0,0.0
2007-05-29 00:00:00+09:00,-571581760.0,-571581760.0,-571581760.0,-571581760.0,300,0.0,0.0
2007-05-30 00:00:00+09:00,-575723712.0,-575723712.0,-575723712.0,-575723712.0,100,0.0,0.0
2007-05-31 00:00:00+09:00,-550872328.7482014,-575723712.0,-550872328.7482014,-575723712.0,1200,0.0,0.0
2007-06-01 00:00:00+09:00,-575723712.0,-575723712.0,-575723712.0,-575723712.0,400,0.0,0.0
2007-06-04 00:00:00+09:00,-575723712.0,-575723712.0,-575723712.0,-575723712.0,200,0.0,0.0
2007-06-05 00:00:00+09:00,-575723656.8115942,-575723656.8115942,-563297966.3768116,-571581760.0,500,0.0,0.0
2007-06-06 00:00:00+09:00,-575723712.0,-575723712.0,-575723712.0,-575723712.0,200,0.0,0.0
2007-06-07 00:00:00+09:00,-571581777.882353,-571581777.882353,-563297984.0,-563297984.0,200,0.0,0.0
2007-06-08 00:00:00+09:00,-567439863.1884058,-571581760.0,-567439863.1884058,-571581760.0,300,0.0,0.0
2007-06-11 00:00:00+09:00,-575723656.8115942,-575723656.8115942,-571581760.0,-571581760.0,400,0.0,0.0
2007-06-12 00:00:00+09:00,-575723656.8115942,-575723656.8115942,-571581760.0,-571581760.0,200,0.0,0.0
2007-06-13 00:00:00+09:00,-571581760.0,-571581760.0,-571581760.0,-571581760.0,0,0.0,0.0
2007-06-14 00:00:00+09:00,-571581833.3430656,-571581833.3430656,-567439936.0,-567439936.0,400,0.0,0.0
2007-06-15 00:00:00+09:00,-567439936.0,-567439936.0,-555014243.9708029,-567439936.0,3300,0.0,0.0
2007-06-18 00:00:00+09:00,-567439863.1884058,-600575037.6811594,-559156069.5652174,-571581760.0,7300,0.0,0.0
2007-06-19 00:00:00+09:00,-567439936.0,-567439936.0,-567439936.0,-567439936.0,400,0.0,0.0
2007-06-20 00:00:00+09:00,-559156087.0588236,-563297984.0,-559156087.0588236,-563297984.0,400,0.0,0.0
2007-06-21 00:00:00+09:00,-559156069.5652174,-571581760.0,-559156069.5652174,-571581760.0,1000,0.0,0.0
2007-06-22 00:00:00+09:00,-567439936.0,-567439936.0,-567439936.0,-567439936.0,300,0.0,0.0
2007-06-25 00:00:00+09:00,-567439863.1884058,-571581760.0,-567439863.1884058,-571581760.0,1600,0.0,0.0
2007-06-26 00:00:00+09:00,-563297984.0,-563297984.0,-563297984.0,-563297984.0,300,0.0,0.0
2007-06-27 00:00:00+09:00,-559156160.0,-567439954.962963,-559156160.0,-559156160.0,0,0.0,0.0
2007-06-28 00:00:00+09:00,-567439936.0,-567439936.0,-567439936.0,-567439936.0,600,0.0,0.0
2007-06-29 00:00:00+09:00,-555014190.117647,-567439880.9411765,-555014190.117647,-563297984.0,5600,0.0,0.0
2007-07-02 00:00:00+09:00,-563297984.0,-563297984.0,-563297984.0,-563297984.0,400,0.0,0.0
2007-07-03 00:00:00+09:00,-563297984.0,-563297984.0,-563297984.0,-563297984.0,700,0.0,0.0
2007-07-04 00:00:00+09:00,-563298002.1492537,-563298002.1492537,-555014208.0,-555014208.0,300,0.0,0.0
2007-07-05 00:00:00+09:00,-563298057.4814814,-563298057.4814814,-559156160.0,-559156160.0,1000,0.0,0.0
2007-07-06 00:00:00+09:00,-555014190.117647,-563297984.0,-555014190.117647,-563297984.0,2300,0.0,0.0
2007-07-09 00:00:00+09:00,-567439863.1884058,-571581760.0,-563297966.3768116,-571581760.0,2200,0.0,0.0
2007-07-10 00:00:00+09:00,-567439863.1884058,-571581760.0,-567439863.1884058,-571581760.0,1800,0.0,0.0
2007-07-11 00:00:00+09:00,-555014208.0,-555014208.0,-555014208.0,-555014208.0,100,0.0,0.0
2007-07-12 00:00:00+09:00,-563297984.0,-563297984.0,-555014190.117647,-563297984.0,900,0.0,0.0
2007-07-13 00:00:00+09:00,-563297984.0,-563297984.0,-563297984.0,-563297984.0,0,0.0,0.0
2007-07-17 00:00:00+09:00,-563297984.0,-563297984.0,-563297984.0,-563297984.0,1500,0.0,0.0
2007-07-18 00:00:00+09:00,-563297984.0,-563297984.0,-563297984.0,-563297984.0,500,0.0,0.0
2007-07-19 00:00:00+09:00,-563297984.0,-563297984.0,-563297984.0,-563297984.0,800,0.0,0.0
2007-07-20 00:00:00+09:00,-555014281.6240602,-563298076.8721805,-550872384.0,-550872384.0,600,0.0,0.0
2007-07-23 00:00:00+09:00,-555014281.6240602,-559156179.2481203,-550872384.0,-550872384.0,1800,0.0,0.0
2007-07-24 00:00:00+09:00,-550872365.037037,-559156160.0,-550872365.037037,-559156160.0,1400,0.0,0.0
2007-07-25 00:00:00+09:00,-559156160.0,-559156160.0,-559156160.0,-559156160.0,500,0.0,0.0
2007-07-26 00:00:00+09:00,-559156160.0,-559156160.0,-559156160.0,-559156160.0,700,0.0,0.0
2007-07-27 00:00:00+09:00,-559156160.0,-559156160.0,-559156160.0,-559156160.0,500,0.0,0.0
2007-07-30 00:00:00+09:00,-559156160.0,-559156160.0,-546730467.5555555,-559156160.0,600,0.0,0.0
2007-07-31 00:00:00+09:00,-555014281.6240602,-555014281.6240602,-550872384.0,-550872384.0,200,0.0,0.0
2007-08-01 00:00:00+09:00,-555014208.0,-555014208.0,-555014208.0,-555014208.0,700,0.0,0.0
2007-08-02 00:00:00+09:00,-559156087.0588236,-563297984.0,-559156087.0588236,-563297984.0,1100,0.0,0.0
2007-08-03 00:00:00+09:00,-563298057.4814814,-563298057.4814814,-559156160.0,-559156160.0,1100,0.0,0.0
2007-08-06 00:00:00+09:00,-563298057.4814814,-563298057.4814814,-559156160.0,-559156160.0,600,0.0,0.0
2007-08-07 00:00:00+09:00,-563297984.0,-563297984.0,-563297984.0,-563297984.0,500,0.0,0.0
2007-08-08 00:00:00+09:00,-559156087.0588236,-563297984.0,-559156087.0588236,-563297984.0,500,0.0,0.0
2007-08-09 00:00:00+09:00,-559156160.0,-563298057.4814814,-559156160.0,-559156160.0,1100,0.0,0.0
2007-08-10 00:00:00+09:00,-550872365.037037,-563298057.4814814,-542588570.074074,-559156160.0,2100,0.0,0.0
2007-08-13 00:00:00+09:00,-526020937.14285713,-526020937.14285713,-492885760.0,-492885760.0,2200,0.0,0.0
2007-08-14 00:00:00+09:00,-509453376.0,-530162862.8292683,-497027683.902439,-509453376.0,1400,0.0,0.0
2007-08-15 00:00:00+09:00,-492885786.53658533,-509453376.0,-492885786.53658533,-509453376.0,200,0.0,0.0
2007-08-16 00:00:00+09:00,-497027657.14285713,-497027657.14285713,-492885760.0,-492885760.0,300,0.0,0.0
2007-08-17 00:00:00+09:00,-488743929.1803279,-505311520.0,-488743929.1803279,-505311520.0,3400,0.0,0.0
2007-08-20 00:00:00+09:00,-534304832.0,-534304832.0,-534304832.0,-534304832.0,300,0.0,0.0
2007-08-21 00:00:00+09:00,-538446671.36,-538446671.36,-517737184.0,-517737184.0,400,0.0,0.0
2007-08-22 00:00:00+09:00,-517737184.0,-517737184.0,-517737184.0,-517737184.0,500,0.0,0.0
2007-08-23 00:00:00+09:00,-501169540.90322584,-513595232.0,-497027643.87096775,-513595232.0,1500,0.0,0.0
2007-08-24 00:00:00+09:00,-497027584.0,-497027584.0,-497027584.0,-497027584.0,1600,0.0,0.0
2007-08-27 00:00:00+09:00,-488743790.93333334,-497027584.0,-488743790.93333334,-497027584.0,800,0.0,0.0
2007-08-28 00:00:00+09:00,-497027584.0,-497027584.0,-497027584.0,-497027584.0,1700,0.0,0.0
2007-08-29 00:00:00+09:00,-497027584.0,-497027584.0,-497027584.0,-497027584.0,500,0.0,0.0
2007-08-30 00:00:00+09:00,-497027584.0,-497027584.0,-497027584.0,-497027584.0,0,0.0,0.0
2007-08-31 00:00:00+09:00,-505311437.9354839,-513595232.0,-505311437.9354839,-513595232.0,200,0.0,0.0
2007-09-03 00:00:00+09:00,-521879094.4251968,-526020991.99999994,-521879094.4251968,-526020992.0,400,0.0,0.0
2007-09-04 00:00:00+09:00,-530162816.0,-530162816.0,-530162816.0,-530162816.0,200,0.0,0.0
2007-09-05 00:00:00+09:00,-505311529.78512394,-505311529.78512394,-501169632.0,-501169632.0,300,0.0,0.0
2007-09-06 00:00:00+09:00,-501169581.26829267,-509453376.0,-497027683.902439,-509453376.0,800,0.0,0.0
2007-09-07 00:00:00+09:00,-509453376.0,-509453376.0,-509453376.0,-509453376.0,0,0.0,0.0
2007-09-10 00:00:00+09:00,-501169632.0,-501169632.0,-501169632.0,-501169632.0,100,0.0,0.0
2007-09-11 00:00:00+09:00,-509453273.59999996,-509453273.59999996,-497027584.0,-497027584.0,700,0.0,0.0
2007-09-12 00:00:00+09:00,-497027553.1034483,-497027553.1034483,-476318071.7241379,-480459968.0,600,0.0,0.0
2007-09-13 00:00:00+09:00,-497027695.3043478,-497027695.3043478,-476318208.0,-476318208.0,400,0.0,0.0
2007-09-14 00:00:00+09:00,-488743872.0,-488743872.0,-488743872.0,-488743872.0,300,0.0,0.0
2007-09-18 00:00:00+09:00,-488743872.0,-488743872.0,-488743872.0,-488743872.0,300,0.0,0.0
2007-09-19 00:00:00+09:00,-488743872.0,-488743872.0,-488743872.0,-488743872.0,300,0.0,0.0
2007-09-20 00:00:00+09:00,-488743872.0,-488743872.0,-488743872.0,-488743872.0,100,0.0,0.0
2007-09-21 00:00:00+09:00,-497027584.0,-497027584.0,-497027584.0,-497027584.0,300,0.0,0.0
2007-09-25 00:00:00+09:00,-497027584.0,-497027584.0,-497027584.0,-497027584.0,600,0.0,0.0
2007-09-26 00:00:00+09:00,-497027666.44067794,-497027666.44067794,-488743872.0,-488743872.0,500,0.0,0.0
2007-09-27 00:00:00+09:00,-509453273.59999996,-509453273.59999996,-497027584.0,-497027584.0,200,0.0,0.0
2007-09-28 00:00:00+09:00,-488743872.0,-488743872.0,-488743872.0,-488743872.0,1200,0.0,0.0
2007-10-01 00:00:00+09:00,-497027584.0,-497027584.0,-497027584.0,-497027584.0,700,0.0,0.0
2007-10-02 00:00:00+09:00,-497027584.0,-497027584.0,-497027584.0,-497027584.0,400,0.0,0.0
2007-10-03 00:00:00+09:00,-497027584.0,-497027584.0,-497027584.0,-497027584.0,0,0.0,0.0
2007-10-04 00:00:00+09:00,-509453376.0,-509453376.0,-509453376.0,-509453376.0,200,0.0,0.0
2007-10-05 00:00:00+09:00,-497027584.0,-497027584.0,-497027584.0,-497027584.0,100,0.0,0.0
2007-10-09 00:00:00+09:00,-497027584.0,-497027584.0,-497027584.0,-497027584.0,0,0.0,0.0
2007-10-10 00:00:00+09:00,-501169632.0,-501169632.0,-501169632.0,-501169632.0,200,0.0,0.0
2007-10-11 00:00:00+09:00,-488743872.0,-488743872.0,-488743872.0,-488743872.0,600,0.0,0.0
2007-10-12 00:00:00+09:00,-501169632.0,-501169632.0,-501169632.0,-501169632.0,300,0.0,0.0
2007-10-15 00:00:00+09:00,-497027584.0,-497027584.0,-497027584.0,-497027584.0,200,0.0,0.0
2007-10-16 00:00:00+09:00,-497027584.0,-497027584.0,-497027584.0,-497027584.0,200,0.0,0.0
2007-10-17 00:00:00+09:00,-497027584.0,-497027584.0,-497027584.0,-497027584.0,200,0.0,0.0
2007-10-18 00:00:00+09:00,-497027584.0,-497027584.0,-497027584.0,-497027584.0,0,0.0,0.0
2007-10-19 00:00:00+09:00,-497027584.0,-497027584.0,-497027584.0,-497027584.0,200,0.0,0.0
2007-10-22 00:00:00+09:00,-497027584.0,-497027584.0,-497027584.0,-497027584.0,300,0.0,0.0
2007-10-23 00:00:00+09:00,-497027584.0,-497027584.0,-497027584.0,-497027584.0,200,0.0,0.0
2007-10-24 00:00:00+09:00,-497027584.0,-497027584.0,-497027584.0,-497027584.0,200,0.0,0.0
2007-10-25 00:00:00+09:00,-497027584.0,-497027584.0,-497027584.0,-497027584.0,100,0.0,0.0
2007-10-26 00:00:00+09:00,-488743872.0,-488743872.0,-488743872.0,-488743872.0,600,0.0,0.0
2007-10-29 00:00:00+09:00,-488743872.0,-488743872.0,-488743872.0,-488743872.0,0,0.0,0.0
2007-10-30 00:00:00+09:00,-492885760.0,-492885760.0,-492885760.0,-492885760.0,100,0.0,0.0
2007-10-31 00:00:00+09:00,-497027666.44067794,-497027666.44067794,-488743872.0,-488743872.0,1100,0.0,0.0
2007-11-01 00:00:00+09:00,-501169622.295082,-505311520.0,-501169622.295082,-505311520.0,1100,0.0,0.0
2007-11-02 00:00:00+09:00,-488743872.0,-488743872.0,-488743872.0,-488743872.0,100,0.0,0.0
2007-11-05 00:00:00+09:00,-488743790.93333334,-497027584.0,-488743790.93333334,-497027584.0,1100,0.0,0.0
2007-11-06 00:00:00+09:00,-497027584.0,-497027584.0,-497027584.0,-497027584.0,0,0.0,0.0
2007-11-07 00:00:00+09:00,-492885760.0,-492885760.0,-492885760.0,-492885760.0,200,0.0,0.0
2007-11-08 00:00:00+09:00,-492885769.22033894,-492885769.22033894,-488743872.0,-488743872.0,200,0.0,0.0
2007-11-09 00:00:00+09:00,-488743872.0,-488743872.0,-488743872.0,-488743872.0,0,0.0,0.0
2007-11-12 00:00:00+09:00,-463892515.6173913,-480460105.46086955,-463892515.6173913,-476318208.0,3100,0.0,0.0
2007-11-13 00:00:00+09:00,-476318071.7241379,-480459968.0,-476318071.7241379,-480459968.0,1400,0.0,0.0
2007-11-14 00:00:00+09:00,-480459968.0,-480459968.0,-480459968.0,-480459968.0,0,0.0,0.0
2007-11-15 00:00:00+09:00,-480459968.0,-480459968.0,-480459968.0,-480459968.0,0,0.0,0.0
2007-11-16 00:00:00+09:00,-480460077.559322,-488743872.0,-480460077.559322,-488743872.0,1000,0.0,0.0
2007-11-19 00:00:00+09:00,-488743872.0,-488743872.0,-488743872.0,-488743872.0,0,0.0,0.0
2007-11-20 00:00:00+09:00,-480460086.70085466,-497027675.89743584,-476318189.4017094,-484601984.0,3900,0.0,0.0
2007-11-21 00:00:00+09:00,-476318189.4017094,-484601984.0,-476318189.4017094,-484601984.0,600,0.0,0.0
2007-11-22 00:00:00+09:00,-476318208.0,-476318208.0,-476318208.0,-476318208.0,200,0.0,0.0
2007-11-26 00:00:00+09:00,-484601984.0,-484601984.0,-484601984.0,-484601984.0,1000,0.0,0.0
2007-11-27 00:00:00+09:00,-476318208.0,-476318208.0,-476318208.0,-476318208.0,500,0.0,0.0
2007-11-28 00:00:00+09:00,-476318208.0,-476318208.0,-476318208.0,-476318208.0,0,0.0,0.0
2007-11-29 00:00:00+09:00,-484601984.0,-484601984.0,-484601984.0,-484601984.0,500,0.0,0.0
2007-11-30 00:00:00+09:00,-476318101.3333333,-497027584.0,-476318101.3333333,-497027584.0,3000,0.0,0.0
2007-12-03 00:00:00+09:00,-497027695.3043478,-497027695.3043478,-476318208.0,-476318208.0,1100,0.0,0.0
2007-12-04 00:00:00+09:00,-488743900.3826087,-492885797.84347826,-476318208.0,-476318208.0,1500,0.0,0.0
2007-12-05 00:00:00+09:00,-476318208.0,-476318208.0,-476318208.0,-476318208.0,100,0.0,0.0
2007-12-06 00:00:00+09:00,-459750633.6,-459750633.6,-455608736.0,-455608736.0,1200,0.0,0.0
2007-12-07 00:00:00+09:00,-455608736.0,-455608736.0,-455608736.0,-455608736.0,500,0.0,0.0
2007-12-10 00:00:00+09:00,-455608729.82456136,-472176320.0,-455608729.82456136,-472176320.0,1600,0.0,0.0
2007-12-11 00:00:00+09:00,-455608622.85714287,-463892416.0,-455608622.85714287,-463892416.0,1300,0.0,0.0
2007-12-12 00:00:00+09:00,-455608622.85714287,-463892416.0,-455608622.85714287,-463892416.0,1400,0.0,0.0
2007-12-13 00:00:00+09:00,-455608736.0,-455608736.0,-455608736.0,-455608736.0,1100,0.0,0.0
2007-12-14 00:00:00+09:00,-430757289.0097087,-430757289.0097087,-426615392.0,-426615392.0,400,0.0,0.0
2007-12-17 00:00:00+09:00,-434899200.0,-434899200.0,-434899200.0,-434899200.0,100,0.0,0.0
2007-12-18 00:00:00+09:00,-410047840.0,-410047840.0,-410047840.0,-410047840.0,1200,0.0,0.0
2007-12-19 00:00:00+09:00,-410047840.0,-410047840.0,-410047840.0,-410047840.0,0,0.0,0.0
2007-12-20 00:00:00+09:00,-414189760.0,-414189760.0,-414189760.0,-414189760.0,200,0.0,0.0
2007-12-21 00:00:00+09:00,-389338354.9616648,-389338354.9616648,-378155232.0,-378155232.0,400,0.0,0.0
2007-12-25 00:00:00+09:00,-377326874.49462366,-397207983.13978493,-364901181.5913978,-385196480.0,1100,0.0,0.0
2007-12-26 00:00:00+09:00,-356203145.0352941,-356203145.0352941,-343777453.92941177,-352061248.0,900,0.0,0.0
2007-12-27 00:00:00+09:00,-352061248.0,-356203145.0352941,-347919350.9647059,-352061248.0,2900,0.0,0.0
2007-12-28 00:00:00+09:00,-364486912.0,-364486912.0,-364486912.0,-364486912.0,200,0.0,0.0
2008-01-04 00:00:00+09:00,-368628864.0,-368628864.0,-368628864.0,-368628864.0,200,0.0,0.0
2008-01-07 00:00:00+09:00,-368628864.0,-368628864.0,-368628864.0,-368628864.0,0,0.0,0.0
2008-01-08 00:00:00+09:00,-347919325.09090906,-364486912.0,-347919325.09090906,-364486912.0,200,0.0,0.0
2008-01-09 00:00:00+09:00,-364486912.0,-364486912.0,-364486912.0,-364486912.0,0,0.0,0.0
2008-01-10 00:00:00+09:00,-364486912.0,-364486912.0,-364486912.0,-364486912.0,0,0.0,0.0
2008-01-11 00:00:00+09:00,-339635584.0,-339635584.0,-339635584.0,-339635584.0,100,0.0,0.0
2008-01-15 00:00:00+09:00,-364486912.0,-364486912.0,-364486912.0,-364486912.0,200,0.0,0.0
2008-01-16 00:00:00+09:00,-364486912.0,-364486912.0,-364486912.0,-364486912.0,0,0.0,0.0
2008-01-17 00:00:00+09:00,-285790894.7692307,-323067968.0,-285790894.7692307,-323067968.0,1700,0.0,0.0
2008-01-18 00:00:00+09:00,-323068.03125,-323068.03125,-323068.03125,-323068.03125,100000,0.0,0.0
2008-01-21 00:00:00+09:00,-323067968.0,-323067968.0,-323067968.0,-323067968.0,200,0.0,0.0
2008-01-22 00:00:00+09:00,-323067968.0,-323067968.0,-323067968.0,-323067968.0,200,0.0,0.0
2008-01-23 00:00:00+09:00,-323067968.0,-323067968.0,-323067968.0,-323067968.0,0,0.0,0.0
2008-01-24 00:00:00+09:00,-323067968.0,-323067968.0,-323067968.0,-323067968.0,300,0.0,0.0
2008-01-25 00:00:00+09:00,-323067968.0,-323067968.0,-323067968.0,-323067968.0,100,0.0,0.0
2008-01-28 00:00:00+09:00,-302358496.0,-302358496.0,-302358496.0,-302358496.0,300,0.0,0.0
2008-01-29 00:00:00+09:00,-316855131.4285714,-318926080.0,-316855131.4285714,-318926080.0,400,0.0,0.0
2008-01-30 00:00:00+09:00,-302358496.0,-302358496.0,-302358496.0,-302358496.0,200,0.0,0.0
2008-01-31 00:00:00+09:00,-314784192.0,-314784192.0,-314784192.0,-314784192.0,200,0.0,0.0
2008-02-01 00:00:00+09:00,-302358500.2105263,-314784192.0,-302358500.2105263,-314784192.0,500,0.0,0.0
2008-02-04 00:00:00+09:00,-323067972.3243243,-323067972.3243243,-306500384.0,-306500384.0,500,0.0,0.0
2008-02-05 00:00:00+09:00,-298216642.56,-310642336.0,-298216642.56,-310642336.0,200,0.0,0.0
2008-02-06 00:00:00+09:00,-298216608.0,-298216608.0,-298216608.0,-298216608.0,100,0.0,0.0
2008-02-07 00:00:00+09:00,-310642336.0,-310642336.0,-310642336.0,-310642336.0,100,0.0,0.0
2008-02-08 00:00:00+09:00,-314784197.3333333,-314784197.3333333,-298216608.0,-298216608.0,200,0.0,0.0
2008-02-12 00:00:00+09:00,-298216608.0,-298216608.0,-298216608.0,-298216608.0,0,0.0,0.0
2008-02-13 00:00:00+09:00,-298216608.0,-298216608.0,-298216608.0,-298216608.0,100,0.0,0.0
2008-02-14 00:00:00+09:00,-310642336.0,-310642336.0,-310642336.0,-310642336.0,200,0.0,0.0
2008-02-15 00:00:00+09:00,-310642336.0,-310642336.0,-310642336.0,-310642336.0,0,0.0,0.0
2008-02-18 00:00:00+09:00,-310642336.0,-310642336.0,-310642336.0,-310642336.0,100,0.0,0.0
2008-02-19 00:00:00+09:00,-306500421.4147018,-306500421.4147018,-298630816.0,-298630816.0,300,0.0,0.0
2008-02-20 00:00:00+09:00,-298630816.0,-298630816.0,-298630816.0,-298630816.0,0,0.0,0.0
2008-02-21 00:00:00+09:00,-302358.5,-302358.5,-302358.5,-302358.5,200000,0.0,0.0
2008-02-22 00:00:00+09:00,-302358.5,-302358.5,-302358.5,-302358.5,0,0.0,0.0
2008-02-25 00:00:00+09:00,-302358.5,-302358.5,-302358.5,-302358.5,200000,0.0,0.0
2008-02-26 00:00:00+09:00,-302358.5,-302358.5,-302358.5,-302358.5,200000,0.0,0.0
2008-02-27 00:00:00+09:00,-302358.5,-302358.5,-302358.5,-302358.5,0,0.0,0.0
2008-02-28 00:00:00+09:00,-304429.44514312583,-306500.39173422486,-294074.6875,-294074.6875,1900000,0.0,0.0
2008-02-29 00:00:00+09:00,-294074.6875,-294074.6875,-294074.6875,-294074.6875,300000,0.0,0.0
2008-03-03 00:00:00+09:00,-314784.15625,-314784.15625,-314784.15625,-314784.15625,200000,0.0,0.0
2008-03-04 00:00:00+09:00,-314784.15625,-314784.15625,-314784.15625,-314784.15625,0,0.0,0.0
2008-03-05 00:00:00+09:00,-314784.15625,-314784.15625,-314784.15625,-314784.15625,0,0.0,0.0
2008-03-06 00:00:00+09:00,-310642.28125,-310642.28125,-310642.28125,-310642.28125,200000,0.0,0.0
2008-03-07 00:00:00+09:00,-310642.28125,-310642.28125,-310642.28125,-310642.28125,0,0.0,0.0
2008-03-10 00:00:00+09:00,-310642.28125,-310642.28125,-310642.28125,-310642.28125,200000,0.0,0.0
2008-03-11 00:00:00+09:00,-310642.28125,-310642.28125,-310642.28125,-310642.28125,0,0.0,0.0
2008-03-12 00:00:00+09:00,-310642.28125,-310642.28125,-310642.28125,-310642.28125,0,0.0,0.0
2008-03-13 00:00:00+09:00,-310642.28125,-310642.28125,-310642.28125,-310642.28125,400000,0.0,0.0
2008-03-14 00:00:00+09:00,-294074.6875,-294074.6875,-294074.6875,-294074.6875,100000,0.0,0.0
2008-03-17 00:00:00+09:00,-293660.50311930635,-294074.6875,-289932.79431780195,-294074.6875,700000,0.0,0.0
2008-03-18 00:00:00+09:00,-281648.98444718466,-281648.98444718466,-269223.28125,-269223.28125,700000,0.0,0.0
2008-03-19 00:00:00+09:00,-273365.25,-273365.25,-273365.25,-273365.25,200000,0.0,0.0
2008-03-21 00:00:00+09:00,-277507.09375,-277507.09375,-277507.09375,-277507.09375,100000,0.0,0.0
2008-03-24 00:00:00+09:00,-289932.8125,-289932.8125,-289932.8125,-289932.8125,200000,0.0,0.0
2008-03-25 00:00:00+09:00,-289932.8125,-289932.8125,-289932.8125,-289932.8125,0,0.0,0.0
2008-03-26 00:00:00+09:00,81.20392608642578,81.20392608642578,81.20392608642578,81.20392608642578,0,2500.0,0.0
2008-03-27 00:00:00+09:00,81.20392608642578,81.20392608642578,81.20392608642578,81.20392608642578,0,0.0,0.0
2008-03-28 00:00:00+09:00,81.20392608642578,81.20392608642578,81.20392608642578,81.20392608642578,0,0.0,0.0
2008-03-31 00:00:00+09:00,78.8838119506836,78.8838119506836,78.8838119506836,78.8838119506836,500000,0.0,0.0
2008-04-01 00:00:00+09:00,83.9880599975586,83.9880599975586,83.9880599975586,83.9880599975586,100000,0.0,0.0
2008-04-02 00:00:00+09:00,83.9880599975586,83.9880599975586,83.9880599975586,83.9880599975586,0,0.0,0.0
2008-04-03 00:00:00+09:00,88.16424327845016,88.16424327845016,87.00418853759766,87.00418853759766,400000,0.0,0.0
2008-04-04 00:00:00+09:00,87.00418853759766,87.00418853759766,87.00418853759766,87.00418853759766,0,0.0,0.0
2008-04-07 00:00:00+09:00,87004.203125,87004.203125,87004.203125,87004.203125,100,0.0,0.0
2008-04-08 00:00:00+09:00,80.04386689026421,80.04386689026421,78.8838119506836,78.8838119506836,400000,0.0,0.0
2008-04-09 00:00:00+09:00,81.20392608642578,81.20392608642578,81.20392608642578,81.20392608642578,200000,0.0,0.0
2008-04-10 00:00:00+09:00,81.20392608642578,81.20392608642578,81.20392608642578,81.20392608642578,0,0.0,0.0
2008-04-11 00:00:00+09:00,77.7237548828125,77.7237548828125,77.7237548828125,77.7237548828125,200000,0.0,0.0
2008-04-14 00:00:00+09:00,81.20392608642578,81.20392608642578,81.20392608642578,81.20392608642578,200000,0.0,0.0
2008-04-15 00:00:00+09:00,81.0879135131836,81.0879135131836,81.0879135131836,81.0879135131836,500000,0.0,0.0
2008-04-16 00:00:00+09:00,81.0879135131836,81.0879135131836,81.0879135131836,81.0879135131836,0,0.0,0.0
2008-04-17 00:00:00+09:00,81.0879135131836,81.0879135131836,81.0879135131836,81.0879135131836,0,0.0,0.0
2008-04-18 00:00:00+09:00,81.20392608642578,81.20392608642578,81.20392608642578,81.20392608642578,500000,0.0,0.0
2008-04-21 00:00:00+09:00,81.20392608642578,81.20392608642578,81.20392608642578,81.20392608642578,0,0.0,0.0
2008-04-22 00:00:00+09:00,81.20392608642578,81.20392608642578,81.20392608642578,81.20392608642578,100000,0.0,0.0
2008-04-23 00:00:00+09:00,81.20392608642578,81.20392608642578,81.20392608642578,81.20392608642578,0,0.0,0.0
2008-04-24 00:00:00+09:00,81.20392608642578,81.20392608642578,81.20392608642578,81.20392608642578,100000,0.0,0.0
2008-04-25 00:00:00+09:00,81.20392608642578,81.20392608642578,81.20392608642578,81.20392608642578,600000,0.0,0.0
2008-04-28 00:00:00+09:00,81.20392608642578,81.20392608642578,81.20392608642578,81.20392608642578,100000,0.0,0.0
2008-04-30 00:00:00+09:00,81.20392608642578,81.20392608642578,81.20392608642578,81.20392608642578,100000,0.0,0.0
2008-05-01 00:00:00+09:00,84.6840980020656,84.6840980020656,81.20392608642578,81.20392608642578,400000,0.0,0.0
2008-05-02 00:00:00+09:00,81.20392608642578,81.20392608642578,81.20392608642578,81.20392608642578,200000,0.0,0.0
2008-05-07 00:00:00+09:00,85.84414672851562,85.84414672851562,85.84414672851562,85.84414672851562,200000,0.0,0.0
2008-05-08 00:00:00+09:00,85.84414672851562,85.84414672851562,85.84414672851562,85.84414672851562,100000,0.0,0.0
2008-05-09 00:00:00+09:00,81.20392608642578,81.20392608642578,81.20392608642578,81.20392608642578,500000,0.0,0.0
2008-05-12 00:00:00+09:00,81.20392608642578,81.20392608642578,81.20392608642578,81.20392608642578,0,0.0,0.0
2008-05-13 00:00:00+09:00,81.20392608642578,81.20392608642578,81.20392608642578,81.20392608642578,0,0.0,0.0
2008-05-14 00:00:00+09:00,81.20392608642578,81.20392608642578,81.20392608642578,81.20392608642578,500000,0.0,0.0
2008-05-15 00:00:00+09:00,81.20392608642578,81.20392608642578,81.20392608642578,81.20392608642578,1000000,0.0,0.0
2008-05-16 00:00:00+09:00,83.5240249633789,83.5240249633789,83.5240249633789,83.5240249633789,200000,0.0,0.0
2008-05-19 00:00:00+09:00,83.5240249633789,83.5240249633789,83.5240249633789,83.5240249633789,0,0.0,0.0
2008-05-20 00:00:00+09:00,83.5240249633789,83.5240249633789,83.5240249633789,83.5240249633789,0,0.0,0.0
2008-05-21 00:00:00+09:00,87.00418853759766,87.00418853759766,87.00418853759766,87.00418853759766,100000,0.0,0.0
2008-05-22 00:00:00+09:00,87.00418853759766,87.00418853759766,87.00418853759766,87.00418853759766,100000,0.0,0.0
2008-05-23 00:00:00+09:00,87.00418853759766,87.00418853759766,87.00418853759766,87.00418853759766,100000,0.0,0.0
2008-05-26 00:00:00+09:00,89.3242987126649,89.3242987126649,81.31991264128416,83.5240249633789,600000,0.0,0.0
2008-05-27 00:00:00+09:00,83.5240249633789,83.5240249633789,83.5240249633789,83.5240249633789,100000,0.0,0.0
2008-05-28 00:00:00+09:00,83.5240249633789,83.5240249633789,83.5240249633789,83.5240249633789,300000,0.0,0.0
2008-05-29 00:00:00+09:00,84.6840797132361,84.6840797132361,83.5240249633789,83.5240249633789,300000,0.0,0.0
2008-05-30 00:00:00+09:00,83.5240249633789,83.5240249633789,83.5240249633789,83.5240249633789,0,0.0,0.0
2008-06-02 00:00:00+09:00,88.16426300323218,88.16426300323218,81.20392608642578,81.20392608642578,800000,0.0,0.0
2008-06-03 00:00:00+09:00,83.5240249633789,83.5240249633789,83.5240249633789,83.5240249633789,100000,0.0,0.0
2008-06-04 00:00:00+09:00,80.62388610839844,80.62388610839844,80.62388610839844,80.62388610839844,200000,0.0,0.0
2008-06-05 00:00:00+09:00,81.20392060285019,82.36397552490234,81.20392060285019,82.36397552490234,600000,0.0,0.0
2008-06-06 00:00:00+09:00,82.36397552490234,82.36397552490234,82.36397552490234,82.36397552490234,100000,0.0,0.0
2008-06-09 00:00:00+09:00,81.20392608642578,81.20392608642578,81.20392608642578,81.20392608642578,200000,0.0,0.0
2008-06-10 00:00:00+09:00,81.20392608642578,81.20392608642578,81.20392608642578,81.20392608642578,100000,0.0,0.0
2008-06-11 00:00:00+09:00,81.20392608642578,81.20392608642578,81.20392608642578,81.20392608642578,400000,0.0,0.0
2008-06-12 00:00:00+09:00,81.20392608642578,81.20392608642578,81.20392608642578,81.20392608642578,100000,0.0,0.0
2008-06-13 00:00:00+09:00,81.20392608642578,81.20392608642578,81.20392608642578,81.20392608642578,0,0.0,0.0
2008-06-16 00:00:00+09:00,81.2039284374777,81.2039284374777,77.72376333555184,77.83976745605469,1400000,0.0,0.0
2008-06-17 00:00:00+09:00,79.5798484175022,79.5798484175022,79.4638442993164,79.4638442993164,200000,0.0,0.0
2008-06-18 00:00:00+09:00,79.4638442993164,79.4638442993164,79.4638442993164,79.4638442993164,200000,0.0,0.0
2008-06-19 00:00:00+09:00,80.04386138916016,80.04386138916016,80.04386138916016,80.04386138916016,100000,0.0,0.0
2008-06-20 00:00:00+09:00,80.04386138916016,80.04386138916016,80.04386138916016,80.04386138916016,100000,0.0,0.0
2008-06-23 00:00:00+09:00,80.04386469844275,80.04386469844275,77.7237548828125,77.7237548828125,400000,0.0,0.0
2008-06-24 00:00:00+09:00,80.04386138916016,80.04386138916016,80.04386138916016,80.04386138916016,200000,0.0,0.0
2008-06-25 00:00:00+09:00,80.04386469844275,80.04386469844275,77.7237548828125,77.7237548828125,400000,0.0,0.0
2008-06-26 00:00:00+09:00,78.8838119506836,78.8838119506836,78.8838119506836,78.8838119506836,200000,0.0,0.0
2008-06-27 00:00:00+09:00,80.04386138916016,80.04386138916016,80.04386138916016,80.04386138916016,100000,0.0,0.0
2008-06-30 00:00:00+09:00,85.84414672851562,85.84414672851562,85.84414672851562,85.84414672851562,1000000,0.0,0.0
2008-07-01 00:00:00+09:00,83.5240347745216,84.68408966064453,83.5240347745216,84.68408966064453,200000,0.0,0.0
2008-07-02 00:00:00+09:00,84.68408966064453,84.68408966064453,84.68408966064453,84.68408966064453,0,0.0,0.0
2008-07-03 00:00:00+09:00,84.68408966064453,84.68408966064453,84.68408966064453,84.68408966064453,0,0.0,0.0
2008-07-04 00:00:00+09:00,81.20392608642578,81.20392608642578,81.20392608642578,81.20392608642578,200000,0.0,0.0
2008-07-07 00:00:00+09:00,78.88381542570355,78.88381542570355,76.56370544433594,76.56370544433594,200000,0.0,0.0
2008-07-08 00:00:00+09:00,78.8838119506836,78.8838119506836,78.8838119506836,78.8838119506836,100000,0.0,0.0
2008-07-09 00:00:00+09:00,78.8838119506836,78.8838119506836,78.8838119506836,78.8838119506836,0,0.0,0.0
2008-07-10 00:00:00+09:00,78.8838119506836,78.8838119506836,78.8838119506836,78.8838119506836,0,0.0,0.0
2008-07-11 00:00:00+09:00,80.04386138916016,80.04386138916016,80.04386138916016,80.04386138916016,100000,0.0,0.0
2008-07-14 00:00:00+09:00,80.04386138916016,80.04386138916016,80.04386138916016,80.04386138916016,0,0.0,0.0
2008-07-15 00:00:00+09:00,80.04386138916016,80.04386138916016,80.04386138916016,80.04386138916016,100000,0.0,0.0
2008-07-16 00:00:00+09:00,80.04386138916016,80.04386138916016,80.04386138916016,80.04386138916016,0,0.0,0.0
2008-07-17 00:00:00+09:00,80.04386138916016,80.04386138916016,80.04386138916016,80.04386138916016,0,0.0,0.0
2008-07-18 00:00:00+09:00,80.04386138916016,80.04386138916016,80.04386138916016,80.04386138916016,100000,0.0,0.0
2008-07-22 00:00:00+09:00,80.04386138916016,80.04386138916016,80.04386138916016,80.04386138916016,0,0.0,0.0
2008-07-23 00:00:00+09:00,78.30377909937833,80.04386138916016,76.5636968095965,80.04386138916016,300000,0.0,0.0
2008-07-24 00:00:00+09:00,80.04386138916016,80.04386138916016,80.04386138916016,80.04386138916016,100000,0.0,0.0
2008-07-25 00:00:00+09:00,80.04386138916016,80.04386138916016,80.04386138916016,80.04386138916016,0,0.0,0.0
2008-07-28 00:00:00+09:00,80.04386138916016,80.04386138916016,80.04386138916016,80.04386138916016,0,0.0,0.0
2008-07-29 00:00:00+09:00,78.8838065293056,80.04386138916016,78.8838065293056,80.04386138916016,400000,0.0,0.0
2008-07-30 00:00:00+09:00,78.30377197265625,78.30377197265625,78.30377197265625,78.30377197265625,100000,0.0,0.0
2008-07-31 00:00:00+09:00,80.04386469844275,80.04386469844275,77.7237548828125,77.7237548828125,200000,0.0,0.0
2008-08-01 00:00:00+09:00,80.04386138916016,80.04386138916016,80.04386138916016,80.04386138916016,400000,0.0,0.0
2008-08-04 00:00:00+09:00,80.04386138916016,80.04386138916016,80.04386138916016,80.04386138916016,100000,0.0,0.0
2008-08-05 00:00:00+09:00,80.04386138916016,80.04386138916016,80.04386138916016,80.04386138916016,0,0.0,0.0
2008-08-06 00:00:00+09:00,78.8838119506836,78.8838119506836,78.8838119506836,78.8838119506836,100000,0.0,0.0
2008-08-07 00:00:00+09:00,78.88381542570355,78.88381542570355,76.56370544433594,76.56370544433594,300000,0.0,0.0
2008-08-08 00:00:00+09:00,78.8838119506836,78.8838119506836,78.8838119506836,78.8838119506836,100000,0.0,0.0
2008-08-11 00:00:00+09:00,78.8838119506836,78.8838119506836,78.8838119506836,78.8838119506836,0,0.0,0.0
2008-08-12 00:00:00+09:00,77.7237548828125,77.7237548828125,77.7237548828125,77.7237548828125,200000,0.0,0.0
2008-08-13 00:00:00+09:00,75.40363311767578,75.40363311767578,75.40363311767578,75.40363311767578,100000,0.0,0.0
2008-08-14 00:00:00+09:00,75.40363311767578,75.40363311767578,75.40363311767578,75.40363311767578,0,0.0,0.0
2008-08-15 00:00:00+09:00,75.40363311767578,75.40363311767578,75.40363311767578,75.40363311767578,0,0.0,0.0
2008-08-18 00:00:00+09:00,75.40363311767578,75.40363311767578,75.40363311767578,75.40363311767578,200000,0.0,0.0
2008-08-19 00:00:00+09:00,74.24358367919922,74.24358367919922,74.24358367919922,74.24358367919922,400000,0.0,0.0
2008-08-20 00:00:00+09:00,74.24358367919922,74.24358367919922,74.24358367919922,74.24358367919922,0,0.0,0.0
2008-08-21 00:00:00+09:00,75.40362814597572,75.40362814597572,74.82360076904297,74.82360076904297,200000,0.0,0.0
2008-08-22 00:00:00+09:00,71.92347384999697,74.24358367919922,71.92347384999697,74.24358367919922,200000,0.0,0.0
2008-08-25 00:00:00+09:00,74243.578125,74243.578125,74243.578125,74243.578125,100,0.0,0.0
2008-08-26 00:00:00+09:00,73663.5703125,73663.5703125,73663.5703125,73663.5703125,1500,0.0,0.0
2008-08-27 00:00:00+09:00,70763.421875,73083.53406762295,70763.421875,70763.421875,0,0.0,0.0
2008-08-28 00:00:00+09:00,69603.359375,73083.52734375,69603.359375,69603.359375,0,0.0,0.0
2008-08-29 00:00:00+09:00,72503.49547371033,73083.5234375,72503.49547371033,73083.5234375,300,0.0,0.0
2008-09-01 00:00:00+09:00,73083.53406762295,73083.53406762295,67283.25358606558,70763.421875,600,0.0,0.0
2008-09-02 00:00:00+09:00,70763.421875,70763.421875,70763.421875,70763.421875,100,0.0,0.0
2008-09-03 00:00:00+09:00,67283.234375,67283.234375,67283.234375,67283.234375,100,0.0,0.0
2008-09-04 00:00:00+09:00,63803.078125,70763.41392045455,63803.078125,63803.078125,0,0.0,0.0
2008-09-05 00:00:00+09:00,67283.234375,67283.234375,67283.234375,67283.234375,200000,0.0,0.0
2008-09-08 00:00:00+09:00,67283.234375,67283.234375,67283.234375,67283.234375,300,0.0,0.0
2008-09-09 00:00:00+09:00,67283.25137061403,67283.25137061403,66123.1953125,66123.1953125,500,0.0,0.0
2008-09-10 00:00:00+09:00,64963.1328125,64963.1328125,64963.1328125,64963.1328125,200,0.0,0.0
2008-09-11 00:00:00+09:00,66123.1953125,66123.1953125,66123.1953125,66123.1953125,200,0.0,0.0
2008-09-12 00:00:00+09:00,60902.94749540441,64383.11592371324,59162.86328125,59162.86328125,1200,0.0,0.0
2008-09-16 00:00:00+09:00,59742.89320939534,59742.89320939534,53478.58984375,53478.58984375,900,0.0,0.0
2008-09-17 00:00:00+09:00,53942.608359375,58002.8046875,53942.608359375,58002.8046875,1000,0.0,0.0
2008-09-18 00:00:00+09:00,58002.79856588176,58002.79856588176,56958.74819169589,57886.79296875,900,0.0,0.0
2008-09-19 00:00:00+09:00,58002.8046875,58002.8046875,58002.8046875,58002.8046875,400,0.0,0.0
2008-09-22 00:00:00+09:00,57422.77058022295,58002.79856588176,57422.77058022295,57886.79296875,800,0.0,0.0
2008-09-24 00:00:00+09:00,58002.8046875,58002.8046875,57886.799078125005,58002.8046875,1000,0.0,0.0
2008-09-25 00:00:00+09:00,58002.794164540814,58002.794164540814,56842.73828125,56842.73828125,300,0.0,0.0
2008-09-26 00:00:00+09:00,56842.73828125,56842.73828125,56842.73828125,56842.73828125,200,0.0,0.0
2008-09-29 00:00:00+09:00,56726.7421875,56726.7421875,56726.7421875,56726.7421875,200,0.0,0.0
2008-09-30 00:00:00+09:00,54406.62109375,54406.62109375,54406.62109375,54406.62109375,200,0.0,0.0
2008-10-01 00:00:00+09:00,56726.7421875,56726.7421875,56726.7421875,56726.7421875,200,0.0,0.0
2008-10-02 00:00:00+09:00,56610.73828125,56610.73828125,56610.73828125,56610.73828125,200,0.0,0.0
2008-10-03 00:00:00+09:00,51042.4609375,51042.4609375,51042.4609375,51042.4609375,300,0.0,0.0
2008-10-06 00:00:00+09:00,51042.47046703297,52898.5603021978,51042.47046703297,52782.5546875,500,0.0,0.0
2008-10-07 00:00:00+09:00,51042.4609375,51042.4609375,51042.4609375,51042.4609375,800,0.0,0.0
2008-10-08 00:00:00+09:00,51042.4609375,51042.4609375,51042.4609375,51042.4609375,600,0.0,0.0
2008-10-09 00:00:00+09:00,51042.4609375,52202.51686789773,51042.4609375,51042.4609375,300,0.0,0.0
2008-10-10 00:00:00+09:00,46402.234375,46402.234375,46402.234375,46402.234375,400,0.0,0.0
2008-10-14 00:00:00+09:00,42690.06533412888,48606.3515625,42690.06533412888,48606.3515625,600,0.0,0.0
2008-10-15 00:00:00+09:00,42690.06533412888,48606.3515625,42690.06533412888,48606.3515625,600,0.0,0.0
2008-10-16 00:00:00+09:00,43966.12890625,43966.12890625,43966.12890625,43966.12890625,700,0.0,0.0
2008-10-17 00:00:00+09:00,45242.1796875,45242.1796875,45242.1796875,45242.1796875,1000,0.0,0.0
2008-10-20 00:00:00+09:00,45242.1796875,45242.1796875,45242.1796875,45242.1796875,1000,0.0,0.0
2008-10-21 00:00:00+09:00,48722.3515625,48722.3515625,48722.3515625,48722.3515625,200,0.0,0.0
2008-10-22 00:00:00+09:00,45242.1796875,45242.1796875,45242.1796875,45242.1796875,400,0.0,0.0
2008-10-23 00:00:00+09:00,45242.1796875,45242.1796875,45242.1796875,45242.1796875,400,0.0,0.0
2008-10-24 00:00:00+09:00,47562.296875,47562.296875,47562.296875,47562.296875,400,0.0,0.0
2008-10-27 00:00:00+09:00,47562.296875,47562.296875,47562.296875,47562.296875,200,0.0,0.0
2008-10-28 00:00:00+09:00,47562.2947761194,47562.2947761194,46634.25,46634.25,300,0.0,0.0
2008-10-29 00:00:00+09:00,45242.1796875,45242.1796875,45242.1796875,45242.1796875,200,0.0,0.0
2008-10-30 00:00:00+09:00,47562.296875,47562.296875,47562.296875,47562.296875,100,0.0,0.0
2008-10-31 00:00:00+09:00,47562.296875,47562.296875,47562.296875,47562.296875,100,0.0,0.0
2008-11-04 00:00:00+09:00,49882.40500710227,51042.4609375,49882.40500710227,51042.4609375,500,0.0,0.0
2008-11-05 00:00:00+09:00,51042.4609375,51042.4609375,51042.4609375,51042.4609375,500,0.0,0.0
2008-11-06 00:00:00+09:00,51042.4609375,51042.4609375,51042.4609375,51042.4609375,500,0.0,0.0
2008-11-07 00:00:00+09:00,51042.4609375,51042.4609375,51042.4609375,51042.4609375,500,0.0,0.0
2008-11-10 00:00:00+09:00,48490.3359375,48490.3359375,48490.3359375,48490.3359375,500,0.0,0.0
2008-11-11 00:00:00+09:00,48490.3359375,48490.3359375,48490.3359375,48490.3359375,500,0.0,0.0
2008-11-12 00:00:00+09:00,50810.45703125,50810.45703125,50810.45703125,50810.45703125,200,0.0,0.0
2008-11-13 00:00:00+09:00,47562.296875,47562.296875,47562.296875,47562.296875,100,0.0,0.0
2008-11-14 00:00:00+09:00,47562.29314630682,51042.4609375,47562.29314630682,51042.4609375,500,0.0,0.0
2008-11-17 00:00:00+09:00,50172.421875,50172.421875,50172.421875,50172.421875,500,0.0,0.0
2008-11-18 00:00:00+09:00,50172.421875,50172.421875,50172.421875,50172.421875,500,0.0,0.0
2008-11-19 00:00:00+09:00,50172.421875,50172.421875,50172.421875,50172.421875,500,0.0,0.0
2008-11-20 00:00:00+09:00,46402.234375,46402.234375,46402.234375,46402.234375,300,0.0,0.0
2008-11-21 00:00:00+09:00,46402.234375,46402.234375,46402.234375,46402.234375,200,0.0,0.0
2008-11-25 00:00:00+09:00,46402.234375,46402.234375,46402.234375,46402.234375,200,0.0,0.0
2008-11-26 00:00:00+09:00,46402.234375,46402.234375,46402.234375,46402.234375,200,0.0,0.0
2008-11-27 00:00:00+09:00,46402.234375,46402.234375,46402.234375,46402.234375,200,0.0,0.0
2008-11-28 00:00:00+09:00,46402.234375,46402.234375,46402.234375,46402.234375,200,0.0,0.0
2008-12-01 00:00:00+09:00,51042.464939024394,51042.464939024394,47562.296875,47562.296875,500,0.0,0.0
2008-12-02 00:00:00+09:00,47562.290234375,47562.290234375,46402.234375,46402.234375,200,0.0,0.0
2008-12-03 00:00:00+09:00,46402.234375,46402.234375,46402.234375,46402.234375,200,0.0,0.0
2008-12-04 00:00:00+09:00,46402.234375,46402.234375,46402.234375,46402.234375,200,0.0,0.0
2008-12-05 00:00:00+09:00,46402.234375,46402.234375,46402.234375,46402.234375,200,0.0,0.0
2008-12-08 00:00:00+09:00,46402.234375,46402.234375,46402.234375,46402.234375,200,0.0,0.0
2008-12-09 00:00:00+09:00,46402.234375,46402.234375,46402.234375,46402.234375,200,0.0,0.0
2008-12-10 00:00:00+09:00,48722.3515625,48722.3515625,48722.3515625,48722.3515625,100,0.0,0.0
2008-12-11 00:00:00+09:00,47562.296875,47562.296875,47562.296875,47562.296875,100,0.0,0.0
2008-12-12 00:00:00+09:00,47562.290234375,47562.290234375,46402.234375,46402.234375,100,0.0,0.0
2008-12-15 00:00:00+09:00,46402.234375,46402.234375,46402.234375,46402.234375,100,0.0,0.0
2008-12-16 00:00:00+09:00,46402.234375,46402.234375,46402.234375,46402.234375,100,0.0,0.0
2008-12-17 00:00:00+09:00,46402.234375,46402.234375,46402.234375,46402.234375,400,0.0,0.0
2008-12-18 00:00:00+09:00,46402.234375,46402.234375,46402.234375,46402.234375,100,0.0,0.0
2008-12-19 00:00:00+09:00,46402.234375,46402.234375,46402.234375,46402.234375,300,0.0,0.0
2008-12-22 00:00:00+09:00,46402.234375,46402.234375,46402.234375,46402.234375,200,0.0,0.0
2008-12-24 00:00:00+09:00,46402.234375,46402.234375,46402.234375,46402.234375,100,0.0,0.0
2008-12-25 00:00:00+09:00,46402.234375,46402.234375,46402.234375,46402.234375,200,0.0,0.0
2008-12-26 00:00:00+09:00,46402.234375,46402.234375,46402.234375,46402.234375,100,0.0,0.0
2008-12-29 00:00:00+09:00,46402.234375,46402.234375,46402.234375,46402.234375,100,0.0,0.0
2008-12-30 00:00:00+09:00,46402.234375,46402.234375,46402.234375,46402.234375,100,0.0,0.0
2009-01-05 00:00:00+09:00,49882.401953125,49882.401953125,46402.234375,46402.234375,500,0.0,0.0
2009-01-06 00:00:00+09:00,46402.234375,46402.234375,46402.234375,46402.234375,500,0.0,0.0
2009-01-07 00:00:00+09:00,46402.234375,46402.234375,46402.234375,46402.234375,500,0.0,0.0
2009-01-08 00:00:00+09:00,46402.234375,46402.234375,46402.234375,46402.234375,300,0.0,0.0
2009-01-09 00:00:00+09:00,46402.234375,46402.234375,46402.234375,46402.234375,200,0.0,0.0
2009-01-13 00:00:00+09:00,44082.12265625,46402.234375,44082.12265625,46402.234375,400,0.0,0.0
2009-01-14 00:00:00+09:00,45474.19210526316,45474.19210526316,44082.125,44082.125,100,0.0,0.0
2009-01-15 00:00:00+09:00,44662.15174278846,45242.1796875,44662.15174278846,45242.1796875,100,0.0,0.0
2009-01-16 00:00:00+09:00,46402.234375,46402.234375,46402.234375,46402.234375,300,0.0,0.0
2009-01-19 00:00:00+09:00,46402.234375,46402.234375,46402.234375,46402.234375,300,0.0,0.0
2009-01-20 00:00:00+09:00,46402.234375,46402.234375,46402.234375,46402.234375,300,0.0,0.0
2009-01-21 00:00:00+09:00,46402.234375,46402.234375,46402.234375,46402.234375,300,0.0,0.0
2009-01-22 00:00:00+09:00,46402.234375,46402.234375,46402.234375,46402.234375,300,0.0,0.0
2009-01-23 00:00:00+09:00,41762.015625,41762.015625,41762.015625,41762.015625,500,0.0,0.0
2009-01-26 00:00:00+09:00,41762.01315789474,44082.125,41762.01315789474,44082.125,200,0.0,0.0
2009-01-27 00:00:00+09:00,44082.125,44082.125,44082.125,44082.125,300,0.0,0.0
2009-01-28 00:00:00+09:00,39557.90924479167,41762.015625,39557.90924479167,41762.015625,300,0.0,0.0
2009-01-29 00:00:00+09:00,41762.015625,41762.015625,41762.015625,41762.015625,300,0.0,0.0
2009-01-30 00:00:00+09:00,41762.015625,41762.015625,41762.015625,41762.015625,1200,0.0,0.0
2009-02-02 00:00:00+09:00,46402.234375,46402.234375,46402.234375,46402.234375,400,0.0,0.0
2009-02-03 00:00:00+09:00,46402.234375,46402.234375,46402.234375,46402.234375,400,0.0,0.0
2009-02-04 00:00:00+09:00,46402.234375,46402.234375,46402.234375,46402.234375,400,0.0,0.0
2009-02-05 00:00:00+09:00,46402.234375,46402.234375,46402.234375,46402.234375,400,0.0,0.0
2009-02-06 00:00:00+09:00,46402.234375,46402.234375,46402.234375,46402.234375,200,0.0,0.0
2009-02-09 00:00:00+09:00,46402.234375,46402.234375,46402.234375,46402.234375,200,0.0,0.0
2009-02-10 00:00:00+09:00,46402.234375,46402.234375,46402.234375,46402.234375,100,0.0,0.0
2009-02-12 00:00:00+09:00,46402.234375,46402.234375,46402.234375,46402.234375,100,0.0,0.0
2009-02-13 00:00:00+09:00,46402.234375,46402.234375,46402.234375,46402.234375,100,0.0,0.0
2009-02-16 00:00:00+09:00,43154.07908653846,45242.1796875,42342.03996394231,45242.1796875,2100,0.0,0.0
2009-02-17 00:00:00+09:00,45242.1796875,45242.1796875,45242.1796875,45242.1796875,2100,0.0,0.0
2009-02-18 00:00:00+09:00,45242.1796875,45242.1796875,45242.1796875,45242.1796875,2100,0.0,0.0
2009-02-19 00:00:00+09:00,45242.178515625,46402.234375,45242.178515625,46402.234375,200,0.0,0.0
2009-02-20 00:00:00+09:00,46402.234375,46402.234375,46402.234375,46402.234375,200,0.0,0.0
2009-02-23 00:00:00+09:00,46402.234375,46402.234375,46402.234375,46402.234375,200,0.0,0.0
2009-02-24 00:00:00+09:00,46402.234375,46402.234375,46402.234375,46402.234375,200,0.0,0.0
2009-02-25 00:00:00+09:00,45242.1796875,45242.1796875,45242.1796875,45242.1796875,200,0.0,0.0
2009-02-26 00:00:00+09:00,45242.178515625,46402.234375,45242.178515625,46402.234375,100,0.0,0.0
2009-02-27 00:00:00+09:00,46402.234375,46402.234375,46402.234375,46402.234375,200,0.0,0.0
2009-03-02 00:00:00+09:00,46402.234375,46402.234375,46402.234375,46402.234375,500,0.0,0.0
2009-03-03 00:00:00+09:00,44546.145000000004,46402.234375,44546.145000000004,46402.234375,200,0.0,0.0
2009-03-04 00:00:00+09:00,46402.234375,46402.234375,46402.234375,46402.234375,200,0.0,0.0
2009-03-05 00:00:00+09:00,46402.234375,46402.234375,46402.234375,46402.234375,200,0.0,0.0
2009-03-06 00:00:00+09:00,46402.234375,46402.234375,46402.234375,46402.234375,200,0.0,0.0
2009-03-09 00:00:00+09:00,46402.234375,46402.234375,46402.234375,46402.234375,100,0.0,0.0
2009-03-10 00:00:00+09:00,46402.234375,46402.234375,46402.234375,46402.234375,100,0.0,0.0
2009-03-11 00:00:00+09:00,46402.234375,46402.234375,46402.234375,46402.234375,100,0.0,0.0
2009-03-12 00:00:00+09:00,46402.234375,46402.234375,46402.234375,46402.234375,100,0.0,0.0
2009-03-13 00:00:00+09:00,46402.234375,46402.234375,46402.234375,46402.234375,100,0.0,0.0
2009-03-16 00:00:00+09:00,46402.234375,46402.234375,46402.234375,46402.234375,100,0.0,0.0
2009-03-17 00:00:00+09:00,42922.06640625,42922.06640625,42922.06640625,42922.06640625,2100,0.0,0.0
2009-03-18 00:00:00+09:00,42458.04921875,42922.071614583336,41762.015625,41762.015625,2100,0.0,0.0
2009-03-19 00:00:00+09:00,38919.88296964799,40369.953125,38919.88296964799,40369.953125,4500,0.0,0.0
2009-03-23 00:00:00+09:00,39441.905145434466,39441.905145434466,38281.849111745214,39383.90234375,3300,0.0,0.0
2009-03-24 00:00:00+09:00,41762.01581027668,44024.125,41762.01581027668,44024.125,200,0.0,0.0
2009-03-25 00:00:00+09:00,44024.11986328125,46402.234375,44024.11986328125,46402.234375,100,0.0,0.0
2009-03-26 00:00:00+09:00,-13257.7822265625,-13257.7822265625,-13257.7822265625,-13257.7822265625,100,1800.0,0.0
2009-03-27 00:00:00+09:00,-13257.7822265625,-13257.7822265625,-13257.7822265625,-13257.7822265625,300,0.0,0.0
2009-03-30 00:00:00+09:00,-13257.7822265625,-13257.7822265625,-13257.7822265625,-13257.7822265625,300,0.0,0.0
2009-03-31 00:00:00+09:00,-13589.229213169643,-13920.673828125,-13589.229213169643,-13920.673828125,300,0.0,0.0
2009-04-01 00:00:00+09:00,-13920.67355559593,-14252.1181640625,-13920.67355559593,-14252.1181640625,400,0.0,0.0
2009-04-02 00:00:00+09:00,-14583.560546875,-14583.560546875,-14583.560546875,-14583.560546875,200,0.0,0.0
2009-04-03 00:00:00+09:00,-13854.3857421875,-13854.3857421875,-13854.3857421875,-13854.3857421875,200,0.0,0.0
2009-04-06 00:00:00+09:00,-13589.225861128429,-13589.225861128429,-13290.92578125,-13290.92578125,1200,0.0,0.0
2009-04-07 00:00:00+09:00,-13290.926115337172,-13290.926115337172,-12594.892578125,-12594.892578125,2200,0.0,0.0
2009-04-08 00:00:00+09:00,-12462.315504807693,-12462.315504807693,-11932.00420673077,-12064.58203125,1000,0.0,0.0
2009-04-09 00:00:00+09:00,-12064.582663475434,-12064.582663475434,-11467.982421875,-11467.982421875,2500,0.0,0.0
2009-04-10 00:00:00+09:00,-11633.705264820774,-11633.705264820774,-11269.1162109375,-11269.1162109375,1600,0.0,0.0
2009-04-13 00:00:00+09:00,-10937.669352213541,-11932.0029296875,-10606.224826388889,-11932.0029296875,6500,0.0,0.0
2009-04-14 00:00:00+09:00,-11666.849724264706,-11666.849724264706,-10937.671616498163,-11269.1162109375,1200,0.0,0.0
2009-04-15 00:00:00+09:00,-11269.1162109375,-11269.1162109375,-11269.1162109375,-11269.1162109375,200,0.0,0.0
2009-04-16 00:00:00+09:00,-11269.115317740092,-11269.115317740092,-10871.3818359375,-10871.3818359375,1800,0.0,0.0
2009-04-17 00:00:00+09:00,-10440.503528225805,-10440.503528225805,-9976.481149193547,-10274.78125,3700,0.0,0.0
2009-04-20 00:00:00+09:00,-10672.515940946692,-11269.1162109375,-10672.515940946692,-11269.1162109375,500,0.0,0.0
2009-04-21 00:00:00+09:00,-10274.782427619486,-11583.988575654872,-10274.782427619486,-11269.1162109375,700,0.0,0.0
2009-04-22 00:00:00+09:00,-10274.782427619486,-11269.1162109375,-10274.782427619486,-11269.1162109375,700,0.0,0.0
2009-04-23 00:00:00+09:00,-10274.782427619486,-11269.1162109375,-10274.782427619486,-11269.1162109375,900,0.0,0.0
2009-04-24 00:00:00+09:00,-10274.782427619486,-11269.1162109375,-10274.782427619486,-11269.1162109375,900,0.0,0.0
2009-04-27 00:00:00+09:00,-11269.1162109375,-11269.1162109375,-11269.1162109375,-11269.1162109375,900,0.0,0.0
2009-04-28 00:00:00+09:00,-11269.114062499999,-11600.55859375,-11269.114062499999,-11600.55859375,100,0.0,0.0
2009-04-30 00:00:00+09:00,-11766.283203125,-11766.283203125,-11766.283203125,-11766.283203125,100,0.0,0.0
2009-05-01 00:00:00+09:00,-13092.0615234375,-13092.0615234375,-13092.0615234375,-13092.0615234375,2600,0.0,0.0
2009-05-07 00:00:00+09:00,-13092.059182191508,-13092.059182191508,-12926.3369140625,-12926.3369140625,1400,0.0,0.0
2009-05-08 00:00:00+09:00,-12926.3369140625,-12926.3369140625,-12926.3369140625,-12926.3369140625,1400,0.0,0.0
2009-05-11 00:00:00+09:00,-12926.3369140625,-12926.3369140625,-12926.3369140625,-12926.3369140625,1400,0.0,0.0
2009-05-12 00:00:00+09:00,-12926.3369140625,-12926.3369140625,-12926.3369140625,-12926.3369140625,1400,0.0,0.0
2009-05-13 00:00:00+09:00,-12926.3369140625,-12926.3369140625,-12926.3369140625,-12926.3369140625,1400,0.0,0.0
2009-05-14 00:00:00+09:00,-12926.3369140625,-12926.3369140625,-12926.3369140625,-12926.3369140625,1400,0.0,0.0
2009-05-15 00:00:00+09:00,-12926.3369140625,-12926.3369140625,-12926.3369140625,-12926.3369140625,1400,0.0,0.0
2009-05-18 00:00:00+09:00,-12926.3369140625,-12926.3369140625,-12926.3369140625,-12926.3369140625,100,0.0,0.0
2009-05-19 00:00:00+09:00,-13257.7822265625,-13257.7822265625,-13257.7822265625,-13257.7822265625,700,0.0,0.0
2009-05-20 00:00:00+09:00,-13257.78105945122,-13589.2255859375,-13257.78105945122,-13589.2255859375,100,0.0,0.0
2009-05-21 00:00:00+09:00,-13589.2255859375,-13589.2255859375,-13589.2255859375,-13589.2255859375,100,0.0,0.0
2009-05-22 00:00:00+09:00,-13589.2255859375,-13589.2255859375,-13589.2255859375,-13589.2255859375,100,0.0,0.0
2009-05-25 00:00:00+09:00,-13589.2255859375,-13589.2255859375,-13589.2255859375,-13589.2255859375,100,0.0,0.0
2009-05-26 00:00:00+09:00,-13589.226430532095,-13589.226430532095,-12263.4482421875,-12263.4482421875,1600,0.0,0.0
2009-05-27 00:00:00+09:00,-12429.171197332618,-12561.7490234375,-12429.171197332618,-12561.7490234375,1200,0.0,0.0
2009-05-28 00:00:00+09:00,-12561.748352847584,-12694.326171874998,-12561.748352847584,-12694.326171875,300,0.0,0.0
2009-05-29 00:00:00+09:00,-12594.892578125,-12628.037032277962,-12594.892578125,-12594.892578125,600,0.0,0.0
2009-06-01 00:00:00+09:00,-13257.7822265625,-13257.7822265625,-13257.7822265625,-13257.7822265625,300,0.0,0.0
2009-06-02 00:00:00+09:00,-13257.7822265625,-13589.226782226562,-13191.493315429687,-13257.7822265625,900,0.0,0.0
2009-06-03 00:00:00+09:00,-13257.780433768656,-13324.0693359375,-13257.780433768656,-13324.0693359375,800,0.0,0.0
2009-06-04 00:00:00+09:00,-13257.7822265625,-13257.7822265625,-13257.7822265625,-13257.7822265625,100,0.0,0.0
2009-06-05 00:00:00+09:00,-13257.783421215881,-13357.216796875002,-13257.783421215881,-13357.216796875,700,0.0,0.0
2009-06-08 00:00:00+09:00,-13390.3603515625,-13390.3603515625,-13390.3603515625,-13390.3603515625,900,0.0,0.0
2009-06-09 00:00:00+09:00,-13489.792814429014,-13489.792814429014,-13257.78163580247,-13423.50390625,700,0.0,0.0
2009-06-10 00:00:00+09:00,-13423.503906250002,-13522.93726851852,-13423.503906250002,-13423.50390625,900,0.0,0.0
2009-06-11 00:00:00+09:00,-13589.226782226562,-13589.226782226562,-13257.7822265625,-13257.7822265625,300,0.0,0.0
2009-06-12 00:00:00+09:00,-13257.7822265625,-13257.7822265625,-13241.209998779297,-13257.7822265625,2100,0.0,0.0
2009-06-15 00:00:00+09:00,-13290.927594230496,-14550.416992187502,-13290.927594230496,-14550.4169921875,4600,0.0,0.0
2009-06-16 00:00:00+09:00,-14550.416992187502,-14550.416992187502,-14550.416992187502,-14550.4169921875,4600,0.0,0.0
2009-06-17 00:00:00+09:00,-14583.560546875,-14583.560546875,-14583.560546875,-14583.560546875,400,0.0,0.0
2009-06-18 00:00:00+09:00,-14682.996058439265,-14682.996058439265,-14666.423828124998,-14666.423828125,500,0.0,0.0
2009-06-19 00:00:00+09:00,-14749.283203125002,-14749.283203125002,-14749.283203125002,-14749.283203125,200,0.0,0.0
2009-06-22 00:00:00+09:00,-14915.0068359375,-14915.0068359375,-14898.434606119792,-14915.0068359375,500,0.0,0.0
2009-06-23 00:00:00+09:00,-14915.00738099564,-14964.724072265624,-14252.1181640625,-14252.1181640625,1800,0.0,0.0
2009-06-24 00:00:00+09:00,-13986.960188419118,-14086.3935546875,-13986.960188419118,-14086.3935546875,400,0.0,0.0
2009-06-25 00:00:00+09:00,-13920.673828125,-14583.563058035716,-13920.673828125,-13920.673828125,100,0.0,0.0
2009-06-26 00:00:00+09:00,-14583.562772529069,-14583.562772529069,-14252.1181640625,-14252.1181640625,400,0.0,0.0
2009-06-29 00:00:00+09:00,-15014.439453124998,-15014.439453124998,-15014.439453124998,-15014.439453125,1500,0.0,0.0
2009-06-30 00:00:00+09:00,-15014.437660449415,-16340.215820312498,-15014.437660449415,-16340.2158203125,7800,0.0,0.0
2009-07-01 00:00:00+09:00,-15080.7265625,-15080.7265625,-15080.7265625,-15080.7265625,1800,0.0,0.0
2009-07-02 00:00:00+09:00,-15080.7265625,-15080.7265625,-15080.7265625,-15080.7265625,1800,0.0,0.0
2009-07-03 00:00:00+09:00,-15080.7265625,-15080.7265625,-15080.7265625,-15080.7265625,1800,0.0,0.0
2009-07-06 00:00:00+09:00,-15080.7265625,-15080.7265625,-15080.7265625,-15080.7265625,1800,0.0,0.0
2009-07-07 00:00:00+09:00,-14583.560546875,-14583.560546875,-14583.560546875,-14583.560546875,400,0.0,0.0
2009-07-08 00:00:00+09:00,-14583.563058035716,-14583.563058035716,-13920.673828125,-13920.673828125,2100,0.0,0.0
2009-07-09 00:00:00+09:00,-13821.238054800726,-14053.249245169083,-13257.782306763287,-13721.8046875,2100,0.0,0.0
2009-07-10 00:00:00+09:00,-13456.648959960938,-13456.648959960938,-13092.05994873047,-13257.7822265625,1900,0.0,0.0
2009-07-13 00:00:00+09:00,-14020.104704589843,-14020.104704589843,-13257.7822265625,-13257.7822265625,600,0.0,0.0
2009-07-14 00:00:00+09:00,-13257.781327930175,-13290.92578125,-13257.781327930175,-13290.92578125,1100,0.0,0.0
2009-07-15 00:00:00+09:00,-13257.782845222513,-13257.782845222513,-12628.038160074444,-12661.1826171875,2000,0.0,0.0
2009-07-16 00:00:00+09:00,-12926.3369140625,-12926.3369140625,-12926.3369140625,-12926.3369140625,2000,0.0,0.0
2009-07-17 00:00:00+09:00,-12760.615234375,-12760.615234375,-12760.615234375,-12760.615234375,300,0.0,0.0
2009-07-21 00:00:00+09:00,-13158.349756226504,-13224.638671875,-13025.771924929511,-13224.638671875,700,0.0,0.0
2009-07-22 00:00:00+09:00,-13224.638671875,-13224.638671875,-13224.638671875,-13224.638671875,500,0.0,0.0
2009-07-23 00:00:00+09:00,-13025.770274939905,-13125.203635817308,-12926.3369140625,-12926.3369140625,2500,0.0,0.0
2009-07-24 00:00:00+09:00,-12926.339366538099,-13158.350585937502,-12926.339366538099,-13158.3505859375,2100,0.0,0.0
2009-07-27 00:00:00+09:00,-13158.348696225648,-13158.348696225648,-12760.615234375,-12760.615234375,1600,0.0,0.0
2009-07-28 00:00:00+09:00,-12710.898961479632,-13373.7880859375,-12710.898961479632,-13373.7880859375,2100,0.0,0.0
2009-07-29 00:00:00+09:00,-12860.051621194947,-12909.768315606783,-12793.7626953125,-12793.7626953125,2000,0.0,0.0
2009-07-30 00:00:00+09:00,-13224.637333000614,-13489.79296875,-13224.637333000614,-13489.79296875,3500,0.0,0.0
2009-07-31 00:00:00+09:00,-13522.938476562502,-13556.082933612899,-13274.355048684514,-13522.9384765625,5200,0.0,0.0
2009-08-03 00:00:00+09:00,-13556.081133288872,-13589.2255859375,-13274.353285775533,-13589.2255859375,3800,0.0,0.0
2009-08-04 00:00:00+09:00,-13589.225980201863,-13589.225980201863,-13340.642578125,-13340.642578125,3000,0.0,0.0
2009-08-05 00:00:00+09:00,-13473.222617839318,-13920.672815479737,-13290.928092874701,-13904.1005859375,6200,0.0,0.0
2009-08-06 00:00:00+09:00,-13920.672152102401,-14484.127929687498,-13920.672152102401,-14484.1279296875,2900,0.0,0.0
2009-08-07 00:00:00+09:00,-14749.28551262589,-14749.28551262589,-13788.096119668247,-13986.962890625,2500,0.0,0.0
2009-08-10 00:00:00+09:00,-14782.430146272807,-14782.430146272807,-14368.124368630632,-14533.8466796875,800,0.0,0.0
2009-08-11 00:00:00+09:00,-14136.110887610395,-15246.4501953125,-13920.67191745924,-15246.4501953125,4500,0.0,0.0
2009-08-12 00:00:00+09:00,-14318.404900568183,-14583.560546875,-14301.832672674007,-14583.560546875,2600,0.0,0.0
2009-08-13 00:00:00+09:00,-14583.560546875,-14583.560546875,-14583.560546875,-14583.560546875,100,0.0,0.0
2009-08-14 00:00:00+09:00,-14716.13837002841,-14716.13837002841,-14583.560546875,-14583.560546875,2500,0.0,0.0
2009-08-17 00:00:00+09:00,-14517.27363418472,-14517.27363418472,-13986.962268552401,-14152.6845703125,4200,0.0,0.0
2009-08-18 00:00:00+09:00,-14086.3935546875,-14086.3935546875,-14086.3935546875,-14086.3935546875,100,0.0,0.0
2009-08-19 00:00:00+09:00,-13788.096747601918,-13821.2412109375,-13423.507650910522,-13821.2412109375,5600,0.0,0.0
2009-08-20 00:00:00+09:00,-13953.816067465801,-14235.543945312498,-13953.816067465801,-14235.5439453125,1500,0.0,0.0
2009-08-21 00:00:00+09:00,-14003.53498186384,-14003.53498186384,-13920.673828125,-13920.673828125,2500,0.0,0.0
2009-08-24 00:00:00+09:00,-14185.827068236717,-14185.827068236717,-13721.804687500002,-13721.8046875,2300,0.0,0.0
2009-08-25 00:00:00+09:00,-13721.80453580097,-13754.948991201454,-13655.515624999998,-13655.515625,2200,0.0,0.0
2009-08-26 00:00:00+09:00,-13655.517665032201,-14152.6845703125,-13589.22874432816,-14152.6845703125,2400,0.0,0.0
2009-08-27 00:00:00+09:00,-14517.27363418472,-14517.27363418472,-13655.517665032201,-14152.6845703125,4400,0.0,0.0
2009-08-28 00:00:00+09:00,-13887.526889754843,-13887.526889754843,-13672.087928457931,-13688.66015625,4600,0.0,0.0
2009-08-31 00:00:00+09:00,-13672.088078878012,-13754.949218750002,-13605.799166980423,-13754.94921875,2200,0.0,0.0
2009-09-02 00:00:00+09:00,-13556.082365305087,-13556.082365305087,-13108.632213883036,-13274.3544921875,3300,0.0,0.0
2009-09-03 00:00:00+09:00,-13290.926682128906,-13290.926682128906,-13257.7822265625,-13257.7822265625,2000,0.0,0.0
2009-09-04 00:00:00+09:00,-13274.355048684514,-13522.938476562502,-13257.782820159315,-13522.9384765625,1300,0.0,0.0
2009-09-07 00:00:00+09:00,-13390.358238106342,-13406.930463648554,-13324.0693359375,-13324.0693359375,3200,0.0,0.0
2009-09-08 00:00:00+09:00,-13324.070234569826,-13589.225861128429,-13290.92578125,-13290.92578125,1300,0.0,0.0
2009-09-09 00:00:00+09:00,-13556.0830078125,-13556.0830078125,-13390.360721653422,-13556.0830078125,3400,0.0,0.0
2009-09-10 00:00:00+09:00,-13622.37171920159,-14500.699822751085,-13589.227262463874,-14334.9775390625,6000,0.0,0.0
2009-09-11 00:00:00+09:00,-14301.832966022665,-14732.710900109094,-14301.832966022665,-14716.138671875,1900,0.0,0.0
2009-09-14 00:00:00+09:00,-14583.560846002252,-14815.572041279562,-14583.560846002252,-14716.138671875,3300,0.0,0.0
2009-09-15 00:00:00+09:00,-14716.138968331472,-14848.716796875,-14716.138968331472,-14848.716796875,900,0.0,0.0
2009-09-16 00:00:00+09:00,-14898.434570312502,-14898.434570312502,-14881.862340534622,-14898.4345703125,500,0.0,0.0
2009-09-17 00:00:00+09:00,-14898.432876864348,-14898.432876864348,-14583.560546875,-14583.560546875,500,0.0,0.0
2009-09-18 00:00:00+09:00,-14583.563203495261,-14583.563203495261,-13986.962890625,-13986.962890625,100,0.0,0.0
2009-09-21 00:00:00+09:00,-13986.962890625,-13986.962890625,-13986.962890625,-13986.962890625,0,0.0,0.0
2009-09-24 00:00:00+09:00,-14252.116353581461,-14749.283203125002,-14185.82744030899,-14749.283203125,1500,0.0,0.0
2009-09-25 00:00:00+09:00,-14749.282825816763,-14749.282825816763,-14583.560546875,-14583.560546875,700,0.0,0.0
2009-09-28 00:00:00+09:00,-14583.562700320514,-14583.562700320514,-14218.973632812502,-14218.9736328125,600,0.0,0.0
2009-09-29 00:00:00+09:00,-14252.1181640625,-14252.1181640625,-14252.1181640625,-14252.1181640625,100,0.0,0.0
2009-09-30 00:00:00+09:00,-14417.835937500002,-14417.835937500002,-14417.835937500002,-14417.8359375,200,0.0,0.0
2009-10-01 00:00:00+09:00,-14583.561450028476,-14583.561450028476,-14550.416992187502,-14550.4169921875,600,0.0,0.0
2009-10-02 00:00:00+09:00,-14550.416992187502,-14550.416992187502,-14550.416992187502,-14550.4169921875,200,0.0,0.0
2009-10-05 00:00:00+09:00,-13821.237978586563,-13821.237978586563,-13688.66015625,-13688.66015625,1400,0.0,0.0
2009-10-06 00:00:00+09:00,-13655.515624999998,-13754.948991201454,-13655.515624999998,-13655.515625,700,0.0,0.0
2009-10-07 00:00:00+09:00,-13522.938476562502,-13522.938476562502,-13522.938476562502,-13522.9384765625,500,0.0,0.0
2009-10-08 00:00:00+09:00,-13622.37139495482,-13754.949218750002,-13622.37139495482,-13754.94921875,300,0.0,0.0
2009-10-09 00:00:00+09:00,-13754.952351693331,-13854.3857421875,-13754.952351693331,-13854.3857421875,200,0.0,0.0
2009-10-13 00:00:00+09:00,-14020.10672890442,-14152.6845703125,-13953.81780820038,-14152.6845703125,4300,0.0,0.0
2009-10-14 00:00:00+09:00,-14152.6845703125,-14152.6845703125,-14152.6845703125,-14152.6845703125,4300,0.0,0.0
2009-10-15 00:00:00+09:00,-14086.3935546875,-14119.538010110295,-14086.3935546875,-14086.3935546875,1600,0.0,0.0
2009-10-16 00:00:00+09:00,-13754.949218750002,-13754.949218750002,-13754.949218750002,-13754.94921875,800,0.0,0.0
2009-10-19 00:00:00+09:00,-13887.528606586142,-14020.1064453125,-13887.528606586142,-14020.1064453125,100,0.0,0.0
2009-10-20 00:00:00+09:00,-13788.093455882352,-14086.3935546875,-13788.093455882352,-14086.3935546875,600,0.0,0.0
2009-10-21 00:00:00+09:00,-14086.395859829216,-14252.1181640625,-14086.395859829216,-14252.1181640625,1600,0.0,0.0
2009-10-22 00:00:00+09:00,-14252.1181640625,-14252.1181640625,-14252.1181640625,-14252.1181640625,100,0.0,0.0
2009-10-23 00:00:00+09:00,-14086.3935546875,-14086.3935546875,-14086.3935546875,-14086.3935546875,3000,0.0,0.0
2009-10-26 00:00:00+09:00,-14086.395859829216,-14252.1181640625,-14086.395859829216,-14252.1181640625,1000,0.0,0.0
2009-10-27 00:00:00+09:00,-14252.1181640625,-14252.1181640625,-14252.1181640625,-14252.1181640625,1000,0.0,0.0
2009-10-28 00:00:00+09:00,-14252.11583180147,-14252.11583180147,-14086.3935546875,-14086.3935546875,200,0.0,0.0
2009-10-29 00:00:00+09:00,-14086.3935546875,-14086.3935546875,-14086.3935546875,-14086.3935546875,400,0.0,0.0
2009-10-30 00:00:00+09:00,-14252.1181640625,-14252.1181640625,-14252.1181640625,-14252.1181640625,300,0.0,0.0
2009-11-02 00:00:00+09:00,-14252.115840824772,-14517.271484375,-14252.115840824772,-14517.271484375,500,0.0,0.0
2009-11-04 00:00:00+09:00,-14517.271484375,-14517.271484375,-14517.271484375,-14517.271484375,500,0.0,0.0
2009-11-05 00:00:00+09:00,-14517.271475183823,-14517.271475183823,-14086.3935546875,-14086.3935546875,100,0.0,0.0
2009-11-06 00:00:00+09:00,-14417.838118043665,-14517.271484375,-14351.549207156108,-14517.271484375,3300,0.0,0.0
2009-11-09 00:00:00+09:00,-14517.271635298297,-14583.560546875,-14517.271635298297,-14583.560546875,400,0.0,0.0
2009-11-10 00:00:00+09:00,-13522.938679245284,-14053.250000000002,-13522.938679245284,-14053.25,4800,0.0,0.0
2009-11-11 00:00:00+09:00,-13589.226332156019,-13589.226332156019,-13489.79296875,-13489.79296875,200,0.0,0.0
2009-11-12 00:00:00+09:00,-13589.2255859375,-13589.2255859375,-13589.2255859375,-13589.2255859375,700,0.0,0.0
2009-11-13 00:00:00+09:00,-13473.220001667301,-13589.2255859375,-13473.220001667301,-13589.2255859375,500,0.0,0.0
2009-11-16 00:00:00+09:00,-13754.947849180639,-13754.947849180639,-13589.2255859375,-13589.2255859375,1600,0.0,0.0
2009-11-17 00:00:00+09:00,-13589.2255859375,-13589.2255859375,-13025.769890910822,-13589.2255859375,2300,0.0,0.0
2009-11-18 00:00:00+09:00,-13589.225861128429,-13589.225861128429,-13290.92578125,-13290.92578125,200,0.0,0.0
2009-11-19 00:00:00+09:00,-13257.7822265625,-13257.7822265625,-13257.7822265625,-13257.7822265625,600,0.0,0.0
2009-11-20 00:00:00+09:00,-13257.7822265625,-13257.7822265625,-13257.7822265625,-13257.7822265625,600,0.0,0.0
2009-11-24 00:00:00+09:00,-13257.7822265625,-13257.7822265625,-13257.7822265625,-13257.7822265625,100,0.0,0.0
2009-11-25 00:00:00+09:00,-13257.7822265625,-13257.7822265625,-13257.7822265625,-13257.7822265625,100,0.0,0.0
2009-11-26 00:00:00+09:00,-13423.503906250002,-13589.226176697532,-13423.503906250002,-13423.50390625,400,0.0,0.0
2009-11-27 00:00:00+09:00,-13589.2255859375,-13589.2255859375,-13589.2255859375,-13589.2255859375,400,0.0,0.0
2009-11-30 00:00:00+09:00,-13589.22678949758,-13688.66015625,-13589.22678949758,-13688.66015625,100,0.0,0.0
2009-12-01 00:00:00+09:00,-14086.3935546875,-14086.3935546875,-14086.3935546875,-14086.3935546875,12400,0.0,0.0
2009-12-02 00:00:00+09:00,-14086.3935546875,-14086.3935546875,-14086.3935546875,-14086.3935546875,12400,0.0,0.0
2009-12-03 00:00:00+09:00,-14086.3935546875,-14086.3935546875,-14086.3935546875,-14086.3935546875,12400,0.0,0.0
2009-12-04 00:00:00+09:00,-14086.3935546875,-14086.3935546875,-14086.3935546875,-14086.3935546875,12400,0.0,0.0
2009-12-07 00:00:00+09:00,-14086.3935546875,-14086.3935546875,-14086.3935546875,-14086.3935546875,12400,0.0,0.0
2009-12-08 00:00:00+09:00,-14086.393778237953,-14086.393778237953,-13754.949218750002,-13754.94921875,100,0.0,0.0
2009-12-09 00:00:00+09:00,-13754.949218750002,-13754.949218750002,-13754.949218750002,-13754.94921875,100,0.0,0.0
2009-12-10 00:00:00+09:00,-13688.66259765625,-13920.673828125,-13688.66259765625,-13920.673828125,1100,0.0,0.0
2009-12-11 00:00:00+09:00,-13655.515850903616,-13920.671498493977,-13655.515850903616,-13754.94921875,1400,0.0,0.0
2009-12-14 00:00:00+09:00,-13754.94900045956,-14086.3935546875,-13754.94900045956,-14086.3935546875,400,0.0,0.0
2009-12-15 00:00:00+09:00,-14086.395859829216,-14252.1181640625,-14086.395859829216,-14252.1181640625,1300,0.0,0.0
2009-12-16 00:00:00+09:00,-14252.1181640625,-14252.1181640625,-14252.1181640625,-14252.1181640625,200,0.0,0.0
2009-12-17 00:00:00+09:00,-14583.560546875,-14583.560546875,-14583.560546875,-14583.560546875,200,0.0,0.0
2009-12-18 00:00:00+09:00,-14583.560546875,-14583.560546875,-14583.560546875,-14583.560546875,1200,0.0,0.0
2009-12-21 00:00:00+09:00,-14583.560546875,-14583.560546875,-14583.560546875,-14583.560546875,200,0.0,0.0
2009-12-22 00:00:00+09:00,-14583.560546875,-14583.560546875,-14583.560546875,-14583.560546875,500,0.0,0.0
2009-12-24 00:00:00+09:00,-14583.560546875,-14583.560546875,-14583.560546875,-14583.560546875,200,0.0,0.0
2009-12-25 00:00:00+09:00,-14583.560546875,-14583.560546875,-14583.560546875,-14583.560546875,500,0.0,0.0
2009-12-28 00:00:00+09:00,-14583.56085049304,-14583.56085049304,-14285.2607421875,-14285.2607421875,100,0.0,0.0
2009-12-29 00:00:00+09:00,-14417.838636762643,-14749.283203125002,-14417.838636762643,-14749.283203125,300,0.0,0.0
2009-12-30 00:00:00+09:00,-14799.001716997745,-15147.018554687502,-14799.001716997745,-15147.0185546875,800,0.0,0.0
2010-01-04 00:00:00+09:00,-15379.028320312498,-15379.028320312498,-15379.028320312498,-15379.0283203125,300,0.0,0.0
2010-01-05 00:00:00+09:00,-15246.4501953125,-15246.4501953125,-15246.4501953125,-15246.4501953125,1300,0.0,0.0
2010-01-06 00:00:00+09:00,-15246.4501953125,-15246.4501953125,-15246.4501953125,-15246.4501953125,1300,0.0,0.0
2010-01-07 00:00:00+09:00,-15246.449897714449,-15246.449897714449,-14682.994140625002,-14682.994140625,100,0.0,0.0
2010-01-08 00:00:00+09:00,-15213.306032378097,-15379.028320312498,-15213.306032378097,-15379.0283203125,600,0.0,0.0
2010-01-12 00:00:00+09:00,-15379.028320312498,-15379.028320312498,-15379.028320312498,-15379.0283203125,600,0.0,0.0
2010-01-13 00:00:00+09:00,-15379.028320312498,-15379.028320312498,-15379.028320312498,-15379.0283203125,600,0.0,0.0
2010-01-14 00:00:00+09:00,-15379.028320312498,-15379.028320312498,-15379.028320312498,-15379.0283203125,100,0.0,0.0
2010-01-15 00:00:00+09:00,-15379.028320312498,-15379.028320312498,-15379.028320312498,-15379.0283203125,100,0.0,0.0
2010-01-18 00:00:00+09:00,-15246.4501953125,-15246.4501953125,-15246.4501953125,-15246.4501953125,1500,0.0,0.0
2010-01-19 00:00:00+09:00,-15246.4501953125,-15246.4501953125,-15246.4501953125,-15246.4501953125,1500,0.0,0.0
2010-01-20 00:00:00+09:00,-15246.4501953125,-15246.4501953125,-15246.4501953125,-15246.4501953125,1500,0.0,0.0
2010-01-21 00:00:00+09:00,-15379.028320312498,-15379.028320312498,-15379.028320312498,-15379.0283203125,100,0.0,0.0
2010-01-22 00:00:00+09:00,-15412.172948572019,-15412.172948572019,-15014.439453124998,-15014.439453125,1100,0.0,0.0
2010-01-25 00:00:00+09:00,-15577.8955078125,-15577.8955078125,-15577.8955078125,-15577.8955078125,2000,0.0,0.0
2010-01-26 00:00:00+09:00,-15577.893844902386,-15743.616119848157,-15279.59375,-15279.59375,3400,0.0,0.0
2010-01-27 00:00:00+09:00,-15279.59375,-15279.59375,-15279.59375,-15279.59375,3400,0.0,0.0
2010-01-28 00:00:00+09:00,-15279.59375,-15279.59375,-15279.59375,-15279.59375,3400,0.0,0.0
2010-01-29 00:00:00+09:00,-15279.59375,-15279.59375,-15279.59375,-15279.59375,3400,0.0,0.0
2010-02-01 00:00:00+09:00,-15826.478517790329,-15826.478517790329,-14881.861475367241,-14948.150390625,500,0.0,0.0
2010-02-02 00:00:00+09:00,-14948.150390625,-14948.150390625,-14948.150390625,-14948.150390625,500,0.0,0.0
2010-02-03 00:00:00+09:00,-14948.150390625,-14948.150390625,-14948.150390625,-14948.150390625,500,0.0,0.0
2010-02-04 00:00:00+09:00,-14948.149489681276,-14981.293945312498,-14948.149489681276,-14981.2939453125,1400,0.0,0.0
2010-02-05 00:00:00+09:00,-14981.295755208334,-14981.295755208334,-14583.562239583332,-14915.0068359375,1200,0.0,0.0
2010-02-08 00:00:00+09:00,-14915.0068359375,-14915.0068359375,-14915.0068359375,-14915.0068359375,1200,0.0,0.0
2010-02-09 00:00:00+09:00,-14915.0068359375,-14915.0068359375,-14915.0068359375,-14915.0068359375,100,0.0,0.0
2010-02-10 00:00:00+09:00,-14915.0068359375,-14915.0068359375,-14915.0068359375,-14915.0068359375,100,0.0,0.0
2010-02-12 00:00:00+09:00,-14915.0068359375,-14915.0068359375,-14915.0068359375,-14915.0068359375,100,0.0,0.0
2010-02-15 00:00:00+09:00,-14915.005104758524,-14915.005104758524,-14583.560546875,-14583.560546875,1600,0.0,0.0
2010-02-16 00:00:00+09:00,-14583.560546875,-14583.560546875,-14583.560546875,-14583.560546875,1600,0.0,0.0
2010-02-17 00:00:00+09:00,-14252.1181640625,-14252.1181640625,-14252.1181640625,-14252.1181640625,200,0.0,0.0
2010-02-18 00:00:00+09:00,-14252.1181640625,-14252.1181640625,-14252.1181640625,-14252.1181640625,200,0.0,0.0
2010-02-19 00:00:00+09:00,-14252.117643229167,-14915.0068359375,-14252.117643229167,-14915.0068359375,100,0.0,0.0
2010-02-22 00:00:00+09:00,-14915.005104758524,-14915.005104758524,-14583.560546875,-14583.560546875,1400,0.0,0.0
2010-02-23 00:00:00+09:00,-14583.560546875,-14583.560546875,-14583.560546875,-14583.560546875,1400,0.0,0.0
2010-02-24 00:00:00+09:00,-14583.560546875,-14583.560546875,-14583.560546875,-14583.560546875,100,0.0,0.0
2010-02-25 00:00:00+09:00,-14583.560546875,-14583.560546875,-14583.560546875,-14583.560546875,100,0.0,0.0
2010-02-26 00:00:00+09:00,-14583.560771726863,-14682.994140625002,-14583.560771726863,-14682.994140625,100,0.0,0.0
2010-03-01 00:00:00+09:00,-15246.4501953125,-15246.4501953125,-15246.4501953125,-15246.4501953125,600,0.0,0.0
2010-03-02 00:00:00+09:00,-14915.005034050055,-14981.293945312498,-14915.005034050055,-14981.2939453125,600,0.0,0.0
2010-03-03 00:00:00+09:00,-14981.293945312498,-14981.293945312498,-14981.293945312498,-14981.2939453125,600,0.0,0.0
2010-03-04 00:00:00+09:00,-14649.849458451705,-14649.849458451705,-14086.393710049717,-14583.560546875,500,0.0,0.0
2010-03-05 00:00:00+09:00,-14583.560546875,-14583.560546875,-14583.560546875,-14583.560546875,900,0.0,0.0
2010-03-08 00:00:00+09:00,-14583.560546875,-14583.560546875,-14583.560546875,-14583.560546875,1500,0.0,0.0
2010-03-09 00:00:00+09:00,-14583.560546875,-14583.560546875,-14583.560546875,-14583.560546875,300,0.0,0.0
2010-03-10 00:00:00+09:00,-14583.562570861677,-14616.70703125,-14583.562570861677,-14616.70703125,100,0.0,0.0
2010-03-11 00:00:00+09:00,-14616.70703125,-14616.70703125,-14616.70703125,-14616.70703125,100,0.0,0.0
2010-03-12 00:00:00+09:00,-14616.705002663353,-14616.705002663353,-14583.560546875,-14583.560546875,500,0.0,0.0
2010-03-15 00:00:00+09:00,-14915.005625849186,-15246.4501953125,-14848.716711956522,-15246.4501953125,1000,0.0,0.0
2010-03-16 00:00:00+09:00,-15312.737740384617,-15312.737740384617,-14881.8598385989,-15080.7265625,2100,0.0,0.0
2010-03-17 00:00:00+09:00,-15113.8740234375,-15147.018484015214,-15113.8740234375,-15113.8740234375,600,0.0,0.0
2010-03-18 00:00:00+09:00,-15511.605395507813,-15909.338867187502,-15511.605395507813,-15909.3388671875,2700,0.0,0.0
2010-03-19 00:00:00+09:00,-15909.3378131524,-15942.482266929801,-15876.193359375,-15876.193359375,900,0.0,0.0
2010-03-23 00:00:00+09:00,-15843.048905597598,-15909.3378131524,-15843.048905597598,-15876.193359375,2600,0.0,0.0
2010-03-24 00:00:00+09:00,-15909.340093085106,-15909.340093085106,-15445.317673703457,-15577.8955078125,9200,0.0,0.0
2010-03-25 00:00:00+09:00,-15876.193359375,-15876.193359375,-15876.193359375,-15876.193359375,1800,0.0,0.0
2010-03-26 00:00:00+09:00,-15876.193046875,-15909.3375,-15743.615234375,-15743.615234375,6500,0.0,0.0
2010-03-29 00:00:00+09:00,3459.708656141493,3498.581787109375,3428.6101513671874,3498.581787109375,3600,2500.0,0.0
2010-03-30 00:00:00+09:00,3498.5813067036293,3615.20068359375,3498.5813067036293,3615.20068359375,1000,0.0,0.0
2010-03-31 00:00:00+09:00,3615.2009196571507,3642.412109375,3615.2009196571507,3642.412109375,100,0.0,0.0
2010-04-01 00:00:00+09:00,3630.7500955099586,3630.7500955099586,3537.45458984375,3537.45458984375,800,0.0,0.0
2010-04-02 00:00:00+09:00,3568.55322265625,3568.55322265625,3568.55322265625,3568.55322265625,1100,0.0,0.0
2010-04-05 00:00:00+09:00,3560.778466260302,3560.778466260302,3537.45458984375,3537.45458984375,2700,0.0,0.0
2010-04-06 00:00:00+09:00,3560.7787966579863,3560.7787966579863,3498.581787109375,3498.581787109375,1300,0.0,0.0
2010-04-07 00:00:00+09:00,3498.5818614130435,3576.328125,3498.5818614130435,3576.328125,1800,0.0,0.0
2010-04-08 00:00:00+09:00,3576.328125,3576.328125,3576.328125,3576.328125,1800,0.0,0.0
2010-04-09 00:00:00+09:00,3506.356487771739,3576.328125,3498.5818614130435,3576.328125,2600,0.0,0.0
2010-04-12 00:00:00+09:00,3591.8768082157258,3638.5245589717742,3591.8768082157258,3615.20068359375,2800,0.0,0.0
2010-04-13 00:00:00+09:00,3615.2012567934785,3638.5251358695655,3576.328125,3576.328125,7300,0.0,0.0
2010-04-14 00:00:00+09:00,3646.29931640625,3646.29931640625,3607.4261893656717,3646.29931640625,3700,0.0,0.0
2010-04-15 00:00:00+09:00,3731.820556640625,3863.9892013549807,3708.4966781616213,3731.820556640625,14100,0.0,0.0
2010-04-16 00:00:00+09:00,3731.8201704545454,4276.0439453125,3731.8201704545454,4276.0439453125,32500,0.0,0.0
2010-04-19 00:00:00+09:00,3902.8623988994427,3910.637025192071,3677.39823641322,3747.369873046875,29600,0.0,0.0
2010-04-20 00:00:00+09:00,3817.3413544921873,4066.1293857421874,3817.3413544921873,3887.31298828125,9300,0.0,0.0
2010-04-21 00:00:00+09:00,3926.1859537760415,4120.551595052083,3926.1859537760415,4081.678466796875,4300,0.0,0.0
2010-04-22 00:00:00+09:00,4182.748191077687,4182.748191077687,4081.67806750146,4159.42431640625,1600,0.0,0.0
2010-04-23 00:00:00+09:00,4159.424573174838,4703.648349104256,4159.424573174838,4509.28271484375,12400,0.0,0.0
2010-04-26 00:00:00+09:00,4431.537084960937,4726.972890625,4276.0445556640625,4664.77587890625,7200,0.0,0.0
2010-04-27 00:00:00+09:00,4820.2683841765875,4898.0146484375,4587.029591393849,4898.0146484375,6000,0.0,0.0
2010-04-28 00:00:00+09:00,4820.268103470503,5045.732256697349,4672.550209977052,4711.42333984375,3100,0.0,0.0
2010-04-30 00:00:00+09:00,4835.817232228053,5092.3798828125,4835.817232228053,5092.3798828125,2200,0.0,0.0
2010-05-06 00:00:00+09:00,5014.63387298584,5014.63387298584,4975.7607421875,4975.7607421875,1400,0.0,0.0
2010-05-07 00:00:00+09:00,4742.522119915674,4898.0146484375,4742.522119915674,4898.0146484375,1500,0.0,0.0
2010-05-10 00:00:00+09:00,4882.4647412909835,4882.4647412909835,4509.28272284836,4742.521484375,3200,0.0,0.0
2010-05-11 00:00:00+09:00,4353.789858217592,4509.282353153935,4198.29736328125,4198.29736328125,9400,0.0,0.0
2010-05-12 00:00:00+09:00,3902.862240234375,3988.3831259765625,3794.0174765624997,3887.31298828125,7600,0.0,0.0
2010-05-13 00:00:00+09:00,3887.312445239486,4159.42431640625,3887.312445239486,4159.42431640625,4400,0.0,0.0
2010-05-14 00:00:00+09:00,4081.678751070205,4081.678751070205,3972.833984375,3972.833984375,500,0.0,0.0
2010-05-17 00:00:00+09:00,3856.2144843749998,3949.50999609375,3809.5667285156246,3887.31298828125,7700,0.0,0.0
2010-05-18 00:00:00+09:00,3887.31298828125,3887.31298828125,3887.31298828125,3887.31298828125,7700,0.0,0.0
2010-05-19 00:00:00+09:00,3887.31298828125,3887.31298828125,3887.31298828125,3887.31298828125,7700,0.0,0.0
2010-05-20 00:00:00+09:00,3887.31298828125,3887.31298828125,3887.31298828125,3887.31298828125,7700,0.0,0.0
2010-05-21 00:00:00+09:00,3887.31298828125,3887.31298828125,3887.31298828125,3887.31298828125,7700,0.0,0.0
2010-05-24 00:00:00+09:00,3887.31298828125,3887.31298828125,3887.31298828125,3887.31298828125,7700,0.0,0.0
2010-05-25 00:00:00+09:00,3809.566550966841,3809.566550966841,3436.384521484375,3436.384521484375,2900,0.0,0.0
2010-05-26 00:00:00+09:00,3576.328125,3576.328125,3576.328125,3576.328125,400,0.0,0.0
2010-05-27 00:00:00+09:00,3630.75,3630.75,3630.75,3630.75,900,0.0,0.0
2010-05-28 00:00:00+09:00,3654.0743885869565,3708.496773097826,3576.328125,3576.328125,500,0.0,0.0
2010-05-31 00:00:00+09:00,3739.5954512420717,3739.5954512420717,3677.3984375,3677.3984375,300,0.0,0.0
2010-06-01 00:00:00+09:00,3840.6650390625,3840.6650390625,3840.6650390625,3840.6650390625,300,0.0,0.0
2010-06-02 00:00:00+09:00,3840.6650390625,3840.6650390625,3840.6650390625,3840.6650390625,300,0.0,0.0
2010-06-03 00:00:00+09:00,3731.820556640625,3731.820556640625,3731.820556640625,3731.820556640625,100,0.0,0.0
2010-06-04 00:00:00+09:00,3731.820556640625,3731.820556640625,3731.820556640625,3731.820556640625,100,0.0,0.0
2010-06-07 00:00:00+09:00,3731.820556640625,3731.820556640625,3731.820556640625,3731.820556640625,100,0.0,0.0
2010-06-08 00:00:00+09:00,3731.820556640625,3731.820556640625,3731.820556640625,3731.820556640625,100,0.0,0.0
2010-06-09 00:00:00+09:00,3731.8202266483513,3731.8202266483513,3537.45458984375,3537.45458984375,200,0.0,0.0
2010-06-10 00:00:00+09:00,3537.454312362335,3537.454312362335,3529.6796875,3529.6796875,100,0.0,0.0
2010-06-11 00:00:00+09:00,3529.6796875,3529.6796875,3529.6796875,3529.6796875,100,0.0,0.0
2010-06-14 00:00:00+09:00,3576.327832680848,3576.327832680848,3506.356201171875,3506.356201171875,800,0.0,0.0
2010-06-15 00:00:00+09:00,3506.356425056291,3576.328061033024,3506.356425056291,3560.77880859375,300,0.0,0.0
2010-06-16 00:00:00+09:00,3560.77880859375,3560.77880859375,3560.77880859375,3560.77880859375,300,0.0,0.0
2010-06-17 00:00:00+09:00,3560.77880859375,3560.77880859375,3560.77880859375,3560.77880859375,300,0.0,0.0
2010-06-18 00:00:00+09:00,3545.2296195652175,3576.328125,3545.2296195652175,3576.328125,300,0.0,0.0
2010-06-21 00:00:00+09:00,3576.328125,3576.328125,3576.328125,3576.328125,100,0.0,0.0
2010-06-22 00:00:00+09:00,3685.1728515625,3685.1728515625,3685.1728515625,3685.1728515625,100,0.0,0.0
2010-06-23 00:00:00+09:00,3685.1728515625,3685.1728515625,3685.1728515625,3685.1728515625,100,0.0,0.0
2010-06-24 00:00:00+09:00,3619.0879961567543,3619.0879961567543,3615.20068359375,3615.20068359375,300,0.0,0.0
2010-06-25 00:00:00+09:00,3560.77880859375,3560.77880859375,3560.77880859375,3560.77880859375,200,0.0,0.0
2010-06-28 00:00:00+09:00,3770.693356777759,3770.693356777759,3654.073974609375,3654.073974609375,1800,0.0,0.0
2010-06-29 00:00:00+09:00,3654.073974609375,3654.073974609375,3654.073974609375,3654.073974609375,1800,0.0,0.0
2010-06-30 00:00:00+09:00,3654.073974609375,3654.073974609375,3654.073974609375,3654.073974609375,1800,0.0,0.0
2010-07-01 00:00:00+09:00,3731.820556640625,3731.820556640625,3731.820556640625,3731.820556640625,300,0.0,0.0
2010-07-02 00:00:00+09:00,3731.820556640625,3731.820556640625,3731.820556640625,3731.820556640625,300,0.0,0.0
2010-07-05 00:00:00+09:00,3731.820556640625,3731.820556640625,3731.820556640625,3731.820556640625,300,0.0,0.0
2010-07-06 00:00:00+09:00,3731.820346030043,3731.820346030043,3622.9755859375,3622.9755859375,300,0.0,0.0
2010-07-07 00:00:00+09:00,3677.397784893329,3677.397784893329,3537.4545288085938,3638.524658203125,1200,0.0,0.0
2010-07-08 00:00:00+09:00,3638.5250051398025,3638.5250051398025,3541.3421791478204,3545.2294921875,300,0.0,0.0
2010-07-09 00:00:00+09:00,3584.1025390625,3584.1025390625,3584.1025390625,3584.1025390625,600,0.0,0.0
2010-07-12 00:00:00+09:00,3584.1025390625,3584.1025390625,3584.1025390625,3584.1025390625,500,0.0,0.0
2010-07-13 00:00:00+09:00,3584.1025390625,3584.1025390625,3584.1025390625,3584.1025390625,500,0.0,0.0
2010-07-14 00:00:00+09:00,3584.102474171092,3584.102474171092,3560.778596898829,3568.55322265625,1900,0.0,0.0
2010-07-15 00:00:00+09:00,3514.131039496528,3514.131039496528,3498.581787109375,3498.581787109375,200,0.0,0.0
2010-07-16 00:00:00+09:00,3498.581787109375,3498.581787109375,3498.581787109375,3498.581787109375,100,0.0,0.0
2010-07-21 00:00:00+09:00,3498.581787109375,3498.581787109375,3498.581787109375,3498.581787109375,100,0.0,0.0
2010-07-22 00:00:00+09:00,3498.581787109375,3498.581787109375,3498.581787109375,3498.581787109375,100,0.0,0.0
2010-07-23 00:00:00+09:00,3498.581787109375,3498.581787109375,3498.581787109375,3498.581787109375,100,0.0,0.0
2010-07-26 00:00:00+09:00,3498.5813783795647,3498.5813783795647,3459.708251953125,3459.708251953125,200,0.0,0.0
2010-07-27 00:00:00+09:00,3459.708251953125,3459.708251953125,3459.708251953125,3459.708251953125,200,0.0,0.0
2010-07-28 00:00:00+09:00,3459.7083066114737,3646.29931640625,3459.7083066114737,3646.29931640625,800,0.0,0.0
2010-07-29 00:00:00+09:00,3646.29931640625,3646.29931640625,3646.29931640625,3646.29931640625,800,0.0,0.0
2010-07-30 00:00:00+09:00,3646.299349131483,3654.073974609375,3646.299349131483,3654.073974609375,100,0.0,0.0
2010-08-02 00:00:00+09:00,3689.0597892598903,3689.0597892598903,3654.073974609375,3654.073974609375,300,0.0,0.0
2010-08-03 00:00:00+09:00,3654.073974609375,3654.073974609375,3654.073974609375,3654.073974609375,300,0.0,0.0
2010-08-04 00:00:00+09:00,3654.073974609375,3654.073974609375,3654.073974609375,3654.073974609375,300,0.0,0.0
2010-08-05 00:00:00+09:00,3654.073974609375,3654.073974609375,3654.073974609375,3654.073974609375,300,0.0,0.0
2010-08-06 00:00:00+09:00,3654.073974609375,3654.073974609375,3654.073974609375,3654.073974609375,300,0.0,0.0
2010-08-09 00:00:00+09:00,3654.073974609375,3654.073974609375,3654.073974609375,3654.073974609375,300,0.0,0.0
2010-08-10 00:00:00+09:00,3576.3279773555614,3599.65185546875,3545.2294732046435,3599.65185546875,400,0.0,0.0
2010-08-11 00:00:00+09:00,3576.328061033024,3576.328061033024,3560.77880859375,3560.77880859375,200,0.0,0.0
2010-08-12 00:00:00+09:00,3560.7787966579863,3560.7787966579863,3498.581787109375,3498.581787109375,700,0.0,0.0
2010-08-13 00:00:00+09:00,3498.581787109375,3498.581787109375,3498.581787109375,3498.581787109375,200,0.0,0.0
2010-08-16 00:00:00+09:00,3498.5818836300873,3498.5818836300873,3343.08935546875,3343.08935546875,1000,0.0,0.0
2010-08-17 00:00:00+09:00,3343.08935546875,3343.08935546875,3343.08935546875,3343.08935546875,100,0.0,0.0
2010-08-18 00:00:00+09:00,3343.088900041691,3350.863525390625,3343.088900041691,3350.863525390625,600,0.0,0.0
2010-08-19 00:00:00+09:00,3350.863525390625,3350.863525390625,3350.863525390625,3350.863525390625,100,0.0,0.0
2010-08-20 00:00:00+09:00,3350.863525390625,3350.863525390625,3350.863525390625,3350.863525390625,100,0.0,0.0
2010-08-23 00:00:00+09:00,3381.961669921875,3381.961669921875,3381.961669921875,3381.961669921875,900,0.0,0.0
2010-08-24 00:00:00+09:00,3381.961669921875,3381.961669921875,3381.961669921875,3381.961669921875,900,0.0,0.0
2010-08-25 00:00:00+09:00,3381.9624875090844,3397.511740325218,3343.08935546875,3343.08935546875,1000,0.0,0.0
2010-08-26 00:00:00+09:00,3343.08935546875,3343.08935546875,3343.08935546875,3343.08935546875,1000,0.0,0.0
2010-08-27 00:00:00+09:00,3343.08935546875,3343.08935546875,3343.08935546875,3343.08935546875,1000,0.0,0.0
2010-08-30 00:00:00+09:00,3343.08935546875,3343.08935546875,3343.08935546875,3343.08935546875,1000,0.0,0.0
2010-08-31 00:00:00+09:00,3343.08935546875,3343.08935546875,3343.08935546875,3343.08935546875,1000,0.0,0.0
2010-09-01 00:00:00+09:00,3451.93359375,3451.93359375,3451.93359375,3451.93359375,500,0.0,0.0
2010-09-02 00:00:00+09:00,3451.93359375,3451.93359375,3451.93359375,3451.93359375,500,0.0,0.0
2010-09-03 00:00:00+09:00,3451.93359375,3451.93359375,3451.93359375,3451.93359375,500,0.0,0.0
2010-09-06 00:00:00+09:00,3498.5810378502156,3498.5810378502156,3381.961669921875,3381.961669921875,1600,0.0,0.0
2010-09-07 00:00:00+09:00,3381.9623285142825,3393.624267578125,3381.9623285142825,3393.624267578125,100,0.0,0.0
2010-09-08 00:00:00+09:00,3393.624267578125,3393.624267578125,3393.624267578125,3393.624267578125,100,0.0,0.0
2010-09-09 00:00:00+09:00,3393.624267578125,3393.624267578125,3393.624267578125,3393.624267578125,100,0.0,0.0
2010-09-10 00:00:00+09:00,3393.624267578125,3393.624267578125,3393.624267578125,3393.624267578125,1000,0.0,0.0
2010-09-13 00:00:00+09:00,3393.623884848498,3498.581324586081,3389.736572265625,3389.736572265625,1200,0.0,0.0
2010-09-14 00:00:00+09:00,3568.55322265625,3568.55322265625,3568.55322265625,3568.55322265625,500,0.0,0.0
2010-09-16 00:00:00+09:00,3498.581787109375,3498.581787109375,3498.581787109375,3498.581787109375,800,0.0,0.0
2010-09-17 00:00:00+09:00,3498.5814624828295,3537.45458984375,3498.5814624828295,3537.45458984375,300,0.0,0.0
2010-09-21 00:00:00+09:00,3537.45458984375,3537.45458984375,3537.45458984375,3537.45458984375,300,0.0,0.0
2010-09-22 00:00:00+09:00,3506.3564133029513,3611.3138669162327,3498.581787109375,3498.581787109375,700,0.0,0.0
2010-09-24 00:00:00+09:00,3498.581787109375,3498.581787109375,3498.581787109375,3498.581787109375,700,0.0,0.0
2010-09-27 00:00:00+09:00,3498.581787109375,3498.581787109375,3498.581787109375,3498.581787109375,700,0.0,0.0
2010-09-28 00:00:00+09:00,3498.581787109375,3498.581787109375,3498.581787109375,3498.581787109375,600,0.0,0.0
2010-09-29 00:00:00+09:00,3498.5818614130435,3576.328125,3498.5818614130435,3576.328125,300,0.0,0.0
2010-09-30 00:00:00+09:00,3556.891357421875,3556.891357421875,3556.891357421875,3556.891357421875,100,0.0,0.0
2010-10-01 00:00:00+09:00,3556.891483561198,3556.891483561198,3498.581787109375,3498.581787109375,2300,0.0,0.0
2010-10-04 00:00:00+09:00,3498.581787109375,3498.581787109375,3498.581787109375,3498.581787109375,2300,0.0,0.0
2010-10-05 00:00:00+09:00,3498.581787109375,3498.581787109375,3498.581787109375,3498.581787109375,500,0.0,0.0
2010-10-06 00:00:00+09:00,3420.835525173611,3498.581787109375,3420.835525173611,3498.581787109375,700,0.0,0.0
2010-10-07 00:00:00+09:00,3560.77880859375,3560.77880859375,3560.77880859375,3560.77880859375,200,0.0,0.0
2010-10-08 00:00:00+09:00,3560.77880859375,3560.77880859375,3560.77880859375,3560.77880859375,200,0.0,0.0
2010-10-12 00:00:00+09:00,3560.77880859375,3560.77880859375,3560.77880859375,3560.77880859375,200,0.0,0.0
2010-10-13 00:00:00+09:00,3576.328125,3576.328125,3576.328125,3576.328125,400,0.0,0.0
2010-10-14 00:00:00+09:00,3467.482957874645,3576.327714399858,3409.173266878995,3420.835205078125,1200,0.0,0.0
2010-10-15 00:00:00+09:00,3420.835205078125,3420.835205078125,3420.835205078125,3420.835205078125,1200,0.0,0.0
2010-10-18 00:00:00+09:00,3420.835205078125,3420.835205078125,3420.835205078125,3420.835205078125,100,0.0,0.0
2010-10-19 00:00:00+09:00,3420.835525173611,3498.581787109375,3350.8638894314236,3498.581787109375,1000,0.0,0.0
2010-10-20 00:00:00+09:00,3498.581787109375,3498.581787109375,3498.581787109375,3498.581787109375,1000,0.0,0.0
2010-10-21 00:00:00+09:00,3498.581787109375,3498.581787109375,3498.581787109375,3498.581787109375,1000,0.0,0.0
2010-10-22 00:00:00+09:00,3389.7367032137786,3420.835205078125,3389.7367032137786,3420.835205078125,300,0.0,0.0
2010-10-25 00:00:00+09:00,3475.257698278998,3506.356201171875,3475.257698278998,3506.356201171875,300,0.0,0.0
2010-10-26 00:00:00+09:00,3506.356201171875,3506.356201171875,3506.356201171875,3506.356201171875,300,0.0,0.0
2010-10-27 00:00:00+09:00,3451.9337069424714,3451.9337069424714,3420.835205078125,3420.835205078125,1600,0.0,0.0
2010-10-28 00:00:00+09:00,3420.83513930508,3420.83513930508,3405.285888671875,3405.285888671875,900,0.0,0.0
2010-10-29 00:00:00+09:00,3420.8351255266857,3459.708251953125,3405.2858749561096,3459.708251953125,100,0.0,0.0
2010-11-01 00:00:00+09:00,3498.581787109375,3498.581787109375,3498.581787109375,3498.581787109375,400,0.0,0.0
2010-11-02 00:00:00+09:00,3498.581787109375,3498.581787109375,3498.581787109375,3498.581787109375,400,0.0,0.0
2010-11-04 00:00:00+09:00,3498.581787109375,3498.581787109375,3498.581787109375,3498.581787109375,400,0.0,0.0
2010-11-05 00:00:00+09:00,3498.5813115035976,3498.5813115035976,3444.158935546875,3444.158935546875,1000,0.0,0.0
2010-11-08 00:00:00+09:00,3444.158935546875,3444.158935546875,3444.158935546875,3444.158935546875,1000,0.0,0.0
2010-11-09 00:00:00+09:00,3502.4687752189216,3537.45458984375,3502.4687752189216,3537.45458984375,600,0.0,0.0
2010-11-10 00:00:00+09:00,3483.032608695652,3576.328125,3483.032608695652,3576.328125,600,0.0,0.0
2010-11-11 00:00:00+09:00,3537.4547836734,3584.1025390625,3537.4547836734,3584.1025390625,1600,0.0,0.0
2010-11-12 00:00:00+09:00,3584.10233074964,3708.496337890625,3584.10233074964,3708.496337890625,700,0.0,0.0
2010-11-15 00:00:00+09:00,3708.4963529546208,3708.4963529546208,3654.073974609375,3654.073974609375,100,0.0,0.0
2010-11-16 00:00:00+09:00,3498.5813067036293,3615.20068359375,3498.5813067036293,3615.20068359375,800,0.0,0.0
2010-11-17 00:00:00+09:00,3615.20068359375,3615.20068359375,3615.20068359375,3615.20068359375,200,0.0,0.0
2010-11-18 00:00:00+09:00,3615.20068359375,3615.20068359375,3615.20068359375,3615.20068359375,200,0.0,0.0
2010-11-19 00:00:00+09:00,3747.3694576775497,3747.3694576775497,3735.70751953125,3735.70751953125,300,0.0,0.0
2010-11-22 00:00:00+09:00,3735.70751953125,3735.70751953125,3735.70751953125,3735.70751953125,300,0.0,0.0
2010-11-24 00:00:00+09:00,3727.93310546875,3727.93310546875,3727.93310546875,3727.93310546875,400,0.0,0.0
2010-11-25 00:00:00+09:00,3731.820139587525,3863.98876953125,3654.073886679452,3863.98876953125,1000,0.0,0.0
2010-11-26 00:00:00+09:00,3863.98876953125,3863.98876953125,3863.98876953125,3863.98876953125,200,0.0,0.0
2010-11-29 00:00:00+09:00,3887.313389542079,3926.1865234375,3887.313389542079,3926.1865234375,300,0.0,0.0
2010-11-30 00:00:00+09:00,4003.932373046875,4027.256250948119,4003.932373046875,4003.932373046875,300,0.0,0.0
2010-12-01 00:00:00+09:00,3988.38330078125,3988.38330078125,3988.38330078125,3988.38330078125,400,0.0,0.0
2010-12-02 00:00:00+09:00,3988.38330078125,3988.38330078125,3988.38330078125,3988.38330078125,300,0.0,0.0
2010-12-03 00:00:00+09:00,3988.383185085983,4019.481689453125,3988.383185085983,4019.481689453125,100,0.0,0.0
2010-12-06 00:00:00+09:00,4003.9324372695537,4019.481689453125,4003.9324372695537,4019.481689453125,500,0.0,0.0
2010-12-07 00:00:00+09:00,4019.481689453125,4019.481689453125,4019.481689453125,4019.481689453125,500,0.0,0.0
2010-12-08 00:00:00+09:00,4019.4815572102866,4105.00244140625,4019.4815572102866,4105.00244140625,3100,0.0,0.0
2010-12-09 00:00:00+09:00,4143.8755554199215,4143.8755554199215,3965.059161846454,4042.805419921875,400,0.0,0.0
2010-12-10 00:00:00+09:00,3996.157862952544,3996.157862952544,3972.833984375,3972.833984375,500,0.0,0.0
2010-12-13 00:00:00+09:00,4081.67806750146,4159.42431640625,4081.67806750146,4159.42431640625,6500,0.0,0.0
2010-12-14 00:00:00+09:00,4182.748855924954,4260.4951171875,4182.748855924954,4260.4951171875,8200,0.0,0.0
2010-12-15 00:00:00+09:00,4268.269723923142,4314.91748046875,4244.945845650338,4314.91748046875,4100,0.0,0.0
2010-12-16 00:00:00+09:00,4299.3681640625,4314.917416012093,4299.3681640625,4299.3681640625,1500,0.0,0.0
2010-12-17 00:00:00+09:00,4299.367821377841,4392.663325639205,4276.0439453125,4276.0439453125,7400,0.0,0.0
2010-12-20 00:00:00+09:00,4353.789927352398,4353.789927352398,4206.072054817228,4213.8466796875,2000,0.0,0.0
2010-12-21 00:00:00+09:00,4213.847570555302,4268.269956152879,4213.847570555302,4252.720703125,200,0.0,0.0
2010-12-22 00:00:00+09:00,4408.212890625,4408.212890625,4408.212890625,4408.212890625,1000,0.0,0.0
2010-12-24 00:00:00+09:00,4408.212228842798,4594.80322265625,4408.212228842798,4594.80322265625,5500,0.0,0.0
2010-12-27 00:00:00+09:00,4470.410008413982,4493.73388671875,4470.410008413982,4493.73388671875,200,0.0,0.0
2010-12-28 00:00:00+09:00,4493.733478539485,4493.733478539485,4454.8603515625,4454.8603515625,200,0.0,0.0
2010-12-29 00:00:00+09:00,4493.7340773491005,4540.3818359375,4493.7340773491005,4540.3818359375,200,0.0,0.0
2010-12-30 00:00:00+09:00,4509.28271484375,4548.155841695851,4509.28271484375,4509.28271484375,1600,0.0,0.0
2011-01-04 00:00:00+09:00,4548.155594632475,4703.648093594269,4548.155594632475,4680.32421875,1200,0.0,0.0
2011-01-05 00:00:00+09:00,4524.83251953125,4524.83251953125,4524.83251953125,4524.83251953125,2100,0.0,0.0
2011-01-06 00:00:00+09:00,4524.83251953125,4540.381772175687,4524.83251953125,4524.83251953125,300,0.0,0.0
2011-01-07 00:00:00+09:00,4524.8326025390625,4664.77587890625,4524.8326025390625,4664.77587890625,700,0.0,0.0
2011-01-11 00:00:00+09:00,4587.029405743032,4672.55029296875,4587.029405743032,4672.55029296875,3300,0.0,0.0
2011-01-12 00:00:00+09:00,4594.803513120994,4594.803513120994,4548.15576171875,4548.15576171875,1900,0.0,0.0
2011-01-13 00:00:00+09:00,4664.775556144067,4664.775556144067,4587.029296875,4587.029296875,2100,0.0,0.0
2011-01-14 00:00:00+09:00,4664.775390625,4664.775390625,4431.53662109375,4431.53662109375,1100,0.0,0.0
2011-01-17 00:00:00+09:00,4447.085856260832,4618.127619963172,4447.085856260832,4485.958984375,2500,0.0,0.0
2011-01-18 00:00:00+09:00,4485.958984375,4485.958984375,4485.958984375,4485.958984375,2500,0.0,0.0
2011-01-19 00:00:00+09:00,4524.832243034639,4524.832243034639,4517.0576171875,4517.0576171875,700,0.0,0.0
2011-01-20 00:00:00+09:00,4517.057708485497,4657.0009765625,4517.057708485497,4657.0009765625,2800,0.0,0.0
2011-01-21 00:00:00+09:00,4688.099267578124,4688.099267578124,4423.761995442708,4431.53662109375,5200,0.0,0.0
2011-01-24 00:00:00+09:00,4431.536540421195,4470.40966796875,4423.7619149116845,4470.40966796875,2700,0.0,0.0
2011-01-25 00:00:00+09:00,4431.536038306452,4579.25390625,4423.761413677844,4579.25390625,1200,0.0,0.0
2011-01-26 00:00:00+09:00,4587.029150308284,4610.35302734375,4555.93064759433,4610.35302734375,600,0.0,0.0
2011-01-27 00:00:00+09:00,4610.352472140704,4618.127096882931,4594.80322265625,4594.80322265625,600,0.0,0.0
2011-01-28 00:00:00+09:00,4594.80322265625,4594.80322265625,4594.80322265625,4594.80322265625,600,0.0,0.0
2011-01-31 00:00:00+09:00,4548.15576171875,4548.15576171875,4509.282635550214,4548.15576171875,800,0.0,0.0
2011-02-01 00:00:00+09:00,4571.480045021186,4602.578548728813,4571.480045021186,4587.029296875,2300,0.0,0.0
2011-02-02 00:00:00+09:00,4625.90234375,4625.90234375,4602.578466386555,4625.90234375,300,0.0,0.0
2011-02-03 00:00:00+09:00,4625.90234375,4625.90234375,4625.90234375,4625.90234375,2000,0.0,0.0
2011-02-04 00:00:00+09:00,4625.90234375,4625.90234375,4625.90234375,4625.90234375,1000,0.0,0.0
2011-02-07 00:00:00+09:00,4664.775230532787,4742.521484375,4664.775230532787,4742.521484375,3200,0.0,0.0
2011-02-08 00:00:00+09:00,4680.325131835937,4680.325131835937,4587.029614257813,4664.77587890625,3000,0.0,0.0
2011-02-09 00:00:00+09:00,4664.77587890625,4664.77587890625,4664.77587890625,4664.77587890625,1200,0.0,0.0
2011-02-10 00:00:00+09:00,4664.775140224358,4664.775140224358,4548.15576171875,4548.15576171875,700,0.0,0.0
2011-02-14 00:00:00+09:00,4548.155407735569,4587.028530878608,4548.155407735569,4579.25390625,5200,0.0,0.0
2011-02-15 00:00:00+09:00,4587.029296875,4587.029296875,4563.705419094279,4587.029296875,900,0.0,0.0
2011-02-16 00:00:00+09:00,4587.029551630435,4649.2265625,4587.029551630435,4649.2265625,700,0.0,0.0
2011-02-17 00:00:00+09:00,4649.2265625,4649.2265625,4649.2265625,4649.2265625,700,0.0,0.0
2011-02-18 00:00:00+09:00,4649.226172541596,4649.226172541596,4555.9306640625,4555.9306640625,700,0.0,0.0
2011-02-21 00:00:00+09:00,4509.283037605932,4587.029296875,4509.283037605932,4587.029296875,1500,0.0,0.0
2011-02-22 00:00:00+09:00,4587.028887887286,4587.028887887286,4548.15576171875,4548.15576171875,200,0.0,0.0
2011-02-23 00:00:00+09:00,4509.28271484375,4509.28271484375,4509.28271484375,4509.28271484375,400,0.0,0.0
2011-02-24 00:00:00+09:00,4509.282662680604,4509.282662680604,4431.536409875766,4439.31103515625,3500,0.0,0.0
2011-02-25 00:00:00+09:00,4493.73388671875,4493.73388671875,4470.410008413982,4493.73388671875,500,0.0,0.0
2011-02-28 00:00:00+09:00,4470.410008413982,4493.73388671875,4470.410008413982,4493.73388671875,900,0.0,0.0
2011-03-01 00:00:00+09:00,4501.508089473329,4509.28271484375,4501.508089473329,4509.28271484375,900,0.0,0.0
2011-03-02 00:00:00+09:00,4509.28271484375,4509.28271484375,4509.28271484375,4509.28271484375,900,0.0,0.0
2011-03-03 00:00:00+09:00,4509.28271484375,4509.28271484375,4509.28271484375,4509.28271484375,1000,0.0,0.0
2011-03-04 00:00:00+09:00,4447.085660436734,4447.085660436734,4439.31103515625,4439.31103515625,300,0.0,0.0
2011-03-07 00:00:00+09:00,4462.635123697916,4524.83212890625,4431.53662109375,4431.53662109375,3000,0.0,0.0
2011-03-08 00:00:00+09:00,4478.1845703125,4478.1845703125,4478.1845703125,4478.1845703125,500,0.0,0.0
2011-03-09 00:00:00+09:00,4439.31144036187,4587.029334174262,4439.31144036187,4478.1845703125,2900,0.0,0.0
2011-03-10 00:00:00+09:00,4509.282877604166,4509.282877604166,4431.53662109375,4431.53662109375,1900,0.0,0.0
2011-03-11 00:00:00+09:00,4361.5645522226705,4392.663051703759,4213.8466796875,4213.8466796875,2300,0.0,0.0
2011-03-14 00:00:00+09:00,3638.524837379292,3887.3128604479616,3622.9755859375,3622.9755859375,5400,0.0,0.0
2011-03-15 00:00:00+09:00,3576.3277427596277,3576.3277427596277,3078.751708984375,3078.751708984375,5900,0.0,0.0
2011-03-16 00:00:00+09:00,3576.3281995467555,3576.3281995467555,2915.484945282681,3055.42822265625,12500,0.0,0.0
2011-03-17 00:00:00+09:00,3187.596655951606,3358.638427734375,3187.596655951606,3358.638427734375,4300,0.0,0.0
2011-03-18 00:00:00+09:00,3498.581966080989,3902.862548828125,3498.581966080989,3902.862548828125,3000,0.0,0.0
2011-03-22 00:00:00+09:00,4369.339714241712,4369.339714241712,4276.044204329077,4338.2412109375,5100,0.0,0.0
2011-03-23 00:00:00+09:00,4470.4099956311675,4470.4099956311675,4073.904065583881,4136.10107421875,2900,0.0,0.0
2011-03-24 00:00:00+09:00,4128.326126762058,4431.536520253057,4066.129122969033,4291.59326171875,7400,0.0,0.0
2011-03-25 00:00:00+09:00,4431.53662109375,4439.311246744792,4174.973974609375,4431.53662109375,3000,0.0,0.0
2011-03-28 00:00:00+09:00,4423.762265838845,4423.762265838845,4066.1294640311357,4260.4951171875,5000,0.0,0.0
2011-03-29 00:00:00+09:00,-1156.794189453125,-1156.794189453125,-1156.794189453125,-1156.794189453125,400,2500.0,0.0
2011-03-30 00:00:00+09:00,-1156.7942044282934,-1174.2552490234375,-1156.7942044282934,-1174.2552490234375,2300,0.0,0.0
2011-03-31 00:00:00+09:00,-1137.150634765625,-1137.150634765625,-1137.150634765625,-1137.150634765625,100,0.0,0.0
2011-04-01 00:00:00+09:00,-1178.620494914505,-1178.620494914505,-1156.794189453125,-1156.794189453125,1900,0.0,0.0
2011-04-04 00:00:00+09:00,-1134.9678190712618,-1167.707275390625,-1134.9678190712618,-1167.707275390625,1600,0.0,0.0
2011-04-05 00:00:00+09:00,-1115.324354463465,-1115.324354463465,-1113.1417236328125,-1113.1417236328125,600,0.0,0.0
2011-04-06 00:00:00+09:00,-1113.1416264748086,-1113.1416264748086,-1054.2105991908481,-1069.489013671875,1500,0.0,0.0
2011-04-07 00:00:00+09:00,-1069.4890816285438,-1069.4890816285438,-1058.575927734375,-1058.575927734375,1000,0.0,0.0
2011-04-08 00:00:00+09:00,-1113.1417236328125,-1113.1417236328125,-1113.1417236328125,-1113.1417236328125,1000,0.0,0.0
2011-04-11 00:00:00+09:00,-1113.1417236328125,-1113.1417236328125,-1113.1417236328125,-1113.1417236328125,1200,0.0,0.0
2011-04-12 00:00:00+09:00,-1091.3153076171875,-1091.3153076171875,-1091.3153076171875,-1091.3153076171875,1300,0.0,0.0
2011-04-13 00:00:00+09:00,-1091.3153076171875,-1091.3153076171875,-1091.3153076171875,-1091.3153076171875,100,0.0,0.0
2011-04-14 00:00:00+09:00,-1091.3153076171875,-1091.3153076171875,-1091.3153076171875,-1091.3153076171875,100,0.0,0.0
2011-04-15 00:00:00+09:00,-1086.950046386719,-1091.3153076171875,-1069.4890014648438,-1091.3153076171875,2500,0.0,0.0
2011-04-18 00:00:00+09:00,-1091.3153200733418,-1091.3153200733418,-1069.489013671875,-1069.489013671875,1700,0.0,0.0
2011-04-19 00:00:00+09:00,-1086.9500872344368,-1104.4111328125,-1086.9500872344368,-1104.4111328125,1100,0.0,0.0
2011-04-20 00:00:00+09:00,-1104.4111328125,-1104.4111328125,-1104.4111328125,-1104.4111328125,1100,0.0,0.0
2011-04-21 00:00:00+09:00,-1108.7764892578125,-1108.7764892578125,-1108.7764892578125,-1108.7764892578125,1200,0.0,0.0
2011-04-22 00:00:00+09:00,-1134.9680319393383,-1134.9680319393383,-1104.4112003102023,-1113.1417236328125,2200,0.0,0.0
2011-04-25 00:00:00+09:00,-1115.3243819109098,-1115.3243819109098,-1093.498073067252,-1108.7764892578125,3400,0.0,0.0
2011-04-26 00:00:00+09:00,-1113.1416055363047,-1113.1416055363047,-1069.4889935544888,-1072.762939453125,700,0.0,0.0
2011-04-27 00:00:00+09:00,-1072.7628534156156,-1086.949951171875,-1072.7628534156156,-1086.949951171875,100,0.0,0.0
2011-04-28 00:00:00+09:00,-1086.9500180257987,-1086.9500180257987,-1076.036865234375,-1076.036865234375,100,0.0,0.0
2011-05-02 00:00:00+09:00,-1089.1328112985207,-1108.7764892578125,-1089.1328112985207,-1108.7764892578125,1400,0.0,0.0
2011-05-06 00:00:00+09:00,-1080.402099609375,-1080.402099609375,-1080.402099609375,-1080.402099609375,200,0.0,0.0
2011-05-09 00:00:00+09:00,-1080.402099609375,-1080.402099609375,-1080.402099609375,-1080.402099609375,200,0.0,0.0
2011-05-10 00:00:00+09:00,-1110.958884437062,-1167.707275390625,-1110.958884437062,-1167.707275390625,3100,0.0,0.0
2011-05-11 00:00:00+09:00,-1145.881103515625,-1148.063734188988,-1145.881103515625,-1145.881103515625,500,0.0,0.0
2011-05-12 00:00:00+09:00,-1148.063734188988,-1148.063734188988,-1145.881103515625,-1145.881103515625,500,0.0,0.0
2011-05-13 00:00:00+09:00,-1126.237453589109,-1152.4290222772277,-1095.6806234529704,-1102.228515625,1200,0.0,0.0
2011-05-16 00:00:00+09:00,-1095.680629938014,-1102.228522148799,-1061.849853515625,-1061.849853515625,2000,0.0,0.0
2011-05-17 00:00:00+09:00,-1070.5803233653573,-1090.2239990234375,-1070.5803233653573,-1090.2239990234375,300,0.0,0.0
2011-05-18 00:00:00+09:00,-1090.2239990234375,-1090.2239990234375,-1090.2239990234375,-1090.2239990234375,100,0.0,0.0
2011-05-19 00:00:00+09:00,-1091.3153076171875,-1091.3153076171875,-1091.3153076171875,-1091.3153076171875,1600,0.0,0.0
2011-05-20 00:00:00+09:00,-1091.3153076171875,-1091.3153076171875,-1091.3153076171875,-1091.3153076171875,100,0.0,0.0
2011-05-23 00:00:00+09:00,-1095.6806576312374,-1095.6806576312374,-1077.1282958984375,-1077.1282958984375,1100,0.0,0.0
2011-05-24 00:00:00+09:00,-1073.8543162128713,-1102.228515625,-1073.8543162128713,-1102.228515625,500,0.0,0.0
2011-05-25 00:00:00+09:00,-1102.228515625,-1102.228515625,-1102.228515625,-1102.228515625,500,0.0,0.0
2011-05-26 00:00:00+09:00,-1091.3154098588197,-1091.3154098588197,-1073.8543633010786,-1074.9456787109375,1300,0.0,0.0
2011-05-27 00:00:00+09:00,-1069.4890271520323,-1069.4890271520323,-1067.306396484375,-1067.306396484375,200,0.0,0.0
2011-05-30 00:00:00+09:00,-1089.1326449424341,-1097.8631671463816,-1036.74951171875,-1036.74951171875,2100,0.0,0.0
2011-05-31 00:00:00+09:00,-1045.47998046875,-1045.47998046875,-1045.47998046875,-1045.47998046875,100,0.0,0.0
2011-06-01 00:00:00+09:00,-1089.1326904296875,-1089.1326904296875,-1089.1326904296875,-1089.1326904296875,300,0.0,0.0
2011-06-02 00:00:00+09:00,-1046.571404393514,-1047.6627197265625,-1046.571404393514,-1047.6627197265625,300,0.0,0.0
2011-06-03 00:00:00+09:00,-1047.6626420454547,-1080.402099609375,-1047.6626420454547,-1080.402099609375,1000,0.0,0.0
2011-06-06 00:00:00+09:00,-1080.4022355227125,-1080.4022355227125,-1058.575927734375,-1058.575927734375,100,0.0,0.0
2011-06-07 00:00:00+09:00,-1058.575927734375,-1058.575927734375,-1058.575927734375,-1058.575927734375,100,0.0,0.0
2011-06-08 00:00:00+09:00,-1058.5758730570476,-1058.5758730570476,-1047.6627197265625,-1047.6627197265625,1000,0.0,0.0
2011-06-09 00:00:00+09:00,-1047.6626420454547,-1080.402099609375,-1047.6626420454547,-1080.402099609375,1000,0.0,0.0
2011-06-10 00:00:00+09:00,-1080.402099609375,-1080.402099609375,-1080.402099609375,-1080.402099609375,1000,0.0,0.0
2011-06-13 00:00:00+09:00,-1080.402099609375,-1080.402099609375,-1080.402099609375,-1080.402099609375,500,0.0,0.0
2011-06-14 00:00:00+09:00,-1080.402099609375,-1080.402099609375,-1080.402099609375,-1080.402099609375,500,0.0,0.0
2011-06-15 00:00:00+09:00,-1080.402099609375,-1080.402099609375,-1080.402099609375,-1080.402099609375,500,0.0,0.0
2011-06-16 00:00:00+09:00,-1080.402099609375,-1080.402099609375,-1080.402099609375,-1080.402099609375,1000,0.0,0.0
2011-06-17 00:00:00+09:00,-1084.7674555543995,-1084.7674555543995,-1065.123779296875,-1065.123779296875,400,0.0,0.0
2011-06-20 00:00:00+09:00,-1065.123779296875,-1065.123779296875,-1065.123779296875,-1065.123779296875,400,0.0,0.0
2011-06-21 00:00:00+09:00,-1065.123779296875,-1065.123779296875,-1065.123779296875,-1065.123779296875,400,0.0,0.0
2011-06-22 00:00:00+09:00,-1065.123779296875,-1065.123779296875,-1065.123779296875,-1065.123779296875,400,0.0,0.0
2011-06-23 00:00:00+09:00,-1069.4890014648438,-1091.3153076171875,-1069.4890014648438,-1091.3153076171875,1100,0.0,0.0
2011-06-24 00:00:00+09:00,-1093.4979382324218,-1093.4979382324218,-1091.3153076171875,-1091.3153076171875,1200,0.0,0.0
2011-06-27 00:00:00+09:00,-1134.9678955078125,-1134.9678955078125,-1134.9678955078125,-1134.9678955078125,2100,0.0,0.0
2011-06-28 00:00:00+09:00,-1124.0549042515413,-1128.420166015625,-1091.3154410209138,-1128.420166015625,2200,0.0,0.0
2011-06-29 00:00:00+09:00,-1128.420166015625,-1128.420166015625,-1128.420166015625,-1128.420166015625,2200,0.0,0.0
2011-06-30 00:00:00+09:00,-1128.420166015625,-1128.420166015625,-1128.420166015625,-1128.420166015625,100,0.0,0.0
2011-07-01 00:00:00+09:00,-1128.420166015625,-1128.420166015625,-1128.420166015625,-1128.420166015625,300,0.0,0.0
2011-07-04 00:00:00+09:00,-1095.6807027849975,-1128.420166015625,-1095.6807027849975,-1128.420166015625,300,0.0,0.0
2011-07-05 00:00:00+09:00,-1124.0548095703125,-1124.0548095703125,-1124.0548095703125,-1124.0548095703125,1000,0.0,0.0
2011-07-06 00:00:00+09:00,-1124.054905448373,-1124.054905448373,-1108.7764892578125,-1108.7764892578125,200,0.0,0.0
2011-07-07 00:00:00+09:00,-1097.8631994628906,-1097.8631994628906,-1091.3153076171875,-1091.3153076171875,1100,0.0,0.0
2011-07-08 00:00:00+09:00,-1113.1416343757835,-1113.1416343757835,-1088.0413818359375,-1088.0413818359375,1300,0.0,0.0
2011-07-11 00:00:00+09:00,-1088.0413483336063,-1113.14160010058,-1088.0413483336063,-1093.4979248046875,600,0.0,0.0
2011-07-12 00:00:00+09:00,-1093.4979248046875,-1093.4979248046875,-1093.4979248046875,-1093.4979248046875,600,0.0,0.0
2011-07-13 00:00:00+09:00,-1078.219482421875,-1078.219482421875,-1078.219482421875,-1078.219482421875,300,0.0,0.0
2011-07-14 00:00:00+09:00,-1102.228515625,-1102.228515625,-1102.228515625,-1102.228515625,700,0.0,0.0
2011-07-15 00:00:00+09:00,-1102.228515625,-1102.228515625,-1102.228515625,-1102.228515625,700,0.0,0.0
2011-07-19 00:00:00+09:00,-1102.2285966047152,-1108.7764892578125,-1091.3154421828863,-1108.7764892578125,200,0.0,0.0
2011-07-20 00:00:00+09:00,-1108.7764892578125,-1108.7764892578125,-1108.7764892578125,-1108.7764892578125,200,0.0,0.0
2011-07-21 00:00:00+09:00,-1106.5938720703125,-1106.5938720703125,-1106.5938720703125,-1106.5938720703125,200,0.0,0.0
2011-07-22 00:00:00+09:00,-1106.5938720703125,-1106.5938720703125,-1106.5938720703125,-1106.5938720703125,200,0.0,0.0
2011-07-25 00:00:00+09:00,-1106.5938720703125,-1106.5938720703125,-1106.5938720703125,-1106.5938720703125,200,0.0,0.0
2011-07-26 00:00:00+09:00,-1102.22861024755,-1106.5938720703125,-1093.4980866020248,-1106.5938720703125,800,0.0,0.0
2011-07-27 00:00:00+09:00,-1106.5937561341864,-1106.5937561341864,-1085.8587646484375,-1085.8587646484375,200,0.0,0.0
2011-07-28 00:00:00+09:00,-1085.8587646484375,-1085.8587646484375,-1085.8587646484375,-1085.8587646484375,200,0.0,0.0
2011-07-29 00:00:00+09:00,-1085.8586758700285,-1095.6805131392045,-1080.402099609375,-1080.402099609375,100,0.0,0.0
2011-08-01 00:00:00+09:00,-1102.2285011166432,-1102.2285011166432,-1049.8453644299118,-1065.123779296875,2400,0.0,0.0
2011-08-02 00:00:00+09:00,-1069.489013671875,-1069.489013671875,-1069.489013671875,-1069.489013671875,400,0.0,0.0
2011-08-03 00:00:00+09:00,-1025.8363065142223,-1045.47998046875,-1025.8363065142223,-1045.47998046875,700,0.0,0.0
2011-08-04 00:00:00+09:00,-1056.393310546875,-1056.393310546875,-1056.393310546875,-1056.393310546875,500,0.0,0.0
2011-08-05 00:00:00+09:00,-1025.83642578125,-1041.1148406333111,-1025.83642578125,-1025.83642578125,200,0.0,0.0
2011-08-08 00:00:00+09:00,-1017.1058946337018,-1017.1058946337018,-977.8185424804688,-977.8185424804688,700,0.0,0.0
2011-08-09 00:00:00+09:00,-982.1839402986052,-982.1839402986052,-975.6360473632811,-975.6360473632812,1100,0.0,0.0
2011-08-10 00:00:00+09:00,-975.636006266276,-982.1838989257812,-975.636006266276,-982.1838989257812,200,0.0,0.0
2011-08-11 00:00:00+09:00,-982.1838178132709,-995.2796020507812,-964.7227721632572,-995.2796020507812,900,0.0,0.0
2011-08-12 00:00:00+09:00,-1025.8364267818265,-1065.123779296875,-1025.8364267818265,-1065.123779296875,2400,0.0,0.0
2011-08-15 00:00:00+09:00,-1065.123779296875,-1065.123779296875,-1065.123779296875,-1065.123779296875,2400,0.0,0.0
2011-08-16 00:00:00+09:00,-1037.8409765779845,-1037.8409765779845,-1032.3843994140625,-1032.3843994140625,700,0.0,0.0
2011-08-17 00:00:00+09:00,-1028.01904296875,-1028.01904296875,-1028.01904296875,-1028.01904296875,1000,0.0,0.0
2011-08-18 00:00:00+09:00,-1047.6627197265625,-1047.6627197265625,-1047.6627197265625,-1047.6627197265625,1000,0.0,0.0
2011-08-19 00:00:00+09:00,-1047.6627197265625,-1047.6627197265625,-1047.6627197265625,-1047.6627197265625,1000,0.0,0.0
2011-08-22 00:00:00+09:00,-1047.6627072704082,-1069.489013671875,-1047.6627072704082,-1069.489013671875,1200,0.0,0.0
2011-08-23 00:00:00+09:00,-1069.489013671875,-1069.489013671875,-1069.489013671875,-1069.489013671875,1200,0.0,0.0
2011-08-24 00:00:00+09:00,-1069.489013671875,-1069.489013671875,-1069.489013671875,-1069.489013671875,1200,0.0,0.0
2011-08-25 00:00:00+09:00,-1058.575927734375,-1058.575927734375,-1058.575927734375,-1058.575927734375,500,0.0,0.0
2011-08-26 00:00:00+09:00,-1058.575927734375,-1058.575927734375,-1058.575927734375,-1058.575927734375,500,0.0,0.0
2011-08-29 00:00:00+09:00,-982.1837768554688,-1110.958983154297,-982.1837768554688,-1091.3153076171875,6300,0.0,0.0
2011-08-30 00:00:00+09:00,-1134.9679769658223,-1141.515869140625,-1134.9679769658223,-1141.515869140625,2000,0.0,0.0
2011-08-31 00:00:00+09:00,-1137.1507311869223,-1145.8812550348066,-1113.1417906052407,-1121.872314453125,2100,0.0,0.0
2011-09-01 00:00:00+09:00,-1143.698459407676,-1148.063720703125,-1143.698459407676,-1148.063720703125,2200,0.0,0.0
2011-09-02 00:00:00+09:00,-1148.0638169232536,-1148.0638169232536,-1113.1417236328125,-1113.1417236328125,800,0.0,0.0
2011-09-05 00:00:00+09:00,-1124.0547573205197,-1154.6115856748638,-1124.0547573205197,-1152.428955078125,3000,0.0,0.0
2011-09-06 00:00:00+09:00,-1169.8901252297794,-1169.8901252297794,-1113.1417236328125,-1113.1417236328125,3200,0.0,0.0
2011-09-07 00:00:00+09:00,-1113.1417236328125,-1113.1417236328125,-1113.1417236328125,-1113.1417236328125,3200,0.0,0.0
2011-09-08 00:00:00+09:00,-1124.054864036127,-1124.054864036127,-1115.3243408203125,-1115.3243408203125,900,0.0,0.0
2011-09-09 00:00:00+09:00,-1095.6807861328125,-1113.1418345173993,-1095.6807861328125,-1095.6807861328125,2400,0.0,0.0
2011-09-12 00:00:00+09:00,-1091.315252130682,-1091.315252130682,-1072.7628928444603,-1080.402099609375,1400,0.0,0.0
2011-09-13 00:00:00+09:00,-1080.4021412740924,-1093.4979248046875,-1080.4021412740924,-1093.4979248046875,100,0.0,0.0
2011-09-14 00:00:00+09:00,-1093.4979507134885,-1095.6805813536353,-1069.489013671875,-1069.489013671875,2200,0.0,0.0
2011-09-15 00:00:00+09:00,-1069.4890816285438,-1084.76749708038,-1058.575927734375,-1058.575927734375,800,0.0,0.0
2011-09-16 00:00:00+09:00,-1080.4021611943974,-1090.2239990234375,-1059.6671702219796,-1090.2239990234375,800,0.0,0.0
2011-09-20 00:00:00+09:00,-1090.2240047532684,-1090.2240047532684,-1069.489013671875,-1069.489013671875,100,0.0,0.0
2011-09-21 00:00:00+09:00,-1069.489013671875,-1069.489013671875,-1069.489013671875,-1069.489013671875,100,0.0,0.0
2011-09-22 00:00:00+09:00,-1069.489013671875,-1069.489013671875,-1069.489013671875,-1069.489013671875,100,0.0,0.0
2011-09-26 00:00:00+09:00,-1069.489013671875,-1069.489013671875,-1069.489013671875,-1069.489013671875,700,0.0,0.0
2011-09-27 00:00:00+09:00,-1058.575927734375,-1058.575927734375,-1058.575927734375,-1058.575927734375,100,0.0,0.0
2011-09-28 00:00:00+09:00,-1058.5758738137463,-1067.306396484375,-1058.5758738137463,-1067.306396484375,400,0.0,0.0
2011-09-29 00:00:00+09:00,-1058.575927734375,-1058.575927734375,-1058.575927734375,-1058.575927734375,200,0.0,0.0
2011-09-30 00:00:00+09:00,-1080.4021545410158,-1091.3153076171875,-1080.4021545410158,-1091.3153076171875,700,0.0,0.0
2011-10-03 00:00:00+09:00,-1091.3153076171875,-1091.3153076171875,-1049.8453259277344,-1091.3153076171875,800,0.0,0.0
2011-10-04 00:00:00+09:00,-1091.3153076171875,-1091.3153076171875,-1091.3153076171875,-1091.3153076171875,800,0.0,0.0
2011-10-05 00:00:00+09:00,-1064.0323486328125,-1064.0323486328125,-1064.0323486328125,-1064.0323486328125,100,0.0,0.0
2011-10-06 00:00:00+09:00,-1064.0323486328125,-1064.0323486328125,-1064.0323486328125,-1064.0323486328125,100,0.0,0.0
2011-10-07 00:00:00+09:00,-1080.402099609375,-1080.402099609375,-1080.402099609375,-1080.402099609375,500,0.0,0.0
2011-10-11 00:00:00+09:00,-1061.8498670929616,-1061.8498670929616,-1059.667236328125,-1059.667236328125,600,0.0,0.0
2011-10-12 00:00:00+09:00,-1059.667236328125,-1059.667236328125,-1059.667236328125,-1059.667236328125,600,0.0,0.0
2011-10-13 00:00:00+09:00,-1080.402099609375,-1080.402099609375,-1080.402099609375,-1080.402099609375,500,0.0,0.0
2011-10-14 00:00:00+09:00,-1058.575927734375,-1058.575927734375,-1058.575927734375,-1058.575927734375,100,0.0,0.0
2011-10-17 00:00:00+09:00,-1058.575927734375,-1058.575927734375,-1058.575927734375,-1058.575927734375,100,0.0,0.0
2011-10-18 00:00:00+09:00,-1058.575927734375,-1058.575927734375,-1058.575927734375,-1058.575927734375,100,0.0,0.0
2011-10-19 00:00:00+09:00,-1058.575927734375,-1058.575927734375,-1058.575927734375,-1058.575927734375,100,0.0,0.0
2011-10-20 00:00:00+09:00,-1058.575927734375,-1058.575927734375,-1058.575927734375,-1058.575927734375,300,0.0,0.0
2011-10-21 00:00:00+09:00,-1058.5758604711416,-1069.489013671875,-1058.5758604711416,-1069.489013671875,100,0.0,0.0
2011-10-24 00:00:00+09:00,-1069.489013671875,-1069.489013671875,-1069.489013671875,-1069.489013671875,100,0.0,0.0
2011-10-25 00:00:00+09:00,-1085.8587646484375,-1085.8587646484375,-1085.8587646484375,-1085.8587646484375,100,0.0,0.0
2011-10-26 00:00:00+09:00,-1089.1325815959149,-1117.5067771084337,-1086.949951171875,-1086.949951171875,2100,0.0,0.0
2011-10-27 00:00:00+09:00,-1113.1416137695312,-1113.1416137695312,-1086.950046386719,-1091.3153076171875,1000,0.0,0.0
2011-10-28 00:00:00+09:00,-1072.762939453125,-1072.762939453125,-1072.762939453125,-1072.762939453125,100,0.0,0.0
2011-10-31 00:00:00+09:00,-1072.7629473876952,-1091.3153076171875,-1072.7629473876952,-1091.3153076171875,100,0.0,0.0
2011-11-01 00:00:00+09:00,-1113.1417236328125,-1113.1417236328125,-1113.1417236328125,-1113.1417236328125,800,0.0,0.0
2011-11-02 00:00:00+09:00,-1113.1417236328125,-1113.1417236328125,-1113.1417236328125,-1113.1417236328125,800,0.0,0.0
2011-11-04 00:00:00+09:00,-1113.1417236328125,-1113.1417236328125,-1113.1417236328125,-1113.1417236328125,800,0.0,0.0
2011-11-07 00:00:00+09:00,-1113.1417236328125,-1113.1417236328125,-1113.1417236328125,-1113.1417236328125,600,0.0,0.0
2011-11-08 00:00:00+09:00,-1113.1417236328125,-1113.1417236328125,-1113.1417236328125,-1113.1417236328125,600,0.0,0.0
2011-11-09 00:00:00+09:00,-1113.1417236328125,-1113.1417236328125,-1113.1417236328125,-1113.1417236328125,600,0.0,0.0
2011-11-10 00:00:00+09:00,-1113.1417236328125,-1113.1417236328125,-1113.1417236328125,-1113.1417236328125,600,0.0,0.0
2011-11-11 00:00:00+09:00,-1113.1417236328125,-1113.1417236328125,-1113.1417236328125,-1113.1417236328125,600,0.0,0.0
2011-11-14 00:00:00+09:00,-1113.1417236328125,-1113.1417236328125,-1113.1417236328125,-1113.1417236328125,600,0.0,0.0
2011-11-15 00:00:00+09:00,-1113.1417236328125,-1113.1417236328125,-1113.1417236328125,-1113.1417236328125,500,0.0,0.0
2011-11-16 00:00:00+09:00,-1113.1417236328125,-1113.1417236328125,-1113.1417236328125,-1113.1417236328125,500,0.0,0.0
2011-11-17 00:00:00+09:00,-1091.3153200733418,-1091.3153200733418,-1025.8364008689414,-1069.489013671875,800,0.0,0.0
2011-11-18 00:00:00+09:00,-1069.4889208296654,-1084.767333984375,-1069.4889208296654,-1084.767333984375,100,0.0,0.0
2011-11-21 00:00:00+09:00,-1084.767333984375,-1084.767333984375,-1084.767333984375,-1084.767333984375,100,0.0,0.0
2011-11-22 00:00:00+09:00,-1084.7674157714844,-1091.3153076171875,-1084.7674157714844,-1091.3153076171875,300,0.0,0.0
2011-11-24 00:00:00+09:00,-1066.2150946445154,-1066.2150946445154,-1065.123779296875,-1065.123779296875,200,0.0,0.0
2011-11-25 00:00:00+09:00,-1065.123779296875,-1065.123779296875,-1065.123779296875,-1065.123779296875,200,0.0,0.0
2011-11-28 00:00:00+09:00,-1102.228515625,-1102.228515625,-1102.228515625,-1102.228515625,500,0.0,0.0
2011-11-29 00:00:00+09:00,-1065.1237523915815,-1076.0369055923152,-1065.1237523915815,-1069.489013671875,400,0.0,0.0
2011-11-30 00:00:00+09:00,-1069.489013671875,-1069.489013671875,-1069.489013671875,-1069.489013671875,400,0.0,0.0
2011-12-01 00:00:00+09:00,-1104.4111328125,-1104.4111328125,-1104.4111328125,-1104.4111328125,200,0.0,0.0
2011-12-02 00:00:00+09:00,-1104.4111328125,-1104.4111328125,-1104.4111328125,-1104.4111328125,900,0.0,0.0
2011-12-05 00:00:00+09:00,-1104.4112411589313,-1106.5938720703125,-1104.4112411589313,-1106.5938720703125,200,0.0,0.0
2011-12-06 00:00:00+09:00,-1113.1417236328125,-1113.1417236328125,-1113.1417236328125,-1113.1417236328125,500,0.0,0.0
2011-12-07 00:00:00+09:00,-1113.1417236328125,-1113.1417236328125,-1113.1417236328125,-1113.1417236328125,500,0.0,0.0
2011-12-08 00:00:00+09:00,-1091.3153076171875,-1091.3153076171875,-1091.3153076171875,-1091.3153076171875,300,0.0,0.0
2011-12-09 00:00:00+09:00,-1091.3153476402408,-1091.3153476402408,-1065.123779296875,-1065.123779296875,700,0.0,0.0
2011-12-12 00:00:00+09:00,-1071.6717124073775,-1080.4022355227125,-1058.575927734375,-1058.575927734375,1100,0.0,0.0
2011-12-13 00:00:00+09:00,-1069.489013671875,-1069.489013671875,-1069.489013671875,-1069.489013671875,700,0.0,0.0
2011-12-14 00:00:00+09:00,-1052.028076171875,-1067.306492215865,-1052.028076171875,-1052.028076171875,200,0.0,0.0
2011-12-15 00:00:00+09:00,-1060.75849208182,-1089.1326904296875,-1060.75849208182,-1089.1326904296875,900,0.0,0.0
2011-12-16 00:00:00+09:00,-1071.671630859375,-1071.671630859375,-1071.671630859375,-1071.671630859375,100,0.0,0.0
2011-12-19 00:00:00+09:00,-1086.9501005569307,-1102.228515625,-1086.9501005569307,-1102.228515625,800,0.0,0.0
2011-12-20 00:00:00+09:00,-1102.228450003387,-1132.7852783203125,-1102.228450003387,-1132.7852783203125,700,0.0,0.0
2011-12-21 00:00:00+09:00,-1132.785513950059,-1132.785513950059,-1095.6807861328125,-1095.6807861328125,1000,0.0,0.0
2011-12-22 00:00:00+09:00,-1124.0547960858012,-1128.4200574298238,-1106.593750709711,-1126.2374267578125,3100,0.0,0.0
2011-12-26 00:00:00+09:00,-1124.0549042515413,-1128.420166015625,-1113.141749841332,-1128.420166015625,2000,0.0,0.0
2011-12-27 00:00:00+09:00,-1128.420166015625,-1130.6027968976666,-1128.420166015625,-1128.420166015625,1800,0.0,0.0
2011-12-28 00:00:00+09:00,-1115.324380723374,-1128.420166015625,-1115.324380723374,-1128.420166015625,700,0.0,0.0
2011-12-29 00:00:00+09:00,-1113.1417236328125,-1115.324354463465,-1113.1417236328125,-1113.1417236328125,900,0.0,0.0
2011-12-30 00:00:00+09:00,-1124.054822865099,-1124.054822865099,-1102.228515625,-1102.228515625,900,0.0,0.0
2012-01-04 00:00:00+09:00,-1117.5069852941176,-1117.5069852941176,-1113.1417236328125,-1113.1417236328125,1000,0.0,0.0
2012-01-05 00:00:00+09:00,-1113.1417236328125,-1113.1417236328125,-1113.1417236328125,-1113.1417236328125,1100,0.0,0.0
2012-01-06 00:00:00+09:00,-1113.141749841332,-1128.420166015625,-1113.141749841332,-1128.420166015625,200,0.0,0.0
2012-01-10 00:00:00+09:00,-1113.1417236328125,-1113.1417236328125,-1113.1417236328125,-1113.1417236328125,100,0.0,0.0
2012-01-11 00:00:00+09:00,-1113.1417236328125,-1113.1417236328125,-1113.1417236328125,-1113.1417236328125,200,0.0,0.0
2012-01-12 00:00:00+09:00,-1113.1417236328125,-1113.1417236328125,-1113.1417236328125,-1113.1417236328125,200,0.0,0.0
2012-01-13 00:00:00+09:00,-1113.1417236328125,-1113.1417236328125,-1113.1417236328125,-1113.1417236328125,200,0.0,0.0
2012-01-16 00:00:00+09:00,-1124.054796781994,-1145.881103515625,-1124.054796781994,-1145.881103515625,400,0.0,0.0
2012-01-17 00:00:00+09:00,-1145.881103515625,-1145.881103515625,-1145.881103515625,-1145.881103515625,400,0.0,0.0
2012-01-18 00:00:00+09:00,-1145.881103515625,-1145.881103515625,-1145.881103515625,-1145.881103515625,400,0.0,0.0
2012-01-19 00:00:00+09:00,-1145.8811305904935,-1145.8811305904935,-1141.515869140625,-1141.515869140625,100,0.0,0.0
2012-01-20 00:00:00+09:00,-1141.515869140625,-1141.515869140625,-1141.515869140625,-1141.515869140625,100,0.0,0.0
2012-01-23 00:00:00+09:00,-1141.515869140625,-1141.515869140625,-1141.515869140625,-1141.515869140625,100,0.0,0.0
2012-01-24 00:00:00+09:00,-1141.5157103351344,-1167.707275390625,-1141.5157103351344,-1167.707275390625,1000,0.0,0.0
2012-01-25 00:00:00+09:00,-1141.5157103351344,-1167.707275390625,-1141.5157103351344,-1167.707275390625,400,0.0,0.0
2012-01-26 00:00:00+09:00,-1145.8811839865573,-1172.07275390625,-1145.8811839865573,-1172.07275390625,800,0.0,0.0
2012-01-27 00:00:00+09:00,-1172.0726578280953,-1172.0726578280953,-1148.063720703125,-1148.063720703125,700,0.0,0.0
2012-01-30 00:00:00+09:00,-1148.063720703125,-1148.063720703125,-1148.063720703125,-1148.063720703125,1000,0.0,0.0
2012-01-31 00:00:00+09:00,-1148.0637481861222,-1165.5247937859112,-1143.698486786175,-1163.3421630859375,600,0.0,0.0
2012-02-01 00:00:00+09:00,-1158.9769824583138,-1176.4380292750116,-1158.9769824583138,-1169.89013671875,1300,0.0,0.0
2012-02-02 00:00:00+09:00,-1169.889972729953,-1169.889972729953,-1156.794189453125,-1156.794189453125,200,0.0,0.0
2012-02-03 00:00:00+09:00,-1156.7942162716026,-1156.7942162716026,-1152.428955078125,-1152.428955078125,400,0.0,0.0
2012-02-06 00:00:00+09:00,-1156.7942044282934,-1174.2552490234375,-1154.6115738539004,-1174.2552490234375,800,0.0,0.0
2012-02-07 00:00:00+09:00,-1174.2552490234375,-1174.2552490234375,-1174.2552490234375,-1174.2552490234375,400,0.0,0.0
2012-02-08 00:00:00+09:00,-1174.2552490234375,-1174.2552490234375,-1174.2552490234375,-1174.2552490234375,100,0.0,0.0
2012-02-09 00:00:00+09:00,-1174.2552490234375,-1174.2552490234375,-1174.2552490234375,-1174.2552490234375,100,0.0,0.0
2012-02-10 00:00:00+09:00,-1174.2552112926137,-1241.916756924716,-1167.7073197798297,-1200.44677734375,1200,0.0,0.0
2012-02-13 00:00:00+09:00,-1217.907863699275,-1217.907863699275,-1213.5426025390625,-1213.5426025390625,1100,0.0,0.0
2012-02-14 00:00:00+09:00,-1213.5426974826387,-1217.907958984375,-1213.5426974826387,-1217.907958984375,900,0.0,0.0
2012-02-15 00:00:00+09:00,-1217.9078328450519,-1217.9078328450519,-1178.6204833984375,-1178.6204833984375,800,0.0,0.0
2012-02-16 00:00:00+09:00,-1178.6205656632133,-1204.8121337890625,-1178.6205656632133,-1204.8121337890625,500,0.0,0.0
2012-02-17 00:00:00+09:00,-1204.8121337890625,-1204.8121337890625,-1204.8121337890625,-1204.8121337890625,100,0.0,0.0
2012-02-20 00:00:00+09:00,-1220.0906965228874,-1239.734375,-1217.908065580986,-1239.734375,1200,0.0,0.0
2012-02-21 00:00:00+09:00,-1217.907958984375,-1239.7342664930554,-1215.7253282335068,-1217.907958984375,600,0.0,0.0
2012-02-22 00:00:00+09:00,-1213.5426025390625,-1213.5426025390625,-1213.5426025390625,-1213.5426025390625,500,0.0,0.0
2012-02-23 00:00:00+09:00,-1239.734159307065,-1255.0125732421875,-1237.5515287449048,-1255.0125732421875,1000,0.0,0.0
2012-02-24 00:00:00+09:00,-1263.743177995568,-1281.2042236328125,-1263.743177995568,-1281.2042236328125,1700,0.0,0.0
2012-02-27 00:00:00+09:00,-1281.2042236328125,-1283.386854337468,-1268.1084394048792,-1281.2042236328125,2900,0.0,0.0
2012-02-28 00:00:00+09:00,-1285.5693359375,-1285.5693359375,-1285.5693359375,-1285.5693359375,200,0.0,0.0
2012-02-29 00:00:00+09:00,-1272.473606103098,-1276.8388671875,-1272.473606103098,-1276.8388671875,400,0.0,0.0
2012-03-01 00:00:00+09:00,-1298.6651726095083,-1298.6651726095083,-1276.8388671875,-1276.8388671875,700,0.0,0.0
2012-03-02 00:00:00+09:00,-1276.8389759224,-1298.665283203125,-1276.8389759224,-1298.665283203125,3400,0.0,0.0
2012-03-05 00:00:00+09:00,-1272.4735107421875,-1272.4735107421875,-1272.4735107421875,-1272.4735107421875,100,0.0,0.0
2012-03-06 00:00:00+09:00,-1272.4735107421875,-1272.4735107421875,-1272.4735107421875,-1272.4735107421875,300,0.0,0.0
2012-03-07 00:00:00+09:00,-1272.4736597057874,-1272.4736597057874,-1268.1083984375,-1268.1083984375,600,0.0,0.0
2012-03-08 00:00:00+09:00,-1268.108479543239,-1294.300048828125,-1268.108479543239,-1294.300048828125,1400,0.0,0.0
2012-03-09 00:00:00+09:00,-1294.2999115251068,-1296.4825420673076,-1272.473606103098,-1276.8388671875,1100,0.0,0.0
2012-03-12 00:00:00+09:00,-1311.761014235647,-1327.0394287109375,-1311.761014235647,-1327.0394287109375,2600,0.0,0.0
2012-03-13 00:00:00+09:00,-1370.6921115451387,-1375.0573730468748,-1342.317911783854,-1375.057373046875,2800,0.0,0.0
2012-03-14 00:00:00+09:00,-1396.8834786821706,-1462.3623917453972,-1396.8834786821706,-1407.796630859375,4800,0.0,0.0
2012-03-15 00:00:00+09:00,-1407.7968480220784,-1407.7968480220784,-1385.9705403008059,-1392.5184326171875,1200,0.0,0.0
2012-03-16 00:00:00+09:00,-1396.883759469697,-1440.536376953125,-1396.883759469697,-1440.536376953125,500,0.0,0.0
2012-03-19 00:00:00+09:00,-1440.5364074707031,-1440.5364074707031,-1396.8837890625,-1396.8837890625,1700,0.0,0.0
2012-03-21 00:00:00+09:00,-1401.2489282574782,-1401.2489282574782,-1377.239990234375,-1377.239990234375,900,0.0,0.0
2012-03-22 00:00:00+09:00,-1375.057386829007,-1375.057386829007,-1351.048448328818,-1353.2310791015625,1500,0.0,0.0
2012-03-23 00:00:00+09:00,-1331.4046899895918,-1335.7699512682461,-1327.0394287109375,-1327.0394287109375,1600,0.0,0.0
2012-03-26 00:00:00+09:00,-1353.2310518199429,-1353.2310518199429,-1337.95263671875,-1337.95263671875,200,0.0,0.0
2012-03-27 00:00:00+09:00,-1359.7789165713923,-1359.7789165713923,-1342.31787109375,-1342.31787109375,400,0.0,0.0
2012-03-28 00:00:00+09:00,434.38399726364213,434.38399726364213,420.85400390624994,420.85400390625,400,2500.0,0.0
2012-03-29 00:00:00+09:00,427.9751281738281,427.9751281738281,427.9751281738281,427.9751281738281,300,0.0,0.0
2012-03-30 00:00:00+09:00,427.9750289156587,428.6871337890625,427.9750289156587,428.6871337890625,200,0.0,0.0
2012-04-02 00:00:00+09:00,433.6719534592159,433.6719534592159,426.5509033203125,426.5509033203125,600,0.0,0.0
2012-04-03 00:00:00+09:00,426.5509033203125,426.5509033203125,426.5509033203125,426.5509033203125,600,0.0,0.0
2012-04-04 00:00:00+09:00,430.8235562642416,430.8235562642416,426.55092595418296,427.2630310058594,700,0.0,0.0
2012-04-05 00:00:00+09:00,426.5509111793544,426.5509111793544,425.83880615234375,425.83880615234375,200,0.0,0.0
2012-04-06 00:00:00+09:00,426.5508979745462,426.5508979745462,405.8998528305365,418.7177429199219,1100,0.0,0.0
2012-04-09 00:00:00+09:00,416.58139154444126,416.58139154444126,403.763502573843,410.8845520019531,800,0.0,0.0
2012-04-10 00:00:00+09:00,414.44514624277747,417.2935664918688,406.61199055777655,410.1725158691406,800,0.0,0.0
2012-04-11 00:00:00+09:00,405.89988500042693,405.89988500042693,390.9456787109375,390.9456787109375,3800,0.0,0.0
2012-04-12 00:00:00+09:00,392.3698721121023,395.2182922363281,392.3698721121023,395.2182922363281,500,0.0,0.0
2012-04-13 00:00:00+09:00,395.2182922363281,395.2182922363281,395.2182922363281,395.2182922363281,500,0.0,0.0
2012-04-16 00:00:00+09:00,398.06667377279814,398.06667377279814,395.93035888671875,395.93035888671875,4100,0.0,0.0
2012-04-17 00:00:00+09:00,395.9303972673846,395.9303972673846,395.2182922363281,395.2182922363281,100,0.0,0.0
2012-04-18 00:00:00+09:00,406.6119079589844,406.6119079589844,406.6119079589844,406.6119079589844,300,0.0,0.0
2012-04-19 00:00:00+09:00,409.46035698081954,412.30877685546875,409.46035698081954,412.30877685546875,300,0.0,0.0
2012-04-20 00:00:00+09:00,412.30877685546875,412.30877685546875,412.30877685546875,412.30877685546875,300,0.0,0.0
2012-04-23 00:00:00+09:00,412.30877685546875,412.30877685546875,412.30877685546875,412.30877685546875,300,0.0,0.0
2012-04-24 00:00:00+09:00,412.30877685546875,412.30877685546875,412.30877685546875,412.30877685546875,300,0.0,0.0
2012-04-25 00:00:00+09:00,412.30877685546875,412.30877685546875,412.30877685546875,412.30877685546875,300,0.0,0.0
2012-04-26 00:00:00+09:00,409.4603271484375,409.4603271484375,409.4603271484375,409.4603271484375,300,0.0,0.0
2012-04-27 00:00:00+09:00,409.46032762945015,409.46032762945015,406.6119079589844,406.6119079589844,400,0.0,0.0
2012-05-01 00:00:00+09:00,405.89984130859375,405.89984130859375,405.89984130859375,405.89984130859375,300,0.0,0.0
2012-05-02 00:00:00+09:00,397.35458149157074,405.89984130859375,397.35458149157074,405.89984130859375,800,0.0,0.0
2012-05-07 00:00:00+09:00,395.9304290051469,395.9304290051469,392.3699035644531,392.3699035644531,400,0.0,0.0
2012-05-08 00:00:00+09:00,392.3699035644531,392.3699035644531,392.3699035644531,392.3699035644531,200,0.0,0.0
2012-05-09 00:00:00+09:00,392.3699035644531,392.3699035644531,392.3699035644531,392.3699035644531,200,0.0,0.0
2012-05-10 00:00:00+09:00,388.09717616328487,388.09717616328487,384.5366516113281,384.5366516113281,200,0.0,0.0
2012-05-11 00:00:00+09:00,384.5367342047735,388.0972595214844,384.5367342047735,388.0972595214844,100,0.0,0.0
2012-05-14 00:00:00+09:00,383.82456970214844,383.82456970214844,348.9314270019531,348.9314270019531,1100,0.0,0.0
2012-05-15 00:00:00+09:00,371.71881103515625,391.65775109068187,357.47671099549507,371.71881103515625,3500,0.0,0.0
2012-05-16 00:00:00+09:00,371.7188047538683,371.7188047538683,356.76459996491957,366.73406982421875,2800,0.0,0.0
2012-05-17 00:00:00+09:00,366.73406982421875,366.73406982421875,366.73406982421875,366.73406982421875,100,0.0,0.0
2012-05-18 00:00:00+09:00,355.34033975256494,355.34033975256494,354.62823486328125,354.62823486328125,4200,0.0,0.0
2012-05-21 00:00:00+09:00,354.62823486328125,354.62823486328125,354.62823486328125,354.62823486328125,4200,0.0,0.0
2012-05-22 00:00:00+09:00,354.62823486328125,354.62823486328125,354.62823486328125,354.62823486328125,4200,0.0,0.0
2012-05-23 00:00:00+09:00,356.052490234375,356.052490234375,356.052490234375,356.052490234375,300,0.0,0.0
2012-05-24 00:00:00+09:00,356.05248243746877,357.4766923672187,356.05248243746877,356.76458740234375,200,0.0,0.0
2012-05-25 00:00:00+09:00,356.7645952148438,356.7645952148438,356.052490234375,356.052490234375,200,0.0,0.0
2012-05-28 00:00:00+09:00,356.052490234375,356.052490234375,356.052490234375,356.052490234375,100,0.0,0.0
2012-05-29 00:00:00+09:00,356.052490234375,356.052490234375,356.052490234375,356.052490234375,100,0.0,0.0
2012-05-30 00:00:00+09:00,356.05248243746877,356.76458740234375,356.05248243746877,356.76458740234375,100,0.0,0.0
2012-05-31 00:00:00+09:00,357.47673771822195,358.1888427734375,357.47673771822195,358.1888427734375,200,0.0,0.0
2012-06-01 00:00:00+09:00,361.7493591308594,361.7493591308594,361.7493591308594,361.7493591308594,200,0.0,0.0
2012-06-04 00:00:00+09:00,361.7493591308594,361.7493591308594,361.7493591308594,361.7493591308594,200,0.0,0.0
2012-06-05 00:00:00+09:00,361.7493591308594,361.7493591308594,361.7493591308594,361.7493591308594,200,0.0,0.0
2012-06-06 00:00:00+09:00,361.7493591308594,361.7493591308594,361.7493591308594,361.7493591308594,200,0.0,0.0
2012-06-07 00:00:00+09:00,366.0220031738281,366.0220031738281,366.0220031738281,366.0220031738281,100,0.0,0.0
2012-06-08 00:00:00+09:00,366.02196483426883,366.73406982421875,366.02196483426883,366.73406982421875,1000,0.0,0.0
2012-06-11 00:00:00+09:00,366.7340613145095,370.2945861816406,366.7340613145095,370.2945861816406,400,0.0,0.0
2012-06-12 00:00:00+09:00,370.2945861816406,370.2945861816406,370.2945861816406,370.2945861816406,400,0.0,0.0
2012-06-13 00:00:00+09:00,373.1430039943609,378.83984375,373.1430039943609,378.83984375,700,0.0,0.0
2012-06-14 00:00:00+09:00,378.83984375,378.83984375,378.83984375,378.83984375,700,0.0,0.0
2012-06-15 00:00:00+09:00,378.83986105498684,378.83986105498684,371.71881103515625,371.71881103515625,600,0.0,0.0
2012-06-18 00:00:00+09:00,371.0067380012722,388.0972595214844,371.0067380012722,388.0972595214844,900,0.0,0.0
2012-06-19 00:00:00+09:00,388.0972595214844,388.0972595214844,388.0972595214844,388.0972595214844,900,0.0,0.0
2012-06-20 00:00:00+09:00,373.8550859968239,380.97613525390625,373.8550859968239,380.97613525390625,300,0.0,0.0
2012-06-21 00:00:00+09:00,373.14299510455174,385.248779296875,373.14299510455174,385.248779296875,2400,0.0,0.0
2012-06-22 00:00:00+09:00,385.24882459552686,386.67303466796875,385.24882459552686,386.67303466796875,2700,0.0,0.0
2012-06-25 00:00:00+09:00,386.67303466796875,387.38513970418967,386.67303466796875,386.67303466796875,700,0.0,0.0
2012-06-26 00:00:00+09:00,386.67303466796875,386.67303466796875,386.67303466796875,386.67303466796875,700,0.0,0.0
2012-06-27 00:00:00+09:00,386.67300794320624,386.67300794320624,372.430908203125,372.430908203125,600,0.0,0.0
2012-06-28 00:00:00+09:00,373.14300537109375,373.14300537109375,373.14300537109375,373.14300537109375,100,0.0,0.0
2012-06-29 00:00:00+09:00,407.3240512780976,407.3240512780976,402.33931638483415,405.89984130859375,4700,0.0,0.0
2012-07-02 00:00:00+09:00,406.6119462933457,406.6119462933457,405.89984130859375,405.89984130859375,2200,0.0,0.0
2012-07-03 00:00:00+09:00,405.89984130859375,405.89984130859375,405.89984130859375,405.89984130859375,1700,0.0,0.0
2012-07-04 00:00:00+09:00,405.89984130859375,405.89984130859375,405.89984130859375,405.89984130859375,1700,0.0,0.0
2012-07-05 00:00:00+09:00,405.89984130859375,405.89984130859375,405.89984130859375,405.89984130859375,1700,0.0,0.0
2012-07-06 00:00:00+09:00,405.89984130859375,405.89984130859375,405.89984130859375,405.89984130859375,1700,0.0,0.0
2012-07-09 00:00:00+09:00,405.89984130859375,405.89984130859375,405.89984130859375,405.89984130859375,1700,0.0,0.0
2012-07-10 00:00:00+09:00,405.8998118770504,405.8998118770504,400.2029724121094,400.2029724121094,600,0.0,0.0
2012-07-11 00:00:00+09:00,400.2029724121094,400.2029724121094,400.2029724121094,400.2029724121094,600,0.0,0.0
2012-07-12 00:00:00+09:00,400.2030213070612,400.2030213070612,388.09723596503267,390.2335510253906,900,0.0,0.0
2012-07-13 00:00:00+09:00,390.2334908944589,390.2334908944589,384.5366516113281,384.5366516113281,500,0.0,0.0
2012-07-17 00:00:00+09:00,384.5366516113281,384.5366516113281,384.5366516113281,384.5366516113281,100,0.0,0.0
2012-07-18 00:00:00+09:00,390.2334908944589,390.94559580485026,384.5366516113281,384.5366516113281,400,0.0,0.0
2012-07-19 00:00:00+09:00,384.5366516113281,384.5366516113281,384.5366516113281,384.5366516113281,400,0.0,0.0
2012-07-20 00:00:00+09:00,385.9608842493646,385.9608842493646,385.248779296875,385.248779296875,400,0.0,0.0
2012-07-23 00:00:00+09:00,385.248779296875,385.248779296875,385.248779296875,385.248779296875,400,0.0,0.0
2012-07-24 00:00:00+09:00,375.9914007739486,380.97613525390625,375.9914007739486,380.97613525390625,400,0.0,0.0
2012-07-25 00:00:00+09:00,370.2945861816406,370.2945861816406,370.2945861816406,370.2945861816406,600,0.0,0.0
2012-07-26 00:00:00+09:00,370.2945861816406,370.2945861816406,370.2945861816406,370.2945861816406,600,0.0,0.0
2012-07-27 00:00:00+09:00,380.9761270593714,384.5366516113281,380.9761270593714,384.5366516113281,2300,0.0,0.0
2012-07-30 00:00:00+09:00,384.5366516113281,384.5366516113281,384.5366516113281,384.5366516113281,2300,0.0,0.0
2012-07-31 00:00:00+09:00,384.5366516113281,384.5366516113281,384.5366516113281,384.5366516113281,2300,0.0,0.0
2012-08-01 00:00:00+09:00,388.8093566894531,388.8093566894531,388.8093566894531,388.8093566894531,200,0.0,0.0
2012-08-02 00:00:00+09:00,388.8093566894531,388.8093566894531,388.8093566894531,388.8093566894531,200,0.0,0.0
2012-08-03 00:00:00+09:00,381.68829345703125,381.68829345703125,381.68829345703125,381.68829345703125,100,0.0,0.0
2012-08-06 00:00:00+09:00,381.68829345703125,381.68829345703125,381.68829345703125,381.68829345703125,100,0.0,0.0
2012-08-07 00:00:00+09:00,381.68829345703125,381.68829345703125,377.41566330639284,381.68829345703125,1100,0.0,0.0
2012-08-08 00:00:00+09:00,381.6882401796145,381.6882401796145,380.97613525390625,380.97613525390625,200,0.0,0.0
2012-08-09 00:00:00+09:00,380.97613525390625,380.97613525390625,380.97613525390625,380.97613525390625,200,0.0,0.0
2012-08-10 00:00:00+09:00,387.38514659168953,388.8093566894531,387.38514659168953,388.8093566894531,800,0.0,0.0
2012-08-13 00:00:00+09:00,388.8093635267247,390.9456787109375,388.8093635267247,390.9456787109375,100,0.0,0.0
2012-08-14 00:00:00+09:00,382.40035233621705,383.1124572753906,382.40035233621705,383.1124572753906,500,0.0,0.0
2012-08-15 00:00:00+09:00,383.11249563547483,383.11249563547483,382.400390625,382.400390625,100,0.0,0.0
2012-08-16 00:00:00+09:00,382.400390625,382.400390625,382.400390625,382.400390625,100,0.0,0.0
2012-08-17 00:00:00+09:00,382.400390625,382.400390625,382.400390625,382.400390625,100,0.0,0.0
2012-08-20 00:00:00+09:00,383.8245849609375,383.8245849609375,383.8245849609375,383.8245849609375,300,0.0,0.0
2012-08-21 00:00:00+09:00,383.8245849609375,383.8245849609375,383.8245849609375,383.8245849609375,300,0.0,0.0
2012-08-22 00:00:00+09:00,383.82455495673923,383.82455495673923,380.97613525390625,380.97613525390625,100,0.0,0.0
2012-08-23 00:00:00+09:00,380.97613525390625,380.97613525390625,380.97613525390625,380.97613525390625,100,0.0,0.0
2012-08-24 00:00:00+09:00,380.9761270593714,384.5366516113281,380.9761270593714,384.5366516113281,100,0.0,0.0
2012-08-27 00:00:00+09:00,384.5366516113281,384.5366516113281,384.5366516113281,384.5366516113281,100,0.0,0.0
2012-08-28 00:00:00+09:00,385.2488185825633,385.2488185825633,381.68829345703125,381.68829345703125,400,0.0,0.0
2012-08-29 00:00:00+09:00,381.68829345703125,381.68829345703125,381.68829345703125,381.68829345703125,400,0.0,0.0
2012-08-30 00:00:00+09:00,381.68829345703125,381.68829345703125,381.68829345703125,381.68829345703125,100,0.0,0.0
2012-08-31 00:00:00+09:00,382.4003984821377,382.4003984821377,381.68829345703125,381.68829345703125,200,0.0,0.0
2012-09-03 00:00:00+09:00,383.1124572753906,383.1124572753906,383.1124572753906,383.1124572753906,300,0.0,0.0
2012-09-04 00:00:00+09:00,380.97613525390625,380.97613525390625,380.97613525390625,380.97613525390625,100,0.0,0.0
2012-09-05 00:00:00+09:00,380.97615935585713,380.97615935585713,375.9914245605469,375.9914245605469,300,0.0,0.0
2012-09-06 00:00:00+09:00,380.97615082760467,380.97615082760467,379.55194091796875,379.55194091796875,600,0.0,0.0
2012-09-07 00:00:00+09:00,379.55198817099296,379.55198817099296,375.27935791015625,375.27935791015625,100,0.0,0.0
2012-09-10 00:00:00+09:00,380.97613525390625,380.97613525390625,380.97613525390625,380.97613525390625,300,0.0,0.0
2012-09-11 00:00:00+09:00,380.97613525390625,380.97613525390625,380.97613525390625,380.97613525390625,300,0.0,0.0
2012-09-12 00:00:00+09:00,380.97618843192487,381.68829345703125,380.97618843192487,381.68829345703125,100,0.0,0.0
2012-09-13 00:00:00+09:00,384.5367342047735,388.0972595214844,384.5367342047735,388.0972595214844,200,0.0,0.0
2012-09-14 00:00:00+09:00,388.09717616328487,388.80928107367623,380.9761270593714,384.5366516113281,1000,0.0,0.0
2012-09-18 00:00:00+09:00,384.5366899423122,384.5366899423122,383.8245849609375,383.8245849609375,500,0.0,0.0
2012-09-19 00:00:00+09:00,377.41564012856566,383.8245849609375,377.41564012856566,383.8245849609375,1200,0.0,0.0
2012-09-20 00:00:00+09:00,387.3851013183594,387.3851013183594,387.3851013183594,387.3851013183594,500,0.0,0.0
2012-09-21 00:00:00+09:00,387.3850712528935,387.3850712528935,384.5366516113281,384.5366516113281,200,0.0,0.0
2012-09-24 00:00:00+09:00,387.3851544581422,388.0972595214844,387.3851544581422,388.0972595214844,200,0.0,0.0
2012-09-25 00:00:00+09:00,386.67303466796875,386.67303466796875,386.67303466796875,386.67303466796875,500,0.0,0.0
2012-09-26 00:00:00+09:00,386.67303466796875,386.67303466796875,386.67303466796875,386.67303466796875,100,0.0,0.0
2012-09-27 00:00:00+09:00,385.9609296317478,386.67303466796875,385.9609296317478,386.67303466796875,800,0.0,0.0
2012-09-28 00:00:00+09:00,390.9456797748531,390.9456797748531,388.0972595214844,388.0972595214844,300,0.0,0.0
2012-10-01 00:00:00+09:00,387.38513875399906,390.9456639263704,387.38513875399906,389.5214538574219,800,0.0,0.0
2012-10-02 00:00:00+09:00,388.09725164057136,388.8093566894531,388.09725164057136,388.8093566894531,400,0.0,0.0
2012-10-03 00:00:00+09:00,390.23356678721666,390.23356678721666,388.8093566894531,388.8093566894531,200,0.0,0.0
2012-10-04 00:00:00+09:00,387.3851544581422,388.0972595214844,387.3851544581422,388.0972595214844,1000,0.0,0.0
2012-10-05 00:00:00+09:00,388.0972595214844,388.0972595214844,388.0972595214844,388.0972595214844,400,0.0,0.0
2012-10-09 00:00:00+09:00,387.3851013183594,387.3851013183594,387.3851013183594,387.3851013183594,500,0.0,0.0
2012-10-10 00:00:00+09:00,387.3851013183594,387.3851013183594,387.3851013183594,387.3851013183594,300,0.0,0.0
2012-10-11 00:00:00+09:00,386.67296634250215,386.67296634250215,384.5366516113281,384.5366516113281,700,0.0,0.0
2012-10-12 00:00:00+09:00,384.5366516113281,384.5366516113281,384.5366516113281,384.5366516113281,700,0.0,0.0
2012-10-15 00:00:00+09:00,384.5366516113281,384.5366516113281,384.5366516113281,384.5366516113281,4500,0.0,0.0
2012-10-16 00:00:00+09:00,385.248779296875,385.248779296875,385.248779296875,385.248779296875,800,0.0,0.0
2012-10-17 00:00:00+09:00,385.248779296875,385.248779296875,385.248779296875,385.248779296875,800,0.0,0.0
2012-10-18 00:00:00+09:00,385.9608842493646,385.9608842493646,384.5366743443854,385.248779296875,1100,0.0,0.0
2012-10-19 00:00:00+09:00,385.2487565217195,385.2487565217195,384.5366516113281,384.5366516113281,100,0.0,0.0
2012-10-22 00:00:00+09:00,385.2487565217195,385.2487565217195,384.5366516113281,384.5366516113281,600,0.0,0.0
2012-10-23 00:00:00+09:00,384.53665988244745,384.53665988244745,380.97613525390625,380.97613525390625,1200,0.0,0.0
2012-10-24 00:00:00+09:00,384.53671409970235,403.7635498046875,384.53671409970235,403.7635498046875,1100,0.0,0.0
2012-10-25 00:00:00+09:00,390.9456787109375,390.9456787109375,390.9456787109375,390.9456787109375,300,0.0,0.0
2012-10-26 00:00:00+09:00,388.09725846532046,390.9456787109375,388.09725846532046,390.9456787109375,700,0.0,0.0
2012-10-29 00:00:00+09:00,385.2487720929114,391.6577165454737,383.1124572753906,383.1124572753906,800,0.0,0.0
2012-10-30 00:00:00+09:00,385.9609123354148,393.7940673828125,385.9609123354148,393.7940673828125,800,0.0,0.0
2012-10-31 00:00:00+09:00,393.7940673828125,393.7940673828125,393.7940673828125,393.7940673828125,100,0.0,0.0
2012-11-01 00:00:00+09:00,395.21828616622594,395.21828616622594,390.2335510253906,390.2335510253906,700,0.0,0.0
2012-11-02 00:00:00+09:00,383.82462914143133,390.9456797748531,383.82462914143133,388.0972595214844,800,0.0,0.0
2012-11-05 00:00:00+09:00,388.0972595214844,388.0972595214844,387.3851544581422,388.0972595214844,1500,0.0,0.0
2012-11-06 00:00:00+09:00,395.2182922363281,395.9303972673846,395.2182922363281,395.2182922363281,1000,0.0,0.0
2012-11-07 00:00:00+09:00,395.2182922363281,395.2182922363281,395.2182922363281,395.2182922363281,1000,0.0,0.0
2012-11-08 00:00:00+09:00,388.8093566894531,389.5214617383349,388.09725164057136,388.8093566894531,1100,0.0,0.0
2012-11-09 00:00:00+09:00,389.5214538574219,390.9456639263704,388.09724378847335,389.5214538574219,6500,0.0,0.0
2012-11-12 00:00:00+09:00,388.0972595214844,388.0972595214844,388.0972595214844,388.0972595214844,500,0.0,0.0
2012-11-13 00:00:00+09:00,385.96087646484375,385.96087646484375,385.96087646484375,385.96087646484375,400,0.0,0.0
2012-11-14 00:00:00+09:00,385.96087646484375,385.96087646484375,385.96087646484375,385.96087646484375,500,0.0,0.0
2012-11-15 00:00:00+09:00,384.53668638717295,398.0666809082031,384.53668638717295,398.0666809082031,900,0.0,0.0
2012-11-16 00:00:00+09:00,398.0666809082031,398.0666809082031,398.0666809082031,398.0666809082031,900,0.0,0.0
2012-11-19 00:00:00+09:00,391.65778377234176,391.65778377234176,390.9456787109375,390.9456787109375,400,0.0,0.0
2012-11-20 00:00:00+09:00,390.9456110317329,390.9456110317329,385.96087646484375,385.96087646484375,200,0.0,0.0
2012-11-21 00:00:00+09:00,387.3851013183594,387.3851013183594,387.3851013183594,387.3851013183594,500,0.0,0.0
2012-11-22 00:00:00+09:00,390.9456787109375,390.9456787109375,390.9456787109375,390.9456787109375,500,0.0,0.0
2012-11-26 00:00:00+09:00,393.7940446604853,393.7940446604853,393.0819396972656,393.0819396972656,600,0.0,0.0
2012-11-27 00:00:00+09:00,388.09724378847335,389.5214538574219,385.96092868505053,389.5214538574219,1500,0.0,0.0
2012-11-28 00:00:00+09:00,389.5214538574219,389.5214538574219,389.5214538574219,389.5214538574219,800,0.0,0.0
2012-11-29 00:00:00+09:00,389.5214538574219,389.5214538574219,385.2488236505763,389.5214538574219,1500,0.0,0.0
2012-11-30 00:00:00+09:00,390.9456797748531,390.9456797748531,388.0972595214844,388.0972595214844,800,0.0,0.0
2012-12-03 00:00:00+09:00,390.2335510253906,390.2335510253906,389.5214460052713,390.2335510253906,1400,0.0,0.0
2012-12-04 00:00:00+09:00,391.65777688498025,391.65777688498025,388.09725164057136,388.8093566894531,8900,0.0,0.0
2012-12-05 00:00:00+09:00,387.3851013183594,388.80931124967685,387.3851013183594,387.3851013183594,3100,0.0,0.0
2012-12-06 00:00:00+09:00,390.23357471151087,390.23357471151087,388.0972595214844,388.0972595214844,300,0.0,0.0
2012-12-07 00:00:00+09:00,388.0972595214844,388.0972595214844,388.0972595214844,388.0972595214844,400,0.0,0.0
2012-12-10 00:00:00+09:00,388.8093566894531,388.8093566894531,388.8093566894531,388.8093566894531,100,0.0,0.0
2012-12-11 00:00:00+09:00,388.8093566894531,389.5214617383349,388.09725164057136,388.8093566894531,1300,0.0,0.0
2012-12-12 00:00:00+09:00,388.8093323526503,393.7940673828125,388.8093323526503,393.7940673828125,700,0.0,0.0
2012-12-13 00:00:00+09:00,393.7940673828125,393.7940673828125,393.7940673828125,393.7940673828125,700,0.0,0.0
2012-12-14 00:00:00+09:00,388.09725164057136,389.5214617383349,388.09725164057136,388.8093566894531,1000,0.0,0.0
2012-12-17 00:00:00+09:00,388.80929509943184,393.79402965198864,388.80929509943184,391.65771484375,2500,0.0,0.0
2012-12-18 00:00:00+09:00,391.65776896084463,395.218294133216,389.5214538574219,389.5214538574219,3000,0.0,0.0
2012-12-19 00:00:00+09:00,392.3699035644531,392.3699035644531,390.23358830003684,392.3699035644531,2500,0.0,0.0
2012-12-20 00:00:00+09:00,393.08197441302906,442.92932624076826,393.08197441302906,403.7635498046875,12400,0.0,0.0
2012-12-21 00:00:00+09:00,410.88457620185716,413.02089115611295,405.89984130859375,405.89984130859375,1100,0.0,0.0
2012-12-25 00:00:00+09:00,412.308782493462,420.1419372558594,412.308782493462,420.1419372558594,1400,0.0,0.0
2012-12-26 00:00:00+09:00,421.566191050057,469.98933461661755,421.566191050057,468.56512451171875,5200,0.0,0.0
2012-12-27 00:00:00+09:00,455.03513684745036,462.15618750234,436.5204051447372,445.77777099609375,4500,0.0,0.0
2012-12-28 00:00:00+09:00,452.1866467732942,452.1866467732942,440.79296748451833,446.48980712890625,1900,0.0,0.0
2013-01-04 00:00:00+09:00,446.4898760615827,447.2019811270717,445.0656659306048,445.77777099609375,1100,0.0,0.0
2013-01-07 00:00:00+09:00,445.77777099609375,447.91408619256066,440.08093047218205,445.77777099609375,4100,0.0,0.0
2013-01-08 00:00:00+09:00,445.77777099609375,445.77777099609375,445.77777099609375,445.77777099609375,100,0.0,0.0
2013-01-09 00:00:00+09:00,445.7777396065848,449.3382646833147,445.7777396065848,448.62615966796875,1300,0.0,0.0
2013-01-10 00:00:00+09:00,441.50510951450894,448.62615966796875,441.50510951450894,448.62615966796875,600,0.0,0.0
2013-01-11 00:00:00+09:00,449.33826211234117,457.1714172363281,448.6261571010697,457.1714172363281,1700,0.0,0.0
2013-01-15 00:00:00+09:00,467.8529467187073,489.21609497070307,457.1713725927094,489.2160949707031,5000,0.0,0.0
2013-01-16 00:00:00+09:00,475.6861572265625,476.3982622523507,475.6861572265625,475.6861572265625,700,0.0,0.0
2013-01-17 00:00:00+09:00,469.9892589358464,469.9892589358464,464.2924194335937,464.29241943359375,700,0.0,0.0
2013-01-18 00:00:00+09:00,477.1103810839554,479.9588012695313,477.1103810839554,479.95880126953125,400,0.0,0.0
2013-01-21 00:00:00+09:00,469.98927147708724,477.1103210449219,469.98927147708724,477.1103210449219,600,0.0,0.0
2013-01-22 00:00:00+09:00,477.1103210449219,477.1103210449219,477.1103210449219,477.1103210449219,600,0.0,0.0
2013-01-23 00:00:00+09:00,473.5498850832703,473.5498850832703,463.5804138183593,463.5804138183594,900,0.0,0.0
2013-01-24 00:00:00+09:00,473.5498046875,473.5498046875,473.5498046875,473.5498046875,300,0.0,0.0
2013-01-25 00:00:00+09:00,473.5498046875,473.5498046875,473.5498046875,473.5498046875,300,0.0,0.0
2013-01-28 00:00:00+09:00,480.67083566990476,489.21609497070307,480.67083566990476,489.2160949707031,1500,0.0,0.0
2013-01-29 00:00:00+09:00,496.3371432297521,496.3371432297521,494.9129333496094,494.9129333496094,400,0.0,0.0
2013-01-30 00:00:00+09:00,480.6708458288392,480.6708458288392,477.1103210449219,477.1103210449219,500,0.0,0.0
2013-01-31 00:00:00+09:00,487.07981832520954,488.5040283203125,479.2466633521433,488.5040283203125,1900,0.0,0.0
2013-02-01 00:00:00+09:00,488.5039659735125,497.0492248535156,482.80712672017705,497.0492248535156,1900,0.0,0.0
2013-02-04 00:00:00+09:00,511.2913513183594,514.1397711028628,504.1703018571009,511.2913513183594,11100,0.0,0.0
2013-02-05 00:00:00+09:00,505.5944663153755,522.6849834865994,499.1855223761665,512.7155151367188,8000,0.0,0.0
2013-02-06 00:00:00+09:00,522.685090031036,523.3971950583262,512.7156196489726,519.836669921875,2400,0.0,0.0
2013-02-07 00:00:00+09:00,516.2761526016214,533.3666735153303,516.2761526016214,519.1245727539062,600,0.0,0.0
2013-02-08 00:00:00+09:00,539.7756658259234,539.7756658259234,520.548828125,520.548828125,1900,0.0,0.0
2013-02-12 00:00:00+09:00,521.2607815759736,531.9423549689238,512.00341796875,512.00341796875,2100,0.0,0.0
2013-02-13 00:00:00+09:00,528.3818455347522,529.0939504478717,508.442907967403,516.2760620117188,6300,0.0,0.0
2013-02-14 00:00:00+09:00,506.3065886401857,515.5639524268557,487.79186106684557,497.0492248535156,2500,0.0,0.0
2013-02-15 00:00:00+09:00,508.44295054468614,508.44295054468614,480.6708566073714,495.62506103515625,2200,0.0,0.0
2013-02-18 00:00:00+09:00,495.62505324157104,496.33715820312506,495.62505324157104,496.337158203125,400,0.0,0.0
2013-02-19 00:00:00+09:00,496.3371028476292,512.7155151367188,494.9128930833605,512.7155151367188,1600,0.0,0.0
2013-02-20 00:00:00+09:00,508.4429272109656,508.4429272109656,494.9129333496094,494.9129333496094,300,0.0,0.0
2013-02-21 00:00:00+09:00,498.4734497070313,498.4734497070313,498.4734497070313,498.47344970703125,700,0.0,0.0
2013-02-22 00:00:00+09:00,502.0340488057741,505.5945739746094,502.0340488057741,505.5945739746094,500,0.0,0.0
2013-02-25 00:00:00+09:00,507.7308654785156,515.564020485898,507.7308654785156,507.7308654785156,900,0.0,0.0
2013-02-26 00:00:00+09:00,507.730878521298,514.8519287109375,505.5945634644061,514.8519287109375,1800,0.0,0.0
2013-02-27 00:00:00+09:00,514.8519287109375,514.8519287109375,514.8519287109375,514.8519287109375,1800,0.0,0.0
2013-02-28 00:00:00+09:00,517.7003487867933,517.7003487867933,514.8519287109375,514.8519287109375,500,0.0,0.0
2013-03-01 00:00:00+09:00,514.8519252420923,526.24560546875,514.8519252420923,526.24560546875,900,0.0,0.0
2013-03-04 00:00:00+09:00,526.2455366804793,526.9576416015625,524.1092219172298,526.9576416015625,900,0.0,0.0
2013-03-05 00:00:00+09:00,539.0634869339997,589.622942115392,535.5029619212256,582.5018920898438,3800,0.0,0.0
2013-03-06 00:00:00+09:00,582.5019255607359,582.5019255607359,546.1845683436239,551.8814086914062,3600,0.0,0.0
2013-03-07 00:00:00+09:00,569.6840446596613,569.6840446596613,553.305628375696,567.5477294921875,1700,0.0,0.0
2013-03-08 00:00:00+09:00,583.9260602238202,583.9260602238202,563.9871215820312,563.9871215820312,2000,0.0,0.0
2013-03-11 00:00:00+09:00,573.9566690565665,573.9566690565665,556.8661478935918,562.56298828125,600,0.0,0.0
2013-03-12 00:00:00+09:00,555.4418334960938,555.4418334960938,554.7297285813552,555.4418334960938,700,0.0,0.0
2013-03-13 00:00:00+09:00,555.4419241146165,558.2903442382812,548.3208738054548,558.2903442382812,3800,0.0,0.0
2013-03-14 00:00:00+09:00,555.4418672260485,555.4418672260485,530.5181936966745,541.1997680664062,8300,0.0,0.0
2013-03-15 00:00:00+09:00,544.7602967010148,557.5781860351562,544.7602967010148,557.5781860351562,1800,0.0,0.0
2013-03-18 00:00:00+09:00,555.4418334960938,559.7144629845252,544.760259775015,555.4418334960938,1900,0.0,0.0
2013-03-19 00:00:00+09:00,559.7145759379456,561.8508911132812,559.7145759379456,561.8508911132812,600,0.0,0.0
2013-03-21 00:00:00+09:00,556.154009036053,561.1387440722276,547.6087489740394,549.032958984375,2200,0.0,0.0
2013-03-22 00:00:00+09:00,549.7449788827726,569.6839159406969,549.7449788827726,556.8660278320312,2900,0.0,0.0
2013-03-25 00:00:00+09:00,561.1387662592622,562.5629763259101,552.593505859375,552.593505859375,3700,0.0,0.0
2013-03-26 00:00:00+09:00,573.2445640081093,573.2445640081093,555.4419377966773,562.56298828125,1000,0.0,0.0
2013-03-27 00:00:00+09:00,586.094970703125,586.094970703125,586.094970703125,586.094970703125,100,25.0,100.0
2013-03-28 00:00:00+09:00,592.7134062259966,594.1841590950437,568.4459838867188,568.4459838867188,1400,0.0,0.0
2013-03-29 00:00:00+09:00,573.5936773390997,573.5936773390997,535.3540988498264,555.9446411132812,1800,0.0,0.0
2013-04-01 00:00:00+09:00,546.3846590056528,588.3011133304472,546.3846590056528,583.8888549804688,1500,0.0,0.0
2013-04-02 00:00:00+09:00,536.8248019011124,553.7384600432023,515.49888511326,541.237060546875,5500,0.0,0.0
2013-04-03 00:00:00+09:00,571.3873901367188,571.3873901367188,571.3873901367188,571.3873901367188,400,0.0,0.0
2013-04-04 00:00:00+09:00,558.8860788652975,558.8860788652975,534.6186570198306,547.1200561523438,1800,0.0,0.0
2013-04-05 00:00:00+09:00,578.0058471195921,578.7412235154186,554.4738024531456,556.679931640625,4700,0.0,0.0
2013-04-08 00:00:00+09:00,580.2119246773099,608.8916015625,579.4765483469204,608.8916015625,6900,0.0,0.0
2013-04-09 00:00:00+09:00,629.482242296007,689.0477348497179,628.7468658447266,661.8388061523438,8000,0.0,0.0
2013-04-10 00:00:00+09:00,618.4514787299781,636.1005102276232,614.0392208555669,614.7745971679688,4500,0.0,0.0
2013-04-11 00:00:00+09:00,625.0699378704202,639.7774658203125,616.9807974979796,639.7774658203125,1800,0.0,0.0
2013-04-12 00:00:00+09:00,634.6298259274482,643.4543426263234,626.5406856201458,627.2760620117188,800,0.0,0.0
2013-04-15 00:00:00+09:00,621.3931032211061,621.3931032211061,591.978045080462,602.2733154296875,1800,0.0,0.0
2013-04-16 00:00:00+09:00,589.7718410659886,591.9779701472828,584.6242065429688,584.6242065429688,3100,0.0,0.0
2013-04-17 00:00:00+09:00,614.7745971679688,614.7745971679688,595.65481304552,614.7745971679688,500,0.0,0.0
2013-04-18 00:00:00+09:00,589.0365328310147,620.6577199867371,589.0365328310147,593.4487915039062,2700,0.0,0.0
2013-04-19 00:00:00+09:00,594.1841636174842,599.3317986983287,573.593623294106,580.9473876953125,5000,0.0,0.0
2013-04-22 00:00:00+09:00,591.9780204936504,603.0086668382527,583.1535034179688,583.1535034179688,4800,0.0,0.0
2013-04-23 00:00:00+09:00,594.1841475025454,594.1841475025454,584.624254040252,586.8303833007812,1400,0.0,0.0
2013-04-24 00:00:00+09:00,587.5657119846943,594.184099228577,584.6242065429688,584.6242065429688,1200,0.0,0.0
2013-04-25 00:00:00+09:00,594.9195744500088,594.9195744500088,577.2705388668195,585.3596801757812,2500,0.0,0.0
2013-04-26 00:00:00+09:00,584.6242492910231,588.3011313620359,574.3289794921875,574.3289794921875,3900,0.0,0.0
2013-04-30 00:00:00+09:00,586.0950465395056,586.0950465395056,560.3568700917231,564.0337524414062,3600,0.0,0.0
2013-05-01 00:00:00+09:00,576.5351290545887,580.9473876953125,564.7691060126582,580.9473876953125,4600,0.0,0.0
2013-05-02 00:00:00+09:00,580.9473514919499,580.9473514919499,575.064340337601,580.2119750976562,600,0.0,0.0
2013-05-07 00:00:00+09:00,582.4181225920377,597.8610273577357,582.4181225920377,590.5072631835938,6600,0.0,0.0
2013-05-08 00:00:00+09:00,595.654811574452,603.0085746803094,591.2425537109375,591.2425537109375,2500,0.0,0.0
2013-05-09 00:00:00+09:00,610.3624310679875,610.3624310679875,577.2704920341808,583.1535034179688,3300,0.0,0.0
2013-05-10 00:00:00+09:00,585.3596282616944,591.9780160184222,585.3596282616944,590.5072631835938,4600,0.0,0.0
2013-05-13 00:00:00+09:00,595.654811574452,595.654811574452,588.3010484685946,591.2425537109375,2100,0.0,0.0
2013-05-14 00:00:00+09:00,591.2426033305409,591.2426033305409,586.0949687244292,589.7718505859375,900,0.0,0.0
2013-05-15 00:00:00+09:00,587.5658363637344,587.5658363637344,530.9418446240504,532.41259765625,6300,0.0,0.0
2013-05-16 00:00:00+09:00,538.2955251057942,538.2955251057942,529.4710083007812,529.4710083007812,10800,0.0,0.0
2013-05-17 00:00:00+09:00,525.7941399851153,547.1200561523438,515.4988701112809,547.1200561523438,1300,0.0,0.0
2013-05-20 00:00:00+09:00,547.1200583823156,547.1200583823156,540.5016705793038,543.4431762695312,2100,0.0,0.0
2013-05-21 00:00:00+09:00,543.4431524761652,543.4431524761652,520.646484375,520.646484375,2600,0.0,0.0
2013-05-22 00:00:00+09:00,520.646484375,528.0002482786017,520.646484375,520.646484375,1400,0.0,0.0
2013-05-23 00:00:00+09:00,530.2063868382594,530.2063868382594,521.3818699976781,525.7941284179688,2100,0.0,0.0
2013-05-24 00:00:00+09:00,525.058742717161,525.058742717161,515.4988496424788,520.646484375,1900,0.0,0.0
2013-05-27 00:00:00+09:00,515.4988537982405,525.7941233462795,512.5573482130865,513.292724609375,1100,0.0,0.0
2013-05-28 00:00:00+09:00,513.292724609375,513.292724609375,513.292724609375,513.292724609375,1500,0.0,0.0
2013-05-29 00:00:00+09:00,514.7635000723379,516.2342529296875,514.7635000723379,516.2342529296875,600,0.0,0.0
2013-05-30 00:00:00+09:00,525.7941973005022,525.7941973005022,514.7635498046875,514.7635498046875,1200,0.0,0.0
2013-05-31 00:00:00+09:00,515.4989263044085,515.4989263044085,494.17300781250003,514.7635498046875,2200,0.0,0.0
2013-06-03 00:00:00+09:00,519.1758088030134,525.7941973005022,514.7635498046875,514.7635498046875,2100,0.0,0.0
2013-06-04 00:00:00+09:00,500.05599730554286,503.7328796386719,490.4961032394075,503.7328796386719,700,0.0,0.0
2013-06-05 00:00:00+09:00,514.7634705500816,514.7634705500816,492.7021789550781,492.7021789550781,800,0.0,0.0
2013-06-06 00:00:00+09:00,491.2315144794458,492.7022675168094,480.20086669921875,480.20086669921875,900,0.0,0.0
2013-06-07 00:00:00+09:00,478.7300090789795,478.7300090789795,427.25366401672363,447.10882568359375,3600,0.0,0.0
2013-06-10 00:00:00+09:00,452.256513425442,470.6409245402973,452.256513425442,469.9055480957031,1100,0.0,0.0
2013-06-11 00:00:00+09:00,462.5517791136755,477.2593078613281,462.5517791136755,477.2593078613281,1000,0.0,0.0
2013-06-12 00:00:00+09:00,477.9946594238281,477.9946594238281,477.9946594238281,477.9946594238281,400,0.0,0.0
2013-06-13 00:00:00+09:00,477.9946594238281,477.9946594238281,477.9946594238281,477.9946594238281,400,0.0,0.0
2013-06-14 00:00:00+09:00,477.9946594238281,477.9946594238281,477.9946594238281,477.9946594238281,400,0.0,0.0
2013-06-17 00:00:00+09:00,477.9946594238281,477.9946594238281,477.9946594238281,477.9946594238281,400,0.0,0.0
2013-06-18 00:00:00+09:00,477.25934263257193,477.25934263257193,453.72729492187506,453.727294921875,2900,0.0,0.0
2013-06-19 00:00:00+09:00,455.9334011077881,470.64093017578125,455.9334011077881,470.64093017578125,300,0.0,0.0
2013-06-20 00:00:00+09:00,470.64093017578125,470.64093017578125,470.64093017578125,470.64093017578125,9900,0.0,0.0
2013-06-21 00:00:00+09:00,466.9639931640625,466.9639931640625,444.90270214843747,459.6102294921875,1100,0.0,0.0
2013-06-24 00:00:00+09:00,460.3456115722656,460.3456115722656,459.6102351959521,460.3456115722656,300,0.0,0.0
2013-06-25 00:00:00+09:00,460.3456751136964,462.55180454714866,456.66879272460943,456.6687927246094,500,0.0,0.0
2013-06-26 00:00:00+09:00,456.6687384136652,456.6687384136652,433.87207031249994,433.8720703125,4100,0.0,0.0
2013-06-27 00:00:00+09:00,441.22588236456573,441.22588236456573,434.60749412909723,436.0782470703125,1100,0.0,0.0
2013-06-28 00:00:00+09:00,463.28715362548826,463.28715362548826,441.2258605957031,441.2258605957031,1900,0.0,0.0
2013-07-01 00:00:00+09:00,462.5517782907439,462.5517782907439,445.6381202610347,449.31500244140625,700,0.0,0.0
2013-07-02 00:00:00+09:00,460.3456258451022,477.9946594238281,460.3456258451022,477.9946594238281,2400,0.0,0.0
2013-07-03 00:00:00+09:00,466.22867625403023,466.22867625403023,463.28717041015625,463.28717041015625,400,0.0,0.0
2013-07-04 00:00:00+09:00,461.08102416992193,461.08102416992193,461.08102416992193,461.0810241699219,200,0.0,0.0
2013-07-05 00:00:00+09:00,472.8470246300331,477.9946594238281,472.8470246300331,477.9946594238281,6400,0.0,0.0
2013-07-08 00:00:00+09:00,507.4097045898437,510.35121012369785,492.70217692057287,496.3790588378906,6500,0.0,0.0
2013-07-09 00:00:00+09:00,500.05598522367933,507.40974971226285,494.1729736328125,494.1729736328125,1900,0.0,0.0
2013-07-10 00:00:00+09:00,500.0559626517536,511.08660888671875,500.0559626517536,511.08660888671875,1200,0.0,0.0
2013-07-11 00:00:00+09:00,492.7022326392849,503.7328796386719,492.7022326392849,503.7328796386719,800,0.0,0.0
2013-07-12 00:00:00+09:00,507.4098205566407,507.4098205566407,507.4098205566407,507.4098205566406,600,0.0,0.0
2013-07-16 00:00:00+09:00,513.2928329688916,514.7635860719543,507.4098205566407,507.4098205566406,2800,0.0,0.0
2013-07-17 00:00:00+09:00,507.4098205566407,507.4098205566407,507.4098205566407,507.4098205566406,0,0.0,0.0
2013-07-18 00:00:00+09:00,500.05596923828125,502.9974749396829,500.05596923828125,500.05596923828125,400,0.0,0.0
2013-07-19 00:00:00+09:00,507.4096531947334,507.4096531947334,478.72997714459626,486.083740234375,2600,0.0,0.0
2013-07-22 00:00:00+09:00,489.02534566150587,492.7022279597127,483.142333984375,483.142333984375,1400,0.0,0.0
2013-07-23 00:00:00+09:00,477.9946552623402,485.3484191894531,477.9946552623402,485.3484191894531,800,0.0,0.0
2013-07-24 00:00:00+09:00,481.6715414193961,481.6715414193961,477.9946594238281,477.9946594238281,1000,0.0,0.0
2013-07-25 00:00:00+09:00,485.3484486725371,485.3484486725371,477.2593078613281,477.2593078613281,700,0.0,0.0
2013-07-26 00:00:00+09:00,476.5239418029785,477.25931825637815,470.64093017578125,470.64093017578125,1000,0.0,0.0
2013-07-29 00:00:00+09:00,463.28715362548826,463.28715362548826,441.2258605957031,441.2258605957031,2400,0.0,0.0
2013-07-30 00:00:00+09:00,448.57965948516005,453.72729492187506,448.57965948516005,453.727294921875,1000,0.0,0.0
2013-07-31 00:00:00+09:00,453.7272015537863,457.4040832519531,453.7272015537863,457.4040832519531,500,0.0,0.0
2013-08-01 00:00:00+09:00,458.1395568847656,458.1395568847656,457.4041803889634,458.1395568847656,800,0.0,0.0
2013-08-02 00:00:00+09:00,459.61028252193773,462.5517883300781,459.61028252193773,462.5517883300781,200,0.0,0.0
2013-08-05 00:00:00+09:00,464.02252197265625,464.02252197265625,464.02252197265625,464.02252197265625,1400,0.0,0.0
2013-08-06 00:00:00+09:00,460.3456386443108,466.2286500007876,455.9333801269532,455.9333801269531,1500,0.0,0.0
2013-08-07 00:00:00+09:00,455.9333801269532,455.9333801269532,455.9333801269532,455.9333801269531,0,0.0,0.0
2013-08-08 00:00:00+09:00,463.28717041015625,463.28717041015625,463.28717041015625,463.28717041015625,300,0.0,0.0
2013-08-09 00:00:00+09:00,463.28717041015625,463.28717041015625,463.28717041015625,463.28717041015625,500,0.0,0.0
2013-08-12 00:00:00+09:00,463.28717041015625,463.28717041015625,463.28717041015625,463.28717041015625,500,0.0,0.0
2013-08-13 00:00:00+09:00,463.28717041015625,463.28717041015625,463.28717041015625,463.28717041015625,0,0.0,0.0
2013-08-14 00:00:00+09:00,463.28717041015625,463.28717041015625,463.28717041015625,463.28717041015625,0,0.0,0.0
2013-08-15 00:00:00+09:00,464.02252197265625,464.02252197265625,464.02252197265625,464.02252197265625,200,0.0,0.0
2013-08-16 00:00:00+09:00,463.28717041015625,463.28717041015625,463.28717041015625,463.28717041015625,500,0.0,0.0
2013-08-19 00:00:00+09:00,470.64093017578125,470.64093017578125,470.64093017578125,470.64093017578125,100,0.0,0.0
2013-08-20 00:00:00+09:00,470.64093017578125,470.64093017578125,470.64093017578125,470.64093017578125,400,0.0,0.0
2013-08-21 00:00:00+09:00,466.9640356425844,466.9640356425844,461.08102416992193,461.0810241699219,400,0.0,0.0
2013-08-22 00:00:00+09:00,466.2286071777344,466.2286071777344,466.2286071777344,466.2286071777344,300,0.0,0.0
2013-08-23 00:00:00+09:00,460.3456115722656,460.3456115722656,460.3456115722656,460.3456115722656,100,0.0,0.0
2013-08-26 00:00:00+09:00,467.69940185546875,467.69940185546875,467.69940185546875,467.69940185546875,300,0.0,0.0
2013-08-27 00:00:00+09:00,467.69940185546875,467.69940185546875,467.69940185546875,467.69940185546875,0,0.0,0.0
2013-08-28 00:00:00+09:00,456.6687451705192,456.6687451705192,454.4626159667969,454.4626159667969,900,0.0,0.0
2013-08-29 00:00:00+09:00,459.61030684954926,459.61030684954926,449.31503597611936,453.727294921875,600,0.0,0.0
2013-08-30 00:00:00+09:00,453.727249621562,453.727249621562,446.373485446172,447.84423828125,700,0.0,0.0
2013-09-02 00:00:00+09:00,448.5795593261719,448.5795593261719,448.5795593261719,448.5795593261719,200,0.0,0.0
2013-09-03 00:00:00+09:00,464.7579176861834,464.7579176861834,462.5517883300781,462.5517883300781,600,0.0,0.0
2013-09-04 00:00:00+09:00,462.5517883300781,462.5517883300781,462.5517883300781,462.5517883300781,0,0.0,0.0
2013-09-05 00:00:00+09:00,462.5517883300781,462.5517883300781,462.5517883300781,462.5517883300781,0,0.0,0.0
2013-09-06 00:00:00+09:00,462.5517883300781,462.5517883300781,462.5517883300781,462.5517883300781,0,0.0,0.0
2013-09-09 00:00:00+09:00,464.022558091562,469.1701934428155,463.28718161281154,464.7579345703125,1600,0.0,0.0
2013-09-10 00:00:00+09:00,470.6408805490654,474.31776242835497,464.7578695422021,472.11163330078125,3800,0.0,0.0
2013-09-11 00:00:00+09:00,479.4653970593604,480.93614981107623,472.11163330078125,472.11163330078125,1100,0.0,0.0
2013-09-12 00:00:00+09:00,472.11168308258056,472.11168308258056,470.64093017578125,470.64093017578125,900,0.0,0.0
2013-09-13 00:00:00+09:00,480.2007850030935,480.2007850030935,472.8470210673646,473.5823974609375,900,0.0,0.0
2013-09-17 00:00:00+09:00,476.5238952636718,476.5238952636718,475.05314250051237,476.5238952636719,1600,0.0,0.0
2013-09-18 00:00:00+09:00,476.5238952636718,476.5238952636718,476.5238952636718,476.5238952636719,300,0.0,0.0
2013-09-19 00:00:00+09:00,479.4654901805369,480.20086669921875,479.4654901805369,480.20086669921875,600,0.0,0.0
2013-09-20 00:00:00+09:00,486.08379147657706,497.84981366057895,486.08379147657706,492.7021789550781,5200,0.0,0.0
2013-09-24 00:00:00+09:00,492.7022676582796,492.7022676582796,487.5546320260289,488.2900085449219,2400,0.0,0.0
2013-09-25 00:00:00+09:00,505.2036437988281,505.2036437988281,505.2036437988281,505.2036437988281,700,0.0,0.0
2013-09-26 00:00:00+09:00,500.05596923828125,500.05596923828125,500.05596923828125,500.05596923828125,500,0.0,0.0
2013-09-27 00:00:00+09:00,500.05596923828125,500.05596923828125,500.05596923828125,500.05596923828125,1100,0.0,0.0
2013-09-30 00:00:00+09:00,500.0559024501795,500.0559024501795,499.3205261230469,499.3205261230469,700,0.0,0.0
2013-10-01 00:00:00+09:00,499.3205664335792,499.3205664335792,492.7021789550781,492.7021789550781,1000,0.0,0.0
2013-10-02 00:00:00+09:00,492.7021789550781,492.7021789550781,486.08379147657706,492.7021789550781,600,0.0,0.0
2013-10-03 00:00:00+09:00,479.4654658496828,489.0253601074219,479.4654658496828,489.0253601074219,1700,0.0,0.0
2013-10-04 00:00:00+09:00,489.0253601074219,489.0253601074219,489.0253601074219,489.0253601074219,0,0.0,0.0
2013-10-07 00:00:00+09:00,470.64093017578125,476.5239418029785,470.64093017578125,470.64093017578125,2400,0.0,0.0
2013-10-08 00:00:00+09:00,463.28715347217036,470.64091781299845,461.08102416992193,461.0810241699219,1000,0.0,0.0
2013-10-09 00:00:00+09:00,468.43480081558226,470.64093017578125,468.43480081558226,470.64093017578125,400,0.0,0.0
2013-10-10 00:00:00+09:00,470.64094640031647,472.1116993578175,464.7579345703125,464.7579345703125,2000,0.0,0.0
2013-10-11 00:00:00+09:00,468.4347952065147,469.9055480957031,468.4347952065147,469.9055480957031,1300,0.0,0.0
2013-10-15 00:00:00+09:00,473.5824723027984,477.9947313615201,471.3763427734375,471.3763427734375,1900,0.0,0.0
2013-10-16 00:00:00+09:00,472.11163330078125,472.11163330078125,472.11163330078125,472.11163330078125,600,0.0,0.0
2013-10-17 00:00:00+09:00,477.2593078613281,477.2593078613281,477.2593078613281,477.2593078613281,200,0.0,0.0
2013-10-18 00:00:00+09:00,477.2592830247146,477.9946594238281,477.2592830247146,477.9946594238281,1800,0.0,0.0
2013-10-21 00:00:00+09:00,478.7300471674445,479.4654235839844,478.7300471674445,479.4654235839844,1900,0.0,0.0
2013-10-22 00:00:00+09:00,480.20086669921875,480.20086669921875,480.20086669921875,480.20086669921875,100,0.0,0.0
2013-10-23 00:00:00+09:00,487.55455975950304,487.55455975950304,486.8191833496093,486.8191833496094,400,0.0,0.0
2013-10-24 00:00:00+09:00,486.81925550713595,488.2900085449219,486.083878988243,488.2900085449219,1700,0.0,0.0
2013-10-25 00:00:00+09:00,487.5546179050353,488.2899944026296,482.406982421875,482.406982421875,1400,0.0,0.0
2013-10-28 00:00:00+09:00,489.02532620929264,490.4960790700725,484.6130676269531,484.6130676269531,1800,0.0,0.0
2013-10-29 00:00:00+09:00,484.6130676269531,484.6130676269531,484.6130676269531,484.6130676269531,0,0.0,0.0
2013-10-30 00:00:00+09:00,497.11443152092676,497.11443152092676,490.4960441190209,491.966796875,1000,0.0,0.0
2013-10-31 00:00:00+09:00,491.966796875,491.966796875,491.966796875,491.966796875,0,0.0,0.0
2013-11-01 00:00:00+09:00,483.87774929262775,485.34850232999133,480.20086669921875,480.20086669921875,1900,0.0,0.0
2013-11-05 00:00:00+09:00,480.2007844404741,485.3484191894531,480.2007844404741,485.3484191894531,600,0.0,0.0
2013-11-06 00:00:00+09:00,507.40975303987483,512.5573882156417,498.5852355957031,498.5852355957031,11200,0.0,0.0
2013-11-07 00:00:00+09:00,500.05598522367933,500.05598522367933,494.1729736328125,494.1729736328125,2400,0.0,0.0
2013-11-08 00:00:00+09:00,493.43754963097905,493.43754963097905,489.02529136304184,491.966796875,2200,0.0,0.0
2013-11-11 00:00:00+09:00,492.70213114268057,492.70213114268057,485.3483679912973,490.4960021972656,2700,0.0,0.0
2013-11-12 00:00:00+09:00,493.4375,494.9082526080477,489.02524217585693,493.4375,2900,0.0,0.0
2013-11-13 00:00:00+09:00,505.2036437988281,505.2036437988281,505.2036437988281,505.2036437988281,4700,0.0,0.0
2013-11-14 00:00:00+09:00,507.4097538963285,507.4097538963285,502.99749516679515,506.67437744140625,1200,0.0,0.0
2013-11-15 00:00:00+09:00,506.6743560001768,514.0281202382055,504.4682267287682,511.8219909667969,5100,0.0,0.0
2013-11-18 00:00:00+09:00,518.4403458403452,518.4403458403452,513.2927112007957,515.4988403320312,4200,0.0,0.0
2013-11-19 00:00:00+09:00,515.4988877556541,517.7050170898438,512.5573819767345,517.7050170898438,1000,0.0,0.0
2013-11-20 00:00:00+09:00,514.7635498046875,514.7635498046875,514.7635498046875,514.7635498046875,1400,0.0,0.0
2013-11-21 00:00:00+09:00,514.7635498046875,514.7635498046875,514.7635498046875,514.7635498046875,0,0.0,0.0
2013-11-22 00:00:00+09:00,518.4403458403452,519.1757222174238,515.4988403320312,515.4988403320312,1700,0.0,0.0
2013-11-25 00:00:00+09:00,514.7635498046875,514.7635498046875,514.7635498046875,514.7635498046875,1100,0.0,0.0
2013-11-26 00:00:00+09:00,509.61586507161456,516.2342529296875,509.61586507161456,516.2342529296875,1200,0.0,0.0
2013-11-27 00:00:00+09:00,507.4097848074777,514.7635498046875,507.4097848074777,514.7635498046875,1200,0.0,0.0
2013-11-28 00:00:00+09:00,514.7634909650404,514.7634909650404,511.08660888671875,511.08660888671875,700,0.0,0.0
2013-11-29 00:00:00+09:00,507.4098205566407,507.4098205566407,505.93906745357793,507.4098205566406,1100,0.0,0.0
2013-12-02 00:00:00+09:00,507.4098205566407,507.4098205566407,507.4098205566407,507.4098205566406,400,0.0,0.0
2013-12-03 00:00:00+09:00,508.88049316406256,508.88049316406256,507.40974029364617,508.8804931640625,1600,0.0,0.0
2013-12-04 00:00:00+09:00,505.9390202817958,505.9390202817958,505.2036437988281,505.2036437988281,400,0.0,0.0
2013-12-05 00:00:00+09:00,507.4097255238315,507.4097255238315,502.9974670410156,502.9974670410156,1400,0.0,0.0
2013-12-06 00:00:00+09:00,500.79132648367334,506.6743376611614,500.79132648367334,501.5267028808594,1400,0.0,0.0
2013-12-09 00:00:00+09:00,509.6158432499055,509.6158432499055,501.5267028808594,501.5267028808594,1000,0.0,0.0
2013-12-10 00:00:00+09:00,502.997461366444,502.997461366444,502.2620849609375,502.2620849609375,800,0.0,0.0
2013-12-11 00:00:00+09:00,507.4098205566407,507.4098205566407,507.4098205566407,507.4098205566406,100,0.0,0.0
2013-12-12 00:00:00+09:00,507.4098205566407,507.4098205566407,505.93906745357793,507.4098205566406,2400,0.0,0.0
2013-12-13 00:00:00+09:00,506.67440237000926,507.40977886111233,505.9390258789062,505.93902587890625,2700,0.0,0.0
2013-12-16 00:00:00+09:00,505.2035483473723,505.2035483473723,500.7912902832031,500.7912902832031,5100,0.0,0.0
2013-12-17 00:00:00+09:00,502.2620985143325,502.2620985143325,500.05596923828125,500.05596923828125,800,0.0,0.0
2013-12-18 00:00:00+09:00,497.8498591420221,498.5852355957031,491.9668475125743,498.5852355957031,5500,0.0,0.0
2013-12-19 00:00:00+09:00,498.58522430961654,498.58522430961654,497.1144714355469,497.1144714355469,10000,0.0,0.0
2013-12-20 00:00:00+09:00,494.9082526080477,494.9082526080477,490.4959947839046,493.4375,1700,0.0,0.0
2013-12-24 00:00:00+09:00,494.17296355361236,494.17296355361236,480.9361877441406,480.9361877441406,5300,0.0,0.0
2013-12-25 00:00:00+09:00,481.67161973658233,482.4069962552641,478.7301136618551,480.20086669921875,5400,0.0,0.0
2013-12-26 00:00:00+09:00,481.67148641560567,490.4960021972656,481.67148641560567,490.4960021972656,800,0.0,0.0
2013-12-27 00:00:00+09:00,497.84981366057895,497.84981366057895,492.7021789550781,492.7021789550781,900,0.0,0.0
2013-12-30 00:00:00+09:00,512.5573810175556,512.5573810175556,500.0559814805421,509.6158752441406,3900,0.0,0.0
2014-01-06 00:00:00+09:00,522.117212292842,522.8525886481841,521.3818359375,521.3818359375,2700,0.0,0.0
2014-01-07 00:00:00+09:00,514.7634753122777,517.7049808854907,514.7634753122777,516.9696044921875,1800,0.0,0.0
2014-01-08 00:00:00+09:00,519.9111193159936,522.1172485351562,519.9111193159936,522.1172485351562,1800,0.0,0.0
2014-01-09 00:00:00+09:00,529.470998970021,529.470998970021,524.3233642578125,524.3233642578125,4000,0.0,0.0
2014-01-10 00:00:00+09:00,530.2063938649845,534.61865234375,529.4710174518569,534.61865234375,8200,0.0,0.0
2014-01-14 00:00:00+09:00,532.4125275126395,532.4125275126395,527.264892578125,527.264892578125,1300,0.0,0.0
2014-01-15 00:00:00+09:00,531.6771333041256,536.8247680664062,531.6771333041256,536.8247680664062,500,0.0,0.0
2014-01-16 00:00:00+09:00,538.2955659695757,561.8276125693386,533.8833072321202,542.7078247070312,10000,0.0,0.0
2014-01-17 00:00:00+09:00,555.9445687453374,555.9445687453374,547.85542819481,554.4738159179688,3300,0.0,0.0
2014-01-20 00:00:00+09:00,555.2090986202925,573.593505859375,550.0614645933493,573.593505859375,7300,0.0,0.0
2014-01-21 00:00:00+09:00,572.858253843246,573.5936302923387,569.916748046875,569.916748046875,1800,0.0,0.0
2014-01-22 00:00:00+09:00,569.9167322229456,575.7997436523438,569.1813557942708,575.7997436523438,1200,0.0,0.0
2014-01-23 00:00:00+09:00,564.7691152597403,577.2705149464794,562.5629859032568,566.2398681640625,3500,0.0,0.0
2014-01-24 00:00:00+09:00,571.3875081915604,571.3875081915604,558.8861083984375,558.8861083984375,1200,0.0,0.0
2014-01-27 00:00:00+09:00,547.8553466796875,547.8553466796875,544.1784651583473,547.8553466796875,6800,0.0,0.0
2014-01-28 00:00:00+09:00,542.7078111162069,551.532328370129,536.8247996135923,544.9139404296875,2500,0.0,0.0
2014-01-29 00:00:00+09:00,553.7384731895045,558.8861083984375,553.7384731895045,558.8861083984375,500,0.0,0.0
2014-01-30 00:00:00+09:00,538.2955167203336,544.1785278320312,538.2955167203336,544.1785278320312,1100,0.0,0.0
2014-01-31 00:00:00+09:00,544.1785800408211,544.1785800408211,539.0309448242188,539.0309448242188,600,0.0,0.0
2014-02-03 00:00:00+09:00,536.0893843711917,536.0893843711917,528.000244140625,528.000244140625,600,0.0,0.0
2014-02-04 00:00:00+09:00,516.2342827848001,516.2342827848001,481.6715886382394,508.1451416015625,2700,0.0,0.0
2014-02-05 00:00:00+09:00,511.8219853023831,511.8219853023831,511.08660888671875,511.08660888671875,1100,0.0,0.0
2014-02-06 00:00:00+09:00,511.08660888671875,511.08660888671875,511.08660888671875,511.08660888671875,0,0.0,0.0
2014-02-07 00:00:00+09:00,513.292724609375,513.292724609375,513.292724609375,513.292724609375,500,0.0,0.0
2014-02-10 00:00:00+09:00,514.0281372070312,514.0281372070312,514.0281372070312,514.0281372070312,300,0.0,0.0
2014-02-12 00:00:00+09:00,522.1172485351562,522.1172485351562,519.175742909606,522.1172485351562,700,0.0,0.0
2014-02-13 00:00:00+09:00,514.7634844712808,522.1172485351562,514.7634844712808,522.1172485351562,700,0.0,0.0
2014-02-14 00:00:00+09:00,553.7384648598915,553.7384648598915,533.88330078125,533.88330078125,4600,0.0,0.0
2014-02-17 00:00:00+09:00,536.8247815831327,536.8247815831327,533.1478995174948,534.61865234375,1500,0.0,0.0
2014-02-18 00:00:00+09:00,534.6186591988487,543.4431762695312,534.6186591988487,543.4431762695312,1400,0.0,0.0
2014-02-19 00:00:00+09:00,543.4431762695312,543.4431762695312,543.4431762695312,543.4431762695312,0,0.0,0.0
2014-02-20 00:00:00+09:00,534.6186388825716,536.8247680664062,534.6186388825716,536.8247680664062,1000,0.0,0.0
2014-02-21 00:00:00+09:00,533.1478840315423,540.5016479492188,530.9417548562394,540.5016479492188,2400,0.0,0.0
2014-02-24 00:00:00+09:00,542.7078134287958,542.7078134287958,538.2955547830333,541.237060546875,1500,0.0,0.0
2014-02-25 00:00:00+09:00,541.9725745442709,551.532470703125,541.9725745442709,551.532470703125,2500,0.0,0.0
2014-02-26 00:00:00+09:00,544.913949323848,550.0615844726562,544.913949323848,550.0615844726562,300,0.0,0.0
2014-02-27 00:00:00+09:00,551.5322855766246,555.2091674804688,549.3261564343181,555.2091674804688,3600,0.0,0.0
2014-02-28 00:00:00+09:00,555.2091674804688,555.2091674804688,555.2091674804688,555.2091674804688,0,0.0,0.0
2014-03-03 00:00:00+09:00,555.2091674804688,555.2091674804688,536.824757961248,555.2091674804688,1700,0.0,0.0
2014-03-04 00:00:00+09:00,548.5908067853492,550.7969360351562,536.8247841197117,550.7969360351562,1900,0.0,0.0
2014-03-05 00:00:00+09:00,551.5322165405767,551.5322165405767,538.2954433436029,546.3845825195312,1300,0.0,0.0
2014-03-06 00:00:00+09:00,547.855455123167,550.0615844726562,547.855455123167,550.0615844726562,500,0.0,0.0
2014-03-07 00:00:00+09:00,550.7970940755208,551.532470703125,537.5603147786459,551.532470703125,900,0.0,0.0
2014-03-10 00:00:00+09:00,550.0615844726562,550.0615844726562,540.5016906248694,550.0615844726562,2100,0.0,0.0
2014-03-11 00:00:00+09:00,540.5015836370071,547.8553466796875,540.5015836370071,547.8553466796875,1000,0.0,0.0
2014-03-12 00:00:00+09:00,544.1785278320312,544.1785278320312,544.1785278320312,544.1785278320312,400,0.0,0.0
2014-03-13 00:00:00+09:00,544.1785278320312,544.1785278320312,544.1785278320312,544.1785278320312,300,0.0,0.0
2014-03-14 00:00:00+09:00,542.7078199743587,550.0615844726562,538.2955612753802,550.0615844726562,400,0.0,0.0
2014-03-17 00:00:00+09:00,549.3261356302625,549.3261356302625,548.5907592773438,548.5907592773438,1300,0.0,0.0
2014-03-18 00:00:00+09:00,545.6492538656689,548.5907592773438,544.1785011598315,548.5907592773438,1300,0.0,0.0
2014-03-19 00:00:00+09:00,547.1200629340277,547.1200629340277,536.0894165039062,536.0894165039062,500,0.0,0.0
2014-03-20 00:00:00+09:00,529.4709720531989,529.4709720531989,514.7634450517212,528.735595703125,2500,0.0,0.0
2014-03-24 00:00:00+09:00,528.7356410387293,534.61865234375,522.8526297337087,534.61865234375,2200,0.0,0.0
2014-03-25 00:00:00+09:00,525.7941419622871,525.7941419622871,523.5880126953125,523.5880126953125,300,0.0,0.0
2014-03-26 00:00:00+09:00,519.1757653500854,525.0587768554688,508.14511877749146,525.0587768554688,1700,0.0,0.0
2014-03-27 00:00:00+09:00,544.1102294921875,544.1102294921875,544.1102294921875,544.1102294921875,0,25.0,0.0
2014-03-28 00:00:00+09:00,544.1102294921875,544.1102294921875,544.1102294921875,544.1102294921875,0,0.0,0.0
2014-03-31 00:00:00+09:00,509.817540941046,528.8690185546875,509.817540941046,528.8690185546875,1800,0.0,0.0
2014-04-01 00:00:00+09:00,533.4414131759752,537.251708984375,533.4414131759752,537.251708984375,400,0.0,0.0
2014-04-02 00:00:00+09:00,538.0137776229664,539.537895973173,522.0105349457959,535.7276000976562,2000,0.0,0.0
2014-04-03 00:00:00+09:00,524.2966802479376,531.1552124023438,517.4381480935314,531.1552124023438,900,0.0,0.0
2014-04-04 00:00:00+09:00,531.1552124023438,531.1552124023438,531.1552124023438,531.1552124023438,0,0.0,0.0
2014-04-07 00:00:00+09:00,531.9172973632812,531.9172973632812,531.9172973632812,531.9172973632812,500,0.0,0.0
2014-04-08 00:00:00+09:00,522.0105590820312,522.0105590820312,522.0105590820312,522.0105590820312,400,0.0,0.0
2014-04-09 00:00:00+09:00,518.2002766927084,518.2002766927084,502.1970328536688,505.2452697753906,4400,0.0,0.0
2014-04-10 00:00:00+09:00,519.724365234375,519.724365234375,519.724365234375,519.724365234375,100,0.0,0.0
2014-04-11 00:00:00+09:00,510.5796679872455,510.5796679872455,502.9590759277344,502.9590759277344,600,0.0,0.0
2014-04-14 00:00:00+09:00,496.10058575530553,510.5797119140625,496.10058575530553,510.5797119140625,800,0.0,0.0
2014-04-15 00:00:00+09:00,510.5797119140625,510.5797119140625,510.5797119140625,510.5797119140625,0,0.0,0.0
2014-04-16 00:00:00+09:00,510.5797119140625,510.5797119140625,510.5797119140625,510.5797119140625,0,0.0,0.0
2014-04-17 00:00:00+09:00,510.5797054893092,521.24853515625,510.5797054893092,521.24853515625,1300,0.0,0.0
2014-04-18 00:00:00+09:00,521.24853515625,521.24853515625,521.24853515625,521.24853515625,0,0.0,0.0
2014-04-21 00:00:00+09:00,521.24853515625,521.24853515625,521.24853515625,521.24853515625,4300,0.0,0.0
2014-04-22 00:00:00+09:00,519.7243679470487,522.0105455186632,512.1037760416667,514.3899536132812,16000,0.0,0.0
2014-04-23 00:00:00+09:00,514.3899536132812,514.3899536132812,514.3899536132812,514.3899536132812,0,0.0,0.0
2014-04-24 00:00:00+09:00,521.24853515625,521.24853515625,521.24853515625,521.24853515625,900,0.0,0.0
2014-04-25 00:00:00+09:00,528.8690863133158,532.6793823242188,528.8690863133158,532.6793823242188,200,0.0,0.0
2014-04-28 00:00:00+09:00,525.82080078125,525.82080078125,525.82080078125,525.82080078125,500,0.0,0.0
2014-04-30 00:00:00+09:00,525.82080078125,525.82080078125,525.82080078125,525.82080078125,100,0.0,0.0
2014-05-01 00:00:00+09:00,525.82080078125,525.82080078125,525.82080078125,525.82080078125,200,0.0,0.0
2014-05-02 00:00:00+09:00,525.8208265732408,526.5828857421875,525.8208265732408,526.5828857421875,500,0.0,0.0
2014-05-07 00:00:00+09:00,526.5828857421875,526.5828857421875,526.5828857421875,526.5828857421875,0,0.0,0.0
2014-05-08 00:00:00+09:00,522.7726047092015,522.7726047092015,514.3899536132812,514.3899536132812,400,0.0,0.0
2014-05-09 00:00:00+09:00,512.1036968427835,517.4381103515625,512.1036968427835,517.4381103515625,200,0.0,0.0
2014-05-12 00:00:00+09:00,510.5796155378811,517.4381476868974,501.4349060058594,501.4349060058594,6300,0.0,0.0
2014-05-13 00:00:00+09:00,499.14868164062506,499.9107406965649,499.14868164062506,499.148681640625,600,0.0,0.0
2014-05-14 00:00:00+09:00,495.3384905629813,495.3384905629813,482.3834838867187,482.38348388671875,3800,0.0,0.0
2014-05-15 00:00:00+09:00,478.57312507629393,487.71783447265625,470.9525339126587,487.71783447265625,1800,0.0,0.0
2014-05-16 00:00:00+09:00,472.47663157113294,486.1936950683594,471.71457248795366,486.1936950683594,500,0.0,0.0
2014-05-19 00:00:00+09:00,486.19377037709154,486.19377037709154,472.47670475516736,483.9075927734375,4200,0.0,0.0
2014-05-20 00:00:00+09:00,483.9075927734375,483.9075927734375,483.1455335722195,483.9075927734375,1300,0.0,0.0
2014-05-21 00:00:00+09:00,483.9075067865056,493.0522155761719,483.9075067865056,493.0522155761719,400,0.0,0.0
2014-05-22 00:00:00+09:00,493.0522155761719,493.0522155761719,493.0522155761719,493.0522155761719,0,0.0,0.0
2014-05-23 00:00:00+09:00,477.8110774733265,490.7660827636719,477.8110774733265,490.7660827636719,500,0.0,0.0
2014-05-26 00:00:00+09:00,490.7660827636719,490.7660827636719,490.7660827636719,490.7660827636719,0,0.0,0.0
2014-05-27 00:00:00+09:00,490.7661305103932,507.53143310546875,490.7661305103932,507.53143310546875,2200,0.0,0.0
2014-05-28 00:00:00+09:00,507.53143310546875,507.53143310546875,507.53143310546875,507.53143310546875,0,0.0,0.0
2014-05-29 00:00:00+09:00,507.53143310546875,507.53143310546875,507.53143310546875,507.53143310546875,0,0.0,0.0
2014-05-30 00:00:00+09:00,506.76937389660173,507.53143310546875,502.9590778522664,507.53143310546875,3400,0.0,0.0
2014-06-02 00:00:00+09:00,507.53143310546875,507.53143310546875,493.05230813699444,507.53143310546875,1900,0.0,0.0
2014-06-03 00:00:00+09:00,507.53143310546875,507.53143310546875,507.53143310546875,507.53143310546875,0,0.0,0.0
2014-06-04 00:00:00+09:00,507.53143310546875,507.53143310546875,507.53143310546875,507.53143310546875,0,0.0,0.0
2014-06-05 00:00:00+09:00,507.53143310546875,507.53143310546875,507.53143310546875,507.53143310546875,300,0.0,0.0
2014-06-06 00:00:00+09:00,507.53143310546875,507.53143310546875,507.53143310546875,507.53143310546875,0,0.0,0.0
2014-06-09 00:00:00+09:00,510.5797119140625,510.5797119140625,510.5797119140625,510.5797119140625,200,0.0,0.0
2014-06-10 00:00:00+09:00,510.5797119140625,510.5797119140625,510.5797119140625,510.5797119140625,1000,0.0,0.0
2014-06-11 00:00:00+09:00,510.5797119140625,510.5797119140625,510.5797119140625,510.5797119140625,0,0.0,0.0
2014-06-12 00:00:00+09:00,510.5797119140625,510.5797119140625,510.5797119140625,510.5797119140625,0,0.0,0.0
2014-06-13 00:00:00+09:00,500.67287689527353,511.3417053222656,500.67287689527353,511.3417053222656,400,0.0,0.0
2014-06-16 00:00:00+09:00,511.3417053222656,511.3417053222656,510.57964614890903,511.3417053222656,1200,0.0,0.0
2014-06-17 00:00:00+09:00,500.6728881835938,514.3899536132812,500.6728881835938,514.3899536132812,300,0.0,0.0
2014-06-18 00:00:00+09:00,516.6761474609375,516.6761474609375,516.6761474609375,516.6761474609375,300,0.0,0.0
2014-06-19 00:00:00+09:00,515.9140795660519,515.9140795660519,505.24525074193855,508.2934875488281,700,0.0,0.0
2014-06-20 00:00:00+09:00,507.53143787814264,507.53143787814264,506.7693786621094,506.7693786621094,200,0.0,0.0
2014-06-23 00:00:00+09:00,514.3899536132812,514.3899536132812,514.3899536132812,514.3899536132812,500,0.0,0.0
2014-06-24 00:00:00+09:00,515.1520128038195,515.1520128038195,514.3899536132812,514.3899536132812,300,0.0,0.0
2014-06-25 00:00:00+09:00,516.6761474609375,516.6761474609375,516.6761474609375,516.6761474609375,300,0.0,0.0
2014-06-26 00:00:00+09:00,511.3417053222656,511.3417053222656,511.3417053222656,511.3417053222656,400,0.0,0.0
2014-06-27 00:00:00+09:00,510.57966994093704,516.6761436118736,507.53143310546875,507.53143310546875,2200,0.0,0.0
2014-06-30 00:00:00+09:00,515.1519869569502,515.1519869569502,513.6278686523438,513.6278686523438,2500,0.0,0.0
2014-07-01 00:00:00+09:00,516.6761474609375,516.6761474609375,516.6761474609375,516.6761474609375,400,0.0,0.0
2014-07-02 00:00:00+09:00,514.3899536132812,514.3899536132812,514.3899536132812,514.3899536132812,300,0.0,0.0
2014-07-03 00:00:00+09:00,514.3899536132812,514.3899536132812,514.3899536132812,514.3899536132812,0,0.0,0.0
2014-07-04 00:00:00+09:00,514.3899536132812,514.3899536132812,514.3899536132812,514.3899536132812,0,0.0,0.0
2014-07-07 00:00:00+09:00,515.1519775390625,515.1519775390625,515.1519775390625,515.1519775390625,2800,0.0,0.0
2014-07-08 00:00:00+09:00,510.57966994093704,510.57966994093704,507.53143310546875,507.53143310546875,700,0.0,0.0
2014-07-09 00:00:00+09:00,508.29348754882807,508.29348754882807,508.29348754882807,508.2934875488281,500,0.0,0.0
2014-07-10 00:00:00+09:00,508.2934923143358,508.2934923143358,507.53143310546875,507.53143310546875,600,0.0,0.0
2014-07-11 00:00:00+09:00,507.53143310546875,507.53143310546875,507.53143310546875,507.53143310546875,0,0.0,0.0
2014-07-14 00:00:00+09:00,508.29348754882807,508.29348754882807,508.29348754882807,508.2934875488281,700,0.0,0.0
2014-07-15 00:00:00+09:00,509.8175964355469,509.8175964355469,509.8175964355469,509.8175964355469,100,0.0,0.0
2014-07-16 00:00:00+09:00,502.95905649926146,515.9140625,502.95905649926146,515.9140625,1600,0.0,0.0
2014-07-17 00:00:00+09:00,515.9140892545083,515.9140892545083,506.7693786621094,506.7693786621094,300,0.0,0.0
2014-07-18 00:00:00+09:00,506.7693786621094,506.7693786621094,506.7693786621094,506.7693786621094,0,0.0,0.0
2014-07-22 00:00:00+09:00,507.5314684416119,521.24853515625,507.5314684416119,521.24853515625,1200,0.0,0.0
2014-07-23 00:00:00+09:00,519.724365234375,519.724365234375,519.724365234375,519.724365234375,200,0.0,0.0
2014-07-24 00:00:00+09:00,519.724365234375,519.724365234375,519.724365234375,519.724365234375,0,0.0,0.0
2014-07-25 00:00:00+09:00,519.724365234375,519.724365234375,519.724365234375,519.724365234375,0,0.0,0.0
2014-07-28 00:00:00+09:00,516.6761474609375,516.6761474609375,516.6761474609375,516.6761474609375,1300,0.0,0.0
2014-07-29 00:00:00+09:00,516.6761474609375,516.6761474609375,516.6761474609375,516.6761474609375,1700,0.0,0.0
2014-07-30 00:00:00+09:00,516.6761474609375,516.6761474609375,516.6761474609375,516.6761474609375,700,0.0,0.0
2014-07-31 00:00:00+09:00,522.0105590820312,522.0105590820312,522.0105590820312,522.0105590820312,200,0.0,0.0
2014-08-01 00:00:00+09:00,521.24853515625,521.24853515625,521.24853515625,521.24853515625,200,0.0,0.0
2014-08-04 00:00:00+09:00,512.103759765625,512.103759765625,512.103759765625,512.103759765625,300,0.0,0.0
2014-08-05 00:00:00+09:00,516.6761474609375,516.6761474609375,516.6761474609375,516.6761474609375,500,0.0,0.0
2014-08-06 00:00:00+09:00,515.9140625,515.9140625,515.9140625,515.9140625,1900,0.0,0.0
2014-08-07 00:00:00+09:00,510.5797119140625,510.5797119140625,510.5797119140625,510.5797119140625,600,0.0,0.0
2014-08-08 00:00:00+09:00,510.5796482644018,515.9140625,507.53141155834567,515.9140625,1100,0.0,0.0
2014-08-11 00:00:00+09:00,495.3384961950065,496.1005554199219,487.7179039458525,496.1005554199219,6000,0.0,0.0
2014-08-12 00:00:00+09:00,492.2902535574777,506.7693786621094,491.5281943414445,506.7693786621094,3800,0.0,0.0
2014-08-13 00:00:00+09:00,505.2452535455877,505.2452535455877,502.9590759277344,502.9590759277344,400,0.0,0.0
2014-08-14 00:00:00+09:00,505.2452697753906,505.2452697753906,505.2452697753906,505.2452697753906,100,0.0,0.0
2014-08-15 00:00:00+09:00,505.2452697753906,505.2452697753906,505.2452697753906,505.2452697753906,0,0.0,0.0
2014-08-18 00:00:00+09:00,509.8175964355469,511.3417148105411,509.8175964355469,509.8175964355469,1600,0.0,0.0
2014-08-19 00:00:00+09:00,509.8175964355469,509.8175964355469,509.8175964355469,509.8175964355469,0,0.0,0.0
2014-08-20 00:00:00+09:00,511.341771185576,511.341771185576,509.817652642549,510.5797119140625,700,0.0,0.0
2014-08-21 00:00:00+09:00,510.5797119140625,510.5797119140625,510.5797119140625,510.5797119140625,0,0.0,0.0
2014-08-22 00:00:00+09:00,510.5797119140625,510.5797119140625,510.5797119140625,510.5797119140625,0,0.0,0.0
2014-08-25 00:00:00+09:00,511.34171957598477,511.34171957598477,509.0555419921875,509.0555419921875,300,0.0,0.0
2014-08-26 00:00:00+09:00,512.1037921736726,517.4382066754816,512.1037921736726,516.6761474609375,2500,0.0,0.0
2014-08-27 00:00:00+09:00,516.6761474609375,516.6761474609375,516.6761474609375,516.6761474609375,0,0.0,0.0
2014-08-28 00:00:00+09:00,516.6761474609375,516.6761474609375,516.6761474609375,516.6761474609375,0,0.0,0.0
2014-08-29 00:00:00+09:00,516.6760958158053,516.6760958158053,508.29344529371997,515.1519775390625,1200,0.0,0.0
2014-09-01 00:00:00+09:00,514.389942015692,514.389942015692,511.3417053222656,511.3417053222656,500,0.0,0.0
2014-09-02 00:00:00+09:00,510.5797119140625,510.5797119140625,510.5797119140625,510.5797119140625,1000,0.0,0.0
2014-09-03 00:00:00+09:00,509.0555467505505,509.0555467505505,508.29348754882807,508.2934875488281,500,0.0,0.0
2014-09-04 00:00:00+09:00,510.57957869741807,517.4381103515625,510.57957869741807,517.4381103515625,1100,0.0,0.0
2014-09-05 00:00:00+09:00,517.4381103515625,517.4381103515625,517.4381103515625,517.4381103515625,0,0.0,0.0
2014-09-08 00:00:00+09:00,517.4381103515625,517.4381103515625,517.4381103515625,517.4381103515625,0,0.0,0.0
2014-09-09 00:00:00+09:00,502.1970599274137,510.5797119140625,502.1970599274137,510.5797119140625,1300,0.0,0.0
2014-09-10 00:00:00+09:00,506.00731468773466,507.53143310546875,506.00731468773466,507.53143310546875,1700,0.0,0.0
2014-09-11 00:00:00+09:00,510.5797119140625,510.5797119140625,510.5797119140625,510.5797119140625,100,0.0,0.0
2014-09-12 00:00:00+09:00,510.5797119140625,510.5797119140625,510.5797119140625,510.5797119140625,0,0.0,0.0
2014-09-16 00:00:00+09:00,507.5314263648237,507.5314263648237,503.72113037109375,503.72113037109375,1400,0.0,0.0
2014-09-17 00:00:00+09:00,504.4831237792969,504.4831237792969,504.4831237792969,504.4831237792969,500,0.0,0.0
2014-09-18 00:00:00+09:00,509.8175964355469,509.8175964355469,509.8175964355469,509.8175964355469,200,0.0,0.0
2014-09-19 00:00:00+09:00,504.48319912390934,504.48319912390934,494.5764293525939,502.197021484375,2400,0.0,0.0
2014-09-22 00:00:00+09:00,502.9590759277344,502.9590759277344,502.9590759277344,502.9590759277344,1200,0.0,0.0
2014-09-24 00:00:00+09:00,504.4831472364917,504.4831472364917,500.6728515625,500.6728515625,800,0.0,0.0
2014-09-25 00:00:00+09:00,506.00726318359375,506.00726318359375,506.00726318359375,506.00726318359375,200,0.0,0.0
2014-09-26 00:00:00+09:00,506.00726318359375,506.00726318359375,506.00726318359375,506.00726318359375,0,0.0,0.0
2014-09-29 00:00:00+09:00,506.7694155564949,510.5797119140625,506.7694155564949,510.5797119140625,1600,0.0,0.0
2014-09-30 00:00:00+09:00,505.24525074193855,508.29348754882807,505.24525074193855,508.2934875488281,1200,0.0,0.0
2014-10-01 00:00:00+09:00,508.2934970941759,511.3417339583089,506.7693786621094,506.7693786621094,2300,0.0,0.0
2014-10-02 00:00:00+09:00,506.7693246408866,506.7693246408866,500.6728515625,500.6728515625,1100,0.0,0.0
2014-10-03 00:00:00+09:00,500.6728515625,500.6728515625,500.6728515625,500.6728515625,0,0.0,0.0
2014-10-06 00:00:00+09:00,500.67294138438666,510.5797119140625,500.67294138438666,510.5797119140625,1400,0.0,0.0
2014-10-07 00:00:00+09:00,503.72113037109375,503.72113037109375,503.72113037109375,503.72113037109375,100,0.0,0.0
2014-10-08 00:00:00+09:00,499.9107877505224,501.4349060058594,499.9107877505224,501.4349060058594,400,0.0,0.0
2014-10-09 00:00:00+09:00,501.4349060058594,501.4349060058594,501.4349060058594,501.4349060058594,0,0.0,0.0
2014-10-10 00:00:00+09:00,501.4349060058594,501.4349060058594,501.4349060058594,501.4349060058594,0,0.0,0.0
2014-10-14 00:00:00+09:00,501.43491069729833,510.57962031487824,500.6728515625,500.6728515625,4900,0.0,0.0
2014-10-15 00:00:00+09:00,500.6728515625,500.6728515625,500.6728515625,500.6728515625,300,0.0,0.0
2014-10-16 00:00:00+09:00,499.9107971191407,500.67285626109054,499.9107971191407,499.9107971191406,1700,0.0,0.0
2014-10-17 00:00:00+09:00,500.6728515625,500.6728515625,500.6728515625,500.6728515625,200,0.0,0.0
2014-10-20 00:00:00+09:00,507.53143310546875,507.53143310546875,507.53143310546875,507.53143310546875,200,0.0,0.0
2014-10-21 00:00:00+09:00,507.53143310546875,507.53143310546875,507.53143310546875,507.53143310546875,0,0.0,0.0
2014-10-22 00:00:00+09:00,507.53143310546875,507.53143310546875,507.53143310546875,507.53143310546875,0,0.0,0.0
2014-10-23 00:00:00+09:00,499.9107971191407,499.9107971191407,499.9107971191407,499.9107971191406,100,0.0,0.0
2014-10-24 00:00:00+09:00,499.9107971191407,499.9107971191407,499.9107971191407,499.9107971191406,0,0.0,0.0
2014-10-27 00:00:00+09:00,498.3866882324219,498.3866882324219,498.3866882324219,498.3866882324219,200,0.0,0.0
2014-10-28 00:00:00+09:00,498.3866882324219,498.3866882324219,498.3866882324219,498.3866882324219,0,0.0,0.0
2014-10-29 00:00:00+09:00,498.3866882324219,498.3866882324219,498.3866882324219,498.3866882324219,0,0.0,0.0
2014-10-30 00:00:00+09:00,498.3866882324219,498.3866882324219,498.3866882324219,498.3866882324219,100,0.0,0.0
2014-10-31 00:00:00+09:00,498.3866882324219,498.3866882324219,498.3866882324219,498.3866882324219,0,0.0,0.0
2014-11-04 00:00:00+09:00,516.6761390784268,532.6793823242188,513.6279022697045,532.6793823242188,1900,0.0,0.0
2014-11-05 00:00:00+09:00,517.4381808530281,517.4381808530281,515.9140625,515.9140625,600,0.0,0.0
2014-11-06 00:00:00+09:00,510.5797119140625,510.5797119140625,507.5314748280084,510.5797119140625,800,0.0,0.0
2014-11-07 00:00:00+09:00,508.29353409952193,510.5797119140625,507.5314748280084,510.5797119140625,700,0.0,0.0
2014-11-10 00:00:00+09:00,510.5797119140625,510.5797119140625,510.5797119140625,510.5797119140625,100,0.0,0.0
2014-11-11 00:00:00+09:00,508.29349610095176,516.6761474609375,508.29349610095176,516.6761474609375,3300,0.0,0.0
2014-11-12 00:00:00+09:00,524.2967176728048,525.0587768554688,524.2967176728048,525.0587768554688,300,0.0,0.0
2014-11-13 00:00:00+09:00,524.2967367130475,524.2967367130475,522.0105590820312,522.0105590820312,400,0.0,0.0
2014-11-14 00:00:00+09:00,522.0105590820312,522.0105590820312,522.0105590820312,522.0105590820312,0,0.0,0.0
2014-11-17 00:00:00+09:00,516.6761474609375,516.6761474609375,516.6761474609375,516.6761474609375,300,0.0,0.0
2014-11-18 00:00:00+09:00,518.2001953125,518.2001953125,518.2001953125,518.2001953125,200,0.0,0.0
2014-11-19 00:00:00+09:00,518.2001953125,518.2001953125,518.2001953125,518.2001953125,1000,0.0,0.0
2014-11-20 00:00:00+09:00,518.2001953125,518.2001953125,518.2001953125,518.2001953125,500,0.0,0.0
2014-11-21 00:00:00+09:00,518.2001953125,518.2001953125,518.2001953125,518.2001953125,0,0.0,0.0
2014-11-25 00:00:00+09:00,514.3899536132812,514.3899536132812,514.3899536132812,514.3899536132812,100,0.0,0.0
2014-11-26 00:00:00+09:00,514.3899611626072,514.3899611626072,508.29348754882807,508.2934875488281,5200,0.0,0.0
2014-11-27 00:00:00+09:00,508.2934923143358,508.2934923143358,507.53143310546875,507.53143310546875,2200,0.0,0.0
2014-11-28 00:00:00+09:00,509.0554881216335,528.8690250844516,509.0554881216335,512.8657836914062,700,0.0,0.0
2014-12-01 00:00:00+09:00,512.8658832750823,521.24853515625,512.8658832750823,521.24853515625,700,0.0,0.0
2014-12-02 00:00:00+09:00,521.24853515625,521.24853515625,521.24853515625,521.24853515625,0,0.0,0.0
2014-12-03 00:00:00+09:00,521.24853515625,521.24853515625,521.24853515625,521.24853515625,0,0.0,0.0
2014-12-04 00:00:00+09:00,515.9140625,515.9140625,515.9140625,515.9140625,400,0.0,0.0
2014-12-05 00:00:00+09:00,512.865818931943,512.865818931943,512.103759765625,512.103759765625,500,0.0,0.0
2014-12-08 00:00:00+09:00,513.6278686523438,513.6278686523438,513.6278686523438,513.6278686523438,1900,0.0,0.0
2014-12-09 00:00:00+09:00,512.8658897286031,512.8658897286031,510.5797119140625,510.5797119140625,3300,0.0,0.0
2014-12-10 00:00:00+09:00,506.00731944607617,506.7693786621094,506.00731944607617,506.7693786621094,300,0.0,0.0
2014-12-11 00:00:00+09:00,506.7693786621094,506.7693786621094,506.7693786621094,506.7693786621094,300,0.0,0.0
2014-12-12 00:00:00+09:00,506.7693786621094,506.7693786621094,506.7693786621094,506.7693786621094,0,0.0,0.0
2014-12-15 00:00:00+09:00,505.2452697753906,505.2452697753906,505.2452697753906,505.2452697753906,200,0.0,0.0
2014-12-16 00:00:00+09:00,506.00726318359375,506.00726318359375,506.00726318359375,506.00726318359375,1100,0.0,0.0
2014-12-17 00:00:00+09:00,506.7693786621094,506.7693786621094,505.2452602300429,506.7693786621094,3300,0.0,0.0
2014-12-18 00:00:00+09:00,507.531447466682,507.531447466682,505.2452697753906,505.2452697753906,600,0.0,0.0
2014-12-19 00:00:00+09:00,505.2452487685857,505.2452487685857,503.72113037109375,503.72113037109375,2700,0.0,0.0
2014-12-22 00:00:00+09:00,503.72114179797643,506.7693786621094,503.72114179797643,506.7693786621094,3600,0.0,0.0
2014-12-24 00:00:00+09:00,506.76937389660173,507.53143310546875,506.76937389660173,507.53143310546875,500,0.0,0.0
2014-12-25 00:00:00+09:00,507.5314263648237,507.5314263648237,503.72113037109375,503.72113037109375,1700,0.0,0.0
2014-12-26 00:00:00+09:00,504.4831962700005,507.53143310546875,504.4831962700005,507.53143310546875,400,0.0,0.0
2014-12-29 00:00:00+09:00,507.5313814461949,507.5313814461949,506.00726318359375,506.00726318359375,2400,0.0,0.0
2014-12-30 00:00:00+09:00,511.3417339583089,511.3417339583089,506.7693786621094,506.7693786621094,300,0.0,0.0
2015-01-05 00:00:00+09:00,512.8658475675383,512.8658475675383,507.53143310546875,507.53143310546875,1400,0.0,0.0
2015-01-06 00:00:00+09:00,507.53143310546875,507.53143310546875,507.53143310546875,507.53143310546875,1100,0.0,0.0
2015-01-07 00:00:00+09:00,507.53143310546875,507.53143310546875,507.53143310546875,507.53143310546875,600,0.0,0.0
2015-01-08 00:00:00+09:00,507.5314368864076,516.6761474609375,507.5314368864076,516.6761474609375,800,0.0,0.0
2015-01-09 00:00:00+09:00,508.29348754882807,509.0555467505505,508.29348754882807,508.2934875488281,900,0.0,0.0
2015-01-13 00:00:00+09:00,504.48318212306737,510.579655623044,504.48318212306737,509.8175964355469,2400,0.0,0.0
2015-01-14 00:00:00+09:00,510.5797119140625,510.5797119140625,510.5797119140625,510.5797119140625,100,0.0,0.0
2015-01-15 00:00:00+09:00,509.0555419921875,509.0555419921875,509.0555419921875,509.0555419921875,500,0.0,0.0
2015-01-16 00:00:00+09:00,513.627897159782,513.627897159782,509.0555419921875,509.0555419921875,200,0.0,0.0
2015-01-19 00:00:00+09:00,516.6761339381784,516.6761339381784,509.0555419921875,509.0555419921875,2000,0.0,0.0
2015-01-20 00:00:00+09:00,515.9140625,515.9140625,515.9140625,515.9140625,100,0.0,0.0
2015-01-21 00:00:00+09:00,510.5797119140625,510.5797119140625,510.5797119140625,510.5797119140625,400,0.0,0.0
2015-01-22 00:00:00+09:00,510.5797119140625,510.5797119140625,510.5797119140625,510.5797119140625,0,0.0,0.0
2015-01-23 00:00:00+09:00,510.5796603813857,510.5796603813857,509.0555419921875,509.0555419921875,1600,0.0,0.0
2015-01-26 00:00:00+09:00,509.0555419921875,509.0555419921875,509.0555419921875,509.0555419921875,0,0.0,0.0
2015-01-27 00:00:00+09:00,509.0555419921875,514.3899563543811,509.0555419921875,509.0555419921875,300,0.0,0.0
2015-01-28 00:00:00+09:00,509.8175964355469,509.8175964355469,509.8175964355469,509.8175964355469,200,0.0,0.0
2015-01-29 00:00:00+09:00,509.8175964355469,509.8175964355469,509.8175964355469,509.8175964355469,0,0.0,0.0
2015-01-30 00:00:00+09:00,509.8175964355469,509.8175964355469,509.8175964355469,509.8175964355469,0,0.0,0.0
2015-02-02 00:00:00+09:00,515.9140719943576,515.9140719943576,514.3899536132812,514.3899536132812,400,0.0,0.0
2015-02-03 00:00:00+09:00,512.8658897286031,512.8658897286031,509.817652642549,510.5797119140625,1500,0.0,0.0
2015-02-04 00:00:00+09:00,511.3417053222656,511.3417053222656,511.3417053222656,511.3417053222656,300,0.0,0.0
2015-02-05 00:00:00+09:00,510.5797119140625,510.5797119140625,510.5797119140625,510.5797119140625,200,0.0,0.0
2015-02-06 00:00:00+09:00,510.5797119140625,510.5797119140625,510.5797119140625,510.5797119140625,0,0.0,0.0
2015-02-09 00:00:00+09:00,510.5797119140625,510.5797119140625,510.5797119140625,510.5797119140625,0,0.0,0.0
2015-02-10 00:00:00+09:00,510.5797119140625,510.5797119140625,510.5797119140625,510.5797119140625,0,0.0,0.0
2015-02-12 00:00:00+09:00,509.8175561156454,509.8175561156454,478.57313189929044,481.6213684082031,7300,0.0,0.0
2015-02-13 00:00:00+09:00,495.3384303897386,496.86254863709166,486.9557800292969,486.9557800292969,3400,0.0,0.0
2015-02-16 00:00:00+09:00,495.3384256362915,495.3384256362915,486.95577535629275,487.71783447265625,4900,0.0,0.0
2015-02-17 00:00:00+09:00,489.24201768746406,496.86260986328125,489.24201768746406,496.86260986328125,1800,0.0,0.0
2015-02-18 00:00:00+09:00,496.8626242521548,499.91086121075693,494.5764465332031,494.5764465332031,3200,0.0,0.0
2015-02-19 00:00:00+09:00,496.8625327856519,504.4831237792969,496.8625327856519,504.4831237792969,1200,0.0,0.0
2015-02-20 00:00:00+09:00,504.4831614829714,504.4831614829714,498.3866882324219,498.3866882324219,1500,0.0,0.0
2015-02-23 00:00:00+09:00,505.24518287866135,505.24518287866135,504.4831237792969,504.4831237792969,500,0.0,0.0
2015-02-24 00:00:00+09:00,504.4831237792969,504.4831237792969,502.95900558056786,504.4831237792969,1100,0.0,0.0
2015-02-25 00:00:00+09:00,505.2452179770088,513.6278686523438,505.2452179770088,513.6278686523438,3200,0.0,0.0
2015-02-26 00:00:00+09:00,506.76933628161515,513.6278686523438,506.76933628161515,513.6278686523438,800,0.0,0.0
2015-02-27 00:00:00+09:00,512.8658427591624,512.8658427591624,506.76936914538334,508.2934875488281,1800,0.0,0.0
2015-03-02 00:00:00+09:00,509.8176145300401,516.6761474609375,509.8176145300401,516.6761474609375,3400,0.0,0.0
2015-03-03 00:00:00+09:00,518.2001694242452,518.2001694242452,502.1969288979082,517.4381103515625,4600,0.0,0.0
2015-03-04 00:00:00+09:00,518.2002658900258,519.7243843191142,516.6761474609375,516.6761474609375,1600,0.0,0.0
2015-03-05 00:00:00+09:00,520.4864154025446,520.4864154025446,511.3417053222656,511.3417053222656,1900,0.0,0.0
2015-03-06 00:00:00+09:00,511.3416654634971,512.8657836914062,511.3416654634971,512.8657836914062,200,0.0,0.0
2015-03-09 00:00:00+09:00,515.9140795660519,520.4864347763862,508.29348754882807,508.2934875488281,5300,0.0,0.0
2015-03-10 00:00:00+09:00,512.8657836914062,512.8657836914062,512.8657836914062,512.8657836914062,100,0.0,0.0
2015-03-11 00:00:00+09:00,515.914017980239,520.486372644761,515.1519588694853,518.2001953125,2200,0.0,0.0
2015-03-12 00:00:00+09:00,518.2002495659723,518.2002495659723,510.5796576605903,514.3899536132812,800,0.0,0.0
2015-03-13 00:00:00+09:00,518.2002725224195,520.4864501953125,518.2002725224195,520.4864501953125,900,0.0,0.0
2015-03-16 00:00:00+09:00,519.7242875696106,519.7242875696106,512.8657559154663,517.4381103515625,2200,0.0,0.0
2015-03-17 00:00:00+09:00,517.438187674693,520.4864244209357,517.438187674693,519.724365234375,3000,0.0,0.0
2015-03-18 00:00:00+09:00,510.5796737445842,516.6761474609375,508.29349610095176,516.6761474609375,4900,0.0,0.0
2015-03-19 00:00:00+09:00,516.6761860861707,516.6761860861707,510.5797119140625,510.5797119140625,3200,0.0,0.0
2015-03-20 00:00:00+09:00,515.1520128038195,515.9140719943576,510.5796576605903,514.3899536132812,800,0.0,0.0
2015-03-23 00:00:00+09:00,515.9140882463934,516.6761474609375,511.3417329591284,516.6761474609375,1000,0.0,0.0
2015-03-24 00:00:00+09:00,515.1519964308966,515.1519964308966,510.57964143298926,512.103759765625,3500,0.0,0.0
2015-03-25 00:00:00+09:00,512.1037863991477,514.389964017001,501.43495751583214,502.9590759277344,7900,0.0,0.0
2015-03-26 00:00:00+09:00,506.7693671660777,509.8176039610616,502.95907117234776,503.72113037109375,4800,0.0,0.0
2015-03-27 00:00:00+09:00,502.92905831336975,506.8891296386719,502.92905831336975,506.8891296386719,2500,25.0,0.0
2015-03-30 00:00:00+09:00,514.8093148164971,514.8093148164971,510.8492431640625,510.8492431640625,700,0.0,0.0
2015-03-31 00:00:00+09:00,517.1853078988883,517.9773221529447,510.8491938664363,514.8092651367188,1300,0.0,0.0
2015-04-01 00:00:00+09:00,514.809226108075,514.809226108075,514.0172119140625,514.0172119140625,2200,0.0,0.0
2015-04-02 00:00:00+09:00,521.145392157294,533.8176205380184,521.145392157294,527.4815063476562,1500,0.0,0.0
2015-04-03 00:00:00+09:00,529.8576049804688,529.8576049804688,529.8576049804688,529.8576049804688,100,0.0,0.0
2015-04-06 00:00:00+09:00,528.2734725526981,528.2734725526981,511.64117431640625,511.64117431640625,1600,0.0,0.0
2015-04-07 00:00:00+09:00,511.64120301134193,517.185302734375,511.64120301134193,517.185302734375,600,0.0,0.0
2015-04-08 00:00:00+09:00,521.145373965113,521.145373965113,517.185302734375,517.185302734375,1100,0.0,0.0
2015-04-09 00:00:00+09:00,521.9374283181097,526.6895141601562,517.977356783071,526.6895141601562,1100,0.0,0.0
2015-04-10 00:00:00+09:00,528.2735595703125,528.2735595703125,528.2735595703125,528.2735595703125,3300,0.0,0.0
2015-04-13 00:00:00+09:00,527.4814894342996,527.4814894342996,525.8974609375,525.8974609375,600,0.0,0.0
2015-04-14 00:00:00+09:00,525.8974830316743,525.8974830316743,522.7294259049773,525.10546875,700,0.0,0.0
2015-04-15 00:00:00+09:00,525.8974609375,525.8974609375,525.8974609375,525.8974609375,300,0.0,0.0
2015-04-16 00:00:00+09:00,525.8974609375,525.8974609375,525.8974609375,525.8974609375,100,0.0,0.0
2015-04-17 00:00:00+09:00,526.6895141601562,526.6895141601562,526.6895141601562,526.6895141601562,200,0.0,0.0
2015-04-20 00:00:00+09:00,527.4815063476562,527.4815063476562,527.4815063476562,527.4815063476562,200,0.0,0.0
2015-04-21 00:00:00+09:00,526.6894751858998,526.6894751858998,525.1054466891002,525.8974609375,300,0.0,0.0
2015-04-22 00:00:00+09:00,525.8974819066334,525.8974819066334,516.393310546875,516.393310546875,800,0.0,0.0
2015-04-23 00:00:00+09:00,518.7693481445312,518.7693481445312,518.7693481445312,518.7693481445312,100,0.0,0.0
2015-04-24 00:00:00+09:00,524.313498723525,524.313498723525,523.521484375,523.521484375,300,0.0,0.0
2015-04-27 00:00:00+09:00,528.2735595703125,528.2735595703125,528.2735595703125,528.2735595703125,1100,0.0,0.0
2015-04-28 00:00:00+09:00,528.2735427741718,528.2735427741718,520.3533997040943,526.6895141601562,500,0.0,0.0
2015-04-30 00:00:00+09:00,527.481528467164,527.481528467164,521.9374283181097,526.6895141601562,600,0.0,0.0
2015-05-01 00:00:00+09:00,527.4815276259676,527.4815276259676,517.9773559570312,517.9773559570312,900,0.0,0.0
2015-05-07 00:00:00+09:00,517.9773559570312,517.9773559570312,517.9773559570312,517.9773559570312,400,0.0,0.0
2015-05-08 00:00:00+09:00,524.3134765625,524.3134765625,524.3134765625,524.3134765625,100,0.0,0.0
2015-05-11 00:00:00+09:00,524.3134544683259,525.10546875,521.145397341629,525.10546875,400,0.0,0.0
2015-05-12 00:00:00+09:00,525.8974609375,525.8974609375,525.8974609375,525.8974609375,200,0.0,0.0
2015-05-13 00:00:00+09:00,525.8974830316743,525.8974830316743,525.10546875,525.10546875,200,0.0,0.0
2015-05-14 00:00:00+09:00,525.10546875,525.10546875,525.10546875,525.10546875,400,0.0,0.0
2015-05-15 00:00:00+09:00,522.7294039439006,525.8974609375,517.9773184535014,525.8974609375,1400,0.0,0.0
2015-05-18 00:00:00+09:00,525.8974609375,525.8974609375,525.8974609375,525.8974609375,100,0.0,0.0
2015-05-19 00:00:00+09:00,525.10546875,525.10546875,519.5613687782806,525.10546875,600,0.0,0.0
2015-05-20 00:00:00+09:00,525.8974609375,525.8974609375,525.1054466891002,525.8974609375,900,0.0,0.0
2015-05-21 00:00:00+09:00,525.8974765923188,525.8974765923188,518.7693481445312,518.7693481445312,300,0.0,0.0
2015-05-22 00:00:00+09:00,519.5614019162294,528.2735595703125,519.5614019162294,528.2735595703125,2300,0.0,0.0
2015-05-25 00:00:00+09:00,529.0655685197062,530.6495971679688,528.2735541955749,530.6495971679688,8900,0.0,0.0
2015-05-26 00:00:00+09:00,530.6495971679688,530.6495971679688,530.6495971679688,530.6495971679688,100,0.0,0.0
2015-05-27 00:00:00+09:00,530.6495971679688,530.6495971679688,530.6495971679688,530.6495971679688,400,0.0,0.0
2015-05-28 00:00:00+09:00,535.401645076976,539.3617164163028,527.4815023983226,538.5697021484375,6500,0.0,0.0
2015-05-29 00:00:00+09:00,538.5697021484375,538.5697021484375,529.0655309340533,538.5697021484375,1200,0.0,0.0
2015-06-01 00:00:00+09:00,530.6495377460766,539.3616943359375,530.6495377460766,539.3616943359375,1500,0.0,0.0
2015-06-02 00:00:00+09:00,540.9457618512016,540.9457618512016,540.1537475585938,540.1537475585938,1500,0.0,0.0
2015-06-03 00:00:00+09:00,540.1537475585938,540.1537475585938,540.1537475585938,540.1537475585938,100,0.0,0.0
2015-06-04 00:00:00+09:00,540.1538030694,542.5298461914062,540.1538030694,542.5298461914062,2300,0.0,0.0
2015-06-05 00:00:00+09:00,541.73779296875,541.73779296875,534.609664113898,541.73779296875,5400,0.0,0.0
2015-06-08 00:00:00+09:00,541.7378154831592,549.657958984375,541.7378154831592,549.657958984375,400,0.0,0.0
2015-06-09 00:00:00+09:00,549.6579481724331,554.4100341796875,549.6579481724331,554.4100341796875,2600,0.0,0.0
2015-06-10 00:00:00+09:00,555.9940334107519,558.3700762885757,540.1537475585938,540.1537475585938,2100,0.0,0.0
2015-06-11 00:00:00+09:00,554.4099492612092,558.3700203273607,546.4898071289062,546.4898071289062,2500,0.0,0.0
2015-06-12 00:00:00+09:00,546.4898596633444,568.666259765625,546.4898596633444,568.666259765625,5500,0.0,0.0
2015-06-15 00:00:00+09:00,566.2902053041178,566.2902053041178,564.7061767578125,564.7061767578125,300,0.0,0.0
2015-06-16 00:00:00+09:00,566.2902283305779,572.6263427734375,566.2902283305779,572.6263427734375,3000,0.0,0.0
2015-06-17 00:00:00+09:00,575.0023623087965,575.0023623087965,559.9540911188968,564.7061767578125,2100,0.0,0.0
2015-06-18 00:00:00+09:00,564.7061562163254,574.2103271484375,564.7061562163254,574.2103271484375,1400,0.0,0.0
2015-06-19 00:00:00+09:00,574.2103492357454,574.2103492357454,573.4183349609375,573.4183349609375,2300,0.0,0.0
2015-06-22 00:00:00+09:00,573.4183349609375,573.4183349609375,573.4183349609375,573.4183349609375,300,0.0,0.0
2015-06-23 00:00:00+09:00,573.4183349609375,573.4183349609375,573.4183349609375,573.4183349609375,500,0.0,0.0
2015-06-24 00:00:00+09:00,573.4183349609375,573.4183349609375,573.4183349609375,573.4183349609375,200,0.0,0.0
2015-06-25 00:00:00+09:00,571.0423141627226,572.6263427734375,571.0423141627226,572.6263427734375,200,0.0,0.0
2015-06-26 00:00:00+09:00,564.706199719863,572.6263427734375,564.706199719863,572.6263427734375,600,0.0,0.0
2015-06-29 00:00:00+09:00,571.8342895507812,571.8342895507812,571.8342895507812,571.8342895507812,100,0.0,0.0
2015-06-30 00:00:00+09:00,580.5465420809659,580.5465420809659,575.00244140625,575.00244140625,1400,0.0,0.0
2015-07-01 00:00:00+09:00,578.1704989346591,578.1704989346591,575.00244140625,575.00244140625,1000,0.0,0.0
2015-07-02 00:00:00+09:00,574.2103271484375,574.2103271484375,574.2103271484375,574.2103271484375,100,0.0,0.0
2015-07-03 00:00:00+09:00,580.5465022068397,580.5465022068397,565.4982299804688,565.4982299804688,4200,0.0,0.0
2015-07-06 00:00:00+09:00,568.6662922014509,568.6662922014509,549.6579481724331,554.4100341796875,1800,0.0,0.0
2015-07-07 00:00:00+09:00,566.2901611328125,566.2901611328125,566.2901611328125,566.2901611328125,100,0.0,0.0
2015-07-08 00:00:00+09:00,567.8742778669085,567.8742778669085,547.2819051688058,554.4100341796875,800,0.0,0.0
2015-07-09 00:00:00+09:00,546.4898788719846,549.6579361408078,541.73779296875,541.73779296875,3200,0.0,0.0
2015-07-10 00:00:00+09:00,548.8659057617188,548.8659057617188,548.8659057617188,548.8659057617188,300,0.0,0.0
2015-07-13 00:00:00+09:00,548.8659057617188,548.8659057617188,548.8659057617188,548.8659057617188,100,0.0,0.0
2015-07-14 00:00:00+09:00,548.0738707197473,558.3700561523438,548.0738707197473,558.3700561523438,700,0.0,0.0
2015-07-15 00:00:00+09:00,564.7061767578125,564.7061767578125,564.7061767578125,564.7061767578125,300,0.0,0.0
2015-07-16 00:00:00+09:00,565.4982299804688,565.4982299804688,565.4982299804688,565.4982299804688,200,0.0,0.0
2015-07-17 00:00:00+09:00,565.4982299804688,565.4982299804688,565.4982299804688,565.4982299804688,200,0.0,0.0
2015-07-21 00:00:00+09:00,565.4981922128583,573.4183349609375,553.6179780907394,573.4183349609375,1700,0.0,0.0
2015-07-22 00:00:00+09:00,575.00244140625,575.00244140625,575.00244140625,575.00244140625,100,0.0,0.0
2015-07-23 00:00:00+09:00,574.2103271484375,574.2103271484375,574.2103271484375,574.2103271484375,100,0.0,0.0
2015-07-24 00:00:00+09:00,575.00244140625,575.00244140625,575.00244140625,575.00244140625,100,0.0,0.0
2015-07-27 00:00:00+09:00,575.79443359375,575.79443359375,575.79443359375,575.79443359375,400,0.0,0.0
2015-07-28 00:00:00+09:00,576.5864479453232,576.5864479453232,575.79443359375,575.79443359375,200,0.0,0.0
2015-07-29 00:00:00+09:00,576.5863908551016,576.5863908551016,564.7061767578125,564.7061767578125,200,0.0,0.0
2015-07-30 00:00:00+09:00,575.0023225934318,575.79433681188,563.122109316708,563.9141235351562,900,0.0,0.0
2015-07-31 00:00:00+09:00,562.3302222357856,570.2503662109375,562.3302222357856,570.2503662109375,400,0.0,0.0
2015-08-03 00:00:00+09:00,576.5863544278295,576.5863544278295,552.825927734375,552.825927734375,2400,0.0,0.0
2015-08-04 00:00:00+09:00,561.5380468853449,561.5380468853449,560.7460327148438,560.7460327148438,600,0.0,0.0
2015-08-05 00:00:00+09:00,564.7061767578125,564.7061767578125,564.7061767578125,564.7061767578125,100,0.0,0.0
2015-08-06 00:00:00+09:00,563.9141235351562,563.9141235351562,563.9141235351562,563.9141235351562,100,0.0,0.0
2015-08-07 00:00:00+09:00,563.9141268579872,563.9141268579872,552.825927734375,552.825927734375,300,0.0,0.0
2015-08-10 00:00:00+09:00,550.4498936321241,551.241907867566,538.5696801004956,539.3616943359375,1200,0.0,0.0
2015-08-11 00:00:00+09:00,538.5697021484375,539.3617164163028,538.5697021484375,538.5697021484375,1400,0.0,0.0
2015-08-12 00:00:00+09:00,545.697876499721,554.4100341796875,538.5697474888393,554.4100341796875,1100,0.0,0.0
2015-08-13 00:00:00+09:00,552.825927734375,552.825927734375,552.825927734375,552.825927734375,200,0.0,0.0
2015-08-14 00:00:00+09:00,556.7859988499508,556.7859988499508,552.825927734375,552.825927734375,600,0.0,0.0
2015-08-17 00:00:00+09:00,553.6179809570312,553.6179809570312,553.6179809570312,553.6179809570312,100,0.0,0.0
2015-08-18 00:00:00+09:00,554.4100341796875,554.4100341796875,553.6180198451451,554.4100341796875,700,0.0,0.0
2015-08-19 00:00:00+09:00,557.5780639648438,557.5780639648438,557.5780639648438,557.5780639648438,400,0.0,0.0
2015-08-20 00:00:00+09:00,557.5780130730659,557.5780130730659,552.825927734375,552.825927734375,600,0.0,0.0
2015-08-21 00:00:00+09:00,553.6179809570312,553.6179809570312,553.6179809570312,553.6179809570312,300,0.0,0.0
2015-08-24 00:00:00+09:00,556.7860698643016,556.7860698643016,530.6495971679688,530.6495971679688,300,0.0,0.0
2015-08-25 00:00:00+09:00,529.0655685197062,530.6495971679688,516.3933393336055,530.6495971679688,500,0.0,0.0
2015-08-26 00:00:00+09:00,530.6495971679688,530.6495971679688,530.6495971679688,530.6495971679688,300,0.0,0.0
2015-08-27 00:00:00+09:00,531.4416114921,531.4416114921,530.6495971679688,530.6495971679688,400,0.0,0.0
2015-08-28 00:00:00+09:00,538.569716944839,538.569716944839,522.7294311523438,522.7294311523438,800,0.0,0.0
2015-08-31 00:00:00+09:00,530.6495740485914,530.6495740485914,522.7294311523438,522.7294311523438,500,0.0,0.0
2015-09-01 00:00:00+09:00,530.649556910738,530.649556910738,521.1453857421875,521.1453857421875,500,0.0,0.0
2015-09-02 00:00:00+09:00,529.0655217097355,529.0655217097355,514.8092651367188,514.8092651367188,300,0.0,0.0
2015-09-03 00:00:00+09:00,529.8576049804688,529.8576049804688,529.8576049804688,529.8576049804688,100,0.0,0.0
2015-09-04 00:00:00+09:00,530.6495971679688,530.6495971679688,530.6495971679688,530.6495971679688,100,0.0,0.0
2015-09-07 00:00:00+09:00,530.6496193376892,530.6496193376892,529.8576049804688,529.8576049804688,300,0.0,0.0
2015-09-08 00:00:00+09:00,531.4416336949096,531.4416336949096,529.8576049804688,529.8576049804688,300,0.0,0.0
2015-09-09 00:00:00+09:00,533.817626953125,533.817626953125,533.817626953125,533.817626953125,100,0.0,0.0
2015-09-10 00:00:00+09:00,541.73779296875,541.73779296875,541.73779296875,541.73779296875,100,0.0,0.0
2015-09-11 00:00:00+09:00,550.449951171875,550.449951171875,550.449951171875,550.449951171875,500,0.0,0.0
2015-09-14 00:00:00+09:00,555.2020652314536,555.9940795898438,555.2020652314536,555.9940795898438,200,0.0,0.0
2015-09-15 00:00:00+09:00,555.9940795898438,555.9940795898438,555.9940795898438,555.9940795898438,11200,0.0,0.0
2015-09-16 00:00:00+09:00,552.0339965820312,552.0339965820312,552.0339965820312,552.0339965820312,100,0.0,0.0
2015-09-17 00:00:00+09:00,531.4415749578848,547.2818603515625,531.4415749578848,547.2818603515625,300,0.0,0.0
2015-09-18 00:00:00+09:00,547.2818603515625,547.2818603515625,547.2818603515625,547.2818603515625,100,0.0,0.0
2015-09-24 00:00:00+09:00,544.9058227539062,544.9058227539062,544.9058227539062,544.9058227539062,200,0.0,0.0
2015-09-25 00:00:00+09:00,525.1054314759298,533.0255737304688,525.1054314759298,533.0255737304688,900,0.0,0.0
2015-09-28 00:00:00+09:00,540.1537465580175,540.1537465580175,531.4415893554688,531.4415893554688,400,0.0,0.0
2015-09-29 00:00:00+09:00,531.4416114921,531.4416114921,530.6495971679688,530.6495971679688,1800,0.0,0.0
2015-09-30 00:00:00+09:00,530.6495971679688,530.6495971679688,530.6495971679688,530.6495971679688,0,0.0,0.0
2015-10-01 00:00:00+09:00,536.9857177734375,536.9857177734375,536.9857177734375,536.9857177734375,100,0.0,0.0
2015-10-02 00:00:00+09:00,536.9857177734375,536.9857177734375,536.9857177734375,536.9857177734375,0,0.0,0.0
2015-10-05 00:00:00+09:00,536.9857177734375,536.9857177734375,536.9857177734375,536.9857177734375,0,0.0,0.0
2015-10-06 00:00:00+09:00,536.9857177734375,536.9857177734375,536.9857177734375,536.9857177734375,0,0.0,0.0
2015-10-07 00:00:00+09:00,536.9857177734375,536.9857177734375,536.9857177734375,536.9857177734375,0,0.0,0.0
2015-10-08 00:00:00+09:00,533.817626953125,533.817626953125,533.817626953125,533.817626953125,2300,0.0,0.0
2015-10-09 00:00:00+09:00,533.817626953125,533.817626953125,533.817626953125,533.817626953125,0,0.0,0.0
2015-10-13 00:00:00+09:00,524.3134765625,524.3134765625,524.3134765625,524.3134765625,100,0.0,0.0
2015-10-14 00:00:00+09:00,521.1453857421875,521.1453857421875,521.1453857421875,521.1453857421875,100,0.0,0.0
2015-10-15 00:00:00+09:00,518.7693429500499,521.1453857421875,518.7693429500499,521.1453857421875,400,0.0,0.0
2015-10-16 00:00:00+09:00,505.3051428506541,512.4332718250363,505.3051428506541,510.8492431640625,3100,0.0,0.0
2015-10-19 00:00:00+09:00,506.097157181141,510.8492431640625,506.097157181141,510.8492431640625,2300,0.0,0.0
2015-10-20 00:00:00+09:00,510.8492540529636,510.8492540529636,506.09716796875,506.09716796875,5100,0.0,0.0
2015-10-21 00:00:00+09:00,506.0971153736115,506.8891296386719,502.92905831336975,506.8891296386719,600,0.0,0.0
2015-10-22 00:00:00+09:00,506.8891453598485,522.7294311523438,506.8891453598485,522.7294311523438,400,0.0,0.0
2015-10-23 00:00:00+09:00,518.769387035835,519.5614013671875,518.769387035835,519.5614013671875,200,0.0,0.0
2015-10-26 00:00:00+09:00,523.5214560972441,523.5214560972441,517.1853416512865,517.9773559570312,2300,0.0,0.0
2015-10-27 00:00:00+09:00,517.9773391068347,517.9773391068347,516.393310546875,516.393310546875,400,0.0,0.0
2015-10-28 00:00:00+09:00,517.185290866428,519.5613335503473,509.2651485866971,513.2252197265625,2800,0.0,0.0
2015-10-29 00:00:00+09:00,511.64117431640625,511.64117431640625,511.64117431640625,511.64117431640625,100,0.0,0.0
2015-10-30 00:00:00+09:00,511.64117431640625,511.64117431640625,511.64117431640625,511.64117431640625,100,0.0,0.0
2015-11-02 00:00:00+09:00,515.6012898320737,515.6012898320737,510.05718994140625,510.05718994140625,2800,0.0,0.0
2015-11-04 00:00:00+09:00,510.0571796123798,514.8092651367188,510.0571796123798,514.8092651367188,1600,0.0,0.0
2015-11-05 00:00:00+09:00,510.05718994140625,510.05718994140625,510.05718994140625,510.05718994140625,100,0.0,0.0
2015-11-06 00:00:00+09:00,510.05723970559467,510.05723970559467,505.30515362138107,506.09716796875,2300,0.0,0.0
2015-11-09 00:00:00+09:00,506.8891715116279,510.8492431640625,505.3051428506541,510.8492431640625,2300,0.0,0.0
2015-11-10 00:00:00+09:00,505.3051147460938,505.3051147460938,504.5131004596579,505.30511474609375,2100,0.0,0.0
2015-11-11 00:00:00+09:00,504.5130868434906,506.8891296386719,502.92905831336975,506.8891296386719,3400,0.0,0.0
2015-11-12 00:00:00+09:00,504.5130751241849,504.5130751241849,502.1370323841966,502.9290466308594,12900,0.0,0.0
2015-11-13 00:00:00+09:00,503.72113037109375,507.6812021507407,503.72113037109375,503.72113037109375,700,0.0,0.0
2015-11-16 00:00:00+09:00,503.7210608775221,506.09710361751047,502.9290466308594,502.9290466308594,1800,0.0,0.0
2015-11-17 00:00:00+09:00,503.72113037109375,504.5131447270232,503.72113037109375,503.72113037109375,500,0.0,0.0
2015-11-18 00:00:00+09:00,503.7210725784302,506.8891296386719,503.7210725784302,506.8891296386719,2300,0.0,0.0
2015-11-19 00:00:00+09:00,506.8891433189656,506.8891433189656,503.72108617322203,505.30511474609375,1500,0.0,0.0
2015-11-20 00:00:00+09:00,504.5131255579813,509.2652115130016,504.5131255579813,507.6811828613281,1600,0.0,0.0
2015-11-24 00:00:00+09:00,510.0571847529463,514.0172560631399,510.0571847529463,512.4332275390625,6300,0.0,0.0
2015-11-25 00:00:00+09:00,513.225260796948,513.225260796948,508.4731750488281,508.4731750488281,400,0.0,0.0
2015-11-26 00:00:00+09:00,513.2252701225631,517.9773559570312,512.4332558168184,517.9773559570312,700,0.0,0.0
2015-11-27 00:00:00+09:00,516.3933168353457,523.5214454419686,516.3933168353457,522.7294311523438,1000,0.0,0.0
2015-11-30 00:00:00+09:00,522.7294471846199,523.5214614985359,507.68117522021413,515.601318359375,2500,0.0,0.0
2015-12-01 00:00:00+09:00,520.3534711684371,521.9375,520.3534711684371,521.9375,600,0.0,0.0
2015-12-02 00:00:00+09:00,521.937416862719,522.7294311523438,521.937416862719,522.7294311523438,300,0.0,0.0
2015-12-03 00:00:00+09:00,526.6895696217429,529.0656127929688,526.6895696217429,529.0656127929688,800,0.0,0.0
2015-12-04 00:00:00+09:00,528.2735206214516,528.2735206214516,519.5613636097034,527.4815063476562,900,0.0,0.0
2015-12-07 00:00:00+09:00,529.8575941297743,534.6096801757812,529.8575941297743,534.6096801757812,500,0.0,0.0
2015-12-08 00:00:00+09:00,534.6097135258292,534.6097135258292,529.0656127929688,529.0656127929688,700,0.0,0.0
2015-12-09 00:00:00+09:00,529.0656127929688,530.649641573786,529.0656127929688,529.0656127929688,800,0.0,0.0
2015-12-10 00:00:00+09:00,533.025568674302,535.401611328125,533.025568674302,535.401611328125,900,0.0,0.0
2015-12-11 00:00:00+09:00,539.3617112256075,540.9457397460938,539.3617112256075,540.9457397460938,900,0.0,0.0
2015-12-14 00:00:00+09:00,540.1536966357711,540.1536966357711,535.401611328125,535.401611328125,300,0.0,0.0
2015-12-15 00:00:00+09:00,540.1537475585938,540.1537475585938,540.1537475585938,540.1537475585938,100,0.0,0.0
2015-12-16 00:00:00+09:00,540.1537690575443,540.1537690575443,530.6495971679688,530.6495971679688,700,0.0,0.0
2015-12-17 00:00:00+09:00,529.8575828438375,534.6096687886253,529.8575828438375,530.6495971679688,800,0.0,0.0
2015-12-18 00:00:00+09:00,529.8576049804688,535.4017054810117,529.8576049804688,529.8576049804688,1000,0.0,0.0
2015-12-21 00:00:00+09:00,529.0656127929688,529.0656127929688,529.0656127929688,529.0656127929688,1800,0.0,0.0
2015-12-22 00:00:00+09:00,527.4815178997649,533.0256179377503,527.4815178997649,531.4415893554688,1900,0.0,0.0
2015-12-24 00:00:00+09:00,533.8176483430891,533.8176483430891,524.3134765625,524.3134765625,11000,0.0,0.0
2015-12-25 00:00:00+09:00,524.3134765625,524.3134765625,524.3134765625,524.3134765625,0,0.0,0.0
2015-12-28 00:00:00+09:00,499.7610366318252,512.4332657698747,499.7610366318252,504.51312255859375,6300,0.0,0.0
2015-12-29 00:00:00+09:00,506.88910590277777,513.2252197265625,506.88910590277777,513.2252197265625,300,0.0,0.0
2015-12-30 00:00:00+09:00,521.14541318001,521.14541318001,500.5530412306479,517.9773559570312,4100,0.0,0.0
2016-01-04 00:00:00+09:00,519.5614013671875,519.5614013671875,519.5614013671875,519.5614013671875,200,0.0,0.0
2016-01-05 00:00:00+09:00,511.64117431640625,511.64117431640625,511.64117431640625,511.64117431640625,200,0.0,0.0
2016-01-06 00:00:00+09:00,510.05718994140625,510.05718994140625,510.05718994140625,510.05718994140625,400,0.0,0.0
2016-01-07 00:00:00+09:00,509.2651756713109,510.05718994140625,509.2651756713109,510.05718994140625,200,0.0,0.0
2016-01-08 00:00:00+09:00,514.8093040454589,515.601318359375,513.2252754176268,515.601318359375,500,0.0,0.0
2016-01-12 00:00:00+09:00,523.5214292049408,523.5214292049408,506.8891296386719,506.8891296386719,1000,0.0,0.0
2016-01-13 00:00:00+09:00,507.6811828613282,507.6811828613282,507.6811828613282,507.6811828613281,100,0.0,0.0
2016-01-14 00:00:00+09:00,508.47320508276795,508.47320508276795,499.76104736328125,499.76104736328125,2400,0.0,0.0
2016-01-15 00:00:00+09:00,500.553003890871,506.8891178641732,500.553003890871,502.9290466308594,800,0.0,0.0
2016-01-18 00:00:00+09:00,492.6329236850617,498.96903845914613,492.6329236850617,497.385009765625,900,0.0,0.0
2016-01-19 00:00:00+09:00,497.3849876415938,508.4731880030306,497.3849876415938,498.177001953125,400,0.0,0.0
2016-01-20 00:00:00+09:00,495.0089860306888,495.0089860306888,492.6329428977415,493.4249572753906,1500,0.0,0.0
2016-01-21 00:00:00+09:00,492.63287353515625,493.42488780128997,492.63287353515625,492.63287353515625,400,0.0,0.0
2016-01-22 00:00:00+09:00,491.8409089470219,491.8409089470219,488.6728515625,488.6728515625,300,0.0,0.0
2016-01-25 00:00:00+09:00,495.0089416503906,495.0089416503906,495.0089416503906,495.0089416503906,100,0.0,0.0
2016-01-26 00:00:00+09:00,495.0089916106194,495.0089916106194,491.0489196777344,491.0489196777344,200,0.0,0.0
2016-01-27 00:00:00+09:00,491.8408508300782,491.8408508300782,491.8408508300782,491.8408508300781,100,0.0,0.0
2016-01-28 00:00:00+09:00,491.8408508300782,491.8408508300782,491.8408508300782,491.8408508300781,100,0.0,0.0
2016-01-29 00:00:00+09:00,492.63290177240657,498.177001953125,492.63290177240657,498.177001953125,600,0.0,0.0
2016-02-01 00:00:00+09:00,508.4731750488281,508.4731750488281,508.4731750488281,508.4731750488281,100,0.0,0.0
2016-02-02 00:00:00+09:00,502.1370421325589,512.4332275390625,502.1370421325589,512.4332275390625,1600,0.0,0.0
2016-02-03 00:00:00+09:00,505.30512763671874,514.0172850097656,494.21692734375,495.0089416503906,2000,0.0,0.0
2016-02-04 00:00:00+09:00,492.63287353515625,492.63287353515625,492.63287353515625,492.63287353515625,500,0.0,0.0
2016-02-05 00:00:00+09:00,491.84090599072505,491.84090599072505,485.5047912597656,485.5047912597656,1100,0.0,0.0
2016-02-08 00:00:00+09:00,483.92076301574707,494.2169494628906,483.92076301574707,494.2169494628906,3000,0.0,0.0
2016-02-09 00:00:00+09:00,494.2169494628906,494.2169494628906,494.2169494628906,494.2169494628906,0,0.0,0.0
2016-02-10 00:00:00+09:00,486.2967965987677,488.67283957889197,476.0006103515625,476.0006103515625,1800,0.0,0.0
2016-02-12 00:00:00+09:00,473.6245264325823,473.6245264325823,443.5279846191406,443.5279846191406,1800,0.0,0.0
2016-02-15 00:00:00+09:00,427.6876994541713,443.5279846191406,427.6876994541713,443.5279846191406,4300,0.0,0.0
2016-02-16 00:00:00+09:00,444.319993718691,447.4880507149027,444.319993718691,445.9040222167969,300,0.0,0.0
2016-02-17 00:00:00+09:00,444.32003102883203,444.32003102883203,426.1037017709655,429.2717590332031,3900,0.0,0.0
2016-02-18 00:00:00+09:00,434.02386474609375,434.02386474609375,434.02386474609375,434.02386474609375,200,0.0,0.0
2016-02-19 00:00:00+09:00,434.0238279533721,474.4165564672809,434.0238279533721,450.6561279296875,1300,0.0,0.0
2016-02-22 00:00:00+09:00,450.6561279296875,450.6561279296875,450.6561279296875,450.6561279296875,0,0.0,0.0
2016-02-23 00:00:00+09:00,450.6561477263077,455.4082336425781,449.07211908755096,455.4082336425781,1000,0.0,0.0
2016-02-24 00:00:00+09:00,451.44818964692735,460.9523620605469,451.44818964692735,460.9523620605469,1000,0.0,0.0
2016-02-25 00:00:00+09:00,451.44818964692735,476.7926494165794,451.44818964692735,460.9523620605469,500,0.0,0.0
2016-02-26 00:00:00+09:00,456.99231174652454,479.16871508951016,456.99231174652454,477.5846862792969,1400,0.0,0.0
2016-02-29 00:00:00+09:00,475.2085801421619,483.1287231445313,475.2085801421619,483.12872314453125,1700,0.0,0.0
2016-03-01 00:00:00+09:00,487.0887451171875,487.0887451171875,487.0887451171875,487.0887451171875,200,0.0,0.0
2016-03-02 00:00:00+09:00,483.1287231445313,483.1287231445313,483.1287231445313,483.12872314453125,500,0.0,0.0
2016-03-03 00:00:00+09:00,479.1686928351194,479.1686928351194,478.3766784667969,478.3766784667969,200,0.0,0.0
2016-03-04 00:00:00+09:00,476.0006353618293,478.3766784667969,475.2086209935068,478.3766784667969,500,0.0,0.0
2016-03-07 00:00:00+09:00,479.1686928351194,479.1686928351194,478.3766784667969,478.3766784667969,1800,0.0,0.0
2016-03-08 00:00:00+09:00,480.7526061114143,484.7126770019531,480.7526061114143,484.7126770019531,300,0.0,0.0
2016-03-09 00:00:00+09:00,484.7126770019531,484.7126770019531,484.7126770019531,484.7126770019531,0,0.0,0.0
2016-03-10 00:00:00+09:00,484.7127548366882,486.2967834472656,484.7127548366882,486.2967834472656,200,0.0,0.0
2016-03-11 00:00:00+09:00,486.2967948358933,490.2568664550781,486.2967948358933,490.2568664550781,400,0.0,0.0
2016-03-14 00:00:00+09:00,491.04888490188955,512.4332718250363,491.04888490188955,510.8492431640625,1700,0.0,0.0
2016-03-15 00:00:00+09:00,506.8891685354914,507.6811828613282,491.04888201875735,507.6811828613281,1000,0.0,0.0
2016-03-16 00:00:00+09:00,507.6811828613282,507.6811828613282,507.6811828613282,507.6811828613281,0,0.0,0.0
2016-03-17 00:00:00+09:00,507.6811828613282,507.6811828613282,507.6811828613282,507.6811828613281,0,0.0,0.0
2016-03-18 00:00:00+09:00,507.6811828613282,507.6811828613282,507.6811828613282,507.6811828613281,0,0.0,0.0
2016-03-22 00:00:00+09:00,493.4249130371094,580.5464867675781,493.4249130371094,495.0089416503906,13300,0.0,0.0
2016-03-23 00:00:00+09:00,492.63286648520943,500.5530090332031,491.04883797561064,500.5530090332031,1700,0.0,0.0
2016-03-24 00:00:00+09:00,491.0489114428323,498.96905517578125,491.0489114428323,498.96905517578125,800,0.0,0.0
2016-03-25 00:00:00+09:00,488.6728053961318,495.8009338378906,488.6728053961318,495.8009338378906,2100,0.0,0.0
2016-03-28 00:00:00+09:00,496.5929702636719,498.1769988769531,495.0089416503906,495.0089416503906,1600,0.0,0.0
2016-03-29 00:00:00+09:00,495.83395655314126,496.6589714558919,482.6337181091309,495.0089416503906,1700,25.0,0.0
2016-03-30 00:00:00+09:00,490.05884056670266,492.53388521602943,489.2338256835937,489.23382568359375,500,0.0,0.0
2016-03-31 00:00:00+09:00,494.1838684082031,494.1838684082031,494.1838684082031,494.1838684082031,100,0.0,0.0
2016-04-01 00:00:00+09:00,499.1340637207031,499.1340637207031,499.1340637207031,499.1340637207031,200,0.0,0.0
2016-04-04 00:00:00+09:00,485.933810123781,485.933810123781,485.1087951660156,485.1087951660156,400,0.0,0.0
2016-04-05 00:00:00+09:00,483.458740234375,483.458740234375,483.458740234375,483.458740234375,100,0.0,0.0
2016-04-06 00:00:00+09:00,480.158730520329,482.63377552301114,468.6085205078125,468.6085205078125,1300,0.0,0.0
2016-04-07 00:00:00+09:00,468.6085205078125,468.6085205078125,468.6085205078125,468.6085205078125,0,0.0,0.0
2016-04-08 00:00:00+09:00,491.7088928222656,491.7088928222656,491.7088928222656,491.7088928222656,200,0.0,0.0
2016-04-11 00:00:00+09:00,491.7088928222656,491.7088928222656,491.7088928222656,491.7088928222656,0,0.0,0.0
2016-04-12 00:00:00+09:00,485.1087951660156,485.1087951660156,485.1087951660156,485.1087951660156,200,0.0,0.0
2016-04-13 00:00:00+09:00,482.6336975097656,482.6336975097656,482.6336975097656,482.6336975097656,500,0.0,0.0
2016-04-14 00:00:00+09:00,482.6336975097656,482.6336975097656,482.6336975097656,482.6336975097656,0,0.0,0.0
2016-04-15 00:00:00+09:00,487.5838317871094,487.5838317871094,487.5838317871094,487.5838317871094,100,0.0,0.0
2016-04-18 00:00:00+09:00,487.5838317871094,487.5838317871094,487.5838317871094,487.5838317871094,0,0.0,0.0
2016-04-19 00:00:00+09:00,487.5838317871094,487.5838317871094,487.5838317871094,487.5838317871094,400,0.0,0.0
2016-04-20 00:00:00+09:00,487.5838317871094,487.5838317871094,487.5838317871094,487.5838317871094,100,0.0,0.0
2016-04-21 00:00:00+09:00,485.1087421123798,485.1087421123798,482.6336975097656,482.6336975097656,700,0.0,0.0
2016-04-22 00:00:00+09:00,483.4587570680983,487.5838317871094,483.4587570680983,487.5838317871094,200,0.0,0.0
2016-04-25 00:00:00+09:00,488.40887451171875,488.40887451171875,488.40887451171875,488.40887451171875,100,0.0,0.0
2016-04-26 00:00:00+09:00,488.40887451171875,488.40887451171875,488.40887451171875,488.40887451171875,0,0.0,0.0
2016-04-27 00:00:00+09:00,488.40887451171875,488.40887451171875,488.40887451171875,488.40887451171875,0,0.0,0.0
2016-04-28 00:00:00+09:00,488.40887451171875,488.40887451171875,488.40887451171875,488.40887451171875,0,0.0,0.0
2016-05-02 00:00:00+09:00,496.6589965820313,496.6589965820313,496.6589965820313,496.65899658203125,300,0.0,0.0
2016-05-06 00:00:00+09:00,502.43410119345026,502.43410119345026,496.6589965820313,496.65899658203125,300,0.0,0.0
2016-05-09 00:00:00+09:00,499.1340637207031,499.1340637207031,499.1340637207031,499.1340637207031,200,0.0,0.0
2016-05-10 00:00:00+09:00,499.1340637207031,499.1340637207031,499.1340637207031,499.1340637207031,100,0.0,0.0
2016-05-11 00:00:00+09:00,499.13400428090085,499.13400428090085,489.2338256835937,489.23382568359375,600,0.0,0.0
2016-05-12 00:00:00+09:00,494.18405296688985,502.4342041015625,494.18405296688985,502.4342041015625,200,0.0,0.0
2016-05-13 00:00:00+09:00,502.43401646176244,502.43401646176244,494.1838684082031,494.1838684082031,200,0.0,0.0
2016-05-16 00:00:00+09:00,504.90915221186697,513.1593017578125,503.25912230267784,513.1593017578125,1600,0.0,0.0
2016-05-17 00:00:00+09:00,513.1593017578125,513.1593017578125,513.1593017578125,513.1593017578125,200,0.0,0.0
2016-05-18 00:00:00+09:00,513.1592958833031,513.1592958833031,505.7341613769531,505.7341613769531,900,0.0,0.0
2016-05-19 00:00:00+09:00,511.50921630859375,511.50921630859375,511.50921630859375,511.50921630859375,100,0.0,0.0
2016-05-20 00:00:00+09:00,513.1592848420722,513.984299769471,509.03421020507807,509.0342102050781,2300,0.0,0.0
2016-05-23 00:00:00+09:00,509.03421020507807,509.03421020507807,509.03421020507807,509.0342102050781,3600,0.0,0.0
2016-05-24 00:00:00+09:00,509.03421020507807,509.03421020507807,509.03421020507807,509.0342102050781,0,0.0,0.0
2016-05-25 00:00:00+09:00,508.209228515625,508.209228515625,508.209228515625,508.209228515625,100,0.0,0.0
2016-05-26 00:00:00+09:00,507.38421630859375,507.38421630859375,507.38421630859375,507.38421630859375,100,0.0,0.0
2016-05-27 00:00:00+09:00,513.1593017578125,513.1593017578125,513.1593017578125,513.1593017578125,300,0.0,0.0
2016-05-30 00:00:00+09:00,513.1593017578125,513.1593017578125,513.1593017578125,513.1593017578125,0,0.0,0.0
2016-05-31 00:00:00+09:00,513.1593017578125,513.1593017578125,513.1593017578125,513.1593017578125,0,0.0,0.0
2016-06-01 00:00:00+09:00,513.1593017578125,513.1593017578125,513.1593017578125,513.1593017578125,100,0.0,0.0
2016-06-02 00:00:00+09:00,512.3342895507812,512.3342895507812,512.3342895507812,512.3342895507812,200,0.0,0.0
2016-06-03 00:00:00+09:00,504.9091041489403,504.9091041489403,499.9590148925781,499.9590148925781,200,0.0,0.0
2016-06-06 00:00:00+09:00,499.9590148925781,499.9590148925781,499.9590148925781,499.9590148925781,0,0.0,0.0
2016-06-07 00:00:00+09:00,499.9590148925781,499.9590148925781,499.9590148925781,499.9590148925781,10800,0.0,0.0
2016-06-08 00:00:00+09:00,499.9590148925781,499.9590148925781,499.9590148925781,499.9590148925781,100,0.0,0.0
2016-06-09 00:00:00+09:00,499.9590148925781,499.9590148925781,499.9590148925781,499.9590148925781,0,0.0,0.0
2016-06-10 00:00:00+09:00,499.9590433361461,509.85922241210943,499.9590433361461,509.8592224121094,1700,0.0,0.0
2016-06-13 00:00:00+09:00,509.85922241210943,509.85922241210943,509.85922241210943,509.8592224121094,0,0.0,0.0
2016-06-14 00:00:00+09:00,495.8339538574219,495.8339538574219,495.8339538574219,495.8339538574219,100,0.0,0.0
2016-06-15 00:00:00+09:00,495.8339538574219,495.8339538574219,495.8339538574219,495.8339538574219,0,0.0,0.0
2016-06-16 00:00:00+09:00,480.15869140624994,480.15869140624994,480.15869140624994,480.15869140625,100,0.0,0.0
2016-06-17 00:00:00+09:00,476.8586120605469,476.8586120605469,476.8586120605469,476.8586120605469,300,0.0,0.0
2016-06-20 00:00:00+09:00,476.0336113498635,481.8087158203125,476.0336113498635,481.8087158203125,400,0.0,0.0
2016-06-21 00:00:00+09:00,498.30902099609375,498.30902099609375,498.30902099609375,498.30902099609375,200,0.0,0.0
2016-06-22 00:00:00+09:00,498.30902099609375,498.30902099609375,498.30902099609375,498.30902099609375,0,0.0,0.0
2016-06-23 00:00:00+09:00,477.6836909090832,477.6836909090832,476.0336608886719,476.0336608886719,400,0.0,0.0
2016-06-24 00:00:00+09:00,474.3835754394531,474.3835754394531,474.3835754394531,474.3835754394531,200,0.0,0.0
2016-06-27 00:00:00+09:00,474.3835754394531,474.3835754394531,474.3835754394531,474.3835754394531,200,0.0,0.0
2016-06-28 00:00:00+09:00,474.38356650252507,495.8339538574219,474.38356650252507,495.8339538574219,300,0.0,0.0
2016-06-29 00:00:00+09:00,493.3590087890625,493.3590087890625,493.3590087890625,493.3590087890625,200,0.0,0.0
2016-06-30 00:00:00+09:00,504.0841206406851,509.03421020507807,504.0841206406851,509.0342102050781,2000,0.0,0.0
2016-07-01 00:00:00+09:00,509.03417732815785,509.03417732815785,482.63370135651917,490.88385009765625,1000,0.0,0.0
2016-07-04 00:00:00+09:00,490.88392509848387,502.43413510080114,486.75885009765625,486.75885009765625,800,0.0,0.0
2016-07-05 00:00:00+09:00,486.75885009765625,486.75885009765625,486.75885009765625,486.75885009765625,0,0.0,0.0
2016-07-06 00:00:00+09:00,486.75885009765625,486.75885009765625,486.75885009765625,486.75885009765625,0,0.0,0.0
2016-07-07 00:00:00+09:00,489.2338256835937,489.2338256835937,489.2338256835937,489.23382568359375,100,0.0,0.0
2016-07-08 00:00:00+09:00,489.2338256835937,489.2338256835937,489.2338256835937,489.23382568359375,0,0.0,0.0
2016-07-11 00:00:00+09:00,489.2338256835937,489.2338256835937,489.2338256835937,489.23382568359375,0,0.0,0.0
2016-07-12 00:00:00+09:00,494.1838684082031,494.1838684082031,494.1838684082031,494.1838684082031,0,0.0,0.0
2016-07-13 00:00:00+09:00,494.1838684082031,494.1838684082031,494.1838684082031,494.1838684082031,0,0.0,0.0
2016-07-14 00:00:00+09:00,499.1340637207031,499.1340637207031,499.1340637207031,499.1340637207031,100,0.0,0.0
2016-07-15 00:00:00+09:00,499.1340637207031,499.1340637207031,499.1340637207031,499.1340637207031,0,0.0,0.0
2016-07-19 00:00:00+09:00,499.1340637207031,499.1340637207031,499.1340637207031,499.1340637207031,0,0.0,0.0
2016-07-20 00:00:00+09:00,499.1340161641439,499.1340161641439,495.0089416503906,495.0089416503906,1800,0.0,0.0
2016-07-21 00:00:00+09:00,495.0089612543978,498.30902099609375,495.0089612543978,498.30902099609375,200,0.0,0.0
2016-07-22 00:00:00+09:00,504.0841369628906,504.0841369628906,504.0841369628906,504.0841369628906,100,0.0,0.0
2016-07-25 00:00:00+09:00,504.9091491699219,504.9091491699219,504.9091491699219,504.9091491699219,100,0.0,0.0
2016-07-26 00:00:00+09:00,504.9091177383397,504.9091177383397,495.8339538574219,495.8339538574219,1000,0.0,0.0
2016-07-27 00:00:00+09:00,495.8339538574219,495.8339538574219,495.8339538574219,495.8339538574219,100,0.0,0.0
2016-07-28 00:00:00+09:00,495.8339538574219,495.8339538574219,495.8339538574219,495.8339538574219,0,0.0,0.0
2016-07-29 00:00:00+09:00,479.3336486816406,479.3336486816406,479.3336486816406,479.3336486816406,200,0.0,0.0
2016-08-01 00:00:00+09:00,484.28377436768,484.28377436768,477.68365478515625,477.68365478515625,400,0.0,0.0
2016-08-02 00:00:00+09:00,482.6336975097656,482.6336975097656,482.6336975097656,482.6336975097656,500,0.0,0.0
2016-08-03 00:00:00+09:00,487.58379754018864,487.58379754018864,479.3336486816406,479.3336486816406,300,0.0,0.0
2016-08-04 00:00:00+09:00,479.3336486816406,479.3336486816406,479.3336486816406,479.3336486816406,500,0.0,0.0
2016-08-05 00:00:00+09:00,479.3336486816406,479.3336486816406,479.3336486816406,479.3336486816406,0,0.0,0.0
2016-08-08 00:00:00+09:00,484.28381099072857,484.28381099072857,476.0336608886719,476.0336608886719,300,0.0,0.0
2016-08-09 00:00:00+09:00,480.98370361328125,480.98370361328125,480.98370361328125,480.98370361328125,100,0.0,0.0
2016-08-10 00:00:00+09:00,485.1087951660156,485.1087951660156,485.1087951660156,485.1087951660156,100,0.0,0.0
2016-08-12 00:00:00+09:00,495.0089416503906,495.0089416503906,495.0089416503906,495.0089416503906,100,0.0,0.0
2016-08-15 00:00:00+09:00,499.9590148925781,499.9590148925781,499.9590148925781,499.9590148925781,100,0.0,0.0
2016-08-16 00:00:00+09:00,499.9590148925781,499.9590148925781,499.9590148925781,499.9590148925781,600,0.0,0.0
2016-08-17 00:00:00+09:00,500.7841491699219,500.7841491699219,500.7841491699219,500.7841491699219,100,0.0,0.0
2016-08-18 00:00:00+09:00,500.7841491699219,500.7841491699219,500.7841491699219,500.7841491699219,0,0.0,0.0
2016-08-19 00:00:00+09:00,500.7841491699219,500.7841491699219,500.7841491699219,500.7841491699219,0,0.0,0.0
2016-08-22 00:00:00+09:00,492.53387451171875,492.53387451171875,492.53387451171875,492.53387451171875,100,0.0,0.0
2016-08-23 00:00:00+09:00,497.4840087890625,497.4840087890625,497.4840087890625,497.4840087890625,100,0.0,0.0
2016-08-24 00:00:00+09:00,489.2338256835937,489.2338256835937,489.2338256835937,489.23382568359375,300,0.0,0.0
2016-08-25 00:00:00+09:00,494.1838684082031,494.1838684082031,494.1838684082031,494.1838684082031,100,0.0,0.0
2016-08-26 00:00:00+09:00,494.1838684082031,494.1838684082031,494.1838684082031,494.1838684082031,400,0.0,0.0
2016-08-29 00:00:00+09:00,494.18393024382044,503.25909423828125,494.18393024382044,503.25909423828125,600,0.0,0.0
2016-08-30 00:00:00+09:00,503.25909423828125,503.25909423828125,503.25909423828125,503.25909423828125,0,0.0,0.0
2016-08-31 00:00:00+09:00,503.25909423828125,503.25909423828125,503.25909423828125,503.25909423828125,0,0.0,0.0
2016-09-01 00:00:00+09:00,508.209228515625,508.209228515625,508.209228515625,508.209228515625,200,0.0,0.0
2016-09-02 00:00:00+09:00,503.25909423828125,503.25909423828125,503.25909423828125,503.25909423828125,700,0.0,0.0
2016-09-05 00:00:00+09:00,503.25909423828125,503.25909423828125,503.25909423828125,503.25909423828125,0,0.0,0.0
2016-09-06 00:00:00+09:00,503.25909423828125,503.25909423828125,503.25909423828125,503.25909423828125,0,0.0,0.0
2016-09-07 00:00:00+09:00,503.25909423828125,503.25909423828125,503.25909423828125,503.25909423828125,0,0.0,0.0
2016-09-08 00:00:00+09:00,503.25909423828125,503.25909423828125,503.25909423828125,503.25909423828125,0,0.0,0.0
2016-09-09 00:00:00+09:00,503.25909423828125,503.25909423828125,503.25909423828125,503.25909423828125,0,0.0,0.0
2016-09-12 00:00:00+09:00,503.25909423828125,503.25909423828125,503.25909423828125,503.25909423828125,0,0.0,0.0
2016-09-13 00:00:00+09:00,490.05889892578125,494.1839738325639,490.05889892578125,490.05889892578125,2500,0.0,0.0
2016-09-14 00:00:00+09:00,490.05889892578125,490.05889892578125,490.05889892578125,490.05889892578125,0,0.0,0.0
2016-09-15 00:00:00+09:00,490.05889892578125,490.05889892578125,490.05889892578125,490.05889892578125,0,0.0,0.0
2016-09-16 00:00:00+09:00,490.05889892578125,490.05889892578125,490.05889892578125,490.05889892578125,0,0.0,0.0
2016-09-20 00:00:00+09:00,495.0089416503906,495.0089416503906,495.0089416503906,495.0089416503906,300,0.0,0.0
2016-09-21 00:00:00+09:00,497.48403375799006,499.9590787020596,497.48403375799006,499.1340637207031,600,0.0,0.0
2016-09-23 00:00:00+09:00,499.1340134504829,499.9590283487482,495.8339538574219,495.8339538574219,1100,0.0,0.0
2016-09-26 00:00:00+09:00,499.1340637207031,499.1340637207031,499.1340637207031,499.1340637207031,100,0.0,0.0
2016-09-27 00:00:00+09:00,499.1340637207031,499.1340637207031,499.1340637207031,499.1340637207031,0,0.0,0.0
2016-09-28 00:00:00+09:00,499.1340637207031,499.1340637207031,499.1340637207031,499.1340637207031,0,0.0,0.0
2016-09-29 00:00:00+09:00,499.1340637207031,499.1340637207031,499.1340637207031,499.1340637207031,100,0.0,0.0
2016-09-30 00:00:00+09:00,499.1340637207031,499.1340637207031,499.1340637207031,499.1340637207031,0,0.0,0.0
2016-10-03 00:00:00+09:00,503.25909423828125,503.25909423828125,503.25909423828125,503.25909423828125,200,0.0,0.0
2016-10-04 00:00:00+09:00,501.60908624896183,501.60908624896183,495.8339816375429,496.65899658203125,1100,0.0,0.0
2016-10-05 00:00:00+09:00,497.48403375799006,499.1340637207031,497.48403375799006,499.1340637207031,500,0.0,0.0
2016-10-06 00:00:00+09:00,499.1340637207031,499.1340637207031,499.1340637207031,499.1340637207031,0,0.0,0.0
2016-10-07 00:00:00+09:00,498.30902099609375,498.30902099609375,498.30902099609375,498.30902099609375,100,0.0,0.0
2016-10-11 00:00:00+09:00,501.6091889880952,502.4342041015625,501.6091889880952,502.4342041015625,300,0.0,0.0
2016-10-12 00:00:00+09:00,503.25921921502976,503.25921921502976,502.4342041015625,502.4342041015625,400,0.0,0.0
2016-10-13 00:00:00+09:00,504.084204632303,504.084204632303,487.58390333500995,493.3590087890625,5400,0.0,0.0
2016-10-14 00:00:00+09:00,493.3589118448893,495.0089416503906,493.3589118448893,495.0089416503906,700,0.0,0.0
2016-10-17 00:00:00+09:00,499.95915876116067,502.4342041015625,499.95915876116067,502.4342041015625,600,0.0,0.0
2016-10-18 00:00:00+09:00,502.4342041015625,502.4342041015625,502.4342041015625,502.4342041015625,0,0.0,0.0
2016-10-19 00:00:00+09:00,498.3090161488933,509.03421020507807,498.3090161488933,509.0342102050781,800,0.0,0.0
2016-10-20 00:00:00+09:00,509.03421020507807,509.03421020507807,509.03421020507807,509.0342102050781,0,0.0,0.0
2016-10-21 00:00:00+09:00,500.7840495125192,503.25909423828125,500.7840495125192,503.25909423828125,300,0.0,0.0
2016-10-24 00:00:00+09:00,509.03421020507807,509.03421020507807,509.03421020507807,509.0342102050781,100,0.0,0.0
2016-10-25 00:00:00+09:00,509.0342074891125,509.85922241210943,509.0342074891125,509.8592224121094,500,0.0,0.0
2016-10-26 00:00:00+09:00,509.034246280329,509.034246280329,507.38421630859375,507.38421630859375,200,0.0,0.0
2016-10-27 00:00:00+09:00,507.38421630859375,507.38421630859375,507.38421630859375,507.38421630859375,100,0.0,0.0
2016-10-28 00:00:00+09:00,510.6841908968412,514.8092651367188,510.6841908968412,514.8092651367188,1700,0.0,0.0
2016-10-31 00:00:00+09:00,515.6343383789062,515.6343383789062,515.6343383789062,515.6343383789062,200,0.0,0.0
2016-11-01 00:00:00+09:00,517.2843306993655,527.1845092773438,517.2843306993655,527.1845092773438,1100,0.0,0.0
2016-11-02 00:00:00+09:00,527.1845092773438,527.1845092773438,527.1845092773438,527.1845092773438,0,0.0,0.0
2016-11-04 00:00:00+09:00,534.6096884084302,534.6096884084302,532.1346435546875,532.1346435546875,200,0.0,0.0
2016-11-07 00:00:00+09:00,526.3594997531765,526.3594997531765,525.5344848632812,525.5344848632812,200,0.0,0.0
2016-11-08 00:00:00+09:00,525.5344848632812,525.5344848632812,521.409410413805,525.5344848632812,500,0.0,0.0
2016-11-09 00:00:00+09:00,526.3595187717013,527.1845336914063,519.7593994140625,519.7593994140625,600,0.0,0.0
2016-11-10 00:00:00+09:00,519.759449281903,523.0595092773438,519.759449281903,523.0595092773438,800,0.0,0.0
2016-11-11 00:00:00+09:00,523.8845021850966,536.2597266461619,521.4094572928835,529.6596069335938,2300,0.0,0.0
2016-11-14 00:00:00+09:00,529.6595432406081,530.4845581054688,524.7094540514435,530.4845581054688,800,0.0,0.0
2016-11-15 00:00:00+09:00,530.4845581054688,530.4845581054688,523.059424321722,530.4845581054688,1200,0.0,0.0
2016-11-16 00:00:00+09:00,529.6595432406081,530.4845581054688,529.6595432406081,530.4845581054688,1600,0.0,0.0
2016-11-17 00:00:00+09:00,528.8345947265625,528.8345947265625,528.8345947265625,528.8345947265625,100,0.0,0.0
2016-11-18 00:00:00+09:00,528.8345947265625,528.8345947265625,528.0095797581903,528.8345947265625,800,0.0,0.0
2016-11-21 00:00:00+09:00,542.0348182301884,551.9349975585938,538.7347584540533,551.9349975585938,6800,0.0,0.0
2016-11-22 00:00:00+09:00,551.1099539514364,551.1099539514364,542.0347900390625,542.0347900390625,800,0.0,0.0
2016-11-24 00:00:00+09:00,543.6848117712773,544.5098266601562,543.6848117712773,544.5098266601562,900,0.0,0.0
2016-11-25 00:00:00+09:00,543.6848225477265,544.5098374529582,541.2097778320312,541.2097778320312,1700,0.0,0.0
2016-11-28 00:00:00+09:00,532.9595947265625,532.9595947265625,532.9595947265625,532.9595947265625,400,0.0,0.0
2016-11-29 00:00:00+09:00,540.3847847455813,540.3847847455813,534.6096801757812,534.6096801757812,400,0.0,0.0
2016-11-30 00:00:00+09:00,542.8598358702517,551.1099853515625,542.8598358702517,551.1099853515625,700,0.0,0.0
2016-12-01 00:00:00+09:00,551.9349975585938,551.9349975585938,551.9349975585938,551.9349975585938,300,0.0,0.0
2016-12-02 00:00:00+09:00,551.1100131791413,551.1100131791413,542.85986328125,542.85986328125,500,0.0,0.0
2016-12-05 00:00:00+09:00,542.85986328125,542.85986328125,542.85986328125,542.85986328125,100,0.0,0.0
2016-12-06 00:00:00+09:00,542.85986328125,542.85986328125,542.85986328125,542.85986328125,0,0.0,0.0
2016-12-07 00:00:00+09:00,542.85986328125,542.85986328125,542.85986328125,542.85986328125,100,0.0,0.0
2016-12-08 00:00:00+09:00,542.8597888975302,546.98486328125,542.8597888975302,546.98486328125,500,0.0,0.0
2016-12-09 00:00:00+09:00,546.9848713267934,546.9848713267934,544.5098266601562,544.5098266601562,200,0.0,0.0
2016-12-12 00:00:00+09:00,542.8597968823982,544.5098266601562,542.8597968823982,544.5098266601562,1800,0.0,0.0
2016-12-13 00:00:00+09:00,545.3348388671875,546.1598537520092,545.3348388671875,545.3348388671875,600,0.0,0.0
2016-12-14 00:00:00+09:00,542.85986328125,542.85986328125,542.0348482914609,542.85986328125,2400,0.0,0.0
2016-12-15 00:00:00+09:00,543.6848754882812,543.6848754882812,543.6848754882812,543.6848754882812,400,0.0,0.0
2016-12-16 00:00:00+09:00,543.684809097544,545.3348388671875,542.8597942127221,545.3348388671875,700,0.0,0.0
2016-12-19 00:00:00+09:00,544.5098239823657,545.3348388671875,544.5098239823657,545.3348388671875,1400,0.0,0.0
2016-12-20 00:00:00+09:00,546.1599316778984,546.1599316778984,540.3848266601562,540.3848266601562,20900,0.0,0.0
2016-12-21 00:00:00+09:00,540.3848266601562,540.3848266601562,540.3848266601562,540.3848266601562,100,0.0,0.0
2016-12-22 00:00:00+09:00,539.5598116576217,540.3848266601562,539.5598116576217,540.3848266601562,400,0.0,0.0
2016-12-26 00:00:00+09:00,540.3847177358774,540.3847177358774,518.109317157452,536.2596435546875,10100,0.0,0.0
2016-12-27 00:00:00+09:00,536.2596435546875,543.6847770808293,536.2596435546875,536.2596435546875,1900,0.0,0.0
2016-12-28 00:00:00+09:00,536.2596435546875,537.0846583909255,536.2596435546875,536.2596435546875,800,0.0,0.0
2016-12-29 00:00:00+09:00,536.2596541366341,536.2596541366341,532.9595947265625,532.9595947265625,1500,0.0,0.0
2016-12-30 00:00:00+09:00,535.4346951143242,535.4346951143242,534.6096801757812,534.6096801757812,500,0.0,0.0
2017-01-04 00:00:00+09:00,537.0847722239005,542.8598773015768,537.0847722239005,538.7348022460938,1600,0.0,0.0
2017-01-05 00:00:00+09:00,539.5598033220934,551.1100131791413,539.5598033220934,542.85986328125,2100,0.0,0.0
2017-01-06 00:00:00+09:00,542.8597968823982,548.6349011045514,542.8597968823982,544.5098266601562,800,0.0,0.0
2017-01-10 00:00:00+09:00,547.8099532199849,547.8099532199849,542.85986328125,542.85986328125,1400,0.0,0.0
2017-01-11 00:00:00+09:00,544.5098932608283,546.1599232404066,542.85986328125,542.85986328125,400,0.0,0.0
2017-01-12 00:00:00+09:00,542.85986328125,547.8099532199849,542.0348482914609,542.85986328125,2500,0.0,0.0
2017-01-13 00:00:00+09:00,549.4599803872463,549.4599803872463,542.0348455171484,543.6848754882812,4500,0.0,0.0
2017-01-16 00:00:00+09:00,544.5098821634252,550.2849869742494,544.5098821634252,546.159912109375,1500,0.0,0.0
2017-01-17 00:00:00+09:00,546.1599232404066,546.1599232404066,542.85986328125,542.85986328125,600,0.0,0.0
2017-01-18 00:00:00+09:00,542.8597968823982,544.5098266601562,542.0347819935192,544.5098266601562,1000,0.0,0.0
2017-01-19 00:00:00+09:00,544.5098266601562,544.5098266601562,544.5098266601562,544.5098266601562,300,0.0,0.0
2017-01-20 00:00:00+09:00,544.5099316846142,549.4600219726562,544.5099316846142,549.4600219726562,300,0.0,0.0
2017-01-23 00:00:00+09:00,549.4599159934304,549.4599159934304,544.5098266601562,544.5098266601562,1500,0.0,0.0
2017-01-24 00:00:00+09:00,544.5098904738477,545.3349054594141,543.6848754882812,543.6848754882812,600,0.0,0.0
2017-01-25 00:00:00+09:00,544.509873927984,549.4599636909657,544.509873927984,548.6349487304688,1500,0.0,0.0
2017-01-26 00:00:00+09:00,551.9349893842425,561.0101536342077,551.9349893842425,554.4100341796875,2200,0.0,0.0
2017-01-27 00:00:00+09:00,558.5351060977839,560.1851359533165,551.1099717478872,555.2350463867188,9600,0.0,0.0
2017-01-30 00:00:00+09:00,548.6349011045514,554.4100053267045,544.5098266601562,544.5098266601562,4000,0.0,0.0
2017-01-31 00:00:00+09:00,546.9848526664402,560.1850904381794,546.9848526664402,550.284912109375,7000,0.0,0.0
2017-02-01 00:00:00+09:00,550.2849649457789,552.760009765625,546.1598902460354,552.760009765625,2500,0.0,0.0
2017-02-02 00:00:00+09:00,552.760009765625,552.760009765625,552.760009765625,552.760009765625,300,0.0,0.0
2017-02-03 00:00:00+09:00,552.759996202257,556.8850708007812,552.759996202257,556.8850708007812,1600,0.0,0.0
2017-02-06 00:00:00+09:00,555.2350545854711,559.3601292852145,552.760009765625,552.760009765625,2100,0.0,0.0
2017-02-07 00:00:00+09:00,552.7600512370753,558.53515625,552.7600512370753,558.53515625,900,0.0,0.0
2017-02-08 00:00:00+09:00,560.1851723410866,563.4852322665128,560.1851723410866,562.6602172851562,1600,0.0,0.0
2017-02-09 00:00:00+09:00,562.660192641439,589.8856858337667,561.0101627509949,570.0853271484375,4300,0.0,0.0
2017-02-10 00:00:00+09:00,570.0853298905967,582.4605541284534,567.6102850430253,569.2603149414062,3200,0.0,0.0
2017-02-13 00:00:00+09:00,577.5104506238758,577.5104506238758,568.4352863997864,573.3853759765625,5000,0.0,0.0
2017-02-14 00:00:00+09:00,576.685422101702,580.8104966517857,573.385362461635,577.5104370117188,5100,0.0,0.0
2017-02-15 00:00:00+09:00,586.5856010219029,586.5856010219029,577.5104370117188,577.5104370117188,2400,0.0,0.0
2017-02-16 00:00:00+09:00,577.5104924824163,579.1605224609375,577.5104924824163,579.1605224609375,300,0.0,0.0
2017-02-17 00:00:00+09:00,580.8105303697183,587.4106500330106,579.1605004538952,585.7606201171875,1400,0.0,0.0
2017-02-20 00:00:00+09:00,585.7606754945905,587.4107055664062,585.7606754945905,587.4107055664062,800,0.0,0.0
2017-02-21 00:00:00+09:00,587.4105781961222,591.5356524812073,584.9355336250711,589.0606079101562,4100,0.0,0.0
2017-02-22 00:00:00+09:00,589.0607159737917,593.185791015625,589.0607159737917,593.185791015625,500,0.0,0.0
2017-02-23 00:00:00+09:00,588.2357206023141,588.2357206023141,578.3355401714197,587.4107055664062,2700,0.0,0.0
2017-02-24 00:00:00+09:00,587.4107055664062,589.8857506741299,585.7606754945905,587.4107055664062,1400,0.0,0.0
2017-02-27 00:00:00+09:00,585.7605770731103,601.4358601215457,585.7605770731103,598.9608154296875,3600,0.0,0.0
2017-02-28 00:00:00+09:00,596.4858123654395,604.7359619140625,596.4858123654395,604.7359619140625,1500,0.0,0.0
2017-03-01 00:00:00+09:00,605.5609741210938,609.686048876687,605.5609741210938,605.5609741210938,600,0.0,0.0
2017-03-02 00:00:00+09:00,617.1111423303989,617.9361572265625,614.636097641908,617.9361572265625,1600,0.0,0.0
2017-03-03 00:00:00+09:00,617.9362520505163,617.9362520505163,606.386041731815,608.0360717773438,1400,0.0,0.0
2017-03-06 00:00:00+09:00,615.4612069822231,615.4612069822231,608.0360717773438,608.0360717773438,700,0.0,0.0
2017-03-07 00:00:00+09:00,604.7359197106899,604.7359197106899,594.8357409432572,598.9608154296875,4900,0.0,0.0
2017-03-08 00:00:00+09:00,600.6108871397511,604.7359619140625,600.6108871397511,604.7359619140625,1100,0.0,0.0
2017-03-09 00:00:00+09:00,604.7359897724326,604.7359897724326,596.48583984375,596.48583984375,600,0.0,0.0
2017-03-10 00:00:00+09:00,596.4858287617134,601.4359186269558,595.660813784173,599.785888671875,800,0.0,0.0
2017-03-13 00:00:00+09:00,599.785888671875,599.785888671875,599.785888671875,599.785888671875,100,0.0,0.0
2017-03-14 00:00:00+09:00,596.4858232663001,601.4359130859375,593.1857633865419,601.4359130859375,3600,0.0,0.0
2017-03-15 00:00:00+09:00,595.6607558405432,598.9608154296875,595.6607558405432,598.9608154296875,400,0.0,0.0
2017-03-16 00:00:00+09:00,599.7858831460584,601.4359130859375,599.7858831460584,601.4359130859375,1800,0.0,0.0
2017-03-17 00:00:00+09:00,591.5357388964709,599.785888671875,591.5357388964709,599.785888671875,5500,0.0,0.0
2017-03-21 00:00:00+09:00,590.7106960910183,594.0107558457167,589.0606662136692,589.8856811523438,3000,0.0,0.0
2017-03-22 00:00:00+09:00,587.410661130046,587.410661130046,582.4605712890625,582.4605712890625,5000,0.0,0.0
2017-03-23 00:00:00+09:00,577.5103971448248,579.1604268509528,562.6601297896722,570.9102783203125,6200,0.0,0.0
2017-03-24 00:00:00+09:00,576.6854356944132,576.6854356944132,573.3853759765625,573.3853759765625,1200,0.0,0.0
2017-03-27 00:00:00+09:00,574.2103773716518,577.5104370117188,574.2103773716518,577.5104370117188,4900,0.0,0.0
2017-03-28 00:00:00+09:00,592.3607177734375,593.1857327006985,571.7353445919111,592.3607177734375,6200,0.0,0.0
2017-03-29 00:00:00+09:00,580.3938586998546,587.2320779481591,575.2651942636261,582.9581909179688,2500,25.0,0.0
2017-03-30 00:00:00+09:00,599.1989616326922,599.1989616326922,582.9581909179688,582.9581909179688,800,0.0,0.0
2017-03-31 00:00:00+09:00,581.2486547353317,586.3773193359375,581.2486547353317,586.3773193359375,400,0.0,0.0
2017-04-03 00:00:00+09:00,595.779871103715,595.779871103715,586.3773193359375,586.3773193359375,400,0.0,0.0
2017-04-04 00:00:00+09:00,581.2486372710327,581.2486372710327,572.7008631935175,580.3938598632812,2500,0.0,0.0
2017-04-05 00:00:00+09:00,580.3938598632812,580.3938598632812,580.3938598632812,580.3938598632812,100,0.0,0.0
2017-04-06 00:00:00+09:00,568.426920879318,569.2816982039486,567.5721435546875,567.5721435546875,400,0.0,0.0
2017-04-07 00:00:00+09:00,567.5721444780636,567.5721444780636,565.0078125,565.0078125,200,0.0,0.0
2017-04-10 00:00:00+09:00,570.9912719726562,570.9912719726562,570.9912719726562,570.9912719726562,100,0.0,0.0
2017-04-11 00:00:00+09:00,570.1365356445312,570.1365356445312,570.1365356445312,570.1365356445312,100,0.0,0.0
2017-04-12 00:00:00+09:00,565.0078569403441,568.4269665133568,556.4600830078125,556.4600830078125,2900,0.0,0.0
2017-04-13 00:00:00+09:00,556.4600619773222,558.1696166992188,556.4600619773222,558.1696166992188,400,0.0,0.0
2017-04-14 00:00:00+09:00,555.6052856445312,555.6052856445312,555.6052856445312,555.6052856445312,600,0.0,0.0
2017-04-17 00:00:00+09:00,551.3314396133776,554.7505493164062,551.3314396133776,554.7505493164062,300,0.0,0.0
2017-04-18 00:00:00+09:00,554.7505493164062,554.7505493164062,554.7505493164062,554.7505493164062,100,0.0,0.0
2017-04-19 00:00:00+09:00,560.7339477539062,560.7339477539062,560.7339477539062,560.7339477539062,100,0.0,0.0
2017-04-20 00:00:00+09:00,561.5887004795359,572.7008056640625,561.5887004795359,572.7008056640625,1200,0.0,0.0
2017-04-21 00:00:00+09:00,572.7008056640625,572.7008056640625,572.7008056640625,572.7008056640625,0,0.0,0.0
2017-04-24 00:00:00+09:00,572.7008056640625,572.7008056640625,572.7008056640625,572.7008056640625,0,0.0,0.0
2017-04-25 00:00:00+09:00,572.7008056640625,572.7008056640625,572.7008056640625,572.7008056640625,0,0.0,0.0
2017-04-26 00:00:00+09:00,564.1530784116973,564.1530784116973,549.6218627556384,559.0244140625,6900,0.0,0.0
2017-04-27 00:00:00+09:00,558.1696166992188,558.1696166992188,557.3148393382705,558.1696166992188,1100,0.0,0.0
2017-04-28 00:00:00+09:00,557.3148570667614,564.153076171875,557.3148570667614,564.153076171875,400,0.0,0.0
2017-05-01 00:00:00+09:00,564.1530784116973,564.1530784116973,559.0244140625,559.0244140625,1800,0.0,0.0
2017-05-02 00:00:00+09:00,565.862632066329,565.862632066329,561.5887451171875,561.5887451171875,400,0.0,0.0
2017-05-08 00:00:00+09:00,565.0079119341509,576.1200191280147,565.0079119341509,569.2817993164062,1400,0.0,0.0
2017-05-09 00:00:00+09:00,572.7008266791612,574.4103813856661,570.9912719726562,570.9912719726562,700,0.0,0.0
2017-05-10 00:00:00+09:00,574.4103603078358,574.4103603078358,572.7008056640625,572.7008056640625,200,0.0,0.0
2017-05-11 00:00:00+09:00,574.4103993055555,584.6677278645833,574.4103993055555,576.9747314453125,1100,0.0,0.0
2017-05-12 00:00:00+09:00,572.7008467191004,572.7008467191004,571.8460693359375,571.8460693359375,200,0.0,0.0
2017-05-15 00:00:00+09:00,575.2652322249988,587.2321166992188,575.2652322249988,587.2321166992188,1500,0.0,0.0
2017-05-16 00:00:00+09:00,578.684326171875,579.539103610829,578.684326171875,578.684326171875,900,0.0,0.0
2017-05-17 00:00:00+09:00,581.2486151087354,584.667724609375,581.2486151087354,584.667724609375,500,0.0,0.0
2017-05-18 00:00:00+09:00,578.684326171875,582.1034359276911,576.974771293967,578.684326171875,4800,0.0,0.0
2017-05-19 00:00:00+09:00,578.6843062180739,578.6843062180739,577.8295288085938,577.8295288085938,200,0.0,0.0
2017-05-22 00:00:00+09:00,577.8295088252315,577.8295088252315,573.5556219256366,576.9747314453125,800,0.0,0.0
2017-05-23 00:00:00+09:00,576.9747513991135,577.8295288085938,576.9747513991135,577.8295288085938,1000,0.0,0.0
2017-05-24 00:00:00+09:00,577.8295512760805,577.8295512760805,573.5556640625,573.5556640625,600,0.0,0.0
2017-05-25 00:00:00+09:00,580.3939166401708,589.7964690452399,580.3939166401708,588.0869140625,2000,0.0,0.0
2017-05-26 00:00:00+09:00,579.5391048804943,580.3938823213209,573.5556627947075,576.1199951171875,4500,0.0,0.0
2017-05-29 00:00:00+09:00,576.1199938550129,578.684326171875,573.5556615381508,578.684326171875,1100,0.0,0.0
2017-05-30 00:00:00+09:00,574.410438977105,578.684326171875,574.410438977105,578.684326171875,200,0.0,0.0
2017-05-31 00:00:00+09:00,579.5390625,579.5390625,579.5390625,579.5390625,100,0.0,0.0
2017-06-01 00:00:00+09:00,579.539103610829,579.539103610829,578.684326171875,578.684326171875,400,0.0,0.0
2017-06-02 00:00:00+09:00,579.5390625,579.5390625,578.6842851216813,579.5390625,1500,0.0,0.0
2017-06-05 00:00:00+09:00,579.5390848100275,579.5390848100275,575.2651977539062,575.2651977539062,1100,0.0,0.0
2017-06-06 00:00:00+09:00,576.9747325352259,584.667728969029,574.410400390625,574.410400390625,1600,0.0,0.0
2017-06-07 00:00:00+09:00,575.2651977539062,575.2651977539062,575.2651977539062,575.2651977539062,200,0.0,0.0
2017-06-08 00:00:00+09:00,573.5556640625,573.5556640625,573.5556640625,573.5556640625,800,0.0,0.0
2017-06-09 00:00:00+09:00,573.5556640625,573.5556640625,573.5556640625,573.5556640625,100,0.0,0.0
2017-06-12 00:00:00+09:00,573.5555829859492,573.5555829859492,572.7008056640625,572.7008056640625,900,0.0,0.0
2017-06-13 00:00:00+09:00,572.7008056640625,572.7008056640625,572.7008056640625,572.7008056640625,100,0.0,0.0
2017-06-14 00:00:00+09:00,574.4103982300885,579.5390625,574.4103982300885,579.5390625,1000,0.0,0.0
2017-06-15 00:00:00+09:00,579.5391061615127,579.5391061615127,571.8461091770678,573.5556640625,400,0.0,0.0
2017-06-16 00:00:00+09:00,574.410438977105,578.684326171875,574.410438977105,578.684326171875,300,0.0,0.0
2017-06-19 00:00:00+09:00,586.3773193359375,598.3442034040179,584.6677644690689,586.3773193359375,4000,0.0,0.0
2017-06-20 00:00:00+09:00,587.2321166992188,587.2321166992188,587.2321166992188,587.2321166992188,300,0.0,0.0
2017-06-21 00:00:00+09:00,591.5058994787914,593.2154541015625,591.5058994787914,593.2154541015625,400,0.0,0.0
2017-06-22 00:00:00+09:00,594.9250087243336,594.9250087243336,593.2154541015625,593.2154541015625,500,0.0,0.0
2017-06-23 00:00:00+09:00,594.0702725144863,594.0702725144863,589.7963856618642,592.3607177734375,2800,0.0,0.0
2017-06-26 00:00:00+09:00,592.360780135445,592.360780135445,589.7964477539062,589.7964477539062,500,0.0,0.0
2017-06-27 00:00:00+09:00,590.651205253878,590.651205253878,588.941650390625,588.941650390625,1600,0.0,0.0
2017-06-28 00:00:00+09:00,589.7964477539062,589.7964477539062,589.7964477539062,589.7964477539062,300,0.0,0.0
2017-06-29 00:00:00+09:00,599.1990157645089,599.1990157645089,598.34423828125,598.34423828125,5500,0.0,0.0
2017-06-30 00:00:00+09:00,593.2154750934226,593.2154750934226,591.5059204101562,591.5059204101562,400,0.0,0.0
2017-07-03 00:00:00+09:00,593.2155733816965,598.34423828125,593.2155733816965,598.34423828125,2100,0.0,0.0
2017-07-04 00:00:00+09:00,598.3441959727894,601.7633056640625,595.7798637043346,601.7633056640625,2000,0.0,0.0
2017-07-05 00:00:00+09:00,602.6180419921875,602.6180419921875,602.6180419921875,602.6180419921875,400,0.0,0.0
2017-07-06 00:00:00+09:00,602.6180419921875,602.6180419921875,602.6180419921875,602.6180419921875,0,0.0,0.0
2017-07-07 00:00:00+09:00,606.0371704101562,606.0371704101562,606.0371704101562,606.0371704101562,200,0.0,0.0
2017-07-10 00:00:00+09:00,606.0371715340331,606.0371715340331,603.4728393554688,603.4728393554688,1400,0.0,0.0
2017-07-11 00:00:00+09:00,609.4563000316351,609.4563000316351,606.8919677734375,606.8919677734375,500,0.0,0.0
2017-07-12 00:00:00+09:00,604.3276156276171,611.165834757774,600.053728671269,606.0371704101562,1100,0.0,0.0
2017-07-13 00:00:00+09:00,600.0537109375,600.0537109375,600.0537109375,600.0537109375,1000,0.0,0.0
2017-07-14 00:00:00+09:00,610.3110584983069,610.3110584983069,600.0537297840497,603.4728393554688,800,0.0,0.0
2017-07-17 00:00:00+09:00,603.4728393554688,603.4728393554688,603.4728393554688,603.4728393554688,0,0.0,0.0
2017-07-18 00:00:00+09:00,609.4562609084109,609.4562609084109,602.6180419921875,602.6180419921875,400,0.0,0.0
2017-07-19 00:00:00+09:00,603.4728193567154,606.8919288148271,602.6180419921875,602.6180419921875,800,0.0,0.0
2017-07-20 00:00:00+09:00,600.9085049575634,608.6015014648438,600.0537275678656,608.6015014648438,1000,0.0,0.0
2017-07-21 00:00:00+09:00,611.1658325195312,611.1658325195312,611.1658325195312,611.1658325195312,500,0.0,0.0
2017-07-24 00:00:00+09:00,611.165872358378,612.8754272460938,607.7467625829465,612.8754272460938,900,0.0,0.0
2017-07-25 00:00:00+09:00,612.8754272460938,612.8754272460938,612.8754272460938,612.8754272460938,500,0.0,0.0
2017-07-26 00:00:00+09:00,612.8754272460938,612.8754272460938,612.8754272460938,612.8754272460938,1000,0.0,0.0
2017-07-27 00:00:00+09:00,612.8754061087448,618.858848009388,612.8754061087448,614.5849609375,2600,0.0,0.0
2017-07-28 00:00:00+09:00,614.5849609375,621.4231802525209,614.5849609375,614.5849609375,600,0.0,0.0
2017-07-31 00:00:00+09:00,631.6804599530301,633.3900146484375,628.2613505622153,633.3900146484375,2000,0.0,0.0
2017-08-01 00:00:00+09:00,631.6805284006797,631.6805284006797,618.0040893554688,618.0040893554688,1800,0.0,0.0
2017-08-02 00:00:00+09:00,628.2614547355298,628.2614547355298,619.7136798411689,627.4066772460938,1100,0.0,0.0
2017-08-03 00:00:00+09:00,627.4066772460938,627.4066772460938,627.4066772460938,627.4066772460938,0,0.0,0.0
2017-08-04 00:00:00+09:00,623.9874877929688,623.9874877929688,623.9874877929688,623.9874877929688,100,0.0,0.0
2017-08-07 00:00:00+09:00,623.9875672883494,627.4066772460938,619.7136798411689,627.4066772460938,500,0.0,0.0
2017-08-08 00:00:00+09:00,627.406597315122,629.9709294567369,623.9874877929688,623.9874877929688,2400,0.0,0.0
2017-08-09 00:00:00+09:00,623.9875314377485,623.9875314377485,618.0040893554688,618.0040893554688,1200,0.0,0.0
2017-08-10 00:00:00+09:00,622.2779765570972,622.2779765570972,615.4397570344917,618.0040893554688,400,0.0,0.0
2017-08-11 00:00:00+09:00,618.0040893554688,618.0040893554688,618.0040893554688,618.0040893554688,0,0.0,0.0
2017-08-14 00:00:00+09:00,607.7467093632139,607.7467093632139,590.6511619830953,594.925048828125,2900,0.0,0.0
2017-08-15 00:00:00+09:00,594.9250278418249,596.6345825195312,587.2320317921461,596.6345825195312,1000,0.0,0.0
2017-08-16 00:00:00+09:00,590.6512409319196,598.34423828125,590.6512409319196,598.34423828125,800,0.0,0.0
2017-08-17 00:00:00+09:00,598.34423828125,598.34423828125,598.34423828125,598.34423828125,300,0.0,0.0
2017-08-18 00:00:00+09:00,594.925048828125,598.3441583041487,594.925048828125,594.925048828125,1200,0.0,0.0
2017-08-21 00:00:00+09:00,630.825774041391,630.825774041391,613.730224609375,613.730224609375,2700,0.0,0.0
2017-08-22 00:00:00+09:00,615.4396753771551,619.7135620117188,615.4396753771551,619.7135620117188,200,0.0,0.0
2017-08-23 00:00:00+09:00,619.7136455112034,619.7136455112034,615.4397583007812,615.4397583007812,300,0.0,0.0
2017-08-24 00:00:00+09:00,615.4397583007812,615.4397583007812,615.4397583007812,615.4397583007812,0,0.0,0.0
2017-08-25 00:00:00+09:00,616.2945556640625,616.2945556640625,616.2945556640625,616.2945556640625,100,0.0,0.0
2017-08-28 00:00:00+09:00,606.0372260274901,616.2945556640625,606.0372260274901,616.2945556640625,1000,0.0,0.0
2017-08-29 00:00:00+09:00,616.2945556640625,616.2945556640625,616.2945556640625,616.2945556640625,200,0.0,0.0
2017-08-30 00:00:00+09:00,615.4397383518776,615.4397383518776,606.8919642081015,614.5849609375,400,0.0,0.0
2017-08-31 00:00:00+09:00,614.5849808586969,615.4397583007812,613.7302034166124,615.4397583007812,700,0.0,0.0
2017-09-01 00:00:00+09:00,619.7135648247917,622.2778968171701,606.8919048628994,612.0205688476562,1900,0.0,0.0
2017-09-04 00:00:00+09:00,615.4397795525766,615.4397795525766,613.730224609375,613.730224609375,400,0.0,0.0
2017-09-05 00:00:00+09:00,618.8588680691189,620.5684229532877,615.4397583007812,615.4397583007812,1500,0.0,0.0
2017-09-06 00:00:00+09:00,615.4397583007812,615.4397583007812,612.0206485324436,615.4397583007812,1000,0.0,0.0
2017-09-07 00:00:00+09:00,609.4562377929688,609.4562377929688,609.4562377929688,609.4562377929688,500,0.0,0.0
2017-09-08 00:00:00+09:00,615.439721714122,615.439721714122,605.1823930188866,606.0371704101562,2000,0.0,0.0
2017-09-11 00:00:00+09:00,606.0371704101562,606.0371704101562,606.0371704101562,606.0371704101562,500,0.0,0.0
2017-09-12 00:00:00+09:00,606.0371704101562,606.0371704101562,606.0371704101562,606.0371704101562,0,0.0,0.0
2017-09-13 00:00:00+09:00,606.0371704101562,606.0371704101562,606.0371704101562,606.0371704101562,0,0.0,0.0
2017-09-14 00:00:00+09:00,607.7466794349407,619.7135620117188,607.7466794349407,619.7135620117188,700,0.0,0.0
2017-09-15 00:00:00+09:00,618.858784684806,619.7135620117188,618.858784684806,619.7135620117188,1200,0.0,0.0
2017-09-18 00:00:00+09:00,619.7135620117188,619.7135620117188,619.7135620117188,619.7135620117188,0,0.0,0.0
2017-09-19 00:00:00+09:00,623.9874638236969,633.3900146484375,623.9874638236969,633.3900146484375,7000,0.0,0.0
2017-09-20 00:00:00+09:00,636.8091452137866,641.083032094416,628.2613714525277,631.6804809570312,3600,0.0,0.0
2017-09-21 00:00:00+09:00,641.0830713087513,641.0830713087513,633.3900744530463,635.9544067382812,700,0.0,0.0
2017-09-22 00:00:00+09:00,636.8091641781629,636.8091641781629,635.099609375,635.099609375,500,0.0,0.0
2017-09-25 00:00:00+09:00,640.2282104492188,640.2282104492188,640.2282104492188,640.2282104492188,100,0.0,0.0
2017-09-26 00:00:00+09:00,631.6804809570312,631.6804809570312,631.6804809570312,631.6804809570312,400,0.0,0.0
2017-09-27 00:00:00+09:00,631.6804809570312,631.6804809570312,631.6804809570312,631.6804809570312,0,0.0,0.0
2017-09-28 00:00:00+09:00,636.80912109375,641.0830078125,636.80912109375,641.0830078125,4800,0.0,0.0
2017-09-29 00:00:00+09:00,641.083003025429,653.9046630859375,641.083003025429,653.9046630859375,2900,0.0,0.0
2017-10-02 00:00:00+09:00,657.3237724354065,657.3237724354065,653.9046630859375,653.9046630859375,800,0.0,0.0
2017-10-03 00:00:00+09:00,658.1785497727737,658.1785497727737,653.9046630859375,653.9046630859375,1800,0.0,0.0
2017-10-04 00:00:00+09:00,653.904683085708,654.7594604492188,653.0499057221973,654.7594604492188,4100,0.0,0.0
2017-10-05 00:00:00+09:00,654.7594604492188,654.7594604492188,654.7594604492188,654.7594604492188,0,0.0,0.0
2017-10-06 00:00:00+09:00,650.485573631665,654.7594604492188,650.485573631665,654.7594604492188,1200,0.0,0.0
2017-10-09 00:00:00+09:00,654.7594604492188,654.7594604492188,654.7594604492188,654.7594604492188,0,0.0,0.0
2017-10-10 00:00:00+09:00,647.0665095963801,654.7595064079619,643.6473999023438,643.6473999023438,3400,0.0,0.0
2017-10-11 00:00:00+09:00,650.4855778135102,650.4855778135102,644.5021362304688,644.5021362304688,300,0.0,0.0
2017-10-12 00:00:00+09:00,641.937804123451,644.5021362304688,635.0995851714035,644.5021362304688,3900,0.0,0.0
2017-10-13 00:00:00+09:00,644.5021362304688,644.5021362304688,644.5021362304688,644.5021362304688,100,0.0,0.0
2017-10-16 00:00:00+09:00,644.5021362304688,644.5021362304688,644.5021362304688,644.5021362304688,0,0.0,0.0
2017-10-17 00:00:00+09:00,645.35693359375,645.35693359375,645.35693359375,645.35693359375,200,0.0,0.0
2017-10-18 00:00:00+09:00,645.35693359375,645.35693359375,645.35693359375,645.35693359375,0,0.0,0.0
2017-10-19 00:00:00+09:00,641.0830887592584,645.3569760176536,641.0830887592584,641.9378662109375,1000,0.0,0.0
2017-10-20 00:00:00+09:00,641.9378662109375,641.9378662109375,641.9378662109375,641.9378662109375,0,0.0,0.0
2017-10-23 00:00:00+09:00,641.9378251420691,642.7926025390625,641.9378251420691,642.7926025390625,900,0.0,0.0
2017-10-24 00:00:00+09:00,649.6308382289616,651.3403930664062,648.7760608102393,651.3403930664062,900,0.0,0.0
2017-10-25 00:00:00+09:00,651.3403551825162,651.3403551825162,643.6473588614629,644.5021362304688,700,0.0,0.0
2017-10-26 00:00:00+09:00,651.3403520296629,652.1951293945312,651.3403520296629,652.1951293945312,700,0.0,0.0
2017-10-27 00:00:00+09:00,652.1951293945312,652.1951293945312,652.1951293945312,652.1951293945312,0,0.0,0.0
2017-10-30 00:00:00+09:00,653.0498857485703,653.9046630859375,653.0498857485703,653.9046630859375,700,0.0,0.0
2017-10-31 00:00:00+09:00,653.9046630859375,653.9046630859375,653.9046630859375,653.9046630859375,0,0.0,0.0
2017-11-01 00:00:00+09:00,657.3237915039062,657.3237915039062,657.3237915039062,657.3237915039062,1000,0.0,0.0
2017-11-02 00:00:00+09:00,657.3237915039062,657.3237915039062,657.3237915039062,657.3237915039062,0,0.0,0.0
2017-11-03 00:00:00+09:00,657.3237915039062,657.3237915039062,657.3237915039062,657.3237915039062,0,0.0,0.0
2017-11-06 00:00:00+09:00,659.8881044475082,659.8881044475082,653.9046630859375,653.9046630859375,1300,0.0,0.0
2017-11-07 00:00:00+09:00,655.6142963943087,660.7429610336383,652.1951866347556,659.88818359375,1000,0.0,0.0
2017-11-08 00:00:00+09:00,659.8881267346834,659.8881267346834,649.6307983398438,649.6307983398438,1300,0.0,0.0
2017-11-09 00:00:00+09:00,653.0499067593995,656.4690162188729,652.1951293945312,652.1951293945312,1300,0.0,0.0
2017-11-10 00:00:00+09:00,652.1951293945312,652.1951293945312,652.1951293945312,652.1951293945312,0,0.0,0.0
2017-11-13 00:00:00+09:00,653.0499057221973,663.3072340843261,653.0499057221973,654.7594604492188,2500,0.0,0.0
2017-11-14 00:00:00+09:00,663.3072697566106,666.7263793945312,663.3072697566106,666.7263793945312,3100,0.0,0.0
2017-11-15 00:00:00+09:00,666.7263212092656,667.5810985441492,656.4689931906614,659.0333251953125,3300,0.0,0.0
2017-11-16 00:00:00+09:00,656.4690575787401,656.4690575787401,644.5021737166277,651.3403930664062,7300,0.0,0.0
2017-11-17 00:00:00+09:00,651.340371975724,653.9047041488568,649.6308171936355,653.0499267578125,2700,0.0,0.0
2017-11-20 00:00:00+09:00,659.0334048954132,662.4525146484375,659.0334048954132,662.4525146484375,1800,0.0,0.0
2017-11-21 00:00:00+09:00,662.4525146484375,662.4525146484375,662.4525146484375,662.4525146484375,0,0.0,0.0
2017-11-22 00:00:00+09:00,662.4525146484375,664.1620695249495,662.4525146484375,662.4525146484375,1100,0.0,0.0
2017-11-23 00:00:00+09:00,662.4525146484375,662.4525146484375,662.4525146484375,662.4525146484375,0,0.0,0.0
2017-11-24 00:00:00+09:00,669.2907476413114,684.6767418399623,669.2907476413114,676.1289672851562,3900,0.0,0.0
2017-11-27 00:00:00+09:00,676.983677282911,694.9340020593519,676.983677282911,691.514892578125,3800,0.0,0.0
2017-11-28 00:00:00+09:00,683.821921678459,685.5314764826552,666.7263736364976,679.5480346679688,4900,0.0,0.0
2017-11-29 00:00:00+09:00,679.5480346679688,679.5480346679688,679.5480346679688,679.5480346679688,0,0.0,0.0
2017-11-30 00:00:00+09:00,690.66015625,690.66015625,682.9671594600866,690.66015625,6600,0.0,0.0
2017-12-01 00:00:00+09:00,690.66015625,690.66015625,690.66015625,690.66015625,0,0.0,0.0
2017-12-04 00:00:00+09:00,691.5148936382891,691.5148936382891,688.9505615234375,688.9505615234375,800,0.0,0.0
2017-12-05 00:00:00+09:00,690.6601385719023,690.6601385719023,683.8219193781212,684.6766967773438,800,0.0,0.0
2017-12-06 00:00:00+09:00,684.6766967773438,684.6766967773438,684.6766967773438,684.6766967773438,0,0.0,0.0
2017-12-07 00:00:00+09:00,683.8219392923941,685.531494140625,683.8219392923941,685.531494140625,700,0.0,0.0
2017-12-08 00:00:00+09:00,687.2410289750118,687.2410289750118,675.2741453858946,684.6766967773438,2300,0.0,0.0
2017-12-11 00:00:00+09:00,677.8385034582969,684.6767229131095,659.8881773894138,672.7098388671875,4600,0.0,0.0
2017-12-12 00:00:00+09:00,672.7097385728451,672.7097385728451,668.4358520507812,668.4358520507812,900,0.0,0.0
2017-12-13 00:00:00+09:00,672.7097946032975,681.257568359375,672.7097946032975,681.257568359375,2100,0.0,0.0
2017-12-14 00:00:00+09:00,682.1123247015312,682.9671020507812,682.1123247015312,682.9671020507812,1900,0.0,0.0
2017-12-15 00:00:00+09:00,682.9671020507812,682.9671020507812,682.9671020507812,682.9671020507812,0,0.0,0.0
2017-12-18 00:00:00+09:00,697.4983744027436,697.4983744027436,693.2244873046875,693.2244873046875,2100,0.0,0.0
2017-12-19 00:00:00+09:00,697.4983744027436,697.4983744027436,693.2244873046875,693.2244873046875,2100,0.0,0.0
2017-12-20 00:00:00+09:00,695.788818359375,695.788818359375,695.788818359375,695.788818359375,200,0.0,0.0
2017-12-21 00:00:00+09:00,696.6435546875,700.0626641583589,696.6435546875,696.6435546875,1500,0.0,0.0
2017-12-22 00:00:00+09:00,696.6435546875,696.6435546875,696.6435546875,696.6435546875,0,0.0,0.0
2017-12-25 00:00:00+09:00,696.6435546875,696.6435546875,696.6435546875,696.6435546875,0,0.0,0.0
2017-12-26 00:00:00+09:00,696.6435735420721,701.7722378871671,694.0792413695245,700.0626831054688,3600,0.0,0.0
2017-12-27 00:00:00+09:00,704.3365974711659,704.3365974711659,679.5480521718165,685.531494140625,6100,0.0,0.0
2017-12-28 00:00:00+09:00,700.91748046875,700.91748046875,700.0627030535442,700.91748046875,800,0.0,0.0
2017-12-29 00:00:00+09:00,700.91748046875,700.91748046875,700.91748046875,700.91748046875,0,0.0,0.0
2018-01-01 00:00:00+09:00,700.91748046875,700.91748046875,700.91748046875,700.91748046875,0,0.0,0.0
2018-01-02 00:00:00+09:00,700.91748046875,700.91748046875,700.91748046875,700.91748046875,0,0.0,0.0
2018-01-03 00:00:00+09:00,700.91748046875,700.91748046875,700.91748046875,700.91748046875,0,0.0,0.0
2018-01-04 00:00:00+09:00,694.9340198741239,697.4983520507812,694.9340198741239,697.4983520507812,600,0.0,0.0
2018-01-05 00:00:00+09:00,697.4983520507812,697.4983520507812,697.4983520507812,697.4983520507812,0,0.0,0.0
2018-01-08 00:00:00+09:00,697.4983520507812,697.4983520507812,697.4983520507812,697.4983520507812,0,0.0,0.0
2018-01-09 00:00:00+09:00,703.481793796315,703.481793796315,697.4983520507812,697.4983520507812,1800,0.0,0.0
2018-01-10 00:00:00+09:00,704.3365499407855,704.3365499407855,699.2078857421875,699.2078857421875,600,0.0,0.0
2018-01-11 00:00:00+09:00,699.2078857421875,699.2078857421875,699.2078857421875,699.2078857421875,0,0.0,0.0
2018-01-12 00:00:00+09:00,700.9174175123903,706.0460815429688,700.9174175123903,706.0460815429688,2100,0.0,0.0
2018-01-15 00:00:00+09:00,706.0461612563536,711.1748258659638,706.0461612563536,709.4652709960938,1900,0.0,0.0
2018-01-16 00:00:00+09:00,712.0295797634808,725.7060182703424,712.0295797634808,716.303466796875,1900,0.0,0.0
2018-01-17 00:00:00+09:00,715.4486893901961,726.5607956770212,715.4486893901961,716.303466796875,3200,0.0,0.0
2018-01-18 00:00:00+09:00,718.8677538144462,730.8346367554715,718.0129764615159,727.41552734375,1600,0.0,0.0
2018-01-19 00:00:00+09:00,727.41552734375,727.41552734375,727.41552734375,727.41552734375,0,0.0,0.0
2018-01-22 00:00:00+09:00,727.4156176089697,757.3328286739685,727.4156176089697,749.6398315429688,2900,0.0,0.0
2018-01-23 00:00:00+09:00,768.4448483441327,769.2996257060282,754.7684105538033,759.0422973632812,2900,0.0,0.0
2018-01-24 00:00:00+09:00,757.3327188629728,768.44482421875,747.9301681773151,768.44482421875,5200,0.0,0.0
2018-01-25 00:00:00+09:00,752.2041274989175,752.2041274989175,736.8181339818941,740.2372436523438,1800,0.0,0.0
2018-01-26 00:00:00+09:00,740.2372436523438,740.2372436523438,740.2372436523438,740.2372436523438,0,0.0,0.0
2018-01-29 00:00:00+09:00,744.5111810919943,761.6067306004213,744.5111810919943,760.751953125,1600,0.0,0.0
2018-01-30 00:00:00+09:00,742.8016010485197,742.8016010485197,726.5608295641447,730.834716796875,1300,0.0,0.0
2018-01-31 00:00:00+09:00,743.6563367041472,743.6563367041472,731.689453125,731.689453125,300,0.0,0.0
2018-02-01 00:00:00+09:00,731.689453125,731.689453125,731.689453125,731.689453125,0,0.0,0.0
2018-02-02 00:00:00+09:00,744.5111129458763,749.6397773289708,732.5442293853226,734.2537841796875,2400,0.0,0.0
2018-02-05 00:00:00+09:00,731.6894565838991,731.6894565838991,700.9174700920529,723.9964599609375,4100,0.0,0.0
2018-02-06 00:00:00+09:00,667.5811465805791,689.8053588867188,633.3900507249797,689.8053588867188,10900,0.0,0.0
2018-02-07 00:00:00+09:00,697.4983520507812,697.4983520507812,697.4983520507812,697.4983520507812,400,0.0,0.0
2018-02-08 00:00:00+09:00,697.4983520507812,697.4983520507812,697.4983520507812,697.4983520507812,0,0.0,0.0
2018-02-09 00:00:00+09:00,668.4358871135306,682.9671020507812,649.6307854300297,682.9671020507812,4300,0.0,0.0
2018-02-12 00:00:00+09:00,682.9671020507812,682.9671020507812,682.9671020507812,682.9671020507812,0,0.0,0.0
2018-02-13 00:00:00+09:00,657.3238222134188,679.5480346679688,657.3238222134188,679.5480346679688,1600,0.0,0.0
2018-02-14 00:00:00+09:00,679.547995579649,769.2996176373384,679.547995579649,727.41552734375,12600,0.0,0.0
2018-02-15 00:00:00+09:00,735.9633589633676,735.9633589633676,735.1085815429688,735.1085815429688,200,0.0,0.0
2018-02-16 00:00:00+09:00,735.1085815429688,735.1085815429688,735.1085815429688,735.1085815429688,0,0.0,0.0
2018-02-19 00:00:00+09:00,735.1085815429688,735.1085815429688,735.1085815429688,735.1085815429688,0,0.0,0.0
2018-02-20 00:00:00+09:00,715.4486965272484,715.4486965272484,689.8053740710747,700.91748046875,14300,0.0,0.0
2018-02-21 00:00:00+09:00,700.9174468994141,700.9174468994141,683.8218994140625,683.8218994140625,1200,0.0,0.0
2018-02-22 00:00:00+09:00,676.1289250595764,679.5480346679688,676.1289250595764,679.5480346679688,600,0.0,0.0
2018-02-23 00:00:00+09:00,679.5480346679688,679.5480346679688,679.5480346679688,679.5480346679688,0,0.0,0.0
2018-02-26 00:00:00+09:00,679.5480346679688,679.5480346679688,679.5480346679688,679.5480346679688,0,0.0,0.0
2018-02-27 00:00:00+09:00,691.5149136794987,691.5149136794987,689.8053588867188,689.8053588867188,800,0.0,0.0
2018-02-28 00:00:00+09:00,696.6435746585621,697.4983520507812,696.6435746585621,697.4983520507812,300,0.0,0.0
2018-03-01 00:00:00+09:00,693.2244099017073,693.2244099017073,678.6931953908207,682.1123046875,3200,0.0,0.0
2018-03-02 00:00:00+09:00,682.1123468125196,682.1123468125196,677.8384599277294,678.6932373046875,2000,0.0,0.0
2018-03-05 00:00:00+09:00,680.4027899169922,689.8053410339355,680.4027899169922,683.8218994140625,600,0.0,0.0
2018-03-06 00:00:00+09:00,684.6766746653517,688.9505615234375,684.6766746653517,688.9505615234375,800,0.0,0.0
2018-03-07 00:00:00+09:00,689.8053588867188,689.8053588867188,688.9505814903288,689.8053588867188,1900,0.0,0.0
2018-03-08 00:00:00+09:00,689.8053388950547,697.4983352396092,682.9671199221174,688.9505615234375,6000,0.0,0.0
2018-03-09 00:00:00+09:00,681.2575871804531,685.5314741765665,681.2575871804531,684.6766967773438,1600,0.0,0.0
2018-03-12 00:00:00+09:00,683.8218861740166,748.7849653605482,683.8218861740166,717.158203125,4700,0.0,0.0
2018-03-13 00:00:00+09:00,717.1582679105093,717.1582679105093,702.6270515166134,709.4652709960938,1200,0.0,0.0
2018-03-14 00:00:00+09:00,710.3199793080814,737.672854564229,710.3199793080814,729.9798583984375,1800,0.0,0.0
2018-03-15 00:00:00+09:00,737.6728836592067,737.6728836592067,710.3200073242188,710.3200073242188,3300,0.0,0.0
2018-03-16 00:00:00+09:00,705.1914075865362,711.174849832725,700.91752026783,702.6270751953125,1700,0.0,0.0
2018-03-19 00:00:00+09:00,697.4983893829642,704.3366088867188,697.4983893829642,704.3366088867188,1200,0.0,0.0
2018-03-20 00:00:00+09:00,694.0792992424242,705.19140625,691.5149668560606,705.19140625,1500,0.0,0.0
2018-03-21 00:00:00+09:00,705.19140625,705.19140625,705.19140625,705.19140625,0,0.0,0.0
2018-03-22 00:00:00+09:00,706.0461850502775,717.1582920789139,694.0793005579,702.6270751953125,2100,0.0,0.0
2018-03-23 00:00:00+09:00,690.66015625,694.9340433555075,689.8053788288985,690.66015625,4600,0.0,0.0
2018-03-26 00:00:00+09:00,690.6601674275227,709.4652709960938,683.8219479480422,709.4652709960938,8600,0.0,0.0
2018-03-27 00:00:00+09:00,712.8843691986386,717.158256304146,683.8219368811881,690.66015625,4400,0.0,0.0
2018-03-28 00:00:00+09:00,679.1932678222656,705.6553431919643,679.1932678222656,691.542236328125,1500,25.0,0.0
2018-03-29 00:00:00+09:00,698.5987630627819,698.5987630627819,684.4856567382812,684.4856567382812,700,0.0,0.0
2018-03-30 00:00:00+09:00,693.3064032052756,693.3064032052756,688.0139879136324,688.8960571289062,900,0.0,0.0
2018-04-02 00:00:00+09:00,690.6601286497844,821.2063598632812,682.7215064813961,821.2063598632812,9500,0.0,0.0
2018-04-03 00:00:00+09:00,755.0511820091391,767.4001499391951,730.3532461490271,747.99462890625,22300,0.0,0.0
2018-04-04 00:00:00+09:00,746.2304653632483,746.2304653632483,725.9428758793774,731.2352905273438,3000,0.0,0.0
2018-04-05 00:00:00+09:00,728.5891462479943,728.5891462479943,719.7684544047984,721.5325927734375,2300,0.0,0.0
2018-04-06 00:00:00+09:00,721.5325927734375,721.5325927734375,721.5325927734375,721.5325927734375,0,0.0,0.0
2018-04-09 00:00:00+09:00,725.9428649754916,758.5794214810726,725.9428649754916,730.3532104492188,4500,0.0,0.0
2018-04-10 00:00:00+09:00,730.3532104492188,730.3532104492188,730.3532104492188,730.3532104492188,0,0.0,0.0
2018-04-11 00:00:00+09:00,729.4711502589536,729.4711502589536,705.6552844101124,706.537353515625,4300,0.0,0.0
2018-04-12 00:00:00+09:00,706.537353515625,706.537353515625,706.537353515625,706.537353515625,0,0.0,0.0
2018-04-13 00:00:00+09:00,706.537353515625,707.4194226211376,706.537353515625,706.537353515625,300,0.0,0.0
2018-04-16 00:00:00+09:00,705.6552734375,707.4194116210938,705.6552734375,705.6552734375,2100,0.0,0.0
2018-04-17 00:00:00+09:00,712.7117868171368,712.7117868171368,707.4193725585938,707.4193725585938,400,0.0,0.0
2018-04-18 00:00:00+09:00,708.3014965033738,712.7118420606799,708.3014965033738,711.8297729492188,300,0.0,0.0
2018-04-19 00:00:00+09:00,711.8297729492188,711.8297729492188,711.8297729492188,711.8297729492188,0,0.0,0.0
2018-04-20 00:00:00+09:00,715.3580932617188,716.2401624272695,711.8298165995154,715.3580932617188,700,0.0,0.0
2018-04-23 00:00:00+09:00,715.3580932617188,715.3580932617188,715.3580932617188,715.3580932617188,100,0.0,0.0
2018-04-24 00:00:00+09:00,716.2401733398438,716.2401733398438,716.2401733398438,716.2401733398438,300,0.0,0.0
2018-04-25 00:00:00+09:00,716.2401733398438,716.2401733398438,716.2401733398438,716.2401733398438,400,0.0,0.0
2018-04-26 00:00:00+09:00,716.2401733398438,716.2401733398438,716.2401733398438,716.2401733398438,0,0.0,0.0
2018-04-27 00:00:00+09:00,724.1787719726562,726.8249794220083,724.1787719726562,724.1787719726562,500,0.0,0.0
2018-04-30 00:00:00+09:00,724.1787719726562,724.1787719726562,724.1787719726562,724.1787719726562,0,0.0,0.0
2018-05-01 00:00:00+09:00,724.1787674043808,724.1787674043808,718.8863525390625,718.8863525390625,600,0.0,0.0
2018-05-02 00:00:00+09:00,718.8863525390625,718.8863525390625,718.8863525390625,718.8863525390625,0,0.0,0.0
2018-05-03 00:00:00+09:00,718.8863525390625,718.8863525390625,718.8863525390625,718.8863525390625,0,0.0,0.0
2018-05-04 00:00:00+09:00,718.8863525390625,718.8863525390625,718.8863525390625,718.8863525390625,0,0.0,0.0
2018-05-07 00:00:00+09:00,722.4146227580745,723.2966918945312,722.4146227580745,723.2966918945312,500,0.0,0.0
2018-05-08 00:00:00+09:00,723.2966918945312,723.2966918945312,723.2966918945312,723.2966918945312,0,0.0,0.0
2018-05-09 00:00:00+09:00,716.2401624272695,716.2401624272695,715.3580932617188,715.3580932617188,800,0.0,0.0
2018-05-10 00:00:00+09:00,715.3580932617188,715.3580932617188,715.3580932617188,715.3580932617188,0,0.0,0.0
2018-05-11 00:00:00+09:00,712.7118593360834,712.7118593360834,708.301513671875,708.301513671875,1000,0.0,0.0
2018-05-14 00:00:00+09:00,663.3159836741424,678.3111588369887,663.3159836741424,668.6083984375,12000,0.0,0.0
2018-05-15 00:00:00+09:00,668.6083874721351,668.6083874721351,665.0801110210947,667.726318359375,5000,0.0,0.0
2018-05-16 00:00:00+09:00,663.3159899464641,664.1980590820312,663.3159899464641,664.1980590820312,2700,0.0,0.0
2018-05-17 00:00:00+09:00,664.1980809091732,672.1367033901594,664.1980809091732,665.9622192382812,600,0.0,0.0
2018-05-18 00:00:00+09:00,664.1980419083346,667.726318359375,663.3159727955746,667.726318359375,1000,0.0,0.0
2018-05-21 00:00:00+09:00,664.1980528013687,670.3725366919525,664.1980528013687,668.6083984375,1200,0.0,0.0
2018-05-22 00:00:00+09:00,668.6083984375,668.6083984375,668.6083984375,668.6083984375,0,0.0,0.0
2018-05-23 00:00:00+09:00,669.4904455760169,669.4904455760169,663.3159618882275,666.84423828125,900,0.0,0.0
2018-05-24 00:00:00+09:00,666.84423828125,666.84423828125,666.84423828125,666.84423828125,0,0.0,0.0
2018-05-25 00:00:00+09:00,665.9622083102361,665.9622083102361,665.0801391601562,665.0801391601562,200,0.0,0.0
2018-05-28 00:00:00+09:00,664.1980528013687,668.6083984375,664.1980528013687,668.6083984375,500,0.0,0.0
2018-05-29 00:00:00+09:00,669.490478515625,669.490478515625,669.490478515625,669.490478515625,100,0.0,0.0
2018-05-30 00:00:00+09:00,665.9622192382812,668.6084267319433,665.9622192382812,665.9622192382812,300,0.0,0.0
2018-05-31 00:00:00+09:00,665.9621691829944,667.7263073795057,665.9621691829944,666.84423828125,400,0.0,0.0
2018-06-01 00:00:00+09:00,666.84423828125,666.84423828125,666.84423828125,666.84423828125,0,0.0,0.0
2018-06-04 00:00:00+09:00,676.5470080375671,677.4290771484375,676.5470080375671,677.4290771484375,1000,0.0,0.0
2018-06-05 00:00:00+09:00,677.4290771484375,677.4290771484375,677.4290771484375,677.4290771484375,0,0.0,0.0
2018-06-06 00:00:00+09:00,677.4290709896508,681.8394165039062,677.4290709896508,681.8394165039062,4600,0.0,0.0
2018-06-07 00:00:00+09:00,681.8394274650002,684.4856348160934,681.8394274650002,682.7214965820312,1800,0.0,0.0
2018-06-08 00:00:00+09:00,698.5987391769506,698.5987391769506,692.4242553710938,692.4242553710938,2500,0.0,0.0
2018-06-11 00:00:00+09:00,694.188404578289,694.188404578289,687.1318515457269,693.3063354492188,1100,0.0,0.0
2018-06-12 00:00:00+09:00,693.3063354492188,693.3063354492188,693.3063354492188,693.3063354492188,0,0.0,0.0
2018-06-13 00:00:00+09:00,688.8960571289062,694.1884724205495,688.8960571289062,688.8960571289062,1400,0.0,0.0
2018-06-14 00:00:00+09:00,696.8346404054918,696.8346404054918,690.66015625,690.66015625,300,0.0,0.0
2018-06-15 00:00:00+09:00,689.778076171875,690.6601453229899,689.778076171875,689.778076171875,3000,0.0,0.0
2018-06-18 00:00:00+09:00,692.4242347290335,818.5601144312652,688.0138892848996,725.060791015625,38200,0.0,0.0
2018-06-19 00:00:00+09:00,718.004251231318,762.1077064666569,714.4759748124908,750.6408081054688,12500,0.0,0.0
2018-06-20 00:00:00+09:00,750.640871320452,751.522940499442,716.2401733398438,716.2401733398438,15400,0.0,0.0
2018-06-21 00:00:00+09:00,729.4711695075757,740.9380681818182,727.70703125,727.70703125,700,0.0,0.0
2018-06-22 00:00:00+09:00,723.2966964758626,729.4711804701687,723.2966964758626,728.589111328125,2300,0.0,0.0
2018-06-25 00:00:00+09:00,730.3532605615176,730.3532605615176,729.47119140625,729.47119140625,800,0.0,0.0
2018-06-26 00:00:00+09:00,730.3531824655911,732.9993896484375,729.4711134046423,732.9993896484375,1200,0.0,0.0
2018-06-27 00:00:00+09:00,734.7635999092689,735.6456690568191,733.8815307617188,733.8815307617188,500,0.0,0.0
2018-06-28 00:00:00+09:00,733.8814930133658,734.7635621155453,725.94287109375,725.94287109375,900,0.0,0.0
2018-06-29 00:00:00+09:00,718.8863291323764,726.824951171875,718.0042600168765,726.824951171875,600,0.0,0.0
2018-07-02 00:00:00+09:00,753.2870359848484,753.2870359848484,727.70703125,727.70703125,1800,0.0,0.0
2018-07-03 00:00:00+09:00,728.5890735266696,728.5890735266696,720.6504516601562,720.6504516601562,500,0.0,0.0
2018-07-04 00:00:00+09:00,720.6504516601562,720.6504516601562,720.6504516601562,720.6504516601562,0,0.0,0.0
2018-07-05 00:00:00+09:00,721.5326036539416,722.4146728515625,721.5326036539416,722.4146728515625,1000,0.0,0.0
2018-07-06 00:00:00+09:00,723.2967073193773,729.47119140625,723.2967073193773,729.47119140625,300,0.0,0.0
2018-07-09 00:00:00+09:00,727.70703125,727.70703125,722.4146164772727,727.70703125,500,0.0,0.0
2018-07-10 00:00:00+09:00,727.70703125,727.70703125,727.70703125,727.70703125,0,0.0,0.0
2018-07-11 00:00:00+09:00,727.7070421860813,729.4711804701687,726.8249730440375,728.589111328125,500,0.0,0.0
2018-07-12 00:00:00+09:00,729.4711413544733,730.3532104492188,729.4711413544733,730.3532104492188,500,0.0,0.0
2018-07-13 00:00:00+09:00,730.3532214193494,732.1173596353382,730.3532214193494,731.2352905273438,2400,0.0,0.0
2018-07-16 00:00:00+09:00,731.2352905273438,731.2352905273438,731.2352905273438,731.2352905273438,0,0.0,0.0
2018-07-17 00:00:00+09:00,723.2967420491835,725.9429496420464,722.4146728515625,722.4146728515625,3500,0.0,0.0
2018-07-18 00:00:00+09:00,722.414697265625,722.414697265625,700.3629665798611,714.47607421875,1900,0.0,0.0
2018-07-19 00:00:00+09:00,714.47607421875,714.47607421875,714.47607421875,714.47607421875,0,0.0,0.0
2018-07-20 00:00:00+09:00,718.8864203559028,719.7684895833333,711.8298665364583,714.47607421875,800,0.0,0.0
2018-07-23 00:00:00+09:00,714.47607421875,714.47607421875,714.47607421875,714.47607421875,0,0.0,0.0
2018-07-24 00:00:00+09:00,714.47607421875,714.47607421875,714.47607421875,714.47607421875,0,0.0,0.0
2018-07-25 00:00:00+09:00,714.47607421875,714.47607421875,714.47607421875,714.47607421875,100,0.0,0.0
2018-07-26 00:00:00+09:00,715.3580272982579,715.3580272982579,710.0656127929688,710.0656127929688,200,0.0,0.0
2018-07-27 00:00:00+09:00,710.0656127929688,710.0656127929688,710.0656127929688,710.0656127929688,0,0.0,0.0
2018-07-30 00:00:00+09:00,710.9477625616023,721.5325927734375,708.3015550086435,721.5325927734375,1500,0.0,0.0
2018-07-31 00:00:00+09:00,718.8863525390625,718.8863525390625,718.8863525390625,718.8863525390625,200,0.0,0.0
2018-08-01 00:00:00+09:00,718.8863147517883,718.8863147517883,710.9476928710938,710.9476928710938,600,0.0,0.0
2018-08-02 00:00:00+09:00,710.0655796878654,710.0655796878654,707.4193725585938,707.4193725585938,500,0.0,0.0
2018-08-03 00:00:00+09:00,707.4193725585938,707.4193725585938,707.4193725585938,707.4193725585938,0,0.0,0.0
2018-08-06 00:00:00+09:00,707.4193725585938,707.4193725585938,707.4193725585938,707.4193725585938,500,0.0,0.0
2018-08-07 00:00:00+09:00,707.4193725585938,707.4193725585938,707.4193725585938,707.4193725585938,0,0.0,0.0
2018-08-08 00:00:00+09:00,707.4193725585938,707.4193725585938,707.4193725585938,707.4193725585938,0,0.0,0.0
2018-08-09 00:00:00+09:00,707.4193725585938,707.4193725585938,707.4193725585938,707.4193725585938,0,0.0,0.0
2018-08-10 00:00:00+09:00,707.4193725585938,707.4193725585938,707.4193725585938,707.4193725585938,0,0.0,0.0
2018-08-13 00:00:00+09:00,707.4193725585938,707.4193725585938,707.4193725585938,707.4193725585938,0,0.0,0.0
2018-08-14 00:00:00+09:00,707.4193725585938,707.4193725585938,707.4193725585938,707.4193725585938,0,0.0,0.0
2018-08-15 00:00:00+09:00,707.4193725585938,707.4193725585938,707.4193725585938,707.4193725585938,0,0.0,0.0
2018-08-16 00:00:00+09:00,707.4193725585938,707.4193725585938,707.4193725585938,707.4193725585938,0,0.0,0.0
2018-08-17 00:00:00+09:00,712.7119074559887,717.1222534179688,712.7119074559887,717.1222534179688,200,0.0,0.0
2018-08-20 00:00:00+09:00,709.1835546753838,710.9476928710938,709.1835546753838,710.9476928710938,200,0.0,0.0
2018-08-21 00:00:00+09:00,710.9476928710938,710.9476928710938,710.9476928710938,710.9476928710938,0,0.0,0.0
2018-08-22 00:00:00+09:00,710.9476928710938,710.9476928710938,710.9476928710938,710.9476928710938,0,0.0,0.0
2018-08-23 00:00:00+09:00,710.9476928710938,710.9476928710938,710.9476928710938,710.9476928710938,0,0.0,0.0
2018-08-24 00:00:00+09:00,710.9476928710938,710.9476928710938,710.9476928710938,710.9476928710938,0,0.0,0.0
2018-08-27 00:00:00+09:00,710.9476928710938,710.9476928710938,710.9476928710938,710.9476928710938,0,0.0,0.0
2018-08-28 00:00:00+09:00,710.9476928710938,710.9476928710938,710.9476928710938,710.9476928710938,0,0.0,0.0
2018-08-29 00:00:00+09:00,710.9476928710938,710.9476928710938,710.9476928710938,710.9476928710938,0,0.0,0.0
2018-08-30 00:00:00+09:00,710.9476928710938,710.9476928710938,710.9476928710938,710.9476928710938,0,0.0,0.0
2018-08-31 00:00:00+09:00,707.4193725585938,707.4193725585938,707.4193725585938,707.4193725585938,200,0.0,0.0
2018-09-03 00:00:00+09:00,707.4193725585938,707.4193725585938,707.4193725585938,707.4193725585938,0,0.0,0.0
2018-09-04 00:00:00+09:00,707.4193725585938,707.4193725585938,707.4193725585938,707.4193725585938,0,0.0,0.0
2018-09-05 00:00:00+09:00,707.4193725585938,707.4193725585938,707.4193725585938,707.4193725585938,0,0.0,0.0
2018-09-06 00:00:00+09:00,707.4193725585938,707.4193725585938,707.4193725585938,707.4193725585938,0,0.0,0.0
2018-09-07 00:00:00+09:00,707.4193725585938,707.4193725585938,707.4193725585938,707.4193725585938,0,0.0,0.0
2018-09-10 00:00:00+09:00,707.4193725585938,707.4193725585938,707.4193725585938,707.4193725585938,0,0.0,0.0
2018-09-11 00:00:00+09:00,698.5987439258059,698.5987439258059,697.7166748046875,697.7166748046875,200,0.0,0.0
2018-09-12 00:00:00+09:00,697.7166748046875,697.7166748046875,697.7166748046875,697.7166748046875,0,0.0,0.0
2018-09-13 00:00:00+09:00,697.7166748046875,697.7166748046875,697.7166748046875,697.7166748046875,0,0.0,0.0
2018-09-14 00:00:00+09:00,697.7166748046875,697.7166748046875,697.7166748046875,697.7166748046875,0,0.0,0.0
2018-09-17 00:00:00+09:00,697.7166748046875,697.7166748046875,697.7166748046875,697.7166748046875,0,0.0,0.0
2018-09-18 00:00:00+09:00,697.7166748046875,697.7166748046875,697.7166748046875,697.7166748046875,0,0.0,0.0
2018-09-19 00:00:00+09:00,697.7166748046875,697.7166748046875,697.7166748046875,697.7166748046875,0,0.0,0.0
2018-09-20 00:00:00+09:00,697.7166748046875,697.7166748046875,697.7166748046875,697.7166748046875,0,0.0,0.0
2018-09-21 00:00:00+09:00,705.6552734375,705.6552734375,705.6552734375,705.6552734375,300,0.0,0.0
2018-09-24 00:00:00+09:00,705.6552734375,705.6552734375,705.6552734375,705.6552734375,0,0.0,0.0
2018-09-25 00:00:00+09:00,703.8912048339844,703.8912048339844,690.6601671491351,691.542236328125,300,0.0,0.0
2018-09-26 00:00:00+09:00,691.542236328125,691.542236328125,691.542236328125,691.542236328125,0,0.0,0.0
2018-09-27 00:00:00+09:00,691.542236328125,691.542236328125,691.542236328125,691.542236328125,0,0.0,0.0
2018-09-28 00:00:00+09:00,699.4808349609375,699.4808349609375,699.4808349609375,699.4808349609375,300,0.0,0.0
2018-10-01 00:00:00+09:00,713.5939549306171,715.3580932617188,713.5939549306171,715.3580932617188,600,0.0,0.0
2018-10-02 00:00:00+09:00,714.4759881059379,714.4759881059379,697.7166748046875,697.7166748046875,1100,0.0,0.0
2018-10-03 00:00:00+09:00,697.7166748046875,697.7166748046875,697.7166748046875,697.7166748046875,0,0.0,0.0
2018-10-04 00:00:00+09:00,697.7166748046875,697.7166748046875,697.7166748046875,697.7166748046875,0,0.0,0.0
2018-10-05 00:00:00+09:00,697.7166748046875,697.7166748046875,697.7166748046875,697.7166748046875,0,0.0,0.0
2018-10-08 00:00:00+09:00,697.7166748046875,697.7166748046875,697.7166748046875,697.7166748046875,0,0.0,0.0
2018-10-09 00:00:00+09:00,697.7166748046875,697.7166748046875,697.7166748046875,697.7166748046875,0,0.0,0.0
2018-10-10 00:00:00+09:00,697.7166748046875,697.7166748046875,697.7166748046875,697.7166748046875,0,0.0,0.0
2018-10-11 00:00:00+09:00,697.7166748046875,697.7166748046875,697.7166748046875,697.7166748046875,0,0.0,0.0
2018-10-12 00:00:00+09:00,697.7166748046875,697.7166748046875,697.7166748046875,697.7166748046875,0,0.0,0.0
2018-10-15 00:00:00+09:00,697.7166748046875,697.7166748046875,697.7166748046875,697.7166748046875,0,0.0,0.0
2018-10-16 00:00:00+09:00,688.013916015625,688.013916015625,688.013916015625,688.013916015625,600,0.0,0.0
2018-10-17 00:00:00+09:00,688.0139112842176,688.0139112842176,682.7214965820312,682.7214965820312,200,0.0,0.0
2018-10-18 00:00:00+09:00,682.7214965820312,682.7214965820312,682.7214965820312,682.7214965820312,0,0.0,0.0
2018-10-19 00:00:00+09:00,692.4242553710938,692.4242553710938,692.4242553710938,692.4242553710938,100,0.0,0.0
2018-10-22 00:00:00+09:00,681.8394055144157,681.8394055144157,680.9573364257812,680.9573364257812,300,0.0,0.0
2018-10-23 00:00:00+09:00,680.9573364257812,680.9573364257812,680.9573364257812,680.9573364257812,0,0.0,0.0
2018-10-24 00:00:00+09:00,680.9573364257812,680.9573364257812,680.9573364257812,680.9573364257812,0,0.0,0.0
2018-10-25 00:00:00+09:00,673.9008069119635,673.9008069119635,673.0187377929688,673.0187377929688,200,0.0,0.0
2018-10-26 00:00:00+09:00,673.0187377929688,673.0187377929688,673.0187377929688,673.0187377929688,0,0.0,0.0
2018-10-29 00:00:00+09:00,665.9622543723069,665.9622543723069,658.9057006835938,658.9057006835938,400,0.0,0.0
2018-10-30 00:00:00+09:00,658.9057006835938,658.9057006835938,658.9057006835938,658.9057006835938,0,0.0,0.0
2018-10-31 00:00:00+09:00,661.5518545175528,679.1932373046875,661.5518545175528,679.1932373046875,500,0.0,0.0
2018-11-01 00:00:00+09:00,679.1932373046875,679.1932373046875,679.1932373046875,679.1932373046875,0,0.0,0.0
2018-11-02 00:00:00+09:00,679.1932373046875,679.1932373046875,679.1932373046875,679.1932373046875,0,0.0,0.0
2018-11-05 00:00:00+09:00,674.7829108838214,674.7829108838214,665.9622192382812,665.9622192382812,500,0.0,0.0
2018-11-06 00:00:00+09:00,665.9622192382812,665.9622192382812,665.9622192382812,665.9622192382812,0,0.0,0.0
2018-11-07 00:00:00+09:00,665.9622192382812,665.9622192382812,665.9622192382812,665.9622192382812,0,0.0,0.0
2018-11-08 00:00:00+09:00,665.9622192382812,665.9622192382812,665.9622192382812,665.9622192382812,0,0.0,0.0
2018-11-09 00:00:00+09:00,688.0139315264652,694.1884155273438,688.0139315264652,694.1884155273438,3500,0.0,0.0
2018-11-12 00:00:00+09:00,694.1884155273438,694.1884155273438,694.1884155273438,694.1884155273438,0,0.0,0.0
2018-11-13 00:00:00+09:00,679.1932373046875,679.1932373046875,679.1932373046875,679.1932373046875,1000,0.0,0.0
2018-11-14 00:00:00+09:00,678.3111414471324,678.3111414471324,672.1366577148438,672.1366577148438,3600,0.0,0.0
2018-11-15 00:00:00+09:00,672.1366577148438,672.1366577148438,672.1366577148438,672.1366577148438,0,0.0,0.0
2018-11-16 00:00:00+09:00,672.1366577148438,672.1366577148438,672.1366577148438,672.1366577148438,0,0.0,0.0
2018-11-19 00:00:00+09:00,665.0801544790982,671.254638671875,665.0801544790982,671.254638671875,400,0.0,0.0
2018-11-20 00:00:00+09:00,671.254638671875,671.254638671875,671.254638671875,671.254638671875,0,0.0,0.0
2018-11-21 00:00:00+09:00,668.6084202816612,670.37255859375,668.6084202816612,670.37255859375,1000,0.0,0.0
2018-11-22 00:00:00+09:00,670.37255859375,670.37255859375,670.37255859375,670.37255859375,500,0.0,0.0
2018-11-23 00:00:00+09:00,670.37255859375,670.37255859375,670.37255859375,670.37255859375,0,0.0,0.0
2018-11-26 00:00:00+09:00,670.37255859375,670.37255859375,670.37255859375,670.37255859375,0,0.0,0.0
2018-11-27 00:00:00+09:00,680.0752563476562,680.0752563476562,680.0752563476562,680.0752563476562,300,0.0,0.0
2018-11-28 00:00:00+09:00,679.1932139561937,687.1318359375,679.1932139561937,687.1318359375,400,0.0,0.0
2018-11-29 00:00:00+09:00,687.1318359375,687.1318359375,687.1318359375,687.1318359375,0,0.0,0.0
2018-11-30 00:00:00+09:00,687.1318359375,687.1318359375,687.1318359375,687.1318359375,0,0.0,0.0
2018-12-03 00:00:00+09:00,685.367747721145,688.0139552413038,683.6036093743725,686.2498168945312,700,0.0,0.0
2018-12-04 00:00:00+09:00,680.0752563476562,680.0752563476562,680.0752563476562,680.0752563476562,200,0.0,0.0
2018-12-05 00:00:00+09:00,679.1932373046875,679.1932373046875,679.1932373046875,679.1932373046875,3800,0.0,0.0
2018-12-06 00:00:00+09:00,679.1932373046875,679.1932373046875,679.1932373046875,679.1932373046875,0,0.0,0.0
2018-12-07 00:00:00+09:00,679.1932373046875,679.1932373046875,679.1932373046875,679.1932373046875,0,0.0,0.0
2018-12-10 00:00:00+09:00,675.6649169921875,675.6649169921875,675.6649169921875,675.6649169921875,900,0.0,0.0
2018-12-11 00:00:00+09:00,668.6083984375,668.6083984375,668.6083984375,668.6083984375,100,0.0,0.0
2018-12-12 00:00:00+09:00,668.6083984375,668.6083984375,668.6083984375,668.6083984375,0,0.0,0.0
2018-12-13 00:00:00+09:00,687.1318359375,687.1318359375,687.1318359375,687.1318359375,100,0.0,0.0
2018-12-14 00:00:00+09:00,687.1318359375,687.1318359375,687.1318359375,687.1318359375,0,0.0,0.0
2018-12-17 00:00:00+09:00,660.6697998046875,660.6697998046875,660.6697998046875,660.6697998046875,1100,0.0,0.0
2018-12-18 00:00:00+09:00,660.6698042509571,665.9622192382812,660.6698042509571,665.9622192382812,1100,0.0,0.0
2018-12-19 00:00:00+09:00,665.9622192382812,665.9622192382812,665.9622192382812,665.9622192382812,0,0.0,0.0
2018-12-20 00:00:00+09:00,658.9057006835938,658.9057006835938,652.7312162059698,658.9057006835938,500,0.0,0.0
2018-12-21 00:00:00+09:00,652.7311773771278,660.6697998046875,652.7311773771278,660.6697998046875,1000,0.0,0.0
2018-12-24 00:00:00+09:00,660.6697998046875,660.6697998046875,660.6697998046875,660.6697998046875,0,0.0,0.0
2018-12-25 00:00:00+09:00,627.1511840820312,627.1511840820312,627.1511840820312,627.1511840820312,700,0.0,0.0
2018-12-26 00:00:00+09:00,661.5518188476562,661.5518188476562,661.5518188476562,661.5518188476562,500,0.0,0.0
2018-12-27 00:00:00+09:00,661.5518188476562,661.5518188476562,661.5518188476562,661.5518188476562,0,0.0,0.0
2018-12-28 00:00:00+09:00,661.5518188476562,661.5518188476562,661.5518188476562,661.5518188476562,0,0.0,0.0
2018-12-31 00:00:00+09:00,661.5518188476562,661.5518188476562,661.5518188476562,661.5518188476562,0,0.0,0.0
2019-01-04 00:00:00+09:00,661.5518188476562,661.5518188476562,661.5518188476562,661.5518188476562,0,0.0,0.0
2019-01-07 00:00:00+09:00,661.5518188476562,661.5518188476562,661.5518188476562,661.5518188476562,0,0.0,0.0
2019-01-08 00:00:00+09:00,661.5518188476562,661.5518188476562,661.5518188476562,661.5518188476562,0,0.0,0.0
2019-01-09 00:00:00+09:00,677.429099025974,679.1932373046875,677.429099025974,679.1932373046875,800,0.0,0.0
2019-01-10 00:00:00+09:00,679.1932373046875,679.1932373046875,679.1932373046875,679.1932373046875,100,0.0,0.0
2019-01-11 00:00:00+09:00,679.1932373046875,679.1932373046875,679.1932373046875,679.1932373046875,0,0.0,0.0
2019-01-15 00:00:00+09:00,679.1932373046875,679.1932373046875,679.1932373046875,679.1932373046875,0,0.0,0.0
2019-01-16 00:00:00+09:00,679.1932373046875,679.1932373046875,679.1932373046875,679.1932373046875,0,0.0,0.0
2019-01-17 00:00:00+09:00,679.1932373046875,679.1932373046875,679.1932373046875,679.1932373046875,0,0.0,0.0
2019-01-18 00:00:00+09:00,679.1932373046875,679.1932373046875,679.1932373046875,679.1932373046875,0,0.0,0.0
2019-01-21 00:00:00+09:00,679.1932373046875,679.1932373046875,679.1932373046875,679.1932373046875,0,0.0,0.0
2019-01-22 00:00:00+09:00,679.1932373046875,679.1932373046875,679.1932373046875,679.1932373046875,0,0.0,0.0
2019-01-23 00:00:00+09:00,658.0236206054688,658.0236206054688,658.0236206054688,658.0236206054688,300,0.0,0.0
2019-01-24 00:00:00+09:00,658.0236206054688,658.0236206054688,658.0236206054688,658.0236206054688,0,0.0,0.0
2019-01-25 00:00:00+09:00,677.4290897097626,677.4290897097626,668.6083984375,668.6083984375,400,0.0,0.0
2019-01-28 00:00:00+09:00,668.6083984375,668.6083984375,668.6083984375,668.6083984375,0,0.0,0.0
2019-01-29 00:00:00+09:00,668.6083984375,668.6083984375,668.6083984375,668.6083984375,0,0.0,0.0
2019-01-30 00:00:00+09:00,667.726318359375,667.726318359375,667.726318359375,667.726318359375,100,0.0,0.0
2019-01-31 00:00:00+09:00,666.8442570612981,666.8442570612981,653.6132202148438,653.6132202148438,300,0.0,0.0
2019-02-01 00:00:00+09:00,653.6132202148438,653.6132202148438,653.6132202148438,653.6132202148438,0,0.0,0.0
2019-02-04 00:00:00+09:00,653.6132202148438,653.6132202148438,653.6132202148438,653.6132202148438,0,0.0,0.0
2019-02-05 00:00:00+09:00,644.7925415039062,644.7925415039062,644.7925415039062,644.7925415039062,100,0.0,0.0
2019-02-06 00:00:00+09:00,652.7311510917468,653.6132202148438,652.7311510917468,653.6132202148438,500,0.0,0.0
2019-02-07 00:00:00+09:00,662.4338989257812,662.4338989257812,662.4338989257812,662.4338989257812,1100,0.0,0.0
2019-02-08 00:00:00+09:00,662.4338989257812,662.4338989257812,662.4338989257812,662.4338989257812,0,0.0,0.0
2019-02-12 00:00:00+09:00,643.9105240950782,658.9057006835938,643.9105240950782,658.9057006835938,1300,0.0,0.0
2019-02-13 00:00:00+09:00,645.6746215820312,645.6746215820312,645.6746215820312,645.6746215820312,100,0.0,0.0
2019-02-14 00:00:00+09:00,645.6746304419732,656.2594604492188,645.6746304419732,656.2594604492188,200,0.0,0.0
2019-02-15 00:00:00+09:00,656.2594604492188,656.2594604492188,656.2594604492188,656.2594604492188,0,0.0,0.0
2019-02-18 00:00:00+09:00,656.2594604492188,656.2594604492188,656.2594604492188,656.2594604492188,0,0.0,0.0
2019-02-19 00:00:00+09:00,643.9104614257812,643.9104614257812,643.9104614257812,643.9104614257812,400,0.0,0.0
2019-02-20 00:00:00+09:00,643.9104614257812,643.9104614257812,643.9104614257812,643.9104614257812,100,0.0,0.0
2019-02-21 00:00:00+09:00,643.9105134611156,658.0236206054688,643.9105134611156,658.0236206054688,400,0.0,0.0
2019-02-22 00:00:00+09:00,658.0236206054688,658.0236206054688,658.0236206054688,658.0236206054688,0,0.0,0.0
2019-02-25 00:00:00+09:00,658.0236206054688,658.0236206054688,658.0236206054688,658.0236206054688,0,0.0,0.0
2019-02-26 00:00:00+09:00,658.0236206054688,658.0236206054688,658.0236206054688,658.0236206054688,0,0.0,0.0
2019-02-27 00:00:00+09:00,658.0236206054688,658.0236206054688,658.0236206054688,658.0236206054688,0,0.0,0.0
2019-02-28 00:00:00+09:00,658.0236206054688,658.0236206054688,658.0236206054688,658.0236206054688,0,0.0,0.0
2019-03-01 00:00:00+09:00,650.9669860590041,650.9669860590041,646.556640625,646.556640625,300,0.0,0.0
2019-03-04 00:00:00+09:00,646.556640625,646.556640625,646.556640625,646.556640625,0,0.0,0.0
2019-03-05 00:00:00+09:00,645.6746215820312,645.6746215820312,645.6746215820312,645.6746215820312,100,0.0,0.0
2019-03-06 00:00:00+09:00,645.6746215820312,645.6746215820312,645.6746215820312,645.6746215820312,0,0.0,0.0
2019-03-07 00:00:00+09:00,643.9104614257812,643.9104614257812,643.9104614257812,643.9104614257812,1600,0.0,0.0
2019-03-08 00:00:00+09:00,643.9104614257812,643.9104614257812,643.9104614257812,643.9104614257812,0,0.0,0.0
2019-03-11 00:00:00+09:00,647.438720703125,647.438720703125,647.438720703125,647.438720703125,200,0.0,0.0
2019-03-12 00:00:00+09:00,643.9104614257812,643.9104614257812,643.9104614257812,643.9104614257812,300,0.0,0.0
2019-03-13 00:00:00+09:00,643.9104614257812,643.9104614257812,643.9104614257812,643.9104614257812,0,0.0,0.0
2019-03-14 00:00:00+09:00,643.9104614257812,643.9104614257812,643.9104614257812,643.9104614257812,0,0.0,0.0
2019-03-15 00:00:00+09:00,643.9104614257812,643.9104614257812,643.9104614257812,643.9104614257812,0,0.0,0.0
2019-03-18 00:00:00+09:00,646.556640625,646.556640625,646.556640625,646.556640625,100,0.0,0.0
2019-03-19 00:00:00+09:00,646.556640625,646.556640625,646.556640625,646.556640625,0,0.0,0.0
2019-03-20 00:00:00+09:00,702.1270596357589,703.0091288061556,671.254638671875,671.254638671875,5800,0.0,0.0
2019-03-22 00:00:00+09:00,670.3725893567778,670.3725893567778,657.1415514089466,658.0236206054688,1500,0.0,0.0
2019-03-25 00:00:00+09:00,658.023554786476,658.023554786476,647.4387254869616,652.7311401367188,500,0.0,0.0
2019-03-26 00:00:00+09:00,656.2594540115988,660.6697998046875,649.2029007426569,660.6697998046875,900,0.0,0.0
2019-03-27 00:00:00+09:00,658.8447265625,658.8447265625,658.8447265625,658.8447265625,400,25.0,0.0
2019-03-28 00:00:00+09:00,658.8447265625,658.8447265625,658.8447265625,658.8447265625,700,0.0,0.0
2019-03-29 00:00:00+09:00,658.8447265625,658.8447265625,658.8447265625,658.8447265625,0,0.0,0.0
2019-04-01 00:00:00+09:00,658.8447265625,658.8447265625,658.8447265625,658.8447265625,0,0.0,0.0
2019-04-02 00:00:00+09:00,658.8446886555766,667.0574340820312,658.8446886555766,667.0574340820312,600,0.0,0.0
2019-04-03 00:00:00+09:00,664.3198852539062,664.3198852539062,664.3198852539062,664.3198852539062,100,0.0,0.0
2019-04-04 00:00:00+09:00,664.3198852539062,664.3198852539062,664.3198852539062,664.3198852539062,0,0.0,0.0
2019-04-05 00:00:00+09:00,664.3198852539062,664.3198852539062,664.3198852539062,664.3198852539062,0,0.0,0.0
2019-04-08 00:00:00+09:00,664.3198852539062,664.3198852539062,664.3198852539062,664.3198852539062,100,0.0,0.0
2019-04-09 00:00:00+09:00,664.3198852539062,664.3198852539062,664.3198852539062,664.3198852539062,0,0.0,0.0
2019-04-10 00:00:00+09:00,664.3198852539062,664.3198852539062,664.3198852539062,664.3198852539062,0,0.0,0.0
2019-04-11 00:00:00+09:00,664.3198852539062,664.3198852539062,664.3198852539062,664.3198852539062,0,0.0,0.0
2019-04-12 00:00:00+09:00,664.3198852539062,664.3198852539062,664.3198852539062,664.3198852539062,0,0.0,0.0
2019-04-15 00:00:00+09:00,645.1567993164062,645.1567993164062,645.1567993164062,645.1567993164062,100,0.0,0.0
2019-04-16 00:00:00+09:00,647.894381208838,647.894381208838,645.1567993164062,645.1567993164062,200,0.0,0.0
2019-04-17 00:00:00+09:00,645.1567993164062,645.1567993164062,645.1567993164062,645.1567993164062,0,0.0,0.0
2019-04-18 00:00:00+09:00,642.4192131696428,642.4192131696428,638.7691040039062,638.7691040039062,1000,0.0,0.0
2019-04-19 00:00:00+09:00,638.7691040039062,638.7691040039062,638.7691040039062,638.7691040039062,0,0.0,0.0
2019-04-22 00:00:00+09:00,638.7691040039062,638.7691040039062,638.7691040039062,638.7691040039062,100,0.0,0.0
2019-04-23 00:00:00+09:00,638.7691040039062,643.3317404610771,638.7691040039062,638.7691040039062,500,0.0,0.0
2019-04-24 00:00:00+09:00,638.7691040039062,638.7691040039062,638.7691040039062,638.7691040039062,0,0.0,0.0
2019-04-25 00:00:00+09:00,615.9559127087246,637.8565673828125,615.0433854306375,637.8565673828125,700,0.0,0.0
2019-04-26 00:00:00+09:00,637.8565673828125,637.8565673828125,637.8565673828125,637.8565673828125,0,0.0,0.0
2019-05-07 00:00:00+09:00,637.8565673828125,637.8565673828125,637.8565673828125,637.8565673828125,300,0.0,0.0
2019-05-08 00:00:00+09:00,637.8565673828125,637.8565673828125,637.8565673828125,637.8565673828125,100,0.0,0.0
2019-05-09 00:00:00+09:00,637.8565673828125,637.8565673828125,637.8565673828125,637.8565673828125,0,0.0,0.0
2019-05-10 00:00:00+09:00,637.8565673828125,637.8565673828125,637.8565673828125,637.8565673828125,0,0.0,0.0
2019-05-13 00:00:00+09:00,637.8565673828125,637.8565673828125,637.8565673828125,637.8565673828125,100,0.0,0.0
2019-05-14 00:00:00+09:00,636.0315365578631,636.0315365578631,634.2064819335938,634.2064819335938,3700,0.0,0.0
2019-05-15 00:00:00+09:00,634.2064819335938,634.2064819335938,634.2064819335938,634.2064819335938,100,0.0,0.0
2019-05-16 00:00:00+09:00,634.2064819335938,634.2064819335938,634.2064819335938,634.2064819335938,0,0.0,0.0
2019-05-17 00:00:00+09:00,615.04345703125,615.04345703125,615.04345703125,615.04345703125,1200,0.0,0.0
2019-05-20 00:00:00+09:00,615.9559100911957,615.9559100911957,595.8803100585938,595.8803100585938,1400,0.0,0.0
2019-05-21 00:00:00+09:00,568.5045298532525,577.6298032056321,562.1168385065868,575.8047485351562,3400,0.0,0.0
2019-05-22 00:00:00+09:00,574.8922119140625,574.8922119140625,574.8922119140625,574.8922119140625,200,0.0,0.0
2019-05-23 00:00:00+09:00,557.5542214670489,574.8922414472027,557.5542214670489,565.7669677734375,1200,0.0,0.0
2019-05-24 00:00:00+09:00,565.7669111187948,572.1546020507812,565.7669111187948,572.1546020507812,1400,0.0,0.0
2019-05-27 00:00:00+09:00,572.1546020507812,572.1546020507812,572.1546020507812,572.1546020507812,100,0.0,0.0
2019-05-28 00:00:00+09:00,572.1546020507812,572.1546020507812,572.1546020507812,572.1546020507812,300,0.0,0.0
2019-05-29 00:00:00+09:00,572.1546020507812,572.1546020507812,572.1546020507812,572.1546020507812,0,0.0,0.0
2019-05-30 00:00:00+09:00,572.1546020507812,572.1546020507812,572.1546020507812,572.1546020507812,0,0.0,0.0
2019-05-31 00:00:00+09:00,565.7669018632688,581.2798653014552,565.7669018632688,571.2420654296875,2000,0.0,0.0
2019-06-03 00:00:00+09:00,571.2420953905603,571.2420953905603,547.5163853583645,550.2539672851562,3500,0.0,0.0
2019-06-04 00:00:00+09:00,533.8285134055398,542.041259765625,533.8285134055398,542.041259765625,1000,0.0,0.0
2019-06-05 00:00:00+09:00,542.0412266410176,548.4289178640598,542.0412266410176,544.77880859375,500,0.0,0.0
2019-06-06 00:00:00+09:00,544.778807493116,556.6416625976562,544.778807493116,556.6416625976562,300,0.0,0.0
2019-06-07 00:00:00+09:00,556.6416995766108,561.2043364583864,556.6416995766108,560.2918090820312,700,0.0,0.0
2019-06-10 00:00:00+09:00,560.2918090820312,560.2918090820312,560.2918090820312,560.2918090820312,0,0.0,0.0
2019-06-11 00:00:00+09:00,560.2917198768029,569.4169921875,560.2917198768029,569.4169921875,600,0.0,0.0
2019-06-12 00:00:00+09:00,561.2042846679688,561.2042846679688,561.2042846679688,561.2042846679688,200,0.0,0.0
2019-06-13 00:00:00+09:00,561.2042471078726,561.2042471078726,552.0789747971755,557.5541381835938,3100,0.0,0.0
2019-06-14 00:00:00+09:00,557.5541656348124,572.1546020507812,548.4288928748318,572.1546020507812,2900,0.0,0.0
2019-06-17 00:00:00+09:00,553.9040806504546,558.466717229124,553.9040806504546,556.6416625976562,4200,0.0,0.0
2019-06-18 00:00:00+09:00,548.4289219332057,551.16650390625,547.5163946088576,551.16650390625,2600,0.0,0.0
2019-06-19 00:00:00+09:00,552.0790572627898,565.7669677734375,552.0790572627898,565.7669677734375,2100,0.0,0.0
2019-06-20 00:00:00+09:00,558.4667358398438,558.4667358398438,558.4667358398438,558.4667358398438,100,0.0,0.0
2019-06-21 00:00:00+09:00,558.4667358398438,558.4667358398438,558.4667358398438,558.4667358398438,200,0.0,0.0
2019-06-24 00:00:00+09:00,558.4666654146635,558.4666654146635,557.5541381835938,557.5541381835938,200,0.0,0.0
2019-06-25 00:00:00+09:00,557.5541381835938,563.9418288010818,556.641610952524,557.5541381835938,5800,0.0,0.0
2019-06-26 00:00:00+09:00,557.5542045656315,557.5542045656315,548.4289311684853,552.0790405273438,700,0.0,0.0
2019-06-27 00:00:00+09:00,552.0790405273438,552.0790405273438,552.0790405273438,552.0790405273438,100,0.0,0.0
2019-06-28 00:00:00+09:00,552.9915390386814,563.9418665443978,552.9915390386814,561.2042846679688,600,0.0,0.0
2019-07-01 00:00:00+09:00,615.9559145840732,615.9559145840732,602.2680053710938,602.2680053710938,2100,0.0,0.0
2019-07-02 00:00:00+09:00,572.1546020507812,573.0671293267793,570.3295474987851,572.1546020507812,2300,0.0,0.0
2019-07-03 00:00:00+09:00,584.0174560546875,593.142728805542,584.0174560546875,584.0174560546875,2200,0.0,0.0
2019-07-04 00:00:00+09:00,596.7928367820946,612.3058004293356,595.8803095087275,607.7431640625,700,0.0,0.0
2019-07-05 00:00:00+09:00,607.7431640625,607.7431640625,607.7431640625,607.7431640625,0,0.0,0.0
2019-07-08 00:00:00+09:00,605.9181851893437,606.8307125766771,603.1806030273438,603.1806030273438,500,0.0,0.0
2019-07-09 00:00:00+09:00,605.005615234375,605.005615234375,605.005615234375,605.005615234375,500,0.0,0.0
2019-07-10 00:00:00+09:00,605.005615234375,605.005615234375,605.005615234375,605.005615234375,0,0.0,0.0
2019-07-11 00:00:00+09:00,587.6676025390625,587.6676025390625,587.6676025390625,587.6676025390625,100,0.0,0.0
2019-07-12 00:00:00+09:00,587.6676025390625,587.6676025390625,587.6676025390625,587.6676025390625,100,0.0,0.0
2019-07-16 00:00:00+09:00,586.7550659179688,586.7550659179688,586.7550659179688,586.7550659179688,100,0.0,0.0
2019-07-17 00:00:00+09:00,586.7550575729394,586.7550575729394,573.9796752929688,573.9796752929688,400,0.0,0.0
2019-07-18 00:00:00+09:00,573.9796752929688,573.9796752929688,573.9796752929688,573.9796752929688,0,0.0,0.0
2019-07-19 00:00:00+09:00,583.1049483500907,583.1049483500907,573.9796752929688,573.9796752929688,300,0.0,0.0
2019-07-22 00:00:00+09:00,573.9796752929688,573.9796752929688,573.9796752929688,573.9796752929688,0,0.0,0.0
2019-07-23 00:00:00+09:00,579.4548950195312,579.4548950195312,579.4548950195312,579.4548950195312,200,0.0,0.0
2019-07-24 00:00:00+09:00,579.4548950195312,579.4548950195312,579.4548950195312,579.4548950195312,0,0.0,0.0
2019-07-25 00:00:00+09:00,587.6675701923551,587.6675701923551,578.5422973632812,578.5422973632812,800,0.0,0.0
2019-07-26 00:00:00+09:00,574.8922119140625,574.8922119140625,574.8922119140625,574.8922119140625,100,0.0,0.0
2019-07-29 00:00:00+09:00,566.679443359375,566.679443359375,566.679443359375,566.679443359375,100,0.0,0.0
2019-07-30 00:00:00+09:00,566.679443359375,566.679443359375,566.679443359375,566.679443359375,400,0.0,0.0
2019-07-31 00:00:00+09:00,566.6794619736281,568.5045166015625,566.6794619736281,568.5045166015625,200,0.0,0.0
2019-08-01 00:00:00+09:00,573.9796616313154,573.9796616313154,566.679443359375,566.679443359375,500,0.0,0.0
2019-08-02 00:00:00+09:00,566.679443359375,569.4170252113527,566.679443359375,566.679443359375,1400,0.0,0.0
2019-08-05 00:00:00+09:00,563.0293579101562,563.0293579101562,563.0293579101562,563.0293579101562,200,0.0,0.0
2019-08-06 00:00:00+09:00,557.554152384843,557.554152384843,552.9915161132812,552.9915161132812,500,0.0,0.0
2019-08-07 00:00:00+09:00,552.9915863992355,553.9041137695312,552.9915863992355,553.9041137695312,700,0.0,0.0
2019-08-08 00:00:00+09:00,553.9041006250652,553.9041006250652,546.6038818359375,546.6038818359375,2300,0.0,0.0
2019-08-09 00:00:00+09:00,546.6038818359375,546.6038818359375,546.6038818359375,546.6038818359375,0,0.0,0.0
2019-08-13 00:00:00+09:00,546.6038114107572,546.6038114107572,537.4785391000601,545.6912841796875,600,0.0,0.0
2019-08-14 00:00:00+09:00,521.0530954027093,530.1783685271,521.0530954027093,526.5282592773438,500,0.0,0.0
2019-08-15 00:00:00+09:00,544.7788044557733,544.7788044557733,528.3533128641419,538.39111328125,1800,0.0,0.0
2019-08-16 00:00:00+09:00,529.2658081054688,529.2658081054688,529.2658081054688,529.2658081054688,200,0.0,0.0
2019-08-19 00:00:00+09:00,529.2658493119449,539.3036499023438,529.2658493119449,539.3036499023438,400,0.0,0.0
2019-08-20 00:00:00+09:00,539.3036645882772,539.3036645882772,534.7410278320312,534.7410278320312,200,0.0,0.0
2019-08-21 00:00:00+09:00,534.7410278320312,534.7410278320312,534.7410278320312,534.7410278320312,300,0.0,0.0
2019-08-22 00:00:00+09:00,534.7410278320312,534.7410278320312,534.7410278320312,534.7410278320312,100,0.0,0.0
2019-08-23 00:00:00+09:00,534.7410040386652,538.39111328125,534.7410040386652,538.39111328125,1100,0.0,0.0
2019-08-26 00:00:00+09:00,538.3910847981771,547.516357421875,538.3910847981771,547.516357421875,200,0.0,0.0
2019-08-27 00:00:00+09:00,547.516357421875,547.516357421875,547.516357421875,547.516357421875,100,0.0,0.0
2019-08-28 00:00:00+09:00,556.6416625976562,556.6416625976562,556.6416625976562,556.6416625976562,200,0.0,0.0
2019-08-29 00:00:00+09:00,531.0909039647446,540.2161772287437,531.0909039647446,539.3036499023438,700,0.0,0.0
2019-08-30 00:00:00+09:00,539.3036499023438,539.3036499023438,539.3036499023438,539.3036499023438,0,0.0,0.0
2019-09-02 00:00:00+09:00,538.3910806590113,538.3910806590113,529.2658081054688,529.2658081054688,300,0.0,0.0
2019-09-03 00:00:00+09:00,529.2658081054688,529.2658081054688,529.2658081054688,529.2658081054688,0,0.0,0.0
2019-09-04 00:00:00+09:00,520.1405639648438,520.1405639648438,520.1405639648438,520.1405639648438,600,0.0,0.0
2019-09-05 00:00:00+09:00,538.39111328125,538.39111328125,538.39111328125,538.39111328125,100,0.0,0.0
2019-09-06 00:00:00+09:00,538.39111328125,538.39111328125,538.39111328125,538.39111328125,0,0.0,0.0
2019-09-09 00:00:00+09:00,534.7410278320312,534.7410278320312,534.7410278320312,534.7410278320312,200,0.0,0.0
2019-09-10 00:00:00+09:00,534.7410278320312,534.7410278320312,534.7410278320312,534.7410278320312,0,0.0,0.0
2019-09-11 00:00:00+09:00,525.6157688790878,530.1784057617188,525.6157688790878,530.1784057617188,1100,0.0,0.0
2019-09-12 00:00:00+09:00,537.4785534036571,538.3910806590113,529.2658081054688,529.2658081054688,600,0.0,0.0
2019-09-13 00:00:00+09:00,539.3036075997312,558.4666799509907,539.3036075997312,541.128662109375,1000,0.0,0.0
2019-09-17 00:00:00+09:00,536.5660258352656,541.128662109375,536.5660258352656,541.128662109375,200,0.0,0.0
2019-09-18 00:00:00+09:00,537.4786284569981,537.4786284569981,536.5661010742188,536.5661010742188,400,0.0,0.0
2019-09-19 00:00:00+09:00,536.5660493653173,537.4785766601562,536.5660493653173,537.4785766601562,200,0.0,0.0
2019-09-20 00:00:00+09:00,529.2658584182327,540.2161865234375,529.2658584182327,540.2161865234375,600,0.0,0.0
2019-09-24 00:00:00+09:00,540.2161577294436,549.3414306640625,540.2161577294436,549.3414306640625,200,0.0,0.0
2019-09-25 00:00:00+09:00,548.4289231663428,548.4289231663428,539.3036499023438,539.3036499023438,200,0.0,0.0
2019-09-26 00:00:00+09:00,539.3036120605468,547.516357421875,539.3036120605468,547.516357421875,500,0.0,0.0
2019-09-27 00:00:00+09:00,547.516357421875,547.516357421875,547.516357421875,547.516357421875,100,0.0,0.0
2019-09-30 00:00:00+09:00,547.5164276986272,548.428955078125,547.5164276986272,548.428955078125,900,0.0,0.0
2019-10-01 00:00:00+09:00,557.5542214670489,566.679495140814,557.5542214670489,565.7669677734375,9000,0.0,0.0
2019-10-02 00:00:00+09:00,564.854440406061,568.504549875567,564.854440406061,565.7669677734375,900,0.0,0.0
2019-10-03 00:00:00+09:00,565.7669677734375,565.7669677734375,565.7669677734375,565.7669677734375,0,0.0,0.0
2019-10-04 00:00:00+09:00,565.7669677734375,565.7669677734375,565.7669677734375,565.7669677734375,200,0.0,0.0
2019-10-07 00:00:00+09:00,556.6416625976562,556.6416625976562,556.6416625976562,556.6416625976562,100,0.0,0.0
2019-10-08 00:00:00+09:00,556.6416625976562,556.6416625976562,556.6416625976562,556.6416625976562,100,0.0,0.0
2019-10-09 00:00:00+09:00,556.6416532770166,556.6416532770166,555.7291259765625,555.7291259765625,600,0.0,0.0
2019-10-10 00:00:00+09:00,555.7291259765625,555.7291259765625,555.7291259765625,555.7291259765625,0,0.0,0.0
2019-10-11 00:00:00+09:00,555.7291259765625,555.7291259765625,555.7291259765625,555.7291259765625,0,0.0,0.0
2019-10-15 00:00:00+09:00,564.8543989811038,564.8543989811038,555.7291259765625,555.7291259765625,800,0.0,0.0
2019-10-16 00:00:00+09:00,559.3792114257812,559.3792114257812,559.3792114257812,559.3792114257812,100,0.0,0.0
2019-10-17 00:00:00+09:00,559.3792114257812,559.3792114257812,559.3792114257812,559.3792114257812,0,0.0,0.0
2019-10-18 00:00:00+09:00,550.2540098371204,550.2540098371204,548.428955078125,548.428955078125,500,0.0,0.0
2019-10-21 00:00:00+09:00,553.9040713756543,556.6416532770166,553.9040713756543,555.7291259765625,1000,0.0,0.0
2019-10-23 00:00:00+09:00,555.7291259765625,555.7291259765625,555.7291259765625,555.7291259765625,300,0.0,0.0
2019-10-24 00:00:00+09:00,555.7291259765625,555.7291259765625,555.7291259765625,555.7291259765625,300,0.0,0.0
2019-10-25 00:00:00+09:00,555.7291259765625,555.7291259765625,555.7291259765625,555.7291259765625,200,0.0,0.0
2019-10-28 00:00:00+09:00,555.7291259765625,555.7291259765625,555.7291259765625,555.7291259765625,200,0.0,0.0
2019-10-29 00:00:00+09:00,555.7291685101228,563.0293874724889,553.9041137695312,553.9041137695312,800,0.0,0.0
2019-10-30 00:00:00+09:00,553.9040806504546,559.3792445448578,553.9040806504546,556.6416625976562,300,0.0,0.0
2019-10-31 00:00:00+09:00,556.6416296406633,559.3792114257812,556.6416296406633,559.3792114257812,1400,0.0,0.0
2019-11-01 00:00:00+09:00,559.3792114257812,559.3792114257812,559.3792114257812,559.3792114257812,100,0.0,0.0
2019-11-05 00:00:00+09:00,554.8165893554688,554.8165893554688,553.9040620703447,554.8165893554688,1700,0.0,0.0
2019-11-06 00:00:00+09:00,554.8166068920546,568.5045166015625,552.079024950153,568.5045166015625,500,0.0,0.0
2019-11-07 00:00:00+09:00,554.8166068920546,568.5045166015625,552.079024950153,568.5045166015625,500,0.0,0.0
2019-11-08 00:00:00+09:00,568.504549875567,568.504549875567,565.7669677734375,565.7669677734375,1400,0.0,0.0
2019-11-11 00:00:00+09:00,570.32958984375,570.32958984375,570.32958984375,570.32958984375,100,0.0,0.0
2019-11-12 00:00:00+09:00,563.0293015700121,563.0293015700121,557.5541381835938,557.5541381835938,4000,0.0,0.0
2019-11-13 00:00:00+09:00,563.0293015700121,563.0293015700121,557.5541381835938,557.5541381835938,4000,0.0,0.0
2019-11-14 00:00:00+09:00,557.5541381835938,557.5541381835938,557.5541381835938,557.5541381835938,300,0.0,0.0
2019-11-15 00:00:00+09:00,557.5541381835938,557.5541381835938,557.5541381835938,557.5541381835938,200,0.0,0.0
2019-11-18 00:00:00+09:00,557.5541381835938,557.5541381835938,557.5541381835938,557.5541381835938,300,0.0,0.0
2019-11-19 00:00:00+09:00,557.5541381835938,557.5541381835938,557.5541381835938,557.5541381835938,300,0.0,0.0
2019-11-20 00:00:00+09:00,557.5541381835938,557.5541381835938,557.5541381835938,557.5541381835938,300,0.0,0.0
2019-11-21 00:00:00+09:00,557.5542084937002,558.4667358398438,548.4289350322649,558.4667358398438,400,0.0,0.0
2019-11-22 00:00:00+09:00,558.4667161479233,568.5045166015625,558.4667161479233,568.5045166015625,600,0.0,0.0
2019-11-25 00:00:00+09:00,575.8047485351562,575.8047485351562,575.8047485351562,575.8047485351562,500,0.0,0.0
2019-11-26 00:00:00+09:00,579.4548950195312,579.4548950195312,579.4548950195312,579.4548950195312,300,0.0,0.0
2019-11-27 00:00:00+09:00,570.32958984375,570.32958984375,570.32958984375,570.32958984375,1100,0.0,0.0
2019-11-28 00:00:00+09:00,570.32958984375,570.32958984375,570.32958984375,570.32958984375,1100,0.0,0.0
2019-11-29 00:00:00+09:00,570.32958984375,570.32958984375,570.32958984375,570.32958984375,500,0.0,0.0
2019-12-02 00:00:00+09:00,574.8922119140625,574.8922119140625,574.8922119140625,574.8922119140625,300,0.0,0.0
2019-12-03 00:00:00+09:00,574.8922119140625,574.8922119140625,574.8922119140625,574.8922119140625,0,0.0,0.0
2019-12-04 00:00:00+09:00,565.7669677734375,565.7669677734375,565.7669677734375,565.7669677734375,100,0.0,0.0
2019-12-05 00:00:00+09:00,565.7669492061084,565.7669492061084,563.94189453125,563.94189453125,200,0.0,0.0
2019-12-06 00:00:00+09:00,565.7669492061084,565.7669492061084,563.94189453125,563.94189453125,200,0.0,0.0
2019-12-09 00:00:00+09:00,564.8543701171875,564.8543701171875,564.8543701171875,564.8543701171875,300,0.0,0.0
2019-12-10 00:00:00+09:00,563.9419314271,567.592041015625,562.1168766328376,567.592041015625,400,0.0,0.0
2019-12-11 00:00:00+09:00,563.9419314271,567.592041015625,562.1168766328376,567.592041015625,400,0.0,0.0
2019-12-12 00:00:00+09:00,568.5045662947526,579.4548950195312,568.5045662947526,579.4548950195312,1200,0.0,0.0
2019-12-13 00:00:00+09:00,583.1049577985491,583.1049577985491,574.8922119140625,574.8922119140625,600,0.0,0.0
2019-12-16 00:00:00+09:00,574.8922119140625,574.8922119140625,574.8922119140625,574.8922119140625,400,0.0,0.0
2019-12-17 00:00:00+09:00,570.3295712294969,574.8922077993328,568.5045166015625,568.5045166015625,400,0.0,0.0
2019-12-18 00:00:00+09:00,567.592041015625,568.5045684127563,567.592041015625,567.592041015625,400,0.0,0.0
2019-12-19 00:00:00+09:00,567.5919563854084,572.1545926907572,567.5919563854084,571.2420654296875,1200,0.0,0.0
2019-12-20 00:00:00+09:00,567.5919563854084,572.1545926907572,567.5919563854084,571.2420654296875,1200,0.0,0.0
2019-12-23 00:00:00+09:00,572.1545738807091,572.1545738807091,569.4169921875,569.4169921875,3000,0.0,0.0
2019-12-24 00:00:00+09:00,570.3295381686177,573.9796472128969,570.3295381686177,571.2420654296875,700,0.0,0.0
2019-12-25 00:00:00+09:00,570.3295381686177,573.9796472128969,570.3295381686177,571.2420654296875,700,0.0,0.0
2019-12-26 00:00:00+09:00,572.1546113809962,573.067138671875,570.3295567992386,573.067138671875,1300,0.0,0.0
2019-12-27 00:00:00+09:00,573.0671461265506,597.7053833007812,573.0671461265506,597.7053833007812,4600,0.0,0.0
2019-12-30 00:00:00+09:00,625.0812121135433,625.0812121135433,598.617919921875,598.617919921875,3200,0.0,0.0
2020-01-06 00:00:00+09:00,598.6179106035306,601.3554925117784,593.1427467870349,597.7053833007812,1500,0.0,0.0
2020-01-07 00:00:00+09:00,597.7053833007812,597.7053833007812,597.7053833007812,597.7053833007812,0,0.0,0.0
2020-01-08 00:00:00+09:00,568.5044923782349,584.0174560546875,568.5044923782349,584.0174560546875,2500,0.0,0.0
2020-01-09 00:00:00+09:00,568.5044923782349,584.0174560546875,568.5044923782349,584.0174560546875,2500,0.0,0.0
2020-01-10 00:00:00+09:00,575.804682804988,581.2798461914062,575.804682804988,581.2798461914062,600,0.0,0.0
2020-01-14 00:00:00+09:00,602.2680385363157,602.2680385363157,599.5304565429688,599.5304565429688,4400,0.0,0.0
2020-01-15 00:00:00+09:00,603.1806030273438,603.1806030273438,603.1806030273438,603.1806030273438,200,0.0,0.0
2020-01-16 00:00:00+09:00,603.1806030273438,603.1806030273438,603.1806030273438,603.1806030273438,100,0.0,0.0
2020-01-17 00:00:00+09:00,603.1806030273438,603.1806030273438,603.1806030273438,603.1806030273438,100,0.0,0.0
2020-01-20 00:00:00+09:00,594.0552740897841,597.7053833007812,583.1049464567927,597.7053833007812,5000,0.0,0.0
2020-01-21 00:00:00+09:00,593.142728805542,593.142728805542,584.0174560546875,584.0174560546875,3100,0.0,0.0
2020-01-22 00:00:00+09:00,584.0174560546875,584.0174560546875,582.1924015045166,584.0174560546875,1500,0.0,0.0
2020-01-23 00:00:00+09:00,584.0174756558029,592.2302214072126,573.9796752929688,573.9796752929688,1300,0.0,0.0
2020-01-24 00:00:00+09:00,592.2302204262802,594.9678023388824,585.842529296875,585.842529296875,3100,0.0,0.0
2020-01-27 00:00:00+09:00,577.6297657067696,584.9299839147541,563.0293292908008,572.1546020507812,2900,0.0,0.0
2020-01-28 00:00:00+09:00,572.15464453125,572.15464453125,562.11684375,570.32958984375,1000,0.0,0.0
2020-01-29 00:00:00+09:00,570.3295381686177,580.3673380403853,570.3295381686177,571.2420654296875,500,0.0,0.0
2020-01-30 00:00:00+09:00,571.2421118589664,575.8047485351562,566.6794751827765,575.8047485351562,700,0.0,0.0
2020-01-31 00:00:00+09:00,566.6794383947929,573.0671293267793,566.6794383947929,572.1546020507812,400,0.0,0.0
2020-02-03 00:00:00+09:00,572.1546020507812,572.1546020507812,572.1546020507812,572.1546020507812,300,0.0,0.0
2020-02-04 00:00:00+09:00,572.1546020507812,572.1546020507812,572.1546020507812,572.1546020507812,0,0.0,0.0
2020-02-05 00:00:00+09:00,573.979684593564,574.8922119140625,573.979684593564,574.8922119140625,400,0.0,0.0
2020-02-06 00:00:00+09:00,574.8922211999183,575.8047485351562,574.8922211999183,575.8047485351562,300,0.0,0.0
2020-02-07 00:00:00+09:00,574.8922211999183,575.8047485351562,574.8922211999183,575.8047485351562,300,0.0,0.0
2020-02-10 00:00:00+09:00,575.8047485351562,575.8047485351562,575.8047485351562,575.8047485351562,0,0.0,0.0
2020-02-12 00:00:00+09:00,577.6298402320681,583.1050045944575,577.6298402320681,579.4548950195312,300,0.0,0.0
2020-02-13 00:00:00+09:00,577.6298402320681,583.1050045944575,577.6298402320681,579.4548950195312,300,0.0,0.0
2020-02-14 00:00:00+09:00,575.8047485351562,576.7172758703941,575.8047485351562,575.8047485351562,1000,0.0,0.0
2020-02-17 00:00:00+09:00,565.7669305182122,565.7669305182122,562.1168212890625,562.1168212890625,1200,0.0,0.0
2020-02-18 00:00:00+09:00,562.116845224418,562.116845224418,558.4667358398438,558.4667358398438,500,0.0,0.0
2020-02-19 00:00:00+09:00,559.3792762018019,565.7669677734375,559.3792762018019,565.7669677734375,900,0.0,0.0
2020-02-20 00:00:00+09:00,559.3792762018019,565.7669677734375,559.3792762018019,565.7669677734375,900,0.0,0.0
2020-02-21 00:00:00+09:00,565.7669677734375,565.7669677734375,565.7669677734375,565.7669677734375,0,0.0,0.0
2020-02-25 00:00:00+09:00,556.6416958804185,556.6416958804185,553.9041137695312,553.9041137695312,2400,0.0,0.0
2020-02-26 00:00:00+09:00,547.5163863877118,547.5163863877118,538.39111328125,538.39111328125,3700,0.0,0.0
2020-02-27 00:00:00+09:00,532.9159359227341,540.2161542230456,531.0908813476562,531.0908813476562,1500,0.0,0.0
2020-02-28 00:00:00+09:00,530.1783458262951,531.0908730996622,506.45263671875,506.45263671875,5400,0.0,0.0
2020-03-02 00:00:00+09:00,500.97749452904975,547.5163874634424,500.97749452904975,526.5282592773438,1000,0.0,0.0
2020-03-03 00:00:00+09:00,526.5282592773438,526.5282592773438,526.5282592773438,526.5282592773438,100,0.0,0.0
2020-03-04 00:00:00+09:00,500.97746823560743,511.92779541015625,500.97746823560743,511.92779541015625,1100,0.0,0.0
2020-03-05 00:00:00+09:00,516.490478515625,516.490478515625,516.490478515625,516.490478515625,400,0.0,0.0
2020-03-06 00:00:00+09:00,515.5779582970321,515.5779582970321,499.1524658203125,499.1524658203125,4100,0.0,0.0
2020-03-09 00:00:00+09:00,469.95154550424206,469.95154550424206,461.7388000488281,461.7388000488281,3400,0.0,0.0
2020-03-10 00:00:00+09:00,451.70103392309073,459.00125265316086,439.8381784867267,447.1383972167969,9800,0.0,0.0
2020-03-11 00:00:00+09:00,447.1383776636181,457.1761779785156,447.1383776636181,457.1761779785156,1000,0.0,0.0
2020-03-12 00:00:00+09:00,448.05091788837444,454.43860918209873,427.9753166795267,443.48828125,8800,0.0,0.0
2020-03-13 00:00:00+09:00,443.4882825403838,443.4882825403838,431.62542724609375,431.62542724609375,4600,0.0,0.0
2020-03-16 00:00:00+09:00,442.57574462890625,442.57574462890625,442.57574462890625,442.57574462890625,2100,0.0,0.0
2020-03-17 00:00:00+09:00,446.22585386295907,447.1383811714723,442.57574462890625,442.57574462890625,700,0.0,0.0
2020-03-18 00:00:00+09:00,447.1383919254426,470.8641025174049,447.1383919254426,452.6135559082031,300,0.0,0.0
2020-03-19 00:00:00+09:00,452.6135380798467,452.6135380798467,438.9256286621094,438.9256286621094,200,0.0,0.0
2020-03-23 00:00:00+09:00,434.36300923708376,438.0131185584038,431.62542724609375,431.62542724609375,800,0.0,0.0
2020-03-24 00:00:00+09:00,453.52607132632096,454.4385986328125,439.83816172894706,454.4385986328125,800,0.0,0.0
2020-03-25 00:00:00+09:00,447.13840329670126,471.7766418457031,447.13840329670126,471.7766418457031,2000,0.0,0.0
2020-03-26 00:00:00+09:00,453.52607233106477,453.52607233106477,442.57574462890625,442.57574462890625,1200,0.0,0.0
2020-03-27 00:00:00+09:00,441.663217320393,461.73881810768364,439.8381627033666,442.57574462890625,1300,0.0,0.0
2020-03-30 00:00:00+09:00,442.57574462890625,442.57574462890625,432.95453278914744,442.57574462890625,4900,25.0,0.0
2020-03-31 00:00:00+09:00,434.8787812961368,490.68181075449064,434.8787812961368,488.757568359375,3400,0.0,0.0
2020-04-01 00:00:00+09:00,488.7575738400829,488.7575738400829,471.43939208984375,471.43939208984375,1700,0.0,0.0
2020-04-02 00:00:00+09:00,456.04542993005873,456.04542993005873,442.5757336873987,445.46209716796875,600,0.0,0.0
2020-04-03 00:00:00+09:00,472.40151316436163,472.40151316436163,439.68939208984375,439.68939208984375,300,0.0,0.0
2020-04-06 00:00:00+09:00,435.8408963410751,447.3863505487857,435.8408963410751,442.57574462890625,1200,0.0,0.0
2020-04-07 00:00:00+09:00,447.38634363541394,455.08331298828125,447.38634363541394,455.08331298828125,1000,0.0,0.0
2020-04-08 00:00:00+09:00,444.49999910242417,461.8181808856355,444.49999910242417,457.9696960449219,500,0.0,0.0
2020-04-09 00:00:00+09:00,450.27271806432844,454.12120283410906,446.4242332945479,452.19696044921875,400,0.0,0.0
2020-04-10 00:00:00+09:00,445.4621036792624,446.4242248535156,445.4621036792624,446.4242248535156,200,0.0,0.0
2020-04-13 00:00:00+09:00,447.3863505487857,447.3863505487857,440.6515022609545,442.57574462890625,700,0.0,0.0
2020-04-14 00:00:00+09:00,442.57574462890625,454.1211988366169,442.57574462890625,442.57574462890625,900,0.0,0.0
2020-04-15 00:00:00+09:00,442.57574462890625,442.57574462890625,442.57574462890625,442.57574462890625,200,0.0,0.0
2020-04-16 00:00:00+09:00,440.6514892578125,440.6514892578125,440.6514892578125,440.6514892578125,200,0.0,0.0
2020-04-17 00:00:00+09:00,440.65149577354816,459.89391916977297,440.65149577354816,441.6136169433594,1000,0.0,0.0
2020-04-20 00:00:00+09:00,440.65149577354816,448.3484651320381,440.65149577354816,441.6136169433594,700,0.0,0.0
2020-04-21 00:00:00+09:00,437.765140656502,447.3863525390625,437.765140656502,447.3863525390625,400,0.0,0.0
2020-04-22 00:00:00+09:00,439.6893770345052,447.3863464355469,432.95452880859375,432.95452880859375,1300,0.0,0.0
2020-04-23 00:00:00+09:00,432.95452641505824,441.6136169433594,431.03028407543576,441.6136169433594,1100,0.0,0.0
2020-04-24 00:00:00+09:00,433.9166564941406,441.6136260106664,433.9166564941406,433.9166564941406,800,0.0,0.0
2020-04-27 00:00:00+09:00,433.9166564941406,433.9166564941406,433.9166564941406,433.9166564941406,300,0.0,0.0
2020-04-28 00:00:00+09:00,433.9166495882232,449.31058837627546,433.9166495882232,446.4242248535156,800,0.0,0.0
2020-04-30 00:00:00+09:00,439.68939208984375,439.68939208984375,439.68939208984375,439.68939208984375,200,0.0,0.0
2020-05-01 00:00:00+09:00,444.5,444.5,444.5,444.5,400,0.0,0.0
2020-05-07 00:00:00+09:00,444.4999928042763,457.007568359375,444.4999928042763,457.007568359375,400,0.0,0.0
2020-05-08 00:00:00+09:00,449.31060972052103,463.7424280198954,449.31060972052103,454.1212158203125,500,0.0,0.0
2020-05-11 00:00:00+09:00,457.0075748347435,457.9696960449219,457.0075748347435,457.9696960449219,200,0.0,0.0
2020-05-12 00:00:00+09:00,459.89392490074283,472.40150026415216,459.89392490074283,469.51513671875,1300,0.0,0.0
2020-05-13 00:00:00+09:00,461.8181697710073,461.8181697710073,460.8560485839844,460.8560485839844,200,0.0,0.0
2020-05-14 00:00:00+09:00,462.7803039550781,462.7803039550781,462.7803039550781,462.7803039550781,200,0.0,0.0
2020-05-15 00:00:00+09:00,462.78029747009276,462.78029747009276,459.89393386840817,461.81817626953125,700,0.0,0.0
2020-05-18 00:00:00+09:00,469.5151477931701,469.5151477931701,466.6287841796875,466.6287841796875,300,0.0,0.0
2020-05-19 00:00:00+09:00,466.6287841796875,466.6287841796875,466.6287841796875,466.6287841796875,0,0.0,0.0
2020-05-20 00:00:00+09:00,466.6287841796875,466.6287841796875,466.6287841796875,466.6287841796875,0,0.0,0.0
2020-05-21 00:00:00+09:00,474.32574851185854,483.94696044921875,474.32574851185854,483.94696044921875,500,0.0,0.0
2020-05-22 00:00:00+09:00,493.56817238657896,493.56817238657896,477.2121120930666,483.94696044921875,1000,0.0,0.0
2020-05-25 00:00:00+09:00,481.0605904020636,482.9848327636719,476.249984498043,482.9848327636719,600,0.0,0.0
2020-05-26 00:00:00+09:00,481.0605836146086,495.4924011230469,481.0605836146086,495.4924011230469,1500,0.0,0.0
2020-05-27 00:00:00+09:00,494.5303039550781,494.5303039550781,494.5303039550781,494.5303039550781,300,0.0,0.0
2020-05-28 00:00:00+09:00,495.49239689288754,495.49239689288754,485.8711853027344,485.8711853027344,2300,0.0,0.0
2020-05-29 00:00:00+09:00,485.8711853027344,485.8711853027344,485.8711853027344,485.8711853027344,500,0.0,0.0
2020-06-01 00:00:00+09:00,494.53028236359006,494.53028236359006,486.83331298828125,486.83331298828125,300,0.0,0.0
2020-06-02 00:00:00+09:00,496.45452880859375,496.45452880859375,496.45452880859375,496.45452880859375,100,0.0,0.0
2020-06-03 00:00:00+09:00,486.83333241400874,489.7196960449219,482.02272636248694,489.7196960449219,1000,0.0,0.0
2020-06-04 00:00:00+09:00,496.4545353016955,497.4166564941406,496.4545353016955,497.4166564941406,200,0.0,0.0
2020-06-05 00:00:00+09:00,492.6060440891473,496.45452880859375,492.6060440891473,496.45452880859375,400,0.0,0.0
2020-06-08 00:00:00+09:00,499.3408898925781,505.1136169433594,499.3408898925781,505.1136169433594,3200,0.0,0.0
2020-06-09 00:00:00+09:00,499.3408898925781,505.1136169433594,499.3408898925781,505.1136169433594,2800,0.0,0.0
2020-06-10 00:00:00+09:00,509.92423781774994,519.5454498520471,509.92423781774994,511.8484802246094,3400,0.0,0.0
2020-06-11 00:00:00+09:00,511.8484802246094,511.8484802246094,511.8484802246094,511.8484802246094,0,0.0,0.0
2020-06-12 00:00:00+09:00,493.5681800039959,503.18939208984375,491.6439375868263,503.18939208984375,500,0.0,0.0
2020-06-15 00:00:00+09:00,493.56818534539093,532.0530341052655,493.56818534539093,517.6212158203125,1500,0.0,0.0
2020-06-16 00:00:00+09:00,501.26512576969526,504.1514892578125,501.26512576969526,504.1514892578125,300,0.0,0.0
2020-06-17 00:00:00+09:00,505.1136189586711,509.9242248535156,505.1136189586711,509.9242248535156,200,0.0,0.0
2020-06-18 00:00:00+09:00,506.07574462890625,506.07574462890625,506.07574462890625,506.07574462890625,100,0.0,0.0
2020-06-19 00:00:00+09:00,537.8257315890794,537.8257315890794,535.9014892578125,535.9014892578125,700,0.0,0.0
2020-06-22 00:00:00+09:00,528.2045406829145,528.2045406829145,511.8484802246094,511.8484802246094,600,0.0,0.0
2020-06-23 00:00:00+09:00,511.8484802246094,511.8484802246094,511.8484802246094,511.8484802246094,0,0.0,0.0
2020-06-24 00:00:00+09:00,534.9393882891197,534.9393882891197,525.3181762695312,525.3181762695312,300,0.0,0.0
2020-06-25 00:00:00+09:00,534.939355028857,534.939355028857,533.9772338867188,533.9772338867188,200,0.0,0.0
2020-06-26 00:00:00+09:00,524.3560420765596,524.3560420765596,523.3939208984375,523.3939208984375,200,0.0,0.0
2020-06-29 00:00:00+09:00,510.8863800048828,528.2045623779297,510.8863800048828,519.5454711914062,1200,0.0,0.0
2020-06-30 00:00:00+09:00,529.1666666666666,539.75,527.2424242424242,539.75,1300,0.0,0.0
2020-07-01 00:00:00+09:00,547.4469604492188,547.4469604492188,547.4469604492188,547.4469604492188,2200,0.0,0.0
2020-07-02 00:00:00+09:00,547.4469524446081,547.4469524446081,528.2045288085938,528.2045288085938,300,0.0,0.0
2020-07-03 00:00:00+09:00,528.2045379469444,528.2045379469444,520.507568359375,520.507568359375,1600,0.0,0.0
2020-07-06 00:00:00+09:00,519.5454635758081,533.0151607796253,519.5454635758081,532.0530395507812,400,0.0,0.0
2020-07-07 00:00:00+09:00,532.0530395507812,532.0530395507812,532.0530395507812,532.0530395507812,0,0.0,0.0
2020-07-08 00:00:00+09:00,522.4318237304688,522.4318237304688,522.4318237304688,522.4318237304688,100,0.0,0.0
2020-07-09 00:00:00+09:00,527.242431640625,527.242431640625,527.242431640625,527.242431640625,100,0.0,0.0
2020-07-10 00:00:00+09:00,520.507568359375,520.507568359375,520.507568359375,520.507568359375,200,0.0,0.0
2020-07-13 00:00:00+09:00,521.4696914616959,528.2045398754078,521.4696914616959,525.3181762695312,600,0.0,0.0
2020-07-14 00:00:00+09:00,519.5454711914062,519.5454711914062,519.5454711914062,519.5454711914062,4800,0.0,0.0
2020-07-15 00:00:00+09:00,519.5454711914062,519.5454711914062,519.5454711914062,519.5454711914062,200,0.0,0.0
2020-07-16 00:00:00+09:00,521.4696655273438,521.4696655273438,521.4696655273438,521.4696655273438,100,0.0,0.0
2020-07-17 00:00:00+09:00,521.4696655273438,521.4696655273438,521.4696655273438,521.4696655273438,0,0.0,0.0
2020-07-20 00:00:00+09:00,529.1666722868467,529.1666722868467,522.4318237304688,522.4318237304688,1300,0.0,0.0
2020-07-21 00:00:00+09:00,525.3181522794789,534.9393638596891,525.3181522794789,526.2802734375,500,0.0,0.0
2020-07-22 00:00:00+09:00,529.1666281760275,533.9772338867188,529.1666281760275,533.9772338867188,1000,0.0,0.0
2020-07-27 00:00:00+09:00,533.9772338867188,533.9772338867188,533.9772338867188,533.9772338867188,0,0.0,0.0
2020-07-28 00:00:00+09:00,524.3560661751482,524.3560661751482,522.4318237304688,522.4318237304688,300,0.0,0.0
2020-07-29 00:00:00+09:00,521.4696876184264,521.4696876184264,495.4924153569919,515.6969604492188,5400,0.0,0.0
2020-07-30 00:00:00+09:00,515.6969604492188,515.6969604492188,515.6969604492188,515.6969604492188,0,0.0,0.0
2020-07-31 00:00:00+09:00,496.45452880859375,496.45452880859375,496.45452880859375,496.45452880859375,300,0.0,0.0
2020-08-03 00:00:00+09:00,515.6969604492188,515.6969604492188,515.6969604492188,515.6969604492188,200,0.0,0.0
2020-08-04 00:00:00+09:00,515.6969604492188,515.6969604492188,515.6969604492188,515.6969604492188,0,0.0,0.0
2020-08-05 00:00:00+09:00,515.6969604492188,515.6969604492188,515.6969604492188,515.6969604492188,100,0.0,0.0
2020-08-06 00:00:00+09:00,516.6590854519017,526.2802974714901,516.6590854519017,525.3181762695312,1100,0.0,0.0
2020-08-07 00:00:00+09:00,525.3181798872939,525.3181798872939,502.227270881259,503.18939208984375,3700,0.0,0.0
2020-08-11 00:00:00+09:00,503.18939208984375,503.18939208984375,503.18939208984375,503.18939208984375,100,0.0,0.0
2020-08-12 00:00:00+09:00,496.45452434833237,500.3030090332031,490.6817973210262,500.3030090332031,2200,0.0,0.0
2020-08-13 00:00:00+09:00,497.4166694303009,499.3409118652344,493.56818456043396,499.3409118652344,700,0.0,0.0
2020-08-14 00:00:00+09:00,499.3409118652344,499.3409118652344,499.3409118652344,499.3409118652344,0,0.0,0.0
2020-08-17 00:00:00+09:00,490.6817932128906,490.6817932128906,490.6817932128906,490.6817932128906,700,0.0,0.0
2020-08-18 00:00:00+09:00,490.6817932128906,490.6817932128906,490.6817932128906,490.6817932128906,0,0.0,0.0
2020-08-19 00:00:00+09:00,500.3030090332031,500.3030090332031,500.3030090332031,500.3030090332031,1500,0.0,0.0
2020-08-20 00:00:00+09:00,500.3030090332031,500.3030090332031,500.3030090332031,500.3030090332031,0,0.0,0.0
2020-08-21 00:00:00+09:00,495.4924011230469,495.4924011230469,495.4924011230469,495.4924011230469,100,0.0,0.0
2020-08-24 00:00:00+09:00,503.1893680951068,504.1514892578125,503.1893680951068,504.1514892578125,300,0.0,0.0
2020-08-25 00:00:00+09:00,502.22726245636636,502.22726245636636,497.4166564941406,497.4166564941406,200,0.0,0.0
2020-08-26 00:00:00+09:00,501.2651659243575,515.6969845210281,501.2651659243575,514.73486328125,2300,0.0,0.0
2020-08-27 00:00:00+09:00,505.1136125012922,519.5454300013291,503.189370167954,508.96209716796875,1700,0.0,0.0
2020-08-28 00:00:00+09:00,505.1136148892916,505.1136148892916,498.37876669076775,500.3030090332031,1100,0.0,0.0
2020-08-31 00:00:00+09:00,514.7348513447021,514.7348513447021,499.3409118652344,499.3409118652344,1500,0.0,0.0
2020-09-01 00:00:00+09:00,518.5833499484592,521.4697136773003,518.5833499484592,519.5454711914062,500,0.0,0.0
2020-09-02 00:00:00+09:00,522.4318237304688,522.4318237304688,522.4318237304688,522.4318237304688,100,0.0,0.0
2020-09-03 00:00:00+09:00,523.3938969323394,525.3181392004731,514.7348067257383,524.3560180664062,2000,0.0,0.0
2020-09-04 00:00:00+09:00,533.9772294070742,533.9772294070742,524.3560180664062,524.3560180664062,500,0.0,0.0
2020-09-07 00:00:00+09:00,530.128744870807,530.128744870807,513.7726855916715,524.3560180664062,900,0.0,0.0
2020-09-08 00:00:00+09:00,524.3560180664062,524.3560180664062,524.3560180664062,524.3560180664062,500,0.0,0.0
2020-09-09 00:00:00+09:00,515.6969364670624,516.6590576171875,515.6969364670624,516.6590576171875,300,0.0,0.0
2020-09-10 00:00:00+09:00,526.2802734375,526.2802734375,526.2802734375,526.2802734375,100,0.0,0.0
2020-09-11 00:00:00+09:00,526.2802734375,526.2802734375,526.2802734375,526.2802734375,200,0.0,0.0
2020-09-14 00:00:00+09:00,526.2802734375,526.2802734375,526.2802734375,526.2802734375,0,0.0,0.0
2020-09-15 00:00:00+09:00,526.2802734375,526.2802734375,526.2802734375,526.2802734375,0,0.0,0.0
2020-09-16 00:00:00+09:00,517.6212228207605,536.8636474609375,517.6212228207605,536.8636474609375,700,0.0,0.0
2020-09-17 00:00:00+09:00,536.8636474609375,536.8636474609375,536.8636474609375,536.8636474609375,0,0.0,0.0
2020-09-18 00:00:00+09:00,539.7499759986307,545.5227030146589,530.1287643052506,540.7120971679688,2100,0.0,0.0
2020-09-23 00:00:00+09:00,560.9166259765625,560.9166259765625,560.9166259765625,560.9166259765625,1100,0.0,0.0
2020-09-24 00:00:00+09:00,536.8636474609375,541.6742536209817,536.8636474609375,536.8636474609375,400,0.0,0.0
2020-09-25 00:00:00+09:00,556.1060180664062,556.1060180664062,556.1060180664062,556.1060180664062,200,0.0,0.0
2020-09-28 00:00:00+09:00,556.1060180664062,556.1060180664062,556.1060180664062,556.1060180664062,0,0.0,0.0
2020-09-29 00:00:00+09:00,556.1060180664062,556.1060180664062,556.1060180664062,556.1060180664062,0,0.0,0.0
2020-09-30 00:00:00+09:00,556.1060180664062,556.1060180664062,556.1060180664062,556.1060180664062,0,0.0,0.0
2020-10-02 00:00:00+09:00,556.1060756629621,556.1060756629621,546.48486328125,546.48486328125,400,0.0,0.0
2020-10-05 00:00:00+09:00,546.48486328125,546.48486328125,546.48486328125,546.48486328125,0,0.0,0.0
2020-10-06 00:00:00+09:00,535.9014761709952,535.9014761709952,533.9772338867188,533.9772338867188,1400,0.0,0.0
2020-10-07 00:00:00+09:00,533.9772338867188,533.9772338867188,533.9772338867188,533.9772338867188,200,0.0,0.0
2020-10-08 00:00:00+09:00,542.6363306949013,548.4090576171875,542.6363306949013,548.4090576171875,300,0.0,0.0
2020-10-09 00:00:00+09:00,548.4090576171875,548.4090576171875,548.4090576171875,548.4090576171875,0,0.0,0.0
2020-10-12 00:00:00+09:00,545.5227082055462,586.8939188807464,545.5227082055462,582.0833129882812,6200,0.0,0.0
2020-10-13 00:00:00+09:00,568.6135973249163,580.1590510777064,565.7272338867188,565.7272338867188,700,0.0,0.0
2020-10-14 00:00:00+09:00,577.272705078125,577.272705078125,566.6893721516927,577.272705078125,1200,0.0,0.0
2020-10-15 00:00:00+09:00,585.9318331751768,586.8939544119177,578.23486328125,578.23486328125,1100,0.0,0.0
2020-10-16 00:00:00+09:00,584.9696785348361,586.8939208984375,577.2727090804303,586.8939208984375,400,0.0,0.0
2020-10-19 00:00:00+09:00,586.8939393939394,586.8939393939394,571.5,571.5,1000,0.0,0.0
2020-10-20 00:00:00+09:00,587.856022492227,587.856022492227,570.537841796875,570.537841796875,200,0.0,0.0
2020-10-21 00:00:00+09:00,570.537841796875,570.537841796875,570.537841796875,570.537841796875,500,0.0,0.0
2020-10-22 00:00:00+09:00,572.4620971679688,572.4620971679688,572.4620971679688,572.4620971679688,200,0.0,0.0
2020-10-23 00:00:00+09:00,562.8408923591535,562.8408923591535,559.9545288085938,559.9545288085938,900,0.0,0.0
2020-10-26 00:00:00+09:00,569.5757446289062,569.5757446289062,569.5757446289062,569.5757446289062,100,0.0,0.0
2020-10-27 00:00:00+09:00,559.9545288085938,559.9545288085938,559.9545288085938,559.9545288085938,100,0.0,0.0
2020-10-28 00:00:00+09:00,559.9545288085938,559.9545288085938,559.9545288085938,559.9545288085938,0,0.0,0.0
2020-10-29 00:00:00+09:00,559.9545288085938,559.9545288085938,559.9545288085938,559.9545288085938,0,0.0,0.0
2020-10-30 00:00:00+09:00,548.4090576171875,548.4090576171875,546.4848153097588,548.4090576171875,3400,0.0,0.0
2020-11-02 00:00:00+09:00,548.409055456651,548.409055456651,539.7499651073355,543.5984497070312,800,0.0,0.0
2020-11-04 00:00:00+09:00,570.537841796875,570.537841796875,570.537841796875,570.537841796875,200,0.0,0.0
2020-11-05 00:00:00+09:00,551.2954711914062,551.2954711914062,551.2954711914062,551.2954711914062,200,0.0,0.0
2020-11-06 00:00:00+09:00,552.257568359375,552.257568359375,552.257568359375,552.257568359375,200,0.0,0.0
2020-11-09 00:00:00+09:00,555.1439357391776,578.2348446780688,555.1439357391776,561.8787841796875,900,0.0,0.0
2020-11-10 00:00:00+09:00,561.8787841796875,561.8787841796875,561.8787841796875,561.8787841796875,0,0.0,0.0
2020-11-11 00:00:00+09:00,560.9166324066877,575.3484497070312,560.9166324066877,575.3484497070312,300,0.0,0.0
2020-11-12 00:00:00+09:00,565.7272338867188,565.7272338867188,565.7272338867188,565.7272338867188,100,0.0,0.0
2020-11-13 00:00:00+09:00,546.4848109654017,547.4469321114676,538.787841796875,538.787841796875,2500,0.0,0.0
2020-11-16 00:00:00+09:00,539.75,540.7121212121212,539.75,539.75,1600,0.0,0.0
2020-11-17 00:00:00+09:00,548.4090909090909,548.4090909090909,539.75,539.75,500,0.0,0.0
2020-11-18 00:00:00+09:00,538.787841796875,538.787841796875,538.787841796875,538.787841796875,200,0.0,0.0
2020-11-19 00:00:00+09:00,538.787841796875,538.787841796875,538.787841796875,538.787841796875,0,0.0,0.0
2020-11-20 00:00:00+09:00,536.863610423446,536.863610423446,535.9014892578125,535.9014892578125,200,0.0,0.0
2020-11-24 00:00:00+09:00,538.787841796875,538.787841796875,538.787841796875,538.787841796875,200,0.0,0.0
2020-11-25 00:00:00+09:00,538.787841796875,538.787841796875,534.9393572126116,538.787841796875,600,0.0,0.0
2020-11-26 00:00:00+09:00,538.7878899249552,546.484859781026,534.9394049969198,536.8636474609375,900,0.0,0.0
2020-11-27 00:00:00+09:00,536.863610423446,536.863610423446,535.9014892578125,535.9014892578125,400,0.0,0.0
2020-11-30 00:00:00+09:00,535.9015041919465,542.6363525390625,535.9015041919465,542.6363525390625,200,0.0,0.0
2020-12-01 00:00:00+09:00,539.7499759986307,540.7120971679688,539.7499759986307,540.7120971679688,200,0.0,0.0
2020-12-02 00:00:00+09:00,537.8257446289062,537.8257446289062,537.8257446289062,537.8257446289062,100,0.0,0.0
2020-12-03 00:00:00+09:00,537.8257446289062,537.8257446289062,537.8257446289062,537.8257446289062,100,0.0,0.0
2020-12-04 00:00:00+09:00,537.8257446289062,537.8257446289062,537.8257446289062,537.8257446289062,0,0.0,0.0
2020-12-07 00:00:00+09:00,537.8257356943067,545.522705078125,537.8257356943067,545.522705078125,2200,0.0,0.0
2020-12-08 00:00:00+09:00,545.522705078125,545.522705078125,545.522705078125,545.522705078125,0,0.0,0.0
2020-12-09 00:00:00+09:00,539.75,539.75,539.75,539.75,100,0.0,0.0
2020-12-10 00:00:00+09:00,540.7120971679688,540.7120971679688,540.7120971679688,540.7120971679688,400,0.0,0.0
2020-12-11 00:00:00+09:00,540.7120971679688,540.7120971679688,540.7120971679688,540.7120971679688,0,0.0,0.0
2020-12-14 00:00:00+09:00,540.7121341359764,541.6742553710938,536.8636491955068,541.6742553710938,700,0.0,0.0
2020-12-15 00:00:00+09:00,542.6363285571073,543.5984497070312,542.6363285571073,543.5984497070312,1500,0.0,0.0
2020-12-16 00:00:00+09:00,553.2196985689321,639.8106079101562,553.2196985689321,639.8106079101562,17800,0.0,0.0
2020-12-17 00:00:00+09:00,591.7045227050781,591.7045227050781,567.6514933268229,577.272705078125,18300,0.0,0.0
2020-12-18 00:00:00+09:00,586.8939412774546,586.8939412774546,558.0303048211864,576.3106079101562,6300,0.0,0.0
2020-12-21 00:00:00+09:00,568.6136474609375,568.6136474609375,561.8787988446489,568.6136474609375,1600,0.0,0.0
2020-12-22 00:00:00+09:00,562.8409217988085,573.4242553710938,560.9166793311202,573.4242553710938,2000,0.0,0.0
2020-12-23 00:00:00+09:00,564.7651127406529,565.7272338867188,562.8408704485212,565.7272338867188,1100,0.0,0.0
2020-12-24 00:00:00+09:00,565.7272448417468,574.3863353240184,562.8408813476562,562.8408813476562,1800,0.0,0.0
2020-12-25 00:00:00+09:00,571.4999870094093,571.4999870094093,562.8408962971456,569.5757446289062,600,0.0,0.0
2020-12-28 00:00:00+09:00,567.6515022484032,569.5757446289062,560.9166539166425,569.5757446289062,900,0.0,0.0
2020-12-29 00:00:00+09:00,558.9923858642578,565.7272338867188,553.2196589878627,565.7272338867188,2100,0.0,0.0
2020-12-30 00:00:00+09:00,566.6893920898438,566.6893920898438,566.6893920898438,566.6893920898438,100,0.0,0.0
2021-01-04 00:00:00+09:00,567.6514892578125,567.6514892578125,566.6893680895789,567.6514892578125,600,0.0,0.0
2021-01-05 00:00:00+09:00,563.8029937486825,570.537841796875,563.8029937486825,570.537841796875,1500,0.0,0.0
2021-01-06 00:00:00+09:00,560.9166410801774,567.6514892578125,560.9166410801774,567.6514892578125,1000,0.0,0.0
2021-01-07 00:00:00+09:00,572.4621081996609,577.2727141509185,567.6515022484032,569.5757446289062,1400,0.0,0.0
2021-01-08 00:00:00+09:00,577.2727161196608,578.2348373131936,564.7651406037348,574.3863525390625,1600,0.0,0.0
2021-01-12 00:00:00+09:00,577.272705078125,577.272705078125,577.272705078125,577.272705078125,200,0.0,0.0
2021-01-13 00:00:00+09:00,579.1969604492188,579.1969604492188,571.4999908751428,579.1969604492188,1800,0.0,0.0
2021-01-14 00:00:00+09:00,578.23486328125,578.23486328125,578.23486328125,578.23486328125,200,0.0,0.0
2021-01-15 00:00:00+09:00,568.6136145019532,577.272705078125,568.6136145019532,577.272705078125,300,0.0,0.0
2021-01-18 00:00:00+09:00,577.2727141509185,577.2727141509185,569.5757446289062,569.5757446289062,1700,0.0,0.0
2021-01-19 00:00:00+09:00,568.6136474609375,568.6136474609375,568.6136474609375,568.6136474609375,100,0.0,0.0
2021-01-20 00:00:00+09:00,566.6893741323928,582.0833129882812,566.6893741323928,582.0833129882812,2200,0.0,0.0
2021-01-21 00:00:00+09:00,572.4621012033509,582.0833129882812,572.4621012033509,582.0833129882812,500,0.0,0.0
2021-01-22 00:00:00+09:00,582.0833129882812,582.0833129882812,582.0833129882812,582.0833129882812,200,0.0,0.0
2021-01-25 00:00:00+09:00,583.0454471594419,584.007568359375,583.0454471594419,584.007568359375,300,0.0,0.0
2021-01-26 00:00:00+09:00,585.931825519773,591.7045528647953,581.121219398921,590.742431640625,500,0.0,0.0
2021-01-27 00:00:00+09:00,590.742431640625,590.742431640625,590.742431640625,590.742431640625,100,0.0,0.0
2021-01-28 00:00:00+09:00,588.8181762695312,588.8181762695312,588.8181762695312,588.8181762695312,200,0.0,0.0
2021-01-29 00:00:00+09:00,588.8181458540187,588.8181458540187,575.3484497070312,575.3484497070312,2800,0.0,0.0
2021-02-01 00:00:00+09:00,575.3484497070312,575.3484497070312,570.5378439402501,575.3484497070312,600,0.0,0.0
2021-02-02 00:00:00+09:00,577.272707095816,582.0833129882812,577.272707095816,582.0833129882812,400,0.0,0.0
2021-02-03 00:00:00+09:00,584.0075533040365,584.0075533040365,577.272705078125,577.272705078125,300,0.0,0.0
2021-02-04 00:00:00+09:00,577.272705078125,577.272705078125,577.272705078125,577.272705078125,100,0.0,0.0
2021-02-05 00:00:00+09:00,577.272705078125,577.272705078125,577.272705078125,577.272705078125,0,0.0,0.0
2021-02-08 00:00:00+09:00,577.2727309473303,583.0454582568036,577.2727309473303,581.1212158203125,1400,0.0,0.0
2021-02-09 00:00:00+09:00,585.9318107592411,593.6287803587057,584.007568359375,584.007568359375,1500,0.0,0.0
2021-02-10 00:00:00+09:00,593.6287841796875,601.3257538286948,593.6287841796875,593.6287841796875,2400,0.0,0.0
2021-02-12 00:00:00+09:00,596.515138671875,611.9090777343749,596.515138671875,601.3257446289062,2300,0.0,0.0
2021-02-15 00:00:00+09:00,601.325770440276,609.0227403019115,601.325770440276,605.1742553710938,3100,0.0,0.0
2021-02-16 00:00:00+09:00,604.2120971679688,607.0984606894718,604.2120971679688,604.2120971679688,1700,0.0,0.0
2021-02-17 00:00:00+09:00,609.9848242109748,609.9848242109748,604.2120971679688,604.2120971679688,1800,0.0,0.0
2021-02-18 00:00:00+09:00,604.2121021708505,604.2121021708505,584.9696785348361,586.8939208984375,1700,0.0,0.0
2021-02-19 00:00:00+09:00,586.8938991001673,592.6666259765625,583.045414515904,592.6666259765625,600,0.0,0.0
2021-02-22 00:00:00+09:00,597.4772338867188,597.4772338867188,587.8560223909584,597.4772338867188,3400,0.0,0.0
2021-02-24 00:00:00+09:00,597.4772579070061,597.4772579070061,596.51513671875,596.51513671875,1200,0.0,0.0
2021-02-25 00:00:00+09:00,606.1363395156375,606.1363395156375,604.2120971679688,604.2120971679688,400,0.0,0.0
2021-02-26 00:00:00+09:00,604.2120971679688,604.2120971679688,603.2499759941344,604.2120971679688,900,0.0,0.0
2021-03-01 00:00:00+09:00,587.8560731824139,605.1742553710938,587.8560731824139,605.1742553710938,1200,0.0,0.0
2021-03-02 00:00:00+09:00,599.4014739990234,599.4014739990234,592.6666259765625,592.6666259765625,700,0.0,0.0
2021-03-03 00:00:00+09:00,602.2878658203125,602.2878658203125,601.3257446289062,601.3257446289062,300,0.0,0.0
2021-03-04 00:00:00+09:00,601.3257206438449,602.287841796875,601.3257206438449,602.287841796875,300,0.0,0.0
2021-03-05 00:00:00+09:00,599.4015002835182,599.4015002835182,596.51513671875,596.51513671875,300,0.0,0.0
2021-03-08 00:00:00+09:00,610.9469604492188,610.9469604492188,605.1742332638718,610.9469604492188,2400,0.0,0.0
2021-03-09 00:00:00+09:00,610.9469604492188,610.9469604492188,610.9469604492188,610.9469604492188,0,0.0,0.0
2021-03-10 00:00:00+09:00,620.5681652492947,623.4545288085938,620.5681652492947,623.4545288085938,700,0.0,0.0
2021-03-11 00:00:00+09:00,623.4545288085938,623.4545288085938,623.4545288085938,623.4545288085938,200,0.0,0.0
2021-03-12 00:00:00+09:00,623.4545288085938,623.4545288085938,623.4545288085938,623.4545288085938,1000,0.0,0.0
2021-03-15 00:00:00+09:00,613.8333109634183,620.5681592028288,601.3257356616558,609.022705078125,4500,0.0,0.0
2021-03-16 00:00:00+09:00,610.9469604492188,610.9469604492188,610.9469604492188,610.9469604492188,1400,0.0,0.0
2021-03-17 00:00:00+09:00,610.9469604492188,610.9469604492188,610.9469604492188,610.9469604492188,0,0.0,0.0
2021-03-18 00:00:00+09:00,611.9090835571288,622.4924167633056,611.9090835571288,615.757568359375,1700,0.0,0.0
2021-03-19 00:00:00+09:00,621.5302603585379,621.5302603585379,619.6060180664062,619.6060180664062,300,0.0,0.0
2021-03-22 00:00:00+09:00,623.4545307714395,628.26513671875,623.4545307714395,628.26513671875,1700,0.0,0.0
2021-03-23 00:00:00+09:00,630.1893571729182,634.037841796875,628.2651148609399,634.037841796875,1400,0.0,0.0
2021-03-24 00:00:00+09:00,634.037850703695,634.9999718731999,625.3787601781514,626.3408813476562,1600,0.0,0.0
2021-03-25 00:00:00+09:00,626.3409165348484,630.1894014290717,622.492431640625,622.492431640625,900,0.0,0.0
2021-03-26 00:00:00+09:00,625.3787841796875,634.9999962439904,622.4924205603966,625.3787841796875,1000,0.0,0.0
2021-03-29 00:00:00+09:00,622.4924242424242,635.0,622.4924242424242,635.0,2500,0.0,0.0
2021-03-30 00:00:00+09:00,660.0,660.0,660.0,660.0,1100,25.0,0.0
2021-03-31 00:00:00+09:00,638.0,648.0,633.0,636.0,2500,0.0,0.0
2021-04-01 00:00:00+09:00,634.0,636.0,632.0,634.0,1300,0.0,0.0
2021-04-02 00:00:00+09:00,644.0,644.0,644.0,644.0,100,0.0,0.0
2021-04-05 00:00:00+09:00,644.0,644.0,634.0,634.0,700,0.0,0.0
2021-04-06 00:00:00+09:00,624.0,638.0,624.0,636.0,3700,0.0,0.0
2021-04-07 00:00:00+09:00,628.0,639.0,628.0,639.0,300,0.0,0.0
2021-04-08 00:00:00+09:00,640.0,640.0,640.0,640.0,1200,0.0,0.0
2021-04-09 00:00:00+09:00,641.0,643.0,641.0,643.0,300,0.0,0.0
2021-04-12 00:00:00+09:00,643.0,660.0,632.0,637.0,2600,0.0,0.0
2021-04-13 00:00:00+09:00,638.0,643.0,638.0,643.0,200,0.0,0.0
2021-04-14 00:00:00+09:00,643.0,643.0,643.0,643.0,0,0.0,0.0
2021-04-15 00:00:00+09:00,643.0,643.0,643.0,643.0,0,0.0,0.0
2021-04-16 00:00:00+09:00,660.0,660.0,650.0,653.0,2800,0.0,0.0
2021-04-19 00:00:00+09:00,643.0,645.0,641.0,645.0,500,0.0,0.0
2021-04-20 00:00:00+09:00,645.0,645.0,645.0,645.0,100,0.0,0.0
2021-04-21 00:00:00+09:00,635.0,635.0,635.0,635.0,100,0.0,0.0
2021-04-22 00:00:00+09:00,634.0,634.0,625.0,627.0,2700,0.0,0.0
2021-04-23 00:00:00+09:00,627.0,627.0,627.0,627.0,0,0.0,0.0
2021-04-26 00:00:00+09:00,627.0,627.0,627.0,627.0,0,0.0,0.0
2021-04-27 00:00:00+09:00,627.0,627.0,627.0,627.0,0,0.0,0.0
2021-04-28 00:00:00+09:00,624.0,624.0,624.0,624.0,100,0.0,0.0
2021-04-30 00:00:00+09:00,618.0,618.0,597.0,601.0,2500,0.0,0.0
2021-05-06 00:00:00+09:00,611.0,611.0,611.0,611.0,200,0.0,0.0
2021-05-07 00:00:00+09:00,611.0,611.0,611.0,611.0,0,0.0,0.0
2021-05-10 00:00:00+09:00,611.0,611.0,611.0,611.0,0,0.0,0.0
2021-05-11 00:00:00+09:00,611.0,611.0,611.0,611.0,0,0.0,0.0
2021-05-12 00:00:00+09:00,611.0,621.0,611.0,621.0,300,0.0,0.0
2021-05-13 00:00:00+09:00,621.0,621.0,621.0,621.0,0,0.0,0.0
2021-05-14 00:00:00+09:00,621.0,621.0,621.0,621.0,0,0.0,0.0
2021-05-17 00:00:00+09:00,622.0,623.0,622.0,623.0,200,0.0,0.0
2021-05-18 00:00:00+09:00,623.0,623.0,623.0,623.0,0,0.0,0.0
2021-05-19 00:00:00+09:00,623.0,623.0,623.0,623.0,0,0.0,0.0
2021-05-20 00:00:00+09:00,623.0,623.0,623.0,623.0,0,0.0,0.0
2021-05-21 00:00:00+09:00,613.0,613.0,613.0,613.0,100,0.0,0.0
2021-05-24 00:00:00+09:00,613.0,613.0,613.0,613.0,100,0.0,0.0
2021-05-25 00:00:00+09:00,613.0,613.0,611.0,611.0,200,0.0,0.0
2021-05-26 00:00:00+09:00,611.0,611.0,611.0,611.0,0,0.0,0.0
2021-05-27 00:00:00+09:00,611.0,611.0,611.0,611.0,0,0.0,0.0
2021-05-28 00:00:00+09:00,611.0,611.0,611.0,611.0,0,0.0,0.0
2021-05-31 00:00:00+09:00,619.0,619.0,610.0,610.0,600,0.0,0.0
2021-06-01 00:00:00+09:00,610.0,610.0,610.0,610.0,100,0.0,0.0
2021-06-02 00:00:00+09:00,614.0,614.0,611.0,611.0,400,0.0,0.0
2021-06-03 00:00:00+09:00,610.0,610.0,608.0,608.0,500,0.0,0.0
2021-06-04 00:00:00+09:00,612.0,612.0,612.0,612.0,400,0.0,0.0
2021-06-07 00:00:00+09:00,612.0,612.0,612.0,612.0,0,0.0,0.0
2021-06-08 00:00:00+09:00,616.0,616.0,616.0,616.0,100,0.0,0.0
2021-06-09 00:00:00+09:00,617.0,617.0,617.0,617.0,100,0.0,0.0
2021-06-10 00:00:00+09:00,614.0,614.0,614.0,614.0,100,0.0,0.0
2021-06-11 00:00:00+09:00,620.0,620.0,620.0,620.0,100,0.0,0.0
2021-06-14 00:00:00+09:00,620.0,620.0,613.0,613.0,600,0.0,0.0
2021-06-15 00:00:00+09:00,618.0,618.0,618.0,618.0,100,0.0,0.0
2021-06-16 00:00:00+09:00,611.0,611.0,611.0,611.0,200,0.0,0.0
2021-06-17 00:00:00+09:00,612.0,612.0,612.0,612.0,300,0.0,0.0
2021-06-18 00:00:00+09:00,612.0,612.0,602.0,602.0,1300,0.0,0.0
2021-06-21 00:00:00+09:00,602.0,602.0,599.0,602.0,700,0.0,0.0
2021-06-22 00:00:00+09:00,602.0,604.0,602.0,604.0,700,0.0,0.0
2021-06-23 00:00:00+09:00,604.0,604.0,600.0,600.0,1100,0.0,0.0
2021-06-24 00:00:00+09:00,600.0,600.0,596.0,596.0,300,0.0,0.0
2021-06-25 00:00:00+09:00,596.0,596.0,595.0,595.0,600,0.0,0.0
2021-06-28 00:00:00+09:00,615.0,615.0,607.0,610.0,2200,0.0,0.0
2021-06-29 00:00:00+09:00,605.0,610.0,605.0,606.0,1400,0.0,0.0
2021-06-30 00:00:00+09:00,603.0,612.0,603.0,607.0,1400,0.0,0.0
2021-07-01 00:00:00+09:00,609.0,609.0,609.0,609.0,300,0.0,0.0
2021-07-02 00:00:00+09:00,616.0,616.0,616.0,616.0,200,0.0,0.0
2021-07-05 00:00:00+09:00,611.0,611.0,610.0,610.0,1400,0.0,0.0
2021-07-06 00:00:00+09:00,610.0,610.0,610.0,610.0,0,0.0,0.0
2021-07-07 00:00:00+09:00,607.0,608.0,607.0,607.0,500,0.0,0.0
2021-07-08 00:00:00+09:00,607.0,607.0,607.0,607.0,0,0.0,0.0
2021-07-09 00:00:00+09:00,610.0,610.0,610.0,610.0,100,0.0,0.0
2021-07-12 00:00:00+09:00,610.0,610.0,610.0,610.0,0,0.0,0.0
2021-07-13 00:00:00+09:00,610.0,610.0,610.0,610.0,100,0.0,0.0
2021-07-14 00:00:00+09:00,610.0,610.0,602.0,605.0,10400,0.0,0.0
2021-07-15 00:00:00+09:00,604.0,605.0,598.0,598.0,3100,0.0,0.0
2021-07-16 00:00:00+09:00,602.0,602.0,601.0,601.0,600,0.0,0.0
2021-07-19 00:00:00+09:00,602.0,602.0,600.0,600.0,1400,0.0,0.0
2021-07-20 00:00:00+09:00,600.0,600.0,600.0,600.0,1000,0.0,0.0
2021-07-21 00:00:00+09:00,600.0,600.0,595.0,595.0,4200,0.0,0.0
2021-07-26 00:00:00+09:00,596.0,598.0,593.0,593.0,1500,0.0,0.0
2021-07-27 00:00:00+09:00,593.0,593.0,593.0,593.0,0,0.0,0.0
2021-07-28 00:00:00+09:00,594.0,594.0,594.0,594.0,100,0.0,0.0
2021-07-29 00:00:00+09:00,598.0,598.0,598.0,598.0,100,0.0,0.0
2021-07-30 00:00:00+09:00,596.0,596.0,596.0,596.0,200,0.0,0.0
2021-08-02 00:00:00+09:00,596.0,596.0,593.0,593.0,1600,0.0,0.0
2021-08-03 00:00:00+09:00,593.0,593.0,593.0,593.0,0,0.0,0.0
2021-08-04 00:00:00+09:00,593.0,593.0,593.0,593.0,0,0.0,0.0
2021-08-05 00:00:00+09:00,596.0,598.0,594.0,595.0,400,0.0,0.0
2021-08-06 00:00:00+09:00,593.0,593.0,587.0,587.0,300,0.0,0.0
2021-08-10 00:00:00+09:00,593.0,600.0,589.0,590.0,600,0.0,0.0
2021-08-11 00:00:00+09:00,590.0,590.0,590.0,590.0,200,0.0,0.0
2021-08-12 00:00:00+09:00,590.0,590.0,590.0,590.0,100,0.0,0.0
2021-08-13 00:00:00+09:00,590.0,590.0,590.0,590.0,0,0.0,0.0
2021-08-16 00:00:00+09:00,590.0,590.0,590.0,590.0,900,0.0,0.0
2021-08-17 00:00:00+09:00,588.0,588.0,587.0,587.0,600,0.0,0.0
2021-08-18 00:00:00+09:00,588.0,588.0,588.0,588.0,200,0.0,0.0
2021-08-19 00:00:00+09:00,588.0,588.0,588.0,588.0,200,0.0,0.0
2021-08-20 00:00:00+09:00,588.0,588.0,588.0,588.0,100,0.0,0.0
2021-08-23 00:00:00+09:00,588.0,590.0,582.0,582.0,800,0.0,0.0
2021-08-24 00:00:00+09:00,582.0,582.0,582.0,582.0,0,0.0,0.0
2021-08-25 00:00:00+09:00,582.0,582.0,582.0,582.0,0,0.0,0.0
2021-08-26 00:00:00+09:00,582.0,582.0,582.0,582.0,0,0.0,0.0
2021-08-27 00:00:00+09:00,582.0,582.0,582.0,582.0,0,0.0,0.0
2021-08-30 00:00:00+09:00,582.0,582.0,581.0,582.0,900,0.0,0.0
2021-08-31 00:00:00+09:00,582.0,582.0,582.0,582.0,0,0.0,0.0
2021-09-01 00:00:00+09:00,587.0,587.0,582.0,582.0,1700,0.0,0.0
2021-09-02 00:00:00+09:00,582.0,582.0,582.0,582.0,200,0.0,0.0
2021-09-03 00:00:00+09:00,587.0,593.0,587.0,588.0,900,0.0,0.0
2021-09-06 00:00:00+09:00,591.0,598.0,591.0,598.0,1400,0.0,0.0
2021-09-07 00:00:00+09:00,598.0,600.0,592.0,600.0,1100,0.0,0.0
2021-09-08 00:00:00+09:00,593.0,593.0,593.0,593.0,200,0.0,0.0
2021-09-09 00:00:00+09:00,593.0,594.0,593.0,594.0,200,0.0,0.0
2021-09-10 00:00:00+09:00,595.0,600.0,595.0,600.0,600,0.0,0.0
2021-09-13 00:00:00+09:00,600.0,604.0,600.0,604.0,300,0.0,0.0
2021-09-14 00:00:00+09:00,604.0,604.0,604.0,604.0,300,0.0,0.0
2021-09-15 00:00:00+09:00,605.0,605.0,605.0,605.0,4600,0.0,0.0
2021-09-16 00:00:00+09:00,608.0,608.0,608.0,608.0,100,0.0,0.0
2021-09-17 00:00:00+09:00,608.0,609.0,608.0,609.0,8000,0.0,0.0
2021-09-21 00:00:00+09:00,605.0,605.0,605.0,605.0,300,0.0,0.0
2021-09-22 00:00:00+09:00,606.0,606.0,606.0,606.0,100,0.0,0.0
2021-09-24 00:00:00+09:00,606.0,606.0,606.0,606.0,300,0.0,0.0
2021-09-27 00:00:00+09:00,606.0,628.0,606.0,624.0,2000,0.0,0.0
2021-09-28 00:00:00+09:00,624.0,627.0,624.0,627.0,500,0.0,0.0
2021-09-29 00:00:00+09:00,615.0,615.0,615.0,615.0,300,0.0,0.0
2021-09-30 00:00:00+09:00,622.0,622.0,619.0,619.0,700,0.0,0.0
2021-10-01 00:00:00+09:00,618.0,618.0,618.0,618.0,300,0.0,0.0
2021-10-04 00:00:00+09:00,628.0,630.0,619.0,619.0,3000,0.0,0.0
2021-10-05 00:00:00+09:00,620.0,632.0,620.0,632.0,1700,0.0,0.0
2021-10-06 00:00:00+09:00,648.0,648.0,616.0,622.0,3400,0.0,0.0
2021-10-07 00:00:00+09:00,622.0,623.0,617.0,617.0,1400,0.0,0.0
2021-10-08 00:00:00+09:00,631.0,631.0,629.0,629.0,300,0.0,0.0
2021-10-11 00:00:00+09:00,621.0,621.0,620.0,620.0,1100,0.0,0.0
2021-10-12 00:00:00+09:00,630.0,630.0,621.0,621.0,200,0.0,0.0
2021-10-13 00:00:00+09:00,628.0,640.0,624.0,629.0,1800,0.0,0.0
2021-10-14 00:00:00+09:00,634.0,635.0,634.0,635.0,600,0.0,0.0
2021-10-15 00:00:00+09:00,635.0,638.0,635.0,638.0,200,0.0,0.0
2021-10-18 00:00:00+09:00,638.0,638.0,638.0,638.0,0,0.0,0.0
2021-10-19 00:00:00+09:00,640.0,640.0,638.0,638.0,1800,0.0,0.0
2021-10-20 00:00:00+09:00,640.0,642.0,640.0,642.0,700,0.0,0.0
2021-10-21 00:00:00+09:00,632.0,632.0,632.0,632.0,400,0.0,0.0
2021-10-22 00:00:00+09:00,633.0,633.0,633.0,633.0,200,0.0,0.0
2021-10-25 00:00:00+09:00,633.0,633.0,633.0,633.0,0,0.0,0.0
2021-10-26 00:00:00+09:00,633.0,633.0,633.0,633.0,0,0.0,0.0
2021-10-27 00:00:00+09:00,626.0,626.0,626.0,626.0,300,0.0,0.0
2021-10-28 00:00:00+09:00,626.0,626.0,626.0,626.0,0,0.0,0.0
2021-10-29 00:00:00+09:00,625.0,626.0,625.0,626.0,500,0.0,0.0
2021-11-01 00:00:00+09:00,626.0,630.0,625.0,630.0,800,0.0,0.0
2021-11-02 00:00:00+09:00,630.0,630.0,630.0,630.0,600,0.0,0.0
2021-11-04 00:00:00+09:00,632.0,632.0,632.0,632.0,100,0.0,0.0
2021-11-05 00:00:00+09:00,632.0,632.0,632.0,632.0,0,0.0,0.0
2021-11-08 00:00:00+09:00,632.0,632.0,632.0,632.0,0,0.0,0.0
2021-11-09 00:00:00+09:00,632.0,632.0,632.0,632.0,0,0.0,0.0
2021-11-10 00:00:00+09:00,633.0,635.0,633.0,635.0,900,0.0,0.0
2021-11-11 00:00:00+09:00,643.0,643.0,643.0,643.0,100,0.0,0.0
2021-11-12 00:00:00+09:00,626.0,626.0,626.0,626.0,100,0.0,0.0
2021-11-15 00:00:00+09:00,626.0,626.0,626.0,626.0,0,0.0,0.0
2021-11-16 00:00:00+09:00,632.0,632.0,631.0,631.0,700,0.0,0.0
2021-11-17 00:00:00+09:00,631.0,631.0,631.0,631.0,0,0.0,0.0
2021-11-18 00:00:00+09:00,632.0,632.0,632.0,632.0,200,0.0,0.0
2021-11-19 00:00:00+09:00,632.0,632.0,632.0,632.0,0,0.0,0.0
2021-11-22 00:00:00+09:00,627.0,627.0,627.0,627.0,100,0.0,0.0
2021-11-24 00:00:00+09:00,627.0,627.0,627.0,627.0,0,0.0,0.0
2021-11-25 00:00:00+09:00,627.0,627.0,627.0,627.0,0,0.0,0.0
2021-11-26 00:00:00+09:00,618.0,622.0,616.0,616.0,4600,0.0,0.0
2021-11-29 00:00:00+09:00,616.0,616.0,595.0,605.0,3900,0.0,0.0
2021-11-30 00:00:00+09:00,595.0,595.0,594.0,595.0,9000,0.0,0.0
2021-12-01 00:00:00+09:00,589.0,604.0,589.0,598.0,700,0.0,0.0
2021-12-02 00:00:00+09:00,598.0,598.0,598.0,598.0,0,0.0,0.0
2021-12-03 00:00:00+09:00,588.0,597.0,588.0,597.0,300,0.0,0.0
2021-12-06 00:00:00+09:00,598.0,600.0,598.0,600.0,2800,0.0,0.0
2021-12-07 00:00:00+09:00,615.0,615.0,605.0,614.0,1000,0.0,0.0
2021-12-08 00:00:00+09:00,613.0,613.0,612.0,612.0,300,0.0,0.0
2021-12-09 00:00:00+09:00,612.0,613.0,612.0,613.0,800,0.0,0.0
2021-12-10 00:00:00+09:00,612.0,615.0,612.0,615.0,300,0.0,0.0
2021-12-13 00:00:00+09:00,615.0,619.0,612.0,617.0,3500,0.0,0.0
2021-12-14 00:00:00+09:00,617.0,617.0,612.0,612.0,700,0.0,0.0
2021-12-15 00:00:00+09:00,621.0,621.0,600.0,615.0,5100,0.0,0.0
2021-12-16 00:00:00+09:00,605.0,605.0,600.0,600.0,1000,0.0,0.0
2021-12-17 00:00:00+09:00,610.0,610.0,609.0,610.0,1700,0.0,0.0
2021-12-20 00:00:00+09:00,608.0,608.0,608.0,608.0,100,0.0,0.0
2021-12-21 00:00:00+09:00,600.0,610.0,600.0,610.0,4000,0.0,0.0
2021-12-22 00:00:00+09:00,610.0,610.0,610.0,610.0,0,0.0,0.0
2021-12-23 00:00:00+09:00,600.0,600.0,600.0,600.0,800,0.0,0.0
2021-12-24 00:00:00+09:00,591.0,601.0,591.0,601.0,400,0.0,0.0
2021-12-27 00:00:00+09:00,597.0,608.0,597.0,598.0,1100,0.0,0.0
2021-12-28 00:00:00+09:00,596.0,610.0,596.0,610.0,1200,0.0,0.0
2021-12-29 00:00:00+09:00,610.0,610.0,608.0,608.0,900,0.0,0.0
2021-12-30 00:00:00+09:00,616.0,616.0,615.0,615.0,700,0.0,0.0
2022-01-04 00:00:00+09:00,616.0,616.0,616.0,616.0,1000,0.0,0.0
2022-01-05 00:00:00+09:00,616.0,616.0,616.0,616.0,0,0.0,0.0
2022-01-06 00:00:00+09:00,606.0,606.0,600.0,604.0,500,0.0,0.0
2022-01-07 00:00:00+09:00,611.0,612.0,611.0,612.0,300,0.0,0.0
2022-01-11 00:00:00+09:00,604.0,604.0,604.0,604.0,100,0.0,0.0
2022-01-12 00:00:00+09:00,606.0,618.0,606.0,618.0,300,0.0,0.0
2022-01-13 00:00:00+09:00,618.0,618.0,617.0,617.0,900,0.0,0.0
2022-01-14 00:00:00+09:00,617.0,617.0,617.0,617.0,0,0.0,0.0
2022-01-17 00:00:00+09:00,602.0,610.0,602.0,610.0,900,0.0,0.0
2022-01-18 00:00:00+09:00,610.0,610.0,610.0,610.0,100,0.0,0.0
2022-01-19 00:00:00+09:00,609.0,618.0,609.0,618.0,300,0.0,0.0
2022-01-20 00:00:00+09:00,610.0,610.0,609.0,609.0,800,0.0,0.0
2022-01-21 00:00:00+09:00,599.0,610.0,586.0,610.0,1900,0.0,0.0
2022-01-24 00:00:00+09:00,616.0,616.0,616.0,616.0,200,0.0,0.0
2022-01-25 00:00:00+09:00,618.0,618.0,616.0,618.0,1000,0.0,0.0
2022-01-26 00:00:00+09:00,618.0,618.0,610.0,610.0,500,0.0,0.0
2022-01-27 00:00:00+09:00,583.0,620.0,575.0,620.0,8800,0.0,0.0
2022-01-28 00:00:00+09:00,617.0,618.0,610.0,618.0,800,0.0,0.0
2022-01-31 00:00:00+09:00,617.0,617.0,617.0,617.0,200,0.0,0.0
2022-02-01 00:00:00+09:00,619.0,621.0,618.0,621.0,400,0.0,0.0
2022-02-02 00:00:00+09:00,612.0,612.0,611.0,611.0,400,0.0,0.0
2022-02-03 00:00:00+09:00,613.0,613.0,606.0,606.0,600,0.0,0.0
2022-02-04 00:00:00+09:00,616.0,617.0,616.0,617.0,300,0.0,0.0
2022-02-07 00:00:00+09:00,617.0,617.0,617.0,617.0,0,0.0,0.0
2022-02-08 00:00:00+09:00,615.0,621.0,615.0,621.0,200,0.0,0.0
2022-02-09 00:00:00+09:00,611.0,611.0,611.0,611.0,100,0.0,0.0
2022-02-10 00:00:00+09:00,620.0,624.0,619.0,620.0,10900,0.0,0.0
2022-02-14 00:00:00+09:00,620.0,620.0,620.0,620.0,0,0.0,0.0
2022-02-15 00:00:00+09:00,616.0,616.0,616.0,616.0,400,0.0,0.0
2022-02-16 00:00:00+09:00,616.0,616.0,616.0,616.0,0,0.0,0.0
2022-02-17 00:00:00+09:00,616.0,616.0,616.0,616.0,0,0.0,0.0
2022-02-18 00:00:00+09:00,616.0,616.0,616.0,616.0,0,0.0,0.0
2022-02-21 00:00:00+09:00,616.0,616.0,616.0,616.0,0,0.0,0.0
2022-02-22 00:00:00+09:00,602.0,604.0,602.0,604.0,400,0.0,0.0
2022-02-24 00:00:00+09:00,604.0,604.0,604.0,604.0,0,0.0,0.0
2022-02-25 00:00:00+09:00,604.0,604.0,604.0,604.0,0,0.0,0.0
2022-02-28 00:00:00+09:00,604.0,604.0,604.0,604.0,0,0.0,0.0
2022-03-01 00:00:00+09:00,613.0,614.0,613.0,614.0,800,0.0,0.0
2022-03-02 00:00:00+09:00,614.0,614.0,614.0,614.0,0,0.0,0.0
2022-03-03 00:00:00+09:00,614.0,614.0,614.0,614.0,0,0.0,0.0
2022-03-04 00:00:00+09:00,614.0,614.0,614.0,614.0,0,0.0,0.0
2022-03-07 00:00:00+09:00,604.0,604.0,600.0,600.0,1000,0.0,0.0
2022-03-08 00:00:00+09:00,593.0,593.0,593.0,593.0,500,0.0,0.0
2022-03-09 00:00:00+09:00,593.0,596.0,593.0,596.0,200,0.0,0.0
2022-03-10 00:00:00+09:00,614.0,616.0,614.0,616.0,200,0.0,0.0
2022-03-11 00:00:00+09:00,616.0,616.0,616.0,616.0,0,0.0,0.0
2022-03-14 00:00:00+09:00,604.0,604.0,600.0,604.0,1200,0.0,0.0
2022-03-15 00:00:00+09:00,604.0,604.0,604.0,604.0,0,0.0,0.0
2022-03-16 00:00:00+09:00,605.0,605.0,605.0,605.0,100,0.0,0.0
2022-03-17 00:00:00+09:00,606.0,606.0,606.0,606.0,100,0.0,0.0
2022-03-18 00:00:00+09:00,605.0,605.0,605.0,605.0,100,0.0,0.0
2022-03-22 00:00:00+09:00,605.0,605.0,605.0,605.0,0,0.0,0.0
2022-03-23 00:00:00+09:00,605.0,605.0,605.0,605.0,0,0.0,0.0
2022-03-24 00:00:00+09:00,615.0,615.0,606.0,606.0,400,0.0,0.0
2022-03-25 00:00:00+09:00,606.0,606.0,606.0,606.0,100,0.0,0.0
2022-03-28 00:00:00+09:00,608.0,608.0,608.0,608.0,100,0.0,0.0
2022-03-29 00:00:00+09:00,609.0,609.0,609.0,609.0,300,0.0,0.0
2022-03-30 00:00:00+09:00,596.0,596.0,596.0,596.0,300,0.0,0.0
2022-03-31 00:00:00+09:00,596.0,596.0,596.0,596.0,0,0.0,0.0
2022-04-01 00:00:00+09:00,596.0,596.0,596.0,596.0,300,0.0,0.0
2022-04-04 00:00:00+09:00,606.0,606.0,599.0,599.0,200,0.0,0.0
2022-04-05 00:00:00+09:00,596.0,596.0,596.0,596.0,100,0.0,0.0
2022-04-06 00:00:00+09:00,596.0,596.0,596.0,596.0,0,0.0,0.0
2022-04-07 00:00:00+09:00,598.0,598.0,598.0,598.0,100,0.0,0.0
2022-04-08 00:00:00+09:00,598.0,598.0,597.0,597.0,800,0.0,0.0
2022-04-11 00:00:00+09:00,601.0,601.0,591.0,591.0,400,0.0,0.0
2022-04-12 00:00:00+09:00,591.0,591.0,583.0,583.0,300,0.0,0.0
2022-04-13 00:00:00+09:00,583.0,584.0,583.0,584.0,500,0.0,0.0
2022-04-14 00:00:00+09:00,596.0,596.0,596.0,596.0,100,0.0,0.0
2022-04-15 00:00:00+09:00,596.0,596.0,596.0,596.0,0,0.0,0.0
2022-04-18 00:00:00+09:00,596.0,596.0,596.0,596.0,0,0.0,0.0
2022-04-19 00:00:00+09:00,596.0,596.0,596.0,596.0,0,0.0,0.0
2022-04-20 00:00:00+09:00,596.0,596.0,596.0,596.0,0,0.0,0.0
2022-04-21 00:00:00+09:00,596.0,596.0,596.0,596.0,0,0.0,0.0
2022-04-22 00:00:00+09:00,596.0,596.0,596.0,596.0,0,0.0,0.0
2022-04-25 00:00:00+09:00,596.0,596.0,596.0,596.0,0,0.0,0.0
2022-04-26 00:00:00+09:00,596.0,596.0,596.0,596.0,0,0.0,0.0
2022-04-27 00:00:00+09:00,596.0,596.0,596.0,596.0,0,0.0,0.0
2022-04-28 00:00:00+09:00,600.0,600.0,600.0,600.0,100,0.0,0.0
2022-05-02 00:00:00+09:00,604.0,604.0,604.0,604.0,200,0.0,0.0
2022-05-06 00:00:00+09:00,600.0,600.0,600.0,600.0,200,0.0,0.0
2022-05-09 00:00:00+09:00,590.0,590.0,590.0,590.0,100,0.0,0.0
2022-05-10 00:00:00+09:00,604.0,605.0,604.0,605.0,400,0.0,0.0
2022-05-11 00:00:00+09:00,600.0,600.0,600.0,600.0,200,0.0,0.0
2022-05-12 00:00:00+09:00,600.0,601.0,600.0,600.0,700,0.0,0.0
2022-05-13 00:00:00+09:00,605.0,605.0,588.0,592.0,1300,0.0,0.0
2022-05-16 00:00:00+09:00,592.0,592.0,592.0,592.0,0,0.0,0.0
2022-05-17 00:00:00+09:00,592.0,592.0,592.0,592.0,0,0.0,0.0
2022-05-18 00:00:00+09:00,588.0,588.0,588.0,588.0,200,0.0,0.0
2022-05-19 00:00:00+09:00,598.0,598.0,588.0,589.0,600,0.0,0.0
2022-05-20 00:00:00+09:00,599.0,600.0,599.0,600.0,200,0.0,0.0
2022-05-23 00:00:00+09:00,600.0,600.0,600.0,600.0,0,0.0,0.0
2022-05-24 00:00:00+09:00,590.0,590.0,586.0,586.0,400,0.0,0.0
2022-05-25 00:00:00+09:00,586.0,586.0,586.0,586.0,0,0.0,0.0
2022-05-26 00:00:00+09:00,585.0,586.0,585.0,586.0,3000,0.0,0.0
2022-05-27 00:00:00+09:00,586.0,586.0,586.0,586.0,0,0.0,0.0
2022-05-30 00:00:00+09:00,586.0,586.0,586.0,586.0,0,0.0,0.0
2022-05-31 00:00:00+09:00,581.0,581.0,581.0,581.0,100,0.0,0.0
2022-06-01 00:00:00+09:00,596.0,596.0,596.0,596.0,100,0.0,0.0
2022-06-02 00:00:00+09:00,596.0,596.0,596.0,596.0,0,0.0,0.0
2022-06-03 00:00:00+09:00,586.0,586.0,586.0,586.0,100,0.0,0.0
2022-06-06 00:00:00+09:00,586.0,586.0,586.0,586.0,0,0.0,0.0
2022-06-07 00:00:00+09:00,586.0,586.0,586.0,586.0,100,0.0,0.0
2022-06-08 00:00:00+09:00,586.0,586.0,586.0,586.0,0,0.0,0.0
2022-06-09 00:00:00+09:00,581.0,581.0,581.0,581.0,100,0.0,0.0
2022-06-10 00:00:00+09:00,581.0,581.0,581.0,581.0,0,0.0,0.0
2022-06-13 00:00:00+09:00,581.0,581.0,581.0,581.0,100,0.0,0.0
2022-06-14 00:00:00+09:00,591.0,592.0,591.0,592.0,200,0.0,0.0
2022-06-15 00:00:00+09:00,592.0,592.0,592.0,592.0,0,0.0,0.0
2022-06-16 00:00:00+09:00,584.0,584.0,584.0,584.0,100,0.0,0.0
2022-06-17 00:00:00+09:00,584.0,584.0,584.0,584.0,100,0.0,0.0
2022-06-20 00:00:00+09:00,581.0,584.0,581.0,584.0,300,0.0,0.0
2022-06-21 00:00:00+09:00,584.0,584.0,584.0,584.0,0,0.0,0.0
2022-06-22 00:00:00+09:00,586.0,586.0,586.0,586.0,100,0.0,0.0
2022-06-23 00:00:00+09:00,588.0,588.0,588.0,588.0,100,0.0,0.0
2022-06-24 00:00:00+09:00,592.0,592.0,591.0,591.0,400,0.0,0.0
2022-06-27 00:00:00+09:00,591.0,591.0,591.0,591.0,0,0.0,0.0
2022-06-28 00:00:00+09:00,594.0,594.0,594.0,594.0,100,0.0,0.0
2022-06-29 00:00:00+09:00,587.0,587.0,587.0,587.0,100,0.0,0.0
2022-06-30 00:00:00+09:00,617.0,617.0,597.0,605.0,2000,0.0,0.0
2022-07-01 00:00:00+09:00,613.0,613.0,613.0,613.0,200,0.0,0.0
2022-07-04 00:00:00+09:00,615.0,615.0,615.0,615.0,300,0.0,0.0
2022-07-05 00:00:00+09:00,615.0,615.0,615.0,615.0,0,0.0,0.0
2022-07-06 00:00:00+09:00,615.0,615.0,615.0,615.0,0,0.0,0.0
2022-07-07 00:00:00+09:00,615.0,615.0,615.0,615.0,0,0.0,0.0
2022-07-08 00:00:00+09:00,600.0,600.0,600.0,600.0,200,0.0,0.0
2022-07-11 00:00:00+09:00,599.0,599.0,595.0,595.0,200,0.0,0.0
2022-07-12 00:00:00+09:00,602.0,602.0,602.0,602.0,100,0.0,0.0
2022-07-13 00:00:00+09:00,595.0,595.0,595.0,595.0,300,0.0,0.0
2022-07-14 00:00:00+09:00,596.0,596.0,596.0,596.0,100,0.0,0.0
2022-07-15 00:00:00+09:00,594.0,594.0,594.0,594.0,100,0.0,0.0
2022-07-19 00:00:00+09:00,594.0,594.0,594.0,594.0,0,0.0,0.0
2022-07-20 00:00:00+09:00,594.0,594.0,594.0,594.0,0,0.0,0.0
2022-07-21 00:00:00+09:00,594.0,594.0,594.0,594.0,0,0.0,0.0
2022-07-22 00:00:00+09:00,594.0,594.0,594.0,594.0,0,0.0,0.0
2022-07-25 00:00:00+09:00,594.0,594.0,594.0,594.0,0,0.0,0.0
2022-07-26 00:00:00+09:00,594.0,594.0,594.0,594.0,0,0.0,0.0
2022-07-27 00:00:00+09:00,594.0,594.0,594.0,594.0,0,0.0,0.0
2022-07-28 00:00:00+09:00,594.0,594.0,594.0,594.0,0,0.0,0.0
2022-07-29 00:00:00+09:00,594.0,594.0,594.0,594.0,0,0.0,0.0
2022-08-01 00:00:00+09:00,610.0,610.0,610.0,610.0,100,0.0,0.0
2022-08-02 00:00:00+09:00,610.0,610.0,610.0,610.0,0,0.0,0.0
2022-08-03 00:00:00+09:00,610.0,610.0,610.0,610.0,0,0.0,0.0
2022-08-04 00:00:00+09:00,610.0,610.0,610.0,610.0,0,0.0,0.0
2022-08-05 00:00:00+09:00,610.0,610.0,610.0,610.0,0,0.0,0.0
2022-08-08 00:00:00+09:00,607.0,607.0,607.0,607.0,100,0.0,0.0
2022-08-09 00:00:00+09:00,619.0,619.0,619.0,619.0,500,0.0,0.0
2022-08-10 00:00:00+09:00,601.0,605.0,584.0,605.0,1900,0.0,0.0
2022-08-12 00:00:00+09:00,600.0,605.0,592.0,605.0,1200,0.0,0.0
2022-08-15 00:00:00+09:00,595.0,595.0,588.0,595.0,2800,0.0,0.0
2022-08-16 00:00:00+09:00,595.0,595.0,595.0,595.0,100,0.0,0.0
2022-08-17 00:00:00+09:00,599.0,605.0,599.0,605.0,500,0.0,0.0
2022-08-18 00:00:00+09:00,596.0,597.0,595.0,597.0,700,0.0,0.0
2022-08-19 00:00:00+09:00,602.0,603.0,600.0,600.0,600,0.0,0.0
2022-08-22 00:00:00+09:00,610.0,611.0,610.0,611.0,1700,0.0,0.0
2022-08-23 00:00:00+09:00,615.0,622.0,610.0,610.0,3100,0.0,0.0
2022-08-24 00:00:00+09:00,616.0,620.0,610.0,620.0,3600,0.0,0.0
2022-08-25 00:00:00+09:00,614.0,614.0,610.0,610.0,3600,0.0,0.0
2022-08-26 00:00:00+09:00,604.0,614.0,604.0,614.0,1300,0.0,0.0
2022-08-29 00:00:00+09:00,610.0,614.0,610.0,614.0,200,0.0,0.0
2022-08-30 00:00:00+09:00,614.0,614.0,614.0,614.0,900,0.0,0.0
2022-08-31 00:00:00+09:00,614.0,614.0,614.0,614.0,0,0.0,0.0
2022-09-01 00:00:00+09:00,614.0,614.0,606.0,606.0,300,0.0,0.0
2022-09-02 00:00:00+09:00,615.0,615.0,614.0,615.0,1100,0.0,0.0
2022-09-05 00:00:00+09:00,615.0,615.0,600.0,600.0,2800,0.0,0.0
2022-09-06 00:00:00+09:00,611.0,612.0,611.0,612.0,300,0.0,0.0
2022-09-07 00:00:00+09:00,612.0,612.0,612.0,612.0,0,0.0,0.0
2022-09-08 00:00:00+09:00,612.0,612.0,612.0,612.0,0,0.0,0.0
2022-09-09 00:00:00+09:00,612.0,612.0,612.0,612.0,0,0.0,0.0
2022-09-12 00:00:00+09:00,612.0,612.0,612.0,612.0,0,0.0,0.0
2022-09-13 00:00:00+09:00,612.0,612.0,612.0,612.0,0,0.0,0.0
2022-09-14 00:00:00+09:00,612.0,612.0,612.0,612.0,0,0.0,0.0
2022-09-15 00:00:00+09:00,614.0,615.0,614.0,615.0,200,0.0,0.0
2022-09-16 00:00:00+09:00,615.0,615.0,615.0,615.0,0,0.0,0.0
2022-09-20 00:00:00+09:00,615.0,615.0,615.0,615.0,0,0.0,0.0
2022-09-21 00:00:00+09:00,618.0,618.0,618.0,618.0,300,0.0,0.0
2022-09-22 00:00:00+09:00,608.0,608.0,608.0,608.0,100,0.0,0.0
2022-09-26 00:00:00+09:00,608.0,608.0,608.0,608.0,0,0.0,0.0
2022-09-27 00:00:00+09:00,637.0,637.0,630.0,630.0,200,0.0,0.0
2022-09-28 00:00:00+09:00,630.0,630.0,630.0,630.0,0,0.0,0.0
2022-09-29 00:00:00+09:00,630.0,630.0,630.0,630.0,0,0.0,0.0
2022-09-30 00:00:00+09:00,630.0,630.0,630.0,630.0,0,0.0,0.0
2022-10-03 00:00:00+09:00,627.0,627.0,627.0,627.0,200,0.0,0.0
2022-10-04 00:00:00+09:00,610.0,610.0,610.0,610.0,100,0.0,0.0
2022-10-05 00:00:00+09:00,620.0,620.0,607.0,607.0,500,0.0,0.0
2022-10-06 00:00:00+09:00,607.0,607.0,607.0,607.0,0,0.0,0.0
2022-10-07 00:00:00+09:00,607.0,607.0,607.0,607.0,1300,0.0,0.0
2022-10-11 00:00:00+09:00,606.0,606.0,606.0,606.0,300,0.0,0.0
2022-10-12 00:00:00+09:00,606.0,606.0,606.0,606.0,0,0.0,0.0
2022-10-13 00:00:00+09:00,606.0,606.0,606.0,606.0,0,0.0,0.0
2022-10-14 00:00:00+09:00,606.0,606.0,606.0,606.0,0,0.0,0.0
2022-10-17 00:00:00+09:00,606.0,606.0,606.0,606.0,0,0.0,0.0
2022-10-18 00:00:00+09:00,606.0,606.0,606.0,606.0,0,0.0,0.0
2022-10-19 00:00:00+09:00,606.0,606.0,606.0,606.0,0,0.0,0.0
2022-10-20 00:00:00+09:00,606.0,606.0,606.0,606.0,0,0.0,0.0
2022-10-21 00:00:00+09:00,608.0,608.0,606.0,606.0,1700,0.0,0.0
2022-10-24 00:00:00+09:00,614.0,614.0,614.0,614.0,100,0.0,0.0
2022-10-25 00:00:00+09:00,610.0,610.0,610.0,610.0,100,0.0,0.0
2022-10-26 00:00:00+09:00,610.0,610.0,610.0,610.0,0,0.0,0.0
2022-10-27 00:00:00+09:00,610.0,610.0,610.0,610.0,0,0.0,0.0
2022-10-28 00:00:00+09:00,610.0,610.0,610.0,610.0,0,0.0,0.0
2022-10-31 00:00:00+09:00,602.0,602.0,602.0,602.0,200,0.0,0.0
2022-11-01 00:00:00+09:00,612.0,612.0,612.0,612.0,100,0.0,0.0
2022-11-02 00:00:00+09:00,612.0,612.0,612.0,612.0,0,0.0,0.0
2022-11-04 00:00:00+09:00,612.0,612.0,612.0,612.0,0,0.0,0.0
2022-11-07 00:00:00+09:00,612.0,612.0,612.0,612.0,0,0.0,0.0
2022-11-08 00:00:00+09:00,612.0,612.0,612.0,612.0,0,0.0,0.0
2022-11-09 00:00:00+09:00,620.0,620.0,620.0,620.0,100,0.0,0.0
2022-11-10 00:00:00+09:00,613.0,613.0,611.0,611.0,300,0.0,0.0
2022-11-11 00:00:00+09:00,611.0,611.0,611.0,611.0,0,0.0,0.0
2022-11-14 00:00:00+09:00,611.0,611.0,611.0,611.0,300,0.0,0.0
2022-11-15 00:00:00+09:00,611.0,611.0,611.0,611.0,0,0.0,0.0
2022-11-16 00:00:00+09:00,611.0,611.0,611.0,611.0,0,0.0,0.0
2022-11-17 00:00:00+09:00,627.0,640.0,627.0,640.0,2100,0.0,0.0
2022-11-18 00:00:00+09:00,637.0,642.0,637.0,640.0,2900,0.0,0.0
2022-11-21 00:00:00+09:00,639.0,639.0,639.0,639.0,300,0.0,0.0
2022-11-22 00:00:00+09:00,641.0,651.0,641.0,645.0,1500,0.0,0.0
2022-11-24 00:00:00+09:00,651.0,651.0,633.0,640.0,1000,0.0,0.0
2022-11-25 00:00:00+09:00,637.0,651.0,637.0,651.0,3100,0.0,0.0
2022-11-28 00:00:00+09:00,669.0,669.0,649.0,652.0,900,0.0,0.0
2022-11-29 00:00:00+09:00,652.0,670.0,652.0,670.0,1300,0.0,0.0
2022-11-30 00:00:00+09:00,660.0,668.0,643.0,667.0,3200,0.0,0.0
2022-12-01 00:00:00+09:00,677.0,677.0,664.0,665.0,1600,0.0,0.0
2022-12-02 00:00:00+09:00,665.0,665.0,641.0,655.0,2600,0.0,0.0
2022-12-05 00:00:00+09:00,655.0,655.0,654.0,654.0,1600,0.0,0.0
2022-12-06 00:00:00+09:00,654.0,654.0,652.0,652.0,200,0.0,0.0
2022-12-07 00:00:00+09:00,652.0,652.0,652.0,652.0,0,0.0,0.0
2022-12-08 00:00:00+09:00,651.0,651.0,638.0,638.0,800,0.0,0.0
2022-12-09 00:00:00+09:00,644.0,645.0,644.0,644.0,600,0.0,0.0
2022-12-12 00:00:00+09:00,645.0,646.0,644.0,644.0,900,0.0,0.0
2022-12-13 00:00:00+09:00,648.0,648.0,648.0,648.0,100,0.0,0.0
2022-12-14 00:00:00+09:00,648.0,648.0,648.0,648.0,400,0.0,0.0
2022-12-15 00:00:00+09:00,648.0,648.0,648.0,648.0,0,0.0,0.0
2022-12-16 00:00:00+09:00,648.0,648.0,648.0,648.0,0,0.0,0.0
2022-12-19 00:00:00+09:00,648.0,648.0,648.0,648.0,0,0.0,0.0
2022-12-20 00:00:00+09:00,648.0,648.0,648.0,648.0,0,0.0,0.0
2022-12-21 00:00:00+09:00,648.0,648.0,648.0,648.0,0,0.0,0.0
2022-12-22 00:00:00+09:00,648.0,648.0,648.0,648.0,0,0.0,0.0
2022-12-23 00:00:00+09:00,648.0,648.0,648.0,648.0,0,0.0,0.0
2022-12-26 00:00:00+09:00,627.0,627.0,627.0,627.0,300,0.0,0.0
2022-12-27 00:00:00+09:00,627.0,627.0,627.0,627.0,0,0.0,0.0
2022-12-28 00:00:00+09:00,626.0,626.0,625.0,625.0,200,0.0,0.0
2022-12-29 00:00:00+09:00,625.0,625.0,625.0,625.0,0,0.0,0.0
2022-12-30 00:00:00+09:00,625.0,625.0,625.0,625.0,100,0.0,0.0
2023-01-04 00:00:00+09:00,625.0,625.0,621.0,625.0,1400,0.0,0.0
2023-01-05 00:00:00+09:00,625.0,625.0,625.0,625.0,100,0.0,0.0
2023-01-06 00:00:00+09:00,625.0,625.0,625.0,625.0,100,0.0,0.0
2023-01-10 00:00:00+09:00,622.0,622.0,622.0,622.0,100,0.0,0.0
2023-01-11 00:00:00+09:00,622.0,622.0,621.0,621.0,400,0.0,0.0
2023-01-12 00:00:00+09:00,621.0,621.0,614.0,614.0,900,0.0,0.0
2023-01-13 00:00:00+09:00,613.0,614.0,613.0,613.0,1000,0.0,0.0
2023-01-16 00:00:00+09:00,613.0,613.0,613.0,613.0,0,0.0,0.0
2023-01-17 00:00:00+09:00,613.0,613.0,613.0,613.0,0,0.0,0.0
2023-01-18 00:00:00+09:00,613.0,613.0,613.0,613.0,0,0.0,0.0
2023-01-19 00:00:00+09:00,613.0,613.0,613.0,613.0,0,0.0,0.0
2023-01-20 00:00:00+09:00,639.0,639.0,639.0,639.0,100,0.0,0.0
2023-01-23 00:00:00+09:00,621.0,621.0,615.0,620.0,800,0.0,0.0
2023-01-24 00:00:00+09:00,620.0,622.0,620.0,622.0,300,0.0,0.0
2023-01-25 00:00:00+09:00,622.0,622.0,622.0,622.0,200,0.0,0.0
2023-01-26 00:00:00+09:00,622.0,623.0,622.0,623.0,700,0.0,0.0
2023-01-27 00:00:00+09:00,625.0,625.0,625.0,625.0,200,0.0,0.0
2023-01-30 00:00:00+09:00,635.0,635.0,626.0,626.0,500,0.0,0.0
2023-01-31 00:00:00+09:00,627.0,627.0,624.0,626.0,2200,0.0,0.0
2023-02-01 00:00:00+09:00,634.0,634.0,624.0,628.0,2100,0.0,0.0
2023-02-02 00:00:00+09:00,627.0,628.0,627.0,628.0,1000,0.0,0.0
2023-02-03 00:00:00+09:00,630.0,634.0,630.0,634.0,400,0.0,0.0
2023-02-06 00:00:00+09:00,635.0,635.0,635.0,635.0,200,0.0,0.0
2023-02-07 00:00:00+09:00,645.0,645.0,635.0,635.0,400,0.0,0.0
2023-02-08 00:00:00+09:00,635.0,642.0,635.0,642.0,300,0.0,0.0
2023-02-09 00:00:00+09:00,632.0,632.0,632.0,632.0,600,0.0,0.0
2023-02-10 00:00:00+09:00,632.0,650.0,632.0,645.0,1200,0.0,0.0
2023-02-13 00:00:00+09:00,655.0,655.0,655.0,655.0,100,0.0,0.0
2023-02-14 00:00:00+09:00,645.0,654.0,645.0,654.0,300,0.0,0.0
2023-02-15 00:00:00+09:00,644.0,647.0,642.0,642.0,300,0.0,0.0
2023-02-16 00:00:00+09:00,641.0,641.0,626.0,634.0,900,0.0,0.0
2023-02-17 00:00:00+09:00,634.0,634.0,634.0,634.0,0,0.0,0.0
2023-02-20 00:00:00+09:00,635.0,635.0,635.0,635.0,100,0.0,0.0
2023-02-21 00:00:00+09:00,636.0,640.0,636.0,640.0,300,0.0,0.0
2023-02-22 00:00:00+09:00,640.0,643.0,640.0,643.0,2100,0.0,0.0
2023-02-24 00:00:00+09:00,638.0,638.0,638.0,638.0,300,0.0,0.0
2023-02-27 00:00:00+09:00,637.0,689.0,637.0,689.0,1200,0.0,0.0
2023-02-28 00:00:00+09:00,660.0,674.0,642.0,672.0,1500,0.0,0.0
2023-03-01 00:00:00+09:00,669.0,671.0,660.0,660.0,800,0.0,0.0
2023-03-02 00:00:00+09:00,656.0,661.0,651.0,661.0,600,0.0,0.0
2023-03-03 00:00:00+09:00,661.0,661.0,661.0,661.0,0,0.0,0.0
2023-03-06 00:00:00+09:00,666.0,666.0,664.0,664.0,200,0.0,0.0
2023-03-07 00:00:00+09:00,661.0,662.0,661.0,662.0,300,0.0,0.0
2023-03-08 00:00:00+09:00,661.0,661.0,661.0,661.0,300,0.0,0.0
2023-03-09 00:00:00+09:00,661.0,731.0,661.0,667.0,13900,0.0,0.0
2023-03-10 00:00:00+09:00,663.0,703.0,658.0,671.0,3100,0.0,0.0
2023-03-13 00:00:00+09:00,666.0,666.0,661.0,664.0,1300,0.0,0.0
2023-03-14 00:00:00+09:00,659.0,659.0,650.0,650.0,1600,0.0,0.0
2023-03-15 00:00:00+09:00,650.0,650.0,650.0,650.0,0,0.0,0.0
2023-03-16 00:00:00+09:00,660.0,660.0,650.0,650.0,800,0.0,0.0
2023-03-17 00:00:00+09:00,656.0,656.0,656.0,656.0,100,0.0,0.0
2023-03-20 00:00:00+09:00,653.0,653.0,653.0,653.0,200,0.0,0.0
2023-03-22 00:00:00+09:00,673.0,673.0,673.0,673.0,300,0.0,0.0
2023-03-23 00:00:00+09:00,663.0,663.0,663.0,663.0,200,0.0,0.0
2023-03-24 00:00:00+09:00,663.0,663.0,663.0,663.0,0,0.0,0.0
2023-03-27 00:00:00+09:00,663.0,663.0,663.0,663.0,0,0.0,0.0
2023-03-28 00:00:00+09:00,664.0,675.0,664.0,675.0,500,0.0,0.0
2023-03-29 00:00:00+09:00,675.0,687.0,675.0,686.0,7800,0.0,0.0
2023-03-30 00:00:00+09:00,668.0,668.0,648.0,648.0,1400,0.0,0.0
2023-03-31 00:00:00+09:00,653.0,694.0,653.0,664.0,700,0.0,0.0
2023-04-03 00:00:00+09:00,684.0,684.0,672.0,673.0,1300,0.0,0.0
2023-04-04 00:00:00+09:00,683.0,684.0,679.0,679.0,300,0.0,0.0
2023-04-05 00:00:00+09:00,678.0,678.0,678.0,678.0,200,0.0,0.0
2023-04-06 00:00:00+09:00,678.0,678.0,678.0,678.0,0,0.0,0.0
2023-04-07 00:00:00+09:00,668.0,668.0,668.0,668.0,100,0.0,0.0
2023-04-10 00:00:00+09:00,670.0,670.0,670.0,670.0,200,0.0,0.0
2023-04-11 00:00:00+09:00,670.0,670.0,670.0,670.0,0,0.0,0.0
2023-04-12 00:00:00+09:00,660.0,665.0,660.0,665.0,200,0.0,0.0
2023-04-13 00:00:00+09:00,675.0,676.0,675.0,676.0,200,0.0,0.0
2023-04-14 00:00:00+09:00,677.0,677.0,675.0,675.0,400,0.0,0.0
2023-04-17 00:00:00+09:00,675.0,677.0,675.0,676.0,800,0.0,0.0
2023-04-18 00:00:00+09:00,678.0,680.0,678.0,679.0,800,0.0,0.0
2023-04-19 00:00:00+09:00,679.0,679.0,679.0,679.0,0,0.0,0.0
2023-04-20 00:00:00+09:00,695.0,696.0,695.0,696.0,500,0.0,0.0
2023-04-21 00:00:00+09:00,687.0,687.0,686.0,687.0,400,0.0,0.0
2023-04-24 00:00:00+09:00,687.0,687.0,687.0,687.0,200,0.0,0.0
2023-04-25 00:00:00+09:00,700.0,700.0,700.0,700.0,200,0.0,0.0
2023-04-26 00:00:00+09:00,701.0,701.0,701.0,701.0,100,0.0,0.0
2023-04-27 00:00:00+09:00,715.0,724.0,701.0,710.0,600,0.0,0.0
2023-04-28 00:00:00+09:00,710.0,710.0,710.0,710.0,700,0.0,0.0
2023-05-01 00:00:00+09:00,717.0,719.0,710.0,710.0,1400,0.0,0.0
2023-05-02 00:00:00+09:00,710.0,710.0,710.0,710.0,0,0.0,0.0
2023-05-08 00:00:00+09:00,719.0,719.0,701.0,701.0,300,0.0,0.0
2023-05-09 00:00:00+09:00,699.0,699.0,698.0,698.0,200,0.0,0.0
2023-05-10 00:00:00+09:00,701.0,702.0,700.0,702.0,500,0.0,0.0
2023-05-11 00:00:00+09:00,702.0,702.0,702.0,702.0,100,0.0,0.0
2023-05-12 00:00:00+09:00,709.0,709.0,709.0,709.0,100,0.0,0.0
2023-05-15 00:00:00+09:00,701.0,701.0,673.0,673.0,1000,0.0,0.0
2023-05-16 00:00:00+09:00,680.0,680.0,672.0,672.0,600,0.0,0.0
2023-05-17 00:00:00+09:00,674.0,674.0,672.0,672.0,300,0.0,0.0
2023-05-18 00:00:00+09:00,670.0,670.0,670.0,670.0,100,0.0,0.0
2023-05-19 00:00:00+09:00,670.0,670.0,670.0,670.0,0,0.0,0.0
2023-05-22 00:00:00+09:00,681.0,681.0,680.0,680.0,1200,0.0,0.0
2023-05-23 00:00:00+09:00,684.0,684.0,650.0,650.0,2800,0.0,0.0
2023-05-24 00:00:00+09:00,649.0,660.0,649.0,660.0,800,0.0,0.0
2023-05-25 00:00:00+09:00,660.0,660.0,651.0,651.0,700,0.0,0.0
2023-05-26 00:00:00+09:00,650.0,660.0,650.0,660.0,400,0.0,0.0
2023-05-29 00:00:00+09:00,643.0,648.0,639.0,639.0,900,0.0,0.0
2023-05-30 00:00:00+09:00,639.0,648.0,638.0,639.0,800,0.0,0.0
2023-05-31 00:00:00+09:00,639.0,639.0,638.0,638.0,500,0.0,0.0
2023-06-01 00:00:00+09:00,644.0,644.0,643.0,643.0,200,0.0,0.0
2023-06-02 00:00:00+09:00,637.0,638.0,637.0,638.0,200,0.0,0.0
2023-06-05 00:00:00+09:00,645.0,645.0,637.0,637.0,500,0.0,0.0
2023-06-06 00:00:00+09:00,636.0,637.0,636.0,637.0,1000,0.0,0.0
2023-06-07 00:00:00+09:00,647.0,657.0,637.0,637.0,2300,0.0,0.0
2023-06-08 00:00:00+09:00,635.0,635.0,620.0,624.0,3500,0.0,0.0
2023-06-09 00:00:00+09:00,624.0,626.0,624.0,625.0,1400,0.0,0.0
2023-06-12 00:00:00+09:00,625.0,625.0,623.0,625.0,1000,0.0,0.0
2023-06-13 00:00:00+09:00,625.0,630.0,625.0,630.0,500,0.0,0.0
2023-06-14 00:00:00+09:00,625.0,631.0,620.0,622.0,900,0.0,0.0
2023-06-15 00:00:00+09:00,630.0,631.0,630.0,630.0,900,0.0,0.0
2023-06-16 00:00:00+09:00,624.0,628.0,624.0,628.0,300,0.0,0.0
2023-06-19 00:00:00+09:00,642.0,647.0,642.0,647.0,700,0.0,0.0
2023-06-20 00:00:00+09:00,647.0,647.0,647.0,647.0,200,0.0,0.0
2023-06-21 00:00:00+09:00,657.0,657.0,657.0,657.0,200,0.0,0.0
2023-06-22 00:00:00+09:00,697.0,755.0,674.0,703.0,19100,0.0,0.0
2023-06-23 00:00:00+09:00,718.0,718.0,663.0,674.0,4600,0.0,0.0
2023-06-26 00:00:00+09:00,674.0,674.0,674.0,674.0,0,0.0,0.0
2023-06-27 00:00:00+09:00,664.0,664.0,638.0,638.0,2600,0.0,0.0
2023-06-28 00:00:00+09:00,638.0,638.0,635.0,635.0,400,0.0,0.0
2023-06-29 00:00:00+09:00,665.0,735.0,665.0,713.0,19300,0.0,0.0
2023-06-30 00:00:00+09:00,728.0,734.0,706.0,731.0,10900,0.0,0.0
2023-07-03 00:00:00+09:00,705.0,710.0,701.0,701.0,2000,0.0,0.0
2023-07-04 00:00:00+09:00,691.0,691.0,689.0,689.0,500,0.0,0.0
2023-07-05 00:00:00+09:00,691.0,700.0,689.0,699.0,1300,0.0,0.0
2023-07-06 00:00:00+09:00,689.0,709.0,689.0,698.0,1500,0.0,0.0
2023-07-07 00:00:00+09:00,687.0,689.0,687.0,688.0,1800,0.0,0.0
2023-07-10 00:00:00+09:00,689.0,689.0,689.0,689.0,100,0.0,0.0
2023-07-11 00:00:00+09:00,690.0,695.0,690.0,695.0,200,0.0,0.0
2023-07-12 00:00:00+09:00,697.0,700.0,695.0,695.0,600,0.0,0.0
2023-07-13 00:00:00+09:00,713.0,713.0,708.0,708.0,200,0.0,0.0
2023-07-14 00:00:00+09:00,694.0,694.0,694.0,694.0,100,0.0,0.0
2023-07-18 00:00:00+09:00,714.0,714.0,706.0,711.0,600,0.0,0.0
2023-07-19 00:00:00+09:00,711.0,720.0,711.0,711.0,700,0.0,0.0
2023-07-20 00:00:00+09:00,698.0,698.0,695.0,695.0,400,0.0,0.0
2023-07-21 00:00:00+09:00,695.0,695.0,695.0,695.0,100,0.0,0.0
2023-07-24 00:00:00+09:00,695.0,695.0,695.0,695.0,100,0.0,0.0
2023-07-25 00:00:00+09:00,688.0,698.0,688.0,698.0,1100,0.0,0.0
2023-07-26 00:00:00+09:00,698.0,698.0,698.0,698.0,100,0.0,0.0
2023-07-27 00:00:00+09:00,698.0,698.0,698.0,698.0,0,0.0,0.0
2023-07-28 00:00:00+09:00,698.0,698.0,698.0,698.0,0,0.0,0.0
2023-07-31 00:00:00+09:00,692.0,693.0,692.0,693.0,300,0.0,0.0
2023-08-01 00:00:00+09:00,718.0,718.0,718.0,718.0,100,0.0,0.0
2023-08-02 00:00:00+09:00,718.0,718.0,718.0,718.0,0,0.0,0.0
2023-08-03 00:00:00+09:00,718.0,718.0,718.0,718.0,0,0.0,0.0
2023-08-04 00:00:00+09:00,718.0,718.0,718.0,718.0,0,0.0,0.0
2023-08-07 00:00:00+09:00,695.0,695.0,693.0,693.0,300,0.0,0.0
2023-08-08 00:00:00+09:00,689.0,689.0,689.0,689.0,200,0.0,0.0
2023-08-09 00:00:00+09:00,712.0,723.0,692.0,712.0,1900,0.0,0.0
2023-08-10 00:00:00+09:00,697.0,698.0,697.0,698.0,900,0.0,0.0
2023-08-14 00:00:00+09:00,702.0,702.0,698.0,698.0,800,0.0,0.0
2023-08-15 00:00:00+09:00,699.0,699.0,695.0,695.0,3200,0.0,0.0
2023-08-16 00:00:00+09:00,696.0,696.0,690.0,690.0,1600,0.0,0.0
2023-08-17 00:00:00+09:00,693.0,693.0,693.0,693.0,100,0.0,0.0
2023-08-18 00:00:00+09:00,693.0,693.0,693.0,693.0,2000,0.0,0.0
2023-08-21 00:00:00+09:00,697.0,706.0,696.0,696.0,900,0.0,0.0
2023-08-22 00:00:00+09:00,701.0,702.0,700.0,702.0,400,0.0,0.0
2023-08-23 00:00:00+09:00,702.0,704.0,702.0,704.0,2000,0.0,0.0
2023-08-24 00:00:00+09:00,719.0,720.0,716.0,720.0,2300,0.0,0.0
2023-08-25 00:00:00+09:00,720.0,720.0,720.0,720.0,0,0.0,0.0
2023-08-28 00:00:00+09:00,720.0,720.0,720.0,720.0,400,0.0,0.0
2023-08-29 00:00:00+09:00,719.0,720.0,719.0,720.0,900,0.0,0.0
2023-08-30 00:00:00+09:00,729.0,744.0,729.0,744.0,2400,0.0,0.0
2023-08-31 00:00:00+09:00,743.0,761.0,743.0,761.0,2100,0.0,0.0
2023-09-01 00:00:00+09:00,767.0,777.0,741.0,772.0,3500,0.0,0.0
2023-09-04 00:00:00+09:00,772.0,808.0,769.0,769.0,2200,0.0,0.0
2023-09-05 00:00:00+09:00,786.0,786.0,771.0,771.0,500,0.0,0.0
2023-09-06 00:00:00+09:00,805.0,828.0,791.0,791.0,3400,0.0,0.0
2023-09-07 00:00:00+09:00,784.0,803.0,773.0,781.0,2200,0.0,0.0
2023-09-08 00:00:00+09:00,796.0,796.0,781.0,783.0,800,0.0,0.0
2023-09-11 00:00:00+09:00,798.0,800.0,785.0,786.0,1800,0.0,0.0
2023-09-12 00:00:00+09:00,786.0,792.0,786.0,791.0,600,0.0,0.0
2023-09-13 00:00:00+09:00,791.0,791.0,791.0,791.0,0,0.0,0.0
2023-09-14 00:00:00+09:00,806.0,806.0,806.0,806.0,100,0.0,0.0
2023-09-15 00:00:00+09:00,791.0,793.0,781.0,793.0,1200,0.0,0.0
2023-09-19 00:00:00+09:00,785.0,785.0,781.0,781.0,200,0.0,0.0
2023-09-20 00:00:00+09:00,818.0,931.0,795.0,801.0,263100,0.0,0.0
2023-09-21 00:00:00+09:00,820.0,849.0,800.0,810.0,30900,0.0,0.0
2023-09-22 00:00:00+09:00,801.0,807.0,795.0,795.0,10300,0.0,0.0
2023-09-25 00:00:00+09:00,796.0,801.0,790.0,799.0,3600,0.0,0.0
2023-09-26 00:00:00+09:00,801.0,803.0,792.0,801.0,3300,0.0,0.0
2023-09-27 00:00:00+09:00,792.0,802.0,791.0,802.0,1300,0.0,0.0
2023-09-28 00:00:00+09:00,808.0,833.0,807.0,821.0,8200,0.0,0.0
2023-09-29 00:00:00+09:00,821.0,825.0,813.0,825.0,2300,0.0,0.0
2023-10-02 00:00:00+09:00,818.0,824.0,818.0,824.0,500,0.0,0.0
2023-10-03 00:00:00+09:00,804.0,805.0,804.0,805.0,400,0.0,0.0
2023-10-04 00:00:00+09:00,805.0,810.0,800.0,800.0,2300,0.0,0.0
2023-10-05 00:00:00+09:00,791.0,800.0,791.0,794.0,1400,0.0,0.0
2023-10-06 00:00:00+09:00,803.0,803.0,790.0,800.0,1300,0.0,0.0
2023-10-10 00:00:00+09:00,798.0,809.0,793.0,793.0,1000,0.0,0.0
2023-10-11 00:00:00+09:00,793.0,798.0,786.0,786.0,700,0.0,0.0
2023-10-12 00:00:00+09:00,786.0,786.0,781.0,781.0,300,0.0,0.0
2023-10-13 00:00:00+09:00,776.0,777.0,776.0,777.0,600,0.0,0.0
2023-10-16 00:00:00+09:00,777.0,781.0,777.0,780.0,400,0.0,0.0
2023-10-17 00:00:00+09:00,781.0,781.0,781.0,781.0,200,0.0,0.0
2023-10-18 00:00:00+09:00,797.0,804.0,797.0,804.0,1000,0.0,0.0
2023-10-19 00:00:00+09:00,804.0,820.0,804.0,820.0,300,0.0,0.0
2023-10-20 00:00:00+09:00,820.0,820.0,820.0,820.0,100,0.0,0.0
2023-10-23 00:00:00+09:00,821.0,821.0,804.0,804.0,400,0.0,0.0
2023-10-24 00:00:00+09:00,803.0,804.0,798.0,798.0,1000,0.0,0.0
2023-10-25 00:00:00+09:00,798.0,798.0,798.0,798.0,0,0.0,0.0
2023-10-26 00:00:00+09:00,793.0,793.0,793.0,793.0,400,0.0,0.0
2023-10-27 00:00:00+09:00,794.0,794.0,794.0,794.0,100,0.0,0.0
2023-10-30 00:00:00+09:00,800.0,801.0,787.0,788.0,1300,0.0,0.0
2023-10-31 00:00:00+09:00,788.0,788.0,788.0,788.0,0,0.0,0.0
2023-11-01 00:00:00+09:00,803.0,803.0,799.0,799.0,1100,0.0,0.0
2023-11-02 00:00:00+09:00,799.0,799.0,799.0,799.0,0,0.0,0.0
2023-11-06 00:00:00+09:00,829.0,829.0,813.0,813.0,500,0.0,0.0
2023-11-07 00:00:00+09:00,802.0,802.0,802.0,802.0,100,0.0,0.0
2023-11-08 00:00:00+09:00,801.0,810.0,801.0,801.0,400,0.0,0.0
2023-11-09 00:00:00+09:00,801.0,801.0,794.0,801.0,1400,0.0,0.0
2023-11-10 00:00:00+09:00,815.0,827.0,815.0,824.0,2300,0.0,0.0
2023-11-13 00:00:00+09:00,821.0,821.0,805.0,811.0,1800,0.0,0.0
2023-11-14 00:00:00+09:00,811.0,811.0,811.0,811.0,0,0.0,0.0
2023-11-15 00:00:00+09:00,811.0,821.0,811.0,815.0,900,0.0,0.0
2023-11-16 00:00:00+09:00,815.0,815.0,805.0,805.0,1700,0.0,0.0
2023-11-17 00:00:00+09:00,805.0,805.0,805.0,805.0,0,0.0,0.0
2023-11-20 00:00:00+09:00,813.0,822.0,813.0,820.0,1300,0.0,0.0
2023-11-21 00:00:00+09:00,828.0,828.0,828.0,828.0,600,0.0,0.0
2023-11-22 00:00:00+09:00,822.0,829.0,822.0,822.0,300,0.0,0.0
2023-11-24 00:00:00+09:00,830.0,832.0,830.0,832.0,1300,0.0,0.0
2023-11-27 00:00:00+09:00,825.0,825.0,825.0,825.0,1300,0.0,0.0
2023-11-28 00:00:00+09:00,825.0,825.0,820.0,820.0,900,0.0,0.0
2023-11-29 00:00:00+09:00,820.0,839.0,820.0,832.0,2300,0.0,0.0
2023-11-30 00:00:00+09:00,830.0,830.0,826.0,826.0,300,0.0,0.0
2023-12-01 00:00:00+09:00,821.0,835.0,820.0,833.0,1700,0.0,0.0
2023-12-04 00:00:00+09:00,833.0,835.0,832.0,832.0,300,0.0,0.0
2023-12-05 00:00:00+09:00,832.0,832.0,832.0,832.0,0,0.0,0.0
2023-12-06 00:00:00+09:00,829.0,829.0,828.0,828.0,200,0.0,0.0
2023-12-07 00:00:00+09:00,824.0,831.0,820.0,822.0,1100,0.0,0.0
2023-12-08 00:00:00+09:00,822.0,822.0,822.0,822.0,0,0.0,0.0
2023-12-11 00:00:00+09:00,822.0,822.0,822.0,822.0,0,0.0,0.0
2023-12-12 00:00:00+09:00,822.0,822.0,822.0,822.0,0,0.0,0.0
2023-12-13 00:00:00+09:00,838.0,850.0,828.0,846.0,10700,0.0,0.0
2023-12-14 00:00:00+09:00,845.0,846.0,845.0,846.0,200,0.0,0.0
2023-12-15 00:00:00+09:00,845.0,845.0,845.0,845.0,300,0.0,0.0
2023-12-18 00:00:00+09:00,845.0,845.0,845.0,845.0,200,0.0,0.0
2023-12-19 00:00:00+09:00,850.0,858.0,850.0,858.0,1200,0.0,0.0
2023-12-20 00:00:00+09:00,858.0,858.0,858.0,858.0,200,0.0,0.0
2023-12-21 00:00:00+09:00,858.0,858.0,858.0,858.0,0,0.0,0.0
2023-12-22 00:00:00+09:00,857.0,858.0,857.0,858.0,300,0.0,0.0
2023-12-25 00:00:00+09:00,845.0,857.0,845.0,857.0,1000,0.0,0.0
2023-12-26 00:00:00+09:00,857.0,857.0,857.0,857.0,0,0.0,0.0
2023-12-27 00:00:00+09:00,857.0,857.0,842.0,842.0,500,0.0,0.0
2023-12-28 00:00:00+09:00,856.0,860.0,856.0,860.0,200,0.0,0.0
2023-12-29 00:00:00+09:00,861.0,862.0,861.0,862.0,800,0.0,0.0
2024-01-04 00:00:00+09:00,871.0,877.0,870.0,877.0,500,0.0,0.0
2024-01-05 00:00:00+09:00,869.0,876.0,869.0,876.0,300,0.0,0.0
2024-01-09 00:00:00+09:00,889.0,911.0,889.0,890.0,3700,0.0,0.0
2024-01-10 00:00:00+09:00,906.0,974.0,906.0,938.0,4000,0.0,0.0
2024-01-11 00:00:00+09:00,938.0,949.0,932.0,949.0,2700,0.0,0.0
2024-01-12 00:00:00+09:00,945.0,947.0,941.0,941.0,400,0.0,0.0
2024-01-15 00:00:00+09:00,937.0,950.0,937.0,950.0,600,0.0,0.0
2024-01-16 00:00:00+09:00,937.0,952.0,937.0,940.0,2700,0.0,0.0
2024-01-17 00:00:00+09:00,955.0,1019.0,950.0,969.0,9600,0.0,0.0
2024-01-18 00:00:00+09:00,954.0,965.0,954.0,965.0,900,0.0,0.0
2024-01-19 00:00:00+09:00,964.0,964.0,964.0,964.0,100,0.0,0.0
2024-01-22 00:00:00+09:00,964.0,964.0,964.0,964.0,1200,0.0,0.0
2024-01-23 00:00:00+09:00,959.0,973.0,957.0,972.0,800,0.0,0.0
2024-01-24 00:00:00+09:00,962.0,962.0,960.0,960.0,300,0.0,0.0
2024-01-25 00:00:00+09:00,960.0,960.0,960.0,960.0,0,0.0,0.0
2024-01-26 00:00:00+09:00,952.0,952.0,945.0,945.0,700,0.0,0.0
2024-01-29 00:00:00+09:00,945.0,945.0,938.0,940.0,1000,0.0,0.0
2024-01-30 00:00:00+09:00,950.0,959.0,941.0,941.0,2600,0.0,0.0
2024-01-31 00:00:00+09:00,943.0,949.0,943.0,949.0,600,0.0,0.0
2024-02-01 00:00:00+09:00,970.0,970.0,960.0,960.0,1800,0.0,0.0
2024-02-02 00:00:00+09:00,960.0,970.0,960.0,970.0,500,0.0,0.0
2024-02-05 00:00:00+09:00,970.0,979.0,970.0,979.0,900,0.0,0.0
2024-02-06 00:00:00+09:00,980.0,1020.0,975.0,1020.0,5500,0.0,0.0
2024-02-07 00:00:00+09:00,1021.0,1048.0,1000.0,1030.0,4700,0.0,0.0
2024-02-08 00:00:00+09:00,1027.0,1027.0,981.0,996.0,600,0.0,0.0
2024-02-09 00:00:00+09:00,983.0,986.0,951.0,977.0,3500,0.0,0.0
2024-02-13 00:00:00+09:00,932.0,968.0,932.0,959.0,2300,0.0,0.0
2024-02-14 00:00:00+09:00,929.0,939.0,922.0,922.0,2900,0.0,0.0
2024-02-15 00:00:00+09:00,922.0,929.0,918.0,929.0,1800,0.0,0.0
2024-02-16 00:00:00+09:00,929.0,950.0,926.0,950.0,700,0.0,0.0
2024-02-19 00:00:00+09:00,933.0,947.0,932.0,946.0,1700,0.0,0.0
2024-02-20 00:00:00+09:00,947.0,947.0,932.0,932.0,700,0.0,0.0
2024-02-21 00:00:00+09:00,923.0,923.0,920.0,920.0,600,0.0,0.0
2024-02-22 00:00:00+09:00,921.0,921.0,921.0,921.0,300,0.0,0.0
2024-02-26 00:00:00+09:00,935.0,935.0,921.0,921.0,3100,0.0,0.0
2024-02-27 00:00:00+09:00,922.0,922.0,920.0,921.0,1000,0.0,0.0
2024-02-28 00:00:00+09:00,921.0,922.0,900.0,900.0,15500,0.0,0.0
2024-02-29 00:00:00+09:00,901.0,923.0,901.0,923.0,1900,0.0,0.0
2024-03-01 00:00:00+09:00,920.0,920.0,863.0,888.0,18200,0.0,0.0
2024-03-04 00:00:00+09:00,889.0,904.0,889.0,894.0,2600,0.0,0.0
2024-03-05 00:00:00+09:00,909.0,909.0,900.0,908.0,700,0.0,0.0
2024-03-06 00:00:00+09:00,908.0,908.0,908.0,908.0,100,0.0,0.0
2024-03-07 00:00:00+09:00,907.0,907.0,907.0,907.0,200,0.0,0.0
2024-03-08 00:00:00+09:00,904.0,904.0,893.0,893.0,1100,0.0,0.0
2024-03-11 00:00:00+09:00,893.0,900.0,887.0,900.0,2600,0.0,0.0
2024-03-12 00:00:00+09:00,904.0,904.0,898.0,898.0,1400,0.0,0.0
2024-03-13 00:00:00+09:00,886.0,886.0,886.0,886.0,100,0.0,0.0
2024-03-14 00:00:00+09:00,886.0,886.0,886.0,886.0,0,0.0,0.0
2024-03-15 00:00:00+09:00,886.0,886.0,886.0,886.0,0,0.0,0.0
2024-03-18 00:00:00+09:00,883.0,891.0,883.0,891.0,500,0.0,0.0
2024-03-19 00:00:00+09:00,900.0,901.0,886.0,896.0,1000,0.0,0.0
2024-03-21 00:00:00+09:00,906.0,912.0,903.0,910.0,4600,0.0,0.0
2024-03-22 00:00:00+09:00,901.0,901.0,901.0,901.0,500,0.0,0.0
2024-03-25 00:00:00+09:00,903.0,933.0,903.0,933.0,1700,0.0,0.0
2024-03-26 00:00:00+09:00,929.0,929.0,895.0,901.0,7200,0.0,0.0
2024-03-27 00:00:00+09:00,910.0,924.0,903.0,924.0,500,0.0,0.0
2024-03-28 00:00:00+09:00,903.0,905.0,891.0,891.0,1200,0.0,0.0
2024-03-29 00:00:00+09:00,891.0,905.0,891.0,905.0,500,0.0,0.0
2024-04-01 00:00:00+09:00,930.0,930.0,901.0,901.0,2100,0.0,0.0
2024-04-02 00:00:00+09:00,906.0,925.0,905.0,905.0,2400,0.0,0.0
2024-04-03 00:00:00+09:00,906.0,920.0,903.0,903.0,1600,0.0,0.0
2024-04-04 00:00:00+09:00,904.0,907.0,900.0,900.0,1300,0.0,0.0
2024-04-05 00:00:00+09:00,900.0,900.0,900.0,900.0,300,0.0,0.0
2024-04-08 00:00:00+09:00,896.0,899.0,892.0,892.0,900,0.0,0.0
2024-04-09 00:00:00+09:00,891.0,895.0,881.0,895.0,4000,0.0,0.0
2024-04-10 00:00:00+09:00,895.0,895.0,895.0,895.0,0,0.0,0.0
2024-04-11 00:00:00+09:00,891.0,915.0,891.0,915.0,900,0.0,0.0
2024-04-12 00:00:00+09:00,916.0,919.0,915.0,915.0,1800,0.0,0.0
2024-04-15 00:00:00+09:00,920.0,920.0,920.0,920.0,100,0.0,0.0
2024-04-16 00:00:00+09:00,905.0,911.0,905.0,905.0,1800,0.0,0.0
2024-04-17 00:00:00+09:00,911.0,912.0,908.0,908.0,2800,0.0,0.0
2024-04-18 00:00:00+09:00,902.0,902.0,900.0,900.0,500,0.0,0.0
2024-04-19 00:00:00+09:00,895.0,895.0,895.0,895.0,700,0.0,0.0
2024-04-22 00:00:00+09:00,895.0,895.0,895.0,895.0,0,0.0,0.0
2024-04-23 00:00:00+09:00,896.0,896.0,894.0,894.0,900,0.0,0.0
2024-04-24 00:00:00+09:00,894.0,894.0,894.0,894.0,200,0.0,0.0
2024-04-25 00:00:00+09:00,896.0,896.0,896.0,896.0,100,0.0,0.0
2024-04-26 00:00:00+09:00,896.0,896.0,896.0,896.0,0,0.0,0.0
2024-04-30 00:00:00+09:00,896.0,896.0,896.0,896.0,0,0.0,0.0
2024-05-01 00:00:00+09:00,903.0,903.0,900.0,900.0,200,0.0,0.0
2024-05-02 00:00:00+09:00,900.0,900.0,900.0,900.0,200,0.0,0.0
2024-05-07 00:00:00+09:00,900.0,900.0,894.0,900.0,900,0.0,0.0
2024-05-08 00:00:00+09:00,901.0,903.0,901.0,903.0,4600,0.0,0.0
2024-05-09 00:00:00+09:00,901.0,901.0,901.0,901.0,1000,0.0,0.0
2024-05-10 00:00:00+09:00,910.0,910.0,910.0,910.0,200,0.0,0.0
2024-05-13 00:00:00+09:00,910.0,922.0,910.0,911.0,3200,0.0,0.0
2024-05-14 00:00:00+09:00,911.0,918.0,911.0,912.0,2000,0.0,0.0
2024-05-15 00:00:00+09:00,881.0,881.0,834.0,845.0,5500,0.0,0.0
2024-05-16 00:00:00+09:00,835.0,841.0,832.0,841.0,800,0.0,0.0
2024-05-17 00:00:00+09:00,840.0,841.0,824.0,841.0,1600,0.0,0.0
2024-05-20 00:00:00+09:00,842.0,856.0,842.0,856.0,1100,0.0,0.0
2024-05-21 00:00:00+09:00,849.0,849.0,847.0,847.0,2400,0.0,0.0
2024-05-22 00:00:00+09:00,847.0,847.0,847.0,847.0,0,0.0,0.0
2024-05-23 00:00:00+09:00,840.0,840.0,840.0,840.0,100,0.0,0.0
2024-05-24 00:00:00+09:00,840.0,840.0,790.0,794.0,8500,0.0,0.0
2024-05-27 00:00:00+09:00,800.0,800.0,796.0,800.0,700,0.0,0.0
2024-05-28 00:00:00+09:00,826.0,826.0,819.0,822.0,600,0.0,0.0
2024-05-29 00:00:00+09:00,822.0,822.0,810.0,810.0,300,0.0,0.0
2024-05-30 00:00:00+09:00,800.0,800.0,791.0,799.0,3100,0.0,0.0
2024-05-31 00:00:00+09:00,800.0,800.0,800.0,800.0,1800,0.0,0.0
2024-06-03 00:00:00+09:00,803.0,867.0,803.0,840.0,5000,0.0,0.0
2024-06-04 00:00:00+09:00,818.0,822.0,806.0,820.0,2000,0.0,0.0
2024-06-05 00:00:00+09:00,820.0,820.0,820.0,820.0,2400,0.0,0.0
2024-06-06 00:00:00+09:00,830.0,855.0,825.0,825.0,2900,0.0,0.0
2024-06-07 00:00:00+09:00,825.0,825.0,825.0,825.0,0,0.0,0.0
2024-06-10 00:00:00+09:00,840.0,840.0,840.0,840.0,1300,0.0,0.0
2024-06-11 00:00:00+09:00,840.0,840.0,840.0,840.0,0,0.0,0.0
2024-06-12 00:00:00+09:00,840.0,840.0,840.0,840.0,0,0.0,0.0
2024-06-13 00:00:00+09:00,832.0,842.0,832.0,835.0,600,0.0,0.0
2024-06-14 00:00:00+09:00,835.0,835.0,835.0,835.0,0,0.0,0.0
2024-06-17 00:00:00+09:00,840.0,857.0,840.0,857.0,900,0.0,0.0
2024-06-18 00:00:00+09:00,860.0,860.0,857.0,857.0,200,0.0,0.0
2024-06-19 00:00:00+09:00,857.0,860.0,857.0,860.0,500,0.0,0.0
2024-06-20 00:00:00+09:00,859.0,861.0,859.0,861.0,900,0.0,0.0
2024-06-21 00:00:00+09:00,865.0,875.0,865.0,875.0,700,0.0,0.0
2024-06-24 00:00:00+09:00,879.0,880.0,875.0,878.0,1200,0.0,0.0
2024-06-25 00:00:00+09:00,875.0,875.0,830.0,839.0,11900,0.0,0.0
2024-06-26 00:00:00+09:00,838.0,842.0,833.0,833.0,4100,0.0,0.0
2024-06-27 00:00:00+09:00,836.0,836.0,830.0,830.0,4300,0.0,0.0
2024-06-28 00:00:00+09:00,835.0,835.0,826.0,826.0,1800,0.0,0.0
2024-07-01 00:00:00+09:00,831.0,831.0,822.0,822.0,1500,0.0,0.0
2024-07-02 00:00:00+09:00,824.0,824.0,824.0,824.0,900,0.0,0.0
2024-07-03 00:00:00+09:00,824.0,824.0,812.0,817.0,2700,0.0,0.0
2024-07-04 00:00:00+09:00,826.0,831.0,815.0,815.0,3400,0.0,0.0
2024-07-05 00:00:00+09:00,815.0,815.0,815.0,815.0,3900,0.0,0.0
2024-07-08 00:00:00+09:00,815.0,816.0,815.0,816.0,400,0.0,0.0
2024-07-09 00:00:00+09:00,818.0,818.0,816.0,816.0,800,0.0,0.0
2024-07-10 00:00:00+09:00,817.0,817.0,814.0,814.0,200,0.0,0.0
2024-07-11 00:00:00+09:00,813.0,815.0,809.0,809.0,1600,0.0,0.0
2024-07-12 00:00:00+09:00,809.0,809.0,809.0,809.0,200,0.0,0.0
2024-07-16 00:00:00+09:00,811.0,811.0,811.0,811.0,700,0.0,0.0
2024-07-17 00:00:00+09:00,818.0,833.0,818.0,833.0,3600,0.0,0.0
2024-07-18 00:00:00+09:00,848.0,848.0,842.0,844.0,1900,0.0,0.0
2024-07-19 00:00:00+09:00,844.0,844.0,837.0,837.0,1300,0.0,0.0
2024-07-22 00:00:00+09:00,837.0,837.0,837.0,837.0,1200,0.0,0.0
2024-07-23 00:00:00+09:00,822.0,828.0,819.0,828.0,800,0.0,0.0
2024-07-24 00:00:00+09:00,828.0,828.0,828.0,828.0,0,0.0,0.0
2024-07-25 00:00:00+09:00,825.0,825.0,825.0,825.0,500,0.0,0.0
2024-07-26 00:00:00+09:00,825.0,825.0,825.0,825.0,0,0.0,0.0
2024-07-29 00:00:00+09:00,825.0,825.0,825.0,825.0,200,0.0,0.0
2024-07-30 00:00:00+09:00,820.0,825.0,820.0,825.0,400,0.0,0.0
2024-07-31 00:00:00+09:00,824.0,829.0,824.0,829.0,500,0.0,0.0
2024-08-01 00:00:00+09:00,828.0,828.0,816.0,817.0,900,0.0,0.0
2024-08-02 00:00:00+09:00,801.0,801.0,776.0,776.0,3100,0.0,0.0
2024-08-05 00:00:00+09:00,760.0,760.0,701.0,701.0,5300,0.0,0.0
2024-08-06 00:00:00+09:00,695.0,705.0,671.0,687.0,11100,0.0,0.0
2024-08-07 00:00:00+09:00,687.0,730.0,687.0,712.0,6200,0.0,0.0
2024-08-08 00:00:00+09:00,697.0,723.0,697.0,723.0,1000,0.0,0.0
2024-08-09 00:00:00+09:00,730.0,808.0,730.0,799.0,2200,0.0,0.0
2024-08-13 00:00:00+09:00,748.0,785.0,748.0,785.0,2000,0.0,0.0
2024-08-14 00:00:00+09:00,785.0,800.0,771.0,800.0,400,0.0,0.0
2024-08-15 00:00:00+09:00,800.0,808.0,800.0,808.0,500,0.0,0.0
2024-08-16 00:00:00+09:00,808.0,808.0,808.0,808.0,0,0.0,0.0
2024-08-19 00:00:00+09:00,818.0,818.0,818.0,818.0,200,0.0,0.0
2024-08-20 00:00:00+09:00,808.0,820.0,804.0,820.0,1300,0.0,0.0
2024-08-21 00:00:00+09:00,820.0,820.0,820.0,820.0,0,0.0,0.0
2024-08-22 00:00:00+09:00,817.0,817.0,817.0,817.0,100,0.0,0.0
2024-08-23 00:00:00+09:00,830.0,857.0,826.0,854.0,3400,0.0,0.0
2024-08-26 00:00:00+09:00,854.0,854.0,854.0,854.0,0,0.0,0.0
2024-08-27 00:00:00+09:00,861.0,861.0,847.0,854.0,1400,0.0,0.0
2024-08-28 00:00:00+09:00,843.0,849.0,843.0,849.0,300,0.0,0.0
2024-08-29 00:00:00+09:00,825.0,848.0,825.0,840.0,500,0.0,0.0
2024-08-30 00:00:00+09:00,850.0,860.0,850.0,860.0,1100,0.0,0.0
2024-09-02 00:00:00+09:00,863.0,878.0,863.0,870.0,1300,0.0,0.0
2024-09-03 00:00:00+09:00,870.0,888.0,870.0,888.0,2800,0.0,0.0
2024-09-04 00:00:00+09:00,858.0,866.0,852.0,861.0,2800,0.0,0.0
2024-09-05 00:00:00+09:00,859.0,861.0,858.0,858.0,700,0.0,0.0
2024-09-06 00:00:00+09:00,870.0,870.0,870.0,870.0,200,0.0,0.0
2024-09-09 00:00:00+09:00,874.0,874.0,874.0,874.0,400,0.0,0.0
2024-09-10 00:00:00+09:00,850.0,860.0,849.0,855.0,4100,0.0,0.0
2024-09-11 00:00:00+09:00,855.0,855.0,850.0,850.0,600,0.0,0.0
2024-09-12 00:00:00+09:00,855.0,855.0,855.0,855.0,500,0.0,0.0
2024-09-13 00:00:00+09:00,852.0,856.0,852.0,856.0,700,0.0,0.0
2024-09-17 00:00:00+09:00,856.0,856.0,856.0,856.0,0,0.0,0.0
2024-09-18 00:00:00+09:00,855.0,855.0,855.0,855.0,400,0.0,0.0
2024-09-19 00:00:00+09:00,855.0,855.0,855.0,855.0,200,0.0,0.0
2024-09-20 00:00:00+09:00,707.0,730.0,705.0,713.0,306000,0.0,0.0
2024-09-24 00:00:00+09:00,715.0,717.0,682.0,687.0,54800,0.0,0.0
2024-09-25 00:00:00+09:00,688.0,691.0,680.0,688.0,13900,0.0,0.0
2024-09-26 00:00:00+09:00,688.0,700.0,681.0,685.0,14300,0.0,0.0
2024-09-27 00:00:00+09:00,698.0,698.0,684.0,684.0,8700,0.0,0.0
2024-09-30 00:00:00+09:00,672.0,681.0,650.0,665.0,27000,0.0,0.0
2024-10-01 00:00:00+09:00,675.0,675.0,665.0,665.0,2600,0.0,0.0
2024-10-02 00:00:00+09:00,662.0,664.0,652.0,652.0,4200,0.0,0.0
2024-10-03 00:00:00+09:00,655.0,660.0,654.0,658.0,3300,0.0,0.0
2024-10-04 00:00:00+09:00,659.0,659.0,658.0,658.0,800,0.0,0.0
2024-10-07 00:00:00+09:00,659.0,670.0,651.0,656.0,8800,0.0,0.0
2024-10-08 00:00:00+09:00,656.0,658.0,637.0,657.0,10400,0.0,0.0
2024-10-09 00:00:00+09:00,654.0,656.0,640.0,650.0,3900,0.0,0.0
2024-10-10 00:00:00+09:00,650.0,651.0,640.0,640.0,4200,0.0,0.0
2024-10-11 00:00:00+09:00,640.0,640.0,637.0,637.0,3600,0.0,0.0
2024-10-15 00:00:00+09:00,632.0,636.0,621.0,623.0,10700,0.0,0.0
2024-10-16 00:00:00+09:00,623.0,626.0,622.0,624.0,5500,0.0,0.0
2024-10-17 00:00:00+09:00,624.0,624.0,616.0,621.0,4000,0.0,0.0
2024-10-18 00:00:00+09:00,623.0,625.0,611.0,611.0,6700,0.0,0.0
2024-10-21 00:00:00+09:00,610.0,613.0,610.0,611.0,1400,0.0,0.0
2024-10-22 00:00:00+09:00,614.0,620.0,614.0,620.0,2100,0.0,0.0
2024-10-23 00:00:00+09:00,621.0,622.0,621.0,622.0,800,0.0,0.0
2024-10-24 00:00:00+09:00,628.0,629.0,623.0,623.0,2900,0.0,0.0
2024-10-25 00:00:00+09:00,622.0,622.0,620.0,621.0,800,0.0,0.0
2024-10-28 00:00:00+09:00,618.0,621.0,618.0,621.0,800,0.0,0.0
2024-10-29 00:00:00+09:00,624.0,624.0,624.0,624.0,1000,0.0,0.0
2024-10-30 00:00:00+09:00,624.0,628.0,624.0,628.0,900,0.0,0.0
2024-10-31 00:00:00+09:00,628.0,628.0,621.0,622.0,500,0.0,0.0
2024-11-01 00:00:00+09:00,622.0,625.0,622.0,625.0,300,0.0,0.0
2024-11-05 00:00:00+09:00,615.0,616.0,611.0,611.0,4100,0.0,0.0
2024-11-06 00:00:00+09:00,611.0,611.0,600.0,611.0,4600,0.0,0.0
2024-11-07 00:00:00+09:00,612.0,636.0,612.0,636.0,3800,0.0,0.0
2024-11-08 00:00:00+09:00,636.0,636.0,602.0,608.0,6800,0.0,0.0
2024-11-11 00:00:00+09:00,600.0,605.0,598.0,598.0,6600,0.0,0.0
2024-11-12 00:00:00+09:00,598.0,608.0,598.0,608.0,400,0.0,0.0
2024-11-13 00:00:00+09:00,610.0,614.0,605.0,605.0,1300,0.0,0.0
2024-11-14 00:00:00+09:00,605.0,605.0,605.0,605.0,0,0.0,0.0
2024-11-15 00:00:00+09:00,605.0,606.0,605.0,605.0,700,0.0,0.0
2024-11-18 00:00:00+09:00,603.0,605.0,578.0,582.0,7600,0.0,0.0
2024-11-19 00:00:00+09:00,583.0,597.0,578.0,597.0,3800,0.0,0.0
2024-11-20 00:00:00+09:00,597.0,597.0,597.0,597.0,0,0.0,0.0
2024-11-21 00:00:00+09:00,597.0,605.0,597.0,604.0,3500,0.0,0.0
2024-11-22 00:00:00+09:00,604.0,605.0,604.0,604.0,400,0.0,0.0
2024-11-25 00:00:00+09:00,604.0,604.0,604.0,604.0,100,0.0,0.0
2024-11-26 00:00:00+09:00,611.0,611.0,590.0,596.0,2500,0.0,0.0
2024-11-27 00:00:00+09:00,597.0,600.0,597.0,597.0,300,0.0,0.0
2024-11-28 00:00:00+09:00,602.0,608.0,602.0,608.0,500,0.0,0.0
2024-11-29 00:00:00+09:00,608.0,610.0,599.0,605.0,1400,0.0,0.0
2024-12-02 00:00:00+09:00,608.0,609.0,589.0,589.0,900,0.0,0.0
2024-12-03 00:00:00+09:00,601.0,608.0,597.0,608.0,400,0.0,0.0
2024-12-04 00:00:00+09:00,598.0,598.0,598.0,598.0,100,0.0,0.0
2024-12-05 00:00:00+09:00,600.0,607.0,587.0,588.0,4100,0.0,0.0
2024-12-06 00:00:00+09:00,595.0,599.0,590.0,590.0,1000,0.0,0.0
2024-12-09 00:00:00+09:00,590.0,609.0,590.0,608.0,1000,0.0,0.0
2024-12-10 00:00:00+09:00,589.0,593.0,583.0,592.0,11300,0.0,0.0
2024-12-11 00:00:00+09:00,590.0,605.0,582.0,594.0,2700,0.0,0.0
2024-12-12 00:00:00+09:00,592.0,592.0,589.0,589.0,2400,0.0,0.0
2024-12-13 00:00:00+09:00,586.0,586.0,586.0,586.0,100,0.0,0.0
2024-12-16 00:00:00+09:00,586.0,589.0,586.0,589.0,1400,0.0,0.0
2024-12-17 00:00:00+09:00,585.0,586.0,583.0,583.0,2000,0.0,0.0
2024-12-18 00:00:00+09:00,583.0,587.0,583.0,587.0,800,0.0,0.0
2024-12-19 00:00:00+09:00,587.0,588.0,581.0,588.0,3800,0.0,0.0
2024-12-20 00:00:00+09:00,587.0,587.0,585.0,587.0,1100,0.0,0.0
2024-12-23 00:00:00+09:00,589.0,589.0,586.0,586.0,1500,0.0,0.0
2024-12-24 00:00:00+09:00,585.0,586.0,585.0,585.0,2500,0.0,0.0
2024-12-25 00:00:00+09:00,583.0,585.0,578.0,578.0,7800,0.0,0.0
2024-12-26 00:00:00+09:00,585.0,590.0,585.0,588.0,5200,0.0,0.0
2024-12-27 00:00:00+09:00,587.0,596.0,587.0,595.0,3200,0.0,0.0
2024-12-30 00:00:00+09:00,597.0,611.0,597.0,609.0,1400,0.0,0.0
