Date,Open,High,Low,Close,Volume,Dividends,Stock Splits
1999-04-30 00:00:00-04:00,4.517846038481404,4.517846038481404,3.6707499466588303,4.023706436157227,18757440,0.0,0.0
1999-05-03 00:00:00-04:00,4.0766518890594154,4.200187010216268,4.059003829956055,4.059003829956055,3721440,0.0,0.0
1999-05-04 00:00:00-04:00,4.1295940296069995,4.164889489646019,3.91781997680664,3.9178199768066406,2863440,0.0,0.0
1999-05-05 00:00:00-04:00,3.9354690056779273,4.076651527120128,3.900172890604917,3.9531164169311523,1455600,0.0,0.0
1999-05-06 00:00:00-04:00,3.953116801933737,3.953116801933737,3.9178213297065043,3.935469388961792,514080,0.0,0.0
1999-05-07 00:00:00-04:00,3.953114612046296,4.006058114199965,3.6707496980820515,3.706045150756836,724320,0.0,0.0
1999-05-10 00:00:00-04:00,3.670750620431486,3.847228574432005,3.670750620431486,3.7942850589752197,399840,0.0,0.0
1999-05-11 00:00:00-04:00,3.8295806151528566,3.86487607161204,3.758989055951436,3.8119325637817383,423600,0.0,0.0
1999-05-12 00:00:00-04:00,3.8119331128885303,3.9178201438021008,3.7589895974317455,3.7942850589752197,316800,0.0,0.0
1999-05-13 00:00:00-04:00,3.8119331128885303,3.8825246822586266,3.7942850589752197,3.7942850589752197,483120,0.0,0.0
1999-05-14 00:00:00-04:00,3.7413415435184345,3.847228574432005,3.7236941358882714,3.7942850589752197,123360,0.0,0.0
1999-05-17 00:00:00-04:00,3.7766371367632767,3.8472280502319336,3.741341033745889,3.8472280502319336,191520,0.0,0.0
1999-05-18 00:00:00-04:00,3.8295811668018414,3.847228574432005,3.7942850589752197,3.7942850589752197,244800,0.0,0.0
1999-05-19 00:00:00-04:00,3.811933404062143,3.8295814593234967,3.7413418292999268,3.7413418292999268,160560,0.0,0.0
1999-05-20 00:00:00-04:00,3.758988857269287,3.7942843118629215,3.7413408068309595,3.758988857269287,333120,0.0,0.0
1999-05-21 00:00:00-04:00,3.7589898845612804,3.7589898845612804,3.706046365060417,3.7413418292999268,451680,0.0,0.0
1999-05-24 00:00:00-04:00,3.7236932002357204,3.74134060343162,3.688397101277951,3.706045150756836,145440,0.0,0.0
1999-05-25 00:00:00-04:00,3.70604627795944,3.70604627795944,3.5825111865997314,3.5825111865997314,674880,0.0,0.0
1999-05-26 00:00:00-04:00,3.582512272700946,3.582512272700946,3.458977790172782,3.4766252040863037,631200,0.0,0.0
1999-05-27 00:00:00-04:00,3.388385948768029,3.4589775381284733,3.3177943594075847,3.4413294792175293,7303920,0.0,0.0
1999-05-28 00:00:00-04:00,3.4413280089696245,3.811932563781738,3.4413280089696245,3.8119325637817383,3036000,0.0,0.0
1999-06-01 00:00:00-04:00,3.741340639476006,3.741340639476006,3.5295666288210814,3.5648627281188965,99120,0.0,0.0
1999-06-02 00:00:00-04:00,3.529567129088237,3.6001586914062504,3.3883846507352944,3.60015869140625,186960,0.0,0.0
1999-06-03 00:00:00-04:00,3.5648628925147134,3.6707499027252197,3.5648628925147134,3.6707499027252197,680640,0.0,0.0
1999-06-04 00:00:00-04:00,3.706045050766416,3.794284003214151,3.688397001763682,3.7766366004943848,470160,0.0,0.0
1999-06-07 00:00:00-04:00,3.7413406722405393,3.8472276784953,3.688397169113159,3.688397169113159,403200,0.0,0.0
1999-06-08 00:00:00-04:00,3.6707493194996386,3.6707493194996386,3.5295662307954365,3.635453224182129,171600,0.0,0.0
1999-06-09 00:00:00-04:00,3.635454107553106,3.6707502114471384,3.6178067018891658,3.653102159500122,211440,0.0,0.0
1999-06-10 00:00:00-04:00,3.653102201573989,3.6707502537242633,3.529567129088237,3.60015869140625,167760,0.0,0.0
1999-06-11 00:00:00-04:00,3.600159807521329,3.670751391724018,3.600159807521329,3.6178078651428223,99600,0.0,0.0
1999-06-14 00:00:00-04:00,3.6531018245682874,3.6531018245682874,3.4942713104566225,3.529566764831543,138000,0.0,0.0
1999-06-15 00:00:00-04:00,3.4942717125166705,3.5825106817484853,3.4942717125166705,3.547215223312378,93360,0.0,0.0
1999-06-16 00:00:00-04:00,3.5472152233123775,3.653102244903792,3.5472152233123775,3.547215223312378,77280,0.0,0.0
1999-06-17 00:00:00-04:00,3.529568820114352,3.5648649413253684,3.494273345186728,3.5119214057922363,154320,0.0,0.0
1999-06-18 00:00:00-04:00,3.4942713104566225,3.582510269535431,3.4942713104566225,3.529566764831543,130800,0.0,0.0
1999-06-21 00:00:00-04:00,3.5119207480602013,3.564864273677776,3.4413291651423448,3.458977222442627,78960,0.0,0.0
1999-06-22 00:00:00-04:00,3.458976384854941,3.458976384854941,3.2472023336655185,3.3883848190307617,211920,0.0,0.0
1999-06-23 00:00:00-04:00,3.353090141780686,3.388385609788225,3.3177940274898816,3.3707375526428223,112560,0.0,0.0
1999-06-24 00:00:00-04:00,3.3530900478363037,3.38838551485496,3.3354419911853515,3.3530900478363037,64320,0.0,0.0
1999-06-25 00:00:00-04:00,3.335440880870595,3.3530889316467944,3.07072335064277,3.247201919555664,202560,0.0,0.0
1999-06-28 00:00:00-04:00,3.317793607711792,3.3707371261661456,3.317793607711792,3.317793607711792,145200,0.0,0.0
1999-06-29 00:00:00-04:00,3.317793607711792,3.4589767544455254,3.1766111072612424,3.317793607711792,180240,0.0,0.0
1999-06-30 00:00:00-04:00,3.335441306233406,3.5295673043960054,3.300145846462874,3.3883848190307617,639120,0.0,0.0
1999-07-01 00:00:00-04:00,3.3883861956685606,3.511921324480103,3.3883861956685606,3.4766252040863037,109440,0.0,0.0
1999-07-02 00:00:00-04:00,3.4766235765854203,3.5119196804561654,3.3883846094747083,3.423680067062378,98880,0.0,0.0
1999-07-06 00:00:00-04:00,3.38838551485496,3.529568029212834,3.3354419911853515,3.3530900478363037,89280,0.0,0.0
1999-07-07 00:00:00-04:00,3.3707367660039385,3.458976384854941,3.317793253206583,3.3883848190307617,53040,0.0,0.0
1999-07-08 00:00:00-04:00,3.388385591052827,3.388385591052827,3.317794009144806,3.335442066192627,95040,0.0,0.0
1999-07-09 00:00:00-04:00,3.3354406702903012,3.3530887199523054,3.2119056152222556,3.2824971675872803,108720,0.0,0.0
1999-07-12 00:00:00-04:00,3.264850191638638,3.300146302570501,3.1413157422267313,3.211906671524048,84720,0.0,0.0
1999-07-13 00:00:00-04:00,3.1766119784383577,3.1942600381908024,3.0354294392688845,3.158963918685913,164160,0.0,0.0
1999-07-14 00:00:00-04:00,3.1942600381908024,3.317794517607831,3.1236684454643853,3.158963918685913,237600,0.0,0.0
1999-07-15 00:00:00-04:00,3.1942588241542165,3.1942588241542165,3.000132179508797,3.035428285598755,1224720,0.0,0.0
1999-07-16 00:00:00-04:00,3.000131793821006,3.2648493240488308,3.000131793821006,3.247201919555664,127680,0.0,0.0
1999-07-19 00:00:00-04:00,3.2824975904286235,3.423680067062378,3.2824975904286235,3.423680067062378,97200,0.0,0.0
1999-07-20 00:00:00-04:00,3.4236810588652067,3.4413291159130277,3.317794009144806,3.335442066192627,180000,0.0,0.0
1999-07-21 00:00:00-04:00,3.370737534005006,3.388385591052827,3.317794009144806,3.335442066192627,164640,0.0,0.0
1999-07-22 00:00:00-04:00,3.3177928300943957,3.3707363361399607,3.123666856688335,3.247201919555664,84240,0.0,0.0
1999-07-23 00:00:00-04:00,3.247201714546264,3.317792620628297,3.1766101621812393,3.2824971675872803,92880,0.0,0.0
1999-07-26 00:00:00-04:00,3.2472029678462406,3.2824984345099986,3.2472029678462406,3.264850378036499,57120,0.0,0.0
1999-07-27 00:00:00-04:00,3.2119071144936693,3.2119071144936693,3.1060200596610947,3.1413161754608154,189120,0.0,0.0
1999-07-28 00:00:00-04:00,3.141315308070807,3.423680278801294,3.141315308070807,3.3883848190307617,327360,0.0,0.0
1999-07-29 00:00:00-04:00,3.3883857546423917,3.3883857546423917,3.123668117560955,3.1413161754608154,221760,0.0,0.0
1999-07-30 00:00:00-04:00,3.1060200596610947,3.1413161754608154,3.0707245901446676,3.1413161754608154,498480,0.0,0.0
1999-08-02 00:00:00-04:00,3.110929457801053,3.2194502451387836,3.110929457801053,3.1471028327941895,205680,0.1125,0.0
1999-08-03 00:00:00-04:00,3.165189719976465,3.165189719976465,3.0747552927131157,3.1290156841278076,97920,0.0,0.0
1999-08-04 00:00:00-04:00,3.129014611544757,3.183274984359741,3.110928262178473,3.183274984359741,104160,0.0,0.0
1999-08-05 00:00:00-04:00,3.1832760688143398,3.2194501045865396,3.165189713286532,3.2013630867004395,426960,0.0,0.0
1999-08-06 00:00:00-04:00,3.219450640646835,3.364144820753316,3.219450640646835,3.291797399520874,213600,0.0,0.0
1999-08-09 00:00:00-04:00,3.3279715997483437,3.508839167902261,3.3279715997483437,3.472665786743164,1553280,0.0,0.0
1999-08-10 00:00:00-04:00,3.508838097198022,3.508838097198022,3.4364913569560716,3.4907517433166504,204960,0.0,0.0
1999-08-11 00:00:00-04:00,3.4907523921990746,3.5630991458892827,3.4907523921990746,3.5630991458892822,991680,0.0,0.0
1999-08-12 00:00:00-04:00,3.581187292803563,3.6173606810355934,3.545013904571533,3.545013904571533,225120,0.0,0.0
1999-08-13 00:00:00-04:00,3.545012788645908,3.581186165491012,3.5269257690441784,3.5630991458892822,732480,0.0,0.0
1999-08-16 00:00:00-04:00,3.689707168819838,3.762054588994593,3.6354467692783694,3.707794189453125,356640,0.0,0.0
1999-08-17 00:00:00-04:00,3.707792748426089,3.707792748426089,3.5992719915195512,3.6354453563690186,167760,0.0,0.0
1999-08-18 00:00:00-04:00,3.65353236997282,3.6897057348222875,3.617358342765217,3.6354453563690186,156240,0.0,0.0
1999-08-19 00:00:00-04:00,3.6354468780405385,3.7620547015445056,3.6354468780405385,3.6897072792053223,481200,0.0,0.0
1999-08-20 00:00:00-04:00,3.7077933141387462,3.906747844703298,3.7077933141387462,3.870574474334717,735120,0.0,0.0
1999-08-23 00:00:00-04:00,3.87057496078724,3.9790957478900757,3.7439671550478253,3.798227548599243,285120,0.0,0.0
1999-08-24 00:00:00-04:00,3.7620535697210427,3.8344003079361113,3.725879538255295,3.780139923095703,170640,0.0,0.0
1999-08-25 00:00:00-04:00,3.798226858023021,3.870574257057145,3.743966474336978,3.7620534896850586,272880,0.0,0.0
1999-08-26 00:00:00-04:00,3.7620541736844046,3.798227548599243,3.7258801364112464,3.798227548599243,84480,0.0,0.0
1999-08-27 00:00:00-04:00,3.7620534896850586,3.78013984267494,3.743966474336978,3.7620534896850586,89520,0.0,0.0
1999-08-30 00:00:00-04:00,3.762054536894184,3.8163149356842037,3.7439675165113826,3.816314935684204,331920,0.0,0.0
1999-08-31 00:00:00-04:00,3.8344005199053877,3.8886609077453613,3.780140132065414,3.8886609077453613,138000,0.0,0.0
1999-09-01 00:00:00-04:00,3.8344005199053877,3.9067479244781027,3.8344005199053877,3.8886609077453613,373440,0.0,0.0
1999-09-02 00:00:00-04:00,3.888659250851217,3.9067462598773797,3.8343988861306983,3.8524858951568604,51600,0.0,0.0
1999-09-03 00:00:00-04:00,3.8886605599895194,3.8886605599895194,3.780139794014387,3.834400177001953,549600,0.0,0.0
1999-09-07 00:00:00-04:00,3.7982281740160952,3.7982281740160952,3.689707369044207,3.7439677715301514,188880,0.0,0.0
1999-09-08 00:00:00-04:00,3.7801411524013044,3.7801411524013044,3.72588074991536,3.7439677715301514,180480,0.0,0.0
1999-09-09 00:00:00-04:00,3.7439676803701065,3.7439676803701065,3.6716202580309236,3.6897072792053223,145680,0.0,0.0
1999-09-10 00:00:00-04:00,3.7077931848806345,3.8344003079361113,3.6897061691477604,3.780139923095703,57840,0.0,0.0
1999-09-13 00:00:00-04:00,3.762053441257325,3.834400177001953,3.7439664261420726,3.834400177001953,39600,0.0,0.0
1999-09-14 00:00:00-04:00,3.8344013468109552,3.888661746352424,3.707794189453125,3.707794189453125,72960,0.0,0.0
1999-09-15 00:00:00-04:00,3.7439664261420726,3.8524871921172053,3.7439664261420726,3.834400177001953,48480,0.0,0.0
1999-09-16 00:00:00-04:00,3.7982271487981554,3.9248349412108436,3.7620537776909226,3.8886609077453613,110160,0.0,0.0
1999-09-17 00:00:00-04:00,3.852488372060988,3.9067487716674805,3.798227972454495,3.9067487716674805,101040,0.0,0.0
1999-09-20 00:00:00-04:00,3.7982279153014025,3.870575334474224,3.762054536894184,3.816314935684204,118320,0.0,0.0
1999-09-21 00:00:00-04:00,3.7982279153014025,3.9067487128814427,3.7982279153014025,3.816314935684204,102000,0.0,0.0
1999-09-22 00:00:00-04:00,3.798226809129639,3.870574207232458,3.762053441257325,3.834400177001953,175920,0.0,0.0
1999-09-23 00:00:00-04:00,3.834401351406026,3.9429221506190113,3.834401351406026,3.9067487716674805,251280,0.0,0.0
1999-09-24 00:00:00-04:00,3.9067491364088416,3.9429225187375865,3.8886621140652413,3.9248361587524414,103680,0.0,0.0
1999-09-27 00:00:00-04:00,3.906749681623249,4.015270506112784,3.888662656755477,3.942923069000244,199680,0.0,0.0
1999-09-28 00:00:00-04:00,3.9610091712739735,3.9610091712739735,3.852488372060988,3.9067487716674805,212160,0.0,0.0
1999-09-29 00:00:00-04:00,3.8886618951235525,4.087617142626095,3.8705755361567165,4.051443099975586,308400,0.0,0.0
1999-09-30 00:00:00-04:00,4.051441419066281,4.214222556381777,3.997181039961116,4.159962177276611,559440,0.0,0.0
1999-10-01 00:00:00-04:00,4.141875368605542,4.196135741721082,4.069527983665466,4.123788356781006,109920,0.0,0.0
1999-10-04 00:00:00-04:00,4.123790802714075,4.250398635864258,4.123790802714075,4.250398635864258,116160,0.0,0.0
1999-10-05 00:00:00-04:00,4.232309614985124,4.268482980651938,4.051441461934752,4.087615489959717,163920,0.0,0.0
1999-10-06 00:00:00-04:00,4.123788811992549,4.178049191097714,4.123788811992549,4.159962177276611,82080,0.0,0.0
1999-10-07 00:00:00-04:00,4.141875825813652,4.159962177276611,4.123788811992549,4.159962177276611,107040,0.0,0.0
1999-10-08 00:00:00-04:00,4.141877174377441,4.21422392850112,4.087616777605502,4.141877174377441,179040,0.0,0.0
1999-10-11 00:00:00-04:00,4.141875368605542,4.2142220911875485,4.123788356781006,4.123788356781006,156000,0.0,0.0
1999-10-12 00:00:00-04:00,4.159964717979314,4.159964717979314,3.9429230690002446,3.942923069000244,141600,0.0,0.0
1999-10-13 00:00:00-04:00,3.9429225187375865,4.0152699457535315,3.9067491364088416,3.9248361587524414,143520,0.0,0.0
1999-10-14 00:00:00-04:00,3.9248361587524414,3.9429225187375865,3.9067491364088416,3.9248361587524414,200880,0.0,0.0
1999-10-15 00:00:00-04:00,3.9248357923224426,3.9248357923224426,3.87057539271595,3.9067487716674805,93360,0.0,0.0
1999-10-18 00:00:00-04:00,3.8886609077453613,3.9067479244781027,3.852487536638129,3.8886609077453613,125280,0.0,0.0
1999-10-19 00:00:00-04:00,3.852487536638129,3.9067479244781027,3.852487536638129,3.8886609077453613,109680,0.0,0.0
1999-10-20 00:00:00-04:00,3.888659250851217,3.888659250851217,3.8163125394625035,3.8524858951568604,123120,0.0,0.0
1999-10-21 00:00:00-04:00,3.8344009235140817,3.852487942150661,3.798227548599243,3.798227548599243,1126560,0.0,0.0
1999-10-22 00:00:00-04:00,3.7982279153014025,3.8163149356842037,3.762054536894184,3.816314935684204,71040,0.0,0.0
1999-10-25 00:00:00-04:00,3.7801411524013044,3.7982281740160952,3.707794390658998,3.7439677715301514,78480,0.0,0.0
1999-10-26 00:00:00-04:00,3.743968361689944,3.8344021593020736,3.436492919921875,3.436492919921875,355920,0.0,0.0
1999-10-27 00:00:00-04:00,3.4364911875688,3.8163138733711017,3.4364911875688,3.7620534896850586,328080,0.0,0.0
1999-10-28 00:00:00-04:00,3.79822804296888,3.834401422591972,3.3279714584350586,3.3279714584350586,403680,0.0,0.0
1999-10-29 00:00:00-04:00,3.545012269281799,3.707793434773949,3.3641440868377686,3.3641440868377686,425040,0.0,0.0
1999-11-01 00:00:00-05:00,3.4003170822480326,3.7077930246264303,3.3460566997528076,3.3460566997528076,360240,0.0,0.0
1999-11-02 00:00:00-05:00,3.382231103789649,3.6897064178220687,3.3641440868377686,3.3641440868377686,303120,0.0,0.0
1999-11-03 00:00:00-05:00,3.4003188709901964,3.5811871285729895,3.38223250888289,3.436492919921875,360240,0.0,0.0
1999-11-04 00:00:00-05:00,3.519479767537062,3.5750504971384176,3.4083383083343506,3.4083383083343506,336000,0.11667,0.0
1999-11-05 00:00:00-05:00,3.4453844758647207,3.519478991786091,3.260148525238037,3.260148525238037,339360,0.0,0.0
1999-11-08 00:00:00-05:00,3.2786722220189093,3.4453843689012267,3.2786722220189093,3.4268605709075928,286080,0.0,0.0
1999-11-09 00:00:00-05:00,3.4083383083343506,3.4824321622337364,3.371290703031025,3.4083383083343506,406560,0.0,0.0
1999-11-10 00:00:00-05:00,3.389815289214839,3.4268622247276728,3.1490085124969482,3.1490085124969482,214320,0.0,0.0
1999-11-11 00:00:00-05:00,3.1860552802167423,3.3527674632800557,3.1860552802167423,3.278672933578491,158880,0.0,0.0
1999-11-12 00:00:00-05:00,3.3157199881229737,3.334243790856723,3.223102331161499,3.223102331161499,238560,0.0,0.0
1999-11-15 00:00:00-05:00,3.2045794292114445,3.5380039020202823,3.149008683743305,3.334244728088379,546720,0.0,0.0
1999-11-16 00:00:00-05:00,3.3712907193396005,3.4824321790799573,3.260149259599244,3.297196865081787,447120,0.0,0.0
1999-11-17 00:00:00-05:00,3.260149657796124,3.297197267803687,3.1304850578308105,3.1304850578308105,451440,0.0,0.0
1999-11-18 00:00:00-05:00,3.1675314903259277,3.2416260203110716,3.149007688241239,3.1675314903259277,375120,0.0,0.0
1999-11-19 00:00:00-05:00,3.1860549454366702,3.1860549454366702,3.0378659016047536,3.074913501739502,366240,0.0,0.0
1999-11-22 00:00:00-05:00,3.074913369506989,3.093436490424263,3.056389570236206,3.056389570236206,492240,0.0,0.0
1999-11-23 00:00:00-05:00,3.074912975534323,3.0934360940783256,2.9267239570617676,2.9267239570617676,395520,0.0,0.0
1999-11-24 00:00:00-05:00,2.9637733454283355,3.074914837402475,2.9637733454283355,3.0193440914154053,467040,0.0,0.0
1999-11-26 00:00:00-05:00,2.9822959745079967,3.2045789211384985,2.9822959745079967,3.1304850578308105,94320,0.0,0.0
1999-11-29 00:00:00-05:00,3.1675320549715233,3.1860558603582736,2.8896783659389333,2.9082021713256836,356400,0.0,0.0
1999-11-30 00:00:00-05:00,2.926724929223254,3.1119609246665245,2.889678001476059,2.9637725353240967,5243040,0.0,0.0
1999-12-01 00:00:00-05:00,2.963772605463619,3.1490079269369513,2.963772605463619,3.0934371948242188,432480,0.0,0.0
1999-12-02 00:00:00-05:00,3.0749138248412002,3.3157198592524684,3.0749138248412002,3.278672933578491,426240,0.0,0.0
1999-12-03 00:00:00-05:00,3.26014830061782,3.315719014141723,3.1490068735700145,3.1860544681549072,677280,0.0,0.0
1999-12-06 00:00:00-05:00,3.1860561983702977,3.1860561983702977,2.982296352560149,3.0008201599121094,260400,0.0,0.0
1999-12-07 00:00:00-05:00,2.982295679197295,3.000819482366826,2.852631092071533,2.852631092071533,1227360,0.0,0.0
1999-12-08 00:00:00-05:00,2.852630126178912,3.074912975534323,2.852630126178912,2.9267239570617676,701280,0.0,0.0
1999-12-09 00:00:00-05:00,2.945248587230315,3.037866241214026,2.926724785092127,2.982295513153076,188880,0.0,0.0
1999-12-10 00:00:00-05:00,3.0193440914154053,3.074914837402475,2.9637733454283355,3.0193440914154053,1480560,0.0,0.0
1999-12-13 00:00:00-05:00,2.982296475188137,3.074914837402475,2.982296475188137,3.0193440914154053,106320,0.0,0.0
1999-12-14 00:00:00-05:00,2.9637733454283355,3.0193440914154053,2.9082025994412657,3.0193440914154053,312240,0.0,0.0
1999-12-15 00:00:00-05:00,3.0563905161694036,3.1304850578308105,3.000819779511778,3.1304850578308105,203760,0.0,0.0
1999-12-16 00:00:00-05:00,3.111960871466275,3.2601492582753617,3.0749139443524123,3.223102331161499,390480,0.0,0.0
1999-12-17 00:00:00-05:00,3.315720831237468,3.797334397949544,3.1490085993033974,3.556527614593506,587760,0.0,0.0
1999-12-20 00:00:00-05:00,3.519478991786091,3.519478991786091,3.2231016064540934,3.260148525238037,301680,0.0,0.0
1999-12-21 00:00:00-05:00,3.2231033487997793,3.3342448435859784,3.1860564099889963,3.315721035003662,151200,0.0,0.0
1999-12-22 00:00:00-05:00,3.278673062340516,3.389814522080872,3.1860554053414307,3.297196865081787,110880,0.0,0.0
1999-12-23 00:00:00-05:00,3.2601492582753617,3.334243790856723,3.223102331161499,3.223102331161499,264960,0.0,0.0
1999-12-27 00:00:00-05:00,3.241625667285254,3.241625667285254,3.074913501739502,3.074913501739502,221760,0.0,0.0
1999-12-28 00:00:00-05:00,3.037866241214026,3.0749138454904013,2.982295513153076,2.982295513153076,144240,0.0,0.0
1999-12-29 00:00:00-05:00,2.982295513153076,3.019343117429452,2.9637723893685024,2.982295513153076,526080,0.0,0.0
1999-12-30 00:00:00-05:00,2.9637733454283355,3.1490087131493465,2.945249537314701,3.0193440914154053,210240,0.0,0.0
1999-12-31 00:00:00-05:00,2.9822956600208705,3.0934371216161036,2.9637725353240967,2.9637725353240967,324960,0.0,0.0
2000-01-03 00:00:00-05:00,3.037867221175207,3.1304855833895453,2.982296475188137,3.0193440914154053,348240,0.0,0.0
2000-01-04 00:00:00-05:00,2.9822956600208705,3.0934371216161036,2.9452487322736753,2.9637725353240967,468720,0.0,0.0
2000-01-05 00:00:00-05:00,2.9637732235619936,3.037867096262225,2.945249416210033,3.0008201599121094,431040,0.0,0.0
2000-01-06 00:00:00-05:00,3.037866711165622,3.2045789211384985,3.037866711165622,3.1304850578308105,115200,0.0,0.0
2000-01-07 00:00:00-05:00,3.1304846742000243,3.2601492582753617,3.1304846742000243,3.223102331161499,118320,0.0,0.0
2000-01-10 00:00:00-05:00,3.2601498673425913,3.2786736735369924,3.1860559992725124,3.241626739501953,80160,0.0,0.0
2000-01-11 00:00:00-05:00,3.241625521287224,3.241625521287224,3.149007203475284,3.204577922821045,76320,0.0,0.0
2000-01-12 00:00:00-05:00,3.1675308891014367,3.2971961223754636,3.1304839703174934,3.260148525238037,526560,0.0,0.0
2000-01-13 00:00:00-05:00,3.2601484240252754,3.482431286535032,3.241625304385104,3.4268605709075928,166320,0.0,0.0
2000-01-14 00:00:00-05:00,3.4268614326323807,3.4824321622337364,3.371290703031025,3.4083383083343506,348720,0.0,0.0
2000-01-18 00:00:00-05:00,3.4453867687850046,3.538004466559096,3.4083398253461548,3.4639105796813965,89760,0.0,0.0
2000-01-19 00:00:00-05:00,3.4268614326323807,3.4824321622337364,3.4083383083343506,3.4083383083343506,54000,0.0,0.0
2000-01-20 00:00:00-05:00,3.4453860313173323,3.538003709267073,3.4453860313173323,3.5009567737579346,104640,0.0,0.0
2000-01-21 00:00:00-05:00,3.500956423346659,3.5935740920262824,3.500956423346659,3.5194802284240723,301200,0.0,0.0
2000-01-24 00:00:00-05:00,3.5565271602251776,3.6120978971036957,3.500956423346659,3.5194802284240723,125760,0.0,0.0
2000-01-25 00:00:00-05:00,3.4824326038360596,3.538003340484261,3.445385672188498,3.4824326038360596,174720,0.0,0.0
2000-01-26 00:00:00-05:00,3.408337679324507,3.4824315195498494,3.186054801941463,3.204577922821045,284640,0.0,0.0
2000-01-27 00:00:00-05:00,3.241626119530284,3.4268614326323807,3.241626119530284,3.4083383083343506,96240,0.0,0.0
2000-01-28 00:00:00-05:00,3.371290431341087,3.612097132991728,3.371290431341087,3.5935733318328857,158160,0.0,0.0
2000-01-31 00:00:00-05:00,3.575050209027621,3.612097132991728,3.538002606709936,3.5935733318328857,86400,0.0,0.0
2000-02-01 00:00:00-05:00,3.612097501679106,3.6306213047286766,3.4824322370394096,3.5380029678344727,140640,0.0,0.0
2000-02-02 00:00:00-05:00,3.575050209027621,3.6861916592735207,3.538002606709936,3.5935733318328857,102240,0.0,0.0
2000-02-03 00:00:00-05:00,3.5935750057759104,3.68619337635962,3.5935750057759104,3.630622625350952,99600,0.0,0.0
2000-02-04 00:00:00-05:00,3.6120965568026806,3.6306203550066716,3.5194789224896663,3.575049638748169,201360,0.0,0.0
2000-02-07 00:00:00-05:00,3.575050965302591,3.575050965302591,3.463909491545554,3.5194802284240723,172320,0.0,0.0
2000-02-08 00:00:00-05:00,3.490645542962304,3.6613836288452144,3.490645542962304,3.661383628845215,552000,0.11667,0.0
2000-02-09 00:00:00-05:00,3.6613834571284447,3.8321215350038385,3.6613834571284447,3.813150405883789,396240,0.0,0.0
2000-02-10 00:00:00-05:00,3.775210857391357,3.775210857391357,3.7372685788996285,3.7752108573913574,61680,0.0,0.0
2000-02-11 00:00:00-05:00,3.775209019433822,3.7941794547085563,3.64241249883543,3.661383628845215,100320,0.0,0.0
2000-02-14 00:00:00-05:00,3.661385644283728,3.7752110975284507,3.661385644283728,3.699327230453491,39120,0.0,0.0
2000-02-15 00:00:00-05:00,3.7182963241395184,3.7182963241395184,3.64241249883543,3.661383628845215,45360,0.0,0.0
2000-02-16 00:00:00-05:00,3.6993275316326355,3.756240262888522,3.6803563896355103,3.7182986736297607,80400,0.0,0.0
2000-02-17 00:00:00-05:00,3.7182983709060893,3.7562399570758527,3.661385644283728,3.699327230453491,77280,0.0,0.0
2000-02-18 00:00:00-05:00,3.6993275316326355,3.737269120891397,3.6424148003767485,3.7182986736297607,76080,0.0,0.0
2000-02-22 00:00:00-05:00,3.6803560900008936,3.7562399570758527,3.670871214510027,3.699327230453491,72960,0.0,0.0
2000-02-23 00:00:00-05:00,3.699325438468687,3.7182965697315074,3.5285873413085938,3.5285873413085938,64080,0.0,0.0
2000-02-24 00:00:00-05:00,3.566528909099138,3.5855000403619584,3.5285873413085938,3.5285873413085938,104880,0.0,0.0
2000-02-25 00:00:00-05:00,3.547558398281995,3.6234415322740148,3.5096161365509033,3.5096161365509033,74400,0.0,0.0
2000-02-28 00:00:00-05:00,3.4906467022471084,3.5096171438221497,3.4337339880514235,3.452704429626465,88080,0.0,0.0
2000-02-29 00:00:00-05:00,3.4906457735180494,3.5285873413085938,3.414761943201865,3.5285873413085938,116160,0.0,0.0
2000-03-01 00:00:00-05:00,3.5285882801324715,3.5285882801324715,3.4147628517411017,3.452704429626465,108240,0.0,0.0
2000-03-02 00:00:00-05:00,3.4527047348155286,3.4716758728027344,3.4147631535764598,3.4716758728027344,109920,0.0,0.0
2000-03-03 00:00:00-05:00,3.4527038575520734,3.4906461238861084,3.433733419120222,3.4906461238861084,193200,0.0,0.0
2000-03-06 00:00:00-05:00,3.4906457735180494,3.547558472571414,3.4716746422552296,3.5285873413085938,60960,0.0,0.0
2000-03-07 00:00:00-05:00,3.5285873413085938,3.5285873413085938,3.509616210045774,3.5285873413085938,290880,0.0,0.0
2000-03-08 00:00:00-05:00,3.5285885920290085,3.5285885920290085,3.4527047348155286,3.4716758728027344,19200,0.0,0.0
2000-03-09 00:00:00-05:00,3.5096161365509033,3.528587267416449,3.490645700420439,3.5096161365509033,36960,0.0,0.0
2000-03-10 00:00:00-05:00,3.5096171438221497,3.5096171438221497,3.4337339880514235,3.452704429626465,125040,0.0,0.0
2000-03-13 00:00:00-05:00,3.4716759995863433,3.4716759995863433,3.4147632782816495,3.43373441696167,49440,0.0,0.0
2000-03-14 00:00:00-05:00,3.4337339880514235,3.4716755659367866,3.4337339880514235,3.452704429626465,71760,0.0,0.0
2000-03-15 00:00:00-05:00,3.4906470107899397,3.4906470107899397,3.4337342915636655,3.4716758728027344,127200,0.0,0.0
2000-03-16 00:00:00-05:00,3.4716755659367866,3.4906467022471084,3.4337339880514235,3.452704429626465,105600,0.0,0.0
2000-03-17 00:00:00-05:00,3.4147628517411017,3.4716755659367866,3.4147628517411017,3.452704429626465,48000,0.0,0.0
2000-03-20 00:00:00-05:00,3.4337345902600402,3.4337345902600402,3.338879586808034,3.4147634506225586,49680,0.0,0.0
2000-03-21 00:00:00-05:00,3.3768216956569757,3.4716759995863433,3.3768216956569757,3.43373441696167,99360,0.0,0.0
2000-03-22 00:00:00-05:00,3.3957906120391463,3.452703307742233,3.3009363507790206,3.3388779163360596,33120,0.0,0.0
2000-03-23 00:00:00-05:00,3.3388787711017183,3.4147626163774047,3.3388787711017183,3.3768210411071777,130080,0.0,0.0
2000-03-24 00:00:00-05:00,3.4147617421851937,3.4906455680343274,3.3199074809250675,3.3388779163360596,124560,0.0,0.0
2000-03-27 00:00:00-05:00,3.33887929636298,3.4716758728027344,3.33887929636298,3.4716758728027344,64800,0.0,0.0
2000-03-28 00:00:00-05:00,3.452704119922197,3.471675254530826,3.3578498363494873,3.3578498363494873,117840,0.0,0.0
2000-03-29 00:00:00-05:00,3.357849443167971,3.357849443167971,3.2060824682754814,3.2440240383148193,175680,0.0,0.0
2000-03-30 00:00:00-05:00,3.2440248775847933,3.319908732030713,3.206083297729492,3.206083297729492,183840,0.0,0.0
2000-03-31 00:00:00-05:00,3.2440251646239457,3.3768217479706366,3.2060835814114816,3.2250540256500244,263040,0.0,0.0
2000-04-03 00:00:00-04:00,3.26299583638947,3.3957917059865554,3.2250535638743494,3.3009374141693115,318480,0.0,0.0
2000-04-04 00:00:00-04:00,3.262995057163873,3.3199077576101312,3.244023925436749,3.281965494155884,75360,0.0,0.0
2000-04-05 00:00:00-04:00,3.2819663456290136,3.4147629127013874,3.2629959037153125,3.319908618927002,86400,0.0,0.0
2000-04-06 00:00:00-04:00,3.3199074809250675,3.3388779163360596,3.3199074809250675,3.3388779163360596,44160,0.0,0.0
2000-04-07 00:00:00-04:00,3.357849046482107,3.357849046482107,3.3199074809250675,3.3388779163360596,113520,0.0,0.0
2000-04-10 00:00:00-04:00,3.3388787289870745,3.3578498637505136,3.149170160293579,3.149170160293579,356160,0.0,0.0
2000-04-11 00:00:00-04:00,3.1871118545532227,3.2250534307671064,3.168140719078656,3.1871118545532227,151200,0.0,0.0
2000-04-12 00:00:00-04:00,3.2250537402894843,3.2629960148801027,3.187112160434183,3.206083297729492,107760,0.0,0.0
2000-04-13 00:00:00-04:00,3.2060836621912525,3.244025246359684,3.0922582149505615,3.0922582149505615,85680,0.0,0.0
2000-04-14 00:00:00-04:00,3.0543151812116074,3.149170160293579,3.0543151812116074,3.149170160293579,80400,0.0,0.0
2000-04-17 00:00:00-04:00,3.1112280073902054,3.1871118545532227,3.073286431176322,3.1871118545532227,62400,0.0,0.0
2000-04-18 00:00:00-04:00,3.168140411376953,3.187111545008972,3.1301988388480977,3.168140411376953,108480,0.0,0.0
2000-04-19 00:00:00-04:00,3.1491702783393394,3.1871118545532227,3.1491702783393394,3.1871118545532227,1233840,0.0,0.0
2000-04-20 00:00:00-04:00,3.168140719078656,3.2250534307671064,3.168140719078656,3.1871118545532227,85200,0.0,0.0
2000-04-24 00:00:00-04:00,3.187111545008972,3.187111545008972,3.1301988388480977,3.168140411376953,39360,0.0,0.0
2000-04-25 00:00:00-04:00,3.1491702783393394,3.1871118545532227,3.1491702783393394,3.1871118545532227,439680,0.0,0.0
2000-04-26 00:00:00-04:00,3.18711232438342,3.18711232438342,3.0732868842268695,3.1112284660339355,314640,0.0,0.0
2000-04-27 00:00:00-04:00,3.111228834917064,3.1491711159581124,3.054316108090926,3.07328724861145,98160,0.0,0.0
2000-04-28 00:00:00-04:00,3.0732863159750465,3.149170160293579,3.016373606419953,3.149170160293579,162480,0.0,0.0
2000-05-01 00:00:00-04:00,3.3009374233497315,3.4716755659367866,3.2819662870394097,3.452704429626465,145680,0.0,0.0
2000-05-02 00:00:00-04:00,3.4527038575520734,3.6613842381837687,3.376820714354335,3.4906461238861084,213120,0.0,0.0
2000-05-03 00:00:00-04:00,3.490647957176999,3.5665311402286415,3.4716768140463232,3.547560691833496,31440,0.0,0.0
2000-05-04 00:00:00-04:00,3.547559859571058,3.547559859571058,3.4147632782816495,3.43373441696167,92400,0.0,0.0
2000-05-05 00:00:00-04:00,3.4716768140463232,3.5665311402286415,3.4716768140463232,3.547560691833496,38400,0.0,0.0
2000-05-08 00:00:00-04:00,3.528587267416449,3.528587267416449,3.490645700420439,3.5096161365509033,31440,0.0,0.0
2000-05-09 00:00:00-04:00,3.4606266254089024,3.655043363571167,3.4606266254089024,3.655043363571167,73920,0.11667,0.0
2000-05-10 00:00:00-04:00,3.6161606300629416,3.6356025912062147,3.4411851157050575,3.538393497467041,60240,0.0,0.0
2000-05-11 00:00:00-04:00,3.5383931308295637,3.55783508995832,3.421742800011258,3.4411847591400146,62640,0.0,0.0
2000-05-12 00:00:00-04:00,3.441183645796495,3.441183645796495,3.2856501590183274,3.343975305557251,75840,0.0,0.0
2000-05-15 00:00:00-04:00,3.3828601882071236,3.3828601882071236,3.2856517994349654,3.3050930500030518,74160,0.0,0.0
2000-05-16 00:00:00-04:00,3.3439765056498896,3.4606268405914307,3.324534545833919,3.4606268405914307,75360,0.0,0.0
2000-05-17 00:00:00-04:00,3.4800693551200483,3.6550449212206777,3.4800693551200483,3.635603666305542,77280,0.0,0.0
2000-05-18 00:00:00-04:00,3.6356028400195157,3.655044090516118,3.4995105266571045,3.4995105266571045,106080,0.0,0.0
2000-05-19 00:00:00-04:00,3.499509134600239,3.6356013938270118,3.499509134600239,3.616159439086914,69120,0.0,0.0
2000-05-22 00:00:00-04:00,3.6356030567486415,3.732811450958252,3.6356030567486415,3.732811450958252,72960,0.0,0.0
2000-05-23 00:00:00-04:00,3.7328112017755064,4.0438790392492105,3.7328112017755064,3.9272286891937256,359040,0.0,0.0
2000-05-24 00:00:00-04:00,3.9272273809962384,3.966110580736618,3.8883434692788614,3.9466686248779297,76800,0.0,0.0
2000-05-25 00:00:00-04:00,3.9272270458759486,4.0438773471200165,3.9272270458759486,4.004993438720703,152400,0.0,0.0
2000-05-26 00:00:00-04:00,4.004994622273388,4.024436582218517,3.7522527028724486,3.849461078643799,114240,0.0,0.0
2000-05-30 00:00:00-04:00,3.8689020909916945,3.946668487770853,3.849460135808419,3.888343334197998,88080,0.0,0.0
2000-05-31 00:00:00-04:00,3.9272272445645493,4.024435596526984,3.888343334197998,3.888343334197998,110880,0.0,0.0
2000-06-01 00:00:00-04:00,3.8883433920572443,4.082760810852051,3.8883433920572443,4.082760810852051,299520,0.0,0.0
2000-06-02 00:00:00-04:00,4.082761536093081,4.238295071570923,4.082761536093081,4.160528659820557,96480,0.0,0.0
2000-06-05 00:00:00-04:00,4.316059562312202,4.335501509377906,4.238292486026064,4.277176380157471,315840,0.0,0.0
2000-06-06 00:00:00-04:00,4.238295202356389,4.2966203689575195,4.199411995281347,4.2966203689575195,269280,0.0,0.0
2000-06-07 00:00:00-04:00,4.257737401359119,4.335504531860352,4.218854192097088,4.335504531860352,102240,0.0,0.0
2000-06-08 00:00:00-04:00,4.296617615246499,4.354942744466935,4.277176380157471,4.277176380157471,43440,0.0,0.0
2000-06-09 00:00:00-04:00,4.257737401359119,4.335504531860352,4.179970270857886,4.335504531860352,72960,0.0,0.0
2000-06-12 00:00:00-04:00,4.296619923419585,4.452154159545898,4.296619923419585,4.452154159545898,192960,0.0,0.0
2000-06-13 00:00:00-04:00,4.452152618009961,4.491035807589897,4.33550233729334,4.471593856811523,114720,0.0,0.0
2000-06-14 00:00:00-04:00,4.588244335391936,5.0548454783801615,4.588244335391936,4.860428810119629,529680,0.0,0.0
2000-06-15 00:00:00-04:00,4.8409868585028395,5.035404238740214,4.763219764012521,4.860428810119629,356400,0.0,0.0
2000-06-16 00:00:00-04:00,4.8993137049120525,5.035405989596417,4.782663378604623,5.015964031219482,269040,0.0,0.0
2000-06-19 00:00:00-04:00,4.957638735044518,4.957638735044518,4.860430369722276,4.918755531311035,209040,0.0,0.0
2000-06-20 00:00:00-04:00,4.704897139122829,5.3270328040485015,4.646571965034623,5.288148880004883,224880,0.0,0.0
2000-06-21 00:00:00-04:00,5.24926518363437,5.24926518363437,4.899314171392079,5.054847717285156,281760,0.0,0.0
2000-06-22 00:00:00-04:00,5.054848564530189,5.074290528016932,4.821547850598376,4.957640171051025,204000,0.0,0.0
2000-06-23 00:00:00-04:00,5.035406589328684,5.074289798736572,4.918756249127843,5.074289798736572,225600,0.0,0.0
2000-06-26 00:00:00-04:00,5.054847838044041,5.132614968836993,4.9381974978432,5.074289798736572,199440,0.0,0.0
2000-06-27 00:00:00-04:00,5.015964031219482,5.035405989596417,4.938196909688833,5.015964031219482,329040,0.0,0.0
2000-06-28 00:00:00-04:00,4.977080490762226,5.1131720542907715,4.977080490762226,5.1131720542907715,218640,0.0,0.0
2000-06-29 00:00:00-04:00,5.074288224379445,5.074288224379445,4.549361856340192,4.646570205688477,332400,0.0,0.0
2000-06-30 00:00:00-04:00,4.685455057812058,4.782663426720517,4.666013099239528,4.709757328033447,343440,0.0,0.0
2000-07-03 00:00:00-04:00,4.704894348012465,4.821544626987789,4.666011159012958,4.782661437988281,63120,0.0,0.0
2000-07-05 00:00:00-04:00,4.782661587358957,4.840986728668213,4.704894494954342,4.840986728668213,247200,0.0,0.0
2000-07-06 00:00:00-04:00,4.782663135896849,4.938196659088135,4.685454772899426,4.938196659088135,76320,0.0,0.0
2000-07-07 00:00:00-04:00,4.899312973022461,4.996521326431372,4.879871017549885,4.899312973022461,95760,0.0,0.0
2000-07-10 00:00:00-04:00,4.8215473904767805,4.8215473904767805,4.685455794988666,4.7632222175598145,94080,0.0,0.0
2000-07-11 00:00:00-04:00,4.724338663847988,4.977081298828125,4.685455455380719,4.977081298828125,103200,0.0,0.0
2000-07-12 00:00:00-04:00,5.054848558695167,5.1131737371107935,4.938198201863915,4.996523380279541,129600,0.0,0.0
2000-07-13 00:00:00-04:00,5.015965343743842,5.074290522159468,4.977082128792516,4.996523380279541,170880,0.0,0.0
2000-07-14 00:00:00-04:00,5.0159646288148325,5.035406589508057,4.957639458712334,5.035406589508057,61920,0.0,0.0
2000-07-17 00:00:00-04:00,5.093731759429104,5.132614968836993,5.054847838044041,5.074289798736572,123840,0.0,0.0
2000-07-18 00:00:00-04:00,5.074289102232858,5.249264588516749,5.0548471442089555,5.190939426422119,147840,0.0,0.0
2000-07-19 00:00:00-04:00,5.229821527735939,5.268705435584707,5.035404836399803,5.132613182067871,126960,0.0,0.0
2000-07-20 00:00:00-04:00,5.171499729156494,5.288150104340305,5.171499729156494,5.171499729156494,232080,0.0,0.0
2000-07-21 00:00:00-04:00,5.171496377939713,5.171496377939713,5.132613182067871,5.132613182067871,59040,0.0,0.0
2000-07-24 00:00:00-04:00,5.0742896759848755,5.0742896759848755,4.977081298828125,4.977081298828125,194160,0.0,0.0
2000-07-25 00:00:00-04:00,4.977080826442703,5.035405989596417,4.957638868065768,5.015964031219482,60960,0.0,0.0
2000-07-26 00:00:00-04:00,4.977082128792516,5.035407307208143,4.957640165328216,4.996523380279541,114960,0.0,0.0
2000-07-27 00:00:00-04:00,4.977080573868746,4.996521819281999,4.918755413674882,4.938196659088135,59520,0.0,0.0
2000-07-28 00:00:00-04:00,4.9965209285510355,5.210380285788481,4.977079686603577,5.132613182067871,99840,0.0,0.0
2000-07-31 00:00:00-04:00,5.171495877215002,5.365913261703802,5.171495877215002,5.346471309661865,127440,0.0,0.0
2000-08-01 00:00:00-04:00,5.443681261417396,5.5408896138076615,5.443681261417396,5.521447658538818,180960,0.0,0.0
2000-08-02 00:00:00-04:00,5.560333480168265,5.910284523424088,5.560333480168265,5.7547502517700195,295200,0.0,0.0
2000-08-03 00:00:00-04:00,5.715868307812379,5.988052275620509,5.638101154734037,5.890843868255615,381360,0.0,0.0
2000-08-04 00:00:00-04:00,5.910283643901225,6.026933974294163,5.502007487525942,5.540890693664551,244080,0.0,0.0
2000-08-07 00:00:00-04:00,5.638098325825448,5.735307396393194,5.443681608643998,5.623517036437988,316080,0.0,0.0
2000-08-08 00:00:00-04:00,5.657541865969143,5.774192213721084,5.579774730142108,5.7547502517700195,299520,0.0,0.0
2000-08-09 00:00:00-04:00,5.823450734947775,5.922153044720085,5.744488453378483,5.803709983825684,274560,0.11667,0.0
2000-08-10 00:00:00-04:00,5.823448985346937,5.84318900761925,5.764227472692286,5.7839674949646,281520,0.0,0.0
2000-08-11 00:00:00-04:00,5.803708864349515,5.843189636059187,5.783968117035212,5.823449611663818,143040,0.0,0.0
2000-08-14 00:00:00-04:00,5.843190759084357,6.020855350302318,5.843190759084357,6.001115322113037,286080,0.0,0.0
2000-08-15 00:00:00-04:00,6.080075347128691,6.119556839386966,6.020853831660169,6.040594577789307,243120,0.0,0.0
2000-08-16 00:00:00-04:00,6.099816887455868,6.198519185114845,6.060336112976074,6.060336112976074,368400,0.0,0.0
2000-08-17 00:00:00-04:00,6.080076138756479,6.139297661935662,6.040595364276685,6.060336112976074,163440,0.0,0.0
2000-08-18 00:00:00-04:00,6.060336112976074,6.080076138756479,6.060336112976074,6.060336112976074,51120,0.0,0.0
2000-08-21 00:00:00-04:00,6.139296862597214,6.159037608726352,5.922151546852261,6.040594577789307,301440,0.0,0.0
2000-08-22 00:00:00-04:00,6.020855350302318,6.040596101410672,5.862931510192711,6.001115322113037,492240,0.0,0.0
2000-08-23 00:00:00-04:00,6.001113510020544,6.001113510020544,5.862929739826102,5.902410507202148,847680,0.0,0.0
2000-08-24 00:00:00-04:00,5.92215126546507,5.92215126546507,5.764227472692286,5.7839674949646,137280,0.0,0.0
2000-08-25 00:00:00-04:00,5.882671269745973,5.922152042388916,5.764228228898196,5.922152042388916,57600,0.0,0.0
2000-08-28 00:00:00-04:00,5.941893609719524,6.0998174449922615,5.86293133062363,6.080076694488525,216960,0.0,0.0
2000-08-29 00:00:00-04:00,6.080076182674994,6.257740753495876,6.020854659068033,6.198519229888916,482400,0.0,0.0
2000-08-30 00:00:00-04:00,6.198518341137174,6.395923632495808,6.198518341137174,6.277480602264404,308880,0.0,0.0
2000-08-31 00:00:00-04:00,6.316957891476026,6.632806039071298,6.316957891476026,6.57358455657959,209520,0.0,0.0
2000-09-01 00:00:00-04:00,6.593331263161424,6.6525527992888644,6.435406684875488,6.435406684875488,285360,0.0,0.0
2000-09-05 00:00:00-04:00,6.474886557213896,6.494626582329633,6.238000472473375,6.257740497589111,224400,0.0,0.0
2000-09-06 00:00:00-04:00,6.257739325359726,6.257739325359726,5.705005713118496,5.961631774902344,196800,0.0,0.0
2000-09-07 00:00:00-04:00,6.020852571849055,6.277479326155363,6.001112552769235,6.13929557800293,219360,0.0,0.0
2000-09-08 00:00:00-04:00,6.139298052995611,6.159038802952442,6.080076526044144,6.099817276000977,173520,0.0,0.0
2000-09-11 00:00:00-04:00,6.099816093257829,6.159037608726352,5.961632316191646,6.040594577789307,678480,0.0,0.0
2000-09-12 00:00:00-04:00,6.040595364276685,6.080076138756479,6.001114589796891,6.060336112976074,356640,0.0,0.0
2000-09-13 00:00:00-04:00,6.060335323918443,6.080075347128691,6.001113808449921,6.040594577789307,117120,0.0,0.0
2000-09-14 00:00:00-04:00,5.941893609719524,6.119558195495998,5.941893609719524,6.080076694488525,209040,0.0,0.0
2000-09-15 00:00:00-04:00,6.001114972054877,6.099817276000977,6.001114972054877,6.099817276000977,356640,0.0,0.0
2000-09-18 00:00:00-04:00,6.099816887455868,6.139297661935662,6.040595364276685,6.060336112976074,323520,0.0,0.0
2000-09-19 00:00:00-04:00,6.119557790250953,6.119557790250953,5.8431901931762695,5.8431901931762695,193440,0.0,0.0
2000-09-20 00:00:00-04:00,5.606305167291095,5.8037105282734425,4.974609024234379,5.349678993225098,610080,0.0,0.0
2000-09-21 00:00:00-04:00,5.270715094831506,5.270715094831506,4.994348252180355,5.172012805938721,418560,0.0,0.0
2000-09-22 00:00:00-04:00,5.112790199079592,5.823448262754651,5.073308713596245,5.606302261352539,296880,0.0,0.0
2000-09-25 00:00:00-04:00,5.62604358461168,5.62604358461168,5.3101952827482535,5.3299360275268555,220800,0.0,0.0
2000-09-26 00:00:00-04:00,5.250974014135251,5.310195528290606,5.073309471669183,5.27071475982666,247200,0.0,0.0
2000-09-27 00:00:00-04:00,5.231234600222633,5.428639188437025,5.211493852233611,5.369417667388916,140400,0.0,0.0
2000-09-28 00:00:00-04:00,5.369416313795955,5.487859326033504,5.211492538452148,5.211492538452148,120720,0.0,0.0
2000-09-29 00:00:00-04:00,5.2904569449822825,5.2904569449822825,5.053570823907242,5.073310852050781,276480,0.0,0.0
2000-10-02 00:00:00-04:00,5.152272331185501,5.369417667388916,5.093050810137393,5.369417667388916,276240,0.0,0.0
2000-10-03 00:00:00-04:00,5.369419023279934,5.448381312256701,5.310197487277144,5.349678993225098,205200,0.0,0.0
2000-10-04 00:00:00-04:00,5.290455505518071,5.389157788137372,5.231233991362714,5.27071475982666,110640,0.0,0.0
2000-10-05 00:00:00-04:00,5.231235921219517,5.369419023279934,5.231235921219517,5.349678993225098,212880,0.0,0.0
2000-10-06 00:00:00-04:00,5.231233583140946,5.507600386659901,5.231233583140946,5.4681196212768555,204480,0.0,0.0
2000-10-09 00:00:00-04:00,5.5470812042620095,5.961631774902344,5.5470812042620095,5.961631774902344,326880,0.0,0.0
2000-10-10 00:00:00-04:00,5.961632124941708,6.2972211837768555,5.882670588796035,6.2972211837768555,258240,0.0,0.0
2000-10-11 00:00:00-04:00,6.376182905112532,6.514366681759173,6.020853813380214,6.1590375900268555,407760,0.0,0.0
2000-10-12 00:00:00-04:00,6.238000682513624,6.297222205692806,5.941893066617707,6.060336112976074,215760,0.0,0.0
2000-10-13 00:00:00-04:00,6.139298599141518,6.316963195800781,6.119558570347663,6.316963195800781,729360,0.0,0.0
2000-10-16 00:00:00-04:00,6.3169622314732115,6.4156652520511726,5.9813738410975015,6.060336112976074,165360,0.0,0.0
2000-10-17 00:00:00-04:00,6.139296680452396,6.198518194163894,5.9616321393179,6.178778171539307,272400,0.0,0.0
2000-10-18 00:00:00-04:00,6.139298052995611,6.23800107986074,5.843190418238281,6.099817276000977,177120,0.0,0.0
2000-10-19 00:00:00-04:00,6.060336156752,6.2182599787309,6.060336156752,6.198519229888916,123600,0.0,0.0
2000-10-20 00:00:00-04:00,6.19851994152028,6.19851994152028,5.902412289490345,6.001115322113037,108480,0.0,0.0
2000-10-23 00:00:00-04:00,6.0011149230744865,6.020854949951172,5.744488067406349,6.020854949951172,100320,0.0,0.0
2000-10-24 00:00:00-04:00,6.02085328499382,6.080074795085297,5.8431887547193915,5.961631774902344,743040,0.0,0.0
2000-10-25 00:00:00-04:00,5.902412076781794,5.981374355450526,5.783969020238219,5.941893577575684,104400,0.0,0.0
2000-10-26 00:00:00-04:00,5.9221498893968985,6.001112128895087,5.843187649898711,5.86292839050293,165840,0.0,0.0
2000-10-27 00:00:00-04:00,5.862930942372747,5.922152467043179,5.764228642228362,5.8431901931762695,319200,0.0,0.0
2000-10-30 00:00:00-05:00,5.8431906892921885,5.8431906892921885,5.369418451703117,5.389159202575684,342000,0.0,0.0
2000-10-31 00:00:00-05:00,5.389159776253911,5.428640559282724,5.310197487277144,5.349678993225098,796560,0.0,0.0
2000-11-01 00:00:00-05:00,5.349678214189348,5.54708282350592,5.270715936711298,5.527342796325684,434640,0.0,0.0
2000-11-02 00:00:00-05:00,5.527342796325684,5.62604510098397,5.487861296127141,5.527342796325684,110400,0.0,0.0
2000-11-03 00:00:00-05:00,5.527343616192747,5.547083646301007,5.389159790839206,5.4878621101379395,144720,0.0,0.0
2000-11-06 00:00:00-05:00,5.5470807560462845,5.606302261352539,5.48785925074003,5.606302261352539,91200,0.0,0.0
2000-11-07 00:00:00-05:00,5.685264587402344,5.803707599639893,5.645783824296086,5.685264587402344,158640,0.0,0.0
2000-11-08 00:00:00-05:00,5.734999147731998,5.815208433036834,5.674841816582161,5.795156478881836,110880,0.11667,0.0
2000-11-09 00:00:00-05:00,5.755050601656606,5.855313301086426,5.654788636569145,5.855313301086426,87600,0.0,0.0
2000-11-10 00:00:00-05:00,5.895417443679292,6.015732085387032,5.765076459438857,5.935522079467773,239760,0.0,0.0
2000-11-13 00:00:00-05:00,5.835260561836373,6.055837176781363,5.775103236456617,5.975627899169922,140160,0.0,0.0
2000-11-14 00:00:00-05:00,5.975627903101801,6.0357852285211395,5.95557521651457,5.99567985534668,266160,0.0,0.0
2000-11-15 00:00:00-05:00,5.9956788850303875,6.055836200714111,5.95557425268865,6.055836200714111,90960,0.0,0.0
2000-11-16 00:00:00-05:00,6.0558371807660185,6.075889867353249,5.975627903101801,5.99567985534668,98400,0.0,0.0
2000-11-17 00:00:00-05:00,6.075888876831405,6.075888876831405,5.975626928925162,6.0357842445373535,157440,0.0,0.0
2000-11-20 00:00:00-05:00,6.035784031747078,6.035784031747078,5.915469404764361,5.955574035644531,146640,0.0,0.0
2000-11-21 00:00:00-05:00,5.955575212595886,6.055837176781363,5.935522526021851,5.975627899169922,128160,0.0,0.0
2000-11-22 00:00:00-05:00,5.955574021339417,6.015731334686279,5.915469390555576,6.015731334686279,591120,0.0,0.0
2000-11-24 00:00:00-05:00,6.075889518627754,6.276414169963895,6.075889518627754,6.256361484527588,306480,0.0,0.0
2000-11-27 00:00:00-05:00,6.336571263907767,6.416780534082029,6.15609930450225,6.236308574676514,227040,0.0,0.0
2000-11-28 00:00:00-05:00,6.2964659372237195,6.2964659372237195,6.095942026084465,6.115993976593018,154560,0.0,0.0
2000-11-29 00:00:00-05:00,6.075889341233625,6.276413986715167,6.075889341233625,6.115993976593018,150000,0.0,0.0
2000-11-30 00:00:00-05:00,6.136046661443858,6.2563613018643265,6.055836656382784,6.115993976593018,169200,0.0,0.0
2000-12-01 00:00:00-05:00,6.115993929362121,6.25636125354944,6.075889294312437,6.216256618499756,148560,0.0,0.0
2000-12-04 00:00:00-05:00,6.136046614058104,6.25636125354944,6.015731974566769,6.216256618499756,585600,0.0,0.0
2000-12-05 00:00:00-05:00,6.256364503738529,6.356626510620117,6.15610249685694,6.356626510620117,154080,0.0,0.0
2000-12-06 00:00:00-05:00,6.3165188064942,6.396728813897118,6.2162568479972835,6.256361484527588,264240,0.0,0.0
2000-12-07 00:00:00-05:00,6.336571468932864,6.436833427065895,6.296466098205807,6.316518783569336,215760,0.0,0.0
2000-12-08 00:00:00-05:00,6.29646695642856,6.577201652413512,6.276415002674211,6.4969916343688965,132240,0.0,0.0
2000-12-11 00:00:00-05:00,6.476938750578085,6.557148766199237,6.316519453678164,6.396729469299316,150000,0.0,0.0
2000-12-12 00:00:00-05:00,6.396726620235641,6.496988544349233,6.396726620235641,6.416778564453125,159360,0.0,0.0
2000-12-13 00:00:00-05:00,6.476937853883868,6.517043223313283,6.15609930450225,6.236308574676514,168480,0.0,0.0
2000-12-14 00:00:00-05:00,6.196204162560977,6.356623443024504,6.196204162560977,6.256361484527588,215520,0.0,0.0
2000-12-15 00:00:00-05:00,6.176150549387388,6.296465175247805,6.136045918881314,6.196203231811523,206880,0.0,0.0
2000-12-18 00:00:00-05:00,6.236307862317596,6.296465175247805,6.05583592352697,6.196203231811523,215040,0.0,0.0
2000-12-19 00:00:00-05:00,6.2563620174632355,6.27641470460769,6.13604736328125,6.13604736328125,137040,0.0,0.0
2000-12-20 00:00:00-05:00,6.075889341233625,6.216256666504933,6.075889341233625,6.115993976593018,269760,0.0,0.0
2000-12-21 00:00:00-05:00,6.115993976593018,6.115993976593018,5.9355220159623165,6.115993976593018,195840,0.0,0.0
2000-12-22 00:00:00-05:00,6.2563618053089485,6.797777730768377,6.2563618053089485,6.617305755615234,477360,0.0,0.0
2000-12-26 00:00:00-05:00,6.61730582292152,7.0384071025619805,6.577201183927023,7.018354415893555,351600,0.0,0.0
2000-12-27 00:00:00-05:00,7.058458540801802,8.101184844970703,6.998301225778896,8.101184844970703,984240,0.0,0.0
2000-12-28 00:00:00-05:00,8.020972528922595,8.542335482611172,7.619923425154201,8.301706314086914,811200,0.0,0.0
2000-12-29 00:00:00-05:00,8.241553914626973,8.98349453615034,8.201449274178438,8.963441848754883,473280,0.0,0.0
2001-01-02 00:00:00-05:00,8.903281467528783,8.92333414804717,8.241551088185428,8.823071479797363,682320,0.0,0.0
2001-01-03 00:00:00-05:00,8.742864242132217,8.742864242132217,8.08113371022259,8.44207763671875,471600,0.0,0.0
2001-01-04 00:00:00-05:00,8.422026785293344,8.722813456196679,8.241554782751344,8.582446098327637,425040,0.0,0.0
2001-01-05 00:00:00-05:00,8.502233741075067,8.96343955859332,8.502233741075067,8.542338371276855,585840,0.0,0.0
2001-01-08 00:00:00-05:00,8.361867725632614,8.361867725632614,8.141291123933865,8.221500396728516,554400,0.0,0.0
2001-01-09 00:00:00-05:00,8.16134159622174,8.80302006836815,7.980869663619721,8.522285461425781,379440,0.0,0.0
2001-01-10 00:00:00-05:00,8.442080505798842,9.123863220214844,8.341817780358069,9.123863220214844,637440,0.0,0.0
2001-01-11 00:00:00-05:00,9.123860922300814,9.986116178476127,8.96344163007797,9.444700241088867,1194000,0.0,0.0
2001-01-12 00:00:00-05:00,9.444701866508222,9.565016539966926,8.742866516113281,8.742866516113281,477120,0.0,0.0
2001-01-16 00:00:00-05:00,8.622544821942933,8.983488548428795,8.40196761064031,8.923331260681152,907440,0.0,0.0
2001-01-17 00:00:00-05:00,8.943388122749543,9.464752059745575,8.943388122749543,9.204070091247559,457920,0.0,0.0
2001-01-18 00:00:00-05:00,9.224122912850275,9.324384870983305,8.702758968136983,8.84312629699707,542400,0.0,0.0
2001-01-19 00:00:00-05:00,8.843125376208075,8.92333537496803,8.66265342975485,8.722810745239258,188400,0.0,0.0
2001-01-22 00:00:00-05:00,8.742863698313128,8.742863698313128,8.301709793033037,8.642601013183594,292800,0.0,0.0
2001-01-23 00:00:00-05:00,8.66265250252677,8.823071748533586,8.582442512352285,8.602495193481445,396240,0.0,0.0
2001-01-24 00:00:00-05:00,8.602497827138333,9.224123789031685,8.602497827138333,9.083756446838379,304320,0.0,0.0
2001-01-25 00:00:00-05:00,9.063703360939806,9.123860685756537,8.863179434445605,8.903284072875977,192960,0.0,0.0
2001-01-26 00:00:00-05:00,8.983491455260202,9.043648762473236,8.823071479797363,8.823071479797363,243600,0.0,0.0
2001-01-29 00:00:00-05:00,8.82307570595344,8.82307570595344,8.598488807678223,8.598488807678223,178800,0.0,0.0
2001-01-30 00:00:00-05:00,8.598492468897698,8.598492468897698,8.322570507672191,8.348237991333008,261120,0.0,0.0
2001-01-31 00:00:00-05:00,8.412403489960708,8.74286794498156,8.412403489960708,8.60169792175293,461280,0.0,0.0
2001-02-01 00:00:00-05:00,8.630571486378772,10.189849208011157,8.502236336815335,9.878636360168457,614160,0.0,0.0
2001-02-02 00:00:00-05:00,9.878633633442352,10.02621879440074,9.657254423320339,9.817673683166504,630480,0.0,0.0
2001-02-05 00:00:00-05:00,9.785592744089655,9.798426847183025,9.602714302019324,9.644423484802246,438480,0.0,0.0
2001-02-06 00:00:00-05:00,9.724625996134485,9.942796768080472,9.577040166478216,9.641207695007324,785520,0.0,0.0
2001-02-07 00:00:00-05:00,9.715701415002599,10.023365046061283,9.634736989461178,9.82905101776123,428160,0.11667,0.0
2001-02-08 00:00:00-05:00,9.82905202980299,9.958594975757725,9.74808833717439,9.845245361328125,405840,0.0,0.0
2001-02-09 00:00:00-05:00,9.829053323014532,9.829053323014532,9.336791101368426,9.391846656799316,290880,0.0,0.0
2001-02-12 00:00:00-05:00,9.31088276696397,9.424232394035924,9.13276128906574,9.246110916137695,208320,0.0,0.0
2001-02-13 00:00:00-05:00,9.294688983228175,9.343267498369174,9.003217892382176,9.148953437805176,199200,0.0,0.0
2001-02-14 00:00:00-05:00,9.116569724951116,9.116569724951116,9.009697122661166,9.051797866821289,103440,0.0,0.0
2001-02-15 00:00:00-05:00,9.035605652356505,9.255827903747559,9.035605652356505,9.255827903747559,488160,0.0,0.0
2001-02-16 00:00:00-05:00,9.229921071317184,9.310885538324209,9.181342539362882,9.278499603271484,288000,0.0,0.0
2001-02-20 00:00:00-05:00,9.391846529597501,9.456618380844295,9.278496901789646,9.28173542022705,143280,0.0,0.0
2001-02-21 00:00:00-05:00,9.262305466822209,9.265543244414781,9.132762489393059,9.19753360748291,187680,0.0,0.0
2001-02-22 00:00:00-05:00,9.197528275144732,9.343263762292707,9.106849058890697,9.307640075683594,171120,0.0,0.0
2001-02-23 00:00:00-05:00,9.2946896198626,9.634739249141102,9.2946896198626,9.391846656799316,526800,0.0,0.0
2001-02-26 00:00:00-05:00,9.5537739363531,9.754565013362154,9.5537739363531,9.715702056884766,476880,0.0,0.0
2001-02-27 00:00:00-05:00,9.660646510728984,9.754565013362154,9.660646510728984,9.715702056884766,451200,0.0,0.0
2001-02-28 00:00:00-05:00,9.73189464656316,9.874392400729993,9.667123546600342,9.715702056884766,338640,0.0,0.0
2001-03-01 00:00:00-05:00,9.715704183646052,9.780475297787223,9.667125662727821,9.773998260498047,271680,0.0,0.0
2001-03-02 00:00:00-05:00,9.796667563731488,10.525345298027649,9.796667563731488,10.411994934082031,679920,0.0,0.0
2001-03-05 00:00:00-05:00,10.492959946468916,10.492959946468916,10.233874762775027,10.331031799316406,417360,0.0,0.0
2001-03-06 00:00:00-05:00,10.35370264659048,10.428190062617851,10.282454490661621,10.282454490661621,491040,0.0,0.0
2001-03-07 00:00:00-05:00,10.201489912053802,10.201489912053802,9.974789889147237,10.02984619140625,332640,0.0,0.0
2001-03-08 00:00:00-05:00,10.055750939136583,10.169100541609005,9.974786513799602,10.023365020751953,371760,0.0,0.0
2001-03-09 00:00:00-05:00,10.029842950122825,10.039558503411367,9.877629650272194,10.007172584533691,304800,0.0,0.0
2001-03-12 00:00:00-05:00,10.007170826937068,10.029841188544522,9.929444931781617,9.990978240966797,452400,0.0,0.0
2001-03-13 00:00:00-05:00,9.974784835316116,9.974784835316116,9.330310282528822,9.586156845092773,624240,0.0,0.0
2001-03-14 00:00:00-05:00,9.521390062700345,9.780475259500214,9.489004135131836,9.489004135131836,163200,0.0,0.0
2001-03-15 00:00:00-05:00,9.440424850400735,9.505196700295839,9.310882633109207,9.365938186645508,293760,0.0,0.0
2001-03-16 00:00:00-05:00,9.391844621117919,9.391844621117919,8.922252871874006,9.067988395690918,450240,0.0,0.0
2001-03-19 00:00:00-05:00,9.06798594647452,9.197528105156968,9.06798594647452,9.129518508911133,319920,0.0,0.0
2001-03-20 00:00:00-05:00,9.1651447688064,9.252586225214015,9.103611452816358,9.181337356567383,234720,0.0,0.0
2001-03-21 00:00:00-05:00,9.262301368707778,9.537579054729845,9.20400731409423,9.527863502502441,283200,0.0,0.0
2001-03-22 00:00:00-05:00,9.59263688631814,9.71570205028887,9.476048016965128,9.696270942687988,456000,0.0,0.0
2001-03-23 00:00:00-05:00,9.663886136072867,10.055752781188888,9.576444659290924,9.718941688537598,991440,0.0,0.0
2001-03-26 00:00:00-05:00,9.718940592383769,10.120522747127582,9.718940592383769,10.071944236755371,722160,0.0,0.0
2001-03-27 00:00:00-05:00,10.23387539618714,10.56097022920535,10.18853465232887,10.363417625427246,612720,0.0,0.0
2001-03-28 00:00:00-05:00,10.428189999025806,12.209402040129216,10.395804069483209,11.60055160522461,2222880,0.0,0.0
2001-03-29 00:00:00-05:00,11.600550972482718,12.144630259875248,11.542256895485197,11.626459121704102,942960,0.0,0.0
2001-03-30 00:00:00-05:00,11.658842667289402,11.755999689516814,11.173057556152344,11.173057556152344,732240,0.0,0.0
2001-04-02 00:00:00-04:00,11.092093869643804,11.09857164731051,10.894542035165102,11.007891654968262,614640,0.0,0.0
2001-04-03 00:00:00-04:00,10.975507290022154,10.975507290022154,10.30836206681279,10.363417625427246,905280,0.0,0.0
2001-04-04 00:00:00-04:00,10.331029350962664,10.548013001899019,10.256541961350692,10.431424140930176,863280,0.0,0.0
2001-04-05 00:00:00-04:00,10.573922281346332,11.01112885856702,10.55772895098683,10.897778511047363,806160,0.0,0.0
2001-04-06 00:00:00-04:00,10.865394813941524,11.334986633395125,10.816816298739473,10.904257774353027,648240,0.0,0.0
2001-04-09 00:00:00-04:00,10.96902769328048,11.99889195581296,10.836246235104346,11.309077262878418,870720,0.0,0.0
2001-04-10 00:00:00-04:00,11.373848890992079,13.116198294075321,11.334985932982,12.662799835205078,936960,0.0,0.0
2001-04-11 00:00:00-04:00,13.116198706599858,13.537213480576195,12.322749896123211,12.763195037841797,825360,0.0,0.0
2001-04-12 00:00:00-04:00,12.75995855516658,12.75995855516658,12.306557812300008,12.598028182983398,411360,0.0,0.0
2001-04-16 00:00:00-04:00,12.614219195206696,12.7599547072245,12.403711109099067,12.517062187194824,468480,0.0,0.0
2001-04-17 00:00:00-04:00,12.630414389244546,13.391478808723788,12.50087068922753,13.171255111694336,1219920,0.0,0.0
2001-04-18 00:00:00-04:00,13.326707987131764,13.440059857877547,12.72757382103891,12.82473087310791,771360,0.0,0.0
2001-04-19 00:00:00-04:00,13.035235709833454,13.09676978901737,12.727572726408056,12.905694961547852,402240,0.0,0.0
2001-04-20 00:00:00-04:00,12.776145221896693,12.983413286385252,12.436095729298682,12.55268383026123,324000,0.0,0.0
2001-04-23 00:00:00-04:00,12.604506472841535,12.614222769395113,11.853158335992108,12.232070922851562,809520,0.0,0.0
2001-04-24 00:00:00-04:00,12.232072256271579,13.116201227823101,12.209401883507741,12.951034545898438,415920,0.0,0.0
2001-04-25 00:00:00-04:00,12.95103302691025,13.342900425514589,12.79558117833195,13.300797462463379,1101600,0.0,0.0
2001-04-26 00:00:00-04:00,13.342901703630531,13.757438029549483,13.213357989906727,13.326706886291504,916800,0.0,0.0
2001-04-27 00:00:00-04:00,13.284604372812604,13.287842149669249,12.598026674367738,12.87006664276123,366480,0.0,0.0
2001-04-30 00:00:00-04:00,12.870066659764143,13.11295922427591,12.387520790100098,12.387520790100098,1324320,0.0,0.0
2001-05-01 00:00:00-04:00,12.468483955177096,12.714614256843847,12.35189509827009,12.419904708862305,942720,0.0,0.0
2001-05-02 00:00:00-04:00,12.338940666943062,12.695182060071113,11.853155601315382,11.950312614440918,858480,0.0,0.0
2001-05-03 00:00:00-04:00,11.966509806102954,11.966509806102954,11.237831927356844,11.642653465270996,980400,0.0,0.0
2001-05-04 00:00:00-04:00,12.015084318961037,12.274170194605226,11.75599918456607,12.011846542358398,597600,0.0,0.0
2001-05-07 00:00:00-04:00,12.274171067469474,12.695183606895764,12.209399223327637,12.209399223327637,784560,0.0,0.0
2001-05-08 00:00:00-04:00,12.35513425849269,12.468485351757417,12.274170568480768,12.30655574798584,822960,0.0,0.0
2001-05-09 00:00:00-04:00,12.388122443479405,12.707859121864711,12.104275398884125,12.397910118103027,489120,0.11667,0.0
2001-05-10 00:00:00-04:00,12.561044089588641,12.655659041899128,12.332660492211888,12.365286827087402,366960,0.0,0.0
2001-05-11 00:00:00-04:00,12.430541666158243,12.512107149105493,12.342451064055536,12.362027168273926,469440,0.0,0.0
2001-05-14 00:00:00-04:00,12.362025932208375,12.786164608920059,12.362025932208375,12.77637767791748,845760,0.0,0.0
2001-05-15 00:00:00-04:00,12.870991498074286,13.125475577566993,12.779638353654116,12.98518180847168,771840,0.0,0.0
2001-05-16 00:00:00-04:00,13.047168731689453,13.089582732138775,12.972129151472696,13.047168731689453,569040,0.0,0.0
2001-05-17 00:00:00-04:00,13.083059857918064,13.213565201253925,12.642607684542932,13.037384033203125,697200,0.0,0.0
2001-05-18 00:00:00-04:00,13.040643941883385,13.409318229737565,12.942765706629826,13.083056449890137,758160,0.0,0.0
2001-05-21 00:00:00-04:00,13.083062530948864,13.304921062546766,12.985184250201097,13.21683120727539,639360,0.0,0.0
2001-05-22 00:00:00-04:00,13.22009019924591,13.24619216377874,12.711123546659685,12.93298053741455,725760,0.0,0.0
2001-05-23 00:00:00-04:00,12.929718190816795,12.93298000280874,12.234781977115187,12.404438018798828,895440,0.0,0.0
2001-05-24 00:00:00-04:00,12.397912532896765,12.397912532896765,11.092869580014066,11.353878021240234,1848960,0.0,0.0
2001-05-25 00:00:00-04:00,11.337565849115022,11.517008835600102,11.056981292681325,11.415868759155273,849120,0.0,0.0
2001-05-29 00:00:00-04:00,11.565949328551683,11.712766742087961,10.685044847334014,10.86448860168457,949680,0.0,0.0
2001-05-30 00:00:00-04:00,10.864486962158578,10.887325621307657,9.944431160156938,9.973794937133789,1692720,0.0,0.0
2001-05-31 00:00:00-04:00,10.277215894216841,10.603476965172725,9.879177790896614,9.918329238891602,1393920,0.0,0.0
2001-06-01 00:00:00-04:00,9.983583821472163,10.30984497958792,9.872654564726592,10.048835754394531,1058160,0.0,0.0
2001-06-04 00:00:00-04:00,10.440347500085934,10.440347500085934,9.78782601469052,9.866128921508789,1041360,0.0,0.0
2001-06-05 00:00:00-04:00,10.146714427017933,10.342470980251411,9.771514864488427,10.016210556030273,1500960,0.0,0.0
2001-06-06 00:00:00-04:00,10.375094343750954,10.375094343750954,9.546391789781104,9.999894142150879,1658160,0.0,0.0
2001-06-07 00:00:00-04:00,9.543127653638109,9.813923698191747,8.809040911050563,9.474613189697266,2465760,0.0,0.0
2001-06-08 00:00:00-04:00,9.461567145391749,9.7845657792776,9.29843692199342,9.57249641418457,483600,0.0,0.0
2001-06-11 00:00:00-04:00,9.592067940342359,9.98358091749919,9.32453367435093,9.422411918640137,667920,0.0,0.0
2001-06-12 00:00:00-04:00,9.406100907269352,9.5137668470166,9.118991236775436,9.187505722045898,941040,0.0,0.0
2001-06-13 00:00:00-04:00,9.233181058708245,9.579016716532738,9.233181058708245,9.477876663208008,662640,0.0,0.0
2001-06-14 00:00:00-04:00,9.494193149649579,9.494193149649579,8.815570309489134,9.004801750183105,882720,0.0,0.0
2001-06-15 00:00:00-04:00,8.998277163670501,9.291912020729717,8.978701805234042,9.167932510375977,638880,0.0,0.0
2001-06-18 00:00:00-04:00,9.363686757795525,9.621433393751653,9.233182907104492,9.233182907104492,833280,0.0,0.0
2001-06-19 00:00:00-04:00,9.118991273076444,9.49419153094876,8.776417351856644,8.825356483459473,926160,0.0,0.0
2001-06-20 00:00:00-04:00,8.85798104422433,8.85798104422433,8.287024374408647,8.564346313476562,1279440,0.0,0.0
2001-06-21 00:00:00-04:00,8.56434841488683,8.610024989549686,8.384904675371894,8.41753101348877,872160,0.0,0.0
2001-06-22 00:00:00-04:00,8.499094637503559,8.580659344933798,8.156520775391636,8.411004066467285,785040,0.0,0.0
2001-06-25 00:00:00-04:00,8.809044486597966,8.809044486597966,8.303340329803177,8.368592262268066,708240,0.0,0.0
2001-06-26 00:00:00-04:00,8.238086091891521,8.384903472222767,8.179359289109385,8.306600570678711,604800,0.0,0.0
2001-06-27 00:00:00-04:00,8.306602377829734,8.466470774366524,8.28702702156089,8.349017143249512,390960,0.0,0.0
2001-06-28 00:00:00-04:00,8.349012571980582,8.499092461458917,8.313123691719015,8.450153350830078,510960,0.0,0.0
2001-06-29 00:00:00-04:00,8.417527521682935,8.67527406705774,8.25439739227295,8.25439739227295,1439280,0.0,0.0
2001-07-02 00:00:00-04:00,8.352277614126674,8.53172057531032,8.335964074563224,8.381641387939453,563280,0.0,0.0
2001-07-03 00:00:00-04:00,8.35227772752932,8.629598942851828,8.35227772752932,8.469731330871582,378240,0.0,0.0
2001-07-05 00:00:00-04:00,8.43384407732382,8.43384407732382,8.088008317347985,8.247875213623047,600240,0.0,0.0
2001-07-06 00:00:00-04:00,8.32943969758603,8.384903944825979,8.205460967697173,8.267450332641602,534480,0.0,0.0
2001-07-09 00:00:00-04:00,8.228298645213798,8.335964577773725,7.699755911940166,7.71933126449585,584400,0.0,0.0
2001-07-10 00:00:00-04:00,7.637768128594883,7.928140398743865,7.4746371698807215,7.536627292633057,1155360,0.0,0.0
2001-07-11 00:00:00-04:00,7.536627862188551,7.539890421869232,6.688349650426668,7.047236442565918,1640880,0.0,0.0
2001-07-12 00:00:00-04:00,7.203837784064833,7.569250251418659,7.083120898688425,7.363706111907959,658800,0.0,0.0
2001-07-13 00:00:00-04:00,7.504001441098146,7.732384350146398,7.344133778140388,7.608405590057373,586080,0.0,0.0
2001-07-16 00:00:00-04:00,7.611662370883985,7.6181882326157195,7.1222712798540995,7.239725589752197,748560,0.0,0.0
2001-07-17 00:00:00-04:00,7.242991821867801,7.30824375152588,7.102699538363799,7.308243751525879,481200,0.0,0.0
2001-07-18 00:00:00-04:00,7.2756180218235755,7.373496287826798,7.112487080650265,7.1320624351501465,468720,0.0,0.0
2001-07-19 00:00:00-04:00,7.213627178308557,7.373495544277294,7.119012227681606,7.301717758178711,475440,0.0,0.0
2001-07-20 00:00:00-04:00,7.112486597312439,7.30824311601601,5.970573820458898,6.280521392822266,4593360,0.0,0.0
2001-07-23 00:00:00-04:00,7.014607703559114,7.014607703559114,6.280520824811586,6.57089376449585,1847040,0.0,0.0
2001-07-24 00:00:00-04:00,6.835163965031163,6.867789546987213,6.459963798522949,6.459963798522949,1038000,0.0,0.0
2001-07-25 00:00:00-04:00,6.541530985204736,7.0472351074218755,6.476278310449561,6.851478576660156,1036560,0.0,0.0
2001-07-26 00:00:00-04:00,6.933044375563916,8.156522750854492,6.933044375563916,8.156522750854492,1523040,0.0,0.0
2001-07-27 00:00:00-04:00,7.993391693473351,7.993391693473351,7.6345049572220995,7.660605430603027,1225200,0.0,0.0
2001-07-30 00:00:00-04:00,7.663868618619378,8.221774442824564,7.66060531274504,7.670392990112305,599520,0.0,0.0
2001-07-31 00:00:00-04:00,7.928138372364429,8.058642956629257,7.813947327852577,7.918350696563721,952320,0.0,0.0
2001-08-01 00:00:00-04:00,7.918349452545874,7.99665159340162,7.833521448763109,7.960763454437256,509760,0.0,0.0
2001-08-02 00:00:00-04:00,7.993390513689031,8.026016847351636,7.826997780188566,7.882462024688721,456000,0.0,0.0
2001-08-03 00:00:00-04:00,7.836786450288589,7.846574127603305,7.634504798776809,7.76500940322876,412080,0.0,0.0
2001-08-06 00:00:00-04:00,7.585564752838443,7.977077772339782,7.569251959276494,7.631241321563721,645840,0.0,0.0
2001-08-07 00:00:00-04:00,7.765008683350529,7.78132147736273,7.654079443812036,7.745433330535889,542400,0.0,0.0
2001-08-08 00:00:00-04:00,7.735529995325341,8.02936793859022,7.715721001441511,7.818068981170654,567840,0.11667,0.0
2001-08-09 00:00:00-04:00,7.59356483563279,7.646389585863976,7.514327332453593,7.610073089599609,340560,0.0,0.0
2001-08-10 00:00:00-04:00,7.709118515488744,7.758641759152131,7.524231537634841,7.692610263824463,306480,0.0,0.0
2001-08-13 00:00:00-04:00,7.748737647101336,8.088796615600586,7.742133892708208,8.088796615600586,708240,0.0,0.0
2001-08-14 00:00:00-04:00,8.253877582052919,8.749110221862793,8.174640057417323,8.749110221862793,954960,0.0,0.0
2001-08-15 00:00:00-04:00,8.653363061437283,8.742505073547363,8.524603048980426,8.742505073547363,660960,0.0,0.0
2001-08-16 00:00:00-04:00,8.584027257842173,8.775517203045284,8.567519764519355,8.696280479431152,567120,0.0,0.0
2001-08-17 00:00:00-04:00,8.686377387900688,8.914184630729698,8.468475399193213,8.801931381225586,612240,0.0,0.0
2001-08-20 00:00:00-04:00,8.683075608402131,8.933993339538574,8.48828412237538,8.933993339538574,500640,0.0,0.0
2001-08-21 00:00:00-04:00,8.930693062963478,9.349990342504586,8.930693062963478,9.102374076843262,728400,0.0,0.0
2001-08-22 00:00:00-04:00,9.145292742639104,9.409416461602866,9.112276994394355,9.25094223022461,766080,0.0,0.0
2001-08-23 00:00:00-04:00,9.250943642256415,9.250943642256415,8.930692875695195,9.029739379882812,665520,0.0,0.0
2001-08-24 00:00:00-04:00,9.079260332348698,9.211322556371274,9.013229598169742,9.112276077270508,288960,0.0,0.0
2001-08-27 00:00:00-04:00,9.161798704620232,9.161798704620232,8.788724061291058,9.095767974853516,331440,0.0,0.0
2001-08-28 00:00:00-04:00,9.161799046314702,9.320273257063972,9.042943577168908,9.125482559204102,432960,0.0,0.0
2001-08-29 00:00:00-04:00,9.145290896560658,9.175005139549256,8.418949871449378,8.603836059570312,592560,0.0,0.0
2001-08-30 00:00:00-04:00,8.666567920726376,8.81183615720382,8.352920952626434,8.597235679626465,418320,0.0,0.0
2001-08-31 00:00:00-04:00,8.597232130433966,8.67646883674192,8.471772941588412,8.584025382995605,186480,0.0,0.0
2001-09-04 00:00:00-04:00,8.534508309846979,8.973614653817318,8.534508309846979,8.831647872924805,223920,0.0,0.0
2001-09-05 00:00:00-04:00,8.914183260386313,8.914183260386313,8.765613539379874,8.858057022094727,594480,0.0,0.0
2001-09-06 00:00:00-04:00,8.749109581693256,8.749109581693256,8.501493279906326,8.590635299682617,880560,0.0,0.0
2001-09-07 00:00:00-04:00,8.508091439026538,8.551011674334632,8.309998510321215,8.448663711547852,547200,0.0,0.0
2001-09-10 00:00:00-04:00,8.366126864548537,8.402444112213786,8.306698366309135,8.382635116577148,427200,0.0,0.0
2001-09-17 00:00:00-04:00,8.382637460735817,8.38593820526688,7.9732446354448046,8.253876686096191,234720,0.0,0.0
2001-09-18 00:00:00-04:00,8.253872161839116,8.253872161839116,8.072286727932015,8.07558822631836,325920,0.0,0.0
2001-09-19 00:00:00-04:00,8.072288097432281,8.174636076101836,7.461501724361416,7.6430864334106445,988560,0.0,0.0
2001-09-20 00:00:00-04:00,7.676106730290102,7.728931500421951,7.471410651571048,7.662899971008301,341040,0.0,0.0
2001-09-21 00:00:00-04:00,7.629881047731873,7.629881047731873,7.2634093457181645,7.408677577972412,436320,0.0,0.0
2001-09-24 00:00:00-04:00,7.511023169713685,7.742131063408912,7.352548991151803,7.3888654708862305,413040,0.0,0.0
2001-09-25 00:00:00-04:00,7.382264533140369,7.44499377129295,6.966269603955771,7.075220584869385,546720,0.0,0.0
2001-09-26 00:00:00-04:00,7.1313485672224814,7.164364321736807,6.626211528177199,6.636116027832031,532560,0.0,0.0
2001-09-27 00:00:00-04:00,6.622908354520157,6.916747093200684,6.47433861329865,6.916747093200684,758400,0.0,0.0
2001-09-28 00:00:00-04:00,7.048807836578208,7.154458074078213,7.03560184026497,7.075220584869385,570960,0.0,0.0
2001-10-01 00:00:00-04:00,7.075220163163532,7.6001667976379395,7.075220163163532,7.6001667976379395,348480,0.0,0.0
2001-10-02 00:00:00-04:00,7.600166120426707,7.900606270198513,7.448294162750245,7.448294162750244,576960,0.0,0.0
2001-10-03 00:00:00-04:00,7.507726503982356,7.695914287092342,7.494519747186499,7.6232805252075195,173280,0.0,0.0
2001-10-04 00:00:00-04:00,7.705816944625025,7.9468301623007225,7.55394496018263,7.8973069190979,383760,0.0,0.0
2001-10-05 00:00:00-04:00,7.940226456012478,7.940226456012478,7.758641733620754,7.844481468200684,133200,0.0,0.0
2001-10-08 00:00:00-04:00,7.8444825230320046,8.03927402403785,7.775150275074343,7.808166027069092,196560,0.0,0.0
2001-10-09 00:00:00-04:00,7.791657052442337,8.617044730636795,7.791657052442337,8.48498249053955,427920,0.0,0.0
2001-10-10 00:00:00-04:00,8.484979999203862,8.914181586750393,8.402441784584383,8.86465835571289,627360,0.0,0.0
2001-10-11 00:00:00-04:00,8.933992112623262,9.112276077270508,8.815136639968209,9.112276077270508,355680,0.0,0.0
2001-10-12 00:00:00-04:00,9.145292382488515,9.145292382488515,8.088796036909843,8.491585731506348,1001040,0.0,0.0
2001-10-15 00:00:00-04:00,8.451970019548938,8.798632842050644,8.451970019548938,8.590635299682617,318000,0.0,0.0
2001-10-16 00:00:00-04:00,8.666570589769897,8.854759130852184,8.617047329256925,8.831647872924805,538320,0.0,0.0
2001-10-17 00:00:00-04:00,8.88116703521824,8.990118006938292,8.88116703521824,8.963706016540527,412080,0.0,0.0
2001-10-18 00:00:00-04:00,8.815136583682998,8.914183062151347,8.405743918526408,8.409046173095703,550560,0.0,0.0
2001-10-19 00:00:00-04:00,8.402444505856321,8.620346490726712,8.329810007123005,8.445363998413086,337200,0.0,0.0
2001-10-22 00:00:00-04:00,8.534504958231011,8.953802135598462,8.521298962124389,8.815136909484863,400080,0.0,0.0
2001-10-23 00:00:00-04:00,8.745808637676236,8.973615196411345,8.633555352905063,8.91418743133545,576000,0.0,0.0
2001-10-24 00:00:00-04:00,8.887773451957042,8.887773451957042,8.65666468839509,8.745806694030762,490080,0.0,0.0
2001-10-25 00:00:00-04:00,8.745802414897746,8.765611403940287,8.716088175669439,8.759008407592773,323760,0.0,0.0
2001-10-26 00:00:00-04:00,8.759012639838087,8.98351764678955,8.749108140531087,8.98351764678955,282960,0.0,0.0
2001-10-29 00:00:00-05:00,9.062753389752102,9.39290859208668,8.980214400252278,9.359892845153809,556800,0.0,0.0
2001-10-30 00:00:00-05:00,9.363196819203873,9.363196819203873,8.854758262634277,8.854758262634277,411360,0.0,0.0
2001-10-31 00:00:00-05:00,8.861358380592877,9.112276077270508,8.749105905789254,9.112276077270508,378720,0.0,0.0
2001-11-01 00:00:00-05:00,8.914185208948165,9.23773671351096,8.68307645164271,9.092469215393066,802320,0.0,0.0
2001-11-02 00:00:00-05:00,9.138688180146007,9.211322668727021,8.947198973124864,9.042943954467773,299760,0.0,0.0
2001-11-05 00:00:00-05:00,9.0099330712295,9.06275783885609,8.716094970703125,8.716094970703125,507840,0.0,0.0
2001-11-06 00:00:00-05:00,8.712790646117707,8.749107898235811,8.409048141792274,8.623648643493652,584880,0.0,0.0
2001-11-07 00:00:00-05:00,8.660363448210926,8.827229541342815,8.50017190714189,8.623653411865234,324000,0.11667,0.0
2001-11-08 00:00:00-05:00,8.62365179539928,8.62365179539928,8.176449252479086,8.343316078186035,700560,0.0,0.0
2001-11-09 00:00:00-05:00,8.303268009462233,8.380026107650592,8.296592694797118,8.343316078186035,418800,0.0,0.0
2001-11-12 00:00:00-05:00,8.159759590686395,8.25987934026537,8.042953470795283,8.176445960998535,557520,0.0,0.0
2001-11-13 00:00:00-05:00,8.179787460697291,8.32662988686137,8.176450184910843,8.28991985321045,516720,0.0,0.0
2001-11-14 00:00:00-05:00,8.333300479366365,8.33997502715644,8.176445550887447,8.306601524353027,417600,0.0,0.0
2001-11-15 00:00:00-05:00,8.259882403144939,8.259882403144939,7.675850059415897,7.689199924468994,503760,0.0,0.0
2001-11-16 00:00:00-05:00,7.6892001944813035,7.859403532314924,7.542357784567572,7.659163951873779,660720,0.0,0.0
2001-11-19 00:00:00-05:00,7.692537952794166,7.88610223069859,7.6424780545413915,7.84271764755249,466320,0.0,0.0
2001-11-20 00:00:00-05:00,7.9027881877846085,8.00958251953125,7.7359213760588315,8.00958251953125,527520,0.0,0.0
2001-11-21 00:00:00-05:00,8.009581932654747,8.009581932654747,7.789318735048045,7.809342384338379,317280,0.0,0.0
2001-11-23 00:00:00-05:00,7.839377269495069,7.856063641024559,7.759281158447266,7.759281158447266,103200,0.0,0.0
2001-11-26 00:00:00-05:00,7.679186404770518,7.952847529345177,7.532344781649067,7.916136741638184,487920,0.0,0.0
2001-11-27 00:00:00-05:00,7.942837843586191,7.942837843586191,7.6758511969062315,7.846054553985596,294480,0.0,0.0
2001-11-28 00:00:00-05:00,7.842714254183705,7.9161350500552885,7.7092209953180735,7.712558269500732,210720,0.0,0.0
2001-11-29 00:00:00-05:00,7.792657273680932,7.792657273680932,7.3921781121016705,7.432226181030273,376080,0.0,0.0
2001-11-30 00:00:00-05:00,7.675848396718641,7.775968161736072,7.308742846272457,7.342116355895996,728640,0.0,0.0
2001-12-03 00:00:00-05:00,7.175251413109106,7.5924177169799805,7.175251413109106,7.5924177169799805,846000,0.0,0.0
2001-12-04 00:00:00-05:00,7.592416326465284,7.742595985029301,7.428886804758753,7.675848960876465,232560,0.0,0.0
2001-12-05 00:00:00-05:00,7.709222413832163,7.959521842852688,7.709222413832163,7.856064796447754,258960,0.0,0.0
2001-12-06 00:00:00-05:00,7.742596716143323,7.742596716143323,7.5156581875302795,7.615777969360352,257280,0.0,0.0
2001-12-07 00:00:00-05:00,7.59241811645971,7.976210158482036,7.59241811645971,7.909463882446289,274080,0.0,0.0
2001-12-10 00:00:00-05:00,7.849389349467664,7.849389349467664,7.512319286561586,7.60910177230835,327360,0.0,0.0
2001-12-11 00:00:00-05:00,7.575729060395838,7.609102571907915,7.302068710327148,7.302068710327148,427680,0.0,0.0
2001-12-12 00:00:00-05:00,7.275369336648917,7.462259768375638,7.145213336584982,7.342116355895996,519120,0.0,0.0
2001-12-13 00:00:00-05:00,7.325431337138224,7.4989727207323185,7.2953950934074285,7.348793029785156,243840,0.0,0.0
2001-12-14 00:00:00-05:00,7.358805015157074,7.522334575653077,7.275371597102111,7.522334575653076,169200,0.0,0.0
2001-12-17 00:00:00-05:00,7.512321705607071,7.642477741270461,7.262022224603163,7.29205846786499,206880,0.0,0.0
2001-12-18 00:00:00-05:00,7.278705894046768,7.60910139159132,7.278705894046768,7.492295265197754,186720,0.0,0.0
2001-12-19 00:00:00-05:00,7.525671838301736,7.739261318171326,7.2953959786976075,7.652490615844727,599760,0.0,0.0
2001-12-20 00:00:00-05:00,7.699214302221048,7.77263591086144,7.67918987993112,7.709226131439209,469440,0.0,0.0
2001-12-21 00:00:00-05:00,7.682527688788855,7.88610383498712,7.682527688788855,7.862742900848389,402960,0.0,0.0
2001-12-24 00:00:00-05:00,7.8093469289836905,7.9962367226803295,7.785985227363047,7.97287654876709,131040,0.0,0.0
2001-12-26 00:00:00-05:00,7.992895276303692,8.209821191376799,7.959521764810433,8.079665184020996,199200,0.0,0.0
2001-12-27 00:00:00-05:00,8.10970230102539,8.183123881509527,7.992896143899998,8.00958251953125,465600,0.0,0.0
2001-12-28 00:00:00-05:00,8.15976148452154,8.356663755316982,8.133063285825616,8.22317123413086,331200,0.0,0.0
2001-12-31 00:00:00-05:00,8.176450184910843,8.360003408579308,8.14307742704637,8.28991985321045,242640,0.0,0.0
2002-01-02 00:00:00-05:00,8.319952316355337,8.343314002237038,8.009581197714537,8.012918472290039,487440,0.0,0.0
2002-01-03 00:00:00-05:00,8.009584594777145,8.126390782166476,7.942838311105174,7.976211071014404,694800,0.0,0.0
2002-01-04 00:00:00-05:00,8.009580916158438,8.169772381710974,8.009580916158438,8.133062362670898,446400,0.0,0.0
2002-01-07 00:00:00-05:00,8.0763298953566,8.556905218086527,8.0763298953566,8.516857147216797,610560,0.0,0.0
2002-01-08 00:00:00-05:00,8.1764479880974,8.259881388048981,8.062979114137597,8.25654411315918,1502160,0.0,0.0
2002-01-09 00:00:00-05:00,8.206484757139501,8.36333897867269,8.176448517333865,8.19647216796875,425280,0.0,0.0
2002-01-10 00:00:00-05:00,8.176447392960876,8.276567160074084,8.042954879378735,8.056303977966309,423120,0.0,0.0
2002-01-11 00:00:00-05:00,8.042959721627563,8.139742272361632,7.75928662273755,7.79599666595459,468240,0.0,0.0
2002-01-14 00:00:00-05:00,7.759283548759567,7.759283548759567,7.448912359579856,7.455586910247803,734880,0.0,0.0
2002-01-15 00:00:00-05:00,7.5023102192614415,7.55904466901398,7.442238493867778,7.539021015167236,529440,0.0,0.0
2002-01-16 00:00:00-05:00,7.609101839599003,7.652487171233278,7.492295706328141,7.62578821182251,257760,0.0,0.0
2002-01-17 00:00:00-05:00,7.549031626538965,7.562380726953977,7.345454025943487,7.445573806762695,433680,0.0,0.0
2002-01-18 00:00:00-05:00,7.448912404015937,7.448912404015937,7.342118064984984,7.365478992462158,561360,0.0,0.0
2002-01-22 00:00:00-05:00,7.275372657705102,7.362143364023414,7.258686277202941,7.318758010864258,492720,0.0,0.0
2002-01-23 00:00:00-05:00,7.325428349100378,7.358801854760073,7.24533224105835,7.24533224105835,452880,0.0,0.0
2002-01-24 00:00:00-05:00,7.328767855951975,7.5490318382432795,7.328767855951975,7.475610256195068,910800,0.0,0.0
2002-01-25 00:00:00-05:00,7.475608672791131,7.5456922009443215,7.3454526761030134,7.508982181549072,502800,0.0,0.0
2002-01-28 00:00:00-05:00,7.542358347881457,7.609104625062438,7.468936755514284,7.502310276031494,460560,0.0,0.0
2002-01-29 00:00:00-05:00,7.5356819736005765,7.709223339275746,7.362141371778737,7.475610256195068,554160,0.0,0.0
2002-01-30 00:00:00-05:00,7.478948036951365,7.525670656725837,7.378828246556549,7.432226181030273,361200,0.0,0.0
2002-01-31 00:00:00-05:00,7.425548689727799,7.62578821182251,7.425548689727799,7.62578821182251,400800,0.0,0.0
2002-02-01 00:00:00-05:00,7.629125833330056,7.745931971914642,7.555705028353422,7.569054126739502,270960,0.0,0.0
2002-02-04 00:00:00-05:00,7.458921450628541,7.775967074225483,7.392175204569469,7.602426528930664,453360,0.0,0.0
2002-02-05 00:00:00-05:00,7.592418352951956,7.595754864811576,7.21530008654778,7.268697261810303,750000,0.0,0.0
2002-02-06 00:00:00-05:00,7.255347705790228,7.358804774140296,7.0884816389989505,7.171915054321289,582480,0.0,0.0
2002-02-07 00:00:00-05:00,7.17191641501954,7.269976619851226,7.1651545229600435,7.2023491859436035,321840,0.11667,0.0
2002-02-08 00:00:00-05:00,7.202348741325172,7.506673336029053,7.198967408535404,7.506673336029053,421200,0.0,0.0
2002-02-11 00:00:00-05:00,7.557394976541853,7.841431607382878,7.526962203974045,7.767040729522705,714000,0.0,0.0
2002-02-12 00:00:00-05:00,7.739989655712712,7.760277653729155,7.439046374843721,7.574301242828369,292560,0.0,0.0
2002-02-13 00:00:00-05:00,7.557395385119173,7.648692933820883,7.543869277725795,7.587828159332275,246240,0.0,0.0
2002-02-14 00:00:00-05:00,7.587824092441461,7.587824092441461,7.334220356383086,7.4255170822143555,449040,0.0,0.0
2002-02-15 00:00:00-05:00,7.4390442003550215,7.5235782746511015,7.30378859796909,7.374797344207764,363120,0.0,0.0
2002-02-19 00:00:00-05:00,7.374799108712223,7.513436076282975,7.303790345483897,7.4559526443481445,238560,0.0,0.0
2002-02-20 00:00:00-05:00,7.45933589161026,7.472861226375033,7.307173553693544,7.4086151123046875,419040,0.0,0.0
2002-02-21 00:00:00-05:00,7.388330311908964,7.658840994119271,7.388330311908964,7.618264198303223,415920,0.0,0.0
2002-02-22 00:00:00-05:00,7.68588868156361,7.797474246139422,7.625023898516595,7.763660907745361,419280,0.0,0.0
2002-02-25 00:00:00-05:00,7.878624760212837,7.925964963537783,7.810997335632385,7.8650994300842285,525360,0.0,0.0
2002-02-26 00:00:00-05:00,7.865102470802956,7.942874696984708,7.692652123180128,7.763660907745361,322560,0.0,0.0
2002-02-27 00:00:00-05:00,7.777183532714845,7.878625060419549,7.773802973991287,7.777183532714844,193200,0.0,0.0
2002-02-28 00:00:00-05:00,7.946251593943499,7.946251593943499,7.726461147416088,7.8617167472839355,354480,0.0,0.0
2002-03-01 00:00:00-05:00,7.86172195016879,8.000358199800186,7.844815279222958,7.949637413024902,490560,0.0,0.0
2002-03-04 00:00:00-05:00,7.953017980572571,8.301300752155353,7.953017980572571,8.284393310546875,412800,0.0,0.0
2002-03-05 00:00:00-05:00,8.253956577262759,8.368924184113668,8.1356084124362,8.25057601928711,314400,0.0,0.0
2002-03-06 00:00:00-05:00,8.216761488584057,8.27424490197923,8.115319988724995,8.19309139251709,318720,0.0,0.0
2002-03-07 00:00:00-05:00,8.233670913644202,8.791599350325047,8.233670913644202,8.673251152038574,968880,0.0,0.0
2002-03-08 00:00:00-05:00,8.673249654991682,8.791597832850659,8.625910229060622,8.723970413208008,755040,0.0,0.0
2002-03-11 00:00:00-05:00,8.75778498706158,9.295425363016502,8.74425888324636,9.14664363861084,610080,0.0,0.0
2002-03-12 00:00:00-05:00,9.062110647249707,9.126356745864936,8.893040907610962,9.04520320892334,438480,0.0,0.0
2002-03-13 00:00:00-05:00,9.058731108574857,9.058731108574857,8.62253211550933,8.727355003356934,353280,0.0,0.0
2002-03-14 00:00:00-05:00,8.730735311652518,8.757786750793457,8.605624437211741,8.757786750793457,417120,0.0,0.0
2002-03-15 00:00:00-05:00,8.75778651128151,9.02829702560511,8.727353739822439,8.97757625579834,204720,0.0,0.0
2002-03-18 00:00:00-05:00,8.859229575936785,9.028298579750649,8.659727021487441,8.83894157409668,1194240,0.0,0.0
2002-03-19 00:00:00-05:00,8.893044298198646,9.129741559574276,8.791602725314487,9.001249313354492,519120,0.0,0.0
2002-03-20 00:00:00-05:00,8.537996223669905,8.74426064153173,8.318206473210598,8.663107872009277,1417440,0.0,0.0
2002-03-21 00:00:00-05:00,8.62253353087836,8.788221997653523,8.524473294029383,8.75440788269043,476400,0.0,0.0
2002-03-22 00:00:00-05:00,8.605623151159232,8.757785442001317,8.581953048706055,8.581953048706055,675120,0.0,0.0
2002-03-25 00:00:00-05:00,8.41964595593258,8.58533433547086,8.399357961999252,8.480510711669922,516720,0.0,0.0
2002-03-26 00:00:00-05:00,8.483894429505476,8.622530628926198,8.453461658887205,8.595479965209961,418800,0.0,0.0
2002-03-27 00:00:00-05:00,8.605627140289847,8.828798294067383,8.521092237101247,8.828798294067383,458640,0.0,0.0
2002-03-28 00:00:00-05:00,8.99448404581311,8.99448404581311,8.79160094121629,8.87613582611084,212640,0.0,0.0
2002-04-01 00:00:00-05:00,8.876140704979928,9.26500046051078,8.845707912987635,9.075642585754395,474240,0.0,0.0
2002-04-02 00:00:00-05:00,9.05872776106142,9.532121248214107,9.045201657932166,9.481400489807129,716640,0.0,0.0
2002-04-03 00:00:00-05:00,9.43406367657859,9.57608199423933,9.146645708022634,9.187222480773926,984240,0.0,0.0
2002-04-04 00:00:00-05:00,9.163548531950843,9.214269278854745,8.81188386121746,8.967428207397461,552240,0.0,0.0
2002-04-05 00:00:00-05:00,8.899805284584474,8.960670056731885,8.751023526543477,8.761167526245117,448560,0.0,0.0
2002-04-08 00:00:00-04:00,8.994481355673114,9.325857355241611,8.977574693325831,9.14664363861084,336720,0.0,0.0
2002-04-09 00:00:00-04:00,9.143262240771774,9.14664279899352,8.87613235658157,8.997861862182617,329760,0.0,0.0
2002-04-10 00:00:00-04:00,8.997864180851556,9.129738490849952,8.96066951751709,8.96066951751709,495360,0.0,0.0
2002-04-11 00:00:00-04:00,9.04182217896171,9.248085795573482,9.021533408814483,9.024914741516113,274800,0.0,0.0
2002-04-12 00:00:00-04:00,8.967434287903343,8.991104398608206,8.66310960012792,8.764551162719727,431760,0.0,0.0
2002-04-15 00:00:00-04:00,8.825413468839805,8.842320133214743,8.713827936090249,8.815269470214844,191040,0.0,0.0
2002-04-16 00:00:00-04:00,8.859228371114886,9.085780789936429,8.859228371114886,9.011390686035156,222720,0.0,0.0
2002-04-17 00:00:00-04:00,9.062111956993164,9.062111956993164,8.6766337617138,8.707066535949707,479280,0.0,0.0
2002-04-18 00:00:00-04:00,8.723971775334363,8.876134073741358,8.6732510091987,8.82203197479248,306960,0.0,0.0
2002-04-19 00:00:00-04:00,8.825413463600903,8.825413463600903,8.693539159742217,8.767930030822754,295440,0.0,0.0
2002-04-22 00:00:00-04:00,8.771309935005107,8.78483526429399,8.480510711669922,8.480510711669922,618000,0.0,0.0
2002-04-23 00:00:00-04:00,8.487275452491792,8.791600079560473,8.48389489327997,8.663107872009277,635040,0.0,0.0
2002-04-24 00:00:00-04:00,8.717208659019875,8.723971324296665,8.487274169921875,8.487274169921875,279840,0.0,0.0
2002-04-25 00:00:00-04:00,8.487276150945998,8.490657484373633,8.318207157751393,8.456843376159668,785520,0.0,0.0
2002-04-26 00:00:00-04:00,8.456840611477014,8.690156411397076,8.436552617543686,8.480510711669922,539040,0.0,0.0
2002-04-29 00:00:00-04:00,8.453463551164127,8.453463551164127,7.932729644749639,7.963162422180176,870240,0.0,0.0
2002-04-30 00:00:00-04:00,8.132229151783184,8.145755256817178,7.709556363516895,7.773803234100342,1338240,0.0,0.0
2002-05-01 00:00:00-04:00,7.777180141349884,7.912435710621594,7.709552743682578,7.807612895965576,1855680,0.0,0.0
2002-05-02 00:00:00-04:00,7.844811633915015,8.182949539333276,7.844811633915015,8.11532211303711,563040,0.0,0.0
2002-05-03 00:00:00-04:00,8.132230451301838,8.250579439120868,8.037552344559236,8.199858665466309,241440,0.0,0.0
2002-05-06 00:00:00-04:00,8.196476044048795,8.21338270796418,8.08827184711539,8.118703842163086,531120,0.0,0.0
2002-05-07 00:00:00-04:00,8.118702560533663,8.122083892782959,7.912438197577258,8.044312477111816,775440,0.0,0.0
2002-05-08 00:00:00-04:00,8.099063769535647,8.297520016562379,8.099063769535647,8.21882152557373,486960,0.11667,0.0
2002-05-09 00:00:00-04:00,8.218822326664446,8.263303984625587,8.143546216914682,8.16407585144043,455520,0.0,0.0
2002-05-10 00:00:00-04:00,8.146964071169943,8.188024108416583,8.013519929062204,8.092218399047852,380640,0.0,0.0
2002-05-13 00:00:00-04:00,8.058007198044017,8.160656971267507,7.921140572694156,8.109332084655762,167280,0.0,0.0
2002-05-14 00:00:00-04:00,8.058009032844213,8.283838272094727,8.058009032844213,8.283838272094727,267600,0.0,0.0
2002-05-15 00:00:00-04:00,8.280411742050843,8.297520553417007,8.020366580624877,8.088799476623535,345840,0.0,0.0
2002-05-16 00:00:00-04:00,8.071687404403018,8.208553127829008,8.023783383102502,8.051156997680664,213360,0.0,0.0
2002-05-17 00:00:00-04:00,8.044317591633963,8.078534433570265,7.8698133423851235,7.934825420379639,312000,0.0,0.0
2002-05-20 00:00:00-04:00,8.09222114760014,8.259882174885934,8.04089627939793,8.211978912353516,505680,0.0,0.0
2002-05-21 00:00:00-04:00,8.129854967675021,8.211975031249503,8.109325343358885,8.12301254272461,345120,0.0,0.0
2002-05-22 00:00:00-04:00,8.064845304454348,8.276988713502853,8.037472466612684,8.15380859375,307680,0.0,0.0
2002-05-23 00:00:00-04:00,8.140124839811309,8.331737116899951,8.13670245080553,8.287256240844727,259200,0.0,0.0
2002-05-24 00:00:00-04:00,8.338579163298359,8.41727686262386,8.21539903200099,8.389904022216797,210960,0.0,0.0
2002-05-28 00:00:00-04:00,8.468606524545637,8.54046105452195,8.417281636518087,8.47887134552002,448800,0.0,0.0
2002-05-29 00:00:00-04:00,8.468604168123944,8.468604168123944,8.229087829589844,8.229087829589844,317040,0.0,0.0
2002-05-30 00:00:00-04:00,8.22908602986693,8.33857974864697,8.18118277263668,8.246194839477539,252960,0.0,0.0
2002-05-31 00:00:00-04:00,8.246193051842232,8.393323613773385,8.211976223193897,8.266722679138184,705600,0.0,0.0
2002-06-03 00:00:00-04:00,8.29751870531293,8.314626729713297,8.123014506963726,8.160652160644531,661200,0.0,0.0
2002-06-04 00:00:00-04:00,8.16065264106708,8.232507130933891,7.955353203555958,8.133279800415039,297120,0.0,0.0
2002-06-05 00:00:00-04:00,8.133280326914527,8.211978032038763,7.941666514170301,8.006678581237793,619200,0.0,0.0
2002-06-06 00:00:00-04:00,8.006678603019969,8.143545164978045,7.756897499445226,7.763741493225098,486000,0.0,0.0
2002-06-07 00:00:00-04:00,7.7603200091116245,7.869812958175817,7.7261031688458095,7.866392135620117,293760,0.0,0.0
2002-06-10 00:00:00-04:00,7.832172103176648,7.869809750658094,7.698727185368253,7.732944011688232,399120,0.0,0.0
2002-06-11 00:00:00-04:00,7.7192612372632965,7.835598200193388,7.702153205871581,7.702153205871582,148560,0.0,0.0
2002-06-12 00:00:00-04:00,7.702153205871581,7.756899689480546,7.698731599593239,7.702153205871582,501600,0.0,0.0
2002-06-13 00:00:00-04:00,7.7363670633693316,8.109328306638279,7.7363670633693316,8.006678581237793,359760,0.0,0.0
2002-06-14 00:00:00-04:00,7.938244232091378,7.938244232091378,7.76716086578453,7.921135425567627,248160,0.0,0.0
2002-06-17 00:00:00-04:00,7.886921969096769,8.078534243221236,7.88007797434646,7.958776473999023,264480,0.0,0.0
2002-06-18 00:00:00-04:00,7.8869162875968755,7.992986774063815,7.732941788163237,7.907445907592773,629280,0.0,0.0
2002-06-19 00:00:00-04:00,7.852701729075618,8.027205898681954,7.732944011688232,7.732944011688232,163680,0.0,0.0
2002-06-20 00:00:00-04:00,7.784273186363349,7.818489248546792,7.6953098583754755,7.7363691329956055,302400,0.0,0.0
2002-06-21 00:00:00-04:00,7.661093334919178,7.797959141723208,7.661093334919178,7.708995819091797,193680,0.0,0.0
2002-06-24 00:00:00-04:00,7.698728174203959,7.698728174203959,7.510536780005042,7.555018424987793,258000,0.0,0.0
2002-06-25 00:00:00-04:00,7.527646873245571,7.7329463263054015,7.527646873245571,7.613187789916992,239760,0.0,0.0
2002-06-26 00:00:00-04:00,7.66451114453326,7.66451114453326,7.5310662130489785,7.62687349319458,259920,0.0,0.0
2002-06-27 00:00:00-04:00,7.633717466303121,7.647404670900475,7.424997189845505,7.483165264129639,528960,0.0,0.0
2002-06-28 00:00:00-04:00,7.442103466541838,7.507115519413863,7.271020889282227,7.271020889282227,1390560,0.0,0.0
2002-07-01 00:00:00-04:00,7.305235494598095,7.370247534652854,7.134152951067777,7.2196946144104,720480,0.0,0.0
2002-07-02 00:00:00-04:00,7.219697191668915,7.349719751883509,6.843314365125686,6.983602523803711,570480,0.0,0.0
2002-07-03 00:00:00-04:00,6.928857172295386,6.997290068500846,6.798834591189478,6.874110698699951,543120,0.0,0.0
2002-07-05 00:00:00-04:00,6.723556620219316,6.9870241289064525,6.723556620219316,6.983602523803711,260880,0.0,0.0
2002-07-08 00:00:00-04:00,6.774880971264525,6.976758789790327,6.774880971264525,6.9220123291015625,531360,0.0,0.0
2002-07-09 00:00:00-04:00,6.922011262940142,6.959649693602399,6.853577610253305,6.904902458190918,248880,0.0,0.0
2002-07-10 00:00:00-04:00,6.932278129584179,6.959651755399356,6.583269686738673,6.682497024536133,464400,0.0,0.0
2002-07-11 00:00:00-04:00,6.682498510272574,6.805678679094934,6.504572252380916,6.692763328552246,424560,0.0,0.0
2002-07-12 00:00:00-04:00,6.668811938056367,6.7064503874028425,6.586691827328677,6.638016700744629,466560,0.0,0.0
2002-07-15 00:00:00-04:00,6.638017642868547,6.638017642868547,6.227418597265224,6.360863208770752,678720,0.0,0.0
2002-07-16 00:00:00-04:00,6.350596134477981,6.3711261577845,6.24794640952301,6.3266448974609375,776880,0.0,0.0
2002-07-17 00:00:00-04:00,6.3300655618433055,6.446402089432721,6.3300655618433055,6.367704391479492,497040,0.0,0.0
2002-07-18 00:00:00-04:00,6.3505957510728415,6.531943953017187,6.3505957510728415,6.518257141113281,476160,0.0,0.0
2002-07-19 00:00:00-04:00,4.87586126607463,4.961402952846952,3.989651912872936,4.441310405731201,5302080,0.0,0.0
2002-07-22 00:00:00-04:00,4.441311914829984,4.53369684263044,4.037556926972593,4.283916473388672,1975920,0.0,0.0
2002-07-23 00:00:00-04:00,4.2839141571654205,4.342081818971741,3.832255363464356,3.8322553634643555,1263120,0.0,0.0
2002-07-24 00:00:00-04:00,3.4900902697914526,4.396829669563503,3.35322372364987,3.900689125061035,1189200,0.0,0.0
2002-07-25 00:00:00-04:00,3.900689425821217,4.171000542452064,3.8835813999176025,3.8835813999176025,522240,0.0,0.0
2002-07-26 00:00:00-04:00,3.8870022336676957,4.294179867202148,3.88358102039892,4.259963035583496,940320,0.0,0.0
2002-07-29 00:00:00-04:00,4.174420104425445,4.482369147780311,4.174420104425445,4.400249481201172,805680,0.0,0.0
2002-07-30 00:00:00-04:00,4.413937121198479,4.6705613724309485,4.328395443069301,4.653453350067139,1144560,0.0,0.0
2002-07-31 00:00:00-04:00,4.602130207944656,4.869019371653842,4.4994804693522505,4.790320873260498,1233840,0.0,0.0
2002-08-01 00:00:00-04:00,4.7047784153860945,4.807428120571573,4.619236733346497,4.622658729553223,913680,0.0,0.0
2002-08-02 00:00:00-04:00,4.622660590646335,4.715045127560949,4.482372003326786,4.502902030944824,793920,0.0,0.0
2002-08-05 00:00:00-04:00,4.362612761710959,4.499479305483019,4.362612761710959,4.448154449462891,891120,0.0,0.0
2002-08-06 00:00:00-04:00,4.451574651451665,4.4960562876512995,4.448153438948793,4.465261459350586,849360,0.0,0.0
2002-08-07 00:00:00-04:00,4.496387982247826,4.496387982247826,4.046748946528856,4.1850996017456055,1000560,0.05833,0.0
2002-08-08 00:00:00-04:00,4.230064872562435,4.4272144354726315,4.230064872562435,4.423756122589111,468240,0.0,0.0
2002-08-09 00:00:00-04:00,4.4133796815125566,4.579400062561035,4.358039158672586,4.579400062561035,588480,0.0,0.0
2002-08-12 00:00:00-04:00,4.548269782375657,4.665867018509718,4.461800516240482,4.631279945373535,502320,0.0,0.0
2002-08-13 00:00:00-04:00,4.624364344525202,4.721209778875684,4.468720066100729,4.49984884262085,432000,0.0,0.0
2002-08-14 00:00:00-04:00,4.499846455580119,4.562103975594515,4.409918882690031,4.5344343185424805,645600,0.0,0.0
2002-08-15 00:00:00-04:00,4.579399291119414,4.842264652252197,4.579399291119414,4.842264652252197,276000,0.0,0.0
2002-08-16 00:00:00-04:00,4.773089026593368,4.783465148756487,4.600151282265922,4.686619758605957,410160,0.0,0.0
2002-08-19 00:00:00-04:00,4.690080520129627,4.887229681702437,4.690080520129627,4.859560012817383,344640,0.0,0.0
2002-08-20 00:00:00-04:00,4.859559218711397,5.015203455698799,4.780007350371212,4.8145952224731445,403680,0.0,0.0
2002-08-21 00:00:00-04:00,4.842263588098416,4.997907783340658,4.821510949568053,4.987531661987305,314160,0.0,0.0
2002-08-22 00:00:00-04:00,5.004825878108911,5.361077453215273,4.994449361162275,5.350701332092285,647280,0.0,0.0
2002-08-23 00:00:00-04:00,5.326492235547299,5.326492235547299,5.195058947330427,5.309197902679443,442560,0.0,0.0
2002-08-26 00:00:00-04:00,5.309196467536786,5.395665733559618,5.1881401284227096,5.343784332275391,322080,0.0,0.0
2002-08-27 00:00:00-04:00,5.343785235953309,5.371454899105473,5.208893648967781,5.212352752685547,408720,0.0,0.0
2002-08-28 00:00:00-04:00,5.188139841408058,5.257314775411061,4.9460263849265775,4.987531661987305,488160,0.0,0.0
2002-08-29 00:00:00-04:00,4.977157667346363,5.015204652396036,4.911441802978516,4.911441802978516,307680,0.0,0.0
2002-08-30 00:00:00-04:00,4.9114392765361625,4.980614210015046,4.84226355140997,4.887227535247803,284160,0.0,0.0
2002-09-03 00:00:00-04:00,4.818053729761334,4.818053729761334,4.499847457130811,4.5586466789245605,675120,0.0,0.0
2002-09-04 00:00:00-04:00,4.558646692922676,4.762713626317394,4.558646692922676,4.6589508056640625,266400,0.0,0.0
2002-09-05 00:00:00-04:00,4.645117753331017,4.679705643241534,4.530978745768626,4.548273086547852,296880,0.0,0.0
2002-09-06 00:00:00-04:00,4.582856406294318,4.824969852752121,4.582856406294318,4.738500595092773,283920,0.0,0.0
2002-09-09 00:00:00-04:00,4.731585502624512,4.755797254973063,4.617446533167874,4.731585502624512,322320,0.0,0.0
2002-09-10 00:00:00-04:00,4.700456202510929,4.842265221287422,4.634739557637282,4.70737361907959,401520,0.0,0.0
2002-09-11 00:00:00-04:00,4.807676891358943,4.883769245523848,4.738501160320983,4.863016605377197,268320,0.0,0.0
2002-09-12 00:00:00-04:00,4.831889637394932,4.831889637394932,4.652034411531089,4.731585502624512,343440,0.0,0.0
2002-09-13 00:00:00-04:00,4.696995880769076,4.7177485209190015,4.586316056891409,4.686619758605957,267600,0.0,0.0
2002-09-16 00:00:00-04:00,4.65203417158475,4.65203417158475,4.530976999381317,4.62090539932251,284880,0.0,0.0
2002-09-17 00:00:00-04:00,4.6209039232022855,4.624362234766892,4.496388478105225,4.510222911834717,403920,0.0,0.0
2002-09-18 00:00:00-04:00,4.499847382086239,4.555187895055743,4.4963890700663365,4.541352272033691,359040,0.0,0.0
2002-09-19 00:00:00-04:00,4.530975791119412,4.551728432368133,4.444507310201116,4.447965621948242,190320,0.0,0.0
2002-09-20 00:00:00-04:00,4.447967345598845,4.468719994889511,4.2196889950492364,4.333827972412109,307440,0.0,0.0
2002-09-23 00:00:00-04:00,4.323450991034128,4.403002863560126,4.185101078641841,4.226606369018555,215280,0.0,0.0
2002-09-24 00:00:00-04:00,4.288863182067871,4.458341835614853,4.216229134127407,4.288863182067871,667440,0.0,0.0
2002-09-25 00:00:00-04:00,4.32345124955239,4.472178087167567,4.278488039907267,4.420296669006348,276240,0.0,0.0
2002-09-26 00:00:00-04:00,4.427213769270107,4.5655644716886465,4.42375545690699,4.4929304122924805,929520,0.0,0.0
2002-09-27 00:00:00-04:00,4.496391285787768,4.517143938899809,4.3511231098274115,4.371875762939453,414000,0.0,0.0
2002-09-30 00:00:00-04:00,4.323450344572266,4.489470689607438,4.243899275588672,4.378790855407715,343200,0.0,0.0
2002-10-01 00:00:00-04:00,4.392626046448597,4.575939928548441,4.392626046448597,4.56210470199585,528240,0.0,0.0
2002-10-02 00:00:00-04:00,4.596693378153821,4.596693378153821,4.492930546160173,4.517142295837402,432960,0.0,0.0
2002-10-03 00:00:00-04:00,4.461802172513459,4.600152891357668,4.409920751902837,4.4168381690979,360720,0.0,0.0
2002-10-04 00:00:00-04:00,4.420296547444996,4.496389714200895,4.261193588902544,4.30615758895874,212160,0.0,0.0
2002-10-07 00:00:00-04:00,4.323450362286728,4.330368569383059,4.185100470014282,4.202394008636475,173040,0.0,0.0
2002-10-08 00:00:00-04:00,4.188559028928921,4.2542756670399715,3.92569366395597,3.9429872035980225,671760,0.0,0.0
2002-10-09 00:00:00-04:00,3.946445905403981,4.064043150463889,3.693955898284912,3.693955898284912,858480,0.0,0.0
2002-10-10 00:00:00-04:00,3.697414813854979,3.801177619162854,3.683579588429541,3.7700488567352295,420480,0.0,0.0
2002-10-11 00:00:00-04:00,3.804637429889457,3.974116930057096,3.801179116950023,3.9706578254699707,443520,0.0,0.0
2002-10-14 00:00:00-04:00,3.936070884158265,4.081339032559355,3.936070884158265,4.070962905883789,257280,0.0,0.0
2002-10-15 00:00:00-04:00,4.1055500176863635,4.368415853171174,4.1055500176863635,4.333827972412109,393360,0.0,0.0
2002-10-16 00:00:00-04:00,4.3684146168471045,4.3684146168471045,4.195476845291101,4.257734775543213,433680,0.0,0.0
2002-10-17 00:00:00-04:00,4.29232149388555,4.371873352932522,4.275027955678571,4.288863182067871,299760,0.0,0.0
2002-10-18 00:00:00-04:00,4.29232235977845,4.31653371397611,4.202394755489855,4.30615758895874,904800,0.0,0.0
2002-10-21 00:00:00-04:00,4.236982630528681,4.351121589014936,4.236982630528681,4.30615758895874,429600,0.0,0.0
2002-10-22 00:00:00-04:00,4.30615672027485,4.30615672027485,4.236981775799499,4.288863182067871,310560,0.0,0.0
2002-10-23 00:00:00-04:00,4.288864047263124,4.30615758895874,4.226606505511311,4.30615758895874,288240,0.0,0.0
2002-10-24 00:00:00-04:00,4.306157015618824,4.382250172243359,4.2888634762257425,4.358038425445557,428880,0.0,0.0
2002-10-25 00:00:00-04:00,4.326909423726223,4.596692581844212,4.230063629265797,4.589775562286377,459840,0.0,0.0
2002-10-28 00:00:00-05:00,4.596692357870726,4.735043033703096,4.544810953389513,4.582857131958008,481440,0.0,0.0
2002-10-29 00:00:00-05:00,4.562106211491614,4.579400547272441,4.271570315992797,4.33036994934082,555360,0.0,0.0
2002-10-30 00:00:00-05:00,4.295780911452359,4.461801265320845,4.295780911452359,4.441048622131348,421920,0.0,0.0
2002-10-31 00:00:00-05:00,4.444507513448497,4.461801052093506,4.409919644511024,4.461801052093506,467760,0.0,0.0
2002-11-01 00:00:00-05:00,4.437588196341153,4.558645311517803,4.434130281124555,4.530974864959717,557760,0.0,0.0
2002-11-04 00:00:00-05:00,4.541352051817305,4.690079252648138,4.513682390409903,4.5966925621032715,315600,0.0,0.0
2002-11-05 00:00:00-05:00,4.593233232160223,4.596692335489338,4.323450088500977,4.323450088500977,468480,0.0,0.0
2002-11-06 00:00:00-05:00,4.32344627806302,4.5822930335998535,4.32344627806302,4.5822930335998535,323040,0.05833,0.0
2002-11-07 00:00:00-05:00,4.5892915096380476,4.596286873135421,4.421390376186429,4.459867477416992,268080,0.0,0.0
2002-11-08 00:00:00-05:00,4.459868029556129,4.522830712203544,4.38990958223833,4.428386688232422,513840,0.0,0.0
2002-11-11 00:00:00-05:00,4.3969034488916865,4.400401329716945,4.25348833352211,4.323446750640869,182880,0.0,0.0
2002-11-12 00:00:00-05:00,4.323448811617739,4.323448811617739,4.134560354863569,4.229004383087158,411360,0.0,0.0
2002-11-13 00:00:00-05:00,4.194025688810526,4.27797608819685,4.106577806461905,4.155548572540283,289440,0.0,0.0
2002-11-14 00:00:00-05:00,4.166040438251886,4.2115136975247145,4.1205667786721865,4.190526008605957,306480,0.0,0.0
2002-11-15 00:00:00-05:00,4.194026269479839,4.2989643833183555,4.155549147882381,4.295466899871826,391200,0.0,0.0
2002-11-18 00:00:00-05:00,4.295463750315851,4.358426812636937,4.253488775741969,4.305957794189453,572640,0.0,0.0
2002-11-19 00:00:00-05:00,4.284970376719215,4.347933042700357,4.267480169058978,4.2709784507751465,371280,0.0,0.0
2002-11-20 00:00:00-05:00,4.2709777376483995,4.386409406109112,4.267479456516341,4.323446750640869,456720,0.0,0.0
2002-11-21 00:00:00-05:00,4.3934070455104015,4.603283187181754,4.375917633909103,4.550814151763916,401280,0.0,0.0
2002-11-22 00:00:00-05:00,4.547317417040632,4.6207741587586195,4.522831436160931,4.5543131828308105,444960,0.0,0.0
2002-11-25 00:00:00-05:00,4.550813460806052,4.739701879569621,4.550813460806052,4.683735370635986,559680,0.0,0.0
2002-11-26 00:00:00-05:00,4.662747750140535,4.809661189349923,4.652254104614258,4.652254104614258,419520,0.0,0.0
2002-11-27 00:00:00-05:00,4.65575176098045,4.872624046096344,4.65575176098045,4.7536940574646,337680,0.0,0.0
2002-11-29 00:00:00-05:00,4.8271511496073565,4.918097288804535,4.823652867058998,4.890113830566406,114960,0.0,0.0
2002-12-02 00:00:00-05:00,4.942583526272941,5.103488933060044,4.907603898563693,5.096492767333984,692880,0.0,0.0
2002-12-03 00:00:00-05:00,5.065009433001019,5.065009433001019,4.9530760204985125,5.019536972045898,353760,0.0,0.0
2002-12-04 00:00:00-05:00,5.002046988964569,5.1034875618200255,4.949577961805452,5.0720062255859375,292080,0.0,0.0
2002-12-05 00:00:00-05:00,5.079002837132187,5.2119239678008595,5.079002837132187,5.201430320739746,450000,0.0,0.0
2002-12-06 00:00:00-05:00,5.2049288527645245,5.222418266716049,5.120978464876134,5.218921184539795,768480,0.0,0.0
2002-12-09 00:00:00-05:00,5.229414939880371,5.253900119913358,5.211924724957027,5.229414939880371,359040,0.0,0.0
2002-12-10 00:00:00-05:00,5.194434385299682,5.271389395779697,5.194434385299682,5.246903419494629,598560,0.0,0.0
2002-12-11 00:00:00-05:00,5.246904108783986,5.316862563363096,5.211924481187416,5.299373149871826,499920,0.0,0.0
2002-12-12 00:00:00-05:00,5.264393266175121,5.561718084746749,5.250402136369756,5.547726154327393,1056960,0.0,0.0
2002-12-13 00:00:00-05:00,5.614187212313635,6.261305097640446,5.607191447146514,6.191346645355225,1908000,0.0,0.0
2002-12-16 00:00:00-05:00,6.191345645486315,6.222826983961299,5.908012798597587,5.970975875854492,1086240,0.0,0.0
2002-12-17 00:00:00-05:00,5.946488242420876,5.970974210335438,5.806571399474084,5.813567161560059,711600,0.0,0.0
2002-12-18 00:00:00-05:00,5.7820864863218,5.7820864863218,5.568712501321511,5.701634407043457,943920,0.0,0.0
2002-12-19 00:00:00-05:00,5.698137864759663,5.754105189664875,5.638673457719484,5.740113258361816,306960,0.0,0.0
2002-12-20 00:00:00-05:00,5.775092499159719,5.956984391444737,5.775092499159719,5.929001331329346,767760,0.0,0.0
2002-12-23 00:00:00-05:00,5.92900257468306,5.93599834117897,5.7645996601867155,5.8940229415893555,634560,0.0,0.0
2002-12-24 00:00:00-05:00,5.911511108365501,6.173856264053114,5.859042077227979,6.135378360748291,431520,0.0,0.0
2002-12-26 00:00:00-05:00,6.138876443069971,6.191345472497919,5.970975709023306,6.016448974609375,369840,0.0,0.0
2002-12-27 00:00:00-05:00,5.963980574742432,5.981469986193322,5.876531916260106,5.915009021759033,261600,0.0,0.0
2002-12-30 00:00:00-05:00,5.8590415512795895,6.002456703371637,5.841551342061206,5.922004222869873,495600,0.0,0.0
2002-12-31 00:00:00-05:00,5.922003290541714,6.051426495067507,5.9045130840768945,6.044430732727051,496560,0.0,0.0
2003-01-02 00:00:00-05:00,6.044433175003656,6.299783006980621,6.005956466584486,6.191346645355225,1042080,0.0,0.0
2003-01-03 00:00:00-05:00,6.173856124054243,6.261303973557887,6.156365913662426,6.229822635650635,299760,0.0,0.0
2003-01-06 00:00:00-05:00,6.22982272171046,6.243814650033042,6.17035792703009,6.222826957702637,737040,0.0,0.0
2003-01-07 00:00:00-05:00,6.226325022730639,6.226325022730639,5.9814692879323035,6.0094523429870605,674640,0.0,0.0
2003-01-08 00:00:00-05:00,5.946489306917373,5.946489306917373,5.719123795967308,5.768094539642334,859440,0.0,0.0
2003-01-09 00:00:00-05:00,5.771593044493123,5.918506482112077,5.736613425837041,5.859041690826416,448560,0.0,0.0
2003-01-10 00:00:00-05:00,5.848548023710976,5.929000105523451,5.8240620505584335,5.925501823425293,402480,0.0,0.0
2003-01-13 00:00:00-05:00,5.9359978422953645,5.939495725249344,5.789084356385956,5.876533031463623,427680,0.0,0.0
2003-01-14 00:00:00-05:00,5.873033071583306,5.9884651776465745,5.806572914123535,5.806572914123535,332160,0.0,0.0
2003-01-15 00:00:00-05:00,5.83455786787938,5.848550200866911,5.631677446008452,5.733118057250977,415200,0.0,0.0
2003-01-16 00:00:00-05:00,5.764597630340443,5.949988179351355,5.764597630340443,5.9394941329956055,209280,0.0,0.0
2003-01-17 00:00:00-05:00,5.929001674734261,5.93949532288532,5.754105137041173,5.845051288604736,526320,0.0,0.0
2003-01-21 00:00:00-05:00,5.876531514797715,5.949988238794075,5.824062483415592,5.8835272789001465,497520,0.0,0.0
2003-01-22 00:00:00-05:00,5.887024212076472,5.887024212076472,5.617683734782865,5.656160831451416,873360,0.0,0.0
2003-01-23 00:00:00-05:00,5.659659367247407,5.796079162869618,5.659659367247407,5.757601261138916,215280,0.0,0.0
2003-01-24 00:00:00-05:00,5.635175321406997,5.635175321406997,5.386822036996873,5.407809734344482,593040,0.0,0.0
2003-01-27 00:00:00-05:00,5.4043093721372815,5.4078076539386055,5.089495233954527,5.162951946258545,663600,0.0,0.0
2003-01-28 00:00:00-05:00,5.246903555733818,5.593199110350855,5.246903555733818,5.509248733520508,620640,0.0,0.0
2003-01-29 00:00:00-05:00,5.421797488565832,5.537229151623391,5.369328478029344,5.456777095794678,497280,0.0,0.0
2003-01-30 00:00:00-05:00,5.544230261154221,5.771595893101983,5.491761207580566,5.491761207580566,652080,0.0,0.0
2003-01-31 00:00:00-05:00,5.491758989603174,5.491758989603174,5.351841303044439,5.414803981781006,519840,0.0,0.0
2003-02-03 00:00:00-05:00,5.474269001741561,5.579207070788453,5.4357918965676175,5.498754978179932,336240,0.0,0.0
2003-02-04 00:00:00-05:00,5.502253270235887,5.596697699534881,5.498755387714738,5.5862040519714355,349200,0.0,0.0
2003-02-05 00:00:00-05:00,5.589700203993096,5.614186178181715,5.439289679377557,5.4497833251953125,197280,0.0,0.0
2003-02-06 00:00:00-05:00,5.439192028380081,5.523903571995902,5.365069276240049,5.463899612426758,298560,0.05833,0.0
2003-02-07 00:00:00-05:00,5.485077632119928,5.495666827595552,5.400366087997465,5.421544075012207,180480,0.0,0.0
2003-02-10 00:00:00-05:00,5.425072727453991,5.629791736602783,5.421542727215339,5.629791736602783,573120,0.0,0.0
2003-02-11 00:00:00-05:00,5.629791873905877,5.629791873905877,5.442720841705912,5.481546401977539,177120,0.0,0.0
2003-02-12 00:00:00-05:00,5.48154759821974,5.513314780520113,5.389777264223229,5.463899612426758,298800,0.0,0.0
2003-02-13 00:00:00-05:00,5.463897169846457,5.463897169846457,5.259177394673763,5.3333001136779785,276000,0.0,0.0
2003-02-14 00:00:00-05:00,5.358008670206228,5.3968346326575105,5.290945130053147,5.336831092834473,302880,0.0,0.0
2003-02-18 00:00:00-05:00,5.305064274835133,5.435661767674809,5.305064274835133,5.432131767272949,246240,0.0,0.0
2003-02-19 00:00:00-05:00,5.432132324477867,5.432132324477867,5.2980060292874995,5.340361595153809,439920,0.0,0.0
2003-02-20 00:00:00-05:00,5.3368323536104,5.435662687105238,5.153290074870562,5.343891143798828,407040,0.0,0.0
2003-02-21 00:00:00-05:00,5.365068829412221,5.725093364715576,5.365068829412221,5.725093364715576,492720,0.0,0.0
2003-02-24 00:00:00-05:00,5.795685547453089,5.958048580583931,5.7427407991285975,5.94040060043335,474720,0.0,0.0
2003-02-25 00:00:00-05:00,5.943932332866998,6.120414609430021,5.943932332866998,6.003936290740967,1063920,0.0,0.0
2003-02-26 00:00:00-05:00,6.003935648456142,6.070999197210087,5.866279358203405,5.975698471069336,432480,0.0,0.0
2003-02-27 00:00:00-05:00,5.975699668892632,6.06394041148567,5.859221339316141,5.94746208190918,351360,0.0,0.0
2003-02-28 00:00:00-05:00,5.965110618298503,6.282779216766357,5.965110618298503,6.282779216766357,696720,0.0,0.0
2003-03-03 00:00:00-05:00,6.3145447248429125,6.328662707008296,6.092176912247908,6.127472877502441,642960,0.0,0.0
2003-03-04 00:00:00-05:00,6.0921767987392235,6.353370572184115,6.0921767987392235,6.325133800506592,572880,0.0,0.0
2003-03-05 00:00:00-05:00,6.32513442399308,6.32513442399308,6.2157149032747725,6.258070468902588,423600,0.0,0.0
2003-03-06 00:00:00-05:00,6.258069777626418,6.2827777604233495,6.1310026908425375,6.198066234588623,650400,0.0,0.0
2003-03-07 00:00:00-05:00,6.201595900591618,6.27571823889634,6.201595900591618,6.233362674713135,521280,0.0,0.0
2003-03-10 00:00:00-05:00,6.205126553152018,6.2404233339033635,6.166300982985877,6.180418968200684,277920,0.0,0.0
2003-03-11 00:00:00-05:00,6.2333642288041515,6.2333642288041515,6.106296696701392,6.145123481750488,502800,0.0,0.0
2003-03-12 00:00:00-05:00,5.859219281248997,5.859219281248997,5.428601280213747,5.566257953643799,2193840,0.0,0.0
2003-03-13 00:00:00-05:00,5.594497788146435,5.714505317446512,5.4886082452027996,5.7109761238098145,688800,0.0,0.0
2003-03-14 00:00:00-05:00,5.707447021264973,5.710976619144356,5.527434701860336,5.541553497314453,621840,0.0,0.0
2003-03-17 00:00:00-05:00,5.541550664300281,5.643910162282769,5.463897934906018,5.580376625061035,702240,0.0,0.0
2003-03-18 00:00:00-05:00,5.59802761247098,5.6545023918151855,5.559201630854471,5.6545023918151855,767760,0.0,0.0
2003-03-19 00:00:00-05:00,5.654499889474555,5.947460430778643,5.5803771530780955,5.668618679046631,487440,0.0,0.0
2003-03-20 00:00:00-05:00,5.629791764781874,5.753330059597323,5.587435801070087,5.714503288269043,603120,0.0,0.0
2003-03-21 00:00:00-05:00,5.728622653550887,5.728622653550887,5.594496364160874,5.661559104919434,501840,0.0,0.0
2003-03-24 00:00:00-05:00,5.647441438605909,5.650970631542065,5.566259094789635,5.587436676025391,380880,0.0,0.0
2003-03-25 00:00:00-05:00,5.5944984184366735,5.700387973310092,5.5944984184366735,5.6545023918151855,108960,0.0,0.0
2003-03-26 00:00:00-05:00,5.6545020131570665,5.682738795033378,5.612146032469462,5.647442817687988,175680,0.0,0.0
2003-03-27 00:00:00-05:00,5.636853902799033,5.675679477040816,5.6297938996092265,5.65097188949585,124080,0.0,0.0
2003-03-28 00:00:00-05:00,5.629793070872836,5.781568171458857,5.629793070872836,5.767449378967285,355200,0.0,0.0
2003-03-31 00:00:00-05:00,5.7674482130085805,5.834511756896973,5.742741441968475,5.834511756896973,205440,0.0,0.0
2003-04-01 00:00:00-05:00,5.7886272245075645,5.996877086042567,5.7886272245075645,5.919224739074707,408000,0.0,0.0
2003-04-02 00:00:00-05:00,5.919223373615545,6.032171665054792,5.753329926790519,5.827452659606934,668400,0.0,0.0
2003-04-03 00:00:00-05:00,5.8239231113257555,5.972168588461346,5.8239231113257555,5.869808673858643,393120,0.0,0.0
2003-04-04 00:00:00-05:00,5.887456511148076,5.929812476123526,5.763919020519781,5.834511756896973,344160,0.0,0.0
2003-04-07 00:00:00-04:00,5.859219835885617,5.905104590166334,5.68626678065717,5.700385570526123,480480,0.0,0.0
2003-04-08 00:00:00-04:00,5.700385714307543,5.710974504024021,5.523902654208087,5.6897969245910645,1207440,0.0,0.0
2003-04-09 00:00:00-04:00,5.689797957811201,5.806276281589702,5.672149163872659,5.763920307159424,775440,0.0,0.0
2003-04-10 00:00:00-04:00,5.763918785221016,5.873337481745253,5.728622014536911,5.85215950012207,723360,0.0,0.0
2003-04-11 00:00:00-04:00,5.8133351592177815,5.926283475691542,5.781567978157973,5.792157173156738,368160,0.0,0.0
2003-04-14 00:00:00-04:00,5.806275743596859,5.947461234785253,5.788626951293603,5.859220504760742,254880,0.0,0.0
2003-04-15 00:00:00-04:00,5.859222516769379,5.968641269620234,5.816866531718988,5.890989303588867,344640,0.0,0.0
2003-04-16 00:00:00-04:00,5.898047568761707,6.035703892541125,5.898047568761707,5.968640327453613,317280,0.0,0.0
2003-04-17 00:00:00-04:00,5.933342014021197,6.085116264221455,5.933342014021197,6.053349494934082,441840,0.0,0.0
2003-04-21 00:00:00-04:00,6.088646507564063,6.159239241259377,6.06040973723506,6.116883277893066,331200,0.0,0.0
2003-04-22 00:00:00-04:00,6.099236658111149,6.099236658111149,5.98628833976986,6.092177867889404,293280,0.0,0.0
2003-04-23 00:00:00-04:00,6.071000074827987,6.176889606319912,5.9474617495054005,6.067470073699951,467040,0.0,0.0
2003-04-24 00:00:00-04:00,6.155709802969193,6.155709802969193,5.9827567640591175,6.053349494934082,312480,0.0,0.0
2003-04-25 00:00:00-04:00,6.032174356253182,6.088649133073097,6.010996365437786,6.0145263671875,224640,0.0,0.0
2003-04-28 00:00:00-04:00,6.014524103015384,6.035702085858313,5.873337820020146,5.965109348297119,476400,0.0,0.0
2003-04-29 00:00:00-04:00,6.088647856781303,6.092177857791064,5.965110343470938,6.0074663162231445,444480,0.0,0.0
2003-04-30 00:00:00-04:00,6.010994858815204,6.102766398637609,6.007466069759694,6.070999622344971,317760,0.0,0.0
2003-05-01 00:00:00-04:00,5.947461211737946,6.138062270402025,5.947461211737946,6.07805871963501,310080,0.0,0.0
2003-05-02 00:00:00-04:00,6.05335034978649,6.236892607003067,6.018054383300908,6.1521806716918945,492480,0.0,0.0
2003-05-05 00:00:00-04:00,6.12394500765887,6.201596955864187,6.120415006434522,6.180418968200684,390720,0.0,0.0
2003-05-06 00:00:00-04:00,6.1804184965603115,6.349841577066283,6.1804184965603115,6.311015605926514,605280,0.0,0.0
2003-05-07 00:00:00-04:00,6.346585697691119,6.474655901211845,6.314568248591926,6.407063961029053,328080,0.05833,0.0
2003-05-08 00:00:00-04:00,6.40350719953948,6.456869759535643,6.332357390960613,6.382162094116211,509520,0.0,0.0
2003-05-09 00:00:00-04:00,6.3857194272508275,6.766372215438929,6.3857194272508275,6.7592573165893555,510720,0.0,0.0
2003-05-12 00:00:00-04:00,6.7414698022447235,6.937132793476749,6.7414698022447235,6.880212783813477,675840,0.0,0.0
2003-05-13 00:00:00-04:00,6.883770148249722,6.883770148249722,6.734354819391593,6.7663726806640625,505200,0.0,0.0
2003-05-14 00:00:00-04:00,6.780602690019787,7.029627009529947,6.780602690019787,7.015398025512695,641280,0.0,0.0
2003-05-15 00:00:00-04:00,7.015399701371539,7.5419096911926315,7.00472735012315,7.470759868621826,1335600,0.0,0.0
2003-05-16 00:00:00-04:00,7.467202418205696,7.488547120702476,7.364034727641514,7.470759868621826,778320,0.0,0.0
2003-05-19 00:00:00-04:00,7.3106707692753305,7.552580608640224,7.239520960211783,7.463643550872803,429120,0.0,0.0
2003-05-20 00:00:00-04:00,7.463645023772513,7.463645023772513,7.150584499315649,7.275096893310547,492720,0.0,0.0
2003-05-21 00:00:00-04:00,7.257307718304933,7.737570729075113,7.232404757554955,7.6735358238220215,807840,0.0,0.0
2003-05-22 00:00:00-04:00,7.669980188807709,7.669980188807709,7.4458575364842865,7.509892463684082,374880,0.0,0.0
2003-05-23 00:00:00-04:00,7.506333360068352,7.637960621924876,7.46720060076722,7.584598064422607,195600,0.0,0.0
2003-05-27 00:00:00-04:00,7.584597969456423,7.762473701735487,7.570368171433458,7.666420936584473,373200,0.0,0.0
2003-05-28 00:00:00-04:00,7.755358693182525,7.8620838165485605,7.637961220329501,7.677093982696533,251040,0.0,0.0
2003-05-29 00:00:00-04:00,7.709114392565406,7.819396187950449,7.673539068272968,7.805167198181152,923760,0.0,0.0
2003-05-30 00:00:00-04:00,7.801607739728416,8.004385672959705,7.783820487426801,7.951023101806641,410400,0.0,0.0
2003-06-02 00:00:00-04:00,7.951021690769614,7.972366389743591,7.64863356981649,7.677093982696533,1476240,0.0,0.0
2003-06-03 00:00:00-04:00,7.7197866804293325,7.808723769037353,7.2928860495161585,7.769591808319092,1398960,0.0,0.0
2003-06-04 00:00:00-04:00,7.76958955190991,8.011499404907227,7.76958955190991,8.011499404907227,615360,0.0,0.0
2003-06-05 00:00:00-04:00,7.986597955947968,8.232066094668482,7.972367340686484,8.189375877380371,402480,0.0,0.0
2003-06-06 00:00:00-04:00,8.2036026146638,8.34234557924389,8.16091322332957,8.164470672607422,322560,0.0,0.0
2003-06-09 00:00:00-04:00,8.16447189566027,8.22850680650211,8.111109334250727,8.146684646606445,936480,0.0,0.0
2003-06-10 00:00:00-04:00,8.128896138910939,8.232064620527277,8.07553358041864,8.210719108581543,299760,0.0,0.0
2003-06-11 00:00:00-04:00,8.23562337039275,8.755019290205565,8.23562337039275,8.53801155090332,948480,0.0,0.0
2003-06-12 00:00:00-04:00,8.520220025893884,8.60915705878724,8.431282178752703,8.530892372131348,372240,0.0,0.0
2003-06-13 00:00:00-04:00,8.484646733225905,8.484646733225905,8.164471384802285,8.356576919555664,689280,0.0,0.0
2003-06-16 00:00:00-04:00,8.338788305930914,8.34234494068858,8.235619842026262,8.288982391357422,274800,0.0,0.0
2003-06-17 00:00:00-04:00,8.146681299285737,8.260521274951614,8.14312385093666,8.153796195983887,391200,0.0,0.0
2003-06-18 00:00:00-04:00,8.335228616877385,8.498874500131507,8.317441374892262,8.413494110107422,972000,0.0,0.0
2003-06-19 00:00:00-04:00,8.42061267237945,8.477532685756774,8.324559895352683,8.342347145080566,598320,0.0,0.0
2003-06-20 00:00:00-04:00,8.331674117932927,8.335231567589307,7.862083435058594,7.862083435058594,832560,0.0,0.0
2003-06-23 00:00:00-04:00,7.883428583968771,7.901216647516267,7.755358760516819,7.798048973083496,482880,0.0,0.0
2003-06-24 00:00:00-04:00,7.773146287456317,7.883428039747632,7.719783728993797,7.858526706695557,166800,0.0,0.0
2003-06-25 00:00:00-04:00,7.737570576471826,7.965251411239516,7.737570576471826,7.790933132171631,186480,0.0,0.0
2003-06-26 00:00:00-04:00,7.794490154135886,7.879870564272331,7.7802603571957905,7.84785270690918,632640,0.0,0.0
2003-06-27 00:00:00-04:00,7.879871063722101,8.253408956811104,7.876313614261596,8.114665985107422,633840,0.0,0.0
2003-06-30 00:00:00-04:00,8.114666743582873,8.136012256589053,8.079091431404615,8.089764595031738,371520,0.0,0.0
2003-07-01 00:00:00-04:00,8.07553768157959,8.079095133002527,8.029290813081417,8.07553768157959,427440,0.0,0.0
2003-07-02 00:00:00-04:00,8.075534021895008,8.16447189566027,8.075534021895008,8.146684646606445,234960,0.0,0.0
2003-07-03 00:00:00-04:00,8.111112577006253,8.111112577006253,8.011502313985337,8.054192543029785,173760,0.0,0.0
2003-07-07 00:00:00-04:00,8.07553288762807,8.160913299590272,7.883427367837091,8.004383087158203,862560,0.0,0.0
2003-07-08 00:00:00-04:00,8.004385836411842,8.004385836411842,7.929678560971292,7.990155220031738,514080,0.0,0.0
2003-07-09 00:00:00-04:00,8.004384400642989,8.004384400642989,7.790934149959176,7.833624362945557,1246080,0.0,0.0
2003-07-10 00:00:00-04:00,7.862088625742016,7.862088625742016,7.556143682063243,7.6486382484436035,1179600,0.0,0.0
2003-07-11 00:00:00-04:00,7.64863283135977,7.64863283135977,7.495660874985849,7.499217510223389,582480,0.0,0.0
2003-07-14 00:00:00-04:00,7.577481126077184,7.6628615208025215,7.577481126077184,7.609498977661133,652560,0.0,0.0
2003-07-15 00:00:00-04:00,7.645077742878037,7.684209695136099,7.4458564601416555,7.527679443359375,880800,0.0,0.0
2003-07-16 00:00:00-04:00,7.559696715227346,7.588156314632514,7.392493311729602,7.435183525085449,687120,0.0,0.0
2003-07-17 00:00:00-04:00,7.3996092951345664,7.435183795685746,7.3711488804454985,7.417396545410156,512640,0.0,0.0
2003-07-18 00:00:00-04:00,7.396052595634891,7.517007538279722,7.367592178057644,7.470759868621826,426720,0.0,0.0
2003-07-21 00:00:00-04:00,7.4778724854304155,7.484988198337476,7.3711473770479685,7.381819725036621,213840,0.0,0.0
2003-07-22 00:00:00-04:00,7.378264590825611,7.3996092911448095,7.132796465914205,7.243078231811523,958320,0.0,0.0
2003-07-23 00:00:00-04:00,7.257307730400349,7.257307730400349,7.082989447603965,7.111450672149658,790560,0.0,0.0
2003-07-24 00:00:00-04:00,7.061644375189103,7.0758749867054895,6.826849056144188,6.912229061126709,1267920,0.0,0.0
2003-07-25 00:00:00-04:00,6.983382066018829,7.182602552951659,6.9335769442856225,7.1576995849609375,477120,0.0,0.0
2003-07-28 00:00:00-04:00,7.122125035371437,7.171929342547022,6.883771779789989,7.036744594573975,512640,0.0,0.0
2003-07-29 00:00:00-04:00,6.9869383361372,7.011840485672565,6.780603390118699,6.830408096313477,505440,0.0,0.0
2003-07-30 00:00:00-04:00,6.8837705018654844,6.8837705018654844,6.599170442455031,6.680992603302002,636000,0.0,0.0
2003-07-31 00:00:00-04:00,6.688105281118543,6.705893338717794,6.552920603151961,6.634742736816406,2040480,0.0,0.0
2003-08-01 00:00:00-04:00,6.638300592610599,6.7201227262750445,6.58138019251427,6.634742736816406,356880,0.0,0.0
2003-08-04 00:00:00-04:00,6.599170174798546,6.752142140731705,6.552922514348596,6.57782506942749,382800,0.0,0.0
2003-08-05 00:00:00-04:00,6.599172168784279,6.705897320763279,6.599172168784279,6.641862392425537,1044000,0.0,0.0
2003-08-06 00:00:00-04:00,6.666947240635366,6.706375231814718,6.566584484615542,6.634687900543213,1103520,0.05833,0.0
2003-08-07 00:00:00-04:00,6.634688498644033,6.71354489831121,6.631103762577514,6.666947841644287,404880,0.0,0.0
2003-08-08 00:00:00-04:00,6.738635789061461,6.9644516206939,6.738635789061461,6.925024032592773,436800,0.0,0.0
2003-08-11 00:00:00-04:00,6.889179060428712,6.993126147340875,6.846166331292719,6.92860746383667,319920,0.0,0.0
2003-08-12 00:00:00-04:00,6.964451264010183,7.007463996499107,6.903516901484056,6.9823737144470215,238800,0.0,0.0
2003-08-13 00:00:00-04:00,6.982372534829738,7.046891212463379,6.917853857196097,7.046891212463379,291600,0.0,0.0
2003-08-14 00:00:00-04:00,7.0325550989508265,7.0325550989508265,6.8103236048909634,6.9823737144470215,232560,0.0,0.0
2003-08-15 00:00:00-04:00,6.953698709683573,6.953698709683573,6.849752018534766,6.950115203857422,64320,0.0,0.0
2003-08-18 00:00:00-04:00,6.968036401606128,7.000295335632302,6.831829962496528,6.8820109367370605,228240,0.0,0.0
2003-08-19 00:00:00-04:00,6.846166025683243,6.9214376830114634,6.828244397843081,6.88917875289917,301440,0.0,0.0
2003-08-20 00:00:00-04:00,6.917853549495898,6.993125199987211,6.828243777635247,6.978787899017334,263280,0.0,0.0
2003-08-21 00:00:00-04:00,7.014631732974941,7.132916102747452,6.9859563116122,6.993124961853027,252240,0.0,0.0
2003-08-22 00:00:00-04:00,6.9716210864379615,7.13291822606969,6.950115129313602,6.953698635101318,308400,0.0,0.0
2003-08-25 00:00:00-04:00,6.989541642202203,7.021801393326034,6.846166155562308,6.917854309082031,300000,0.0,0.0
2003-08-26 00:00:00-04:00,6.925022960354093,6.942944588534249,6.824659791546346,6.917854309082031,330480,0.0,0.0
2003-08-27 00:00:00-04:00,6.882011297900957,6.9644516206939,6.864089666945898,6.925024032592773,300720,0.0,0.0
2003-08-28 00:00:00-04:00,6.889180647070521,7.168762220245334,6.8497526447817165,7.089906215667725,936000,0.0,0.0
2003-08-29 00:00:00-04:00,7.089902470608557,7.2404465675354,7.079149496627924,7.2404465675354,1444800,0.0,0.0
2003-09-02 00:00:00-04:00,7.312136342180961,7.330057971513889,7.143670565252621,7.193851947784424,459600,0.0,0.0
2003-09-03 00:00:00-04:00,7.222527513205696,7.247618618001194,7.032555755867032,7.043308734893799,1274160,0.0,0.0
2003-09-04 00:00:00-04:00,7.025386143227356,7.025386143227356,6.853336041109052,6.914270401000977,874320,0.0,0.0
2003-09-05 00:00:00-04:00,6.860503915188255,6.953697612961239,6.846166202346377,6.899931907653809,609360,0.0,0.0
2003-09-08 00:00:00-04:00,6.917852762235266,6.9823714296568635,6.892761667993921,6.939358711242676,443760,0.0,0.0
2003-09-09 00:00:00-04:00,6.94294672454497,7.061231147723524,6.928609417589946,7.032556533813477,720960,0.0,0.0
2003-09-10 00:00:00-04:00,7.04330872669767,7.107827421182897,6.975204885474647,7.071983337402344,798960,0.0,0.0
2003-09-11 00:00:00-04:00,7.0970736139910695,7.143670671348334,7.0074638251963615,7.100657939910889,557760,0.0,0.0
2003-09-12 00:00:00-04:00,7.0648146260368625,7.0648146260368625,7.003881078795622,7.01821756362915,488160,0.0,0.0
2003-09-15 00:00:00-04:00,7.021801188357055,7.025385513888458,6.835412979125977,6.835412979125977,805440,0.0,0.0
2003-09-16 00:00:00-04:00,6.810323091542792,6.8139070070802665,6.5701691651484,6.627519607543945,923760,0.0,0.0
2003-09-17 00:00:00-04:00,6.674115764893179,6.699206453421332,6.516402982773287,6.631103038787842,755280,0.0,0.0
2003-09-18 00:00:00-04:00,6.720713977735753,6.806739034610805,6.613182554091981,6.763726711273193,5334000,0.0,0.0
2003-09-19 00:00:00-04:00,6.774479458248674,6.8640892483587175,6.738635378124731,6.799570560455322,1975440,0.0,0.0
2003-09-22 00:00:00-04:00,6.756557878044833,6.7601417938437915,6.699207431464982,6.702792167663574,751680,0.0,0.0
2003-09-23 00:00:00-04:00,6.684869007598125,6.752972424944379,6.631103302924682,6.7422194480896,2098800,0.0,0.0
2003-09-24 00:00:00-04:00,6.760141968758256,6.795986050073083,6.742220338300669,6.792401313781738,562800,0.0,0.0
2003-09-25 00:00:00-04:00,6.817491557400573,6.842582247078058,6.631103342539385,6.645441055297852,668880,0.0,0.0
2003-09-26 00:00:00-04:00,6.638274067583624,6.692039782729713,6.631104594551067,6.659780025482178,779760,0.0,0.0
2003-09-29 00:00:00-04:00,6.638273826455584,6.7350518640832755,6.616767459138373,6.674117088317871,1036320,0.0,0.0
2003-09-30 00:00:00-04:00,6.67411733074788,6.774480108407206,6.656195699165751,6.659780025482178,690000,0.0,0.0
2003-10-01 00:00:00-04:00,6.702792464837683,6.795986175537109,6.6920394863646155,6.795986175537109,1787280,0.0,0.0
2003-10-02 00:00:00-04:00,6.810322601983565,7.236863897252408,6.810322601983565,7.233278751373291,3806400,0.0,0.0
2003-10-03 00:00:00-04:00,7.2332786608946655,7.864130602607325,7.161591331799809,7.84979248046875,5289120,0.0,0.0
2003-10-06 00:00:00-04:00,7.849793973380063,7.9752470282551995,7.731509570737829,7.774522304534912,1958160,0.0,0.0
2003-10-07 00:00:00-04:00,7.756600071951345,7.860546341660685,7.688496240225078,7.824702262878418,2320080,0.0,0.0
2003-10-08 00:00:00-04:00,7.796030019085875,8.05768998658437,7.778108384462637,7.9465742111206055,2082000,0.0,0.0
2003-10-09 00:00:00-04:00,8.011089444507196,8.064855145477043,7.978829695765492,7.989583492279053,1926720,0.0,0.0
2003-10-10 00:00:00-04:00,7.97524248110205,7.97882680517487,7.806776788481995,7.842620849609375,2401680,0.0,0.0
2003-10-13 00:00:00-04:00,7.849792328082505,8.043349179400499,7.849792328082505,7.968076705932617,3998400,0.0,0.0
2003-10-14 00:00:00-04:00,7.978831354863047,8.294257795927862,7.960909724279683,8.21181583404541,2285520,0.0,0.0
2003-10-15 00:00:00-04:00,8.215399417611579,8.215399417611579,7.634729672784675,7.84979248046875,6232800,0.0,0.0
2003-10-16 00:00:00-04:00,7.8139479768254825,8.100698918264582,7.8139479768254825,8.029010772705078,4241520,0.0,0.0
2003-10-17 00:00:00-04:00,8.036180528670128,8.179555184076541,7.964492380567432,7.968076705932617,920640,0.0,0.0
2003-10-20 00:00:00-04:00,7.8677144091970925,7.874883880740924,7.749430024517137,7.810365200042725,3501840,0.0,0.0
2003-10-21 00:00:00-04:00,7.8139490406403125,7.849793118299987,7.735093054268514,7.760183334350586,839040,0.0,0.0
2003-10-22 00:00:00-04:00,7.684913110741082,7.742263153480959,7.455512939781572,7.552291393280029,862320,0.0,0.0
2003-10-23 00:00:00-04:00,7.43758792240773,7.645482063293457,7.419666296607044,7.645482063293457,1175280,0.0,0.0
2003-10-24 00:00:00-04:00,7.591717099053663,7.80677991104045,7.520029768524575,7.731508255004883,1913280,0.0,0.0
2003-10-27 00:00:00-05:00,7.688494785614545,7.688494785614545,7.5881320403318195,7.645482063293457,1750320,0.0,0.0
2003-10-28 00:00:00-05:00,7.616809660019607,7.616809660019607,7.448343047280439,7.584549903869629,5171760,0.0,0.0
2003-10-29 00:00:00-05:00,7.52002987362871,7.688495635986328,7.494938774333153,7.688495635986328,1056240,0.0,0.0
2003-10-30 00:00:00-05:00,7.652652096644781,7.770936489105225,7.598886389126434,7.770936489105225,1037040,0.0,0.0
2003-10-31 00:00:00-05:00,7.720755230792738,7.77810525894165,7.63831410385395,7.77810525894165,1154640,0.0,0.0
2003-11-03 00:00:00-05:00,7.742259464995826,7.788856506347656,7.6634026810467795,7.788856506347656,965280,0.0,0.0
2003-11-04 00:00:00-05:00,7.778103357237647,7.842622020580771,7.695662250455261,7.8067779541015625,609840,0.0,0.0
2003-11-05 00:00:00-05:00,7.803169724178142,7.842853193919338,7.777916306813083,7.810384750366211,918720,0.05833,0.0
2003-11-06 00:00:00-05:00,7.828422898179356,8.333482147004647,7.712980005638599,7.821207046508789,558480,0.0,0.0
2003-11-07 00:00:00-05:00,7.817600618085213,7.828423157389222,7.727411139138158,7.7743096351623535,615840,0.0,0.0
2003-11-10 00:00:00-05:00,7.738235204346679,7.738235204346679,7.528996100381968,7.557857036590576,639360,0.0,0.0
2003-11-11 00:00:00-05:00,7.557855003918554,7.626398573632221,7.536209926863742,7.5506391525268555,474480,0.0,0.0
2003-11-12 00:00:00-05:00,7.53260238914543,7.673297882080079,7.521779849467422,7.673297882080078,596880,0.0,0.0
2003-11-13 00:00:00-05:00,7.648044912306909,7.770702846304756,7.648044912306909,7.723803520202637,629040,0.0,0.0
2003-11-14 00:00:00-05:00,7.738231301554629,7.915002692050017,7.738231301554629,7.803167343139648,861600,0.0,0.0
2003-11-17 00:00:00-05:00,7.792346498930362,7.792346498930362,7.630005946869312,7.680511951446533,474000,0.0,0.0
2003-11-18 00:00:00-05:00,7.644438008368961,7.6841206550598145,7.572286090244567,7.6841206550598145,764880,0.0,0.0
2003-11-19 00:00:00-05:00,7.666084126119356,7.756272797423135,7.619185620702038,7.749057769775391,899760,0.0,0.0
2003-11-20 00:00:00-05:00,7.702160403823922,7.785134885462277,7.611971719177533,7.644440174102783,533520,0.0,0.0
2003-11-21 00:00:00-05:00,7.6408302104778905,7.651652751250978,7.525388124151083,7.5362114906311035,480960,0.0,0.0
2003-11-24 00:00:00-05:00,7.467666062212631,7.496526167003632,7.189883425065148,7.373869895935059,1824240,0.0,0.0
2003-11-25 00:00:00-05:00,7.359440161033919,7.543425834776987,7.2872890621417845,7.48209810256958,587040,0.0,0.0
2003-11-26 00:00:00-05:00,7.48209630440008,7.485702991485596,7.35943839234275,7.485702991485596,321600,0.0,0.0
2003-11-28 00:00:00-05:00,7.48570063550953,7.756268138307543,7.438802983970166,7.666079521179199,388800,0.0,0.0
2003-12-01 00:00:00-05:00,7.539816953785311,7.543424466790355,7.099693761515652,7.175453186035156,4240320,0.0,0.0
2003-12-02 00:00:00-05:00,7.204313991618029,7.258427517669949,7.121340358715421,7.207921504974365,2392560,0.0,0.0
2003-12-03 00:00:00-05:00,7.243998724337987,7.474882922133312,7.236782870663238,7.330580711364746,826560,0.0,0.0
2003-12-04 00:00:00-05:00,7.2512127466649,7.64804500980396,7.2512127466649,7.478489398956299,1080960,0.0,0.0
2003-12-05 00:00:00-05:00,7.521776044697292,8.073733546145304,7.377473111529972,7.936646461486816,1921440,0.0,0.0
2003-12-08 00:00:00-05:00,8.207217498176702,8.60044219108738,8.178356568766194,8.506645202636719,3667680,0.0,0.0
2003-12-09 00:00:00-05:00,8.53189914912565,8.557151741435213,8.261331531560428,8.319051742553711,2080080,0.0,0.0
2003-12-10 00:00:00-05:00,8.355130938457641,8.535509144844125,8.27937230645918,8.322663307189941,1251600,0.0,0.0
2003-12-11 00:00:00-05:00,8.322655895446152,8.322655895446152,8.22885894834493,8.24328899383545,837840,0.0,0.0
2003-12-12 00:00:00-05:00,8.261330117225162,8.315443631474002,8.232469190962654,8.297405242919922,833040,0.0,0.0
2003-12-15 00:00:00-05:00,8.658163706186706,8.658163706186706,8.445317126695826,8.513860702514648,1784400,0.0,0.0
2003-12-16 00:00:00-05:00,8.531901016172066,8.849366374640669,8.52468516251201,8.737532615661621,1467360,0.0,0.0
2003-12-17 00:00:00-05:00,8.773607284132149,8.972023845010265,8.661772705453533,8.957592964172363,1041120,0.0,0.0
2003-12-18 00:00:00-05:00,8.957594696158173,9.249808323301892,8.943165463944277,9.23537826538086,1640640,0.0,0.0
2003-12-19 00:00:00-05:00,9.37967999077642,9.66828608789434,9.332782305059173,9.664678573608398,1920480,0.0,0.0
2003-12-22 00:00:00-05:00,9.65024715992243,9.653854674009931,9.282274943047888,9.332781791687012,1650720,0.0,0.0
2003-12-23 00:00:00-05:00,9.325561676956767,9.325561676956767,8.925122016255548,9.018918991088867,1708800,0.0,0.0
2003-12-24 00:00:00-05:00,9.000881432235815,9.076640026144258,8.968412991585485,9.004488945007324,331200,0.0,0.0
2003-12-26 00:00:00-05:00,9.018921572665702,9.195692209906824,9.018921572665702,9.127148628234863,405120,0.0,0.0
2003-12-29 00:00:00-05:00,9.098283435991714,9.343598365783691,9.08385338885881,9.343598365783691,1312320,0.0,0.0
2003-12-30 00:00:00-05:00,9.37967479890561,9.386890649190443,9.22815680564354,9.307523727416992,1148400,0.0,0.0
2003-12-31 00:00:00-05:00,9.30752242224491,9.451825370693516,9.30752242224491,9.343598365783691,599040,0.0,0.0
2004-01-02 00:00:00-05:00,9.397717778981843,9.668285461431347,9.390501925170422,9.487906455993652,615360,0.0,0.0
2004-01-05 00:00:00-05:00,9.21733701624272,10.000179801923363,9.21733701624272,9.545625686645508,2078160,0.0,0.0
2004-01-06 00:00:00-05:00,9.560053948675991,9.635812534296065,9.415750976482848,9.505940437316895,684240,0.0,0.0
2004-01-07 00:00:00-05:00,9.505940914274031,9.570876966021759,9.430182324852797,9.444611549377441,687840,0.0,0.0
2004-01-08 00:00:00-05:00,9.444612141545797,9.578092591674885,9.43739711597775,9.480688095092773,739680,0.0,0.0
2004-01-09 00:00:00-05:00,9.523982168047027,9.866700948100927,9.480691174869047,9.751258850097656,1022640,0.0,0.0
2004-01-12 00:00:00-05:00,9.830620763349597,9.902771831146095,9.704355362572482,9.845050811767578,1023840,0.0,0.0
2004-01-13 00:00:00-05:00,9.845052759353292,9.866697836262174,9.520371651479508,9.63581371307373,1391280,0.0,0.0
2004-01-14 00:00:00-05:00,9.63581606900013,9.711575508117676,9.538412373388505,9.711575508117676,513840,0.0,0.0
2004-01-15 00:00:00-05:00,9.657460063929909,9.66467508990108,9.17043837951465,9.26423454284668,845520,0.0,0.0
2004-01-16 00:00:00-05:00,9.264235587052102,9.379677667016336,9.127148426734658,9.336386680603027,713760,0.0,0.0
2004-01-20 00:00:00-05:00,9.33277575840986,9.852264882544032,9.33277575840986,9.830619812011719,1250160,0.0,0.0
2004-01-21 00:00:00-05:00,9.834232158794729,10.090370595103392,9.762081056449222,9.956890106201172,782160,0.0,0.0
2004-01-22 00:00:00-05:00,10.011004501217913,10.28157219044002,9.873917312389144,9.913599967956543,1032000,0.0,0.0
2004-01-23 00:00:00-05:00,9.917205655476579,9.931634882480425,9.523980113455703,9.621384620666504,1116960,0.0,0.0
2004-01-26 00:00:00-05:00,9.632206868359528,9.635814381427899,9.307525737965387,9.365246772766113,958560,0.0,0.0
2004-01-27 00:00:00-05:00,9.365248916159702,9.45904592881795,9.32195874943159,9.368856430053711,590400,0.0,0.0
2004-01-28 00:00:00-05:00,9.289486887953124,9.289486887953124,7.987155033411485,8.297405242919922,4604160,0.0,0.0
2004-01-29 00:00:00-05:00,7.575889665183249,8.163923115955951,7.301714665680857,8.037657737731934,4469040,0.0,0.0
2004-01-30 00:00:00-05:00,7.91500633235334,8.463355838885272,7.91500633235334,8.333483695983887,1776240,0.0,0.0
2004-02-02 00:00:00-05:00,8.297407866765317,8.297407866765317,7.983549219730844,8.026840209960938,846960,0.0,0.0
2004-02-03 00:00:00-05:00,8.055701036650538,8.098992026296484,7.969119883065593,8.023233413696289,900960,0.0,0.0
2004-02-04 00:00:00-05:00,8.04488004272464,8.098993583761562,7.7923499093166395,7.835640907287598,1151040,0.0,0.0
2004-02-05 00:00:00-05:00,7.936650814824113,8.189180054248855,7.936650814824113,8.098991394042969,2842800,0.0,0.0
2004-02-06 00:00:00-05:00,8.095358923428366,8.4656400680542,7.9864527532965415,8.4656400680542,1233120,0.05833,0.0
2004-02-09 00:00:00-05:00,8.458378380973917,8.821399201195694,8.353102368036243,8.628998756408691,1865520,0.0,0.0
2004-02-10 00:00:00-05:00,8.748794794510511,8.748794794510511,8.52372135237935,8.527352333068848,882960,0.0,0.0
2004-02-11 00:00:00-05:00,8.50920099600211,8.614476163857287,8.327690194920562,8.349471092224121,2238960,0.0,0.0
2004-02-12 00:00:00-05:00,8.349471885502812,8.821398849909198,8.338581435816337,8.74516487121582,3912960,0.0,0.0
2004-02-13 00:00:00-05:00,8.912154706576366,9.12633688471726,8.614477414870542,8.658040046691895,3175200,0.0,0.0
2004-02-17 00:00:00-05:00,8.71249600100491,9.151750952329683,8.71249600100491,9.035584449768066,2369520,0.0,0.0
2004-02-18 00:00:00-05:00,9.093665169229864,9.257024423766929,8.44022815108161,8.647150039672852,7046640,0.0,0.0
2004-02-19 00:00:00-05:00,8.585438436357222,8.712495383740672,8.440229902998775,8.443860054016113,5240640,0.0,0.0
2004-02-20 00:00:00-05:00,8.476531016348353,8.494681768806151,8.280499566251398,8.316801071166992,2326800,0.0,0.0
2004-02-23 00:00:00-05:00,8.324059393133764,8.465637707177368,8.207892123953213,8.226043701171875,2059440,0.0,0.0
2004-02-24 00:00:00-05:00,8.204263948084746,8.276867774406337,8.186112368338332,8.24782657623291,1938960,0.0,0.0
2004-02-25 00:00:00-05:00,8.276865831813831,8.701599902518685,8.276865831813831,8.687078475952148,4025760,0.0,0.0
2004-02-26 00:00:00-05:00,8.65077744842733,9.03920921977729,8.570912506156569,8.92667293548584,21660240,0.0,0.0
2004-02-27 00:00:00-05:00,8.984759269238253,9.166269280542972,8.78509767518135,9.159008979797363,2737200,0.0,0.0
2004-03-01 00:00:00-05:00,9.983065688565485,10.894247567352966,9.482097453563886,9.62004566192627,5065440,0.0,0.0
2004-03-02 00:00:00-05:00,9.620043204625688,9.801553171581206,9.27517318725586,9.27517318725586,3233520,0.0,0.0
2004-03-03 00:00:00-05:00,9.362298235175828,9.413121157771522,9.166266843608438,9.322365760803223,2315040,0.0,0.0
2004-03-04 00:00:00-05:00,9.420383551587552,9.420383551587552,9.209831515564675,9.26065444946289,1382640,0.0,0.0
2004-03-05 00:00:00-05:00,9.220717975285188,9.656342459643351,9.202567232066187,9.474832534790039,2609040,0.0,0.0
2004-03-08 00:00:00-05:00,9.474840120482401,9.623677995815475,9.275178461670345,9.2860689163208,1583280,0.0,0.0
2004-03-09 00:00:00-05:00,9.311476401420846,9.333257300413983,9.22072099384003,9.253393173217773,750000,0.0,0.0
2004-03-10 00:00:00-05:00,9.246130941694783,9.344146628460878,8.988386203021538,9.002906799316406,1820400,0.0,0.0
2004-03-11 00:00:00-05:00,9.006536242180939,9.23886991912071,8.777833544918042,9.03920841217041,2363520,0.0,0.0
2004-03-12 00:00:00-05:00,9.166269619167094,9.231613159179688,9.075515025606121,9.231613159179688,913920,0.0,0.0
2004-03-15 00:00:00-05:00,9.28606443249463,9.28606443249463,9.028320473333206,9.079142570495605,1062720,0.0,0.0
2004-03-16 00:00:00-05:00,9.064621484564137,9.180787922968335,9.002907285204492,9.075511932373047,639840,0.0,0.0
2004-03-17 00:00:00-05:00,9.002906167889192,9.184416932396084,8.966604679698056,9.060989379882812,1888080,0.0,0.0
2004-03-18 00:00:00-05:00,9.064620995345328,9.18078742748001,8.988386203021538,9.002906799316406,1219680,0.0,0.0
2004-03-19 00:00:00-05:00,8.966608662093828,9.11544649155736,8.966608662093828,9.090035438537598,1421280,0.0,0.0
2004-03-22 00:00:00-05:00,9.075510690476081,9.075510690476081,8.821396121935106,8.857698440551758,1483920,0.0,0.0
2004-03-23 00:00:00-05:00,8.912156867701855,8.930307622492123,8.734276147204051,8.806879997253418,1328880,0.0,0.0
2004-03-24 00:00:00-05:00,8.894004384886694,8.941197173469357,8.676192025820994,8.708864212036133,1408800,0.0,0.0
2004-03-25 00:00:00-05:00,8.766946209894499,9.111815452575684,8.727014559043141,9.111815452575684,1690800,0.0,0.0
2004-03-26 00:00:00-05:00,9.2134612255648,9.26428415703472,9.079143181362836,9.08277416229248,1478160,0.0,0.0
2004-03-29 00:00:00-05:00,9.082771476475969,9.336886058682742,9.082771476475969,9.202568054199219,813360,0.0,0.0
2004-03-30 00:00:00-05:00,9.275174907448228,9.511138822229492,9.238873405857351,9.329627990722656,2770800,0.0,0.0
2004-03-31 00:00:00-05:00,9.736206028387764,9.892304890878616,9.620039626275421,9.7289457321167,17812320,0.0,0.0
2004-04-01 00:00:00-05:00,10.073818629490132,10.073818629490132,9.801553261125534,9.805183410644531,5803680,0.0,0.0
2004-04-02 00:00:00-05:00,9.91046018716736,10.335194361366423,9.91046018716736,10.117382049560547,4149600,0.0,0.0
2004-04-05 00:00:00-04:00,10.135532855178006,10.400537946806669,10.128272555529007,10.320672988891602,2580720,0.0,0.0
2004-04-06 00:00:00-04:00,10.291631685801235,10.487663097885992,10.226288158735658,10.36060619354248,2855520,0.0,0.0
2004-04-07 00:00:00-04:00,10.327936221475344,10.393279762503758,10.099233412431792,10.26622200012207,1848720,0.0,0.0
2004-04-08 00:00:00-04:00,10.346085384874756,10.386017034937053,10.186356291961346,10.21902847290039,1740960,0.0,0.0
2004-04-12 00:00:00-04:00,10.382388669784556,10.407799722159043,10.208138960837903,10.331564903259277,991920,0.0,0.0
2004-04-13 00:00:00-04:00,10.295264100189975,10.375128243973462,9.58374378375806,9.812446594238281,2688480,0.0,0.0
2004-04-14 00:00:00-04:00,9.728948421285855,9.975801886285197,9.59100026134255,9.783401489257812,2014320,0.0,0.0
2004-04-15 00:00:00-04:00,9.801554298236594,10.211767053503978,9.801554298236594,9.979434967041016,1858080,0.0,0.0
2004-04-16 00:00:00-04:00,9.983064104510552,10.20087641828815,9.983064104510552,10.14642333984375,2245440,0.0,0.0
2004-04-19 00:00:00-04:00,10.200878933793788,10.364238209410885,10.026629205979866,10.346087455749512,2280240,0.0,0.0
2004-04-20 00:00:00-04:00,10.346086739145639,10.509446003447938,10.066560997680128,10.110123634338379,2442000,0.0,0.0
2004-04-21 00:00:00-04:00,9.983068764540437,10.117386863875703,9.89231414536148,10.048412322998047,1890960,0.0,0.0
2004-04-22 00:00:00-04:00,10.052036134122474,10.600196933214194,10.052036134122474,10.52396297454834,5130480,0.0,0.0
2004-04-23 00:00:00-04:00,10.799859889737064,11.162880676504766,10.7635583926819,10.876093864440918,4469280,0.0,0.0
2004-04-26 00:00:00-04:00,11.616656892516458,11.649329073160844,11.133840299012974,11.202813148498535,5808000,0.0,0.0
2004-04-27 00:00:00-04:00,11.536792668784027,11.540422818727551,11.072125998020574,11.173771858215332,3662160,0.0,0.0
2004-04-28 00:00:00-04:00,11.173771156402323,11.173771156402323,10.60019919247059,10.701844215393066,3087120,0.0,0.0
2004-04-29 00:00:00-04:00,10.43684006951633,10.61835004981546,10.346084663922756,10.367865562438965,3090480,0.0,0.0
2004-04-30 00:00:00-04:00,10.454991502671993,10.58204841410983,10.258960079641664,10.393278121948242,4366080,0.0,0.0
2004-05-03 00:00:00-04:00,10.444102349113033,10.872466748249312,10.444102349113033,10.73814868927002,1780560,0.0,0.0
2004-05-04 00:00:00-04:00,10.799861166277289,10.963220414998565,10.745408083370195,10.828903198242188,4080480,0.0,0.0
2004-05-05 00:00:00-04:00,11.024933497110615,11.032193796634383,10.836162385940552,10.890615463256836,2569920,0.0,0.0
2004-05-06 00:00:00-04:00,10.828902512473581,10.88335559193229,10.49855388581662,10.614720344543457,1647840,0.0,0.0
2004-05-07 00:00:00-04:00,10.614713376949869,10.815335385737018,10.111335383782837,10.14051628112793,1703760,0.05833,0.0
2004-05-10 00:00:00-04:00,9.848707505486765,9.92530822990866,9.064458852789393,9.589723587036133,4094160,0.0,0.0
2004-05-11 00:00:00-04:00,9.848703330433095,9.98366748801099,9.739273293428283,9.899770736694336,2433600,0.0,0.0
2004-05-12 00:00:00-04:00,10.341142106814203,10.37761907684407,9.812229798364614,10.173349380493164,2495520,0.0,0.0
2004-05-13 00:00:00-04:00,10.2134731289633,10.34843648773406,10.049328029577559,10.20982551574707,1904160,0.0,0.0
2004-05-14 00:00:00-04:00,10.249951555373864,10.352086418059429,10.04568266488807,10.235361099243164,1278000,0.0,0.0
2004-05-17 00:00:00-04:00,10.249949978685434,10.341141985245455,10.067566800450601,10.118634223937988,1415280,0.0,0.0
2004-05-18 00:00:00-04:00,10.275479087080972,10.366671049082898,10.140514949922729,10.341136932373047,2152080,0.0,0.0
2004-05-19 00:00:00-04:00,10.523527812005828,10.69861580736304,10.32290651592139,10.428689002990723,2023680,0.0,0.0
2004-05-20 00:00:00-04:00,10.450573511467798,10.596480575263328,10.268190307887377,10.301019668579102,2005680,0.0,0.0
2004-05-21 00:00:00-04:00,10.38856323894816,10.487050486138012,10.264542693908888,10.301019668579102,1266960,0.0,0.0
2004-05-24 00:00:00-04:00,10.395859222719158,10.793455854363664,10.377621151500744,10.720501899719238,1643040,0.0,0.0
2004-05-25 00:00:00-04:00,10.93571186220428,11.0816180668001,10.753327854131733,10.972187995910645,3578640,0.0,0.0
2004-05-26 00:00:00-04:00,11.005017401438941,11.125390312990568,10.8408722943544,11.059732437133789,1773600,0.0,0.0
2004-05-27 00:00:00-04:00,11.107152820813774,11.161867859339951,10.943007705235246,11.052437782287598,1474800,0.0,0.0
2004-05-28 00:00:00-04:00,11.067029536037431,11.267650795798062,10.979485136766609,11.253060340881348,2274960,0.0,0.0
2004-06-01 00:00:00-04:00,11.264002442926582,11.563110923518115,11.234820700122787,11.537577629089355,2294880,0.0,0.0
2004-06-02 00:00:00-04:00,11.665246037217523,11.665246037217523,11.464623951157998,11.490158081054688,2080320,0.0,0.0
2004-06-03 00:00:00-04:00,11.490157549490016,11.526634518418382,11.14727604528784,11.201991081237793,2504400,0.0,0.0
2004-06-04 00:00:00-04:00,11.201992417323792,11.347899475554716,11.00866637918098,11.191049575805664,2175840,0.0,0.0
2004-06-07 00:00:00-04:00,11.253059859031424,11.5813500899119,11.253059859031424,11.50839614868164,1507680,0.0,0.0
2004-06-08 00:00:00-04:00,11.508396989851132,11.581350936413727,11.355194703932032,11.435443878173828,2094480,0.0,0.0
2004-06-09 00:00:00-04:00,11.398969138644219,11.398969138644219,11.096212956202551,11.107155799865723,1166880,0.0,0.0
2004-06-10 00:00:00-04:00,11.125391540095292,11.344251707014447,11.125391540095292,11.311422348022461,787920,0.0,0.0
2004-06-14 00:00:00-04:00,11.362488679677261,11.435441777956099,11.045141324603845,11.413556098937988,2391120,0.0,0.0
2004-06-15 00:00:00-04:00,11.453682646848012,11.851279258728027,11.453682646848012,11.851279258728027,2757840,0.0,0.0
2004-06-16 00:00:00-04:00,11.85127464411022,12.14673544254238,11.752787433004494,12.099315643310547,3090240,0.0,0.0
2004-06-17 00:00:00-04:00,12.146740668738143,12.340066726602014,12.073787549623429,12.299942970275879,3354720,0.0,0.0
2004-06-18 00:00:00-04:00,12.128502074365658,12.197807576278542,11.927879961849829,12.186863899230957,2948160,0.0,0.0
2004-06-21 00:00:00-04:00,12.219692798765646,12.544336281506514,12.197807115268317,12.456791877746582,2889600,0.0,0.0
2004-06-22 00:00:00-04:00,12.482320995997798,12.67929458618164,12.402072681823277,12.67929458618164,1745520,0.0,0.0
2004-06-23 00:00:00-04:00,12.679295904064984,13.011234538004725,12.624580873068233,12.945576667785645,2989200,0.0,0.0
2004-06-24 00:00:00-04:00,12.949227602044829,13.062304471228995,12.839797511984973,12.90180778503418,3218400,0.0,0.0
2004-06-25 00:00:00-04:00,12.894511092638064,13.313992500305176,12.854386508203481,13.313992500305176,6120720,0.0,0.0
2004-06-28 00:00:00-04:00,13.303051103967169,13.397890737515628,12.661061022847344,12.672004699707031,3592800,0.0,0.0
2004-06-29 00:00:00-04:00,12.675650596758715,13.193619227353338,12.584458589553833,13.131608963012695,2617920,0.0,0.0
2004-06-30 00:00:00-04:00,13.295754075050354,13.313992142537245,12.982055139849763,13.131608963012695,2163360,0.0,0.0
2004-07-01 00:00:00-04:00,13.13161295729124,13.13161295729124,12.912752741336385,13.011240005493164,1374240,0.0,0.0
2004-07-02 00:00:00-04:00,13.058656001607604,13.117017818206662,12.923691796066612,13.029474258422852,904560,0.0,0.0
2004-07-06 00:00:00-04:00,13.069598745576362,13.310345411693383,13.044064616117865,13.200915336608887,2159280,0.0,0.0
2004-07-07 00:00:00-04:00,13.11337177797961,13.489081002803895,13.11337177797961,13.463547706604004,1776720,0.0,0.0
2004-07-08 00:00:00-04:00,13.463549639304656,13.71159158385079,13.32129101314199,13.569332122802734,1857600,0.0,0.0
2004-07-09 00:00:00-04:00,13.386945180932942,13.94868597056018,13.277515113608926,13.813722610473633,4536000,0.0,0.0
2004-07-12 00:00:00-04:00,13.977866302668515,14.058113786119971,13.726176839236315,13.75535774230957,1944720,0.0,0.0
2004-07-13 00:00:00-04:00,13.751715340781836,13.76265818358121,13.521912302453384,13.569332122802734,1205760,0.0,0.0
2004-07-14 00:00:00-04:00,13.44166166894127,14.021640587579387,13.44166166894127,13.999754905700684,1928400,0.0,0.0
2004-07-15 00:00:00-04:00,13.999755521370814,14.262388724776613,13.788190581031655,14.04352855682373,2120880,0.0,0.0
2004-07-16 00:00:00-04:00,14.171192357087232,14.317100212682648,13.828310900162192,13.861140251159668,2896080,0.0,0.0
2004-07-19 00:00:00-04:00,13.904915502076669,13.93409724659723,13.817371103400248,13.864790916442871,1405680,0.0,0.0
2004-07-20 00:00:00-04:00,13.861143302738459,14.00705035557074,13.682407726566463,13.864790916442871,1814400,0.0,0.0
2004-07-21 00:00:00-04:00,13.93409650579957,14.032583740353214,13.168085980203772,13.21915340423584,2640720,0.0,0.0
2004-07-22 00:00:00-04:00,13.186321829492472,13.204559893976828,12.759544441477942,13.17902660369873,2527920,0.0,0.0
2004-07-23 00:00:00-04:00,13.131606992131811,13.368705173416938,13.003938869114448,13.025824546813965,1229280,0.0,0.0
2004-07-26 00:00:00-04:00,12.949223766004426,13.014881633612978,11.4974512783327,11.628767013549805,9861120,0.0,0.0
2004-07-27 00:00:00-04:00,11.672540323421678,11.978944848170807,11.533929349048378,11.946115493774414,3874560,0.0,0.0
2004-07-28 00:00:00-04:00,11.957058911599097,12.420313334394892,11.957058911599097,12.394779205322266,2810400,0.0,0.0
2004-07-29 00:00:00-04:00,12.394781067021526,12.631880151657388,12.321827952071823,12.551630973815918,2646480,0.0,0.0
2004-07-30 00:00:00-04:00,12.55162893558781,13.168085620650839,12.540686095355136,13.073246002197266,2568000,0.0,0.0
2004-08-02 00:00:00-04:00,12.985701262975766,12.985701262975766,12.551628599616972,12.752250671386719,2638800,0.0,0.0
2004-08-03 00:00:00-04:00,12.759545317389879,12.9200428005252,12.748602477948067,12.91639518737793,1837440,0.0,0.0
2004-08-04 00:00:00-04:00,12.817515376781946,12.956677366494311,12.542854327006626,12.546516418457031,4327440,0.05833,0.0
2004-08-05 00:00:00-04:00,12.546514649473973,12.6160960536191,11.978882172704076,12.022828102111816,3138000,0.0,0.0
2004-08-06 00:00:00-04:00,11.795777308646516,11.869020822573678,11.579711373338784,11.6419677734375,2199600,0.0,0.0
2004-08-09 00:00:00-04:00,11.609004483963828,12.055787097194727,11.590694030298199,11.938597679138184,1262880,0.0,0.0
2004-08-10 00:00:00-04:00,11.909302801854011,12.01184303469567,11.82873511682172,11.927613258361816,1613760,0.0,0.0
2004-08-11 00:00:00-04:00,11.927613131575258,12.00085663322587,11.792114078459857,11.901978492736816,1150560,0.0,0.0
2004-08-12 00:00:00-04:00,11.920287769447652,11.967895789349692,11.663937215436249,11.737180709838867,1069680,0.0,0.0
2004-08-13 00:00:00-04:00,11.792114953286047,11.898317284179244,11.682250530858536,11.7628173828125,814320,0.0,0.0
2004-08-16 00:00:00-04:00,11.854369884450714,12.707649679616093,11.854369884450714,12.363408088684082,2604480,0.0,0.0
2004-08-17 00:00:00-04:00,12.440314690092123,12.480597695275561,12.05945048094771,12.10339641571045,1525440,0.0,0.0
2004-08-18 00:00:00-04:00,12.103394292954695,12.3560827448734,11.989868641876733,12.34509563446045,1022400,0.0,0.0
2004-08-19 00:00:00-04:00,12.432988185240845,12.597784792283207,12.341435073461014,12.436650276184082,1365600,0.0,0.0
2004-08-20 00:00:00-04:00,12.43665091973996,12.616096738039895,12.359746167753512,12.374395370483398,961920,0.0,0.0
2004-08-23 00:00:00-04:00,12.414679308075977,12.608772667327965,12.205936744990652,12.246220588684082,1173360,0.0,0.0
2004-08-24 00:00:00-04:00,12.183966671103002,12.32312784929086,12.037480470411268,12.191290855407715,1638720,0.0,0.0
2004-08-25 00:00:00-04:00,11.352657593093035,11.557737239564322,10.913199890627485,11.110956192016602,14439600,0.0,0.0
2004-08-26 00:00:00-04:00,11.0230631232623,11.385616023838363,11.001090575796642,11.352656364440918,2974080,0.0,0.0
2004-08-27 00:00:00-04:00,11.356315443282927,11.887326954028703,11.352654190938566,11.722530364990234,2555760,0.0,0.0
2004-08-30 00:00:00-04:00,11.75549345851132,11.821411945779053,11.352657513476034,11.392940521240234,1369920,0.0,0.0
2004-08-31 00:00:00-04:00,11.396604056095072,11.784790817080278,11.396604056095072,11.748169898986816,2332800,0.0,0.0
2004-09-01 00:00:00-04:00,11.700562416874503,12.01550651826751,11.66027940507949,11.967899322509766,2000880,0.0,0.0
2004-09-02 00:00:00-04:00,12.011844606999608,12.334112874715524,11.927614819640404,12.282843589782715,1558080,0.0,0.0
2004-09-03 00:00:00-04:00,12.22790919761163,12.31213813177425,12.161989880894362,12.249881744384766,996240,0.0,0.0
2004-09-07 00:00:00-04:00,12.341440955573177,12.392711091413494,12.18030552447565,12.323129653930664,1364880,0.0,0.0
2004-09-08 00:00:00-04:00,12.286502197266445,12.473271339724974,12.194948252308956,12.205934524536133,826320,0.0,0.0
2004-09-09 00:00:00-04:00,12.121710538636767,12.802869752667695,12.088750870325935,12.663707733154297,3061440,0.0,0.0
2004-09-10 00:00:00-04:00,12.744275406654092,12.964004292975714,12.400032870070817,12.50257396697998,4045680,0.0,0.0
2004-09-13 00:00:00-04:00,12.652718005518153,12.982311245935694,12.579475342602796,12.83582592010498,2785680,0.0,0.0
2004-09-14 00:00:00-04:00,12.835826765103704,12.872447679872705,12.597786628110137,12.689340591430664,1606560,0.0,0.0
2004-09-15 00:00:00-04:00,12.70765088416773,12.795542754872582,12.528205889527579,12.531867980957031,941280,0.0,0.0
2004-09-16 00:00:00-04:00,12.52820338751126,12.744270091494098,12.52820338751126,12.579473495483398,980640,0.0,0.0
2004-09-17 00:00:00-04:00,12.583138153177911,12.707650938711717,12.476935824869958,12.542854309082031,1084800,0.0,0.0
2004-09-20 00:00:00-04:00,12.542858238184667,12.817519373606224,12.542858238184667,12.70033073425293,1990800,0.0,0.0
2004-09-21 00:00:00-04:00,12.700328038618693,12.934706105777998,12.674692557714183,12.861462593078613,3345360,0.0,0.0
2004-09-22 00:00:00-04:00,12.89075664529502,13.051891155748637,12.784553497065396,13.04090404510498,2749920,0.0,0.0
2004-09-23 00:00:00-04:00,14.00771293481203,14.00771293481203,12.861460758059707,12.87610912322998,1970160,0.0,0.0
2004-09-24 00:00:00-04:00,12.964003079558879,13.253313367482614,12.960340987676231,13.165421485900879,1689120,0.0,0.0
2004-09-27 00:00:00-04:00,13.165419930575728,13.165419930575728,12.872447585380263,12.942028999328613,1333200,0.0,0.0
2004-09-28 00:00:00-04:00,12.982312857831914,13.114149835088353,12.898083910751152,13.070204734802246,2300880,0.0,0.0
2004-09-29 00:00:00-04:00,13.092178371149577,13.092178371149577,12.73328832650972,12.817517280578613,1608720,0.0,0.0
2004-09-30 00:00:00-04:00,12.780894261497854,12.99696100647343,12.729623305599626,12.77723217010498,2245920,0.0,0.0
2004-10-01 00:00:00-04:00,12.865120804416696,12.92737718469356,12.641729918282543,12.729620933532715,2367360,0.0,0.0
2004-10-04 00:00:00-04:00,12.802868992999603,12.857801211458755,12.674693257795493,12.682018280029297,1881360,0.0,0.0
2004-10-05 00:00:00-04:00,12.780895135319758,13.213027816616563,12.780895135319758,13.05921745300293,1441680,0.0,0.0
2004-10-06 00:00:00-04:00,13.183729730223527,13.454728675002498,13.092175772141767,13.396134376525879,2187360,0.0,0.0
2004-10-07 00:00:00-04:00,13.39613164505381,13.568252414120876,12.993294982191648,13.022592544555664,2171280,0.0,0.0
2004-10-08 00:00:00-04:00,13.026257661565088,13.161757556907338,12.879772330307343,12.909069061279297,1186320,0.0,0.0
2004-10-11 00:00:00-04:00,13.00062523309201,13.114150923115602,12.73328832650972,12.817517280578613,1030080,0.0,0.0
2004-10-12 00:00:00-04:00,12.762580658478933,12.77722985960041,12.572149425888123,12.601446151733398,2050560,0.0,0.0
2004-10-13 00:00:00-04:00,12.601449109113334,12.601449109113334,11.759155470404796,12.198613166809082,5550960,0.0,0.0
2004-10-14 00:00:00-04:00,12.36707453276912,12.718640429611076,12.337777793798564,12.42933177947998,3178560,0.0,0.0
2004-10-15 00:00:00-04:00,12.396369986974548,12.498909394010123,12.220587068657615,12.407356262207031,2605440,0.0,0.0
2004-10-18 00:00:00-04:00,12.378057774351237,12.685678487298023,12.315801381107033,12.414679527282715,1956720,0.0,0.0
2004-10-19 00:00:00-04:00,12.414679101284618,12.517219335414973,12.052126190480784,12.08142375946045,1969200,0.0,0.0
2004-10-20 00:00:00-04:00,11.901979085988142,12.542854309082031,11.901979085988142,12.542854309082031,2566320,0.0,0.0
2004-10-21 00:00:00-04:00,12.616096574910564,12.909068052736142,12.561164370430836,12.89808177947998,1899600,0.0,0.0
2004-10-22 00:00:00-04:00,12.934705030815842,13.183730606340577,12.916393735063245,13.110487937927246,2579280,0.0,0.0
2004-10-25 00:00:00-04:00,13.114150523145614,13.304582653839672,13.051894961140613,13.165421485900879,1532880,0.0,0.0
2004-10-26 00:00:00-04:00,13.403460170225873,13.696431697825657,13.308244947630358,13.634175300598145,3079920,0.0,0.0
2004-10-27 00:00:00-04:00,13.586568693240348,13.634176728624041,13.205705248369956,13.275286674499512,2220720,0.0,0.0
2004-10-28 00:00:00-04:00,12.817518182884337,13.147111514771641,12.802869813875795,12.80653190612793,2261040,0.0,0.0
2004-10-29 00:00:00-04:00,12.96399974822998,13.36317436645636,12.927378000615011,12.96399974822998,2265120,0.0,0.0
2004-11-01 00:00:00-05:00,13.220353702339688,13.308245583921423,13.084853788084438,13.165421485900879,3282720,0.0,0.0
2004-11-02 00:00:00-05:00,13.165419849621784,13.213027038179282,12.898082984419299,12.949352264404297,2281680,0.0,0.0
2004-11-03 00:00:00-05:00,13.311905688479625,13.659810254692605,13.311905688479625,13.549945831298828,3652560,0.0,0.0
2004-11-04 00:00:00-05:00,13.549949067239552,13.809960983353799,13.502341027306164,13.76235294342041,1638240,0.0,0.0
2004-11-05 00:00:00-05:00,13.714741981120529,13.842916857811712,13.568255809045606,13.623188018798828,1107600,0.0,0.0
2004-11-08 00:00:00-05:00,13.626851455121647,13.681783670296339,13.36683874644169,13.403460502624512,1785840,0.0,0.0
2004-11-09 00:00:00-05:00,13.40345687035316,13.638734002884856,13.223322868347168,13.223322868347168,5232240,0.05833,0.0
2004-11-10 00:00:00-05:00,13.226995468139648,13.451244082615762,13.182880807284949,13.226995468139648,2664720,0.0,0.0
2004-11-11 00:00:00-05:00,13.289490580549767,13.436539166201126,13.27110982287478,13.326252937316895,1495920,0.0,0.0
2004-11-12 00:00:00-05:00,13.300522294296643,13.932830610262014,13.289493836989251,13.749019622802734,2779920,0.0,0.0
2004-11-15 00:00:00-05:00,13.749018591921146,13.785780954940085,13.513741488001447,13.605646133422852,1510800,0.0,0.0
2004-11-16 00:00:00-05:00,13.605645170418873,14.043114819270098,13.605645170418873,13.734313011169434,2673120,0.0,0.0
2004-11-17 00:00:00-05:00,13.749021063696123,14.351919381941329,13.749021063696123,14.289423942565918,2794560,0.0,0.0
2004-11-18 00:00:00-05:00,14.282069396851366,14.388678653358317,14.17178314668263,14.311478614807129,2350080,0.0,0.0
2004-11-19 00:00:00-05:00,14.373976574767507,14.668072137335544,14.300450159873407,14.63498592376709,2902560,0.0,0.0
2004-11-22 00:00:00-05:00,14.704835918913828,15.127597675548543,14.704835918913828,15.032017707824707,3632400,0.0,0.0
2004-11-23 00:00:00-05:00,15.032012082622142,15.050391997350522,14.71218103577153,14.759973526000977,1882560,0.0,0.0
2004-11-24 00:00:00-05:00,14.771003661047743,15.362873365606422,14.771003661047743,15.315082550048828,2064240,0.0,0.0
2004-11-26 00:00:00-05:00,15.587127577472826,15.870193880816762,15.550364364885722,15.781966209411621,2333280,0.0,0.0
2004-11-29 00:00:00-05:00,16.06503173556192,16.13855815717907,15.403314135026147,15.656972885131836,2664240,0.0,0.0
2004-11-30 00:00:00-05:00,15.587127175273405,15.726822667561901,15.476840906027768,15.697413444519043,2909760,0.0,0.0
2004-12-01 00:00:00-05:00,15.697408195870867,15.826074345079505,15.465806434760353,15.587121963500977,4418400,0.0,0.0
2004-12-02 00:00:00-05:00,15.506243938073748,15.587120951985707,14.668067953321668,14.888640403747559,7858560,0.0,0.0
2004-12-03 00:00:00-05:00,14.767327562111653,15.186415630522722,14.748947643130997,15.16068172454834,4945200,0.0,0.0
2004-12-06 00:00:00-05:00,15.182742001117758,15.285677647823086,14.730569305218241,14.932760238647461,2104560,0.0,0.0
2004-12-07 00:00:00-05:00,14.932758217593253,14.947464510014271,14.333536121359831,14.462203979492188,2521200,0.0,0.0
2004-12-08 00:00:00-05:00,14.017382321415385,14.454851172756179,13.929153825543832,14.326183319091797,3453120,0.0,0.0
2004-12-09 00:00:00-05:00,14.182814388814037,14.50264388500725,14.068851129363036,14.454853057861328,1583760,0.0,0.0
2004-12-10 00:00:00-05:00,14.513671970774302,14.741595104943537,14.2453069526686,14.28207015991211,1595040,0.0,0.0
2004-12-13 00:00:00-05:00,14.429119216074971,14.83350102166554,14.407060619217399,14.745271682739258,2925840,0.0,0.0
2004-12-14 00:00:00-05:00,14.826150070461802,14.951140944169934,14.554109724174248,14.712186813354492,2427840,0.0,0.0
2004-12-15 00:00:00-05:00,14.778352934528009,14.910696057076363,14.70115291994431,14.844525337219238,1962960,0.0,0.0
2004-12-16 00:00:00-05:00,14.998928304680124,15.153328364094527,14.605574169663015,14.649689674377441,3325440,0.0,0.0
2004-12-17 00:00:00-05:00,14.980548859242434,15.201121341264805,14.748947079985149,15.164358139038086,2688960,0.0,0.0
2004-12-20 00:00:00-05:00,15.160676775438834,15.171706069494423,14.804085933039445,14.833495140075684,1706640,0.0,0.0
2004-12-21 00:00:00-05:00,15.421693149113807,15.513596102159523,15.234205201323405,15.429043769836426,3754560,0.0,0.0
2004-12-22 00:00:00-05:00,15.550355426699857,15.623878443943859,15.065096781553459,15.14229679107666,1483440,0.0,0.0
2004-12-23 00:00:00-05:00,15.157007702010189,15.41066642414532,15.065103050792697,15.138626098632812,960960,0.0,0.0
2004-12-27 00:00:00-05:00,15.311406624719218,15.384929658905643,14.870261688263144,14.907021522521973,1083600,0.0,0.0
2004-12-28 00:00:00-05:00,14.93643596555618,15.164360791321604,14.93643596555618,15.072454452514648,1885440,0.0,0.0
2004-12-29 00:00:00-05:00,15.201123213548952,15.201123213548952,14.984226015333876,15.138626098632812,1099440,0.0,0.0
2004-12-30 00:00:00-05:00,15.101861320105165,15.101861320105165,14.774677937806631,14.859231948852539,1608480,0.0,0.0
2004-12-31 00:00:00-05:00,14.951141262107404,15.234209231015248,14.870265901587205,15.090838432312012,778320,0.0,0.0
2005-01-03 00:00:00-05:00,15.09083477941481,15.09083477941481,14.52837428908216,14.653365135192871,4548960,0.0,0.0
2005-01-04 00:00:00-05:00,14.679099881350778,14.800413741139444,14.17913478540502,14.208545684814453,2237520,0.0,0.0
2005-01-05 00:00:00-05:00,14.263688471804237,14.392354632710184,13.874009630014728,13.932828903198242,2236080,0.0,0.0
2005-01-06 00:00:00-05:00,13.951211618998972,14.245307184729674,13.918125405074713,14.090907096862793,1985760,0.0,0.0
2005-01-07 00:00:00-05:00,14.116639261602083,14.22692550583335,14.021058466974317,14.079876899719238,1418400,0.0,0.0
2005-01-10 00:00:00-05:00,14.171781301498413,14.418087676895084,14.087228969467105,14.11663818359375,1970400,0.0,0.0
2005-01-11 00:00:00-05:00,14.226926874845832,14.278393008450063,13.951211237736416,13.954887390136719,1484880,0.0,0.0
2005-01-12 00:00:00-05:00,13.980618755069598,14.245305061340332,13.66078848667234,14.245305061340332,2226960,0.0,0.0
2005-01-13 00:00:00-05:00,14.282069195991532,14.892320556998929,14.186487556144916,14.748948097229004,3731520,0.0,0.0
2005-01-14 00:00:00-05:00,14.796742174040261,14.943791676511047,14.723219105640036,14.815125465393066,1998480,0.0,0.0
2005-01-18 00:00:00-05:00,15.017307558939134,15.204795500732267,14.918050622676947,15.006279945373535,2034480,0.0,0.0
2005-01-19 00:00:00-05:00,15.009959248538774,15.256265654814175,14.734243624449778,14.789386749267578,1472400,0.0,0.0
2005-01-20 00:00:00-05:00,14.649692966045881,14.88864541250485,14.52470041029888,14.697482109069824,1630560,0.0,0.0
2005-01-21 00:00:00-05:00,14.796735178208426,14.940107618055752,14.693802931114025,14.708507537841797,1505760,0.0,0.0
2005-01-24 00:00:00-05:00,14.840853005642721,14.9989300769763,14.521021869300535,14.583518981933594,1220880,0.0,0.0
2005-01-25 00:00:00-05:00,14.704834310647783,14.759977435105625,14.440146303549373,14.491612434387207,1511040,0.0,0.0
2005-01-26 00:00:00-05:00,14.491613785921869,14.697481694142335,14.340890690136836,14.612929344177246,1215600,0.0,0.0
2005-01-27 00:00:00-05:00,15.219506643041816,15.774615037809134,15.105543368362667,15.693737983703613,5709360,0.0,0.0
2005-01-28 00:00:00-05:00,15.524627325206572,15.605504357203573,15.274645607580883,15.337141036987305,2830080,0.0,0.0
2005-01-31 00:00:00-05:00,15.337142242079814,15.719468835863006,15.326112943091932,15.509923934936523,2629920,0.0,0.0
2005-02-01 00:00:00-05:00,15.719469443372997,15.80769879018159,15.565067665749256,15.623886108398438,2035920,0.0,0.0
2005-02-02 00:00:00-05:00,15.62388352335666,15.892248513463228,15.414340331836584,15.704760551452637,1874400,0.0,0.0
2005-02-03 00:00:00-05:00,15.708438308098374,15.789313657289018,15.531981317938712,15.675352096557617,1947360,0.0,0.0
2005-02-04 00:00:00-05:00,15.748874524083552,16.167962549113756,15.682702110666117,16.057676315307617,2897520,0.0,0.0
2005-02-07 00:00:00-05:00,16.12017173296406,16.193698140277576,15.914305533525164,16.002534866333008,1590240,0.0,0.0
2005-02-08 00:00:00-05:00,15.711174456136668,16.116860933954765,15.397687455328791,16.083669662475586,2158800,0.05833,0.0
2005-02-09 00:00:00-05:00,16.06891599448871,16.17955805699239,15.899264044126575,15.954585075378418,1593600,0.0,0.0
2005-02-10 00:00:00-05:00,16.035725584901105,16.116861872229794,15.914020309775987,15.987780570983887,1433520,0.0,0.0
2005-02-11 00:00:00-05:00,15.969342940486886,16.3713406247725,15.90295701052305,16.21275520324707,1794480,0.0,0.0
2005-02-14 00:00:00-05:00,16.24595271794951,16.393473296373042,16.098428762996377,16.142684936523438,1299360,0.0,0.0
2005-02-15 00:00:00-05:00,16.079982659824076,16.168494969034725,15.331303382436712,15.453008651733398,8080560,0.0,0.0
2005-02-16 00:00:00-05:00,14.944051695099379,16.168490180806096,14.936675671516202,15.862380981445312,7269120,0.0,0.0
2005-02-17 00:00:00-05:00,15.755427811052078,15.932455772721152,15.346052548989078,15.456694602966309,2993040,0.0,0.0
2005-02-18 00:00:00-05:00,15.449323438786248,15.991470686786974,15.445636269567736,15.93246078491211,2658960,0.0,0.0
2005-02-22 00:00:00-05:00,15.489885745790804,15.821811868914892,15.161648478557758,15.191152572631836,3823200,0.0,0.0
2005-02-23 00:00:00-05:00,15.194845385750284,15.563650034252023,15.047321500432783,15.375558853149414,2380560,0.0,0.0
2005-02-24 00:00:00-05:00,15.46407221863681,16.168493593213636,15.453007336794979,16.061538696289062,3761280,0.0,0.0
2005-02-25 00:00:00-05:00,16.227500248615645,17.00937234508179,16.227500248615645,16.872913360595703,4998000,0.0,0.0
2005-02-28 00:00:00-05:00,16.872917800715225,17.193779168832975,16.448788686772467,16.906110763549805,5499120,0.0,0.0
2005-03-01 00:00:00-05:00,16.83603321615062,16.8397220728662,16.21643866078503,16.253318786621094,3230640,0.0,0.0
2005-03-02 00:00:00-05:00,16.153739784120457,16.566803900036795,16.09841875746251,16.544675827026367,1709760,0.0,0.0
2005-03-03 00:00:00-05:00,16.670069329001915,16.85447501425172,16.651630111088025,16.706951141357422,2536080,0.0,0.0
2005-03-04 00:00:00-05:00,16.965120436114095,17.23434792772131,16.883982458772635,17.14952278137207,3464160,0.0,0.0
2005-03-07 00:00:00-05:00,17.186403628042484,17.407687780435612,16.965119475649352,17.175338745117188,3944640,0.0,0.0
2005-03-08 00:00:00-05:00,17.179017835808224,17.36342177217807,16.92822969789481,17.042560577392578,2654160,0.0,0.0
2005-03-09 00:00:00-05:00,17.241721000683974,17.367113413683306,16.78071019685349,16.83234405517578,4138800,0.0,0.0
2005-03-10 00:00:00-05:00,16.836034089768095,16.880291931331843,15.906641364361787,16.091045379638672,4983120,0.0,0.0
2005-03-11 00:00:00-05:00,16.183240089841572,16.920854168550683,16.183240089841572,16.784395217895508,3287040,0.0,0.0
2005-03-14 00:00:00-05:00,16.78440470055918,16.909800532277767,16.411911127716436,16.692203521728516,1837200,0.0,0.0
2005-03-15 00:00:00-05:00,16.54098868916851,16.898731815592814,16.526236638962303,16.640565872192383,1363920,0.0,0.0
2005-03-16 00:00:00-05:00,16.629503294686376,16.81021844880266,16.260695272813475,16.62581443786621,2324880,0.0,0.0
2005-03-17 00:00:00-05:00,17.149529335960942,17.850263918209027,16.83604219033133,17.79494285583496,4902000,0.0,0.0
2005-03-18 00:00:00-05:00,17.7949343212976,17.820749566630163,17.56627246410494,17.717483520507812,2449680,0.0,0.0
2005-03-21 00:00:00-05:00,17.924011754983972,18.163735066527114,17.780176755099884,17.817058563232422,3620400,0.0,0.0
2005-03-22 00:00:00-05:00,17.794935211863677,18.160052716081207,17.433503188215198,17.503576278686523,3043440,0.0,0.0
2005-03-23 00:00:00-05:00,17.411372202054714,17.41505937027198,16.725390087259523,16.810216903686523,2804160,0.0,0.0
2005-03-24 00:00:00-05:00,16.85447396120419,17.175335241414107,16.813903294842394,17.06838035583496,2008560,0.0,0.0
2005-03-28 00:00:00-05:00,17.068387940713873,17.072076798663755,16.721709577063372,17.024131774902344,2773680,0.0,0.0
2005-03-29 00:00:00-05:00,16.94667922371323,17.190093175641064,16.341836577995917,16.400846481323242,4361040,0.0,0.0
2005-03-30 00:00:00-05:00,16.40084128103517,16.928234633127175,16.087354328986578,16.82128143310547,4230240,0.0,0.0
2005-03-31 00:00:00-05:00,17.389244285852932,17.507264070084272,17.020439635252057,17.34130096435547,2553360,0.0,0.0
2005-04-01 00:00:00-05:00,17.70273213097631,17.74330111721168,17.492512862226608,17.69904327392578,3155040,0.0,0.0
2005-04-04 00:00:00-04:00,17.813374279466874,18.034658432006836,17.518329868256327,18.034658432006836,3367200,0.0,0.0
2005-04-05 00:00:00-04:00,18.034652114127244,18.15635903069363,17.86868905786227,17.997770309448242,2357040,0.0,0.0
2005-04-06 00:00:00-04:00,17.957199053978094,18.00883120554044,17.665840289812454,17.960887908935547,2319600,0.0,0.0
2005-04-07 00:00:00-04:00,18.071534964451956,18.163734416693725,17.684287810760324,17.783864974975586,3279120,0.0,0.0
2005-04-08 00:00:00-04:00,17.746983931240596,17.890818932163345,17.4113706173512,17.426122665405273,2042640,0.0,0.0
2005-04-11 00:00:00-04:00,17.370805155704915,17.37449401259664,17.101576003585727,17.33392333984375,1703760,0.0,0.0
2005-04-12 00:00:00-04:00,17.27859990725832,17.311792861622905,16.972490670008487,17.208528518676758,2030160,0.0,0.0
2005-04-13 00:00:00-04:00,17.186401444825677,17.197464638081495,16.397153271720782,16.507795333862305,3906000,0.0,0.0
2005-04-14 00:00:00-04:00,16.507796719400332,16.54098967848153,15.434568964201828,16.043100357055664,5401920,0.0,0.0
2005-04-15 00:00:00-04:00,15.840260775873622,16.319711039259918,15.475143167640843,15.478830337524414,3571440,0.0,0.0
2005-04-18 00:00:00-04:00,15.416133944233579,15.862389520157333,15.323931067415762,15.770188331604004,3273600,0.0,0.0
2005-04-19 00:00:00-04:00,16.22750602287192,16.40453404888729,16.172184975775163,16.33814811706543,2823600,0.0,0.0
2005-04-20 00:00:00-04:00,16.38609133985596,16.478292502650184,15.877137139520428,15.880825996398926,1788240,0.0,0.0
2005-04-21 00:00:00-04:00,16.153746015564995,16.426662397834257,15.914022599747721,16.38240623474121,2247120,0.0,0.0
2005-04-22 00:00:00-04:00,16.467224001837135,16.891349551665247,16.304948116758403,16.559423446655273,2300880,0.0,0.0
2005-04-25 00:00:00-04:00,16.688514410704293,17.094200900967575,16.59631155433745,16.74383544921875,1894800,0.0,0.0
2005-04-26 00:00:00-04:00,16.83234900397184,16.84341388779796,16.32339642499082,16.375028610229492,2452080,0.0,0.0
2005-04-27 00:00:00-04:00,16.264384772352724,16.323394665959317,15.567339373027654,15.965651512145996,3174960,0.0,0.0
2005-04-28 00:00:00-04:00,16.245943158714002,16.378713289437037,15.434566948686056,15.73698902130127,5451840,0.0,0.0
2005-04-29 00:00:00-04:00,15.94720458984375,16.28650670739808,15.711168480959296,15.94720458984375,3488640,0.0,0.0
2005-05-02 00:00:00-04:00,15.947212049537697,16.60368852307057,15.880827812509287,16.57418441772461,3067440,0.0,0.0
2005-05-03 00:00:00-04:00,16.85447575564125,17.14952013788044,16.640565961708734,16.780712127685547,3759840,0.0,0.0
2005-05-04 00:00:00-04:00,16.854474872419136,17.046253204345703,16.688511783007552,17.046253204345703,2687280,0.0,0.0
2005-05-05 00:00:00-04:00,17.164629209903428,17.368090396727833,16.946372847138242,17.238616943359375,3971040,0.05833,0.0
2005-05-06 00:00:00-04:00,17.442072159541276,17.723217715416684,17.331093962583886,17.671428680419922,3290400,0.0,0.0
2005-05-09 00:00:00-04:00,17.73061961079208,17.848997957826043,17.601146151324752,17.81200408935547,2387760,0.0,0.0
2005-05-10 00:00:00-04:00,17.81569474892629,17.81569474892629,17.27929917979705,17.36808204650879,2258160,0.0,0.0
2005-05-11 00:00:00-04:00,17.37178851909572,17.59004485746618,17.312599354982485,17.553050994873047,1248720,0.0,0.0
2005-05-12 00:00:00-04:00,17.386576857126816,17.686219236706705,16.313789131596298,16.52834701538086,3360240,0.0,0.0
2005-05-13 00:00:00-04:00,16.528355127869503,16.754009922110917,15.758906079633041,15.943868637084961,4146720,0.0,0.0
2005-05-16 00:00:00-04:00,15.906868129067995,16.31378685363191,15.714505564936948,16.221303939819336,5726400,0.0,0.0
2005-05-17 00:00:00-04:00,16.202817299087016,16.709617635960118,16.202817299087016,16.70591926574707,3609840,0.0,0.0
2005-05-18 00:00:00-04:00,16.831694716323813,17.179427922272705,16.794704236059932,16.868688583374023,2881920,0.0,0.0
2005-05-19 00:00:00-04:00,16.916776639112243,17.06844706773527,16.735512476141185,16.998159408569336,1387440,0.0,0.0
2005-05-20 00:00:00-04:00,17.090642191794977,17.090642191794977,16.831691938748282,16.913076400756836,1015200,0.0,0.0
2005-05-23 00:00:00-04:00,16.93527566380516,17.28300716556989,16.93527566380516,17.231216430664062,1704960,0.0,0.0
2005-05-24 00:00:00-04:00,17.231216265503498,17.319999172067433,16.913078504795372,17.146133422851562,1318080,0.0,0.0
2005-05-25 00:00:00-04:00,17.275608987272598,17.2904075513394,16.824299351550955,17.14983558654785,1555200,0.0,0.0
2005-05-26 00:00:00-04:00,17.275607054533666,17.545655840989408,17.183127469867262,17.534557342529297,1692480,0.0,0.0
2005-05-27 00:00:00-04:00,17.645537486820142,17.84529862723639,17.54935613427183,17.682531356811523,2054640,0.0,0.0
2005-05-31 00:00:00-04:00,17.682529769213446,17.83789859036915,17.286705894882537,17.701025009155273,5262720,0.0,0.0
2005-06-01 00:00:00-04:00,17.70102564703526,18.496368408203125,17.697325582877667,18.496368408203125,4679760,0.0,0.0
2005-06-02 00:00:00-04:00,18.48897133786299,18.581452619439542,18.215224170438763,18.555557250976562,2993040,0.0,0.0
2005-06-03 00:00:00-04:00,18.518561473672964,18.93288051488949,18.507462976950332,18.714622497558594,2082480,0.0,0.0
2005-06-06 00:00:00-04:00,18.829307207674233,19.09935606869,18.755322842156907,18.962482452392578,2668800,0.0,0.0
2005-06-07 00:00:00-04:00,19.051262008767136,19.273218472507285,18.72202737780285,18.736825942993164,3382320,0.0,0.0
2005-06-08 00:00:00-04:00,18.77381485146857,19.25102154708738,18.62584614593399,18.677635192871094,2208000,0.0,0.0
2005-06-09 00:00:00-04:00,18.67763581771281,19.280617626601455,18.644342011157075,19.239925384521484,2191680,0.0,0.0
2005-06-10 00:00:00-04:00,19.239919360370692,19.68383212640611,19.23622099046323,19.454477310180664,3148800,0.0,0.0
2005-06-13 00:00:00-04:00,19.417485204879604,20.0130701389594,19.310207066979768,19.831804275512695,2760240,0.0,0.0
2005-06-14 00:00:00-04:00,19.754118476115483,19.8096075729585,19.609846485645058,19.69862937927246,1744320,0.0,0.0
2005-06-15 00:00:00-04:00,19.787416810976048,19.976079444831925,19.698633896987037,19.724529266357422,3124080,0.0,0.0
2005-06-16 00:00:00-04:00,19.865096199858165,20.068557345731246,19.772613245045743,19.98347282409668,2731680,0.0,0.0
2005-06-17 00:00:00-04:00,20.013065663968998,20.161034308404563,19.794807679945063,20.03156089782715,5004960,0.0,0.0
2005-06-20 00:00:00-04:00,20.03156868838702,20.342308042730398,19.898395163209354,19.964981079101562,2230320,0.0,0.0
2005-06-21 00:00:00-04:00,19.994568874907895,20.087051826240813,19.5432593878599,19.646839141845703,2060640,0.0,0.0
2005-06-22 00:00:00-04:00,19.717120818225606,19.905785065867363,19.550653559759954,19.776309967041016,1548960,0.0,0.0
2005-06-23 00:00:00-04:00,19.77631725775692,19.890995535004716,19.5284654633195,19.53216552734375,1832640,0.0,0.0
2005-06-24 00:00:00-04:00,19.6246454985141,19.787412729425586,19.280612412792863,19.339799880981445,2253600,0.0,0.0
2005-06-27 00:00:00-04:00,19.310204008991324,19.661633795935305,19.273210152076285,19.624643325805664,1594800,0.0,0.0
2005-06-28 00:00:00-04:00,19.606153871297213,20.109255997402368,19.491477264061725,19.613554000854492,2030640,0.0,0.0
2005-06-29 00:00:00-04:00,19.613547086576474,19.876195711284364,19.46187665859626,19.794811248779297,1752720,0.0,0.0
2005-06-30 00:00:00-04:00,19.86879416374078,20.016764505055686,19.650536174573848,19.820703506469727,1557360,0.0,0.0
2005-07-01 00:00:00-04:00,19.902098040613538,20.630853314550546,19.86510416649554,20.616056442260742,3309840,0.0,0.0
2005-07-05 00:00:00-04:00,20.708533913763848,21.41509369091426,20.6937353520255,21.385499954223633,3411120,0.0,0.0
2005-07-06 00:00:00-04:00,21.585261759399792,21.59266019381091,21.26342562903333,21.33740997314453,2646240,0.0,0.0
2005-07-07 00:00:00-04:00,21.1783470793044,21.614859878217718,21.004479601918685,21.50758171081543,2143440,0.0,0.0
2005-07-08 00:00:00-04:00,21.936691476650665,22.28072460127921,21.640750715453525,21.940391540527344,3997920,0.0,0.0
2005-07-11 00:00:00-04:00,21.940392759277742,22.6913448956147,21.83311460839811,22.140153884887695,4015680,0.0,0.0
2005-07-12 00:00:00-04:00,22.214138074333185,22.314019483123133,22.00698020882108,22.206741333007812,3254400,0.0,0.0
2005-07-13 00:00:00-04:00,22.20673785510191,22.29182068773639,21.96258446744887,22.066165924072266,1943760,0.0,0.0
2005-07-14 00:00:00-04:00,22.12165473491078,22.24372973375757,21.400296465150493,21.529769897460938,3799680,0.0,0.0
2005-07-15 00:00:00-04:00,21.455788163053583,21.94409160440402,21.233831745459188,21.940391540527344,4362960,0.0,0.0
2005-07-18 00:00:00-04:00,21.640742135553616,22.12904538330658,21.640742135553616,21.818307876586914,2229600,0.0,0.0
2005-07-19 00:00:00-04:00,22.04766040117588,23.379398345947266,21.936682239111594,23.379398345947266,3276960,0.0,0.0
2005-07-20 00:00:00-04:00,23.305419047847334,23.97868659633674,23.305419047847334,23.949092864990234,5642880,0.0,0.0
2005-07-21 00:00:00-04:00,23.9490953266894,24.466992452058218,23.612460671146053,24.433698654174805,3199920,0.0,0.0
2005-07-22 00:00:00-04:00,24.433700067382077,24.785133303838887,23.930599780108924,24.485490798950195,3411120,0.0,0.0
2005-07-25 00:00:00-04:00,24.485486031687422,24.766629856686066,23.871407660205534,24.063770294189453,2546640,0.0,0.0
2005-07-26 00:00:00-04:00,24.067476764503738,24.489192643944364,23.95280017414845,24.4706974029541,2599920,0.0,0.0
2005-07-27 00:00:00-04:00,24.614971026223053,24.94050727084181,24.30423165271515,24.45220375061035,3678960,0.0,0.0
2005-07-28 00:00:00-04:00,24.452194868675406,25.5767719051525,24.433696246416194,25.166152954101562,4601280,0.0,0.0
2005-07-29 00:00:00-04:00,25.1661544997503,25.277132692979706,24.86281534674467,24.918304443359375,1302720,0.0,0.0
2005-08-01 00:00:00-04:00,24.970098485326098,25.802435101503633,24.970098485326098,25.732149124145508,2526720,0.0,0.0
2005-08-02 00:00:00-04:00,25.7321494428577,25.817232290882593,25.44730546579737,25.598974227905273,3784080,0.0,0.0
2005-08-03 00:00:00-04:00,25.602676749195112,25.854226946659153,25.487998457178644,25.5397891998291,3218160,0.0,0.0
2005-08-04 00:00:00-04:00,25.539781888658194,25.72512365052184,25.469354801957437,25.510128021240234,1417200,0.05833,0.0
2005-08-05 00:00:00-04:00,25.484180163915344,25.6324528954005,25.080141976278014,25.269187927246094,2059440,0.0,0.0
2005-08-08 00:00:00-04:00,25.38039517346574,25.903052298047772,25.18764161370475,25.23212242126465,2178240,0.0,0.0
2005-08-09 00:00:00-04:00,25.391512342558467,25.502716041294242,25.27289348019544,25.332202911376953,2353920,0.0,0.0
2005-08-10 00:00:00-04:00,25.613919763289886,25.74365628071025,25.376683735182183,25.502716064453125,3198960,0.0,0.0
2005-08-11 00:00:00-04:00,25.58055775799179,25.906753683774564,25.58055775799179,25.836326599121094,2126880,0.0,0.0
2005-08-12 00:00:00-04:00,25.799255235129817,25.880805057614875,25.280305830013393,25.625036239624023,2485440,0.0,0.0
2005-08-15 00:00:00-04:00,25.71771037587744,25.92158497143562,25.48047602544058,25.576852798461914,1506240,0.0,0.0
2005-08-16 00:00:00-04:00,25.317372597947198,25.51012611543132,24.987469105484305,25.028244018554688,2026800,0.0,0.0
2005-08-17 00:00:00-04:00,24.928159850432248,25.061605638432958,24.105253207540837,24.138614654541016,3684960,0.0,0.0
2005-08-18 00:00:00-04:00,24.094133042442486,24.279474798531055,23.7012142208961,23.741989135742188,3780720,0.0,0.0
2005-08-19 00:00:00-04:00,23.868022918701172,24.020001549813347,23.67526936735559,23.868022918701172,2663760,0.0,0.0
2005-08-22 00:00:00-04:00,24.03853399546857,24.3239584326506,23.89767641637485,23.997760772705078,1568640,0.0,0.0
2005-08-23 00:00:00-04:00,24.090430571116148,24.18309976545774,23.604840802718325,23.83466339111328,1603680,0.0,0.0
2005-08-24 00:00:00-04:00,23.74198333986049,23.953269632301563,23.552937441860585,23.60483169555664,1601760,0.0,0.0
2005-08-25 00:00:00-04:00,23.60483383792974,23.67155672414233,23.39354752631234,23.504751205444336,1646640,0.0,0.0
2005-08-26 00:00:00-04:00,23.567771244462403,23.856901547015454,23.556651892415793,23.693801879882812,2410320,0.0,0.0
2005-08-29 00:00:00-04:00,24.372134932490763,24.613078464005998,23.853185638021692,24.572301864624023,3360480,0.0,0.0
2005-08-30 00:00:00-04:00,24.79842565712987,25.72512430917193,24.7205834047478,25.41745948791504,4351440,0.0,0.0
2005-08-31 00:00:00-04:00,25.454525431461576,26.258899288044404,25.454525431461576,25.836326599121094,3386160,0.0,0.0
2005-09-01 00:00:00-04:00,25.98459456721141,26.295965240197035,25.880806039716525,25.951234817504883,2948160,0.0,0.0
2005-09-02 00:00:00-04:00,25.83632471288408,25.840030597516144,25.02824333356062,25.254358291625977,2271840,0.0,0.0
2005-09-06 00:00:00-04:00,25.254356071687358,25.49900382507495,25.11349853137836,25.28400993347168,1985280,0.0,0.0
2005-09-07 00:00:00-04:00,25.191343194817797,25.643571417946493,24.928159207200192,25.46564483642578,2725680,0.0,0.0
2005-09-08 00:00:00-04:00,25.46564469156386,26.700006313862197,25.435990827090308,26.355274200439453,3584400,0.0,0.0
2005-09-09 00:00:00-04:00,26.614748733216917,27.593339766686956,26.32561848443399,27.452482223510742,3073440,0.0,0.0
2005-09-12 00:00:00-04:00,27.24490953104669,27.689724380533168,26.911298393931833,27.007675170898438,2846640,0.0,0.0
2005-09-13 00:00:00-04:00,26.877932609184622,27.078099598561263,26.56285604052102,26.622163772583008,2026320,0.0,0.0
2005-09-14 00:00:00-04:00,26.714824863075833,26.95576498156768,26.470177164271405,26.922405242919922,1666080,0.0,0.0
2005-09-15 00:00:00-04:00,27.07810104863257,27.226373780395193,26.800091797619917,27.196718215942383,1593600,0.0,0.0
2005-09-16 00:00:00-04:00,27.28197471683556,28.264271775068202,27.259732620032462,28.075225830078125,3560640,0.0,0.0
2005-09-19 00:00:00-04:00,28.078931745197277,28.616417378472992,27.370934692110193,27.49325942993164,4696320,0.0,0.0
2005-09-20 00:00:00-04:00,27.400586344796153,27.541443888369734,26.855688986129824,26.874221801757812,2577840,0.0,0.0
2005-09-21 00:00:00-04:00,27.096638800166037,27.715674428822055,27.096638800166037,27.148534774780273,3632880,0.0,0.0
2005-09-22 00:00:00-04:00,27.356111960174186,27.430246633721698,26.473895770287502,26.948366165161133,2910960,0.0,0.0
2005-09-23 00:00:00-04:00,26.021664517743417,26.974309387678158,25.851151394289932,26.826038360595703,2995440,0.0,0.0
2005-09-26 00:00:00-04:00,26.466477807613558,27.608168554668705,26.444237409326824,27.34869384765625,2173920,0.0,0.0
2005-09-27 00:00:00-04:00,27.311624583646196,27.311624583646196,26.507250842969686,26.800086975097656,2600640,0.0,0.0
2005-09-28 00:00:00-04:00,26.892763464428345,27.55627810436356,26.892763464428345,27.415420532226562,2863680,0.0,0.0
2005-09-29 00:00:00-04:00,27.578519397253718,28.171606967126944,27.430246656368457,28.15677833557129,2484720,0.0,0.0
2005-09-30 00:00:00-04:00,28.156765779111993,28.709076486947584,28.034442773790374,28.271677017211914,2301600,0.0,0.0
2005-10-03 00:00:00-04:00,28.727622138451544,29.5542346817868,28.64236303170327,29.294761657714844,3841440,0.0,0.0
2005-10-04 00:00:00-04:00,29.58388982752188,29.58388982752188,27.997384173819942,28.116003036499023,2604960,0.0,0.0
2005-10-05 00:00:00-04:00,28.171601651195818,28.171601651195818,26.384927508191417,26.485010147094727,4669680,0.0,0.0
2005-10-06 00:00:00-04:00,26.31820730545744,26.455358985010836,25.246946941465215,25.66952133178711,4846560,0.0,0.0
2005-10-07 00:00:00-04:00,26.095803314534734,26.84828301093772,25.550905803846977,26.766733169555664,3278400,0.0,0.0
2005-10-10 00:00:00-04:00,27.356110732636214,27.71566982212601,26.40346579721003,26.755611419677734,3173280,0.0,0.0
2005-10-11 00:00:00-04:00,26.874225930516868,27.44507305179688,26.72595659537989,27.08180809020996,2632560,0.0,0.0
2005-10-12 00:00:00-04:00,27.08551076831125,27.385760378499224,26.095796953530833,26.20329475402832,2863200,0.0,0.0
2005-10-13 00:00:00-04:00,26.18846826474071,26.26260292478438,24.55006682527151,25.832616806030273,4657200,0.0,0.0
2005-10-14 00:00:00-04:00,25.832618427369116,26.5591500192318,25.09125990256711,26.481306076049805,2954880,0.0,0.0
2005-10-17 00:00:00-04:00,26.892760182233157,27.737907208740886,26.892760182233157,27.49325942993164,3822960,0.0,0.0
2005-10-18 00:00:00-04:00,27.13370565130367,27.433955333488186,25.72512643450783,25.765899658203125,3253680,0.0,0.0
2005-10-19 00:00:00-04:00,25.76960190462072,25.89192664088011,24.47963843743188,25.806669235229492,5018160,0.0,0.0
2005-10-20 00:00:00-04:00,25.810376362980076,26.04019550554805,23.83836386625455,24.049650192260742,5417040,0.0,0.0
2005-10-21 00:00:00-04:00,23.86801495183639,24.631613737901414,23.86801495183639,24.40920639038086,3352080,0.0,0.0
2005-10-24 00:00:00-04:00,24.816956734042414,25.613918808441362,24.65015119200553,25.591676712036133,2865120,0.0,0.0
2005-10-25 00:00:00-04:00,25.39150998198032,26.21812248202354,25.261770083071763,25.702878952026367,2196240,0.0,0.0
2005-10-26 00:00:00-04:00,25.70288178911508,26.295967627088686,25.02083265123698,25.239532470703125,3246240,0.0,0.0
2005-10-27 00:00:00-04:00,25.23953166448277,25.280308276505032,22.667021394184772,22.88572120666504,9767280,0.0,0.0
2005-10-28 00:00:00-04:00,22.885719047128624,23.160020682285317,21.606876650922295,23.019163131713867,8159280,0.0,0.0
2005-10-31 00:00:00-05:00,23.167435911299403,23.575181632206355,22.46314476276266,22.57434844970703,5692320,0.0,0.0
2005-11-01 00:00:00-05:00,22.574348110555142,22.574348110555142,21.25102493453189,22.122119903564453,8844000,0.0,0.0
2005-11-02 00:00:00-05:00,22.24073463053847,23.045108318831847,22.185132793962122,22.55581283569336,5730720,0.0,0.0
2005-11-03 00:00:00-05:00,22.79675822122571,23.63078596102665,22.76710435407735,23.27122688293457,6318480,0.0,0.0
2005-11-04 00:00:00-05:00,23.32694738354403,23.330663250754878,22.257005510666787,22.290441513061523,3724800,0.05833,0.0
2005-11-07 00:00:00-05:00,23.026025080451337,23.026025080451337,22.041529518489693,22.494770050048828,6369840,0.0,0.0
2005-11-08 00:00:00-05:00,22.550493763345028,22.810546600304374,22.197559568363165,22.38702964782715,3602160,0.0,0.0
2005-11-09 00:00:00-05:00,22.442766493080494,22.48734670923721,21.480562372375015,21.510282516479492,6046800,0.0,0.0
2005-11-10 00:00:00-05:00,21.51028062005157,21.8260630755129,19.91279750588251,20.105981826782227,9639360,0.0,0.0
2005-11-11 00:00:00-05:00,20.247152956413274,21.4694132571136,20.154278370289976,21.380252838134766,5580720,0.0,0.0
2005-11-14 00:00:00-05:00,21.69231208120913,21.788904210683462,20.477483831042726,20.618656158447266,7678560,0.0,0.0
2005-11-15 00:00:00-05:00,20.61493520478766,21.8892051050532,20.466332881063224,20.993873596191406,7015920,0.0,0.0
2005-11-16 00:00:00-05:00,21.17591952598242,21.499130249023438,20.919579107384855,21.499130249023438,4502160,0.0,0.0
2005-11-17 00:00:00-05:00,21.881780373530898,22.357309248161847,21.67745023159932,22.216136932373047,5581440,0.0,0.0
2005-11-18 00:00:00-05:00,22.550498342044197,22.550498342044197,21.603154554875353,21.73318099975586,4431840,0.0,0.0
2005-11-21 00:00:00-05:00,21.918929902900892,22.491052627563477,21.588289194447817,22.491052627563477,3369360,0.0,0.0
2005-11-22 00:00:00-05:00,22.535637968667288,23.234071409339982,22.372175510464988,23.111474990844727,5596560,0.0,0.0
2005-11-23 00:00:00-05:00,23.018599743320888,23.958511896268995,22.936867660238114,23.59071922302246,4481280,0.0,0.0
2005-11-25 00:00:00-05:00,23.58700063683654,24.04395534232244,23.442114135676956,23.4866943359375,1507920,0.0,0.0
2005-11-28 00:00:00-05:00,23.404959595120253,23.40867546169706,22.69909460056475,22.921998977661133,4159920,0.0,0.0
2005-11-29 00:00:00-05:00,23.40496470069605,23.869347787197416,23.27122238538866,23.609294891357422,6167520,0.0,0.0
2005-11-30 00:00:00-05:00,23.8879300307893,24.166560616680105,23.631589551644527,24.043962478637695,4838640,0.0,0.0
2005-12-01 00:00:00-05:00,24.333735659895726,24.5826443689917,24.058819278859406,24.43404197692871,3945360,0.0,0.0
2005-12-02 00:00:00-05:00,24.434036789482008,24.445182689286423,23.776469516034673,24.270572662353516,2943840,0.0,0.0
2005-12-05 00:00:00-05:00,24.35973310434771,24.686659635773616,24.003086442962747,24.06252670288086,4231920,0.0,0.0
2005-12-06 00:00:00-05:00,24.069965750627986,24.474910325804053,23.817341150106163,24.30401611328125,3437280,0.0,0.0
2005-12-07 00:00:00-05:00,24.53806286975482,24.630940854389262,23.72074884947844,23.91021728515625,2341680,0.0,0.0
2005-12-08 00:00:00-05:00,23.590717979363713,24.088538785759024,23.479265763081283,24.029098510742188,3145920,0.0,0.0
2005-12-09 00:00:00-05:00,24.03652789084338,24.03652789084338,23.074325642428114,23.41982650756836,2851440,0.0,0.0
2005-12-12 00:00:00-05:00,23.776465219874673,23.83219130757653,23.267498698280853,23.531269073486328,2643600,0.0,0.0
2005-12-13 00:00:00-05:00,23.665022433316718,23.843344964335078,23.497844103884933,23.627870559692383,3102000,0.0,0.0
2005-12-14 00:00:00-05:00,23.627872662310264,24.341166251110714,23.587006618062414,24.162843704223633,2782080,0.0,0.0
2005-12-15 00:00:00-05:00,24.211133922847516,24.560350597450604,23.913927482480233,24.526914596557617,3685200,0.0,0.0
2005-12-16 00:00:00-05:00,24.564067844564374,24.58264378086254,24.125689012809378,24.170270919799805,3676080,0.0,0.0
2005-12-19 00:00:00-05:00,24.263149882034465,24.775830815026893,24.199993732390592,24.337451934814453,3051360,0.0,0.0
2005-12-20 00:00:00-05:00,24.244570160097982,24.545490769817206,23.813619711957465,23.988229751586914,2239200,0.0,0.0
2005-12-21 00:00:00-05:00,24.278009717126487,24.560354434048964,24.095969617300362,24.463762283325195,2589360,0.0,0.0
2005-12-22 00:00:00-05:00,24.694095124393797,25.058173599336648,24.463760665068133,24.935575485229492,1994640,0.0,0.0
2005-12-23 00:00:00-05:00,24.928152165053042,24.93186803368596,24.315164788852947,24.835277557373047,2518800,0.0,0.0
2005-12-27 00:00:00-05:00,25.188208768632098,25.188208768632098,23.494134890690084,23.839635848999023,3112080,0.0,0.0
2005-12-28 00:00:00-05:00,23.839627104461066,24.203703871297733,23.44211603503285,24.006805419921875,1964400,0.0,0.0
2005-12-29 00:00:00-05:00,24.073677523263502,24.162839631993336,23.739320890995952,23.95850944519043,1685040,0.0,0.0
2005-12-30 00:00:00-05:00,23.795046605265842,24.29658154542367,23.68731026359803,24.2148494720459,1282080,0.0,0.0
2006-01-03 00:00:00-05:00,24.582647396359725,25.262504996851742,24.46748099600022,25.16591453552246,2714880,0.0,0.0
2006-01-04 00:00:00-05:00,24.96529108620739,25.730596367088218,24.78696689819857,25.700876235961914,2414400,0.0,0.0
2006-01-05 00:00:00-05:00,25.596860556029384,25.671164308842176,24.642088283778897,25.269935607910156,3912720,0.0,0.0
2006-01-06 00:00:00-05:00,25.641437530517578,25.949789882314654,25.466829187030417,25.641437530517578,2208240,0.0,0.0
2006-01-09 00:00:00-05:00,25.64143758711447,25.645153454298264,24.89842230854727,25.039594650268555,2757600,0.0,0.0
2006-01-10 00:00:00-05:00,24.983874330744115,25.71574557844206,24.80926764707522,25.622867584228516,4357920,0.0,0.0
2006-01-11 00:00:00-05:00,25.671153627552798,26.32872081870687,25.392523173567962,26.22841453552246,3693600,0.0,0.0
2006-01-12 00:00:00-05:00,26.432747256094657,27.27607054179857,26.33987268455891,26.525625228881836,4600080,0.0,0.0
2006-01-13 00:00:00-05:00,26.395604039666715,27.19062801262353,26.339877925157392,27.049455642700195,2795040,0.0,0.0
2006-01-17 00:00:00-05:00,27.584427947555778,27.65872830322605,26.867418461267807,27.10146713256836,3421200,0.0,0.0
2006-01-18 00:00:00-05:00,26.859986845347432,27.019735151578647,26.072391217199172,26.6890926361084,2546880,0.0,0.0
2006-01-19 00:00:00-05:00,26.65564945096149,27.40609470141102,26.625929318443845,27.11260414123535,2775600,0.0,0.0
2006-01-20 00:00:00-05:00,27.231495404344972,27.41724798321771,26.32501581286676,26.6890926361084,3267120,0.0,0.0
2006-01-23 00:00:00-05:00,26.689093308558167,26.75968119500947,26.302726370192143,26.369598388671875,2163120,0.0,0.0
2006-01-24 00:00:00-05:00,26.47362029551216,27.83333715124585,26.47362029551216,27.287221908569336,5224320,0.0,0.0
2006-01-25 00:00:00-05:00,27.584423870158048,27.64014997898665,26.525627802414608,26.804258346557617,3575520,0.0,0.0
2006-01-26 00:00:00-05:00,26.562772283358548,27.168327576861476,25.912633394198284,26.644502639770508,5996160,0.0,0.0
2006-01-27 00:00:00-05:00,26.57020835860898,27.086605114420088,26.39560169598433,26.8005428314209,3438240,0.0,0.0
2006-01-30 00:00:00-05:00,26.99000924757773,27.517550165516838,26.822830931382303,27.008586883544922,3297360,0.0,0.0
2006-01-31 00:00:00-05:00,26.91571501743646,27.257501761425658,26.763396734687014,27.08289337158203,4055280,0.0,0.0
2006-02-01 00:00:00-05:00,27.157190176984006,27.48783267449824,26.63708094363438,26.733673095703125,3453360,0.0,0.0
2006-02-02 00:00:00-05:00,26.733668876734576,27.339225964810492,26.07609985315639,26.183837890625,4311840,0.0,0.0
2006-02-03 00:00:00-05:00,26.52563115343654,26.52563115343654,25.65258753774497,25.65630340576172,6658080,0.0,0.0
2006-02-06 00:00:00-05:00,25.920070843869954,26.518197976756873,25.897780740288173,26.31386947631836,4275360,0.0,0.0
2006-02-07 00:00:00-05:00,26.220799997705143,26.220799997705143,24.437756636789317,24.53081512451172,5935680,0.05833,0.0
2006-02-08 00:00:00-05:00,24.549435571450832,24.64249408200439,23.600215589488585,24.48615264892578,7182960,0.0,0.0
2006-02-09 00:00:00-05:00,24.661108992918255,25.02962833581152,23.84961770365347,23.957569122314453,5526000,0.0,0.0
2006-02-10 00:00:00-05:00,23.823563464450146,24.158582309694033,23.30242076652326,23.965015411376953,5119440,0.0,0.0
2006-02-13 00:00:00-05:00,23.823564874563118,24.0431875575808,22.770114847904686,22.892955780029297,3936720,0.0,0.0
2006-02-14 00:00:00-05:00,22.639829591777044,22.956235711821996,22.464873715053045,22.762670516967773,4958400,0.0,0.0
2006-02-15 00:00:00-05:00,23.07907148895171,23.29125108225471,22.33458641123953,22.509540557861328,3787440,0.0,0.0
2006-02-16 00:00:00-05:00,22.6323845886181,23.358258801825297,22.539326064045177,23.246585845947266,3400080,0.0,0.0
2006-02-17 00:00:00-05:00,23.45131836009374,23.786337193809363,23.376870866375093,23.499710083007812,2776080,0.0,0.0
2006-02-21 00:00:00-05:00,23.91662235670492,24.23303018482225,23.7714488846915,24.15858268737793,3474000,0.0,0.0
2006-02-22 00:00:00-05:00,23.767724716150585,23.961289891953417,23.55926663452869,23.730499267578125,1936560,0.0,0.0
2006-02-23 00:00:00-05:00,23.730494868733846,24.434034586817358,23.72677164296924,23.942672729492188,3110160,0.0,0.0
2006-02-24 00:00:00-05:00,24.31492165823932,24.519654811339247,24.054350331755252,24.407981872558594,2863920,0.0,0.0
2006-02-27 00:00:00-05:00,24.311200657346205,24.31864540701353,23.741669639822792,23.838451385498047,3398160,0.0,0.0
2006-02-28 00:00:00-05:00,23.786336601317004,24.065518955792555,23.596492941072402,23.831005096435547,3134640,0.0,0.0
2006-03-01 00:00:00-05:00,23.80123015127443,24.378207683405016,23.767729626229798,24.2702579498291,2236320,0.0,0.0
2006-03-02 00:00:00-05:00,24.270251591116292,24.74299908504856,24.050627250287118,24.605270385742188,2279520,0.0,0.0
2006-03-03 00:00:00-05:00,24.512210617562452,24.940291361913662,24.46009737348155,24.87700843811035,2553600,0.0,0.0
2006-03-06 00:00:00-05:00,24.702049034056028,24.702049034056028,24.15857564515889,24.426589965820312,3043200,0.0,0.0
2006-03-07 00:00:00-05:00,24.42659255640577,24.42659255640577,23.41781296516422,23.80494499206543,4514160,0.0,0.0
2006-03-08 00:00:00-05:00,23.637432538493623,23.894280583786763,22.926449789803314,23.74910545349121,5499840,0.0,0.0
2006-03-09 00:00:00-05:00,24.046899334566323,24.192072743777953,23.637429755788506,23.81238555908203,3131520,0.0,0.0
2006-03-10 00:00:00-05:00,23.767718251412756,23.95011540223369,23.350805609555373,23.581594467163086,3516000,0.0,0.0
2006-03-13 00:00:00-05:00,23.58532198252991,24.009679448464286,23.365699353314636,23.894283294677734,2631840,0.0,0.0
2006-03-14 00:00:00-05:00,23.894283320755502,24.3484214841588,23.894283320755502,24.218135833740234,2280480,0.0,0.0
2006-03-15 00:00:00-05:00,24.188361005836196,24.255363751651018,23.898010661990142,24.00968360900879,2462160,0.0,0.0
2006-03-16 00:00:00-05:00,24.032017574099882,24.709499997754246,23.92034462839868,24.49732208251953,1963200,0.0,0.0
2006-03-17 00:00:00-05:00,24.49731637635078,24.568042331621463,24.270249015112643,24.333528518676758,1387680,0.0,0.0
2006-03-20 00:00:00-05:00,24.288860635732956,24.374476088556413,23.86822641552008,24.039457321166992,2630160,0.0,0.0
2006-03-21 00:00:00-05:00,24.03945816574894,24.824891876531453,24.02829019151283,24.344697952270508,4791120,0.0,0.0
2006-03-22 00:00:00-05:00,24.344696706908383,25.74060821533203,24.34097348102227,25.74060821533203,7185600,0.0,0.0
2006-03-23 00:00:00-05:00,26.057023146303266,26.976462530499926,25.908124741676932,26.91318130493164,6241920,0.0,0.0
2006-03-24 00:00:00-05:00,26.91317842493963,26.998793890841913,26.511155161060845,26.615385055541992,2641200,0.0,0.0
2006-03-27 00:00:00-05:00,26.392034458546224,26.92061836153238,26.057015699867865,26.712162017822266,1737360,0.0,0.0
2006-03-28 00:00:00-05:00,26.846171376511382,27.036016718486618,26.507431068268637,26.7493896484375,2009040,0.0,0.0
2006-03-29 00:00:00-05:00,26.6898281226832,27.255637475561713,26.58187842756529,26.868505477905273,2297520,0.0,0.0
2006-03-30 00:00:00-05:00,26.868513257648168,27.39709902457071,26.779174554169227,27.30403709411621,1764480,0.0,0.0
2006-03-31 00:00:00-05:00,27.806560480019783,28.0708533168684,27.218416817170038,27.605548858642578,5078400,0.0,0.0
2006-04-03 00:00:00-04:00,27.95545716184321,28.867451595265912,27.92195494298421,28.6924991607666,6277200,0.0,0.0
2006-04-04 00:00:00-04:00,28.662719899235054,29.325314488811724,28.42448622701834,29.221084594726562,4704720,0.0,0.0
2006-04-05 00:00:00-04:00,29.221077402773147,29.712437532273555,29.046124992172206,29.578432083129883,3121440,0.0,0.0
2006-04-06 00:00:00-04:00,29.74221817502462,29.976731957179993,29.191296692628722,29.61193084716797,3535680,0.0,0.0
2006-04-07 00:00:00-04:00,29.611938932137928,29.611938932137928,28.80044938844033,29.407207489013672,2520720,0.0,0.0
2006-04-10 00:00:00-04:00,29.407203531000203,29.824112813897543,29.21735820297686,29.608213424682617,2492880,0.0,0.0
2006-04-11 00:00:00-04:00,29.649165465183046,29.77944942539324,29.06474329351743,29.183862686157227,2645520,0.0,0.0
2006-04-12 00:00:00-04:00,29.090799055405654,29.343923915884815,28.733444306501273,29.053573608398438,1944000,0.0,0.0
2006-04-13 00:00:00-04:00,28.402152108920763,29.258310176564816,28.249530493600638,29.183862686157227,3383760,0.0,0.0
2006-04-17 00:00:00-04:00,29.40720164146012,29.704994940962877,29.280639233572433,29.485370635986328,1827360,0.0,0.0
2006-04-18 00:00:00-04:00,29.779438395742797,30.48670122061705,29.559817528386255,30.33780288696289,4118160,0.0,0.0
2006-04-19 00:00:00-04:00,30.244757369371424,31.59227576796029,30.151695444965085,31.51410675048828,4317840,0.0,0.0
2006-04-20 00:00:00-04:00,31.514101972733258,31.521545017084147,30.68027652619312,31.011573791503906,3323520,0.0,0.0
2006-04-21 00:00:00-04:00,31.60344122801283,32.489381680737786,31.305647864804804,31.64438819885254,5506800,0.0,0.0
2006-04-24 00:00:00-04:00,32.01291050052113,32.73506313693236,31.897516030163015,32.180419921875,6916560,0.0,0.0
2006-04-25 00:00:00-04:00,32.85046265144801,32.973303594233876,31.372660038622644,31.95707893371582,5024400,0.0,0.0
2006-04-26 00:00:00-04:00,31.901225153886564,32.29208031846505,31.826777687105235,31.964508056640625,3994560,0.0,0.0
2006-04-27 00:00:00-04:00,31.636931098788622,31.767218420334753,30.57231703121988,30.937114715576172,6273600,0.0,0.0
2006-04-28 00:00:00-04:00,31.3056471293507,31.804450404608087,31.26842168182888,31.700223922729492,4254960,0.0,0.0
2006-05-01 00:00:00-04:00,32.01289751323247,32.48937151648371,31.92728207589436,32.38142013549805,6036720,0.0,0.0
2006-05-02 00:00:00-04:00,32.75739303318432,32.9211774934796,32.28464385481523,32.83184051513672,3102960,0.0,0.0
2006-05-03 00:00:00-04:00,32.86906603602813,33.453484734682085,32.40003837867647,33.35670471191406,3942240,0.0,0.0
2006-05-04 00:00:00-04:00,33.27853851474842,33.6880048548847,32.813235700594106,33.18175506591797,4715760,0.0,0.0
2006-05-05 00:00:00-04:00,34.11381099317789,34.277856458999416,33.69996995349555,33.98332214355469,4138560,0.05833,0.0
2006-05-08 00:00:00-04:00,33.98706012807861,34.15483302140063,33.5694915829196,34.03925704956055,2488080,0.0,0.0
2006-05-09 00:00:00-04:00,34.05790371836005,34.20330555444535,33.871490495341924,34.005706787109375,4093440,0.0,0.0
2006-05-10 00:00:00-04:00,34.00569409281115,35.127907215686115,33.84910677086193,35.12417984008789,4307760,0.0,0.0
2006-05-11 00:00:00-04:00,35.418722858122436,36.604318722970845,35.418722858122436,35.892215728759766,8125680,0.0,0.0
2006-05-12 00:00:00-04:00,35.7915333783646,35.7915333783646,34.072793891701274,34.281578063964844,6305040,0.0,0.0
2006-05-15 00:00:00-04:00,33.550853229905805,33.550853229905805,32.100548780135675,33.0997314453125,5628000,0.0,0.0
2006-05-16 00:00:00-04:00,33.36816870558921,33.66643051813311,32.40999738476849,33.17429733276367,4252800,0.0,0.0
2006-05-17 00:00:00-04:00,33.03261222950353,33.517287091853184,31.731440756043025,31.970050811767578,5024160,0.0,0.0
2006-05-18 00:00:00-04:00,32.063270565617565,32.59268783257762,31.317614221926153,31.563682556152344,4791120,0.0,0.0
2006-05-19 00:00:00-04:00,30.963413050347533,31.574849385716245,29.82628366661494,30.985780715942383,7327920,0.0,0.0
2006-05-22 00:00:00-04:00,30.199122976287047,30.55330908328783,28.61832960607254,30.389266967773438,9219840,0.0,0.0
2006-05-23 00:00:00-04:00,31.2803225816034,32.43236515753729,31.16847398665923,31.2430419921875,5849040,0.0,0.0
2006-05-24 00:00:00-04:00,30.944769883695283,32.04088791728382,29.677155033079245,30.773269653320312,5383920,0.0,0.0
2006-05-25 00:00:00-04:00,31.24304338333101,31.92532052553951,31.138649536282436,31.865665435791016,3650400,0.0,0.0
2006-05-26 00:00:00-04:00,32.1564688812975,32.86857178205146,32.0147944590205,32.734352111816406,3368880,0.0,0.0
2006-05-30 00:00:00-04:00,33.36817343367788,33.498662355152554,31.94023639842217,32.018531799316406,3734880,0.0,0.0
2006-05-31 00:00:00-04:00,32.111731416627954,32.90212631225586,32.100545874768514,32.90212631225586,3500880,0.0,0.0
2006-06-01 00:00:00-04:00,33.4949171326028,33.4949171326028,32.21238603754854,32.63740921020508,3202800,0.0,2.0
2006-06-02 00:00:00-04:00,33.18173258940979,34.054153254514695,32.66722861973458,33.77825927734375,3141480,0.0,0.0
2006-06-05 00:00:00-04:00,33.96468122876146,34.07652979857444,32.354062506123924,32.61504364013672,3356640,0.0,0.0
2006-06-06 00:00:00-04:00,32.39880563439164,32.39880563439164,31.243039198866708,31.779911041259766,3487800,0.0,0.0
2006-06-07 00:00:00-04:00,31.3921561855021,31.608398519581943,29.87847350032959,29.90084457397461,4729560,0.0,0.0
2006-06-08 00:00:00-04:00,29.267043364003037,29.82628625257219,27.59677286303877,29.69207000732422,5148960,0.0,0.0
2006-06-09 00:00:00-04:00,29.938137058825166,30.199118230700293,28.849480446274328,29.274503707885742,2310720,0.0,0.0
2006-06-12 00:00:00-04:00,29.24467667868,29.42363167835434,27.47746704343939,27.61168670654297,3635640,0.0,0.0
2006-06-13 00:00:00-04:00,27.61168412885207,27.61168412885207,26.18747853597308,26.53793716430664,4704720,0.0,0.0
2006-06-14 00:00:00-04:00,26.88094404134027,27.328338375380067,26.463375541123412,27.216489791870117,2598240,0.0,0.0
2006-06-15 00:00:00-04:00,27.842843663773543,29.453464453926642,27.827930745347235,29.177570343017578,4869240,0.0,0.0
2006-06-16 00:00:00-04:00,29.229754216176243,29.229754216176243,28.148549339497706,29.0358829498291,2941920,0.0,0.0
2006-06-19 00:00:00-04:00,29.08063498133623,29.08063498133623,27.25377344087979,27.589319229125977,2519040,0.0,0.0
2006-06-20 00:00:00-04:00,27.75336377753797,28.05162725889676,27.030075304578276,27.11955451965332,3139920,0.0,0.0
2006-06-21 00:00:00-04:00,27.2910573418509,28.558675897151318,27.261231504787116,28.118736267089844,2299200,0.0,0.0
2006-06-22 00:00:00-04:00,28.63323952224814,28.685436442020077,28.014343184043312,28.566129684448242,2505120,0.0,0.0
2006-06-23 00:00:00-04:00,30.07235607735258,32.190021001030686,29.938136411667198,31.921585083007812,7050600,0.0,0.0
2006-06-26 00:00:00-04:00,31.92158301814658,33.34578867925257,31.339972468943397,33.18920135498047,8529000,0.0,0.0
2006-06-27 00:00:00-04:00,32.99533046320644,33.345789112886244,32.74926222661633,33.18174362182617,34953960,0.0,0.0
2006-06-28 00:00:00-04:00,33.18174248596987,33.92740192161926,33.010242249376496,33.51728820800781,5467800,0.0,0.0
2006-06-29 00:00:00-04:00,33.67386878064321,34.38224407854597,33.211565074941646,34.33750534057617,5234400,0.0,0.0
2006-06-30 00:00:00-04:00,34.37479756751343,35.187563448808355,34.00942258648984,34.83710479736328,3548760,0.0,0.0
2006-07-03 00:00:00-04:00,35.08318412698254,35.29942662175596,34.80729335597212,35.12046813964844,1450200,0.0,0.0
2006-07-05 00:00:00-04:00,35.045901411262015,36.268778040674476,34.38972262539347,35.60514450073242,5847480,0.0,0.0
2006-07-06 00:00:00-04:00,35.94067877435135,36.4626376852326,35.157738701355555,35.46345520019531,4358880,0.0,0.0
2006-07-07 00:00:00-04:00,34.859456720050616,34.94893759036721,33.479993818352916,33.733516693115234,6454200,0.0,0.0
2006-07-10 00:00:00-04:00,33.733526709694345,34.128724048679814,33.20410973205292,33.42780685424805,2743800,0.0,0.0
2006-07-11 00:00:00-04:00,33.55458746191523,33.94978502624024,32.883495712676925,33.83793640136719,3559680,0.0,0.0
2006-07-12 00:00:00-04:00,33.927406311035156,34.38971358254272,33.465099039527594,33.927406311035156,3232440,0.0,0.0
2006-07-13 00:00:00-04:00,34.11381864946063,34.11381864946063,32.436089863421586,32.51065444946289,3938400,0.0,0.0
2006-07-14 00:00:00-04:00,32.697073147147705,33.09972876448227,31.66806472655362,32.48828887939453,3588480,0.0,0.0
2006-07-17 00:00:00-04:00,32.05579480271046,32.58521172270426,30.95222222582484,31.325048446655273,3910920,0.0,0.0
2006-07-18 00:00:00-04:00,31.690432146624946,32.10054246895678,30.877662840163424,31.42945098876953,3620760,0.0,0.0
2006-07-19 00:00:00-04:00,31.11627490017631,32.503196546162364,31.11627490017631,32.09308624267578,3705960,0.0,0.0
2006-07-20 00:00:00-04:00,31.05661930947668,31.24303587344064,29.483284535841875,29.751720428466797,5688240,0.0,0.0
2006-07-21 00:00:00-04:00,29.84119906100541,29.915767054777294,28.014339533831123,28.267864227294922,4269960,0.0,0.0
2006-07-24 00:00:00-04:00,28.29769219394631,29.080632294174077,28.111279022150924,28.99860954284668,4069560,0.0,0.0
2006-07-25 00:00:00-04:00,29.30432563667306,30.31096277686412,29.22230289606301,30.05743980407715,2682960,0.0,0.0
2006-07-26 00:00:00-04:00,29.58767248917864,29.70697921674906,28.469188558273984,29.4832820892334,3936480,0.0,0.0
2006-07-27 00:00:00-04:00,29.110457970767126,29.453461891426784,27.738449114824355,27.783187866210938,5096880,0.0,0.0
2006-07-28 00:00:00-04:00,27.179206598536414,28.83456431821096,27.07481447038791,28.513933181762695,3900960,0.0,0.0
2006-07-31 00:00:00-04:00,28.52139338299039,31.80228683149628,28.52139338299039,30.691255569458008,5796120,0.0,0.0
2006-08-01 00:00:00-04:00,30.944777319961094,31.466739714090977,30.049988545279344,30.661428451538086,3907920,0.0,0.0
2006-08-02 00:00:00-04:00,31.504016647556742,32.20493739793878,31.12373214512518,31.436906814575195,3379560,0.0,0.0
2006-08-03 00:00:00-04:00,31.3176082654902,31.511479628913502,30.616690821328067,31.131195068359375,2381760,0.0,0.0
2006-08-04 00:00:00-04:00,31.541299884238942,31.705345380151375,29.77409366741149,29.863571166992188,2293800,0.0,0.0
2006-08-07 00:00:00-04:00,29.88594158463503,30.303510066764176,29.453460186240402,29.803918838500977,2351880,0.0,0.0
2006-08-08 00:00:00-04:00,29.80391695735216,29.80391695735216,28.541545993265498,28.661060333251953,2345160,0.05833,0.0
2006-08-09 00:00:00-04:00,29.206347474396004,29.953315191656294,28.676003267383788,29.512603759765625,3349680,0.0,0.0
2006-08-10 00:00:00-04:00,29.13164750827736,29.325858947577327,28.481787337312973,28.9971923828125,2296080,0.0,0.0
2006-08-11 00:00:00-04:00,28.997186884679497,29.206337362781387,28.265161920990497,28.339859008789062,2410440,0.0,0.0
2006-08-14 00:00:00-04:00,28.339864283914885,28.38468322880358,27.667595497595872,27.816987991333008,1837200,0.0,0.0
2006-08-15 00:00:00-04:00,28.003731498698297,28.302518212996503,27.660127546605977,27.988792419433594,2128680,0.0,0.0
2006-08-16 00:00:00-04:00,28.758161629750315,29.355734982921668,28.57142145284361,29.206340789794922,3030120,0.0,0.0
2006-08-17 00:00:00-04:00,29.1690007039752,29.5051351419749,28.302520363442234,28.676002502441406,1932720,0.0,0.0
2006-08-18 00:00:00-04:00,28.810452312508243,29.32585906982422,28.71334659245347,29.32585906982422,1381320,0.0,0.0
2006-08-21 00:00:00-04:00,29.430425177074373,29.721742263570125,29.17645748710424,29.40054702758789,1244520,0.0,0.0
2006-08-22 00:00:00-04:00,29.408022492421626,29.467778799965036,28.840327312752667,29.064416885375977,1410960,0.0,0.0
2006-08-23 00:00:00-04:00,29.056954350560467,29.36320719218518,28.459380908246395,28.75069808959961,1318320,0.0,0.0
2006-08-24 00:00:00-04:00,28.75816322408211,28.974784987092026,28.205410491739514,28.601301193237305,975840,0.0,0.0
2006-08-25 00:00:00-04:00,28.705881559962332,29.64705727584026,28.646121820719248,29.10177230834961,1292280,0.0,0.0
2006-08-28 00:00:00-04:00,28.60877125744747,28.944905632198147,28.347332270640603,28.586360931396484,1105200,0.0,0.0
2006-08-29 00:00:00-04:00,28.593832036168397,28.593832036168397,27.450975441359663,27.816987991333008,2536080,0.0,0.0
2006-08-30 00:00:00-04:00,27.93650813390652,28.01120353689278,27.01773929016189,27.24182891845703,2675280,0.0,0.0
2006-08-31 00:00:00-04:00,27.24182891845703,27.488328877316235,26.928104806578382,27.24182891845703,2096520,0.0,0.0
2006-09-01 00:00:00-04:00,27.152192553200724,27.996262516127874,26.965448929672036,27.690006256103516,1685640,0.0,0.0
2006-09-05 00:00:00-04:00,27.53314519707418,27.53314519707418,26.950512524951733,27.182071685791016,2633040,0.0,0.0
2006-09-06 00:00:00-04:00,26.89075288025956,26.950510906727438,25.97945537171761,26.196075439453125,3511440,0.0,0.0
2006-09-07 00:00:00-04:00,25.770303864664335,25.994393463487505,25.434169466429584,25.605972290039062,4361160,0.0,0.0
2006-09-08 00:00:00-04:00,25.658260596711465,25.86741112938567,24.664796421343024,24.799251556396484,3203760,0.0,0.0
2006-09-11 00:00:00-04:00,24.179264417393025,24.455640749851465,23.417359554082633,23.760963439941406,5331360,0.0,0.0
2006-09-12 00:00:00-04:00,23.574223323545024,24.283841472418683,23.342665912643888,23.641450881958008,3062040,0.0,0.0
2006-09-13 00:00:00-04:00,23.678800155093487,25.023337638612947,23.633981213175478,24.500459671020508,5598840,0.0,0.0
2006-09-14 00:00:00-04:00,24.20167944745056,24.48552710301271,22.677869316891965,23.01400375366211,4559520,0.0,0.0
2006-09-15 00:00:00-04:00,23.01399555195071,23.23061726876023,22.483649840361643,22.94676971435547,5652240,0.0,0.0
2006-09-18 00:00:00-04:00,22.633049200566056,23.185803651455434,22.49859578487252,22.91689682006836,4626600,0.0,0.0
2006-09-19 00:00:00-04:00,22.916891772760344,23.118572706715604,22.184865122392107,22.491121292114258,2914560,0.0,0.0
2006-09-20 00:00:00-04:00,22.22968061117888,22.550875830964834,21.617170029254268,21.706806182861328,4163280,0.0,0.0
2006-09-21 00:00:00-04:00,21.88607975513324,23.305312382220905,21.88607975513324,22.662921905517578,4564200,0.0,0.0
2006-09-22 00:00:00-04:00,22.7152169298989,22.916897917934993,22.192340610854966,22.319324493408203,2380440,0.0,0.0
2006-09-25 00:00:00-04:00,22.199806038828974,22.633046092987062,20.967313429804925,22.40895652770996,4442760,0.0,0.0
2006-09-26 00:00:00-04:00,22.408961112844324,23.327728176537327,22.214749660621525,23.290380477905273,3295080,0.0,0.0
2006-09-27 00:00:00-04:00,23.492061139044953,23.678804772170245,22.84967213652852,23.380016326904297,3012480,0.0,0.0
2006-09-28 00:00:00-04:00,23.380011439912558,23.693737190263697,23.200740803760333,23.611572265625,3016320,0.0,0.0
2006-09-29 00:00:00-04:00,23.61157194293902,23.90288907349834,23.35013296638544,23.701208114624023,3257040,0.0,0.0
2006-10-02 00:00:00-04:00,23.6937397450369,23.970117832170867,23.23062317267994,23.350135803222656,2038560,0.0,0.0
2006-10-03 00:00:00-04:00,23.15592168621259,23.170862472973695,22.237154767631015,22.30438232421875,2914920,0.0,0.0
2006-10-04 00:00:00-04:00,22.18486684682418,22.52100119298818,21.43043152507803,21.960777282714844,5545440,0.0,0.0
2006-10-05 00:00:00-04:00,22.37160743886226,23.006530162220386,22.37160743886226,22.93183135986328,3802560,0.0,0.0
2006-10-06 00:00:00-04:00,22.931837343835554,23.47712404019038,22.71521896687933,23.3351993560791,2447640,0.0,0.0
2006-10-09 00:00:00-04:00,23.335197099066065,23.477121769450186,22.625580585817477,22.692808151245117,2386440,0.0,0.0
2006-10-10 00:00:00-04:00,22.371608586308586,24.642384249657802,22.229685641620453,24.261432647705078,5856120,0.0,0.0
2006-10-11 00:00:00-04:00,23.828190269148433,24.18673495588845,23.380011120391185,23.701208114624023,3349200,0.0,0.0
2006-10-12 00:00:00-04:00,23.835662265431132,25.553681819700284,23.492056644909475,25.157791137695312,6207240,0.0,0.0
2006-10-13 00:00:00-04:00,24.873948076422067,25.262369290581123,24.470586072396614,25.015871047973633,4557720,0.0,0.0
2006-10-16 00:00:00-04:00,24.918765005492222,25.64332235372645,24.873947765457743,25.635852813720703,2439960,0.0,0.0
2006-10-17 00:00:00-04:00,25.54621044833018,25.54621044833018,24.896350366921574,25.19513702392578,2252640,0.0,0.0
2006-10-18 00:00:00-04:00,25.32959086091708,25.650786138097338,24.672261229897167,24.94116973876953,2780160,0.0,0.0
2006-10-19 00:00:00-04:00,25.39681749777399,26.68159864655535,25.39681749777399,26.39775276184082,3840360,0.0,0.0
2006-10-20 00:00:00-04:00,25.680668658714275,26.5994357068562,25.680668658714275,26.196075439453125,3789120,0.0,0.0
2006-10-23 00:00:00-04:00,25.77030484358208,26.42016504678862,25.725487605982188,26.196075439453125,2003400,0.0,0.0
2006-10-24 00:00:00-04:00,26.14378795632818,27.226886556092293,26.14378795632818,27.152191162109375,2893560,0.0,0.0
2006-10-25 00:00:00-04:00,27.04014533945731,27.682534251770555,26.53220813123158,27.622777938842773,3322560,0.0,0.0
2006-10-26 00:00:00-04:00,26.890746806200944,28.123239368151822,26.890746806200944,28.003725051879883,3548400,0.0,0.0
2006-10-27 00:00:00-04:00,28.048550472268605,28.915027328436246,27.936505668010987,28.070959091186523,4442880,0.0,0.0
2006-10-30 00:00:00-05:00,27.92156194540999,27.943970561973487,26.84593296335156,26.987855911254883,2387280,0.0,0.0
2006-10-31 00:00:00-05:00,26.704012927203973,26.83099510157634,25.747896462564363,26.435104370117188,4053600,0.0,0.0
2006-11-01 00:00:00-05:00,26.4351029997119,26.801115553520983,26.001862882699218,26.136316299438477,2775240,0.0,0.0
2006-11-02 00:00:00-05:00,25.88981755329875,26.7712368478265,25.785242295829296,26.718948364257812,2405520,0.0,0.0
2006-11-03 00:00:00-05:00,26.91315572993117,27.8916805947835,26.905686191932364,27.71240997314453,3120480,0.0,0.0
2006-11-06 00:00:00-05:00,27.52531566734474,27.787248853961724,27.1211929690008,27.428028106689453,2234640,0.05833,0.0
2006-11-07 00:00:00-05:00,27.3382188845794,27.44299008992288,26.522486511209895,26.70958137512207,2579880,0.0,0.0
2006-11-08 00:00:00-05:00,26.589848384206448,27.36816096904578,26.380302490645875,26.72455596923828,3742680,0.0,0.0
2006-11-09 00:00:00-05:00,27.016413711552303,27.787244109876724,26.776934967156365,27.113704681396484,2916480,0.0,0.0
2006-11-10 00:00:00-05:00,26.941584375725586,27.046357318046727,26.103402550056256,26.425203323364258,1881360,0.0,0.0
2006-11-13 00:00:00-05:00,26.35036548356982,26.80687552746642,26.073464965935976,26.664684295654297,1839120,0.0,0.0
2006-11-14 00:00:00-05:00,26.82183762997612,26.874223232021084,25.804044802722295,25.9312686920166,2240400,0.0,0.0
2006-11-15 00:00:00-05:00,25.93127297572439,26.47010496455314,25.901338341039366,26.170753479003906,2525040,0.0,0.0
2006-11-16 00:00:00-05:00,26.40274680958234,26.60480899261245,25.12302250522405,25.235279083251953,2956920,0.0,0.0
2006-11-17 00:00:00-05:00,25.09308928194713,25.901336346501175,24.898510745678706,25.55708122253418,2515560,0.0,0.0
2006-11-20 00:00:00-05:00,24.935933149335085,25.863920609379775,24.935933149335085,25.669342041015625,2509680,0.0,0.0
2006-11-21 00:00:00-05:00,25.819015248586012,26.462620143439935,25.796564273558467,26.357847213745117,3013200,0.0,0.0
2006-11-22 00:00:00-05:00,26.357850914006335,26.642235109644147,25.92379181760642,26.193208694458008,1720080,0.0,0.0
2006-11-24 00:00:00-05:00,26.11836694760469,26.485073085217504,26.08843231201172,26.08843231201172,927600,0.0,0.0
2006-11-27 00:00:00-05:00,26.043524828468893,26.11836140156032,25.54211293715888,25.639400482177734,1796760,0.0,0.0
2006-11-28 00:00:00-05:00,25.519664955628024,26.133333491384274,25.512179584542384,25.99114227294922,1806840,0.0,0.0
2006-11-29 00:00:00-05:00,26.065982347259695,27.270870318550397,25.93127476896193,27.128677368164062,3138240,0.0,0.0
2006-11-30 00:00:00-05:00,27.203513878989824,27.802213388511497,27.158610216746,27.472929000854492,3429120,0.0,0.0
2006-12-01 00:00:00-05:00,27.472922318012237,27.61511350258033,26.791897594987983,27.55524253845215,2058360,0.0,0.0
2006-12-04 00:00:00-05:00,27.442997949575805,27.50286893981849,26.919134921226814,27.450483322143555,1312560,0.0,0.0
2006-12-05 00:00:00-05:00,27.689958572387695,27.877055178647996,27.315772211465816,27.689958572387695,1734240,0.0,0.0
2006-12-06 00:00:00-05:00,27.46544129410111,28.0791114936842,27.323250087036513,27.540281295776367,1476600,0.0,0.0
2006-12-07 00:00:00-05:00,27.727378830099173,28.034213978379597,27.218481469221896,27.817184448242188,1722840,0.0,0.0
2006-12-08 00:00:00-05:00,28.064146109731798,28.228788300889104,27.80969830844344,28.191370010375977,1679280,0.0,0.0
2006-12-11 00:00:00-05:00,28.049174194257574,28.056657851133092,27.308280173286445,27.390602111816406,2014680,0.0,0.0
2006-12-12 00:00:00-05:00,27.315769849274744,27.368155455661736,26.694615953288928,26.88919448852539,2185320,0.0,0.0
2006-12-13 00:00:00-05:00,26.829326683263247,27.315773078867842,26.79939204750288,26.95655059814453,1241640,0.0,0.0
2006-12-14 00:00:00-05:00,26.956549481634763,27.225966331018306,26.78442362024219,26.87422752380371,1260600,0.0,0.0
2006-12-15 00:00:00-05:00,26.41023693133887,26.597331844811244,26.29049666632851,26.305465698242188,3267720,0.0,0.0
2006-12-18 00:00:00-05:00,26.26803447608127,26.507514903886914,25.14546890018036,25.22779083251953,2872680,0.0,0.0
2006-12-19 00:00:00-05:00,25.070634245361337,26.043523343263036,24.77128111846964,25.841461181640625,2372400,0.0,0.0
2006-12-20 00:00:00-05:00,25.848955689060784,25.901343022127083,25.14548136942751,25.18290138244629,1870680,0.0,0.0
2006-12-21 00:00:00-05:00,25.15296119768517,25.407410738430457,24.44200332633444,24.876062393188477,1885800,0.0,0.0
2006-12-22 00:00:00-05:00,24.80870046960334,24.920957032814215,24.464447123283275,24.681476593017578,971400,0.0,0.0
2006-12-26 00:00:00-05:00,24.54676959023224,24.93592662514217,24.284839869334117,24.576705932617188,1205880,0.0,0.0
2006-12-27 00:00:00-05:00,24.576711213219724,24.703935128768368,24.22497410249118,24.644065856933594,1329120,0.0,0.0
2006-12-28 00:00:00-05:00,24.696446869573414,24.905992707762444,24.262387878024622,24.36716079711914,1507560,0.0,0.0
2006-12-29 00:00:00-05:00,24.097744261534856,24.3372264457095,23.858265503159103,24.045358657836914,1999680,0.0,0.0
2007-01-03 00:00:00-05:00,23.79839701707089,23.79839701707089,22.436350623725776,22.623445510864258,6966360,0.0,0.0
2007-01-04 00:00:00-05:00,22.45131619533184,22.541121802693066,21.949904266322527,21.957387924194336,4812600,0.0,0.0
2007-01-05 00:00:00-05:00,21.85260904923387,22.271700660358118,21.815192480032344,21.84512710571289,5203200,0.0,0.0
2007-01-08 00:00:00-05:00,22.413894926742966,22.720730020850265,22.24925274996551,22.541120529174805,4314840,0.0,0.0
2007-01-09 00:00:00-05:00,22.279189258193806,22.683313646110605,22.06964511905497,22.63092803955078,3914280,0.0,0.0
2007-01-10 00:00:00-05:00,22.638415038732184,23.05750683637071,22.458805491815617,22.7880916595459,2832000,0.0,0.0
2007-01-11 00:00:00-05:00,22.75066690249089,23.514012028140293,22.720732269731972,23.267047882080078,3221880,0.0,0.0
2007-01-12 00:00:00-05:00,23.356857277835324,24.15013716478107,23.192215058084248,24.060333251953125,2960040,0.0,0.0
2007-01-16 00:00:00-05:00,24.060330903483024,24.165102124889167,23.506529884366806,23.641239166259766,2541960,0.0,0.0
2007-01-17 00:00:00-05:00,23.6487160872801,23.87322922553212,23.454139290254506,23.611299514770508,2200680,0.0,0.0
2007-01-18 00:00:00-05:00,23.686142002346674,24.04536277070279,23.416726854304525,23.50653076171875,2410080,0.0,0.0
2007-01-19 00:00:00-05:00,23.73852350313003,24.79373636146557,23.69362155720062,24.74883270263672,3027960,0.0,0.0
2007-01-22 00:00:00-05:00,25.055669318949896,25.070638348063508,24.172585672023015,24.546772003173828,2130960,0.0,0.0
2007-01-23 00:00:00-05:00,24.733871736649455,25.347540343882237,24.733871736649455,25.28018569946289,3268200,0.0,0.0
2007-01-24 00:00:00-05:00,24.99579849864469,25.48972850131799,24.66651411406189,25.46727752685547,3012120,0.0,0.0
2007-01-25 00:00:00-05:00,25.227798972931875,26.19320636488038,24.82367455004653,25.19786262512207,6645000,0.0,0.0
2007-01-26 00:00:00-05:00,25.519664644958848,25.766628787892092,25.212829524366263,25.55708122253418,3842400,0.0,0.0
2007-01-29 00:00:00-05:00,25.48972564318784,25.64688415970308,24.644060376292572,24.93592643737793,2542560,0.0,0.0
2007-01-30 00:00:00-05:00,25.14547701288134,25.819016575726376,24.935931142720705,25.684309005737305,3815040,0.0,0.0
2007-01-31 00:00:00-05:00,25.661855341276322,26.013592403306017,25.399922174565226,25.76662826538086,3621720,0.0,0.0
2007-02-01 00:00:00-05:00,25.893851559253154,26.43268351873637,25.833982293143674,26.410232543945312,2841840,0.0,0.0
2007-02-02 00:00:00-05:00,26.342876077955175,26.747000447738245,26.021075369156907,26.53745460510254,3186600,0.0,0.0
2007-02-05 00:00:00-05:00,27.0912522909579,27.517825869670105,26.814351849092866,26.904155731201172,5284440,0.0,0.0
2007-02-06 00:00:00-05:00,27.136610422375377,27.241587754896067,26.57423246824358,26.911659240722656,2422920,0.05833,0.0
2007-02-07 00:00:00-05:00,27.369061089537347,27.369061089537347,26.094336605454846,26.326786041259766,2690520,0.0,0.0
2007-02-08 00:00:00-05:00,26.319286372607127,26.551735795954816,25.93687007762128,26.349279403686523,2400960,0.0,0.0
2007-02-09 00:00:00-05:00,26.43175872911855,26.551732555033233,26.034344250860478,26.18431282043457,1673520,0.0,0.0
2007-02-12 00:00:00-05:00,25.50945999274317,26.236801221813355,25.494461762448044,25.9218692779541,2214120,0.0,0.0
2007-02-13 00:00:00-05:00,25.92937067460871,26.461753817718538,25.92937067460871,26.431760787963867,1987920,0.0,0.0
2007-02-14 00:00:00-05:00,26.57423512728719,26.761695036168977,26.086841423684316,26.40177345275879,2000160,0.0,0.0
2007-02-15 00:00:00-05:00,26.281789907260162,26.566728813722968,26.116826541801355,26.124324798583984,1722360,0.0,0.0
2007-02-16 00:00:00-05:00,25.97436082377159,26.364275368380554,25.97436082377159,26.26679801940918,2009280,0.0,0.0
2007-02-20 00:00:00-05:00,26.274293087002402,26.274293087002402,25.936866386653435,26.131824493408203,1776720,0.0,0.0
2007-02-21 00:00:00-05:00,26.041846408157838,26.761689424021178,25.681924900226168,26.709199905395508,3840120,0.0,0.0
2007-02-22 00:00:00-05:00,26.814175031296422,28.538801571176414,26.806678490667736,28.343843460083008,9742800,0.0,0.0
2007-02-23 00:00:00-05:00,28.351349564373628,28.493819916813965,27.818966314303765,28.24637222290039,4479000,0.0,0.0
2007-02-26 00:00:00-05:00,28.18638198349604,28.433827924579003,27.81896220078979,27.938934326171875,2851680,0.0,0.0
2007-02-27 00:00:00-05:00,27.24158470061488,27.624002696293225,25.71191786662488,26.11682891845703,4538040,0.0,0.0
2007-02-28 00:00:00-05:00,26.124322810983905,26.919151699397865,25.46446596687021,26.754186630249023,5689560,0.0,0.0
2007-03-01 00:00:00-05:00,26.40927159591391,27.001642639941903,25.914377919185508,26.776691436767578,2966400,0.0,0.0
2007-03-02 00:00:00-05:00,26.724191082423246,26.83666663122765,26.064334300605307,26.229297637939453,4040520,0.0,0.0
2007-03-05 00:00:00-05:00,25.93686593927389,26.056838044449357,24.459685366928067,25.696916580200195,4909200,0.0,0.0
2007-03-06 00:00:00-05:00,25.94436659335117,26.394268924059467,25.711918886475818,26.319286346435547,3649320,0.0,0.0
2007-03-07 00:00:00-05:00,26.364273597568204,26.821674146214686,26.161818939369414,26.51424217224121,4786440,0.0,0.0
2007-03-08 00:00:00-05:00,26.821677786261677,27.609006903302017,26.69420739810002,27.174102783203125,3595200,0.0,0.0
2007-03-09 00:00:00-05:00,27.496530748776124,27.50403072299007,26.75419291203077,26.964147567749023,2525280,0.0,0.0
2007-03-12 00:00:00-04:00,26.806682319096108,26.949150936207662,26.469255563047973,26.71670150756836,2461200,0.0,0.0
2007-03-13 00:00:00-04:00,26.716698117376257,26.941649259530035,26.02684646069579,26.176815032958984,2802720,0.0,0.0
2007-03-14 00:00:00-04:00,26.17681183122013,26.506738530866723,25.82438864711694,26.38676643371582,2797800,0.0,0.0
2007-03-15 00:00:00-04:00,26.99413788923544,27.901440742763114,26.566730362740998,27.226587295532227,5530080,0.0,0.0
2007-03-16 00:00:00-04:00,27.226592499530252,27.736482669142532,26.754195339424463,27.046630859375,2854440,0.0,0.0
2007-03-19 00:00:00-04:00,27.22658948366996,27.938934274249483,27.181598220494088,27.878948211669922,2696160,0.0,0.0
2007-03-20 00:00:00-04:00,27.751476464855177,28.03641369820884,27.256584577324485,27.624004364013672,1731600,0.0,0.0
2007-03-21 00:00:00-04:00,27.74397230814097,28.3438431485676,27.62400019954481,28.22386932373047,2815080,0.0,0.0
2007-03-22 00:00:00-04:00,28.598789321006123,29.491097387547338,27.818960262898855,29.221153259277344,7198320,0.0,0.0
2007-03-23 00:00:00-04:00,29.19115509509161,29.506088711846836,29.12367250737695,29.40110969543457,5799480,0.0,0.0
2007-03-26 00:00:00-04:00,29.401114093833815,29.656058268286657,28.936215287628855,29.611068725585938,2319960,0.0,0.0
2007-03-27 00:00:00-04:00,29.393614327690933,29.47609343068438,28.89122257478683,29.071184158325195,2129280,0.0,0.0
2007-03-28 00:00:00-04:00,29.4685957156308,29.4685957156308,29.056186487180717,29.40110969543457,2770200,0.0,0.0
2007-03-29 00:00:00-04:00,28.02141421025144,29.918502438304383,28.02141421025144,29.138669967651367,2649720,0.0,0.0
2007-03-30 00:00:00-04:00,29.236159400387542,29.70105488483373,29.093687332513145,29.341135025024414,3064200,0.0,0.0
2007-04-02 00:00:00-04:00,29.348625158883003,29.686051845078754,29.161163600453083,29.5960693359375,1958520,0.0,0.0
2007-04-03 00:00:00-04:00,29.5960663533933,29.61106286465861,28.771246220116353,29.491090774536133,2290560,0.0,0.0
2007-04-04 00:00:00-04:00,29.528592755111877,31.688125610351562,29.356131086789002,31.688125610351562,6771120,0.0,0.0
2007-04-05 00:00:00-04:00,31.643121755023497,32.505433139358146,31.538142746984793,31.673114776611328,7083360,0.0,0.0
2007-04-09 00:00:00-04:00,31.920567163967338,32.60292059498272,31.568143920580283,31.853084564208984,4442520,0.0,0.0
2007-04-10 00:00:00-04:00,31.853081181004697,32.040539310667135,31.538147541492886,31.718109130859375,3117480,0.0,0.0
2007-04-11 00:00:00-04:00,31.770599356645526,31.81558889687747,30.630847175026815,30.825801849365234,4776120,0.0,0.0
2007-04-12 00:00:00-04:00,30.8333037924132,31.965559505913298,30.825803818987715,31.890573501586914,4038840,0.0,0.0
2007-04-13 00:00:00-04:00,32.0330346606424,32.505433334692746,31.500649943055922,32.23549270629883,3215880,0.0,0.0
2007-04-16 00:00:00-04:00,32.57292668553236,33.300266208412545,32.093031364205316,33.24028015136719,3405480,0.0,0.0
2007-04-17 00:00:00-04:00,33.21778544312009,33.21778544312009,32.2729913617454,32.45294952392578,2863080,0.0,0.0
2007-04-18 00:00:00-04:00,32.13801731615122,32.20550333902796,31.02825822239702,31.200719833374023,4038000,0.0,0.0
2007-04-19 00:00:00-04:00,31.193228907292692,31.47066615630146,30.5933579984563,31.080753326416016,2376600,0.0,0.0
2007-04-20 00:00:00-04:00,31.560639385812923,31.90556256826351,30.863289616755665,31.163223266601562,2807400,0.0,0.0
2007-04-23 00:00:00-04:00,32.325482892226326,32.7678886967052,31.27570960679405,31.928070068359375,3638880,0.0,0.0
2007-04-24 00:00:00-04:00,31.98055713233097,32.018046703315655,31.4706653286133,31.748106002807617,2432160,0.0,0.0
2007-04-25 00:00:00-04:00,31.808096762048145,32.61042587339541,30.71333385089108,32.265499114990234,3170520,0.0,0.0
2007-04-26 00:00:00-04:00,31.97304727582566,32.280480884773375,31.500648621592607,31.755596160888672,2783880,0.0,0.0
2007-04-27 00:00:00-04:00,31.99556247390669,32.108038082854115,31.34320188252171,31.575653076171875,2391720,0.0,0.0
2007-04-30 00:00:00-04:00,31.583147200346488,32.21301124870455,31.328202963924088,31.395689010620117,2230200,0.0,0.0
2007-05-01 00:00:00-04:00,31.448180909887043,31.568153061960448,30.968285436627053,31.515666961669922,4749240,0.0,0.0
2007-05-02 00:00:00-04:00,31.80809573907227,32.61042482461593,31.59814450633946,32.1605224609375,2864040,0.0,0.0
2007-05-03 00:00:00-04:00,32.220508095603144,32.243001153996026,31.860584836491146,32.10053253173828,2740080,0.0,0.0
2007-05-04 00:00:00-04:00,32.25825179263338,32.47605909825516,31.724995037151217,31.822633743286133,2512080,0.05833,0.0
2007-05-07 00:00:00-04:00,31.822630740178866,32.656312353807195,31.777564081520566,32.603736877441406,2247240,0.0,0.0
2007-05-08 00:00:00-04:00,32.348384937806145,32.446023664150594,31.785085915859085,32.37091827392578,2733840,0.0,0.0
2007-05-09 00:00:00-04:00,32.43098637974839,33.79792442738234,32.318326631657115,33.70779800415039,3646800,0.0,0.0
2007-05-10 00:00:00-04:00,33.565107468886595,33.903086827487044,32.4760605768826,32.79901885986328,4293120,0.0,0.0
2007-05-11 00:00:00-04:00,33.09193695318627,34.278619188009465,32.62627670516309,34.226043701171875,3735240,0.0,0.0
2007-05-14 00:00:00-04:00,34.23355706746959,34.72175066512499,33.662745827279885,33.91059875488281,3916320,0.0,0.0
2007-05-15 00:00:00-04:00,33.92561996218758,34.32368366128717,33.64772487952372,33.84300231933594,3619560,0.0,0.0
2007-05-16 00:00:00-04:00,33.85802058664141,34.15093672205173,32.83657367928709,33.106956481933594,3748680,0.0,0.0
2007-05-17 00:00:00-04:00,33.26467231087669,33.670248146282745,32.85158765824072,33.414886474609375,3234120,0.0,0.0
2007-05-18 00:00:00-04:00,33.106965798335274,34.556522369384766,33.106965798335274,34.556522369384766,3546840,0.0,0.0
2007-05-21 00:00:00-04:00,34.556504587839996,35.532888040115886,34.40629042668099,34.96958923339844,3466200,0.0,0.0
2007-05-22 00:00:00-04:00,34.97711653312228,35.66058421226076,34.781839071052836,35.01466751098633,2648280,0.0,0.0
2007-05-23 00:00:00-04:00,35.30005937316225,36.29897614368997,35.20242068502928,35.547908782958984,2764680,0.0,0.0
2007-05-24 00:00:00-04:00,36.68202323805451,37.177725557872115,35.13482854430301,35.322593688964844,5349360,0.0,0.0
2007-05-25 00:00:00-04:00,36.193830312237694,36.29898127035631,35.57795595212446,36.05112838745117,2015280,0.0,0.0
2007-05-29 00:00:00-04:00,36.05113609829062,36.704561564830435,35.668093464867134,36.07366943359375,2993160,0.0,0.0
2007-05-30 00:00:00-04:00,36.07367502517887,36.88482365025961,35.76573773152705,36.682037353515625,3045480,0.0,0.0
2007-05-31 00:00:00-04:00,36.877305289013904,37.050049381409934,36.0886867686447,36.4942626953125,2744760,0.0,0.0
2007-06-01 00:00:00-04:00,35.82580566684677,37.17772286182212,35.82580566684677,36.779659271240234,1955520,0.0,0.0
2007-06-04 00:00:00-04:00,36.78717549931556,37.320432292058975,36.314006448617874,37.22279357910156,2210280,0.0,0.0
2007-06-05 00:00:00-04:00,36.95240418918432,37.17772372692325,36.29146664927657,36.41914749145508,2939040,0.0,0.0
2007-06-06 00:00:00-04:00,36.246411462382355,36.27645361565847,35.134834600645924,35.42023849487305,3003360,0.0,0.0
2007-06-07 00:00:00-04:00,35.35262656465268,35.840819938452555,33.91058320557045,34.02324295043945,3360840,0.0,0.0
2007-06-08 00:00:00-04:00,33.72282659354243,34.60157144933857,33.219612023043794,34.54899597167969,3093600,0.0,0.0
2007-06-11 00:00:00-04:00,34.473890371648,34.924529461473455,34.14341987212084,34.68418884277344,1709880,0.0,0.0
2007-06-12 00:00:00-04:00,34.21853477819596,34.609089642483895,33.76038335076526,33.89557647705078,1982760,0.0,0.0
2007-06-13 00:00:00-04:00,34.05328200448947,35.54790069255085,34.05328200448947,35.26249694824219,2771520,0.0,0.0
2007-06-14 00:00:00-04:00,35.262507204922365,36.336529404240494,35.20993172996183,36.111209869384766,2097240,0.0,0.0
2007-06-15 00:00:00-04:00,36.599416513679934,36.89233270203846,35.825818936371036,36.01358413696289,1867200,0.0,0.0
2007-06-18 00:00:00-04:00,36.2989768091595,36.64446491342304,35.72816574206339,36.27644348144531,3034440,0.0,0.0
2007-06-19 00:00:00-04:00,36.809704382417756,37.26034348371142,36.43417065197187,36.561851501464844,2444640,0.0,0.0
2007-06-20 00:00:00-04:00,37.07256471761476,37.440589528951165,35.457777340209276,35.53288269042969,2619000,0.0,0.0
2007-06-21 00:00:00-04:00,36.712062969653665,36.712062969653665,35.72065495717245,36.26893615722656,2354160,0.0,0.0
2007-06-22 00:00:00-04:00,36.111203116029365,36.49424900413119,35.615500919671405,35.773223876953125,2228160,0.0,0.0
2007-06-25 00:00:00-04:00,35.81079336367062,36.081176181259686,35.12732234327487,35.42023849487305,2157120,0.0,0.0
2007-06-26 00:00:00-04:00,35.435253500696575,35.56293434929763,34.17346608875067,34.45886993408203,3307560,0.0,0.0
2007-06-27 00:00:00-04:00,34.173472382134484,34.481406176220105,33.302236173525536,34.421321868896484,4794720,0.0,0.0
2007-06-28 00:00:00-04:00,34.56402933468349,35.51788333716123,34.56402933468349,34.67668914794922,3566280,0.0,0.0
2007-06-29 00:00:00-04:00,35.08226152072605,35.5103708295479,34.36874829809249,34.631622314453125,2294040,0.0,0.0
2007-07-02 00:00:00-04:00,34.9245282218284,35.11229335655649,34.66165428272645,35.04469680786133,3922200,0.0,0.0
2007-07-03 00:00:00-04:00,35.31508604094171,35.54791441546331,34.96959445016643,35.4277458190918,1898400,0.0,0.0
2007-07-05 00:00:00-04:00,35.35263471918993,35.675592958182364,35.067230883183754,35.33010482788086,2624160,0.0,0.0
2007-07-06 00:00:00-04:00,35.60048928260803,36.208851386525566,35.36766091209429,36.05112838745117,4425360,0.0,0.0
2007-07-09 00:00:00-04:00,36.35906464663934,37.15519187804344,36.17129606564131,36.78717041015625,3770040,0.0,0.0
2007-07-10 00:00:00-04:00,36.126230084025366,36.39661283180643,34.73676194416877,35.51786804199219,4540800,0.0,0.0
2007-07-11 00:00:00-04:00,35.60048644249372,35.825805976939876,35.112292971825944,35.7131462097168,2083320,0.0,0.0
2007-07-12 00:00:00-04:00,36.12624058559531,36.47173223571024,35.71315580746379,36.344051361083984,2465640,0.0,0.0
2007-07-13 00:00:00-04:00,36.23889530263689,37.710984721373286,36.12623552093118,37.59081268310547,3489960,0.0,0.0
2007-07-16 00:00:00-04:00,37.59832024152738,37.59832024152738,35.89340265396104,36.509273529052734,3221280,0.0,0.0
2007-07-17 00:00:00-04:00,36.19382560403074,36.31399762080487,35.36014405613956,35.45778274536133,2496000,0.0,0.0
2007-07-18 00:00:00-04:00,34.17345933613697,35.15735152631678,34.17345933613697,35.11980056762695,3316080,0.0,0.0
2007-07-19 00:00:00-04:00,34.45137340905593,35.91595114677952,34.45137340905593,35.80329132080078,2208000,0.0,0.0
2007-07-20 00:00:00-04:00,35.80328174942362,35.86336949515924,33.94815296552013,34.774322509765625,3196680,0.0,0.0
2007-07-23 00:00:00-04:00,34.24857162378843,34.42882795153433,33.50501642065127,34.015743255615234,3500400,0.0,0.0
2007-07-24 00:00:00-04:00,33.50501829348104,34.684191588706575,31.627356416589027,31.94280242919922,5853600,0.0,0.0
2007-07-25 00:00:00-04:00,31.732495242688458,31.92026378557779,30.60589773776339,31.394515991210938,6767160,0.0,0.0
2007-07-26 00:00:00-04:00,31.29689344685138,32.01791897221403,29.32910464502065,30.282955169677734,6669600,0.0,0.0
2007-07-27 00:00:00-04:00,30.32801308697586,31.867695546911037,30.2153533109293,30.77865219116211,8907960,0.0,0.0
2007-07-30 00:00:00-04:00,30.831228809859912,31.77006156234692,30.34303866657405,31.28186798095703,4912440,0.0,0.0
2007-07-31 00:00:00-04:00,31.77006156234692,32.36340267921092,31.214271417671657,31.28186798095703,4538280,0.0,0.0
2007-08-01 00:00:00-04:00,31.770052479335625,32.08549843367646,30.095177143062124,31.334434509277344,4986120,0.0,0.0
2007-08-02 00:00:00-04:00,31.371989149809664,31.544733200508777,30.32800915230181,30.73358154296875,3467400,0.0,0.0
2007-08-03 00:00:00-04:00,30.66599401049802,31.094099806505533,28.623095142061416,28.675670623779297,5257440,0.0,0.0
2007-08-06 00:00:00-04:00,28.48038623822576,29.171367554622602,27.511511663374282,29.148834228515625,7224120,0.0,0.0
2007-08-07 00:00:00-04:00,28.682330958227308,30.555862724155972,28.524323002036603,30.269943237304688,6132000,0.05833,0.0
2007-08-08 00:00:00-04:00,30.254887189688677,32.406815745959584,30.254887189688677,31.594202041625977,4055880,0.0,0.0
2007-08-09 00:00:00-04:00,31.360950435988936,32.46700944222085,30.375277117573702,31.285709381103516,5544600,0.0,0.0
2007-08-10 00:00:00-04:00,30.39786053977869,31.6468796580127,30.09688933870012,30.525772094726562,4256040,0.0,0.0
2007-08-13 00:00:00-04:00,30.85683543629473,31.28571818055641,29.57019409214104,29.893735885620117,2820360,0.0,0.0
2007-08-14 00:00:00-04:00,30.02165225670732,30.397864585974478,29.05102672044677,29.07360076904297,2746080,0.0,0.0
2007-08-15 00:00:00-04:00,29.2015076214055,29.652960965834723,27.90734044889089,28.042776107788086,3363480,0.0,0.0
2007-08-16 00:00:00-04:00,27.78695098994333,28.07287222435244,25.86075030821987,27.388166427612305,6327480,0.0,0.0
2007-08-17 00:00:00-04:00,27.960009925312768,29.11121729020498,27.41826558692075,28.998353958129883,5330040,0.0,0.0
2007-08-20 00:00:00-04:00,29.344470781084016,29.56267509309142,28.50928268617792,29.33694839477539,3030480,0.0,0.0
2007-08-21 00:00:00-04:00,29.05854490832625,29.720676642635546,28.554421139681775,28.968252182006836,2266800,0.0,0.0
2007-08-22 00:00:00-04:00,29.19398221954798,30.277470950921966,29.19398221954798,30.119462966918945,3159840,0.0,0.0
2007-08-23 00:00:00-04:00,30.44300670548058,30.61606291592947,29.735730202995963,30.375288009643555,1741800,0.0,0.0
2007-08-24 00:00:00-04:00,30.405387460139313,31.112664032821478,30.26995349933932,30.977230072021484,1545720,0.0,0.0
2007-08-27 00:00:00-04:00,30.804171561815444,31.059994690908624,29.95393181592807,30.390336990356445,1322640,0.0,0.0
2007-08-28 00:00:00-04:00,30.051749477775065,30.224805707150352,29.02845687522591,29.239131927490234,1678920,0.0,0.0
2007-08-29 00:00:00-04:00,29.367043913119616,30.435481059341672,28.998357443272774,30.232328414916992,2306160,0.0,0.0
2007-08-30 00:00:00-04:00,30.11193824007069,30.322616707897225,29.111219823289474,29.592769622802734,2487480,0.0,0.0
2007-08-31 00:00:00-04:00,30.06679993221684,30.458060518443045,29.878695470831122,30.006607055664062,1632720,0.0,0.0
2007-09-04 00:00:00-04:00,30.01413035128971,31.413635278787375,29.351994987891256,30.977230072021484,1624440,0.0,0.0
2007-09-05 00:00:00-04:00,30.781582960806215,31.127695226764946,29.916295407280575,30.26241111755371,2667000,0.0,0.0
2007-09-06 00:00:00-04:00,30.360235843802688,32.02308936908698,30.277468942359423,31.819936752319336,3293640,0.0,0.0
2007-09-07 00:00:00-04:00,31.225521994032007,31.797364507114857,30.638634709998122,30.841787338256836,2870160,0.0,0.0
2007-09-10 00:00:00-04:00,31.052470601308208,31.27819730955339,29.54762473156823,30.71388053894043,2246160,0.0,0.0
2007-09-11 00:00:00-04:00,30.585964695344202,31.872606063775976,30.57844230975532,31.68450164794922,2147640,0.0,0.0
2007-09-12 00:00:00-04:00,31.59421222702225,32.910950021107865,31.391056152209078,32.26386642456055,2410200,0.0,0.0
2007-09-13 00:00:00-04:00,32.42940555505725,33.49784280318983,32.27139754495392,33.09153747558594,2640480,0.0,0.0
2007-09-14 00:00:00-04:00,32.722831324036584,33.51287434453376,32.58739399993995,33.369911193847656,1957560,0.0,0.0
2007-09-17 00:00:00-04:00,33.32477581092975,34.22768237051896,33.06143036059302,33.76118087768555,2526360,0.0,0.0
2007-09-18 00:00:00-04:00,33.919206555329005,34.90488052368164,33.19688161919548,34.90488052368164,2728080,0.0,0.0
2007-09-19 00:00:00-04:00,35.115546684304974,35.70995981113533,33.82137947715668,33.941768646240234,3495840,0.0,0.0
2007-09-20 00:00:00-04:00,33.77624318792743,33.979395870898834,33.28717089356911,33.88158416748047,2048520,0.0,0.0
2007-09-21 00:00:00-04:00,34.242730851458084,34.47598332185725,33.60317318151717,34.05462646484375,1948080,0.0,0.0
2007-09-24 00:00:00-04:00,34.167498781915796,34.98011628359044,33.97939090145778,34.227691650390625,1740480,0.0,0.0
2007-09-25 00:00:00-04:00,33.82137738429524,34.152444995551775,32.918470727145504,33.904144287109375,2155560,0.0,0.0
2007-09-26 00:00:00-04:00,33.86651715841099,34.235206975471066,33.588123504986534,34.175010681152344,2268360,0.0,0.0
2007-09-27 00:00:00-04:00,34.68666801612162,34.980113392154564,34.107303094151085,34.61142349243164,2069040,0.0,0.0
2007-09-28 00:00:00-04:00,34.603913188218755,35.61968361383584,34.596387355495864,35.062889099121094,2915160,0.0,0.0
2007-10-01 00:00:00-04:00,35.28108406404297,35.91311951586527,35.092979627934334,35.61214828491211,3210840,0.0,0.0
2007-10-02 00:00:00-04:00,35.41651595541083,36.11627006565934,35.04782949106601,36.010929107666016,4096440,0.0,0.0
2007-10-03 00:00:00-04:00,36.11626128935954,36.417228985332514,35.3412662862377,35.47670364379883,3170520,0.0,0.0
2007-10-04 00:00:00-04:00,34.2728341945824,34.95754008649285,33.889099515173996,34.11482620239258,5197800,0.0,0.0
2007-10-05 00:00:00-04:00,34.17502172403952,35.138124856878434,33.91919858454542,34.67162322998047,3365400,0.0,0.0
2007-10-08 00:00:00-04:00,34.34807291643968,34.882289667522315,34.28035423285263,34.79952621459961,2283480,0.0,0.0
2007-10-09 00:00:00-04:00,35.24346532577732,36.1915168762207,35.13812779542426,36.1915168762207,3641640,0.0,0.0
2007-10-10 00:00:00-04:00,36.11626681118612,37.606064194873795,35.973307047633924,37.3953857421875,4869600,0.0,0.0
2007-10-11 00:00:00-04:00,37.997316908323185,39.68274433828931,36.65800526998054,37.89950180053711,7880280,0.0,0.0
2007-10-12 00:00:00-04:00,37.92207946144595,38.34343635914854,37.43300387584197,37.89198303222656,2109840,0.0,0.0
2007-10-15 00:00:00-04:00,38.24561720338865,38.94536771963652,38.16285030961752,38.61430358886719,2549760,0.0,0.0
2007-10-16 00:00:00-04:00,38.614314076070926,39.11843795996469,38.36601677163803,38.66698455810547,3683760,0.0,0.0
2007-10-17 00:00:00-04:00,38.62934858562992,39.12594646259506,38.20799176750347,38.69706726074219,2286960,0.0,0.0
2007-10-18 00:00:00-04:00,38.666971265645195,39.12594689611909,38.3283813306471,38.84755325317383,2689200,0.0,0.0
2007-10-19 00:00:00-04:00,38.734698047202606,38.990521147937635,36.75582504272461,36.75582504272461,4682520,0.0,0.0
2007-10-22 00:00:00-04:00,36.2742877563735,37.70388934724216,36.24419131584786,37.365299224853516,3559080,0.0,0.0
2007-10-23 00:00:00-04:00,37.801687064232254,38.06503249552115,36.658002290114716,37.25994110107422,2679960,0.0,0.0
2007-10-24 00:00:00-04:00,37.14708694947441,37.92208211112845,36.47743274176415,37.65121078491211,2637480,0.0,0.0
2007-10-25 00:00:00-04:00,36.86867766304577,40.81889324995477,36.86115527984805,40.38248825073242,5603160,0.0,0.0
2007-10-26 00:00:00-04:00,40.96938623570437,43.678105986825315,40.96938623570437,43.12883758544922,6533400,0.0,0.0
2007-10-29 00:00:00-04:00,43.4298011101263,43.4749491904097,41.812095933209406,42.684906005859375,3284160,0.0,0.0
2007-10-30 00:00:00-04:00,42.54195150362725,42.96330493548582,41.24025861834568,41.33807373046875,2334720,0.0,0.0
2007-10-31 00:00:00-04:00,41.69172750718398,42.93322455687677,41.49609720980834,42.51186752319336,3018240,0.0,0.0
2007-11-01 00:00:00-04:00,42.23346070185878,42.286127731571426,39.98371642093614,40.15677261352539,4504560,0.0,0.0
2007-11-02 00:00:00-04:00,40.83395992969423,41.73686675794013,39.682755790270434,41.60143280029297,2424120,0.0,0.0
2007-11-05 00:00:00-05:00,40.68181187314008,41.910482764711055,40.57628348793085,41.533592224121094,2085120,0.08333,0.0
2007-11-06 00:00:00-05:00,42.11399567392331,43.742171620077606,41.82755811176563,43.56880187988281,2820000,0.0,0.0
2007-11-07 00:00:00-05:00,43.58388822598313,44.08892554348394,42.513511657714844,42.513511657714844,2643600,0.0,0.0
2007-11-08 00:00:00-05:00,42.55119562027097,43.508500742245715,41.556196619901456,42.9582405090332,3573360,0.0,0.0
2007-11-09 00:00:00-05:00,42.513506482967856,43.20698898279477,41.706956146750066,42.18183898925781,2613840,0.0,0.0
2007-11-12 00:00:00-05:00,42.189385918657706,42.189385918657706,37.76466403519049,38.05110168457031,4978680,0.0,0.0
2007-11-13 00:00:00-05:00,38.20185693778706,39.257157997026546,37.70435909934447,39.24961853027344,3644640,0.0,0.0
2007-11-14 00:00:00-05:00,39.965716210171436,40.69688921314382,39.257158156993675,39.52098083496094,2940360,0.0,0.0
2007-11-15 00:00:00-05:00,39.44559535971804,39.44559535971804,37.04102007999318,37.72696304321289,2759280,0.0,0.0
2007-11-16 00:00:00-05:00,38.058633106949905,39.053628652657764,37.55359586833685,38.405372619628906,2823960,0.0,0.0
2007-11-19 00:00:00-05:00,38.088777217082345,38.6239653213441,37.455596778918185,37.824951171875,3087360,0.0,0.0
2007-11-20 00:00:00-05:00,37.915416798911934,41.752183889487505,37.915416798911934,41.11900329589844,4927200,0.0,0.0
2007-11-21 00:00:00-05:00,41.10393650276864,41.420528591764814,39.973257864690964,40.282310485839844,2261040,0.0,0.0
2007-11-23 00:00:00-05:00,40.538574606815324,41.6391016617084,40.35012942227119,41.42050552368164,889680,0.0,0.0
2007-11-26 00:00:00-05:00,41.216998811213564,43.70449147971201,41.216998811213564,41.45820999145508,3374040,0.0,0.0
2007-11-27 00:00:00-05:00,41.563736936859115,42.777332162208324,40.70442069866489,42.40797424316406,4407720,0.0,0.0
2007-11-28 00:00:00-05:00,43.041145401484584,45.21204874438305,42.80747376663181,44.91807174682617,3857040,0.0,0.0
2007-11-29 00:00:00-05:00,45.22714092207417,45.22714092207417,44.006009497400974,44.36782455444336,3381000,0.0,0.0
2007-11-30 00:00:00-05:00,45.136681438484,45.36281711011857,43.64418462547319,44.684410095214844,3293760,0.0,0.0
2007-12-03 00:00:00-05:00,44.20197907067172,45.22712540625028,43.04114652809624,43.22959518432617,5531280,0.0,0.0
2007-12-04 00:00:00-05:00,42.92054295736528,43.8552364279444,42.49842265764131,43.62910079956055,2370960,0.0,0.0
2007-12-05 00:00:00-05:00,44.1190639087856,46.146745165463365,44.1190639087856,45.86784362792969,5533800,0.0,0.0
2007-12-06 00:00:00-05:00,46.071363824072364,47.71461504938483,45.86783969902595,47.60154724121094,2945640,0.0,0.0
2007-12-07 00:00:00-05:00,47.95583887409803,48.29504238866673,46.59148534968418,47.948299407958984,2029680,0.0,0.0
2007-12-10 00:00:00-05:00,47.985986382883574,49.76492070240274,47.985986382883574,49.229732513427734,3956760,0.0,0.0
2007-12-11 00:00:00-05:00,49.56893497200188,49.56893497200188,46.40303579650195,46.62163543701172,3813960,0.0,0.0
2007-12-12 00:00:00-05:00,47.774924818261425,49.10158777911819,47.26988760520154,48.99605941772461,4442040,0.0,0.0
2007-12-13 00:00:00-05:00,48.5814845744283,49.74231747982027,48.24228102786389,49.531253814697266,3357600,0.0,0.0
2007-12-14 00:00:00-05:00,49.65184764815573,51.2272576374928,49.21465185459427,49.764915466308594,3823320,0.0,0.0
2007-12-17 00:00:00-05:00,50.13428426599238,50.53379320185466,49.372960278543815,49.56140899658203,3447600,0.0,0.0
2007-12-18 00:00:00-05:00,50.02121420852002,51.136817181926254,49.659399172896556,50.69208526611328,3793680,0.0,0.0
2007-12-19 00:00:00-05:00,50.80513731144041,51.46846869610513,50.503620849875524,51.287559509277344,3264000,0.0,0.0
2007-12-20 00:00:00-05:00,51.739841426279,52.76498794555664,50.85791025248772,52.76498794555664,2697960,0.0,0.0
2007-12-21 00:00:00-05:00,53.23988250099972,54.1670368117116,52.584086892852454,53.82029724121094,3549240,0.0,0.0
2007-12-24 00:00:00-05:00,54.50623077517087,55.17710174875161,53.60922758924179,54.83789825439453,924960,0.0,0.0
2007-12-26 00:00:00-05:00,55.47107095876458,55.91580275601305,54.43084567623564,55.463531494140625,1908480,0.0,0.0
2007-12-27 00:00:00-05:00,55.177098675516554,55.350468420605516,53.35293799305705,53.616764068603516,1896960,0.0,0.0
2007-12-28 00:00:00-05:00,53.71475798059784,54.551462725342695,53.63938057363923,54.091651916503906,1555680,0.0,0.0
2007-12-31 00:00:00-05:00,54.02381919663878,54.619309433588654,53.54893628073857,53.91075134277344,1123680,0.0,0.0
2008-01-02 00:00:00-05:00,54.05396405380343,54.898204854043804,54.03889202225272,54.3856315612793,3258000,0.0,0.0
2008-01-03 00:00:00-05:00,54.00119979849253,54.02381129562441,51.875522386371394,52.244876861572266,3789360,0.0,0.0
2008-01-04 00:00:00-05:00,52.69714074516686,52.7649821280644,49.267419132451344,49.357872009277344,4279560,0.0,0.0
2008-01-07 00:00:00-05:00,49.35787235524149,50.25487891755569,47.37541746118277,48.49102020263672,4003440,0.0,0.0
2008-01-08 00:00:00-05:00,48.6417808706825,51.10665813502538,48.54378852327737,49.53878402709961,5261400,0.0,0.0
2008-01-09 00:00:00-05:00,49.757374649496036,49.93828384373613,46.599015291838,48.42317581176758,3822480,0.0,0.0
2008-01-10 00:00:00-05:00,47.97090581602344,49.95336063921486,47.10405369440625,49.38048553466797,3036960,0.0,0.0
2008-01-11 00:00:00-05:00,50.20211612777799,50.93328900954713,48.86791712442444,49.199581146240234,2716200,0.0,0.0
2008-01-14 00:00:00-05:00,49.49354877539488,52.23732711318506,49.41063192307764,51.950889587402344,2986680,0.0,0.0
2008-01-15 00:00:00-05:00,50.737309449691985,54.19718606109801,50.737309449691985,51.45340347290039,5324640,0.0,0.0
2008-01-16 00:00:00-05:00,50.820225278376085,51.2951081286248,47.24728090007137,47.692012786865234,5243280,0.0,0.0
2008-01-17 00:00:00-05:00,47.865383724973704,49.25988469646667,44.2773640356713,44.4959602355957,5573160,0.0,0.0
2008-01-18 00:00:00-05:00,44.8879250207582,47.32265118401964,44.37535181808339,45.07637023925781,6607800,0.0,0.0
2008-01-22 00:00:00-05:00,43.05621583183009,45.83768433553486,40.870240717722865,44.812538146972656,4734720,0.0,0.0
2008-01-23 00:00:00-05:00,43.41050413765858,45.97337341308594,40.42551111679451,45.97337341308594,5889720,0.0,0.0
2008-01-24 00:00:00-05:00,46.289980726951036,51.36295889114924,46.244754273518694,51.11420822143555,5547120,0.0,0.0
2008-01-25 00:00:00-05:00,51.732310888887575,57.47615990640023,51.11420570408203,55.03389358520508,9950520,0.0,0.0
2008-01-28 00:00:00-05:00,55.214790931216605,58.214852954075155,55.09418363679365,57.40830612182617,5589840,0.0,0.0
2008-01-29 00:00:00-05:00,56.14949440034434,57.96611944786643,54.63438591663952,55.02635192871094,8634960,0.0,0.0
2008-01-30 00:00:00-05:00,54.031347399588896,55.48615371273473,52.59915603272428,53.285099029541016,5195640,0.0,0.0
2008-01-31 00:00:00-05:00,51.80015269284273,55.765067055930814,50.35288553971385,54.9359016418457,6079560,0.0,0.0
2008-02-01 00:00:00-05:00,55.267547195833615,58.018868658312485,55.26001118171438,57.24246597290039,3616560,0.0,0.0
2008-02-04 00:00:00-05:00,57.25001402503719,58.26762107324375,56.157022670439304,57.80027770996094,2715120,0.0,0.0
2008-02-05 00:00:00-05:00,56.97002191385101,57.58138471821201,54.83402329844377,55.2491455078125,3428400,0.08333,0.0
2008-02-06 00:00:00-05:00,55.51330561859778,57.21153723043393,54.32076710857472,54.607582092285156,3130320,0.0,0.0
2008-02-07 00:00:00-05:00,53.99622837342115,57.32476219457659,53.45279209431596,56.35110855102539,3196200,0.0,0.0
2008-02-08 00:00:00-05:00,56.76623286633432,59.015446977816474,56.4265864748863,58.52484893798828,3897720,0.0,0.0
2008-02-11 00:00:00-05:00,58.622972217914345,61.31749917053328,58.396541265423274,61.10616683959961,4239240,0.0,0.0
2008-02-12 00:00:00-05:00,61.37787921996974,61.808096594921075,57.083237505000774,58.102176666259766,5205120,0.0,0.0
2008-02-13 00:00:00-05:00,58.856949088197524,61.30240752375489,57.70215330231238,60.49480056762695,4964640,0.0,0.0
2008-02-14 00:00:00-05:00,60.63065439035547,62.14774438428823,59.88343508595491,60.29100799560547,3571200,0.0,0.0
2008-02-15 00:00:00-05:00,58.78147533595433,58.99280766216837,55.06800572499551,56.66811752319336,6494760,0.0,0.0
2008-02-19 00:00:00-05:00,57.73234181621589,60.1551486430138,57.59648187496469,59.362640380859375,3826080,0.0,0.0
2008-02-20 00:00:00-05:00,58.47201983652275,59.6268190621027,57.188909969774144,59.332454681396484,3914280,0.0,0.0
2008-02-21 00:00:00-05:00,59.89852731206002,60.38157950585898,56.939833488806855,57.12852478027344,3920520,0.0,0.0
2008-02-22 00:00:00-05:00,57.249290354979074,57.860653225211216,55.66427371471541,57.702152252197266,2772720,0.0,0.0
2008-02-25 00:00:00-05:00,57.483268944158155,61.46090214042831,56.434139373424976,61.37788391113281,4349400,0.0,0.0
2008-02-26 00:00:00-05:00,61.377856827405104,63.53649567953736,60.14003304781,61.38540267944336,4538040,0.0,0.0
2008-02-27 00:00:00-05:00,60.89482185008866,61.53637845829205,58.766372479622405,59.68719482421875,3565320,0.0,0.0
2008-02-28 00:00:00-05:00,59.0682794942608,61.430705522988234,59.0682794942608,60.41931915283203,3637680,0.0,0.0
2008-02-29 00:00:00-05:00,59.89099538537099,60.13252499350277,56.98513223669712,57.34741973876953,3050640,0.0,0.0
2008-03-03 00:00:00-05:00,57.78517646503204,59.12112111338533,56.63038071872824,57.58893585205078,3491760,0.0,0.0
2008-03-04 00:00:00-05:00,57.27948523331974,57.98142256940016,54.77364612960102,56.16242218017578,3796320,0.0,0.0
2008-03-05 00:00:00-05:00,56.61528360756841,58.68335249942958,55.777489779852694,58.57013702392578,4377840,0.0,0.0
2008-03-06 00:00:00-05:00,58.434283057136,61.00049585454828,58.034249061242434,58.4569206237793,5218920,0.0,0.0
2008-03-07 00:00:00-05:00,57.8682029969346,57.95122813942773,55.166126758332695,55.89070510864258,5280960,0.0,0.0
2008-03-10 00:00:00-04:00,55.33971646299598,56.5624455260621,51.01488788611527,51.49794006347656,8184720,0.0,0.0
2008-03-11 00:00:00-04:00,52.735765172058855,54.524571692400734,50.328049942057866,53.27920150756836,7893600,0.0,0.0
2008-03-12 00:00:00-04:00,53.05277701348819,53.550924456959045,50.569582197378864,51.973453521728516,4722720,0.0,0.0
2008-03-13 00:00:00-04:00,51.20358045155359,53.966037103388466,49.36948853862211,53.69432067871094,6784920,0.0,0.0
2008-03-14 00:00:00-04:00,53.15844043947431,53.73961300265997,49.84500120720567,51.784759521484375,5492880,0.0,0.0
2008-03-17 00:00:00-04:00,50.45635736349882,51.490391705574304,47.17310890364752,48.909080505371094,6209520,0.0,0.0
2008-03-18 00:00:00-04:00,49.93556872101744,52.21497676893461,49.89028322348958,52.07911682128906,4174440,0.0,0.0
2008-03-19 00:00:00-04:00,51.882888266291324,52.98485290417572,48.19961166381836,48.19961166381836,4322880,0.0,0.0
2008-03-20 00:00:00-04:00,47.22594005926392,48.80340712526639,45.459778264245436,48.456214904785156,5535360,0.0,0.0
2008-03-24 00:00:00-04:00,48.758134829952844,50.131815830057846,48.395847347708774,49.135520935058594,3159720,0.0,0.0
2008-03-25 00:00:00-04:00,49.324197400842536,52.56970932588287,48.72792981474618,51.52057647705078,5638800,0.0,0.0
2008-03-26 00:00:00-04:00,53.256557031273886,55.02271907532129,53.02258023318693,53.27920150756836,5042760,0.0,0.0
2008-03-27 00:00:00-04:00,53.9207580613025,54.720815721163405,52.42631236413882,53.14334487915039,4729320,0.0,0.0
2008-03-28 00:00:00-04:00,53.226364802789156,53.898108296488815,52.101759439834304,52.45650100708008,2874000,0.0,0.0
2008-03-31 00:00:00-04:00,52.645194290213574,54.23775674790596,51.090368019677136,52.2225227355957,3702720,0.0,0.0
2008-04-01 00:00:00-04:00,53.06031396687249,53.35467486978014,50.81864911984854,52.765953063964844,3496680,0.0,0.0
2008-04-02 00:00:00-04:00,52.71312171349052,53.81508604433751,51.49794191652996,52.765953063964844,4028040,0.0,0.0
2008-04-03 00:00:00-04:00,52.335739996013935,55.70201392707874,52.22252452055239,54.841575622558594,4144680,0.0,0.0
2008-04-04 00:00:00-04:00,55.35482008357486,58.85694695830574,54.8717644075112,57.44552993774414,6390720,0.0,0.0
2008-04-07 00:00:00-04:00,58.72109307761905,60.71368259691145,55.860512524949414,56.275634765625,5041080,0.0,0.0
2008-04-08 00:00:00-04:00,55.47558678732913,59.724940336899756,55.47558678732913,59.030555725097656,3540240,0.0,0.0
2008-04-09 00:00:00-04:00,59.0909254220232,59.362638385267786,57.219093913005075,57.94367218017578,3137160,0.0,0.0
2008-04-10 00:00:00-04:00,57.8832963803521,59.52869364798957,57.04550258064159,58.796566009521484,3252960,0.0,0.0
2008-04-11 00:00:00-04:00,58.11727143429101,60.155149864053314,56.622829325502465,57.0832405090332,3082920,0.0,0.0
2008-04-14 00:00:00-04:00,56.66812439082284,59.958919382979985,56.66812439082284,59.83061218261719,2651160,0.0,0.0
2008-04-15 00:00:00-04:00,60.6306633683673,61.891132289143755,58.49466783870522,59.64191436767578,4144920,0.0,0.0
2008-04-16 00:00:00-04:00,60.32873620442716,63.778034500870305,60.20042904655111,63.61198425292969,4090200,0.0,0.0
2008-04-17 00:00:00-04:00,62.6685328931075,63.966737814949504,61.702428511765454,62.69117736816406,2487000,0.0,0.0
2008-04-18 00:00:00-04:00,63.09120417693549,65.57439854574754,62.28360421402461,65.09889221191406,4551480,0.0,0.0
2008-04-21 00:00:00-04:00,66.3367264705976,67.70285810811724,65.3253329906081,66.49522399902344,4130640,0.0,0.0
2008-04-22 00:00:00-04:00,67.50662477245683,67.71796404669062,63.20443599977289,64.15544891357422,4203840,0.0,0.0
2008-04-23 00:00:00-04:00,65.38569422636685,65.43098316967091,60.96274589515856,61.7175178527832,4809360,0.0,0.0
2008-04-24 00:00:00-04:00,59.6494513476087,63.36292412227062,58.9399682286557,59.0833740234375,6219480,0.0,0.0
2008-04-25 00:00:00-04:00,59.28715800571373,61.445797350903526,59.12865361598056,60.985389709472656,3147000,0.0,0.0
2008-04-28 00:00:00-04:00,61.89111689354396,63.46103462427791,60.39667152507382,62.02696990966797,3329880,0.0,0.0
2008-04-29 00:00:00-04:00,62.042088021929196,62.102468694761114,59.41548729299039,59.78532409667969,4109760,0.0,0.0
2008-04-30 00:00:00-04:00,60.30611265016429,62.27605779076207,60.17025269664479,61.10616683959961,3939240,0.0,0.0
2008-05-01 00:00:00-04:00,60.84954896630912,61.12126197846038,56.87191190817062,60.53254699707031,5458800,0.0,0.0
2008-05-02 00:00:00-04:00,61.220242569511726,64.23553835406611,61.016201662286655,63.69898223876953,4237320,0.08333,0.0
2008-05-05 00:00:00-04:00,64.31865394888891,67.553100530282,63.86522672871697,66.97119903564453,4060680,0.0,0.0
2008-05-06 00:00:00-04:00,67.11478761170332,69.6086374620256,66.07190356327295,69.22322845458984,4232760,0.0,0.0
2008-05-07 00:00:00-04:00,69.12498137526762,69.14765412102463,67.08455879464722,67.59844207763672,2767440,0.0,0.0
2008-05-08 00:00:00-04:00,66.50267371898555,69.32903218027562,66.13237521441475,69.2156753540039,3968400,0.0,0.0
2008-05-09 00:00:00-04:00,68.7848976064788,69.46503833479352,66.88050495094744,68.89825439453125,2620200,0.0,0.0
2008-05-12 00:00:00-04:00,68.4674975822236,69.48015336497367,66.77470109501436,69.34412384033203,2115120,0.0,0.0
2008-05-13 00:00:00-04:00,68.92849744438622,72.43500336462766,68.40705887311144,72.23851776123047,4260600,0.0,0.0
2008-05-14 00:00:00-04:00,71.9891226920206,72.29140979582263,69.7068761605026,69.91847229003906,5845800,0.0,0.0
2008-05-15 00:00:00-04:00,70.56837027732374,73.90861751277299,70.387002204301,72.5634536743164,5312400,0.0,0.0
2008-05-16 00:00:00-04:00,73.10001916814956,75.5787582397461,72.69949272715988,75.5787582397461,4810560,0.0,0.0
2008-05-19 00:00:00-04:00,76.66698389258536,76.66698389258536,73.15292291846427,73.79528045654297,4388760,0.0,0.0
2008-05-20 00:00:00-04:00,72.83551935773497,75.3747143657577,71.85309148223513,74.9515151977539,3775200,0.0,0.0
2008-05-21 00:00:00-04:00,75.12535229378264,78.04995720308023,73.24363163242312,73.34942626953125,5189880,0.0,0.0
2008-05-22 00:00:00-04:00,74.38473090891752,75.1706732060781,72.67682369441447,73.26627349853516,3300000,0.0,0.0
2008-05-23 00:00:00-04:00,73.58369044776012,74.2335963966303,70.43236545396026,72.4652328491211,2995440,0.0,0.0
2008-05-27 00:00:00-04:00,72.17052510050337,72.83554867865209,70.68932395683802,71.55839538574219,2868960,0.0,0.0
2008-05-28 00:00:00-04:00,70.43235271261285,74.30915647025512,68.90581362339505,74.1126708984375,4267080,0.0,0.0
2008-05-29 00:00:00-04:00,73.7575021632494,73.81040293195842,70.92358183062905,71.68685150146484,3892200,0.0,0.0
2008-05-30 00:00:00-04:00,72.45765938118494,74.10511042400012,71.94377620441223,73.72725677490234,2831160,0.0,0.0
2008-06-02 00:00:00-04:00,74.05222283898199,78.91901025448414,73.87840999110698,78.00460052490234,4575480,0.0,0.0
2008-06-03 00:00:00-04:00,78.66961400896052,80.86117635809958,76.74254853611855,78.01214599609375,5582640,0.0,0.0
2008-06-04 00:00:00-04:00,77.63432280946576,77.64188500635991,74.36209171771209,74.64926147460938,4209960,0.0,0.0
2008-06-05 00:00:00-04:00,76.43271833913096,79.01725223615306,74.21092761965159,79.00969696044922,3323040,0.0,0.0
2008-06-06 00:00:00-04:00,79.93923380332208,81.54890209058617,78.10285186767578,78.10285186767578,3297840,0.0,0.0
2008-06-09 00:00:00-04:00,78.99458490826893,81.91919635631169,78.36734476931566,81.63202667236328,2877360,0.0,0.0
2008-06-10 00:00:00-04:00,81.18615051608747,81.45820271490348,75.01198187124541,77.02973175048828,5090520,0.0,0.0
2008-06-11 00:00:00-04:00,77.3622371572257,78.88121410231062,76.04729414646202,77.61917877197266,4868880,0.0,0.0
2008-06-12 00:00:00-04:00,78.21621243969486,78.578955678238,76.13800620286177,77.04486083984375,4695720,0.0,0.0
2008-06-13 00:00:00-04:00,76.59898050105639,80.69493647774632,76.4553956603376,80.1810531616211,3351000,0.0,0.0
2008-06-16 00:00:00-04:00,81.24659206909041,81.73024725502692,79.72760828464558,80.62690734863281,2351760,0.0,0.0
2008-06-17 00:00:00-04:00,81.14836517230113,83.10566604364767,80.3851023796154,82.61444854736328,3373800,0.0,0.0
2008-06-18 00:00:00-04:00,83.12076389381284,88.70547521166924,83.12076389381284,88.67524719238281,5905320,0.0,0.0
2008-06-19 00:00:00-04:00,89.65769387799136,90.0053196319051,83.12833656452665,83.43817901611328,5737080,0.0,0.0
2008-06-20 00:00:00-04:00,84.27702450770981,85.35013674200162,82.26682961732898,83.2568130493164,4161240,0.0,0.0
2008-06-23 00:00:00-04:00,84.46593528647875,85.77331615211392,82.42551284256834,85.65239715576172,3787440,0.0,0.0
2008-06-24 00:00:00-04:00,85.57684924765411,86.08317733157944,82.99987024840463,83.69512176513672,3822120,0.0,0.0
2008-06-25 00:00:00-04:00,84.12587033653469,85.25187624006236,78.54115171656083,81.79827117919922,5643120,0.0,0.0
2008-06-26 00:00:00-04:00,81.36752679371104,83.09055190036104,78.163307700095,81.93431091308594,4407360,0.0,0.0
2008-06-27 00:00:00-04:00,82.65225754554393,84.87404894181142,80.86121385811603,84.60198974609375,3739200,0.0,0.0
2008-06-30 00:00:00-04:00,86.10581909648504,87.25450451966405,84.43569518149268,84.91935729980469,4286880,0.0,0.0
2008-07-01 00:00:00-04:00,82.90919926649828,84.81359288026366,81.54135492865744,84.60198974609375,5066520,0.0,0.0
2008-07-02 00:00:00-04:00,83.13590304830909,83.82359931489421,70.62130607437085,72.22341918945312,15941040,0.0,0.0
2008-07-03 00:00:00-04:00,72.66926302829641,74.26382039907894,68.58841828707553,71.66416931152344,8308800,0.0,0.0
2008-07-07 00:00:00-04:00,71.74728663788773,74.58876141834897,69.17030870514267,72.23094177246094,6393480,0.0,0.0
2008-07-08 00:00:00-04:00,71.47522527604684,72.17048340120834,67.17522303910674,70.7573013305664,8244240,0.0,0.0
2008-07-09 00:00:00-04:00,72.36698969214524,74.62656367963845,69.49527924930182,69.8655776977539,6155280,0.0,0.0
2008-07-10 00:00:00-04:00,69.71443252161096,73.42497893062368,65.32374530750937,72.41232299804688,7643160,0.0,0.0
2008-07-11 00:00:00-04:00,72.54836343787353,75.97929599753957,70.77243765163355,75.79792785644531,6348960,0.0,0.0
2008-07-14 00:00:00-04:00,76.41005844270528,79.04749355067773,75.66190613469588,77.04486083984375,4602480,0.0,0.0
2008-07-15 00:00:00-04:00,76.23620904364068,77.49068884558591,70.37944001219701,72.5634536743164,5376600,0.0,0.0
2008-07-16 00:00:00-04:00,75.7299204932082,76.16823727527758,67.43976104529742,68.58843994140625,7707000,0.0,0.0
2008-07-17 00:00:00-04:00,67.65889971392247,70.11496629542891,60.540093259853144,62.33869171142578,11286600,0.0,0.0
2008-07-18 00:00:00-04:00,62.78455380017564,64.35643855204596,60.29070403855485,61.88526153564453,8417640,0.0,0.0
2008-07-21 00:00:00-04:00,62.5578521437153,67.14502608035988,61.12955886562576,67.06189727783203,7267920,0.0,0.0
2008-07-22 00:00:00-04:00,65.92831050673495,65.92831050673495,59.85238894222149,61.46961212158203,10457520,0.0,0.0
2008-07-23 00:00:00-04:00,61.02375962416116,63.78211384713933,58.97578134741042,59.27806854248047,11370120,0.0,0.0
2008-07-24 00:00:00-04:00,60.41916686841282,61.507389245259816,55.62039511348157,60.215126037597656,10348680,0.0,0.0
2008-07-25 00:00:00-04:00,60.7063301511456,63.6762790155305,59.86749417427631,62.34622573852539,8584440,0.0,0.0
2008-07-28 00:00:00-04:00,62.55784971112593,66.15504007324354,61.35627013779054,62.25556945800781,6281520,0.0,0.0
2008-07-29 00:00:00-04:00,64.23553118844306,64.75696977304518,58.94554415071805,61.59053421020508,7115520,0.0,0.0
2008-07-30 00:00:00-04:00,61.58297415002154,67.14501296202178,60.29826597843193,66.8805160522461,6278880,0.0,0.0
2008-07-31 00:00:00-04:00,59.22515960702971,62.852577773237975,55.73376754642892,56.21742630004883,20142480,0.0,0.0
2008-08-01 00:00:00-04:00,56.746421437130515,56.746421437130515,51.13903681600482,51.27506637573242,11653320,0.0,0.0
2008-08-04 00:00:00-04:00,53.17946617358275,53.17946617358275,46.483854606936774,47.9423828125,12584520,0.0,0.0
2008-08-05 00:00:00-04:00,46.96596145629883,49.41076753036711,44.96016404686408,46.96596145629883,11624400,0.08333,0.0
2008-08-06 00:00:00-04:00,47.29900658031873,51.46955468894936,46.96596644483268,49.81193161010742,9021360,0.0,0.0
2008-08-07 00:00:00-04:00,51.49981912432229,51.49981912432229,47.94993498249307,49.5999870300293,7451760,0.0,0.0
2008-08-08 00:00:00-04:00,47.65475047242882,49.221542805071444,45.67922865066819,47.632041931152344,8223360,0.0,0.0
2008-08-11 00:00:00-04:00,47.20059911697205,48.631150346468154,43.158725479526474,45.52027130126953,7685400,0.0,0.0
2008-08-12 00:00:00-04:00,45.671651720551274,46.905407222629584,44.157843881866526,45.853309631347656,6298560,0.0,0.0
2008-08-13 00:00:00-04:00,46.46640824089088,49.796792166525954,45.97442218693031,49.3956298828125,7497720,0.0,0.0
2008-08-14 00:00:00-04:00,48.865789754284556,50.17523804289917,47.34441128369892,48.29811096191406,6044760,0.0,0.0
2008-08-15 00:00:00-04:00,47.200604367060116,47.45795164927252,45.452154209791104,46.473976135253906,4783320,0.0,0.0
2008-08-18 00:00:00-04:00,47.064359066214614,47.76071154012993,45.815465628070804,46.25447082519531,4765440,0.0,0.0
2008-08-19 00:00:00-04:00,45.49756497407572,49.62269536408377,45.49756497407572,49.27452087402344,5488800,0.0,0.0
2008-08-20 00:00:00-04:00,50.409876715982755,53.46020432182786,49.95573368250543,52.165897369384766,9270720,0.0,0.0
2008-08-21 00:00:00-04:00,53.89164775267645,54.83778038423063,52.46866693581374,54.32308578491211,6323040,0.0,0.0
2008-08-22 00:00:00-04:00,53.97489506023221,54.5047274072815,51.318159193197616,52.597328186035156,4188600,0.0,0.0
2008-08-25 00:00:00-04:00,53.51318614621288,53.815946999704636,49.721092683504736,50.99269104003906,3829920,0.0,0.0
2008-08-26 00:00:00-04:00,52.18860695138366,52.38540274487234,49.27452338973215,51.159217834472656,4446360,0.0,0.0
2008-08-27 00:00:00-04:00,52.33242406163413,53.34667534847635,51.40142933866039,53.02120590209961,3358200,0.0,0.0
2008-08-28 00:00:00-04:00,54.33065195177154,54.34578982411921,50.56883350356914,51.628501892089844,3484200,0.0,0.0
2008-08-29 00:00:00-04:00,52.54434894761903,52.84711328766589,50.727776766683725,51.25004196166992,2720640,0.0,0.0
2008-09-02 00:00:00-04:00,49.20640274417848,49.554580727524204,45.24022140447035,46.8675651550293,8550480,0.0,0.0
2008-09-03 00:00:00-04:00,46.43612625223901,47.836401792948834,43.045191292480055,44.0897216796875,9703560,0.0,0.0
2008-09-04 00:00:00-04:00,44.945021142126464,45.65651141198509,41.96281577066103,44.1199951171875,8876400,0.0,0.0
2008-09-05 00:00:00-04:00,44.00646276182072,45.16452547420441,40.47171621156549,44.76336669921875,10529880,0.0,0.0
2008-09-08 00:00:00-04:00,45.853313673565374,46.06524734403817,39.964591445493994,40.1765251159668,8759520,0.0,0.0
2008-09-09 00:00:00-04:00,38.980609396791834,39.041160873987906,35.461001079809584,36.39956283569336,14584440,0.0,0.0
2008-09-10 00:00:00-04:00,36.76287671253315,40.358177992317415,36.76287671253315,39.65425491333008,10390680,0.0,0.0
2008-09-11 00:00:00-04:00,38.95033670105538,41.402710050428816,36.65691620313322,41.2740364074707,10839840,0.0,0.0
2008-09-12 00:00:00-04:00,42.871105362750036,44.83905976878022,41.39514042443654,44.40005111694336,10358160,0.0,0.0
2008-09-15 00:00:00-04:00,42.56834283191932,42.56834283191932,38.32210263259149,39.079010009765625,7821720,0.0,0.0
2008-09-16 00:00:00-04:00,35.43072764614932,40.25978496532734,34.46946066219604,39.87376403808594,11522280,0.0,0.0
2008-09-17 00:00:00-04:00,39.079018931019014,41.87199649502684,36.51310947419655,39.366641998291016,10025520,0.0,0.0
2008-09-18 00:00:00-04:00,40.70635262617535,43.65828231835671,39.07143841270371,42.62132263183594,10169400,0.0,0.0
2008-09-19 00:00:00-04:00,47.306575558381034,49.01718298925894,44.34707796710847,46.18635559082031,9397800,0.0,0.0
2008-09-22 00:00:00-04:00,46.64805847149996,49.00960084202159,44.18054754604514,47.049217224121094,6386040,0.0,0.0
2008-09-23 00:00:00-04:00,45.15696115473762,46.54209894811031,41.841715252639894,42.34884262084961,7497600,0.0,0.0
2008-09-24 00:00:00-04:00,38.579455098983125,42.583482983193136,37.64089315089078,40.20680236816406,13180320,0.0,0.0
2008-09-25 00:00:00-04:00,40.68365873309034,40.68365873309034,38.04962705186346,38.7913932800293,8039280,0.0,0.0
2008-09-26 00:00:00-04:00,37.444103007889794,38.072336934395686,36.07410629197,37.270015716552734,6542520,0.0,0.0
2008-09-29 00:00:00-04:00,34.817637187847616,34.99172792044202,27.437811669538174,31.388858795166016,14083560,0.0,0.0
2008-09-30 00:00:00-04:00,32.28957266512851,35.09012053561552,31.2374749797145,34.734378814697266,8619840,0.0,0.0
2008-10-01 00:00:00-04:00,33.326529612936234,34.02288205271573,29.9810082489829,31.600788116455078,9610320,0.0,0.0
2008-10-02 00:00:00-04:00,30.677366045512084,30.75305540292669,27.740573934948326,28.224992752075195,11880240,0.0,0.0
2008-10-03 00:00:00-04:00,28.361236408402544,32.00952074459161,27.574054934370604,27.80112648010254,10201080,0.0,0.0
2008-10-06 00:00:00-04:00,25.85588514295289,27.551351373961506,22.60119182168049,27.528644561767578,12634560,0.0,0.0
2008-10-07 00:00:00-04:00,28.34610157918484,29.79179112586782,24.98544317565769,25.136823654174805,11308200,0.0,0.0
2008-10-08 00:00:00-04:00,24.099860466244195,29.57985350678888,23.138591696224914,27.967647552490234,13623480,0.0,0.0
2008-10-09 00:00:00-04:00,28.376368780532523,30.57896338667477,24.947589451032623,25.05355453491211,9562080,0.0,0.0
2008-10-10 00:00:00-04:00,22.55577084730304,25.984552339619754,20.905718651631883,24.016599655151367,14189640,0.0,0.0
2008-10-13 00:00:00-04:00,26.113227336767636,29.05001951171787,25.537979545713114,28.421789169311523,8954280,0.0,0.0
2008-10-14 00:00:00-04:00,30.65465758828556,31.207198560989447,26.40085159066931,27.021512985229492,9757320,0.0,0.0
2008-10-15 00:00:00-04:00,25.91642899406195,26.060242227020886,21.88212591682984,22.086490631103516,8068920,0.0,0.0
2008-10-16 00:00:00-04:00,23.84251177496548,25.091405248892244,21.27660267193042,23.79709815979004,11877000,0.0,0.0
2008-10-17 00:00:00-04:00,22.480081912542524,28.845653813360517,22.32869973461689,25.90129280090332,10637400,0.0,0.0
2008-10-20 00:00:00-04:00,27.354552727538486,29.943168733490634,26.590078050337095,29.814495086669922,8361720,0.0,0.0
2008-10-21 00:00:00-04:00,28.739684897022386,29.52686454249357,26.81714592914045,27.10477066040039,6503640,0.0,0.0
2008-10-22 00:00:00-04:00,24.985438209653008,25.227647620107312,18.65014192916494,21.06467056274414,17036040,0.0,0.0
2008-10-23 00:00:00-04:00,22.59362012303769,22.654173347239798,18.41550309048471,19.914175033569336,21722280,0.0,0.0
2008-10-24 00:00:00-04:00,17.037934225812986,20.368316193953405,16.962243135939904,19.37677001953125,9771840,0.0,0.0
2008-10-27 00:00:00-04:00,18.84693522100376,19.475167203499012,16.53837372774262,16.56865119934082,11425200,0.0,0.0
2008-10-28 00:00:00-04:00,17.688874536408505,18.362520267180482,15.350036819612798,18.30953598022461,10682040,0.0,0.0
2008-10-29 00:00:00-04:00,19.096714038066505,23.184001302298405,18.55174205635195,21.632347106933594,13110720,0.0,0.0
2008-10-30 00:00:00-04:00,23.047762610139962,24.27394934179366,21.102516538729756,24.137706756591797,10982160,0.0,0.0
2008-10-31 00:00:00-04:00,23.554889699151598,24.750800758321486,22.760139216086227,23.759254455566406,10021080,0.0,0.0
2008-11-03 00:00:00-05:00,23.311248106676675,25.528475348071776,23.258096232101057,24.913423538208008,7043280,0.08333,0.0
2008-11-04 00:00:00-05:00,25.809425951509635,27.525496503672287,25.467730118460285,26.978784561157227,6828720,0.0,0.0
2008-11-05 00:00:00-05:00,26.014440583338097,26.189085921355627,23.539043781063427,23.93389320373535,8363640,0.0,0.0
2008-11-06 00:00:00-05:00,23.387188209561405,23.417560716302663,18.816054688834594,19.0742244720459,12387360,0.0,0.0
2008-11-07 00:00:00-05:00,19.545006087601806,21.29145121156877,19.286836316657823,21.06365394592285,10966200,0.0,0.0
2008-11-10 00:00:00-05:00,22.111511782873702,24.08575334771634,21.337002793604977,21.868528366088867,6402840,0.0,0.0
2008-11-11 00:00:00-05:00,20.987717668710452,21.002903918989034,19.27164531790649,20.084123611450195,7287120,0.0,0.0
2008-11-12 00:00:00-05:00,19.279236133282,19.590559440559442,17.418892889756425,17.578351974487305,5609520,0.0,0.0
2008-11-13 00:00:00-05:00,17.73780577035546,21.03326968901599,17.122754141111283,20.98771095275879,7950240,0.0,0.0
2008-11-14 00:00:00-05:00,20.106902842144745,20.805479039706114,19.081815314124206,19.37795066833496,6251280,0.0,0.0
2008-11-17 00:00:00-05:00,19.005879177886037,19.64371026914335,17.882079471915247,18.800861358642578,6849240,0.0,0.0
2008-11-18 00:00:00-05:00,18.793272223544395,19.461477689886642,17.130351683127554,18.12506675720215,7528080,0.0,0.0
2008-11-19 00:00:00-05:00,17.89727446881448,18.40602270371572,16.33306586437045,16.469745635986328,6973920,0.0,0.0
2008-11-20 00:00:00-05:00,16.02933336193684,16.29509623664353,14.047497145268833,14.298073768615723,8178360,0.0,0.0
2008-11-21 00:00:00-05:00,14.966278620126705,16.021738747655228,14.237328115780766,15.793941497802734,9033000,0.0,0.0
2008-11-24 00:00:00-05:00,16.37862048451898,19.43110358363756,16.30268749844627,18.891983032226562,7278720,0.0,0.0
2008-11-25 00:00:00-05:00,19.38553940402795,21.374967270978637,18.717335858103837,20.964933395385742,7701720,0.0,0.0
2008-11-26 00:00:00-05:00,20.76751676329472,23.2125397272764,20.068937035630604,22.863250732421875,5821680,0.0,0.0
2008-11-28 00:00:00-05:00,22.817689094301464,22.817689094301464,21.223108573007078,21.997617721557617,1538640,0.0,0.0
2008-12-01 00:00:00-05:00,20.501747915907934,20.87381621092723,18.2237759252515,18.238962173461914,4528320,0.0,0.0
2008-12-02 00:00:00-05:00,18.9451367866841,20.85863206095666,18.87679692490799,20.653615951538086,6373800,0.0,0.0
2008-12-03 00:00:00-05:00,19.4614734660388,20.98012081760717,18.77048877334905,19.80316925048828,5837400,0.0,0.0
2008-12-04 00:00:00-05:00,19.362764568846945,20.15246174947927,16.264722585422422,16.917741775512695,6187800,0.0,0.0
2008-12-05 00:00:00-05:00,16.614013360846485,18.428798274634964,15.695231214999275,18.368051528930664,7208040,0.0,0.0
2008-12-08 00:00:00-05:00,19.643711557537145,21.23069887287269,19.552592327679868,20.759918212890625,6048360,0.0,0.0
2008-12-09 00:00:00-05:00,20.34229487271105,22.384876972059345,19.985411012491582,21.116804122924805,5586000,0.0,0.0
2008-12-10 00:00:00-05:00,22.597483035561677,24.70081158122629,22.270975200249552,24.047792434692383,6746760,0.0,0.0
2008-12-11 00:00:00-05:00,24.04779575150614,26.44725996488206,22.66582602145625,23.235319137573242,7190520,0.0,0.0
2008-12-12 00:00:00-05:00,21.70147902657652,23.11382086046704,21.51164746216796,22.734159469604492,4660320,0.0,0.0
2008-12-15 00:00:00-05:00,24.214848894114088,24.776748905468818,21.830569105373783,22.316537857055664,5464680,0.0,0.0
2008-12-16 00:00:00-05:00,22.787316638675232,23.89593031311379,22.058364443474474,23.744064331054688,4272960,0.0,0.0
2008-12-17 00:00:00-05:00,23.56182286400412,26.19667679063973,23.197345970466298,24.579317092895508,5458680,0.0,0.0
2008-12-18 00:00:00-05:00,25.08048452984829,25.08048452984829,21.747050884554746,22.043188095092773,4802040,0.0,0.0
2008-12-19 00:00:00-05:00,22.0735505471108,22.946772048585967,21.557209380520888,22.308940887451172,4728720,0.0,0.0
2008-12-22 00:00:00-05:00,21.488869953457495,22.513957444670464,19.059035254522133,19.598154067993164,4961040,0.0,0.0
2008-12-23 00:00:00-05:00,20.0157795579536,20.904188916946786,19.696863154987508,20.03096580505371,3556920,0.0,0.0
2008-12-24 00:00:00-05:00,19.780391251467098,20.137275077569875,19.218493050776125,20.02337646484375,979200,0.0,0.0
2008-12-26 00:00:00-05:00,20.106903244886404,21.04846467788048,19.750019406940293,20.866226196289062,1707000,0.0,0.0
2008-12-29 00:00:00-05:00,21.306628172343952,21.792596734956962,20.47137247521776,21.14716911315918,2448480,0.0,0.0
2008-12-30 00:00:00-05:00,21.002903314148753,21.466090886126445,20.509343242488566,21.39775276184082,3236280,0.0,0.0
2008-12-31 00:00:00-05:00,21.139579128170986,22.28615642068229,21.109206634106876,21.701478958129883,3987480,0.0,0.0
2009-01-02 00:00:00-05:00,21.785008434934387,24.678032623086736,21.747042808434678,24.41227149963379,5489400,0.0,0.0
2009-01-05 00:00:00-05:00,24.199656566882187,27.259734445979092,23.880740119550726,26.477628707885742,6806640,0.0,0.0
2009-01-06 00:00:00-05:00,27.214167978597914,28.59613720865013,27.1989817327232,27.783660888671875,6798240,0.0,0.0
2009-01-07 00:00:00-05:00,27.100278385081147,27.100278385081147,23.64535416403693,23.819997787475586,7614360,0.0,0.0
2009-01-08 00:00:00-05:00,23.577011205337534,25.43735624330021,23.493485098321344,24.996946334838867,6140640,0.0,0.0
2009-01-09 00:00:00-05:00,25.300679248761654,25.612002598981032,23.675726108127286,24.078166961669922,4380480,0.0,0.0
2009-01-12 00:00:00-05:00,23.812402335465837,23.812402335465837,21.54202328690208,21.997617721557617,4490400,0.0,0.0
2009-01-13 00:00:00-05:00,21.91409661763918,23.25050772802965,21.5648093250999,22.93159294128418,4823040,0.0,0.0
2009-01-14 00:00:00-05:00,21.982437170072412,21.982437170072412,20.023380940848728,20.532127380371094,7070400,0.0,0.0
2009-01-15 00:00:00-05:00,20.820662819941592,21.169951717107907,18.79326754889421,20.03096580505371,7754880,0.0,0.0
2009-01-16 00:00:00-05:00,21.071245875610852,21.534433506922767,19.317207724931237,20.106904983520508,6453120,0.0,0.0
2009-01-20 00:00:00-05:00,18.618631697288563,20.251180159878192,18.497139920765086,18.66419219970703,5587080,0.0,0.0
2009-01-21 00:00:00-05:00,19.385542896185516,20.29673176780838,18.717339229889618,20.25117301940918,6250320,0.0,0.0
2009-01-22 00:00:00-05:00,19.64371054903177,20.16764479034635,18.686963029536507,19.55259132385254,5325120,0.0,0.0
2009-01-23 00:00:00-05:00,18.937541810690025,20.35747874612577,18.383235008789267,19.60574722290039,5442000,0.0,0.0
2009-01-26 00:00:00-05:00,20.32710318253859,20.699173226439424,19.157744656448195,19.71964454650879,4417080,0.0,0.0
2009-01-27 00:00:00-05:00,20.516934407764946,21.87612449419451,20.456189414201912,21.018089294433594,5254560,0.0,0.0
2009-01-28 00:00:00-05:00,21.95205697741657,22.551922465052613,21.283851635613647,21.974836349487305,6040200,0.0,0.0
2009-01-29 00:00:00-05:00,22.400057138411253,22.764534053608358,21.57998755512723,21.73944664001465,8175840,0.0,0.0
2009-01-30 00:00:00-05:00,22.293751340163205,22.703786962913927,20.554898243195105,20.69917106628418,7135920,0.0,0.0
2009-02-02 00:00:00-05:00,19.803166904668938,20.987711455261284,19.803166904668938,20.403032302856445,5219160,0.0,0.0
2009-02-03 00:00:00-05:00,20.638425880569315,22.103921425775244,20.630832756466752,21.68629264831543,5376480,0.0,0.0
2009-02-04 00:00:00-05:00,22.020395654405462,22.878430788883207,21.534427053102245,22.111513137817383,4795200,0.0,0.0
2009-02-05 00:00:00-05:00,21.75340424138626,23.505865211439637,21.524822072432595,23.33061981201172,5307120,0.08333,0.0
2009-02-06 00:00:00-05:00,23.124893167871473,25.669773734039396,23.01060210359515,25.227848052978516,7443240,0.0,0.0
2009-02-09 00:00:00-05:00,25.43357057332955,26.50790580627597,24.53447895287633,25.28118133544922,5630040,0.0,0.0
2009-02-10 00:00:00-05:00,25.486913877706165,26.218376179309494,22.942032658107934,23.35348129272461,5480400,0.0,0.0
2009-02-11 00:00:00-05:00,23.749688569584354,24.37447904034626,22.667733744235427,23.21632957458496,5310120,0.0,0.0
2009-02-12 00:00:00-05:00,22.82011728396667,23.81064227969452,22.187707586000577,23.787782669067383,5872320,0.0,0.0
2009-02-13 00:00:00-05:00,23.825879903345058,24.785926031375805,23.64301521987027,24.023984909057617,5311680,0.0,0.0
2009-02-17 00:00:00-05:00,22.94965093072284,22.94965093072284,21.250523181672687,21.258142471313477,5206440,0.0,0.0
2009-02-18 00:00:00-05:00,21.486720541249152,22.042937298424278,20.46572022905457,21.029556274414062,4118760,0.0,0.0
2009-02-19 00:00:00-05:00,21.707687992098393,22.03532268536866,20.976225707548718,21.18956756591797,5457840,0.0,0.0
2009-02-20 00:00:00-05:00,20.115225483062112,21.05241177609798,19.77235232141901,20.747636795043945,5107560,0.0,0.0
2009-02-23 00:00:00-05:00,21.669586732987767,21.783877798575375,18.621824402670466,18.69801902770996,6785280,0.0,0.0
2009-02-24 00:00:00-05:00,18.87327028862875,20.87717333392452,18.87327028862875,20.762882232666016,6117720,0.0,0.0
2009-02-25 00:00:00-05:00,20.633349203710733,21.532437467036388,19.924744899523795,20.694303512573242,5951760,0.0,0.0
2009-02-26 00:00:00-05:00,21.113368648212187,22.05055497806981,20.770495473097704,21.06003189086914,5392800,0.0,0.0
2009-02-27 00:00:00-05:00,20.252382794218466,21.730547820091395,19.696167612845034,20.762882232666016,6029760,0.0,0.0
2009-03-02 00:00:00-05:00,19.810451094492997,20.313331049032296,17.120800732211297,17.204614639282227,9052680,0.0,0.0
2009-03-03 00:00:00-05:00,17.84464183007156,18.583724860973767,17.27318659749479,17.958932876586914,8094840,0.0,0.0
2009-03-04 00:00:00-05:00,19.040892417593945,21.075272010532334,18.865645301408655,20.054271697998047,8560320,0.0,0.0
2009-03-05 00:00:00-05:00,18.8808838397795,20.191420588664776,18.858025975264802,19.45233917236328,6690360,0.0,0.0
2009-03-06 00:00:00-05:00,19.86379019865215,20.275237043307392,18.217997588200706,18.957080841064453,7499880,0.0,0.0
2009-03-09 00:00:00-04:00,18.515155095960182,20.15332841728524,18.141804696936862,18.957080841064453,4829880,0.0,0.0
2009-03-10 00:00:00-04:00,19.673307033569507,21.258143792566223,19.505679163166384,20.823837280273438,6213000,0.0,0.0
2009-03-11 00:00:00-04:00,21.151468348562204,21.639111551715143,20.199043296554223,20.724782943725586,5387040,0.0,0.0
2009-03-12 00:00:00-04:00,20.95336222637384,20.96097977019096,19.26185418443924,20.74001693725586,6009840,0.0,0.0
2009-03-13 00:00:00-04:00,20.80097567807456,20.991459640702715,19.42948277622349,19.848548889160156,5055600,0.0,0.0
2009-03-16 00:00:00-04:00,20.595252368662585,21.913410311662727,19.985700520307788,20.938125610351562,6803040,0.0,0.0
2009-03-17 00:00:00-04:00,20.92288762544324,21.448625564575195,19.83331355661566,21.448625564575195,4375560,0.0,0.0
2009-03-18 00:00:00-04:00,21.07527497062635,22.14961219530654,20.412388085544826,21.66958999633789,5784240,0.0,0.0
2009-03-19 00:00:00-04:00,22.690590501895542,24.397335714417864,22.538201228534117,23.20108985900879,7154760,0.0,0.0
2009-03-20 00:00:00-04:00,23.658254810937223,23.658254810937223,21.593395972686768,21.905790328979492,5436840,0.0,0.0
2009-03-23 00:00:00-04:00,23.124895524385987,23.818259524779307,21.753402613309788,23.658252716064453,7013640,0.0,0.0
2009-03-24 00:00:00-04:00,23.12489830136548,23.42967337779717,22.362955378455368,22.942031860351562,5261280,0.0,0.0
2009-03-25 00:00:00-04:00,22.995367226891407,23.475389461690433,21.3724340787882,22.04294204711914,5784240,0.0,0.0
2009-03-26 00:00:00-04:00,22.667729053446358,23.048696944841083,21.905786294883896,22.576295852661133,5378760,0.0,0.0
2009-03-27 00:00:00-04:00,22.012463734175668,22.202947713780947,21.288619031056204,21.524822235107422,5262120,0.0,0.0
2009-03-30 00:00:00-04:00,20.75526214674785,20.80097788408048,19.094230864508408,19.57425308227539,6131280,0.0,0.0
2009-03-31 00:00:00-04:00,19.901886455728068,20.09999145902415,19.094229608378825,19.23137855529785,5015760,0.0,0.0
2009-04-01 00:00:00-04:00,18.88088387778246,20.275234543304745,18.431338898982165,20.054271697998047,5316000,0.0,0.0
2009-04-02 00:00:00-04:00,21.07527033940302,21.69244309726399,20.686681440853743,21.33432960510254,5291040,0.0,0.0
2009-04-03 00:00:00-04:00,21.364814634663905,22.08865762654768,21.07527639154421,21.54006004333496,5232360,0.0,0.0
2009-04-06 00:00:00-04:00,21.105746917158662,21.258136152565637,20.374284865400305,20.9000244140625,5002560,0.0,0.0
2009-04-07 00:00:00-04:00,20.20666219723316,20.42000402358194,19.33804933874982,19.619966506958008,4817760,0.0,0.0
2009-04-08 00:00:00-04:00,19.68092049844329,20.22951794401888,19.269473722218994,19.84092903137207,5800320,0.0,0.0
2009-04-09 00:00:00-04:00,20.640964132246378,21.08288800998038,20.39714171646978,20.61048698425293,5406960,0.0,0.0
2009-04-13 00:00:00-04:00,20.13047141620534,21.166710567250313,19.619970258825344,20.823837280273438,4024440,0.0,0.0
2009-04-14 00:00:00-04:00,20.740021699171532,22.073418290690714,20.51143952599359,21.227664947509766,6129840,0.0,0.0
2009-04-15 00:00:00-04:00,20.13809379979484,20.68669149201838,19.719027547300406,20.663833618164062,4963080,0.0,0.0
2009-04-16 00:00:00-04:00,20.861927220631845,21.197179340905972,20.191417748254505,20.465717315673828,3764040,0.0,0.0
2009-04-17 00:00:00-04:00,20.488575122013195,20.831448272410338,20.084747674981735,20.191417694091797,4043400,0.0,0.0
2009-04-20 00:00:00-04:00,19.55139528040831,19.726642428669326,18.69040335009697,18.72088050842285,4399200,0.0,0.0
2009-04-21 00:00:00-04:00,18.53039371070266,19.741879867561856,18.29419225943263,19.4599609375,4130520,0.0,0.0
2009-04-22 00:00:00-04:00,19.208524443142466,20.511442309491283,19.071375469412665,19.734262466430664,4913400,0.0,0.0
2009-04-23 00:00:00-04:00,21.151468674167763,22.957268051534285,20.755260418446657,22.23342514038086,11624880,0.0,0.0
2009-04-24 00:00:00-04:00,22.279146112993605,24.37448244997616,21.867699182676112,23.20871353149414,8350800,0.0,0.0
2009-04-27 00:00:00-04:00,22.522955480611703,23.033456419168814,22.187701627453546,22.553434371948242,3849840,0.0,0.0
2009-04-28 00:00:00-04:00,22.065797952018027,22.65249193608671,22.065797952018027,22.3934326171875,4198680,0.0,0.0
2009-04-29 00:00:00-04:00,22.835356649119586,24.801162748607645,22.835356649119586,24.45067024230957,6862080,0.0,0.0
2009-04-30 00:00:00-04:00,25.01450911661153,25.14403878083548,23.391574309239118,23.8335018157959,4208280,0.0,0.0
2009-05-01 00:00:00-04:00,24.047524187901196,26.371251379111786,24.01694754099006,25.698593139648438,4714680,0.08333,0.0
2009-05-04 00:00:00-04:00,26.096072134500428,28.954868594596206,25.851467722538565,28.817279815673828,8849640,0.0,0.0
2009-05-05 00:00:00-04:00,28.993086517698046,29.046594332932976,27.09741505464962,28.12933349609375,4357560,0.0,0.0
2009-05-06 00:00:00-04:00,28.916644909669763,30.200809614906337,28.587961322534436,29.688674926757812,4898400,0.0,0.0
2009-05-07 00:00:00-04:00,30.583004703023864,30.881115166703047,27.999385933079395,28.526811599731445,4907520,0.0,0.0
2009-05-08 00:00:00-04:00,28.503879948687697,30.521854400634766,28.503879948687697,30.521854400634766,4990440,0.0,0.0
2009-05-11 00:00:00-04:00,29.077169286324285,29.56637460041658,28.182839618693162,28.565031051635742,4150800,0.0,0.0
2009-05-12 00:00:00-04:00,29.726892957585804,30.353688763589847,27.63248128779262,28.954866409301758,4648560,0.0,0.0
2009-05-13 00:00:00-04:00,28.08347194618836,28.46566341294905,26.355963997097692,26.70758056640625,5195160,0.0,0.0
2009-05-14 00:00:00-04:00,26.340676260546225,27.793004868089014,25.668018026731392,27.387882232666016,4424400,0.0,0.0
2009-05-15 00:00:00-04:00,27.051553179308605,28.007032712782582,26.027278377621094,26.287168502807617,3778320,0.0,0.0
2009-05-18 00:00:00-04:00,26.906318182293997,28.90900538508079,26.638786089667356,28.840211868286133,4000560,0.0,0.0
2009-05-19 00:00:00-04:00,28.66439801498298,30.911687519172048,28.28220487509253,29.87212371826172,5229840,0.0,0.0
2009-05-20 00:00:00-04:00,30.353687100671838,32.333441063300235,30.132013889148855,30.414836883544922,5402640,0.0,0.0
2009-05-21 00:00:00-04:00,29.68103370581863,29.795691316451702,27.930594650030123,28.312786102294922,4223400,0.0,0.0
2009-05-22 00:00:00-04:00,29.054242926438505,29.65810598172493,28.312791064186854,28.72555923461914,3254880,0.0,0.0
2009-05-26 00:00:00-04:00,27.884728263829494,29.925633915235547,27.617194444190012,29.71925163269043,4338840,0.0,0.0
2009-05-27 00:00:00-04:00,29.97914797083125,31.301531647008215,29.742187246097227,29.81862449645996,4563480,0.0,0.0
2009-05-28 00:00:00-04:00,30.384269622404908,31.26331021870804,29.788048592449307,30.942270278930664,3724320,0.0,0.0
2009-05-29 00:00:00-04:00,31.530840931402288,32.27993634044418,30.67472989302734,31.462045669555664,4679040,0.0,0.0
2009-06-01 00:00:00-04:00,32.532186109231134,33.73227001832797,32.532186109231134,33.30421447753906,4099320,0.0,0.0
2009-06-02 00:00:00-04:00,32.998460943531484,33.67111920001314,31.9053925889011,32.40988540649414,4640400,0.0,0.0
2009-06-03 00:00:00-04:00,32.0506286192363,32.081203520737404,29.87977912099961,30.697669982910156,6010080,0.0,0.0
2009-06-04 00:00:00-04:00,31.439110172328473,31.997107135170843,30.789381545989045,31.691354751586914,4913400,0.0,0.0
2009-06-05 00:00:00-04:00,32.471027812388165,32.63154772337138,30.720589237376927,30.911684036254883,5328600,0.0,0.0
2009-06-08 00:00:00-04:00,30.644156638159007,30.972842018724645,29.7727581059833,30.63651466369629,4038240,0.0,0.0
2009-06-09 00:00:00-04:00,31.469684665753835,32.386945304063325,31.087491566767667,32.042972564697266,5231520,0.0,0.0
2009-06-10 00:00:00-04:00,32.71564569981119,32.98317784342065,31.087505915689924,31.760164260864258,4349880,0.0,0.0
2009-06-11 00:00:00-04:00,31.79073721929132,33.57175140541638,31.439122366649382,32.72328567504883,4745280,0.0,0.0
2009-06-12 00:00:00-04:00,32.00476279894215,32.448105820813716,31.339750015671203,31.958900451660156,2983680,0.0,0.0
2009-06-15 00:00:00-04:00,30.63651082604663,31.01105850368893,29.42878159105492,29.971494674682617,4189800,0.0,0.0
2009-06-16 00:00:00-04:00,30.64415435367536,30.804674295223982,28.519167748716733,28.61853790283203,4048200,0.0,0.0
2009-06-17 00:00:00-04:00,28.38922192750253,28.771413337157544,27.235002225780462,27.945878982543945,5316360,0.0,0.0
2009-06-18 00:00:00-04:00,27.984102389937146,28.549746752813384,27.35730823082369,27.892375946044922,3137640,0.0,0.0
2009-06-19 00:00:00-04:00,28.664403990908614,29.000733114371034,27.991745743983774,28.152267456054688,4371600,0.0,0.0
2009-06-22 00:00:00-04:00,27.502543082534803,27.502543082534803,25.224677988484927,25.239965438842773,4656240,0.0,0.0
2009-06-23 00:00:00-04:00,25.415765142279987,26.715219022161648,25.40812316896042,26.40182113647461,4313760,0.0,0.0
2009-06-24 00:00:00-04:00,26.814597528346994,27.2885154912826,25.797966325792373,26.080787658691406,4461000,0.0,0.0
2009-06-25 00:00:00-04:00,25.90497697846885,27.540758467792536,25.866758357071305,27.387882232666016,4246320,0.0,0.0
2009-06-26 00:00:00-04:00,27.15092167482715,27.380236888720052,26.38653704533872,26.646427154541016,3695160,0.0,0.0
2009-06-29 00:00:00-04:00,26.898677465200667,27.32673303230114,26.470621898100195,26.569992065429688,2852640,0.0,0.0
2009-06-30 00:00:00-04:00,26.58527862305585,27.150922960750847,25.614509905178952,25.95848274230957,4362960,0.0,0.0
2009-07-01 00:00:00-04:00,26.677004523611874,27.066841473101178,25.79796395519971,25.889690399169922,3429240,0.0,0.0
2009-07-02 00:00:00-04:00,25.324046839636825,25.88969122094842,24.001663208007812,24.001663208007812,4062960,0.0,0.0
2009-07-06 00:00:00-04:00,23.374867800847415,23.581250124018922,22.579908159349685,23.12261962890625,8040960,0.0,0.0
2009-07-07 00:00:00-04:00,23.145553519755524,23.650046385630443,22.6869230054923,22.74043083190918,4613040,0.0,0.0
2009-07-08 00:00:00-04:00,22.786285446445017,23.619463464574793,21.861379257164984,22.770998001098633,4536000,0.0,0.0
2009-07-09 00:00:00-04:00,23.18376830842559,23.802920449912925,22.908590745233184,23.221988677978516,4113960,0.0,0.0
2009-07-10 00:00:00-04:00,22.732782216491923,23.0691113304557,22.335303308827275,22.778644561767578,4373280,0.0,0.0
2009-07-13 00:00:00-04:00,22.878010012305307,23.237268447875977,22.00661170195723,23.237268447875977,3488760,0.0,0.0
2009-07-14 00:00:00-04:00,23.65768961713096,23.757058036200505,22.50346796611504,22.816865921020508,5247720,0.0,0.0
2009-07-15 00:00:00-04:00,23.550670334224737,24.41442507045631,23.405437840804463,24.307411193847656,3979920,0.0,0.0
2009-07-16 00:00:00-04:00,24.05516187821655,25.79795683445952,23.96343545956462,25.568641662597656,6362880,0.0,0.0
2009-07-17 00:00:00-04:00,25.316397823149597,26.233658601165626,24.850123710960524,25.729164123535156,5057880,0.0,0.0
2009-07-20 00:00:00-04:00,26.333027050932454,26.959822850148345,26.287164711761772,26.845165252685547,4489080,0.0,0.0
2009-07-21 00:00:00-04:00,27.342021757367196,27.49489976227016,24.83484312149016,25.50749969482422,6526920,0.0,0.0
2009-07-22 00:00:00-04:00,24.88835133522442,25.27054288122027,24.651392331771852,24.96479034423828,5303400,0.0,0.0
2009-07-23 00:00:00-04:00,24.964785590253346,26.057853938456486,24.903634044779857,25.9355525970459,5132400,0.0,0.0
2009-07-24 00:00:00-04:00,25.729171121803926,26.56234942191456,25.63744641868231,26.531774520874023,3663720,0.0,0.0
2009-07-27 00:00:00-04:00,26.340672910471188,26.90631543336033,26.057849899490495,26.6158504486084,2904840,0.0,0.0
2009-07-28 00:00:00-04:00,26.119004594901426,26.814593997228055,25.76738803162213,26.455333709716797,3761520,0.0,0.0
2009-07-29 00:00:00-04:00,25.882044394681667,25.96612535717263,25.010645878030843,25.60686683654785,4824840,0.0,0.0
2009-07-30 00:00:00-04:00,25.851469560494337,26.738155586979882,25.60686863021463,26.180156707763672,5217480,0.0,0.0
2009-07-31 00:00:00-04:00,26.55470631835149,27.31144558418375,26.00434937531389,27.1585693359375,6271680,0.0,0.0
2009-08-03 00:00:00-04:00,28.236346603190825,29.016018691352777,27.877086329619477,28.572675704956055,4996800,0.0,0.0
2009-08-04 00:00:00-04:00,28.112811823398612,29.10151104883666,28.013173373150913,28.503692626953125,3642120,0.08333,0.0
2009-08-05 00:00:00-04:00,28.70296713530636,28.70296713530636,27.829232971089137,28.25077247619629,2637240,0.0,0.0
2009-08-06 00:00:00-04:00,28.373403238857527,28.741291418164185,27.875219684789872,28.319753646850586,2695680,0.0,0.0
2009-08-07 00:00:00-04:00,28.93289619636793,29.661010014795984,28.181791451995515,29.22414207458496,4225200,0.0,0.0
2009-08-10 00:00:00-04:00,29.11684183178042,29.90626948259161,28.817931719800967,29.36210060119629,3107520,0.0,0.0
2009-08-11 00:00:00-04:00,29.155161107793656,29.354434491087144,28.74895011525146,29.03253173828125,2953680,0.0,0.0
2009-08-12 00:00:00-04:00,28.902237219389303,29.83728684663554,28.595664663910192,29.5537052154541,3541320,0.0,0.0
2009-08-13 00:00:00-04:00,30.19751610887098,31.73038617573567,29.967585774264197,31.7073917388916,5535000,0.0,0.0
2009-08-14 00:00:00-04:00,31.89133691272931,31.89133691272931,30.473432004077587,30.84132194519043,4715040,0.0,0.0
2009-08-17 00:00:00-04:00,29.668669692800343,29.76064391328904,28.879243889161568,29.239469528198242,2626800,0.0,0.0
2009-08-18 00:00:00-04:00,29.423415199092275,29.783637360187385,29.285457365129908,29.469402313232422,2260680,0.0,0.0
2009-08-19 00:00:00-04:00,28.917565555246874,30.09787209798317,28.43471232050922,29.768308639526367,2396400,0.0,0.0
2009-08-20 00:00:00-04:00,29.62268558606884,30.320142461319577,29.4847295122044,29.78363609313965,2226960,0.0,0.0
2009-08-21 00:00:00-04:00,30.38146420135513,31.14023508524816,30.159199825667873,31.002275466918945,2950800,0.0,0.0
2009-08-24 00:00:00-04:00,31.722716740779667,32.24389111592613,31.147891030409973,31.370155334472656,2703240,0.0,0.0
2009-08-25 00:00:00-04:00,31.830020837572754,32.12126497372471,30.343139740176394,30.519418716430664,2859240,0.0,0.0
2009-08-26 00:00:00-04:00,30.281825134234683,30.419784741882008,29.56904318394633,30.059560775756836,3022560,0.0,0.0
2009-08-27 00:00:00-04:00,29.768310747224927,29.95991815701322,28.296754753323967,29.49239158630371,4193280,0.0,0.0
2009-08-28 00:00:00-04:00,30.143870970269298,30.389129781920058,29.35444318351437,29.760652542114258,1952400,0.0,0.0
2009-08-31 00:00:00-04:00,29.201152249680295,29.201152249680295,28.358073193720436,28.672311782836914,2413560,0.0,0.0
2009-09-01 00:00:00-04:00,28.733625774081734,29.561374575268548,27.80624026699377,27.951862335205078,3302640,0.0,0.0
2009-09-02 00:00:00-04:00,27.890549876672956,28.273766510602343,27.46134612396535,27.721933364868164,2887560,0.0,0.0
2009-09-03 00:00:00-04:00,28.105149640075272,28.595668960149986,27.990184475940904,28.442380905151367,2814480,0.0,0.0
2009-09-04 00:00:00-04:00,28.281431198111548,29.783640848567803,28.05916509071707,29.68400764465332,4282200,0.0,0.0
2009-09-08 00:00:00-04:00,30.458103661368284,31.2015424256023,30.38912386654337,30.925626754760742,3266160,0.0,0.0
2009-09-09 00:00:00-04:00,31.06358521823509,31.60775406768616,30.427442142865853,31.508113861083984,3560520,0.0,0.0
2009-09-10 00:00:00-04:00,31.5847571295482,32.19790221424549,30.910294729615025,32.02928924560547,3828000,0.0,0.0
2009-09-11 00:00:00-04:00,32.32052557636633,32.84169982576667,31.40080466168015,31.69971466064453,3854640,0.0,0.0
2009-09-14 00:00:00-04:00,31.0482541638967,33.33989477970215,31.0482541638967,33.2862434387207,4269960,0.0,0.0
2009-09-15 00:00:00-04:00,33.16361632293875,35.00305882189045,32.994999824946014,34.773128509521484,6350880,0.0,0.0
2009-09-16 00:00:00-04:00,35.0873755493263,37.516972869877236,35.041386668973345,36.84251022338867,6995040,0.0,0.0
2009-09-17 00:00:00-04:00,36.673873540538935,37.3330073676825,35.2559692143135,35.53955078125,4906080,0.0,0.0
2009-09-18 00:00:00-04:00,35.86912372386614,35.95343196109693,34.780786128279786,35.77715301513672,4299600,0.0,0.0
2009-09-21 00:00:00-04:00,35.11802710087089,36.33665505802379,34.43589857567514,36.0070915222168,4587840,0.0,0.0
2009-09-22 00:00:00-04:00,36.85783444745824,38.199093603509404,36.68155194608942,37.76988983154297,5251080,0.0,0.0
2009-09-23 00:00:00-04:00,36.811842377223876,37.1720662794438,35.531893767949114,35.938106536865234,5768160,0.0,0.0
2009-09-24 00:00:00-04:00,36.382642008107595,36.382642008107595,34.19830396183251,34.780792236328125,4221120,0.0,0.0
2009-09-25 00:00:00-04:00,33.546815467270896,34.650481151684176,33.37053657923009,33.94536209106445,4110840,0.0,0.0
2009-09-28 00:00:00-04:00,34.09100236099048,35.079703473037085,33.615813250376036,35.03371810913086,2785920,0.0,0.0
2009-09-29 00:00:00-04:00,34.85744868404832,35.34796638379168,34.121668625973946,34.73481750488281,2895240,0.0,0.0
2009-09-30 00:00:00-04:00,35.148678277334525,35.340285687272576,33.64646537736996,34.5738525390625,3967800,0.0,0.0
2009-10-01 00:00:00-04:00,34.236615381355975,34.681147465155725,33.09463002492085,33.17127227783203,3579720,0.0,0.0
2009-10-02 00:00:00-04:00,32.55812775040358,33.81507826023061,32.374182832062246,32.98733139038086,3162360,0.0,0.0
2009-10-05 00:00:00-04:00,33.43951946992658,35.133339271015004,33.33988280465921,34.88808059692383,4138320,0.0,0.0
2009-10-06 00:00:00-04:00,34.995403789070856,36.91915513885873,34.80379630497228,36.443965911865234,4746120,0.0,0.0
2009-10-07 00:00:00-04:00,36.57425235123886,37.11075530601075,35.50124293323653,36.405635833740234,4232760,0.0,0.0
2009-10-08 00:00:00-04:00,36.78885656528001,38.29106633718427,36.78885656528001,37.946170806884766,4094760,0.0,0.0
2009-10-09 00:00:00-04:00,37.57060942753848,38.076458891759096,36.834833172932946,37.67024612426758,2093640,0.0,0.0
2009-10-12 00:00:00-04:00,38.29873178439366,39.279767010169735,37.78521973309014,38.10712432861328,3103200,0.0,0.0
2009-10-13 00:00:00-04:00,38.06880220599691,38.58231426771294,36.9881302392721,38.36004638671875,3229800,0.0,0.0
2009-10-14 00:00:00-04:00,39.141793292976956,39.36405756099641,38.72025216809279,39.12646484375,2805480,0.0,0.0
2009-10-15 00:00:00-04:00,38.735602458106065,39.21078811748914,38.245081325323966,39.10348892211914,3510480,0.0,0.0
2009-10-16 00:00:00-04:00,38.29105958243511,38.766252170471624,37.71623380000498,38.053466796875,4137120,0.0,0.0
2009-10-19 00:00:00-04:00,37.96915898261194,39.90057223031918,37.739228667005925,39.14946746826172,3985440,0.0,0.0
2009-10-20 00:00:00-04:00,39.88525164502407,40.09985002182086,37.73157031895696,38.904212951660156,3530400,0.0,0.0
2009-10-21 00:00:00-04:00,38.666615910564,40.65168050083483,38.45201404876784,39.14946746826172,4624200,0.0,0.0
2009-10-22 00:00:00-04:00,37.89251173449704,38.19908427886878,36.52825847393332,37.55527877807617,9006240,0.0,0.0
2009-10-23 00:00:00-04:00,37.54762131281483,38.091790195263215,36.106722092692756,36.34431838989258,4398000,0.0,0.0
2009-10-26 00:00:00-04:00,36.48994123044772,38.08412502281689,35.44759231339379,35.585548400878906,4291320,0.0,0.0
2009-10-27 00:00:00-04:00,35.77716283322045,36.23702351997928,35.11802871440498,35.294307708740234,3638160,0.0,0.0
2009-10-28 00:00:00-04:00,34.972400469628916,34.987728922589596,33.393545255473214,33.56982421875,5910720,0.0,0.0
2009-10-29 00:00:00-04:00,34.489551776309945,35.55489524116148,34.3056067984779,35.1103630065918,3374760,0.0,0.0
2009-10-30 00:00:00-04:00,35.33262925162528,35.33262925162528,32.69609287713813,32.811058044433594,7114440,0.0,0.0
2009-11-02 00:00:00-05:00,33.3257673873202,34.093995029772195,32.47303058969173,33.30271911621094,5002560,0.08333,0.0
2009-11-03 00:00:00-05:00,32.68813523433766,34.51652006684635,32.403893148825915,33.94803237915039,3856800,0.0,0.0
2009-11-04 00:00:00-05:00,34.44737710829349,34.93904301203883,34.01716856334833,34.18617630004883,3741600,0.0,0.0
2009-11-05 00:00:00-05:00,34.51651819001585,35.36157102127788,34.309097825829994,35.13878631591797,2751000,0.0,0.0
2009-11-06 00:00:00-05:00,34.54724016175908,35.799453065906704,34.186172939295666,34.92367172241211,2494440,0.0,0.0
2009-11-09 00:00:00-05:00,35.54594829386696,36.72133627365848,35.45375872584036,36.65219497680664,3539280,0.0,0.0
2009-11-10 00:00:00-05:00,36.398677130729176,37.40505722676383,36.38331279071375,37.25909423828125,3746040,0.0,0.0
2009-11-11 00:00:00-05:00,37.72772070885179,38.57277367405927,37.16691337542717,37.29751205444336,4251360,0.0,0.0
2009-11-12 00:00:00-05:00,37.097771344942615,37.39737776939841,35.661182523383054,36.052978515625,3424080,0.0,0.0
2009-11-13 00:00:00-05:00,35.999201469498864,36.544644395552666,35.58435720719447,35.98383712768555,2823960,0.0,0.0
2009-11-16 00:00:00-05:00,36.475501283811056,38.058053028532115,36.467820871622834,37.49724578857422,2963640,0.0,0.0
2009-11-17 00:00:00-05:00,37.120815724487706,38.32693588940948,36.92875969493756,38.204017639160156,2385600,0.0,0.0
2009-11-18 00:00:00-05:00,38.41144151102102,38.78787315745157,37.597117334724736,38.04269027709961,2848560,0.0,0.0
2009-11-19 00:00:00-05:00,37.13618969162691,37.57407881850112,36.0760322563785,36.52928924560547,3354480,0.0,0.0
2009-11-20 00:00:00-05:00,36.2143132244243,36.229677569399584,34.53189107458229,35.338531494140625,5049480,0.0,0.0
2009-11-23 00:00:00-05:00,36.22198801301007,36.890345642427775,34.14777031481024,34.79308319091797,5152080,0.0,0.0
2009-11-24 00:00:00-05:00,34.60869920099201,35.76104208763246,34.46273272090233,35.561302185058594,3318720,0.0,0.0
2009-11-25 00:00:00-05:00,35.937741792156295,36.79047501633489,35.33084153786097,36.46013641357422,2479800,0.0,0.0
2009-11-27 00:00:00-05:00,34.77003515146029,35.49216973784278,34.15545095347269,35.25402069091797,1790520,0.0,0.0
2009-11-30 00:00:00-05:00,35.03123609051878,35.84555680829227,34.80844784508612,35.277069091796875,3030840,0.0,0.0
2009-12-01 00:00:00-05:00,35.73800406596045,36.490867363228375,35.5920410607083,36.07602310180664,3300480,0.0,0.0
2009-12-02 00:00:00-05:00,36.198941174670445,36.49855111292757,35.30011487657148,35.568992614746094,2635320,0.0,0.0
2009-12-03 00:00:00-05:00,35.61508661166485,35.84555526020167,34.48579164050342,34.52420425415039,2638080,0.0,0.0
2009-12-04 00:00:00-05:00,35.10037676570503,36.08370875328865,32.98774626164632,33.61769485473633,5440080,0.0,0.0
2009-12-07 00:00:00-05:00,33.4794148465988,34.43201822288185,33.371864440677165,33.55624008178711,2587320,0.0,0.0
2009-12-08 00:00:00-05:00,33.08761489034298,33.69451518645407,32.64972587163166,33.210533142089844,3412440,0.0,0.0
2009-12-09 00:00:00-05:00,33.37186191905078,34.23227565142832,33.033839349778546,34.05558395385742,2379600,0.0,0.0
2009-12-10 00:00:00-05:00,34.18617923524682,34.90831732983893,34.10935753015074,34.44738006591797,2263320,0.0,0.0
2009-12-11 00:00:00-05:00,34.5549457187988,34.777730520335815,33.61002250364206,33.87122344970703,2981760,0.0,0.0
2009-12-14 00:00:00-05:00,34.332145772776414,34.86990474215118,34.332145772776414,34.608707427978516,2969400,0.0,0.0
2009-12-15 00:00:00-05:00,34.209228964592704,35.545947790326856,34.19386462291799,35.29243087768555,3032160,0.0,0.0
2009-12-16 00:00:00-05:00,35.76873145955266,36.38331565863049,35.35388721309193,35.73800277709961,2696400,0.0,0.0
2009-12-17 00:00:00-05:00,35.407660176898005,35.71495400015512,34.7853956356438,35.392295837402344,2640960,0.0,0.0
2009-12-18 00:00:00-05:00,35.77641569076622,36.56000764995615,35.77641569076622,36.475502014160156,4227360,0.0,0.0
2009-12-21 00:00:00-05:00,36.92876549972897,37.7584506318077,36.729025509597165,37.1976432800293,3552600,0.0,0.0
2009-12-22 00:00:00-05:00,37.34359462433354,38.78786713574622,37.328233801699966,38.70336151123047,3281520,0.0,0.0
2009-12-23 00:00:00-05:00,38.33461511729334,40.831361007651985,38.33461511729334,40.61625671386719,4177320,0.0,0.0
2009-12-24 00:00:00-05:00,40.65466548809726,40.931230661263406,40.147635198413084,40.454925537109375,1471920,0.0,0.0
2009-12-28 00:00:00-05:00,40.91587061969106,41.10024626479922,39.89412943292397,40.201419830322266,1800000,0.0,0.0
2009-12-29 00:00:00-05:00,40.454935471995,40.5471250579143,38.95688898836928,39.24113464355469,2371440,0.0,0.0
2009-12-30 00:00:00-05:00,38.780179306675436,39.07978916799978,38.45752469704707,38.841636657714844,1972920,0.0,0.0
2009-12-31 00:00:00-05:00,38.78018419484114,39.08747802211494,38.257789611816406,38.257789611816406,1458360,0.0,0.0
2010-01-04 00:00:00-05:00,39.39477712357227,41.077199070806756,39.25649451877442,40.67771911621094,4247640,0.0,0.0
2010-01-05 00:00:00-05:00,40.71612962587893,42.52146622471302,40.68539742454613,41.891517639160156,3825120,0.0,0.0
2010-01-06 00:00:00-05:00,42.30635765990517,43.52784209398259,42.03747642116535,43.28200912475586,4051320,0.0,0.0
2010-01-07 00:00:00-05:00,43.020816570427684,43.020816570427684,41.860789371255116,42.60597229003906,3326640,0.0,0.0
2010-01-08 00:00:00-05:00,42.29099822937241,43.40492889061942,41.85310919115967,43.18214416503906,2137440,0.0,0.0
2010-01-11 00:00:00-05:00,44.43435443771262,44.55726916999463,42.02979806238599,42.34477233886719,3094320,0.0,0.0
2010-01-12 00:00:00-05:00,41.65335588182904,42.21416299766732,41.19241871903985,41.714813232421875,3736320,0.0,0.0
2010-01-13 00:00:00-05:00,42.13735063311474,42.1988115191078,40.670036598888544,41.891517639160156,2352720,0.0,0.0
2010-01-14 00:00:00-05:00,41.93760487805825,42.30635252883923,41.253879487712936,41.346065521240234,2478720,0.0,0.0
2010-01-15 00:00:00-05:00,41.26926145907365,41.58423581654016,40.18605927730292,40.639312744140625,3783960,0.0,0.0
2010-01-19 00:00:00-05:00,40.493339859778885,41.24620667224913,40.33201251306112,41.18474578857422,2326560,0.0,0.0
2010-01-20 00:00:00-05:00,40.47797386536946,40.64698513439824,39.533051061260075,40.570159912109375,2541240,0.0,0.0
2010-01-21 00:00:00-05:00,39.47159647100523,39.96326245485246,38.088784572682684,38.219383239746094,4617360,0.0,0.0
2010-01-22 00:00:00-05:00,39.17967698795232,39.686707398579436,37.4895744469709,37.766136169433594,7173840,0.0,0.0
2010-01-25 00:00:00-05:00,38.47289255451255,39.00297104740056,38.11182530911644,38.33460998535156,2409840,0.0,0.0
2010-01-26 00:00:00-05:00,37.64321298541815,39.540739208286844,37.19764001196448,38.419124603271484,4175160,0.0,0.0
2010-01-27 00:00:00-05:00,38.23475022473735,38.864698848627924,36.636837425122266,38.43449020385742,4304400,0.0,0.0
2010-01-28 00:00:00-05:00,39.06443101063897,39.45622696050861,37.00557777504348,37.9044075012207,4151160,0.0,0.0
2010-01-29 00:00:00-05:00,38.342295072693055,39.049065245691644,35.40766048661636,35.8071403503418,7197600,0.0,0.0
2010-02-01 00:00:00-05:00,36.43709024497601,38.465211288546044,36.0068816852272,38.388389587402344,5528160,0.0,0.0
2010-02-02 00:00:00-05:00,38.60349905846752,38.72641379682634,37.443475390179714,38.472900390625,4138200,0.0,0.0
2010-02-03 00:00:00-05:00,38.46521359460219,39.16430342527367,37.46651735317235,37.750762939453125,3095280,0.0,0.0
2010-02-04 00:00:00-05:00,37.12082629901376,37.236060652904875,34.616399205557016,34.816139221191406,5340720,0.0,0.0
2010-02-05 00:00:00-05:00,34.75453736836922,35.54755958959048,33.86142078929669,35.455169677734375,5967600,0.08333,0.0
2010-02-08 00:00:00-05:00,35.6168480677841,35.81702970245108,34.28487433455611,34.32337188720703,3332160,0.0,0.0
2010-02-09 00:00:00-05:00,35.208798608095734,36.64086361442437,35.062512795693586,35.83243942260742,5350320,0.0,0.0
2010-02-10 00:00:00-05:00,35.732341671741125,36.14810330926143,34.28487862391773,35.26268768310547,4013760,0.0,0.0
2010-02-11 00:00:00-05:00,35.493668084981785,37.60326950949888,35.44747312794952,37.33379364013672,5209080,0.0,0.0
2010-02-12 00:00:00-05:00,36.563861953709186,38.06522075419766,35.89402283574504,38.003623962402344,5867880,0.0,0.0
2010-02-16 00:00:00-05:00,38.85824050263688,39.08151782506708,38.542569768776595,38.8813362121582,3846840,0.0,0.0
2010-02-17 00:00:00-05:00,39.0661238096642,39.20471217983637,37.841938287972155,38.59646987915039,4008360,0.0,0.0
2010-02-18 00:00:00-05:00,38.29620163042584,38.858249044231925,37.7572534556669,38.242305755615234,3915360,0.0,0.0
2010-02-19 00:00:00-05:00,37.81114263943199,38.88134150260684,37.772645085727206,38.427085876464844,3006000,0.0,0.0
2010-02-22 00:00:00-05:00,38.79664356904348,39.266297403378324,38.27309035240328,38.45017623901367,3860160,0.0,0.0
2010-02-23 00:00:00-05:00,38.249995513014234,38.41937696027715,36.248183052602194,36.309776306152344,5579760,0.0,0.0
2010-02-24 00:00:00-05:00,36.471467693739136,37.35688675160566,36.371380398815546,37.09511184692383,4195200,0.0,0.0
2010-02-25 00:00:00-05:00,35.817031822799876,38.303897038290245,35.43976776761237,38.18840789794922,5289000,0.0,0.0
2010-02-26 00:00:00-05:00,37.895837556172516,38.95063816992636,37.564768441684905,38.773555755615234,3700080,0.0,0.0
2010-03-01 00:00:00-05:00,39.40489867996219,40.36730589632649,39.05073031493237,40.259517669677734,4648920,0.0,0.0
2010-03-02 00:00:00-05:00,40.5058876648839,42.19202965388227,40.46739011371822,41.45289993286133,4985160,0.0,0.0
2010-03-03 00:00:00-05:00,41.622298769428326,42.24593962158971,41.352822847737606,41.54530715942383,3585120,0.0,0.0
2010-03-04 00:00:00-05:00,41.529887582465854,41.86095662271935,40.374996401220685,40.84465026855469,4316400,0.0,0.0
2010-03-05 00:00:00-05:00,41.368207122121206,42.6000899811734,41.01403881764142,42.3845100402832,4611960,0.0,0.0
2010-03-08 00:00:00-05:00,42.41531923921944,42.64629756401058,41.02175189268599,41.35281753540039,3554400,0.0,0.0
2010-03-09 00:00:00-05:00,40.860052938046664,41.38360624727996,40.46739059945811,40.990943908691406,2826360,0.0,0.0
2010-03-10 00:00:00-05:00,41.21422277934073,41.80706676928259,40.798461189452595,41.3297119140625,2796120,0.0,0.0
2010-03-11 00:00:00-05:00,41.02944449139654,41.907162727829025,40.829262830065524,41.52219772338867,3357960,0.0,0.0
2010-03-12 00:00:00-05:00,41.89176294847281,42.33832121022448,41.529897196210996,41.830169677734375,2930160,0.0,0.0
2010-03-15 00:00:00-04:00,39.11232469420446,39.25861400689863,37.349190789326734,37.610965728759766,11305800,0.0,0.0
2010-03-16 00:00:00-04:00,37.98822798800439,38.05751864938882,36.71784750404224,37.48777389526367,8793720,0.0,0.0
2010-03-17 00:00:00-04:00,37.857331727683714,38.62726153587723,37.24139211046675,37.403076171875,6359160,0.0,0.0
2010-03-18 00:00:00-04:00,37.44928025015187,37.95743179187496,36.32518541650587,36.517669677734375,5831880,0.0,0.0
2010-03-19 00:00:00-04:00,35.07020568847656,37.07971628793784,34.993214093011346,35.07020568847656,7214040,0.0,0.0
2010-03-22 00:00:00-04:00,34.438858611387936,34.685235177330476,33.25317072695541,34.40806198120117,10680360,0.0,0.0
2010-03-23 00:00:00-04:00,34.83151638214773,34.98550303741136,34.19247405369483,34.5466423034668,6283680,0.0,0.0
2010-03-24 00:00:00-04:00,34.93160267936803,35.66303126763673,34.662126948483646,35.18567657470703,8969040,0.0,0.0
2010-03-25 00:00:00-04:00,35.28577680738598,35.40126593376795,32.99909351480228,33.08378601074219,11288280,0.0,0.0
2010-03-26 00:00:00-04:00,32.668027956843,33.13768543260974,32.375456411795845,32.721923828125,41548800,0.0,0.0
2010-03-29 00:00:00-04:00,33.045293499772804,33.40715924932319,32.75272194150844,32.84511184692383,15832800,0.0,0.0
2010-03-30 00:00:00-04:00,33.06839614293846,33.099192781247616,32.1906778533301,32.55254364013672,9749280,0.0,0.0
2010-03-31 00:00:00-04:00,32.59873524136716,33.3070684228987,32.54483936765037,32.84511184692383,9790440,0.0,0.0
2010-04-01 00:00:00-04:00,33.291668155310155,34.06929548257914,32.92210150639759,33.83061981201172,12018720,0.0,0.0
2010-04-05 00:00:00-04:00,33.89990468957206,34.90081272437911,33.89990468957206,34.8546142578125,8500440,0.0,0.0
2010-04-06 00:00:00-04:00,34.92391373056927,35.509060326170655,34.43116055766741,35.3704719543457,10658760,0.0,0.0
2010-04-07 00:00:00-04:00,35.29347715755757,35.570650351510835,34.37726155667649,34.800724029541016,8025720,0.0,0.0
2010-04-08 00:00:00-04:00,34.31567967118887,34.63135051943098,33.876822262334926,34.62364959716797,6567840,0.0,0.0
2010-04-09 00:00:00-04:00,35.4089783972105,35.801640850030594,34.97781838156308,35.347381591796875,8931360,0.0,0.0
2010-04-12 00:00:00-04:00,35.247292430417616,36.140409055519825,35.07790739216907,35.61685562133789,6588000,0.0,0.0
2010-04-13 00:00:00-04:00,35.570650663882596,35.74773304984556,34.94701009089901,35.16259002685547,4900200,0.0,0.0
2010-04-14 00:00:00-04:00,35.501362903954906,35.66304700405008,34.05389987537103,34.75453567504883,11219280,0.0,0.0
2010-04-15 00:00:00-04:00,34.916218544413574,35.07790263880969,33.94611045358798,34.16938781738281,7649160,0.0,0.0
2010-04-16 00:00:00-04:00,33.95381326139281,33.95381326139281,32.668034173305635,32.85281753540039,10698600,0.0,0.0
2010-04-19 00:00:00-04:00,32.63723694952582,32.952907786527206,31.543938640779434,32.88361358642578,10206240,0.0,0.0
2010-04-20 00:00:00-04:00,33.31476794601083,33.538045303620386,32.829712151810696,32.97599792480469,8004000,0.0,0.0
2010-04-21 00:00:00-04:00,33.02989703446573,33.530351194652816,32.4062563268167,33.22237777709961,7048560,0.0,0.0
2010-04-22 00:00:00-04:00,32.68342451860006,33.730524107570126,32.46014364924998,33.56884002685547,6716520,0.0,0.0
2010-04-23 00:00:00-04:00,33.676635653620274,34.64674377441406,33.2608740234375,34.64674377441406,6995280,0.0,0.0
2010-04-26 00:00:00-04:00,34.83922833418515,35.031712614807056,34.1462933826249,34.862327575683594,8408400,0.0,0.0
2010-04-27 00:00:00-04:00,34.37725802098037,34.708327045511155,33.32245769383291,33.368656158447266,6504720,0.0,0.0
2010-04-28 00:00:00-04:00,33.561149222524456,34.169391636950515,33.11459092056809,33.95381164550781,7124040,0.0,0.0
2010-04-29 00:00:00-04:00,35.69384408716446,35.978718258418375,34.13859281384246,34.61594772338867,12416400,0.0,0.0
2010-04-30 00:00:00-04:00,34.98551827684267,35.29348819707139,34.030804827679624,34.40037155151367,10325040,0.0,0.0
2010-05-03 00:00:00-04:00,34.685238862394904,34.73913120872322,32.96059919311783,34.30027389526367,6553920,0.0,0.0
2010-05-04 00:00:00-04:00,33.4533599092204,33.55345075272053,32.09058918738354,32.537147521972656,6383640,0.0,0.0
2010-05-05 00:00:00-04:00,31.374559470195315,32.514052950670745,30.61233017540194,31.69793128967285,9904800,0.0,0.0
2010-05-06 00:00:00-04:00,31.335163064859202,32.04522073826806,28.309700933147194,30.370412826538086,10481520,0.08333,0.0
2010-05-07 00:00:00-04:00,29.91505211232387,31.065039257189774,29.096943676997018,29.590896606445312,9909960,0.0,0.0
2010-05-10 00:00:00-04:00,31.312015180238156,32.199586503764635,31.257988085849682,32.18415069580078,8038200,0.0,0.0
2010-05-11 00:00:00-04:00,31.55899141225626,31.983481427734603,30.21605493094175,30.331825256347656,10261680,0.0,0.0
2010-05-12 00:00:00-04:00,30.578799084811752,31.914015780838117,30.509336188936988,31.713350296020508,6997320,0.0,0.0
2010-05-13 00:00:00-04:00,31.651604895032104,32.400253909194575,31.25798651222486,31.73650360107422,5169120,0.0,0.0
2010-05-14 00:00:00-04:00,31.404634756378968,31.520405100053516,30.48619167864177,31.034168243408203,4964640,0.0,0.0
2010-05-17 00:00:00-04:00,30.910671011227674,31.08818453431955,29.019754877808232,29.907329559326172,6971400,0.0,0.0
2010-05-18 00:00:00-04:00,30.555647915619417,30.87208372390149,28.76506428267176,28.996604919433594,8092560,0.0,0.0
2010-05-19 00:00:00-04:00,28.425475140283275,29.012044679862644,27.229180582490944,27.815750122070312,12123720,0.0,0.0
2010-05-20 00:00:00-04:00,26.74294620014763,26.989922668336597,25.62383418907356,26.032888412475586,11292960,0.0,0.0
2010-05-21 00:00:00-04:00,24.96007702269731,27.699972905074265,24.96007702269731,27.383535385131836,10574040,0.0,0.0
2010-05-24 00:00:00-04:00,27.29092695561964,27.54562133477989,26.17181314838207,26.218120574951172,6160920,0.0,0.0
2010-05-25 00:00:00-04:00,25.091286087724367,26.928175273356132,24.921488688011213,26.866430282592773,6958920,0.0,0.0
2010-05-26 00:00:00-04:00,27.769439165388484,28.055006878070156,26.881866181627178,27.05938148498535,5482200,0.0,0.0
2010-05-27 00:00:00-04:00,27.977825481520288,28.657013344538537,27.62279839302402,28.633859634399414,5832720,0.0,0.0
2010-05-28 00:00:00-04:00,28.687888236023653,29.073788748647782,27.87749592295245,28.155344009399414,5346120,0.0,0.0
2010-06-01 00:00:00-04:00,27.69997925094827,28.186214261949313,26.411069869995117,26.411069869995117,4866600,0.0,0.0
2010-06-02 00:00:00-04:00,26.905021013107227,28.633859634399414,26.804688269171024,28.633859634399414,6012840,0.0,0.0
2010-06-03 00:00:00-04:00,28.564400136990503,29.343919070202677,27.453004252893948,29.274457931518555,8822040,0.0,0.0
2010-06-04 00:00:00-04:00,28.109031741509735,29.027476322538398,26.88958364658795,27.121124267578125,10588320,0.0,0.0
2010-06-07 00:00:00-04:00,27.321797956121014,27.939240895517962,26.5731506444089,26.688920974731445,6566040,0.0,0.0
2010-06-08 00:00:00-04:00,26.858716019285204,28.30198527985588,26.83556230705434,28.20165252685547,7065240,0.0,0.0
2010-06-09 00:00:00-04:00,28.6184273124674,29.096946242389443,27.576494266383527,27.769445419311523,5115000,0.0,0.0
2010-06-10 00:00:00-04:00,28.865401983884883,29.822436191950544,28.718758277927762,29.7761287689209,5081040,0.0,0.0
2010-06-11 00:00:00-04:00,29.127816129661824,30.02310716487519,29.127816129661824,30.007671356201172,4028400,0.0,0.0
2010-06-14 00:00:00-04:00,30.59423354061545,30.848929636568325,30.092564551175407,30.177459716796875,5742600,0.0,0.0
2010-06-15 00:00:00-04:00,30.71000640847321,31.296577678443192,30.447594154259985,31.041881561279297,5952720,0.0,0.0
2010-06-16 00:00:00-04:00,30.710006877352043,30.972419135571766,30.208337838473685,30.555648803710938,4116840,0.0,0.0
2010-06-17 00:00:00-04:00,30.818062250681614,30.818062250681614,29.413380761670535,29.84558868408203,5864040,0.0,0.0
2010-06-18 00:00:00-04:00,29.799284084485862,30.26236543322078,29.359358216399816,30.1851863861084,6177360,0.0,0.0
2010-06-21 00:00:00-04:00,31.22711847651284,31.458659143878943,29.822438663360476,30.192901611328125,4234920,0.0,0.0
2010-06-22 00:00:00-04:00,30.316387219263206,30.385850116004978,28.51808923899901,28.71103858947754,5310960,0.0,0.0
2010-06-23 00:00:00-04:00,28.487217479684094,29.305327647836204,28.301984255511375,29.00432586669922,4661520,0.0,0.0
2010-06-24 00:00:00-04:00,28.919426990661872,29.451969415668245,28.32513780260283,28.502653121948242,4449600,0.0,0.0
2010-06-25 00:00:00-04:00,28.59527244012783,29.20499572688982,27.993267057849213,28.842248916625977,7241880,0.0,0.0
2010-06-28 00:00:00-04:00,28.988890447281253,28.988890447281253,27.908367936666945,28.016420364379883,3661320,0.0,0.0
2010-06-29 00:00:00-04:00,27.260048550421317,27.398972571055598,26.256707027440033,26.519119262695312,5313960,0.0,0.0
2010-06-30 00:00:00-04:00,26.665768692736176,27.252336513560305,25.870810379817048,26.05604362487793,4425360,0.0,0.0
2010-07-01 00:00:00-04:00,26.604020246046655,27.028510247395545,25.14531348788033,26.264427185058594,5863800,0.0,0.0
2010-07-02 00:00:00-04:00,26.441944569890445,26.55771490822887,25.554373153639293,25.801349639892578,3618000,0.0,0.0
2010-07-06 00:00:00-04:00,26.712076171066517,27.113412514100983,25.801349286412556,26.133224487304688,3720960,0.0,0.0
2010-07-07 00:00:00-04:00,26.225841495433063,27.784881228903338,26.194968109734265,27.769445419311523,5082240,0.0,0.0
2010-07-08 00:00:00-04:00,28.21709055762667,28.325141223215024,27.28320819211955,28.139909744262695,2780760,0.0,0.0
2010-07-09 00:00:00-04:00,28.02413901951708,28.988891223892857,27.723135441428212,28.626144409179688,3873480,0.0,0.0
2010-07-12 00:00:00-04:00,28.487221536488505,28.911713371868245,28.031858081521932,28.363733291625977,3182640,0.0,0.0
2010-07-13 00:00:00-04:00,28.865399757889,29.058349105481255,28.41003463397216,28.61842155456543,4205160,0.0,0.0
2010-07-14 00:00:00-04:00,28.42548053011096,28.749637860780567,28.039578188902478,28.301990509033203,2635320,0.0,0.0
2010-07-15 00:00:00-04:00,28.240244952771736,28.294270286868883,27.507033390933614,28.20937156677246,3573720,0.0,0.0
2010-07-16 00:00:00-04:00,28.055004483602417,28.13990140999197,26.951326775391948,27.08253288269043,4869960,0.0,0.0
2010-07-19 00:00:00-04:00,27.229174396104835,27.607356907664936,26.727503681453378,27.260046005249023,3152880,0.0,0.0
2010-07-20 00:00:00-04:00,26.735223211031137,28.97344857399614,26.719787405519515,28.811370849609375,4918080,0.0,0.0
2010-07-21 00:00:00-04:00,29.096943167664996,29.783845454490343,28.718758806568303,29.073787689208984,6433800,0.0,0.0
2010-07-22 00:00:00-04:00,29.490565516520284,30.50162697187625,29.444258086441554,30.27008628845215,4580400,0.0,0.0
2010-07-23 00:00:00-04:00,30.216051440166524,30.74087591256716,29.552301180116526,30.1157169342041,7162680,0.0,0.0
2010-07-26 00:00:00-04:00,30.115712535844697,30.501614697265016,29.73753004284614,30.23920249938965,3505560,0.0,0.0
2010-07-27 00:00:00-04:00,30.50162487036025,30.57880391517395,29.066071672129148,29.57546043395996,4810080,0.0,0.0
2010-07-28 00:00:00-04:00,29.52143776921478,30.169752403301683,29.382513709486233,29.799285888671875,3730920,0.0,0.0
2010-07-29 00:00:00-04:00,28.633863704036738,28.934865511655453,27.784880079486797,28.379167556762695,10800960,0.0,0.0
2010-07-30 00:00:00-04:00,27.862056617184912,29.13553017290573,27.83890290583843,28.92714500427246,4919040,0.0,0.0
2010-08-02 00:00:00-04:00,29.63719938758769,30.100280628018748,29.374787155747352,29.945919036865234,4041480,0.0,0.0
2010-08-03 00:00:00-04:00,29.830156057772285,30.285521273721763,29.560027623154127,29.85331153869629,3166680,0.0,0.0
2010-08-04 00:00:00-04:00,29.83786453415484,30.370408598327334,29.320756273796835,30.23920249938965,3415080,0.0,0.0
2010-08-05 00:00:00-04:00,29.930484168215987,30.177460601977078,29.56773742072221,30.053974151611328,2597880,0.0,0.0
2010-08-06 00:00:00-04:00,29.459687139755232,30.362696005450953,29.3053272991247,30.030820846557617,3476640,0.0,0.0
2010-08-09 00:00:00-04:00,30.32411127427944,30.59423969740647,29.66807702833047,29.961360931396484,2706720,0.0,0.0
2010-08-10 00:00:00-04:00,29.3747936020539,29.737540417794484,28.765068539571196,29.513717651367188,2849160,0.0,0.0
2010-08-11 00:00:00-04:00,28.78631875044508,28.94108508578179,28.082137415217627,28.352975845336914,3704880,0.08333,0.0
2010-08-12 00:00:00-04:00,27.888676778404243,28.948817714101352,27.780342837270577,28.306543350219727,3081480,0.0,0.0
2010-08-13 00:00:00-04:00,28.26785112487326,28.871434762779337,28.07439412675547,28.1053466796875,2914560,0.0,0.0
2010-08-16 00:00:00-04:00,27.904150009155273,28.376183500001336,27.656526057020905,27.904150009155273,2874720,0.0,0.0
2010-08-17 00:00:00-04:00,28.120828707777203,28.360716355504167,27.695225704473252,28.097614288330078,4496040,0.0,0.0
2010-08-18 00:00:00-04:00,28.089868054672174,28.089868054672174,27.199969834255207,27.331518173217773,6019080,0.0,0.0
2010-08-19 00:00:00-04:00,27.385688431535367,27.656526804411563,26.387454458214023,26.596385955810547,4678920,0.0,0.0
2010-08-20 00:00:00-04:00,26.364238640129248,26.464836206893082,25.923159453598057,26.395191192626953,3546600,0.0,0.0
2010-08-23 00:00:00-04:00,26.890437729065564,26.90591577566171,26.14756588059062,26.17852020263672,2885040,0.0,0.0
2010-08-24 00:00:00-04:00,25.61362897747858,25.87673100906258,25.211240448053275,25.350528717041016,5132040,0.0,0.0
2010-08-25 00:00:00-04:00,25.211241601980586,25.273148486112213,24.089195488806798,24.878498077392578,5937360,0.0,0.0
2010-08-26 00:00:00-04:00,25.04873844967867,25.149334256433843,24.05050258078975,24.151100158691406,4250160,0.0,0.0
2010-08-27 00:00:00-04:00,24.31360226360708,25.43565010035161,24.267173430836866,25.36600685119629,5199840,0.0,0.0
2010-08-30 00:00:00-04:00,25.280888818670352,25.40470082652934,24.669566919169934,24.685041427612305,2914800,0.0,0.0
2010-08-31 00:00:00-04:00,24.53801448894057,25.404700297036403,24.476109371874657,24.91718864440918,3698760,0.0,0.0
2010-09-01 00:00:00-04:00,25.543991667043624,26.178529820494976,25.311843907712028,26.116622924804688,3857760,0.0,0.0
2010-09-02 00:00:00-04:00,26.132097009266687,26.25590901909273,25.644587109879964,26.240432739257812,2927880,0.0,0.0
2010-09-03 00:00:00-04:00,26.766628769987193,26.78210504615672,26.224950248322358,26.48031234741211,2723520,0.0,0.0
2010-09-07 00:00:00-04:00,26.24042902623732,26.47257673320559,25.861254910494857,26.209476470947266,2395800,0.0,0.0
2010-09-08 00:00:00-04:00,26.31007329147513,26.991041932173655,26.20947748289845,26.642820358276367,2179800,0.0,0.0
2010-09-09 00:00:00-04:00,27.08389930613264,27.145804414379224,26.395192578864755,26.681509017944336,2438760,0.0,0.0
2010-09-10 00:00:00-04:00,26.789848664192213,27.169022821345767,26.58865349054068,26.65056037902832,2228880,0.0,0.0
2010-09-13 00:00:00-04:00,27.091639055102544,27.22319096883963,26.70472676682777,26.905921936035156,2818800,0.0,0.0
2010-09-14 00:00:00-04:00,26.774368800940632,27.04520898441009,26.364242112884376,26.619606018066406,3057000,0.0,0.0
2010-09-15 00:00:00-04:00,26.37971887726231,26.40293329512121,26.031497295939175,26.310073852539062,2985600,0.0,0.0
2010-09-16 00:00:00-04:00,26.21721598358666,27.509504717274826,26.20947784435866,27.30830955505371,5130360,0.0,0.0
2010-09-17 00:00:00-04:00,27.34699899319267,27.46307283990207,26.635077865048203,26.936870574951172,3528360,0.0,0.0
2010-09-20 00:00:00-04:00,27.05294563857339,27.486288491420403,26.673771527905462,27.31604766845703,2716680,0.0,0.0
2010-09-21 00:00:00-04:00,27.316049240911628,27.641054628109476,27.03747091755366,27.416645050048828,3896160,0.0,0.0
2010-09-22 00:00:00-04:00,27.38569192165724,28.205947053984755,27.38569192165724,27.672006607055664,4236840,0.0,0.0
2010-09-23 00:00:00-04:00,27.277358291161043,28.012493950694335,27.223191313997372,27.610103607177734,3656880,0.0,0.0
2010-09-24 00:00:00-04:00,28.027963328555902,28.314279754596956,27.849984379305557,28.167251586914062,3987720,0.0,0.0
2010-09-27 00:00:00-04:00,28.229161021185448,28.3916654799489,27.772603742706202,27.8886775970459,3373080,0.0,0.0
2010-09-28 00:00:00-04:00,27.927370062590104,27.9737988958674,27.122589449945306,27.8886775970459,3210120,0.0,0.0
2010-09-29 00:00:00-04:00,27.826767523670963,28.616069946654157,27.710693690030674,28.523210525512695,3095160,0.0,0.0
2010-09-30 00:00:00-04:00,28.902390115351245,29.32799307283172,28.221423258006705,28.600597381591797,3626760,0.0,0.0
2010-10-01 00:00:00-04:00,28.995251106803085,29.738124886930873,28.933344220481363,29.645263671875,6042480,0.0,0.0
2010-10-04 00:00:00-04:00,29.490492634110264,29.62978088380109,28.70119019100067,29.0726261138916,3983280,0.0,0.0
2010-10-05 00:00:00-04:00,29.48275689369747,30.05538975670857,29.22739478664274,29.776809692382812,3691440,0.0,0.0
2010-10-06 00:00:00-04:00,29.792286794122322,31.131007786519362,29.792286794122322,30.40361213684082,4066080,0.0,0.0
2010-10-07 00:00:00-04:00,30.697667721007377,30.72862027796949,29.57561981966543,29.94705581665039,3284160,0.0,0.0
2010-10-08 00:00:00-04:00,29.98574527447853,30.728617193890067,29.98574527447853,30.496469497680664,3845160,0.0,0.0
2010-10-11 00:00:00-04:00,30.504205526594887,30.968500913862954,30.504205526594887,30.643495559692383,2685240,0.0,0.0
2010-10-12 00:00:00-04:00,30.604805196721433,30.651234030175594,29.900625700267668,30.54290008544922,2787240,0.0,0.0
2010-10-13 00:00:00-04:00,30.89885852911374,31.18517141181099,30.68992348562416,31.053621292114258,4344720,0.0,0.0
2010-10-14 00:00:00-04:00,31.223862166222087,31.93578146397073,30.72087435824496,31.030406951904297,3946920,0.0,0.0
2010-10-15 00:00:00-04:00,31.301247137163006,31.339939601385773,30.488730184534486,31.107791900634766,3372600,0.0,0.0
2010-10-18 00:00:00-04:00,30.991714183001967,31.301243231281564,30.67444522592651,31.21612548828125,2527440,0.0,0.0
2010-10-19 00:00:00-04:00,30.442304062301364,31.014936997676095,29.490498758737928,29.79228973388672,5745480,0.0,0.0
2010-10-20 00:00:00-04:00,29.8928896238291,30.705406711503517,29.80776831376695,30.47325897216797,3131760,0.0,0.0
2010-10-21 00:00:00-04:00,30.56611936369994,30.968506169945446,29.699433549091236,29.95479393005371,3721800,0.0,0.0
2010-10-22 00:00:00-04:00,30.1095561677074,30.287538669822563,29.80002707989119,30.202417373657227,1682400,0.0,0.0
2010-10-25 00:00:00-04:00,30.457780400669595,30.898863197595343,29.769077145530265,29.815505981445312,4489320,0.0,0.0
2010-10-26 00:00:00-04:00,29.575614101069444,30.117292598902797,29.40537329954822,30.055387496948242,2982600,0.0,0.0
2010-10-27 00:00:00-04:00,29.575618718347425,29.683954434827218,29.142275852428245,29.583356857299805,3391200,0.0,0.0
2010-10-28 00:00:00-04:00,30.00122116817846,30.070862642317515,29.389897610461926,29.73038101196289,3216840,0.0,0.0
2010-10-29 00:00:00-04:00,29.351207680200446,29.351207680200446,28.074395334229486,28.445831298828125,6047520,0.0,0.0
2010-11-01 00:00:00-04:00,28.72440566868224,29.15774848035541,28.41487660704105,28.56190299987793,4233480,0.0,0.0
2010-11-02 00:00:00-04:00,28.770842391298988,28.825011139860504,28.16725687322477,28.376190185546875,3759720,0.0,0.0
2010-11-03 00:00:00-04:00,28.47678349332174,28.65476243816389,27.973795668449895,28.515472412109375,3691920,0.0,0.0
2010-11-04 00:00:00-04:00,29.235135006375945,30.055391896514166,29.049416131033993,29.753599166870117,5796960,0.0,0.0
2010-11-05 00:00:00-04:00,29.85419715875991,30.511947828191705,29.75359958081234,30.41135025024414,4635480,0.0,0.0
2010-11-08 00:00:00-05:00,30.34943733174518,31.904825892489708,30.179194775579415,31.5024356842041,5694360,0.0,0.0
2010-11-09 00:00:00-05:00,32.25490948611371,33.744312189953476,31.998916731852432,32.1540641784668,8559720,0.08333,0.0
2010-11-10 00:00:00-05:00,32.154056515641656,32.782398020610984,31.510197073794526,32.7048225402832,5446920,0.0,0.0
2010-11-11 00:00:00-05:00,32.46435568404009,34.26405329016467,32.35575140555869,33.93048858642578,7062960,0.0,0.0
2010-11-12 00:00:00-05:00,33.27110652801896,33.44952372204349,32.85996646868146,32.968570709228516,5929440,0.0,0.0
2010-11-15 00:00:00-05:00,33.64345901454688,33.72878991267874,32.44883354273145,32.51865005493164,4939800,0.0,0.0
2010-11-16 00:00:00-05:00,32.3014503124528,32.324720119597046,30.571569369353934,30.928403854370117,8609880,0.0,0.0
2010-11-17 00:00:00-05:00,30.92839444223122,31.828242901670745,30.749977254019104,31.145599365234375,4262640,0.0,0.0
2010-11-18 00:00:00-05:00,31.75068463851943,32.34024212623348,31.696382496660537,31.84377098083496,4252920,0.0,0.0
2010-11-19 00:00:00-05:00,31.804977649578362,33.07717505107414,31.223179299592264,33.02287292480469,5771520,0.0,0.0
2010-11-22 00:00:00-05:00,32.735855069933045,32.99184421378987,31.913578409962298,32.9453010559082,5061240,0.0,0.0
2010-11-23 00:00:00-05:00,32.28593435115063,32.541923523361724,31.944610720181544,32.24714660644531,3926520,0.0,0.0
2010-11-24 00:00:00-05:00,32.503135741532816,33.03839093490829,32.456592583633935,32.929786682128906,2737200,0.0,0.0
2010-11-26 00:00:00-05:00,32.510887145996094,32.74360645777991,32.363498722001665,32.510887145996094,1385880,0.0,0.0
2010-11-29 00:00:00-05:00,32.394535388578824,33.26335531134576,32.138546213809974,33.201297760009766,3967800,0.0,0.0
2010-11-30 00:00:00-05:00,32.68931565784807,33.03839470848376,32.425563964265244,32.5496826171875,4621320,0.0,0.0
2010-12-01 00:00:00-05:00,33.62018958292022,34.52003462995347,33.57364287359518,33.891693115234375,9595800,0.0,0.0
2010-12-02 00:00:00-05:00,34.05458873750547,34.79928976589776,33.82962841111165,34.465728759765625,5909280,0.0,0.0
2010-12-03 00:00:00-05:00,34.287319373532576,35.38109970372893,34.287319373532576,35.23371124267578,4090920,0.0,0.0
2010-12-06 00:00:00-05:00,35.0475349919015,35.90859586346822,35.0475349919015,35.637088775634766,4104840,0.0,0.0
2010-12-07 00:00:00-05:00,36.26543400313662,36.451610209485956,34.574340860079666,34.67518615722656,5212320,0.0,0.0
2010-12-08 00:00:00-05:00,34.65191281089663,34.94669328396738,33.806366239097436,34.08563232421875,3932400,0.0,0.0
2010-12-09 00:00:00-05:00,34.388160639550904,34.558822438034184,33.635700483524964,34.13992691040039,3078000,0.0,0.0
2010-12-10 00:00:00-05:00,34.271800980449875,34.47349155127307,33.94599532051418,34.124412536621094,2916120,0.0,0.0
2010-12-13 00:00:00-05:00,34.52002692228116,34.799289360800564,33.752052553091886,33.783084869384766,4942680,0.0,0.0
2010-12-14 00:00:00-05:00,33.64345145548143,33.876170743184105,33.162498497630224,33.35643005371094,4079040,0.0,0.0
2010-12-15 00:00:00-05:00,33.30213136490786,33.596908181280945,33.05389414468214,33.10819625854492,3062280,0.0,0.0
2010-12-16 00:00:00-05:00,33.59690843654127,33.612422819046444,32.83669304074444,33.36418914794922,4743480,0.0,0.0
2010-12-17 00:00:00-05:00,33.364200398145606,33.752063642574356,33.18578316366775,33.286624908447266,3579000,0.0,0.0
2010-12-20 00:00:00-05:00,33.852901589881974,34.558814882152504,33.589149981248866,34.31058120727539,4870440,0.0,0.0
2010-12-21 00:00:00-05:00,34.59762182983104,35.4741973701166,34.41920100268908,35.37335205078125,5153640,0.0,0.0
2010-12-22 00:00:00-05:00,35.481948816164824,35.85429768080455,35.43540210094602,35.80775451660156,3634440,0.0,0.0
2010-12-23 00:00:00-05:00,35.76120380345735,36.63777897279674,35.76120380345735,36.26542663574219,3232800,0.0,0.0
2010-12-27 00:00:00-05:00,36.009445157730084,36.242164530053174,35.84653875629127,36.187862396240234,1693200,0.0,0.0
2010-12-28 00:00:00-05:00,36.23439806726669,36.63002020819854,36.14906717492579,36.53693389892578,2064720,0.0,0.0
2010-12-29 00:00:00-05:00,36.62226904059263,38.15821817891675,36.61451007174541,37.77035140991211,5063640,0.0,0.0
2010-12-30 00:00:00-05:00,37.560898002226494,38.28232933719364,37.560898002226494,37.863433837890625,2897520,0.0,0.0
2010-12-31 00:00:00-05:00,37.77809930412125,37.98754880909776,37.591923150035946,37.80913162231445,1793760,0.0,0.0
2011-01-03 00:00:00-05:00,38.670196821805064,40.00445172018642,38.522804834103184,39.69416046142578,7278120,0.0,0.0
2011-01-04 00:00:00-05:00,40.050998442549236,40.26819983805339,38.73225437803994,39.32181167602539,6825480,0.0,0.0
2011-01-05 00:00:00-05:00,39.151161185251986,40.12082298073512,38.763294336449,39.79501724243164,3816120,0.0,0.0
2011-01-06 00:00:00-05:00,40.01996955646861,40.10529690037754,38.980487983045954,39.120121002197266,4135800,0.0,0.0
2011-01-07 00:00:00-05:00,39.11236215649723,39.53901308143869,38.398689775187684,39.48471450805664,4210200,0.0,0.0
2011-01-10 00:00:00-05:00,39.42266093098862,39.76398457682388,38.86413584818749,39.59332275390625,3919200,0.0,0.0
2011-01-11 00:00:00-05:00,39.90360690067908,41.462825592958154,39.90360690067908,41.144775390625,5056200,0.0,0.0
2011-01-12 00:00:00-05:00,41.78863150270546,41.88947677612305,40.37680122587415,41.88947677612305,6201720,0.0,0.0
2011-01-13 00:00:00-05:00,41.69554516557945,41.96704866602533,40.55521839025599,41.93601989746094,5985720,0.0,0.0
2011-01-14 00:00:00-05:00,41.41629779543084,41.49386974511998,39.97343467409915,40.1363410949707,6631560,0.0,0.0
2011-01-18 00:00:00-05:00,40.13632928733041,40.30698752644086,39.56228637545879,39.74070358276367,4388280,0.0,0.0
2011-01-19 00:00:00-05:00,39.71744507965187,39.795017028589136,38.522815759920725,38.72450637817383,4522320,0.0,0.0
2011-01-20 00:00:00-05:00,38.491775887568764,39.40713882529889,37.81689124876609,39.228721618652344,5993040,0.0,0.0
2011-01-21 00:00:00-05:00,39.69416798353095,40.17512112370812,38.902923525792474,38.96498107910156,5125200,0.0,0.0
2011-01-24 00:00:00-05:00,38.879642747435796,39.554530939422165,38.6081356770031,39.236480712890625,2934480,0.0,0.0
2011-01-25 00:00:00-05:00,39.13563898357466,39.59331871993146,37.793621446021255,38.910675048828125,5100720,0.0,0.0
2011-01-26 00:00:00-05:00,39.08132981892903,40.10529336574215,39.01151331550657,39.96566390991211,3478440,0.0,0.0
2011-01-27 00:00:00-05:00,38.592616611030586,39.065814184849565,37.31266044296509,37.58416748046875,9403680,0.0,0.0
2011-01-28 00:00:00-05:00,37.48333347225869,37.6462363232908,36.49039842690504,37.1807975769043,6276960,0.0,0.0
2011-01-31 00:00:00-05:00,37.41350997582236,38.84861369333413,37.41350997582236,38.553836822509766,4304400,0.0,0.0
2011-02-01 00:00:00-05:00,38.957218381107594,40.05100218408916,38.70898464061209,39.802764892578125,4175280,0.0,0.0
2011-02-02 00:00:00-05:00,39.59331480332642,40.338015947859354,38.93394455311735,38.95721435546875,2682120,0.0,0.0
2011-02-03 00:00:00-05:00,38.856380225159924,38.856380225159924,37.398002870376594,38.546085357666016,4539960,0.0,0.0
2011-02-04 00:00:00-05:00,38.74039878866337,39.01245334033349,37.81541900606602,38.34397888183594,3417720,0.08333,0.0
2011-02-07 00:00:00-05:00,38.40616757583922,38.74817947245019,37.29463602820597,37.520050048828125,3861240,0.0,0.0
2011-02-08 00:00:00-05:00,37.7065972163331,38.45280005058229,37.24022000015538,38.39061737060547,4079400,0.0,0.0
2011-02-09 00:00:00-05:00,38.35174974370852,38.67821232723464,36.89043205633967,37.092529296875,5166600,0.0,0.0
2011-02-10 00:00:00-05:00,36.59506758579539,37.69105338566196,36.59506758579539,37.574459075927734,2925240,0.0,0.0
2011-02-11 00:00:00-05:00,37.12362913599669,37.20135749317004,36.14423760290795,36.53288650512695,6068280,0.0,0.0
2011-02-14 00:00:00-05:00,36.61838152766227,37.22467331543642,36.25305651366913,36.85157012939453,4392600,0.0,0.0
2011-02-15 00:00:00-05:00,36.688346232602726,36.95262978504936,35.77113730992443,35.926597595214844,5076600,0.0,0.0
2011-02-16 00:00:00-05:00,36.05873078933863,36.71943420853917,35.732268165814794,36.61061096191406,3993840,0.0,0.0
2011-02-17 00:00:00-05:00,36.45513972929167,36.766060147594466,36.0509488785775,36.3696403503418,3412320,0.0,0.0
2011-02-18 00:00:00-05:00,36.45515893279544,36.53289085740536,35.429130263168666,35.67009353637695,3646080,0.0,0.0
2011-02-22 00:00:00-05:00,35.33584490775177,36.55619956281398,35.296982512155076,35.35916519165039,5153280,0.0,0.0
2011-02-23 00:00:00-05:00,35.2503484757699,37.869831431299154,35.2503484757699,37.78432846069336,9135120,0.0,0.0
2011-02-24 00:00:00-05:00,37.52004000930897,38.398386244467495,37.24798904599173,37.96310043334961,6359400,0.0,0.0
2011-02-25 00:00:00-05:00,38.08747064598875,38.74039944617327,37.64441372345767,38.717079162597656,4348800,0.0,0.0
2011-02-28 00:00:00-05:00,38.864760916237444,39.52546064559215,38.685980412150265,39.4166374206543,3777480,0.0,0.0
2011-03-01 00:00:00-05:00,39.54878847429942,39.85193081152264,38.328433836967584,38.483890533447266,3533040,0.0,0.0
2011-03-02 00:00:00-05:00,38.47611715930436,39.836382741504096,38.165200226903835,39.62651443481445,4104960,0.0,0.0
2011-03-03 00:00:00-05:00,40.022930397990756,41.07227894484954,39.91411072768713,40.955684661865234,4268880,0.0,0.0
2011-03-04 00:00:00-05:00,40.823548918142514,41.21996880950114,40.28721444951589,40.792457580566406,3513360,0.0,0.0
2011-03-07 00:00:00-05:00,41.16556211516184,41.18111134398588,39.074639168495494,39.52547073364258,3010200,0.0,0.0
2011-03-08 00:00:00-05:00,40.07734241434968,40.35716798468465,38.83366767792177,39.54100799560547,2483160,0.0,0.0
2011-03-09 00:00:00-05:00,39.346684141391755,39.67314670352016,38.49943284418581,38.86476135253906,2033640,0.0,0.0
2011-03-10 00:00:00-05:00,38.28179631804517,38.390616004131275,37.09253303585228,37.17026138305664,3525120,0.0,0.0
2011-03-11 00:00:00-05:00,36.88266885743238,38.08747438606589,36.82825722919668,37.78432846069336,2528640,0.0,0.0
2011-03-14 00:00:00-04:00,38.553842107586796,39.64205661241743,38.36729054130509,39.54100799560547,5061720,0.0,0.0
2011-03-15 00:00:00-04:00,38.20406930468557,40.16285592863855,37.621097730564344,40.03071594238281,6255720,0.0,0.0
2011-03-16 00:00:00-04:00,40.4582166456953,41.91953072651059,39.96851922844275,40.714725494384766,8679720,0.0,0.0
2011-03-17 00:00:00-04:00,41.63970380322906,43.1321127284579,40.94013812026478,43.00774383544922,8367240,0.0,0.0
2011-03-18 00:00:00-04:00,43.61404741479182,43.77728231186972,41.27438992145783,41.9195442199707,8166360,0.0,0.0
2011-03-21 00:00:00-04:00,42.77455312021871,42.9377843930546,41.84957353536545,42.502498626708984,3978720,0.0,0.0
2011-03-22 00:00:00-04:00,42.3859179994227,42.525832597288534,41.344343804583346,41.83403778076172,5793600,0.0,0.0
2011-03-23 00:00:00-04:00,41.90400513543919,43.279820484022224,41.849597052702585,43.10103988647461,4050600,0.0,0.0
2011-03-24 00:00:00-04:00,43.39639815347327,43.435260546473764,42.2615465376188,43.132118225097656,3293520,0.0,0.0
2011-03-25 00:00:00-04:00,43.2020607519974,43.66843781245991,42.75122935633867,43.124332427978516,4116480,0.0,0.0
2011-03-28 00:00:00-04:00,42.782342033275455,43.24094467293851,41.328798641595334,41.35988998413086,5733360,0.0,0.0
2011-03-29 00:00:00-04:00,41.35988447320051,41.437612819182526,40.450450371596304,41.00232696533203,6371760,0.0,0.0
2011-03-30 00:00:00-04:00,41.530884371354,42.036123884250465,41.12668991449676,41.43760681152344,4209000,0.0,0.0
2011-03-31 00:00:00-04:00,41.530895066663014,42.82120354606126,41.530895066663014,41.68635177612305,4006200,0.0,0.0
2011-04-01 00:00:00-04:00,42.20714471018037,42.580247965143116,40.92460716373843,41.29771041870117,4115040,0.0,0.0
2011-04-04 00:00:00-04:00,41.569761389676984,42.0439132937363,40.76914680675319,41.142250061035156,3238440,0.0,0.0
2011-04-05 00:00:00-04:00,40.62145693459521,41.29770606820382,40.512637238964196,40.8390998840332,3728400,0.0,0.0
2011-04-06 00:00:00-04:00,41.111145236711266,41.19664818604025,39.48659631581101,39.618736267089844,3966000,0.0,0.0
2011-04-07 00:00:00-04:00,39.6265185588496,40.60591002228825,39.587652603938835,40.31830978393555,3969840,0.0,0.0
2011-04-08 00:00:00-04:00,40.62145391437098,41.095605734092615,40.31830801895967,40.823551177978516,3422400,0.0,0.0
2011-04-11 00:00:00-04:00,40.745829852539416,40.99456416796371,38.950274454156904,39.12905502319336,3731160,0.0,0.0
2011-04-12 00:00:00-04:00,38.68598491366934,38.7792624827806,37.64441089218418,38.00196838378906,4174080,0.0,0.0
2011-04-13 00:00:00-04:00,39.05908596892234,39.73533140720373,38.60047987776292,39.21454620361328,4823880,0.0,0.0
2011-04-14 00:00:00-04:00,38.98136027934049,39.688697100986616,38.63934845141671,39.0824089050293,2795040,0.0,0.0
2011-04-15 00:00:00-04:00,39.62652371647721,39.75866371056156,39.00468614784856,39.517704010009766,4003800,0.0,0.0
2011-04-18 00:00:00-04:00,38.872539390997865,39.04354531530121,38.126336573368306,38.483890533447266,3026880,0.0,0.0
2011-04-19 00:00:00-04:00,38.42948301752202,38.60826000011435,37.47340830872905,37.93201446533203,4231440,0.0,0.0
2011-04-20 00:00:00-04:00,38.74039759358186,39.408872031458,38.27402040977762,39.06686019897461,3540720,0.0,0.0
2011-04-21 00:00:00-04:00,39.33114397825733,40.05402648360387,39.268957743960684,39.84415817260742,2676240,0.0,0.0
2011-04-25 00:00:00-04:00,39.81306791920033,39.99184489700677,39.22232180542924,39.50992202758789,1973520,0.0,0.0
2011-04-26 00:00:00-04:00,39.71201330870893,40.06956721048028,39.25340723344118,39.63428497314453,2288760,0.0,0.0
2011-04-27 00:00:00-04:00,39.595419026274776,39.74310464293469,38.755938769478796,39.63428497314453,2715240,0.0,0.0
2011-04-28 00:00:00-04:00,39.41664259070214,41.367654259483125,39.15236266429622,41.26660919189453,5331600,0.0,0.0
2011-04-29 00:00:00-04:00,41.15778973439806,42.80565567729821,41.15778973439806,42.043907165527344,4113840,0.0,0.0
2011-05-02 00:00:00-04:00,42.41700751195208,43.007753661911316,41.97395056811455,42.1060905456543,3735000,0.0,0.0
2011-05-03 00:00:00-04:00,41.84181085067199,41.84181085067199,40.23280726732018,40.621456146240234,4180320,0.0,0.0
2011-05-04 00:00:00-04:00,40.61369417483844,40.73028850877752,39.42443054538915,39.6653938293457,4406760,0.0,0.0
2011-05-05 00:00:00-04:00,39.21454771164921,39.517693579775475,37.75322998897846,38.087467193603516,5737440,0.0,0.0
2011-05-06 00:00:00-04:00,38.46834768885181,39.58765011487682,37.72991594103129,38.18851852416992,4207080,0.0,0.0
2011-05-09 00:00:00-04:00,38.43725597524786,39.25341613741918,38.343981951412935,39.0590934753418,1978080,0.0,0.0
2011-05-10 00:00:00-04:00,39.18345074075538,39.18345074075538,38.23515435326371,38.6782112121582,3267840,0.0,0.0
2011-05-11 00:00:00-04:00,38.600327094874686,38.74052341619714,36.87125814704737,37.136070251464844,4352040,0.08333,0.0
2011-05-12 00:00:00-04:00,37.05818590977413,37.82925499190269,36.40394234327482,37.284053802490234,3960000,0.0,0.0
2011-05-13 00:00:00-04:00,37.260683061997355,37.276256466811105,36.42729911474566,36.81673049926758,5307840,0.0,0.0
2011-05-16 00:00:00-04:00,37.377515533621754,38.03954573895059,36.73884900298671,37.16722106933594,3575400,0.0,0.0
2011-05-17 00:00:00-04:00,36.79337621901671,37.821470772962975,36.68433383476556,37.720218658447266,4289280,0.0,0.0
2011-05-18 00:00:00-04:00,37.93828609930461,38.600316173028844,37.29961969562974,38.280982971191406,3425880,0.0,0.0
2011-05-19 00:00:00-04:00,38.26542111905844,38.576967742399106,37.494351961375614,37.93830108642578,4278120,0.0,0.0
2011-05-20 00:00:00-04:00,37.82925522495991,38.28878484778738,37.19837889690413,38.16416549682617,4290720,0.0,0.0
2011-05-23 00:00:00-04:00,37.25290018307914,37.95387467504759,36.808947532294745,37.05039596557617,4132920,0.0,0.0
2011-05-24 00:00:00-04:00,37.51771545410156,38.47571543329799,37.29184754037659,37.51771545410156,3737520,0.0,0.0
2011-05-25 00:00:00-04:00,37.315206019182405,38.71715492584179,37.25289812964389,38.56917190551758,3394080,0.0,0.0
2011-05-26 00:00:00-04:00,38.31215112480128,38.888506249453684,38.17974150790518,38.86513900756836,3129000,0.0,0.0
2011-05-27 00:00:00-04:00,38.94302294753939,39.80755731752322,38.94302294753939,39.52716827392578,2668320,0.0,0.0
2011-05-31 00:00:00-04:00,40.08015386700724,40.7110336367394,39.23119651518635,39.93217086791992,3301680,0.0,0.0
2011-06-01 00:00:00-04:00,39.91659199031851,40.337177294928566,38.732724488852256,38.911861419677734,4280760,0.0,0.0
2011-06-02 00:00:00-04:00,38.95081313618146,39.815347583534624,38.74052222599895,39.06764221191406,4185240,0.0,0.0
2011-06-03 00:00:00-04:00,38.327720511657425,39.88544258663827,38.288779866387515,39.13773727416992,3766560,0.0,0.0
2011-06-06 00:00:00-04:00,39.246798836168914,39.66738082899784,38.078507599773204,38.21870040893555,2972400,0.0,0.0
2011-06-07 00:00:00-04:00,38.7093678761962,39.0676418031796,38.21089406832385,38.34330368041992,2499600,0.0,0.0
2011-06-08 00:00:00-04:00,38.36667443728574,38.70158475038424,37.86041383252263,38.11743927001953,2762880,0.0,0.0
2011-06-09 00:00:00-04:00,38.35887831126657,38.91186614023303,38.3277208033373,38.90407943725586,2597760,0.0,0.0
2011-06-10 00:00:00-04:00,38.49129081313408,38.98197083931401,38.00839749123881,38.031761169433594,3378240,0.0,0.0
2011-06-13 00:00:00-04:00,38.22647525278308,38.45234313683299,36.24038095249886,36.72327423095703,3655800,0.0,0.0
2011-06-14 00:00:00-04:00,37.29963274256412,38.28099636139423,37.29963274256412,37.61117935180664,3779040,0.0,0.0
2011-06-15 00:00:00-04:00,37.112702695015294,37.2217450696401,35.86652704792091,36.178070068359375,4413840,0.0,0.0
2011-06-16 00:00:00-04:00,36.11576285352055,36.59086944479145,35.18892047855945,35.749698638916016,3685200,0.0,0.0
2011-06-17 00:00:00-04:00,36.18585645483755,36.26374131025536,35.38362996534359,35.71854019165039,2816880,0.0,0.0
2011-06-20 00:00:00-04:00,35.882107465073894,36.271538952009706,35.50825651772911,35.91326141357422,2952600,0.0,0.0
2011-06-21 00:00:00-04:00,36.25596268840275,37.626754275989946,36.25596268840275,37.51771545410156,2761080,0.0,0.0
2011-06-22 00:00:00-04:00,37.30741719474478,37.852618327893204,35.967776253782105,37.2451057434082,5330640,0.0,0.0
2011-06-23 00:00:00-04:00,36.544121060310474,37.13605650695086,35.84314684381854,37.08153533935547,3990840,0.0,0.0
2011-06-24 00:00:00-04:00,37.0426065550378,37.36193986193857,36.34942231629131,36.50519561767578,4469760,0.0,0.0
2011-06-27 00:00:00-04:00,36.3494175309092,36.9491398490763,36.115759392263826,36.70769500732422,2467680,0.0,0.0
2011-06-28 00:00:00-04:00,36.95693138538764,37.82146581496666,36.894619931695004,37.34635925292969,2543640,0.0,0.0
2011-06-29 00:00:00-04:00,37.38530956101684,38.195326503020716,37.019245309254615,37.40088653564453,2880120,0.0,0.0
2011-06-30 00:00:00-04:00,37.5800109624024,38.23425437405508,37.432027970244015,37.759151458740234,2934720,0.0,0.0
2011-07-01 00:00:00-04:00,37.70464097259055,37.8136797894426,37.17501673148476,37.65011978149414,3479760,0.0,0.0
2011-07-05 00:00:00-04:00,37.74357557590746,37.938293065664226,37.36193443007408,37.67348098754883,3171720,0.0,0.0
2011-07-06 00:00:00-04:00,37.665695441651685,38.20310993360229,37.22174635479807,38.12522506713867,3148800,0.0,0.0
2011-07-07 00:00:00-04:00,38.6548472121249,39.71409916579998,38.6548472121249,39.64400100708008,4566240,0.0,0.0
2011-07-08 00:00:00-04:00,38.82619428530982,39.65178445365815,38.73272889291368,39.13773727416992,3034200,0.0,0.0
2011-07-11 00:00:00-04:00,38.39003345842939,38.64705527552404,37.67348206037656,37.96944808959961,2958720,0.0,0.0
2011-07-12 00:00:00-04:00,37.720216045591286,38.195322636999386,37.416459723085175,37.43982696533203,3522600,0.0,0.0
2011-07-13 00:00:00-04:00,37.798095592035686,38.45233906413824,37.74357441135878,37.9538688659668,3716280,0.0,0.0
2011-07-14 00:00:00-04:00,39.33245507933547,40.19698954363842,39.05985627417521,39.63621139526367,8005560,0.0,0.0
2011-07-15 00:00:00-04:00,39.955554551713476,41.01480321921035,39.955554551713476,40.76557159423828,5299200,0.0,0.0
2011-07-18 00:00:00-04:00,41.09268266371586,42.27655044964803,40.134682771096394,41.7001953125,8035200,0.0,0.0
2011-07-19 00:00:00-04:00,42.019517410996244,42.61145297909545,41.47431631919063,42.12076950073242,3820320,0.0,0.0
2011-07-20 00:00:00-04:00,42.29213194072447,42.33107616042443,41.66904225222996,42.190879821777344,3212040,0.0,0.0
2011-07-21 00:00:00-04:00,42.432327244873555,42.85290911987906,42.276553935212426,42.39338302612305,4568040,0.0,0.0
2011-07-22 00:00:00-04:00,42.36222943883185,42.72050341916723,42.05847308680341,42.697139739990234,3971640,0.0,0.0
2011-07-25 00:00:00-04:00,41.926059267360245,42.798383943052286,41.80143992854412,42.276546478271484,2763120,0.0,0.0
2011-07-26 00:00:00-04:00,42.05846920194419,42.69713579613862,41.513268011847344,41.62230682373047,3697680,0.0,0.0
2011-07-27 00:00:00-04:00,41.45096333826015,41.79366393380654,40.56306502872528,41.20951843261719,5685600,0.0,0.0
2011-07-28 00:00:00-04:00,39.9633266532808,42.5491466015108,39.7530357638878,41.645668029785156,8129640,0.0,0.0
2011-07-29 00:00:00-04:00,41.27961281071325,42.44011343589085,40.67989038898481,41.74692916870117,7296120,0.0,0.0
2011-08-01 00:00:00-04:00,42.4868468388455,42.510214084245334,40.243730328763206,40.57085037231445,5488200,0.0,0.0
2011-08-02 00:00:00-04:00,40.08016555757372,40.648737612549965,38.81841278076172,38.81841278076172,5915520,0.0,0.0
2011-08-03 00:00:00-04:00,38.919659132182424,39.20783846930875,37.58001811506156,38.56917190551758,5381640,0.0,0.0
2011-08-04 00:00:00-04:00,37.72799552998165,37.821457341571175,33.37416328264803,33.96609878540039,11361840,0.0,0.0
2011-08-05 00:00:00-04:00,34.41784545072292,34.877371471785786,31.49711863999186,32.39280700683594,9325680,0.0,0.0
2011-08-08 00:00:00-04:00,30.971864113400336,31.697947997251205,28.621842074688573,28.8326416015625,11850120,0.08333,0.0
2011-08-09 00:00:00-04:00,29.72267978496772,30.67518117348396,27.911369448095485,30.565876007080078,8992320,0.0,0.0
2011-08-10 00:00:00-04:00,29.800760909700998,31.502770142913914,29.03563882086517,29.9491024017334,7152600,0.0,0.0
2011-08-11 00:00:00-04:00,30.69079910737796,32.18981773471646,29.988135130981917,31.77602767944336,6314160,0.0,0.0
2011-08-12 00:00:00-04:00,32.26788234686036,32.93151165435341,31.494955022921523,31.682329177856445,5104680,0.0,0.0
2011-08-15 00:00:00-04:00,32.07270083929354,33.181349184101485,32.064891795459786,33.07985305786133,4034040,0.0,0.0
2011-08-16 00:00:00-04:00,32.78316701494037,33.21257141567205,32.10392329771375,32.5567512512207,4824000,0.0,0.0
2011-08-17 00:00:00-04:00,32.87686588245254,33.618564334207484,32.72071714706187,33.118892669677734,4678920,0.0,0.0
2011-08-18 00:00:00-04:00,34.99265097487385,35.1566086980299,32.68166765325442,33.251609802246094,17690880,0.0,0.0
2011-08-19 00:00:00-04:00,32.478693320951116,34.27438785895759,32.408426204922314,32.564571380615234,7331760,0.0,0.0
2011-08-22 00:00:00-04:00,33.75910576597327,33.99332713213306,31.588655392608384,31.713571548461914,5204160,0.0,0.0
2011-08-23 00:00:00-04:00,31.97120639105067,32.90809156001919,31.307580587675734,32.86124801635742,5645640,0.0,0.0
2011-08-24 00:00:00-04:00,32.76756198058603,33.49364951860483,31.955596387364718,33.41557693481445,3825120,0.0,0.0
2011-08-25 00:00:00-04:00,33.47803343836707,34.05577767930184,32.79878948234432,33.438995361328125,4304280,0.0,0.0
2011-08-26 00:00:00-04:00,33.11888805007671,34.00892964196851,32.1663884023141,33.89181900024414,4572480,0.0,0.0
2011-08-29 00:00:00-04:00,34.508600609874385,35.03169575312217,34.1650777348926,34.91458511352539,3561840,0.0,0.0
2011-08-30 00:00:00-04:00,34.62571366179084,35.82024369847232,34.37587785150757,35.50794982910156,4623360,0.0,0.0
2011-08-31 00:00:00-04:00,35.91393746548143,36.4916853412758,35.25811700130972,35.64848709106445,4194720,0.0,0.0
2011-09-01 00:00:00-04:00,35.85927829661408,36.32772084223186,35.37521766380492,35.437679290771484,3848160,0.0,0.0
2011-09-02 00:00:00-04:00,34.32902909418792,35.25810509079691,33.985506247438785,34.96142578125,3551640,0.0,0.0
2011-09-06 00:00:00-04:00,33.29846796004583,34.14166262952445,32.814410768141265,34.07920455932617,4389360,0.0,0.0
2011-09-07 00:00:00-04:00,35.46110269015899,36.02323594341832,35.04731268804588,35.57040786743164,6858840,0.0,0.0
2011-09-08 00:00:00-04:00,35.32837943088804,35.82024560724567,34.18850549606703,34.274383544921875,5330160,0.0,0.0
2011-09-09 00:00:00-04:00,33.70443976966567,34.30561103962913,32.93151242757866,33.6654052734375,5613000,0.0,0.0
2011-09-12 00:00:00-04:00,33.09546903993502,34.14165580228819,32.66606453228806,33.75128936767578,4980000,0.0,0.0
2011-09-13 00:00:00-04:00,33.7356723069521,33.907435544816344,32.783176176080794,33.16573715209961,5294880,0.0,0.0
2011-09-14 00:00:00-04:00,33.29065327132206,33.61075618772965,32.509916804381625,33.16573715209961,6299160,0.0,0.0
2011-09-15 00:00:00-04:00,33.68103120015196,33.92305802494067,32.84564194793347,33.727874755859375,4046400,0.0,0.0
2011-09-16 00:00:00-04:00,33.92304846067309,34.11823524865762,33.18915557303491,33.634178161621094,4346040,0.0,0.0
2011-09-19 00:00:00-04:00,32.64264026895136,33.33749508079203,32.400609939655645,32.9393196105957,4296360,0.0,0.0
2011-09-20 00:00:00-04:00,33.064241213463404,33.282847997326634,31.362230487542504,31.51837921142578,4484160,0.0,0.0
2011-09-21 00:00:00-04:00,30.90160208616115,31.401273797172124,29.589961164306857,29.60557746887207,6209760,0.0,0.0
2011-09-22 00:00:00-04:00,28.996597844122423,29.176166555579357,26.669999344001805,27.060367584228516,10242480,0.0,0.0
2011-09-23 00:00:00-04:00,26.56850145878632,27.427312245516227,25.967333729378723,26.615345001220703,9211200,0.0,0.0
2011-09-26 00:00:00-04:00,27.099402011080844,29.12151196555604,26.326472841295697,29.020017623901367,6343440,0.0,0.0
2011-09-27 00:00:00-04:00,29.980328348306273,31.206087517679226,29.441618608510915,29.62118911743164,6223080,0.0,0.0
2011-09-28 00:00:00-04:00,30.54245678840604,30.550265833086755,27.77864645742537,27.80987548828125,6906480,0.0,0.0
2011-09-29 00:00:00-04:00,28.45789026690747,28.551579151928518,26.521659862017575,27.341434478759766,6025080,0.0,0.0
2011-09-30 00:00:00-04:00,26.748071999617682,27.5990755878539,26.32647472778784,26.490428924560547,5097000,0.0,0.0
2011-10-03 00:00:00-04:00,25.967337910139747,26.100063088705955,24.56981722557954,24.749387741088867,6780840,0.0,0.0
2011-10-04 00:00:00-04:00,24.054528182192325,26.896412976197013,23.85934494558257,26.880800247192383,8400000,0.0,0.0
2011-10-05 00:00:00-04:00,26.826146884068866,28.153400360166483,26.748072519486623,27.99725341796875,6058440,0.0,0.0
2011-10-06 00:00:00-04:00,28.16120394277367,29.183970658762057,27.474156414586158,28.81702423095703,6303240,0.0,0.0
2011-10-07 00:00:00-04:00,29.059056631524673,29.324506970038556,27.67715234751606,28.12217140197754,3717240,0.0,0.0
2011-10-10 00:00:00-04:00,29.066862108105127,29.824176788330078,28.988789535071618,29.824176788330078,4471320,0.0,0.0
2011-10-11 00:00:00-04:00,29.34793042211203,30.23797210168593,29.082480084577156,30.019365310668945,4818480,0.0,0.0
2011-10-12 00:00:00-04:00,30.40192222595215,30.995280883503373,30.33946059836805,30.40192222595215,5324280,0.0,0.0
2011-10-13 00:00:00-04:00,30.0896308348304,30.61272243766809,28.980980635582874,30.48780632019043,4109880,0.0,0.0
2011-10-14 00:00:00-04:00,31.362234266333907,32.59580254316926,31.229509085917936,32.338157653808594,6088440,0.0,0.0
2011-10-17 00:00:00-04:00,32.18201004288386,32.30692975622172,30.909410790003736,30.995288848876953,4129920,0.0,0.0
2011-10-18 00:00:00-04:00,30.92502180038415,32.291315308640314,30.198937803693568,32.06489944458008,3809280,0.0,0.0
2011-10-19 00:00:00-04:00,32.14297051099026,32.53333695953076,31.409077584928735,31.58083724975586,3470160,0.0,0.0
2011-10-20 00:00:00-04:00,31.49495410057756,31.783824367942323,30.49560743385972,31.541797637939453,3548040,0.0,0.0
2011-10-21 00:00:00-04:00,32.18981983877715,32.75194962706361,31.744797146944176,32.369388580322266,3650400,0.0,0.0
2011-10-24 00:00:00-04:00,32.58799044367734,33.54049017960404,32.369383653961904,33.46241760253906,3306600,0.0,0.0
2011-10-25 00:00:00-04:00,33.04081445378017,33.04081445378017,31.619872283263614,31.822864532470703,4099200,0.0,0.0
2011-10-26 00:00:00-04:00,32.525536310282035,32.9080973450043,31.323200608602367,32.010250091552734,6867000,0.0,0.0
2011-10-27 00:00:00-04:00,33.57171075040738,35.648472942396154,32.68947834312719,35.3127555847168,6887400,0.0,0.0
2011-10-28 00:00:00-04:00,34.92239753753432,36.61659566680127,34.516412994587355,36.49948501586914,5997600,0.0,0.0
2011-10-31 00:00:00-04:00,35.39865498178295,35.51576566371383,33.38434982299805,33.38434982299805,5558760,0.0,0.0
2011-11-01 00:00:00-04:00,32.338155062564915,32.47868927712503,31.11239592935425,31.939979553222656,5651520,0.0,0.0
2011-11-02 00:00:00-04:00,32.8612540990556,33.76691040655546,32.62703276345853,33.579532623291016,4257960,0.0,0.0
2011-11-03 00:00:00-04:00,34.50079820893144,35.08635145900179,33.649794628687,34.54764175415039,4629480,0.0,0.0
2011-11-04 00:00:00-04:00,34.9145834268579,35.476716614126566,33.891816747263135,35.00827407836914,3729240,0.0,0.0
2011-11-07 00:00:00-05:00,34.43053721555388,35.36742258196351,33.626377037790014,34.44615173339844,2281440,0.0,0.0
2011-11-08 00:00:00-05:00,34.75542583084104,35.397447253282984,34.43441332757563,35.31915283203125,3013440,0.10417,0.0
2011-11-09 00:00:00-05:00,33.83153194415712,34.06641877953553,32.7275645346963,32.813690185546875,3730680,0.0,0.0
2011-11-10 00:00:00-05:00,33.58880783694849,33.980286978461955,32.3830562386287,32.876319885253906,3652560,0.0,0.0
2011-11-11 00:00:00-05:00,33.62013143503925,33.90982612176443,33.361754511621385,33.58098602294922,2680800,0.0,0.0
2011-11-14 00:00:00-05:00,33.424381733500645,33.75322171534973,32.555301566539214,32.80584716796875,2178960,0.0,0.0
2011-11-15 00:00:00-05:00,32.54747820971239,33.10337740538107,32.32042265952731,32.688411712646484,2866800,0.0,0.0
2011-11-16 00:00:00-05:00,32.17949190465741,32.85283454891066,31.208626933344224,31.31041145324707,4186920,0.0,0.0
2011-11-17 00:00:00-05:00,31.153818318553355,31.161649551016318,29.49395186112575,29.814964294433594,5908440,0.0,0.0
2011-11-18 00:00:00-05:00,30.237763764677112,30.99723209290042,29.85411398400772,29.963727951049805,4347600,0.0,0.0
2011-11-21 00:00:00-05:00,29.071156194407944,29.713179257761436,28.358664584427398,29.47829246520996,3664920,0.0,0.0
2011-11-22 00:00:00-05:00,29.51744149037323,29.799304924920182,28.85975775370499,29.09464454650879,2535360,0.0,0.0
2011-11-23 00:00:00-05:00,28.523084869539133,28.765801089226443,27.70098114013672,27.70098114013672,3185760,0.0,0.0
2011-11-25 00:00:00-05:00,27.599196385742367,28.186413330119862,27.54439030722095,27.63051414489746,1154760,0.0,0.0
2011-11-28 00:00:00-05:00,29.05549803600613,29.697522946958802,28.883248542850637,29.243408203125,3156360,0.0,0.0
2011-11-29 00:00:00-05:00,29.40782388558038,30.018530941949006,29.094642709643747,29.353017807006836,2480760,0.0,0.0
2011-11-30 00:00:00-05:00,31.21644942322621,32.664918992268525,31.00505276979446,32.6022834777832,4913040,0.0,0.0
2011-12-01 00:00:00-05:00,31.48265959871922,32.602289333731335,31.357388547247677,32.030731201171875,3138840,0.0,0.0
2011-12-02 00:00:00-05:00,32.47701993252032,32.76671466187094,31.75670051819981,31.881975173950195,3001800,0.0,0.0
2011-12-05 00:00:00-05:00,32.586630105574024,32.84500343852908,31.71754606684031,32.02289962768555,2587440,0.0,0.0
2011-12-06 00:00:00-05:00,32.05422445321079,32.343915580141214,31.451344914678298,31.944608688354492,2102520,0.0,0.0
2011-12-07 00:00:00-05:00,31.6940604630263,31.741037108200867,31.020717796592653,31.47483253479004,3953640,0.0,0.0
2011-12-08 00:00:00-05:00,31.177308497693616,31.255602902048157,30.03419227367689,30.135976791381836,3218280,0.0,0.0
2011-12-09 00:00:00-05:00,30.112492182278306,31.404369802754346,30.104664532456084,31.22429084777832,2621880,0.0,0.0
2011-12-12 00:00:00-05:00,30.56660304093735,30.56660304093735,29.055497658777984,29.74449920654297,2786400,0.0,0.0
2011-12-13 00:00:00-05:00,29.916746340665274,30.48830440425336,28.773630213489103,29.032005310058594,2532240,0.0,0.0
2011-12-14 00:00:00-05:00,28.6092163708485,29.4939558006705,28.32735110198616,28.92239761352539,3417120,0.0,0.0
2011-12-15 00:00:00-05:00,29.540932359509608,29.674032855930083,28.468281026738225,28.538747787475586,3394440,0.0,0.0
2011-12-16 00:00:00-05:00,28.84409827518025,29.172938344653442,28.115947798947968,28.436960220336914,4566720,0.0,0.0
2011-12-19 00:00:00-05:00,29.078987202616794,29.078987202616794,27.36431280771891,27.48175621032715,2977320,0.0,0.0
2011-12-20 00:00:00-05:00,28.22556588537053,28.81278290390051,28.115950130397867,28.452621459960938,3451680,0.0,0.0
2011-12-21 00:00:00-05:00,28.4682788473498,28.7344834038998,27.83408521744091,28.272541046142578,4763880,0.0,0.0
2011-12-22 00:00:00-05:00,28.476109691354747,30.143805660245278,28.303860202756624,30.04985237121582,5078640,0.0,0.0
2011-12-23 00:00:00-05:00,30.081168052598084,30.27690584990845,29.37650768137519,29.791473388671875,1721400,0.0,0.0
2011-12-27 00:00:00-05:00,29.67402920791068,29.932406104154285,29.227745751585793,29.313871383666992,1515480,0.0,0.0
2011-12-28 00:00:00-05:00,29.345189457998163,29.572246804616295,28.67967629831826,28.75014305114746,2776320,0.0,0.0
2011-12-29 00:00:00-05:00,28.91456698749132,28.938055310923176,28.139441561974785,28.303861618041992,2874120,0.0,0.0
2011-12-30 00:00:00-05:00,28.28037267370898,28.945884116554538,28.233394235832478,28.734485626220703,1852920,0.0,0.0
2012-01-03 00:00:00-05:00,29.807138616069672,30.856299893019337,29.807138616069672,30.6449031829834,3625080,0.0,0.0
2012-01-04 00:00:00-05:00,30.32388464931262,30.934588125202,29.948064368697757,30.824975967407227,2609880,0.0,0.0
2012-01-05 00:00:00-05:00,30.43349845308273,30.801487521713643,30.096827145515554,30.245588302612305,2643240,0.0,0.0
2012-01-06 00:00:00-05:00,30.370865404450623,30.410014401012713,29.462635923281276,30.1986141204834,2802120,0.0,0.0
2012-01-09 00:00:00-05:00,30.24558342631987,30.30039129138911,29.376503152609143,29.509605407714844,2672880,0.0,0.0
2012-01-10 00:00:00-05:00,30.621409886629866,30.676217762831932,28.930225629709245,29.133792877197266,6722760,0.0,0.0
2012-01-11 00:00:00-05:00,29.000691003529937,29.125963846842446,27.48175621032715,28.186416625976562,7755120,0.0,0.0
2012-01-12 00:00:00-05:00,28.249052452997947,28.765802680388468,27.520903753658942,28.585721969604492,7018920,0.0,0.0
2012-01-13 00:00:00-05:00,28.03765863780366,28.155102053720686,26.182052307905753,26.878883361816406,9135960,0.0,0.0
2012-01-17 00:00:00-05:00,27.567881502645378,27.607028705673333,25.74359316883735,26.127241134643555,7165200,0.0,0.0
2012-01-18 00:00:00-05:00,25.994140314883744,26.808412879809143,25.45389995972487,26.75360679626465,4775880,0.0,0.0
2012-01-19 00:00:00-05:00,26.86322000577609,27.098106798500346,26.13507130673969,26.40910530090332,4847640,0.0,0.0
2012-01-20 00:00:00-05:00,26.268172354807486,26.307321349130202,25.798398759287302,25.853206634521484,7360320,0.0,0.0
2012-01-23 00:00:00-05:00,26.831898718719177,27.59919636165664,26.54220586269958,26.737943649291992,7897560,0.0,0.0
2012-01-24 00:00:00-05:00,26.205535772661356,27.223379119190128,25.837546709973655,27.160741806030273,5033880,0.0,0.0
2012-01-25 00:00:00-05:00,26.839733847037806,28.23339404303252,26.76143764580775,28.084632873535156,7028880,0.0,0.0
2012-01-26 00:00:00-05:00,28.515261808406322,28.797125290435357,27.787112986461047,28.29603385925293,9613200,0.0,0.0
2012-01-27 00:00:00-05:00,28.17075514367628,28.734481990513913,27.888889928213526,28.546573638916016,5223960,0.0,0.0
2012-01-30 00:00:00-05:00,28.09246257076042,28.585724521308574,27.66183794017663,28.35083770751953,3928320,0.0,0.0
2012-01-31 00:00:00-05:00,28.624868193055253,28.64052707212219,27.560046496065233,27.98284339904785,4692720,0.0,0.0
2012-02-01 00:00:00-05:00,28.53091577748136,28.68750637474374,27.904551596387833,28.068971633911133,3698280,0.0,0.0
2012-02-02 00:00:00-05:00,28.1394394551358,29.84628258534261,28.084631579187466,29.64271354675293,6836040,0.0,0.0
2012-02-03 00:00:00-05:00,29.960867697440456,30.18082187239756,29.23030677217769,29.591659545898438,4205760,0.10417,0.0
2012-02-06 00:00:00-05:00,29.324567950413787,29.63093122756356,28.80610411542273,29.355989456176758,3952680,0.0,0.0
2012-02-07 00:00:00-05:00,29.3402806144873,29.40312542808729,28.664707408694923,28.861095428466797,3791280,0.0,0.0
2012-02-08 00:00:00-05:00,28.92393809829327,29.17531555170742,28.31906688826524,28.468320846557617,5662800,0.0,0.0
2012-02-09 00:00:00-05:00,28.65684986060064,29.37955707133335,28.42118497392139,29.29314613342285,5969160,0.0,0.0
2012-02-10 00:00:00-05:00,28.75896943573734,29.081045236635433,28.177662638156995,28.3033504486084,5196600,0.0,0.0
2012-02-13 00:00:00-05:00,28.570442721677,28.63328753887207,27.88701409983619,28.154102325439453,3253440,0.0,0.0
2012-02-14 00:00:00-05:00,28.028414489029945,28.209089967252083,27.698483244212245,28.154102325439453,3978840,0.0,0.0
2012-02-15 00:00:00-05:00,28.389761541852042,29.128177657207114,28.106964416220823,28.963212966918945,5861040,0.0,0.0
2012-02-16 00:00:00-05:00,29.018204008747134,29.44240154503821,28.617574400679274,29.395267486572266,4247040,0.0,0.0
2012-02-17 00:00:00-05:00,29.591656694645774,29.654499711160828,28.923938856289986,29.269580841064453,3337440,0.0,0.0
2012-02-21 00:00:00-05:00,29.46596660238427,29.819463937095342,29.206735583192234,29.371700286865234,3515040,0.0,0.0
2012-02-22 00:00:00-05:00,29.238155236883255,29.61522047507338,27.989132478814476,28.09910774230957,6085200,0.0,0.0
2012-02-23 00:00:00-05:00,28.051977526699197,28.09910978591066,27.572792366127587,27.78489112854004,4894920,0.0,0.0
2012-02-24 00:00:00-05:00,27.887011577715814,28.60186344249279,27.48638197251509,28.539018630981445,4045680,0.0,0.0
2012-02-27 00:00:00-05:00,28.342631429946998,28.680416211888062,28.083400412187384,28.53116226196289,3593760,0.0,0.0
2012-02-28 00:00:00-05:00,28.578296240428408,28.837527257480275,28.28764191980934,28.515451431274414,2694120,0.0,0.0
2012-02-29 00:00:00-05:00,28.405481772559252,28.868956292771173,27.89487498167393,28.138395309448242,5584080,0.0,0.0
2012-03-01 00:00:00-05:00,28.232657152560197,28.366200362848165,27.517807039972457,27.698482513427734,4771440,0.0,0.0
2012-03-02 00:00:00-05:00,27.66705966576101,27.682770419389822,26.6222783676203,26.65369987487793,4989960,0.0,0.0
2012-03-05 00:00:00-05:00,27.07004136066083,27.07004136066083,25.648194819081695,26.198081970214844,6888360,0.0,0.0
2012-03-06 00:00:00-05:00,24.68196804437717,26.009548211177613,23.448655988877317,25.84458351135254,10967040,0.0,0.0
2012-03-07 00:00:00-05:00,26.05668151542465,26.135237079343433,25.640341162010134,25.883859634399414,3639600,0.0,0.0
2012-03-08 00:00:00-05:00,26.135236029611093,26.213789792394284,25.49893976318499,25.84458351135254,4039560,0.0,0.0
2012-03-09 00:00:00-05:00,26.001694021085765,26.692979798778083,25.76602910972861,26.21379280090332,2805120,0.0,0.0
2012-03-12 00:00:00-04:00,26.14309490573906,26.38661519892845,25.326123077560926,25.46752166748047,3020760,0.0,0.0
2012-03-13 00:00:00-04:00,25.789600511593395,26.04883158939335,25.3968262057747,25.64034652709961,6753840,0.0,0.0
2012-03-14 00:00:00-04:00,25.758172706579987,25.79744958817327,24.846934669772715,24.917633056640625,5506200,0.0,0.0
2012-03-15 00:00:00-04:00,25.137592073389026,25.773886623213517,24.66626224448774,25.436100006103516,6049440,0.0,0.0
2012-03-16 00:00:00-04:00,25.61677084772823,26.952206320032918,25.538217089108155,26.747962951660156,8269560,0.0,0.0
2012-03-19 00:00:00-04:00,26.645843350996657,27.926289494409147,26.622277221567924,27.423538208007812,6774480,0.0,0.0
2012-03-20 00:00:00-04:00,26.991487494525302,27.203586272511565,26.496591544544405,27.140743255615234,5471520,0.0,0.0
2012-03-21 00:00:00-04:00,27.14074192224596,27.486382094156333,26.865798342890212,27.085752487182617,3891600,0.0,0.0
2012-03-22 00:00:00-04:00,26.59871254320152,26.677266312249373,25.428243404583267,25.876007080078125,11423280,0.0,0.0
2012-03-23 00:00:00-04:00,25.75817636857837,26.7793898190311,25.69533155111418,26.520158767700195,6002880,0.0,0.0
2012-03-26 00:00:00-04:00,26.85794144896241,26.865796825244782,26.166657548231242,26.504444122314453,3935880,0.0,0.0
2012-03-27 00:00:00-04:00,26.55157841824732,26.90507574809398,26.386611918863974,26.70083236694336,4643880,0.0,0.0
2012-03-28 00:00:00-04:00,26.496589688591545,26.70868665374091,25.585351623577807,26.182369232177734,6377760,0.0,0.0
2012-03-29 00:00:00-04:00,25.852437664885876,26.70868628413744,25.656051455577792,26.598711013793945,5332080,0.0,0.0
2012-03-30 00:00:00-04:00,26.88151123230515,26.991488313189958,26.363049135262926,26.787246704101562,6684360,0.0,0.0
2012-04-02 00:00:00-04:00,26.708686996738,27.564937436815153,26.653699360099157,27.384260177612305,5372640,0.0,0.0
2012-04-03 00:00:00-04:00,27.376403808502463,27.376403808502463,26.559430335011406,26.747962951660156,3519480,0.0,0.0
2012-04-04 00:00:00-04:00,26.410178767976177,26.7479653543254,26.23735688752753,26.677265167236328,4170960,0.0,0.0
2012-04-05 00:00:00-04:00,26.55158233642578,27.125032086772723,26.433749875755193,26.55158233642578,4721760,0.0,0.0
2012-04-09 00:00:00-04:00,25.985981835027236,26.543720737401244,25.946703156029084,26.473020553588867,4976760,0.0,0.0
2012-04-10 00:00:00-04:00,26.496585766056604,26.72439524858529,25.97026662442888,26.48087501525879,6953160,0.0,0.0
2012-04-11 00:00:00-04:00,26.85794144896241,26.98362926746077,26.40232243266321,26.504444122314453,6491760,0.0,0.0
2012-04-12 00:00:00-04:00,26.606569367373893,27.643495357033988,26.551581726049335,27.2978515625,6041160,0.0,0.0
2012-04-13 00:00:00-04:00,26.567286866011916,26.889362684298845,26.3080558553338,26.473020553588867,8479080,0.0,0.0
2012-04-16 00:00:00-04:00,26.70868411648736,26.86579522875935,26.284488428505636,26.716541290283203,7127640,0.0,0.0
2012-04-17 00:00:00-04:00,26.9050791492487,28.03626966896709,26.5908568634671,27.61207389831543,5346000,0.0,0.0
2012-04-18 00:00:00-04:00,27.49424082729077,27.67491630021312,26.755822787316852,26.85794448852539,5633880,0.0,0.0
2012-04-19 00:00:00-04:00,26.89721779994711,27.808455814575414,26.795096112309764,27.05432891845703,5448720,0.0,0.0
2012-04-20 00:00:00-04:00,27.25857275089076,27.415680276074873,26.402322354794336,26.488733291625977,6109080,0.0,0.0
2012-04-23 00:00:00-04:00,25.577495840308654,26.496589267269712,25.459663395774683,26.268779754638672,4925640,0.0,0.0
2012-04-24 00:00:00-04:00,26.198080844146645,26.692976741721804,26.025258970021124,26.355188369750977,4118760,0.0,0.0
2012-04-25 00:00:00-04:00,26.677264057999928,27.14859382438141,26.11166977672644,27.132883071899414,4458600,0.0,0.0
2012-04-26 00:00:00-04:00,25.993843525403626,27.09361264287016,25.797455476649287,26.08810806274414,9012360,0.0,0.0
2012-04-27 00:00:00-04:00,25.868148553752675,26.04096862259781,25.349684751256664,25.67176055908203,6826680,0.0,0.0
2012-04-30 00:00:00-04:00,25.48323238181798,26.174516373642625,25.373257099372832,26.11167335510254,5790960,0.0,0.0
2012-05-01 00:00:00-04:00,26.260924481587324,26.83437595364097,26.064536473930747,26.779386520385742,5295120,0.0,0.0
2012-05-02 00:00:00-04:00,26.630135449980713,26.630135449980713,26.033117783946818,26.11167335510254,6627480,0.0,0.0
2012-05-03 00:00:00-04:00,26.13523894365423,26.787246035334864,26.04097261982346,26.34733772277832,5919840,0.0,0.0
2012-05-04 00:00:00-04:00,26.213797715334298,26.370908884347205,25.89957897327033,26.221654891967773,6366480,0.0,0.0
2012-05-07 00:00:00-04:00,26.05668625444066,27.01505675703395,26.04883087641814,26.535871505737305,6416160,0.0,0.0
2012-05-08 00:00:00-04:00,26.260926609257872,26.912931898815533,25.86815236010242,26.81081199645996,6187080,0.0,0.0
2012-05-09 00:00:00-04:00,26.31804297486038,28.068374478218026,26.01843590112956,27.69780731201172,8386560,0.10417,0.0
2012-05-10 00:00:00-04:00,27.957987263919904,28.060484358399574,27.059169781987926,27.264163970947266,3736800,0.0,0.0
2012-05-11 00:00:00-04:00,26.940903525259532,27.469155686340006,26.893596203411107,27.01186180114746,3146280,0.0,0.0
2012-05-14 00:00:00-04:00,26.735915097441293,27.34301172258171,26.42053950071515,26.436309814453125,4612800,0.0,0.0
2012-05-15 00:00:00-04:00,26.436305501959545,26.491495274973786,24.339061644800147,24.64655113220215,11104080,0.0,0.0
2012-05-16 00:00:00-04:00,24.630784659247695,25.03288702389185,23.94484373903998,24.134069442749023,9084000,0.0,0.0
2012-05-17 00:00:00-04:00,24.086762783049828,24.362717092333742,23.582163298607394,23.77138900756836,9345600,0.0,0.0
2012-05-18 00:00:00-04:00,23.82657623111218,24.03945467971311,22.880451396965757,23.148521423339844,6233040,0.0,0.0
2012-05-21 00:00:00-04:00,23.227363000047372,24.14983503627435,22.96717904228844,24.000032424926758,5297400,0.0,0.0
2012-05-22 00:00:00-04:00,24.023685805125737,24.26021701003947,23.03025546632403,23.534854888916016,10381560,0.0,0.0
2012-05-23 00:00:00-04:00,23.266786769224055,24.047340470562556,22.90410390254504,23.905420303344727,6000000,0.0,0.0
2012-05-24 00:00:00-04:00,23.984263035530336,24.023684299014572,23.156403870233067,23.314090728759766,5676000,0.0,0.0
2012-05-25 00:00:00-04:00,23.385052264161164,23.72408056501128,23.030255456935212,23.32986068725586,2735880,0.0,0.0
2012-05-29 00:00:00-04:00,23.85022626329705,24.441554217008377,23.37716390032799,23.755615234375,4223280,0.0,0.0
2012-05-30 00:00:00-04:00,23.400825051191937,23.400825051191937,22.63603971993444,22.738536834716797,5613600,0.0,0.0
2012-05-31 00:00:00-04:00,22.722768046657073,22.77795963298126,21.918563256706236,22.139324188232422,6992760,0.0,0.0
2012-06-01 00:00:00-04:00,21.39819096987802,22.793725516637668,21.216849527315926,22.19451141357422,9202320,0.0,0.0
2012-06-04 00:00:00-04:00,22.34431575739399,22.61238398882384,21.68991188142056,22.23393440246582,4433520,0.0,0.0
2012-06-05 00:00:00-04:00,22.233934131071138,22.7069965593918,21.800294774837166,22.005287170410156,4973400,0.0,0.0
2012-06-06 00:00:00-04:00,22.304894569999917,22.770072752179956,22.155091946552606,22.60449981689453,4233960,0.0,0.0
2012-06-07 00:00:00-04:00,22.982950571687294,23.392937162536278,22.32066245809671,22.39162254333496,2769720,0.0,0.0
2012-06-08 00:00:00-04:00,22.233934318937624,22.344315673451113,21.792408900883668,22.273357391357422,3367800,0.0,0.0
2012-06-11 00:00:00-04:00,22.44681344579103,22.549308745214258,21.4691515376493,21.500688552856445,4540080,0.0,0.0
2012-06-12 00:00:00-04:00,21.650488608181487,21.87125129759086,20.964547781357332,21.453378677368164,5984280,0.0,0.0
2012-06-13 00:00:00-04:00,21.248383005669755,21.658371344315704,21.043390640936458,21.130117416381836,3645720,0.0,0.0
2012-06-14 00:00:00-04:00,21.18531093992533,21.760870434790835,20.862051151517882,21.745101928710938,5363880,0.0,0.0
2012-06-15 00:00:00-04:00,21.808175342984985,22.170856386446808,21.64260422918777,22.1077823638916,4904520,0.0,0.0
2012-06-18 00:00:00-04:00,21.902791514030717,22.194512521915,21.540110415385087,22.02105712890625,3061080,0.0,0.0
2012-06-19 00:00:00-04:00,22.28124415807579,23.093335064870043,22.060483210858898,22.89622688293457,4477560,0.0,0.0
2012-06-20 00:00:00-04:00,22.91199237456206,23.32197899919689,22.69122965183943,23.069679260253906,3781080,0.0,0.0
2012-06-21 00:00:00-04:00,22.975061108402723,23.02236662182347,22.005283646560162,22.131433486938477,4086480,0.0,0.0
2012-06-22 00:00:00-04:00,22.194511867016548,22.541426251977704,21.90279086774014,22.281240463256836,6592920,0.0,0.0
2012-06-25 00:00:00-04:00,21.839712490648786,21.950095639989318,21.406073169104335,21.555875778198242,2824320,0.0,0.0
2012-06-26 00:00:00-04:00,21.5479919663807,21.705680636160675,20.82262986008032,21.335113525390625,3307920,0.0,0.0
2012-06-27 00:00:00-04:00,21.461264225411146,22.683343343779956,21.461264225411146,22.533540725708008,4273680,0.0,0.0
2012-06-28 00:00:00-04:00,22.20240033324868,23.38505657536647,22.20240033324868,23.109102249145508,4625520,0.0,0.0
2012-06-29 00:00:00-04:00,23.605816874777513,23.881769367887767,23.180059949782237,23.842348098754883,5960160,0.0,0.0
2012-07-02 00:00:00-04:00,23.763501226129577,24.40213654563587,23.526970027332393,24.000032424926758,3324480,0.0,0.0
2012-07-03 00:00:00-04:00,24.228680925061877,24.96981158094765,24.134068078555405,24.59136199951172,3122400,0.0,0.0
2012-07-05 00:00:00-04:00,24.425788706880084,24.95404086245847,24.181371456486893,24.567707061767578,3967920,0.0,0.0
2012-07-06 00:00:00-04:00,24.236568953128764,24.875204413065283,24.03945897592511,24.488868713378906,4246920,0.0,0.0
2012-07-09 00:00:00-04:00,24.394254647444168,24.60713312357682,23.7083136930568,23.921192169189453,4254000,0.0,0.0
2012-07-10 00:00:00-04:00,24.149838180886153,24.954044722432318,23.164291992430698,23.377168655395508,5005200,0.0,0.0
2012-07-11 00:00:00-04:00,23.550621346609887,24.031567967790522,23.21159307511391,23.881765365600586,4305600,0.0,0.0
2012-07-12 00:00:00-04:00,23.613701699972868,24.43367861716139,23.219485359798774,24.197147369384766,4462920,0.0,0.0
2012-07-13 00:00:00-04:00,24.283872588239692,25.03288569562367,24.268102276609017,24.96192741394043,3777840,0.0,0.0
2012-07-16 00:00:00-04:00,24.827895094200628,24.875202423332375,23.897538674827242,24.015804290771484,5999880,0.0,0.0
2012-07-17 00:00:00-04:00,24.07099414999908,24.44944373299761,23.62946873420582,24.283872604370117,3519480,0.0,0.0
2012-07-18 00:00:00-04:00,24.283875974793585,24.812128252685948,23.810813479240334,24.197147369384766,3367800,0.0,0.0
2012-07-19 00:00:00-04:00,24.3390592292654,24.551937656087258,23.810807093053114,23.881765365600586,4000080,0.0,0.0
2012-07-20 00:00:00-04:00,23.897538469122154,24.37848518284951,23.708312763404145,24.362716674804688,4688880,0.0,0.0
2012-07-23 00:00:00-04:00,23.897539452505335,24.402140753654326,23.38505570159964,24.291757583618164,3023400,0.0,0.0
2012-07-24 00:00:00-04:00,24.331177838712804,24.520403530276493,23.13275327104926,23.235248565673828,4878480,0.0,0.0
2012-07-25 00:00:00-04:00,23.424478721680078,23.424478721680078,21.784528430871774,21.965869903564453,7177080,0.0,0.0
2012-07-26 00:00:00-04:00,22.73065152847495,23.124871460105847,21.855486672883803,22.43893051147461,4906800,0.0,0.0
2012-07-27 00:00:00-04:00,22.691225465346406,23.337745006122354,21.618950870376544,23.18794059753418,5827440,0.0,0.0
2012-07-30 00:00:00-04:00,23.219485320441148,23.64524048296328,22.61238688819868,23.251022338867188,3451920,0.0,0.0
2012-07-31 00:00:00-04:00,23.140634159263314,23.23524699866437,22.56507647913567,22.848913192749023,5278320,0.0,0.0
2012-08-01 00:00:00-04:00,22.943526160824195,23.59004392527595,22.312775097672926,23.42447280883789,4524000,0.0,0.0
2012-08-02 00:00:00-04:00,23.07756179934383,23.44812712616536,21.831831705313146,21.94221305847168,5055600,0.0,0.0
2012-08-03 00:00:00-04:00,22.462584546838887,23.361404020737016,21.942216517481167,22.96718406677246,4479840,0.0,0.0
2012-08-06 00:00:00-04:00,23.03814394789473,23.96849862733313,22.841033972759455,23.787158966064453,3587880,0.0,0.0
2012-08-07 00:00:00-04:00,23.98426752593922,24.441559681741282,23.834464892062854,24.24445152282715,3818640,0.0,0.0
2012-08-08 00:00:00-04:00,24.240491124262252,25.253809196040585,24.21674182169663,24.620487213134766,5211720,0.10417,0.0
2012-08-09 00:00:00-04:00,24.525488804501627,26.742123047950876,24.485904820612962,26.187965393066406,7244160,0.0,0.0
2012-08-10 00:00:00-04:00,25.90297253913057,26.259217580430267,25.570478616815635,26.02172088623047,5474640,0.0,0.0
2012-08-13 00:00:00-04:00,26.037552805827787,26.251300185185656,25.427978221257654,25.673391342163086,2494560,0.0,0.0
2012-08-14 00:00:00-04:00,25.887137171810465,25.95047046307011,25.01631483573621,25.13506317138672,4268040,0.0,0.0
2012-08-15 00:00:00-04:00,25.095480292833347,25.594222890172937,24.778815680238093,25.253808975219727,3317040,0.0,0.0
2012-08-16 00:00:00-04:00,25.32506316183998,25.73672505648828,25.08756647245241,25.491310119628906,2298240,0.0,0.0
2012-08-17 00:00:00-04:00,25.578392292818563,25.72089175362341,25.174648652420597,25.31714630126953,3230640,0.0,0.0
2012-08-20 00:00:00-04:00,25.40422743261328,26.275047958045207,25.23798048723414,26.17213249206543,3550560,0.0,0.0
2012-08-21 00:00:00-04:00,26.251294812117205,27.407112261591685,26.180045096262543,26.48087501525879,4182000,0.0,0.0
2012-08-22 00:00:00-04:00,26.385880510267075,27.035037249913593,26.203798878587726,26.750041961669922,3361320,0.0,0.0
2012-08-23 00:00:00-04:00,26.65504507902764,26.852959596917096,26.069221585030373,26.11672019958496,2566800,0.0,0.0
2012-08-24 00:00:00-04:00,26.085053342200958,26.28296967733941,25.863391323062167,26.029638290405273,2879040,0.0,0.0
2012-08-27 00:00:00-04:00,26.148380362603625,26.19588077897771,25.40422468831389,25.499223709106445,3449640,0.0,0.0
2012-08-28 00:00:00-04:00,25.538806430489814,25.752553778896054,24.7946507401439,25.02423095703125,5684760,0.0,0.0
2012-08-29 00:00:00-04:00,24.960897412995088,25.10339503980693,24.43048907654112,24.945064544677734,3682080,0.0,0.0
2012-08-30 00:00:00-04:00,24.660069538576277,24.73923751068601,24.05841324444707,24.311742782592773,4961400,0.0,0.0
2012-08-31 00:00:00-04:00,24.596737923990325,24.6838205184825,23.80508176269627,23.90799903869629,3549720,0.0,0.0
2012-09-04 00:00:00-04:00,23.84467146839704,23.84467146839704,22.49885549016694,22.823434829711914,6390720,0.0,0.0
2012-09-05 00:00:00-04:00,22.85509890618168,23.08467917689253,22.617602199374325,22.902599334716797,3962520,0.0,0.0
2012-09-06 00:00:00-04:00,23.06884102917287,23.345921665054306,22.625515273282765,23.09259033203125,4507920,0.0,0.0
2012-09-07 00:00:00-04:00,23.464676212359073,24.857990759587015,23.40134290932319,24.70757484436035,5734680,0.0,0.0
2012-09-10 00:00:00-04:00,24.56507298237076,25.46755925982779,24.477990385051523,24.549240112304688,4861920,0.0,0.0
2012-09-11 00:00:00-04:00,24.667984109950137,25.198392411672906,24.572985094310912,24.715482711791992,4050840,0.0,0.0
2012-09-12 00:00:00-04:00,24.857986103426132,25.103397397348154,24.287993730693312,24.778818130493164,3256920,0.0,0.0
2012-09-13 00:00:00-04:00,24.755067690683457,26.02963358299807,24.367156962398393,25.728803634643555,4901880,0.0,0.0
2012-09-14 00:00:00-04:00,26.061302033684758,26.57587939206611,25.720891689159437,25.98213768005371,4222920,0.0,0.0
2012-09-17 00:00:00-04:00,25.855470579967978,26.164216967265403,25.31714396384943,25.4833927154541,2682240,0.0,0.0
2012-09-18 00:00:00-04:00,25.38839086905462,25.72880114521218,24.77089997496935,25.182559967041016,3573480,0.0,0.0
2012-09-19 00:00:00-04:00,25.253816056053566,25.253816056053566,24.794657312524194,25.00048828125,3137760,0.0,0.0
2012-09-20 00:00:00-04:00,24.723407717130286,24.842156074860938,24.153415237631933,24.70757484436035,3622800,0.0,0.0
2012-09-21 00:00:00-04:00,24.865898550748685,25.11922988131941,24.430489233359612,24.65215301513672,3035280,0.0,0.0
2012-09-24 00:00:00-04:00,24.169247701030713,24.382995087692198,23.52800554104627,23.852584838867188,3742920,0.0,0.0
2012-09-25 00:00:00-04:00,23.947576144118713,24.050493406123568,23.06092288608342,23.14008903503418,3509160,0.0,0.0
2012-09-26 00:00:00-04:00,23.03717261849511,23.65466348092966,22.570095801996633,23.132171630859375,6599040,0.0,0.0
2012-09-27 00:00:00-04:00,23.43300653040207,24.050497524480384,23.361756802950183,23.900081634521484,4381440,0.0,0.0
2012-09-28 00:00:00-04:00,23.757581870816562,24.074244680621362,23.448835495360207,23.789249420166016,2701800,0.0,0.0
2012-10-01 00:00:00-04:00,23.94758083332666,24.86590181793324,23.85258361033085,24.105913162231445,5391120,0.0,0.0
2012-10-02 00:00:00-04:00,24.169245862262976,24.319659940266035,23.678417829066536,23.900081634521484,3002640,0.0,0.0
2012-10-03 00:00:00-04:00,23.923831834581694,24.090080600869527,23.345924806117615,23.52008819580078,3321720,0.0,0.0
2012-10-04 00:00:00-04:00,23.710083321248515,25.000483965203355,23.710083321248515,24.842151641845703,5016960,0.0,0.0
2012-10-05 00:00:00-04:00,25.040070904024184,25.142986390199937,24.6442436442342,24.81840705871582,3613680,0.0,0.0
2012-10-08 00:00:00-04:00,24.65215526885124,25.760472467104133,24.565072672630023,25.119232177734375,3400200,0.0,0.0
2012-10-09 00:00:00-04:00,25.06381637256645,26.49671289905265,25.06381637256645,26.21171760559082,5381760,0.0,0.0
2012-10-10 00:00:00-04:00,26.061303034900146,26.631295462721027,25.83964102426156,26.005887985229492,3881760,0.0,0.0
2012-10-11 00:00:00-04:00,26.314633421377373,28.254189078121847,26.259216561837178,28.087942123413086,8379600,0.0,0.0
2012-10-12 00:00:00-04:00,27.232951768885147,28.08793938922039,27.232951768885147,27.818775177001953,4541640,0.0,0.0
2012-10-15 00:00:00-04:00,26.947954875733945,27.707945286195862,26.64712492301958,27.201284408569336,7808280,0.0,0.0
2012-10-16 00:00:00-04:00,27.312120102371168,27.715863761710775,27.10628914884619,27.54170036315918,4391040,0.0,0.0
2012-10-17 00:00:00-04:00,27.707945698770505,28.396684583691485,27.351700698174504,28.365018844604492,5724600,0.0,0.0
2012-10-18 00:00:00-04:00,28.262106789359507,28.816264538042955,28.222522798770694,28.562936782836914,3903360,0.0,0.0
2012-10-19 00:00:00-04:00,28.404599635892737,28.689596709671005,27.802941562746202,27.874191284179688,4006200,0.0,0.0
2012-10-22 00:00:00-04:00,28.3887688684741,29.600001538809785,28.372935998529297,28.974594116210938,6593400,0.0,0.0
2012-10-23 00:00:00-04:00,28.404604291338043,28.816264382769152,27.99294419990693,28.175024032592773,4652520,0.0,0.0
2012-10-24 00:00:00-04:00,28.32543984419753,28.776683924565592,27.343785514918732,27.415035247802734,3978120,0.0,0.0
2012-10-25 00:00:00-04:00,27.557529500017818,27.890025192507856,26.718374740089107,27.248783111572266,5612040,0.0,0.0
2012-10-26 00:00:00-04:00,27.31211909126824,28.1750232402389,27.280453349423134,27.858362197875977,4757760,0.0,0.0
2012-10-31 00:00:00-04:00,27.834613800048828,28.460021322395704,27.731700128993605,27.834613800048828,3612000,0.0,0.0
2012-11-01 00:00:00-04:00,27.82669738596157,29.14084383600979,27.73169834529558,28.91918182373047,2786880,0.0,0.0
2012-11-02 00:00:00-04:00,29.037930111205558,29.512923501592027,27.71586360426803,27.86627769470215,3340680,0.0,0.0
2012-11-05 00:00:00-05:00,27.676284105732176,28.365024950877427,27.66045123278026,28.151277542114258,2284680,0.0,0.0
2012-11-06 00:00:00-05:00,28.325437986081447,28.45210276026707,28.008775144639458,28.159189224243164,3608160,0.0,0.0
2012-11-07 00:00:00-05:00,26.60604604519815,26.979436124314944,26.169101136450923,26.439212799072266,7139160,0.10417,0.0
2012-11-08 00:00:00-05:00,26.46304859075139,26.8284943538726,25.95460262786035,26.034046173095703,3601920,0.0,0.0
2012-11-09 00:00:00-05:00,25.84337553640937,26.95560134933952,25.660653594493517,26.17704200744629,2705880,0.0,0.0
2012-11-12 00:00:00-05:00,26.375656347013493,26.45509987916477,25.978431412873515,26.304155349731445,1480320,0.0,0.0
2012-11-13 00:00:00-05:00,26.081710322806295,26.50276650631424,25.827487378358867,26.097599029541016,2437320,0.0,0.0
2012-11-14 00:00:00-05:00,26.089655039659746,26.296210048434837,25.50970814403278,25.70832061767578,3308280,0.0,0.0
2012-11-15 00:00:00-05:00,25.62093167877398,26.13732376204971,24.619928563778892,24.73909568786621,4884840,0.0,0.0
2012-11-16 00:00:00-05:00,24.81059534296871,25.271375140645397,24.1670935880024,25.22370719909668,5549040,0.0,0.0
2012-11-19 00:00:00-05:00,25.660653231529665,26.478932509496108,25.660653231529665,26.065820693969727,2920200,0.0,0.0
2012-11-20 00:00:00-05:00,25.851318662247877,26.121430294870983,25.430260689324392,25.58915138244629,1943400,0.0,0.0
2012-11-21 00:00:00-05:00,25.605042179181666,25.716264946111927,25.12837369757939,25.644763946533203,1633560,0.0,0.0
2012-11-23 00:00:00-05:00,25.85926672813592,25.98637820987757,25.628876826539287,25.970489501953125,957480,0.0,0.0
2012-11-26 00:00:00-05:00,25.803655023732595,25.81954191255574,25.001262583270048,25.25548553466797,2204640,0.0,0.0
2012-11-27 00:00:00-05:00,25.239597657228938,25.430263967872378,24.89798498682464,24.97743034362793,2026440,0.0,0.0
2012-11-28 00:00:00-05:00,24.604035265847376,25.446151211638945,24.604035265847376,25.398483276367188,2515440,0.0,0.0
2012-11-29 00:00:00-05:00,25.48587346927453,25.85926351412921,24.92975966930701,25.38259506225586,2120040,0.0,0.0
2012-11-30 00:00:00-05:00,25.239595952097737,25.660653950859576,24.580203717373397,24.905927658081055,4032360,0.0,0.0
2012-12-03 00:00:00-05:00,25.263430651199325,25.422321364380956,24.683483730282262,25.040985107421875,2148720,0.0,0.0
2012-12-04 00:00:00-05:00,24.611986159756672,25.35876637830282,24.611986159756672,24.985374450683594,2082480,0.0,0.0
2012-12-05 00:00:00-05:00,25.0807079308589,26.463047374579716,25.0807079308589,26.20088005065918,4425720,0.0,0.0
2012-12-06 00:00:00-05:00,26.192933259048583,26.637824323904816,26.09759919967283,26.3438777923584,3303840,0.0,0.0
2012-12-07 00:00:00-05:00,26.486878940976386,26.621934772387412,26.034043506139064,26.248544692993164,1658400,0.0,0.0
2012-12-10 00:00:00-05:00,26.153210854750704,26.621935001033133,25.70832158814811,26.4312686920166,2186640,0.0,0.0
2012-12-11 00:00:00-05:00,26.693434000744087,27.185991171406936,26.35976571206561,26.876157760620117,3149280,0.0,0.0
2012-12-12 00:00:00-05:00,27.019159300411104,27.503772142359647,26.915880885485777,27.209827423095703,2298840,0.0,0.0
2012-12-13 00:00:00-05:00,27.146267885383143,27.33693416941844,26.772876033358045,26.860265731811523,1605840,0.0,0.0
2012-12-14 00:00:00-05:00,26.677548305256757,27.424328498715923,26.574269883889663,26.77288055419922,2965080,0.0,0.0
2012-12-17 00:00:00-05:00,26.9238257444831,27.098603344936592,26.478934662098187,26.749046325683594,2400840,0.0,0.0
2012-12-18 00:00:00-05:00,26.79671466958854,27.487882546415232,26.772879789687448,27.241605758666992,2806560,0.0,0.0
2012-12-19 00:00:00-05:00,27.428986575358064,28.122683291581605,27.125991117985386,27.13396453857422,2266320,0.10417,0.0
2012-12-20 00:00:00-05:00,27.12599139720933,27.197752183247516,26.52797572189607,26.84691619873047,2588520,0.0,0.0
2012-12-21 00:00:00-05:00,26.153219626020434,26.55987141095194,26.129299362200733,26.432294845581055,3527640,0.0,0.0
2012-12-24 00:00:00-05:00,26.520001560666543,26.535948401563054,25.86617013391584,26.049562454223633,724200,0.0,0.0
2012-12-26 00:00:00-05:00,26.177140243426905,26.424319939001514,25.82630425212761,25.96982765197754,1822920,0.0,0.0
2012-12-27 00:00:00-05:00,26.081457027077157,26.232955670767804,25.28410218001765,25.690753936767578,2377440,0.0,0.0
2012-12-28 00:00:00-05:00,25.515340383123135,25.6668372227575,25.180451191563535,25.323974609375,4605600,0.0,0.0
2012-12-31 00:00:00-05:00,25.220309894788187,25.674800262210354,25.18044279896133,25.59506607055664,3609000,0.0,0.0
2013-01-02 00:00:00-05:00,26.328637287559566,26.328637287559566,24.399040231536006,24.725955963134766,5181240,0.0,0.0
2013-01-03 00:00:00-05:00,24.717983163265735,25.738597563522784,24.550539482949766,25.459524154663086,3528840,0.0,0.0
2013-01-04 00:00:00-05:00,25.467495066986807,25.937934199853753,25.42762796250624,25.858198165893555,2763240,0.0,0.0
2013-01-07 00:00:00-05:00,25.563177568416787,25.674805459327807,25.180447896010474,25.33991813659668,2999880,0.0,0.0
2013-01-08 00:00:00-05:00,25.276130070044076,25.33991743451161,24.606351793141087,24.933265686035156,2693040,0.0,0.0
2013-01-09 00:00:00-05:00,24.93326401694805,25.11665632751349,24.327274970077806,24.582429885864258,3687840,0.0,0.0
2013-01-10 00:00:00-05:00,24.861504046870305,24.973133755852334,24.39903837037318,24.63824462890625,3129840,0.0,0.0
2013-01-11 00:00:00-05:00,24.630271116679157,24.7817679265182,23.745208693410227,24.07212257385254,6528600,0.0,0.0
2013-01-14 00:00:00-05:00,24.072124948184847,24.24754386108932,23.72926236841619,23.848865509033203,3063480,0.0,0.0
2013-01-15 00:00:00-05:00,23.68142324335435,24.43093581556847,23.458163790992867,24.3990421295166,6176760,0.0,0.0
2013-01-16 00:00:00-05:00,24.383094052972492,24.39904089519169,24.000362539715294,24.1518611907959,2865240,0.0,0.0
2013-01-17 00:00:00-05:00,24.3193067148058,24.646220630710406,24.104020694576544,24.391067504882812,3185400,0.0,0.0
2013-01-18 00:00:00-05:00,24.702036006948223,25.467495372141318,24.63027339302427,25.419654846191406,8850960,0.0,0.0
2013-01-22 00:00:00-05:00,25.339917860784634,26.217006911960645,25.156527359856465,26.105377197265625,3847320,0.0,0.0
2013-01-23 00:00:00-05:00,25.92996230684174,26.304718586038213,25.714676279963147,25.754545211791992,2445000,0.0,0.0
2013-01-24 00:00:00-05:00,25.754540831071026,26.304714111735475,25.427625135676923,25.650882720947266,2698320,0.0,0.0
2013-01-25 00:00:00-05:00,25.674807414671413,25.682782661057185,25.236263763410957,25.579126358032227,2114760,0.0,0.0
2013-01-28 00:00:00-05:00,25.555201332238543,25.658859448350967,24.64621862362634,24.805688858032227,2372040,0.0,0.0
2013-01-29 00:00:00-05:00,24.80568893298593,25.571150075444848,24.80568893298593,25.371810913085938,2981040,0.0,0.0
2013-01-30 00:00:00-05:00,25.37978528072107,25.634940221062074,24.741902492366155,24.837583541870117,2649720,0.0,0.0
2013-01-31 00:00:00-05:00,26.11334893849189,26.408369114522763,24.36714266617791,24.989078521728516,4517760,0.0,0.0
2013-02-01 00:00:00-05:00,25.188420977135177,25.276130429524432,24.359170627271688,25.06084442138672,4732080,0.0,0.0
2013-02-04 00:00:00-05:00,24.78974146076647,25.15652609416696,24.494721259986505,24.550535202026367,3151920,0.0,0.0
2013-02-05 00:00:00-05:00,24.66216817548448,24.869480780499646,24.41498846373531,24.710010528564453,2541360,0.0,0.0
2013-02-06 00:00:00-05:00,24.494723143851864,25.220315396168182,24.44688079342498,24.96516227722168,2296080,0.0,0.0
2013-02-07 00:00:00-05:00,24.909343756874,25.028946882243112,24.319303375051984,24.582429885864258,1926840,0.0,0.0
2013-02-08 00:00:00-05:00,24.65419270993896,25.427627291443628,24.582431923767782,25.300050735473633,2841720,0.0,0.0
2013-02-11 00:00:00-05:00,25.33194609255388,26.456214908536325,25.244236634215085,26.12929916381836,6943320,0.0,0.0
2013-02-12 00:00:00-05:00,26.272820231958192,26.631629629587355,25.85022347030552,26.113351821899414,3809640,0.0,0.0
2013-02-13 00:00:00-05:00,25.99374955069723,26.599736828996743,25.95388062186245,26.320663452148438,2034360,0.0,0.0
2013-02-14 00:00:00-05:00,26.280795173548714,27.31735442693575,26.264848332727244,27.205724716186523,4312320,0.0,0.0
2013-02-15 00:00:00-05:00,27.13396674086597,27.293436990584834,26.807050995193112,27.1738338470459,5358360,0.0,0.0
2013-02-19 00:00:00-05:00,27.173831983114162,27.508721127051988,26.91867887106601,27.41303825378418,2833560,0.0,0.0
2013-02-20 00:00:00-05:00,27.301407161002007,27.301407161002007,26.217005577036915,26.27281951904297,2559840,0.0,0.0
2013-02-21 00:00:00-05:00,26.065506180727905,26.55189206995234,25.945903063295688,26.04158592224121,2744520,0.0,0.0
2013-02-22 00:00:00-05:00,26.248899511118456,26.248899511118456,25.666832524593655,25.921985626220703,3034560,0.0,0.0
2013-02-25 00:00:00-05:00,26.24093087414461,26.25687954277761,24.837586734385035,24.845561981201172,3363840,0.0,0.0
2013-02-26 00:00:00-05:00,24.981109710719846,25.116659694308296,24.43890977636605,25.044897079467773,1731840,0.0,0.0
2013-02-27 00:00:00-05:00,24.917318955060953,25.778461091100116,24.9093437100524,25.650882720947266,1843200,0.0,0.0
2013-02-28 00:00:00-05:00,25.59507026636434,26.001720185456524,25.308023479357967,25.634939193725586,2067720,0.0,0.0
2013-03-01 00:00:00-05:00,25.483440942006478,25.4914143626001,24.22362223822402,24.430932998657227,3980160,0.0,0.0
2013-03-04 00:00:00-05:00,24.016308554391873,24.494721068124782,23.593709982261643,23.920625686645508,4056840,0.0,0.0
2013-03-05 00:00:00-05:00,24.15186101653577,24.510670438876183,23.745211067882938,24.088071823120117,3709920,0.0,0.0
2013-03-06 00:00:00-05:00,24.16781193144572,24.335255626756204,23.92063218717817,24.215652465820312,3076440,0.0,0.0
2013-03-07 00:00:00-05:00,24.15983844355681,25.084770038953547,23.984421326326085,25.020980834960938,5231280,0.0,0.0
2013-03-08 00:00:00-05:00,25.212340726687255,25.80238296940536,24.813662401202688,25.61101722717285,3329640,0.0,0.0
2013-03-11 00:00:00-04:00,25.921985500488685,26.304715151072863,25.61899005315188,26.097402572631836,3797400,0.0,0.0
2013-03-12 00:00:00-04:00,26.041590264402025,26.280796539151588,25.754543464702166,25.96982765197754,2108160,0.0,0.0
2013-03-13 00:00:00-04:00,26.001720859724475,26.29674289985268,25.67480513687939,25.86617088317871,1804080,0.0,0.0
2013-03-14 00:00:00-04:00,25.882118740884778,26.886786210909317,25.563178251193662,26.878812789916992,3547560,0.0,0.0
2013-03-15 00:00:00-04:00,26.83097541396828,27.37317540509789,26.687450169258163,27.038286209106445,3600240,0.0,0.0
2013-03-18 00:00:00-04:00,26.591764989800932,28.09876340098518,26.535949219942804,27.739953994750977,5196000,0.0,0.0
2013-03-19 00:00:00-04:00,27.739951268363043,27.875501231840396,26.663523155455877,27.18180274963379,4488720,0.0,0.0
2013-03-20 00:00:00-04:00,27.293436428528675,27.41303956960461,26.703394144220784,27.33330535888672,2048400,0.0,0.0
2013-03-21 00:00:00-04:00,27.16585918447259,27.73995461222615,26.926652908325195,26.926652908325195,2003040,0.0,0.0
2013-03-22 00:00:00-04:00,27.10207184547833,27.285462350714496,26.543923258891855,26.838943481445312,1904280,0.0,0.0
2013-03-25 00:00:00-04:00,26.926652936122984,27.022335811680534,26.607710625930846,26.838943481445312,1541760,0.0,0.0
2013-03-26 00:00:00-04:00,27.046251632425893,27.181801590120998,26.20902980254538,26.67149543762207,2340840,0.0,0.0
2013-03-27 00:00:00-04:00,26.400397081701346,27.548587817646236,26.161190830462733,27.460878372192383,4091760,0.0,0.0
2013-03-28 00:00:00-04:00,27.42898838001197,27.42898838001197,26.751234810376218,26.83097267150879,3049440,0.0,0.0
2013-04-01 00:00:00-04:00,26.894756052520172,26.9585434119694,25.842248196618332,25.937931060791016,3464160,0.0,0.0
2013-04-02 00:00:00-04:00,26.033616964444807,26.049565632286022,25.579126468449257,25.88212013244629,2521320,0.0,0.0
2013-04-03 00:00:00-04:00,25.945908326965192,26.400400630410626,25.54723179631085,25.8502254486084,2555520,0.0,0.0
2013-04-04 00:00:00-04:00,25.810357208573524,26.065510322977225,25.236261788665686,25.515336990356445,2205840,0.0,0.0
2013-04-05 00:00:00-04:00,25.11666000973667,26.49608377622339,25.11666000973667,26.304718017578125,3214680,0.0,0.0
2013-04-08 00:00:00-04:00,26.209035570554285,26.59176709415769,26.041591897727162,26.496084213256836,1562040,0.0,0.0
2013-04-09 00:00:00-04:00,26.527978912288148,27.19775545419039,26.416349184471237,26.76718521118164,1935960,0.0,0.0
2013-04-10 00:00:00-04:00,26.7990794448338,27.13396863512167,26.52000603209354,26.934629440307617,1849080,0.0,0.0
2013-04-11 00:00:00-04:00,26.894757998459458,27.038281392603533,26.559868862123967,27.00638771057129,2328720,0.0,0.0
2013-04-12 00:00:00-04:00,27.43696175308388,27.50872437275162,26.089433422650334,26.76718521118164,2777760,0.0,0.0
2013-04-15 00:00:00-04:00,26.384453725496858,26.695420798168712,25.595072262177716,25.698728561401367,3224520,0.0,0.0
2013-04-16 00:00:00-04:00,26.057539295176497,26.25687848254753,25.212343841722124,25.770490646362305,2383200,0.0,0.0
2013-04-17 00:00:00-04:00,25.427624615853464,25.579121417939454,24.550533832726643,24.98110580444336,3143400,0.0,0.0
2013-04-18 00:00:00-04:00,25.180445630197436,26.894756493487098,24.813661007355204,26.45621109008789,4835880,0.0,0.0
2013-04-19 00:00:00-04:00,26.6156849206086,26.830970926669348,25.355864391622784,25.73859405517578,2641440,0.0,0.0
2013-04-22 00:00:00-04:00,25.929959643544017,26.089429879482513,25.315995311432996,26.001720428466797,1851360,0.0,0.0
2013-04-23 00:00:00-04:00,26.057537093713133,26.344583893277065,25.45952140712241,25.642911911010742,3318120,0.0,0.0
2013-04-24 00:00:00-04:00,25.80238413050651,26.91867947709859,25.730621517690274,26.5997371673584,3050040,0.0,0.0
2013-04-25 00:00:00-04:00,26.59176665554602,27.133966596709055,25.61899284493158,26.304718017578125,4273440,0.0,0.0
2013-04-26 00:00:00-04:00,26.304716500336532,26.480133581477453,25.451547706835033,25.929960250854492,2607960,0.0,0.0
2013-04-29 00:00:00-04:00,26.0894303478499,26.631630254773953,25.834277235768106,26.520002365112305,2636880,0.0,0.0
2013-04-30 00:00:00-04:00,26.480133573087848,26.982468204148347,25.96185392556398,26.822996139526367,3190680,0.0,0.0
2013-05-01 00:00:00-04:00,26.567840158660516,27.046252650893297,26.097401086298362,26.70339012145996,2613840,0.0,0.0
2013-05-02 00:00:00-04:00,27.476830014989694,28.04295023687488,27.173834525460297,27.819692611694336,4965840,0.0,0.0
2013-05-03 00:00:00-04:00,28.066869934073264,28.585151441875173,27.915373104869236,28.36986541748047,3022560,0.0,0.0
2013-05-06 00:00:00-04:00,28.34594509539341,28.50541717054273,28.074845122638365,28.218368530273438,2453400,0.0,0.0
2013-05-07 00:00:00-04:00,28.25026225344915,28.41770775008212,27.71603572847526,27.803743362426758,2187480,0.0,0.0
2013-05-08 00:00:00-04:00,27.88776751173993,28.695991246170745,27.743725933652392,28.639976501464844,3475800,0.10417,0.0
2013-05-09 00:00:00-04:00,28.447925315876166,28.62397350670121,27.823751793401996,28.095827102661133,3165360,0.0,0.0
2013-05-10 00:00:00-04:00,27.999799197295438,28.255870284879528,27.343617264306815,27.88776969909668,2207040,0.0,0.0
2013-05-13 00:00:00-04:00,27.775737424738786,27.807745853817707,27.103551256256655,27.247591018676758,3178320,0.0,0.0
2013-05-14 00:00:00-04:00,27.111553531335957,27.367624628682215,26.831476112031915,27.167570114135742,2715000,0.0,0.0
2013-05-15 00:00:00-04:00,26.967509194675706,27.47165106235788,26.735446274446,27.175567626953125,1902000,0.0,0.0
2013-05-16 00:00:00-04:00,26.983517131703653,27.679711435913724,26.823471327235765,26.919498443603516,2280960,0.0,0.0
2013-05-17 00:00:00-04:00,27.007524574815086,27.36762490247929,26.84747876369879,27.18357276916504,1823400,0.0,0.0
2013-05-20 00:00:00-04:00,27.27159731765878,28.407913033093962,27.215582566817552,28.055816650390625,2368440,0.0,0.0
2013-05-21 00:00:00-04:00,28.223859971804846,28.984071076769865,27.99179522076251,28.35989761352539,2758680,0.0,0.0
2013-05-22 00:00:00-04:00,28.487935580207708,29.056092478492957,27.991795810191935,28.215858459472656,2601000,0.0,0.0
2013-05-23 00:00:00-04:00,27.711720196358154,28.631977172602348,27.503661746994872,28.55195426940918,2913120,0.0,0.0
2013-05-24 00:00:00-04:00,28.279878797857936,28.784018872436185,28.27187669074177,28.375904083251953,1879200,0.0,0.0
2013-05-28 00:00:00-04:00,28.75201455603387,28.92006066107197,28.21586414474675,28.471935272216797,1983000,0.0,0.0
2013-05-29 00:00:00-04:00,28.319889326019197,28.776016757780937,27.8797661084856,28.15984535217285,2359080,0.0,0.0
2013-05-30 00:00:00-04:00,28.20785575884534,28.50393736172569,27.527667550242604,28.35989761352539,3459480,0.0,0.0
2013-05-31 00:00:00-04:00,28.127838250926164,28.30388644730747,27.751731872558594,27.751731872558594,2695440,0.0,0.0
2013-06-03 00:00:00-04:00,27.935783214752615,28.28787959751736,27.37562654841788,27.799745559692383,2056320,0.0,0.0
2013-06-04 00:00:00-04:00,27.743726442934094,28.167843583901266,27.071540336300426,27.431640625,1662720,0.0,0.0
2013-06-05 00:00:00-04:00,27.287601822085602,27.399631317438743,26.9114954757121,26.967510223388672,1968720,0.0,0.0
2013-06-06 00:00:00-04:00,26.983517306302883,27.09554863752935,26.4953814458036,26.79946517944336,1542000,0.0,0.0
2013-06-07 00:00:00-04:00,26.823474005348046,26.9915219336611,26.48737998028703,26.9114990234375,1954080,0.0,0.0
2013-06-10 00:00:00-04:00,26.91949861778851,27.01552573477761,26.463371185763954,26.79946517944336,1499880,0.0,0.0
2013-06-11 00:00:00-04:00,26.471375666972907,26.471375666972907,25.815191880403113,25.887210845947266,2669280,0.0,0.0
2013-06-12 00:00:00-04:00,26.111273304391652,26.135279624364003,25.27904139106306,25.455089569091797,3395880,0.0,0.0
2013-06-13 00:00:00-04:00,25.391073506346615,26.05525753741752,25.25503402580493,25.959230422973633,1528680,0.0,0.0
2013-06-14 00:00:00-04:00,26.023246981010896,26.04725329976686,25.04697353418582,25.567119598388672,1983960,0.0,0.0
2013-06-17 00:00:00-04:00,25.72716652187875,25.99924180958228,25.32705386536377,25.575122833251953,2202600,0.0,0.0
2013-06-18 00:00:00-04:00,25.591130516331734,26.04725798092828,25.343061514808184,25.55912208557129,2918400,0.0,0.0
2013-06-19 00:00:00-04:00,25.47109419231187,25.671150525097268,24.870927025520523,24.918941497802734,2127960,0.0,0.0
2013-06-20 00:00:00-04:00,24.598854801655722,24.67087560328499,23.990685452177136,24.11872100830078,3710160,0.0,0.0
2013-06-21 00:00:00-04:00,24.294765787164017,24.366786578643072,23.80663178638414,23.838640213012695,4064280,0.0,0.0
2013-06-24 00:00:00-04:00,23.59857255076855,23.654587295471025,21.8300795659764,22.446250915527344,6736560,0.0,0.0
2013-06-25 00:00:00-04:00,22.71032769519876,22.77434638801653,21.574011923877432,22.35022735595703,6465240,0.0,0.0
2013-06-26 00:00:00-04:00,22.4382478527816,22.534274956886307,21.622020215238607,21.686037063598633,4801800,0.0,0.0
2013-06-27 00:00:00-04:00,21.918107291215804,22.29421183278798,21.702046728815944,21.886098861694336,3982320,0.0,0.0
2013-06-28 00:00:00-04:00,21.806070485838347,22.078147586062457,21.477980474863884,21.686037063598633,2920320,0.0,0.0
2013-07-01 00:00:00-04:00,21.75806234390575,22.326221148282986,21.614022573778225,22.01413345336914,2954400,0.0,0.0
2013-07-02 00:00:00-04:00,21.97412266984779,22.350227222151045,21.453978349023185,21.70204734802246,3897240,0.0,0.0
2013-07-03 00:00:00-04:00,21.558007085648136,21.558007085648136,21.053865160024806,21.253921508789062,2664480,0.0,0.0
2013-07-05 00:00:00-04:00,21.293934045635705,21.381959067146234,21.005854488138723,21.213912963867188,1708080,0.0,0.0
2013-07-08 00:00:00-04:00,21.34194539306624,22.222189984247972,21.285930644051763,22.05414390563965,3292200,0.0,0.0
2013-07-09 00:00:00-04:00,22.26220441879569,22.478265008827353,22.094158310751734,22.27020835876465,2396640,0.0,0.0
2013-07-10 00:00:00-04:00,22.33422114133683,22.526273539467983,21.73405396299284,21.878093719482422,2442480,0.0,0.0
2013-07-11 00:00:00-04:00,22.294212242630834,22.806354450649128,22.294212242630834,22.590293884277344,2626680,0.0,0.0
2013-07-12 00:00:00-04:00,22.46225976865513,22.710328780999944,21.878096723969406,22.142169952392578,1914480,0.0,0.0
2013-07-15 00:00:00-04:00,22.17417786328043,22.590292931860443,22.086152852624394,22.462257385253906,2825640,0.0,0.0
2013-07-16 00:00:00-04:00,22.598294011029044,22.894377458288385,22.478260577073062,22.88637351989746,2812560,0.0,0.0
2013-07-17 00:00:00-04:00,22.87837807914332,23.13444921481869,22.686323811604176,22.974403381347656,2975880,0.0,0.0
2013-07-18 00:00:00-04:00,23.062424054138962,24.11071655611752,23.062424054138962,23.630582809448242,3897120,0.0,0.0
2013-07-19 00:00:00-04:00,23.534555872367164,23.726608273553115,23.12644108566282,23.214466094970703,3041640,0.0,0.0
2013-07-22 00:00:00-04:00,23.19846257364942,23.35850838290981,22.87837461825855,23.03041648864746,2057280,0.0,0.0
2013-07-23 00:00:00-04:00,23.334500046746015,23.774623271419056,23.11844131959638,23.40652084350586,2437320,0.0,0.0
2013-07-24 00:00:00-04:00,23.414520107303773,23.414520107303773,22.5262716585822,22.646305084228516,3116760,0.0,0.0
2013-07-25 00:00:00-04:00,23.070424367143673,24.526831539476934,23.070424367143673,24.398794174194336,7755960,0.0,0.0
2013-07-26 00:00:00-04:00,24.302767287945635,25.11899496757862,24.03869411171387,25.086986541748047,5189520,0.0,0.0
2013-07-29 00:00:00-04:00,24.886935583453276,25.09499221246722,24.790908460757983,24.990962982177734,3990240,0.0,0.0
2013-07-30 00:00:00-04:00,24.95095079594689,25.046976080733728,24.678875492587707,24.830917358398438,2829600,0.0,0.0
2013-07-31 00:00:00-04:00,25.030973698167493,25.27904268032997,24.750894456177836,24.830917358398438,3673920,0.0,0.0
2013-08-01 00:00:00-04:00,24.96695405683329,25.239029349804568,24.822914303587606,24.958951950073242,2206320,0.0,0.0
2013-08-02 00:00:00-04:00,24.94294755563004,24.950949662332047,24.622857792855406,24.822914123535156,2244360,0.0,0.0
2013-08-05 00:00:00-04:00,24.72688599028818,25.14300101630068,24.670871245687646,25.03097152709961,2437560,0.0,0.0
2013-08-06 00:00:00-04:00,24.806907488727923,25.15100539499171,24.69487799756361,24.92694091796875,2701920,0.0,0.0
2013-08-07 00:00:00-04:00,24.89079457649677,24.906861436012374,24.36051833258469,24.40069007873535,1745640,0.10417,0.0
2013-08-08 00:00:00-04:00,24.609582573959553,25.083616452208197,24.368548460915985,24.770273208618164,2105880,0.0,0.0
2013-08-09 00:00:00-04:00,24.8506183270735,25.927237558984885,24.77830919175484,25.758514404296875,2230200,0.0,0.0
2013-08-12 00:00:00-04:00,25.75047800291449,26.120065380581945,25.308583329473944,25.372859954833984,2053800,0.0,0.0
2013-08-13 00:00:00-04:00,25.678171033415392,25.678171033415392,25.01934522238023,25.188068389892578,1213440,0.0,0.0
2013-08-14 00:00:00-04:00,25.17199726331439,25.597823234973152,25.155928566905878,25.32465171813965,1735080,0.0,0.0
2013-08-15 00:00:00-04:00,24.95506540219297,25.36482266460758,24.78634041730009,25.180030822753906,1337880,0.0,0.0
2013-08-16 00:00:00-04:00,25.043447538511685,25.091653630981455,24.37658555901257,24.70599937438965,2389080,0.0,0.0
2013-08-19 00:00:00-04:00,24.706000321115557,24.75420641543257,24.248035069325468,24.304275512695312,1316160,0.0,0.0
2013-08-20 00:00:00-04:00,24.304273877347008,25.71834128283388,24.296241367779274,25.493377685546875,2512560,0.0,0.0
2013-08-21 00:00:00-04:00,25.324654104219015,25.637999230541478,25.131827890204466,25.292516708374023,1894440,0.0,0.0
2013-08-22 00:00:00-04:00,25.49337664647983,26.561959666609077,25.445168718426814,26.33699607849121,2115720,0.0,0.0
2013-08-23 00:00:00-04:00,26.441442703575927,26.819064425446946,26.288788248551224,26.69854736328125,1574760,0.0,0.0
2013-08-26 00:00:00-04:00,26.722653571194847,27.301135905856384,26.5137568149945,26.578033447265625,1876560,0.0,0.0
2013-08-27 00:00:00-04:00,26.192374481025794,26.256649262844604,25.597821715535908,25.629959106445312,2452440,0.0,0.0
2013-08-28 00:00:00-04:00,25.62192757814248,25.814753769922145,25.39696215527921,25.79868507385254,2113200,0.0,0.0
2013-08-29 00:00:00-04:00,25.758514462221143,25.806720552541986,24.979169796089533,25.0836181640625,2106960,0.0,0.0
2013-08-30 00:00:00-04:00,25.059516428625663,25.3166192683298,24.963102404000473,25.09165382385254,1426440,0.0,0.0
2013-09-03 00:00:00-04:00,25.565686889295705,26.007583414406955,25.53354949516238,25.750478744506836,1961040,0.0,0.0
2013-09-04 00:00:00-04:00,25.70227228507944,26.27272021749589,25.39696336729789,26.24861717224121,1651200,0.0,0.0
2013-09-05 00:00:00-04:00,26.22451253048203,27.084200631507205,26.20040764775034,26.762821197509766,1820520,0.0,0.0
2013-09-06 00:00:00-04:00,26.891370055419728,27.220783806135024,26.521784568865076,26.875301361083984,1704600,0.0,0.0
2013-09-09 00:00:00-04:00,26.99582209860449,27.927821209060543,26.99582209860449,27.88764762878418,2262360,0.0,0.0
2013-09-10 00:00:00-04:00,28.00816497898559,28.080475953069133,27.4296845420951,27.702856063842773,1628520,0.0,0.0
2013-09-11 00:00:00-04:00,27.70286089944936,28.353652424020748,27.252929957602838,28.257238388061523,1907520,0.0,0.0
2013-09-12 00:00:00-04:00,28.040303336560733,28.257234427326182,27.743028759544764,27.767131805419922,2201640,0.0,0.0
2013-09-13 00:00:00-04:00,27.71892301146725,27.78319963314613,27.068131641558367,27.156511306762695,1787640,0.0,0.0
2013-09-16 00:00:00-04:00,27.542168539937247,27.646615073333184,27.220789074193036,27.244892120361328,1635480,0.0,0.0
2013-09-17 00:00:00-04:00,27.277029379579538,27.96799251444034,27.268993192493976,27.686786651611328,2056200,0.0,0.0
2013-09-18 00:00:00-04:00,27.702855155627333,28.86785401745249,27.429683642835368,28.57057762145996,2249520,0.0,0.0
2013-09-19 00:00:00-04:00,28.60271845612758,29.374026949228373,28.329545089077943,28.393821716308594,3381720,0.0,0.0
2013-09-20 00:00:00-04:00,28.385787282868478,28.393821631380213,27.718925322727316,28.032270431518555,2607960,0.0,0.0
2013-09-23 00:00:00-04:00,27.84747488696679,28.393819744174383,27.815337495055864,27.927820205688477,1512240,0.0,0.0
2013-09-24 00:00:00-04:00,27.911751926949922,27.951923667439054,27.333269669184418,27.429683685302734,2993880,0.0,0.0
2013-09-25 00:00:00-04:00,27.510030390594373,27.694824096391933,26.907445017909364,26.971721649169922,2855280,0.0,0.0
2013-09-26 00:00:00-04:00,27.21275537753588,27.51806615315035,27.011892976764663,27.132410049438477,1512360,0.0,0.0
2013-09-27 00:00:00-04:00,27.437719778797604,27.510030760068826,26.778893953987765,26.915481567382812,2143680,0.0,0.0
2013-09-30 00:00:00-04:00,26.529824223192794,27.3413063220901,26.481618130542174,27.03599739074707,2629200,0.0,0.0
2013-10-01 00:00:00-04:00,26.94761854642247,27.325238467332923,26.698550048823133,27.30916976928711,3632040,0.0,0.0
2013-10-02 00:00:00-04:00,27.124372739728752,27.775164125551566,26.963683940018715,27.743026733398438,2131920,0.0,0.0
2013-10-03 00:00:00-04:00,27.743027521159352,28.53844087214572,27.6707183867616,28.45809555053711,4037400,0.0,0.0
2013-10-04 00:00:00-04:00,28.474163853075176,29.390094254328584,28.39382037152271,29.189231872558594,3555600,0.0,0.0
2013-10-07 00:00:00-04:00,28.803579613334175,29.012476357539942,28.385787963867188,28.385787963867188,2123280,0.0,0.0
2013-10-08 00:00:00-04:00,28.4420286325308,29.012476589839654,28.096546118637956,28.20099449157715,2509680,0.0,0.0
2013-10-09 00:00:00-04:00,28.273303436794563,28.442026587754317,28.06440670593435,28.176889419555664,2232360,0.0,0.0
2013-10-10 00:00:00-04:00,28.51433879548599,29.623095444396817,28.417924774071025,29.558818817138672,4724520,0.0,0.0
2013-10-11 00:00:00-04:00,29.382061664948715,31.51922966422765,29.116924482065958,30.66757583618164,12272400,0.0,0.0
2013-10-14 00:00:00-04:00,30.45868141691065,31.12554155903698,30.177473693340545,30.868438720703125,3999960,0.0,0.0
2013-10-15 00:00:00-04:00,30.78809177919133,31.213919597120206,30.522954606000823,30.81219482421875,3992160,0.0,0.0
2013-10-16 00:00:00-04:00,31.037159478822772,31.246056208387195,30.056954294020446,30.33012580871582,4144560,0.0,0.0
2013-10-17 00:00:00-04:00,30.30602354760628,30.84433408171369,30.03285202585029,30.3461971282959,2755920,0.0,0.0
2013-10-18 00:00:00-04:00,30.6515114936621,30.74792368520947,30.24175232380705,30.530994415283203,2939400,0.0,0.0
2013-10-21 00:00:00-04:00,30.62740522321366,30.89254425482511,30.02481985854145,30.52295684814453,2993760,0.0,0.0
2013-10-22 00:00:00-04:00,30.828269958496094,31.254097839945643,30.54706220772847,30.828269958496094,2565000,0.0,0.0
2013-10-23 00:00:00-04:00,30.498853196170163,30.530992430207657,29.84002740204217,30.297990798950195,3275880,0.0,0.0
2013-10-24 00:00:00-04:00,30.47475123394638,30.90861343891329,30.193545338990567,30.723819732666016,1801200,0.0,0.0
2013-10-25 00:00:00-04:00,30.828266367313617,30.85236941312872,30.426541581283825,30.64347267150879,2102640,0.0,0.0
2013-10-28 00:00:00-04:00,29.695404644007795,31.13357694184347,29.325820932534278,30.49081802368164,12656160,0.0,0.0
2013-10-29 00:00:00-04:00,30.595263559769407,31.294261014130793,29.590955371720888,30.322092056274414,5301360,0.0,0.0
2013-10-30 00:00:00-04:00,30.129263793889056,30.723814722018087,29.245470829972096,29.598989486694336,4333560,0.0,0.0
2013-10-31 00:00:00-04:00,29.952509304749594,30.129266811871805,29.245473759427227,29.325820922851562,4897800,0.0,0.0
2013-11-01 00:00:00-04:00,29.615062346993415,29.65523409138656,28.691097514394432,29.438302993774414,4946400,0.0,0.0
2013-11-04 00:00:00-05:00,29.767715437146116,30.75595501504385,29.357958146463602,30.338163375854492,4596840,0.0,0.0
2013-11-05 00:00:00-05:00,30.105161646984307,30.121230342960228,29.4543684262932,29.534713745117188,2918640,0.0,0.0
2013-11-06 00:00:00-05:00,29.5748864365595,29.791817517102448,28.54647514945875,28.899991989135742,2749560,0.0,0.0
2013-11-07 00:00:00-05:00,29.036580497884373,29.26154594797684,28.31347805356342,28.70716667175293,3289320,0.0,0.0
2013-11-08 00:00:00-05:00,28.747338214195203,29.470440607163873,28.715198981503978,29.253509521484375,3104160,0.0,0.0
2013-11-11 00:00:00-05:00,29.181196254705092,29.502575683764704,28.996404416230458,29.07674789428711,1611240,0.0,0.0
2013-11-12 00:00:00-05:00,28.699129386880568,28.94819785851559,28.369715594447516,28.51433753967285,1852920,0.0,0.0
2013-11-13 00:00:00-05:00,28.36517760581296,29.042457580566406,28.18779348104681,29.042457580566406,2140800,0.10417,0.0
2013-11-14 00:00:00-05:00,28.96989628793295,29.163404084156635,28.34099272067773,28.76832389831543,2061960,0.0,0.0
2013-11-15 00:00:00-05:00,28.92151225976511,29.405284423230253,28.695751670755463,29.010204315185547,3332280,0.0,0.0
2013-11-18 00:00:00-05:00,28.760257929706494,28.873138233798265,27.679833216510684,27.865278244018555,3927000,0.0,0.0
2013-11-19 00:00:00-05:00,27.80883934974798,28.042662707794964,27.147683011323917,27.655643463134766,2690880,0.0,0.0
2013-11-20 00:00:00-05:00,27.784652291683567,28.179732454869328,27.62339365105887,27.873342514038086,2180760,0.0,0.0
2013-11-21 00:00:00-05:00,27.92978359189011,28.20392069732965,27.70402297137122,27.873342514038086,2275200,0.0,0.0
2013-11-22 00:00:00-05:00,28.03460346943643,28.62319146634817,27.736278096904307,28.46999740600586,2423880,0.0,0.0
2013-11-25 00:00:00-05:00,28.486120506914194,28.510308747770704,28.066850283623427,28.236169815063477,1746960,0.0,0.0
2013-11-26 00:00:00-05:00,28.131357564108814,28.55062599351418,27.913659678740096,28.2845516204834,2429160,0.0,0.0
2013-11-27 00:00:00-05:00,28.308737583828353,28.94570569273448,28.163606287088886,28.574811935424805,3347640,0.0,0.0
2013-11-29 00:00:00-05:00,28.6473808098484,29.00214725564943,28.3006771119898,28.687694549560547,1472280,0.0,0.0
2013-12-02 00:00:00-05:00,28.79251101486312,29.40528906222828,28.502246563725112,29.15534019470215,2726280,0.0,0.0
2013-12-03 00:00:00-05:00,28.96989629269968,29.81649774560997,28.929580707502712,29.413352966308594,2763240,0.0,0.0
2013-12-04 00:00:00-05:00,29.348848402330045,29.905187224203303,29.308536509031963,29.63105010986328,2144880,0.0,0.0
2013-12-05 00:00:00-05:00,29.631050917550294,30.31639372208151,29.445604023389382,30.05838394165039,3198360,0.0,0.0
2013-12-06 00:00:00-05:00,30.308330421537104,30.598593016320418,29.300470396236758,29.502042770385742,1991640,0.0,0.0
2013-12-09 00:00:00-05:00,29.50204247793038,30.106757748938186,29.46978964348396,29.913249969482422,2729880,0.0,0.0
2013-12-10 00:00:00-05:00,29.574609836135075,30.856605137541564,29.574609836135075,30.582468032836914,3574440,0.0,0.0
2013-12-11 00:00:00-05:00,30.47765269381299,30.638911345769866,29.70361780802103,29.808433532714844,2496720,0.0,0.0
2013-12-12 00:00:00-05:00,29.80842898997011,30.090630665165307,29.510103666570117,29.70361328125,1820640,0.0,0.0
2013-12-13 00:00:00-05:00,29.735864679229937,30.03419185219457,29.550419654257954,29.977750778198242,1608840,0.0,0.0
2013-12-16 00:00:00-05:00,30.034195697745414,30.509903364210746,30.034195697745414,30.05838394165039,2234640,0.0,0.0
2013-12-17 00:00:00-05:00,29.961627231451793,30.243827083439403,29.534294234295803,30.179325103759766,2150640,0.0,0.0
2013-12-18 00:00:00-05:00,30.050318167741988,30.30833162892675,29.631049753525456,30.284141540527344,2610120,0.0,0.0
2013-12-19 00:00:00-05:00,30.21963814466335,31.11461601020619,30.114820584654808,30.961421966552734,3156360,0.0,0.0
2013-12-20 00:00:00-05:00,31.06623789940425,31.090424294515337,30.4937736457006,30.509899139404297,2896800,0.0,0.0
2013-12-23 00:00:00-05:00,30.743721678541363,31.00173510733228,29.872932123385798,30.243824005126953,3429240,0.0,0.0
2013-12-24 00:00:00-05:00,30.235763183708933,30.767911877564398,30.203512195098185,30.526025772094727,1010160,0.0,0.0
2013-12-26 00:00:00-05:00,30.590530042208048,30.7437240857944,30.211575384155203,30.51796531677246,1542120,0.0,0.0
2013-12-27 00:00:00-05:00,30.55827948376478,31.066241826871423,30.4292755178262,30.95336151123047,2428320,0.0,0.0
2013-12-30 00:00:00-05:00,31.074303681887443,31.187182142136734,30.388957255119298,30.445398330688477,1511160,0.0,0.0
2013-12-31 00:00:00-05:00,30.501838358571188,30.719536228491936,30.380895302553505,30.671159744262695,1382880,0.0,0.0
2014-01-02 00:00:00-05:00,30.509901419338387,30.921107075844564,30.29220354718146,30.380895614624023,1405320,0.0,0.0
2014-01-03 00:00:00-05:00,30.397018029068832,30.679215989685193,30.243822161372538,30.485708236694336,1810800,0.0,0.0
2014-01-06 00:00:00-05:00,30.493777464468423,31.114618277031717,30.34058340965416,30.63084602355957,1852320,0.0,0.0
2014-01-07 00:00:00-05:00,30.6872855755153,30.872730612538856,29.86487241648774,30.179325103759766,2483880,0.0,0.0
2014-01-08 00:00:00-05:00,29.11502501328203,30.23576348777709,28.986017366652604,29.751991271972656,3114600,0.0,0.0
2014-01-09 00:00:00-05:00,29.832618304387182,29.880996632520947,28.8005719101271,29.2359676361084,3009480,0.0,0.0
2014-01-10 00:00:00-05:00,29.36497648333516,29.735868425449755,29.10696301254505,29.5342960357666,2519760,0.0,0.0
2014-01-13 00:00:00-05:00,29.405287188284145,29.913249484043007,29.30046963028452,29.356910705566406,2899200,0.0,0.0
2014-01-14 00:00:00-05:00,29.510105086512326,29.864871500199488,29.276281726458414,29.469789505004883,2065680,0.0,0.0
2014-01-15 00:00:00-05:00,29.711678039179972,31.07430642018728,29.695554388882343,30.95336151123047,4810800,0.0,0.0
2014-01-16 00:00:00-05:00,30.888859566549943,31.2839397726646,30.687289012033588,30.87273406982422,3128040,0.0,0.0
2014-01-17 00:00:00-05:00,30.88079410907033,31.332311641686577,30.800162946444264,30.8082275390625,1894320,0.0,0.0
2014-01-21 00:00:00-05:00,30.888856168235446,31.2920009238048,30.75985220862235,30.784040451049805,2280000,0.0,0.0
2014-01-22 00:00:00-05:00,30.977551638336433,31.582266992664824,30.945300644890867,31.35650634765625,3254160,0.0,0.0
2014-01-23 00:00:00-05:00,31.203306134743695,31.904774331184704,30.542151672165836,30.638906478881836,4110240,0.0,0.0
2014-01-24 00:00:00-05:00,31.009797584980255,31.009797584980255,30.026127681422963,30.21157455444336,4946160,0.0,0.0
2014-01-27 00:00:00-05:00,30.155134178174198,30.79210039805631,29.776177699497506,30.034191131591797,3476040,0.0,0.0
2014-01-28 00:00:00-05:00,30.163200401612315,30.45346487189239,29.945504355708213,30.36477279663086,2435880,0.0,0.0
2014-01-29 00:00:00-05:00,30.050316718168414,30.39702223224084,29.84874619115746,30.276079177856445,3429000,0.0,0.0
2014-01-30 00:00:00-05:00,30.4776515599415,30.751788674446733,29.824559764692047,30.558279037475586,4326600,0.0,0.0
2014-01-31 00:00:00-05:00,30.372834006805032,31.243625528106172,29.840685273071816,30.114822387695312,4636440,0.0,0.0
2014-02-03 00:00:00-05:00,30.41314460821693,30.41314460821693,29.453664806013137,29.735864639282227,3203520,0.0,0.0
2014-02-04 00:00:00-05:00,29.83261692053323,30.719533825583913,29.735863959642845,30.437332153320312,2786520,0.0,0.0
2014-02-05 00:00:00-05:00,30.405086109280255,30.405086109280255,29.34884950551567,29.566547393798828,2988240,0.0,0.0
2014-02-06 00:00:00-05:00,29.066648156341056,30.0503162243317,29.066648156341056,29.921310424804688,1515480,0.0,0.0
2014-02-07 00:00:00-05:00,30.00194596037588,30.139014535444723,29.18759725876424,29.42948341369629,2278560,0.0,0.0
2014-02-10 00:00:00-05:00,29.461728333484704,30.010002520698325,29.332722533820057,30.00193977355957,2360280,0.0,0.0
2014-02-11 00:00:00-05:00,30.235760976871525,30.840476196408957,30.18738449748629,30.735658645629883,2520840,0.0,0.0
2014-02-12 00:00:00-05:00,30.89153383471371,31.198429132695388,30.51195183536815,30.584636688232422,2099160,0.0525,0.0
2014-02-13 00:00:00-05:00,30.18890400179769,30.93191769644119,30.18890400179769,30.511953353881836,2511480,0.0,0.0
2014-02-14 00:00:00-05:00,30.641167393144226,31.29534207864416,30.641167393144226,31.036903381347656,2078520,0.0,0.0
2014-02-18 00:00:00-05:00,31.012680288356,31.763770117889457,30.616946058859735,31.578014373779297,2256360,0.0,0.0
2014-02-19 00:00:00-05:00,31.537630791112015,33.12056746048566,31.537630791112015,32.13526916503906,6391560,0.0,0.0
2014-02-20 00:00:00-05:00,32.17565612866702,32.4583250162774,31.892987241056648,32.240264892578125,2312400,0.0,0.0
2014-02-21 00:00:00-05:00,32.30487282614596,32.74906730911634,32.03028188958214,32.05451202392578,2422800,0.0,0.0
2014-02-24 00:00:00-05:00,32.06258796579922,33.03173423879063,32.06258796579922,32.54716110229492,2490600,0.0,0.0
2014-02-25 00:00:00-05:00,32.41793476867578,32.47446557478434,31.4245586297864,31.95758819580078,2690040,0.0,0.0
2014-02-26 00:00:00-05:00,31.89298603840926,32.11912040057039,31.222660895609916,31.40841293334961,2049120,0.0,0.0
2014-02-27 00:00:00-05:00,31.456869267755344,32.47447204132367,31.263039287790097,32.39371109008789,2506080,0.0,0.0
2014-02-28 00:00:00-05:00,32.38563919067383,32.442170012136366,31.82837934426006,32.38563919067383,1976760,0.0,0.0
2014-03-03 00:00:00-05:00,32.2967933558429,32.43408880191933,31.989894390790724,32.24833679199219,1640280,0.0,0.0
2014-03-04 00:00:00-05:00,32.595611651598176,32.757137232907034,32.21603337497043,32.71675491333008,1968000,0.0,0.0
2014-03-05 00:00:00-05:00,32.611767201303245,32.7167545765244,32.08681184020288,32.15142059326172,1413720,0.0,0.0
2014-03-06 00:00:00-05:00,32.280646821959515,32.862133084015035,32.175655733394,32.821754455566406,1986360,0.0,0.0
2014-03-07 00:00:00-05:00,32.70060544859649,32.74098406997266,31.844524699238598,32.24833679199219,2486040,0.0,0.0
2014-03-10 00:00:00-04:00,31.989900529297046,32.07873942856997,31.424566448559766,31.868757247924805,1905720,0.0,0.0
2014-03-11 00:00:00-04:00,31.925288617374985,32.09489215217344,31.497250051262736,31.569936752319336,1590120,0.0,0.0
2014-03-12 00:00:00-04:00,31.432643132002717,31.965672809263932,31.36803437039515,31.529556274414062,1694160,0.0,0.0
2014-03-13 00:00:00-04:00,31.76376365298717,31.98182003808366,30.85922634281138,31.141891479492188,2436960,0.0,0.0
2014-03-14 00:00:00-04:00,31.061133264837835,31.416488823722684,30.988448412929227,31.16612434387207,1513920,0.0,0.0
2014-03-17 00:00:00-04:00,31.254955997107164,32.119110864772516,31.190347254813982,32.10295867919922,2556240,0.0,0.0
2014-03-18 00:00:00-04:00,32.038353999621414,32.60368796037215,31.674924232639068,32.466392517089844,2558640,0.0,0.0
2014-03-19 00:00:00-04:00,32.41793280489271,32.62791492057192,32.014120759586646,32.32909393310547,1793280,0.0,0.0
2014-03-20 00:00:00-04:00,31.844523306681623,32.51484831980031,31.804140990072526,32.4825439453125,2598600,0.0,0.0
2014-03-21 00:00:00-04:00,32.757135914073494,33.13671787241786,32.6117662240473,32.87020492553711,4126560,0.0,0.0
2014-03-24 00:00:00-04:00,32.894435870910456,33.38708690829647,32.6036927539774,32.732913970947266,2726400,0.0,0.0
2014-03-25 00:00:00-04:00,32.854058205818546,33.25786666454237,32.72483698506732,33.160953521728516,2292720,0.0,0.0
2014-03-26 00:00:00-04:00,32.91058432238332,33.0721099009971,32.183724764119646,32.934814453125,4018920,0.0,0.0
2014-03-27 00:00:00-04:00,32.91058379666339,33.2901657578932,32.69252741146712,33.23363494873047,2837400,0.0,0.0
2014-03-28 00:00:00-04:00,33.29016095532877,33.52437319163901,32.03027199562024,32.10295867919922,3652320,0.0,0.0
2014-03-31 00:00:00-04:00,32.426013929708205,32.426013929708205,31.683002122648592,32.26449203491211,2452800,0.0,0.0
2014-04-01 00:00:00-04:00,32.3533269468015,32.442165836665296,31.56185857819556,31.860679626464844,2184720,0.0,0.0
2014-04-02 00:00:00-04:00,31.77184184301015,32.56331023917785,31.77184184301015,32.531005859375,2694120,0.0,0.0
2014-04-03 00:00:00-04:00,32.42600487797058,32.96711231698503,32.42600487797058,32.49869155883789,1756200,0.0,0.0
2014-04-04 00:00:00-04:00,32.80559986195932,33.225564232788834,32.361409052504804,32.54716110229492,2345520,0.0,0.0
2014-04-07 00:00:00-04:00,32.57138570583982,32.910585364975674,32.054508274299955,32.09489059448242,1865160,0.0,0.0
2014-04-08 00:00:00-04:00,32.51485331159078,33.46784729328265,32.45024455269621,33.11249542236328,3749520,0.0,0.0
2014-04-09 00:00:00-04:00,33.564756898877775,33.72628247611261,33.160948501288985,33.59706497192383,2996400,0.0,0.0
2014-04-10 00:00:00-04:00,33.51630450871926,33.75051680972705,32.950970463492446,33.01557922363281,2613600,0.0,0.0
2014-04-11 00:00:00-04:00,32.92674076224279,33.16095306632561,32.27256781473453,32.39371109008789,2623920,0.0,0.0
2014-04-14 00:00:00-04:00,32.563306584654754,33.12056631621186,32.36140238504665,32.77328872680664,1893960,0.0,0.0
2014-04-15 00:00:00-04:00,32.716752242883324,33.23363332148237,32.32909605518235,33.06403350830078,2884200,0.0,0.0
2014-04-16 00:00:00-04:00,33.314400552494725,33.500152587890625,32.82982745354935,33.500152587890625,2300760,0.0,0.0
2014-04-17 00:00:00-04:00,33.49207172212238,33.88780584845052,32.97519434499998,33.76666259765625,2101680,0.0,0.0
2014-04-21 00:00:00-04:00,33.863582672115925,34.03318621564856,33.62937406442702,33.90396499633789,1358880,0.0,0.0
2014-04-22 00:00:00-04:00,33.75859292459889,34.02510962042711,33.32247637551613,33.50823211669922,1625880,0.0,0.0
2014-04-23 00:00:00-04:00,33.45169634267542,34.13009942719551,33.379009637726945,34.10586929321289,2710800,0.0,0.0
2014-04-24 00:00:00-04:00,34.04125435171427,35.31729564047923,33.99279778954574,34.97809600830078,4237200,0.0,0.0
2014-04-25 00:00:00-04:00,34.76811974532121,35.196158328909306,34.26739445770887,34.646976470947266,3105720,0.0,0.0
2014-04-28 00:00:00-04:00,34.61467551654259,34.61467551654259,33.669759361706845,33.879737854003906,3730320,0.0,0.0
2014-04-29 00:00:00-04:00,35.325376972055885,35.68072882571897,34.82465172094026,35.478824615478516,5621760,0.0,0.0
2014-04-30 00:00:00-04:00,35.37383458471857,36.11684638888988,34.96194820909086,35.94724655151367,5761200,0.0,0.0
2014-05-01 00:00:00-04:00,35.939168838165514,36.80332391698954,35.76149475344411,36.472198486328125,3697800,0.0,0.0
2014-05-02 00:00:00-04:00,36.431813549120186,36.73063454896983,35.92301042488964,36.11684036254883,2851920,0.0,0.0
2014-05-05 00:00:00-04:00,36.08454255574566,36.092620499075814,35.44652182163478,35.48690414428711,2826480,0.0,0.0
2014-05-06 00:00:00-04:00,35.51112814077059,35.745336723266476,35.26076367272424,35.29307174682617,2056320,0.0,0.0
2014-05-07 00:00:00-04:00,35.82610453081149,35.85033466428065,35.1557794041568,35.43037033081055,3217920,0.0,0.0
2014-05-08 00:00:00-04:00,35.303390408208514,35.52984997494478,34.607836289112555,34.71297836303711,1687680,0.0525,0.0
2014-05-09 00:00:00-04:00,34.82620563980716,35.02031436511594,34.57548480061684,35.0041389465332,1647120,0.0,0.0
2014-05-12 00:00:00-04:00,35.416617142391,35.86144665371405,35.416617142391,35.77248001098633,2026080,0.0,0.0
2014-05-13 00:00:00-04:00,35.75630406703435,35.86144612486061,35.2872095864977,35.38426208496094,1441320,0.0,0.0
2014-05-14 00:00:00-04:00,35.473231168169384,35.86953445098032,35.384264520629664,35.48940658569336,1730040,0.0,0.0
2014-05-15 00:00:00-04:00,35.481317474263655,35.69160158510686,34.75341264549042,35.651161193847656,3478200,0.0,0.0
2014-05-16 00:00:00-04:00,35.54601992254509,35.61881114749122,34.9394325518532,35.610721588134766,3277080,0.0,0.0
2014-05-19 00:00:00-04:00,35.586466912733066,36.45995066709149,35.52176153283097,36.217315673828125,2580360,0.0,0.0
2014-05-20 00:00:00-04:00,36.079816283220815,36.31436537585384,35.83718133349866,35.974674224853516,2033760,0.0,0.0
2014-05-21 00:00:00-04:00,36.09599059641332,36.2739238747217,35.65925066211515,35.990848541259766,1970760,0.0,0.0
2014-05-22 00:00:00-04:00,36.168788244000154,36.49230032376619,35.55411121989702,35.756309509277344,2897400,0.0,0.0
2014-05-23 00:00:00-04:00,35.796741836727406,36.03129093522876,35.74012972874054,35.93423843383789,2751960,0.0,0.0
2014-05-27 00:00:00-04:00,35.95041471611077,36.6136142295437,35.80483225820449,36.59743881225586,2127360,0.0,0.0
2014-05-28 00:00:00-04:00,36.5974415248726,36.71067315659597,36.3386311267683,36.613616943359375,1846080,0.0,0.0
2014-05-29 00:00:00-04:00,36.63787940401611,36.68640565614107,36.007027019444514,36.14452362060547,3576240,0.0,0.0
2014-05-30 00:00:00-04:00,35.958506315750576,36.00703257536318,35.368094234673165,35.723960876464844,4386240,0.0,0.0
2014-06-02 00:00:00-04:00,35.88570762391296,36.42759333286133,35.82909551727792,36.08790588378906,2149200,0.0,0.0
2014-06-03 00:00:00-04:00,35.86144991412512,36.055558633877396,35.44897119859895,35.950416564941406,2254680,0.0,0.0
2014-06-04 00:00:00-04:00,35.861452450594776,37.179769483331825,35.594552479268145,37.00992202758789,3663600,0.0,0.0
2014-06-05 00:00:00-04:00,36.98566005317959,38.45764539235398,36.71876008688036,38.34441375732422,5338680,0.0,0.0
2014-06-06 00:00:00-04:00,39.06422684586562,39.06422684586562,38.14221329786035,38.37676239013672,4554600,0.0,0.0
2014-06-09 00:00:00-04:00,38.40102972948004,38.554698061368335,37.97237557186364,38.00472640991211,2924280,0.0,0.0
2014-06-10 00:00:00-04:00,37.9238467384435,38.263534217191975,37.49518890763177,37.648860931396484,2766000,0.0,0.0
2014-06-11 00:00:00-04:00,37.58415196359436,38.12603766806869,37.40622238342893,38.01280975341797,2286360,0.0,0.0
2014-06-12 00:00:00-04:00,38.134128008331004,38.247355925300425,35.9746747055592,36.24966049194336,9014880,0.0,0.0
2014-06-13 00:00:00-04:00,36.53273702205498,37.57606809408442,36.476121210577276,37.276817321777344,5240640,0.0,0.0
2014-06-16 00:00:00-04:00,37.27682291243196,37.27682291243196,36.56509334043524,36.969486236572266,2994960,0.0,0.0
2014-06-17 00:00:00-04:00,36.888605435955114,37.30108789308036,36.807728337654204,36.969486236572266,1887120,0.0,0.0
2014-06-18 00:00:00-04:00,36.96948092510234,37.43857543248447,36.775372214751854,37.414310455322266,1430640,0.0,0.0
2014-06-19 00:00:00-04:00,37.31725647595569,38.012810500861825,37.31725647595569,37.85913848876953,3502200,0.0,0.0
2014-06-20 00:00:00-04:00,38.08559683563395,38.26352639644562,37.72164445322835,38.21500015258789,3632760,0.0,0.0
2014-06-23 00:00:00-04:00,38.22309694897703,38.68410565336335,38.06942861495364,38.16648483276367,1800840,0.0,0.0
2014-06-24 00:00:00-04:00,38.01281188426528,38.16648019963447,36.76728253939494,36.937129974365234,2317320,0.0,0.0
2014-06-25 00:00:00-04:00,36.7591946359785,37.55989070514608,36.7591946359785,37.446659088134766,1989240,0.0,0.0
2014-06-26 00:00:00-04:00,37.519447326660156,37.794433085635134,37.155494933490594,37.519447326660156,1633200,0.0,0.0
2014-06-27 00:00:00-04:00,37.34960945414092,37.697386486564994,36.91286577361816,37.23638153076172,2011560,0.0,0.0
2014-06-30 00:00:00-04:00,37.08270970822184,37.301083400809325,36.8562501579362,37.260643005371094,2677920,0.0,0.0
2014-07-01 00:00:00-04:00,37.446663237967826,37.69738777319565,37.04227408121003,37.1312370300293,1318200,0.0,0.0
2014-07-02 00:00:00-04:00,36.94521757759052,37.39005082974771,36.548914281898384,36.62979507446289,2434800,0.0,0.0
2014-07-03 00:00:00-04:00,36.79155151256982,37.04227606119941,36.589356923383185,36.961395263671875,1059360,0.0,0.0
2014-07-07 00:00:00-04:00,36.86434281667105,36.86434281667105,35.96659410008,36.03129577636719,2827320,0.0,0.0
2014-07-08 00:00:00-04:00,35.98276563502135,35.990851492526374,35.311472857897606,35.32765197753906,3648600,0.0,0.0
2014-07-09 00:00:00-04:00,35.376179401555724,35.70778102119344,34.97178655038263,35.6754264831543,2175840,0.0,0.0
2014-07-10 00:00:00-04:00,35.311469897474936,35.570283957620106,35.1335403218088,35.173980712890625,2384400,0.0,0.0
2014-07-11 00:00:00-04:00,34.9313414056009,35.271028800827594,34.71296776382808,35.0122184753418,2420280,0.0,0.0
2014-07-14 00:00:00-04:00,35.28721426580929,35.45705801180008,34.979877610938715,35.23059844970703,2048280,0.0,0.0
2014-07-15 00:00:00-04:00,35.23868631048609,35.28721256381205,33.89610442123962,34.38137435913086,3912720,0.0,0.0
2014-07-16 00:00:00-04:00,34.64017821954389,34.76958523968161,34.38136788158355,34.478424072265625,2364600,0.0,0.0
2014-07-17 00:00:00-04:00,34.163004698102206,34.60783424469535,33.03070693131003,33.13584899902344,3888360,0.0,0.0
2014-07-18 00:00:00-04:00,33.176288243030115,33.847577319672524,33.03070578438481,33.71817398071289,2697840,0.0,0.0
2014-07-21 00:00:00-04:00,33.564502293855284,33.564502293855284,32.98217985815191,33.06305694580078,3555000,0.0,0.0
2014-07-22 00:00:00-04:00,33.42700448869694,33.58067278383876,32.84468213844213,32.965999603271484,2800560,0.0,0.0
2014-07-23 00:00:00-04:00,32.96600802633414,32.99835886491249,32.45647306293476,32.925567626953125,2441520,0.0,0.0
2014-07-24 00:00:00-04:00,32.92556412405217,33.26525529761791,32.771895805995484,32.9498291015625,1808160,0.0,0.0
2014-07-25 00:00:00-04:00,32.779985221220414,32.957914813686145,32.318976566769834,32.35941696166992,2224080,0.0,0.0
2014-07-28 00:00:00-04:00,32.50499748499235,32.731453316457774,32.173395892587564,32.302799224853516,2212800,0.0,0.0
2014-07-29 00:00:00-04:00,32.30280130323177,33.06305703615605,31.671948910899314,32.610137939453125,3868560,0.0,0.0
2014-07-30 00:00:00-04:00,32.75572408411095,32.96600823853999,31.833710369428296,32.24618911743164,4183440,0.0,0.0
2014-07-31 00:00:00-04:00,31.98737317371267,32.05207854241348,31.33225954577293,31.396961212158203,2402760,0.0,0.0
2014-08-01 00:00:00-04:00,31.186677623090105,31.73665290364042,31.10580053873665,31.502103805541992,2651760,0.0,0.0
2014-08-04 00:00:00-04:00,31.582984541498977,32.14104567843077,31.445491647161067,32.01163864135742,2165520,0.0,0.0
2014-08-05 00:00:00-04:00,31.728560641275756,32.464555004301744,31.68003439479735,31.82561683654785,2753760,0.0,0.0
2014-08-06 00:00:00-04:00,31.607246283955444,32.49690903286014,31.607246283955444,32.286624908447266,2021040,0.0,0.0
2014-08-07 00:00:00-04:00,32.77998215255346,32.90129962358095,32.18957021339866,32.318973541259766,3297600,0.0,0.0
2014-08-08 00:00:00-04:00,32.31897409917714,32.53734777218561,32.060163736671726,32.48073196411133,1902000,0.0,0.0
2014-08-11 00:00:00-04:00,32.4483837970329,32.93365372938209,32.4483837970329,32.72336959838867,2255040,0.0,0.0
2014-08-12 00:00:00-04:00,32.65057796768886,32.65866752754284,31.688127674745914,31.9388484954834,3106440,0.0,0.0
2014-08-13 00:00:00-04:00,32.03848185338499,32.58933586228244,31.916970539518505,32.36251449584961,2216520,0.0525,0.0
2014-08-14 00:00:00-04:00,32.330114664253635,32.370619679636796,32.046590681266764,32.184303283691406,1273800,0.0,0.0
2014-08-15 00:00:00-04:00,32.24910865718769,32.35441873162868,31.941280920313332,32.15999984741211,1455480,0.0,0.0
2014-08-18 00:00:00-04:00,32.29771058405906,32.4759281933075,31.93317658781356,32.03038787841797,1661400,0.0,0.0
2014-08-19 00:00:00-04:00,32.04659325231751,32.6217474590361,32.00608823368469,32.26531219482422,2353920,0.0,0.0
2014-08-20 00:00:00-04:00,32.23290707721215,32.281510870732895,31.844069312582715,32.184303283691406,1491000,0.0,0.0
2014-08-21 00:00:00-04:00,32.208604858512004,32.451627545908146,31.933179640560628,32.338218688964844,2839320,0.0,0.0
2014-08-22 00:00:00-04:00,32.23290554913946,32.72705336375353,31.91697534388439,32.54883575439453,2459280,0.0,0.0
2014-08-25 00:00:00-04:00,32.70274750850497,32.743252519360034,31.852168238167927,31.90887451171875,2627880,0.0,0.0
2014-08-26 00:00:00-04:00,31.997986818787865,32.61364228518731,31.997986818787865,32.192405700683594,2238240,0.0,0.0
2014-08-27 00:00:00-04:00,32.23290225234501,32.735148793342745,32.038483399132396,32.51642990112305,2226240,0.0,0.0
2014-08-28 00:00:00-04:00,32.3301093298002,32.3301093298002,31.98987912306109,32.022281646728516,1274400,0.0,0.0
2014-08-29 00:00:00-04:00,32.07899423817803,32.65414841718235,32.054690486523036,32.629844665527344,1966200,0.0,0.0
2014-09-02 00:00:00-04:00,32.629840094770124,32.727051379541,32.18429980661691,32.419219970703125,2861520,0.0,0.0
2014-09-03 00:00:00-04:00,32.64604121963353,32.799958777518015,32.3868173083917,32.4354248046875,1602840,0.0,0.0
2014-09-04 00:00:00-04:00,32.44352233098037,32.69464374707989,32.19240091488085,32.257205963134766,3601320,0.0,0.0
2014-09-05 00:00:00-04:00,32.21670886330895,32.50023658137484,32.046593715762256,32.49213409423828,1813800,0.0,0.0
2014-09-08 00:00:00-04:00,32.27341134876139,32.28151012671232,31.528142073924982,31.714458465576172,2268600,0.0,0.0
2014-09-09 00:00:00-04:00,31.74686079425245,31.98988346295888,31.106901594423068,31.341825485229492,3449280,0.0,0.0
2014-09-10 00:00:00-04:00,31.285113295480176,31.649647229658797,30.977283774697675,31.479528427124023,3207960,0.0,0.0
2014-09-11 00:00:00-04:00,31.22031258058927,31.592945342806622,30.952986175165247,31.576744079589844,3391080,0.0,0.0
2014-09-12 00:00:00-04:00,31.51194246083411,31.78736767376611,31.398529897725723,31.730661392211914,2085960,0.0,0.0
2014-09-15 00:00:00-04:00,31.690155821479618,31.787367117905724,31.285120495771512,31.51194190979004,1920240,0.0,0.0
2014-09-16 00:00:00-04:00,31.30941944217143,31.827871019079037,31.220314343563214,31.45523452758789,1940520,0.0,0.0
2014-09-17 00:00:00-04:00,31.730659232589,31.82787052409872,31.44713155234709,31.48763656616211,1986360,0.0,0.0
2014-09-18 00:00:00-04:00,31.40662934935846,31.463335625432855,30.588452568002094,30.76666831970215,3131040,0.0,0.0
2014-09-19 00:00:00-04:00,30.839577402780275,30.92058372391859,30.564152202678322,30.790971755981445,3459360,0.0,0.0
2014-09-22 00:00:00-04:00,30.6694612833994,30.6694612833994,30.06190458718217,30.34543228149414,2111880,0.0,0.0
2014-09-23 00:00:00-04:00,30.38593327541314,30.53984898715919,30.08620619191649,30.102407455444336,2777640,0.0,0.0
2014-09-24 00:00:00-04:00,30.159111502760403,30.159111502760403,29.575856752432014,29.99709701538086,3334800,0.0,0.0
2014-09-25 00:00:00-04:00,29.932294113111396,29.940392891240855,29.130318542012713,29.59206199645996,4590960,0.0,0.0
2014-09-26 00:00:00-04:00,29.559653489871117,30.126706938521092,29.51104970317924,30.00519561767578,2367120,0.0,0.0
2014-09-29 00:00:00-04:00,29.648766775400812,30.361633546177814,29.583959862550223,30.34543228149414,2594640,0.0,0.0
2014-09-30 00:00:00-04:00,30.18341307817401,30.790969717059284,30.15101055186432,30.669458389282227,3937800,0.0,0.0
2014-10-01 00:00:00-04:00,30.62085724819178,30.750469218756294,29.76217724790841,29.843185424804688,3093840,0.0,0.0
2014-10-02 00:00:00-04:00,29.705469979802984,29.786478154004822,28.879192536114857,29.259929656982422,2757000,0.0,0.0
2014-10-03 00:00:00-04:00,29.34903770357284,29.34903770357284,28.67667413956627,28.790084838867188,2878080,0.0,0.0
2014-10-06 00:00:00-04:00,28.87919044494629,29.065508675884296,28.59566649105963,28.87919044494629,2068440,0.0,0.0
2014-10-07 00:00:00-04:00,28.652372407777293,28.77388373957099,28.061017012499185,28.125822067260742,2395440,0.0,0.0
2014-10-08 00:00:00-04:00,28.012414685581575,28.182529817338022,27.28334665671244,28.158227920532227,5197920,0.0,0.0
2014-10-09 00:00:00-04:00,27.947604951481804,27.95570558293249,26.40846272646283,26.52187156677246,5779080,0.0,0.0
2014-10-10 00:00:00-04:00,26.497572684625087,26.910710497922132,25.946722266895698,26.31935691833496,3738960,0.0,0.0
2014-10-13 00:00:00-04:00,26.497571194669753,26.943113366516133,25.971022703662786,26.027727127075195,3437640,0.0,0.0
2014-10-14 00:00:00-04:00,26.1897455047812,26.813501627156448,25.711800768203442,26.278852462768555,3839160,0.0,0.0
2014-10-15 00:00:00-04:00,25.809007091251832,27.364352566882424,25.63079132991338,27.275243759155273,6041040,0.0,0.0
2014-10-16 00:00:00-04:00,26.748694837807427,28.54706295813849,26.748694837807427,27.955707550048828,4867440,0.0,0.0
2014-10-17 00:00:00-04:00,28.085322032840697,28.53896488310755,27.89900562555566,28.17443084716797,4032000,0.0,0.0
2014-10-20 00:00:00-04:00,28.449854460564676,28.887296020610837,28.02861416509565,28.15012550354004,3424920,0.0,0.0
2014-10-21 00:00:00-04:00,28.263536101519147,28.773883316729812,28.23113357461453,28.547061920166016,2600760,0.0,0.0
2014-10-22 00:00:00-04:00,28.676674927186262,28.887295067975014,28.05291699095726,28.08531951904297,2113440,0.0,0.0
2014-10-23 00:00:00-04:00,28.344545988960043,28.65237559567426,28.077221400094217,28.17443084716797,2674680,0.0,0.0
2014-10-24 00:00:00-04:00,28.012415610673987,28.33644462035054,27.672183481809263,28.093421936035156,2719680,0.0,0.0
2014-10-27 00:00:00-04:00,27.672181227501362,27.90710140602697,27.315747862601164,27.728885650634766,5081040,0.0,0.0
2014-10-28 00:00:00-04:00,27.25904417382226,29.69736966244677,27.04032339904096,28.846790313720703,9478800,0.0,0.0
2014-10-29 00:00:00-04:00,29.195124040657497,29.405744190446978,28.741483065724026,29.170822143554688,3487920,0.0,0.0
2014-10-30 00:00:00-04:00,29.07360851999661,29.268027377091805,28.44175001561067,29.065507888793945,3039960,0.0,0.0
2014-10-31 00:00:00-04:00,28.976401560972107,29.88368716591922,28.63616945911694,29.810781478881836,3330600,0.0,0.0
2014-11-03 00:00:00-05:00,30.078104941562284,30.831474804807726,29.818879168100754,30.01329803466797,3721320,0.0,0.0
2014-11-04 00:00:00-05:00,29.81887663110062,30.709960863918266,29.446243901096004,30.580347061157227,4812480,0.0,0.0
2014-11-05 00:00:00-05:00,30.75046907737091,32.078993160135774,30.272524358700554,31.79546546936035,5397360,0.0,0.0
2014-11-06 00:00:00-05:00,31.89526433898097,32.081883985988455,31.457123229624987,31.919607162475586,2814600,0.0525,0.0
2014-11-07 00:00:00-05:00,31.99262816554149,32.747207320836864,31.952058035874423,32.43888473510742,3319200,0.0,0.0
2014-11-10 00:00:00-05:00,32.633615327268664,32.79589212761481,31.45711873878949,31.59505271911621,3971520,0.0,0.0
2014-11-11 00:00:00-05:00,31.48957417951825,31.70053291122726,31.05954306158039,31.62750816345215,2331480,0.0,0.0
2014-11-12 00:00:00-05:00,31.42466485436733,32.114334772083716,31.181251505268257,31.99262809753418,4342200,0.0,0.0
2014-11-13 00:00:00-05:00,31.830351221453355,31.992628025216902,31.08388386684974,31.473346710205078,4657560,0.0,0.0
2014-11-14 00:00:00-05:00,31.440895649132226,32.17924757568901,31.39221371675376,32.13056564331055,3104640,0.0,0.0
2014-11-17 00:00:00-05:00,31.92772266478886,32.74721115207263,31.724875706914542,32.657962799072266,4738920,0.0,0.0
2014-11-18 00:00:00-05:00,32.42265734118207,33.09610366376583,32.42265734118207,32.95005416870117,3894480,0.0,0.0
2014-11-19 00:00:00-05:00,32.74720673097158,33.18535149522771,32.48756979119656,33.079872131347656,7432800,0.0,0.0
2014-11-20 00:00:00-05:00,33.055535381885754,33.90748215093336,32.885146770914865,33.76143264770508,4110840,0.0,0.0
2014-11-21 00:00:00-05:00,34.240149357491326,34.28883128970397,33.20158289932142,33.6802978515625,2988600,0.0,0.0
2014-11-24 00:00:00-05:00,33.696519759127575,33.980503222788506,33.04741629112806,33.25026321411133,2445960,0.0,0.0
2014-11-25 00:00:00-05:00,33.32328565826875,33.50990528103889,32.47133894531177,32.56870651245117,4632480,0.0,0.0
2014-11-26 00:00:00-05:00,32.584940223392486,32.722874232597015,32.203592819804236,32.5200309753418,2977560,0.0,0.0
2014-11-28 00:00:00-05:00,31.35164518833342,31.822244653813485,31.059548007812985,31.74921989440918,3457080,0.0,0.0
2014-12-01 00:00:00-05:00,31.40032239948359,31.424665220354182,30.094003582212157,30.386098861694336,5281080,0.0,0.0
2014-12-02 00:00:00-05:00,30.231938490816773,30.83236009149714,29.769454593692526,30.19948387145996,4390440,0.0,0.0
2014-12-03 00:00:00-05:00,30.231938794826128,31.010862666898298,29.907388883801246,30.58083152770996,2528880,0.0,0.0
2014-12-04 00:00:00-05:00,30.32119190904297,30.605173555325973,29.87493344451542,29.956071853637695,4046760,0.0,0.0
2014-12-05 00:00:00-05:00,29.842478260782887,30.52403642752174,29.526041999658606,29.858707427978516,3767880,0.0,0.0
2014-12-08 00:00:00-05:00,29.436787057414847,29.607175653883292,28.357654327524244,28.568613052368164,4165200,0.0,0.0
2014-12-09 00:00:00-05:00,28.08179145709806,29.347540321324388,28.057450489920004,29.290742874145508,3995640,0.0,0.0
2014-12-10 00:00:00-05:00,28.868824374033114,28.917508160711723,28.187268074401796,28.36577033996582,3729960,0.0,0.0
2014-12-11 00:00:00-05:00,28.982417083001277,29.290739681173335,28.55238780510939,28.649751663208008,6076920,0.0,0.0
2014-12-12 00:00:00-05:00,28.2684086602431,28.828260215862365,27.83026380305439,27.85460662841797,3039720,0.0,0.0
2014-12-15 00:00:00-05:00,28.065561248473973,28.244063513116558,27.432685024595056,27.546279907226562,3673560,0.0,0.0
2014-12-16 00:00:00-05:00,27.570623058358837,28.22783844192651,27.213616643664984,27.335323333740234,3990120,0.0,0.0
2014-12-17 00:00:00-05:00,27.54628250814494,28.657868189591714,27.39211933651508,28.317089080810547,3467880,0.0,0.0
2014-12-18 00:00:00-05:00,28.925618550449283,29.04732522557627,28.0899009907276,28.682205200195312,2577840,0.0,0.0
2014-12-19 00:00:00-05:00,28.73900623704416,29.022987895528292,27.38400533193607,28.30086326599121,5745840,0.0,0.0
2014-12-22 00:00:00-05:00,28.016877045967227,28.05744717690356,27.0919074027441,28.049331665039062,6621720,0.0,0.0
2014-12-23 00:00:00-05:00,27.81403603893683,28.665982857224645,27.781579560178773,28.430683135986328,4674360,0.0,0.0
2014-12-24 00:00:00-05:00,28.373881880184456,28.665979007196306,28.325199954230698,28.357654571533203,1291200,0.0,0.0
2014-12-26 00:00:00-05:00,28.511819483825292,28.779573824787484,28.276521621386298,28.422569274902344,1918920,0.0,0.0
2014-12-29 00:00:00-05:00,28.479364605834682,28.803914531369504,28.33331695363435,28.414453506469727,2028240,0.0,0.0
2014-12-30 00:00:00-05:00,28.373882896514164,28.406337514979167,27.659870147705078,27.659870147705078,2221680,0.0,0.0
2014-12-31 00:00:00-05:00,27.554392536145233,27.72478300813544,27.31097916795633,27.43268585205078,2163960,0.0,0.0
2015-01-02 00:00:00-05:00,27.432684667471797,27.878943108913642,27.254182405152985,27.830259323120117,1802520,0.0,0.0
2015-01-05 00:00:00-05:00,27.54627911408879,27.54627911408879,26.13448091898855,26.337324142456055,3357120,0.0,0.0
2015-01-06 00:00:00-05:00,26.321099118648608,26.523944216825978,25.17705699910864,25.314990997314453,4278840,0.0,0.0
2015-01-07 00:00:00-05:00,25.56651871627692,25.72068188645048,24.730799192076088,25.19328498840332,5784480,0.0,0.0
2015-01-08 00:00:00-05:00,25.18517201516523,25.72068258329883,24.974213250230875,25.51783561706543,5507640,0.0,0.0
2015-01-09 00:00:00-05:00,25.444812569365226,25.509723672472553,24.722686064917102,24.990442276000977,4648920,0.0,0.0
2015-01-12 00:00:00-05:00,24.584750662359337,24.771368448223672,24.252085224177545,24.64154624938965,3548640,0.0,0.0
2015-01-13 00:00:00-05:00,24.714571004096705,24.771368448223672,24.049241984829777,24.64154624938965,5897760,0.0,0.0
2015-01-14 00:00:00-05:00,24.536067946745757,25.177055979664395,24.341336511812617,25.128372192382812,5311680,0.0,0.0
2015-01-15 00:00:00-05:00,25.112146546843626,25.331217088092707,24.357563635086727,24.45492935180664,3718080,0.0,0.0
2015-01-16 00:00:00-05:00,24.57663665033127,24.925529394028857,24.471157275995104,24.552295684814453,2862720,0.0,0.0
2015-01-20 00:00:00-05:00,24.365676213712153,24.690227969409406,24.06546727894198,24.560407638549805,4396440,0.0,0.0
2015-01-21 00:00:00-05:00,24.76325188655134,25.34744432816402,24.6658861700998,25.339330673217773,3200760,0.0,0.0
2015-01-22 00:00:00-05:00,25.534059553009616,25.534059553009616,24.738908448107292,25.241962432861328,4120560,0.0,0.0
2015-01-23 00:00:00-05:00,25.079690224521332,25.185169596860277,24.495497777696126,24.60909080505371,3779160,0.0,0.0
2015-01-26 00:00:00-05:00,24.625321669563377,25.258196090123246,24.609092501310855,25.19328498840332,2365080,0.0,0.0
2015-01-27 00:00:00-05:00,24.909299488411612,25.095917266036796,24.552294957218056,24.89307403564453,2643120,0.0,0.0
2015-01-28 00:00:00-05:00,24.730795705550772,24.81193410698768,24.081694065344866,24.17094612121582,4021560,0.0,0.0
2015-01-29 00:00:00-05:00,24.227743945310554,24.34133697500033,23.37579715118554,23.740917205810547,8234280,0.0,0.0
2015-01-30 00:00:00-05:00,23.52995955126349,25.32310328843302,23.132383031686896,23.489389419555664,8798280,0.0,0.0
2015-02-02 00:00:00-05:00,23.684121581704936,24.625320438461532,23.521844764066238,24.552295684814453,5992080,0.0,0.0
2015-02-03 00:00:00-05:00,24.941756584261167,26.28053010930184,24.795708934766964,26.175050735473633,6394560,0.0,0.0
2015-02-04 00:00:00-05:00,25.826157398378907,26.369779708163772,25.201396682034996,25.339330673217773,6453600,0.0,0.0
2015-02-05 00:00:00-05:00,25.574630678928482,25.915409761932427,25.45292399621969,25.793703079223633,2422800,0.0,0.0
2015-02-06 00:00:00-05:00,25.923524650910416,26.661878437348992,25.769363340700423,25.9154109954834,4091040,0.0,0.0
2015-02-09 00:00:00-05:00,25.923523790491735,26.953972852294985,25.923523790491735,26.694334030151367,4657080,0.0,0.0
2015-02-10 00:00:00-05:00,26.653764873673197,26.77547156259408,26.134483496169885,26.734901428222656,2847000,0.0,0.0
2015-02-11 00:00:00-05:00,26.483374106349398,26.734899262170938,26.102024902476938,26.280529022216797,2593800,0.0,0.0
2015-02-12 00:00:00-05:00,26.68131945671371,26.82765173037258,26.42117091822306,26.608152389526367,2773200,0.0525,0.0
2015-02-13 00:00:00-05:00,26.900817474376836,27.388592936391174,26.762612814185818,27.315425872802734,2663520,0.0,0.0
2015-02-17 00:00:00-05:00,27.13657673426063,27.356076072365447,26.64880125434583,27.20161247253418,2026080,0.0,0.0
2015-02-18 00:00:00-05:00,26.957724563558152,27.46175897488116,26.795133358177893,27.160964965820312,3178440,0.0,0.0
2015-02-19 00:00:00-05:00,26.71383781168014,27.665000398820315,26.583764470429127,27.632482528686523,1948200,0.0,0.0
2015-02-20 00:00:00-05:00,27.68125720668232,27.84385026628828,27.291037212916283,27.50240707397461,2511240,0.0,0.0
2015-02-23 00:00:00-05:00,27.112186732183137,27.510536187744492,26.90081687383806,27.104055404663086,2767080,0.0,0.0
2015-02-24 00:00:00-05:00,27.307297628220393,28.071478723393678,27.1934832246078,27.917016983032227,2325120,0.0,0.0
2015-02-25 00:00:00-05:00,27.90888821083839,28.09586782525622,27.59996472242081,27.900758743286133,1791240,0.0,0.0
2015-02-26 00:00:00-05:00,27.77881588531395,27.892630295924274,26.144766797521413,26.258583068847656,2989440,0.0,0.0
2015-02-27 00:00:00-05:00,26.437430863498456,26.5024684612085,26.006561663048252,26.177282333374023,2995080,0.0,0.0
2015-03-02 00:00:00-05:00,26.177280402884794,26.185411730125175,25.470007511652167,25.591951370239258,6790080,0.0,0.0
2015-03-03 00:00:00-05:00,25.66511769924984,25.876487559633652,25.380582636920956,25.835840225219727,3692160,0.0,0.0
2015-03-04 00:00:00-05:00,25.62447009397474,25.63259956077159,24.348123338996274,24.624530792236328,5455440,0.0,0.0
2015-03-05 00:00:00-05:00,24.624531828805463,24.72208729518998,24.022941956936,24.68956756591797,3962040,0.0,0.0
2015-03-06 00:00:00-05:00,24.535106653037726,24.89280880130942,23.8034434216705,23.94977569580078,4358760,0.0,0.0
2015-03-09 00:00:00-04:00,23.892868361498405,23.9904238268193,22.86854062741832,23.209983825683594,6858720,0.0,0.0
2015-03-10 00:00:00-04:00,22.876669881514523,23.20998360962662,22.738465221512257,22.762853622436523,4763640,0.0,0.0
2015-03-11 00:00:00-04:00,22.76285438166588,23.331928253173828,22.486448773873587,23.331928253173828,3822360,0.0,0.0
2015-03-12 00:00:00-04:00,21.974284251913254,22.844152107513217,21.706008119212203,22.44580078125,13734600,0.0,0.0
2015-03-13 00:00:00-04:00,22.18565399547857,22.26695052583598,21.29952721065838,21.592193603515625,6304200,0.0,0.0
2015-03-16 00:00:00-04:00,21.510898385234192,22.006803343159543,21.226363302701365,21.966156005859375,4358760,0.0,0.0
2015-03-17 00:00:00-04:00,21.88485826196023,22.096228125679936,21.689749192978425,21.94989585876465,4536000,0.0,0.0
2015-03-18 00:00:00-04:00,22.445800389853453,22.51896559165117,21.54341468195608,22.364503860473633,4752120,0.0,0.0
2015-03-19 00:00:00-04:00,21.974285676499882,22.746598117354875,21.941767806359078,22.681560516357422,5637480,0.0,0.0
2015-03-20 00:00:00-04:00,22.901059409366624,22.974224615739768,22.616522469101408,22.91731834411621,5496000,0.0,0.0
2015-03-23 00:00:00-04:00,23.00674105022908,23.405092369610674,22.949834782154966,23.266889572143555,2376360,0.0,0.0
2015-03-24 00:00:00-04:00,23.234371219761158,23.421350814532317,22.770984175108808,23.00674057006836,2500320,0.0,0.0
2015-03-25 00:00:00-04:00,23.234371276188224,23.738403794839343,23.13681581485886,23.592071533203125,4155960,0.0,0.0
2015-03-26 00:00:00-04:00,23.76279412242936,23.900996917735814,22.275077519589598,22.2832088470459,3939120,0.0,0.0
2015-03-27 00:00:00-04:00,21.990543741765606,22.07183840702342,21.60845137219141,21.754783630371094,3758640,0.0,0.0
2015-03-30 00:00:00-04:00,21.852340798979583,22.90105880929075,21.852340798979583,22.705947875976562,3704280,0.0,0.0
2015-03-31 00:00:00-04:00,22.42141229144888,22.762853625871536,22.364504161901294,22.673429489135742,2572200,0.0,0.0
2015-04-01 00:00:00-04:00,22.62465438569951,23.169336156842082,22.397023711136775,22.543357849121094,2806080,0.0,0.0
2015-04-02 00:00:00-04:00,22.429542405619586,23.811572299287196,22.429542405619586,23.64898109436035,3681120,0.0,0.0
2015-04-06 00:00:00-04:00,23.527037981779674,23.55142638419532,22.982354357584477,23.3156681060791,4262760,0.0,0.0
2015-04-07 00:00:00-04:00,23.4782586237225,24.218051247507326,23.380703163953104,23.917255401611328,3073680,0.0,0.0
2015-04-08 00:00:00-04:00,24.055456861202703,24.071715793477285,23.323793744553356,23.632719039916992,2396160,0.0,0.0
2015-04-09 00:00:00-04:00,23.67336756645758,23.900996351231388,22.60839070223569,23.153074264526367,5412960,0.0,0.0
2015-04-10 00:00:00-04:00,23.161205328591763,23.429481464609356,22.74659692390237,23.340055465698242,3124080,0.0,0.0
2015-04-13 00:00:00-04:00,23.46199876701572,23.608332892872912,22.770984775871003,23.218111038208008,2724120,0.0,0.0
2015-04-14 00:00:00-04:00,23.19372438336027,23.380705857855066,22.99048583453235,23.088041305541992,5148840,0.0,0.0
2015-04-15 00:00:00-04:00,23.340054856600304,25.14482441836268,23.291278055221202,25.02288055419922,6833880,0.0,0.0
2015-04-16 00:00:00-04:00,24.884678737742693,25.705767951686205,24.68956780309932,25.315547943115234,5394480,0.0,0.0
2015-04-17 00:00:00-04:00,25.063530737951748,25.502527549825675,24.811511672072484,25.315547943115234,4613160,0.0,0.0
2015-04-20 00:00:00-04:00,25.242382214975862,25.770806915669997,24.40503402222904,24.429424285888672,7805040,0.0,0.0
2015-04-21 00:00:00-04:00,24.42942061821756,24.803379795309855,23.876607597575344,23.974163055419922,4071360,0.0,0.0
2015-04-22 00:00:00-04:00,23.94977362564443,24.543233998996108,23.665238569390254,24.405031204223633,3742320,0.0,0.0
2015-04-23 00:00:00-04:00,24.461943298976124,25.006625099689604,24.32373862107489,24.94158935546875,2570520,0.0,0.0
2015-04-24 00:00:00-04:00,24.835898089262955,25.112305534707932,24.52697463826324,24.55136489868164,2456520,0.0,0.0
2015-04-27 00:00:00-04:00,24.58388226928579,24.64078853411157,24.055457649468465,24.291215896606445,5389560,0.0,0.0
2015-04-28 00:00:00-04:00,24.673309214453035,25.201730133270956,23.2099828766225,23.502647399902344,9807720,0.0,0.0
2015-04-29 00:00:00-04:00,23.527037008623186,25.470009425488296,23.510778074351947,25.09604835510254,7068240,0.0,0.0
2015-04-30 00:00:00-04:00,25.112307210244627,26.770744550705796,24.608272806561423,26.4049129486084,8935320,0.0,0.0
2015-05-01 00:00:00-04:00,26.543111993591587,27.11218581493925,26.07159735274288,26.900815963745117,4578840,0.0,0.0
2015-05-04 00:00:00-04:00,26.860170222141544,27.754426541013625,26.84391128699345,26.99837303161621,4923960,0.0,0.0
2015-05-05 00:00:00-04:00,27.20161077080303,27.274775971783566,26.15289281030763,26.339874267578125,5298960,0.0,0.0
2015-05-06 00:00:00-04:00,26.69757695689482,27.112187214151046,26.307356961200977,26.86829948425293,4070760,0.0,0.0
2015-05-07 00:00:00-04:00,26.76485500372975,26.78928998248392,26.105099391750848,26.32501792907715,2444040,0.0525,0.0
2015-05-08 00:00:00-04:00,26.658968810684637,27.19654767630206,26.145826788621648,27.155820846557617,3442920,0.0,0.0
2015-05-11 00:00:00-04:00,27.074373598877813,27.180258519606856,26.28429614047389,26.308732986450195,3095880,0.0,0.0
2015-05-12 00:00:00-04:00,26.390180948143183,26.911467975906252,26.357600974975355,26.512357711791992,1781400,0.0,0.0
2015-05-13 00:00:00-04:00,26.55308339379415,26.65082330906925,25.290588981194237,25.486072540283203,4207320,0.0,0.0
2015-05-14 00:00:00-04:00,25.673411155923528,25.885184716677806,25.347605821245367,25.714136123657227,2493480,0.0,0.0
2015-05-15 00:00:00-04:00,25.6734103937439,26.202842415642557,25.420911872751972,26.105100631713867,2660640,0.0,0.0
2015-05-18 00:00:00-04:00,26.113247143573304,26.113247143573304,25.290589780779793,25.551233291625977,2487600,0.0,0.0
2015-05-19 00:00:00-04:00,25.28244542260422,25.89332924907779,25.062526872219834,25.111398696899414,2992320,0.0,0.0
2015-05-20 00:00:00-04:00,25.19284856461666,25.37204028325157,24.655271544442446,25.315025329589844,1762080,0.0,0.0
2015-05-21 00:00:00-04:00,25.51050837048422,26.227277094436484,25.51050837048422,25.779296875,2002200,0.0,0.0
2015-05-22 00:00:00-04:00,25.583813561710972,25.84445893985543,25.3313169053972,25.648975372314453,1455960,0.0,0.0
2015-05-26 00:00:00-04:00,25.24986142933549,25.29058825713684,24.18285247064188,24.199142456054688,2734440,0.0,0.0
2015-05-27 00:00:00-04:00,24.10954839695944,24.419061859390638,23.824468049250353,24.06067657470703,2284440,0.0,0.0
2015-05-28 00:00:00-04:00,23.962937431056115,23.962937431056115,23.00996009564781,23.213586807250977,4443600,0.0,0.0
2015-05-29 00:00:00-04:00,23.246163260355736,23.49051676866857,22.659714467551073,22.676006317138672,4400880,0.0,0.0
2015-06-01 00:00:00-04:00,22.651570659380766,22.806327392266233,22.228025426149642,22.65971565246582,4062240,0.0,0.0
2015-06-02 00:00:00-04:00,22.765602680150035,23.343904605344296,22.553829146385475,23.16471290588379,2979840,0.0,0.0
2015-06-03 00:00:00-04:00,23.115842139671503,23.286890718685218,22.561973302500935,22.667861938476562,2713560,0.0,0.0
2015-06-04 00:00:00-04:00,22.504957242628855,22.627133994070128,22.21987877735564,22.30133056640625,5518800,0.0,0.0
2015-06-05 00:00:00-04:00,22.195441826524164,22.692295686593802,21.894073377776415,22.073265075683594,3292680,0.0,0.0
2015-06-08 00:00:00-04:00,22.162865207501955,22.43165559140415,21.8452067258523,22.333913803100586,3834600,0.0,0.0
2015-06-09 00:00:00-04:00,22.537538828117484,23.148422629114318,22.521250706262904,22.63528060913086,4220280,0.0,0.0
2015-06-10 00:00:00-04:00,22.79003889356757,23.034392410618054,22.268750023395654,22.309476852416992,3459720,0.0,0.0
2015-06-11 00:00:00-04:00,22.309478158703595,22.309478158703595,21.332064033271138,21.454240798950195,4247280,0.0,0.0
2015-06-12 00:00:00-04:00,21.31576947341441,21.38093127682181,20.5094040409644,20.57456398010254,4996680,0.0,0.0
2015-06-15 00:00:00-04:00,20.41981014443224,20.97367716241049,20.175456609613715,20.484970092773438,4131720,0.0,0.0
2015-06-16 00:00:00-04:00,20.509405505615536,20.63158226449389,20.020698470102122,20.199892044067383,3763560,0.0,0.0
2015-06-17 00:00:00-04:00,20.370939636254302,20.533841367003202,19.65416903812799,20.289487838745117,5404080,0.0,0.0
2015-06-18 00:00:00-04:00,20.281342323329643,20.37908410497066,19.41796000332795,19.686748504638672,3950880,0.0,0.0
2015-06-19 00:00:00-04:00,19.572718328652417,19.63788014313596,19.067721257415872,19.132883071899414,4995720,0.0,0.0
2015-06-22 00:00:00-04:00,19.22247857028214,19.629731960170805,19.07586496365732,19.352798461914062,3897600,0.0,0.0
2015-06-23 00:00:00-04:00,19.336508834239943,19.54828239061008,18.96183354603788,19.4749755859375,4955040,0.0,0.0
2015-06-24 00:00:00-04:00,19.474975049207064,19.776345388700257,19.035139826101886,19.075864791870117,5066160,0.0,0.0
2015-06-25 00:00:00-04:00,19.075863867428094,19.132880681009937,18.12288666474806,18.554576873779297,7713120,0.0,0.0
2015-06-26 00:00:00-04:00,18.42425414035733,18.603445835743035,18.106593846934054,18.236915588378906,5903520,0.0,0.0
2015-06-29 00:00:00-04:00,17.95998314658806,19.157315729214467,17.886676347220778,17.943693161010742,8706240,0.0,0.0
2015-06-30 00:00:00-04:00,18.033290513584312,18.179902252664387,17.463131679084682,17.70748519897461,9749040,0.0,0.0
2015-07-01 00:00:00-04:00,17.634180218700166,17.658615197775877,16.518297531548754,17.047731399536133,9965520,0.0,0.0
2015-07-02 00:00:00-04:00,17.023299003732895,17.95184139940125,16.949992191112113,17.748212814331055,9623520,0.0,0.0
2015-07-06 00:00:00-04:00,17.454986464676644,17.805226753979735,17.349099692164604,17.43054962158203,8179440,0.0,0.0
2015-07-07 00:00:00-04:00,17.243213500304357,17.316520303517976,16.46128296594985,16.762651443481445,8985360,0.0,0.0
2015-07-08 00:00:00-04:00,16.705635814080022,16.83595756452532,16.168058826526856,16.31467056274414,5605920,0.0,0.0
2015-07-09 00:00:00-04:00,16.526444034525884,17.015151117768795,16.485719065678833,16.493864059448242,7254600,0.0,0.0
2015-07-10 00:00:00-04:00,16.404266445662497,16.656766832731172,15.809672608799053,15.997011184692383,4754760,0.0,0.0
2015-07-13 00:00:00-04:00,16.14362168317653,16.306523402134303,15.581608795289409,16.216928482055664,4997160,0.0,0.0
2015-07-14 00:00:00-04:00,16.208781926687458,16.705635814080022,15.907413461366895,16.31467056274414,6388800,0.0,0.0
2015-07-15 00:00:00-04:00,16.371687016958656,16.485718792107683,15.280241091543443,15.418707847595215,7489920,0.0,0.0
2015-07-16 00:00:00-04:00,15.475721614966874,15.508302517174997,14.783386997424389,14.824112892150879,6688800,0.0,0.0
2015-07-17 00:00:00-04:00,14.767097517112157,14.824114334557846,13.944442007095589,14.01774787902832,13520400,0.0,0.0
2015-07-20 00:00:00-04:00,13.49645922278526,14.074762107285542,12.600496954847658,13.569765090942383,16852560,0.0,0.0
2015-07-21 00:00:00-04:00,13.871135366957438,14.848549489970926,13.82226540651456,14.294681549072266,10714440,0.0,0.0
2015-07-22 00:00:00-04:00,14.0421813879045,14.359840754424892,13.846698772517696,14.164358139038086,10167480,0.0,0.0
2015-07-23 00:00:00-04:00,14.3435528151361,14.701938127190868,14.294681921285946,14.530890464782715,13465920,0.0,0.0
2015-07-24 00:00:00-04:00,14.335406707132877,14.490163438137557,14.025892312988821,14.367986679077148,8541120,0.0,0.0
2015-07-27 00:00:00-04:00,14.10734373710917,14.425003136896835,13.887425189183622,14.131778717041016,11484480,0.0,0.0
2015-07-28 00:00:00-04:00,13.54532930128043,15.834108677481886,13.178799025081956,14.4575834274292,19093440,0.0,0.0
2015-07-29 00:00:00-04:00,14.376133232443811,14.376133232443811,13.235817312200293,13.58605670928955,10630320,0.0,0.0
2015-07-30 00:00:00-04:00,13.626781759704988,13.838554383506162,13.366138243600544,13.724523544311523,9399240,0.0,0.0
2015-07-31 00:00:00-04:00,13.683796850200935,13.789682689881099,13.30912158453958,13.455734252929688,5851080,0.0,0.0
2015-08-03 00:00:00-04:00,13.333558280967244,13.357993261071321,12.30727327030534,12.429450035095215,7754280,0.0,0.0
2015-08-04 00:00:00-04:00,12.339852561161585,12.494609290862735,11.093650002096172,11.777839660644531,15956400,0.0,0.0
2015-08-05 00:00:00-04:00,12.07920801372502,12.217675688425947,11.069213987286972,11.321712493896484,9579000,0.0,0.0
2015-08-06 00:00:00-04:00,11.150538420188372,11.761861818944434,11.069028944622723,11.647747993469238,8945640,0.00833,0.0
2015-08-07 00:00:00-04:00,11.549936554002764,11.818918470386523,10.653329544186597,10.718536376953125,8039640,0.0,0.0
2015-08-10 00:00:00-04:00,10.75114175164078,11.737410116197164,10.69408483472223,11.297257423400879,10085880,0.0,0.0
2015-08-11 00:00:00-04:00,10.987519619988426,11.093483534444669,10.506612640631564,10.963067054748535,7784400,0.0,0.0
2015-08-12 00:00:00-04:00,11.036425585609782,11.73741030995034,10.914160894881134,11.574390411376953,8089920,0.0,0.0
2015-08-13 00:00:00-04:00,11.403219160660313,11.549937342821696,10.376195616752726,10.55551815032959,9286080,0.0,0.0
2015-08-14 00:00:00-04:00,10.612574642448328,10.987518605536827,10.482159107598722,10.539215087890625,4937880,0.0,0.0
2015-08-17 00:00:00-04:00,10.465857342411688,11.020124811137807,10.457706487401827,10.61257553100586,5839440,0.0,0.0
2015-08-18 00:00:00-04:00,10.506612514112451,10.571820286772509,10.205026215757593,10.457706451416016,5120520,0.0,0.0
2015-08-19 00:00:00-04:00,10.408799866413252,10.84080071689054,10.131665238940672,10.245779991149902,6453600,0.0,0.0
2015-08-20 00:00:00-04:00,10.253931135906964,10.751141674877244,10.115365671244914,10.180572509765625,6551160,0.0,0.0
2015-08-21 00:00:00-04:00,10.099063548772339,10.65333103279095,10.082761838302847,10.278385162353516,8475120,0.0,0.0
2015-08-24 00:00:00-04:00,9.642608001777468,10.180572831842474,9.34102263285594,9.577401161193848,9269880,0.0,0.0
2015-08-25 00:00:00-04:00,10.131665191776472,10.72668778035806,9.773022960355316,9.976797103881836,10160880,0.0,0.0
2015-08-26 00:00:00-04:00,10.180572925751134,10.40064974597319,9.732269362964463,9.927892684936523,10174200,0.0,0.0
2015-08-27 00:00:00-04:00,10.205026079880682,11.696654909025185,10.156120017835416,11.297257423400879,11952240,0.0,0.0
2015-08-28 00:00:00-04:00,11.183142899243368,12.047146521755579,11.06902907245036,11.72925853729248,9167640,0.0,0.0
2015-08-31 00:00:00-04:00,11.55808767089116,12.634017226500179,11.362464369727379,12.4139404296875,10999920,0.0,0.0
2015-09-01 00:00:00-04:00,11.924881860216939,12.348732817800421,11.435823134759497,11.615144729614258,11677560,0.0,0.0
2015-09-02 00:00:00-04:00,11.794465643159093,12.16941051997696,11.020123327785193,11.549936294555664,7955160,0.0,0.0
2015-09-03 00:00:00-04:00,11.50103143094833,11.981939324113345,11.232048559907364,11.59884262084961,5874960,0.0,0.0
2015-09-04 00:00:00-04:00,11.215748182266925,11.32171023069644,10.669631565995518,10.92231273651123,7336440,0.0,0.0
2015-09-08 00:00:00-04:00,11.191294070212626,11.256501839823986,10.865254289350302,10.897859573364258,5330640,0.0,0.0
2015-09-09 00:00:00-04:00,11.011973010213246,11.468428352666534,10.571820310565835,10.88155746459961,7721760,0.0,0.0
2015-09-10 00:00:00-04:00,10.873406637809461,11.142389517540304,10.57997119301471,10.767443656921387,6843480,0.0,0.0
2015-09-11 00:00:00-04:00,10.637027701734999,10.816349303721399,10.017553415893085,10.213176727294922,10302000,0.0,0.0
2015-09-14 00:00:00-04:00,10.164272806347148,10.392499563688325,9.903440760691227,10.262084007263184,5564400,0.0,0.0
2015-09-15 00:00:00-04:00,10.229478281826534,10.726688806718908,10.13981794859364,10.628876686096191,5628240,0.0,0.0
2015-09-16 00:00:00-04:00,10.669631148735588,11.321709787935509,10.59627252336691,11.289106369018555,9382440,0.0,0.0
2015-09-17 00:00:00-04:00,11.232048706152083,11.452125518705113,10.987519329006739,11.028274536132812,7143000,0.0,0.0
2015-09-18 00:00:00-04:00,10.791896206833908,10.832651414688772,10.498460762451128,10.61257553100586,11991600,0.0,0.0
2015-09-21 00:00:00-04:00,10.637028464440624,10.759293159434193,10.343593009894935,10.474008560180664,5819160,0.0,0.0
2015-09-22 00:00:00-04:00,10.262082607750141,10.310988667941311,9.536645357863387,9.821929931640625,5937720,0.0,0.0
2015-09-23 00:00:00-04:00,9.821930874264803,9.870836939149557,8.892719372676899,8.974228858947754,9107040,0.0,0.0
2015-09-24 00:00:00-04:00,8.803057381707482,8.998680692517654,8.460715888185536,8.868265151977539,8815200,0.0,0.0
2015-09-25 00:00:00-04:00,8.9660779320607,8.998681353186658,8.362905313174542,8.509622573852539,5901840,0.0,0.0
2015-09-28 00:00:00-04:00,8.37920625551313,8.37920625551313,7.833090606472098,7.9798078536987305,7481760,0.0,0.0
2015-09-29 00:00:00-04:00,7.963507522357878,8.061318715038517,7.572259953218633,7.670072078704834,7825920,0.0,0.0
2015-09-30 00:00:00-04:00,7.800486471823311,8.134676627440609,7.604863170858292,7.987959384918213,7985040,0.0,0.0
2015-10-01 00:00:00-04:00,8.085771972008516,8.33030134563607,7.07504965930261,7.449995040893555,10555200,0.0,0.0
2015-10-02 00:00:00-04:00,7.295126053918049,8.118375448453639,7.295126053918049,8.028714179992676,9007800,0.0,0.0
2015-10-05 00:00:00-04:00,8.371054664393835,8.90086855774713,8.159129666735772,8.754150390625,15368520,0.0,0.0
2015-10-06 00:00:00-04:00,8.721547311255975,9.22690772981616,8.5829799926141,8.843811988830566,13244640,0.0,0.0
2015-10-07 00:00:00-04:00,9.12094456266001,9.740418791226794,9.006830741691585,9.218756675720215,16880400,0.0,0.0
2015-10-08 00:00:00-04:00,9.104643940477809,9.74857174050056,8.884567126250976,9.4551362991333,9052680,0.0,0.0
2015-10-09 00:00:00-04:00,9.577400340293021,9.773023643693275,9.324719190661517,9.544795989990234,7855080,0.0,0.0
2015-10-12 00:00:00-04:00,9.512192544946485,9.512192544946485,8.925321703639757,9.389927864074707,7690080,0.0,0.0
2015-10-13 00:00:00-04:00,9.24321045779256,9.601853675951082,9.088342346609217,9.267663955688477,6223800,0.0,0.0
2015-10-14 00:00:00-04:00,9.341022414645389,9.438833606041475,8.998680912745211,9.03128433227539,7015080,0.0,0.0
2015-10-15 00:00:00-04:00,8.982378681051095,9.487739116848854,8.892718349747346,9.430683135986328,6108120,0.0,0.0
2015-10-16 00:00:00-04:00,9.446984788974094,9.61815554586815,8.558528516647042,8.96607780456543,8948520,0.0,0.0
2015-10-19 00:00:00-04:00,8.835660940893591,8.998680835562903,8.493320374735243,8.566679000854492,5196360,0.0,0.0
2015-10-20 00:00:00-04:00,8.501471390931714,8.713396418499814,8.232489445786518,8.419960975646973,5846400,0.0,0.0
2015-10-21 00:00:00-04:00,8.411810651671388,8.444414069983445,7.857543212311296,7.865694999694824,6535440,0.0,0.0
2015-10-22 00:00:00-04:00,7.9227518510005295,8.265092404558882,7.865694936606553,8.093921661376953,7875240,0.0,0.0
2015-10-23 00:00:00-04:00,8.110224182056868,8.256941426703706,7.5478068338366615,7.743430137634277,10256160,0.0,0.0
2015-10-26 00:00:00-04:00,7.661920114478489,7.792336589725508,7.1973143947286395,7.221767425537109,12712080,0.0,0.0
2015-10-27 00:00:00-04:00,6.838671217564843,6.871275101099174,5.624175273303502,5.689383506774902,29660160,0.0,0.0
2015-10-28 00:00:00-04:00,5.787195550290294,6.105083552933198,5.664930862134904,5.762742519378662,17541360,0.0,0.0
2015-10-29 00:00:00-04:00,5.754591332693439,5.9583664395874525,5.501911095638204,5.518213272094727,15852480,0.0,0.0
2015-10-30 00:00:00-04:00,5.542665980052808,5.599722428313298,5.200324958476093,5.428552150726318,18268920,0.0,0.0
2015-11-02 00:00:00-05:00,5.379646207816651,6.439273180239299,5.371495353087969,6.37406587600708,15548040,0.0,0.0
2015-11-03 00:00:00-05:00,6.072479167271896,6.806067292155972,6.031724893315362,6.683802604675293,16152000,0.0,0.0
2015-11-04 00:00:00-05:00,6.67565157171009,7.009842206067314,6.341461403755622,6.618595123291016,13515960,0.0,0.0
2015-11-05 00:00:00-05:00,6.561537753376468,7.050596491089137,6.48817912928067,6.887577533721924,14444640,0.0,0.0
2015-11-06 00:00:00-05:00,6.757160971727073,6.895728296287212,6.520783393418488,6.691954135894775,10754640,0.0,0.0
2015-11-09 00:00:00-05:00,6.5695364800168115,6.879651664937186,6.389996748813135,6.716433048248291,14041920,0.00833,0.0
2015-11-10 00:00:00-05:00,6.626663165139818,6.724594051261122,6.46344455463301,6.66746711730957,9996120,0.0,0.0
2015-11-11 00:00:00-05:00,6.553215495520834,6.6674675021329755,6.03091600514797,6.177812576293945,12332040,0.0,0.0
2015-11-12 00:00:00-05:00,5.998272647228372,6.104364326470289,5.769767240491999,5.810571193695068,8976120,0.0,0.0
2015-11-13 00:00:00-05:00,5.859537089224556,6.177812605748889,5.62287088305294,6.0390777587890625,12137640,0.0,0.0
2015-11-16 00:00:00-05:00,6.341030678561506,6.520570398670336,6.1778120719588765,6.496088027954102,12014760,0.0,0.0
2015-11-17 00:00:00-05:00,6.381835918520523,6.496088389129123,6.185974140073226,6.283905029296875,10299480,0.0,0.0
2015-11-18 00:00:00-05:00,6.308387689092921,6.814363702218818,6.300225964689732,6.765398025512695,12956520,0.0,0.0
2015-11-19 00:00:00-05:00,6.585858301537542,6.732754864707232,6.349191642373667,6.389996528625488,12174480,0.0,0.0
2015-11-20 00:00:00-05:00,6.389996684159839,6.4552844103576135,6.137008437914472,6.422639846801758,9861840,0.0,0.0
2015-11-23 00:00:00-05:00,6.324709415695852,6.691950625651276,5.884020150537881,5.9901123046875,12494400,0.0,0.0
2015-11-24 00:00:00-05:00,5.9656297218684475,6.28390523922063,5.9656297218684475,6.1370086669921875,9455280,0.0,0.0
2015-11-25 00:00:00-05:00,6.047238191127834,6.577697976506887,5.957467628183369,6.5287322998046875,8040840,0.0,0.0
2015-11-27 00:00:00-05:00,6.463444791023847,6.528732517797152,6.006433505438621,6.104364395141602,5722800,0.0,0.0
2015-11-30 00:00:00-05:00,6.145169056757847,6.4879273915990066,6.088043056760403,6.4308013916015625,20701800,0.0,0.0
2015-12-01 00:00:00-05:00,6.496088273700506,7.108156904186642,6.373674547603279,7.0591912269592285,15619200,0.0,0.0
2015-12-02 00:00:00-05:00,7.010225636780169,7.475398175302883,6.8551687465676805,7.0755133628845215,17909040,0.0,0.0
2015-12-03 00:00:00-05:00,7.108157080309156,7.263214906380812,6.9939046088998085,7.0918354988098145,11023200,0.0,0.0
2015-12-04 00:00:00-05:00,6.936777698812573,6.977582586656943,6.267583048426466,6.300226211547852,12128640,0.0,0.0
2015-12-07 00:00:00-05:00,6.137008511629281,6.137008511629281,5.214824679807568,5.353560924530029,22837800,0.0,0.0
2015-12-08 00:00:00-05:00,5.1903420605242765,5.794249887339965,5.141376384360892,5.304594993591309,15718680,0.0,0.0
2015-12-09 00:00:00-05:00,5.4270089436147675,5.6963192398149225,5.280112375962744,5.631031513214111,19881000,0.0,0.0
2015-12-10 00:00:00-05:00,5.590226657161279,6.438961971061345,5.590226657161279,6.202295303344727,18163200,0.0,0.0
2015-12-11 00:00:00-05:00,6.063560564505556,6.0798816793302235,5.598388478749844,5.704479694366455,14937600,0.0,0.0
2015-12-14 00:00:00-05:00,5.728962408668607,5.786088410675859,5.1821814919551255,5.492295742034912,15833880,0.0,0.0
2015-12-15 00:00:00-05:00,5.63103144343075,5.843215735054059,5.182181422297578,5.337238311767578,15072360,0.0,0.0
2015-12-16 00:00:00-05:00,5.361721443435852,5.704479804450815,5.247468500773752,5.44333028793335,11004000,0.0,0.0
2015-12-17 00:00:00-05:00,5.5086177846659785,5.728962402658355,5.288273166673602,5.631031513214111,11269560,0.0,0.0
2015-12-18 00:00:00-05:00,5.704479643969173,6.071720834790485,5.63103159259344,6.0227556228637695,21354480,0.0,0.0
2015-12-21 00:00:00-05:00,6.03091622160231,6.6021809448794215,6.03091622160231,6.5042500495910645,10744920,0.0,0.0
2015-12-22 00:00:00-05:00,6.504249505931741,6.92861668337712,6.381835780310439,6.585858345031738,9093600,0.0,0.0
2015-12-23 00:00:00-05:00,6.757238082514537,7.0347087095689,6.561375831632602,7.026548385620117,8952480,0.0,0.0
2015-12-24 00:00:00-05:00,7.018387274221895,7.2387318878026425,6.961260339475708,7.0591912269592285,4243320,0.0,0.0
2015-12-28 00:00:00-05:00,6.9530996452165565,6.977582484169308,6.259422165706916,6.422639846801758,10212480,0.0,0.0
2015-12-29 00:00:00-05:00,6.6919500202172415,6.773559793230177,6.5695362946404465,6.7245941162109375,6885600,0.0,0.0
2015-12-30 00:00:00-05:00,6.553215163713851,6.7164328414342735,6.267582826789202,6.349191665649414,7413480,0.0,0.0
2015-12-31 00:00:00-05:00,6.341030896193788,6.487927460389316,6.267582847581676,6.447122573852539,5509680,0.0,0.0
2016-01-04 00:00:00-05:00,6.38999673728425,7.091835480260548,6.283905056902065,6.9939045906066895,11055360,0.0,0.0
2016-01-05 00:00:00-05:00,6.944939204681055,7.067352930413928,6.577698027482436,6.9612603187561035,9345480,0.0,0.0
2016-01-06 00:00:00-05:00,6.6266633547337275,6.732755034324347,6.112525604172879,6.18597412109375,15549600,0.0,0.0
2016-01-07 00:00:00-05:00,5.957467667461492,6.08804311750912,5.8350539418702105,5.932984828948975,9023280,0.0,0.0
2016-01-08 00:00:00-05:00,5.981950808407314,6.414479732072612,5.957467968657002,6.27574348449707,14772360,0.0,0.0
2016-01-11 00:00:00-05:00,6.1859740795357,6.300226082054885,5.492295670152254,5.712640285491943,14731440,0.0,0.0
2016-01-12 00:00:00-05:00,5.802411044994688,5.810571368910061,5.149537500689624,5.467813014984131,12710640,0.0,0.0
2016-01-13 00:00:00-05:00,5.524939898417321,5.590226691847823,4.708847742480566,4.93735408782959,15466800,0.0,0.0
2016-01-14 00:00:00-05:00,4.921031905121422,4.969997115602589,4.512985838274285,4.5864338874816895,18808680,0.0,0.0
2016-01-15 00:00:00-05:00,4.333446111040093,4.366089273383704,3.9825269791618876,4.072296142578125,17532360,0.0,0.0
2016-01-19 00:00:00-05:00,4.137584070672666,4.472182104725605,4.023331128993256,4.202871799468994,13916040,0.0,0.0
2016-01-20 00:00:00-05:00,3.8845957304467267,4.25999745526768,3.705055074640635,4.1375837326049805,10678560,0.0,0.0
2016-01-21 00:00:00-05:00,4.113100893351964,5.1413763501756025,4.088618522404353,4.929192066192627,14402520,0.0,0.0
2016-01-22 00:00:00-05:00,5.076088660424404,5.508617554605596,4.65988228092587,5.02712345123291,15594240,0.0,0.0
2016-01-25 00:00:00-05:00,4.8149401773162985,5.125054419112797,4.651721565459652,4.668043613433838,7802880,0.0,0.0
2016-01-26 00:00:00-05:00,4.782296129886931,5.206664244836875,4.52930788600512,5.100571632385254,8776680,0.0,0.0
2016-01-27 00:00:00-05:00,5.05160622246865,5.794250346218419,4.929192489336871,5.484135150909424,12059400,0.0,0.0
2016-01-28 00:00:00-05:00,5.802410515971456,5.802410515971456,5.304594845728975,5.508617401123047,10479360,0.0,0.0
2016-01-29 00:00:00-05:00,5.8350541038518715,7.002065391593563,5.769767310958299,6.479766845703125,25970520,0.0,0.0
2016-02-01 00:00:00-05:00,6.234939565866694,7.059191595439667,6.104364575434852,6.847008228302002,16435080,0.0,0.0
2016-02-02 00:00:00-05:00,6.496088601817694,6.602180752178698,6.259422395188012,6.3736748695373535,11865960,0.0,0.0
2016-02-03 00:00:00-05:00,6.504249552569077,7.091835346370221,6.088043162655117,6.920456409454346,12927600,0.0,0.0
2016-02-04 00:00:00-05:00,7.018387475607887,7.826317904243863,6.91229486059006,7.189766883850098,15689040,0.0,0.0
2016-02-05 00:00:00-05:00,7.0183874673034365,7.940569899733749,6.985743370272891,7.4264326095581055,13885920,0.0,0.0
2016-02-08 00:00:00-05:00,7.246893243322311,7.442755033558856,6.740916251420889,6.977582931518555,13014000,0.0,0.0
2016-02-09 00:00:00-05:00,6.936777630272644,7.108157036794492,5.932984964154636,6.145169258117676,14320800,0.0,0.0
2016-02-10 00:00:00-05:00,6.691949743451319,6.691949743451319,5.859536537350355,5.884019374847412,12927720,0.0,0.0
2016-02-11 00:00:00-05:00,5.6715378999787776,6.02294517484461,5.4917489035589195,5.9984283447265625,10133760,0.00833,0.0
2016-02-12 00:00:00-05:00,6.17004575830546,6.407040070877605,5.834983188903331,6.366179466247559,9057480,0.0,0.0
2016-02-16 00:00:00-05:00,6.464246425106007,6.529623388845544,6.055633855059232,6.447901248931885,7511400,0.0,0.0
2016-02-17 00:00:00-05:00,6.537796445084227,7.428570669457244,6.50510702797256,7.248781681060791,11171880,0.0,0.0
2016-02-18 00:00:00-05:00,7.371365682302475,7.551154678595046,6.717585728509044,6.889203071594238,10691520,0.0,0.0
2016-02-19 00:00:00-05:00,6.766619260663007,7.003614501118862,6.292629247370928,6.431556701660156,8204160,0.0,0.0
2016-02-22 00:00:00-05:00,6.627690679991215,7.175231634022033,6.578657022131853,7.109853267669678,10006320,0.0,0.0
2016-02-23 00:00:00-05:00,7.1997488517711385,7.371365728307768,6.382523670619161,6.46424674987793,8571960,0.0,0.0
2016-02-24 00:00:00-05:00,6.259939895206733,6.5950019901099886,5.933050388681339,6.472418308258057,8982240,0.0,0.0
2016-02-25 00:00:00-05:00,6.431556626124268,6.611346552142327,5.982083447747808,6.251767635345459,17272800,0.0,0.0
2016-02-26 00:00:00-05:00,6.447901179470242,6.586830031637827,6.161872289994894,6.407039642333984,8670840,0.0,0.0
2016-02-29 00:00:00-05:00,6.987269700097845,7.142541861305753,6.627690783815296,7.052648067474365,12799680,0.0,0.0
2016-03-01 00:00:00-05:00,7.24060903627335,7.616532653917548,6.733930089304498,7.3958821296691895,13070040,0.0,0.0
2016-03-02 00:00:00-05:00,7.256953765902705,7.796321663683412,7.126197968576427,7.722771644592285,14427000,0.0,0.0
2016-03-03 00:00:00-05:00,7.722772185233854,8.801508991552716,7.649222160993773,8.417412757873535,86523120,0.0,0.0
2016-03-04 00:00:00-05:00,8.605373927752497,9.398081784289127,8.376551745169404,8.646235466003418,19338120,0.0,0.0
2016-03-07 00:00:00-05:00,8.760646692106954,9.537010277945692,8.760646692106954,9.528838157653809,17217240,0.0,0.0
2016-03-08 00:00:00-05:00,9.316359700256715,9.340876062214319,8.4664460590435,8.548169136047363,7998240,0.0,0.0
2016-03-09 00:00:00-05:00,8.703441325580679,9.103880850216877,8.548169162228442,9.013986587524414,7025160,0.0,0.0
2016-03-10 00:00:00-05:00,8.899574542148212,9.193775546690139,8.564512001207925,9.063019752502441,6987600,0.0,0.0
2016-03-11 00:00:00-05:00,9.414427207028403,9.806694617638222,9.324532007572438,9.561527252197266,9418920,0.0,0.0
2016-03-14 00:00:00-04:00,9.398081497522188,9.904761376559637,9.169259321921226,9.708626747131348,8114040,0.0,0.0
2016-03-15 00:00:00-04:00,9.324531355339243,9.561526583386707,8.981296693634803,9.438942909240723,7724400,0.0,0.0
2016-03-16 00:00:00-04:00,9.22646432528505,9.69228267544144,9.161087361321199,9.504321098327637,9752280,0.0,0.0
2016-03-17 00:00:00-04:00,9.692282355099492,9.921105462367057,9.381737110338886,9.724971771240234,8022240,0.0,0.0
2016-03-18 00:00:00-04:00,9.823039443948183,10.149928941123767,9.463459594196173,9.594215393066406,14757360,0.0,0.0
2016-03-21 00:00:00-04:00,9.586042914184999,9.839382381930342,9.389909223211752,9.537010192871094,6132240,0.0,0.0
2016-03-22 00:00:00-04:00,9.4144273123663,9.888416871680139,9.28367150736667,9.83121109008789,4605360,0.0,0.0
2016-03-23 00:00:00-04:00,9.675938793280771,9.806694596536014,8.490962572706485,8.531824111938477,8421720,0.0,0.0
2016-03-24 00:00:00-04:00,8.39289587310041,9.022158503379849,7.894389041172083,8.940436363220215,7643760,0.0,0.0
2016-03-28 00:00:00-04:00,8.915920172137426,9.013986555155299,8.515479713699941,8.924092292785645,5527680,0.0,0.0
2016-03-29 00:00:00-04:00,8.580857419040816,9.071192128700291,8.482790103013226,9.038503646850586,7269600,0.0,0.0
2016-03-30 00:00:00-04:00,9.210121356698254,9.447115665460855,8.907747275860645,9.283671379089355,9113280,0.0,0.0
2016-03-31 00:00:00-04:00,9.291843105606947,9.602388358822685,9.161087307962346,9.22646427154541,8500320,0.0,0.0
2016-04-01 00:00:00-04:00,8.875058754493645,9.01398667788341,8.670752929788739,8.817852973937988,8530560,0.0,0.0
2016-04-04 00:00:00-04:00,8.940436363220215,9.365393175480946,8.719786304217429,8.940436363220215,8182560,0.0,0.0
2016-04-05 00:00:00-04:00,8.785163268153743,9.283671035321312,8.605373811611155,8.940436363220215,8040240,0.0,0.0
2016-04-06 00:00:00-04:00,8.964953440399736,9.275497752449514,8.793336108551792,9.05484676361084,5682960,0.0,0.0
2016-04-07 00:00:00-04:00,9.00581404185933,9.291842928272569,8.932263088753626,9.05484676361084,7694520,0.0,0.0
2016-04-08 00:00:00-04:00,9.389909542128585,9.896589430067248,9.308187401923941,9.692282676696777,6156720,0.0,0.0
2016-04-11 00:00:00-04:00,9.790349616781342,10.272513170754923,9.733144770039994,10.198962211608887,5987160,0.0,0.0
2016-04-12 00:00:00-04:00,10.346063042941784,11.171460341455882,10.346063042941784,11.057047843933105,8643360,0.0,0.0
2016-04-13 00:00:00-04:00,11.1632865854212,11.44114335286476,10.681124939229017,11.220492362976074,9302040,0.0,0.0
2016-04-14 00:00:00-04:00,11.285870297336544,11.359420315790738,10.484990344219177,10.558541297912598,11188920,0.0,0.0
2016-04-15 00:00:00-04:00,10.419612543655768,10.754675092873466,10.231650967962633,10.452301025390625,9086760,0.0,0.0
2016-04-18 00:00:00-04:00,10.13358355742342,10.811879834704055,9.90476138170362,10.558541297912598,6089760,0.0,0.0
2016-04-19 00:00:00-04:00,10.82822540597131,11.310387071324405,10.787363867454228,10.89360237121582,5655840,0.0,0.0
2016-04-20 00:00:00-04:00,10.918119351403087,11.776205088671555,10.811879915487005,11.302214622497559,10615320,0.0,0.0
2016-04-21 00:00:00-04:00,11.498349958156426,11.54738268367101,10.599402628466374,10.672952651977539,8884080,0.0,0.0
2016-04-22 00:00:00-04:00,10.877259080857257,11.588243866550274,10.762847521035562,11.081564903259277,9087480,0.0,0.0
2016-04-25 00:00:00-04:00,11.114253391531001,11.171460106709945,10.574885010059392,10.705641746520996,8925240,0.0,0.0
2016-04-26 00:00:00-04:00,10.844569465067108,11.5718994140625,10.043689496168202,11.5718994140625,12009120,0.0,0.0
2016-04-27 00:00:00-04:00,11.678137656851378,13.157314818806915,11.653621295840743,12.82225227355957,17073240,0.0,0.0
2016-04-28 00:00:00-04:00,12.814080740287185,13.40248278389171,12.299229653562676,12.389123916625977,9479160,0.0,0.0
2016-04-29 00:00:00-04:00,12.6261191256927,12.985698047498376,11.980512238771944,12.299229621887207,9243360,0.0,0.0
2016-05-02 00:00:00-04:00,12.340090020381107,12.683324695105519,11.857928360990977,12.601602554321289,7125240,0.0,0.0
2016-05-03 00:00:00-04:00,12.266539947247876,12.364606328718159,11.80072159573649,11.947822570800781,6054240,0.0,0.0
2016-05-04 00:00:00-04:00,12.1030959942489,12.756875005892022,11.449316047366509,11.915133476257324,8606400,0.0,0.0
2016-05-05 00:00:00-04:00,12.544397291988483,12.560741533770807,11.710827867739875,11.98868465423584,6901560,0.0,0.0
2016-05-06 00:00:00-04:00,11.66179519931323,12.233852081640363,11.571899998593095,12.168473243713379,7323480,0.0,0.0
2016-05-09 00:00:00-04:00,11.841583255640137,11.964166935171068,11.179631199125255,11.277698516845703,6572880,0.0,0.0
2016-05-10 00:00:00-04:00,11.4493156882494,12.062234076964685,11.236836814700505,12.045888900756836,6387120,0.0,0.0
2016-05-11 00:00:00-04:00,11.857928035876654,12.781390726565414,11.759860721432936,12.446329116821289,9285000,0.0,0.0
2016-05-12 00:00:00-04:00,12.666980215095059,12.666980215095059,11.710827164424016,11.776205062866211,7921800,0.0,0.0
2016-05-13 00:00:00-04:00,11.637277889614179,12.143956868745663,11.5392115033006,11.702655792236328,5152200,0.0,0.0
2016-05-16 00:00:00-04:00,11.906962001061721,12.209334202065461,11.449315768806716,11.473832130432129,7422000,0.0,0.0
2016-05-17 00:00:00-04:00,11.653621756499904,12.143956478008956,11.457488054944134,11.83341121673584,6810960,0.0,0.0
2016-05-18 00:00:00-04:00,11.768032836914063,11.988683826701891,11.016185608713569,11.032530784606934,7819080,0.0,0.0
2016-05-19 00:00:00-04:00,10.754675779435216,11.008015270010098,10.313374701168021,10.762847900390625,9301440,0.0,0.0
2016-05-20 00:00:00-04:00,10.795536384212264,10.983497971904574,10.697469062268757,10.762847900390625,7311840,0.0,0.0
2016-05-23 00:00:00-04:00,10.672951878780442,11.32673179257763,10.370578750482673,11.032530784606934,6108840,0.0,0.0
2016-05-24 00:00:00-04:00,11.155115151372865,11.539211377225644,10.869086246001492,11.432971000671387,7647000,0.0,0.0
2016-05-25 00:00:00-04:00,11.498349540610025,12.1521294780289,11.490177419987688,12.119439125061035,6156840,0.0,0.0
2016-05-26 00:00:00-04:00,12.250196218413233,12.438157803932818,12.070406753754593,12.274713516235352,9466440,0.0,0.0
2016-05-27 00:00:00-04:00,12.192989928047279,12.75687466106187,12.070406249772834,12.135784149169922,6389160,0.0,0.0
2016-05-31 00:00:00-04:00,12.176646217618924,12.863114658821596,12.13578467800044,12.552569389343262,8627280,0.0,0.0
2016-06-01 00:00:00-04:00,12.413640324234267,12.707841347114266,12.078578697648206,12.666980743408203,6358080,0.0,0.0
2016-06-02 00:00:00-04:00,12.380951268317363,12.462673407186909,12.168472397921622,12.348262786865234,7797480,0.0,0.0
2016-06-03 00:00:00-04:00,12.511707274213602,12.846769826146598,12.389123596236018,12.797736167907715,5337240,0.0,0.0
2016-06-06 00:00:00-04:00,12.822252509489605,12.87128616765232,12.462673596615357,12.609773635864258,6630600,0.0,0.0
2016-06-07 00:00:00-04:00,12.666980952083588,12.781391579584628,12.462674189230455,12.552569389343262,5669040,0.0,0.0
2016-06-08 00:00:00-04:00,12.740530508989952,13.026558470134834,12.266540033621748,12.315573692321777,9568800,0.0,0.0
2016-06-09 00:00:00-04:00,12.11126842469078,12.135784787539587,11.620933685800292,11.980512619018555,7493280,0.0,0.0
2016-06-10 00:00:00-04:00,11.743516508982704,11.87427136982306,10.78736346419684,10.934463500976562,10425480,0.0,0.0
2016-06-13 00:00:00-04:00,10.754675743632518,11.367594165640774,10.713814203752204,11.13877010345459,5756280,0.0,0.0
2016-06-14 00:00:00-04:00,10.97532588026658,11.285871153598158,10.623919066809506,10.852742195129395,4938960,0.0,0.0
2016-06-15 00:00:00-04:00,10.852741331693688,11.36759332945221,10.591229740270501,11.032530784606934,5312160,0.0,0.0
2016-06-16 00:00:00-04:00,10.934463470203628,11.09790868246273,10.517679722087633,11.032530784606934,5690760,0.0,0.0
2016-06-17 00:00:00-04:00,11.195976063663903,12.04588874086004,11.195976063663903,11.686310768127441,10417920,0.0,0.0
2016-06-20 00:00:00-04:00,12.086750371404422,12.258367706341042,11.8415830172776,12.054061889648438,7666680,0.0,0.0
2016-06-21 00:00:00-04:00,11.955995143668797,12.274713467413676,11.82523933993518,12.184818267822266,4761840,0.0,0.0
2016-06-22 00:00:00-04:00,12.282884135758644,12.479018768338928,12.03771678027253,12.045888900756836,4949640,0.0,0.0
2016-06-23 00:00:00-04:00,12.250196103854806,12.666980810540398,12.160300904746505,12.658807754516602,4683000,0.0,0.0
2016-06-24 00:00:00-04:00,12.070406576047109,12.176646016153843,11.710827652023756,11.915133476257324,4954920,0.0,0.0
2016-06-27 00:00:00-04:00,11.694483678965415,11.719000041750029,10.918120032675192,11.13877010345459,6615960,0.0,0.0
2016-06-28 00:00:00-04:00,11.555554510726113,12.503535477062371,11.547382390014835,12.389123916625977,5544000,0.0,0.0
2016-06-29 00:00:00-04:00,12.626118667176891,13.35344860506558,12.560740768789982,13.002041816711426,9618600,0.0,0.0
2016-06-30 00:00:00-04:00,13.067420123591328,13.190003803803702,12.838597939703684,13.149142265319824,5582040,0.0,0.0
2016-07-01 00:00:00-04:00,12.912148254448837,13.549583031954889,12.781391515374432,13.402482986450195,5014560,0.0,0.0
2016-07-05 00:00:00-04:00,13.018386810850863,13.075592592154717,12.282884710006424,12.928492546081543,6749760,0.0,0.0
2016-07-06 00:00:00-04:00,12.740530473746128,13.614960466393953,12.650635277171538,13.541410446166992,11376000,0.0,0.0
2016-07-07 00:00:00-04:00,13.696683846634693,13.811094472173806,12.912148097896697,13.042903900146484,4745880,0.0,0.0
2016-07-08 00:00:00-04:00,13.263553534132269,13.582271843889211,13.116453495197709,13.27172565460205,4493520,0.0,0.0
2016-07-11 00:00:00-04:00,13.377965927124023,13.582271743069763,13.24720919486038,13.377965927124023,3553200,0.0,0.0
2016-07-12 00:00:00-04:00,13.647650285180585,14.129811958731265,13.647650285180585,13.876472473144531,4194840,0.0,0.0
2016-07-13 00:00:00-04:00,13.925505515445082,13.966367052844348,13.47603234501009,13.655821800231934,3244680,0.0,0.0
2016-07-14 00:00:00-04:00,13.892817587571969,14.088951291476945,13.655822344638729,13.696683883666992,3534120,0.0,0.0
2016-07-15 00:00:00-04:00,13.753888952813925,14.146157302247255,13.688511050448252,14.048089981079102,3874560,0.0,0.0
2016-07-18 00:00:00-04:00,13.860128335506484,14.039917800051827,13.77840619170925,13.868301391601562,4640040,0.0,0.0
2016-07-19 00:00:00-04:00,13.794749596142312,13.851955373900031,13.46785917031557,13.57409954071045,3815040,0.0,0.0
2016-07-20 00:00:00-04:00,13.41065441811492,14.048089162863365,13.288070741414122,13.941850662231445,8429040,0.0,0.0
2016-07-21 00:00:00-04:00,14.113468826664393,14.121640012320526,13.696684114323002,13.860128402709961,4215720,0.0,0.0
2016-07-22 00:00:00-04:00,13.909161397114561,13.966367175881796,13.639476744286377,13.925505638122559,4573920,0.0,0.0
2016-07-25 00:00:00-04:00,13.819267019938113,14.162500754411392,13.737543945107952,14.031744956970215,7386000,0.0,0.0
2016-07-26 00:00:00-04:00,13.95002349614991,15.085965126216514,13.713027315802234,14.996070861816406,7702200,0.0,0.0
2016-07-27 00:00:00-04:00,15.134998120266525,16.03394540089571,14.73455767041013,15.437371253967285,8844720,0.0,0.0
2016-07-28 00:00:00-04:00,15.437371793569483,15.870499805218701,15.38833813377773,15.666194915771484,7278960,0.0,0.0
2016-07-29 00:00:00-04:00,15.690711424522553,15.886846065520508,15.478232541854526,15.837811470031738,3903120,0.0,0.0
2016-08-01 00:00:00-04:00,15.723399420573909,15.756089773379493,15.126826200951434,15.134998321533203,5018520,0.0,0.0
2016-08-02 00:00:00-04:00,15.437371493985216,15.551782117626642,14.726386714139917,15.036931037902832,5620680,0.0,0.0
2016-08-03 00:00:00-04:00,15.118654447842053,15.388338174552374,14.873487083472934,15.380166053771973,3754680,0.0,0.0
2016-08-04 00:00:00-04:00,15.298443856715432,15.698883384976904,15.25758231771842,15.478232383728027,3544320,0.0,0.0
2016-08-05 00:00:00-04:00,15.633505533601346,15.690711314283957,15.43737182922065,15.568127632141113,3348960,0.0,0.0
2016-08-08 00:00:00-04:00,15.698883230330855,15.886845746721965,15.478232231255559,15.494577407836914,5113920,0.0,0.0
2016-08-09 00:00:00-04:00,15.60898904268882,15.649849646240328,15.094137956025694,15.110481262207031,3257040,0.0,0.0
2016-08-10 00:00:00-04:00,15.249409863153078,15.273926224871053,14.54659627103349,14.571112632751465,5114280,0.0,0.0
2016-08-11 00:00:00-04:00,14.710041127204367,14.914346942224684,14.481218951067731,14.513907432556152,4500720,0.0,0.0
2016-08-12 00:00:00-04:00,14.62014650476752,14.750903241555834,14.007228100481809,14.080778121948242,3718440,0.0,0.0
2016-08-15 00:00:00-04:00,14.342290585086694,14.930692624211597,14.18701842227604,14.652835845947266,6540480,0.0,0.0
2016-08-16 00:00:00-04:00,14.677352766952186,14.799936444024775,14.317773856174028,14.595629692077637,4237200,0.0,0.0
2016-08-17 00:00:00-04:00,14.522079926943162,14.759075164794922,14.285084689091404,14.759075164794922,4088520,0.0,0.0
2016-08-18 00:00:00-04:00,14.873487245513463,15.265754658681935,14.824453585057583,14.987897872924805,3832080,0.0,0.0
2016-08-19 00:00:00-04:00,14.79176386074405,14.79176386074405,14.21970699454885,14.2687406539917,5731440,0.0,0.0
2016-08-22 00:00:00-04:00,14.0562613730783,14.489390304505593,13.999055594569848,14.309601783752441,5301240,0.0,0.0
2016-08-23 00:00:00-04:00,14.2850847220628,14.726386716454577,14.146156801359817,14.66100788116455,3406320,0.0,0.0
2016-08-24 00:00:00-04:00,14.636491693448717,14.979725438987925,14.399496452231094,14.45670223236084,2948520,0.0,0.0
2016-08-25 00:00:00-04:00,14.44035818655977,14.742730397462177,14.342290866369227,14.71821403503418,3204000,0.0,0.0
2016-08-26 00:00:00-04:00,14.816280364990234,15.200376588278106,14.669180320489705,14.816280364990234,4572840,0.0,0.0
2016-08-29 00:00:00-04:00,14.767247117517151,15.23306453210386,14.67735285689138,15.151342391967773,2945040,0.0,0.0
2016-08-30 00:00:00-04:00,15.29844386610435,15.592643954297715,14.955209182893062,15.102309226989746,3679080,0.0,0.0
2016-08-31 00:00:00-04:00,14.955209273478976,15.175860276199787,14.75090344760957,14.90617561340332,3555480,0.0,0.0
2016-09-01 00:00:00-04:00,14.865313529968262,15.028758745824215,14.677352887830818,14.865313529968262,2759280,0.0,0.0
2016-09-02 00:00:00-04:00,15.118654372344206,15.404682339186994,14.955209151834564,15.012414932250977,2986080,0.0,0.0
2016-09-06 00:00:00-04:00,15.233064453526781,15.739743403187541,14.996070154830699,15.72339916229248,4030680,0.0,0.0
2016-09-07 00:00:00-04:00,15.780606277097476,16.148357318021166,15.167687875557993,15.216721534729004,4616760,0.0,0.0
2016-09-08 00:00:00-04:00,15.371993878718634,15.51092180197349,15.0859649762181,15.478232383728027,5409720,0.0,0.0
2016-09-09 00:00:00-04:00,15.216721648724889,15.216721648724889,14.399496483723839,14.54659652709961,7044240,0.0,0.0
2016-09-12 00:00:00-04:00,14.399496044129018,14.661007640030952,14.015400770743147,14.309601783752441,6777840,0.0,0.0
2016-09-13 00:00:00-04:00,14.015400864863228,14.048089346950869,12.593430383548204,13.075592041015625,13445760,0.0,0.0
2016-09-14 00:00:00-04:00,13.124625493091784,13.3697928458525,12.871286019937607,13.002041816711426,5078160,0.0,0.0
2016-09-15 00:00:00-04:00,12.748702291023037,13.925505392377318,12.748702291023037,13.57409954071045,8838000,0.0,0.0
2016-09-16 00:00:00-04:00,13.410654765439917,13.70485578418924,13.222692250074003,13.435171127319336,16456800,0.0,0.0
2016-09-19 00:00:00-04:00,13.729371851796872,13.876471890399,13.549582396150248,13.557754516601562,4259760,0.0,0.0
2016-09-20 00:00:00-04:00,13.696683794623526,14.080778143939375,13.516893398163708,13.892817497253418,5145360,0.0,0.0
2016-09-21 00:00:00-04:00,14.080777653580881,14.661007555798838,14.064434347979956,14.505735397338867,7892280,0.0,0.0
2016-09-22 00:00:00-04:00,14.718213890685233,14.987897615705387,14.301429186821958,14.358635902404785,5818800,0.0,0.0
2016-09-23 00:00:00-04:00,14.244222896649418,14.44852871328432,14.039917080014519,14.219706535339355,3838680,0.0,0.0
2016-09-26 00:00:00-04:00,14.252395320977941,15.077792596031955,14.2197068385342,14.848970413208008,5005560,0.0,0.0
2016-09-27 00:00:00-04:00,14.52207999127905,14.963381051368064,14.244223214044187,14.938863754272461,4435440,0.0,0.0
2016-09-28 00:00:00-04:00,15.028758636620818,15.895015562169085,15.028758636620818,15.72339916229248,8154960,0.0,0.0
2016-09-29 00:00:00-04:00,15.625332950607486,15.739743573349031,14.996070316952379,15.331131935119629,6168720,0.0,0.0
2016-09-30 00:00:00-04:00,15.486405200078309,15.81329470127821,15.339305158348168,15.69071102142334,4590960,0.0,0.0
2016-10-03 00:00:00-04:00,15.772431990129489,15.960394502632738,15.576299227602712,15.903189659118652,4951080,0.0,0.0
2016-10-04 00:00:00-04:00,15.821466046803312,16.24642378040322,15.707054493178601,16.050289154052734,5725560,0.0,0.0
2016-10-05 00:00:00-04:00,16.295456801133913,16.720412672062743,16.221907717760047,16.30362892150879,6782760,0.0,0.0
2016-10-06 00:00:00-04:00,16.319972932017265,16.589658512018772,16.058461342753766,16.5161075592041,4131000,0.0,0.0
2016-10-07 00:00:00-04:00,16.58965910863699,16.65503607306482,16.189217719602556,16.3608341217041,3188520,0.0,0.0
2016-10-10 00:00:00-04:00,16.704068728810874,16.883859121217068,16.50793409536384,16.556968688964844,2793240,0.0,0.0
2016-10-11 00:00:00-04:00,16.491591669894742,16.556968633840427,16.02577331986779,16.091150283813477,6225720,0.0,0.0
2016-10-12 00:00:00-04:00,15.976741288739237,16.28728562188552,15.608989303945526,16.11566734313965,3695280,0.0,0.0
2016-10-13 00:00:00-04:00,15.80512292642419,16.377180735088082,15.4782324828336,16.221908569335938,3484920,0.0,0.0
2016-10-14 00:00:00-04:00,16.37718072685645,16.385350977177662,15.273926649341835,15.282098770141602,3886680,0.0,0.0
2016-10-17 00:00:00-04:00,15.273925862471515,15.461888372139923,15.053275806527292,15.077792167663574,4978920,0.0,0.0
2016-10-18 00:00:00-04:00,15.38833783398047,15.412855131018334,14.947036774930707,15.224892616271973,4816200,0.0,0.0
2016-10-19 00:00:00-04:00,15.298444053905284,15.331132537332815,14.669180460293198,14.710041999816895,4118520,0.0,0.0
2016-10-20 00:00:00-04:00,14.538423832495376,14.857141204054717,14.374978618899126,14.791763305664062,5482800,0.0,0.0
2016-10-21 00:00:00-04:00,14.636491136618249,14.636491136618249,14.105294894262082,14.22787857055664,4572480,0.0,0.0
2016-10-24 00:00:00-04:00,14.415840528372145,14.415840528372145,13.426998971344057,13.721199989318848,6409680,0.0,0.0
2016-10-25 00:00:00-04:00,13.86012807919547,14.146156980055272,13.721200156737538,13.892817497253418,3995520,0.0,0.0
2016-10-26 00:00:00-04:00,13.745716850559333,13.925505368646666,13.239036971963092,13.386137008666992,4871760,0.0,0.0
2016-10-27 00:00:00-04:00,13.443343077851534,13.71302679606996,13.190003600679258,13.639476776123047,4112280,0.0,0.0
2016-10-28 00:00:00-04:00,13.508720693553846,14.14615636859736,13.492376452850973,13.762060165405273,4239840,0.0,0.0
2016-10-31 00:00:00-04:00,13.982711210430175,14.105294886658656,13.492376505516251,13.85195541381836,7922520,0.0,0.0
2016-11-01 00:00:00-04:00,13.721199747898359,15.33930485066999,13.721199747898359,15.061447143554688,12317760,0.0,0.0
2016-11-02 00:00:00-04:00,14.865313247155235,14.88983054344877,13.53323798984738,13.762060165405273,6046080,0.0,0.0
2016-11-03 00:00:00-04:00,13.868301436681044,14.015401483042076,13.467860031531167,13.58227252960205,4936680,0.0,0.0
2016-11-04 00:00:00-04:00,13.598616225191497,14.146156719471685,13.43517100839108,13.729372024536133,5776920,0.0,0.0
2016-11-07 00:00:00-05:00,13.990884677042619,14.08895105976262,13.827439458856942,13.999055862426758,2818920,0.0,0.0
2016-11-08 00:00:00-05:00,13.85195621465069,14.285085166682812,13.762061014758377,13.868301391601562,6096480,0.0,0.0
2016-11-09 00:00:00-05:00,15.249410052362029,16.10749488124816,14.227879069037757,15.118654251098633,12940680,0.0,0.0
2016-11-10 00:00:00-05:00,15.527265448043593,15.796950098699277,14.113468036977547,14.407668113708496,7534200,0.0,0.0
2016-11-11 00:00:00-05:00,14.522080414390743,14.759075660197475,14.129812066585389,14.710041999816895,5352120,0.0,0.0
2016-11-14 00:00:00-05:00,14.808108603540619,15.192203876651167,14.791763427379035,15.061447143554688,4930800,0.0,0.0
2016-11-15 00:00:00-05:00,14.865313953220516,15.298443834333034,14.791763931324923,15.012414932250977,4936680,0.0,0.0
2016-11-16 00:00:00-05:00,14.889831281601285,15.15951500752496,14.710041819239079,15.102309226989746,4340760,0.0,0.0
2016-11-17 00:00:00-05:00,15.216721135734307,15.494576971685662,14.59562969458579,14.783591270446777,3699120,0.0,0.0
2016-11-18 00:00:00-05:00,14.889830677379843,15.167687448024072,14.816279723076889,15.069620132446289,4935360,0.0,0.0
2016-11-21 00:00:00-05:00,15.486405082973933,15.71522726446394,15.331131986553581,15.608988761901855,3924360,0.0,0.0
2016-11-22 00:00:00-05:00,15.854158112538626,16.115667858486404,15.568128262308367,16.066635131835938,3684480,0.0,0.0
2016-11-23 00:00:00-05:00,15.93587784031523,16.336317348790438,15.862326886707011,16.213733673095703,3030960,0.0,0.0
2016-11-25 00:00:00-05:00,16.14018247652482,16.189217068351653,15.944049720652758,16.050289154052734,1221600,0.0,0.0
2016-11-28 00:00:00-05:00,16.16470180403887,16.336318210876506,15.780606515990023,16.13201332092285,3407520,0.0,0.0
2016-11-29 00:00:00-05:00,15.788778300025967,16.957410251284482,15.584472479190472,16.540624618530273,7092720,0.0,0.0
2016-11-30 00:00:00-05:00,17.14537190008639,17.333332555484375,16.55696982968484,16.8184814453125,6045720,0.0,0.0
2016-12-01 00:00:00-05:00,17.374194334227923,17.374194334227923,16.352662405478725,16.5079345703125,3368400,0.0,0.0
2016-12-02 00:00:00-05:00,16.385349977260145,17.14537025860791,16.385349977260145,17.071819305419922,4829040,0.0,0.0
2016-12-05 00:00:00-05:00,17.406881968387992,17.864528190294795,17.202577088984096,17.627532958984375,5760240,0.0,0.0
2016-12-06 00:00:00-05:00,17.480432584987707,17.70108170085065,17.3660191612389,17.660221099853516,2856720,0.0,0.0
2016-12-07 00:00:00-05:00,17.79097707725334,18.232279054493464,17.627532801098468,18.019800186157227,4887840,0.0,0.0
2016-12-08 00:00:00-05:00,18.2159361130315,18.256796717364665,17.586671583429354,17.799150466918945,5519400,0.0,0.0
2016-12-09 00:00:00-05:00,17.78280641506082,17.872701616032202,17.047304306339154,17.406883239746094,6543840,0.0,0.0
2016-12-12 00:00:00-05:00,17.725600683561883,17.725600683561883,16.213734066339455,16.27094078063965,5214960,0.0,0.0
2016-12-13 00:00:00-05:00,16.54062478031617,16.630518107847227,15.543611092961651,15.960394859313965,4511160,0.0,0.0
2016-12-14 00:00:00-05:00,15.903189517921925,16.164701112621447,15.6171606266948,15.633504867553711,6137280,0.0,0.0
2016-12-15 00:00:00-05:00,15.470060039868232,15.895015924255661,15.322959997983295,15.878673553466797,5194080,0.0,0.0
2016-12-16 00:00:00-05:00,15.862327338731749,16.14018317943021,15.600815739194548,15.698883056640625,5595240,0.0,0.0
2016-12-19 00:00:00-05:00,15.617160830071608,15.903189725023585,15.216721312378084,15.331131935119629,3876360,0.0,0.0
2016-12-20 00:00:00-05:00,15.363821489423927,15.535438827924558,15.265754171640921,15.41285514831543,4318800,0.0,0.0
2016-12-21 00:00:00-05:00,15.60898849280457,15.886845263362625,15.437371158216294,15.731573104858398,3883320,0.0,0.0
2016-12-22 00:00:00-05:00,15.61716088246515,15.723399385027234,15.42919836855237,15.608988761901855,4440720,0.0,0.0
2016-12-23 00:00:00-05:00,15.559954835030888,15.854156781672991,15.39650962086502,15.731573104858398,2791800,0.0,0.0
2016-12-27 00:00:00-05:00,15.772432278706374,15.993083277254765,15.682538951539527,15.780606269836426,1442640,0.0,0.0
2016-12-28 00:00:00-05:00,15.780605841001618,15.960394360928115,15.527265431492317,15.633504867553711,3758400,0.0,0.0
2016-12-29 00:00:00-05:00,15.600816089017643,15.715227650190476,15.175860197860372,15.290271759033203,2560680,0.0,0.0
2016-12-30 00:00:00-05:00,15.257582507154247,15.396510432134011,14.857142038681694,14.898003578186035,3480000,0.0,0.0
2017-01-03 00:00:00-05:00,14.767246933300548,15.175859499362156,13.909161199238632,14.22787857055664,7125720,0.0,0.0
2017-01-04 00:00:00-05:00,14.227879409196158,15.036931533380685,14.227879409196158,14.987897872924805,6141960,0.0,0.0
2017-01-05 00:00:00-05:00,14.987897679334095,15.306615065321687,14.914347657219924,15.290271759033203,4021080,0.0,0.0
2017-01-06 00:00:00-05:00,15.282098794621023,15.355648817176005,15.028759308465373,15.094138145446777,3152160,0.0,0.0
2017-01-09 00:00:00-05:00,14.914347119344807,15.036930796860625,14.66917976431317,14.685524940490723,4815000,0.0,0.0
2017-01-10 00:00:00-05:00,14.898002766425407,15.347475935525187,14.76724696942326,15.16768741607666,2619960,0.0,0.0
2017-01-11 00:00:00-05:00,15.192203876651167,15.273926016502132,14.857141326307655,15.061447143554688,3149760,0.0,0.0
2017-01-12 00:00:00-05:00,15.19220372344468,15.19220372344468,14.84896999134059,15.077792167663574,1805040,0.0,0.0
2017-01-13 00:00:00-05:00,15.167687687059406,15.380165627174172,14.955208811705392,15.233064651489258,2060160,0.0,0.0
2017-01-17 00:00:00-05:00,15.322959603613366,15.38016538181614,14.881658554077148,14.881658554077148,2734440,0.0,0.0
2017-01-18 00:00:00-05:00,14.750903411705268,15.282098744720631,14.52208028873536,15.004242897033691,3931080,0.0,0.0
2017-01-19 00:00:00-05:00,14.922520041261993,15.110480680845857,14.79176330921011,14.979724884033203,1802520,0.0,0.0
2017-01-20 00:00:00-05:00,15.118654148842687,15.13499839008025,14.816280074512221,14.938863754272461,2179320,0.0,0.0
2017-01-23 00:00:00-05:00,14.955208694497621,15.224892411614176,14.889830795340902,15.151342391967773,3669600,0.0,0.0
2017-01-24 00:00:00-05:00,15.322960257795327,16.148357549142847,15.167688092643946,15.944050788879395,3525840,0.0,0.0
2017-01-25 00:00:00-05:00,15.984911135813055,16.140183298468727,15.81329473187558,15.96856689453125,2378640,0.0,0.0
2017-01-26 00:00:00-05:00,15.96856691530017,16.148357310590903,15.690711072191059,15.780606269836426,2033280,0.0,0.0
2017-01-27 00:00:00-05:00,15.51092130772376,15.67436558802517,15.282098193014699,15.527265548706055,2275200,0.0,0.0
2017-01-30 00:00:00-05:00,15.306614637605026,15.306614637605026,14.489390425942624,14.955208778381348,6197880,0.0,0.0
2017-01-31 00:00:00-05:00,14.440357522646895,14.726386414019391,13.181831335847145,13.843783378601074,12608520,0.0,0.0
2017-02-01 00:00:00-05:00,13.974539434538714,14.088950993204264,13.418826817619792,13.819267272949219,5682120,0.0,0.0
2017-02-02 00:00:00-05:00,14.041666984558105,14.241666793823242,13.824999809265137,13.958333015441895,5085120,0.2724,0.0
2017-02-03 00:00:00-05:00,13.975000381469727,14.449999809265137,13.958333015441895,14.300000190734863,6511080,0.0,0.0
2017-02-06 00:00:00-05:00,14.141667366027832,14.433333396911621,14.083333015441895,14.391667366027832,6859560,0.0,0.0
2017-02-07 00:00:00-05:00,14.533332824707031,14.875,14.341667175292969,14.658332824707031,5535120,0.0,0.0
2017-02-08 00:00:00-05:00,14.550000190734863,14.675000190734863,14.308333396911621,14.433333396911621,4246320,0.0,0.0
2017-02-09 00:00:00-05:00,14.433333396911621,14.600000381469727,14.350000381469727,14.425000190734863,3288600,0.0,0.0
2017-02-10 00:00:00-05:00,14.550000190734863,14.658332824707031,14.108332633972168,14.183333396911621,3409920,0.0,0.0
2017-02-13 00:00:00-05:00,14.141667366027832,14.341667175292969,14.066666603088379,14.166666984558105,4947000,0.0,0.0
2017-02-14 00:00:00-05:00,14.208333015441895,14.475000381469727,13.991666793823242,14.441666603088379,4159560,0.0,0.0
2017-02-15 00:00:00-05:00,14.425000190734863,14.425000190734863,14.116666793823242,14.225000381469727,3290520,0.0,0.0
2017-02-16 00:00:00-05:00,14.199999809265137,14.291666984558105,14.133333206176758,14.191666603088379,5487600,0.0,0.0
2017-02-17 00:00:00-05:00,14.175000190734863,14.333333015441895,14.074999809265137,14.116666793823242,5370960,0.0,0.0
2017-02-21 00:00:00-05:00,14.199999809265137,14.25,13.899999618530273,14.191666603088379,8052960,0.0,0.0
2017-02-22 00:00:00-05:00,14.125,14.233332633972168,14.0,14.199999809265137,7949040,0.0,0.0
2017-02-23 00:00:00-05:00,14.391667366027832,14.416666984558105,13.600000381469727,13.616666793823242,7427280,0.0,0.0
2017-02-24 00:00:00-05:00,13.433333396911621,13.658332824707031,13.108332633972168,13.149999618530273,4950360,0.0,0.0
2017-02-27 00:00:00-05:00,12.991666793823242,13.375,12.966667175292969,13.100000381469727,3482640,0.0,0.0
2017-02-28 00:00:00-05:00,13.058333396911621,13.233332633972168,12.808333396911621,12.975000381469727,5349840,0.0,0.0
2017-03-01 00:00:00-05:00,13.158332824707031,13.391667366027832,13.116666793823242,13.375,5813880,0.0,0.0
2017-03-02 00:00:00-05:00,13.300000190734863,13.366666793823242,12.899999618530273,12.908332824707031,4604400,0.0,0.0
2017-03-03 00:00:00-05:00,12.949999809265137,12.966667175292969,12.683333396911621,12.875,4652400,0.0,0.0
2017-03-06 00:00:00-05:00,12.833333015441895,13.100000381469727,12.808333396911621,13.083333015441895,2465280,0.0,0.0
2017-03-07 00:00:00-05:00,13.083333015441895,13.108332633972168,12.774999618530273,12.824999809265137,2001120,0.0,0.0
2017-03-08 00:00:00-05:00,12.833333015441895,12.983332633972168,12.358332633972168,12.433333396911621,5618640,0.0,0.0
2017-03-09 00:00:00-05:00,12.375,12.800000190734863,12.300000190734863,12.791666984558105,4569120,0.0,0.0
2017-03-10 00:00:00-05:00,12.833333015441895,12.975000381469727,12.425000190734863,12.658332824707031,4071480,0.0,0.0
2017-03-13 00:00:00-04:00,12.683333396911621,12.933333396911621,12.633333206176758,12.791666984558105,2500200,0.0,0.0
2017-03-14 00:00:00-04:00,12.658332824707031,12.658332824707031,12.291666984558105,12.591667175292969,2870640,0.0,0.0
2017-03-15 00:00:00-04:00,12.725000381469727,13.125,12.666666984558105,13.058333396911621,3239280,0.0,0.0
2017-03-16 00:00:00-04:00,13.141667366027832,13.274999618530273,12.675000190734863,12.675000190734863,2475600,0.0,0.0
2017-03-17 00:00:00-04:00,12.691666603088379,12.883333206176758,12.508333206176758,12.583333015441895,6101760,0.0,0.0
2017-03-20 00:00:00-04:00,12.591667175292969,13.149999618530273,12.416666984558105,13.108332633972168,3349800,0.0,0.0
2017-03-21 00:00:00-04:00,13.191666603088379,13.324999809265137,12.641667366027832,12.808333396911621,4381320,0.0,0.0
2017-03-22 00:00:00-04:00,12.741666793823242,13.141667366027832,12.716667175292969,12.800000190734863,3245880,0.0,0.0
2017-03-23 00:00:00-04:00,12.824999809265137,13.183333396911621,12.699999809265137,13.083333015441895,5164200,0.0,0.0
2017-03-24 00:00:00-04:00,13.074999809265137,13.375,12.975000381469727,13.091667175292969,4760040,0.0,0.0
2017-03-27 00:00:00-04:00,12.908332824707031,13.033332824707031,12.633333206176758,13.016667366027832,3180360,0.0,0.0
2017-03-28 00:00:00-04:00,13.041666984558105,13.391667366027832,12.850000381469727,13.333333015441895,3339960,0.0,0.0
2017-03-29 00:00:00-04:00,13.433333396911621,13.75,13.358332633972168,13.699999809265137,2650920,0.0,0.0
2017-03-30 00:00:00-04:00,13.766667366027832,13.850000381469727,13.458333015441895,13.508333206176758,4107960,0.0,0.0
2017-03-31 00:00:00-04:00,13.5,14.050000190734863,13.5,13.983332633972168,3989520,0.0,0.0
2017-04-03 00:00:00-04:00,14.016667366027832,14.141667366027832,13.591667175292969,14.0,4110120,0.0,0.0
2017-04-04 00:00:00-04:00,14.100000381469727,14.524999618530273,13.966667175292969,14.391667366027832,4865520,0.0,0.0
2017-04-05 00:00:00-04:00,14.5,14.591667175292969,13.816666603088379,13.850000381469727,3855720,0.0,0.0
2017-04-06 00:00:00-04:00,13.966667175292969,14.333333015441895,13.916666984558105,14.216667175292969,2705760,0.0,0.0
2017-04-07 00:00:00-04:00,14.241666793823242,14.391667366027832,14.116666793823242,14.191666603088379,3347400,0.0,0.0
2017-04-10 00:00:00-04:00,14.258333206176758,14.341667175292969,14.183333396911621,14.274999618530273,2104080,0.0,0.0
2017-04-11 00:00:00-04:00,14.258333206176758,14.258333206176758,13.899999618530273,14.024999618530273,6424680,0.0,0.0
2017-04-12 00:00:00-04:00,13.941666603088379,13.983332633972168,13.533332824707031,13.566666603088379,3285240,0.0,0.0
2017-04-13 00:00:00-04:00,13.583333015441895,13.658332824707031,13.199999809265137,13.225000381469727,2171400,0.0,0.0
2017-04-17 00:00:00-04:00,13.191666603088379,13.408332824707031,13.108332633972168,13.341667175292969,2756760,0.0,0.0
2017-04-18 00:00:00-04:00,13.0,13.308333396911621,12.958333015441895,13.149999618530273,2243400,0.0,0.0
2017-04-19 00:00:00-04:00,13.208333015441895,13.258333206176758,12.858332633972168,12.883333206176758,2132160,0.0,0.0
2017-04-20 00:00:00-04:00,12.899999618530273,13.066666603088379,12.758333206176758,12.833333015441895,3455040,0.0,0.0
2017-04-21 00:00:00-04:00,12.833333015441895,12.925000190734863,12.641667366027832,12.791666984558105,2809320,0.0,0.0
2017-04-24 00:00:00-04:00,12.925000190734863,13.008333206176758,12.691666603088379,12.833333015441895,4727520,0.0,0.0
2017-04-25 00:00:00-04:00,12.933333396911621,13.316666603088379,12.791666984558105,13.258333206176758,4741560,0.0,0.0
2017-04-26 00:00:00-04:00,13.116666793823242,13.675000190734863,13.100000381469727,13.191666603088379,5376840,0.0,0.0
2017-04-27 00:00:00-04:00,13.083333015441895,13.125,12.583333015441895,12.808333396911621,2495400,0.0,0.0
2017-04-28 00:00:00-04:00,12.916666984558105,13.0,12.550000190734863,12.649999618530273,6134880,0.0,0.0
2017-05-01 00:00:00-04:00,12.583333015441895,12.933333396911621,12.466667175292969,12.925000190734863,3830280,0.0,0.0
2017-05-02 00:00:00-04:00,12.983332633972168,13.708333015441895,12.983332633972168,13.449999809265137,5479320,0.0,0.0
2017-05-03 00:00:00-04:00,13.399999618530273,13.566666603088379,13.0,13.233332633972168,4606320,0.0,0.0
2017-05-04 00:00:00-04:00,13.116666793823242,13.116666793823242,12.324999809265137,12.399999618530273,4799160,0.0,0.0
2017-05-05 00:00:00-04:00,12.524999618530273,13.125,12.458333015441895,13.116666793823242,4182960,0.0,0.0
2017-05-08 00:00:00-04:00,13.050000190734863,13.641667366027832,13.041666984558105,13.574999809265137,5691360,0.0,0.0
2017-05-09 00:00:00-04:00,13.625,13.658332824707031,13.041666984558105,13.074999809265137,4351320,0.0,0.0
2017-05-10 00:00:00-04:00,13.216667175292969,13.625,13.074999809265137,13.508333206176758,3661560,0.0,0.0
2017-05-11 00:00:00-04:00,13.550000190734863,13.566666603088379,13.208333015441895,13.475000381469727,3477000,0.0,0.0
2017-05-12 00:00:00-04:00,13.475000381469727,13.683333396911621,13.475000381469727,13.541666984558105,1779240,0.0,0.0
2017-05-15 00:00:00-04:00,13.816666603088379,13.975000381469727,13.466667175292969,13.541666984558105,4839960,0.0,0.0
2017-05-16 00:00:00-04:00,13.675000190734863,13.675000190734863,13.466667175292969,13.516667366027832,2608680,0.0,0.0
2017-05-17 00:00:00-04:00,13.516667366027832,13.516667366027832,12.949999809265137,12.949999809265137,3393720,0.0,0.0
2017-05-18 00:00:00-04:00,12.841667175292969,13.308333396911621,12.616666793823242,13.241666793823242,3634920,0.0,0.0
2017-05-19 00:00:00-04:00,13.391667366027832,13.583333015441895,13.333333015441895,13.399999618530273,2488200,0.0,0.0
2017-05-22 00:00:00-04:00,13.566666603088379,13.649999618530273,13.191666603088379,13.366666793823242,3060240,0.0,0.0
2017-05-23 00:00:00-04:00,13.475000381469727,13.708333015441895,13.358332633972168,13.691666603088379,3438000,0.0,0.0
2017-05-24 00:00:00-04:00,13.658332824707031,13.824999809265137,13.583333015441895,13.666666984558105,2845800,0.0,0.0
2017-05-25 00:00:00-04:00,13.633333206176758,13.991666793823242,13.116666793823242,13.291666984558105,3238080,0.0,0.0
2017-05-26 00:00:00-04:00,13.324999809265137,13.366666793823242,12.808333396911621,12.816666603088379,3590400,0.0,0.0
2017-05-30 00:00:00-04:00,12.675000190734863,12.708333015441895,12.258333206176758,12.408332824707031,4750080,0.0,0.0
2017-05-31 00:00:00-04:00,12.191666603088379,12.366666793823242,11.816666603088379,12.091667175292969,4466160,0.0,0.0
2017-06-01 00:00:00-04:00,12.133333206176758,12.350000381469727,12.058333396911621,12.316666603088379,3502560,0.0,0.0
2017-06-02 00:00:00-04:00,12.241666793823242,12.333333015441895,11.850000381469727,11.883333206176758,2892600,0.0,0.0
2017-06-05 00:00:00-04:00,11.808333396911621,12.066666603088379,11.741666793823242,11.791666984558105,2526000,0.0,0.0
2017-06-06 00:00:00-04:00,11.791666984558105,12.091667175292969,11.658332824707031,12.041666984558105,2206440,0.0,0.0
2017-06-07 00:00:00-04:00,11.916666984558105,12.149999618530273,11.741666793823242,11.841667175292969,2311920,0.0,0.0
2017-06-08 00:00:00-04:00,11.741666793823242,12.149999618530273,11.741666793823242,12.050000190734863,2714280,0.0,0.0
2017-06-09 00:00:00-04:00,12.074999809265137,12.483332633972168,12.074999809265137,12.308333396911621,3956160,0.0,0.0
2017-06-12 00:00:00-04:00,12.416666984558105,12.608332633972168,12.333333015441895,12.466667175292969,3491160,0.0,0.0
2017-06-13 00:00:00-04:00,12.533332824707031,13.0,12.483332633972168,12.908332824707031,2704920,0.0,0.0
2017-06-14 00:00:00-04:00,12.866666793823242,12.875,12.366666793823242,12.475000381469727,2153760,0.0,0.0
2017-06-15 00:00:00-04:00,12.316666603088379,12.616666793823242,12.266667366027832,12.341667175292969,1996200,0.0,0.0
2017-06-16 00:00:00-04:00,12.383333206176758,12.399999618530273,11.816666603088379,12.074999809265137,4398120,0.0,0.0
2017-06-19 00:00:00-04:00,12.133333206176758,12.300000190734863,11.983332633972168,12.024999618530273,4215240,0.0,0.0
2017-06-20 00:00:00-04:00,11.766667366027832,11.866666793823242,11.5,11.841667175292969,4531200,0.0,0.0
2017-06-21 00:00:00-04:00,11.783332824707031,11.908332824707031,11.291666984558105,11.341667175292969,6664320,0.0,0.0
2017-06-22 00:00:00-04:00,11.391667366027832,11.583333015441895,11.341667175292969,11.350000381469727,3283680,0.0,0.0
2017-06-23 00:00:00-04:00,11.466667175292969,11.841667175292969,11.350000381469727,11.791666984558105,5070000,0.0,0.0
2017-06-26 00:00:00-04:00,11.691666603088379,12.425000190734863,11.600000381469727,12.191666603088379,3754080,0.0,0.0
2017-06-27 00:00:00-04:00,12.308333396911621,12.5,12.133333206176758,12.133333206176758,3116640,0.0,0.0
2017-06-28 00:00:00-04:00,12.241666793823242,12.875,12.241666793823242,12.574999809265137,4023960,0.0,0.0
2017-06-29 00:00:00-04:00,12.675000190734863,13.024999618530273,12.558333396911621,12.758333206176758,4701120,0.0,0.0
2017-06-30 00:00:00-04:00,12.824999809265137,12.908332824707031,12.141667366027832,12.449999809265137,4558920,0.0,0.0
2017-07-03 00:00:00-04:00,12.466667175292969,12.949999809265137,12.358332633972168,12.841667175292969,2000280,0.0,0.0
2017-07-05 00:00:00-04:00,12.725000381469727,12.774999618530273,12.391667366027832,12.425000190734863,2998680,0.0,0.0
2017-07-06 00:00:00-04:00,12.433333396911621,12.591667175292969,12.241666793823242,12.274999618530273,3489240,0.0,0.0
2017-07-07 00:00:00-04:00,12.233332633972168,12.274999618530273,11.941666603088379,12.125,2719080,0.0,0.0
2017-07-10 00:00:00-04:00,12.058333396911621,12.483332633972168,11.983332633972168,12.441666603088379,2039520,0.0,0.0
2017-07-11 00:00:00-04:00,12.524999618530273,13.258333206176758,12.274999618530273,13.175000190734863,4745160,0.0,0.0
2017-07-12 00:00:00-04:00,13.399999618530273,13.458333015441895,12.949999809265137,12.991666793823242,2916480,0.0,0.0
2017-07-13 00:00:00-04:00,12.933333396911621,13.125,12.683333396911621,13.116666793823242,3345240,0.0,0.0
2017-07-14 00:00:00-04:00,13.108332633972168,13.308333396911621,13.0,13.141667366027832,4081800,0.0,0.0
2017-07-17 00:00:00-04:00,13.158332824707031,13.408332824707031,12.975000381469727,13.041666984558105,1992120,0.0,0.0
2017-07-18 00:00:00-04:00,13.116666793823242,13.175000190734863,12.933333396911621,13.0,2206320,0.0,0.0
2017-07-19 00:00:00-04:00,13.041666984558105,13.883333206176758,13.0,13.824999809265137,3703080,0.0,0.0
2017-07-20 00:00:00-04:00,13.75,13.899999618530273,13.483332633972168,13.516667366027832,2706720,0.0,0.0
2017-07-21 00:00:00-04:00,13.491666793823242,13.616666793823242,13.141667366027832,13.274999618530273,4596360,0.0,0.0
2017-07-24 00:00:00-04:00,13.358332633972168,13.649999618530273,13.183333396911621,13.441666603088379,2782320,0.0,0.0
2017-07-25 00:00:00-04:00,13.725000381469727,14.149999618530273,13.716667175292969,14.066666603088379,3785760,0.0,0.0
2017-07-26 00:00:00-04:00,14.166666984558105,14.166666984558105,13.883333206176758,13.925000190734863,2663520,0.0,0.0
2017-07-27 00:00:00-04:00,13.925000190734863,14.141667366027832,13.783332824707031,14.141667366027832,2737440,0.0,0.0
2017-07-28 00:00:00-04:00,14.091667175292969,14.324999809265137,13.991666793823242,14.091667175292969,4863120,0.0,0.0
2017-07-31 00:00:00-04:00,14.058333396911621,14.149999618530273,13.675000190734863,13.966667175292969,3059160,0.0,0.0
2017-08-01 00:00:00-04:00,14.066666603088379,14.083333015441895,12.625,12.883333206176758,6661440,0.0,0.0
2017-08-02 00:00:00-04:00,12.841667175292969,13.083333015441895,12.716667175292969,12.875,5181720,0.0,0.0
2017-08-03 00:00:00-04:00,12.833333015441895,12.975000381469727,12.416666984558105,12.458333015441895,4380960,0.0,0.0
2017-08-04 00:00:00-04:00,12.574999809265137,12.983332633972168,12.483332633972168,12.949999809265137,2953320,0.0,0.0
2017-08-07 00:00:00-04:00,12.841667175292969,12.949999809265137,12.558333396911621,12.833333015441895,3872160,0.0,0.0
2017-08-08 00:00:00-04:00,12.508333206176758,13.058333396911621,12.508333206176758,12.791666984558105,2939760,0.0,0.0
2017-08-09 00:00:00-04:00,12.841667175292969,12.899999618530273,12.658332824707031,12.875,2603640,0.0,0.0
2017-08-10 00:00:00-04:00,12.883333206176758,13.074999809265137,12.574999809265137,12.591667175292969,2175720,0.0,0.0
2017-08-11 00:00:00-04:00,12.375,12.583333015441895,12.333333015441895,12.5,1804920,0.0,0.0
2017-08-14 00:00:00-04:00,12.5,12.608332633972168,12.016667366027832,12.016667366027832,3944760,0.0,0.0
2017-08-15 00:00:00-04:00,12.016667366027832,12.158332824707031,11.866666793823242,12.100000381469727,4163520,0.0,0.0
2017-08-16 00:00:00-04:00,12.149999618530273,12.300000190734863,11.858332633972168,11.908332824707031,5467560,0.0,0.0
2017-08-17 00:00:00-04:00,11.800000190734863,12.191666603088379,11.725000381469727,11.725000381469727,4883520,0.0,0.0
2017-08-18 00:00:00-04:00,11.725000381469727,12.158332824707031,11.574999809265137,11.875,3496320,0.0,0.0
2017-08-21 00:00:00-04:00,11.875,12.050000190734863,11.766667366027832,11.899999618530273,7547640,0.0,0.0
2017-08-22 00:00:00-04:00,11.983332633972168,12.074999809265137,11.808333396911621,11.975000381469727,8152920,0.0,0.0
2017-08-23 00:00:00-04:00,11.966667175292969,12.133333206176758,11.858332633972168,12.016667366027832,4058040,0.0,0.0
2017-08-24 00:00:00-04:00,11.966667175292969,12.183333396911621,11.908332824707031,12.083333015441895,7551480,0.0,0.0
2017-08-25 00:00:00-04:00,12.133333206176758,12.341667175292969,11.916666984558105,12.199999809265137,4023840,0.0,0.0
2017-08-28 00:00:00-04:00,12.225000381469727,12.308333396911621,12.033332824707031,12.074999809265137,2581680,0.0,0.0
2017-08-29 00:00:00-04:00,11.916666984558105,12.158332824707031,11.866666793823242,12.074999809265137,2527440,0.0,0.0
2017-08-30 00:00:00-04:00,11.991666793823242,12.016667366027832,11.841667175292969,11.949999809265137,3401520,0.0,0.0
2017-08-31 00:00:00-04:00,12.033332824707031,12.308333396911621,11.991666793823242,12.125,3178680,0.0,0.0
2017-09-01 00:00:00-04:00,12.166666984558105,12.383333206176758,12.100000381469727,12.316666603088379,3114240,0.0,0.0
2017-09-05 00:00:00-04:00,12.433333396911621,12.600000381469727,11.908332824707031,11.916666984558105,6581040,0.0,0.0
2017-09-06 00:00:00-04:00,12.024999618530273,12.100000381469727,11.858332633972168,11.991666793823242,4242120,0.0,0.0
2017-09-07 00:00:00-04:00,11.916666984558105,12.100000381469727,11.75,12.0,3089520,0.0,0.0
2017-09-08 00:00:00-04:00,11.816666603088379,12.066666603088379,11.725000381469727,11.841667175292969,4840200,0.0,0.0
2017-09-11 00:00:00-04:00,12.0,12.324999809265137,11.983332633972168,12.199999809265137,6950400,0.0,0.0
2017-09-12 00:00:00-04:00,12.266667366027832,12.824999809265137,12.216667175292969,12.791666984558105,4363200,0.0,0.0
2017-09-13 00:00:00-04:00,12.808333396911621,13.091667175292969,12.75,12.916666984558105,3624360,0.0,0.0
2017-09-14 00:00:00-04:00,12.916666984558105,13.283332824707031,12.916666984558105,13.050000190734863,6266640,0.0,0.0
2017-09-15 00:00:00-04:00,13.0,13.125,12.916666984558105,13.066666603088379,8863800,0.0,0.0
2017-09-18 00:00:00-04:00,13.041666984558105,13.266667366027832,12.991666793823242,13.216667175292969,3847680,0.0,0.0
2017-09-19 00:00:00-04:00,13.233332633972168,13.383333206176758,13.091667175292969,13.300000190734863,2807040,0.0,0.0
2017-09-20 00:00:00-04:00,13.333333015441895,13.633333206176758,13.308333396911621,13.600000381469727,3658320,0.0,0.0
2017-09-21 00:00:00-04:00,13.466667175292969,13.5,13.274999618530273,13.375,2641080,0.0,0.0
2017-09-22 00:00:00-04:00,13.291666984558105,13.574999809265137,13.258333206176758,13.558333396911621,1892880,0.0,0.0
2017-09-25 00:00:00-04:00,13.691666603088379,14.100000381469727,13.683333396911621,13.933333396911621,3403800,0.0,0.0
2017-09-26 00:00:00-04:00,13.983332633972168,14.166666984558105,13.858332633972168,14.100000381469727,2530680,0.0,0.0
2017-09-27 00:00:00-04:00,14.199999809265137,14.25,13.841667175292969,14.116666793823242,2379480,0.0,0.0
2017-09-28 00:00:00-04:00,13.991666793823242,14.149999618530273,13.583333015441895,13.725000381469727,3171000,0.0,0.0
2017-09-29 00:00:00-04:00,13.708333015441895,14.125,13.625,14.116666793823242,3722280,0.0,0.0
2017-10-02 00:00:00-04:00,13.816666603088379,14.166666984558105,13.816666603088379,14.091667175292969,3073440,0.0,0.0
2017-10-03 00:00:00-04:00,14.125,14.166666984558105,13.808333396911621,13.983332633972168,2892960,0.0,0.0
2017-10-04 00:00:00-04:00,14.024999618530273,14.116666793823242,13.808333396911621,13.850000381469727,2566440,0.0,0.0
2017-10-05 00:00:00-04:00,13.933333396911621,14.175000190734863,13.916666984558105,14.074999809265137,2207280,0.0,0.0
2017-10-06 00:00:00-04:00,13.916666984558105,13.983332633972168,13.708333015441895,13.808333396911621,2437560,0.0,0.0
2017-10-09 00:00:00-04:00,13.925000190734863,14.024999618530273,13.833333015441895,13.850000381469727,3869640,0.0,0.0
2017-10-10 00:00:00-04:00,14.108332633972168,14.149999618530273,13.600000381469727,13.600000381469727,2389200,0.0,0.0
2017-10-11 00:00:00-04:00,13.625,13.725000381469727,13.541666984558105,13.649999618530273,2430600,0.0,0.0
2017-10-12 00:00:00-04:00,13.5,13.633333206176758,13.399999618530273,13.416666984558105,2332560,0.0,0.0
2017-10-13 00:00:00-04:00,13.608332633972168,13.633333206176758,13.208333015441895,13.225000381469727,3267720,0.0,0.0
2017-10-16 00:00:00-04:00,13.283332824707031,13.433333396911621,12.958333015441895,12.966667175292969,3118920,0.0,0.0
2017-10-17 00:00:00-04:00,12.983332633972168,13.216667175292969,12.925000190734863,13.191666603088379,2861040,0.0,0.0
2017-10-18 00:00:00-04:00,13.166666984558105,13.425000190734863,13.108332633972168,13.399999618530273,3160920,0.0,0.0
2017-10-19 00:00:00-04:00,13.316666603088379,13.408332824707031,13.008333206176758,13.183333396911621,3256080,0.0,0.0
2017-10-20 00:00:00-04:00,13.241666793823242,13.375,13.0,13.233332633972168,4786920,0.0,0.0
2017-10-23 00:00:00-04:00,13.333333015441895,13.5,13.183333396911621,13.191666603088379,4274520,0.0,0.0
2017-10-24 00:00:00-04:00,13.375,13.583333015441895,13.308333396911621,13.433333396911621,3022440,0.0,0.0
2017-10-25 00:00:00-04:00,13.408332824707031,13.475000381469727,13.191666603088379,13.241666793823242,3310320,0.0,0.0
2017-10-26 00:00:00-04:00,13.216667175292969,13.316666603088379,13.033332824707031,13.125,4028520,0.0,0.0
2017-10-27 00:00:00-04:00,12.916666984558105,13.600000381469727,12.908332824707031,13.600000381469727,5207160,0.0,0.0
2017-10-30 00:00:00-04:00,13.574999809265137,13.958333015441895,13.533332824707031,13.783332824707031,4780440,0.0,0.0
2017-10-31 00:00:00-04:00,12.574999809265137,13.858332633972168,12.508333206176758,13.441666603088379,7724760,0.0,0.0
2017-11-01 00:00:00-04:00,13.391667366027832,13.875,13.391667366027832,13.808333396911621,6724320,0.0,0.0
2017-11-02 00:00:00-04:00,13.783332824707031,13.966667175292969,13.608332633972168,13.75,3611520,0.0,0.0
2017-11-03 00:00:00-04:00,13.733332633972168,13.800000190734863,13.466667175292969,13.558333396911621,2745840,0.0,0.0
2017-11-06 00:00:00-05:00,13.625,13.716667175292969,13.524999618530273,13.566666603088379,3342360,0.0,0.0
2017-11-07 00:00:00-05:00,13.566666603088379,13.583333015441895,13.208333015441895,13.241666793823242,3286320,0.0,0.0
2017-11-08 00:00:00-05:00,13.125,13.149999618530273,12.783332824707031,12.824999809265137,3412320,0.0,0.0
2017-11-09 00:00:00-05:00,12.741666793823242,12.908332824707031,12.683333396911621,12.833333015441895,2898960,0.0,0.0
2017-11-10 00:00:00-05:00,12.875,13.125,12.808333396911621,13.108332633972168,4119960,0.0,0.0
2017-11-13 00:00:00-05:00,12.916666984558105,13.533332824707031,12.916666984558105,13.425000190734863,5570520,0.0,0.0
2017-11-14 00:00:00-05:00,13.241666793823242,13.433333396911621,12.941666603088379,13.091667175292969,6654120,0.0,0.0
2017-11-15 00:00:00-05:00,12.758333206176758,13.316666603088379,12.566666603088379,13.283332824707031,4863960,0.0,0.0
2017-11-16 00:00:00-05:00,13.350000381469727,13.616666793823242,13.241666793823242,13.358332633972168,3501360,0.0,0.0
2017-11-17 00:00:00-05:00,13.433333396911621,14.016667366027832,13.433333396911621,14.0,3176160,0.0,0.0
2017-11-20 00:00:00-05:00,13.75,13.925000190734863,13.324999809265137,13.366666793823242,3571440,0.0,0.0
2017-11-21 00:00:00-05:00,13.441666603088379,13.716667175292969,13.375,13.558333396911621,3186720,0.0,0.0
2017-11-22 00:00:00-05:00,13.600000381469727,13.758333206176758,13.583333015441895,13.691666603088379,2502240,0.0,0.0
2017-11-24 00:00:00-05:00,13.691666603088379,13.766667366027832,13.516667366027832,13.541666984558105,2017200,0.0,0.0
2017-11-27 00:00:00-05:00,13.583333015441895,13.675000190734863,13.166666984558105,13.333333015441895,8159640,0.0,0.0
2017-11-28 00:00:00-05:00,13.333333015441895,13.550000190734863,13.25,13.466667175292969,3052080,0.0,0.0
2017-11-29 00:00:00-05:00,13.84000015258789,13.920000076293945,13.369999885559082,13.5,5516200,0.0,1.2
2017-11-30 00:00:00-05:00,13.609999656677246,14.350000381469727,13.600000381469727,13.949999809265137,5574100,0.0,0.0
2017-12-01 00:00:00-05:00,14.149999618530273,14.9399995803833,14.079999923706055,14.90999984741211,5054800,0.0,0.0
2017-12-04 00:00:00-05:00,14.979999542236328,15.510000228881836,14.930000305175781,15.130000114440918,4595400,0.0,0.0
2017-12-05 00:00:00-05:00,14.84000015258789,15.0,14.640000343322754,14.649999618530273,3703900,0.0,0.0
2017-12-06 00:00:00-05:00,14.65999984741211,14.670000076293945,14.25,14.579999923706055,7018700,0.0,0.0
2017-12-07 00:00:00-05:00,14.510000228881836,14.760000228881836,14.399999618530273,14.539999961853027,3258900,0.0,0.0
2017-12-08 00:00:00-05:00,14.890000343322754,15.039999961853027,14.390000343322754,14.390000343322754,3277300,0.0,0.0
2017-12-11 00:00:00-05:00,14.4399995803833,14.800000190734863,14.369999885559082,14.630000114440918,3707400,0.0,0.0
2017-12-12 00:00:00-05:00,14.630000114440918,14.75,14.449999809265137,14.59000015258789,4887900,0.0,0.0
2017-12-13 00:00:00-05:00,14.569999694824219,14.600000381469727,14.359999656677246,14.380000114440918,1691500,0.0,0.0
2017-12-14 00:00:00-05:00,14.289999961853027,14.510000228881836,14.25,14.3100004196167,2148200,0.0,0.0
2017-12-15 00:00:00-05:00,14.34000015258789,14.420000076293945,13.779999732971191,13.8100004196167,9533400,0.0,0.0
2017-12-18 00:00:00-05:00,13.869999885559082,14.239999771118164,13.770000457763672,14.1899995803833,2978600,0.0,0.0
2017-12-19 00:00:00-05:00,14.539999961853027,14.569999694824219,14.270000457763672,14.270000457763672,3147000,0.0,0.0
2017-12-20 00:00:00-05:00,14.40999984741211,14.470000267028809,13.970000267028809,14.399999618530273,1797300,0.0,0.0
2017-12-21 00:00:00-05:00,14.390000343322754,14.640000343322754,14.1899995803833,14.40999984741211,2490500,0.0,0.0
2017-12-22 00:00:00-05:00,14.420000076293945,14.739999771118164,14.399999618530273,14.609999656677246,2192500,0.0,0.0
2017-12-26 00:00:00-05:00,14.65999984741211,14.899999618530273,14.539999961853027,14.819999694824219,1688000,0.0,0.0
2017-12-27 00:00:00-05:00,14.800000190734863,14.819999694824219,14.479999542236328,14.489999771118164,2583200,0.0,0.0
2017-12-28 00:00:00-05:00,14.510000228881836,15.079999923706055,14.510000228881836,14.970000267028809,6211000,0.0,0.0
2017-12-29 00:00:00-05:00,15.109999656677246,15.140000343322754,14.619999885559082,14.630000114440918,1935800,0.0,0.0
2018-01-02 00:00:00-05:00,14.770000457763672,15.140000343322754,14.6899995803833,15.069999694824219,2331500,0.0,0.0
2018-01-03 00:00:00-05:00,15.1899995803833,15.350000381469727,15.0600004196167,15.239999771118164,2044400,0.0,0.0
2018-01-04 00:00:00-05:00,15.239999771118164,15.25,14.640000343322754,15.0,3471100,0.0,0.0
2018-01-05 00:00:00-05:00,14.890000343322754,15.010000228881836,14.680000305175781,14.789999961853027,1797900,0.0,0.0
2018-01-08 00:00:00-05:00,14.84000015258789,14.84000015258789,14.539999961853027,14.600000381469727,3093800,0.0,0.0
2018-01-09 00:00:00-05:00,14.619999885559082,15.119999885559082,14.520000457763672,14.989999771118164,3671000,0.0,0.0
2018-01-10 00:00:00-05:00,14.90999984741211,15.210000038146973,14.710000038146973,14.710000038146973,1673100,0.0,0.0
2018-01-11 00:00:00-05:00,14.890000343322754,15.260000228881836,14.789999961853027,15.039999961853027,1883700,0.0,0.0
2018-01-12 00:00:00-05:00,14.899999618530273,15.289999961853027,14.75,15.1899995803833,2122600,0.0,0.0
2018-01-16 00:00:00-05:00,15.069999694824219,15.15999984741211,14.630000114440918,14.630000114440918,2597000,0.0,0.0
2018-01-17 00:00:00-05:00,14.75,15.0600004196167,14.600000381469727,14.880000114440918,2271800,0.0,0.0
2018-01-18 00:00:00-05:00,14.770000457763672,14.899999618530273,14.529999732971191,14.640000343322754,3066000,0.0,0.0
2018-01-19 00:00:00-05:00,14.600000381469727,14.65999984741211,14.25,14.289999961853027,2876900,0.0,0.0
2018-01-22 00:00:00-05:00,14.399999618530273,14.569999694824219,14.199999809265137,14.510000228881836,3614200,0.0,0.0
2018-01-23 00:00:00-05:00,14.65999984741211,15.100000381469727,14.609999656677246,14.649999618530273,3710500,0.0,0.0
2018-01-24 00:00:00-05:00,14.680000305175781,14.859999656677246,14.520000457763672,14.670000076293945,2363500,0.0,0.0
2018-01-25 00:00:00-05:00,14.800000190734863,14.800000190734863,14.479999542236328,14.710000038146973,3959800,0.0,0.0
2018-01-26 00:00:00-05:00,14.720000267028809,14.869999885559082,14.380000114440918,14.449999809265137,2014800,0.0,0.0
2018-01-29 00:00:00-05:00,14.369999885559082,14.460000038146973,13.819999694824219,13.84000015258789,3821900,0.0,0.0
2018-01-30 00:00:00-05:00,14.699999809265137,14.779999732971191,13.399999618530273,13.680000305175781,7624400,0.0,0.0
2018-01-31 00:00:00-05:00,13.680000305175781,14.079999923706055,13.5600004196167,14.010000228881836,5880900,0.0,0.0
2018-02-01 00:00:00-05:00,13.970000267028809,14.220000267028809,13.569999694824219,13.609999656677246,3140100,0.0,0.0
2018-02-02 00:00:00-05:00,13.420000076293945,13.59000015258789,12.920000076293945,12.970000267028809,5496700,0.0,0.0
2018-02-05 00:00:00-05:00,12.850000381469727,13.5,12.520000457763672,12.670000076293945,5690400,0.0,0.0
2018-02-06 00:00:00-05:00,12.4399995803833,12.880000114440918,12.050000190734863,12.800000190734863,6204700,0.0,0.0
2018-02-07 00:00:00-05:00,12.720000267028809,12.829999923706055,11.829999923706055,11.829999923706055,4115300,0.0,0.0
2018-02-08 00:00:00-05:00,11.850000381469727,12.199999809265137,11.6899995803833,11.699999809265137,5989300,0.0,0.0
2018-02-09 00:00:00-05:00,11.789999961853027,12.75,11.770000457763672,12.579999923706055,8403600,0.0,0.0
2018-02-12 00:00:00-05:00,12.710000038146973,13.100000381469727,12.6899995803833,13.029999732971191,4773800,0.0,0.0
2018-02-13 00:00:00-05:00,13.010000228881836,13.489999771118164,12.930000305175781,13.34000015258789,4087900,0.0,0.0
2018-02-14 00:00:00-05:00,13.34000015258789,14.65999984741211,13.270000457763672,14.5600004196167,5056800,0.0,0.0
2018-02-15 00:00:00-05:00,14.539999961853027,14.9399995803833,14.40999984741211,14.789999961853027,4547800,0.0,0.0
2018-02-16 00:00:00-05:00,14.649999618530273,15.149999618530273,14.600000381469727,14.760000228881836,3724500,0.0,0.0
2018-02-20 00:00:00-05:00,14.760000228881836,14.899999618530273,14.319999694824219,14.460000038146973,3717000,0.0,0.0
2018-02-21 00:00:00-05:00,14.399999618530273,14.699999809265137,14.239999771118164,14.25,4841900,0.0,0.0
2018-02-22 00:00:00-05:00,14.380000114440918,14.899999618530273,14.319999694824219,14.539999961853027,3442800,0.0,0.0
2018-02-23 00:00:00-05:00,14.6899995803833,15.010000228881836,14.65999984741211,14.970000267028809,3154400,0.0,0.0
2018-02-26 00:00:00-05:00,15.050000190734863,15.15999984741211,14.880000114440918,14.979999542236328,3229100,0.0,0.0
2018-02-27 00:00:00-05:00,15.1899995803833,16.059999465942383,15.069999694824219,15.920000076293945,12497400,0.0,0.0
2018-02-28 00:00:00-05:00,16.139999389648438,16.829999923706055,16.040000915527344,16.06999969482422,8866900,0.0,0.0
2018-03-01 00:00:00-05:00,16.219999313354492,16.579999923706055,16.18000030517578,16.43000030517578,4333400,0.0,0.0
2018-03-02 00:00:00-05:00,16.34000015258789,16.760000228881836,16.040000915527344,16.719999313354492,3589200,0.0,0.0
2018-03-05 00:00:00-05:00,16.600000381469727,17.68000030517578,16.579999923706055,17.450000762939453,5882100,0.0,0.0
2018-03-06 00:00:00-05:00,17.549999237060547,17.770000457763672,17.200000762939453,17.309999465942383,6346500,0.0,0.0
2018-03-07 00:00:00-05:00,17.239999771118164,17.729999542236328,17.149999618530273,17.479999542236328,4060200,0.0,0.0
2018-03-08 00:00:00-05:00,17.440000534057617,17.920000076293945,17.440000534057617,17.899999618530273,3924000,0.0,0.0
2018-03-09 00:00:00-05:00,18.0,18.09000015258789,17.31999969482422,17.549999237060547,4050900,0.0,0.0
2018-03-12 00:00:00-04:00,17.520000457763672,17.6299991607666,17.059999465942383,17.1200008392334,4676800,0.0,0.0
2018-03-13 00:00:00-04:00,16.969999313354492,17.139999389648438,16.170000076293945,16.25,9506800,0.0,0.0
2018-03-14 00:00:00-04:00,16.350000381469727,16.59000015258789,15.520000457763672,15.539999961853027,7367800,0.0,0.0
2018-03-15 00:00:00-04:00,15.5600004196167,15.8100004196167,15.0600004196167,15.270000457763672,5574900,0.0,0.0
2018-03-16 00:00:00-04:00,15.289999961853027,15.800000190734863,15.15999984741211,15.5,6039900,0.0,0.0
2018-03-19 00:00:00-04:00,15.279999732971191,15.649999618530273,15.0,15.399999618530273,5065900,0.0,0.0
2018-03-20 00:00:00-04:00,15.529999732971191,15.710000038146973,15.4399995803833,15.5600004196167,3694900,0.0,0.0
2018-03-21 00:00:00-04:00,15.619999885559082,15.899999618530273,15.489999771118164,15.600000381469727,4021800,0.0,0.0
2018-03-22 00:00:00-04:00,15.4399995803833,15.670000076293945,15.260000228881836,15.270000457763672,3016700,0.0,0.0
2018-03-23 00:00:00-04:00,15.359999656677246,15.949999809265137,15.350000381469727,15.40999984741211,2906600,0.0,0.0
2018-03-26 00:00:00-04:00,15.619999885559082,15.720000267028809,15.300000190734863,15.699999809265137,2559100,0.0,0.0
2018-03-27 00:00:00-04:00,15.760000228881836,15.90999984741211,15.399999618530273,15.470000267028809,3137900,0.0,0.0
2018-03-28 00:00:00-04:00,15.470000267028809,15.579999923706055,15.130000114440918,15.220000267028809,3436500,0.0,0.0
2018-03-29 00:00:00-04:00,15.390000343322754,15.5600004196167,15.319999694824219,15.430000305175781,3324100,0.0,0.0
2018-04-02 00:00:00-04:00,15.279999732971191,15.420000076293945,14.34000015258789,14.5,3461800,0.0,0.0
2018-04-03 00:00:00-04:00,14.5600004196167,14.979999542236328,14.4399995803833,14.899999618530273,2450500,0.0,0.0
2018-04-04 00:00:00-04:00,14.630000114440918,15.0600004196167,14.5600004196167,15.039999961853027,1991700,0.0,0.0
2018-04-05 00:00:00-04:00,15.109999656677246,15.8100004196167,15.109999656677246,15.600000381469727,3734400,0.0,0.0
2018-04-06 00:00:00-04:00,15.430000305175781,15.579999923706055,14.720000267028809,14.949999809265137,5310300,0.0,0.0
2018-04-09 00:00:00-04:00,14.960000038146973,15.319999694824219,14.960000038146973,15.109999656677246,3090100,0.0,0.0
2018-04-10 00:00:00-04:00,15.420000076293945,15.8100004196167,15.25,15.619999885559082,3261500,0.0,0.0
2018-04-11 00:00:00-04:00,15.640000343322754,15.970000267028809,15.510000228881836,15.710000038146973,2545600,0.0,0.0
2018-04-12 00:00:00-04:00,15.720000267028809,15.789999961853027,15.529999732971191,15.670000076293945,2088500,0.0,0.0
2018-04-13 00:00:00-04:00,15.739999771118164,15.869999885559082,15.529999732971191,15.739999771118164,2208000,0.0,0.0
2018-04-16 00:00:00-04:00,15.789999961853027,15.9399995803833,15.489999771118164,15.8100004196167,2218800,0.0,0.0
2018-04-17 00:00:00-04:00,15.819999694824219,15.930000305175781,15.6899995803833,15.789999961853027,1647800,0.0,0.0
2018-04-18 00:00:00-04:00,15.920000076293945,16.520000457763672,15.880000114440918,16.219999313354492,2846400,0.0,0.0
2018-04-19 00:00:00-04:00,16.31999969482422,16.440000534057617,16.079999923706055,16.1200008392334,3055300,0.0,0.0
2018-04-20 00:00:00-04:00,16.06999969482422,16.100000381469727,15.550000190734863,15.640000343322754,2793100,0.0,0.0
2018-04-23 00:00:00-04:00,15.579999923706055,15.779999732971191,15.449999809265137,15.649999618530273,1739400,0.0,0.0
2018-04-24 00:00:00-04:00,15.760000228881836,15.84000015258789,14.680000305175781,14.760000228881836,3207700,0.0,0.0
2018-04-25 00:00:00-04:00,14.579999923706055,14.729999542236328,14.279999732971191,14.399999618530273,3650400,0.0,0.0
2018-04-26 00:00:00-04:00,14.489999771118164,14.579999923706055,14.239999771118164,14.300000190734863,3417300,0.0,0.0
2018-04-27 00:00:00-04:00,14.210000038146973,14.720000267028809,14.210000038146973,14.630000114440918,3022800,0.0,0.0
2018-04-30 00:00:00-04:00,14.630000114440918,15.09000015258789,14.609999656677246,14.859999656677246,3233000,0.0,0.0
2018-05-01 00:00:00-04:00,14.819999694824219,14.960000038146973,14.619999885559082,14.899999618530273,3508600,0.0,0.0
2018-05-02 00:00:00-04:00,14.899999618530273,15.329999923706055,14.819999694824219,15.149999618530273,4611100,0.0,0.0
2018-05-03 00:00:00-04:00,14.890000343322754,15.609999656677246,14.880000114440918,14.9399995803833,3133300,0.0,0.0
2018-05-04 00:00:00-04:00,14.899999618530273,15.479999542236328,14.850000381469727,15.34000015258789,2547200,0.0,0.0
2018-05-07 00:00:00-04:00,15.569999694824219,15.989999771118164,15.460000038146973,15.489999771118164,2795000,0.0,0.0
2018-05-08 00:00:00-04:00,15.40999984741211,15.520000457763672,14.9399995803833,15.289999961853027,3617600,0.0,0.0
2018-05-09 00:00:00-04:00,15.529999732971191,15.899999618530273,15.479999542236328,15.550000190734863,3160300,0.0,0.0
2018-05-10 00:00:00-04:00,15.65999984741211,15.729999542236328,15.449999809265137,15.65999984741211,2112500,0.0,0.0
2018-05-11 00:00:00-04:00,15.6899995803833,15.789999961853027,15.390000343322754,15.5600004196167,4534400,0.0,0.0
2018-05-14 00:00:00-04:00,15.680000305175781,16.209999084472656,15.680000305175781,16.149999618530273,2140200,0.0,0.0
2018-05-15 00:00:00-04:00,16.040000915527344,16.34000015258789,16.0,16.190000534057617,1832300,0.0,0.0
2018-05-16 00:00:00-04:00,16.139999389648438,16.420000076293945,16.100000381469727,16.329999923706055,1554200,0.0,0.0
2018-05-17 00:00:00-04:00,16.43000030517578,16.729999542236328,16.360000610351562,16.579999923706055,2291600,0.0,0.0
2018-05-18 00:00:00-04:00,16.479999542236328,16.59000015258789,16.190000534057617,16.34000015258789,2003800,0.0,0.0
2018-05-21 00:00:00-04:00,16.43000030517578,16.649999618530273,16.31999969482422,16.59000015258789,1562500,0.0,0.0
2018-05-22 00:00:00-04:00,16.65999984741211,16.770000457763672,16.110000610351562,16.149999618530273,1601800,0.0,0.0
2018-05-23 00:00:00-04:00,16.040000915527344,16.040000915527344,15.5600004196167,15.859999656677246,1948700,0.0,0.0
2018-05-24 00:00:00-04:00,15.699999809265137,16.079999923706055,15.579999923706055,15.859999656677246,2637500,0.0,0.0
2018-05-25 00:00:00-04:00,15.579999923706055,15.90999984741211,15.199999809265137,15.850000381469727,1967000,0.0,0.0
2018-05-29 00:00:00-04:00,15.680000305175781,15.979999542236328,15.680000305175781,15.899999618530273,2851400,0.0,0.0
2018-05-30 00:00:00-04:00,15.970000267028809,16.40999984741211,15.970000267028809,16.299999237060547,2659500,0.0,0.0
2018-05-31 00:00:00-04:00,16.170000076293945,16.270000457763672,15.970000267028809,16.15999984741211,3018300,0.0,0.0
2018-06-01 00:00:00-04:00,16.280000686645508,16.809999465942383,16.190000534057617,16.549999237060547,3478200,0.0,0.0
2018-06-04 00:00:00-04:00,16.59000015258789,16.790000915527344,16.010000228881836,16.09000015258789,2078600,0.0,0.0
2018-06-05 00:00:00-04:00,16.06999969482422,16.579999923706055,15.930000305175781,16.440000534057617,1790800,0.0,0.0
2018-06-06 00:00:00-04:00,16.579999923706055,16.709999084472656,16.3700008392334,16.549999237060547,1648400,0.0,0.0
2018-06-07 00:00:00-04:00,16.700000762939453,17.260000228881836,16.6299991607666,17.219999313354492,2386500,0.0,0.0
2018-06-08 00:00:00-04:00,17.1299991607666,17.549999237060547,17.059999465942383,17.329999923706055,3220700,0.0,0.0
2018-06-11 00:00:00-04:00,17.290000915527344,17.34000015258789,17.020000457763672,17.06999969482422,1996600,0.0,0.0
2018-06-12 00:00:00-04:00,17.079999923706055,17.399999618530273,17.020000457763672,17.100000381469727,2222900,0.0,0.0
2018-06-13 00:00:00-04:00,17.079999923706055,17.190000534057617,16.93000030517578,17.030000686645508,2767700,0.0,0.0
2018-06-14 00:00:00-04:00,17.100000381469727,17.190000534057617,16.90999984741211,16.979999542236328,1784100,0.0,0.0
2018-06-15 00:00:00-04:00,16.790000915527344,16.969999313354492,16.670000076293945,16.780000686645508,4451100,0.0,0.0
2018-06-18 00:00:00-04:00,16.75,17.18000030517578,16.399999618530273,16.790000915527344,2005200,0.0,0.0
2018-06-19 00:00:00-04:00,16.549999237060547,16.989999771118164,16.440000534057617,16.90999984741211,1638300,0.0,0.0
2018-06-20 00:00:00-04:00,17.040000915527344,17.100000381469727,16.81999969482422,17.049999237060547,1797700,0.0,0.0
2018-06-21 00:00:00-04:00,17.030000686645508,17.40999984741211,16.860000610351562,17.219999313354492,2810600,0.0,0.0
2018-06-22 00:00:00-04:00,17.739999771118164,17.8700008392334,17.389999389648438,17.5,3430900,0.0,0.0
2018-06-25 00:00:00-04:00,17.43000030517578,17.579999923706055,17.030000686645508,17.149999618530273,2120400,0.0,0.0
2018-06-26 00:00:00-04:00,17.170000076293945,17.5,17.049999237060547,17.389999389648438,1369400,0.0,0.0
2018-06-27 00:00:00-04:00,17.549999237060547,17.75,17.239999771118164,17.270000457763672,2108800,0.0,0.0
2018-06-28 00:00:00-04:00,17.329999923706055,17.459999084472656,16.969999313354492,17.200000762939453,2302200,0.0,0.0
2018-06-29 00:00:00-04:00,17.219999313354492,18.09000015258789,17.219999313354492,17.780000686645508,4949900,0.0,0.0
2018-07-02 00:00:00-04:00,17.530000686645508,17.8799991607666,17.260000228881836,17.799999237060547,2815500,0.0,0.0
2018-07-03 00:00:00-04:00,18.040000915527344,18.15999984741211,17.209999084472656,17.510000228881836,2858000,0.0,0.0
2018-07-05 00:00:00-04:00,17.59000015258789,17.639999389648438,17.110000610351562,17.170000076293945,2247200,0.0,0.0
2018-07-06 00:00:00-04:00,17.139999389648438,17.450000762939453,17.049999237060547,17.389999389648438,1198900,0.0,0.0
2018-07-09 00:00:00-04:00,17.5,18.010000228881836,17.43000030517578,17.969999313354492,1712200,0.0,0.0
2018-07-10 00:00:00-04:00,18.15999984741211,18.3700008392334,17.899999618530273,17.979999542236328,1374500,0.0,0.0
2018-07-11 00:00:00-04:00,17.829999923706055,17.93000030517578,17.350000381469727,17.5,2009800,0.0,0.0
2018-07-12 00:00:00-04:00,17.610000610351562,17.700000762939453,16.93000030517578,17.079999923706055,2262500,0.0,0.0
2018-07-13 00:00:00-04:00,17.1200008392334,17.40999984741211,17.100000381469727,17.15999984741211,1038400,0.0,0.0
2018-07-16 00:00:00-04:00,16.950000762939453,17.260000228881836,16.899999618530273,17.239999771118164,1522100,0.0,0.0
2018-07-17 00:00:00-04:00,17.190000534057617,17.280000686645508,16.989999771118164,17.1200008392334,1679400,0.0,0.0
2018-07-18 00:00:00-04:00,17.170000076293945,17.170000076293945,16.729999542236328,17.040000915527344,2108000,0.0,0.0
2018-07-19 00:00:00-04:00,16.969999313354492,17.190000534057617,16.969999313354492,17.09000015258789,2069500,0.0,0.0
2018-07-20 00:00:00-04:00,17.139999389648438,17.329999923706055,17.020000457763672,17.200000762939453,1274400,0.0,0.0
2018-07-23 00:00:00-04:00,17.280000686645508,17.389999389648438,17.049999237060547,17.260000228881836,1967600,0.0,0.0
2018-07-24 00:00:00-04:00,17.389999389648438,17.389999389648438,16.8700008392334,16.889999389648438,1879800,0.0,0.0
2018-07-25 00:00:00-04:00,16.920000076293945,17.0,16.610000610351562,16.899999618530273,2494300,0.0,0.0
2018-07-26 00:00:00-04:00,16.90999984741211,17.149999618530273,16.84000015258789,17.010000228881836,3154200,0.0,0.0
2018-07-27 00:00:00-04:00,17.020000457763672,17.040000915527344,15.789999961853027,15.859999656677246,3012200,0.0,0.0
2018-07-30 00:00:00-04:00,16.0,16.1299991607666,15.710000038146973,15.84000015258789,2631100,0.0,0.0
2018-07-31 00:00:00-04:00,15.890000343322754,16.360000610351562,15.75,16.280000686645508,2047800,0.0,0.0
2018-08-01 00:00:00-04:00,16.149999618530273,16.149999618530273,15.819999694824219,16.09000015258789,2377800,0.0,0.0
2018-08-02 00:00:00-04:00,15.779999732971191,15.899999618530273,14.470000267028809,15.75,5080100,0.0,0.0
2018-08-03 00:00:00-04:00,15.779999732971191,16.049999237060547,15.670000076293945,15.949999809265137,3299900,0.0,0.0
2018-08-06 00:00:00-04:00,15.869999885559082,16.270000457763672,15.600000381469727,16.100000381469727,2432200,0.0,0.0
2018-08-07 00:00:00-04:00,16.290000915527344,16.420000076293945,15.960000038146973,15.970000267028809,2582800,0.0,0.0
2018-08-08 00:00:00-04:00,15.890000343322754,16.030000686645508,15.670000076293945,15.920000076293945,1879800,0.0,0.0
2018-08-09 00:00:00-04:00,15.920000076293945,16.18000030517578,15.880000114440918,16.020000457763672,2486100,0.0,0.0
2018-08-10 00:00:00-04:00,15.920000076293945,16.020000457763672,15.710000038146973,15.789999961853027,2400000,0.0,0.0
2018-08-13 00:00:00-04:00,15.75,15.819999694824219,15.399999618530273,15.420000076293945,1949000,0.0,0.0
2018-08-14 00:00:00-04:00,15.640000343322754,15.710000038146973,15.40999984741211,15.420000076293945,1301900,0.0,0.0
2018-08-15 00:00:00-04:00,15.1899995803833,15.289999961853027,14.829999923706055,15.029999732971191,2668700,0.0,0.0
2018-08-16 00:00:00-04:00,15.029999732971191,15.109999656677246,14.75,14.90999984741211,1878500,0.0,0.0
2018-08-17 00:00:00-04:00,15.199999809265137,15.359999656677246,15.119999885559082,15.1899995803833,1296100,0.0,0.0
2018-08-20 00:00:00-04:00,15.130000114440918,15.319999694824219,15.069999694824219,15.289999961853027,2591700,0.0,0.0
2018-08-21 00:00:00-04:00,15.40999984741211,15.630000114440918,15.40999984741211,15.579999923706055,1687100,0.0,0.0
2018-08-22 00:00:00-04:00,15.65999984741211,15.920000076293945,15.619999885559082,15.850000381469727,1346200,0.0,0.0
2018-08-23 00:00:00-04:00,15.800000190734863,15.800000190734863,15.529999732971191,15.619999885559082,1197100,0.0,0.0
2018-08-24 00:00:00-04:00,15.760000228881836,16.020000457763672,15.6899995803833,15.90999984741211,1920200,0.0,0.0
2018-08-27 00:00:00-04:00,15.90999984741211,16.079999923706055,15.670000076293945,15.710000038146973,1189200,0.0,0.0
2018-08-28 00:00:00-04:00,15.710000038146973,15.800000190734863,15.380000114440918,15.649999618530273,1595500,0.0,0.0
2018-08-29 00:00:00-04:00,15.649999618530273,16.040000915527344,15.520000457763672,16.0,1554700,0.0,0.0
2018-08-30 00:00:00-04:00,15.989999771118164,16.0,15.699999809265137,15.920000076293945,1173700,0.0,0.0
2018-08-31 00:00:00-04:00,15.90999984741211,15.970000267028809,15.720000267028809,15.9399995803833,1642000,0.0,0.0
2018-09-04 00:00:00-04:00,15.970000267028809,16.059999465942383,15.359999656677246,15.399999618530273,1977500,0.0,0.0
2018-09-05 00:00:00-04:00,15.329999923706055,15.470000267028809,15.010000228881836,15.420000076293945,1693000,0.0,0.0
2018-09-06 00:00:00-04:00,15.359999656677246,15.390000343322754,14.770000457763672,14.880000114440918,2221500,0.0,0.0
2018-09-07 00:00:00-04:00,14.770000457763672,15.010000228881836,14.539999961853027,14.920000076293945,1668900,0.0,0.0
2018-09-10 00:00:00-04:00,14.9399995803833,15.270000457763672,14.9399995803833,15.0600004196167,2470200,0.0,0.0
2018-09-11 00:00:00-04:00,14.300000190734863,14.9399995803833,14.0,14.850000381469727,3636200,0.0,0.0
2018-09-12 00:00:00-04:00,14.979999542236328,15.079999923706055,14.619999885559082,14.649999618530273,2335400,0.0,0.0
2018-09-13 00:00:00-04:00,14.670000076293945,14.850000381469727,14.579999923706055,14.699999809265137,2498600,0.0,0.0
2018-09-14 00:00:00-04:00,14.670000076293945,14.84000015258789,14.5600004196167,14.600000381469727,2458100,0.0,0.0
2018-09-17 00:00:00-04:00,14.630000114440918,14.819999694824219,14.489999771118164,14.609999656677246,2177600,0.0,0.0
2018-09-18 00:00:00-04:00,14.729999542236328,14.869999885559082,14.4399995803833,14.550000190734863,3015700,0.0,0.0
2018-09-19 00:00:00-04:00,14.569999694824219,14.930000305175781,14.569999694824219,14.800000190734863,2631200,0.0,0.0
2018-09-20 00:00:00-04:00,14.960000038146973,15.020000457763672,14.539999961853027,14.699999809265137,3258100,0.0,0.0
2018-09-21 00:00:00-04:00,14.770000457763672,14.770000457763672,14.449999809265137,14.609999656677246,6149400,0.0,0.0
2018-09-24 00:00:00-04:00,14.729999542236328,14.920000076293945,14.479999542236328,14.569999694824219,2164500,0.0,0.0
2018-09-25 00:00:00-04:00,14.609999656677246,14.699999809265137,14.239999771118164,14.359999656677246,2387100,0.0,0.0
2018-09-26 00:00:00-04:00,14.25,14.430000305175781,13.899999618530273,13.920000076293945,3265900,0.0,0.0
2018-09-27 00:00:00-04:00,14.09000015258789,14.350000381469727,13.949999809265137,14.329999923706055,3833400,0.0,0.0
2018-09-28 00:00:00-04:00,14.279999732971191,14.5600004196167,14.220000267028809,14.3100004196167,2597000,0.0,0.0
2018-10-01 00:00:00-04:00,14.40999984741211,14.4399995803833,13.930000305175781,14.010000228881836,2566000,0.0,0.0
2018-10-02 00:00:00-04:00,14.010000228881836,14.270000457763672,13.869999885559082,14.029999732971191,2915500,0.0,0.0
2018-10-03 00:00:00-04:00,14.09000015258789,14.489999771118164,13.9399995803833,14.260000228881836,3901400,0.0,0.0
2018-10-04 00:00:00-04:00,14.239999771118164,14.489999771118164,14.010000228881836,14.260000228881836,3638800,0.0,0.0
2018-10-05 00:00:00-04:00,14.319999694824219,14.40999984741211,13.989999771118164,14.039999961853027,2055500,0.0,0.0
2018-10-08 00:00:00-04:00,13.779999732971191,14.220000267028809,13.710000038146973,14.050000190734863,2401500,0.0,0.0
2018-10-09 00:00:00-04:00,14.09000015258789,14.640000343322754,14.020000457763672,14.550000190734863,2935600,0.0,0.0
2018-10-10 00:00:00-04:00,14.5600004196167,14.6899995803833,14.149999618530273,14.15999984741211,2769200,0.0,0.0
2018-10-11 00:00:00-04:00,14.140000343322754,14.520000457763672,13.970000267028809,14.140000343322754,2724600,0.0,0.0
2018-10-12 00:00:00-04:00,14.390000343322754,14.390000343322754,13.899999618530273,14.15999984741211,2055100,0.0,0.0
2018-10-15 00:00:00-04:00,14.40999984741211,14.8100004196167,14.329999923706055,14.529999732971191,3029000,0.0,0.0
2018-10-16 00:00:00-04:00,14.550000190734863,14.8100004196167,14.460000038146973,14.75,2651000,0.0,0.0
2018-10-17 00:00:00-04:00,14.729999542236328,14.859999656677246,14.430000305175781,14.510000228881836,1437700,0.0,0.0
2018-10-18 00:00:00-04:00,14.329999923706055,14.600000381469727,14.180000305175781,14.449999809265137,2242700,0.0,0.0
2018-10-19 00:00:00-04:00,14.479999542236328,14.800000190734863,14.470000267028809,14.539999961853027,2412500,0.0,0.0
2018-10-22 00:00:00-04:00,14.5,14.600000381469727,14.130000114440918,14.300000190734863,2335400,0.0,0.0
2018-10-23 00:00:00-04:00,14.020000457763672,14.449999809265137,13.9399995803833,14.279999732971191,4200200,0.0,0.0
2018-10-24 00:00:00-04:00,14.380000114440918,14.539999961853027,13.350000381469727,13.350000381469727,3872000,0.0,0.0
2018-10-25 00:00:00-04:00,13.529999732971191,13.880000114440918,13.34000015258789,13.75,4814900,0.0,0.0
2018-10-26 00:00:00-04:00,13.539999961853027,13.75,13.359999656677246,13.539999961853027,4668500,0.0,0.0
2018-10-29 00:00:00-04:00,13.59000015258789,13.84000015258789,13.15999984741211,13.300000190734863,3884800,0.0,0.0
2018-10-30 00:00:00-04:00,12.970000267028809,14.619999885559082,12.8100004196167,14.270000457763672,5825800,0.0,0.0
2018-10-31 00:00:00-04:00,14.430000305175781,15.779999732971191,14.430000305175781,15.649999618530273,6852300,0.0,0.0
2018-11-01 00:00:00-04:00,15.539999961853027,16.09000015258789,15.449999809265137,15.640000343322754,3941100,0.0,0.0
2018-11-02 00:00:00-04:00,15.720000267028809,15.84000015258789,14.75,14.859999656677246,3344500,0.0,0.0
2018-11-05 00:00:00-05:00,15.149999618530273,15.5,15.100000381469727,15.4399995803833,3546200,0.0,0.0
2018-11-06 00:00:00-05:00,15.479999542236328,15.819999694824219,15.25,15.569999694824219,2498800,0.0,0.0
2018-11-07 00:00:00-05:00,15.75,15.890000343322754,15.479999542236328,15.850000381469727,2445600,0.0,0.0
2018-11-08 00:00:00-05:00,15.850000381469727,16.010000228881836,15.359999656677246,15.399999618530273,1565900,0.0,0.0
2018-11-09 00:00:00-05:00,15.170000076293945,15.779999732971191,15.140000343322754,15.5600004196167,1724200,0.0,0.0
2018-11-12 00:00:00-05:00,15.789999961853027,15.789999961853027,15.229999542236328,15.25,2649000,0.0,0.0
2018-11-13 00:00:00-05:00,15.3100004196167,15.550000190734863,15.130000114440918,15.289999961853027,3010400,0.0,0.0
2018-11-14 00:00:00-05:00,15.59000015258789,15.640000343322754,14.40999984741211,14.59000015258789,4367200,0.0,0.0
2018-11-15 00:00:00-05:00,14.40999984741211,14.649999618530273,14.34000015258789,14.460000038146973,2726600,0.0,0.0
2018-11-16 00:00:00-05:00,14.539999961853027,14.6899995803833,14.380000114440918,14.399999618530273,2413200,0.0,0.0
2018-11-19 00:00:00-05:00,14.350000381469727,14.470000267028809,14.220000267028809,14.270000457763672,2149200,0.0,0.0
2018-11-20 00:00:00-05:00,14.039999961853027,14.140000343322754,13.65999984741211,13.75,3334800,0.0,0.0
2018-11-21 00:00:00-05:00,13.84000015258789,14.100000381469727,13.699999809265137,13.850000381469727,4080400,0.0,0.0
2018-11-23 00:00:00-05:00,13.529999732971191,13.630000114440918,13.300000190734863,13.510000228881836,1194700,0.0,0.0
2018-11-26 00:00:00-05:00,13.569999694824219,13.880000114440918,13.460000038146973,13.720000267028809,2159200,0.0,0.0
2018-11-27 00:00:00-05:00,13.6899995803833,13.789999961853027,13.119999885559082,13.4399995803833,2484000,0.0,0.0
2018-11-28 00:00:00-05:00,13.390000343322754,13.699999809265137,13.1899995803833,13.6899995803833,2000100,0.0,0.0
2018-11-29 00:00:00-05:00,13.699999809265137,13.880000114440918,13.630000114440918,13.779999732971191,1874000,0.0,0.0
2018-11-30 00:00:00-05:00,13.680000305175781,13.960000038146973,13.680000305175781,13.84000015258789,2506100,0.0,0.0
2018-12-03 00:00:00-05:00,14.300000190734863,14.300000190734863,13.619999885559082,14.140000343322754,3918000,0.0,0.0
2018-12-04 00:00:00-05:00,14.170000076293945,14.3100004196167,13.609999656677246,13.630000114440918,1670400,0.0,0.0
2018-12-06 00:00:00-05:00,13.4399995803833,13.600000381469727,13.1899995803833,13.529999732971191,3392200,0.0,0.0
2018-12-07 00:00:00-05:00,13.779999732971191,13.9399995803833,13.3100004196167,13.369999885559082,2850400,0.0,0.0
2018-12-10 00:00:00-05:00,13.220000267028809,13.470000267028809,12.899999618530273,12.920000076293945,2631400,0.0,0.0
2018-12-11 00:00:00-05:00,13.15999984741211,13.260000228881836,12.9399995803833,12.949999809265137,2209500,0.0,0.0
2018-12-12 00:00:00-05:00,13.029999732971191,13.329999923706055,12.960000038146973,12.960000038146973,2670600,0.0,0.0
2018-12-13 00:00:00-05:00,13.029999732971191,13.09000015258789,12.710000038146973,12.760000228881836,2112800,0.0,0.0
2018-12-14 00:00:00-05:00,12.600000381469727,12.779999732971191,12.289999961853027,12.34000015258789,2048700,0.0,0.0
2018-12-17 00:00:00-05:00,12.260000228881836,12.520000457763672,11.859999656677246,11.949999809265137,3269700,0.0,0.0
2018-12-18 00:00:00-05:00,12.0,12.039999961853027,11.579999923706055,11.829999923706055,3876200,0.0,0.0
2018-12-19 00:00:00-05:00,11.890000343322754,12.260000228881836,11.680000305175781,11.760000228881836,3947300,0.0,0.0
2018-12-20 00:00:00-05:00,11.550000190734863,11.989999771118164,11.489999771118164,11.609999656677246,3531100,0.0,0.0
2018-12-21 00:00:00-05:00,11.699999809265137,11.960000038146973,11.630000114440918,11.6899995803833,9557300,0.0,0.0
2018-12-24 00:00:00-05:00,11.5,11.609999656677246,10.859999656677246,10.920000076293945,2357100,0.0,0.0
2018-12-26 00:00:00-05:00,11.0,12.0,10.779999732971191,12.0,3368000,0.0,0.0
2018-12-27 00:00:00-05:00,11.710000038146973,12.100000381469727,11.5600004196167,12.09000015258789,3032000,0.0,0.0
2018-12-28 00:00:00-05:00,12.15999984741211,12.239999771118164,11.619999885559082,11.65999984741211,3004300,0.0,0.0
2018-12-31 00:00:00-05:00,11.720000267028809,11.720000267028809,11.229999542236328,11.420000076293945,4553600,0.0,0.0
2019-01-02 00:00:00-05:00,11.15999984741211,11.880000114440918,11.0600004196167,11.649999618530273,4506800,0.0,0.0
2019-01-03 00:00:00-05:00,11.680000305175781,11.760000228881836,11.4399995803833,11.479999542236328,2694700,0.0,0.0
2019-01-04 00:00:00-05:00,11.739999771118164,12.199999809265137,11.699999809265137,12.079999923706055,5201500,0.0,0.0
2019-01-07 00:00:00-05:00,11.880000114440918,12.600000381469727,11.770000457763672,12.390000343322754,5153300,0.0,0.0
2019-01-08 00:00:00-05:00,12.59000015258789,12.630000114440918,12.149999618530273,12.5,2553300,0.0,0.0
2019-01-09 00:00:00-05:00,12.6899995803833,12.800000190734863,12.430000305175781,12.649999618530273,1834700,0.0,0.0
2019-01-10 00:00:00-05:00,12.550000190734863,12.649999618530273,12.270000457763672,12.529999732971191,2739400,0.0,0.0
2019-01-11 00:00:00-05:00,12.449999809265137,12.65999984741211,12.199999809265137,12.579999923706055,2623500,0.0,0.0
2019-01-14 00:00:00-05:00,12.489999771118164,12.949999809265137,12.34000015258789,12.859999656677246,1955300,0.0,0.0
2019-01-15 00:00:00-05:00,12.850000381469727,13.079999923706055,12.770000457763672,12.920000076293945,1739700,0.0,0.0
2019-01-16 00:00:00-05:00,12.899999618530273,13.260000228881836,12.869999885559082,13.130000114440918,1755700,0.0,0.0
2019-01-17 00:00:00-05:00,13.010000228881836,13.319999694824219,12.970000267028809,13.279999732971191,2116100,0.0,0.0
2019-01-18 00:00:00-05:00,13.399999618530273,13.449999809265137,13.210000038146973,13.4399995803833,1660700,0.0,0.0
2019-01-22 00:00:00-05:00,13.300000190734863,13.3100004196167,12.890000343322754,13.010000228881836,2198700,0.0,0.0
2019-01-23 00:00:00-05:00,13.079999923706055,13.170000076293945,12.640000343322754,12.75,2156500,0.0,0.0
2019-01-24 00:00:00-05:00,12.720000267028809,12.9399995803833,12.59000015258789,12.890000343322754,1633200,0.0,0.0
2019-01-25 00:00:00-05:00,13.0,13.289999961853027,12.949999809265137,13.1899995803833,1325800,0.0,0.0
2019-01-28 00:00:00-05:00,13.0,13.220000267028809,12.899999618530273,13.199999809265137,1759300,0.0,0.0
2019-01-29 00:00:00-05:00,13.369999885559082,13.369999885559082,13.119999885559082,13.210000038146973,1544900,0.0,0.0
2019-01-30 00:00:00-05:00,13.270000457763672,13.630000114440918,13.220000267028809,13.529999732971191,2038600,0.0,0.0
2019-01-31 00:00:00-05:00,13.289999961853027,13.479999542236328,11.949999809265137,12.140000343322754,11409000,0.0,0.0
2019-02-01 00:00:00-05:00,12.0,12.010000228881836,11.140000343322754,11.15999984741211,10291600,0.0,0.0
2019-02-04 00:00:00-05:00,10.90999984741211,10.949999809265137,10.550000190734863,10.710000038146973,6768700,0.0,0.0
2019-02-05 00:00:00-05:00,10.720000267028809,11.270000457763672,10.630000114440918,10.699999809265137,7013800,0.0,0.0
2019-02-06 00:00:00-05:00,10.6899995803833,10.779999732971191,10.359999656677246,10.569999694824219,5139400,0.0,0.0
2019-02-07 00:00:00-05:00,10.520000457763672,10.579999923706055,9.9399995803833,9.970000267028809,5067700,0.0,0.0
2019-02-08 00:00:00-05:00,9.890000343322754,10.020000457763672,9.729999542236328,9.779999732971191,3758300,0.0,0.0
2019-02-11 00:00:00-05:00,9.739999771118164,9.989999771118164,9.579999923706055,9.859999656677246,5513700,0.0,0.0
2019-02-12 00:00:00-05:00,10.039999961853027,10.130000114440918,9.869999885559082,9.960000038146973,3232000,0.0,0.0
2019-02-13 00:00:00-05:00,9.989999771118164,10.199999809265137,9.9399995803833,10.050000190734863,3903300,0.0,0.0
2019-02-14 00:00:00-05:00,9.960000038146973,10.100000381469727,9.869999885559082,9.930000305175781,3679100,0.0,0.0
2019-02-15 00:00:00-05:00,10.029999732971191,10.350000381469727,9.949999809265137,10.220000267028809,3731200,0.0,0.0
2019-02-19 00:00:00-05:00,10.130000114440918,10.460000038146973,10.119999885559082,10.319999694824219,2556400,0.0,0.0
2019-02-20 00:00:00-05:00,10.25,10.529999732971191,10.25,10.489999771118164,3066800,0.0,0.0
2019-02-21 00:00:00-05:00,10.489999771118164,10.569999694824219,10.359999656677246,10.460000038146973,4291000,0.0,0.0
2019-02-22 00:00:00-05:00,10.550000190734863,10.649999618530273,10.369999885559082,10.460000038146973,2658500,0.0,0.0
2019-02-25 00:00:00-05:00,10.420000076293945,10.680000305175781,10.40999984741211,10.630000114440918,2554000,0.0,0.0
2019-02-26 00:00:00-05:00,10.59000015258789,10.770000457763672,10.5,10.5,3260300,0.0,0.0
2019-02-27 00:00:00-05:00,10.5600004196167,10.670000076293945,10.390000343322754,10.390000343322754,3325200,0.0,0.0
2019-02-28 00:00:00-05:00,10.470000267028809,10.710000038146973,10.279999732971191,10.600000381469727,3224800,0.0,0.0
2019-03-01 00:00:00-05:00,10.710000038146973,11.069999694824219,10.710000038146973,11.050000190734863,3197800,0.0,0.0
2019-03-04 00:00:00-05:00,11.119999885559082,11.149999618530273,10.710000038146973,11.0,3888600,0.0,0.0
2019-03-05 00:00:00-05:00,11.020000457763672,11.279999732971191,10.989999771118164,11.220000267028809,3150500,0.0,0.0
2019-03-06 00:00:00-05:00,11.199999809265137,11.199999809265137,10.789999961853027,10.789999961853027,3058500,0.0,0.0
2019-03-07 00:00:00-05:00,10.800000190734863,10.880000114440918,10.40999984741211,10.449999809265137,3380100,0.0,0.0
2019-03-08 00:00:00-05:00,10.279999732971191,10.329999923706055,10.020000457763672,10.109999656677246,4348900,0.0,0.0
2019-03-11 00:00:00-04:00,10.199999809265137,10.510000228881836,10.100000381469727,10.470000267028809,2790600,0.0,0.0
2019-03-12 00:00:00-04:00,10.5600004196167,10.75,10.539999961853027,10.680000305175781,3196600,0.0,0.0
2019-03-13 00:00:00-04:00,10.779999732971191,10.930000305175781,10.6899995803833,10.899999618530273,2129400,0.0,0.0
2019-03-14 00:00:00-04:00,10.890000343322754,10.979999542236328,10.5600004196167,10.630000114440918,3925500,0.0,0.0
2019-03-15 00:00:00-04:00,10.670000076293945,10.770000457763672,10.569999694824219,10.729999542236328,4284400,0.0,0.0
2019-03-18 00:00:00-04:00,10.779999732971191,10.930000305175781,10.670000076293945,10.8100004196167,3354500,0.0,0.0
2019-03-19 00:00:00-04:00,10.90999984741211,10.949999809265137,10.579999923706055,10.609999656677246,2010400,0.0,0.0
2019-03-20 00:00:00-04:00,10.600000381469727,11.119999885559082,10.5600004196167,10.920000076293945,2539700,0.0,0.0
2019-03-21 00:00:00-04:00,10.869999885559082,11.069999694824219,10.779999732971191,10.930000305175781,1844600,0.0,0.0
2019-03-22 00:00:00-04:00,10.829999923706055,10.850000381469727,10.25,10.319999694824219,2293800,0.0,0.0
2019-03-25 00:00:00-04:00,10.239999771118164,10.350000381469727,10.079999923706055,10.210000038146973,2635300,0.0,0.0
2019-03-26 00:00:00-04:00,10.350000381469727,10.479999542236328,10.180000305175781,10.350000381469727,2821700,0.0,0.0
2019-03-27 00:00:00-04:00,10.300000190734863,10.520000457763672,10.300000190734863,10.449999809265137,2643100,0.0,0.0
2019-03-28 00:00:00-04:00,10.430000305175781,10.680000305175781,10.359999656677246,10.630000114440918,2889500,0.0,0.0
2019-03-29 00:00:00-04:00,10.789999961853027,10.9399995803833,10.739999771118164,10.770000457763672,2954300,0.0,0.0
2019-04-01 00:00:00-04:00,10.8100004196167,10.899999618530273,10.630000114440918,10.760000228881836,4350600,0.0,0.0
2019-04-02 00:00:00-04:00,10.729999542236328,10.84000015258789,10.489999771118164,10.539999961853027,4760300,0.0,0.0
2019-04-03 00:00:00-04:00,10.5600004196167,10.600000381469727,10.15999984741211,10.34000015258789,4065000,0.0,0.0
2019-04-04 00:00:00-04:00,10.350000381469727,10.670000076293945,10.350000381469727,10.670000076293945,2798300,0.0,0.0
2019-04-05 00:00:00-04:00,10.680000305175781,11.020000457763672,10.680000305175781,10.859999656677246,3773800,0.0,0.0
2019-04-08 00:00:00-04:00,10.930000305175781,11.039999961853027,10.630000114440918,10.760000228881836,2705000,0.0,0.0
2019-04-09 00:00:00-04:00,10.729999542236328,10.84000015258789,10.619999885559082,10.640000343322754,2046600,0.0,0.0
2019-04-10 00:00:00-04:00,10.739999771118164,10.760000228881836,10.5600004196167,10.609999656677246,1635400,0.0,0.0
2019-04-11 00:00:00-04:00,10.520000457763672,10.600000381469727,10.399999618530273,10.510000228881836,2150900,0.0,0.0
2019-04-12 00:00:00-04:00,10.739999771118164,10.979999542236328,10.470000267028809,10.59000015258789,4642100,0.0,0.0
2019-04-15 00:00:00-04:00,10.579999923706055,11.010000228881836,10.539999961853027,10.739999771118164,3202500,0.0,0.0
2019-04-16 00:00:00-04:00,10.739999771118164,10.90999984741211,10.470000267028809,10.890000343322754,2335900,0.0,0.0
2019-04-17 00:00:00-04:00,10.9399995803833,11.029999732971191,10.569999694824219,10.680000305175781,1970700,0.0,0.0
2019-04-18 00:00:00-04:00,10.710000038146973,10.710000038146973,10.180000305175781,10.260000228881836,3185700,0.0,0.0
2019-04-22 00:00:00-04:00,10.390000343322754,10.399999618530273,10.0,10.270000457763672,3304200,0.0,0.0
2019-04-23 00:00:00-04:00,10.300000190734863,10.630000114440918,10.289999961853027,10.510000228881836,3534100,0.0,0.0
2019-04-24 00:00:00-04:00,10.489999771118164,10.630000114440918,10.279999732971191,10.460000038146973,3135000,0.0,0.0
2019-04-25 00:00:00-04:00,10.479999542236328,10.699999809265137,10.260000228881836,10.359999656677246,3099800,0.0,0.0
2019-04-26 00:00:00-04:00,10.270000457763672,10.59000015258789,10.260000228881836,10.489999771118164,2605600,0.0,0.0
2019-04-29 00:00:00-04:00,10.479999542236328,10.569999694824219,10.40999984741211,10.470000267028809,2157400,0.0,0.0
2019-04-30 00:00:00-04:00,10.050000190734863,10.050000190734863,8.920000076293945,8.960000038146973,12668400,0.0,0.0
2019-05-01 00:00:00-04:00,9.0,9.170000076293945,8.449999809265137,8.600000381469727,9408600,0.0,0.0
2019-05-02 00:00:00-04:00,8.529999732971191,8.739999771118164,8.4399995803833,8.649999618530273,9730300,0.0,0.0
2019-05-03 00:00:00-04:00,8.729999542236328,8.869999885559082,8.640000343322754,8.760000228881836,4346800,0.0,0.0
2019-05-06 00:00:00-04:00,8.619999885559082,9.029999732971191,8.579999923706055,8.989999771118164,4346700,0.0,0.0
2019-05-07 00:00:00-04:00,8.8100004196167,8.960000038146973,8.789999961853027,8.899999618530273,3598800,0.0,0.0
2019-05-08 00:00:00-04:00,8.84000015258789,9.149999618530273,8.8100004196167,9.0,3655400,0.0,0.0
2019-05-09 00:00:00-04:00,8.920000076293945,9.109999656677246,8.859999656677246,9.100000381469727,3478200,0.0,0.0
2019-05-10 00:00:00-04:00,9.050000190734863,9.180000305175781,8.970000267028809,9.140000343322754,3570300,0.0,0.0
2019-05-13 00:00:00-04:00,9.069999694824219,9.079999923706055,8.819999694824219,8.819999694824219,5132600,0.0,0.0
2019-05-14 00:00:00-04:00,8.920000076293945,9.15999984741211,8.760000228881836,9.039999961853027,4203600,0.0,0.0
2019-05-15 00:00:00-04:00,8.989999771118164,9.210000038146973,8.90999984741211,9.170000076293945,2622500,0.0,0.0
2019-05-16 00:00:00-04:00,9.239999771118164,9.329999923706055,8.819999694824219,8.869999885559082,2410400,0.0,0.0
2019-05-17 00:00:00-04:00,8.800000190734863,8.869999885559082,8.470000267028809,8.470000267028809,2446300,0.0,0.0
2019-05-20 00:00:00-04:00,8.449999809265137,8.489999771118164,8.199999809265137,8.220000267028809,2353000,0.0,0.0
2019-05-21 00:00:00-04:00,8.239999771118164,8.289999961853027,8.109999656677246,8.289999961853027,5506500,0.0,0.0
2019-05-22 00:00:00-04:00,8.180000305175781,8.289999961853027,7.670000076293945,7.820000171661377,4594300,0.0,0.0
2019-05-23 00:00:00-04:00,7.650000095367432,7.679999828338623,7.349999904632568,7.420000076293945,5624900,0.0,0.0
2019-05-24 00:00:00-04:00,7.480000019073486,7.619999885559082,7.440000057220459,7.599999904632568,3472000,0.0,0.0
2019-05-28 00:00:00-04:00,7.579999923706055,7.670000076293945,7.460000038146973,7.5,4037200,0.0,0.0
2019-05-29 00:00:00-04:00,7.320000171661377,7.570000171661377,7.260000228881836,7.539999961853027,4784200,0.0,0.0
2019-05-30 00:00:00-04:00,7.489999771118164,7.71999979019165,7.460000038146973,7.53000020980835,8102600,0.0,0.0
2019-05-31 00:00:00-04:00,7.360000133514404,7.800000190734863,7.329999923706055,7.71999979019165,5718700,0.0,0.0
2019-06-03 00:00:00-04:00,7.889999866485596,8.079999923706055,7.820000171661377,7.96999979019165,6972100,0.0,0.0
2019-06-04 00:00:00-04:00,8.0600004196167,8.239999771118164,7.96999979019165,8.239999771118164,3811600,0.0,0.0
2019-06-05 00:00:00-04:00,8.229999542236328,8.229999542236328,7.880000114440918,8.0,4677200,0.0,0.0
2019-06-06 00:00:00-04:00,8.0,8.100000381469727,7.699999809265137,7.860000133514404,4730300,0.0,0.0
2019-06-07 00:00:00-04:00,7.860000133514404,7.909999847412109,7.559999942779541,7.650000095367432,3158100,0.0,0.0
2019-06-10 00:00:00-04:00,7.630000114440918,7.800000190734863,7.28000020980835,7.349999904632568,4774200,0.0,0.0
2019-06-11 00:00:00-04:00,7.570000171661377,7.590000152587891,7.210000038146973,7.260000228881836,5027400,0.0,0.0
2019-06-12 00:00:00-04:00,7.170000076293945,7.210000038146973,6.929999828338623,6.929999828338623,3475900,0.0,0.0
2019-06-13 00:00:00-04:00,7.150000095367432,7.28000020980835,7.019999980926514,7.28000020980835,3845700,0.0,0.0
2019-06-14 00:00:00-04:00,7.239999771118164,7.389999866485596,7.070000171661377,7.119999885559082,2994300,0.0,0.0
2019-06-17 00:00:00-04:00,7.090000152587891,7.289999961853027,7.03000020980835,7.260000228881836,3319000,0.0,0.0
2019-06-18 00:00:00-04:00,7.300000190734863,7.510000228881836,7.190000057220459,7.340000152587891,2744200,0.0,0.0
2019-06-19 00:00:00-04:00,7.360000133514404,7.460000038146973,7.230000019073486,7.269999980926514,2070300,0.0,0.0
2019-06-20 00:00:00-04:00,7.489999771118164,7.659999847412109,7.380000114440918,7.440000057220459,4119700,0.0,0.0
2019-06-21 00:00:00-04:00,7.440000057220459,7.519999980926514,7.269999980926514,7.28000020980835,6283100,0.0,0.0
2019-06-24 00:00:00-04:00,7.320000171661377,7.449999809265137,7.159999847412109,7.179999828338623,3562600,0.0,0.0
2019-06-25 00:00:00-04:00,7.150000095367432,7.159999847412109,6.78000020980835,6.829999923706055,5934900,0.0,0.0
2019-06-26 00:00:00-04:00,6.900000095367432,7.230000019073486,6.900000095367432,7.199999809265137,6405800,0.0,0.0
2019-06-27 00:00:00-04:00,7.179999828338623,7.320000171661377,7.010000228881836,7.139999866485596,4037300,0.0,0.0
2019-06-28 00:00:00-04:00,7.119999885559082,7.340000152587891,7.090000152587891,7.309999942779541,27824200,0.0,0.0
2019-07-01 00:00:00-04:00,7.449999809265137,7.570000171661377,7.159999847412109,7.230000019073486,4412600,0.0,0.0
2019-07-02 00:00:00-04:00,7.21999979019165,7.239999771118164,6.849999904632568,6.869999885559082,4762700,0.0,0.0
2019-07-03 00:00:00-04:00,6.929999828338623,7.110000133514404,6.860000133514404,7.079999923706055,3190000,0.0,0.0
2019-07-05 00:00:00-04:00,7.019999980926514,7.389999866485596,7.019999980926514,7.360000133514404,3583000,0.0,0.0
2019-07-08 00:00:00-04:00,7.260000228881836,7.429999828338623,7.130000114440918,7.150000095367432,3273500,0.0,0.0
2019-07-09 00:00:00-04:00,7.119999885559082,7.159999847412109,6.949999809265137,7.099999904632568,4012200,0.0,0.0
2019-07-10 00:00:00-04:00,7.210000038146973,7.380000114440918,7.110000133514404,7.369999885559082,2710400,0.0,0.0
2019-07-11 00:00:00-04:00,7.400000095367432,7.400000095367432,7.170000076293945,7.260000228881836,3557800,0.0,0.0
2019-07-12 00:00:00-04:00,7.300000190734863,7.460000038146973,7.239999771118164,7.400000095367432,2358900,0.0,0.0
2019-07-15 00:00:00-04:00,7.420000076293945,7.489999771118164,7.239999771118164,7.320000171661377,2117200,0.0,0.0
2019-07-16 00:00:00-04:00,7.309999942779541,7.389999866485596,7.179999828338623,7.25,2533700,0.0,0.0
2019-07-17 00:00:00-04:00,7.25,7.28000020980835,7.099999904632568,7.110000133514404,2664800,0.0,0.0
2019-07-18 00:00:00-04:00,7.070000171661377,7.119999885559082,6.880000114440918,6.909999847412109,3369000,0.0,0.0
2019-07-19 00:00:00-04:00,6.889999866485596,7.159999847412109,6.869999885559082,7.139999866485596,2653700,0.0,0.0
2019-07-22 00:00:00-04:00,7.170000076293945,7.269999980926514,7.090000152587891,7.21999979019165,2422000,0.0,0.0
2019-07-23 00:00:00-04:00,7.25,7.309999942779541,7.099999904632568,7.289999961853027,2498300,0.0,0.0
2019-07-24 00:00:00-04:00,7.28000020980835,7.400000095367432,7.139999866485596,7.21999979019165,3635900,0.0,0.0
2019-07-25 00:00:00-04:00,7.239999771118164,7.239999771118164,6.690000057220459,6.75,5469500,0.0,0.0
2019-07-26 00:00:00-04:00,6.71999979019165,6.75,6.349999904632568,6.489999771118164,5378100,0.0,0.0
2019-07-29 00:00:00-04:00,6.570000171661377,6.71999979019165,6.139999866485596,6.190000057220459,8146400,0.0,0.0
2019-07-30 00:00:00-04:00,6.400000095367432,8.020000457763672,6.320000171661377,7.820000171661377,20581500,0.0,0.0
2019-07-31 00:00:00-04:00,7.960000038146973,8.729999542236328,7.900000095367432,8.220000267028809,13611300,0.0,0.0
2019-08-01 00:00:00-04:00,8.09000015258789,8.149999618530273,7.050000190734863,7.25,6599300,0.0,0.0
2019-08-02 00:00:00-04:00,7.210000038146973,7.5,7.079999923706055,7.269999980926514,4990000,0.0,0.0
2019-08-05 00:00:00-04:00,7.070000171661377,7.090000152587891,6.630000114440918,6.829999923706055,7624500,0.0,0.0
2019-08-06 00:00:00-04:00,6.840000152587891,6.940000057220459,6.579999923706055,6.699999809265137,4250600,0.0,0.0
2019-08-07 00:00:00-04:00,6.599999904632568,7.010000228881836,6.420000076293945,6.909999847412109,6245400,0.0,0.0
2019-08-08 00:00:00-04:00,6.989999771118164,7.190000057220459,6.869999885559082,7.159999847412109,4297900,0.0,0.0
2019-08-09 00:00:00-04:00,7.199999809265137,7.349999904632568,7.03000020980835,7.070000171661377,3571800,0.0,0.0
2019-08-12 00:00:00-04:00,7.050000190734863,7.150000095367432,6.809999942779541,6.96999979019165,2901200,0.0,0.0
2019-08-13 00:00:00-04:00,6.909999847412109,7.21999979019165,6.829999923706055,7.159999847412109,4652800,0.0,0.0
2019-08-14 00:00:00-04:00,6.949999809265137,7.0,6.619999885559082,6.880000114440918,4220800,0.0,0.0
2019-08-15 00:00:00-04:00,6.849999904632568,6.909999847412109,6.690000057220459,6.869999885559082,3314000,0.0,0.0
2019-08-16 00:00:00-04:00,6.889999866485596,7.349999904632568,6.809999942779541,7.289999961853027,3299300,0.0,0.0
2019-08-19 00:00:00-04:00,7.440000057220459,7.820000171661377,6.690000057220459,7.71999979019165,5791700,0.0,0.0
2019-08-20 00:00:00-04:00,7.650000095367432,7.789999961853027,7.519999980926514,7.659999847412109,3066800,0.0,0.0
2019-08-21 00:00:00-04:00,7.849999904632568,7.960000038146973,7.380000114440918,7.519999980926514,4344200,0.0,0.0
2019-08-22 00:00:00-04:00,7.579999923706055,7.889999866485596,7.489999771118164,7.590000152587891,3154600,0.0,0.0
2019-08-23 00:00:00-04:00,7.449999809265137,7.760000228881836,7.289999961853027,7.550000190734863,4578300,0.0,0.0
2019-08-26 00:00:00-04:00,7.710000038146973,7.710000038146973,7.389999866485596,7.550000190734863,2965400,0.0,0.0
2019-08-27 00:00:00-04:00,7.639999866485596,7.739999771118164,7.46999979019165,7.489999771118164,2413200,0.0,0.0
2019-08-28 00:00:00-04:00,7.570000171661377,7.730000019073486,7.46999979019165,7.679999828338623,2880500,0.0,0.0
2019-08-29 00:00:00-04:00,7.760000228881836,8.1899995803833,7.760000228881836,8.09000015258789,4263300,0.0,0.0
2019-08-30 00:00:00-04:00,8.050000190734863,8.210000038146973,7.820000171661377,7.96999979019165,3442400,0.0,0.0
2019-09-03 00:00:00-04:00,7.840000152587891,8.0600004196167,7.71999979019165,7.989999771118164,3452300,0.0,0.0
2019-09-04 00:00:00-04:00,8.149999618530273,8.260000228881836,8.029999732971191,8.050000190734863,2706300,0.0,0.0
2019-09-05 00:00:00-04:00,8.279999732971191,8.479999542236328,8.140000343322754,8.34000015258789,3842900,0.0,0.0
2019-09-06 00:00:00-04:00,8.289999961853027,8.369999885559082,7.96999979019165,8.1899995803833,3700700,0.0,0.0
2019-09-09 00:00:00-04:00,8.279999732971191,8.9399995803833,8.279999732971191,8.84000015258789,5975800,0.0,0.0
2019-09-10 00:00:00-04:00,8.890000343322754,9.180000305175781,8.5600004196167,8.619999885559082,5067400,0.0,0.0
2019-09-11 00:00:00-04:00,8.710000038146973,8.9399995803833,8.329999923706055,8.420000076293945,6048900,0.0,0.0
2019-09-12 00:00:00-04:00,8.149999618530273,8.539999961853027,8.039999961853027,8.319999694824219,4665100,0.0,0.0
2019-09-13 00:00:00-04:00,8.479999542236328,8.640000343322754,7.909999847412109,8.149999618530273,4184600,0.0,0.0
2019-09-16 00:00:00-04:00,8.970000267028809,9.029999732971191,8.010000228881836,8.880000114440918,9720600,0.0,0.0
2019-09-17 00:00:00-04:00,8.720000267028809,8.970000267028809,8.350000381469727,8.59000015258789,6022000,0.0,0.0
2019-09-18 00:00:00-04:00,8.430000305175781,8.4399995803833,8.130000114440918,8.359999656677246,3730300,0.0,0.0
2019-09-19 00:00:00-04:00,8.430000305175781,8.510000228881836,7.849999904632568,7.889999866485596,3566800,0.0,0.0
2019-09-20 00:00:00-04:00,7.929999828338623,8.0600004196167,7.599999904632568,7.619999885559082,11492400,0.0,0.0
2019-09-23 00:00:00-04:00,7.53000020980835,7.880000114440918,7.46999979019165,7.789999961853027,5355400,0.0,0.0
2019-09-24 00:00:00-04:00,7.739999771118164,7.829999923706055,7.349999904632568,7.400000095367432,4241600,0.0,0.0
2019-09-25 00:00:00-04:00,7.329999923706055,7.5,7.28000020980835,7.369999885559082,2501800,0.0,0.0
2019-09-26 00:00:00-04:00,7.25,7.340000152587891,6.929999828338623,7.03000020980835,4682900,0.0,0.0
2019-09-27 00:00:00-04:00,6.820000171661377,7.199999809265137,6.800000190734863,7.150000095367432,2604700,0.0,0.0
2019-09-30 00:00:00-04:00,7.059999942779541,7.329999923706055,6.889999866485596,7.260000228881836,4591800,0.0,0.0
2019-10-01 00:00:00-04:00,7.320000171661377,7.429999828338623,6.949999809265137,7.050000190734863,3090600,0.0,0.0
2019-10-02 00:00:00-04:00,7.019999980926514,7.21999979019165,6.920000076293945,6.960000038146973,3511200,0.0,0.0
2019-10-03 00:00:00-04:00,6.880000114440918,7.289999961853027,6.820000171661377,7.269999980926514,4304800,0.0,0.0
2019-10-04 00:00:00-04:00,7.260000228881836,7.420000076293945,7.119999885559082,7.409999847412109,2968400,0.0,0.0
2019-10-07 00:00:00-04:00,7.440000057220459,7.449999809265137,7.179999828338623,7.320000171661377,2294800,0.0,0.0
2019-10-08 00:00:00-04:00,7.170000076293945,7.269999980926514,7.03000020980835,7.110000133514404,2550600,0.0,0.0
2019-10-09 00:00:00-04:00,7.179999828338623,7.230000019073486,7.03000020980835,7.139999866485596,2132200,0.0,0.0
2019-10-10 00:00:00-04:00,7.190000057220459,7.28000020980835,6.989999771118164,7.110000133514404,2772600,0.0,0.0
2019-10-11 00:00:00-04:00,7.25,7.480000019073486,7.25,7.28000020980835,3198600,0.0,0.0
2019-10-14 00:00:00-04:00,7.159999847412109,7.239999771118164,7.039999961853027,7.170000076293945,2566000,0.0,0.0
2019-10-15 00:00:00-04:00,7.150000095367432,7.75,7.070000171661377,7.369999885559082,3166700,0.0,0.0
2019-10-16 00:00:00-04:00,7.360000133514404,7.53000020980835,7.320000171661377,7.340000152587891,1491900,0.0,0.0
2019-10-17 00:00:00-04:00,7.369999885559082,7.610000133514404,7.239999771118164,7.590000152587891,2418000,0.0,0.0
2019-10-18 00:00:00-04:00,7.590000152587891,7.650000095367432,7.340000152587891,7.429999828338623,3092300,0.0,0.0
2019-10-21 00:00:00-04:00,7.46999979019165,7.519999980926514,7.119999885559082,7.230000019073486,3313500,0.0,0.0
2019-10-22 00:00:00-04:00,7.239999771118164,7.440000057220459,7.079999923706055,7.28000020980835,4216100,0.0,0.0
2019-10-23 00:00:00-04:00,7.230000019073486,7.570000171661377,7.139999866485596,7.460000038146973,3713000,0.0,0.0
2019-10-24 00:00:00-04:00,7.510000228881836,7.559999942779541,7.25,7.480000019073486,3062700,0.0,0.0
2019-10-25 00:00:00-04:00,7.420000076293945,7.71999979019165,7.349999904632568,7.670000076293945,4072500,0.0,0.0
2019-10-28 00:00:00-04:00,7.730000019073486,7.909999847412109,7.510000228881836,7.519999980926514,5238500,0.0,0.0
2019-10-29 00:00:00-04:00,8.199999809265137,8.949999809265137,7.980000019073486,8.710000038146973,11010100,0.0,0.0
2019-10-30 00:00:00-04:00,8.819999694824219,9.149999618530273,8.529999732971191,8.569999694824219,8496700,0.0,0.0
2019-10-31 00:00:00-04:00,8.520000457763672,8.729999542236328,8.369999885559082,8.430000305175781,4436900,0.0,0.0
2019-11-01 00:00:00-04:00,8.520000457763672,8.859999656677246,8.4399995803833,8.6899995803833,3625900,0.0,0.0
2019-11-04 00:00:00-05:00,8.859999656677246,9.130000114440918,8.75,9.050000190734863,4636700,0.0,0.0
2019-11-05 00:00:00-05:00,9.100000381469727,9.350000381469727,8.869999885559082,8.90999984741211,4748100,0.0,0.0
2019-11-06 00:00:00-05:00,8.819999694824219,9.069999694824219,8.710000038146973,8.8100004196167,3676800,0.0,0.0
2019-11-07 00:00:00-05:00,8.960000038146973,9.0600004196167,8.8100004196167,8.989999771118164,2345700,0.0,0.0
2019-11-08 00:00:00-05:00,8.869999885559082,9.430000305175781,8.720000267028809,9.369999885559082,4357800,0.0,0.0
2019-11-11 00:00:00-05:00,9.140000343322754,9.170000076293945,8.529999732971191,8.550000190734863,3235000,0.0,0.0
2019-11-12 00:00:00-05:00,8.649999618530273,8.649999618530273,8.300000190734863,8.479999542236328,2833800,0.0,0.0
2019-11-13 00:00:00-05:00,8.390000343322754,8.510000228881836,8.25,8.350000381469727,1535200,0.0,0.0
2019-11-14 00:00:00-05:00,8.369999885559082,8.5,8.300000190734863,8.40999984741211,2139500,0.0,0.0
2019-11-15 00:00:00-05:00,8.479999542236328,8.699999809265137,8.399999618530273,8.619999885559082,2209100,0.0,0.0
2019-11-18 00:00:00-05:00,8.550000190734863,8.600000381469727,8.079999923706055,8.180000305175781,4303300,0.0,0.0
2019-11-19 00:00:00-05:00,8.140000343322754,8.140000343322754,7.730000019073486,7.809999942779541,3458200,0.0,0.0
2019-11-20 00:00:00-05:00,7.849999904632568,7.880000114440918,7.599999904632568,7.630000114440918,4085500,0.0,0.0
2019-11-21 00:00:00-05:00,7.690000057220459,7.730000019073486,7.28000020980835,7.440000057220459,4617500,0.0,0.0
2019-11-22 00:00:00-05:00,7.5,7.659999847412109,7.230000019073486,7.599999904632568,3565800,0.0,0.0
2019-11-25 00:00:00-05:00,7.5,7.78000020980835,7.440000057220459,7.579999923706055,3705000,0.0,0.0
2019-11-26 00:00:00-05:00,7.550000190734863,7.559999942779541,7.199999809265137,7.239999771118164,3157900,0.0,0.0
2019-11-27 00:00:00-05:00,7.239999771118164,7.440000057220459,7.179999828338623,7.309999942779541,2377600,0.0,0.0
2019-11-29 00:00:00-05:00,7.170000076293945,7.239999771118164,6.869999885559082,6.909999847412109,1675800,0.0,0.0
2019-12-02 00:00:00-05:00,6.949999809265137,6.96999979019165,6.570000171661377,6.619999885559082,4312900,0.0,0.0
2019-12-03 00:00:00-05:00,6.519999980926514,6.619999885559082,6.440000057220459,6.519999980926514,3521400,0.0,0.0
2019-12-04 00:00:00-05:00,6.650000095367432,6.699999809265137,6.440000057220459,6.559999942779541,5099700,0.0,0.0
2019-12-05 00:00:00-05:00,6.599999904632568,6.690000057220459,6.420000076293945,6.619999885559082,6518700,0.0,0.0
2019-12-06 00:00:00-05:00,6.699999809265137,6.989999771118164,6.639999866485596,6.900000095367432,3061200,0.0,0.0
2019-12-09 00:00:00-05:00,6.800000190734863,7.010000228881836,6.75,6.920000076293945,3095300,0.0,0.0
2019-12-10 00:00:00-05:00,6.960000038146973,7.170000076293945,6.960000038146973,7.119999885559082,3933700,0.0,0.0
2019-12-11 00:00:00-05:00,7.110000133514404,7.210000038146973,7.019999980926514,7.070000171661377,2098100,0.0,0.0
2019-12-12 00:00:00-05:00,7.090000152587891,7.630000114440918,7.059999942779541,7.550000190734863,3840000,0.0,0.0
2019-12-13 00:00:00-05:00,7.599999904632568,7.690000057220459,7.349999904632568,7.429999828338623,3701400,0.0,0.0
2019-12-16 00:00:00-05:00,7.559999942779541,8.029999732971191,7.539999961853027,7.789999961853027,3677800,0.0,0.0
2019-12-17 00:00:00-05:00,7.78000020980835,8.279999732971191,7.739999771118164,8.210000038146973,4338400,0.0,0.0
2019-12-18 00:00:00-05:00,8.140000343322754,8.539999961853027,8.109999656677246,8.460000038146973,3456800,0.0,0.0
2019-12-19 00:00:00-05:00,8.40999984741211,8.890000343322754,8.40999984741211,8.880000114440918,3938100,0.0,0.0
2019-12-20 00:00:00-05:00,8.930000305175781,8.960000038146973,8.5600004196167,8.609999656677246,10674800,0.0,0.0
2019-12-23 00:00:00-05:00,8.5600004196167,8.850000381469727,8.510000228881836,8.84000015258789,3439700,0.0,0.0
2019-12-24 00:00:00-05:00,8.890000343322754,9.029999732971191,8.760000228881836,8.800000190734863,1441600,0.0,0.0
2019-12-26 00:00:00-05:00,8.859999656677246,8.930000305175781,8.720000267028809,8.75,1737000,0.0,0.0
2019-12-27 00:00:00-05:00,8.779999732971191,8.8100004196167,8.289999961853027,8.319999694824219,3125400,0.0,0.0
2019-12-30 00:00:00-05:00,8.329999923706055,8.770000457763672,8.329999923706055,8.630000114440918,3094200,0.0,0.0
2019-12-31 00:00:00-05:00,8.539999961853027,8.9399995803833,8.5,8.850000381469727,3447700,0.0,0.0
2020-01-02 00:00:00-05:00,8.930000305175781,8.930000305175781,8.359999656677246,8.420000076293945,4274100,0.0,0.0
2020-01-03 00:00:00-05:00,8.619999885559082,8.699999809265137,8.430000305175781,8.539999961853027,2346500,0.0,0.0
2020-01-06 00:00:00-05:00,8.579999923706055,8.619999885559082,8.390000343322754,8.489999771118164,3968000,0.0,0.0
2020-01-07 00:00:00-05:00,8.369999885559082,8.479999542236328,8.140000343322754,8.289999961853027,2939400,0.0,0.0
2020-01-08 00:00:00-05:00,8.3100004196167,8.369999885559082,7.900000095367432,7.929999828338623,3734900,0.0,0.0
2020-01-09 00:00:00-05:00,7.889999866485596,7.920000076293945,7.539999961853027,7.679999828338623,3238900,0.0,0.0
2020-01-10 00:00:00-05:00,7.610000133514404,7.920000076293945,7.610000133514404,7.809999942779541,2787300,0.0,0.0
2020-01-13 00:00:00-05:00,7.760000228881836,7.909999847412109,7.510000228881836,7.809999942779541,3613000,0.0,0.0
2020-01-14 00:00:00-05:00,7.78000020980835,8.149999618530273,7.730000019073486,7.860000133514404,3381600,0.0,0.0
2020-01-15 00:00:00-05:00,7.78000020980835,7.940000057220459,7.679999828338623,7.929999828338623,2289300,0.0,0.0
2020-01-16 00:00:00-05:00,8.039999961853027,8.210000038146973,7.949999809265137,7.980000019073486,2734900,0.0,0.0
2020-01-17 00:00:00-05:00,8.050000190734863,8.09000015258789,7.78000020980835,7.809999942779541,3658000,0.0,0.0
2020-01-21 00:00:00-05:00,7.699999809265137,7.699999809265137,6.809999942779541,6.989999771118164,6527700,0.0,0.0
2020-01-22 00:00:00-05:00,6.940000057220459,6.960000038146973,6.760000228881836,6.949999809265137,3458400,0.0,0.0
2020-01-23 00:00:00-05:00,6.840000152587891,7.099999904632568,6.760000228881836,6.949999809265137,4649400,0.0,0.0
2020-01-24 00:00:00-05:00,6.929999828338623,6.929999828338623,6.420000076293945,6.730000019073486,6539900,0.0,0.0
2020-01-27 00:00:00-05:00,6.590000152587891,6.829999923706055,6.480000019073486,6.659999847412109,7425900,0.0,0.0
2020-01-28 00:00:00-05:00,6.690000057220459,6.829999923706055,6.550000190734863,6.809999942779541,3323900,0.0,0.0
2020-01-29 00:00:00-05:00,6.829999923706055,6.929999828338623,6.630000114440918,6.659999847412109,4273100,0.0,0.0
2020-01-30 00:00:00-05:00,6.579999923706055,7.050000190734863,6.449999809265137,7.010000228881836,9275900,0.0,0.0
2020-01-31 00:00:00-05:00,6.920000076293945,7.289999961853027,6.800000190734863,7.230000019073486,6731700,0.0,0.0
2020-02-03 00:00:00-05:00,7.21999979019165,7.360000133514404,7.050000190734863,7.329999923706055,4816000,0.0,0.0
2020-02-04 00:00:00-05:00,7.480000019073486,7.570000171661377,7.179999828338623,7.25,4012900,0.0,0.0
2020-02-05 00:00:00-05:00,7.400000095367432,8.050000190734863,7.380000114440918,7.980000019073486,5825400,0.0,0.0
2020-02-06 00:00:00-05:00,7.96999979019165,7.96999979019165,7.53000020980835,7.570000171661377,4249800,0.0,0.0
2020-02-07 00:00:00-05:00,7.46999979019165,7.550000190734863,7.239999771118164,7.409999847412109,3282900,0.0,0.0
2020-02-10 00:00:00-05:00,7.320000171661377,7.380000114440918,6.309999942779541,6.360000133514404,6874200,0.0,0.0
2020-02-11 00:00:00-05:00,6.46999979019165,6.690000057220459,6.090000152587891,6.159999847412109,6378700,0.0,0.0
2020-02-12 00:00:00-05:00,6.269999980926514,6.510000228881836,6.070000171661377,6.130000114440918,5882000,0.0,0.0
2020-02-13 00:00:00-05:00,6.119999885559082,6.360000133514404,6.050000190734863,6.170000076293945,3848000,0.0,0.0
2020-02-14 00:00:00-05:00,6.159999847412109,6.230000019073486,6.039999961853027,6.079999923706055,3147900,0.0,0.0
2020-02-18 00:00:00-05:00,6.050000190734863,6.380000114440918,6.050000190734863,6.260000228881836,4165100,0.0,0.0
2020-02-19 00:00:00-05:00,6.289999961853027,6.510000228881836,6.21999979019165,6.409999847412109,4311100,0.0,0.0
2020-02-20 00:00:00-05:00,6.409999847412109,6.829999923706055,6.380000114440918,6.659999847412109,4152800,0.0,0.0
2020-02-21 00:00:00-05:00,6.599999904632568,6.789999961853027,6.440000057220459,6.659999847412109,3967700,0.0,0.0
2020-02-24 00:00:00-05:00,6.360000133514404,6.650000095367432,6.230000019073486,6.320000171661377,5075100,0.0,0.0
2020-02-25 00:00:00-05:00,6.329999923706055,6.360000133514404,5.650000095367432,5.760000228881836,5451400,0.0,0.0
2020-02-26 00:00:00-05:00,5.800000190734863,6.090000152587891,5.300000190734863,5.380000114440918,6409200,0.0,0.0
2020-02-27 00:00:00-05:00,5.099999904632568,5.300000190734863,4.75,5.190000057220459,7177800,0.0,0.0
2020-02-28 00:00:00-05:00,4.96999979019165,5.309999942779541,4.920000076293945,5.309999942779541,8744800,0.0,0.0
2020-03-02 00:00:00-05:00,5.429999828338623,5.46999979019165,4.980000019073486,5.349999904632568,6328200,0.0,0.0
2020-03-03 00:00:00-05:00,5.360000133514404,5.429999828338623,5.050000190734863,5.110000133514404,4455400,0.0,0.0
2020-03-04 00:00:00-05:00,5.170000076293945,5.360000133514404,4.989999771118164,5.099999904632568,3378200,0.0,0.0
2020-03-05 00:00:00-05:00,4.96999979019165,5.230000019073486,4.960000038146973,5.079999923706055,6062600,0.0,0.0
2020-03-06 00:00:00-05:00,4.869999885559082,5.28000020980835,4.590000152587891,5.139999866485596,10114300,0.0,0.0
2020-03-09 00:00:00-04:00,4.289999961853027,6.199999809265137,4.260000228881836,5.53000020980835,15984800,0.0,0.0
2020-03-10 00:00:00-04:00,5.820000171661377,6.050000190734863,4.5,5.730000019073486,11685500,0.0,0.0
2020-03-11 00:00:00-04:00,5.519999980926514,5.860000133514404,4.739999771118164,5.110000133514404,9139100,0.0,0.0
2020-03-12 00:00:00-04:00,4.639999866485596,5.590000152587891,4.639999866485596,5.239999771118164,9810700,0.0,0.0
2020-03-13 00:00:00-04:00,5.489999771118164,7.21999979019165,5.070000171661377,6.71999979019165,14896300,0.0,0.0
2020-03-16 00:00:00-04:00,5.699999809265137,8.0,5.579999923706055,7.46999979019165,10559200,0.0,0.0
2020-03-17 00:00:00-04:00,7.409999847412109,9.300000190734863,7.019999980926514,9.0,9921400,0.0,0.0
2020-03-18 00:00:00-04:00,8.300000190734863,9.210000038146973,7.510000228881836,7.949999809265137,7769400,0.0,0.0
2020-03-19 00:00:00-04:00,7.980000019073486,8.319999694824219,6.599999904632568,7.78000020980835,5839400,0.0,0.0
2020-03-20 00:00:00-04:00,8.050000190734863,8.050000190734863,6.519999980926514,6.760000228881836,6217000,0.0,0.0
2020-03-23 00:00:00-04:00,6.840000152587891,6.840000152587891,5.429999828338623,5.480000019073486,5574300,0.0,0.0
2020-03-24 00:00:00-04:00,5.710000038146973,6.110000133514404,5.010000228881836,6.039999961853027,7036300,0.0,0.0
2020-03-25 00:00:00-04:00,6.090000152587891,6.619999885559082,5.510000228881836,5.869999885559082,4862600,0.0,0.0
2020-03-26 00:00:00-04:00,5.860000133514404,6.170000076293945,4.96999979019165,5.050000190734863,5713800,0.0,0.0
2020-03-27 00:00:00-04:00,4.989999771118164,5.570000171661377,4.699999809265137,5.03000020980835,5957000,0.0,0.0
2020-03-30 00:00:00-04:00,4.940000057220459,5.429999828338623,4.550000190734863,5.340000152587891,6749300,0.0,0.0
2020-03-31 00:00:00-04:00,5.71999979019165,5.909999847412109,5.260000228881836,5.320000171661377,6187800,0.0,0.0
2020-04-01 00:00:00-04:00,5.190000057220459,5.989999771118164,5.03000020980835,5.46999979019165,5157100,0.0,0.0
2020-04-02 00:00:00-04:00,5.75,6.360000133514404,5.210000038146973,5.679999828338623,5484500,0.0,0.0
2020-04-03 00:00:00-04:00,5.789999961853027,7.03000020980835,5.710000038146973,6.929999828338623,6990200,0.0,0.0
2020-04-06 00:00:00-04:00,7.0,7.610000133514404,6.440000057220459,7.46999979019165,5968000,0.0,0.0
2020-04-07 00:00:00-04:00,7.480000019073486,8.739999771118164,7.349999904632568,8.34000015258789,6792400,0.0,0.0
2020-04-08 00:00:00-04:00,8.399999618530273,9.300000190734863,7.909999847412109,9.289999961853027,5582900,0.0,0.0
2020-04-09 00:00:00-04:00,9.300000190734863,9.890000343322754,8.670000076293945,9.270000457763672,5555600,0.0,0.0
2020-04-13 00:00:00-04:00,9.5,9.640000343322754,9.039999961853027,9.5600004196167,5525700,0.0,0.0
2020-04-14 00:00:00-04:00,9.489999771118164,9.9399995803833,9.119999885559082,9.869999885559082,5520200,0.0,0.0
2020-04-15 00:00:00-04:00,9.579999923706055,10.770000457763672,9.180000305175781,10.739999771118164,4536500,0.0,0.0
2020-04-16 00:00:00-04:00,10.65999984741211,10.9399995803833,9.970000267028809,10.5,4064100,0.0,0.0
2020-04-17 00:00:00-04:00,10.710000038146973,10.84000015258789,10.029999732971191,10.630000114440918,3976900,0.0,0.0
2020-04-20 00:00:00-04:00,10.239999771118164,12.970000267028809,10.229999542236328,12.880000114440918,8840800,0.0,0.0
2020-04-21 00:00:00-04:00,12.5,14.1899995803833,12.239999771118164,12.930000305175781,9563900,0.0,0.0
2020-04-22 00:00:00-04:00,13.3100004196167,13.34000015258789,11.489999771118164,12.069999694824219,4524600,0.0,0.0
2020-04-23 00:00:00-04:00,12.0,12.260000228881836,11.239999771118164,11.579999923706055,4368600,0.0,0.0
2020-04-24 00:00:00-04:00,12.0,12.0,10.789999961853027,11.5,4267800,0.0,0.0
2020-04-27 00:00:00-04:00,11.399999618530273,13.449999809265137,11.039999961853027,12.899999618530273,7234100,0.0,0.0
2020-04-28 00:00:00-04:00,12.34000015258789,12.479999542236328,10.489999771118164,10.699999809265137,17371600,0.0,0.0
2020-04-29 00:00:00-04:00,10.850000381469727,10.949999809265137,10.40999984741211,10.75,14143400,0.0,0.0
2020-04-30 00:00:00-04:00,10.670000076293945,10.880000114440918,10.359999656677246,10.600000381469727,8594400,0.0,0.0
2020-05-01 00:00:00-04:00,10.600000381469727,10.739999771118164,9.979999542236328,10.149999618530273,5464200,0.0,0.0
2020-05-04 00:00:00-04:00,10.050000190734863,10.59000015258789,9.960000038146973,10.479999542236328,3874400,0.0,0.0
2020-05-05 00:00:00-04:00,10.850000381469727,11.270000457763672,10.520000457763672,10.760000228881836,4947600,0.0,0.0
2020-05-06 00:00:00-04:00,10.649999618530273,10.979999542236328,9.920000076293945,9.989999771118164,3363200,0.0,0.0
2020-05-07 00:00:00-04:00,10.15999984741211,10.569999694824219,9.989999771118164,10.079999923706055,2593500,0.0,0.0
2020-05-08 00:00:00-04:00,10.279999732971191,10.75,10.149999618530273,10.699999809265137,3488600,0.0,0.0
2020-05-11 00:00:00-04:00,10.319999694824219,10.630000114440918,10.149999618530273,10.199999809265137,3052000,0.0,0.0
2020-05-12 00:00:00-04:00,10.300000190734863,10.479999542236328,10.109999656677246,10.15999984741211,3468400,0.0,0.0
2020-05-13 00:00:00-04:00,10.220000267028809,10.220000267028809,9.319999694824219,9.760000228881836,4714300,0.0,0.0
2020-05-14 00:00:00-04:00,9.6899995803833,9.859999656677246,9.199999809265137,9.539999961853027,5138500,0.0,0.0
2020-05-15 00:00:00-04:00,9.59000015258789,10.239999771118164,9.59000015258789,9.739999771118164,3195700,0.0,0.0
2020-05-18 00:00:00-04:00,10.119999885559082,10.510000228881836,9.880000114440918,10.449999809265137,5699200,0.0,0.0
2020-05-19 00:00:00-04:00,10.479999542236328,10.739999771118164,10.229999542236328,10.239999771118164,3724400,0.0,0.0
2020-05-20 00:00:00-04:00,10.479999542236328,10.609999656677246,9.9399995803833,10.180000305175781,5580900,0.0,0.0
2020-05-21 00:00:00-04:00,10.199999809265137,10.6899995803833,10.149999618530273,10.220000267028809,3844100,0.0,0.0
2020-05-22 00:00:00-04:00,10.1899995803833,10.510000228881836,10.069999694824219,10.380000114440918,3721000,0.0,0.0
2020-05-26 00:00:00-04:00,10.479999542236328,10.59000015258789,10.149999618530273,10.319999694824219,7385900,0.0,0.0
2020-05-27 00:00:00-04:00,10.359999656677246,10.369999885559082,9.850000381469727,10.289999961853027,4319900,0.0,0.0
2020-05-28 00:00:00-04:00,10.350000381469727,10.65999984741211,9.949999809265137,9.970000267028809,4943300,0.0,0.0
2020-05-29 00:00:00-04:00,9.989999771118164,10.460000038146973,9.710000038146973,10.1899995803833,11728400,0.0,0.0
2020-06-01 00:00:00-04:00,9.920000076293945,10.109999656677246,9.680000305175781,9.899999618530273,3487300,0.0,0.0
2020-06-02 00:00:00-04:00,9.850000381469727,10.470000267028809,9.739999771118164,10.210000038146973,2574600,0.0,0.0
2020-06-03 00:00:00-04:00,10.359999656677246,10.380000114440918,9.960000038146973,10.029999732971191,3323100,0.0,0.0
2020-06-04 00:00:00-04:00,9.930000305175781,10.0600004196167,9.670000076293945,9.920000076293945,3895000,0.0,0.0
2020-06-05 00:00:00-04:00,10.210000038146973,10.890000343322754,9.989999771118164,10.84000015258789,5719400,0.0,0.0
2020-06-08 00:00:00-04:00,11.09000015258789,12.069999694824219,10.699999809265137,12.050000190734863,7213800,0.0,0.0
2020-06-09 00:00:00-04:00,11.630000114440918,12.130000114440918,11.390000343322754,11.9399995803833,4401700,0.0,0.0
2020-06-10 00:00:00-04:00,11.630000114440918,11.789999961853027,10.59000015258789,10.65999984741211,4197200,0.0,0.0
2020-06-11 00:00:00-04:00,10.109999656677246,10.920000076293945,9.970000267028809,10.319999694824219,4348500,0.0,0.0
2020-06-12 00:00:00-04:00,10.75,10.770000457763672,9.90999984741211,10.479999542236328,4725400,0.0,0.0
2020-06-15 00:00:00-04:00,9.970000267028809,10.529999732971191,9.800000190734863,10.5,3663400,0.0,0.0
2020-06-16 00:00:00-04:00,10.75,10.960000038146973,10.350000381469727,10.729999542236328,2905000,0.0,0.0
2020-06-17 00:00:00-04:00,10.65999984741211,11.069999694824219,10.430000305175781,10.630000114440918,4129800,0.0,0.0
2020-06-18 00:00:00-04:00,10.600000381469727,10.8100004196167,10.180000305175781,10.270000457763672,2657400,0.0,0.0
2020-06-19 00:00:00-04:00,10.380000114440918,10.430000305175781,9.760000228881836,9.8100004196167,8197400,0.0,0.0
2020-06-22 00:00:00-04:00,9.800000190734863,9.829999923706055,9.199999809265137,9.34000015258789,4276600,0.0,0.0
2020-06-23 00:00:00-04:00,9.550000190734863,9.729999542236328,9.100000381469727,9.199999809265137,3097800,0.0,0.0
2020-06-24 00:00:00-04:00,9.100000381469727,9.270000457763672,8.869999885559082,8.960000038146973,2814000,0.0,0.0
2020-06-25 00:00:00-04:00,8.979999542236328,9.239999771118164,8.670000076293945,8.859999656677246,4016700,0.0,0.0
2020-06-26 00:00:00-04:00,8.720000267028809,8.8100004196167,8.180000305175781,8.329999923706055,4014800,0.0,0.0
2020-06-29 00:00:00-04:00,8.470000267028809,8.670000076293945,8.319999694824219,8.569999694824219,3721800,0.0,0.0
2020-06-30 00:00:00-04:00,8.489999771118164,8.65999984741211,8.319999694824219,8.649999618530273,3297800,0.0,0.0
2020-07-01 00:00:00-04:00,8.520000457763672,8.619999885559082,8.279999732971191,8.40999984741211,3340300,0.0,0.0
2020-07-02 00:00:00-04:00,8.600000381469727,8.899999618530273,8.4399995803833,8.770000457763672,2186500,0.0,0.0
2020-07-06 00:00:00-04:00,8.960000038146973,9.279999732971191,8.850000381469727,9.0,2721400,0.0,0.0
2020-07-07 00:00:00-04:00,8.930000305175781,9.520000457763672,8.850000381469727,9.130000114440918,3263000,0.0,0.0
2020-07-08 00:00:00-04:00,9.119999885559082,9.229999542236328,8.619999885559082,8.789999961853027,2723300,0.0,0.0
2020-07-09 00:00:00-04:00,8.970000267028809,9.390000343322754,8.5,8.510000228881836,4920400,0.0,0.0
2020-07-10 00:00:00-04:00,8.529999732971191,8.529999732971191,8.15999984741211,8.430000305175781,3814600,0.0,0.0
2020-07-13 00:00:00-04:00,8.510000228881836,8.789999961853027,8.119999885559082,8.140000343322754,4495300,0.0,0.0
2020-07-14 00:00:00-04:00,8.109999656677246,8.510000228881836,7.96999979019165,8.5,2968800,0.0,0.0
2020-07-15 00:00:00-04:00,8.539999961853027,8.819999694824219,8.5,8.770000457763672,3028100,0.0,0.0
2020-07-16 00:00:00-04:00,8.75,8.899999618530273,8.59000015258789,8.729999542236328,1711000,0.0,0.0
2020-07-17 00:00:00-04:00,8.75,9.0,8.649999618530273,8.6899995803833,2731800,0.0,0.0
2020-07-20 00:00:00-04:00,8.619999885559082,8.779999732971191,8.510000228881836,8.510000228881836,2104200,0.0,0.0
2020-07-21 00:00:00-04:00,8.59000015258789,9.079999923706055,8.550000190734863,8.930000305175781,2584700,0.0,0.0
2020-07-22 00:00:00-04:00,8.760000228881836,8.890000343322754,8.300000190734863,8.75,3135400,0.0,0.0
2020-07-23 00:00:00-04:00,8.760000228881836,9.609999656677246,8.630000114440918,9.479999542236328,4144500,0.0,0.0
2020-07-24 00:00:00-04:00,9.4399995803833,9.899999618530273,9.319999694824219,9.619999885559082,4161900,0.0,0.0
2020-07-27 00:00:00-04:00,8.800000190734863,9.359999656677246,8.539999961853027,8.779999732971191,14163300,0.0,0.0
2020-07-28 00:00:00-04:00,8.65999984741211,9.670000076293945,8.65999984741211,9.220000267028809,8296800,0.0,0.0
2020-07-29 00:00:00-04:00,9.210000038146973,9.579999923706055,8.9399995803833,9.489999771118164,5651100,0.0,0.0
2020-07-30 00:00:00-04:00,9.210000038146973,9.510000228881836,8.75,9.34000015258789,6952400,0.0,0.0
2020-07-31 00:00:00-04:00,9.420000076293945,9.670000076293945,9.100000381469727,9.649999618530273,5720600,0.0,0.0
2020-08-03 00:00:00-04:00,9.770000457763672,10.34000015258789,9.569999694824219,10.149999618530273,6966800,0.0,0.0
2020-08-04 00:00:00-04:00,10.079999923706055,10.550000190734863,9.779999732971191,10.289999961853027,5908400,0.0,0.0
2020-08-05 00:00:00-04:00,10.449999809265137,10.529999732971191,10.119999885559082,10.479999542236328,3413300,0.0,0.0
2020-08-06 00:00:00-04:00,10.550000190734863,10.75,10.279999732971191,10.4399995803833,3449500,0.0,0.0
2020-08-07 00:00:00-04:00,10.470000267028809,11.149999618530273,10.350000381469727,11.09000015258789,4232900,0.0,0.0
2020-08-10 00:00:00-04:00,10.90999984741211,11.59000015258789,10.869999885559082,11.420000076293945,4261900,0.0,0.0
2020-08-11 00:00:00-04:00,11.649999618530273,11.65999984741211,10.899999618530273,10.920000076293945,5218600,0.0,0.0
2020-08-12 00:00:00-04:00,11.510000228881836,11.59000015258789,11.130000114440918,11.390000343322754,4224500,0.0,0.0
2020-08-13 00:00:00-04:00,11.40999984741211,11.479999542236328,10.960000038146973,11.079999923706055,3775700,0.0,0.0
2020-08-14 00:00:00-04:00,11.039999961853027,12.270000457763672,11.010000228881836,12.0,5541300,0.0,0.0
2020-08-17 00:00:00-04:00,11.760000228881836,11.960000038146973,11.239999771118164,11.739999771118164,3692800,0.0,0.0
2020-08-18 00:00:00-04:00,11.770000457763672,12.199999809265137,11.619999885559082,11.8100004196167,4930800,0.0,0.0
2020-08-19 00:00:00-04:00,11.84000015258789,12.0600004196167,11.539999961853027,11.770000457763672,2311600,0.0,0.0
2020-08-20 00:00:00-04:00,11.600000381469727,11.739999771118164,11.09000015258789,11.170000076293945,3200600,0.0,0.0
2020-08-21 00:00:00-04:00,11.119999885559082,11.319999694824219,11.010000228881836,11.270000457763672,2770900,0.0,0.0
2020-08-24 00:00:00-04:00,11.329999923706055,11.630000114440918,11.180000305175781,11.420000076293945,2716500,0.0,0.0
2020-08-25 00:00:00-04:00,11.510000228881836,11.630000114440918,11.260000228881836,11.5600004196167,2474800,0.0,0.0
2020-08-26 00:00:00-04:00,11.510000228881836,11.510000228881836,10.649999618530273,10.729999542236328,3410100,0.0,0.0
2020-08-27 00:00:00-04:00,10.800000190734863,11.319999694824219,10.800000190734863,11.239999771118164,3560300,0.0,0.0
2020-08-28 00:00:00-04:00,11.220000267028809,11.369999885559082,11.09000015258789,11.300000190734863,2001800,0.0,0.0
2020-08-31 00:00:00-04:00,11.15999984741211,11.239999771118164,10.789999961853027,10.960000038146973,3838300,0.0,0.0
2020-09-01 00:00:00-04:00,10.869999885559082,10.930000305175781,10.600000381469727,10.630000114440918,2493700,0.0,0.0
2020-09-02 00:00:00-04:00,10.550000190734863,10.65999984741211,10.109999656677246,10.140000343322754,5832500,0.0,0.0
2020-09-03 00:00:00-04:00,10.069999694824219,10.430000305175781,10.0,10.140000343322754,3545200,0.0,0.0
2020-09-04 00:00:00-04:00,10.260000228881836,10.59000015258789,10.170000076293945,10.529999732971191,2871100,0.0,0.0
2020-09-08 00:00:00-04:00,10.449999809265137,10.609999656677246,10.039999961853027,10.229999542236328,4018800,0.0,0.0
2020-09-09 00:00:00-04:00,10.390000343322754,10.6899995803833,10.109999656677246,10.619999885559082,3143700,0.0,0.0
2020-09-10 00:00:00-04:00,10.649999618530273,10.970000267028809,10.380000114440918,10.470000267028809,3653600,0.0,0.0
2020-09-11 00:00:00-04:00,10.479999542236328,10.630000114440918,10.220000267028809,10.5600004196167,3291000,0.0,0.0
2020-09-14 00:00:00-04:00,10.59000015258789,11.079999923706055,10.479999542236328,10.869999885559082,4477900,0.0,0.0
2020-09-15 00:00:00-04:00,11.0600004196167,11.09000015258789,10.5600004196167,10.609999656677246,4234500,0.0,0.0
2020-09-16 00:00:00-04:00,10.6899995803833,11.369999885559082,10.529999732971191,11.199999809265137,4417200,0.0,0.0
2020-09-17 00:00:00-04:00,11.010000228881836,11.229999542236328,10.890000343322754,11.079999923706055,4085800,0.0,0.0
2020-09-18 00:00:00-04:00,11.180000305175781,11.65999984741211,11.050000190734863,11.369999885559082,7647100,0.0,0.0
2020-09-21 00:00:00-04:00,11.210000038146973,11.489999771118164,11.069999694824219,11.380000114440918,4679000,0.0,0.0
2020-09-22 00:00:00-04:00,11.369999885559082,11.5600004196167,10.949999809265137,10.989999771118164,4165500,0.0,0.0
2020-09-23 00:00:00-04:00,11.220000267028809,11.739999771118164,10.970000267028809,10.979999542236328,6113200,0.0,0.0
2020-09-24 00:00:00-04:00,11.029999732971191,11.449999809265137,10.710000038146973,11.149999618530273,4640500,0.0,0.0
2020-09-25 00:00:00-04:00,11.0600004196167,11.470000267028809,10.319999694824219,10.380000114440918,18317800,0.0,0.0
2020-09-28 00:00:00-04:00,10.329999923706055,10.489999771118164,9.829999923706055,10.220000267028809,6078300,0.0,0.0
2020-09-29 00:00:00-04:00,10.119999885559082,10.170000076293945,9.380000114440918,9.640000343322754,8719800,0.0,0.0
2020-09-30 00:00:00-04:00,9.579999923706055,9.850000381469727,9.3100004196167,9.4399995803833,6907000,0.0,0.0
2020-10-01 00:00:00-04:00,9.3100004196167,9.510000228881836,9.130000114440918,9.319999694824219,5431300,0.0,0.0
2020-10-02 00:00:00-04:00,9.100000381469727,9.449999809265137,9.029999732971191,9.300000190734863,3278100,0.0,0.0
2020-10-05 00:00:00-04:00,9.5600004196167,9.880000114440918,9.279999732971191,9.800000190734863,6208100,0.0,0.0
2020-10-06 00:00:00-04:00,9.869999885559082,10.170000076293945,9.59000015258789,9.649999618530273,4067700,0.0,0.0
2020-10-07 00:00:00-04:00,9.739999771118164,10.319999694824219,9.739999771118164,10.270000457763672,4770100,0.0,0.0
2020-10-08 00:00:00-04:00,10.34000015258789,10.489999771118164,10.119999885559082,10.489999771118164,2973400,0.0,0.0
2020-10-09 00:00:00-04:00,10.75,10.970000267028809,10.329999923706055,10.630000114440918,4680600,0.0,0.0
2020-10-12 00:00:00-04:00,10.649999618530273,10.890000343322754,10.550000190734863,10.779999732971191,3201100,0.0,0.0
2020-10-13 00:00:00-04:00,10.829999923706055,10.960000038146973,10.479999542236328,10.5,2315400,0.0,0.0
2020-10-14 00:00:00-04:00,10.479999542236328,10.579999923706055,10.180000305175781,10.25,2540600,0.0,0.0
2020-10-15 00:00:00-04:00,10.260000228881836,10.470000267028809,10.09000015258789,10.430000305175781,2646300,0.0,0.0
2020-10-16 00:00:00-04:00,10.350000381469727,10.529999732971191,10.109999656677246,10.130000114440918,3315800,0.0,0.0
2020-10-19 00:00:00-04:00,10.199999809265137,10.34000015258789,9.899999618530273,10.039999961853027,2482400,0.0,0.0
2020-10-20 00:00:00-04:00,10.100000381469727,10.569999694824219,10.069999694824219,10.369999885559082,2626000,0.0,0.0
2020-10-21 00:00:00-04:00,10.510000228881836,10.920000076293945,10.270000457763672,10.3100004196167,2716100,0.0,0.0
2020-10-22 00:00:00-04:00,10.270000457763672,12.0,10.130000114440918,11.5,9888600,0.0,0.0
2020-10-23 00:00:00-04:00,11.470000267028809,11.640000343322754,11.15999984741211,11.399999618530273,7874700,0.0,0.0
2020-10-26 00:00:00-04:00,11.279999732971191,11.359999656677246,10.529999732971191,10.619999885559082,6977900,0.0,0.0
2020-10-27 00:00:00-04:00,10.649999618530273,10.720000267028809,10.329999923706055,10.380000114440918,4538300,0.0,0.0
2020-10-28 00:00:00-04:00,10.170000076293945,10.229999542236328,9.609999656677246,9.6899995803833,6555800,0.0,0.0
2020-10-29 00:00:00-04:00,9.380000114440918,10.149999618530273,9.350000381469727,9.819999694824219,4160800,0.0,0.0
2020-10-30 00:00:00-04:00,10.0,10.0,9.1899995803833,9.699999809265137,5288500,0.0,0.0
2020-11-02 00:00:00-05:00,9.720000267028809,9.8100004196167,9.350000381469727,9.729999542236328,4481900,0.0,0.0
2020-11-03 00:00:00-05:00,9.84000015258789,10.100000381469727,9.039999961853027,9.289999961853027,7496700,0.0,0.0
2020-11-04 00:00:00-05:00,9.210000038146973,9.4399995803833,8.8100004196167,8.920000076293945,5293300,0.0,0.0
2020-11-05 00:00:00-05:00,8.880000114440918,9.529999732971191,8.880000114440918,8.90999984741211,4250200,0.0,0.0
2020-11-06 00:00:00-05:00,8.949999809265137,9.15999984741211,8.720000267028809,8.739999771118164,2730700,0.0,0.0
2020-11-09 00:00:00-05:00,9.239999771118164,9.359999656677246,8.3100004196167,8.850000381469727,6583000,0.0,0.0
2020-11-10 00:00:00-05:00,9.119999885559082,9.550000190734863,8.930000305175781,9.520000457763672,5791200,0.0,0.0
2020-11-11 00:00:00-05:00,9.5600004196167,10.3100004196167,9.539999961853027,9.949999809265137,5733300,0.0,0.0
2020-11-12 00:00:00-05:00,9.739999771118164,9.789999961853027,9.239999771118164,9.380000114440918,6282600,0.0,0.0
2020-11-13 00:00:00-05:00,9.489999771118164,10.050000190734863,9.489999771118164,9.920000076293945,3757700,0.0,0.0
2020-11-16 00:00:00-05:00,10.130000114440918,10.130000114440918,9.25,9.649999618530273,4097000,0.0,0.0
2020-11-17 00:00:00-05:00,9.510000228881836,9.850000381469727,9.449999809265137,9.770000457763672,2673400,0.0,0.0
2020-11-18 00:00:00-05:00,9.899999618530273,9.970000267028809,9.40999984741211,9.40999984741211,3282400,0.0,0.0
2020-11-19 00:00:00-05:00,9.300000190734863,9.569999694824219,8.930000305175781,9.550000190734863,4592700,0.0,0.0
2020-11-20 00:00:00-05:00,9.510000228881836,9.779999732971191,9.319999694824219,9.359999656677246,2890600,0.0,0.0
2020-11-23 00:00:00-05:00,9.539999961853027,9.6899995803833,9.3100004196167,9.6899995803833,3840100,0.0,0.0
2020-11-24 00:00:00-05:00,9.75,10.0,9.609999656677246,9.989999771118164,3187200,0.0,0.0
2020-11-25 00:00:00-05:00,9.9399995803833,9.949999809265137,9.6899995803833,9.770000457763672,1814700,0.0,0.0
2020-11-27 00:00:00-05:00,9.6899995803833,9.960000038146973,9.630000114440918,9.819999694824219,1095300,0.0,0.0
2020-11-30 00:00:00-05:00,9.880000114440918,9.9399995803833,9.390000343322754,9.40999984741211,2646700,0.0,0.0
2020-12-01 00:00:00-05:00,9.5,9.859999656677246,9.359999656677246,9.390000343322754,2216900,0.0,0.0
2020-12-02 00:00:00-05:00,9.359999656677246,9.819999694824219,9.270000457763672,9.40999984741211,3434400,0.0,0.0
2020-12-03 00:00:00-05:00,9.350000381469727,9.369999885559082,8.819999694824219,8.880000114440918,6599000,0.0,0.0
2020-12-04 00:00:00-05:00,9.15999984741211,9.59000015258789,9.15999984741211,9.470000267028809,5998500,0.0,0.0
2020-12-07 00:00:00-05:00,9.25,9.550000190734863,9.069999694824219,9.270000457763672,2823100,0.0,0.0
2020-12-08 00:00:00-05:00,9.229999542236328,9.520000457763672,9.020000457763672,9.199999809265137,3510900,0.0,0.0
2020-12-09 00:00:00-05:00,9.489999771118164,9.9399995803833,9.270000457763672,9.899999618530273,5833100,0.0,0.0
2020-12-10 00:00:00-05:00,9.979999542236328,11.140000343322754,9.949999809265137,11.100000381469727,7796300,0.0,0.0
2020-12-11 00:00:00-05:00,11.0,11.079999923706055,10.420000076293945,10.720000267028809,3768100,0.0,0.0
2020-12-14 00:00:00-05:00,10.949999809265137,11.170000076293945,10.6899995803833,10.6899995803833,3706000,0.0,0.0
2020-12-15 00:00:00-05:00,10.649999618530273,11.069999694824219,10.630000114440918,11.050000190734863,4331500,0.0,0.0
2020-12-16 00:00:00-05:00,11.149999618530273,11.15999984741211,10.75,10.789999961853027,6408200,0.0,0.0
2020-12-17 00:00:00-05:00,10.9399995803833,11.210000038146973,10.859999656677246,11.1899995803833,4059800,0.0,0.0
2020-12-18 00:00:00-05:00,11.239999771118164,11.359999656677246,11.069999694824219,11.109999656677246,10596100,0.0,0.0
2020-12-21 00:00:00-05:00,10.710000038146973,11.130000114440918,10.550000190734863,10.970000267028809,3620600,0.0,0.0
2020-12-22 00:00:00-05:00,10.960000038146973,11.119999885559082,10.84000015258789,11.0600004196167,2174400,0.0,0.0
2020-12-23 00:00:00-05:00,11.0600004196167,11.890000343322754,11.0600004196167,11.800000190734863,4433600,0.0,0.0
2020-12-24 00:00:00-05:00,11.720000267028809,11.819999694824219,11.449999809265137,11.460000038146973,1406600,0.0,0.0
2020-12-28 00:00:00-05:00,11.220000267028809,11.270000457763672,10.430000305175781,10.470000267028809,3671900,0.0,0.0
2020-12-29 00:00:00-05:00,10.5600004196167,10.640000343322754,10.010000228881836,10.260000228881836,3636300,0.0,0.0
2020-12-30 00:00:00-05:00,10.15999984741211,11.029999732971191,10.140000343322754,10.970000267028809,3116000,0.0,0.0
2020-12-31 00:00:00-05:00,10.9399995803833,10.970000267028809,10.729999542236328,10.800000190734863,2646400,0.0,0.0
2021-01-04 00:00:00-05:00,11.020000457763672,11.40999984741211,10.930000305175781,11.079999923706055,3588500,0.0,0.0
2021-01-05 00:00:00-05:00,11.279999732971191,12.069999694824219,11.1899995803833,11.319999694824219,6128800,0.0,0.0
2021-01-06 00:00:00-05:00,11.489999771118164,11.899999618530273,11.180000305175781,11.880000114440918,5250700,0.0,0.0
2021-01-07 00:00:00-05:00,11.880000114440918,12.270000457763672,11.739999771118164,12.039999961853027,3732700,0.0,0.0
2021-01-08 00:00:00-05:00,12.119999885559082,12.449999809265137,11.850000381469727,12.100000381469727,3532000,0.0,0.0
2021-01-11 00:00:00-05:00,11.789999961853027,12.869999885559082,11.739999771118164,12.789999961853027,2804700,0.0,0.0
2021-01-12 00:00:00-05:00,13.0,13.380000114440918,12.630000114440918,13.069999694824219,5101300,0.0,0.0
2021-01-13 00:00:00-05:00,13.020000457763672,13.239999771118164,12.770000457763672,12.930000305175781,3083100,0.0,0.0
2021-01-14 00:00:00-05:00,13.100000381469727,13.75,12.979999542236328,13.65999984741211,4155200,0.0,0.0
2021-01-15 00:00:00-05:00,13.65999984741211,14.09000015258789,13.399999618530273,13.829999923706055,4533700,0.0,0.0
2021-01-19 00:00:00-05:00,13.890000343322754,14.029999732971191,12.84000015258789,12.869999885559082,4213700,0.0,0.0
2021-01-20 00:00:00-05:00,12.920000076293945,13.079999923706055,12.130000114440918,12.449999809265137,4681500,0.0,0.0
2021-01-21 00:00:00-05:00,12.369999885559082,12.6899995803833,12.029999732971191,12.350000381469727,2330900,0.0,0.0
2021-01-22 00:00:00-05:00,12.0,12.710000038146973,11.859999656677246,12.6899995803833,3054900,0.0,0.0
2021-01-25 00:00:00-05:00,12.5600004196167,13.149999618530273,12.3100004196167,13.0600004196167,4526100,0.0,0.0
2021-01-26 00:00:00-05:00,13.079999923706055,13.319999694824219,12.319999694824219,12.40999984741211,4069700,0.0,0.0
2021-01-27 00:00:00-05:00,12.220000267028809,12.9399995803833,12.0,12.430000305175781,6248700,0.0,0.0
2021-01-28 00:00:00-05:00,12.720000267028809,13.3100004196167,12.220000267028809,12.640000343322754,5328600,0.0,0.0
2021-01-29 00:00:00-05:00,12.75,13.600000381469727,12.579999923706055,12.670000076293945,4110800,0.0,0.0
2021-02-01 00:00:00-05:00,13.180000305175781,13.460000038146973,12.770000457763672,12.800000190734863,7824200,0.0,0.0
2021-02-02 00:00:00-05:00,13.140000343322754,13.40999984741211,12.739999771118164,13.010000228881836,4195600,0.0,0.0
2021-02-03 00:00:00-05:00,13.039999961853027,13.729999542236328,12.899999618530273,13.430000305175781,3573200,0.0,0.0
2021-02-04 00:00:00-05:00,13.5,13.59000015258789,13.119999885559082,13.170000076293945,2681200,0.0,0.0
2021-02-05 00:00:00-05:00,13.319999694824219,13.319999694824219,12.630000114440918,12.760000228881836,3437800,0.0,0.0
2021-02-08 00:00:00-05:00,12.9399995803833,13.079999923706055,12.710000038146973,13.020000457763672,2522300,0.0,0.0
2021-02-09 00:00:00-05:00,13.039999961853027,13.15999984741211,12.539999961853027,12.5600004196167,1777100,0.0,0.0
2021-02-10 00:00:00-05:00,12.640000343322754,13.180000305175781,12.520000457763672,13.039999961853027,3148300,0.0,0.0
2021-02-11 00:00:00-05:00,13.170000076293945,13.390000343322754,12.229999542236328,12.510000228881836,3606100,0.0,0.0
2021-02-12 00:00:00-05:00,12.380000114440918,13.399999618530273,12.300000190734863,13.319999694824219,3493700,0.0,0.0
2021-02-16 00:00:00-05:00,13.789999961853027,14.119999885559082,13.350000381469727,13.779999732971191,4901300,0.0,0.0
2021-02-17 00:00:00-05:00,13.829999923706055,14.1899995803833,13.569999694824219,14.029999732971191,2769200,0.0,0.0
2021-02-18 00:00:00-05:00,13.890000343322754,14.199999809265137,13.789999961853027,13.970000267028809,6135100,0.0,0.0
2021-02-19 00:00:00-05:00,13.970000267028809,14.199999809265137,13.40999984741211,13.729999542236328,3077300,0.0,0.0
2021-02-22 00:00:00-05:00,13.779999732971191,13.859999656677246,13.029999732971191,13.100000381469727,3576800,0.0,0.0
2021-02-23 00:00:00-05:00,13.170000076293945,13.180000305175781,12.430000305175781,13.130000114440918,3324900,0.0,0.0
2021-02-24 00:00:00-05:00,13.229999542236328,13.90999984741211,13.09000015258789,13.579999923706055,4144300,0.0,0.0
2021-02-25 00:00:00-05:00,13.65999984741211,13.8100004196167,12.90999984741211,13.140000343322754,2793900,0.0,0.0
2021-02-26 00:00:00-05:00,12.960000038146973,13.140000343322754,12.550000190734863,12.609999656677246,3313700,0.0,0.0
2021-03-01 00:00:00-05:00,12.850000381469727,13.199999809265137,12.600000381469727,13.170000076293945,2475100,0.0,0.0
2021-03-02 00:00:00-05:00,13.1899995803833,13.899999618530273,13.15999984741211,13.350000381469727,2627200,0.0,0.0
2021-03-03 00:00:00-05:00,13.550000190734863,14.210000038146973,13.550000190734863,13.779999732971191,4632400,0.0,0.0
2021-03-04 00:00:00-05:00,13.75,14.350000381469727,13.420000076293945,13.899999618530273,3851500,0.0,0.0
2021-03-05 00:00:00-05:00,14.050000190734863,14.1899995803833,13.329999923706055,13.9399995803833,3825800,0.0,0.0
2021-03-08 00:00:00-05:00,13.989999771118164,14.069999694824219,13.65999984741211,13.869999885559082,3070500,0.0,0.0
2021-03-09 00:00:00-05:00,13.800000190734863,13.9399995803833,13.34000015258789,13.579999923706055,2909900,0.0,0.0
2021-03-10 00:00:00-05:00,13.619999885559082,15.100000381469727,13.609999656677246,14.859999656677246,5720100,0.0,0.0
2021-03-11 00:00:00-05:00,14.619999885559082,15.069999694824219,14.359999656677246,15.039999961853027,4322700,0.0,0.0
2021-03-12 00:00:00-05:00,15.109999656677246,15.270000457763672,14.710000038146973,14.890000343322754,3588800,0.0,0.0
2021-03-15 00:00:00-04:00,14.789999961853027,15.0600004196167,14.40999984741211,14.609999656677246,2753000,0.0,0.0
2021-03-16 00:00:00-04:00,14.40999984741211,15.020000457763672,14.239999771118164,14.90999984741211,3151600,0.0,0.0
2021-03-17 00:00:00-04:00,15.170000076293945,15.460000038146973,14.800000190734863,14.949999809265137,4797900,0.0,0.0
2021-03-18 00:00:00-04:00,14.729999542236328,14.899999618530273,14.09000015258789,14.130000114440918,4133100,0.0,0.0
2021-03-19 00:00:00-04:00,14.170000076293945,15.180000305175781,13.880000114440918,15.0,10856700,0.0,0.0
2021-03-22 00:00:00-04:00,14.729999542236328,14.829999923706055,14.229999542236328,14.600000381469727,3148100,0.0,0.0
2021-03-23 00:00:00-04:00,14.229999542236328,14.34000015258789,13.680000305175781,13.789999961853027,3835200,0.0,0.0
2021-03-24 00:00:00-04:00,14.0600004196167,14.220000267028809,13.789999961853027,13.819999694824219,2506300,0.0,0.0
2021-03-25 00:00:00-04:00,13.600000381469727,14.65999984741211,13.399999618530273,14.640000343322754,3729700,0.0,0.0
2021-03-26 00:00:00-04:00,15.0,15.850000381469727,14.739999771118164,15.619999885559082,7292200,0.0,0.0
2021-03-29 00:00:00-04:00,15.470000267028809,15.890000343322754,15.220000267028809,15.359999656677246,2701400,0.0,0.0
2021-03-30 00:00:00-04:00,15.020000457763672,15.130000114440918,14.359999656677246,14.670000076293945,3285800,0.0,0.0
2021-03-31 00:00:00-04:00,14.569999694824219,14.859999656677246,14.380000114440918,14.699999809265137,2603000,0.0,0.0
2021-04-01 00:00:00-04:00,14.720000267028809,15.350000381469727,14.600000381469727,15.34000015258789,2377900,0.0,0.0
2021-04-05 00:00:00-04:00,15.149999618530273,15.180000305175781,14.520000457763672,14.579999923706055,3018100,0.0,0.0
2021-04-06 00:00:00-04:00,14.75,15.239999771118164,14.649999618530273,14.920000076293945,2269400,0.0,0.0
2021-04-07 00:00:00-04:00,14.899999618530273,15.0600004196167,14.640000343322754,14.800000190734863,2320700,0.0,0.0
2021-04-08 00:00:00-04:00,14.630000114440918,14.630000114440918,13.789999961853027,14.0600004196167,2459300,0.0,0.0
2021-04-09 00:00:00-04:00,14.0,14.25,13.720000267028809,13.819999694824219,2545800,0.0,0.0
2021-04-12 00:00:00-04:00,14.010000228881836,14.140000343322754,13.359999656677246,13.399999618530273,2546900,0.0,0.0
2021-04-13 00:00:00-04:00,13.399999618530273,13.680000305175781,13.329999923706055,13.539999961853027,2947300,0.0,0.0
2021-04-14 00:00:00-04:00,13.710000038146973,14.380000114440918,13.710000038146973,13.90999984741211,2997600,0.0,0.0
2021-04-15 00:00:00-04:00,13.800000190734863,14.069999694824219,13.579999923706055,14.029999732971191,2366600,0.0,0.0
2021-04-16 00:00:00-04:00,14.130000114440918,14.130000114440918,13.699999809265137,13.720000267028809,1580100,0.0,0.0
2021-04-19 00:00:00-04:00,13.680000305175781,13.930000305175781,13.569999694824219,13.800000190734863,1816400,0.0,0.0
2021-04-20 00:00:00-04:00,13.789999961853027,13.789999961853027,13.220000267028809,13.5,2353000,0.0,0.0
2021-04-21 00:00:00-04:00,13.350000381469727,13.640000343322754,13.239999771118164,13.390000343322754,1839900,0.0,0.0
2021-04-22 00:00:00-04:00,13.460000038146973,13.6899995803833,13.130000114440918,13.470000267028809,1885400,0.0,0.0
2021-04-23 00:00:00-04:00,13.449999809265137,13.630000114440918,13.359999656677246,13.569999694824219,2542200,0.0,0.0
2021-04-26 00:00:00-04:00,13.489999771118164,13.899999618530273,13.390000343322754,13.619999885559082,2699700,0.0,0.0
2021-04-27 00:00:00-04:00,13.739999771118164,14.130000114440918,13.739999771118164,14.09000015258789,2648900,0.0,0.0
2021-04-28 00:00:00-04:00,14.140000343322754,14.529999732971191,14.050000190734863,14.399999618530273,2293800,0.0,0.0
2021-04-29 00:00:00-04:00,14.520000457763672,14.59000015258789,13.579999923706055,13.880000114440918,2395400,0.0,0.0
2021-04-30 00:00:00-04:00,13.600000381469727,13.819999694824219,13.399999618530273,13.420000076293945,2812000,0.0,0.0
2021-05-03 00:00:00-04:00,13.6899995803833,14.100000381469727,13.529999732971191,14.020000457763672,2287700,0.0,0.0
2021-05-04 00:00:00-04:00,14.100000381469727,14.170000076293945,13.5600004196167,13.729999542236328,2497400,0.0,0.0
2021-05-05 00:00:00-04:00,13.880000114440918,13.880000114440918,13.449999809265137,13.760000228881836,2525200,0.0,0.0
2021-05-06 00:00:00-04:00,13.789999961853027,13.789999961853027,13.229999542236328,13.6899995803833,2208200,0.0,0.0
2021-05-07 00:00:00-04:00,13.550000190734863,13.760000228881836,13.34000015258789,13.75,2610000,0.0,0.0
2021-05-10 00:00:00-04:00,13.970000267028809,14.140000343322754,13.75,13.760000228881836,1858200,0.0,0.0
2021-05-11 00:00:00-04:00,13.510000228881836,13.979999542236328,13.420000076293945,13.640000343322754,2045700,0.0,0.0
2021-05-12 00:00:00-04:00,13.819999694824219,14.109999656677246,13.319999694824219,13.350000381469727,2017900,0.0,0.0
2021-05-13 00:00:00-04:00,13.140000343322754,13.460000038146973,12.869999885559082,13.029999732971191,2333200,0.0,0.0
2021-05-14 00:00:00-04:00,13.229999542236328,13.890000343322754,13.199999809265137,13.800000190734863,2323300,0.0,0.0
2021-05-17 00:00:00-04:00,13.859999656677246,14.670000076293945,13.779999732971191,14.609999656677246,3859800,0.0,0.0
2021-05-18 00:00:00-04:00,14.510000228881836,14.550000190734863,13.859999656677246,14.050000190734863,2557100,0.0,0.0
2021-05-19 00:00:00-04:00,13.739999771118164,14.050000190734863,13.579999923706055,13.949999809265137,2159100,0.0,0.0
2021-05-20 00:00:00-04:00,14.0600004196167,14.1899995803833,13.8100004196167,14.109999656677246,1787700,0.0,0.0
2021-05-21 00:00:00-04:00,14.350000381469727,14.649999618530273,14.09000015258789,14.09000015258789,2079800,0.0,0.0
2021-05-24 00:00:00-04:00,14.15999984741211,14.1899995803833,13.8100004196167,13.90999984741211,2825100,0.0,0.0
2021-05-25 00:00:00-04:00,13.880000114440918,14.050000190734863,13.289999961853027,13.350000381469727,2800300,0.0,0.0
2021-05-26 00:00:00-04:00,13.350000381469727,13.819999694824219,13.220000267028809,13.770000457763672,1654800,0.0,0.0
2021-05-27 00:00:00-04:00,13.779999732971191,13.949999809265137,13.5600004196167,13.569999694824219,1822400,0.0,0.0
2021-05-28 00:00:00-04:00,13.640000343322754,13.729999542236328,13.470000267028809,13.619999885559082,1232700,0.0,0.0
2021-06-01 00:00:00-04:00,13.9399995803833,14.34000015258789,13.859999656677246,14.130000114440918,2251000,0.0,0.0
2021-06-02 00:00:00-04:00,14.239999771118164,14.359999656677246,14.020000457763672,14.1899995803833,1838800,0.0,0.0
2021-06-03 00:00:00-04:00,14.079999923706055,14.180000305175781,13.819999694824219,14.149999618530273,2040500,0.0,0.0
2021-06-04 00:00:00-04:00,14.289999961853027,14.289999961853027,13.899999618530273,14.119999885559082,1771100,0.0,0.0
2021-06-07 00:00:00-04:00,14.020000457763672,14.430000305175781,14.0,14.369999885559082,2106600,0.0,0.0
2021-06-08 00:00:00-04:00,14.329999923706055,14.789999961853027,14.170000076293945,14.649999618530273,2171700,0.0,0.0
2021-06-09 00:00:00-04:00,14.609999656677246,14.789999961853027,14.390000343322754,14.4399995803833,1923600,0.0,0.0
2021-06-10 00:00:00-04:00,14.65999984741211,14.760000228881836,14.399999618530273,14.600000381469727,1461300,0.0,0.0
2021-06-11 00:00:00-04:00,14.920000076293945,15.149999618530273,14.649999618530273,14.75,2619700,0.0,0.0
2021-06-14 00:00:00-04:00,14.770000457763672,14.9399995803833,14.539999961853027,14.59000015258789,2466500,0.0,0.0
2021-06-15 00:00:00-04:00,14.729999542236328,14.949999809265137,14.4399995803833,14.729999542236328,2414900,0.0,0.0
2021-06-16 00:00:00-04:00,14.59000015258789,14.619999885559082,14.270000457763672,14.529999732971191,2097400,0.0,0.0
2021-06-17 00:00:00-04:00,14.420000076293945,14.520000457763672,13.4399995803833,13.789999961853027,5299700,0.0,0.0
2021-06-18 00:00:00-04:00,13.399999618530273,13.699999809265137,13.020000457763672,13.149999618530273,5318500,0.0,0.0
2021-06-21 00:00:00-04:00,13.010000228881836,13.65999984741211,12.90999984741211,13.649999618530273,3307500,0.0,0.0
2021-06-22 00:00:00-04:00,13.649999618530273,13.84000015258789,13.380000114440918,13.760000228881836,3119700,0.0,0.0
2021-06-23 00:00:00-04:00,14.0,14.319999694824219,13.84000015258789,14.180000305175781,4665700,0.0,0.0
2021-06-24 00:00:00-04:00,14.15999984741211,14.420000076293945,13.989999771118164,14.390000343322754,2009000,0.0,0.0
2021-06-25 00:00:00-04:00,14.479999542236328,14.859999656677246,14.369999885559082,14.680000305175781,4921400,0.0,0.0
2021-06-28 00:00:00-04:00,14.670000076293945,14.680000305175781,13.949999809265137,14.130000114440918,2604300,0.0,0.0
2021-06-29 00:00:00-04:00,14.40999984741211,14.430000305175781,13.640000343322754,13.640000343322754,3865300,0.0,0.0
2021-06-30 00:00:00-04:00,13.760000228881836,14.0600004196167,13.430000305175781,13.65999984741211,3254400,0.0,0.0
2021-07-01 00:00:00-04:00,13.979999542236328,14.180000305175781,13.75,13.8100004196167,3019900,0.0,0.0
2021-07-02 00:00:00-04:00,13.699999809265137,13.729999542236328,13.3100004196167,13.510000228881836,1690200,0.0,0.0
2021-07-06 00:00:00-04:00,13.380000114440918,13.5,13.039999961853027,13.279999732971191,2405600,0.0,0.0
2021-07-07 00:00:00-04:00,13.210000038146973,13.489999771118164,12.890000343322754,13.1899995803833,2701500,0.0,0.0
2021-07-08 00:00:00-04:00,13.149999618530273,13.8100004196167,13.100000381469727,13.510000228881836,3347700,0.0,0.0
2021-07-09 00:00:00-04:00,13.6899995803833,13.90999984741211,13.40999984741211,13.829999923706055,1804300,0.0,0.0
2021-07-12 00:00:00-04:00,13.649999618530273,13.770000457763672,13.470000267028809,13.619999885559082,1587800,0.0,0.0
2021-07-13 00:00:00-04:00,13.710000038146973,13.84000015258789,13.489999771118164,13.5,1755200,0.0,0.0
2021-07-14 00:00:00-04:00,13.6899995803833,13.6899995803833,13.130000114440918,13.25,2477400,0.0,0.0
2021-07-15 00:00:00-04:00,13.109999656677246,13.40999984741211,12.789999961853027,12.979999542236328,2881600,0.0,0.0
2021-07-16 00:00:00-04:00,13.180000305175781,13.199999809265137,12.520000457763672,12.550000190734863,3004600,0.0,0.0
2021-07-19 00:00:00-04:00,12.180000305175781,12.65999984741211,12.069999694824219,12.430000305175781,3941500,0.0,0.0
2021-07-20 00:00:00-04:00,12.489999771118164,12.819999694824219,12.300000190734863,12.619999885559082,3659500,0.0,0.0
2021-07-21 00:00:00-04:00,13.0,13.0600004196167,12.550000190734863,12.65999984741211,3821900,0.0,0.0
2021-07-22 00:00:00-04:00,12.569999694824219,12.640000343322754,12.279999732971191,12.359999656677246,2487200,0.0,0.0
2021-07-23 00:00:00-04:00,12.460000038146973,12.5,12.140000343322754,12.289999961853027,2474400,0.0,0.0
2021-07-26 00:00:00-04:00,12.350000381469727,12.720000267028809,12.350000381469727,12.670000076293945,2950400,0.0,0.0
2021-07-27 00:00:00-04:00,12.550000190734863,12.550000190734863,12.09000015258789,12.390000343322754,2688300,0.0,0.0
2021-07-28 00:00:00-04:00,12.5600004196167,12.890000343322754,12.34000015258789,12.850000381469727,3259400,0.0,0.0
2021-07-29 00:00:00-04:00,12.65999984741211,13.0,11.930000305175781,12.210000038146973,4749900,0.0,0.0
2021-07-30 00:00:00-04:00,11.9399995803833,12.260000228881836,11.770000457763672,12.100000381469727,4201800,0.0,0.0
2021-08-02 00:00:00-04:00,12.100000381469727,12.4399995803833,11.75,11.779999732971191,4278900,0.0,0.0
2021-08-03 00:00:00-04:00,11.670000076293945,12.15999984741211,11.579999923706055,12.050000190734863,3049900,0.0,0.0
2021-08-04 00:00:00-04:00,11.800000190734863,12.239999771118164,11.770000457763672,11.880000114440918,2653300,0.0,0.0
2021-08-05 00:00:00-04:00,11.949999809265137,12.25,11.829999923706055,12.020000457763672,1812800,0.0,0.0
2021-08-06 00:00:00-04:00,12.1899995803833,12.1899995803833,11.819999694824219,11.890000343322754,2190400,0.0,0.0
2021-08-09 00:00:00-04:00,11.649999618530273,12.050000190734863,11.600000381469727,11.800000190734863,2255100,0.0,0.0
2021-08-10 00:00:00-04:00,11.880000114440918,12.180000305175781,11.729999542236328,12.0,1798100,0.0,0.0
2021-08-11 00:00:00-04:00,11.850000381469727,11.90999984741211,11.579999923706055,11.859999656677246,2174500,0.0,0.0
2021-08-12 00:00:00-04:00,11.899999618530273,11.989999771118164,11.65999984741211,11.949999809265137,3471000,0.0,0.0
2021-08-13 00:00:00-04:00,11.899999618530273,11.899999618530273,11.449999809265137,11.479999542236328,1960500,0.0,0.0
2021-08-16 00:00:00-04:00,11.329999923706055,11.579999923706055,11.170000076293945,11.300000190734863,2522000,0.0,0.0
2021-08-17 00:00:00-04:00,11.25,11.5,11.020000457763672,11.109999656677246,2999900,0.0,0.0
2021-08-18 00:00:00-04:00,11.149999618530273,11.1899995803833,10.699999809265137,10.720000267028809,2532200,0.0,0.0
2021-08-19 00:00:00-04:00,10.630000114440918,10.770000457763672,10.40999984741211,10.630000114440918,4144700,0.0,0.0
2021-08-20 00:00:00-04:00,10.5600004196167,10.8100004196167,10.460000038146973,10.579999923706055,3257500,0.0,0.0
2021-08-23 00:00:00-04:00,10.829999923706055,10.9399995803833,10.640000343322754,10.6899995803833,2388100,0.0,0.0
2021-08-24 00:00:00-04:00,10.75,10.880000114440918,10.619999885559082,10.819999694824219,2209800,0.0,0.0
2021-08-25 00:00:00-04:00,10.789999961853027,11.039999961853027,10.65999984741211,10.970000267028809,3100800,0.0,0.0
2021-08-26 00:00:00-04:00,10.960000038146973,11.029999732971191,10.640000343322754,10.739999771118164,2684700,0.0,0.0
2021-08-27 00:00:00-04:00,10.84000015258789,11.390000343322754,10.829999923706055,11.0600004196167,4500100,0.0,0.0
2021-08-30 00:00:00-04:00,11.050000190734863,11.079999923706055,10.770000457763672,10.949999809265137,2343000,0.0,0.0
2021-08-31 00:00:00-04:00,10.899999618530273,11.520000457763672,10.899999618530273,11.359999656677246,3928500,0.0,0.0
2021-09-01 00:00:00-04:00,11.329999923706055,11.539999961853027,11.229999542236328,11.470000267028809,1879300,0.0,0.0
2021-09-02 00:00:00-04:00,11.630000114440918,12.039999961853027,11.630000114440918,11.949999809265137,2745900,0.0,0.0
2021-09-03 00:00:00-04:00,11.899999618530273,12.020000457763672,11.8100004196167,11.930000305175781,2202200,0.0,0.0
2021-09-07 00:00:00-04:00,11.829999923706055,12.029999732971191,11.640000343322754,11.670000076293945,1801600,0.0,0.0
2021-09-08 00:00:00-04:00,11.859999656677246,12.15999984741211,11.670000076293945,11.899999618530273,2679400,0.0,0.0
2021-09-09 00:00:00-04:00,11.779999732971191,12.119999885559082,11.649999618530273,11.899999618530273,2675700,0.0,0.0
2021-09-10 00:00:00-04:00,12.0600004196167,12.0600004196167,11.760000228881836,11.779999732971191,2472800,0.0,0.0
2021-09-13 00:00:00-04:00,12.029999732971191,12.529999732971191,11.989999771118164,12.449999809265137,2954900,0.0,0.0
2021-09-14 00:00:00-04:00,12.550000190734863,12.600000381469727,11.970000267028809,12.109999656677246,2605300,0.0,0.0
2021-09-15 00:00:00-04:00,12.470000267028809,12.770000457763672,12.390000343322754,12.479999542236328,2930000,0.0,0.0
2021-09-16 00:00:00-04:00,12.380000114440918,12.4399995803833,11.989999771118164,12.010000228881836,2787800,0.0,0.0
2021-09-17 00:00:00-04:00,11.970000267028809,12.050000190734863,11.75,11.760000228881836,5148100,0.0,0.0
2021-09-20 00:00:00-04:00,11.539999961853027,11.949999809265137,11.470000267028809,11.800000190734863,2767500,0.0,0.0
2021-09-21 00:00:00-04:00,11.899999618530273,11.970000267028809,11.420000076293945,11.680000305175781,2486100,0.0,0.0
2021-09-22 00:00:00-04:00,11.880000114440918,11.949999809265137,11.649999618530273,11.670000076293945,4083600,0.0,0.0
2021-09-23 00:00:00-04:00,11.770000457763672,12.109999656677246,11.550000190734863,11.949999809265137,3957200,0.0,0.0
2021-09-24 00:00:00-04:00,11.90999984741211,12.149999618530273,11.630000114440918,11.640000343322754,4719100,0.0,0.0
2021-09-27 00:00:00-04:00,12.010000228881836,12.949999809265137,11.960000038146973,12.930000305175781,5900800,0.0,0.0
2021-09-28 00:00:00-04:00,13.039999961853027,13.149999618530273,12.529999732971191,12.5600004196167,5857100,0.0,0.0
2021-09-29 00:00:00-04:00,12.279999732971191,12.760000228881836,12.220000267028809,12.5600004196167,5500200,0.0,0.0
2021-09-30 00:00:00-04:00,12.4399995803833,12.90999984741211,12.4399995803833,12.619999885559082,3672000,0.0,0.0
2021-10-01 00:00:00-04:00,12.699999809265137,12.90999984741211,12.59000015258789,12.619999885559082,4439500,0.0,0.0
2021-10-04 00:00:00-04:00,13.0,13.100000381469727,12.729999542236328,12.859999656677246,4850100,0.0,0.0
2021-10-05 00:00:00-04:00,13.119999885559082,13.170000076293945,12.789999961853027,12.920000076293945,3199200,0.0,0.0
2021-10-06 00:00:00-04:00,12.600000381469727,12.829999923706055,12.350000381469727,12.739999771118164,2706200,0.0,0.0
2021-10-07 00:00:00-04:00,12.829999923706055,13.3100004196167,12.710000038146973,13.210000038146973,2882100,0.0,0.0
2021-10-08 00:00:00-04:00,13.460000038146973,13.680000305175781,13.359999656677246,13.539999961853027,3406700,0.0,0.0
2021-10-11 00:00:00-04:00,13.75,13.800000190734863,13.25,13.300000190734863,2579900,0.0,0.0
2021-10-12 00:00:00-04:00,13.130000114440918,13.369999885559082,13.010000228881836,13.359999656677246,2438700,0.0,0.0
2021-10-13 00:00:00-04:00,13.100000381469727,13.329999923706055,12.970000267028809,13.210000038146973,1503900,0.0,0.0
2021-10-14 00:00:00-04:00,13.5,13.699999809265137,13.170000076293945,13.279999732971191,2230900,0.0,0.0
2021-10-15 00:00:00-04:00,13.479999542236328,13.479999542236328,13.229999542236328,13.25,2959700,0.0,0.0
2021-10-18 00:00:00-04:00,13.399999618530273,13.729999542236328,13.260000228881836,13.420000076293945,3104900,0.0,0.0
2021-10-19 00:00:00-04:00,13.430000305175781,13.850000381469727,13.279999732971191,13.819999694824219,3338300,0.0,0.0
2021-10-20 00:00:00-04:00,13.670000076293945,14.390000343322754,13.630000114440918,14.350000381469727,3409500,0.0,0.0
2021-10-21 00:00:00-04:00,14.170000076293945,14.4399995803833,14.0,14.369999885559082,5338100,0.0,0.0
2021-10-22 00:00:00-04:00,14.579999923706055,14.6899995803833,14.239999771118164,14.65999984741211,2508900,0.0,0.0
2021-10-25 00:00:00-04:00,14.979999542236328,15.630000114440918,14.90999984741211,15.619999885559082,5427300,0.0,0.0
2021-10-26 00:00:00-04:00,15.069999694824219,15.300000190734863,14.890000343322754,14.920000076293945,3943100,0.0,0.0
2021-10-27 00:00:00-04:00,14.779999732971191,15.1899995803833,14.630000114440918,14.8100004196167,3607600,0.0,0.0
2021-10-28 00:00:00-04:00,15.0,16.079999923706055,15.0,15.289999961853027,5025100,0.0,0.0
2021-10-29 00:00:00-04:00,15.34000015258789,15.4399995803833,14.550000190734863,14.609999656677246,3558900,0.0,0.0
2021-11-01 00:00:00-04:00,14.829999923706055,15.140000343322754,14.75,14.970000267028809,3178400,0.0,0.0
2021-11-02 00:00:00-04:00,14.880000114440918,14.989999771118164,14.600000381469727,14.829999923706055,2355700,0.0,0.0
2021-11-03 00:00:00-04:00,14.5600004196167,14.920000076293945,14.399999618530273,14.479999542236328,2557000,0.0,0.0
2021-11-04 00:00:00-04:00,14.819999694824219,14.989999771118164,14.399999618530273,14.430000305175781,2842500,0.0,0.0
2021-11-05 00:00:00-04:00,14.520000457763672,14.989999771118164,14.359999656677246,14.920000076293945,2020500,0.0,0.0
2021-11-08 00:00:00-05:00,15.100000381469727,15.15999984741211,14.479999542236328,14.510000228881836,3013400,0.0,0.0
2021-11-09 00:00:00-05:00,14.390000343322754,14.579999923706055,14.1899995803833,14.529999732971191,3114100,0.0,0.0
2021-11-10 00:00:00-05:00,14.399999618530273,14.5,13.850000381469727,14.020000457763672,2838100,0.0,0.0
2021-11-11 00:00:00-05:00,14.0600004196167,14.6899995803833,14.020000457763672,14.510000228881836,2119400,0.0,0.0
2021-11-12 00:00:00-05:00,14.34000015258789,14.819999694824219,14.270000457763672,14.670000076293945,1798600,0.0,0.0
2021-11-15 00:00:00-05:00,14.729999542236328,15.239999771118164,14.520000457763672,15.0,2467500,0.0,0.0
2021-11-16 00:00:00-05:00,15.149999618530273,15.319999694824219,14.680000305175781,14.850000381469727,2936300,0.0,0.0
2021-11-17 00:00:00-05:00,14.600000381469727,14.8100004196167,14.319999694824219,14.489999771118164,2573600,0.0,0.0
2021-11-18 00:00:00-05:00,14.609999656677246,14.75,14.050000190734863,14.210000038146973,2864900,0.0,0.0
2021-11-19 00:00:00-05:00,13.890000343322754,14.239999771118164,13.84000015258789,13.9399995803833,3177200,0.0,0.0
2021-11-22 00:00:00-05:00,13.960000038146973,14.289999961853027,13.899999618530273,14.020000457763672,3124000,0.0,0.0
2021-11-23 00:00:00-05:00,14.4399995803833,14.65999984741211,14.279999732971191,14.59000015258789,2938800,0.0,0.0
2021-11-24 00:00:00-05:00,14.430000305175781,14.630000114440918,14.40999984741211,14.5600004196167,1911900,0.0,0.0
2021-11-26 00:00:00-05:00,13.989999771118164,14.289999961853027,13.869999885559082,14.199999809265137,1925300,0.0,0.0
2021-11-29 00:00:00-05:00,14.109999656677246,14.449999809265137,13.989999771118164,14.1899995803833,2164900,0.0,0.0
2021-11-30 00:00:00-05:00,13.899999618530273,14.25,13.550000190734863,13.640000343322754,4292600,0.0,0.0
2021-12-01 00:00:00-05:00,14.09000015258789,14.380000114440918,13.15999984741211,13.180000305175781,3453900,0.0,0.0
2021-12-02 00:00:00-05:00,13.149999618530273,13.710000038146973,13.0,13.390000343322754,3043300,0.0,0.0
2021-12-03 00:00:00-05:00,13.680000305175781,13.779999732971191,13.1899995803833,13.4399995803833,2838000,0.0,0.0
2021-12-06 00:00:00-05:00,13.539999961853027,13.9399995803833,13.170000076293945,13.770000457763672,3063600,0.0,0.0
2021-12-07 00:00:00-05:00,13.010000228881836,14.199999809265137,13.0,13.90999984741211,4408100,0.0,0.0
2021-12-08 00:00:00-05:00,14.0600004196167,14.420000076293945,14.039999961853027,14.270000457763672,2644000,0.0,0.0
2021-12-09 00:00:00-05:00,14.170000076293945,14.359999656677246,14.069999694824219,14.25,1984400,0.0,0.0
2021-12-10 00:00:00-05:00,14.5,14.59000015258789,14.15999984741211,14.569999694824219,2283500,0.0,0.0
2021-12-13 00:00:00-05:00,14.5600004196167,14.699999809265137,13.920000076293945,13.930000305175781,2761700,0.0,0.0
2021-12-14 00:00:00-05:00,13.779999732971191,14.09000015258789,13.569999694824219,13.890000343322754,2563500,0.0,0.0
2021-12-15 00:00:00-05:00,13.949999809265137,14.010000228881836,13.550000190734863,13.880000114440918,3695400,0.0,0.0
2021-12-16 00:00:00-05:00,14.0600004196167,14.4399995803833,13.800000190734863,13.8100004196167,3783900,0.0,0.0
2021-12-17 00:00:00-05:00,13.699999809265137,14.010000228881836,13.470000267028809,13.920000076293945,7448400,0.0,0.0
2021-12-20 00:00:00-05:00,13.6899995803833,13.789999961853027,13.319999694824219,13.649999618530273,3087500,0.0,0.0
2021-12-21 00:00:00-05:00,13.75,13.859999656677246,13.569999694824219,13.850000381469727,2374600,0.0,0.0
2021-12-22 00:00:00-05:00,14.010000228881836,14.039999961853027,13.59000015258789,13.850000381469727,1947900,0.0,0.0
2021-12-23 00:00:00-05:00,13.640000343322754,14.09000015258789,13.640000343322754,14.020000457763672,1922500,0.0,0.0
2021-12-27 00:00:00-05:00,14.140000343322754,14.460000038146973,13.930000305175781,14.449999809265137,1474700,0.0,0.0
2021-12-28 00:00:00-05:00,14.449999809265137,14.649999618530273,14.229999542236328,14.399999618530273,1220200,0.0,0.0
2021-12-29 00:00:00-05:00,14.449999809265137,14.640000343322754,14.300000190734863,14.539999961853027,1224600,0.0,0.0
2021-12-30 00:00:00-05:00,14.569999694824219,14.6899995803833,14.039999961853027,14.039999961853027,1356800,0.0,0.0
2021-12-31 00:00:00-05:00,14.039999961853027,14.09000015258789,13.739999771118164,13.75,1785500,0.0,0.0
2022-01-03 00:00:00-05:00,13.779999732971191,14.069999694824219,13.680000305175781,13.880000114440918,1948600,0.0,0.0
2022-01-04 00:00:00-05:00,13.949999809265137,14.680000305175781,13.890000343322754,14.649999618530273,3211700,0.0,0.0
2022-01-05 00:00:00-05:00,14.84000015258789,15.050000190734863,14.109999656677246,14.140000343322754,2778300,0.0,0.0
2022-01-06 00:00:00-05:00,14.529999732971191,14.829999923706055,14.239999771118164,14.630000114440918,2699000,0.0,0.0
2022-01-07 00:00:00-05:00,14.640000343322754,14.920000076293945,14.510000228881836,14.649999618530273,2741400,0.0,0.0
2022-01-10 00:00:00-05:00,14.84000015258789,15.140000343322754,14.640000343322754,15.100000381469727,2232400,0.0,0.0
2022-01-11 00:00:00-05:00,15.149999618530273,15.5600004196167,14.729999542236328,15.199999809265137,3210200,0.0,0.0
2022-01-12 00:00:00-05:00,15.5,16.0,15.300000190734863,15.880000114440918,3858000,0.0,0.0
2022-01-13 00:00:00-05:00,15.680000305175781,15.84000015258789,15.130000114440918,15.210000038146973,2483000,0.0,0.0
2022-01-14 00:00:00-05:00,15.039999961853027,15.800000190734863,15.010000228881836,15.789999961853027,3219500,0.0,0.0
2022-01-18 00:00:00-05:00,15.970000267028809,16.200000762939453,15.760000228881836,15.989999771118164,3386500,0.0,0.0
2022-01-19 00:00:00-05:00,16.030000686645508,16.219999313354492,15.5600004196167,15.5600004196167,2815200,0.0,0.0
2022-01-20 00:00:00-05:00,15.300000190734863,16.09000015258789,15.210000038146973,15.260000228881836,3498600,0.0,0.0
2022-01-21 00:00:00-05:00,15.130000114440918,15.359999656677246,14.600000381469727,14.619999885559082,3560900,0.0,0.0
2022-01-24 00:00:00-05:00,14.319999694824219,15.039999961853027,14.109999656677246,14.979999542236328,3264400,0.0,0.0
2022-01-25 00:00:00-05:00,14.979999542236328,15.069999694824219,14.210000038146973,14.979999542236328,3652600,0.0,0.0
2022-01-26 00:00:00-05:00,15.199999809265137,15.239999771118164,14.359999656677246,14.5,4649000,0.0,0.0
2022-01-27 00:00:00-05:00,15.300000190734863,15.609999656677246,14.130000114440918,14.640000343322754,5539000,0.0,0.0
2022-01-28 00:00:00-05:00,14.800000190734863,15.539999961853027,14.65999984741211,15.0,5914300,0.0,0.0
2022-01-31 00:00:00-05:00,15.050000190734863,15.050000190734863,14.510000228881836,14.829999923706055,5358600,0.0,0.0
2022-02-01 00:00:00-05:00,14.720000267028809,15.399999618530273,14.460000038146973,15.350000381469727,6385800,0.0,0.0
2022-02-02 00:00:00-05:00,15.5,15.960000038146973,15.270000457763672,15.65999984741211,4763100,0.0,0.0
2022-02-03 00:00:00-05:00,15.449999809265137,15.609999656677246,15.149999618530273,15.289999961853027,3359000,0.0,0.0
2022-02-04 00:00:00-05:00,15.359999656677246,15.65999984741211,15.029999732971191,15.1899995803833,3481000,0.0,0.0
2022-02-07 00:00:00-05:00,15.220000267028809,15.609999656677246,14.90999984741211,15.460000038146973,3845800,0.0,0.0
2022-02-08 00:00:00-05:00,15.489999771118164,15.510000228881836,14.609999656677246,14.800000190734863,3976000,0.0,0.0
2022-02-09 00:00:00-05:00,14.680000305175781,15.25,14.680000305175781,15.09000015258789,2627900,0.0,0.0
2022-02-10 00:00:00-05:00,14.819999694824219,15.6899995803833,14.65999984741211,15.369999885559082,2785100,0.0,0.0
2022-02-11 00:00:00-05:00,15.6899995803833,16.040000915527344,15.520000457763672,15.890000343322754,2870000,0.0,0.0
2022-02-14 00:00:00-05:00,16.059999465942383,16.260000228881836,15.75,16.100000381469727,3444600,0.0,0.0
2022-02-15 00:00:00-05:00,15.90999984741211,16.559999465942383,15.59000015258789,16.489999771118164,4672000,0.0,0.0
2022-02-16 00:00:00-05:00,16.649999618530273,16.989999771118164,16.1299991607666,16.290000915527344,3356300,0.0,0.0
2022-02-17 00:00:00-05:00,16.309999465942383,16.729999542236328,16.239999771118164,16.270000457763672,3873300,0.0,0.0
2022-02-18 00:00:00-05:00,16.079999923706055,16.350000381469727,15.779999732971191,15.850000381469727,2473600,0.0,0.0
2022-02-22 00:00:00-05:00,16.25,16.489999771118164,15.279999732971191,15.40999984741211,2383700,0.0,0.0
2022-02-23 00:00:00-05:00,15.569999694824219,15.970000267028809,15.390000343322754,15.699999809265137,3705500,0.0,0.0
2022-02-24 00:00:00-05:00,16.18000030517578,16.299999237060547,15.460000038146973,16.079999923706055,4446000,0.0,0.0
2022-02-25 00:00:00-05:00,16.049999237060547,16.489999771118164,15.760000228881836,16.440000534057617,3693300,0.0,0.0
2022-02-28 00:00:00-05:00,16.309999465942383,16.850000381469727,16.200000762939453,16.34000015258789,4178300,0.0,0.0
2022-03-01 00:00:00-05:00,16.540000915527344,16.989999771118164,16.329999923706055,16.700000762939453,3924400,0.0,0.0
2022-03-02 00:00:00-05:00,17.030000686645508,17.299999237060547,16.81999969482422,17.049999237060547,3116900,0.0,0.0
2022-03-03 00:00:00-05:00,16.799999237060547,17.34000015258789,16.700000762939453,17.219999313354492,3129500,0.0,0.0
2022-03-04 00:00:00-05:00,17.350000381469727,17.90999984741211,17.299999237060547,17.739999771118164,2942000,0.0,0.0
2022-03-07 00:00:00-05:00,17.799999237060547,18.56999969482422,17.610000610351562,18.290000915527344,4811800,0.0,0.0
2022-03-08 00:00:00-05:00,18.760000228881836,18.780000686645508,17.8799991607666,18.09000015258789,5410600,0.0,0.0
2022-03-09 00:00:00-05:00,17.440000534057617,18.260000228881836,17.18000030517578,18.18000030517578,4095500,0.0,0.0
2022-03-10 00:00:00-05:00,18.260000228881836,18.489999771118164,17.850000381469727,18.3700008392334,3634300,0.0,0.0
2022-03-11 00:00:00-05:00,18.18000030517578,18.68000030517578,18.09000015258789,18.309999465942383,2891600,0.0,0.0
2022-03-14 00:00:00-04:00,18.040000915527344,18.149999618530273,17.34000015258789,17.520000457763672,3711500,0.0,0.0
2022-03-15 00:00:00-04:00,16.799999237060547,17.979999542236328,16.739999771118164,17.84000015258789,4056200,0.0,0.0
2022-03-16 00:00:00-04:00,17.809999465942383,18.450000762939453,17.649999618530273,18.270000457763672,4102600,0.0,0.0
2022-03-17 00:00:00-04:00,18.6299991607666,18.729999542236328,18.270000457763672,18.6200008392334,3133100,0.0,0.0
2022-03-18 00:00:00-04:00,18.68000030517578,18.920000076293945,18.31999969482422,18.860000610351562,6970000,0.0,0.0
2022-03-21 00:00:00-04:00,19.139999389648438,19.5,18.989999771118164,19.170000076293945,3089700,0.0,0.0
2022-03-22 00:00:00-04:00,19.079999923706055,19.3700008392334,18.649999618530273,18.920000076293945,2070700,0.0,0.0
2022-03-23 00:00:00-04:00,19.209999084472656,19.290000915527344,18.799999237060547,19.1200008392334,2906300,0.0,0.0
2022-03-24 00:00:00-04:00,19.299999237060547,19.719999313354492,19.100000381469727,19.700000762939453,3530600,0.0,0.0
2022-03-25 00:00:00-04:00,19.65999984741211,21.700000762939453,19.610000610351562,21.649999618530273,6923000,0.0,0.0
2022-03-28 00:00:00-04:00,21.170000076293945,21.56999969482422,20.959999084472656,21.329999923706055,3745500,0.0,0.0
2022-03-29 00:00:00-04:00,20.860000610351562,20.979999542236328,20.489999771118164,20.90999984741211,3051600,0.0,0.0
2022-03-30 00:00:00-04:00,21.260000228881836,21.510000228881836,20.68000030517578,20.799999237060547,3035100,0.0,0.0
2022-03-31 00:00:00-04:00,20.65999984741211,21.34000015258789,20.649999618530273,20.719999313354492,2879300,0.0,0.0
2022-04-01 00:00:00-04:00,20.809999465942383,21.34000015258789,20.719999313354492,21.020000457763672,2619700,0.0,0.0
2022-04-04 00:00:00-04:00,21.219999313354492,21.3799991607666,20.709999084472656,20.760000228881836,2086800,0.0,0.0
2022-04-05 00:00:00-04:00,21.040000915527344,21.31999969482422,20.510000228881836,20.540000915527344,2829000,0.0,0.0
2022-04-06 00:00:00-04:00,20.81999969482422,21.25,20.40999984741211,20.969999313354492,3107400,0.0,0.0
2022-04-07 00:00:00-04:00,21.15999984741211,21.399999618530273,20.329999923706055,20.959999084472656,4600200,0.0,0.0
2022-04-08 00:00:00-04:00,21.1299991607666,21.420000076293945,20.989999771118164,21.0,4476200,0.0,0.0
2022-04-11 00:00:00-04:00,20.950000762939453,21.239999771118164,20.65999984741211,21.09000015258789,3162100,0.0,0.0
2022-04-12 00:00:00-04:00,21.40999984741211,21.790000915527344,21.100000381469727,21.18000030517578,2294300,0.0,0.0
2022-04-13 00:00:00-04:00,21.5,21.93000030517578,21.15999984741211,21.84000015258789,2139600,0.0,0.0
2022-04-14 00:00:00-04:00,21.84000015258789,22.510000228881836,21.700000762939453,22.420000076293945,3800500,0.0,0.0
2022-04-18 00:00:00-04:00,22.719999313354492,23.329999923706055,22.3799991607666,22.6200008392334,3317200,0.0,0.0
2022-04-19 00:00:00-04:00,22.40999984741211,22.549999237060547,21.770000457763672,22.139999389648438,2548800,0.0,0.0
2022-04-20 00:00:00-04:00,22.389999389648438,22.729999542236328,22.100000381469727,22.56999969482422,1921700,0.0,0.0
2022-04-21 00:00:00-04:00,22.459999084472656,22.760000228881836,21.489999771118164,21.75,2567900,0.0,0.0
2022-04-22 00:00:00-04:00,21.549999237060547,21.700000762939453,20.93000030517578,21.020000457763672,2365400,0.0,0.0
2022-04-25 00:00:00-04:00,20.389999389648438,21.190000534057617,20.200000762939453,21.059999465942383,3008800,0.0,0.0
2022-04-26 00:00:00-04:00,21.15999984741211,21.299999237060547,20.399999618530273,20.440000534057617,2870200,0.0,0.0
2022-04-27 00:00:00-04:00,20.59000015258789,21.1299991607666,20.299999237060547,20.84000015258789,2990100,0.0,0.0
2022-04-28 00:00:00-04:00,21.219999313354492,21.5,20.31999969482422,21.149999618530273,4049200,0.0,0.0
2022-04-29 00:00:00-04:00,21.280000686645508,21.459999084472656,20.389999389648438,20.549999237060547,3324300,0.0,0.0
2022-05-02 00:00:00-04:00,20.290000915527344,20.559999465942383,19.34000015258789,19.979999542236328,3981500,0.0,0.0
2022-05-03 00:00:00-04:00,20.110000610351562,20.950000762939453,20.06999969482422,20.639999389648438,2904400,0.0,0.0
2022-05-04 00:00:00-04:00,21.1200008392334,21.450000762939453,20.540000915527344,21.420000076293945,2648500,0.0,0.0
2022-05-05 00:00:00-04:00,21.649999618530273,21.700000762939453,19.65999984741211,20.510000228881836,3323800,0.0,0.0
2022-05-06 00:00:00-04:00,20.639999389648438,20.809999465942383,20.049999237060547,20.290000915527344,2365500,0.0,0.0
2022-05-09 00:00:00-04:00,19.709999084472656,19.760000228881836,18.360000610351562,18.520000457763672,4444800,0.0,0.0
2022-05-10 00:00:00-04:00,18.65999984741211,18.940000534057617,18.049999237060547,18.68000030517578,3165100,0.0,0.0
2022-05-11 00:00:00-04:00,19.06999969482422,19.389999389648438,18.610000610351562,18.639999389648438,3065700,0.0,0.0
2022-05-12 00:00:00-04:00,18.5,19.06999969482422,18.34000015258789,18.809999465942383,2963400,0.0,0.0
2022-05-13 00:00:00-04:00,19.149999618530273,19.309999465942383,18.65999984741211,18.81999969482422,2510000,0.0,0.0
2022-05-16 00:00:00-04:00,19.020000457763672,19.809999465942383,18.979999542236328,19.059999465942383,2325900,0.0,0.0
2022-05-17 00:00:00-04:00,19.25,20.079999923706055,19.030000686645508,19.8799991607666,2512600,0.0,0.0
2022-05-18 00:00:00-04:00,20.020000457763672,20.040000915527344,19.229999542236328,19.6299991607666,2752200,0.0,0.0
2022-05-19 00:00:00-04:00,19.239999771118164,20.18000030517578,19.049999237060547,19.709999084472656,8512500,0.0,0.0
2022-05-20 00:00:00-04:00,19.81999969482422,19.84000015258789,19.1299991607666,19.579999923706055,2151700,0.0,0.0
2022-05-23 00:00:00-04:00,19.790000915527344,20.6200008392334,19.530000686645508,20.600000381469727,3124900,0.0,0.0
2022-05-24 00:00:00-04:00,20.510000228881836,21.31999969482422,20.399999618530273,21.059999465942383,3200600,0.0,0.0
2022-05-25 00:00:00-04:00,21.280000686645508,21.950000762939453,21.020000457763672,21.729999542236328,4036800,0.0,0.0
2022-05-26 00:00:00-04:00,21.8799991607666,22.790000915527344,21.860000610351562,22.389999389648438,4178700,0.0,0.0
2022-05-27 00:00:00-04:00,22.079999923706055,22.6200008392334,22.0,22.479999542236328,2810200,0.0,0.0
2022-05-31 00:00:00-04:00,22.75,22.920000076293945,21.59000015258789,21.719999313354492,3827400,0.0,0.0
2022-06-01 00:00:00-04:00,22.170000076293945,22.700000762939453,21.610000610351562,22.43000030517578,3917500,0.0,0.0
2022-06-02 00:00:00-04:00,22.43000030517578,22.719999313354492,22.239999771118164,22.610000610351562,5943400,0.0,0.0
2022-06-03 00:00:00-04:00,22.610000610351562,22.8799991607666,22.280000686645508,22.649999618530273,2776200,0.0,0.0
2022-06-06 00:00:00-04:00,22.950000762939453,23.139999389648438,22.68000030517578,23.1299991607666,3411600,0.0,0.0
2022-06-07 00:00:00-04:00,23.06999969482422,23.56999969482422,22.59000015258789,23.56999969482422,3920800,0.0,0.0
2022-06-08 00:00:00-04:00,23.860000610351562,24.209999084472656,23.209999084472656,23.530000686645508,2653600,0.0,0.0
2022-06-09 00:00:00-04:00,23.280000686645508,23.6200008392334,22.809999465942383,23.270000457763672,2386800,0.0,0.0
2022-06-10 00:00:00-04:00,22.959999084472656,23.389999389648438,22.670000076293945,23.239999771118164,2056600,0.0,0.0
2022-06-13 00:00:00-04:00,22.420000076293945,22.690000534057617,21.329999923706055,21.59000015258789,3160100,0.0,0.0
2022-06-14 00:00:00-04:00,21.799999237060547,21.959999084472656,19.329999923706055,19.739999771118164,5372500,0.0,0.0
2022-06-15 00:00:00-04:00,19.920000076293945,20.739999771118164,19.6200008392334,20.25,3689300,0.0,0.0
2022-06-16 00:00:00-04:00,20.15999984741211,20.239999771118164,19.079999923706055,19.219999313354492,4652600,0.0,0.0
2022-06-17 00:00:00-04:00,19.270000457763672,19.34000015258789,17.219999313354492,17.420000076293945,8171300,0.0,0.0
2022-06-21 00:00:00-04:00,17.809999465942383,17.950000762939453,17.219999313354492,17.700000762939453,4368600,0.0,0.0
2022-06-22 00:00:00-04:00,16.8700008392334,17.639999389648438,16.700000762939453,17.200000762939453,4486100,0.0,0.0
2022-06-23 00:00:00-04:00,17.260000228881836,17.34000015258789,16.15999984741211,16.489999771118164,4516500,0.0,0.0
2022-06-24 00:00:00-04:00,16.68000030517578,17.360000610351562,16.540000915527344,17.1299991607666,5850600,0.0,0.0
2022-06-27 00:00:00-04:00,17.3799991607666,17.459999084472656,16.899999618530273,17.229999542236328,3734100,0.0,0.0
2022-06-28 00:00:00-04:00,17.549999237060547,17.790000915527344,17.139999389648438,17.610000610351562,4045500,0.0,0.0
2022-06-29 00:00:00-04:00,17.780000686645508,17.889999389648438,16.989999771118164,17.18000030517578,3210700,0.0,0.0
2022-06-30 00:00:00-04:00,16.770000457763672,17.270000457763672,16.190000534057617,16.459999084472656,4291200,0.0,0.0
2022-07-01 00:00:00-04:00,16.709999084472656,16.729999542236328,16.25,16.670000076293945,2579100,0.0,0.0
2022-07-05 00:00:00-04:00,16.329999923706055,16.329999923706055,15.489999771118164,15.75,4048500,0.0,0.0
2022-07-06 00:00:00-04:00,15.65999984741211,16.149999618530273,15.279999732971191,15.880000114440918,4781200,0.0,0.0
2022-07-07 00:00:00-04:00,16.31999969482422,16.450000762939453,15.949999809265137,16.25,3194800,0.0,0.0
2022-07-08 00:00:00-04:00,16.440000534057617,16.6200008392334,15.960000038146973,16.190000534057617,2787000,0.0,0.0
2022-07-11 00:00:00-04:00,16.06999969482422,16.5,15.869999885559082,16.229999542236328,2504500,0.0,0.0
2022-07-12 00:00:00-04:00,15.800000190734863,16.219999313354492,15.670000076293945,16.170000076293945,2764000,0.0,0.0
2022-07-13 00:00:00-04:00,16.06999969482422,17.020000457763672,16.06999969482422,16.81999969482422,2880200,0.0,0.0
2022-07-14 00:00:00-04:00,16.200000762939453,17.020000457763672,15.930000305175781,16.950000762939453,3692000,0.0,0.0
2022-07-15 00:00:00-04:00,17.360000610351562,17.59000015258789,16.809999465942383,17.579999923706055,3611000,0.0,0.0
2022-07-18 00:00:00-04:00,17.90999984741211,18.110000610351562,17.360000610351562,17.43000030517578,3085400,0.0,0.0
2022-07-19 00:00:00-04:00,17.3700008392334,17.969999313354492,17.34000015258789,17.950000762939453,2101200,0.0,0.0
2022-07-20 00:00:00-04:00,17.700000762939453,18.440000534057617,17.450000762939453,18.399999618530273,2743600,0.0,0.0
2022-07-21 00:00:00-04:00,17.90999984741211,18.56999969482422,17.81999969482422,18.559999465942383,2226700,0.0,0.0
2022-07-22 00:00:00-04:00,18.770000457763672,18.8700008392334,18.190000534057617,18.270000457763672,2081600,0.0,0.0
2022-07-25 00:00:00-04:00,18.489999771118164,19.15999984741211,18.209999084472656,19.15999984741211,2442300,0.0,0.0
2022-07-26 00:00:00-04:00,19.489999771118164,19.760000228881836,19.170000076293945,19.3799991607666,3123200,0.0,0.0
2022-07-27 00:00:00-04:00,19.350000381469727,19.65999984741211,18.969999313354492,19.520000457763672,2077600,0.0,0.0
2022-07-28 00:00:00-04:00,18.950000762939453,18.950000762939453,16.93000030517578,17.549999237060547,6168200,0.0,0.0
2022-07-29 00:00:00-04:00,17.6299991607666,17.84000015258789,17.040000915527344,17.270000457763672,5142600,0.0,0.0
2022-08-01 00:00:00-04:00,16.729999542236328,16.90999984741211,16.270000457763672,16.579999923706055,4504700,0.0,0.0
2022-08-02 00:00:00-04:00,16.510000228881836,16.600000381469727,16.040000915527344,16.34000015258789,3054400,0.0,0.0
2022-08-03 00:00:00-04:00,16.360000610351562,16.8700008392334,15.9399995803833,16.520000457763672,4327600,0.0,0.0
2022-08-04 00:00:00-04:00,16.440000534057617,16.610000610351562,15.729999542236328,15.739999771118164,3900300,0.0,0.0
2022-08-05 00:00:00-04:00,15.449999809265137,16.290000915527344,15.449999809265137,15.770000457763672,3435900,0.0,0.0
2022-08-08 00:00:00-04:00,15.619999885559082,15.970000267028809,15.550000190734863,15.75,2945000,0.0,0.0
2022-08-09 00:00:00-04:00,16.09000015258789,16.520000457763672,15.970000267028809,16.209999084472656,2885100,0.0,0.0
2022-08-10 00:00:00-04:00,16.15999984741211,16.270000457763672,15.710000038146973,16.209999084472656,2255700,0.0,0.0
2022-08-11 00:00:00-04:00,16.760000228881836,17.229999542236328,16.579999923706055,17.040000915527344,3993700,0.0,0.0
2022-08-12 00:00:00-04:00,16.950000762939453,17.190000534057617,16.65999984741211,17.190000534057617,2259400,0.0,0.0
2022-08-15 00:00:00-04:00,16.559999465942383,16.940000534057617,16.270000457763672,16.889999389648438,4239500,0.0,0.0
2022-08-16 00:00:00-04:00,17.459999084472656,17.530000686645508,16.770000457763672,17.059999465942383,3348000,0.0,0.0
2022-08-17 00:00:00-04:00,17.190000534057617,17.399999618530273,16.600000381469727,16.940000534057617,2847300,0.0,0.0
2022-08-18 00:00:00-04:00,17.100000381469727,17.649999618530273,17.100000381469727,17.56999969482422,3250400,0.0,0.0
2022-08-19 00:00:00-04:00,17.479999542236328,17.610000610351562,17.200000762939453,17.260000228881836,2102800,0.0,0.0
2022-08-22 00:00:00-04:00,17.360000610351562,18.030000686645508,17.290000915527344,17.989999771118164,3296300,0.0,0.0
2022-08-23 00:00:00-04:00,18.260000228881836,18.479999542236328,17.450000762939453,17.68000030517578,3948600,0.0,0.0
2022-08-24 00:00:00-04:00,17.59000015258789,18.25,17.5,18.18000030517578,2836000,0.0,0.0
2022-08-25 00:00:00-04:00,18.229999542236328,18.229999542236328,17.729999542236328,17.790000915527344,2891600,0.0,0.0
2022-08-26 00:00:00-04:00,17.809999465942383,18.170000076293945,17.610000610351562,17.610000610351562,3104400,0.0,0.0
2022-08-29 00:00:00-04:00,17.43000030517578,17.899999618530273,17.280000686645508,17.540000915527344,2337600,0.0,0.0
2022-08-30 00:00:00-04:00,17.170000076293945,17.200000762939453,16.649999618530273,16.950000762939453,2979900,0.0,0.0
2022-08-31 00:00:00-04:00,16.510000228881836,17.739999771118164,16.3799991607666,17.670000076293945,3364100,0.0,0.0
2022-09-01 00:00:00-04:00,17.559999465942383,17.850000381469727,17.229999542236328,17.280000686645508,2278400,0.0,0.0
2022-09-02 00:00:00-04:00,17.690000534057617,17.739999771118164,17.020000457763672,17.350000381469727,2243900,0.0,0.0
2022-09-06 00:00:00-04:00,17.31999969482422,17.770000457763672,16.860000610351562,16.889999389648438,2816100,0.0,0.0
2022-09-07 00:00:00-04:00,16.549999237060547,17.110000610351562,16.459999084472656,16.90999984741211,2195900,0.0,0.0
2022-09-08 00:00:00-04:00,16.940000534057617,17.049999237060547,16.579999923706055,16.780000686645508,1559000,0.0,0.0
2022-09-09 00:00:00-04:00,17.040000915527344,17.31999969482422,16.950000762939453,17.18000030517578,1746000,0.0,0.0
2022-09-12 00:00:00-04:00,17.389999389648438,17.5,17.0,17.360000610351562,2302200,0.0,0.0
2022-09-13 00:00:00-04:00,17.059999465942383,17.420000076293945,16.770000457763672,16.90999984741211,2003600,0.0,0.0
2022-09-14 00:00:00-04:00,17.290000915527344,18.18000030517578,17.239999771118164,18.06999969482422,3687200,0.0,0.0
2022-09-15 00:00:00-04:00,17.5,17.84000015258789,17.260000228881836,17.31999969482422,2879800,0.0,0.0
2022-09-16 00:00:00-04:00,17.290000915527344,17.34000015258789,16.43000030517578,16.719999313354492,5569000,0.0,0.0
2022-09-19 00:00:00-04:00,16.059999465942383,16.979999542236328,16.010000228881836,16.809999465942383,2414100,0.0,0.0
2022-09-20 00:00:00-04:00,16.559999465942383,16.719999313354492,16.139999389648438,16.520000457763672,2747900,0.0,0.0
2022-09-21 00:00:00-04:00,16.860000610351562,16.90999984741211,16.15999984741211,16.15999984741211,2047600,0.0,0.0
2022-09-22 00:00:00-04:00,16.280000686645508,16.540000915527344,15.819999694824219,15.850000381469727,2438600,0.0,0.0
2022-09-23 00:00:00-04:00,15.079999923706055,15.329999923706055,14.550000190734863,14.779999732971191,4418000,0.0,0.0
2022-09-26 00:00:00-04:00,14.640000343322754,15.239999771118164,14.640000343322754,14.800000190734863,3793500,0.0,0.0
2022-09-27 00:00:00-04:00,14.949999809265137,15.5600004196167,14.9399995803833,15.170000076293945,3733500,0.0,0.0
2022-09-28 00:00:00-04:00,15.210000038146973,15.979999542236328,15.1899995803833,15.869999885559082,3234900,0.0,0.0
2022-09-29 00:00:00-04:00,15.640000343322754,15.8100004196167,15.109999656677246,15.539999961853027,3169300,0.0,0.0
2022-09-30 00:00:00-04:00,15.34000015258789,15.859999656677246,15.270000457763672,15.529999732971191,3389200,0.0,0.0
2022-10-03 00:00:00-04:00,15.670000076293945,16.40999984741211,15.670000076293945,16.190000534057617,4564600,0.0,0.0
2022-10-04 00:00:00-04:00,16.56999969482422,17.200000762939453,16.3700008392334,17.190000534057617,3327600,0.0,0.0
2022-10-05 00:00:00-04:00,17.139999389648438,17.6299991607666,16.739999771118164,17.450000762939453,2154500,0.0,0.0
2022-10-06 00:00:00-04:00,17.309999465942383,17.920000076293945,17.200000762939453,17.360000610351562,3226300,0.0,0.0
2022-10-07 00:00:00-04:00,17.31999969482422,17.600000381469727,16.969999313354492,17.059999465942383,2739700,0.0,0.0
2022-10-10 00:00:00-04:00,17.280000686645508,17.6200008392334,17.010000228881836,17.079999923706055,2067900,0.0,0.0
2022-10-11 00:00:00-04:00,16.809999465942383,17.690000534057617,16.729999542236328,17.43000030517578,3297300,0.0,0.0
2022-10-12 00:00:00-04:00,17.540000915527344,17.959999084472656,17.31999969482422,17.709999084472656,2095200,0.0,0.0
2022-10-13 00:00:00-04:00,17.520000457763672,18.270000457763672,17.3799991607666,18.139999389648438,2113600,0.0,0.0
2022-10-14 00:00:00-04:00,17.8700008392334,18.100000381469727,17.239999771118164,17.34000015258789,3749700,0.0,0.0
2022-10-17 00:00:00-04:00,17.270000457763672,17.719999313354492,17.139999389648438,17.600000381469727,2746100,0.0,0.0
2022-10-18 00:00:00-04:00,17.809999465942383,18.299999237060547,17.799999237060547,17.93000030517578,2748500,0.0,0.0
2022-10-19 00:00:00-04:00,17.75,18.190000534057617,17.639999389648438,18.100000381469727,1835000,0.0,0.0
2022-10-20 00:00:00-04:00,18.260000228881836,18.399999618530273,17.68000030517578,17.809999465942383,2235100,0.0,0.0
2022-10-21 00:00:00-04:00,17.829999923706055,17.899999618530273,17.31999969482422,17.68000030517578,4253600,0.0,0.0
2022-10-24 00:00:00-04:00,17.719999313354492,17.940000534057617,17.43000030517578,17.68000030517578,4517400,0.0,0.0
2022-10-25 00:00:00-04:00,17.6200008392334,18.360000610351562,17.440000534057617,18.260000228881836,2607900,0.0,0.0
2022-10-26 00:00:00-04:00,18.079999923706055,18.68000030517578,17.920000076293945,18.190000534057617,3304000,0.0,0.0
2022-10-27 00:00:00-04:00,17.950000762939453,17.950000762939453,16.399999618530273,16.450000762939453,10014600,0.0,0.0
2022-10-28 00:00:00-04:00,16.280000686645508,16.700000762939453,15.920000076293945,16.34000015258789,6677200,0.0,0.0
2022-10-31 00:00:00-04:00,16.6299991607666,16.93000030517578,16.420000076293945,16.809999465942383,3241200,0.0,0.0
2022-11-01 00:00:00-04:00,17.09000015258789,17.100000381469727,16.739999771118164,17.030000686645508,3080900,0.0,0.0
2022-11-02 00:00:00-04:00,17.360000610351562,17.84000015258789,16.93000030517578,17.139999389648438,3856800,0.0,0.0
2022-11-03 00:00:00-04:00,17.020000457763672,17.520000457763672,16.709999084472656,17.3799991607666,5229400,0.0,0.0
2022-11-04 00:00:00-04:00,17.770000457763672,17.899999618530273,17.18000030517578,17.68000030517578,3157800,0.0,0.0
2022-11-07 00:00:00-05:00,18.15999984741211,18.450000762939453,17.889999389648438,18.15999984741211,3778300,0.0,0.0
2022-11-08 00:00:00-05:00,17.84000015258789,18.09000015258789,17.600000381469727,18.030000686645508,3047500,0.0,0.0
2022-11-09 00:00:00-05:00,17.579999923706055,17.93000030517578,17.25,17.479999542236328,3836600,0.0,0.0
2022-11-10 00:00:00-05:00,17.940000534057617,17.979999542236328,17.549999237060547,17.84000015258789,2282200,0.0,0.0
2022-11-11 00:00:00-05:00,18.299999237060547,18.540000915527344,18.010000228881836,18.479999542236328,4482800,0.0,0.0
2022-11-14 00:00:00-05:00,18.479999542236328,18.809999465942383,18.079999923706055,18.1299991607666,2201500,0.0,0.0
2022-11-15 00:00:00-05:00,18.030000686645508,18.610000610351562,17.940000534057617,18.5,2052200,0.0,0.0
2022-11-16 00:00:00-05:00,18.209999084472656,18.469999313354492,17.780000686645508,18.100000381469727,2174100,0.0,0.0
2022-11-17 00:00:00-05:00,17.889999389648438,18.350000381469727,17.729999542236328,18.34000015258789,1952300,0.0,0.0
2022-11-18 00:00:00-05:00,17.989999771118164,18.139999389648438,17.719999313354492,17.979999542236328,1667600,0.0,0.0
2022-11-21 00:00:00-05:00,17.68000030517578,17.719999313354492,17.229999542236328,17.610000610351562,2883500,0.0,0.0
2022-11-22 00:00:00-05:00,17.850000381469727,18.350000381469727,17.719999313354492,18.260000228881836,2238500,0.0,0.0
2022-11-23 00:00:00-05:00,18.510000228881836,18.709999084472656,17.989999771118164,18.110000610351562,1702100,0.0,0.0
2022-11-25 00:00:00-05:00,18.0,18.479999542236328,17.979999542236328,18.170000076293945,956800,0.0,0.0
2022-11-28 00:00:00-05:00,17.649999618530273,17.809999465942383,17.0,17.010000228881836,3106700,0.0,0.0
2022-11-29 00:00:00-05:00,17.1200008392334,17.34000015258789,16.889999389648438,17.049999237060547,2490200,0.0,0.0
2022-11-30 00:00:00-05:00,17.059999465942383,17.3700008392334,16.770000457763672,17.3700008392334,3687900,0.0,0.0
2022-12-01 00:00:00-05:00,17.75,17.899999618530273,17.149999618530273,17.270000457763672,3049500,0.0,0.0
2022-12-02 00:00:00-05:00,17.110000610351562,17.239999771118164,16.81999969482422,17.100000381469727,2607700,0.0,0.0
2022-12-05 00:00:00-05:00,17.18000030517578,17.309999465942383,16.25,16.34000015258789,2969200,0.0,0.0
2022-12-06 00:00:00-05:00,16.15999984741211,16.43000030517578,15.970000267028809,16.200000762939453,2584800,0.0,0.0
2022-12-07 00:00:00-05:00,16.290000915527344,16.479999542236328,16.110000610351562,16.200000762939453,2162600,0.0,0.0
2022-12-08 00:00:00-05:00,16.5,16.6200008392334,15.819999694824219,15.920000076293945,2415400,0.0,0.0
2022-12-09 00:00:00-05:00,16.020000457763672,16.239999771118164,15.819999694824219,15.829999923706055,2464600,0.0,0.0
2022-12-12 00:00:00-05:00,16.290000915527344,16.469999313354492,16.040000915527344,16.190000534057617,2540000,0.0,0.0
2022-12-13 00:00:00-05:00,16.68000030517578,16.809999465942383,16.31999969482422,16.469999313354492,2778300,0.0,0.0
2022-12-14 00:00:00-05:00,16.3799991607666,16.690000534057617,16.299999237060547,16.3700008392334,2983600,0.0,0.0
2022-12-15 00:00:00-05:00,16.239999771118164,16.790000915527344,16.1200008392334,16.649999618530273,4214800,0.0,0.0
2022-12-16 00:00:00-05:00,16.110000610351562,16.40999984741211,15.899999618530273,16.3700008392334,7125100,0.0,0.0
2022-12-19 00:00:00-05:00,16.260000228881836,16.420000076293945,16.06999969482422,16.139999389648438,2328900,0.0,0.0
2022-12-20 00:00:00-05:00,15.960000038146973,16.440000534057617,15.949999809265137,16.350000381469727,2776600,0.0,0.0
2022-12-21 00:00:00-05:00,16.760000228881836,16.989999771118164,16.549999237060547,16.959999084472656,2574100,0.0,0.0
2022-12-22 00:00:00-05:00,16.84000015258789,17.010000228881836,16.1200008392334,16.59000015258789,2807600,0.0,0.0
2022-12-23 00:00:00-05:00,16.690000534057617,17.1200008392334,16.600000381469727,17.079999923706055,1810600,0.0,0.0
2022-12-27 00:00:00-05:00,17.25,17.450000762939453,17.079999923706055,17.389999389648438,1780500,0.0,0.0
2022-12-28 00:00:00-05:00,17.190000534057617,17.190000534057617,16.5,16.540000915527344,2008500,0.0,0.0
2022-12-29 00:00:00-05:00,16.3700008392334,16.950000762939453,16.3700008392334,16.850000381469727,1303500,0.0,0.0
2022-12-30 00:00:00-05:00,16.690000534057617,16.920000076293945,16.670000076293945,16.84000015258789,1519900,0.0,0.0
2023-01-03 00:00:00-05:00,16.43000030517578,16.649999618530273,15.899999618530273,16.030000686645508,3897500,0.0,0.0
2023-01-04 00:00:00-05:00,15.819999694824219,16.65999984741211,15.770000457763672,16.360000610351562,1920900,0.0,0.0
2023-01-05 00:00:00-05:00,16.100000381469727,16.360000610351562,15.739999771118164,15.760000228881836,3320000,0.0,0.0
2023-01-06 00:00:00-05:00,15.770000457763672,16.190000534057617,15.5600004196167,16.170000076293945,2784700,0.0,0.0
2023-01-09 00:00:00-05:00,16.600000381469727,16.600000381469727,16.18000030517578,16.209999084472656,2225000,0.0,0.0
2023-01-10 00:00:00-05:00,15.960000038146973,16.399999618530273,15.789999961853027,16.229999542236328,3244000,0.0,0.0
2023-01-11 00:00:00-05:00,16.489999771118164,16.530000686645508,15.9399995803833,16.260000228881836,2752400,0.0,0.0
2023-01-12 00:00:00-05:00,16.530000686645508,16.770000457763672,16.360000610351562,16.68000030517578,2178700,0.0,0.0
2023-01-13 00:00:00-05:00,16.489999771118164,16.899999618530273,16.440000534057617,16.709999084472656,2776600,0.0,0.0
2023-01-17 00:00:00-05:00,16.90999984741211,16.959999084472656,16.420000076293945,16.65999984741211,2930700,0.0,0.0
2023-01-18 00:00:00-05:00,16.56999969482422,16.860000610351562,16.049999237060547,16.059999465942383,2589600,0.0,0.0
2023-01-19 00:00:00-05:00,16.049999237060547,16.270000457763672,15.84000015258789,16.170000076293945,2067600,0.0,0.0
2023-01-20 00:00:00-05:00,16.34000015258789,16.559999465942383,16.020000457763672,16.540000915527344,2254900,0.0,0.0
2023-01-23 00:00:00-05:00,16.760000228881836,16.780000686645508,16.440000534057617,16.559999465942383,2157800,0.0,0.0
2023-01-24 00:00:00-05:00,16.360000610351562,16.43000030517578,15.979999542236328,15.989999771118164,3183600,0.0,0.0
2023-01-25 00:00:00-05:00,15.699999809265137,15.90999984741211,15.510000228881836,15.760000228881836,3413700,0.0,0.0
2023-01-26 00:00:00-05:00,15.75,16.239999771118164,15.119999885559082,16.219999313354492,7077300,0.0,0.0
2023-01-27 00:00:00-05:00,16.219999313354492,16.700000762939453,16.110000610351562,16.530000686645508,6954900,0.0,0.0
2023-01-30 00:00:00-05:00,16.270000457763672,16.719999313354492,16.25,16.530000686645508,5763300,0.0,0.0
2023-01-31 00:00:00-05:00,16.559999465942383,16.739999771118164,16.399999618530273,16.729999542236328,3303900,0.0,0.0
2023-02-01 00:00:00-05:00,16.520000457763672,16.6200008392334,15.850000381469727,16.25,3394500,0.0,0.0
2023-02-02 00:00:00-05:00,16.25,17.010000228881836,16.100000381469727,16.3700008392334,3379100,0.0,0.0
2023-02-03 00:00:00-05:00,16.399999618530273,16.56999969482422,16.15999984741211,16.280000686645508,2455900,0.0,0.0
2023-02-06 00:00:00-05:00,16.219999313354492,16.399999618530273,15.640000343322754,15.6899995803833,3225400,0.0,0.0
2023-02-07 00:00:00-05:00,15.699999809265137,16.18000030517578,15.600000381469727,16.18000030517578,2474900,0.0,0.0
2023-02-08 00:00:00-05:00,16.0,16.149999618530273,15.670000076293945,15.90999984741211,2627600,0.0,0.0
2023-02-09 00:00:00-05:00,15.920000076293945,16.399999618530273,15.84000015258789,16.1299991607666,2835700,0.0,0.0
2023-02-10 00:00:00-05:00,16.270000457763672,16.5,16.059999465942383,16.3700008392334,2149600,0.0,0.0
2023-02-13 00:00:00-05:00,16.170000076293945,16.3799991607666,15.960000038146973,16.170000076293945,2138300,0.0,0.0
2023-02-14 00:00:00-05:00,16.149999618530273,16.360000610351562,15.979999542236328,16.139999389648438,1441600,0.0,0.0
2023-02-15 00:00:00-05:00,15.899999618530273,16.110000610351562,15.779999732971191,16.049999237060547,3065900,0.0,0.0
2023-02-16 00:00:00-05:00,15.90999984741211,16.84000015258789,15.890000343322754,16.450000762939453,6031300,0.0,0.0
2023-02-17 00:00:00-05:00,16.329999923706055,16.34000015258789,15.449999809265137,15.710000038146973,5350100,0.0,0.0
2023-02-21 00:00:00-05:00,15.529999732971191,15.630000114440918,14.770000457763672,14.779999732971191,4721600,0.0,0.0
2023-02-22 00:00:00-05:00,14.800000190734863,15.3100004196167,14.710000038146973,15.020000457763672,4599000,0.0,0.0
2023-02-23 00:00:00-05:00,15.359999656677246,15.75,15.0600004196167,15.199999809265137,3423000,0.0,0.0
2023-02-24 00:00:00-05:00,15.229999542236328,15.770000457763672,15.149999618530273,15.6899995803833,3173800,0.0,0.0
2023-02-27 00:00:00-05:00,15.819999694824219,15.920000076293945,15.369999885559082,15.40999984741211,2583700,0.0,0.0
2023-02-28 00:00:00-05:00,15.5600004196167,15.770000457763672,15.319999694824219,15.350000381469727,3113300,0.0,0.0
2023-03-01 00:00:00-05:00,15.180000305175781,15.5600004196167,15.119999885559082,15.220000267028809,3975900,0.0,0.0
2023-03-02 00:00:00-05:00,15.329999923706055,15.989999771118164,15.1899995803833,15.979999542236328,2753500,0.0,0.0
2023-03-03 00:00:00-05:00,15.84000015258789,16.520000457763672,15.789999961853027,16.31999969482422,3450200,0.0,0.0
2023-03-06 00:00:00-05:00,15.859999656677246,16.149999618530273,15.850000381469727,16.06999969482422,2961900,0.0,0.0
2023-03-07 00:00:00-05:00,16.06999969482422,16.1299991607666,15.800000190734863,15.920000076293945,1983000,0.0,0.0
2023-03-08 00:00:00-05:00,15.890000343322754,16.15999984741211,15.609999656677246,15.869999885559082,2396400,0.0,0.0
2023-03-09 00:00:00-05:00,16.010000228881836,16.139999389648438,15.260000228881836,15.3100004196167,3386700,0.0,0.0
2023-03-10 00:00:00-05:00,15.149999618530273,15.5600004196167,15.0,15.140000343322754,3013200,0.0,0.0
2023-03-13 00:00:00-04:00,14.850000381469727,15.649999618530273,14.800000190734863,15.1899995803833,4593100,0.0,0.0
2023-03-14 00:00:00-04:00,15.25,15.649999618530273,15.119999885559082,15.359999656677246,3021900,0.0,0.0
2023-03-15 00:00:00-04:00,14.8100004196167,15.130000114440918,14.470000267028809,14.819999694824219,5108100,0.0,0.0
2023-03-16 00:00:00-04:00,14.5600004196167,15.0600004196167,14.520000457763672,15.039999961853027,3657700,0.0,0.0
2023-03-17 00:00:00-04:00,14.979999542236328,15.0600004196167,14.640000343322754,14.920000076293945,10047400,0.0,0.0
2023-03-20 00:00:00-04:00,15.15999984741211,15.720000267028809,15.079999923706055,15.529999732971191,4126300,0.0,0.0
2023-03-21 00:00:00-04:00,15.760000228881836,15.9399995803833,15.5600004196167,15.829999923706055,2675500,0.0,0.0
2023-03-22 00:00:00-04:00,15.760000228881836,15.850000381469727,15.210000038146973,15.220000267028809,4147200,0.0,0.0
2023-03-23 00:00:00-04:00,15.3100004196167,15.649999618530273,15.050000190734863,15.239999771118164,2275400,0.0,0.0
2023-03-24 00:00:00-04:00,15.0,15.859999656677246,14.949999809265137,15.739999771118164,2324300,0.0,0.0
2023-03-27 00:00:00-04:00,15.75,15.930000305175781,15.470000267028809,15.869999885559082,2334800,0.0,0.0
2023-03-28 00:00:00-04:00,15.770000457763672,16.059999465942383,15.680000305175781,15.8100004196167,2161500,0.0,0.0
2023-03-29 00:00:00-04:00,16.010000228881836,16.010000228881836,15.720000267028809,15.850000381469727,2022500,0.0,0.0
2023-03-30 00:00:00-04:00,16.0,16.0,15.609999656677246,15.649999618530273,1875600,0.0,0.0
2023-03-31 00:00:00-04:00,15.800000190734863,16.040000915527344,15.699999809265137,16.020000457763672,2906700,0.0,0.0
2023-04-03 00:00:00-04:00,16.260000228881836,16.510000228881836,15.979999542236328,16.229999542236328,2708200,0.0,0.0
2023-04-04 00:00:00-04:00,16.290000915527344,16.459999084472656,16.020000457763672,16.209999084472656,2252300,0.0,0.0
2023-04-05 00:00:00-04:00,16.290000915527344,16.40999984741211,16.1299991607666,16.34000015258789,1993200,0.0,0.0
2023-04-06 00:00:00-04:00,16.299999237060547,16.40999984741211,15.960000038146973,15.960000038146973,1903000,0.0,0.0
2023-04-10 00:00:00-04:00,16.200000762939453,16.540000915527344,16.200000762939453,16.479999542236328,2251300,0.0,0.0
2023-04-11 00:00:00-04:00,16.59000015258789,16.729999542236328,16.280000686645508,16.670000076293945,2713100,0.0,0.0
2023-04-12 00:00:00-04:00,16.75,16.770000457763672,16.3799991607666,16.600000381469727,2328900,0.0,0.0
2023-04-13 00:00:00-04:00,16.59000015258789,16.760000228881836,16.489999771118164,16.75,2777900,0.0,0.0
2023-04-14 00:00:00-04:00,16.739999771118164,16.799999237060547,16.40999984741211,16.56999969482422,2338200,0.0,0.0
2023-04-17 00:00:00-04:00,16.760000228881836,16.8700008392334,16.15999984741211,16.290000915527344,3259700,0.0,0.0
2023-04-18 00:00:00-04:00,16.209999084472656,16.290000915527344,15.890000343322754,16.1200008392334,2852500,0.0,0.0
2023-04-19 00:00:00-04:00,15.8100004196167,16.010000228881836,15.710000038146973,16.0,2051800,0.0,0.0
2023-04-20 00:00:00-04:00,15.880000114440918,15.920000076293945,15.390000343322754,15.5,2938300,0.0,0.0
2023-04-21 00:00:00-04:00,15.569999694824219,15.729999542236328,15.420000076293945,15.59000015258789,2371900,0.0,0.0
2023-04-24 00:00:00-04:00,15.550000190734863,15.760000228881836,15.449999809265137,15.680000305175781,2375600,0.0,0.0
2023-04-25 00:00:00-04:00,15.510000228881836,15.5600004196167,15.1899995803833,15.350000381469727,2969000,0.0,0.0
2023-04-26 00:00:00-04:00,15.140000343322754,15.369999885559082,14.979999542236328,15.079999923706055,2909100,0.0,0.0
2023-04-27 00:00:00-04:00,15.300000190734863,15.5600004196167,14.359999656677246,15.479999542236328,6264800,0.0,0.0
2023-04-28 00:00:00-04:00,15.569999694824219,16.09000015258789,15.489999771118164,15.529999732971191,4448400,0.0,0.0
2023-05-01 00:00:00-04:00,15.34000015258789,15.59000015258789,15.1899995803833,15.390000343322754,2929800,0.0,0.0
2023-05-02 00:00:00-04:00,15.15999984741211,15.319999694824219,14.699999809265137,14.829999923706055,4808100,0.0,0.0
2023-05-03 00:00:00-04:00,14.609999656677246,14.90999984741211,14.489999771118164,14.5600004196167,2919200,0.0,0.0
2023-05-04 00:00:00-04:00,14.510000228881836,14.829999923706055,14.420000076293945,14.630000114440918,2485000,0.0,0.0
2023-05-05 00:00:00-04:00,15.0,15.4399995803833,14.970000267028809,15.210000038146973,3112300,0.0,0.0
2023-05-08 00:00:00-04:00,15.510000228881836,15.609999656677246,15.25,15.3100004196167,1748800,0.0,0.0
2023-05-09 00:00:00-04:00,15.260000228881836,15.779999732971191,15.199999809265137,15.5600004196167,2845300,0.0,0.0
2023-05-10 00:00:00-04:00,15.680000305175781,15.680000305175781,15.25,15.510000228881836,2087700,0.0,0.0
2023-05-11 00:00:00-04:00,15.430000305175781,15.579999923706055,15.300000190734863,15.40999984741211,1661400,0.0,0.0
2023-05-12 00:00:00-04:00,15.5600004196167,15.670000076293945,15.350000381469727,15.520000457763672,2673300,0.0,0.0
2023-05-15 00:00:00-04:00,15.75,16.1200008392334,15.6899995803833,15.989999771118164,3027200,0.0,0.0
2023-05-16 00:00:00-04:00,15.9399995803833,16.190000534057617,15.479999542236328,15.510000228881836,2420000,0.0,0.0
2023-05-17 00:00:00-04:00,15.65999984741211,15.65999984741211,15.270000457763672,15.5,2125800,0.0,0.0
2023-05-18 00:00:00-04:00,15.350000381469727,16.059999465942383,15.34000015258789,16.020000457763672,4559200,0.0,0.0
2023-05-19 00:00:00-04:00,16.270000457763672,16.299999237060547,15.760000228881836,15.920000076293945,2936500,0.0,0.0
2023-05-22 00:00:00-04:00,15.75,16.239999771118164,15.579999923706055,16.079999923706055,3002600,0.0,0.0
2023-05-23 00:00:00-04:00,16.09000015258789,16.329999923706055,16.020000457763672,16.149999618530273,2266200,0.0,0.0
2023-05-24 00:00:00-04:00,16.270000457763672,16.360000610351562,16.059999465942383,16.190000534057617,2607700,0.0,0.0
2023-05-25 00:00:00-04:00,15.9399995803833,16.110000610351562,15.710000038146973,15.859999656677246,2911500,0.0,0.0
2023-05-26 00:00:00-04:00,15.84000015258789,15.84000015258789,15.359999656677246,15.470000267028809,3371700,0.0,0.0
2023-05-30 00:00:00-04:00,15.239999771118164,15.369999885559082,15.079999923706055,15.270000457763672,3887400,0.0,0.0
2023-05-31 00:00:00-04:00,15.1899995803833,15.539999961853027,15.170000076293945,15.449999809265137,3240400,0.0,0.0
2023-06-01 00:00:00-04:00,15.84000015258789,15.920000076293945,15.5,15.6899995803833,2762900,0.0,0.0
2023-06-02 00:00:00-04:00,15.869999885559082,16.25,15.779999732971191,16.139999389648438,2500600,0.0,0.0
2023-06-05 00:00:00-04:00,16.3700008392334,16.399999618530273,15.720000267028809,15.850000381469727,3305100,0.0,0.0
2023-06-06 00:00:00-04:00,15.720000267028809,16.25,15.720000267028809,16.190000534057617,1982500,0.0,0.0
2023-06-07 00:00:00-04:00,16.350000381469727,16.8799991607666,16.299999237060547,16.75,3090400,0.0,0.0
2023-06-08 00:00:00-04:00,16.75,16.950000762939453,16.549999237060547,16.940000534057617,3170200,0.0,0.0
2023-06-09 00:00:00-04:00,16.899999618530273,17.09000015258789,16.75,16.860000610351562,2415900,0.0,0.0
2023-06-12 00:00:00-04:00,16.6299991607666,16.799999237060547,16.5,16.739999771118164,3732700,0.0,0.0
2023-06-13 00:00:00-04:00,16.93000030517578,17.329999923706055,16.90999984741211,17.270000457763672,4099300,0.0,0.0
2023-06-14 00:00:00-04:00,17.420000076293945,17.469999313354492,16.780000686645508,16.979999542236328,2097700,0.0,0.0
2023-06-15 00:00:00-04:00,17.06999969482422,17.440000534057617,17.059999465942383,17.25,2781400,0.0,0.0
2023-06-16 00:00:00-04:00,17.469999313354492,17.469999313354492,17.09000015258789,17.350000381469727,5630900,0.0,0.0
2023-06-20 00:00:00-04:00,17.40999984741211,17.5,17.1200008392334,17.15999984741211,3032700,0.0,0.0
2023-06-21 00:00:00-04:00,17.209999084472656,17.25,16.989999771118164,17.09000015258789,2606800,0.0,0.0
2023-06-22 00:00:00-04:00,16.889999389648438,17.06999969482422,16.790000915527344,16.959999084472656,2269400,0.0,0.0
2023-06-23 00:00:00-04:00,16.700000762939453,16.93000030517578,16.6200008392334,16.700000762939453,3461600,0.0,0.0
2023-06-26 00:00:00-04:00,16.799999237060547,17.200000762939453,16.729999542236328,17.010000228881836,1551900,0.0,0.0
2023-06-27 00:00:00-04:00,16.90999984741211,17.31999969482422,16.790000915527344,17.25,1808800,0.0,0.0
2023-06-28 00:00:00-04:00,17.270000457763672,17.40999984741211,17.100000381469727,17.329999923706055,2087600,0.0,0.0
2023-06-29 00:00:00-04:00,17.450000762939453,17.8799991607666,17.3799991607666,17.809999465942383,2046200,0.0,0.0
2023-06-30 00:00:00-04:00,17.90999984741211,18.020000457763672,17.670000076293945,17.719999313354492,1604000,0.0,0.0
2023-07-03 00:00:00-04:00,17.690000534057617,18.0,17.6299991607666,17.809999465942383,746400,0.0,0.0
2023-07-05 00:00:00-04:00,17.829999923706055,17.8700008392334,17.690000534057617,17.770000457763672,1656100,0.0,0.0
2023-07-06 00:00:00-04:00,17.6299991607666,17.81999969482422,17.270000457763672,17.520000457763672,1857100,0.0,0.0
2023-07-07 00:00:00-04:00,17.489999771118164,17.950000762939453,17.489999771118164,17.639999389648438,1865600,0.0,0.0
2023-07-10 00:00:00-04:00,17.639999389648438,17.899999618530273,17.610000610351562,17.8799991607666,1326200,0.0,0.0
2023-07-11 00:00:00-04:00,17.860000610351562,18.079999923706055,17.68000030517578,18.0,2203700,0.0,0.0
2023-07-12 00:00:00-04:00,18.1299991607666,18.139999389648438,17.950000762939453,17.979999542236328,1741900,0.0,0.0
2023-07-13 00:00:00-04:00,17.950000762939453,18.31999969482422,17.889999389648438,17.889999389648438,3432300,0.0,0.0
2023-07-14 00:00:00-04:00,17.93000030517578,17.93000030517578,17.549999237060547,17.549999237060547,2342300,0.0,0.0
2023-07-17 00:00:00-04:00,17.479999542236328,17.950000762939453,17.450000762939453,17.829999923706055,2005300,0.0,0.0
2023-07-18 00:00:00-04:00,17.860000610351562,18.469999313354492,17.829999923706055,18.139999389648438,2653700,0.0,0.0
2023-07-19 00:00:00-04:00,18.200000762939453,18.520000457763672,18.149999618530273,18.329999923706055,2924800,0.0,0.0
2023-07-20 00:00:00-04:00,18.520000457763672,18.540000915527344,18.309999465942383,18.389999389648438,1853200,0.0,0.0
2023-07-21 00:00:00-04:00,18.479999542236328,18.600000381469727,18.360000610351562,18.459999084472656,1937100,0.0,0.0
2023-07-24 00:00:00-04:00,18.479999542236328,18.799999237060547,18.389999389648438,18.43000030517578,3165900,0.0,0.0
2023-07-25 00:00:00-04:00,18.399999618530273,18.670000076293945,18.270000457763672,18.329999923706055,3790700,0.0,0.0
2023-07-26 00:00:00-04:00,18.170000076293945,18.860000610351562,18.170000076293945,18.530000686645508,2457500,0.0,0.0
2023-07-27 00:00:00-04:00,19.290000915527344,19.75,18.420000076293945,18.770000457763672,4214100,0.0,0.0
2023-07-28 00:00:00-04:00,19.049999237060547,20.290000915527344,18.950000762939453,19.93000030517578,8345300,0.0,0.0
2023-07-31 00:00:00-04:00,20.010000228881836,20.399999618530273,19.8700008392334,20.399999618530273,8489600,0.0,0.0
2023-08-01 00:00:00-04:00,20.1299991607666,20.489999771118164,19.829999923706055,20.489999771118164,4591400,0.0,0.0
2023-08-02 00:00:00-04:00,20.399999618530273,20.510000228881836,19.809999465942383,20.09000015258789,3649900,0.0,0.0
2023-08-03 00:00:00-04:00,20.329999923706055,21.1200008392334,20.229999542236328,20.93000030517578,2971600,0.0,0.0
2023-08-04 00:00:00-04:00,20.969999313354492,21.34000015258789,20.81999969482422,21.09000015258789,4881700,0.0,0.0
2023-08-07 00:00:00-04:00,21.209999084472656,21.459999084472656,21.030000686645508,21.100000381469727,3140700,0.0,0.0
2023-08-08 00:00:00-04:00,20.81999969482422,21.440000534057617,20.75,21.399999618530273,2804800,0.0,0.0
2023-08-09 00:00:00-04:00,21.780000686645508,21.959999084472656,21.309999465942383,21.520000457763672,3838100,0.0,0.0
2023-08-10 00:00:00-04:00,21.399999618530273,21.579999923706055,21.059999465942383,21.239999771118164,3508300,0.0,0.0
2023-08-11 00:00:00-04:00,21.149999618530273,21.690000534057617,21.139999389648438,21.579999923706055,2432300,0.0,0.0
2023-08-14 00:00:00-04:00,21.579999923706055,21.700000762939453,21.399999618530273,21.639999389648438,2043100,0.0,0.0
2023-08-15 00:00:00-04:00,21.399999618530273,21.8799991607666,21.350000381469727,21.75,3091100,0.0,0.0
2023-08-16 00:00:00-04:00,21.799999237060547,22.100000381469727,21.799999237060547,21.8799991607666,2996800,0.0,0.0
2023-08-17 00:00:00-04:00,22.139999389648438,22.5,22.059999465942383,22.260000228881836,2737300,0.0,0.0
2023-08-18 00:00:00-04:00,22.030000686645508,22.600000381469727,22.030000686645508,22.440000534057617,2964600,0.0,0.0
2023-08-21 00:00:00-04:00,22.65999984741211,22.700000762939453,22.040000915527344,22.270000457763672,2693500,0.0,0.0
2023-08-22 00:00:00-04:00,22.200000762939453,22.290000915527344,21.950000762939453,21.979999542236328,2471100,0.0,0.0
2023-08-23 00:00:00-04:00,21.780000686645508,21.889999389648438,21.6299991607666,21.739999771118164,2112400,0.0,0.0
2023-08-24 00:00:00-04:00,21.649999618530273,22.010000228881836,21.530000686645508,21.540000915527344,3623100,0.0,0.0
2023-08-25 00:00:00-04:00,21.729999542236328,21.81999969482422,21.389999389648438,21.760000228881836,4097500,0.0,0.0
2023-08-28 00:00:00-04:00,22.0,22.100000381469727,21.670000076293945,21.760000228881836,1931700,0.0,0.0
2023-08-29 00:00:00-04:00,21.760000228881836,21.899999618530273,21.440000534057617,21.899999618530273,2264500,0.0,0.0
2023-08-30 00:00:00-04:00,21.920000076293945,22.31999969482422,21.850000381469727,22.209999084472656,1926300,0.0,0.0
2023-08-31 00:00:00-04:00,22.170000076293945,22.469999313354492,21.969999313354492,22.350000381469727,2393000,0.0,0.0
2023-09-01 00:00:00-04:00,22.510000228881836,22.84000015258789,22.34000015258789,22.670000076293945,1820800,0.0,0.0
2023-09-05 00:00:00-04:00,22.65999984741211,22.739999771118164,22.06999969482422,22.219999313354492,3212700,0.0,0.0
2023-09-06 00:00:00-04:00,22.18000030517578,22.440000534057617,22.06999969482422,22.200000762939453,2600000,0.0,0.0
2023-09-07 00:00:00-04:00,22.31999969482422,22.540000915527344,22.190000534057617,22.34000015258789,2821400,0.0,0.0
2023-09-08 00:00:00-04:00,22.420000076293945,22.65999984741211,22.360000610351562,22.450000762939453,868800,0.0,0.0
2023-09-11 00:00:00-04:00,22.549999237060547,22.649999618530273,22.149999618530273,22.280000686645508,2109600,0.0,0.0
2023-09-12 00:00:00-04:00,22.530000686645508,22.969999313354492,22.399999618530273,22.790000915527344,2453900,0.0,0.0
2023-09-13 00:00:00-04:00,22.799999237060547,22.809999465942383,22.420000076293945,22.530000686645508,1928700,0.0,0.0
2023-09-14 00:00:00-04:00,22.729999542236328,22.84000015258789,21.889999389648438,22.15999984741211,3410500,0.0,0.0
2023-09-15 00:00:00-04:00,22.010000228881836,22.149999618530273,21.56999969482422,21.709999084472656,5398200,0.0,0.0
2023-09-18 00:00:00-04:00,22.0,22.0,21.65999984741211,21.809999465942383,1622800,0.0,0.0
2023-09-19 00:00:00-04:00,22.0,22.139999389648438,21.780000686645508,21.8700008392334,1633800,0.0,0.0
2023-09-20 00:00:00-04:00,22.1299991607666,22.280000686645508,21.770000457763672,21.799999237060547,2386700,0.0,0.0
2023-09-21 00:00:00-04:00,21.81999969482422,21.829999923706055,21.299999237060547,21.299999237060547,1959300,0.0,0.0
2023-09-22 00:00:00-04:00,21.43000030517578,21.770000457763672,21.34000015258789,21.350000381469727,2179600,0.0,0.0
2023-09-25 00:00:00-04:00,21.299999237060547,22.049999237060547,21.280000686645508,21.969999313354492,1884400,0.0,0.0
2023-09-26 00:00:00-04:00,21.709999084472656,22.15999984741211,21.549999237060547,21.920000076293945,1958500,0.0,0.0
2023-09-27 00:00:00-04:00,22.229999542236328,22.719999313354492,22.200000762939453,22.5,1995900,0.0,0.0
2023-09-28 00:00:00-04:00,22.469999313354492,23.030000686645508,22.459999084472656,22.81999969482422,2566100,0.0,0.0
2023-09-29 00:00:00-04:00,22.729999542236328,22.8700008392334,22.510000228881836,22.579999923706055,2232500,0.0,0.0
2023-10-02 00:00:00-04:00,22.649999618530273,22.770000457763672,21.799999237060547,22.010000228881836,2299000,0.0,0.0
2023-10-03 00:00:00-04:00,21.940000534057617,22.190000534057617,21.670000076293945,21.899999618530273,2037600,0.0,0.0
2023-10-04 00:00:00-04:00,21.559999465942383,21.719999313354492,21.0,21.200000762939453,2355300,0.0,0.0
2023-10-05 00:00:00-04:00,21.100000381469727,21.84000015258789,21.100000381469727,21.760000228881836,2999900,0.0,0.0
2023-10-06 00:00:00-04:00,21.889999389648438,22.440000534057617,21.829999923706055,22.18000030517578,2573100,0.0,0.0
2023-10-09 00:00:00-04:00,22.559999465942383,22.860000610351562,22.3799991607666,22.700000762939453,2591800,0.0,0.0
2023-10-10 00:00:00-04:00,22.670000076293945,22.899999618530273,22.520000457763672,22.6200008392334,2256000,0.0,0.0
2023-10-11 00:00:00-04:00,22.309999465942383,22.799999237060547,22.239999771118164,22.709999084472656,2483800,0.0,0.0
2023-10-12 00:00:00-04:00,22.81999969482422,23.100000381469727,22.649999618530273,23.079999923706055,2988900,0.0,0.0
2023-10-13 00:00:00-04:00,23.25,23.510000228881836,23.010000228881836,23.170000076293945,2454400,0.0,0.0
2023-10-16 00:00:00-04:00,23.149999618530273,23.290000915527344,22.889999389648438,23.1200008392334,1825200,0.0,0.0
2023-10-17 00:00:00-04:00,23.09000015258789,23.59000015258789,23.09000015258789,23.530000686645508,3929800,0.0,0.0
2023-10-18 00:00:00-04:00,23.649999618530273,23.68000030517578,23.18000030517578,23.260000228881836,1344700,0.0,0.0
2023-10-19 00:00:00-04:00,23.100000381469727,23.399999618530273,22.899999618530273,23.110000610351562,2197300,0.0,0.0
2023-10-20 00:00:00-04:00,23.059999465942383,23.139999389648438,22.760000228881836,22.780000686645508,2463300,0.0,0.0
2023-10-23 00:00:00-04:00,22.670000076293945,23.040000915527344,22.450000762939453,22.729999542236328,2438900,0.0,0.0
2023-10-24 00:00:00-04:00,22.739999771118164,22.90999984741211,22.6299991607666,22.690000534057617,2487000,0.0,0.0
2023-10-25 00:00:00-04:00,21.860000610351562,22.3700008392334,21.40999984741211,22.020000457763672,4414900,0.0,0.0
2023-10-26 00:00:00-04:00,21.829999923706055,22.1299991607666,21.520000457763672,21.940000534057617,3286900,0.0,0.0
2023-10-27 00:00:00-04:00,21.8700008392334,22.0,21.139999389648438,21.200000762939453,3531000,0.0,0.0
2023-10-30 00:00:00-04:00,21.18000030517578,21.389999389648438,20.959999084472656,21.290000915527344,2068000,0.0,0.0
2023-10-31 00:00:00-04:00,21.450000762939453,21.799999237060547,21.25,21.719999313354492,1607600,0.0,0.0
2023-11-01 00:00:00-04:00,21.559999465942383,21.989999771118164,21.31999969482422,21.850000381469727,1681400,0.0,0.0
2023-11-02 00:00:00-04:00,21.760000228881836,22.270000457763672,21.649999618530273,22.260000228881836,2386700,0.0,0.0
2023-11-03 00:00:00-04:00,22.31999969482422,22.59000015258789,22.270000457763672,22.350000381469727,2521400,0.0,0.0
2023-11-06 00:00:00-05:00,22.25,22.399999618530273,21.43000030517578,21.579999923706055,3603900,0.0,0.0
2023-11-07 00:00:00-05:00,21.329999923706055,21.440000534057617,21.209999084472656,21.350000381469727,3403600,0.0,0.0
2023-11-08 00:00:00-05:00,21.270000457763672,21.479999542236328,20.639999389648438,20.84000015258789,3685000,0.0,0.0
2023-11-09 00:00:00-05:00,20.920000076293945,21.309999465942383,20.84000015258789,20.889999389648438,2435400,0.0,0.0
2023-11-10 00:00:00-05:00,21.030000686645508,21.229999542236328,20.690000534057617,20.90999984741211,2187200,0.0,0.0
2023-11-13 00:00:00-05:00,21.110000610351562,21.1200008392334,20.75,20.8700008392334,2273300,0.0,0.0
2023-11-14 00:00:00-05:00,20.940000534057617,21.3799991607666,20.829999923706055,21.270000457763672,2826300,0.0,0.0
2023-11-15 00:00:00-05:00,21.25,21.81999969482422,21.25,21.6299991607666,2235500,0.0,0.0
2023-11-16 00:00:00-05:00,21.31999969482422,21.510000228881836,20.56999969482422,21.15999984741211,3307800,0.0,0.0
2023-11-17 00:00:00-05:00,21.270000457763672,21.649999618530273,21.209999084472656,21.389999389648438,3636200,0.0,0.0
2023-11-20 00:00:00-05:00,21.5,21.729999542236328,21.299999237060547,21.43000030517578,2056400,0.0,0.0
2023-11-21 00:00:00-05:00,21.350000381469727,21.6299991607666,21.1299991607666,21.3799991607666,1608000,0.0,0.0
2023-11-22 00:00:00-05:00,21.06999969482422,21.540000915527344,20.950000762939453,21.229999542236328,2005900,0.0,0.0
2023-11-24 00:00:00-05:00,21.1200008392334,21.450000762939453,21.100000381469727,21.209999084472656,853200,0.0,0.0
2023-11-27 00:00:00-05:00,21.040000915527344,21.31999969482422,20.950000762939453,21.31999969482422,5273600,0.0,0.0
2023-11-28 00:00:00-05:00,21.280000686645508,21.329999923706055,20.799999237060547,20.850000381469727,2415400,0.0,0.0
2023-11-29 00:00:00-05:00,20.899999618530273,21.100000381469727,20.600000381469727,20.600000381469727,2395600,0.0,0.0
2023-11-30 00:00:00-05:00,20.790000915527344,21.209999084472656,20.65999984741211,20.860000610351562,2400700,0.0,0.0
2023-12-01 00:00:00-05:00,20.75,21.149999618530273,20.700000762939453,21.06999969482422,1613500,0.0,0.0
2023-12-04 00:00:00-05:00,21.200000762939453,21.31999969482422,20.809999465942383,20.899999618530273,3892800,0.0,0.0
2023-12-05 00:00:00-05:00,20.989999771118164,21.059999465942383,20.260000228881836,20.34000015258789,2341700,0.0,0.0
2023-12-06 00:00:00-05:00,20.15999984741211,20.3799991607666,19.75,19.75,2997100,0.0,0.0
2023-12-07 00:00:00-05:00,19.760000228881836,19.959999084472656,19.68000030517578,19.860000610351562,2878900,0.0,0.0
2023-12-08 00:00:00-05:00,20.010000228881836,20.149999618530273,19.760000228881836,20.049999237060547,2139200,0.0,0.0
2023-12-11 00:00:00-05:00,19.809999465942383,20.040000915527344,19.700000762939453,19.829999923706055,2175500,0.0,0.0
2023-12-12 00:00:00-05:00,19.459999084472656,19.770000457763672,19.34000015258789,19.43000030517578,2189400,0.0,0.0
2023-12-13 00:00:00-05:00,19.540000915527344,20.010000228881836,19.489999771118164,19.959999084472656,6249800,0.0,0.0
2023-12-14 00:00:00-05:00,20.15999984741211,20.329999923706055,19.969999313354492,20.209999084472656,3074300,0.0,0.0
2023-12-15 00:00:00-05:00,20.229999542236328,20.260000228881836,19.90999984741211,20.0,4363000,0.0,0.0
2023-12-18 00:00:00-05:00,20.389999389648438,20.389999389648438,19.65999984741211,19.790000915527344,3733000,0.0,0.0
2023-12-19 00:00:00-05:00,19.700000762939453,20.209999084472656,19.579999923706055,20.139999389648438,2203800,0.0,0.0
2023-12-20 00:00:00-05:00,20.18000030517578,20.3799991607666,19.950000762939453,19.969999313354492,2942800,0.0,0.0
2023-12-21 00:00:00-05:00,20.040000915527344,20.469999313354492,20.020000457763672,20.459999084472656,2698700,0.0,0.0
2023-12-22 00:00:00-05:00,20.59000015258789,20.649999618530273,20.389999389648438,20.479999542236328,1700900,0.0,0.0
2023-12-26 00:00:00-05:00,20.540000915527344,20.790000915527344,20.420000076293945,20.549999237060547,1516400,0.0,0.0
2023-12-27 00:00:00-05:00,20.670000076293945,20.68000030517578,20.270000457763672,20.350000381469727,1718700,0.0,0.0
2023-12-28 00:00:00-05:00,20.31999969482422,20.530000686645508,20.200000762939453,20.260000228881836,1744100,0.0,0.0
2023-12-29 00:00:00-05:00,20.239999771118164,20.31999969482422,20.0,20.0,2028400,0.0,0.0
2024-01-02 00:00:00-05:00,20.229999542236328,20.600000381469727,20.170000076293945,20.350000381469727,2020900,0.0,0.0
2024-01-03 00:00:00-05:00,20.399999618530273,20.8799991607666,20.299999237060547,20.639999389648438,2725000,0.0,0.0
2024-01-04 00:00:00-05:00,20.760000228881836,20.780000686645508,20.299999237060547,20.3700008392334,2618500,0.0,0.0
2024-01-05 00:00:00-05:00,20.639999389648438,20.760000228881836,20.389999389648438,20.65999984741211,1784500,0.0,0.0
2024-01-08 00:00:00-05:00,20.40999984741211,20.639999389648438,20.100000381469727,20.59000015258789,3059800,0.0,0.0
2024-01-09 00:00:00-05:00,20.65999984741211,20.65999984741211,20.079999923706055,20.329999923706055,2794800,0.0,0.0
2024-01-10 00:00:00-05:00,20.290000915527344,20.290000915527344,19.739999771118164,19.940000534057617,2024400,0.0,0.0
2024-01-11 00:00:00-05:00,19.940000534057617,20.079999923706055,19.65999984741211,19.829999923706055,3031400,0.0,0.0
2024-01-12 00:00:00-05:00,20.1299991607666,20.229999542236328,19.8799991607666,20.1200008392334,1666300,0.0,0.0
2024-01-16 00:00:00-05:00,19.920000076293945,19.969999313354492,19.459999084472656,19.5,2089100,0.0,0.0
2024-01-17 00:00:00-05:00,19.399999618530273,19.579999923706055,19.209999084472656,19.43000030517578,3443900,0.0,0.0
2024-01-18 00:00:00-05:00,19.600000381469727,19.600000381469727,19.15999984741211,19.43000030517578,3096400,0.0,0.0
2024-01-19 00:00:00-05:00,19.469999313354492,19.829999923706055,19.360000610351562,19.809999465942383,4817700,0.0,0.0
2024-01-22 00:00:00-05:00,19.780000686645508,20.030000686645508,19.610000610351562,19.889999389648438,2656800,0.0,0.0
2024-01-23 00:00:00-05:00,19.8700008392334,20.020000457763672,19.760000228881836,19.809999465942383,3078200,0.0,0.0
2024-01-24 00:00:00-05:00,19.969999313354492,20.190000534057617,19.920000076293945,20.079999923706055,4576800,0.0,0.0
2024-01-25 00:00:00-05:00,20.299999237060547,21.1200008392334,19.799999237060547,20.420000076293945,8841400,0.0,0.0
2024-01-26 00:00:00-05:00,20.530000686645508,20.59000015258789,19.959999084472656,20.559999465942383,4491400,0.0,0.0
2024-01-29 00:00:00-05:00,20.510000228881836,20.530000686645508,20.25,20.489999771118164,2865900,0.0,0.0
2024-01-30 00:00:00-05:00,20.360000610351562,20.90999984741211,20.25,20.860000610351562,2241100,0.0,0.0
2024-01-31 00:00:00-05:00,20.829999923706055,20.850000381469727,20.200000762939453,20.200000762939453,2775800,0.0,0.0
2024-02-01 00:00:00-05:00,20.309999465942383,20.450000762939453,20.079999923706055,20.229999542236328,2340900,0.0,0.0
2024-02-02 00:00:00-05:00,20.1299991607666,20.15999984741211,19.84000015258789,19.889999389648438,2157000,0.0,0.0
2024-02-05 00:00:00-05:00,19.84000015258789,19.90999984741211,19.610000610351562,19.770000457763672,2903200,0.0,0.0
2024-02-06 00:00:00-05:00,19.780000686645508,20.229999542236328,19.649999618530273,20.030000686645508,1653300,0.0,0.0
2024-02-07 00:00:00-05:00,20.100000381469727,20.239999771118164,19.920000076293945,20.149999618530273,1942700,0.0,0.0
2024-02-08 00:00:00-05:00,20.100000381469727,20.350000381469727,20.100000381469727,20.200000762939453,1753000,0.0,0.0
2024-02-09 00:00:00-05:00,19.959999084472656,20.079999923706055,19.56999969482422,19.75,3916400,0.0,0.0
2024-02-12 00:00:00-05:00,19.739999771118164,20.329999923706055,19.690000534057617,20.0,2301300,0.0,0.0
2024-02-13 00:00:00-05:00,19.81999969482422,19.829999923706055,19.260000228881836,19.459999084472656,3108400,0.0,0.0
2024-02-14 00:00:00-05:00,19.5,19.540000915527344,19.06999969482422,19.229999542236328,3091700,0.0,0.0
2024-02-15 00:00:00-05:00,19.350000381469727,20.170000076293945,19.329999923706055,19.979999542236328,4316200,0.0,0.0
2024-02-16 00:00:00-05:00,19.940000534057617,20.059999465942383,19.739999771118164,19.940000534057617,2657900,0.0,0.0
2024-02-20 00:00:00-05:00,19.809999465942383,19.8799991607666,19.579999923706055,19.68000030517578,1836400,0.0,0.0
2024-02-21 00:00:00-05:00,19.969999313354492,21.459999084472656,19.969999313354492,21.040000915527344,7707700,0.0,0.0
2024-02-22 00:00:00-05:00,20.6299991607666,20.920000076293945,20.5,20.739999771118164,2555400,0.0,0.0
2024-02-23 00:00:00-05:00,20.5,20.75,20.299999237060547,20.729999542236328,2031600,0.0,0.0
2024-02-26 00:00:00-05:00,20.829999923706055,21.100000381469727,20.690000534057617,20.899999618530273,1702100,0.0,0.0
2024-02-27 00:00:00-05:00,21.079999923706055,21.09000015258789,20.520000457763672,20.600000381469727,2395700,0.0,0.0
2024-02-28 00:00:00-05:00,20.6299991607666,20.989999771118164,20.450000762939453,20.809999465942383,3789300,0.0,0.0
2024-02-29 00:00:00-05:00,20.889999389648438,21.1200008392334,20.760000228881836,20.950000762939453,5189000,0.0,0.0
2024-03-01 00:00:00-05:00,20.950000762939453,21.260000228881836,20.780000686645508,21.09000015258789,2378400,0.0,0.0
2024-03-04 00:00:00-05:00,21.389999389648438,21.6299991607666,21.329999923706055,21.440000534057617,4329900,0.0,0.0
2024-03-05 00:00:00-05:00,21.479999542236328,21.709999084472656,21.209999084472656,21.530000686645508,2584800,0.0,0.0
2024-03-06 00:00:00-05:00,21.690000534057617,21.75,21.170000076293945,21.170000076293945,1765100,0.0,0.0
2024-03-07 00:00:00-05:00,21.18000030517578,21.3700008392334,21.010000228881836,21.040000915527344,2134900,0.0,0.0
2024-03-08 00:00:00-05:00,21.280000686645508,21.489999771118164,21.079999923706055,21.40999984741211,4116600,0.0,0.0
2024-03-11 00:00:00-04:00,21.260000228881836,21.600000381469727,21.1299991607666,21.350000381469727,4145600,0.0,0.0
2024-03-12 00:00:00-04:00,21.309999465942383,21.5,21.0,21.3799991607666,5067000,0.0,0.0
2024-03-13 00:00:00-04:00,21.579999923706055,21.979999542236328,21.469999313354492,21.700000762939453,3042400,0.0,0.0
2024-03-14 00:00:00-04:00,21.700000762939453,21.81999969482422,21.399999618530273,21.559999465942383,2053500,0.0,0.0
2024-03-15 00:00:00-04:00,21.510000228881836,21.780000686645508,21.229999542236328,21.350000381469727,5066600,0.0,0.0
2024-03-18 00:00:00-04:00,21.440000534057617,21.440000534057617,21.079999923706055,21.15999984741211,2437200,0.0,0.0
2024-03-19 00:00:00-04:00,21.139999389648438,21.639999389648438,21.06999969482422,21.579999923706055,1968600,0.0,0.0
2024-03-20 00:00:00-04:00,21.459999084472656,22.420000076293945,21.290000915527344,22.40999984741211,4929300,0.0,0.0
2024-03-21 00:00:00-04:00,22.40999984741211,22.719999313354492,22.25,22.600000381469727,2487300,0.0,0.0
2024-03-22 00:00:00-04:00,22.6200008392334,22.799999237060547,22.579999923706055,22.719999313354492,2254000,0.0,0.0
2024-03-25 00:00:00-04:00,22.81999969482422,23.18000030517578,22.799999237060547,23.06999969482422,3064600,0.0,0.0
2024-03-26 00:00:00-04:00,23.18000030517578,23.209999084472656,22.920000076293945,22.940000534057617,1884400,0.0,0.0
2024-03-27 00:00:00-04:00,22.899999618530273,23.959999084472656,22.809999465942383,23.719999313354492,4847400,0.0,0.0
2024-03-28 00:00:00-04:00,23.770000457763672,24.0,23.6299991607666,23.719999313354492,2787700,0.0,0.0
2024-04-01 00:00:00-04:00,23.860000610351562,24.18000030517578,23.559999465942383,23.969999313354492,2234100,0.0,0.0
2024-04-02 00:00:00-04:00,23.93000030517578,24.190000534057617,23.649999618530273,23.899999618530273,3310500,0.0,0.0
2024-04-03 00:00:00-04:00,23.899999618530273,24.290000915527344,23.809999465942383,24.149999618530273,3113900,0.0,0.0
2024-04-04 00:00:00-04:00,24.15999984741211,24.34000015258789,23.739999771118164,23.90999984741211,2404600,0.0,0.0
2024-04-05 00:00:00-04:00,23.90999984741211,24.219999313354492,23.700000762939453,24.1200008392334,1673300,0.0,0.0
2024-04-08 00:00:00-04:00,24.170000076293945,24.280000686645508,23.90999984741211,24.1200008392334,2141400,0.0,0.0
2024-04-09 00:00:00-04:00,24.149999618530273,24.6299991607666,24.010000228881836,24.540000915527344,2851600,0.0,0.0
2024-04-10 00:00:00-04:00,24.399999618530273,24.739999771118164,24.290000915527344,24.6200008392334,2855900,0.0,0.0
2024-04-11 00:00:00-04:00,24.690000534057617,24.700000762939453,24.149999618530273,24.399999618530273,1732400,0.0,0.0
2024-04-12 00:00:00-04:00,24.579999923706055,24.81999969482422,24.15999984741211,24.280000686645508,2504000,0.0,0.0
2024-04-15 00:00:00-04:00,24.350000381469727,24.56999969482422,23.729999542236328,23.780000686645508,2850800,0.0,0.0
2024-04-16 00:00:00-04:00,23.670000076293945,23.84000015258789,23.290000915527344,23.829999923706055,2383300,0.0,0.0
2024-04-17 00:00:00-04:00,23.739999771118164,24.040000915527344,23.540000915527344,23.850000381469727,1910800,0.0,0.0
2024-04-18 00:00:00-04:00,23.93000030517578,24.06999969482422,23.670000076293945,23.700000762939453,2073800,0.0,0.0
2024-04-19 00:00:00-04:00,23.65999984741211,24.06999969482422,23.649999618530273,24.0,2013300,0.0,0.0
2024-04-22 00:00:00-04:00,23.8700008392334,24.389999389648438,23.780000686645508,24.100000381469727,2015600,0.0,0.0
2024-04-23 00:00:00-04:00,24.030000686645508,24.229999542236328,23.850000381469727,24.06999969482422,2215400,0.0,0.0
2024-04-24 00:00:00-04:00,23.969999313354492,24.399999618530273,23.780000686645508,24.209999084472656,3431400,0.0,0.0
2024-04-25 00:00:00-04:00,24.06999969482422,24.15999984741211,23.049999237060547,23.940000534057617,4726400,0.0,0.0
2024-04-26 00:00:00-04:00,23.90999984741211,24.020000457763672,23.520000457763672,24.0,2522100,0.0,0.0
2024-04-29 00:00:00-04:00,23.8700008392334,24.3799991607666,23.8700008392334,24.149999618530273,2768000,0.0,0.0
2024-04-30 00:00:00-04:00,24.059999465942383,24.149999618530273,23.469999313354492,23.520000457763672,3076800,0.0,0.0
2024-05-01 00:00:00-04:00,23.549999237060547,23.6299991607666,22.81999969482422,22.93000030517578,2720400,0.0,0.0
2024-05-02 00:00:00-04:00,23.079999923706055,23.479999542236328,23.030000686645508,23.200000762939453,2619200,0.0,0.0
2024-05-03 00:00:00-04:00,23.260000228881836,23.530000686645508,23.1299991607666,23.290000915527344,1896500,0.0,0.0
2024-05-06 00:00:00-04:00,23.559999465942383,24.139999389648438,23.5,24.020000457763672,2468900,0.0,0.0
2024-05-07 00:00:00-04:00,24.030000686645508,24.360000610351562,23.8799991607666,23.889999389648438,2217700,0.0,0.0
2024-05-08 00:00:00-04:00,23.739999771118164,23.979999542236328,23.549999237060547,23.559999465942383,2512800,0.0,0.0
2024-05-09 00:00:00-04:00,23.639999389648438,23.780000686645508,23.559999465942383,23.68000030517578,1400600,0.0,0.0
2024-05-10 00:00:00-04:00,23.690000534057617,23.719999313354492,23.100000381469727,23.260000228881836,2046800,0.0,0.0
2024-05-13 00:00:00-04:00,23.350000381469727,23.530000686645508,23.18000030517578,23.469999313354492,1691400,0.0,0.0
2024-05-14 00:00:00-04:00,23.520000457763672,24.209999084472656,23.520000457763672,24.190000534057617,3389200,0.0,0.0
2024-05-15 00:00:00-04:00,24.190000534057617,24.56999969482422,23.850000381469727,24.3799991607666,2893600,0.0,0.0
2024-05-16 00:00:00-04:00,24.450000762939453,24.59000015258789,24.270000457763672,24.280000686645508,1615700,0.0,0.0
2024-05-17 00:00:00-04:00,24.40999984741211,24.40999984741211,24.200000762939453,24.299999237060547,1759700,0.0,0.0
2024-05-20 00:00:00-04:00,24.34000015258789,24.68000030517578,24.329999923706055,24.510000228881836,1647000,0.0,0.0
2024-05-21 00:00:00-04:00,24.3799991607666,24.829999923706055,24.270000457763672,24.65999984741211,2554000,0.0,0.0
2024-05-22 00:00:00-04:00,24.459999084472656,24.75,24.139999389648438,24.549999237060547,2124500,0.0,0.0
2024-05-23 00:00:00-04:00,24.75,24.950000762939453,24.420000076293945,24.610000610351562,2703400,0.0,0.0
2024-05-24 00:00:00-04:00,24.700000762939453,24.84000015258789,24.56999969482422,24.829999923706055,1751500,0.0,0.0
2024-05-28 00:00:00-04:00,25.0,25.3799991607666,24.93000030517578,25.25,2385400,0.0,0.0
2024-05-29 00:00:00-04:00,25.139999389648438,25.229999542236328,25.020000457763672,25.040000915527344,2066900,0.0,0.0
2024-05-30 00:00:00-04:00,25.040000915527344,25.8799991607666,25.040000915527344,25.850000381469727,2889200,0.0,0.0
2024-05-31 00:00:00-04:00,25.950000762939453,26.350000381469727,25.809999465942383,26.299999237060547,4611200,0.0,0.0
2024-06-03 00:00:00-04:00,26.5,26.56999969482422,25.899999618530273,26.1299991607666,2276200,0.0,0.0
2024-06-04 00:00:00-04:00,25.8799991607666,25.940000534057617,25.479999542236328,25.549999237060547,2249400,0.0,0.0
2024-06-05 00:00:00-04:00,25.639999389648438,25.969999313354492,25.469999313354492,25.84000015258789,1925100,0.0,0.0
2024-06-06 00:00:00-04:00,25.829999923706055,25.950000762939453,25.469999313354492,25.639999389648438,1210600,0.0,0.0
2024-06-07 00:00:00-04:00,25.389999389648438,25.40999984741211,25.06999969482422,25.3799991607666,3562700,0.0,0.0
2024-06-10 00:00:00-04:00,25.34000015258789,26.18000030517578,25.309999465942383,26.170000076293945,2645300,0.0,0.0
2024-06-11 00:00:00-04:00,26.09000015258789,26.260000228881836,25.770000457763672,26.059999465942383,1353800,0.0,0.0
2024-06-12 00:00:00-04:00,26.389999389648438,26.459999084472656,25.8700008392334,26.040000915527344,2848500,0.0,0.0
2024-06-13 00:00:00-04:00,25.920000076293945,25.950000762939453,25.299999237060547,25.459999084472656,2041000,0.0,0.0
2024-06-14 00:00:00-04:00,25.290000915527344,25.299999237060547,24.559999465942383,24.559999465942383,2508000,0.0,0.0
2024-06-17 00:00:00-04:00,24.5,24.540000915527344,23.8700008392334,24.059999465942383,3205600,0.0,0.0
2024-06-18 00:00:00-04:00,24.100000381469727,24.290000915527344,23.770000457763672,23.889999389648438,2725800,0.0,0.0
2024-06-20 00:00:00-04:00,23.770000457763672,24.15999984741211,23.6299991607666,24.040000915527344,2423000,0.0,0.0
2024-06-21 00:00:00-04:00,24.100000381469727,24.260000228881836,23.889999389648438,24.15999984741211,7941500,0.0,0.0
2024-06-24 00:00:00-04:00,24.260000228881836,24.770000457763672,24.219999313354492,24.6299991607666,2417600,0.0,0.0
2024-06-25 00:00:00-04:00,24.549999237060547,24.549999237060547,24.18000030517578,24.290000915527344,1394300,0.0,0.0
2024-06-26 00:00:00-04:00,24.25,24.280000686645508,23.709999084472656,24.030000686645508,3273700,0.0,0.0
2024-06-27 00:00:00-04:00,24.290000915527344,24.479999542236328,24.1200008392334,24.229999542236328,1904400,0.0,0.0
2024-06-28 00:00:00-04:00,24.510000228881836,24.59000015258789,24.040000915527344,24.299999237060547,2787500,0.0,0.0
2024-07-01 00:00:00-04:00,24.40999984741211,24.489999771118164,23.940000534057617,24.010000228881836,1796600,0.0,0.0
2024-07-02 00:00:00-04:00,24.239999771118164,24.68000030517578,24.15999984741211,24.600000381469727,2655900,0.0,0.0
2024-07-03 00:00:00-04:00,24.690000534057617,25.049999237060547,24.56999969482422,24.809999465942383,973000,0.0,0.0
2024-07-05 00:00:00-04:00,24.760000228881836,24.799999237060547,24.350000381469727,24.530000686645508,1578100,0.0,0.0
