Date,Open,High,Low,Close,Volume,Dividends,Stock Splits
2017-09-26 00:00:00-04:00,31.97544866992581,31.97544866992581,28.32111167907715,28.32111167907715,3300,0.0,0.0
2017-09-27 00:00:00-04:00,28.32111432061046,28.32111432061046,26.493945654764623,26.809131622314453,5800,0.0,0.0
2017-09-28 00:00:00-04:00,27.064940002441407,30.15742190896161,27.064940002441407,28.549514770507812,13800,0.0,0.0
2017-09-29 00:00:00-04:00,27.498891562323088,30.239643096923828,27.498891562323088,30.239643096923828,14700,0.0,0.0
2017-10-02 00:00:00-04:00,30.020382644404815,31.61001748008869,26.95073863543873,27.61765480041504,141100,0.0,0.0
2017-10-03 00:00:00-04:00,28.421612841585002,31.244588935904634,27.983090980580474,30.97051429748535,73200,0.0,0.0
2017-10-04 00:00:00-04:00,30.97050778487753,33.50113311634493,30.14828055747295,31.600879669189453,92600,0.0,0.0
2017-10-05 00:00:00-04:00,32.267803565177914,33.34583353072862,31.975456810287714,32.441383361816406,84300,0.0,0.0
2017-10-06 00:00:00-04:00,32.88904648188516,34.70708141805527,32.88904648188516,34.35078048706055,30900,0.0,0.0
2017-10-09 00:00:00-04:00,34.378178984415015,37.45695717121097,33.418916144113034,35.29176330566406,37800,0.0,0.0
2017-10-10 00:00:00-04:00,35.291767338390315,35.291767338390315,33.345831535957956,33.8026237487793,50100,0.0,0.0
2017-10-11 00:00:00-04:00,33.19052276228535,35.41052963716965,32.551012988407514,34.825836181640625,63700,0.0,0.0
2017-10-12 00:00:00-04:00,34.80756780956339,34.80756780956339,34.040156695594284,34.6705322265625,29700,0.0,0.0
2017-10-13 00:00:00-04:00,35.045095615628554,35.27349169916623,34.08583276177985,34.91719436645508,32800,0.0,0.0
2017-10-16 00:00:00-04:00,35.127325339993014,35.8125137270473,34.67510198035072,35.56584548950195,44000,0.0,0.0
2017-10-17 00:00:00-04:00,35.59326080816201,35.96783041399297,35.200419089235716,35.93128967285156,32400,0.0,0.0
2017-10-18 00:00:00-04:00,36.05004940556563,36.333261901313804,35.62980130352552,36.08659362792969,32200,0.0,0.0
2017-10-19 00:00:00-04:00,35.890163869435064,36.57078328783273,35.529297604634145,36.13226318359375,25800,0.0,0.0
2017-10-20 00:00:00-04:00,36.38807062720559,37.000170541112,35.794239335612936,36.24189376831055,33800,0.0,0.0
2017-10-23 00:00:00-04:00,36.415477045724344,36.415477045724344,35.858189968855456,36.24189376831055,24600,0.0,0.0
2017-10-24 00:00:00-04:00,36.24189255548338,36.79917961370278,36.12312908917775,36.42461013793945,40500,0.0,0.0
2017-10-25 00:00:00-04:00,36.45932863988947,36.54337754394864,35.54757036647411,35.89473342895508,50400,0.0,0.0
2017-10-26 00:00:00-04:00,35.88558592695005,36.08657556429538,35.200397783324185,35.49274444580078,8300,0.0,0.0
2017-10-27 00:00:00-04:00,35.3557183153073,36.515970965431364,35.09077799286718,36.4428825378418,35600,0.0,0.0
2017-10-30 00:00:00-04:00,35.73029617250225,36.34239621438039,35.73029617250225,36.08659362792969,15800,0.0,0.0
2017-10-31 00:00:00-04:00,36.269303935723975,36.269303935723975,35.06337272145219,35.41967010498047,25100,0.0,0.0
2017-11-01 00:00:00-04:00,35.57497161892147,35.57497161892147,34.533486067750594,35.255218505859375,16500,0.0,0.0
2017-11-02 00:00:00-04:00,34.35077237795105,34.95373794837627,33.665584071329306,34.02188491821289,43600,0.0,0.0
2017-11-03 00:00:00-04:00,34.067564095141655,34.10410830860733,32.741039814760285,33.117435455322266,50200,0.0,0.0
2017-11-06 00:00:00-05:00,32.797679969750625,32.797679969750625,27.891731182102003,29.938159942626953,43200,0.0,0.0
2017-11-07 00:00:00-05:00,29.938162751702084,29.938162751702084,28.43988307344017,29.316925048828125,40000,0.0,0.0
2017-11-08 00:00:00-05:00,29.143340345053673,29.262105543552035,28.84642647754584,29.088525772094727,26100,0.0,0.0
2017-11-09 00:00:00-05:00,28.631737575164927,28.631737575164927,27.412101395384763,27.86432647705078,30100,0.0,0.0
2017-11-10 00:00:00-05:00,27.5628435810308,28.385069257060184,27.50802900063527,28.13840103149414,25200,0.0,0.0
2017-11-13 00:00:00-05:00,28.339389154833153,29.645815155538255,28.19321578688948,29.125070571899414,59000,0.0,0.0
2017-11-14 00:00:00-05:00,29.0245838557522,29.828539298831853,28.99260853338789,29.581871032714844,20800,0.0,0.0
2017-11-15 00:00:00-05:00,29.417419854526063,30.002113342285156,29.28038079362399,30.002113342285156,39100,0.0,0.0
2017-11-16 00:00:00-05:00,30.10260806428843,30.376682699909576,29.682360057332794,29.865074157714844,27600,0.0,0.0
2017-11-17 00:00:00-05:00,29.682356992158105,30.01124442991179,27.727285303034513,29.088525772094727,61400,0.0,0.0
2017-11-20 00:00:00-05:00,29.1068022598551,29.645817245594944,29.051985936118623,29.13420867919922,23400,0.0,0.0
2017-11-21 00:00:00-05:00,29.20729239540331,30.02951799999332,28.366794684761,28.640871047973633,34500,0.0,0.0
2017-11-22 00:00:00-05:00,28.62260255556298,28.787048045747234,27.023829667142557,27.517166137695312,30200,0.0,0.0
2017-11-24 00:00:00-05:00,27.434935596224687,27.969381544922083,24.74899741905354,25.4798641204834,31300,0.0,0.0
2017-11-27 00:00:00-05:00,25.434191125565576,25.808760609163908,23.25985916745795,23.533935546875,93000,0.0,0.0
2017-11-28 00:00:00-05:00,23.34208004527897,24.10035500556234,22.433064569484642,23.396896362304688,78500,0.0,0.0
2017-11-29 00:00:00-05:00,23.65270289153842,25.388514890168743,23.214182735947777,25.351970672607422,49400,0.0,0.0
2017-11-30 00:00:00-05:00,25.228251989623327,26.841100815216144,24.788382856914293,26.190462112426758,91900,0.085,0.0
2017-12-01 00:00:00-05:00,25.589312168728174,26.30043275977557,25.255745419681663,25.943038940429688,49800,0.0,0.0
2017-12-04 00:00:00-05:00,26.18130372293723,26.492876959053195,24.74256941092538,24.852537155151367,52200,0.0,0.0
2017-12-05 00:00:00-05:00,24.81588445336608,25.292408504766254,23.917821105027635,24.88003158569336,59700,0.0,0.0
2017-12-06 00:00:00-05:00,24.632602049497535,25.750600766303457,24.430996554474543,24.806716918945312,55400,0.0,0.0
2017-12-07 00:00:00-05:00,25.008321553683157,25.104542228917417,24.605108857810933,24.77005958557129,54400,0.0,0.0
2017-12-08 00:00:00-05:00,24.68300750829701,24.852541214498167,24.018623241946354,24.568458557128906,36700,0.0,0.0
2017-12-11 00:00:00-05:00,24.56845432469171,24.56845432469171,23.6566458092838,23.881160736083984,63600,0.0,0.0
2017-12-12 00:00:00-05:00,24.064437920987444,24.77922382877522,23.44220738904505,24.27520751953125,78600,0.0,0.0
2017-12-13 00:00:00-05:00,24.760896031385904,25.136616365311298,23.642897405471217,24.41266632080078,116700,0.0,0.0
2017-12-14 00:00:00-05:00,24.247716741418824,24.52263522302996,22.772327706829792,22.882293701171875,149800,0.0,0.0
2017-12-15 00:00:00-05:00,22.827313435914377,24.34852327343202,22.589051422487998,24.28437614440918,493900,0.0,0.0
2017-12-18 00:00:00-05:00,24.44932185602065,24.69674794363791,23.441291006670117,23.954469680786133,50100,0.0,0.0
2017-12-19 00:00:00-05:00,23.881159610126858,24.33019119043412,23.49627514873808,23.73453712463379,31600,0.0,0.0
2017-12-20 00:00:00-05:00,23.853668983658398,24.30270056391178,22.94644169932468,23.157211303710938,38000,0.0,0.0
2017-12-21 00:00:00-05:00,23.038080346270466,24.119422530012,23.038080346270466,23.642898559570312,40400,0.0,0.0
2017-12-22 00:00:00-05:00,23.642898317669854,23.817013179680178,23.37714571048584,23.743701934814453,16700,0.0,0.0
2017-12-26 00:00:00-05:00,23.606245602308505,24.23855623615803,23.39547597365136,23.798686981201172,31100,0.0,0.0
2017-12-27 00:00:00-05:00,23.780357694331816,24.128585659684372,23.322161991149144,23.523767471313477,34900,0.0,0.0
2017-12-28 00:00:00-05:00,23.560424594317254,24.137752217352165,23.39547559275678,23.844507217407227,10700,0.0,0.0
2017-12-29 00:00:00-05:00,23.8719948945692,24.284371717220314,22.736587422100335,23.542095184326172,31700,0.0,0.0
2018-01-02 00:00:00-05:00,23.487112418254792,24.146915389993524,23.47795004176109,23.96363639831543,20300,0.0,0.0
2018-01-03 00:00:00-05:00,24.0094557926824,25.61314077030376,22.72650641228298,22.845638275146484,49000,0.0,0.0
2018-01-04 00:00:00-05:00,22.928111990580856,23.94072401257918,22.928111990580856,23.63373374938965,37200,0.0,0.0
2018-01-05 00:00:00-05:00,23.844500860977348,24.101089293589187,23.074732067386613,23.3129940032959,12500,0.0,0.0
2018-01-08 00:00:00-05:00,23.294669816879907,24.23855360266095,22.73567049494495,23.76202964782715,31900,0.0,0.0
2018-01-09 00:00:00-05:00,23.871997733895267,24.26604635621257,23.267179487322032,24.000293731689453,21400,0.0,0.0
2018-01-10 00:00:00-05:00,23.817012744885226,25.466518346068113,23.11139093351051,24.156078338623047,64500,0.0,0.0
2018-01-11 00:00:00-05:00,24.256879947687587,25.31073146550113,23.367980910901117,23.73453712463379,43300,0.0,0.0
2018-01-12 00:00:00-05:00,23.7437039632136,26.18130524808797,23.413802459195743,24.531801223754883,58900,0.0,0.0
2018-01-16 00:00:00-05:00,24.724242103487935,25.173273726072424,23.881161858586143,24.000293731689453,53300,0.0,0.0
2018-01-17 00:00:00-05:00,23.972800047751612,24.44932401837163,22.96476910924865,23.615407943725586,55400,0.0,0.0
2018-01-18 00:00:00-05:00,23.12971821177871,24.06443783847837,23.12971821177871,23.514602661132812,11000,0.0,0.0
2018-01-19 00:00:00-05:00,23.606245217982448,24.146916342085206,23.35881909382463,23.844507217407227,24600,0.0,0.0
2018-01-22 00:00:00-05:00,23.972796252337144,24.25687706574377,23.76202667296699,24.165239334106445,78100,0.0,0.0
2018-01-23 00:00:00-05:00,24.19273481536291,24.545545746263628,23.65206370025563,23.917818069458008,49300,0.0,0.0
2018-01-24 00:00:00-05:00,24.04610809156599,24.476811383885504,23.853666752831018,24.01861572265625,37700,0.0,0.0
2018-01-25 00:00:00-05:00,23.85366856266689,24.339354881778352,23.84450443900167,24.146913528442383,28100,0.0,0.0
2018-01-26 00:00:00-05:00,24.091932940732736,24.229391313685188,23.58791657606969,23.917818069458008,35200,0.0,0.0
2018-01-29 00:00:00-05:00,23.91781427280455,24.00945375618558,23.377143243522024,23.551258087158203,36400,0.0,0.0
2018-01-30 00:00:00-05:00,23.31299853888027,24.27520884412957,22.965686451540783,23.560422897338867,53800,0.0,0.0
2018-01-31 00:00:00-05:00,23.597079393630775,23.798684879602433,23.20761373385795,23.560422897338867,38800,0.0,0.0
2018-02-01 00:00:00-05:00,23.41380158959232,23.72537483228647,23.05640947209881,23.340490341186523,26200,0.0,0.0
2018-02-02 00:00:00-05:00,23.01058792733238,23.358815879884787,22.83647307711726,22.9097843170166,87200,0.0,0.0
2018-02-05 00:00:00-05:00,22.732920350461043,23.303833189839615,22.442424798917166,22.992259979248047,105300,0.0,0.0
2018-02-06 00:00:00-05:00,22.6806859456767,23.01058739148016,22.06670367036347,22.928112030029297,88000,0.0,0.0
2018-02-07 00:00:00-05:00,22.433260553524722,23.780357000203004,22.433260553524722,23.514602661132812,32500,0.0,0.0
2018-02-08 00:00:00-05:00,23.51460273270119,23.519185668424814,22.579883103156646,22.781490325927734,64000,0.0,0.0
2018-02-09 00:00:00-05:00,22.882292531999617,23.30383348311351,22.543228694245062,23.10222625732422,42900,0.0,0.0
2018-02-12 00:00:00-05:00,23.093063178035123,23.505438245002786,22.854801212555266,23.40463638305664,18200,0.0,0.0
2018-02-13 00:00:00-05:00,23.23968667027563,23.64289763139424,22.955604075273733,23.157211303710938,12600,0.0,0.0
2018-02-14 00:00:00-05:00,22.946437851080695,23.633731291938304,22.78148714561445,23.3129940032959,40700,0.0,0.0
2018-02-15 00:00:00-05:00,23.31299635942582,23.711626106005053,22.918947800515824,23.450454711914062,30100,0.0,0.0
2018-02-16 00:00:00-05:00,23.37714844744243,23.37714844744243,22.94644505191504,23.0472469329834,20700,0.0,0.0
2018-02-20 00:00:00-05:00,23.157210954690406,23.615406651864916,22.790654746526375,22.86396598815918,17100,0.0,0.0
2018-02-21 00:00:00-05:00,22.662359923693273,23.413800625893327,22.46075443584481,22.671524047851562,42100,0.0,0.0
2018-02-22 00:00:00-05:00,22.680685660007487,22.900619371813743,22.185833497535086,22.50657081604004,26600,0.0,0.0
2018-02-23 00:00:00-05:00,22.607374730890104,22.726504837621473,22.268309161476864,22.561555862426758,17000,0.0,0.0
2018-02-26 00:00:00-05:00,22.63486511140641,23.083896624819197,22.404849657707974,22.744831085205078,20700,0.0,0.0
2018-02-27 00:00:00-05:00,22.726504837621473,23.13888164530274,22.561555862426758,22.561555862426758,19500,0.0,0.0
2018-02-28 00:00:00-05:00,22.667307832855332,23.13628683333373,22.262698189591596,22.77765655517578,41600,0.085,0.0
2018-03-01 00:00:00-05:00,22.81443310210482,23.039727555025827,22.170737922491885,22.924781799316406,36200,0.0,0.0
2018-03-02 00:00:00-05:00,22.73167511199812,23.182262325242668,22.702249373380507,22.998350143432617,32400,0.0,0.0
2018-03-05 00:00:00-05:00,22.832829770796874,23.779983633633883,22.630525828511338,23.311004638671875,29100,0.0,0.0
2018-03-06 00:00:00-05:00,23.329399504301826,23.56388815617392,22.878810440975812,22.979963302612305,18800,0.0,0.0
2018-03-07 00:00:00-05:00,22.897199932737294,23.86090569914578,22.30867807707009,23.265026092529297,37000,0.0,0.0
2018-03-08 00:00:00-05:00,22.75926354005165,23.12708967072036,22.299480438232422,22.299480438232422,55900,0.0,0.0
2018-03-09 00:00:00-05:00,22.308677673339844,22.80524254158912,22.042002616108356,22.308677673339844,52900,0.0,0.0
2018-03-12 00:00:00-04:00,22.290282102105845,22.832826242602877,22.060390576604835,22.46500015258789,36600,0.0,0.0
2018-03-13 00:00:00-04:00,22.520173849083864,22.87420701230917,21.609803609618716,21.618999481201172,69100,0.0,0.0
2018-03-14 00:00:00-04:00,22.036482622684126,22.281086138413666,21.137146389324137,21.904064178466797,30000,0.0,0.0
2018-03-15 00:00:00-04:00,21.959239369993117,21.959239369993117,21.37991345456773,21.47187042236328,22200,0.0,0.0
2018-03-16 00:00:00-04:00,21.527043033472875,21.894869135890637,20.77299908503317,20.800586700439453,239800,0.0,0.0
2018-03-19 00:00:00-04:00,20.73621548747253,20.782194846238315,20.30953791251187,20.552303314208984,52500,0.0,0.0
2018-03-20 00:00:00-04:00,20.607477780322228,21.416696994125065,20.53943043080121,21.159217834472656,49300,0.0,0.0
2018-03-21 00:00:00-04:00,21.177608668129075,21.260369760389203,20.30402014046472,20.736215591430664,38700,0.0,0.0
2018-03-22 00:00:00-04:00,20.589085570486702,21.19599909015203,20.460346870537464,20.699434280395508,35400,0.0,0.0
2018-03-23 00:00:00-04:00,20.717823153335285,21.287953106045812,20.717823153335285,20.901735305786133,79900,0.0,0.0
2018-03-26 00:00:00-04:00,21.159221321823903,21.18680894295492,20.543111814699774,20.883350372314453,62000,0.0,0.0
2018-03-27 00:00:00-04:00,20.929327490288017,21.005651655336305,20.00976126534004,20.018957138061523,22700,0.0,0.0
2018-03-28 00:00:00-04:00,20.147699584919717,20.239656575255683,19.449747975136177,19.927003860473633,31600,0.0,0.0
2018-03-29 00:00:00-04:00,20.037349269462407,20.23873415032187,19.329282841669727,19.513195037841797,26300,0.0,0.0
2018-04-02 00:00:00-04:00,19.513193810558043,20.3959782600348,19.283302264351942,20.313217163085938,32400,0.0,0.0
2018-04-03 00:00:00-04:00,20.598285309403508,21.996026543003328,20.17528564219843,21.287960052490234,39600,0.0,0.0
2018-04-04 00:00:00-04:00,21.021287472700525,22.55696335834815,20.681047149034754,22.20752716064453,31800,0.0,0.0
2018-04-05 00:00:00-04:00,22.133958661392278,22.327068479869894,20.883348039429425,20.984500885009766,39200,0.0,0.0
2018-04-06 00:00:00-04:00,20.818981378669722,20.818981378669722,19.41204600082987,20.258047103881836,42200,0.0,0.0
2018-04-09 00:00:00-04:00,20.33160635201206,20.33160635201206,19.50399548655541,19.605148315429688,27900,0.0,0.0
2018-04-10 00:00:00-04:00,19.770676267591803,20.4051775319322,19.595958172265163,20.35000228881836,34000,0.0,0.0
2018-04-11 00:00:00-04:00,20.2396480106994,21.241975097958516,20.2396480106994,21.002887725830078,25500,0.0,0.0
2018-04-12 00:00:00-04:00,21.122438469640713,22.299484031372565,21.050713108024798,22.179941177368164,25000,0.0,0.0
2018-04-13 00:00:00-04:00,22.299477463795448,22.299477463795448,21.729345721856504,22.005216598510742,26200,0.0,0.0
2018-04-16 00:00:00-04:00,22.1523494720459,22.29947992090006,21.416697227775092,22.1523494720459,36500,0.0,0.0
2018-04-17 00:00:00-04:00,22.152347031153095,22.267292791275754,21.592331975377288,22.005216598510742,21500,0.0,0.0
2018-04-18 00:00:00-04:00,21.756935292839568,22.216718374689826,21.52704375191444,21.536239624023438,16900,0.0,0.0
2018-04-19 00:00:00-04:00,21.306347712278857,21.60060859891233,21.17760901286002,21.324739456176758,11400,0.0,0.0
2018-04-20 00:00:00-04:00,21.4350847814326,21.683368043371146,20.56149805992257,20.97530174255371,21700,0.0,0.0
2018-04-23 00:00:00-04:00,21.021282773977397,21.68336977130848,20.62678810942019,21.66497802734375,13900,0.0,0.0
2018-04-24 00:00:00-04:00,21.619002240949087,21.913263153418537,21.26129103421423,21.481067657470703,32100,0.0,0.0
2018-04-25 00:00:00-04:00,21.47187004901556,21.69256571552751,21.223586766464653,21.2603702545166,26000,0.0,0.0
2018-04-26 00:00:00-04:00,21.398302388126837,21.70175911423812,20.120104386927043,20.331605911254883,86400,0.0,0.0
2018-04-27 00:00:00-04:00,20.405171559151718,20.727020034040077,19.30169157494394,19.761474609375,24400,0.0,0.0
2018-04-30 00:00:00-04:00,19.76147575847827,21.159216685369387,19.5959535758289,20.460346221923828,28700,0.0,0.0
2018-05-01 00:00:00-04:00,20.515522664409456,20.8373712045475,19.927000822282817,20.598283767700195,31000,0.0,0.0
2018-05-02 00:00:00-04:00,20.552305392505957,21.223588312969333,20.33160970991252,20.984500885009766,25100,0.0,0.0
2018-05-03 00:00:00-04:00,21.205196537389078,22.501784766986443,21.15002305530268,22.35465431213379,32700,0.0,0.0
2018-05-04 00:00:00-04:00,22.336263206956687,22.731675188448097,22.18453394636816,22.52937126159668,22900,0.0,0.0
2018-05-07 00:00:00-04:00,22.639721036029627,22.98915542678609,22.61213341810147,22.667306900024414,24800,0.0,0.0
2018-05-08 00:00:00-04:00,22.03280463888525,22.75006688444994,21.839696584656263,21.968435287475586,32500,0.0,0.0
2018-05-09 00:00:00-04:00,22.069586513512284,23.117891311645508,22.069586513512284,23.117891311645508,33800,0.0,0.0
2018-05-10 00:00:00-04:00,22.94317582756367,23.653999357253255,22.869610606735858,23.13628387451172,30800,0.0,0.0
2018-05-11 00:00:00-04:00,23.06272689886296,24.193793231184188,23.06272689886296,24.055858612060547,16500,0.0,0.0
2018-05-14 00:00:00-04:00,24.129416112634235,24.625982686781256,22.878805559019472,22.998350143432617,30000,0.0,0.0
2018-05-15 00:00:00-04:00,23.44893930350807,24.120222243017416,22.621330031818,23.559288024902344,47700,0.0,0.0
2018-05-16 00:00:00-04:00,23.632853147524493,24.818173627881627,23.347786349352166,24.524831771850586,33700,0.0,0.0
2018-05-17 00:00:00-04:00,24.51563401452424,25.830613921613416,24.32252596021881,25.24209213256836,19600,0.0,0.0
2018-05-18 00:00:00-04:00,25.33404668753049,26.115678264478234,24.58919859840769,25.968547821044922,29900,0.0,0.0
2018-05-21 00:00:00-04:00,26.014527374971685,26.34556999820058,25.15933056992498,25.59152603149414,28800,0.0,0.0
2018-05-22 00:00:00-04:00,25.619114860104006,25.619114860104006,24.89265672115614,25.0122013092041,24000,0.0,0.0
2018-05-23 00:00:00-04:00,24.96622249080357,25.058179463474556,24.423678281371473,25.003005981445312,27700,0.0,0.0
2018-05-24 00:00:00-04:00,24.966219839576535,25.880268086971572,24.901850491722406,25.481176376342773,37400,0.0,0.0
2018-05-25 00:00:00-04:00,25.46278381048568,26.29039288503118,25.048978396246422,25.9317626953125,16700,0.0,0.0
2018-05-29 00:00:00-04:00,25.894984110484696,26.27200611302613,24.68115700435781,25.19611358642578,38100,0.0,0.0
2018-05-30 00:00:00-04:00,26.36396419222494,26.759377956373264,25.45359382436256,25.89498519897461,29100,0.0,0.0
2018-05-31 00:00:00-04:00,26.010279005793816,26.397666199811805,25.40152795222892,25.853479385375977,33200,0.085,0.0
2018-06-01 00:00:00-04:00,26.047172770085457,26.231643537389097,25.41075055805587,26.056396484375,30900,0.0,0.0
2018-06-04 00:00:00-04:00,26.074842916223282,27.375356674194336,25.35540906233233,27.375356674194336,38200,0.0,0.0
2018-06-05 00:00:00-04:00,27.043311087091084,27.605945344961313,25.678233036407654,25.973384857177734,46200,0.0,0.0
2018-06-06 00:00:00-04:00,26.084066348333753,27.338461523066833,25.835031352457186,26.84961700439453,39700,0.0,0.0
2018-06-07 00:00:00-04:00,26.9787431662729,27.255447520691167,23.87964595242008,24.202468872070312,35800,0.0,0.0
2018-06-08 00:00:00-04:00,24.257809945936195,25.40152576044096,24.165576331849437,24.7374324798584,35000,0.0,0.0
2018-06-11 00:00:00-04:00,24.737432517180814,25.807358627240944,24.737432517180814,25.419971466064453,49000,0.0,0.0
2018-06-12 00:00:00-04:00,25.502983705749994,27.596719166331862,25.502983705749994,27.14476776123047,37900,0.0,0.0
2018-06-13 00:00:00-04:00,27.1632165576447,28.34382379482059,27.114330697807176,27.974884033203125,56600,0.0,0.0
2018-06-14 00:00:00-04:00,27.956435147970822,28.408386552297895,27.306178302253656,27.993330001831055,49800,0.0,0.0
2018-06-15 00:00:00-04:00,28.13168572131524,28.325378450697162,27.144771126669397,27.55060577392578,62400,0.0,0.0
2018-06-18 00:00:00-04:00,27.356909246320413,27.670508483202862,27.070981151248844,27.375356674194336,54300,0.0,0.0
2018-06-19 00:00:00-04:00,27.09865069010265,27.723081877363402,26.453006543983747,27.043310165405273,56100,0.0,0.0
2018-06-20 00:00:00-04:00,27.05253361655403,27.818084277863342,26.61902961868995,27.117097854614258,55200,0.0,0.0
2018-06-21 00:00:00-04:00,27.006419253810318,27.153995171106246,24.257813835875332,25.42919921875,72900,0.0,0.0
2018-06-22 00:00:00-04:00,25.392303766904252,26.64669894772232,24.53451772755292,25.410749435424805,431700,0.0,0.0
2018-06-25 00:00:00-04:00,24.995695839220893,25.51221156334587,24.211697658432428,25.456871032714844,75800,0.0,0.0
2018-06-26 00:00:00-04:00,25.49375918649269,26.706650202616572,25.04180779567604,26.001052856445312,77200,0.0,0.0
2018-06-27 00:00:00-04:00,26.05639468633658,26.203970586298475,24.211694177569388,25.80735969543457,61200,0.0,0.0
2018-06-28 00:00:00-04:00,25.733571415825164,26.176299110039828,24.984622765528112,26.047170639038086,50000,0.0,0.0
2018-06-29 00:00:00-04:00,26.176298654332328,27.209331682092444,25.632113639194447,26.794273376464844,40500,0.0,0.0
2018-07-02 00:00:00-04:00,26.591356793627124,27.055299193917545,25.373854783726404,26.44378089904785,36300,0.0,0.0
2018-07-03 00:00:00-04:00,26.517571647506394,26.886511422927324,26.517571647506394,26.65592384338379,11500,0.0,0.0
2018-07-05 00:00:00-04:00,26.702044010336394,28.31615716358745,26.29620935350217,27.753522872924805,51000,0.0,0.0
2018-07-06 00:00:00-04:00,27.76273982728651,28.869558950163306,27.69356286243777,28.13167953491211,52700,0.0,0.0
2018-07-09 00:00:00-04:00,28.205468590890888,28.592855739015018,27.49525852612275,27.587493896484375,58600,0.0,0.0
2018-07-10 00:00:00-04:00,27.301567359129837,28.302316521547706,26.471452497919305,27.91031837463379,42000,0.0,0.0
2018-07-11 00:00:00-04:00,27.679735856237137,27.679735856237137,26.623644220634045,26.94185447692871,20300,0.0,0.0
2018-07-12 00:00:00-04:00,26.886510105188183,27.09865024575253,25.9272667361074,26.167078018188477,25500,0.0,0.0
2018-07-13 00:00:00-04:00,26.120958037781424,26.120958037781424,25.069479346362318,25.51220703125,33500,0.0,0.0
2018-07-16 00:00:00-04:00,25.539882036343798,25.908821829583616,25.189387913333192,25.42919921875,37100,0.0,0.0
2018-07-17 00:00:00-04:00,25.36463094568022,26.17629836187488,25.327736092595114,25.419971466064453,26600,0.0,0.0
2018-07-18 00:00:00-04:00,25.3646308404428,25.549101586616114,24.07334089495985,24.90345573425293,54100,0.0,0.0
2018-07-19 00:00:00-04:00,24.7005362315394,25.595215192321838,24.7005362315394,24.848112106323242,44400,0.0,0.0
2018-07-20 00:00:00-04:00,24.903454249806238,25.134041789156296,24.72820722731207,25.004913330078125,21300,0.0,0.0
2018-07-23 00:00:00-04:00,24.968023976645426,25.097152464154284,24.220920677246934,24.571413040161133,34700,0.0,0.0
2018-07-24 00:00:00-04:00,24.700542128817208,24.9219059938438,24.03644877449381,24.433059692382812,31700,0.0,0.0
2018-07-25 00:00:00-04:00,24.267033048474154,24.69131505141787,23.335459143846403,23.519929885864258,137800,0.0,0.0
2018-07-26 00:00:00-04:00,23.446145656031238,24.42383652146037,23.446145656031238,23.685956954956055,15900,0.0,0.0
2018-07-27 00:00:00-04:00,23.805861846753693,24.43306036111732,22.846618405383893,24.036449432373047,88200,0.0,0.0
2018-07-30 00:00:00-04:00,24.018000095753724,24.460727770333776,23.19710721998772,23.446142196655273,25500,0.0,0.0
2018-07-31 00:00:00-04:00,23.54760274688024,23.579884865207518,23.08642761735512,23.427696228027344,18200,0.0,0.0
2018-08-01 00:00:00-04:00,23.409244688315994,25.56754405608367,23.10486922666892,24.848112106323242,57600,0.0,0.0
2018-08-02 00:00:00-04:00,25.779691608268173,26.369995237758356,22.24709002695613,23.132545471191406,184000,0.0,0.0
2018-08-03 00:00:00-04:00,23.13254600354216,23.32624048595337,22.671370842579,22.984970092773438,30500,0.0,0.0
2018-08-06 00:00:00-04:00,22.84661532020153,23.035697044506257,21.79421303192656,22.78205108642578,59200,0.0,0.0
2018-08-07 00:00:00-04:00,22.717490012924422,23.492264504499207,21.624505260584343,22.579137802124023,54200,0.0,0.0
2018-08-08 00:00:00-04:00,22.43155435828008,22.800494049848528,21.3662411088289,22.07183837890625,28300,0.0,0.0
2018-08-09 00:00:00-04:00,22.03495003327617,22.865066783350557,21.187311215574226,22.025726318359375,26500,0.0,0.0
2018-08-10 00:00:00-04:00,21.85970041905057,22.219416433687105,21.34871762068566,21.9980525970459,11800,0.0,0.0
2018-08-13 00:00:00-04:00,21.933490152044005,23.146379495864355,21.684455155811538,22.247089385986328,36600,0.0,0.0
2018-08-14 00:00:00-04:00,22.422334149751208,22.948073512292545,22.04417068689714,22.569910049438477,23800,0.0,0.0
2018-08-15 00:00:00-04:00,22.41311374240419,23.483040052589708,22.302432680933276,23.4000301361084,38100,0.0,0.0
2018-08-16 00:00:00-04:00,23.40924714251432,24.38693961451141,23.00618161377157,24.202468872070312,25400,0.0,0.0
2018-08-17 00:00:00-04:00,24.04566629671376,24.49300664833377,23.15098735271691,23.64905548095703,31200,0.0,0.0
2018-08-20 00:00:00-04:00,23.575268536489208,24.03644359574346,23.058752962712553,23.09564781188965,17400,0.0,0.0
2018-08-21 00:00:00-04:00,23.13254442661023,23.68134219741746,23.13254442661023,23.427696228027344,20500,0.0,0.0
2018-08-22 00:00:00-04:00,23.298568725585938,23.55498199569524,23.00341691186964,23.298568725585938,23400,0.0,0.0
2018-08-23 00:00:00-04:00,23.390805665793074,23.898097659515127,23.077206403012415,23.114099502563477,24000,0.0,0.0
2018-08-24 00:00:00-04:00,23.178661872781305,23.40924944388008,22.228642205770246,23.031085968017578,30300,0.0,0.0
2018-08-27 00:00:00-04:00,23.169441744963056,24.27626111796282,23.169441744963056,23.197111129760742,10800,0.0,0.0
2018-08-28 00:00:00-04:00,23.326239266141688,23.81692923174995,22.68981708470509,23.612167358398438,54300,0.0,0.0
2018-08-29 00:00:00-04:00,23.63061475218651,23.750519513527458,23.058756809249957,23.187885284423828,15000,0.0,0.0
2018-08-30 00:00:00-04:00,23.14623917441787,23.14623917441787,21.26751542442492,21.5451602935791,53500,0.085,0.0
2018-08-31 00:00:00-04:00,21.37857148441811,21.850566123819334,21.017633368869163,21.42484474182129,54000,0.0,0.0
2018-09-04 00:00:00-04:00,21.39708570410118,22.063430273976675,20.36980294764932,21.822805404663086,44800,0.0,0.0
2018-09-05 00:00:00-04:00,21.97087765219457,22.06342593221255,21.13794666245602,21.42484474182129,35100,0.0,0.0
2018-09-06 00:00:00-04:00,21.378572768739435,22.489146900038225,20.97136137132402,22.276287078857422,41000,0.0,0.0
2018-09-07 00:00:00-04:00,22.18374014146339,23.174004562552778,22.13746687846815,22.720518112182617,19400,0.0,0.0
2018-09-10 00:00:00-04:00,22.739025285847042,23.01296671084262,21.813546019738745,22.67424201965332,15500,0.0,0.0
2018-09-11 00:00:00-04:00,22.563186305573097,23.563630692612904,21.230497281264594,21.57292366027832,37600,0.0,0.0
2018-09-12 00:00:00-04:00,21.545163023393634,22.345702565242952,21.545163023393634,22.091196060180664,23100,0.0,0.0
2018-09-13 00:00:00-04:00,22.19299415564176,22.19299415564176,21.753391115978726,21.896841049194336,17600,0.0,0.0
2018-09-14 00:00:00-04:00,21.887585118147893,22.396599792883976,21.665470297707518,21.850566864013672,20400,0.0,0.0
2018-09-17 00:00:00-04:00,22.82232038070633,22.82232038070633,21.27399313437709,22.14672088623047,41200,0.0,0.0
2018-09-18 00:00:00-04:00,22.183740344487976,23.011119851241904,21.6284541226158,21.97088050842285,21900,0.0,0.0
2018-09-19 00:00:00-04:00,21.878331479745025,22.961142400277225,21.748764934365514,22.294797897338867,20000,0.0,0.0
2018-09-20 00:00:00-04:00,22.192993596564374,22.706634899899807,21.924605512561936,22.155975341796875,23100,0.0,0.0
2018-09-21 00:00:00-04:00,22.137464729142295,22.424362815323892,21.619196820024513,22.257776260375977,54400,0.0,0.0
2018-09-24 00:00:00-04:00,22.091193584208668,22.415109955140604,20.550269568724616,20.823286056518555,48700,0.0,0.0
2018-09-25 00:00:00-04:00,20.915832980687416,21.674725740495532,20.601169870735998,21.06390953063965,34200,0.0,0.0
2018-09-26 00:00:00-04:00,21.045402299297592,21.98476336806169,20.388312742777984,20.397567749023438,16700,0.0,0.0
2018-09-27 00:00:00-04:00,20.48085590199471,21.49888347358908,19.94407798463937,20.045881271362305,21400,0.0,0.0
2018-09-28 00:00:00-04:00,20.027374487934175,20.47160596005648,19.999611234509743,20.30501937866211,12600,0.0,0.0
2018-10-01 00:00:00-04:00,20.434579462969456,21.359133637747266,20.273546289348737,20.379051208496094,28100,0.0,0.0
2018-10-02 00:00:00-04:00,20.078278092291722,20.078278092291722,19.485971758804013,19.527618408203125,28400,0.0,0.0
2018-10-03 00:00:00-04:00,19.62016198250931,20.26336981739219,19.546123708678437,19.66643524169922,15000,0.0,0.0
2018-10-04 00:00:00-04:00,19.74047351553009,20.508621268479757,19.43506541532629,19.66643524169922,22800,0.0,0.0
2018-10-05 00:00:00-04:00,19.80526068997552,20.242087121281074,19.583145824683008,19.944082260131836,19800,0.0,0.0
2018-10-08 00:00:00-04:00,19.57389081797765,20.471607051065096,19.388795979506572,19.944082260131836,27400,0.0,0.0
2018-10-09 00:00:00-04:00,20.03662449867297,20.278174275387542,19.610904910326038,19.731216430664062,18400,0.0,0.0
2018-10-10 00:00:00-04:00,19.52761486527682,20.03755277859505,19.046365174025897,19.305500030517578,54100,0.0,0.0
2018-10-11 00:00:00-04:00,19.530392574356796,19.897807306865396,17.84324365298162,18.167160034179688,18500,0.0,0.0
2018-10-12 00:00:00-04:00,18.46331439339036,19.19444218790985,16.96866363674587,17.491559982299805,26100,0.0,0.0
2018-10-15 00:00:00-04:00,18.27822145167902,18.327271402723206,17.13062700020919,18.056106567382812,36600,0.0,0.0
2018-10-16 00:00:00-04:00,18.18567009430717,18.56511651204255,17.82473368846422,18.50958824157715,45900,0.0,0.0
2018-10-17 00:00:00-04:00,18.574367782332875,19.47208376123735,18.509584518950394,19.194438934326172,14200,0.0,0.0
2018-10-18 00:00:00-04:00,19.157424536117105,19.286066117909286,18.000575271018533,18.50958824157715,23000,0.0,0.0
2018-10-19 00:00:00-04:00,18.537351625843716,18.65766316211849,17.371247457559843,17.78771209716797,22800,0.0,0.0
2018-10-22 00:00:00-04:00,17.852499599398104,18.5373541867718,17.39346151973079,17.593364715576172,26100,0.0,0.0
2018-10-23 00:00:00-04:00,17.324973410957888,17.97280968501826,17.139878593520525,17.491559982299805,16100,0.0,0.0
2018-10-24 00:00:00-04:00,17.84324295494416,17.84324295494416,17.121368408203125,17.121368408203125,15100,0.0,0.0
2018-10-25 00:00:00-04:00,17.213917263682607,18.287473230871175,16.686394285951724,18.13939666748047,88600,0.0,0.0
2018-10-26 00:00:00-04:00,17.89877192329959,18.2134350637879,16.928869191338812,18.167160034179688,57900,0.0,0.0
2018-10-29 00:00:00-04:00,18.389275954233614,19.18518701622902,18.009827786565282,18.833505630493164,35800,0.0,0.0
2018-10-30 00:00:00-04:00,18.204177695359455,18.972325435048056,18.204177695359455,18.768720626831055,27100,0.0,0.0
2018-10-31 00:00:00-04:00,20.897321675047657,21.74876266709118,19.971842412618244,21.489627838134766,74700,0.0,0.0
2018-11-01 00:00:00-04:00,21.415591970204964,22.590951188995916,21.415591970204964,22.23001480102539,38600,0.0,0.0
2018-11-02 00:00:00-04:00,22.359581846378028,23.590469360351562,22.359581846378028,23.590469360351562,32300,0.0,0.0
2018-11-05 00:00:00-05:00,23.423882265580414,23.802403693541564,22.220759795537454,22.23001480102539,53800,0.0,0.0
2018-11-06 00:00:00-05:00,22.230015645041355,22.873223546573584,21.41559278329941,22.183740615844727,29300,0.0,0.0
2018-11-07 00:00:00-05:00,22.405853704463155,22.86859336889448,21.46186613058417,22.36883544921875,29900,0.0,0.0
2018-11-08 00:00:00-05:00,22.378092170616938,22.838980163288493,21.915352470695865,22.248525619506836,18400,0.0,0.0
2018-11-09 00:00:00-05:00,22.211502075195312,22.71958998746171,22.211502075195312,22.211502075195312,32600,0.0,0.0
2018-11-12 00:00:00-05:00,22.211504627239467,22.489147728995246,20.73999230446791,20.92508888244629,30400,0.0,0.0
2018-11-13 00:00:00-05:00,20.915834088939164,21.980135010068544,20.499367666874196,20.795520782470703,23800,0.0,0.0
2018-11-14 00:00:00-05:00,20.962106696316788,21.83205777010798,20.6011703186128,21.211986541748047,24300,0.0,0.0
2018-11-15 00:00:00-05:00,21.063910446731402,22.21150464137714,21.063910446731402,21.7950382232666,34900,0.0,0.0
2018-11-16 00:00:00-05:00,21.443356998368056,22.67239277836307,20.99912732597553,21.5451602935791,22400,0.0,0.0
2018-11-19 00:00:00-05:00,21.545158993764527,22.230938442952123,20.055136738310694,20.443838119506836,37000,0.0,0.0
2018-11-20 00:00:00-05:00,20.15693859405004,20.40681664866991,19.129656067106257,19.499847412109375,40500,0.0,0.0
2018-11-21 00:00:00-05:00,19.721966261017293,20.06439442858114,18.97232841310047,19.435068130493164,35800,0.0,0.0
2018-11-23 00:00:00-05:00,19.101894099241978,19.870041924525516,18.907544274089062,19.32400894165039,12600,0.0,0.0
2018-11-26 00:00:00-05:00,19.333264827798953,19.638672970669653,18.97232841310047,19.435068130493164,48100,0.0,0.0
2018-11-27 00:00:00-05:00,19.33326648358687,19.607209747184452,18.926056768358617,19.222209930419922,20400,0.0,0.0
2018-11-28 00:00:00-05:00,19.129655057499996,19.518356390541665,18.902911877720907,19.361024856567383,46000,0.0,0.0
2018-11-29 00:00:00-05:00,19.170527727654253,21.233474731445312,19.170527727654253,21.233474731445312,47500,0.085,0.0
2018-11-30 00:00:00-05:00,21.99268105706591,21.99268105706591,20.885009463440984,21.04762840270996,26300,0.0,0.0
2018-12-03 00:00:00-05:00,21.484376144098192,22.00475844211195,21.116391253212193,21.623764038085938,32400,0.0,0.0
2018-12-04 00:00:00-05:00,21.688814374197918,21.779880977810365,19.718792764314646,19.978984832763672,24900,0.0,0.0
2018-12-06 00:00:00-05:00,19.876765276656435,20.471489723601618,19.68533931458452,20.229883193969727,23100,0.0,0.0
2018-12-07 00:00:00-05:00,20.908241610099747,21.056922297534033,18.83600297812246,19.300630569458008,18000,0.0,0.0
2018-12-10 00:00:00-05:00,19.347088672033586,19.67232827408909,18.464297492069488,19.402843475341797,57300,0.0,0.0
2018-12-11 00:00:00-05:00,17.588008344200677,19.830300620341333,17.588008344200677,19.059019088745117,77200,0.0,0.0
2018-12-12 00:00:00-05:00,19.41213958604928,20.452906137649304,19.402846821826277,20.025447845458984,19900,0.0,0.0
2018-12-13 00:00:00-05:00,20.062616393866033,20.87013853905314,19.870259920569225,20.35997772216797,31900,0.0,0.0
2018-12-14 00:00:00-05:00,20.06261575253325,20.62946187424702,19.8581802889641,20.29492950439453,21500,0.0,0.0
2018-12-17 00:00:00-05:00,20.31351178027176,20.950050862265716,18.761656095199747,19.15194320678711,46800,0.0,0.0
2018-12-18 00:00:00-05:00,19.33779861860901,20.56441509771617,18.747721402654047,20.164836883544922,62100,0.0,0.0
2018-12-19 00:00:00-05:00,19.30898752913781,20.731676951822767,19.30898752913781,19.783838272094727,25500,0.0,0.0
2018-12-20 00:00:00-05:00,18.891752757361235,19.644448758423916,18.529343899889042,19.06831169128418,32300,0.0,0.0
2018-12-21 00:00:00-05:00,19.077607169468198,19.918581871018247,18.203178165330563,19.124069213867188,80600,0.0,0.0
2018-12-24 00:00:00-05:00,19.11477329473024,19.570107989837222,18.9679519116349,19.18911361694336,25600,0.0,0.0
2018-12-26 00:00:00-05:00,19.151946876531273,20.713095622015665,18.940076132599916,20.25775909423828,57200,0.0,0.0
2018-12-27 00:00:00-05:00,19.92323033880965,20.164836883544922,18.966096923790705,20.164836883544922,51500,0.0,0.0
2018-12-28 00:00:00-05:00,19.45023689140455,20.963993072509766,19.45023689140455,20.963993072509766,21600,0.0,0.0
2018-12-31 00:00:00-05:00,20.96399242848499,22.018697072451328,20.49007216297501,21.800321578979492,42000,0.0,0.0
2019-01-02 00:00:00-05:00,21.549421406178528,22.441505250267475,21.549421406178528,22.34857940673828,27800,0.0,0.0
2019-01-03 00:00:00-05:00,22.19060704409135,23.129154740122328,21.261352110089963,22.803916931152344,30500,0.0,0.0
2019-01-04 00:00:00-05:00,23.231374271610854,23.538028341099587,21.354278805085528,21.744565963745117,51600,0.0,0.0
2019-01-07 00:00:00-05:00,21.846785113323065,23.389348260983496,21.842137845803418,22.924720764160156,34100,0.0,0.0
2019-01-08 00:00:00-05:00,23.129157105569593,23.80751462380104,22.497263402238005,23.482275009155273,26300,0.0,0.0
2019-01-09 00:00:00-05:00,23.723883797845055,24.57415130906099,23.519446537564242,23.965490341186523,13400,0.0,0.0
2019-01-10 00:00:00-05:00,23.965489112260244,24.71353795497658,23.863270487361508,24.225679397583008,22600,0.0,0.0
2019-01-11 00:00:00-05:00,24.318605431200144,27.278282354586867,24.011951326747035,26.019142150878906,52600,0.0,0.0
2019-01-14 00:00:00-05:00,25.9169195512472,26.696565093396767,24.95978810323334,25.32219696044922,38300,0.0,0.0
2019-01-15 00:00:00-05:00,25.77753568205128,25.77753568205128,24.597381306191856,25.117765426635742,18800,0.0,0.0
2019-01-16 00:00:00-05:00,25.145640629965364,25.145640629965364,24.169923556870337,24.783231735229492,25700,0.0,0.0
2019-01-17 00:00:00-05:00,24.727477502125442,25.810058716104486,24.207093396841877,25.554513931274414,35200,0.0,0.0
2019-01-18 00:00:00-05:00,25.721778914606276,26.4977059958169,25.443001348654484,25.916921615600586,74700,0.0,0.0
2019-01-22 00:00:00-05:00,25.926212132668503,26.283046748109328,25.53592499207293,25.83328628540039,28900,0.0,0.0
2019-01-23 00:00:00-05:00,26.019139370071553,26.361105230151104,24.58065235295287,24.85757064819336,32100,0.0,0.0
2019-01-24 00:00:00-05:00,24.622468948407843,25.17444627856429,24.560209389421612,25.05271339416504,19500,0.0,0.0
2019-01-25 00:00:00-05:00,25.03412900325404,25.3500758299904,24.838984540898917,25.08988380432129,21000,0.0,0.0
2019-01-28 00:00:00-05:00,24.792525434002993,25.117765061448406,24.012879781709902,24.634552001953125,29300,0.0,0.0
2019-01-29 00:00:00-05:00,24.690304786593323,25.577743230639264,24.625257220916644,24.838985443115234,18800,0.0,0.0
2019-01-30 00:00:00-05:00,24.857570008595893,25.229271635550205,24.169921555627116,24.188507080078125,38200,0.0,0.0
2019-01-31 00:00:00-05:00,24.16063057209953,24.606672557282177,23.928316816598574,24.290725708007812,27400,0.0,0.0
2019-02-01 00:00:00-05:00,24.281431985445636,24.49516197909357,24.16062961722135,24.346481323242188,21500,0.0,0.0
2019-02-04 00:00:00-05:00,24.374355973529127,24.741412090008872,24.360417716988636,24.439403533935547,14600,0.0,0.0
2019-02-05 00:00:00-05:00,24.625256759144325,25.49875692914061,24.449628335110667,24.96908187866211,21900,0.0,0.0
2019-02-06 00:00:00-05:00,24.88544680147625,25.275733929453846,23.612366811611952,24.058408737182617,36500,0.0,0.0
2019-02-07 00:00:00-05:00,24.06770269286609,24.73676738682792,23.324299446700884,23.798219680786133,13500,0.0,0.0
2019-02-08 00:00:00-05:00,23.603074444101367,24.116951943255845,22.376458242091758,23.231372833251953,23000,0.0,0.0
2019-02-11 00:00:00-05:00,23.119865420279048,23.59378571986865,22.849453626334366,23.222084045410156,31400,0.0,0.0
2019-02-12 00:00:00-05:00,23.43580827611586,23.603074444101367,22.79462366205553,23.231372833251953,32700,0.0,0.0
2019-02-13 00:00:00-05:00,23.14774371051846,23.68671158158662,22.93866096475637,23.222084045410156,30500,0.0,0.0
2019-02-14 00:00:00-05:00,23.510149851696866,23.599358952022023,22.90613448031269,23.06410789489746,16100,0.0,0.0
2019-02-15 00:00:00-05:00,23.24066765210846,23.407933834898714,23.045523181382084,23.119863510131836,30700,0.0,0.0
2019-02-19 00:00:00-05:00,23.017643857217806,23.082691415385,22.292824411041156,22.76674461364746,28500,0.0,0.0
2019-02-20 00:00:00-05:00,22.580895454846488,22.85967301414395,22.580895454846488,22.729576110839844,45600,0.0,0.0
2019-02-21 00:00:00-05:00,22.46009402026094,22.966538079672308,22.46009402026094,22.78533363342285,53700,0.0,0.0
2019-02-22 00:00:00-05:00,22.83179584378354,22.95259999044806,22.376461090970036,22.878259658813477,55900,0.0,0.0
2019-02-25 00:00:00-05:00,22.9804762104511,23.110573118442495,22.8689666006451,22.887550354003906,20900,0.0,0.0
2019-02-26 00:00:00-05:00,23.157035778503804,23.19420505862673,22.655237203744278,22.757455825805664,20800,0.0,0.0
2019-02-27 00:00:00-05:00,22.692406122315557,23.352176291070236,22.692406122315557,23.17561912536621,12600,0.0,0.0
2019-02-28 00:00:00-05:00,23.280054347838902,23.478663747945806,22.630149841308594,22.630149841308594,13300,0.085,0.0
2019-03-01 00:00:00-05:00,22.751364722470015,22.881906551133824,22.555554647186497,22.7700138092041,9600,0.0,0.0
2019-03-04 00:00:00-05:00,22.770012355121388,22.83528237604778,22.51825503571272,22.74203872680664,50300,0.0,0.0
2019-03-05 00:00:00-05:00,22.73271331030033,22.93784968644133,22.518254170220754,22.686092376708984,47100,0.0,0.0
2019-03-06 00:00:00-05:00,22.75136218856128,22.77933581554688,21.96811841771056,22.266496658325195,37300,0.0,0.0
2019-03-07 00:00:00-05:00,21.352710724135115,21.352710724135115,18.257034118514795,18.592710494995117,245400,0.0,0.0
2019-03-08 00:00:00-05:00,18.592711660608,19.702305479581554,18.58338711862404,19.59973907470703,83800,0.0,0.0
2019-03-11 00:00:00-04:00,19.59974007556995,19.725618731069652,19.077576368650895,19.50649642944336,76100,0.0,0.0
2019-03-12 00:00:00-04:00,19.46919998264176,20.229133364887407,19.46919998264176,19.767580032348633,31400,0.0,0.0
2019-03-13 00:00:00-04:00,19.758254639309314,20.196497484024352,19.64636190317212,20.093929290771484,41900,0.0,0.0
2019-03-14 00:00:00-04:00,20.04730947609966,20.373661381405544,19.32001109671581,19.431903839111328,22300,0.0,0.0
2019-03-15 00:00:00-04:00,19.44122688935084,20.177847977090206,19.301362305954726,20.010009765625,101400,0.0,0.0
2019-03-18 00:00:00-04:00,19.82352341363473,20.04730709335288,19.394603360318996,19.991361618041992,49600,0.0,0.0
2019-03-19 00:00:00-04:00,20.084605547489314,20.084605547489314,19.310684532081638,19.581090927124023,49600,0.0,0.0
2019-03-20 00:00:00-04:00,19.581089860644635,19.814198073271356,18.95635977966604,19.142847061157227,33400,0.0,0.0
2019-03-21 00:00:00-04:00,19.133521023403308,19.347980135419892,19.058926472333436,19.077573776245117,19400,0.0,0.0
2019-03-22 00:00:00-04:00,19.012306150635055,19.366631646507457,18.751226078386555,19.08690071105957,39100,0.0,0.0
2019-03-25 00:00:00-04:00,18.947039493068424,19.730283405681284,18.774539874955746,19.57176971435547,21500,0.0,0.0
2019-03-26 00:00:00-04:00,19.4729304503456,20.047308421837304,19.273389144598386,20.01933479309082,34500,0.0,0.0
2019-03-27 00:00:00-04:00,19.99136190166523,20.010009208050352,19.52514545101942,19.581090927124023,25100,0.0,0.0
2019-03-28 00:00:00-04:00,19.571765508614234,19.76757733392726,19.05892814724954,19.525144577026367,30000,0.0,0.0
2019-03-29 00:00:00-04:00,19.52514599508344,20.010009765625,19.34798324092854,20.010009765625,61800,0.0,0.0
2019-04-01 00:00:00-04:00,20.14987118140511,20.355005734801058,19.292033027743702,19.609060287475586,52500,0.0,0.0
2019-04-02 00:00:00-04:00,19.63703727722168,19.91676822714403,19.4225781272135,19.63703727722168,28400,0.0,0.0
2019-04-03 00:00:00-04:00,19.739602907815346,20.336359344630434,19.506494702375143,20.00068473815918,55700,0.0,0.0
2019-04-04 00:00:00-04:00,20.000684153679284,20.849197854407553,19.581088684758967,20.709331512451172,41300,0.0,0.0
2019-04-05 00:00:00-04:00,20.793251865703997,21.166226428879916,20.63473820989659,21.072982788085938,27000,0.0,0.0
2019-04-08 00:00:00-04:00,20.85852516308555,21.063659764842832,20.289740513860135,20.382984161376953,44500,0.0,0.0
2019-04-09 00:00:00-04:00,20.23379558842585,20.504200217275248,20.00534873470464,20.16852378845215,16200,0.0,0.0
2019-04-10 00:00:00-04:00,20.23379745590099,20.280418395996094,19.93821493343948,20.280418395996094,18600,0.0,0.0
2019-04-11 00:00:00-04:00,20.364337690019497,21.68279759300428,20.24312039914653,21.156906127929688,48300,0.0,0.0
2019-04-12 00:00:00-04:00,21.22217263977995,21.4179826916278,20.57879345225564,20.7839298248291,20600,0.0,0.0
2019-04-15 00:00:00-04:00,20.532175232647308,21.268796383071674,20.476227971748127,20.802579879760742,20600,0.0,0.0
2019-04-16 00:00:00-04:00,21.16622716474836,21.16622716474836,20.606767079008723,20.7839298248291,10100,0.0,0.0
2019-04-17 00:00:00-04:00,20.83054966786432,21.01703694617969,20.48554873652324,20.91446876525879,21600,0.0,0.0
2019-04-18 00:00:00-04:00,20.94244317778549,20.94244317778549,20.588119439746585,20.6627140045166,20100,0.0,0.0
2019-04-22 00:00:00-04:00,20.1498735851576,20.56200836058443,20.1498735851576,20.261764526367188,25300,0.0,0.0
2019-04-23 00:00:00-04:00,20.308390809677,20.37366083328724,19.879470716920817,20.06595802307129,20600,0.0,0.0
2019-04-24 00:00:00-04:00,20.037981601222075,20.14987432501455,19.665008819371348,19.86081886291504,28400,0.0,0.0
2019-04-25 00:00:00-04:00,19.683659269913697,19.683659269913697,18.294334449498596,18.825820922851562,55900,0.0,0.0
2019-04-26 00:00:00-04:00,18.602037899630613,18.602037899630613,17.54838767948869,17.93068504333496,56300,0.0,0.0
2019-04-29 00:00:00-04:00,17.88406230962793,17.88406230962793,16.466763953799806,17.175413131713867,68700,0.0,0.0
2019-04-30 00:00:00-04:00,17.147441683801873,17.371225382331577,16.20568417427599,16.877037048339844,53900,0.0,0.0
2019-05-01 00:00:00-04:00,16.923656443888973,16.929251524923178,16.364196359282193,16.429468154907227,38500,0.0,0.0
2019-05-02 00:00:00-04:00,16.410820029581362,17.110144731593568,16.201022263282763,16.942306518554688,52300,0.0,0.0
2019-05-03 00:00:00-04:00,17.063517544580442,17.71622114007828,17.063517544580442,17.156761169433594,17000,0.0,0.0
2019-05-06 00:00:00-04:00,16.839739400739315,17.035551254601003,15.953929122100126,16.77446937561035,29000,0.0,0.0
2019-05-07 00:00:00-04:00,16.67189640625744,16.67189640625744,15.851356387548329,15.98189640045166,28200,0.0,0.0
2019-05-08 00:00:00-04:00,15.851358550306488,16.131087695686787,15.622911718082099,15.720818519592285,21300,0.0,0.0
2019-05-09 00:00:00-04:00,15.664873692834073,15.925955573155404,15.124062623827237,15.618252754211426,30800,0.0,0.0
2019-05-10 00:00:00-04:00,15.552979287603634,16.364194822392466,15.43176202844476,15.888655662536621,43800,0.0,0.0
2019-05-13 00:00:00-04:00,15.571629684983582,16.765142623777827,15.282574213954108,16.541358947753906,41900,0.0,0.0
2019-05-14 00:00:00-04:00,16.569332275435404,17.277981459304637,16.466764092179144,16.914331436157227,24200,0.0,0.0
2019-05-15 00:00:00-04:00,16.54135988053939,17.28730728782515,16.54135988053939,17.16609001159668,32800,0.0,0.0
2019-05-16 00:00:00-04:00,17.17541439286736,17.43742817045096,17.091495288105374,17.42717170715332,26600,0.0,0.0
2019-05-17 00:00:00-04:00,17.250010021050905,17.511091894052857,17.203389083735264,17.259334564208984,36600,0.0,0.0
2019-05-20 00:00:00-04:00,17.166091549572712,18.676633806343794,17.007577866939172,18.63933563232422,58700,0.0,0.0
2019-05-21 00:00:00-04:00,18.72324944715036,19.08689764856312,17.585682138580747,18.611356735229492,59500,0.0,0.0
2019-05-22 00:00:00-04:00,18.480824080228082,18.480824080228082,17.678931031110306,17.958662033081055,19100,0.0,0.0
2019-05-23 00:00:00-04:00,17.781495914930304,17.9773077575081,17.42717217958792,17.93068504333496,26600,0.0,0.0
2019-05-24 00:00:00-04:00,17.958659295340496,18.285011191984214,17.669605571330234,17.790821075439453,11000,0.0,0.0
2019-05-28 00:00:00-04:00,17.781494415877678,17.924156530118562,17.361900694541056,17.520414352416992,41700,0.0,0.0
2019-05-29 00:00:00-04:00,17.436497082929666,17.78149628257043,16.94230697332496,17.59501075744629,38000,0.0,0.0
2019-05-30 00:00:00-04:00,17.604381444997976,17.941664796705055,16.64874140999906,17.042240142822266,48400,0.09,0.0
2019-05-31 00:00:00-04:00,16.911070250021634,17.09845125251955,16.26929326501244,16.38640594482422,36200,0.0,0.0
2019-06-03 00:00:00-04:00,16.423884366378484,16.870785721615,15.90390373440647,15.908587455749512,31400,0.0,0.0
2019-06-04 00:00:00-04:00,16.067857583232716,16.4145118644407,15.702466633389895,15.711835861206055,38300,0.0,0.0
2019-06-05 00:00:00-04:00,15.824267199192786,16.199029262800202,15.585358081291117,15.702470779418945,38800,0.0,0.0
2019-06-06 00:00:00-04:00,15.674362588741454,16.086599773365855,15.280863864099507,15.739945411682129,30100,0.0,0.0
2019-06-07 00:00:00-04:00,15.777419264645955,16.292714305008893,15.749311580136183,15.927323341369629,39900,0.0,0.0
2019-06-10 00:00:00-04:00,16.15218078177404,16.648739193538297,16.03506810053699,16.63936996459961,23700,0.0,0.0
2019-06-11 00:00:00-04:00,16.714323955831475,17.417000125094575,16.58128374860321,17.3045711517334,25200,0.0,0.0
2019-06-12 00:00:00-04:00,17.31393727296067,17.74491284196383,16.856730366380756,17.38888931274414,44200,0.0,0.0
2019-06-13 00:00:00-04:00,17.370151956300354,17.805809441756807,17.357033607534248,17.613744735717773,22600,0.0,0.0
2019-06-14 00:00:00-04:00,18.11030815340405,18.11030815340405,16.62063444202385,17.48258399963379,44500,0.0,0.0
2019-06-17 00:00:00-04:00,17.735545616025117,17.763651517243687,17.173404360682436,17.18277359008789,19500,0.0,0.0
2019-06-18 00:00:00-04:00,17.810497283721137,18.03535342365424,17.089082717895508,17.089082717895508,24800,0.0,0.0
2019-06-19 00:00:00-04:00,17.32330937169469,17.641856040305452,17.126560904786924,17.21088218688965,36400,0.0,0.0
2019-06-20 00:00:00-04:00,17.33267575168969,17.866709259200512,16.873594284057617,16.873594284057617,23100,0.0,0.0
2019-06-21 00:00:00-04:00,16.808011803307334,17.126558425810195,16.658107720599826,16.864225387573242,29700,0.0,0.0
2019-06-24 00:00:00-04:00,16.836121734925968,17.00476431511856,16.039756774902344,16.039756774902344,22900,0.0,0.0
2019-06-25 00:00:00-04:00,16.31145273696074,16.48946449792803,15.871109735618015,16.26460838317871,54700,0.0,0.0
2019-06-26 00:00:00-04:00,16.901700788345774,16.901700788345774,16.086595847986477,16.283344268798828,29600,0.0,0.0
2019-06-27 00:00:00-04:00,16.358299824367997,16.808013916015625,16.063177129627867,16.808013916015625,35100,0.0,0.0
2019-06-28 00:00:00-04:00,16.845488550249428,18.297686948235082,16.667478551791373,17.847972869873047,90000,0.0,0.0
2019-07-01 00:00:00-04:00,18.025984194665977,19.515657685363745,17.782389596319415,17.810497283935547,37900,0.0,0.0
2019-07-02 00:00:00-04:00,17.55753099923771,17.96039886369953,17.257722854614258,17.257722854614258,25200,0.0,0.0
2019-07-03 00:00:00-04:00,17.220247688161272,17.220247688161272,16.798643112182617,16.798643112182617,24000,0.0,0.0
2019-07-05 00:00:00-04:00,16.845491058510042,17.463845997957154,16.676848477388454,16.751800537109375,20100,0.0,0.0
2019-07-08 00:00:00-04:00,16.639370778055024,16.826750004996164,15.768052101135254,15.768052101135254,49400,0.0,0.0
2019-07-09 00:00:00-04:00,15.693097623350335,15.852370924440358,15.25837473903468,15.318337440490723,50200,0.0,0.0
2019-07-10 00:00:00-04:00,15.215280276186865,15.580671292484535,15.199352764702354,15.299601554870605,26000,0.0,0.0
2019-07-11 00:00:00-04:00,15.365181551329698,15.458872042319006,15.18716979714976,15.402658462524414,20900,0.0,0.0
2019-07-12 00:00:00-04:00,15.318338060074426,15.608776990163372,15.196539878845215,15.196539878845215,41700,0.0,0.0
2019-07-15 00:00:00-04:00,15.196539392452983,15.468241644192924,14.784303187827968,15.365181922912598,58100,0.0,0.0
2019-07-16 00:00:00-04:00,15.34644388445327,15.505717191221603,15.308968758330025,15.430765151977539,34000,0.0,0.0
2019-07-17 00:00:00-04:00,15.355811993425185,15.636883460350882,15.234015608655593,15.412027359008789,64600,0.0,0.0
2019-07-18 00:00:00-04:00,15.430766992649435,15.44482173024506,15.177804946899414,15.177804946899414,28500,0.0,0.0
2019-07-19 00:00:00-04:00,15.14969577083675,15.34644420787474,14.77493556671848,15.243386268615723,22000,0.0,0.0
2019-07-22 00:00:00-04:00,15.402662300743941,15.402662300743941,14.877997028759182,14.990425109863281,30700,0.0,0.0
2019-07-23 00:00:00-04:00,15.121588458338726,15.121588458338726,14.84988797377629,14.896732330322266,35300,0.0,0.0
2019-07-24 00:00:00-04:00,14.877993672069376,15.027898639886418,14.756196388311084,14.952945709228516,48900,0.0,0.0
2019-07-25 00:00:00-04:00,14.962317544413157,15.037268701133678,14.578188063663797,14.625032424926758,24900,0.0,0.0
2019-07-26 00:00:00-04:00,14.699982168417613,15.009160443930039,14.377688224348763,14.765565872192383,21200,0.0,0.0
2019-07-29 00:00:00-04:00,14.774937856308291,14.990424783694404,14.634402087861789,14.793675422668457,34100,0.0,0.0
2019-07-30 00:00:00-04:00,14.674688595277658,15.280863277767804,14.674688595277658,15.140328407287598,35200,0.0,0.0
2019-07-31 00:00:00-04:00,15.121589843111895,16.002277765407722,15.121589843111895,15.374553680419922,29100,0.0,0.0
2019-08-01 00:00:00-04:00,13.154095667426766,14.184687568521687,12.919870316586904,13.051036834716797,67600,0.0,0.0
2019-08-02 00:00:00-04:00,12.901134153176377,13.497939597011053,11.804959320808493,12.498266220092773,136000,0.0,0.0
2019-08-05 00:00:00-04:00,12.367100048836948,13.528857734559745,12.367100048836948,13.285264015197754,104400,0.0,0.0
2019-08-06 00:00:00-04:00,13.275892413638628,13.716236305371888,12.947976578486434,13.116619110107422,91300,0.0,0.0
2019-08-07 00:00:00-04:00,13.022928846654779,14.147211219357773,12.957346035863324,13.678760528564453,60200,0.0,0.0
2019-08-08 00:00:00-04:00,13.660020973922746,14.343959392118478,13.660020973922746,13.838032722473145,54300,0.0,0.0
2019-08-09 00:00:00-04:00,13.763082453140292,14.04321669115422,13.313370168186244,13.585071563720703,58800,0.0,0.0
2019-08-12 00:00:00-04:00,13.519489292351878,13.67876262308983,13.079145325399958,13.10725212097168,65800,0.0,0.0
2019-08-13 00:00:00-04:00,13.154098231656489,13.58507299695502,12.835551549457707,13.444538116455078,54000,0.0,0.0
2019-08-14 00:00:00-04:00,13.28526250354936,13.425797360017564,12.713752061981328,12.835549354553223,78100,0.0,0.0
2019-08-15 00:00:00-04:00,12.919870291681969,13.060405144515464,12.517002403094374,12.844918251037598,54100,0.0,0.0
2019-08-16 00:00:00-04:00,12.863657830252492,13.650655273843851,12.863657830252492,13.304001808166504,60900,0.0,0.0
2019-08-19 00:00:00-04:00,13.41642784776813,14.016045069257322,13.229047745271135,13.875510215759277,42600,0.0,0.0
2019-08-20 00:00:00-04:00,13.809927672776686,14.550079810096499,13.809927672776686,14.409544944763184,82200,0.0,0.0
2019-08-21 00:00:00-04:00,14.540711314745762,14.971685135305046,14.109736600687604,14.25964069366455,42300,0.0,0.0
2019-08-22 00:00:00-04:00,14.297115844581883,14.62503080458677,14.128473303522968,14.33459186553955,30700,0.0,0.0
2019-08-23 00:00:00-04:00,14.50323478314569,14.50323478314569,13.182203811831904,13.425798416137695,65500,0.0,0.0
2019-08-26 00:00:00-04:00,13.397691624883612,13.781821096814372,13.33210791232304,13.631916999816895,57900,0.0,0.0
2019-08-27 00:00:00-04:00,13.425797038661056,13.725605201816464,12.85428750427136,13.051036834716797,35500,0.0,0.0
2019-08-28 00:00:00-04:00,12.826180063400395,13.312431951050952,12.826180063400395,12.966715812683105,31700,0.0,0.0
2019-08-29 00:00:00-04:00,13.117601389988177,13.59854889427728,12.94785500039268,13.03272819519043,47300,0.09,0.0
2019-08-30 00:00:00-04:00,13.428801232934015,13.438231786873377,13.049702137912359,13.362789154052734,51500,0.0,0.0
2019-09-03 00:00:00-04:00,13.673992172030145,13.673992172030145,13.164753878838773,13.306208610534668,56600,0.0,0.0
2019-09-04 00:00:00-04:00,13.768295928210692,13.994623858698395,13.438233688405688,13.56082820892334,64600,0.0,0.0
2019-09-05 00:00:00-04:00,13.740002020753815,13.900317836864428,13.372219418550616,13.494813919067383,59900,0.0,0.0
2019-09-06 00:00:00-04:00,13.541966431553458,13.806016570134224,13.325069067019836,13.74000358581543,56000,0.0,0.0
2019-09-09 00:00:00-04:00,13.74000299229886,14.5321515751289,13.74000299229886,14.400127410888672,36200,0.0,0.0
2019-09-10 00:00:00-04:00,14.409557358366254,14.551012979226366,14.230381317826733,14.381266593933105,62500,0.0,0.0
2019-09-11 00:00:00-04:00,14.4189878882796,14.881074270401234,14.343545250355545,14.522721290588379,79800,0.0,0.0
2019-09-12 00:00:00-04:00,14.433133731832793,15.02252990318373,14.305823942977668,14.890504837036133,82900,0.0,0.0
2019-09-13 00:00:00-04:00,14.9282261540244,15.352592116817846,14.9282261540244,15.088541984558105,85800,0.0,0.0
2019-09-16 00:00:00-04:00,15.041390126774772,15.446894081479313,15.017814639638027,15.060251235961914,57000,0.0,0.0
2019-09-17 00:00:00-04:00,15.031959847883588,15.22999700124488,14.683037415646492,15.069681167602539,51400,0.0,0.0
2019-09-18 00:00:00-04:00,15.079109810575162,15.381824644510028,14.701896661210345,14.956515312194824,59100,0.0,0.0
2019-09-19 00:00:00-04:00,14.994239213349928,15.161156263086943,14.588735232677864,14.607595443725586,37000,0.0,0.0
2019-09-20 00:00:00-04:00,14.664176259611505,15.258287681374803,14.56987251672318,15.211134910583496,67200,0.0,0.0
2019-09-23 00:00:00-04:00,15.041390440478716,15.890121485310445,14.805631966805548,15.097972869873047,58700,0.0,0.0
2019-09-24 00:00:00-04:00,14.994237928143008,15.258288054956422,14.277532882163191,14.739619255065918,66700,0.0,0.0
2019-09-25 00:00:00-04:00,14.767910318598231,15.022529896189944,14.484999976612055,14.805631637573242,65900,0.0,0.0
2019-09-26 00:00:00-04:00,14.709441027537707,14.918794649357489,14.220949842856303,14.664175987243652,54600,0.0,0.0
2019-09-27 00:00:00-04:00,14.635886156708011,15.088541984558105,14.56044261938581,15.088541984558105,67600,0.0,0.0
2019-09-30 00:00:00-04:00,14.974435237690615,15.475186375219158,14.974435237690615,15.248858451843262,49300,0.0,0.0
2019-10-01 00:00:00-04:00,15.409172360039754,15.560057623401443,14.626454381840663,14.909364700317383,81300,0.0,0.0
2019-10-02 00:00:00-04:00,14.777343204853938,14.777343204853938,14.09835845682147,14.220952987670898,48700,0.0,0.0
2019-10-03 00:00:00-04:00,14.060634608973267,14.607594171945944,13.777724273110499,14.371835708618164,56300,0.0,0.0
2019-10-04 00:00:00-04:00,14.371835747682479,14.569872893389988,14.20209026518116,14.400127410888672,55700,0.0,0.0
2019-10-07 00:00:00-04:00,14.381265676942835,14.758478843156583,14.305823043700086,14.635885238647461,82100,0.0,0.0
2019-10-08 00:00:00-04:00,14.522722297512866,14.588735284783775,14.07949699381507,14.437849998474121,49100,0.0,0.0
2019-10-09 00:00:00-04:00,14.55101327529528,14.55101327529528,14.249241817595218,14.362405776977539,31300,0.0,0.0
2019-10-10 00:00:00-04:00,14.34354528834466,14.607594521778193,14.258672095618515,14.551012992858887,33800,0.0,0.0
2019-10-11 00:00:00-04:00,14.749048856653893,15.173413883932811,14.61230852488615,14.965946197509766,63600,0.0,0.0
2019-10-14 00:00:00-04:00,14.899936984728898,15.113061605444484,14.683038702820356,15.022531509399414,28500,0.0,0.0
2019-10-15 00:00:00-04:00,15.003669681917486,15.758096106415211,15.003669681917486,15.710945129394531,64800,0.0,0.0
2019-10-16 00:00:00-04:00,15.710947342818097,16.107021721153625,15.512911052997698,15.607213020324707,119000,0.0,0.0
2019-10-17 00:00:00-04:00,15.380882867914718,16.201323177013357,15.380882867914718,16.107019424438477,43700,0.0,0.0
2019-10-18 00:00:00-04:00,15.984426988339372,16.521956079501102,15.984426988339372,16.484233856201172,92700,0.0,0.0
2019-10-21 00:00:00-04:00,16.60682615002867,17.150013831941326,16.550242825754328,17.068912506103516,49300,0.0,0.0
2019-10-22 00:00:00-04:00,17.14435512791852,17.210367207498663,16.875590633231205,16.984039306640625,36300,0.0,0.0
2019-10-23 00:00:00-04:00,16.83315346653743,17.342390776464132,16.776571942922065,17.248088836669922,33800,0.0,0.0
2019-10-24 00:00:00-04:00,17.29523909247449,17.389542827069253,16.8718175005639,17.342390060424805,39600,0.0,0.0
2019-10-25 00:00:00-04:00,17.19150675107027,17.710176450721118,17.163216886574595,17.540430068969727,22000,0.0,0.0
2019-10-28 00:00:00-04:00,17.47913555067077,17.75355879794185,17.389547965614724,17.464990615844727,34500,0.0,0.0
2019-10-29 00:00:00-04:00,17.446128803204672,17.710178967756203,17.304674064539228,17.587583541870117,30600,0.0,0.0
2019-10-30 00:00:00-04:00,17.578152289967775,17.955367309729187,17.290526646812236,17.87992286682129,21200,0.0,0.0
2019-10-31 00:00:00-04:00,17.84220315068467,17.963854261910846,17.512140894668907,17.587583541870117,37400,0.0,0.0
2019-11-01 00:00:00-04:00,17.889350310132667,17.96479294122196,17.663022416864795,17.927072525024414,35400,0.0,0.0
2019-11-04 00:00:00-05:00,18.02138197110143,18.08173537560967,17.597015912639552,17.983659744262695,54900,0.0,0.0
2019-11-05 00:00:00-05:00,17.9836558830995,18.521184909278386,17.964794773729693,18.351438522338867,42500,0.0,0.0
2019-11-06 00:00:00-05:00,18.21941382178579,18.88896879529523,18.21941382178579,18.5023250579834,47500,0.0,0.0
2019-11-07 00:00:00-05:00,16.13530820878194,19.534944481811024,16.078724888123553,19.096433639526367,206600,0.0,0.0
2019-11-08 00:00:00-05:00,19.096438028726233,19.935737692431196,18.549478394172226,19.567955017089844,155500,0.0,0.0
2019-11-11 00:00:00-05:00,19.46421820064734,20.011177764853304,19.049284599314774,19.351055145263672,72200,0.0,0.0
2019-11-12 00:00:00-05:00,19.115297263566703,19.445359482760836,18.351438522338867,18.351438522338867,109500,0.0,0.0
2019-11-13 00:00:00-05:00,18.285426464577117,18.445742297062647,18.0119475730985,18.209983825683594,20300,0.0,0.0
2019-11-14 00:00:00-05:00,18.16283672435713,18.33258314774188,17.97422918755301,17.983659744262695,30900,0.0,0.0
2019-11-15 00:00:00-05:00,18.115680163497437,18.134541272984062,17.18207682824227,17.304672241210938,49000,0.0,0.0
2019-11-18 00:00:00-05:00,17.29523920485035,17.785617188974047,16.653975963872302,17.710174560546875,46500,0.0,0.0
2019-11-19 00:00:00-05:00,17.700745252810773,18.266565905180126,17.44612568944042,18.228843688964844,52600,0.0,0.0
2019-11-20 00:00:00-05:00,18.011948260517173,18.653211614932854,18.011948260517173,18.172264099121094,24000,0.0,0.0
2019-11-21 00:00:00-05:00,18.1911251377161,18.257137224170915,17.842201796704906,18.20055389404297,21600,0.0,0.0
2019-11-22 00:00:00-05:00,18.35143918873628,18.54947724692189,18.176978417466295,18.54004669189453,22400,0.0,0.0
2019-11-25 00:00:00-05:00,18.587200189544554,18.860680926350085,18.474037111255484,18.70036506652832,31300,0.0,0.0
2019-11-26 00:00:00-05:00,18.690932015123995,18.90782938513614,18.624919928485035,18.65321159362793,59100,0.0,0.0
2019-11-27 00:00:00-05:00,18.69110420469139,18.75741802225916,18.018490561457128,18.359533309936523,43800,0.09,0.0
2019-11-29 00:00:00-05:00,18.40690141995281,18.73847231122773,18.245852804585905,18.62479019165039,13300,0.0,0.0
2019-12-02 00:00:00-05:00,18.653209717408018,18.710049869302374,18.26479870011754,18.37847900390625,28700,0.0,0.0
2019-12-03 00:00:00-05:00,17.866913153757636,17.971119792674745,17.5732351349406,17.753231048583984,27900,0.0,0.0
2019-12-04 00:00:00-05:00,17.79112814245126,18.245853012100337,17.79112814245126,18.07533073425293,22900,0.0,0.0
2019-12-05 00:00:00-05:00,18.056379723096505,18.226901966097337,17.810070017308153,17.942699432373047,27800,0.0,0.0
2019-12-06 00:00:00-05:00,18.264801288926922,18.482690074501523,18.21743298320455,18.42584991455078,38500,0.0,0.0
2019-12-09 00:00:00-05:00,18.441004276944955,18.615315647411386,18.141643484337735,18.274272918701172,55700,0.0,0.0
2019-12-10 00:00:00-05:00,18.71005262704398,18.71005262704398,17.819548350503855,17.86691665649414,32400,0.0,0.0
2019-12-11 00:00:00-05:00,17.791128298496567,17.96164877092359,17.497450236554187,17.800601959228516,41500,0.0,0.0
2019-12-12 00:00:00-05:00,17.829018790528607,18.22690345438052,17.554289893084743,17.630077362060547,40000,0.0,0.0
2019-12-13 00:00:00-05:00,17.630077251358777,17.7058647198587,17.213245271151315,17.487974166870117,31100,0.0,0.0
2019-12-16 00:00:00-05:00,17.63008097660933,17.875442122024293,17.289036392838792,17.336402893066406,45300,0.0,0.0
2019-12-17 00:00:00-05:00,17.3837706012263,17.497450920622015,17.222721976318958,17.28903579711914,34800,0.0,0.0
2019-12-18 00:00:00-05:00,16.985884226793136,18.05638253100199,16.985884226793136,18.009016036987305,52900,0.0,0.0
2019-12-19 00:00:00-05:00,18.009014430037883,18.19848219610629,17.630077090985306,17.753231048583984,63900,0.0,0.0
2019-12-20 00:00:00-05:00,17.83849115609953,18.037434377053028,17.80059832781808,17.819543838500977,77000,0.0,0.0
2019-12-23 00:00:00-05:00,17.838492175735283,17.866913153757636,16.701678351661794,17.753231048583984,43100,0.0,0.0
2019-12-24 00:00:00-05:00,17.706811523528888,17.99954091389974,17.706811523528888,17.762704849243164,7500,0.0,0.0
2019-12-26 00:00:00-05:00,17.791126537708738,18.132169255725813,17.734284578942685,17.95217514038086,42400,0.0,0.0
2019-12-27 00:00:00-05:00,17.999542797335003,18.189012391652284,17.847967844647563,18.037437438964844,32000,0.0,0.0
2019-12-30 00:00:00-05:00,18.065856050188373,18.283744812020835,17.885860121888726,18.141643524169922,18300,0.0,0.0
2019-12-31 00:00:00-05:00,18.14164483263259,18.30269345232347,17.895335072698533,18.09427833557129,68300,0.0,0.0
2020-01-02 00:00:00-05:00,18.11322374305298,18.245851366342073,17.67744442709248,17.95217514038086,59500,0.0,0.0
2020-01-03 00:00:00-05:00,17.772176977606733,18.065853166544606,17.16587728253097,17.23219108581543,36100,0.0,0.0
2020-01-06 00:00:00-05:00,17.23219434363212,17.39324295644797,16.990620520950365,17.05219841003418,78100,0.0,0.0
2020-01-07 00:00:00-05:00,16.985885209683495,17.056934954816825,16.73957545133935,16.81536293029785,61800,0.0,0.0
2020-01-08 00:00:00-05:00,16.872203757820085,17.364823294071382,16.872203757820085,17.146934509277344,60700,0.0,0.0
2020-01-09 00:00:00-05:00,17.26061352216815,17.36482197957952,16.843783306354585,16.910097122192383,26800,0.0,0.0
2020-01-10 00:00:00-05:00,16.881676616230607,16.881676616230607,16.55957938145204,16.663787841796875,17500,0.0,0.0
2020-01-13 00:00:00-05:00,16.663787376912943,16.853256970996664,16.540631598683735,16.767995834350586,21100,0.0,0.0
2020-01-14 00:00:00-05:00,16.843786586353275,16.921467725640454,16.673264279898216,16.730104446411133,22600,0.0,0.0
2020-01-15 00:00:00-05:00,16.77746712568797,17.19429913455629,16.747152497586757,16.872201919555664,26000,0.0,0.0
2020-01-16 00:00:00-05:00,16.985886654063318,17.303246184527183,16.90062550712039,16.919572830200195,19800,0.0,0.0
2020-01-17 00:00:00-05:00,17.052197990621334,17.080618971095433,16.540631183583052,16.59747314453125,30700,0.0,0.0
2020-01-21 00:00:00-05:00,16.521686545727743,16.758522641481633,16.436425406703062,16.663787841796875,34000,0.0,0.0
2020-01-22 00:00:00-05:00,16.68273311617788,16.68273311617788,16.048012385159826,16.095378875732422,20200,0.0,0.0
2020-01-23 00:00:00-05:00,16.019593593596493,16.16169489162916,15.53644773475259,15.972227096557617,27400,0.0,0.0
2020-01-24 00:00:00-05:00,16.05748685160798,16.05748685160798,15.52697273457242,15.801703453063965,18800,0.0,0.0
2020-01-27 00:00:00-05:00,15.536448976361093,15.868019902879118,15.413294990068435,15.498556137084961,15000,0.0,0.0
2020-01-28 00:00:00-05:00,15.574340617708213,15.773282051086426,15.13856130515486,15.773282051086426,26900,0.0,0.0
2020-01-29 00:00:00-05:00,15.84907027055651,16.010118879576527,15.309084289405837,15.40381908416748,27400,0.0,0.0
2020-01-30 00:00:00-05:00,15.309085291596283,15.669077173873772,14.930147894658957,15.621708869934082,55100,0.0,0.0
2020-01-31 00:00:00-05:00,15.508028332207521,15.763809942154433,14.920674020179629,14.96804141998291,38200,0.0,0.0
2020-02-03 00:00:00-05:00,14.87330574271287,15.252244015320239,14.87330574271287,15.043828010559082,45000,0.0,0.0
2020-02-04 00:00:00-05:00,15.33750581250834,15.489080766722912,15.072248739174848,15.091196060180664,50100,0.0,0.0
2020-02-05 00:00:00-05:00,15.280663770705642,15.631181979842099,15.157509798634763,15.29961109161377,25200,0.0,0.0
2020-02-06 00:00:00-05:00,15.375397400340379,15.555393321462274,15.157508647196726,15.356450080871582,42700,0.0,0.0
2020-02-07 00:00:00-05:00,15.621708610034998,15.621708610034998,14.62699683030106,14.683837890625,28400,0.0,0.0
2020-02-10 00:00:00-05:00,14.712257554933721,14.863832506920323,14.304900097334222,14.371213912963867,10700,0.0,0.0
2020-02-11 00:00:00-05:00,14.447000281337097,14.598575221702777,13.98280180060272,14.219637870788574,19600,0.0,0.0
2020-02-12 00:00:00-05:00,14.323847505016621,14.541737191156686,14.162798881530762,14.162798881530762,11100,0.0,0.0
2020-02-13 00:00:00-05:00,14.162796005255586,14.338055084676723,13.978064170197571,14.020694732666016,15600,0.0,0.0
2020-02-14 00:00:00-05:00,14.077536723270985,14.357003378946828,14.058590306059017,14.087010383605957,23300,0.0,0.0
2020-02-18 00:00:00-05:00,14.077535983386593,14.48489432180077,14.058589567170408,14.172270774841309,19300,0.0,0.0
2020-02-19 00:00:00-05:00,14.333320792140638,14.437528350253968,14.134378433227539,14.134378433227539,4100,0.0,0.0
2020-02-20 00:00:00-05:00,14.380686989101326,14.456474462015704,14.248058459772194,14.257532119750977,16100,0.0,0.0
2020-02-21 00:00:00-05:00,14.210163985488137,14.352265263959861,13.869120375081264,13.99227523803711,25000,0.0,0.0
2020-02-24 00:00:00-05:00,13.518603543334713,13.888067240718923,13.480708904158975,13.745965957641602,20200,0.0,0.0
2020-02-25 00:00:00-05:00,13.869120479562763,13.869120479562763,12.343895622083869,12.533364295959473,20100,0.0,0.0
2020-02-26 00:00:00-05:00,12.64704682991861,12.855461926475924,12.324949621747209,12.561785697937012,21100,0.0,0.0
2020-02-27 00:00:00-05:00,11.97995877255271,12.294718752557927,11.407667403653011,11.493511199951172,49800,0.09,0.0
2020-02-28 00:00:00-05:00,10.968909766134402,11.5793537675433,10.854451686426225,11.064291954040527,123100,0.0,0.0
2020-03-02 00:00:00-05:00,11.064293120127692,11.293209303669961,10.806761731418597,10.959372520446777,73700,0.0,0.0
2020-03-03 00:00:00-05:00,10.968909766134402,11.522124272873231,10.520614938386743,11.064291954040527,55900,0.0,0.0
2020-03-04 00:00:00-05:00,11.20736433212713,11.27413131791715,11.016600865847101,11.216902732849121,28500,0.0,0.0
2020-03-05 00:00:00-05:00,10.968909511275598,11.379051636257689,10.89260412657641,10.940295219421387,26600,0.0,0.0
2020-03-06 00:00:00-05:00,10.673225657649636,10.921218617252709,10.501538993766856,10.797222137451172,33400,0.0,0.0
2020-03-09 00:00:00-04:00,10.492002009661077,10.959372789961552,10.372774714096746,10.739995002746582,81100,0.0,0.0
2020-03-10 00:00:00-04:00,10.911679771562653,11.026138755659026,10.615996639937451,10.96890926361084,35300,0.0,0.0
2020-03-11 00:00:00-04:00,10.959372288944586,10.959372288944586,10.453848833559238,10.568306922912598,39700,0.0,0.0
2020-03-12 00:00:00-04:00,10.129548862668944,10.511076676690067,9.166192292046272,10.501538276672363,64100,0.0,0.0
2020-03-13 00:00:00-04:00,10.987986705496887,10.987986705496887,9.972169757183684,10.196316719055176,40800,0.0,0.0
2020-03-16 00:00:00-04:00,9.538181854083923,9.671716727508585,8.231451049230255,8.384061813354492,42800,0.0,0.0
2020-03-17 00:00:00-04:00,8.584363527687838,9.252036064581624,8.450828656456324,8.984967231750488,43700,0.0,0.0
2020-03-18 00:00:00-04:00,8.498521592258953,9.00404507729643,7.897615905682895,8.145608901977539,50700,0.0,0.0
2020-03-19 00:00:00-04:00,8.431752926114369,8.86860183079792,8.14560728783369,8.612977981567383,65700,0.0,0.0
2020-03-20 00:00:00-04:00,8.469905983218906,9.06127317608099,6.609960163660066,7.411167621612549,106300,0.0,0.0
2020-03-23 00:00:00-04:00,7.344400364865249,7.4207062071370835,6.371505765171204,6.600422382354736,64900,0.0,0.0
2020-03-24 00:00:00-04:00,6.877029913692734,7.41116810201248,6.743495480316798,7.163175582885742,37900,0.0,0.0
2020-03-25 00:00:00-04:00,7.201328857874594,9.900634765625,7.172714106725278,9.900634765625,75400,0.0,0.0
2020-03-26 00:00:00-04:00,9.986477059389497,9.986477059389497,8.851432863502376,9.194808006286621,32800,0.0,0.0
2020-03-27 00:00:00-04:00,8.918201200126544,9.84340426831296,8.126532107751947,9.404647827148438,57600,0.0,0.0
2020-03-30 00:00:00-04:00,9.509567518832002,9.95786140894653,8.7846654829935,9.59541130065918,45100,0.0,0.0
2020-03-31 00:00:00-04:00,9.042197021488672,9.49049187590216,8.784666554234633,9.070812225341797,41800,0.0,0.0
2020-04-01 00:00:00-04:00,8.698821156209359,8.784664932658664,7.382552039794333,7.983457565307617,63400,0.0,0.0
2020-04-02 00:00:00-04:00,8.088378145815275,9.132809361334186,7.334862236058212,7.411167621612549,72500,0.0,0.0
2020-04-03 00:00:00-04:00,7.353938836428032,7.9453060497140235,7.353938836428032,7.821309566497803,52400,0.0,0.0
2020-04-06 00:00:00-04:00,8.231452008946887,9.423724879716158,8.231452008946887,9.376033782958984,29200,0.0,0.0
2020-04-07 00:00:00-04:00,9.700332146184584,10.04179890705804,9.242498890949907,9.528644561767578,60900,0.0,0.0
2020-04-08 00:00:00-04:00,9.652641084014132,10.00555374575482,9.452339204687576,9.948325157165527,20300,0.0,0.0
2020-04-09 00:00:00-04:00,10.368003935501948,11.131058692932129,9.931155016376694,11.131058692932129,42600,0.0,0.0
2020-04-13 00:00:00-04:00,10.69230121161688,10.69230121161688,9.690791999004231,10.444308280944824,25300,0.0,0.0
2020-04-14 00:00:00-04:00,10.61599703969737,10.730455118471903,9.910171765771777,10.072320938110352,39400,0.0,0.0
2020-04-15 00:00:00-04:00,9.872018997225956,9.872018997225956,8.956353464411862,9.46187686920166,23200,0.0,0.0
2020-04-16 00:00:00-04:00,9.47141357680923,9.557257347296481,8.9563518635175,9.318802833557129,38600,0.0,0.0
2020-04-17 00:00:00-04:00,9.36649390188588,10.425232626025283,9.271112633072658,10.339388847351074,32400,0.0,0.0
2020-04-20 00:00:00-04:00,10.015090923585412,10.759068851783395,9.633564014158729,9.82432746887207,35300,0.0,0.0
2020-04-21 00:00:00-04:00,9.767098737864806,10.797222383128487,9.503844876980445,10.615997314453125,44700,0.0,0.0
2020-04-22 00:00:00-04:00,10.520616305899534,11.0070638901137,10.50154041161792,10.739995002746582,32900,0.0,0.0
2020-04-23 00:00:00-04:00,10.806760061161187,11.493509415278321,10.15816339840434,10.549229621887207,51600,0.0,0.0
2020-04-24 00:00:00-04:00,10.654149025309536,10.778145496491332,10.291698011770109,10.387080192565918,21600,0.0,0.0
2020-04-27 00:00:00-04:00,10.530153771914526,11.216903188022341,10.530153771914526,11.083368301391602,25500,0.0,0.0
2020-04-28 00:00:00-04:00,11.359975361466603,11.655659423096143,10.930757325244093,11.455357551574707,45900,0.0,0.0
2020-04-29 00:00:00-04:00,12.161182014334491,13.343916360554186,11.684272915733139,12.943312644958496,49200,0.0,0.0
2020-04-30 00:00:00-04:00,13.11500065397911,14.126048377360284,12.45686647594476,12.580862045288086,29900,0.0,0.0
2020-05-01 00:00:00-04:00,12.313792626538726,12.66193604585752,11.178749386282961,11.72242546081543,68400,0.0,0.0
2020-05-04 00:00:00-04:00,11.82734514109929,12.29471674350232,11.007061828707197,11.798730850219727,37300,0.0,0.0
2020-05-05 00:00:00-04:00,12.189797654694916,12.666706806079574,11.607968817473157,12.046725273132324,52500,0.0,0.0
2020-05-06 00:00:00-04:00,12.13256877208558,12.533172522317086,11.235979079802881,11.388589859008789,22600,0.0,0.0
2020-05-07 00:00:00-04:00,11.598430137285579,12.13256877423278,10.139088423830822,10.663688659667969,58600,0.0,0.0
2020-05-08 00:00:00-04:00,10.987987019607461,11.259825083801626,10.399480587931313,10.930757522583008,31600,0.0,0.0
2020-05-11 00:00:00-04:00,10.482462895614995,10.606459383734483,9.539137201187225,9.948325157165527,57600,0.0,0.0
2020-05-12 00:00:00-04:00,9.967400296954374,10.320312932026853,9.662178755190487,9.881556510925293,52600,0.0,0.0
2020-05-13 00:00:00-04:00,9.59541144104954,9.900632972339064,8.37452349662761,8.84189510345459,90400,0.0,0.0
2020-05-14 00:00:00-04:00,8.498520422264642,9.34741898826718,8.012072898725032,9.280651092529297,69800,0.0,0.0
2020-05-15 00:00:00-04:00,9.290189560197684,10.253546213447184,9.226284275788093,10.158164024353027,46000,0.0,0.0
2020-05-18 00:00:00-04:00,10.587382592301449,11.13105868592335,9.528643787292141,11.016600608825684,40500,0.0,0.0
2020-05-19 00:00:00-04:00,11.102444577400918,11.140597270396855,10.310775515511274,10.492000579833984,28700,0.0,0.0
2020-05-20 00:00:00-04:00,10.42523452808375,11.846423606490474,10.42523452808375,11.789194107055664,34100,0.0,0.0
2020-05-21 00:00:00-04:00,11.779654658515394,11.817807348590565,11.283668777906295,11.369512557983398,26300,0.0,0.0
2020-05-22 00:00:00-04:00,11.245517025383135,11.331360812617136,11.016600865847101,11.216902732849121,15800,0.0,0.0
2020-05-26 00:00:00-04:00,11.331359146689323,11.922726260031043,10.978446558548223,11.264592170715332,34100,0.0,0.0
2020-05-27 00:00:00-04:00,11.226442066408696,12.01811119947686,10.644612308868744,10.720917701721191,47100,0.0,0.0
2020-05-28 00:00:00-04:00,10.911680674842469,11.274131728799935,9.552490359541963,9.862481117248535,70800,0.0,0.0
2020-05-29 00:00:00-04:00,9.814372037651527,9.852859735147451,9.034995933954292,9.188946723937988,147400,0.09,0.0
2020-06-01 00:00:00-04:00,9.265922072061427,9.900969536341554,9.174513446863807,9.477604866027832,62300,0.0,0.0
2020-06-02 00:00:00-04:00,9.70852851510058,9.900966951364355,9.439114704331296,9.487223625183105,21100,0.0,0.0
2020-06-03 00:00:00-04:00,9.747017668793822,10.353199522439008,9.516091510534412,10.276224136352539,63300,0.0,0.0
2020-06-04 00:00:00-04:00,10.10302873271737,11.546318551676995,10.10302873271737,11.401989936828613,32400,0.0,0.0
2020-06-05 00:00:00-04:00,11.661782363507665,11.820544216914094,11.329825427250944,11.57518482208252,37400,0.0,0.0
2020-06-08 00:00:00-04:00,11.76762185121426,12.10438982268414,11.334635114766487,11.430854797363281,30800,0.0,0.0
2020-06-09 00:00:00-04:00,11.498209816061802,11.661782751390117,11.094088554382324,11.094088554382324,29400,0.0,0.0
2020-06-10 00:00:00-04:00,11.180684616967017,11.180684616967017,9.439115478852793,9.949077606201172,82900,0.0,0.0
2020-06-11 00:00:00-04:00,9.054237909996093,10.468662177930273,9.054237909996093,9.689285278320312,48800,0.0,0.0
2020-06-12 00:00:00-04:00,10.074162505165305,10.175192345134633,9.17932258489347,10.141515731811523,115300,0.0,0.0
2020-06-15 00:00:00-04:00,9.891346389805458,11.536696890121435,9.650798076412006,10.969002723693848,76600,0.0,0.0
2020-06-16 00:00:00-04:00,11.46934320878567,11.90232997248665,10.718832757196042,11.248038291931152,61100,0.0,0.0
2020-06-17 00:00:00-04:00,11.065222676838028,11.065222676838028,10.439797414325223,10.507150650024414,25300,0.0,0.0
2020-06-18 00:00:00-04:00,10.362821690308074,11.151819857661437,10.064541380571152,10.34357738494873,46700,0.0,0.0
2020-06-19 00:00:00-04:00,10.324331791389863,10.612989912430326,10.228113029455622,10.247356414794922,61400,0.0,0.0
2020-06-22 00:00:00-04:00,10.256979407603822,10.776563701048065,10.006808954340572,10.555259704589844,26200,0.0,0.0
2020-06-23 00:00:00-04:00,10.795808879166302,10.920894115919648,10.641858100891113,10.641858100891113,7700,0.0,0.0
2020-06-24 00:00:00-04:00,10.43979718908112,10.564881504789708,10.064541489098367,10.324333190917969,19700,0.0,0.0
2020-06-25 00:00:00-04:00,10.208867885891712,10.670721025050899,10.127081440291585,10.603367805480957,24000,0.0,0.0
2020-06-26 00:00:00-04:00,10.612990349464019,10.612990349464019,10.122272532868656,10.256978988647461,161300,0.0,0.0
2020-06-29 00:00:00-04:00,10.42055318705256,11.902330806960135,10.42055318705256,11.844599723815918,37900,0.0,0.0
2020-06-30 00:00:00-04:00,11.613671912781298,11.729134989474836,11.325014679856933,11.450098991394043,20000,0.0,0.0
2020-07-01 00:00:00-04:00,11.527075464768632,11.589618544064322,10.911272330897537,11.007491111755371,25700,0.0,0.0
2020-07-02 00:00:00-04:00,11.450099265928403,11.536696804929612,10.487906019459832,10.766942024230957,29100,0.0,0.0
2020-07-06 00:00:00-04:00,11.094086859994233,11.209549928893955,10.795807494741345,10.920892715454102,18300,0.0,0.0
2020-07-07 00:00:00-04:00,10.656290797766598,10.949760052966191,10.410931391920567,10.651479721069336,25400,0.0,0.0
2020-07-08 00:00:00-04:00,10.709211252956376,11.498209444235679,10.409969269448528,11.219173431396484,24000,0.0,0.0
2020-07-09 00:00:00-04:00,11.017111655452474,11.07484364962738,10.064540633708395,10.459039688110352,40800,0.0,0.0
2020-07-10 00:00:00-04:00,10.28584600654716,10.641858336204473,10.112651835967405,10.180005073547363,25300,0.0,0.0
2020-07-13 00:00:00-04:00,10.410931713957321,10.410931713957321,9.833616256713867,9.833616256713867,59100,0.0,0.0
2020-07-14 00:00:00-04:00,9.958699681477267,10.054918447953549,9.756639078972487,9.814370155334473,32900,0.0,0.0
2020-07-15 00:00:00-04:00,10.180005165392537,10.632236278870007,9.900969141676448,10.026054382324219,64100,0.0,0.0
2020-07-16 00:00:00-04:00,9.99718717067377,10.218491154978599,9.920211791992188,9.920211791992188,27200,0.0,0.0
2020-07-17 00:00:00-04:00,9.929833929077295,10.045297007599244,9.674853308115111,9.852858543395996,43400,0.0,0.0
2020-07-20 00:00:00-04:00,9.958700859076187,10.401309806537773,9.920213164410788,10.35319995880127,12700,0.0,0.0
2020-07-21 00:00:00-04:00,10.391688412583306,10.824675238603634,10.391688412583306,10.661102294921875,23700,0.0,0.0
2020-07-22 00:00:00-04:00,10.661101941319242,10.694778560792205,9.900969253147133,10.006810188293457,23500,0.0,0.0
2020-07-23 00:00:00-04:00,10.228113044867648,10.324331806946875,9.934643847645434,9.958699226379395,27900,0.0,0.0
2020-07-24 00:00:00-04:00,11.257660529241145,14.85626296420412,11.257660529241145,14.028777122497559,566900,0.0,0.0
2020-07-27 00:00:00-04:00,13.778607332701968,14.329944032363858,13.720876250368866,13.99991226196289,96900,0.0,0.0
2020-07-28 00:00:00-04:00,14.048021180973993,14.827397164318368,13.865203957885052,14.711934089660645,48500,0.0,0.0
2020-07-29 00:00:00-04:00,14.750422790002407,15.279629273257232,14.452143389475205,15.202653884887695,48600,0.0,0.0
2020-07-30 00:00:00-04:00,14.769667713293298,15.10643482208252,14.606094776765744,15.10643482208252,33700,0.0,0.0
2020-07-31 00:00:00-04:00,15.039081002715808,15.13529977967224,14.442521282157477,14.625337600708008,44300,0.0,0.0
2020-08-03 00:00:00-04:00,14.692691841275984,14.930353332089783,14.15386320016549,14.471386909484863,32700,0.0,0.0
2020-08-04 00:00:00-04:00,14.15386278831092,14.529118487323126,14.15386278831092,14.461764335632324,29000,0.0,0.0
2020-08-05 00:00:00-04:00,14.519495329591075,15.279627910142112,14.432897795996071,15.260383605957031,50800,0.0,0.0
2020-08-06 00:00:00-04:00,16.35728841518431,18.03439160382261,15.924300634804688,17.3868350982666,162500,0.0,0.0
2020-08-07 00:00:00-04:00,17.18380958998594,17.867929458618164,16.790273980022633,17.867929458618164,36900,0.0,0.0
2020-08-10 00:00:00-04:00,17.993014112249924,19.272731033115583,17.617757505064578,19.166889190673828,133100,0.0,0.0
2020-08-11 00:00:00-04:00,19.426680806764004,19.426680806764004,18.454865475300874,18.522218704223633,62200,0.0,0.0
2020-08-12 00:00:00-04:00,18.637684486660888,18.69541556911584,18.296104480310532,18.474111557006836,35600,0.0,0.0
2020-08-13 00:00:00-04:00,18.66654699777888,19.19575433864603,18.349023327353716,19.003314971923828,55700,0.0,0.0
2020-08-14 00:00:00-04:00,18.93596552037642,18.93596552037642,18.32978267898221,18.377893447875977,42900,0.0,0.0
2020-08-17 00:00:00-04:00,18.493352522606955,18.608816513357983,18.15658637299536,18.262426376342773,37400,0.0,0.0
2020-08-18 00:00:00-04:00,18.17582861493546,18.17582861493546,17.588892022063472,17.72359848022461,45200,0.0,0.0
2020-08-19 00:00:00-04:00,17.72359944122284,17.983392054823796,17.011576668390493,17.078929901123047,40900,0.0,0.0
2020-08-20 00:00:00-04:00,16.78065154337933,18.33940365026818,16.67288452914883,18.127721786499023,51300,0.0,0.0
2020-08-21 00:00:00-04:00,18.195074111130133,18.416378116962196,17.415698096760973,17.61775779724121,76000,0.0,0.0
2020-08-24 00:00:00-04:00,17.90641873417,19.445926617673724,17.819821186318144,19.041807174682617,71200,0.0,0.0
2020-08-25 00:00:00-04:00,19.25348822155902,19.463246758114877,18.687719190473008,19.157268524169922,36900,0.0,0.0
2020-08-26 00:00:00-04:00,19.157266074271117,19.88853311157794,19.138021770206713,19.676851272583008,98100,0.0,0.0
2020-08-27 00:00:00-04:00,19.850042496922,20.35038334059289,19.724958203623107,19.763446807861328,76100,0.0,0.0
2020-08-28 00:00:00-04:00,20.003999833153873,20.167570934330627,19.590256415443484,20.052108764648438,48700,0.0,0.0
2020-08-31 00:00:00-04:00,20.143935317541775,21.313519919914015,19.853956182109325,21.120201110839844,161300,0.095,0.0
2020-09-01 00:00:00-04:00,21.062200842897287,22.067463214000032,21.04963457930249,21.91280746459961,65900,0.0,0.0
2020-09-02 00:00:00-04:00,22.1834606604575,22.22212368420008,21.593834338333764,21.951475143432617,110300,0.0,0.0
2020-09-03 00:00:00-04:00,21.758157719789093,21.84515183328981,21.004209350663743,21.0815372467041,62900,0.0,0.0
2020-09-04 00:00:00-04:00,21.400514136432538,21.400514136432538,19.766962171731624,20.027942657470703,74900,0.0,0.0
2020-09-08 00:00:00-04:00,20.19226330405145,20.661064659387883,19.6026388528287,20.472578048706055,44800,0.0,0.0
2020-09-09 00:00:00-04:00,20.704560481341066,20.704560481341066,19.968012534432756,20.250259399414062,40800,0.0,0.0
2020-09-10 00:00:00-04:00,20.066605372497456,20.400081528496518,19.82978768932674,20.269590377807617,39000,0.0,0.0
2020-09-11 00:00:00-04:00,20.337257215323596,20.337257215323596,19.650970515442886,19.737964630126953,24900,0.0,0.0
2020-09-14 00:00:00-04:00,19.960280691420397,21.564835825277537,19.621970474214827,21.44884490966797,50400,0.0,0.0
2020-09-15 00:00:00-04:00,21.78715329498754,21.79198548121399,20.95587714722994,21.033205032348633,82500,0.0,0.0
2020-09-16 00:00:00-04:00,21.29418884443626,21.29418884443626,19.892618753277496,20.762557983398438,65400,0.0,0.0
2020-09-17 00:00:00-04:00,20.462913846972388,20.859219540152836,19.78629338153909,20.308258056640625,29100,0.0,0.0
2020-09-18 00:00:00-04:00,20.42424987414358,20.67556600537548,19.86362214867012,20.433916091918945,77300,0.0,0.0
2020-09-21 00:00:00-04:00,20.201927189160433,20.694893106786154,19.505976281499322,20.453243255615234,47700,0.0,0.0
2020-09-22 00:00:00-04:00,20.61756758263977,20.77898952466635,19.78629140971637,20.723894119262695,35400,0.0,0.0
2020-09-23 00:00:00-04:00,20.540240473159244,22.00463820398599,19.31265860005392,19.409318923950195,111400,0.0,0.0
2020-09-24 00:00:00-04:00,19.206336182568073,19.621972490460273,18.82936105899519,19.341659545898438,51700,0.0,0.0
2020-09-25 00:00:00-04:00,19.206335161186296,19.31265986515906,18.22523529828782,18.365392684936523,102700,0.0,0.0
2020-09-28 00:00:00-04:00,18.597375766216274,19.158003450928113,18.597375766216274,18.76169776916504,81700,0.0,0.0
2020-09-29 00:00:00-04:00,18.829357985532923,18.935684521447147,17.88209090955496,18.781028747558594,104100,0.0,0.0
2020-09-30 00:00:00-04:00,18.76169676707568,19.117405424320513,18.578042339791036,18.80036163330078,74800,0.0,0.0
2020-10-01 00:00:00-04:00,18.993677744236873,19.331987901236925,18.80035897140972,18.93568229675293,41900,0.0,0.0
2020-10-02 00:00:00-04:00,18.790694860756986,20.632065734650194,18.790694860756986,20.124601364135742,70500,0.0,0.0
2020-10-05 00:00:00-04:00,20.33725398590529,20.39524943860455,19.35132207180682,19.76696014404297,42300,0.0,0.0
2020-10-06 00:00:00-04:00,19.795959566523184,19.92645073508521,18.868024826049805,18.868024826049805,33700,0.0,0.0
2020-10-07 00:00:00-04:00,19.10000720349552,19.766961404824595,19.10000720349552,19.48664665222168,24200,0.0,0.0
2020-10-08 00:00:00-04:00,19.612303851803688,20.124600383673275,19.380318359904003,19.660633087158203,23500,0.0,0.0
2020-10-09 00:00:00-04:00,19.882950802952404,20.762556173162583,19.515643815554313,20.3469181060791,28600,0.0,0.0
2020-10-12 00:00:00-04:00,20.453245478623476,21.236190565293676,20.453245478623476,21.1395320892334,36100,0.0,0.0
2020-10-13 00:00:00-04:00,21.023540013078218,21.767822101992383,20.685229805058842,21.255523681640625,25700,0.0,0.0
2020-10-14 00:00:00-04:00,21.342518090812227,21.64216343650419,19.892618758980845,20.085939407348633,33700,0.0,0.0
2020-10-15 00:00:00-04:00,19.950612318894745,20.91721178153332,19.933213867797406,20.424245834350586,37000,0.0,0.0
2020-10-16 00:00:00-04:00,20.424246746628302,21.574500674765726,20.424246746628302,21.390846252441406,39000,0.0,0.0
2020-10-19 00:00:00-04:00,21.390847790382566,21.390847790382566,20.646567518562946,20.781890869140625,54700,0.0,0.0
2020-10-20 00:00:00-04:00,21.0042085142666,21.400514196147675,20.67556450827121,21.04287338256836,36000,0.0,0.0
2020-10-21 00:00:00-04:00,21.12019977011048,23.19838835849742,20.873715861361777,21.65182876586914,60000,0.0,0.0
2020-10-22 00:00:00-04:00,21.55516832976244,21.682759435549947,20.762557026757765,21.1395320892334,33300,0.0,0.0
2020-10-23 00:00:00-04:00,21.26518923907183,22.038468110308447,21.197527568293907,21.816150665283203,22500,0.0,0.0
2020-10-26 00:00:00-04:00,21.50683821442593,21.845148397763314,21.139531226910204,21.690492630004883,36400,0.0,0.0
2020-10-27 00:00:00-04:00,21.709823389558046,21.709823389558046,20.960709162883887,21.361848831176758,21200,0.0,0.0
2020-10-28 00:00:00-04:00,20.98487469939971,21.34251733309005,20.62723390935165,21.236190795898438,49800,0.0,0.0
2020-10-29 00:00:00-04:00,21.24585655384798,21.577400580361257,20.681362800190705,21.129865646362305,55400,0.0,0.0
2020-10-30 00:00:00-04:00,21.323186648750646,21.419846977429135,20.801223823714693,21.313520431518555,39400,0.0,0.0
2020-11-02 00:00:00-05:00,21.632496912599247,21.7146588322639,20.859218017391225,21.255523681640625,50200,0.0,0.0
2020-11-03 00:00:00-05:00,21.54550490928319,22.052969305596253,21.057371102851146,21.603500366210938,26900,0.0,0.0
2020-11-04 00:00:00-05:00,21.352184850121056,21.51650685231614,21.17819663089774,21.207195281982422,20300,0.0,0.0
2020-11-05 00:00:00-05:00,21.2845203735893,24.164986297814696,21.2845203735893,23.101726531982422,136500,0.0,0.0
2020-11-06 00:00:00-05:00,22.792416613445738,22.932573986354267,20.54990602147837,21.236190795898438,81600,0.0,0.0
2020-11-09 00:00:00-05:00,21.796817503465604,22.473437875895684,19.418983671222314,19.67996597290039,84800,0.0,0.0
2020-11-10 00:00:00-05:00,16.432189078532232,18.97434457771446,15.47912205298082,18.317058563232422,116200,0.0,0.0
2020-11-11 00:00:00-05:00,18.25906550542756,18.694036054579957,17.775765714654845,18.0850772857666,86500,0.0,0.0
2020-11-12 00:00:00-05:00,17.746766817110444,17.891756368538424,17.543779970197537,17.73710060119629,85600,0.0,0.0
2020-11-13 00:00:00-05:00,17.73710060119629,17.88209015262427,17.311796319184335,17.73710060119629,66900,0.0,0.0
2020-11-16 00:00:00-05:00,18.452384564253826,19.16766797153453,18.268730143414576,18.52004623413086,57600,0.0,0.0
2020-11-17 00:00:00-05:00,18.40405575104683,19.119339174815686,18.3170616467304,18.790695190429688,33700,0.0,0.0
2020-11-18 00:00:00-05:00,18.790694821248056,18.955016810212616,17.737101217353345,17.766098022460938,35200,0.0,0.0
2020-11-19 00:00:00-05:00,17.75643174942159,18.355722343639417,17.73709931899081,18.017412185668945,28300,0.0,0.0
2020-11-20 00:00:00-05:00,17.814430660571226,18.616708243007754,17.74676898455069,18.5103816986084,27000,0.0,0.0
2020-11-23 00:00:00-05:00,18.491050807026724,19.505981562932117,18.278399544130075,19.341659545898438,23500,0.0,0.0
2020-11-24 00:00:00-05:00,19.331990872731215,20.11493598685698,19.29332600603744,19.48664665222168,36600,0.0,0.0
2020-11-25 00:00:00-05:00,19.486648160144377,19.660636386445347,19.080676246656267,19.215999603271484,30100,0.0,0.0
2020-11-27 00:00:00-05:00,19.206332566714803,19.206332566714803,18.636038723413048,19.013011932373047,13500,0.0,0.0
2020-11-30 00:00:00-05:00,18.97902011801823,19.33839661970028,17.998016342940666,18.2408390045166,37200,0.095,0.0
2020-12-01 00:00:00-05:00,18.50308578907994,18.57593332747854,17.531795157577793,17.677490234375,101700,0.0,0.0
2020-12-02 00:00:00-05:00,17.5900734518589,17.881459892364063,16.667346635942874,17.56093406677246,168700,0.0,0.0
2020-12-03 00:00:00-05:00,17.745479008725653,17.920311606264185,17.48420086943381,17.6094970703125,47100,0.0,0.0
2020-12-04 00:00:00-05:00,17.716341440277102,17.842610263699846,17.18213231758372,17.32782554626465,38800,0.0,0.0
2020-12-07 00:00:00-05:00,17.415241387147077,17.53179522593144,16.550793314568576,16.968446731567383,70300,0.0,0.0
2020-12-08 00:00:00-05:00,16.881029229864357,17.424953280944276,16.735336015413914,17.38610076904297,48000,0.0,0.0
2020-12-09 00:00:00-05:00,17.337536981756067,18.096115047544597,17.247206558916282,17.38610076904297,32400,0.0,0.0
2020-12-10 00:00:00-05:00,17.658061853445904,17.658061853445904,17.036436516874137,17.152990341186523,38500,0.0,0.0
2020-12-11 00:00:00-05:00,17.075288772583008,17.405527726698807,16.764476075201035,17.075288772583008,33600,0.0,0.0
2020-12-14 00:00:00-05:00,17.11414119665487,17.279260672850267,16.813039776622805,17.055862426757812,26400,0.0,0.0
2020-12-15 00:00:00-05:00,17.191845428664138,17.8037577295249,16.949022763584644,17.570648193359375,31200,0.0,0.0
2020-12-16 00:00:00-05:00,17.57064901338307,17.58036214275035,17.104429919293533,17.27926254272461,30400,0.0,0.0
2020-12-17 00:00:00-05:00,17.658067156068448,17.789191637238087,16.803330209019727,16.997589111328125,48400,0.0,0.0
2020-12-18 00:00:00-05:00,16.997585509450555,17.74547971648793,16.774189115947898,17.055862426757812,138700,0.0,0.0
2020-12-21 00:00:00-05:00,16.90045452818731,17.036436459547037,16.201126026897292,16.424522399902344,64400,0.0,0.0
2020-12-22 00:00:00-05:00,16.269119349749953,16.696487779752168,16.13993824884676,16.288545608520508,42000,0.0,0.0
2020-12-23 00:00:00-05:00,16.24969156983819,16.657633702882197,15.919452612012577,16.628496170043945,93100,0.0,0.0
2020-12-24 00:00:00-05:00,16.881028476633205,16.882001086200155,16.521652020530137,16.70619773864746,16500,0.0,0.0
2020-12-28 00:00:00-05:00,16.949021010537606,17.64349390904242,16.803325944487305,17.590072631835938,22400,0.0,0.0
2020-12-29 00:00:00-05:00,17.531793757385646,17.76490512060759,16.851891481189053,17.08500099182129,20100,0.0,0.0
2020-12-30 00:00:00-05:00,17.11414059062131,17.38610076348459,16.667345966847765,17.143278121948242,49300,0.0,0.0
2020-12-31 00:00:00-05:00,17.220984629585786,17.34725346509867,16.90045875476167,17.007301330566406,47800,0.0,0.0
2021-01-04 00:00:00-05:00,17.14327829186998,17.21126833575971,16.142850184481553,16.453662872314453,29700,0.0,0.0
2021-01-05 00:00:00-05:00,16.220553654718195,17.143278607116308,16.220553654718195,16.5313663482666,70700,0.0,0.0
2021-01-06 00:00:00-05:00,16.65763481713774,18.143710226758945,16.65763481713774,17.66777801513672,27700,0.0,0.0
2021-01-07 00:00:00-05:00,17.823183569344888,18.28940263074168,17.731882382802763,17.959163665771484,47000,0.0,0.0
2021-01-08 00:00:00-05:00,18.017439582386817,18.017439582386817,17.21126847220788,17.706626892089844,12100,0.0,0.0
2021-01-11 00:00:00-05:00,17.60949512955774,17.968873412956253,17.36667251586914,17.36667251586914,11200,0.0,0.0
2021-01-12 00:00:00-05:00,17.638636936753755,17.94944962862064,17.570646891981596,17.72605323791504,17600,0.0,0.0
2021-01-13 00:00:00-05:00,17.89117230250173,17.968875473689774,17.085001206704643,17.143278121948242,27000,0.0,0.0
2021-01-14 00:00:00-05:00,17.347249221396694,17.910597646989046,17.327822966440838,17.638635635375977,21400,0.0,0.0
2021-01-15 00:00:00-05:00,17.42495534476273,17.764907453804305,17.02672631355658,17.66777801513672,12900,0.0,0.0
2021-01-19 00:00:00-05:00,17.667776846534103,17.87174698691385,17.29868537452814,17.376388549804688,19000,0.0,0.0
2021-01-20 00:00:00-05:00,17.376388529552646,17.76976189601346,16.774189385008736,16.871318817138672,25200,0.0,0.0
2021-01-21 00:00:00-05:00,16.87131873389874,17.02672508350396,16.55079290626425,16.60906982421875,16500,0.0,0.0
2021-01-22 00:00:00-05:00,16.618782184889454,17.488085833899305,16.599355928938802,17.38610076904297,24400,0.0,0.0
2021-01-25 00:00:00-05:00,17.26954620073017,17.67748829531717,16.712024164821152,17.191843032836914,31000,0.0,0.0
2021-01-26 00:00:00-05:00,17.51236976939571,18.940166250584376,17.191843953104797,18.15342140197754,145400,0.0,0.0
2021-01-27 00:00:00-05:00,18.104856890884246,18.98873122283687,17.52208399043319,17.959163665771484,58100,0.0,0.0
2021-01-28 00:00:00-05:00,18.11456740073589,18.201983693683694,17.687199063278808,18.027151107788086,58300,0.0,0.0
2021-01-29 00:00:00-05:00,18.124283877962146,18.872178143599292,17.046150634058982,18.639068603515625,143500,0.0,0.0
2021-02-01 00:00:00-05:00,19.28011956563055,19.28011956563055,18.73619732620644,18.949880599975586,55000,0.0,0.0
2021-02-02 00:00:00-05:00,18.94016434594476,19.163560711557484,17.813467538188032,18.881887435913086,26700,0.0,0.0
2021-02-03 00:00:00-05:00,18.81390011676102,19.04700964315386,18.677918170256152,18.852750778198242,29000,0.0,0.0
2021-02-04 00:00:00-05:00,19.23738216984077,19.23738216984077,18.779903626500015,18.949880599975586,35300,0.0,0.0
2021-02-05 00:00:00-05:00,19.19270242956401,19.309256263817694,18.551650783399374,18.979019165039062,34200,0.0,0.0
2021-02-08 00:00:00-05:00,19.06643535480264,19.280120491422377,18.79447514832655,18.940168380737305,36600,0.0,0.0
2021-02-09 00:00:00-05:00,18.91102820671725,19.153850868166273,18.745908722828325,18.988731384277344,20200,0.0,0.0
2021-02-10 00:00:00-05:00,18.988728859481323,19.688059217127048,18.503083601156074,18.833322525024414,41300,0.0,0.0
2021-02-11 00:00:00-05:00,19.085858564304736,19.6394938705799,18.357390666029062,18.42538070678711,28000,0.0,0.0
2021-02-12 00:00:00-05:00,18.45937631875879,18.522510724024475,17.83289531413217,17.852319717407227,21800,0.0,0.0
2021-02-16 00:00:00-05:00,17.86203217743835,17.918367576303826,17.259833088865417,17.43466567993164,26400,0.0,0.0
2021-02-17 00:00:00-05:00,17.376385642727428,17.900883377537767,17.347248114742086,17.36667251586914,36400,0.0,0.0
2021-02-18 00:00:00-05:00,17.3861014656394,17.470603644561727,17.264690139967907,17.318111419677734,30900,0.0,0.0
2021-02-19 00:00:00-05:00,17.337537676406725,17.645436249943042,17.259834502080565,17.318111419677734,18500,0.0,0.0
2021-02-22 00:00:00-05:00,17.386101161464467,17.386101161464467,17.104427854181267,17.240407943725586,27500,0.0,0.0
2021-02-23 00:00:00-05:00,17.337537676406725,17.337537676406725,16.52165341968713,17.318111419677734,28300,0.0,0.0
2021-02-24 00:00:00-05:00,17.395814879172228,18.444808676066387,17.1627053523724,17.881460189819336,47100,0.0,0.0
2021-02-25 00:00:00-05:00,18.00772953501514,18.143709633146894,17.502657952540197,17.77461814880371,13000,0.0,0.0
2021-02-26 00:00:00-05:00,17.900885110792526,18.402069907598626,17.065574645996094,17.065574645996094,21100,0.0,0.0
2021-03-01 00:00:00-05:00,17.376389426419852,17.560935171732915,17.230696197000032,17.347251892089844,18800,0.0,0.0
2021-03-02 00:00:00-05:00,17.512369574533743,17.677489044882048,17.026724291461043,17.143278121948242,28300,0.0,0.0
2021-03-03 00:00:00-05:00,17.09471481583116,17.638637029456895,16.56050387786125,17.017011642456055,27200,0.0,0.0
2021-03-04 00:00:00-05:00,17.094714223575934,17.094714223575934,16.31768066415583,16.395383834838867,53900,0.0,0.0
2021-03-05 00:00:00-05:00,16.53213537853773,16.996110029367813,16.50771605229934,16.849592208862305,34800,0.095,0.0
2021-03-08 00:00:00-05:00,16.94727087433554,17.201235958449068,16.771448749712704,17.181699752807617,65300,0.0,0.0
2021-03-09 00:00:00-05:00,17.347753747554542,17.758004750009636,17.044950012884744,17.27937889099121,36700,0.0,0.0
2021-03-10 00:00:00-05:00,17.38682639056174,18.22686470229534,17.035183962571782,18.051042556762695,34700,0.0,0.0
2021-03-11 00:00:00-05:00,18.187793031530166,18.25616789212902,17.611487973518066,17.972898483276367,20900,0.0,0.0
2021-03-12 00:00:00-05:00,17.972897146234445,18.02173765951115,17.758004477042185,17.9631290435791,20200,0.0,0.0
2021-03-15 00:00:00-04:00,17.91429160819587,18.256167772016063,17.59195165101117,17.845916748046875,70800,0.0,0.0
2021-03-16 00:00:00-04:00,17.924059711513614,17.96117775889096,17.611487857646654,17.845916748046875,48600,0.0,0.0
2021-03-17 00:00:00-04:00,17.894755570442047,19.535759681805768,17.636883602260617,18.295238494873047,208200,0.0,0.0
2021-03-18 00:00:00-04:00,18.392918358312055,18.812937505374848,17.88596625485612,18.09011459350586,42000,0.0,0.0
2021-03-19 00:00:00-04:00,18.197558726678615,18.842240489051566,18.197558726678615,18.402685165405273,89800,0.0,0.0
2021-03-22 00:00:00-04:00,18.607810514639368,19.125508821447813,17.640790625490773,18.422222137451172,33300,0.0,0.0
2021-03-23 00:00:00-04:00,18.54920244650335,18.54920244650335,17.230538376963754,17.27937889099121,24100,0.0,0.0
2021-03-24 00:00:00-04:00,17.55287910038445,17.816612298674126,16.727493938783656,16.781217575073242,35900,0.0,0.0
2021-03-25 00:00:00-04:00,16.66400280094701,16.888665457458643,16.424690783657258,16.673770904541016,83800,0.0,0.0
2021-03-26 00:00:00-04:00,16.6835389270185,16.95704023709512,15.970484135800277,16.44911003112793,72000,0.0,0.0
2021-03-29 00:00:00-04:00,16.410037001179244,17.474736027819674,16.410037001179244,16.976573944091797,56900,0.0,0.0
2021-03-30 00:00:00-04:00,16.86912686912446,18.25616571140778,16.771447710047465,18.13895034790039,38700,0.0,0.0
2021-03-31 00:00:00-04:00,18.187791372453866,18.505246319572734,17.709163665771484,17.709163665771484,55800,0.0,0.0
2021-04-01 00:00:00-04:00,17.875219456057355,18.03150538527396,17.484504633015845,17.67986297607422,24400,0.0,0.0
2021-04-05 00:00:00-04:00,17.845917545132938,18.16337253330026,17.201237601968966,17.347755432128906,48000,0.0,0.0
2021-04-06 00:00:00-04:00,17.318448408543226,17.93870892671784,17.240305453824572,17.523574829101562,37500,0.0,0.0
2021-04-07 00:00:00-04:00,17.523574893122568,17.606600967719153,17.03518095857793,17.23053741455078,48900,0.0,0.0
2021-04-08 00:00:00-04:00,17.34775432059265,17.45520159192719,17.142627881051727,17.269611358642578,18200,0.0,0.0
2021-04-09 00:00:00-04:00,17.30868320948524,17.47473724899881,17.201237793147268,17.377059936523438,24500,0.0,0.0
2021-04-12 00:00:00-04:00,17.357520056267752,17.631019454251877,17.3282157508802,17.504037857055664,35100,0.0,0.0
2021-04-13 00:00:00-04:00,17.36728975383239,17.87521805236243,17.240306281893563,17.86545181274414,73200,0.0,0.0
2021-04-14 00:00:00-04:00,17.89475562941279,18.099882075546844,17.660326736027603,17.777542114257812,16800,0.0,0.0
2021-04-15 00:00:00-04:00,17.884986968052072,18.725025207117245,17.386824886495408,18.62734603881836,132100,0.0,0.0
2021-04-16 00:00:00-04:00,18.480829134126925,19.64320738205273,18.20244470167257,19.09620475769043,193800,0.0,0.0
2021-04-19 00:00:00-04:00,18.920383140550943,19.789723807428857,18.71525670518669,19.701812744140625,38200,0.0,0.0
2021-04-20 00:00:00-04:00,19.692045438199944,20.014385395611022,19.096204176925596,19.62367057800293,55000,0.0,0.0
2021-04-21 00:00:00-04:00,19.535758490008718,20.737207190006227,19.535758490008718,20.38556480407715,44800,0.0,0.0
2021-04-22 00:00:00-04:00,20.493011456017268,20.493011456017268,19.613902643082273,20.0729923248291,51700,0.0,0.0
2021-04-23 00:00:00-04:00,20.25858303375408,20.595574225331287,19.652975512971103,20.35626220703125,28900,0.0,0.0
2021-04-26 00:00:00-04:00,20.131599008863514,20.88372426821824,19.78972287475225,20.170669555664062,46700,0.0,0.0
2021-04-27 00:00:00-04:00,20.02903661906032,20.141368875755656,19.53575951115671,19.62367057800293,17200,0.0,0.0
2021-04-28 00:00:00-04:00,19.399009375578473,19.68227691362855,19.291562104382667,19.66274070739746,17800,0.0,0.0
2021-04-29 00:00:00-04:00,19.71158097744792,19.887403105187317,19.213418903211334,19.408777236938477,16200,0.0,0.0
2021-04-30 00:00:00-04:00,19.10597385765831,19.257376677076817,18.666420350212437,19.047367095947266,26600,0.0,0.0
2021-05-03 00:00:00-04:00,19.13527667330107,20.444172715277247,19.13527667330107,19.848331451416016,20700,0.0,0.0
2021-05-04 00:00:00-04:00,19.779953670751652,19.779953670751652,19.3999832623245,19.477149963378906,11400,0.0,0.0
2021-05-05 00:00:00-04:00,19.779955104992023,19.779955104992023,19.154811441067658,19.19388198852539,17200,0.0,0.0
2021-05-06 00:00:00-04:00,19.565063803426213,21.801907296630443,19.477152736659544,21.499103546142578,35700,0.0,0.0
2021-05-07 00:00:00-04:00,21.000938723931764,22.03633332075299,21.000938723931764,21.87027931213379,53100,0.0,0.0
2021-05-10 00:00:00-04:00,21.792139619425328,23.149876197661634,21.782371515918562,22.720088958740234,66700,0.0,0.0
2021-05-11 00:00:00-04:00,22.417283939262116,22.739623884522576,21.977728621600058,22.51496124267578,36600,0.0,0.0
2021-05-12 00:00:00-04:00,22.90567871108416,23.24755301115913,22.368444208112393,22.954517364501953,61100,0.0,0.0
2021-05-13 00:00:00-04:00,23.21824977011235,24.12666285198082,22.622408530806123,23.550357818603516,59600,0.0,0.0
2021-05-14 00:00:00-04:00,23.833626971134073,24.05828776535102,23.06196541527904,23.394073486328125,31200,0.0,0.0
2021-05-17 00:00:00-04:00,23.08149840736915,23.3549997037044,22.66148115442327,22.964284896850586,25600,0.0,0.0
2021-05-18 00:00:00-04:00,23.149873027105134,23.149873027105134,22.72008584704645,22.837299346923828,14100,0.0,0.0
2021-05-19 00:00:00-04:00,22.514961920341392,22.514961920341392,21.899586320167796,22.309837341308594,24400,0.0,0.0
2021-05-20 00:00:00-04:00,22.510077009128292,23.843392255975264,22.510077009128292,23.56989097595215,34500,0.0,0.0
2021-05-21 00:00:00-04:00,23.442910158880164,23.804322510249282,23.2426687091294,23.491748809814453,36700,0.0,0.0
2021-05-24 00:00:00-04:00,23.442910158880164,23.862929263985453,23.179176972454737,23.491748809814453,29200,0.0,0.0
2021-05-25 00:00:00-04:00,23.521052226900753,23.55523965387426,22.77869320976522,22.827533721923828,33900,0.0,0.0
2021-05-26 00:00:00-04:00,22.495426705179412,23.71641161803614,22.495426705179412,23.618732452392578,21300,0.0,0.0
2021-05-27 00:00:00-04:00,23.931304262179477,25.396486155782302,23.706643485631737,24.136428833007812,76100,0.0,0.0
2021-05-28 00:00:00-04:00,24.10700630071386,24.89161113017869,23.714703885981443,24.715076446533203,33700,0.1,0.0
2021-06-01 00:00:00-04:00,24.89161089921081,25.372183457274964,24.293350423787157,25.07795524597168,41600,0.0,0.0
2021-06-02 00:00:00-04:00,25.077954794042753,25.077954794042753,23.60681937597396,23.86181640625,22400,0.0,0.0
2021-06-03 00:00:00-04:00,23.63624252198413,23.63624252198413,22.890867026453993,23.430282592773438,15400,0.0,0.0
2021-06-04 00:00:00-04:00,23.420475671166443,23.964796089996895,23.018365462248454,23.567590713500977,27700,0.0,0.0
2021-06-07 00:00:00-04:00,23.80297214747638,23.80297214747638,23.08702000722978,23.126249313354492,18600,0.0,0.0
2021-06-08 00:00:00-04:00,23.12624951880656,23.35182317530268,22.851636890912054,23.028173446655273,16800,0.0,0.0
2021-06-09 00:00:00-04:00,23.39105414162987,23.538167313208326,22.890867861746738,23.037981033325195,12500,0.0,0.0
2021-06-10 00:00:00-04:00,23.106632865949884,23.106632865949884,22.32202806616965,22.724138259887695,23000,0.0,0.0
2021-06-11 00:00:00-04:00,22.616254829600166,22.616254829600166,21.782611044787046,22.351451873779297,15800,0.0,0.0
2021-06-14 00:00:00-04:00,22.35145308201784,23.243941808519697,22.35145308201784,23.1752872467041,26300,0.0,0.0
2021-06-15 00:00:00-04:00,23.008559142647744,23.11644301510179,22.58683518894998,22.969329833984375,12800,0.0,0.0
2021-06-16 00:00:00-04:00,22.449527527774375,22.871253344523875,22.18472455478947,22.812408447265625,25600,0.0,0.0
2021-06-17 00:00:00-04:00,22.508373648687073,23.22432580179372,22.42010537001414,23.10663414001465,28700,0.0,0.0
2021-06-18 00:00:00-04:00,23.14586687496243,23.404786677653465,22.439720598062788,22.596643447875977,74200,0.0,0.0
2021-06-21 00:00:00-04:00,22.64567777368363,23.20470892720402,22.41519929540419,22.6358699798584,48500,0.0,0.0
2021-06-22 00:00:00-04:00,22.606448500893414,22.812408447265625,22.08664847892868,22.812408447265625,29500,0.0,0.0
2021-06-23 00:00:00-04:00,22.57702636842734,23.175286860544706,22.557410779664018,22.665294647216797,33600,0.0,0.0
2021-06-24 00:00:00-04:00,22.94971168256993,23.2733613931591,22.25337516337474,22.557409286499023,23600,0.0,0.0
2021-06-25 00:00:00-04:00,22.645679738328674,22.802600711855387,20.850894466802007,21.400117874145508,177900,0.0,0.0
2021-06-28 00:00:00-04:00,21.40011849504659,21.606078447929583,21.233389722006308,21.45896339416504,29800,0.0,0.0
2021-06-29 00:00:00-04:00,21.45896214898583,21.929726926553634,21.369713651861705,21.606077194213867,21200,0.0,0.0
2021-06-30 00:00:00-04:00,21.557036958202108,22.03760763133644,21.507999859765185,21.84145736694336,15700,0.0,0.0
2021-07-01 00:00:00-04:00,22.076839855852707,22.17491592803323,21.478577499132474,21.79241943359375,23000,0.0,0.0
2021-07-02 00:00:00-04:00,21.769862573591226,21.97876316102062,21.37069489788966,21.910110473632812,17400,0.0,0.0
2021-07-06 00:00:00-04:00,21.949340211282827,21.949340211282827,21.174543176102933,21.272619247436523,28600,0.0,0.0
2021-07-07 00:00:00-04:00,21.31184964212322,21.44915689726165,20.65474236246434,20.693973541259766,20300,0.0,0.0
2021-07-08 00:00:00-04:00,20.59589596802762,20.59589596802762,19.624946811155198,19.791675567626953,27900,0.0,0.0
2021-07-09 00:00:00-04:00,20.24282348596616,20.83127804860028,20.036865417899236,20.556665420532227,23600,0.0,0.0
2021-07-12 00:00:00-04:00,20.399744275174555,20.978391038471642,20.233015515061066,20.30167007446289,15900,0.0,0.0
2021-07-13 00:00:00-04:00,20.478203858268532,20.478203858268532,19.9584038830143,19.987825393676758,16800,0.0,0.0
2021-07-14 00:00:00-04:00,20.193786622159813,20.528224367457256,19.879944683910757,20.282054901123047,85400,0.0,0.0
2021-07-15 00:00:00-04:00,20.32128592942367,20.32128592942367,19.90936788291833,20.02705955505371,20700,0.0,0.0
2021-07-16 00:00:00-04:00,20.31147730104821,20.31147730104821,19.71321678161621,19.71321678161621,14600,0.0,0.0
2021-07-19 00:00:00-04:00,19.6151392110535,19.98292307126075,19.176740355836053,19.51706314086914,20200,0.0,0.0
2021-07-20 00:00:00-04:00,19.507255153968195,20.447802581322964,19.448410260697408,19.791675567626953,24500,0.0,0.0
2021-07-21 00:00:00-04:00,19.781867572223668,20.438974797434046,19.781867572223668,19.889751434326172,22500,0.0,0.0
2021-07-22 00:00:00-04:00,20.06628586926313,20.06628586926313,19.31110445562991,19.45821762084961,9400,0.0,0.0
2021-07-23 00:00:00-04:00,19.4876418394431,19.703407699659397,18.813861530903637,19.595523834228516,22500,0.0,0.0
2021-07-26 00:00:00-04:00,19.59552256686714,19.928980065136358,19.033548903651212,19.389564514160156,17900,0.0,0.0
2021-07-27 00:00:00-04:00,19.13456874429274,19.15418433268365,18.614766875806442,18.889379501342773,16700,0.0,0.0
2021-07-28 00:00:00-04:00,19.026684673755604,19.15418412627711,18.53630619314002,18.987455368041992,15900,0.0,0.0
2021-07-29 00:00:00-04:00,19.056109305063522,19.90936686970022,18.97764881784813,19.105146408081055,16900,0.0,0.0
2021-07-30 00:00:00-04:00,19.144377208774838,19.360143076692875,18.144004613558828,18.33034896850586,15100,0.0,0.0
2021-08-02 00:00:00-04:00,18.418617411205762,19.33071986361905,18.418617411205762,19.203222274780273,17000,0.0,0.0
2021-08-03 00:00:00-04:00,19.016878327656087,19.669082654445017,18.72265196514182,19.271875381469727,8800,0.0,0.0
2021-08-04 00:00:00-04:00,19.134568522214977,19.183605621977655,18.477461283909705,18.634382247924805,17500,0.0,0.0
2021-08-05 00:00:00-04:00,18.21265734560105,18.428425084649355,16.437487684283425,17.27113151550293,71500,0.0,0.0
2021-08-06 00:00:00-04:00,17.261322183570954,17.477088032756644,16.663059863159916,16.721904754638672,40600,0.0,0.0
2021-08-09 00:00:00-04:00,16.672869392861084,17.157362853461574,16.39825675295803,16.46691131591797,72600,0.0,0.0
2021-08-10 00:00:00-04:00,16.599309738535926,17.202476876543006,16.599309738535926,16.829788208007812,21000,0.0,0.0
2021-08-11 00:00:00-04:00,16.702291906600156,17.163247010008003,16.702291906600156,16.770944595336914,16300,0.0,0.0
2021-08-12 00:00:00-04:00,16.780753012812372,17.02594226491941,16.62383204111551,16.918058395385742,16000,0.0,0.0
2021-08-13 00:00:00-04:00,17.084787365902063,17.702663465514803,16.71210052132773,17.261323928833008,16600,0.0,0.0
2021-08-16 00:00:00-04:00,17.32016903762165,17.32016903762165,16.819982726761996,17.16324806213379,10600,0.0,0.0
2021-08-17 00:00:00-04:00,17.163246580520518,17.163246580520518,16.68267590074339,16.70229148864746,9200,0.0,0.0
2021-08-18 00:00:00-04:00,16.682676107903717,16.898441965591505,16.55517665558945,16.69248390197754,21400,0.0,0.0
2021-08-19 00:00:00-04:00,16.57479372401515,16.86411712777308,16.57479372401515,16.712100982666016,16900,0.0,0.0
2021-08-20 00:00:00-04:00,16.5944073961207,17.10440145069459,16.5944073961207,16.888633728027344,15100,0.0,0.0
2021-08-23 00:00:00-04:00,16.937673145934628,16.937673145934628,16.62383121807904,16.780752182006836,12900,0.0,0.0
2021-08-24 00:00:00-04:00,16.967095497548932,17.02594226491941,16.770945218250624,16.918058395385742,9400,0.0,0.0
2021-08-25 00:00:00-04:00,17.01613425922768,17.01613425922768,16.62383183485307,16.663061141967773,25000,0.0,0.0
2021-08-26 00:00:00-04:00,16.68267760563133,16.7709458895748,16.476717652881366,16.535564422607422,49100,0.0,0.0
2021-08-27 00:00:00-04:00,16.614024040413018,16.859213289477836,16.584600657092853,16.663061141967773,44700,0.0,0.0
2021-08-30 00:00:00-04:00,16.81998148364636,16.995537817470552,16.69248390197754,16.69248390197754,11300,0.0,0.0
2021-08-31 00:00:00-04:00,17.01212853759053,17.01212853759053,16.77140998840332,16.77140998840332,8100,0.1,0.0
2021-09-01 00:00:00-04:00,16.79903238728161,17.0377788993509,16.771409010516706,16.820735931396484,10400,0.0,0.0
2021-09-02 00:00:00-04:00,16.82073691273808,16.840468434921718,16.722083065222943,16.751678466796875,15200,0.0,0.0
2021-09-03 00:00:00-04:00,16.830602757923334,16.830602757923334,16.475444765350954,16.55436897277832,13500,0.0,0.0
2021-09-07 00:00:00-04:00,16.554369121486403,16.554369121486403,16.031495066519664,16.080821990966797,34600,0.0,0.0
2021-09-08 00:00:00-04:00,15.922972729166755,15.96243577199017,15.617141674091087,15.794721603393555,29300,0.0,0.0
2021-09-09 00:00:00-04:00,15.908174067735672,16.080820165402656,15.784854888916016,15.784854888916016,13300,0.0,0.0
2021-09-10 00:00:00-04:00,15.784854847690998,16.623425637814847,15.784854847690998,15.922971725463867,16900,0.0,0.0
2021-09-13 00:00:00-04:00,15.982167243829549,16.200194345137874,15.794721554402631,15.972301483154297,13400,0.0,0.0
2021-09-14 00:00:00-04:00,16.06109166725676,16.06109166725676,15.252117156982422,15.252117156982422,23900,0.0,0.0
2021-09-15 00:00:00-04:00,15.291578172292073,15.834181806370289,15.291578172292073,15.76512336730957,18400,0.0,0.0
2021-09-16 00:00:00-04:00,15.794720648331392,16.05122476606916,15.707903652900761,15.774989128112793,7100,0.0,0.0
2021-09-17 00:00:00-04:00,15.745392791399135,16.061090528997443,15.666468592212226,15.814452171325684,36800,0.0,0.0
2021-09-20 00:00:00-04:00,15.58754444945144,15.58754444945144,15.350771851033608,15.518485069274902,12200,0.0,0.0
2021-09-21 00:00:00-04:00,15.488888739889571,15.864765169561712,15.449426640127268,15.479022979736328,5500,0.0,0.0
2021-09-22 00:00:00-04:00,15.538217494571068,15.922972754196936,15.538217494571068,15.696065902709961,16500,0.0,0.0
2021-09-23 00:00:00-04:00,15.705930688357718,15.893376367023478,15.656602828664061,15.76512336730957,8700,0.0,0.0
2021-09-24 00:00:00-04:00,15.755259501420865,15.83418276451552,15.567813811412542,15.794721603393555,17900,0.0,0.0
2021-09-27 00:00:00-04:00,15.705930648010703,16.02064143238009,15.696064887927182,15.913105964660645,8400,0.0,0.0
2021-09-28 00:00:00-04:00,15.774989178317997,16.031493296872114,15.538216580045278,15.5678129196167,14900,0.0,0.0
2021-09-29 00:00:00-04:00,15.53821664127936,15.690146149152557,15.153460461931914,15.321174621582031,17400,0.0,0.0
2021-09-30 00:00:00-04:00,15.53821756993074,15.567813911387642,15.311310717343277,15.459293365478516,13400,0.0,0.0
2021-10-01 00:00:00-04:00,15.72566141186619,15.72566141186619,15.084402052522877,15.192922592163086,29000,0.0,0.0
2021-10-04 00:00:00-04:00,15.291578335303432,15.345839075629952,15.094267835276105,15.143595695495605,12500,0.0,0.0
2021-10-05 00:00:00-04:00,15.266914842987255,15.281712542426002,15.153460482469697,15.242250442504883,5600,0.0,0.0
2021-10-06 00:00:00-04:00,15.296511279291215,15.296511279291215,14.650319036184106,14.896957397460938,11800,0.0,0.0
2021-10-07 00:00:00-04:00,15.232384799241846,15.232384799241846,14.798301696777344,14.798301696777344,28200,0.0,0.0
2021-10-08 00:00:00-04:00,14.83973669817387,15.360636795270276,14.83973669817387,15.044939994812012,14300,0.0,0.0
2021-10-11 00:00:00-04:00,15.237317657487976,15.430682230563239,14.877225875854492,14.877225875854492,8400,0.0,0.0
2021-10-12 00:00:00-04:00,14.798301706962224,15.104133689547078,14.591125445430725,14.748973846435547,11900,0.0,0.0
2021-10-13 00:00:00-04:00,14.877225897225436,14.966015857942208,14.798301696777344,14.798301696777344,10900,0.0,0.0
2021-10-14 00:00:00-04:00,14.758839585924663,15.084402147751256,14.699645965205882,14.837763786315918,14600,0.0,0.0
2021-10-15 00:00:00-04:00,15.281712552862446,15.432655108685076,15.035074192974346,15.202788352966309,27700,0.0,0.0
2021-10-18 00:00:00-04:00,15.19292262539285,15.232384725425662,14.995612125228789,15.104133605957031,9800,0.0,0.0
2021-10-19 00:00:00-04:00,15.094267803013357,15.385301142750611,15.094267803013357,15.242250442504883,18200,0.0,0.0
2021-10-20 00:00:00-04:00,15.252116309351742,15.252116309351742,14.84762954711914,14.84762954711914,24900,0.0,0.0
2021-10-21 00:00:00-04:00,14.926553674459084,15.271846814280796,14.926553674459084,15.133729934692383,12300,0.0,0.0
2021-10-22 00:00:00-04:00,15.113998424744114,15.252116245278968,14.810140348588252,15.094267845153809,7700,0.0,0.0
2021-10-25 00:00:00-04:00,15.113998403840553,15.46915824448163,15.010410744220689,15.173192024230957,8300,0.0,0.0
2021-10-26 00:00:00-04:00,14.946284252869653,15.261981993727135,14.926553673294567,15.113998413085938,6900,0.0,0.0
2021-10-27 00:00:00-04:00,15.281712659734573,15.281712659734573,14.798301696777344,14.798301696777344,9500,0.0,0.0
2021-10-28 00:00:00-04:00,14.896957365252508,15.311309886569777,14.896957365252508,15.005477905273438,15000,0.0,0.0
2021-10-29 00:00:00-04:00,14.91668799744948,14.966015857942208,14.798301696777344,14.798301696777344,6100,0.0,0.0
2021-11-01 00:00:00-04:00,14.827897933034317,15.400098852706652,14.80816735348562,15.202788352966309,10100,0.0,0.0
2021-11-02 00:00:00-04:00,14.857495225000855,15.18305778503418,14.857495225000855,15.18305778503418,9800,0.0,0.0
2021-11-03 00:00:00-04:00,15.29157815494309,15.883510588894058,15.192922435667708,15.873644828796387,9000,0.0,0.0
2021-11-04 00:00:00-04:00,16.09068646086892,17.777693861735283,16.09068646086892,17.373207092285156,26900,0.0,0.0
2021-11-05 00:00:00-04:00,17.560650438356003,19.149002075195312,17.560650438356003,19.149002075195312,54900,0.0,0.0
2021-11-08 00:00:00-05:00,18.951690915981647,20.086228891518598,17.915810543719033,18.122987747192383,34500,0.0,0.0
2021-11-09 00:00:00-05:00,18.27097145736601,19.395641856655857,17.284417947335896,17.757963180541992,15900,0.0,0.0
2021-11-10 00:00:00-05:00,17.698771015268655,18.23742878086209,16.278133392333984,16.278133392333984,21600,0.0,0.0
2021-11-11 00:00:00-05:00,16.406384411306654,17.83688778556996,15.79472227514139,16.574098587036133,21600,0.0,0.0
2021-11-12 00:00:00-05:00,16.514903951656798,17.185760575349885,15.982166085707256,16.889795303344727,22000,0.0,0.0
2021-11-15 00:00:00-05:00,16.73194572710742,17.76782798595374,16.574097324527266,17.728364944458008,19600,0.0,0.0
2021-11-16 00:00:00-05:00,17.728365249863863,18.18218082637571,16.475443768012536,16.662887573242188,29400,0.0,0.0
2021-11-17 00:00:00-05:00,16.85033338186344,16.85033338186344,16.23866939563486,16.24853515625,10100,0.0,0.0
2021-11-18 00:00:00-05:00,16.426114942700547,17.175895807692164,16.426114942700547,16.76154327392578,17400,0.0,0.0
2021-11-19 00:00:00-05:00,16.593830223719124,16.69149994234348,16.278133392333984,16.278133392333984,8500,0.0,0.0
2021-11-22 00:00:00-05:00,16.534636544535857,16.919391799450192,16.297863935226925,16.32745933532715,9000,0.0,0.0
2021-11-23 00:00:00-05:00,16.179477632907115,16.78620783244971,16.095621485466168,16.376789093017578,19400,0.0,0.0
2021-11-24 00:00:00-05:00,16.34718898220587,16.47544197360648,15.5086191851721,16.20907211303711,16900,0.0,0.0
2021-11-26 00:00:00-05:00,15.784854866805263,16.69248409691462,15.3409060118465,15.834181785583496,20100,0.0,0.0
2021-11-29 00:00:00-05:00,16.357055845447896,16.426114284692336,15.538216571247057,15.627006530761719,17200,0.0,0.0
2021-11-30 00:00:00-05:00,15.428442161833907,15.68657591364948,13.800214973645051,14.892318725585938,24900,0.1,0.0
2021-12-01 00:00:00-05:00,15.289446978963728,15.766001674671084,14.385979786592435,14.644113540649414,32800,0.0,0.0
2021-12-02 00:00:00-05:00,14.971744614524352,15.336109647965154,14.604400859748495,14.902247428894043,11400,0.0,0.0
2021-12-03 00:00:00-05:00,14.862534576914634,15.339088328827597,13.988851751579398,14.683826446533203,38500,0.0,0.0
2021-12-06 00:00:00-05:00,14.793036673674646,15.090883246645765,14.306554474357773,14.475334167480469,31400,0.0,0.0
2021-12-07 00:00:00-05:00,14.80296493952269,14.912175884863036,14.445549624259732,14.505118370056152,31600,0.0,0.0
2021-12-08 00:00:00-05:00,14.475333997157941,14.69375494101049,14.37605149172638,14.505118370056152,6900,0.0,0.0
2021-12-09 00:00:00-05:00,14.500154134156062,14.663970551986433,14.222164444812798,14.39590835571289,18200,0.0,0.0
2021-12-10 00:00:00-05:00,14.67389846768257,14.67389846768257,14.120896847575755,14.266841888427734,20800,0.0,0.0
2021-12-13 00:00:00-05:00,14.197344546322418,14.256913293120844,13.358410296481269,13.790287971496582,26700,0.0,0.0
2021-12-14 00:00:00-05:00,13.710862605707822,13.800215727607439,13.065528190911623,13.184666633605957,54400,0.0,0.0
2021-12-15 00:00:00-05:00,13.293877021269202,13.671149213944306,13.219414669256219,13.452728271484375,45800,0.0,0.0
2021-12-16 00:00:00-05:00,14.812893322656745,15.181230299138866,13.479533957152404,14.17748737335205,46000,0.0,0.0
2021-12-17 00:00:00-05:00,14.23705766737122,14.23705766737122,13.899498272127055,14.127846717834473,46100,0.0,0.0
2021-12-20 00:00:00-05:00,13.820071868128071,13.949138744176299,13.552009676298336,13.59172248840332,29900,0.0,0.0
2021-12-21 00:00:00-05:00,13.730717881374115,13.840921101279891,13.482512567615613,13.522225379943848,51600,0.0,0.0
2021-12-22 00:00:00-05:00,13.40308750859382,14.425693179322794,13.20452343857288,13.86971378326416,28400,0.0,0.0
2021-12-23 00:00:00-05:00,13.69100546439499,13.9491392253966,13.42294421014575,13.790287971496582,12100,0.0,0.0
2021-12-27 00:00:00-05:00,13.67114972550594,14.266841936103084,13.527190182844022,13.978923797607422,12400,0.0,0.0
2021-12-28 00:00:00-05:00,13.820072200867285,15.03131441947397,13.750575014717345,14.544831275939941,17600,0.0,0.0
2021-12-29 00:00:00-05:00,14.70368307703471,14.70368307703471,14.038492766144076,14.276769638061523,14800,0.0,0.0
2021-12-30 00:00:00-05:00,14.187416076660156,14.624257023974216,13.954103416334576,14.187416076660156,15500,0.0,0.0
2021-12-31 00:00:00-05:00,14.137774745597133,14.852606329560267,13.98885193290105,14.256913185119629,16200,0.0,0.0
2022-01-03 00:00:00-05:00,14.395908954922751,14.811900756945763,13.88262014214145,14.346267700195312,7300,0.0,0.0
2022-01-04 00:00:00-05:00,14.495191104990038,14.584544225090227,14.276770157701652,14.296626091003418,13300,0.0,0.0
2022-01-05 00:00:00-05:00,14.594472442955327,14.594472442955327,13.899497745067578,13.998780250549316,9000,0.0,0.0
2022-01-06 00:00:00-05:00,13.889569130687056,14.026578948657752,13.47854157043123,13.522225379943848,9100,0.0,0.0
2022-01-07 00:00:00-05:00,13.661220685443194,14.26684130966535,13.661220685443194,13.919354438781738,12700,0.0,0.0
2022-01-10 00:00:00-05:00,13.959067304178031,14.4584557076645,13.661220737410407,13.740646362304688,17000,0.0,0.0
2022-01-11 00:00:00-05:00,13.810144088843792,14.292655299750173,13.515276231826356,13.86971378326416,21400,0.0,0.0
2022-01-12 00:00:00-05:00,13.909426708697639,14.49519143007314,13.39315917567917,13.403087615966797,18500,0.0,0.0
2022-01-13 00:00:00-05:00,13.581795487106369,13.849856741810752,13.303804845481178,13.393158912658691,19700,0.0,0.0
2022-01-14 00:00:00-05:00,13.422943686227145,13.422943686227145,13.105240243999415,13.264091491699219,13500,0.0,0.0
2022-01-18 00:00:00-05:00,13.323661145709291,13.492440832624968,12.708112089181341,13.045671463012695,16700,0.0,0.0
2022-01-19 00:00:00-05:00,12.866964208503717,13.065528281030527,12.07270697156829,12.49962043762207,27300,0.0,0.0
2022-01-20 00:00:00-05:00,12.668399470726541,13.224378844605697,12.668399470726541,12.727968215942383,14600,0.0,0.0
2022-01-21 00:00:00-05:00,12.50954806103555,12.956317431752224,12.449978369753538,12.757753372192383,20700,0.0,0.0
2022-01-24 00:00:00-05:00,12.896748130744125,13.154881889397474,12.588974065819723,13.0258150100708,28500,0.0,0.0
2022-01-25 00:00:00-05:00,13.025814583691737,13.36833817735333,12.658470837707062,13.045671463012695,24600,0.0,0.0
2022-01-26 00:00:00-05:00,12.974187833650985,13.317703703181756,12.974187833650985,13.045671463012695,18100,0.0,0.0
2022-01-27 00:00:00-05:00,12.976173756971594,13.293877208709619,12.966246263814273,13.0258150100708,9600,0.0,0.0
2022-01-28 00:00:00-05:00,13.015886514935772,13.393158711331784,12.946389328988241,13.204523086547852,20500,0.0,0.0
2022-01-31 00:00:00-05:00,13.502369997997087,14.098062207220735,13.492441557802984,13.760502815246582,24400,0.0,0.0
2022-02-01 00:00:00-05:00,13.839927997570335,14.767223072894563,13.363374245533935,13.671149253845215,43600,0.0,0.0
2022-02-02 00:00:00-05:00,13.800215780109319,13.899498289479732,12.453950141664945,12.896748542785645,35500,0.0,0.0
2022-02-03 00:00:00-05:00,12.817322210763896,12.9880873979221,12.76768095880239,12.797466278076172,13800,0.0,0.0
2022-02-04 00:00:00-05:00,12.718040687849438,13.184665995788544,12.618758183659597,13.015886306762695,20400,0.0,0.0
2022-02-07 00:00:00-05:00,12.787537964337648,13.214451409854396,12.787537964337648,13.055599212646484,23700,0.0,0.0
2022-02-08 00:00:00-05:00,13.02581483990731,13.204522969998626,12.921569061906135,13.055599212646484,7300,0.0,0.0
2022-02-09 00:00:00-05:00,13.015886347322134,13.363374166241266,13.015886347322134,13.234307289123535,13500,0.0,0.0
2022-02-10 00:00:00-05:00,13.39315917567917,14.140753875795916,13.254164798965103,13.403087615966797,23600,0.0,0.0
2022-02-11 00:00:00-05:00,13.28394889831543,13.830000794077387,13.28394889831543,13.28394889831543,34800,0.0,0.0
2022-02-14 00:00:00-05:00,13.502369561731571,13.561938307315168,12.931496577781914,13.164810180664062,16300,0.0,0.0
2022-02-15 00:00:00-05:00,13.244236006995457,13.740646646257186,13.055599433852233,13.353446006774902,26300,0.0,0.0
2022-02-16 00:00:00-05:00,12.968231505940748,13.542082259522031,12.956317567559465,13.522225379943848,22600,0.0,0.0
2022-02-17 00:00:00-05:00,13.274020732712179,13.601651687578446,13.010922746059132,13.403087615966797,17000,0.0,0.0
2022-02-18 00:00:00-05:00,13.343517913563192,14.08813389180915,13.343517913563192,14.018636703491211,25900,0.0,0.0
2022-02-22 00:00:00-05:00,13.859785172324857,14.29662612098972,13.522225784033385,13.899497985839844,27800,0.0,0.0
2022-02-23 00:00:00-05:00,14.20727298799871,16.163131182226376,14.197344547921801,15.527725219726562,77500,0.0,0.0
2022-02-24 00:00:00-05:00,15.547581257528913,16.004280035854077,14.43562152580321,15.0610990524292,187000,0.0,0.0
2022-02-25 00:00:00-05:00,15.289447076296295,15.83847768181153,14.15763144208894,14.683826446533203,56000,0.0,0.0
2022-02-28 00:00:00-05:00,14.395908787811765,15.185201793648387,14.147703463883975,14.991601943969727,82700,0.0,0.0
2022-03-01 00:00:00-05:00,15.071027539949803,15.3817803321625,13.373303090007521,14.157631874084473,48600,0.0,0.0
2022-03-02 00:00:00-05:00,14.534904031392816,14.574616845133173,13.691005555875043,13.830000877380371,18800,0.0,0.0
2022-03-03 00:00:00-05:00,13.930000305175781,14.430000305175781,13.329999923706055,13.640000343322754,36400,0.1,0.0
2022-03-04 00:00:00-05:00,13.489999771118164,13.579999923706055,12.829999923706055,12.890000343322754,18700,0.0,0.0
2022-03-07 00:00:00-05:00,12.84000015258789,13.380000114440918,12.350000381469727,12.420000076293945,40400,0.0,0.0
2022-03-08 00:00:00-05:00,12.260000228881836,13.029999732971191,12.137999534606934,12.609999656677246,54200,0.0,0.0
2022-03-09 00:00:00-05:00,12.699999809265137,13.399999618530273,12.6899995803833,12.920000076293945,31200,0.0,0.0
2022-03-10 00:00:00-05:00,12.489999771118164,12.545000076293945,11.5,11.510000228881836,63500,0.0,0.0
2022-03-11 00:00:00-05:00,11.550000190734863,11.619999885559082,11.25,11.520000457763672,58500,0.0,0.0
2022-03-14 00:00:00-04:00,11.380000114440918,11.8100004196167,10.850000381469727,11.140000343322754,127200,0.0,0.0
2022-03-15 00:00:00-04:00,11.25,11.5,10.739999771118164,10.779999732971191,61300,0.0,0.0
2022-03-16 00:00:00-04:00,11.013999938964844,11.140000343322754,10.710000038146973,10.710000038146973,73300,0.0,0.0
2022-03-17 00:00:00-04:00,10.760000228881836,11.050000190734863,10.699999809265137,10.949999809265137,45400,0.0,0.0
2022-03-18 00:00:00-04:00,11.0,11.699999809265137,11.0,11.569999694824219,153200,0.0,0.0
2022-03-21 00:00:00-04:00,11.569999694824219,11.569999694824219,10.75,10.760000228881836,101000,0.0,0.0
2022-03-22 00:00:00-04:00,10.899999618530273,11.628000259399414,10.770000457763672,10.960000038146973,51900,0.0,0.0
2022-03-23 00:00:00-04:00,10.960000038146973,11.020000457763672,10.664999961853027,10.850000381469727,352400,0.0,0.0
2022-03-24 00:00:00-04:00,10.850000381469727,11.119999885559082,10.619999885559082,10.90999984741211,38600,0.0,0.0
2022-03-25 00:00:00-04:00,11.0,11.25,10.630000114440918,11.029999732971191,42000,0.0,0.0
2022-03-28 00:00:00-04:00,11.0,11.420000076293945,10.699999809265137,11.380000114440918,60200,0.0,0.0
2022-03-29 00:00:00-04:00,11.420000076293945,12.65999984741211,11.239999771118164,12.529999732971191,66000,0.0,0.0
2022-03-30 00:00:00-04:00,12.399999618530273,12.609999656677246,11.649999618530273,11.710000038146973,67200,0.0,0.0
2022-03-31 00:00:00-04:00,11.699999809265137,11.8149995803833,11.40999984741211,11.630000114440918,52000,0.0,0.0
2022-04-01 00:00:00-04:00,11.699999809265137,11.819999694824219,11.369999885559082,11.460000038146973,27300,0.0,0.0
2022-04-04 00:00:00-04:00,11.40999984741211,11.5,10.90999984741211,11.390000343322754,52300,0.0,0.0
2022-04-05 00:00:00-04:00,11.359999656677246,11.75,11.229999542236328,11.630000114440918,55200,0.0,0.0
2022-04-06 00:00:00-04:00,11.4399995803833,11.467000007629395,11.0600004196167,11.100000381469727,33200,0.0,0.0
2022-04-07 00:00:00-04:00,11.3100004196167,11.369999885559082,10.90999984741211,11.350000381469727,48100,0.0,0.0
2022-04-08 00:00:00-04:00,11.399999618530273,11.789999961853027,11.069999694824219,11.640000343322754,28200,0.0,0.0
2022-04-11 00:00:00-04:00,11.220000267028809,11.760000228881836,10.949999809265137,11.010000228881836,23300,0.0,0.0
2022-04-12 00:00:00-04:00,11.1899995803833,11.413000106811523,10.970000267028809,11.069999694824219,34900,0.0,0.0
2022-04-13 00:00:00-04:00,11.140000343322754,11.239999771118164,11.069999694824219,11.09000015258789,13700,0.0,0.0
2022-04-14 00:00:00-04:00,11.210000038146973,11.319999694824219,10.869999885559082,10.9399995803833,30800,0.0,0.0
2022-04-18 00:00:00-04:00,11.010000228881836,11.010000228881836,10.59000015258789,10.720000267028809,41200,0.0,0.0
2022-04-19 00:00:00-04:00,10.734999656677246,11.119999885559082,10.720000267028809,10.800000190734863,30900,0.0,0.0
2022-04-20 00:00:00-04:00,10.970000267028809,11.020000457763672,10.609999656677246,10.859999656677246,46000,0.0,0.0
2022-04-21 00:00:00-04:00,11.0,11.0,10.649999618530273,10.770000457763672,32300,0.0,0.0
2022-04-22 00:00:00-04:00,10.789999961853027,10.949999809265137,10.510000228881836,10.5600004196167,40700,0.0,0.0
2022-04-25 00:00:00-04:00,10.5,10.739999771118164,10.3100004196167,10.479999542236328,32600,0.0,0.0
2022-04-26 00:00:00-04:00,10.496000289916992,10.640000343322754,9.925000190734863,10.010000228881836,37900,0.0,0.0
2022-04-27 00:00:00-04:00,9.920000076293945,10.130000114440918,9.770000457763672,9.890000343322754,36700,0.0,0.0
2022-04-28 00:00:00-04:00,9.930000305175781,9.944999694824219,9.682999610900879,9.84000015258789,28100,0.0,0.0
2022-04-29 00:00:00-04:00,9.736000061035156,9.850000381469727,9.25,9.359999656677246,30000,0.0,0.0
2022-05-02 00:00:00-04:00,9.479999542236328,9.65999984741211,9.199999809265137,9.550000190734863,33000,0.0,0.0
2022-05-03 00:00:00-04:00,9.640000343322754,9.951000213623047,9.3100004196167,9.539999961853027,31000,0.0,0.0
2022-05-04 00:00:00-04:00,9.699999809265137,9.770000457763672,9.454999923706055,9.770000457763672,66000,0.0,0.0
2022-05-05 00:00:00-04:00,10.15999984741211,10.15999984741211,9.5,9.720000267028809,45000,0.0,0.0
2022-05-06 00:00:00-04:00,9.6899995803833,10.020000457763672,9.675000190734863,9.920000076293945,44100,0.0,0.0
2022-05-09 00:00:00-04:00,9.869999885559082,10.25,9.760000228881836,9.960000038146973,83600,0.0,0.0
2022-05-10 00:00:00-04:00,10.100000381469727,10.279999732971191,9.760000228881836,10.220000267028809,78900,0.0,0.0
2022-05-11 00:00:00-04:00,10.199999809265137,10.4399995803833,9.800000190734863,9.930000305175781,40100,0.0,0.0
2022-05-12 00:00:00-04:00,9.960000038146973,10.210000038146973,9.550000190734863,9.710000038146973,34800,0.0,0.0
2022-05-13 00:00:00-04:00,9.75,9.9399995803833,9.449999809265137,9.550000190734863,38300,0.0,0.0
2022-05-16 00:00:00-04:00,9.550000190734863,9.741999626159668,9.38599967956543,9.510000228881836,30900,0.0,0.0
2022-05-17 00:00:00-04:00,9.569999694824219,9.829999923706055,9.520000457763672,9.710000038146973,29300,0.0,0.0
2022-05-18 00:00:00-04:00,9.550000190734863,9.654999732971191,9.4399995803833,9.510000228881836,31200,0.0,0.0
2022-05-19 00:00:00-04:00,9.609999656677246,9.609999656677246,9.380000114440918,9.539999961853027,23300,0.0,0.0
2022-05-20 00:00:00-04:00,9.5600004196167,9.710000038146973,9.175000190734863,9.449999809265137,36100,0.0,0.0
2022-05-23 00:00:00-04:00,9.600000381469727,9.84000015258789,9.470000267028809,9.770000457763672,38200,0.0,0.0
2022-05-24 00:00:00-04:00,9.59000015258789,9.800000190734863,9.4399995803833,9.609999656677246,25300,0.0,0.0
2022-05-25 00:00:00-04:00,9.680000305175781,10.369999885559082,9.680000305175781,10.210000038146973,23600,0.0,0.0
2022-05-26 00:00:00-04:00,10.619999885559082,11.210000038146973,10.36400032043457,10.84000015258789,46000,0.0,0.0
2022-05-27 00:00:00-04:00,10.890000343322754,11.229999542236328,10.211999893188477,10.949999809265137,31400,0.0,0.0
2022-05-31 00:00:00-04:00,10.630000114440918,10.630000114440918,10.010000228881836,10.319999694824219,34600,0.0,0.0
2022-06-01 00:00:00-04:00,10.399999618530273,10.715999603271484,9.970000267028809,9.989999771118164,44300,0.0,0.0
2022-06-02 00:00:00-04:00,9.960000038146973,10.90999984741211,9.960000038146973,10.65999984741211,38000,0.0,0.0
2022-06-03 00:00:00-04:00,10.789999961853027,10.789999961853027,10.210000038146973,10.25,34700,0.0,0.0
2022-06-06 00:00:00-04:00,10.430000305175781,10.609999656677246,10.130000114440918,10.229999542236328,50400,0.0,0.0
2022-06-07 00:00:00-04:00,10.300000190734863,11.630000114440918,10.199999809265137,11.210000038146973,109000,0.0,0.0
2022-06-08 00:00:00-04:00,11.220000267028809,11.5600004196167,10.699999809265137,10.770000457763672,65200,0.0,0.0
2022-06-09 00:00:00-04:00,10.640000343322754,11.479999542236328,10.600000381469727,10.949999809265137,59700,0.0,0.0
2022-06-10 00:00:00-04:00,10.829999923706055,10.829999923706055,10.380000114440918,10.59000015258789,48100,0.0,0.0
2022-06-13 00:00:00-04:00,10.399999618530273,10.989999771118164,10.270000457763672,10.550000190734863,69400,0.0,0.0
2022-06-14 00:00:00-04:00,10.569999694824219,10.989999771118164,10.40999984741211,10.710000038146973,58100,0.0,0.0
2022-06-15 00:00:00-04:00,10.75,11.170000076293945,10.489999771118164,10.65999984741211,56100,0.0,0.0
2022-06-16 00:00:00-04:00,10.5600004196167,10.5600004196167,9.90999984741211,10.239999771118164,72100,0.0,0.0
2022-06-17 00:00:00-04:00,10.300000190734863,10.489999771118164,10.074999809265137,10.130000114440918,63500,0.0,0.0
2022-06-21 00:00:00-04:00,10.350000381469727,11.029999732971191,10.149999618530273,10.550000190734863,127800,0.0,0.0
2022-06-22 00:00:00-04:00,10.600000381469727,11.069999694824219,10.149999618530273,10.619999885559082,64500,0.0,0.0
2022-06-23 00:00:00-04:00,10.6899995803833,10.899999618530273,10.25,10.880000114440918,71800,0.0,0.0
2022-06-24 00:00:00-04:00,10.829999923706055,12.729999542236328,9.930000305175781,12.729999542236328,1353100,0.0,0.0
2022-06-27 00:00:00-04:00,12.25,13.350000381469727,12.100000381469727,12.850000381469727,237000,0.0,0.0
2022-06-28 00:00:00-04:00,12.90999984741211,13.039999961853027,12.515000343322754,12.850000381469727,93900,0.0,0.0
2022-06-29 00:00:00-04:00,12.75,12.75,12.199999809265137,12.300000190734863,127000,0.0,0.0
2022-06-30 00:00:00-04:00,12.1899995803833,12.715999603271484,12.1899995803833,12.40999984741211,101700,0.0,0.0
2022-07-01 00:00:00-04:00,12.4399995803833,12.550000190734863,11.470000267028809,11.789999961853027,74300,0.0,0.0
2022-07-05 00:00:00-04:00,11.510000228881836,12.119999885559082,11.479999542236328,12.029999732971191,51600,0.0,0.0
2022-07-06 00:00:00-04:00,12.229999542236328,12.380000114440918,11.970000267028809,12.180000305175781,36500,0.0,0.0
2022-07-07 00:00:00-04:00,12.210000038146973,12.59000015258789,12.109999656677246,12.350000381469727,33300,0.0,0.0
2022-07-08 00:00:00-04:00,12.319999694824219,12.680000305175781,12.260000228881836,12.529999732971191,39600,0.0,0.0
2022-07-11 00:00:00-04:00,12.359999656677246,12.8100004196167,11.8100004196167,11.869999885559082,34500,0.0,0.0
2022-07-12 00:00:00-04:00,11.819999694824219,12.140000343322754,11.65999984741211,11.75,29500,0.0,0.0
2022-07-13 00:00:00-04:00,11.579999923706055,12.079999923706055,11.510000228881836,11.75,31100,0.0,0.0
2022-07-14 00:00:00-04:00,11.600000381469727,12.069999694824219,11.460000038146973,11.819999694824219,30500,0.0,0.0
2022-07-15 00:00:00-04:00,11.949999809265137,12.380000114440918,11.8149995803833,12.229999542236328,32400,0.0,0.0
2022-07-18 00:00:00-04:00,12.149999618530273,12.279999732971191,11.779999732971191,11.890000343322754,30200,0.0,0.0
2022-07-19 00:00:00-04:00,12.010000228881836,12.569999694824219,11.899999618530273,12.119999885559082,36900,0.0,0.0
2022-07-20 00:00:00-04:00,12.140000343322754,12.5,12.0,12.229999542236328,43000,0.0,0.0
2022-07-21 00:00:00-04:00,12.050000190734863,12.5,12.029999732971191,12.369999885559082,12200,0.0,0.0
2022-07-22 00:00:00-04:00,12.25,12.649999618530273,12.192999839782715,12.270000457763672,21600,0.0,0.0
2022-07-25 00:00:00-04:00,12.390000343322754,12.550000190734863,11.949999809265137,11.949999809265137,16200,0.0,0.0
2022-07-26 00:00:00-04:00,11.9399995803833,11.9399995803833,11.359999656677246,11.670000076293945,35700,0.0,0.0
2022-07-27 00:00:00-04:00,11.609999656677246,11.904999732971191,11.479999542236328,11.819999694824219,11000,0.0,0.0
2022-07-28 00:00:00-04:00,11.729999542236328,12.25,11.729999542236328,12.079999923706055,8000,0.0,0.0
2022-07-29 00:00:00-04:00,12.0600004196167,12.069999694824219,11.779999732971191,11.84000015258789,9200,0.0,0.0
2022-08-01 00:00:00-04:00,11.960000038146973,12.109999656677246,11.8100004196167,11.930000305175781,9400,0.0,0.0
2022-08-02 00:00:00-04:00,11.760000228881836,11.760000228881836,11.029999732971191,11.029999732971191,16100,0.0,0.0
2022-08-03 00:00:00-04:00,11.199999809265137,11.336000442504883,10.859999656677246,10.859999656677246,17100,0.0,0.0
2022-08-04 00:00:00-04:00,12.3100004196167,12.3100004196167,11.140000343322754,11.239999771118164,14700,0.0,0.0
2022-08-05 00:00:00-04:00,11.480999946594238,11.480999946594238,11.1899995803833,11.329999923706055,9500,0.0,0.0
2022-08-08 00:00:00-04:00,11.22599983215332,11.720000267028809,11.109999656677246,11.720000267028809,17100,0.0,0.0
2022-08-09 00:00:00-04:00,11.75,11.75,11.359999656677246,11.600000381469727,16700,0.0,0.0
2022-08-10 00:00:00-04:00,11.729999542236328,11.899999618530273,11.479999542236328,11.84000015258789,6600,0.0,0.0
2022-08-11 00:00:00-04:00,11.770000457763672,11.949999809265137,11.59000015258789,11.9399995803833,9600,0.0,0.0
2022-08-12 00:00:00-04:00,12.100000381469727,12.100000381469727,11.640000343322754,11.640000343322754,130200,0.0,0.0
2022-08-15 00:00:00-04:00,11.729999542236328,11.880000114440918,11.5,11.680000305175781,33500,0.0,0.0
2022-08-16 00:00:00-04:00,11.770000457763672,12.494999885559082,11.626999855041504,11.90999984741211,23100,0.0,0.0
2022-08-17 00:00:00-04:00,11.899999618530273,12.409000396728516,11.786999702453613,12.279999732971191,7300,0.0,0.0
2022-08-18 00:00:00-04:00,12.15999984741211,12.449999809265137,12.0600004196167,12.449999809265137,8300,0.0,0.0
2022-08-19 00:00:00-04:00,12.385000228881836,12.399999618530273,12.010000228881836,12.380000114440918,4900,0.0,0.0
2022-08-22 00:00:00-04:00,12.319999694824219,12.390000343322754,11.970000267028809,12.029999732971191,5300,0.0,0.0
2022-08-23 00:00:00-04:00,12.15999984741211,12.350000381469727,12.0,12.220000267028809,19500,0.0,0.0
2022-08-24 00:00:00-04:00,12.300000190734863,12.34000015258789,12.0,12.220000267028809,10100,0.0,0.0
2022-08-25 00:00:00-04:00,12.079999923706055,13.09000015258789,12.079999923706055,12.800000190734863,85000,0.0,0.0
2022-08-26 00:00:00-04:00,12.770000457763672,13.069999694824219,12.388999938964844,13.069999694824219,19200,0.0,0.0
2022-08-29 00:00:00-04:00,12.859999656677246,13.199999809265137,12.699999809265137,13.149999618530273,10800,0.0,0.0
2022-08-30 00:00:00-04:00,12.960000038146973,13.0600004196167,12.640000343322754,12.729999542236328,8100,0.0,0.0
2022-08-31 00:00:00-04:00,12.510000228881836,12.510000228881836,12.220000267028809,12.350000381469727,26400,0.0,0.0
2022-09-01 00:00:00-04:00,12.3100004196167,12.4399995803833,12.1899995803833,12.4399995803833,20700,0.0,0.0
2022-09-02 00:00:00-04:00,12.329999923706055,12.380999565124512,12.239999771118164,12.350000381469727,20800,0.0,0.0
2022-09-06 00:00:00-04:00,12.3100004196167,12.5,11.619999885559082,11.770000457763672,30500,0.0,0.0
2022-09-07 00:00:00-04:00,11.829000473022461,11.829000473022461,11.28499984741211,11.489999771118164,25400,0.0,0.0
2022-09-08 00:00:00-04:00,11.270000457763672,11.920000076293945,11.010000228881836,11.760000228881836,33200,0.0,0.0
2022-09-09 00:00:00-04:00,11.720000267028809,11.817000389099121,11.300000190734863,11.329999923706055,9800,0.0,0.0
2022-09-12 00:00:00-04:00,11.479999542236328,11.510000228881836,11.239999771118164,11.510000228881836,14000,0.0,0.0
2022-09-13 00:00:00-04:00,11.34000015258789,11.399999618530273,11.260000228881836,11.380000114440918,16200,0.0,0.0
2022-09-14 00:00:00-04:00,11.199999809265137,11.520000457763672,11.140000343322754,11.199999809265137,17300,0.0,0.0
2022-09-15 00:00:00-04:00,11.100000381469727,11.390000343322754,11.100000381469727,11.390000343322754,21700,0.0,0.0
2022-09-16 00:00:00-04:00,11.553999900817871,12.109999656677246,11.399999618530273,11.90999984741211,49200,0.0,0.0
2022-09-19 00:00:00-04:00,11.729999542236328,11.869999885559082,11.40999984741211,11.869999885559082,8400,0.0,0.0
2022-09-20 00:00:00-04:00,11.640000343322754,11.9399995803833,11.430000305175781,11.9399995803833,13800,0.0,0.0
2022-09-21 00:00:00-04:00,11.850000381469727,12.199999809265137,11.633000373840332,12.140000343322754,13900,0.0,0.0
2022-09-22 00:00:00-04:00,11.899999618530273,12.15999984741211,11.680000305175781,11.890000343322754,22500,0.0,0.0
2022-09-23 00:00:00-04:00,11.720000267028809,12.130000114440918,11.300000190734863,11.869999885559082,40900,0.0,0.0
2022-09-26 00:00:00-04:00,11.890000343322754,11.890000343322754,11.359999656677246,11.569999694824219,13400,0.0,0.0
2022-09-27 00:00:00-04:00,11.4399995803833,11.619999885559082,11.380000114440918,11.539999961853027,10200,0.0,0.0
2022-09-28 00:00:00-04:00,11.380000114440918,11.699999809265137,11.380000114440918,11.699999809265137,10600,0.0,0.0
2022-09-29 00:00:00-04:00,11.640000343322754,11.640000343322754,11.0,11.390000343322754,15800,0.0,0.0
2022-09-30 00:00:00-04:00,11.649999618530273,11.869999885559082,11.300000190734863,11.670000076293945,28300,0.0,0.0
2022-10-03 00:00:00-04:00,11.649999618530273,11.649999618530273,11.5,11.5600004196167,8700,0.0,0.0
2022-10-04 00:00:00-04:00,11.670000076293945,11.920000076293945,11.550000190734863,11.75,10100,0.0,0.0
2022-10-05 00:00:00-04:00,11.399999618530273,11.75,11.260000228881836,11.6899995803833,7000,0.0,0.0
2022-10-06 00:00:00-04:00,11.850000381469727,11.850000381469727,11.4399995803833,11.84000015258789,5300,0.0,0.0
2022-10-07 00:00:00-04:00,11.640000343322754,11.640000343322754,11.020000457763672,11.09000015258789,4300,0.0,0.0
2022-10-10 00:00:00-04:00,11.09000015258789,11.149999618530273,10.890000343322754,11.100000381469727,1900,0.0,0.0
2022-10-11 00:00:00-04:00,10.989999771118164,10.989999771118164,10.789999961853027,10.789999961853027,3800,0.0,0.0
2022-10-12 00:00:00-04:00,10.720000267028809,11.069999694824219,10.680000305175781,11.0,4900,0.0,0.0
2022-10-13 00:00:00-04:00,11.0,11.279999732971191,10.918000221252441,11.270000457763672,5800,0.0,0.0
2022-10-14 00:00:00-04:00,11.350000381469727,11.430000305175781,11.147000312805176,11.329999923706055,4300,0.0,0.0
2022-10-17 00:00:00-04:00,11.270000457763672,11.289999961853027,11.119999885559082,11.1899995803833,5300,0.0,0.0
2022-10-18 00:00:00-04:00,11.25,11.350000381469727,11.010000228881836,11.279999732971191,8400,0.0,0.0
2022-10-19 00:00:00-04:00,10.963000297546387,11.220000267028809,10.960000038146973,11.010000228881836,5700,0.0,0.0
2022-10-20 00:00:00-04:00,10.970000267028809,11.329999923706055,10.859999656677246,11.25,8200,0.0,0.0
2022-10-21 00:00:00-04:00,11.149999618530273,11.5,11.109999656677246,11.420000076293945,4500,0.0,0.0
2022-10-24 00:00:00-04:00,11.34000015258789,11.5,11.319999694824219,11.460000038146973,3300,0.0,0.0
2022-10-25 00:00:00-04:00,11.350000381469727,11.670000076293945,11.180000305175781,11.670000076293945,6600,0.0,0.0
2022-10-26 00:00:00-04:00,11.609999656677246,11.75,11.229999542236328,11.319999694824219,6000,0.0,0.0
2022-10-27 00:00:00-04:00,11.501999855041504,11.819999694824219,11.40999984741211,11.65999984741211,4000,0.0,0.0
2022-10-28 00:00:00-04:00,11.850000381469727,11.949999809265137,11.699999809265137,11.949999809265137,4000,0.0,0.0
2022-10-31 00:00:00-04:00,11.90999984741211,12.119999885559082,11.619999885559082,11.779999732971191,4700,0.0,0.0
2022-11-01 00:00:00-04:00,11.850000381469727,12.083999633789062,11.630999565124512,12.0,4600,0.0,0.0
2022-11-02 00:00:00-04:00,11.795000076293945,11.989999771118164,11.609999656677246,11.779999732971191,3400,0.0,0.0
2022-11-03 00:00:00-04:00,11.59000015258789,11.779999732971191,11.15999984741211,11.468999862670898,6300,0.0,0.0
2022-11-04 00:00:00-04:00,11.569999694824219,11.970000267028809,11.510000228881836,11.670000076293945,6100,0.0,0.0
2022-11-07 00:00:00-05:00,11.6899995803833,13.670000076293945,11.630000114440918,13.199999809265137,28600,0.0,0.0
2022-11-08 00:00:00-05:00,13.0,13.390000343322754,12.89900016784668,13.199999809265137,4400,0.0,0.0
2022-11-09 00:00:00-05:00,13.5,13.640000343322754,12.52299976348877,13.640000343322754,6800,0.0,0.0
2022-11-10 00:00:00-05:00,13.140000343322754,14.0,13.140000343322754,13.989999771118164,6900,0.0,0.0
2022-11-11 00:00:00-05:00,13.989999771118164,14.0,13.59000015258789,14.0,6000,0.0,0.0
2022-11-14 00:00:00-05:00,13.369999885559082,14.119999885559082,13.079999923706055,13.84000015258789,13800,0.0,0.0
2022-11-15 00:00:00-05:00,13.730999946594238,14.5,13.730999946594238,14.100000381469727,10300,0.0,0.0
2022-11-16 00:00:00-05:00,13.869999885559082,14.434000015258789,13.8100004196167,13.90999984741211,12000,0.0,0.0
2022-11-17 00:00:00-05:00,13.890000343322754,14.100000381469727,12.729999542236328,13.739999771118164,24300,0.0,0.0
2022-11-18 00:00:00-05:00,13.5,14.199999809265137,13.100000381469727,13.220000267028809,15800,0.0,0.0
2022-11-21 00:00:00-05:00,13.609999656677246,13.609999656677246,12.744999885559082,12.760000228881836,28200,0.0,0.0
2022-11-22 00:00:00-05:00,12.90999984741211,13.529999732971191,12.90999984741211,13.529999732971191,7400,0.0,0.0
2022-11-23 00:00:00-05:00,13.390000343322754,13.720000267028809,13.380000114440918,13.720000267028809,1800,0.0,0.0
2022-11-25 00:00:00-05:00,13.484999656677246,13.668000221252441,13.484999656677246,13.529999732971191,1200,0.0,0.0
2022-11-28 00:00:00-05:00,13.350000381469727,14.899999618530273,13.350000381469727,14.050000190734863,35600,0.0,0.0
2022-11-29 00:00:00-05:00,14.199999809265137,14.270000457763672,13.565999984741211,14.140000343322754,11200,0.0,0.0
2022-11-30 00:00:00-05:00,13.979999542236328,14.460000038146973,13.609999656677246,14.199999809265137,18000,0.0,0.0
2022-12-01 00:00:00-05:00,14.069999694824219,14.494999885559082,14.069999694824219,14.300000190734863,9600,0.0,0.0
2022-12-02 00:00:00-05:00,14.069000244140625,14.289999961853027,13.869999885559082,14.069999694824219,4900,0.0,0.0
2022-12-05 00:00:00-05:00,14.09000015258789,14.09000015258789,13.510000228881836,13.9399995803833,13400,0.0,0.0
2022-12-06 00:00:00-05:00,13.989999771118164,14.654999732971191,13.550000190734863,14.300000190734863,11900,0.0,0.0
2022-12-07 00:00:00-05:00,14.170000076293945,14.930000305175781,13.90999984741211,14.430000305175781,21900,0.0,0.0
2022-12-08 00:00:00-05:00,14.539999961853027,14.899999618530273,14.4399995803833,14.640000343322754,14400,0.0,0.0
2022-12-09 00:00:00-05:00,14.770000457763672,14.770000457763672,14.100000381469727,14.420000076293945,13500,0.0,0.0
2022-12-12 00:00:00-05:00,14.260000228881836,14.550000190734863,14.220999717712402,14.520000457763672,6900,0.0,0.0
2022-12-13 00:00:00-05:00,14.6899995803833,14.854000091552734,14.050000190734863,14.050000190734863,20400,0.0,0.0
2022-12-14 00:00:00-05:00,14.239999771118164,14.550000190734863,13.649999618530273,13.649999618530273,7900,0.0,0.0
2022-12-15 00:00:00-05:00,13.800000190734863,14.489999771118164,13.6899995803833,14.010000228881836,9900,0.0,0.0
2022-12-16 00:00:00-05:00,13.989999771118164,14.350000381469727,13.449999809265137,13.449999809265137,15700,0.0,0.0
2022-12-19 00:00:00-05:00,13.960000038146973,14.149999618530273,13.71500015258789,14.0600004196167,10000,0.0,0.0
2022-12-20 00:00:00-05:00,14.149999618530273,14.479999542236328,14.029999732971191,14.220000267028809,6900,0.0,0.0
2022-12-21 00:00:00-05:00,14.5,14.5,14.270000457763672,14.270000457763672,9800,0.0,0.0
2022-12-22 00:00:00-05:00,14.343999862670898,14.447999954223633,13.9399995803833,13.9399995803833,4100,0.0,0.0
2022-12-23 00:00:00-05:00,13.934000015258789,14.131999969482422,13.90999984741211,13.930000305175781,4400,0.0,0.0
2022-12-27 00:00:00-05:00,13.899999618530273,13.989999771118164,13.539999961853027,13.800000190734863,30800,0.0,0.0
2022-12-28 00:00:00-05:00,13.949999809265137,14.0,13.470000267028809,13.630000114440918,16100,0.0,0.0
2022-12-29 00:00:00-05:00,13.829999923706055,13.989999771118164,13.609999656677246,13.760000228881836,12900,0.0,0.0
2022-12-30 00:00:00-05:00,13.859999656677246,13.859999656677246,12.390000343322754,12.390000343322754,25200,0.0,0.0
2023-01-03 00:00:00-05:00,12.550000190734863,12.79800033569336,11.710000038146973,12.119999885559082,23700,0.0,0.0
2023-01-04 00:00:00-05:00,12.34000015258789,12.34000015258789,12.0,12.0,7900,0.0,0.0
2023-01-05 00:00:00-05:00,12.039999961853027,12.15999984741211,12.0,12.0,9600,0.0,0.0
2023-01-06 00:00:00-05:00,11.994999885559082,12.229999542236328,11.994999885559082,12.119999885559082,4100,0.0,0.0
2023-01-09 00:00:00-05:00,12.0,12.859999656677246,12.0,12.300000190734863,31600,0.0,0.0
2023-01-10 00:00:00-05:00,12.515000343322754,13.260000228881836,12.510000228881836,12.819999694824219,49200,0.0,0.0
2023-01-11 00:00:00-05:00,12.925000190734863,13.550000190734863,12.795000076293945,13.0,27300,0.0,0.0
2023-01-12 00:00:00-05:00,13.279999732971191,13.5,13.00100040435791,13.350000381469727,12300,0.0,0.0
2023-01-13 00:00:00-05:00,13.229999542236328,13.295000076293945,13.055000305175781,13.164999961853027,3300,0.0,0.0
2023-01-17 00:00:00-05:00,13.149999618530273,13.390000343322754,12.84000015258789,13.100000381469727,9700,0.0,0.0
2023-01-18 00:00:00-05:00,13.050000190734863,13.0600004196167,12.5,12.699999809265137,17000,0.0,0.0
2023-01-19 00:00:00-05:00,12.550000190734863,12.569999694824219,12.069999694824219,12.569999694824219,23100,0.0,0.0
2023-01-20 00:00:00-05:00,12.420000076293945,12.539999961853027,12.25,12.5,17100,0.0,0.0
2023-01-23 00:00:00-05:00,12.390000343322754,13.140000343322754,12.359999656677246,12.90999984741211,22300,0.0,0.0
2023-01-24 00:00:00-05:00,12.75,12.96500015258789,12.630000114440918,12.779999732971191,18500,0.0,0.0
2023-01-25 00:00:00-05:00,12.630000114440918,13.119999885559082,12.40999984741211,13.119999885559082,10100,0.0,0.0
2023-01-26 00:00:00-05:00,12.930000305175781,13.180000305175781,12.630000114440918,12.800000190734863,9000,0.0,0.0
2023-01-27 00:00:00-05:00,12.729999542236328,13.479999542236328,12.427000045776367,12.550000190734863,16300,0.0,0.0
2023-01-30 00:00:00-05:00,12.479999542236328,13.095000267028809,12.479999542236328,12.569999694824219,34800,0.0,0.0
2023-01-31 00:00:00-05:00,12.720000267028809,13.0,12.6899995803833,12.949999809265137,6600,0.0,0.0
2023-02-01 00:00:00-05:00,13.239999771118164,13.300000190734863,12.710000038146973,12.899999618530273,13000,0.0,0.0
2023-02-02 00:00:00-05:00,13.069999694824219,13.069999694824219,12.600000381469727,12.850000381469727,25900,0.0,0.0
2023-02-03 00:00:00-05:00,12.920000076293945,13.199999809265137,12.6850004196167,12.699999809265137,23300,0.0,0.0
2023-02-06 00:00:00-05:00,12.680000305175781,12.989999771118164,12.460000038146973,12.65999984741211,6800,0.0,0.0
2023-02-07 00:00:00-05:00,12.899999618530273,12.899999618530273,12.619999885559082,12.619999885559082,8900,0.0,0.0
2023-02-08 00:00:00-05:00,12.75,12.800000190734863,12.649999618530273,12.649999618530273,6400,0.0,0.0
2023-02-09 00:00:00-05:00,12.710000038146973,12.710000038146973,12.399999618530273,12.600000381469727,5500,0.0,0.0
2023-02-10 00:00:00-05:00,12.600000381469727,12.600000381469727,12.300000190734863,12.449999809265137,11600,0.0,0.0
2023-02-13 00:00:00-05:00,12.619999885559082,12.75,12.260000228881836,12.75,10700,0.0,0.0
2023-02-14 00:00:00-05:00,12.40999984741211,13.100000381469727,12.40999984741211,13.0,17400,0.0,0.0
2023-02-15 00:00:00-05:00,13.079999923706055,13.079999923706055,12.930000305175781,12.970000267028809,6900,0.0,0.0
2023-02-16 00:00:00-05:00,13.210000038146973,13.210000038146973,13.10099983215332,13.170000076293945,3000,0.0,0.0
2023-02-17 00:00:00-05:00,12.9399995803833,13.300000190734863,12.729999542236328,13.220000267028809,8100,0.0,0.0
2023-02-21 00:00:00-05:00,13.020000457763672,13.020000457763672,12.710000038146973,12.710000038146973,16800,0.0,0.0
2023-02-22 00:00:00-05:00,13.027999877929688,13.199999809265137,12.779999732971191,12.779999732971191,3200,0.0,0.0
2023-02-23 00:00:00-05:00,13.130000114440918,13.130000114440918,13.130000114440918,13.130000114440918,1700,0.0,0.0
2023-02-24 00:00:00-05:00,12.550000190734863,13.0,12.550000190734863,13.0,5100,0.0,0.0
2023-02-27 00:00:00-05:00,13.15999984741211,13.15999984741211,12.803000450134277,13.100000381469727,5000,0.0,0.0
2023-02-28 00:00:00-05:00,13.17199993133545,13.239999771118164,12.819999694824219,13.0,2600,0.0,0.0
2023-03-01 00:00:00-05:00,13.015000343322754,13.25,12.824999809265137,12.949999809265137,2900,0.0,0.0
2023-03-02 00:00:00-05:00,13.072999954223633,13.430000305175781,12.960000038146973,13.029999732971191,4800,0.0,0.0
2023-03-03 00:00:00-05:00,13.24899959564209,13.270000457763672,12.890000343322754,12.890000343322754,7800,0.0,0.0
2023-03-06 00:00:00-05:00,13.199999809265137,13.539999961853027,12.75,12.75,3800,0.0,0.0
2023-03-07 00:00:00-05:00,12.78600025177002,12.960000038146973,12.289999961853027,12.579999923706055,8100,0.0,0.0
2023-03-08 00:00:00-05:00,12.300000190734863,12.5,12.300000190734863,12.5,4600,0.0,0.0
2023-03-09 00:00:00-05:00,12.447999954223633,12.569999694824219,12.404999732971191,12.479999542236328,2800,0.0,0.0
2023-03-10 00:00:00-05:00,11.9399995803833,12.119999885559082,11.069999694824219,11.5,8300,0.0,0.0
2023-03-13 00:00:00-04:00,11.220000267028809,11.449999809265137,9.890000343322754,10.270000457763672,27500,0.0,0.0
2023-03-14 00:00:00-04:00,10.51099967956543,10.779999732971191,10.220000267028809,10.220000267028809,12900,0.0,0.0
2023-03-15 00:00:00-04:00,10.319999694824219,10.789999961853027,10.039999961853027,10.720000267028809,13000,0.0,0.0
2023-03-16 00:00:00-04:00,10.75,10.789999961853027,10.329999923706055,10.470000267028809,21400,0.0,0.0
2023-03-17 00:00:00-04:00,10.460000038146973,10.760000228881836,10.460000038146973,10.760000228881836,12000,0.0,0.0
2023-03-20 00:00:00-04:00,10.550000190734863,10.550000190734863,10.140000343322754,10.350000381469727,18500,0.0,0.0
2023-03-21 00:00:00-04:00,10.979999542236328,10.979999542236328,10.07699966430664,10.279999732971191,17100,0.0,0.0
2023-03-22 00:00:00-04:00,10.359999656677246,10.359999656677246,9.930000305175781,10.130000114440918,4200,0.0,0.0
2023-03-23 00:00:00-04:00,10.010000228881836,10.270000457763672,9.550000190734863,9.710000038146973,8500,0.0,0.0
2023-03-24 00:00:00-04:00,9.699999809265137,9.890000343322754,9.680000305175781,9.890000343322754,3000,0.0,0.0
2023-03-27 00:00:00-04:00,9.970000267028809,10.135000228881836,9.640000343322754,9.640000343322754,8600,0.0,0.0
2023-03-28 00:00:00-04:00,9.880000114440918,9.880000114440918,9.5,9.800000190734863,5800,0.0,0.0
2023-03-29 00:00:00-04:00,9.819999694824219,9.979999542236328,9.819999694824219,9.899999618530273,1500,0.0,0.0
2023-03-30 00:00:00-04:00,10.109999656677246,10.1850004196167,9.8100004196167,9.8100004196167,4700,0.0,0.0
2023-03-31 00:00:00-04:00,10.109999656677246,10.380000114440918,9.949999809265137,10.239999771118164,4900,0.0,0.0
2023-04-03 00:00:00-04:00,10.369999885559082,10.369999885559082,10.0,10.149999618530273,1900,0.0,0.0
2023-04-04 00:00:00-04:00,10.329999923706055,10.329999923706055,10.02400016784668,10.09000015258789,3400,0.0,0.0
2023-04-05 00:00:00-04:00,10.319999694824219,10.329999923706055,10.09000015258789,10.119999885559082,3500,0.0,0.0
2023-04-06 00:00:00-04:00,10.121000289916992,10.380000114440918,10.09000015258789,10.279999732971191,4300,0.0,0.0
2023-04-10 00:00:00-04:00,10.380000114440918,10.380000114440918,10.039999961853027,10.039999961853027,3800,0.0,0.0
2023-04-11 00:00:00-04:00,10.300000190734863,10.4399995803833,10.199999809265137,10.329999923706055,9600,0.0,0.0
2023-04-12 00:00:00-04:00,10.289999961853027,10.380000114440918,10.180000305175781,10.180000305175781,4300,0.0,0.0
2023-04-13 00:00:00-04:00,10.081999778747559,10.40999984741211,10.081999778747559,10.279999732971191,5900,0.0,0.0
2023-04-14 00:00:00-04:00,10.390000343322754,10.390000343322754,10.079999923706055,10.079999923706055,2000,0.0,0.0
2023-04-17 00:00:00-04:00,10.0,10.154999732971191,9.569999694824219,9.569999694824219,11000,0.0,0.0
2023-04-18 00:00:00-04:00,9.699999809265137,9.85099983215332,9.579999923706055,9.579999923706055,3500,0.0,0.0
2023-04-19 00:00:00-04:00,9.6899995803833,9.774999618530273,9.529999732971191,9.680000305175781,5300,0.0,0.0
2023-04-20 00:00:00-04:00,9.859999656677246,9.859999656677246,9.5,9.5,6600,0.0,0.0
2023-04-21 00:00:00-04:00,9.5,9.890000343322754,9.5,9.729999542236328,27900,0.0,0.0
2023-04-24 00:00:00-04:00,9.631999969482422,10.029999732971191,9.631999969482422,9.640000343322754,7400,0.0,0.0
2023-04-25 00:00:00-04:00,9.923999786376953,9.923999786376953,9.5,9.520000457763672,7300,0.0,0.0
2023-04-26 00:00:00-04:00,9.779999732971191,9.880000114440918,9.5,9.5,3500,0.0,0.0
2023-04-27 00:00:00-04:00,9.829999923706055,9.890000343322754,9.529999732971191,9.529999732971191,51700,0.0,0.0
2023-04-28 00:00:00-04:00,9.5,10.5,9.5,10.010000228881836,208400,0.0,0.0
2023-05-01 00:00:00-04:00,10.010000228881836,10.010000228881836,9.635000228881836,9.6899995803833,8400,0.0,0.0
2023-05-02 00:00:00-04:00,9.779999732971191,10.135000228881836,9.607000350952148,9.699999809265137,16600,0.0,0.0
2023-05-03 00:00:00-04:00,9.789999961853027,10.024999618530273,9.670000076293945,9.670000076293945,4800,0.0,0.0
2023-05-04 00:00:00-04:00,9.5,10.350000381469727,9.5,9.989999771118164,14000,0.0,0.0
2023-05-05 00:00:00-04:00,10.0,10.25,9.890000343322754,9.979999542236328,20600,0.0,0.0
2023-05-08 00:00:00-04:00,10.25,10.350000381469727,10.100000381469727,10.199999809265137,20800,0.0,0.0
2023-05-09 00:00:00-04:00,10.350000381469727,10.4350004196167,10.180000305175781,10.270000457763672,14600,0.0,0.0
2023-05-10 00:00:00-04:00,10.289999961853027,10.5,10.289999961853027,10.4399995803833,15100,0.0,0.0
2023-05-11 00:00:00-04:00,10.59000015258789,10.600000381469727,10.234999656677246,10.600000381469727,13100,0.0,0.0
2023-05-12 00:00:00-04:00,10.680000305175781,10.960000038146973,10.489999771118164,10.630000114440918,11900,0.0,0.0
2023-05-15 00:00:00-04:00,10.630000114440918,11.005000114440918,10.5,10.5,6100,0.0,0.0
2023-05-16 00:00:00-04:00,10.279999732971191,10.395000457763672,10.010000228881836,10.010000228881836,7200,0.0,0.0
2023-05-17 00:00:00-04:00,10.15999984741211,10.303999900817871,10.020000457763672,10.210000038146973,6000,0.0,0.0
2023-05-18 00:00:00-04:00,10.109999656677246,11.140000343322754,10.109999656677246,10.399999618530273,26100,0.0,0.0
2023-05-19 00:00:00-04:00,10.529999732971191,10.8100004196167,9.930000305175781,9.989999771118164,36000,0.0,0.0
2023-05-22 00:00:00-04:00,9.960000038146973,10.069999694824219,9.869999885559082,9.869999885559082,3800,0.0,0.0
2023-05-23 00:00:00-04:00,9.739999771118164,10.354999542236328,9.65999984741211,9.65999984741211,28900,0.0,0.0
2023-05-24 00:00:00-04:00,9.734000205993652,9.734000205993652,9.520000457763672,9.520000457763672,12000,0.0,0.0
2023-05-25 00:00:00-04:00,9.529999732971191,9.595000267028809,9.25,9.479999542236328,11800,0.0,0.0
2023-05-26 00:00:00-04:00,9.420000076293945,9.720000267028809,9.390000343322754,9.600000381469727,6700,0.0,0.0
2023-05-30 00:00:00-04:00,9.609999656677246,10.0,9.230999946594238,9.489999771118164,32600,0.0,0.0
2023-05-31 00:00:00-04:00,9.359999656677246,9.640000343322754,9.3100004196167,9.3100004196167,11100,0.0,0.0
2023-06-01 00:00:00-04:00,9.489999771118164,9.90999984741211,9.288999557495117,9.449999809265137,10700,0.0,0.0
2023-06-02 00:00:00-04:00,9.630000114440918,9.718999862670898,9.4399995803833,9.4399995803833,7400,0.0,0.0
2023-06-05 00:00:00-04:00,9.59000015258789,9.692999839782715,9.460000038146973,9.550000190734863,5400,0.0,0.0
2023-06-06 00:00:00-04:00,9.630000114440918,10.25,9.475000381469727,10.25,9100,0.0,0.0
2023-06-07 00:00:00-04:00,10.270000457763672,11.15999984741211,10.199999809265137,10.710000038146973,22900,0.0,0.0
2023-06-08 00:00:00-04:00,10.949999809265137,10.949999809265137,10.470000267028809,10.5,13100,0.0,0.0
2023-06-09 00:00:00-04:00,10.5600004196167,10.567000389099121,10.335000038146973,10.380000114440918,4100,0.0,0.0
2023-06-12 00:00:00-04:00,10.300000190734863,10.468000411987305,9.927000045776367,10.020000457763672,5700,0.0,0.0
2023-06-13 00:00:00-04:00,10.14799976348877,10.3100004196167,9.449999809265137,9.829999923706055,27300,0.0,0.0
2023-06-14 00:00:00-04:00,9.850000381469727,10.170000076293945,9.520000457763672,9.520000457763672,9800,0.0,0.0
2023-06-15 00:00:00-04:00,10.050000190734863,10.100000381469727,9.539999961853027,9.680000305175781,6200,0.0,0.0
2023-06-16 00:00:00-04:00,9.694999694824219,9.890000343322754,9.210000038146973,9.210000038146973,24000,0.0,0.0
2023-06-20 00:00:00-04:00,9.630000114440918,10.149999618530273,9.539999961853027,9.819999694824219,14400,0.0,0.0
2023-06-21 00:00:00-04:00,10.079999923706055,10.59000015258789,9.970000267028809,10.300000190734863,18600,0.0,0.0
2023-06-22 00:00:00-04:00,10.258000373840332,10.414999961853027,10.050000190734863,10.210000038146973,1900,0.0,0.0
2023-06-23 00:00:00-04:00,10.220000267028809,10.329999923706055,10.029999732971191,10.329999923706055,12000,0.0,0.0
2023-06-26 00:00:00-04:00,10.199999809265137,10.579999923706055,10.0600004196167,10.579999923706055,61400,0.0,0.0
2023-06-27 00:00:00-04:00,10.630000114440918,10.640000343322754,10.350000381469727,10.550000190734863,28500,0.0,0.0
2023-06-28 00:00:00-04:00,10.317000389099121,10.819999694824219,10.069999694824219,10.270000457763672,29100,0.0,0.0
2023-06-29 00:00:00-04:00,10.0600004196167,10.0600004196167,9.90999984741211,10.020000457763672,1700,0.0,0.0
2023-06-30 00:00:00-04:00,10.100000381469727,10.100000381469727,9.59000015258789,9.65999984741211,9100,0.0,0.0
2023-07-03 00:00:00-04:00,9.5600004196167,10.020000457763672,9.5600004196167,9.90999984741211,9700,0.0,0.0
2023-07-05 00:00:00-04:00,10.210000038146973,10.210000038146973,9.510000228881836,9.539999961853027,21200,0.0,0.0
2023-07-06 00:00:00-04:00,9.529999732971191,9.760000228881836,9.390000343322754,9.550000190734863,7400,0.0,0.0
2023-07-07 00:00:00-04:00,9.579999923706055,9.75,9.550000190734863,9.550000190734863,16400,0.0,0.0
2023-07-10 00:00:00-04:00,9.619999885559082,9.699999809265137,9.520000457763672,9.539999961853027,5600,0.0,0.0
2023-07-11 00:00:00-04:00,9.649999618530273,10.069000244140625,9.510000228881836,9.880000114440918,14500,0.0,0.0
2023-07-12 00:00:00-04:00,10.015000343322754,10.199999809265137,9.892000198364258,10.199999809265137,4600,0.0,0.0
2023-07-13 00:00:00-04:00,10.050000190734863,10.1899995803833,9.880000114440918,10.100000381469727,5200,0.0,0.0
2023-07-14 00:00:00-04:00,9.850000381469727,10.210000038146973,9.850000381469727,9.850000381469727,7400,0.0,0.0
2023-07-17 00:00:00-04:00,9.920000076293945,10.130000114440918,9.899999618530273,10.0,8400,0.0,0.0
2023-07-18 00:00:00-04:00,9.980999946594238,10.25,9.980999946594238,10.25,3800,0.0,0.0
2023-07-19 00:00:00-04:00,10.25,10.4399995803833,10.25,10.380000114440918,3800,0.0,0.0
2023-07-20 00:00:00-04:00,10.220000267028809,10.262999534606934,10.020000457763672,10.140000343322754,8700,0.0,0.0
2023-07-21 00:00:00-04:00,10.069999694824219,10.069999694824219,9.90999984741211,9.90999984741211,5600,0.0,0.0
2023-07-24 00:00:00-04:00,10.020000457763672,10.039999961853027,9.829999923706055,9.920000076293945,4100,0.0,0.0
2023-07-25 00:00:00-04:00,10.0,10.039999961853027,9.779999732971191,9.779999732971191,3400,0.0,0.0
2023-07-26 00:00:00-04:00,9.760000228881836,10.005999565124512,9.701000213623047,9.90999984741211,10700,0.0,0.0
2023-07-27 00:00:00-04:00,9.699999809265137,9.970000267028809,9.694999694824219,9.800000190734863,1500,0.0,0.0
2023-07-28 00:00:00-04:00,10.0,10.0,9.670000076293945,9.854999542236328,3600,0.0,0.0
2023-07-31 00:00:00-04:00,9.930000305175781,10.100000381469727,9.819999694824219,9.850000381469727,9000,0.0,0.0
2023-08-01 00:00:00-04:00,10.09000015258789,10.09000015258789,9.65999984741211,9.65999984741211,8200,0.0,0.0
2023-08-02 00:00:00-04:00,9.819999694824219,9.954000473022461,9.5,9.5,19800,0.0,0.0
2023-08-03 00:00:00-04:00,9.489999771118164,10.100000381469727,9.489999771118164,9.760000228881836,17200,0.0,0.0
2023-08-04 00:00:00-04:00,9.880000114440918,10.289999961853027,9.880000114440918,10.289999961853027,89800,0.0,0.0
2023-08-07 00:00:00-04:00,10.347999572753906,10.649999618530273,10.0,10.25,19100,0.0,0.0
2023-08-08 00:00:00-04:00,10.380000114440918,11.0,10.300000190734863,10.800000190734863,18500,0.0,0.0
2023-08-09 00:00:00-04:00,10.75,11.225000381469727,10.75,11.039999961853027,25100,0.0,0.0
2023-08-10 00:00:00-04:00,11.25,11.380000114440918,10.515000343322754,10.770000457763672,18500,0.0,0.0
2023-08-11 00:00:00-04:00,10.260000228881836,10.819999694824219,10.260000228881836,10.699999809265137,8200,0.0,0.0
2023-08-14 00:00:00-04:00,10.8100004196167,10.9399995803833,10.494000434875488,10.65999984741211,13300,0.0,0.0
2023-08-15 00:00:00-04:00,10.869999885559082,10.899999618530273,10.630000114440918,10.729999542236328,8100,0.0,0.0
2023-08-16 00:00:00-04:00,10.87600040435791,11.270000457763672,10.87600040435791,11.270000457763672,4000,0.0,0.0
2023-08-17 00:00:00-04:00,11.15999984741211,11.350000381469727,10.670000076293945,11.350000381469727,4500,0.0,0.0
2023-08-18 00:00:00-04:00,11.229999542236328,11.229999542236328,10.829999923706055,10.829999923706055,5000,0.0,0.0
2023-08-21 00:00:00-04:00,10.739999771118164,10.880000114440918,10.550000190734863,10.550000190734863,6600,0.0,0.0
2023-08-22 00:00:00-04:00,10.90999984741211,11.25,10.5,10.979999542236328,18900,0.0,0.0
2023-08-23 00:00:00-04:00,10.859999656677246,10.989999771118164,10.670000076293945,10.670000076293945,8200,0.0,0.0
2023-08-24 00:00:00-04:00,10.779999732971191,11.390000343322754,10.5,11.289999961853027,9900,0.0,0.0
2023-08-25 00:00:00-04:00,11.1899995803833,11.199999809265137,10.779999732971191,10.899999618530273,28800,0.0,0.0
2023-08-28 00:00:00-04:00,10.800000190734863,11.348999977111816,10.800000190734863,11.130000114440918,9300,0.0,0.0
2023-08-29 00:00:00-04:00,11.020000457763672,11.789999961853027,11.0,11.420000076293945,12700,0.0,0.0
2023-08-30 00:00:00-04:00,11.3100004196167,11.649999618530273,11.1899995803833,11.4399995803833,12300,0.0,0.0
2023-08-31 00:00:00-04:00,11.460000038146973,12.010000228881836,11.319999694824219,11.729999542236328,33000,0.0,0.0
2023-09-01 00:00:00-04:00,11.6899995803833,12.0,11.5,11.850000381469727,102300,0.0,0.0
2023-09-05 00:00:00-04:00,11.989999771118164,12.345000267028809,11.925000190734863,12.345000267028809,44900,0.0,0.0
2023-09-06 00:00:00-04:00,12.010000228881836,12.09000015258789,11.59000015258789,11.859999656677246,32800,0.0,0.0
2023-09-07 00:00:00-04:00,11.899999618530273,12.569999694824219,11.720000267028809,12.569999694824219,12700,0.0,0.0
2023-09-08 00:00:00-04:00,12.430000305175781,12.75,12.109999656677246,12.239999771118164,12400,0.0,0.0
2023-09-11 00:00:00-04:00,12.319999694824219,13.0,12.319999694824219,12.829999923706055,18300,0.0,0.0
2023-09-12 00:00:00-04:00,12.755999565124512,13.380000114440918,12.569999694824219,13.199999809265137,19600,0.0,0.0
2023-09-13 00:00:00-04:00,13.260000228881836,13.369999885559082,13.154999732971191,13.350000381469727,16100,0.0,0.0
2023-09-14 00:00:00-04:00,13.25,13.460000038146973,12.930000305175781,13.460000038146973,13600,0.0,0.0
2023-09-15 00:00:00-04:00,13.380000114440918,13.380000114440918,12.600000381469727,12.75,57000,0.0,0.0
2023-09-18 00:00:00-04:00,12.979999542236328,12.979999542236328,12.5600004196167,12.720000267028809,10200,0.0,0.0
2023-09-19 00:00:00-04:00,12.609999656677246,12.75,12.479999542236328,12.75,10700,0.0,0.0
2023-09-20 00:00:00-04:00,12.75,12.890000343322754,12.5,12.75,7500,0.0,0.0
2023-09-21 00:00:00-04:00,12.420000076293945,13.07800006866455,12.369999885559082,12.890000343322754,21600,0.0,0.0
2023-09-22 00:00:00-04:00,12.739999771118164,12.989999771118164,12.390000343322754,12.75,21700,0.0,0.0
2023-09-25 00:00:00-04:00,12.630000114440918,12.630000114440918,12.40999984741211,12.520000457763672,15600,0.0,0.0
2023-09-26 00:00:00-04:00,12.5,12.600000381469727,12.140000343322754,12.5,32800,0.0,0.0
2023-09-27 00:00:00-04:00,12.25,12.5,12.25,12.350000381469727,9400,0.0,0.0
2023-09-28 00:00:00-04:00,12.095000267028809,12.630000114440918,12.095000267028809,12.510000228881836,9300,0.0,0.0
2023-09-29 00:00:00-04:00,12.09000015258789,12.550000190734863,12.09000015258789,12.40999984741211,13900,0.0,0.0
2023-10-02 00:00:00-04:00,12.380999565124512,12.649999618530273,12.199999809265137,12.649999618530273,5600,0.0,0.0
2023-10-03 00:00:00-04:00,12.600000381469727,12.609999656677246,12.0,12.279999732971191,12400,0.0,0.0
2023-10-04 00:00:00-04:00,12.100000381469727,12.199999809265137,11.65999984741211,12.100000381469727,19600,0.0,0.0
2023-10-05 00:00:00-04:00,12.010000228881836,12.213000297546387,11.510000228881836,11.890000343322754,12600,0.0,0.0
2023-10-06 00:00:00-04:00,11.84000015258789,12.460000038146973,11.829999923706055,12.460000038146973,3800,0.0,0.0
2023-10-09 00:00:00-04:00,12.460000038146973,12.460000038146973,11.819999694824219,12.130000114440918,8300,0.0,0.0
2023-10-10 00:00:00-04:00,12.149999618530273,12.399999618530273,11.880000114440918,12.119999885559082,11000,0.0,0.0
2023-10-11 00:00:00-04:00,12.34000015258789,12.34000015258789,12.100000381469727,12.220000267028809,8100,0.0,0.0
2023-10-12 00:00:00-04:00,12.020000457763672,12.020000457763672,11.65999984741211,12.010000228881836,10000,0.0,0.0
2023-10-13 00:00:00-04:00,11.755000114440918,11.930000305175781,11.510000228881836,11.760000228881836,8800,0.0,0.0
2023-10-16 00:00:00-04:00,11.760000228881836,12.100000381469727,10.880000114440918,11.850000381469727,42100,0.0,0.0
2023-10-17 00:00:00-04:00,11.779999732971191,12.0,11.649999618530273,11.75,19500,0.0,0.0
2023-10-18 00:00:00-04:00,11.569999694824219,11.869999885559082,11.359999656677246,11.65999984741211,35800,0.0,0.0
2023-10-19 00:00:00-04:00,12.157999992370605,12.157999992370605,11.489999771118164,11.899999618530273,8400,0.0,0.0
2023-10-20 00:00:00-04:00,11.720000267028809,12.569999694824219,11.6899995803833,12.569999694824219,8600,0.0,0.0
2023-10-23 00:00:00-04:00,12.609999656677246,12.680000305175781,12.229999542236328,12.380000114440918,12400,0.0,0.0
2023-10-24 00:00:00-04:00,12.520000457763672,12.539999961853027,11.819999694824219,11.949999809265137,12800,0.0,0.0
2023-10-25 00:00:00-04:00,12.069999694824219,12.449999809265137,12.039999961853027,12.039999961853027,6900,0.0,0.0
2023-10-26 00:00:00-04:00,12.0600004196167,12.289999961853027,11.864999771118164,12.289999961853027,12000,0.0,0.0
2023-10-27 00:00:00-04:00,12.300000190734863,12.6899995803833,12.300000190734863,12.6899995803833,10400,0.0,0.0
2023-10-30 00:00:00-04:00,12.6899995803833,12.6899995803833,12.21500015258789,12.579999923706055,13600,0.0,0.0
2023-10-31 00:00:00-04:00,12.350000381469727,12.380000114440918,11.845999717712402,12.319999694824219,15200,0.0,0.0
2023-11-01 00:00:00-04:00,12.300000190734863,12.300000190734863,12.03499984741211,12.15999984741211,11700,0.0,0.0
2023-11-02 00:00:00-04:00,12.319999694824219,13.0,11.949999809265137,12.680000305175781,46000,0.0,0.0
2023-11-03 00:00:00-04:00,12.680000305175781,12.6899995803833,12.25,12.609999656677246,24300,0.0,0.0
2023-11-06 00:00:00-05:00,12.869999885559082,13.279999732971191,12.65999984741211,13.0,68400,0.0,0.0
2023-11-07 00:00:00-05:00,13.0,13.5,12.609999656677246,12.890000343322754,39200,0.0,0.0
2023-11-08 00:00:00-05:00,12.899999618530273,13.0,12.581000328063965,12.84000015258789,27100,0.0,0.0
2023-11-09 00:00:00-05:00,13.0,13.0,12.770000457763672,12.979999542236328,23700,0.0,0.0
2023-11-10 00:00:00-05:00,13.0,13.25,12.609999656677246,12.729999542236328,54300,0.0,0.0
2023-11-13 00:00:00-05:00,12.949999809265137,14.100000381469727,12.949999809265137,13.989999771118164,73400,0.0,0.0
2023-11-14 00:00:00-05:00,14.079999923706055,14.09000015258789,13.75,13.899999618530273,37800,0.0,0.0
2023-11-15 00:00:00-05:00,14.039999961853027,14.381999969482422,13.550000190734863,13.680000305175781,34400,0.0,0.0
2023-11-16 00:00:00-05:00,13.720000267028809,14.050000190734863,13.6850004196167,13.829999923706055,31300,0.0,0.0
2023-11-17 00:00:00-05:00,13.960000038146973,13.989999771118164,13.704999923706055,13.850000381469727,21400,0.0,0.0
2023-11-20 00:00:00-05:00,14.130000114440918,14.130000114440918,13.850000381469727,13.9399995803833,56500,0.0,0.0
2023-11-21 00:00:00-05:00,14.0,14.039999961853027,13.899999618530273,13.979999542236328,47000,0.0,0.0
2023-11-22 00:00:00-05:00,14.100000381469727,14.220000267028809,13.949999809265137,14.100000381469727,48600,0.0,0.0
2023-11-24 00:00:00-05:00,14.220000267028809,14.5,13.920000076293945,14.5,25700,0.0,0.0
2023-11-27 00:00:00-05:00,14.5,14.9399995803833,14.399999618530273,14.850000381469727,72800,0.0,0.0
2023-11-28 00:00:00-05:00,14.970000267028809,15.664999961853027,14.739999771118164,15.5,114400,0.0,0.0
2023-11-29 00:00:00-05:00,15.5,15.878000259399414,15.0600004196167,15.329999923706055,114900,0.0,0.0
2023-11-30 00:00:00-05:00,15.079999923706055,15.649999618530273,14.65999984741211,15.430000305175781,48300,0.0,0.0
2023-12-01 00:00:00-05:00,15.470000267028809,16.139999389648438,15.430000305175781,16.09000015258789,46100,0.0,0.0
2023-12-04 00:00:00-05:00,16.270000457763672,16.78499984741211,16.100000381469727,16.18000030517578,75900,0.0,0.0
2023-12-05 00:00:00-05:00,16.1200008392334,16.1200008392334,15.281999588012695,15.600000381469727,37600,0.0,0.0
2023-12-06 00:00:00-05:00,15.645000457763672,15.850000381469727,15.539999961853027,15.59000015258789,36400,0.0,0.0
2023-12-07 00:00:00-05:00,15.63599967956543,15.949999809265137,15.600000381469727,15.819999694824219,33600,0.0,0.0
2023-12-08 00:00:00-05:00,15.819999694824219,15.890000343322754,15.329999923706055,15.550000190734863,25200,0.0,0.0
2023-12-11 00:00:00-05:00,15.550000190734863,15.84000015258789,15.399999618530273,15.600000381469727,62500,0.0,0.0
2023-12-12 00:00:00-05:00,15.529999732971191,16.229999542236328,15.529999732971191,15.600000381469727,34600,0.0,0.0
2023-12-13 00:00:00-05:00,15.508000373840332,15.819999694824219,15.508000373840332,15.600000381469727,63400,0.0,0.0
2023-12-14 00:00:00-05:00,15.699999809265137,16.475000381469727,15.699999809265137,16.270000457763672,35100,0.0,0.0
2023-12-15 00:00:00-05:00,16.110000610351562,16.530000686645508,16.110000610351562,16.530000686645508,27200,0.0,0.0
2023-12-18 00:00:00-05:00,16.530000686645508,16.670000076293945,16.40999984741211,16.40999984741211,29100,0.0,0.0
2023-12-19 00:00:00-05:00,16.459999084472656,17.280000686645508,16.459999084472656,17.280000686645508,38100,0.0,0.0
2023-12-20 00:00:00-05:00,17.25,17.25,16.03499984741211,16.309999465942383,34900,0.0,0.0
2023-12-21 00:00:00-05:00,16.84000015258789,16.924999237060547,16.40999984741211,16.860000610351562,23400,0.0,0.0
2023-12-22 00:00:00-05:00,16.84000015258789,17.06399917602539,16.65999984741211,16.829999923706055,17300,0.0,0.0
2023-12-26 00:00:00-05:00,16.829999923706055,16.959999084472656,16.690000534057617,16.780000686645508,18000,0.0,0.0
2023-12-27 00:00:00-05:00,16.600000381469727,17.530000686645508,16.600000381469727,17.530000686645508,37400,0.0,0.0
2023-12-28 00:00:00-05:00,17.459999084472656,17.809999465942383,17.100000381469727,17.34000015258789,15500,0.0,0.0
2023-12-29 00:00:00-05:00,17.549999237060547,17.719999313354492,17.40999984741211,17.489999771118164,19200,0.0,0.0
2024-01-02 00:00:00-05:00,17.540000915527344,17.719999313354492,17.34000015258789,17.56999969482422,26800,0.0,0.0
2024-01-03 00:00:00-05:00,17.600000381469727,18.128000259399414,17.389999389648438,17.579999923706055,21000,0.0,0.0
2024-01-04 00:00:00-05:00,17.774999618530273,17.809999465942383,17.219999313354492,17.579999923706055,31500,0.0,0.0
2024-01-05 00:00:00-05:00,17.729999542236328,18.68000030517578,17.674999237060547,18.149999618530273,55800,0.0,0.0
2024-01-08 00:00:00-05:00,18.469999313354492,18.610000610351562,17.700000762939453,18.239999771118164,35700,0.0,0.0
2024-01-09 00:00:00-05:00,18.299999237060547,18.30500030517578,17.674999237060547,17.760000228881836,33900,0.0,0.0
2024-01-10 00:00:00-05:00,17.940000534057617,19.709999084472656,17.940000534057617,19.489999771118164,124300,0.0,0.0
2024-01-11 00:00:00-05:00,19.8799991607666,19.989999771118164,18.579999923706055,18.799999237060547,52000,0.0,0.0
2024-01-12 00:00:00-05:00,19.290000915527344,19.290000915527344,18.559999465942383,18.829999923706055,38900,0.0,0.0
2024-01-16 00:00:00-05:00,18.56999969482422,18.790000915527344,17.860000610351562,18.139999389648438,24500,0.0,0.0
2024-01-17 00:00:00-05:00,17.809999465942383,19.350000381469727,17.809999465942383,19.350000381469727,55100,0.0,0.0
2024-01-18 00:00:00-05:00,19.719999313354492,19.719999313354492,18.56999969482422,18.770000457763672,35600,0.0,0.0
2024-01-19 00:00:00-05:00,19.139999389648438,19.290000915527344,19.0,19.239999771118164,32200,0.0,0.0
2024-01-22 00:00:00-05:00,19.190000534057617,19.76099967956543,18.950000762939453,18.950000762939453,35400,0.0,0.0
2024-01-23 00:00:00-05:00,18.8799991607666,19.190000534057617,18.440000534057617,18.670000076293945,23800,0.0,0.0
2024-01-24 00:00:00-05:00,18.975000381469727,18.975000381469727,18.1299991607666,18.459999084472656,29400,0.0,0.0
2024-01-25 00:00:00-05:00,18.84000015258789,19.020000457763672,18.69099998474121,18.809999465942383,13000,0.0,0.0
2024-01-26 00:00:00-05:00,18.860000610351562,18.860000610351562,18.34000015258789,18.6200008392334,22400,0.0,0.0
2024-01-29 00:00:00-05:00,18.3700008392334,19.260000228881836,18.209999084472656,18.889999389648438,46900,0.0,0.0
2024-01-30 00:00:00-05:00,18.899999618530273,19.1200008392334,18.479999542236328,19.079999923706055,26300,0.0,0.0
2024-01-31 00:00:00-05:00,19.270000457763672,19.270000457763672,18.440000534057617,18.440000534057617,12800,0.0,0.0
2024-02-01 00:00:00-05:00,18.440000534057617,18.440000534057617,16.799999237060547,17.389999389648438,44200,0.0,0.0
2024-02-02 00:00:00-05:00,17.389999389648438,18.610000610351562,17.201000213623047,18.299999237060547,48900,0.0,0.0
2024-02-05 00:00:00-05:00,18.309999465942383,18.405000686645508,17.809999465942383,18.299999237060547,34200,0.0,0.0
2024-02-06 00:00:00-05:00,18.200000762939453,19.239999771118164,18.200000762939453,18.979999542236328,42300,0.0,0.0
2024-02-07 00:00:00-05:00,18.760000228881836,19.1200008392334,18.690000534057617,18.690000534057617,19400,0.0,0.0
2024-02-08 00:00:00-05:00,18.520000457763672,18.899999618530273,18.190000534057617,18.270000457763672,17300,0.0,0.0
2024-02-09 00:00:00-05:00,18.110000610351562,18.565000534057617,17.639999389648438,18.399999618530273,28000,0.0,0.0
2024-02-12 00:00:00-05:00,18.440000534057617,19.0,18.079999923706055,18.09000015258789,49800,0.0,0.0
2024-02-13 00:00:00-05:00,18.3700008392334,18.6299991607666,18.1299991607666,18.6299991607666,38000,0.0,0.0
2024-02-14 00:00:00-05:00,18.860000610351562,19.53499984741211,18.69499969482422,18.899999618530273,76000,0.0,0.0
2024-02-15 00:00:00-05:00,19.06999969482422,19.479999542236328,18.607999801635742,19.31999969482422,54200,0.0,0.0
2024-02-16 00:00:00-05:00,18.700000762939453,19.8799991607666,18.700000762939453,19.6299991607666,39200,0.0,0.0
2024-02-20 00:00:00-05:00,19.700000762939453,20.239999771118164,19.197999954223633,19.989999771118164,50600,0.0,0.0
2024-02-21 00:00:00-05:00,20.049999237060547,20.049999237060547,18.2450008392334,18.479999542236328,28900,0.0,0.0
2024-02-22 00:00:00-05:00,18.670000076293945,18.670000076293945,18.15999984741211,18.170000076293945,17700,0.0,0.0
2024-02-23 00:00:00-05:00,18.665000915527344,18.670000076293945,17.913000106811523,18.280000686645508,14600,0.0,0.0
2024-02-26 00:00:00-05:00,18.040000915527344,19.0,18.040000915527344,19.0,22100,0.0,0.0
2024-02-27 00:00:00-05:00,18.8700008392334,19.6200008392334,18.8700008392334,19.3799991607666,25300,0.0,0.0
2024-02-28 00:00:00-05:00,19.170000076293945,19.329999923706055,18.520000457763672,18.700000762939453,15900,0.0,0.0
2024-02-29 00:00:00-05:00,18.700000762939453,19.260000228881836,17.639999389648438,17.639999389648438,14000,0.0,0.0
2024-03-01 00:00:00-05:00,17.469999313354492,18.18000030517578,17.469999313354492,18.049999237060547,39200,0.0,0.0
2024-03-04 00:00:00-05:00,18.020000457763672,18.280000686645508,17.540000915527344,18.030000686645508,41000,0.0,0.0
2024-03-05 00:00:00-05:00,18.190000534057617,18.5,17.950000762939453,18.209999084472656,22000,0.0,0.0
2024-03-06 00:00:00-05:00,18.200000762939453,18.885000228881836,17.975000381469727,18.43000030517578,55800,0.0,0.0
2024-03-07 00:00:00-05:00,20.1200008392334,20.1200008392334,17.81999969482422,19.6299991607666,48200,0.0,0.0
2024-03-08 00:00:00-05:00,19.420000076293945,20.485000610351562,19.22100067138672,19.969999313354492,71900,0.0,0.0
2024-03-11 00:00:00-04:00,20.34000015258789,20.979999542236328,20.020000457763672,20.81999969482422,109100,0.0,0.0
2024-03-12 00:00:00-04:00,20.829999923706055,21.0,20.334999084472656,20.780000686645508,90700,0.0,0.0
2024-03-13 00:00:00-04:00,20.850000381469727,21.459999084472656,20.56999969482422,21.459999084472656,61100,0.0,0.0
2024-03-14 00:00:00-04:00,21.209999084472656,21.70800018310547,19.790000915527344,20.979999542236328,82000,0.0,0.0
2024-03-15 00:00:00-04:00,21.020000457763672,21.850000381469727,20.860000610351562,21.0,60200,0.0,0.0
2024-03-18 00:00:00-04:00,21.0,22.04800033569336,21.0,21.309999465942383,45600,0.0,0.0
2024-03-19 00:00:00-04:00,21.209999084472656,21.524999618530273,20.790000915527344,21.260000228881836,68600,0.0,0.0
2024-03-20 00:00:00-04:00,21.100000381469727,21.479999542236328,20.672000885009766,21.25,62400,0.0,0.0
2024-03-21 00:00:00-04:00,21.149999618530273,21.290000915527344,20.860000610351562,21.209999084472656,75100,0.0,0.0
2024-03-22 00:00:00-04:00,21.3799991607666,21.635000228881836,21.18000030517578,21.59000015258789,55700,0.0,0.0
2024-03-25 00:00:00-04:00,21.84000015258789,24.649999618530273,21.799999237060547,24.649999618530273,98800,0.0,0.0
2024-03-26 00:00:00-04:00,24.649999618530273,24.649999618530273,23.110000610351562,23.1299991607666,46000,0.0,0.0
2024-03-27 00:00:00-04:00,23.149999618530273,24.579999923706055,22.770000457763672,24.579999923706055,57400,0.0,0.0
2024-03-28 00:00:00-04:00,24.25,24.559999465942383,23.719999313354492,24.360000610351562,23300,0.0,0.0
2024-04-01 00:00:00-04:00,24.420000076293945,25.0,24.239999771118164,24.799999237060547,58300,0.0,0.0
2024-04-02 00:00:00-04:00,24.700000762939453,24.81999969482422,24.075000762939453,24.420000076293945,38900,0.0,0.0
2024-04-03 00:00:00-04:00,24.649999618530273,25.239999771118164,24.290000915527344,24.799999237060547,81200,0.0,0.0
2024-04-04 00:00:00-04:00,25.09000015258789,25.100000381469727,23.15999984741211,23.170000076293945,43700,0.0,0.0
2024-04-05 00:00:00-04:00,23.420000076293945,24.81999969482422,23.334999084472656,24.81999969482422,35600,0.0,0.0
2024-04-08 00:00:00-04:00,25.0,25.09000015258789,24.469999313354492,24.530000686645508,29500,0.0,0.0
2024-04-09 00:00:00-04:00,24.760000228881836,24.760000228881836,23.520000457763672,23.579999923706055,34900,0.0,0.0
2024-04-10 00:00:00-04:00,23.5,23.760000228881836,23.31800079345703,23.600000381469727,42900,0.0,0.0
2024-04-11 00:00:00-04:00,23.600000381469727,24.165000915527344,23.360000610351562,23.8700008392334,34900,0.0,0.0
2024-04-12 00:00:00-04:00,23.600000381469727,24.209999084472656,22.639999389648438,23.110000610351562,25100,0.0,0.0
2024-04-15 00:00:00-04:00,22.860000610351562,22.940000534057617,22.31999969482422,22.8700008392334,55700,0.0,0.0
2024-04-16 00:00:00-04:00,23.0,23.760000228881836,22.850000381469727,23.600000381469727,80400,0.0,0.0
2024-04-17 00:00:00-04:00,23.799999237060547,24.0,22.010000228881836,22.15999984741211,29100,0.0,0.0
2024-04-18 00:00:00-04:00,22.40999984741211,22.40999984741211,20.989999771118164,21.290000915527344,45700,0.0,0.0
2024-04-19 00:00:00-04:00,21.1200008392334,21.780000686645508,20.930999755859375,21.1299991607666,63600,0.0,0.0
2024-04-22 00:00:00-04:00,21.149999618530273,22.18000030517578,20.905000686645508,22.170000076293945,58000,0.0,0.0
2024-04-23 00:00:00-04:00,22.139999389648438,23.06999969482422,22.049999237060547,22.780000686645508,53700,0.0,0.0
2024-04-24 00:00:00-04:00,22.799999237060547,22.920000076293945,21.690000534057617,21.84000015258789,28600,0.0,0.0
2024-04-25 00:00:00-04:00,21.5,21.549999237060547,20.760000228881836,21.209999084472656,43200,0.0,0.0
2024-04-26 00:00:00-04:00,21.309999465942383,21.635000228881836,21.15999984741211,21.540000915527344,38700,0.0,0.0
2024-04-29 00:00:00-04:00,22.030000686645508,22.815000534057617,21.649999618530273,21.700000762939453,50800,0.0,0.0
2024-04-30 00:00:00-04:00,21.450000762939453,21.450000762939453,20.104999542236328,20.34000015258789,38200,0.0,0.0
2024-05-01 00:00:00-04:00,20.440000534057617,20.68000030517578,19.84000015258789,20.15999984741211,22900,0.0,0.0
2024-05-02 00:00:00-04:00,20.190000534057617,21.190000534057617,19.889999389648438,20.989999771118164,40500,0.0,0.0
2024-05-03 00:00:00-04:00,21.510000228881836,23.450000762939453,21.363000869750977,23.350000381469727,45700,0.0,0.0
2024-05-06 00:00:00-04:00,23.81999969482422,24.329999923706055,23.270000457763672,23.520000457763672,53100,0.0,0.0
2024-05-07 00:00:00-04:00,23.420000076293945,24.06999969482422,23.0,23.43000030517578,47100,0.0,0.0
2024-05-08 00:00:00-04:00,24.010000228881836,24.285999298095703,23.290000915527344,23.950000762939453,62000,0.0,0.0
2024-05-09 00:00:00-04:00,23.950000762939453,24.899999618530273,21.700000762939453,21.700000762939453,69500,0.0,0.0
2024-05-10 00:00:00-04:00,21.700000762939453,21.709999084472656,20.34000015258789,20.450000762939453,47000,0.0,0.0
2024-05-13 00:00:00-04:00,20.18000030517578,20.190000534057617,17.79599952697754,18.110000610351562,114500,0.0,0.0
2024-05-14 00:00:00-04:00,17.700000762939453,18.56999969482422,17.65999984741211,18.229999542236328,90800,0.0,0.0
2024-05-15 00:00:00-04:00,18.229999542236328,18.920000076293945,18.15999984741211,18.920000076293945,77700,0.0,0.0
2024-05-16 00:00:00-04:00,18.600000381469727,18.915000915527344,17.959999084472656,18.520000457763672,86300,0.0,0.0
2024-05-17 00:00:00-04:00,18.239999771118164,18.350000381469727,17.899999618530273,18.18000030517578,49900,0.0,0.0
2024-05-20 00:00:00-04:00,18.18000030517578,18.40999984741211,17.850000381469727,18.010000228881836,77300,0.0,0.0
2024-05-21 00:00:00-04:00,17.860000610351562,19.274999618530273,17.760000228881836,19.030000686645508,43800,0.0,0.0
2024-05-22 00:00:00-04:00,18.649999618530273,19.190000534057617,18.53499984741211,18.959999084472656,44800,0.0,0.0
2024-05-23 00:00:00-04:00,19.030000686645508,19.075000762939453,18.200000762939453,18.360000610351562,44100,0.0,0.0
2024-05-24 00:00:00-04:00,18.549999237060547,18.81999969482422,18.260000228881836,18.639999389648438,45600,0.0,0.0
2024-05-28 00:00:00-04:00,18.420000076293945,18.780000686645508,18.030000686645508,18.09000015258789,54000,0.0,0.0
2024-05-29 00:00:00-04:00,18.09000015258789,18.68000030517578,17.9950008392334,18.440000534057617,35500,0.0,0.0
2024-05-30 00:00:00-04:00,18.40999984741211,19.290000915527344,18.40999984741211,18.729999542236328,53100,0.0,0.0
2024-05-31 00:00:00-04:00,18.770000457763672,19.309999465942383,18.3799991607666,19.149999618530273,36800,0.0,0.0
2024-06-03 00:00:00-04:00,18.90999984741211,19.600000381469727,18.711000442504883,19.059999465942383,31400,0.0,0.0
2024-06-04 00:00:00-04:00,19.030000686645508,19.239999771118164,18.719999313354492,18.969999313354492,25700,0.0,0.0
2024-06-05 00:00:00-04:00,18.809999465942383,19.610000610351562,17.989999771118164,19.1200008392334,31800,0.0,0.0
2024-06-06 00:00:00-04:00,19.040000915527344,19.1200008392334,18.68000030517578,18.829999923706055,24600,0.0,0.0
2024-06-07 00:00:00-04:00,18.81999969482422,19.030000686645508,18.649999618530273,18.75,21600,0.0,0.0
2024-06-10 00:00:00-04:00,18.510000228881836,19.2549991607666,18.21500015258789,18.790000915527344,38600,0.0,0.0
2024-06-11 00:00:00-04:00,18.5,19.020000457763672,18.3799991607666,18.739999771118164,46800,0.0,0.0
2024-06-12 00:00:00-04:00,19.09000015258789,19.979999542236328,19.010000228881836,19.399999618530273,27600,0.0,0.0
2024-06-13 00:00:00-04:00,19.360000610351562,19.649999618530273,19.1200008392334,19.350000381469727,25400,0.0,0.0
2024-06-14 00:00:00-04:00,19.540000915527344,19.540000915527344,18.389999389648438,18.540000915527344,30500,0.0,0.0
2024-06-17 00:00:00-04:00,18.170000076293945,18.290000915527344,17.719999313354492,18.079999923706055,63800,0.0,0.0
2024-06-18 00:00:00-04:00,17.860000610351562,18.280000686645508,17.540000915527344,17.600000381469727,27300,0.0,0.0
2024-06-20 00:00:00-04:00,17.649999618530273,17.649999618530273,17.0,17.18000030517578,30100,0.0,0.0
2024-06-21 00:00:00-04:00,17.09000015258789,17.34000015258789,16.889999389648438,17.059999465942383,40900,0.0,0.0
2024-06-24 00:00:00-04:00,16.940000534057617,17.114999771118164,15.640000343322754,15.649999618530273,81300,0.0,0.0
2024-06-25 00:00:00-04:00,15.90999984741211,16.079999923706055,15.40999984741211,15.5,68500,0.0,0.0
2024-06-26 00:00:00-04:00,15.149999618530273,15.739999771118164,14.34000015258789,15.569999694824219,112500,0.0,0.0
2024-06-27 00:00:00-04:00,15.954999923706055,16.719999313354492,15.760000228881836,16.719999313354492,104300,0.0,0.0
2024-06-28 00:00:00-04:00,16.549999237060547,17.84000015258789,16.549999237060547,17.190000534057617,1220300,0.0,0.0
2024-07-01 00:00:00-04:00,17.34000015258789,17.53499984741211,16.719999313354492,17.020000457763672,82300,0.0,0.0
2024-07-02 00:00:00-04:00,16.860000610351562,17.09000015258789,16.489999771118164,16.56999969482422,49900,0.0,0.0
2024-07-03 00:00:00-04:00,16.649999618530273,16.969999313354492,16.594999313354492,16.90999984741211,28000,0.0,0.0
2024-07-05 00:00:00-04:00,16.690000534057617,16.989999771118164,16.209999084472656,16.520000457763672,79900,0.0,0.0
