Date,Open,High,Low,Close,Volume,Dividends,Stock Splits
2004-09-28 00:00:00-04:00,5.639291763305664,5.641547531640245,5.639291763305664,5.639291763305664,1260800,0.0,0.0
2004-09-29 00:00:00-04:00,5.641548702956269,5.695685863494873,5.639292934153339,5.695685863494873,157300,0.0,0.0
2004-09-30 00:00:00-04:00,5.695685602706355,5.706964015960693,5.650571089201224,5.706964015960693,97100,0.0,0.0
2004-10-01 00:00:00-04:00,5.727266096283889,5.747567586436234,5.684407777290209,5.738544940948486,97700,0.0,0.0
2004-10-04 00:00:00-04:00,5.749823355369153,5.749823355369153,5.67989623942437,5.738544940948486,191100,0.0,0.0
2004-10-05 00:00:00-04:00,5.715987781626462,5.763357639312744,5.695686291119788,5.763357639312744,113500,0.0,0.0
2004-10-06 00:00:00-04:00,5.763357457701887,5.8039604374357845,5.752079043439772,5.790426254272461,149900,0.0,0.0
2004-10-07 00:00:00-04:00,5.790427025896919,5.794938564300537,5.754335579155941,5.794938564300537,130100,0.0,0.0
2004-10-08 00:00:00-04:00,5.794935914826913,5.794935914826913,5.7678671270251725,5.783657073974609,53400,0.0,0.0
2004-10-11 00:00:00-04:00,5.783659129819419,5.783659129819419,5.706964705737301,5.763357639312744,82100,0.0,0.0
2004-10-12 00:00:00-04:00,5.763358414697063,5.770125722524386,5.720500089189336,5.745312690734863,94500,0.0,0.0
2004-10-13 00:00:00-04:00,5.7408003790656625,5.7408003790656625,5.686662788283152,5.695685863494873,86100,0.0,0.0
2004-10-14 00:00:00-04:00,5.682150840759277,5.700196558270575,5.661849354778587,5.682150840759277,54400,0.0,0.0
2004-10-15 00:00:00-04:00,5.684407744490395,5.704709234525597,5.673128899890877,5.700197696685791,45900,0.0,0.0
2004-10-18 00:00:00-04:00,5.700197401100733,5.706964277265617,5.664105960741664,5.695685863494873,68100,0.0,0.0
2004-10-19 00:00:00-04:00,5.66636297965117,5.673129857308955,5.641549947588622,5.655084133148193,145100,0.0,0.0
2004-10-20 00:00:00-04:00,5.661851705686597,5.673130122472729,5.6392944418703115,5.643805980682373,90200,0.0,0.0
2004-10-21 00:00:00-04:00,5.650572083776802,5.684408189983196,5.639293668537312,5.661850929260254,51100,0.0,0.0
2004-10-22 00:00:00-04:00,5.684408108823699,5.693430754837677,5.643805126150908,5.6686177253723145,46000,0.0,0.0
2004-10-25 00:00:00-04:00,5.670872733655448,5.670872733655448,5.6460601377628,5.648315906524658,63700,0.0,0.0
2004-10-26 00:00:00-04:00,5.646062291603966,5.661852248716579,5.643806521981585,5.652829170227051,96000,0.0,0.0
2004-10-27 00:00:00-04:00,5.661850088851912,5.682151577464742,5.6460601377628,5.648315906524658,96100,0.0,0.0
2004-10-28 00:00:00-04:00,5.65959324807307,5.6618490164076505,5.639291763305664,5.639291763305664,79200,0.0,0.0
2004-10-29 00:00:00-04:00,5.657338619232178,5.659594388021112,5.639292899164607,5.657338619232178,59600,0.0,0.0
2004-11-01 00:00:00-05:00,5.64380436900094,5.6550827825663355,5.639292831477223,5.648315906524658,118200,0.0,0.0
2004-11-02 00:00:00-05:00,5.650570800832518,5.652826569417043,5.639292388153756,5.641548156738281,192300,0.0,0.0
2004-11-03 00:00:00-05:00,5.652828628062474,5.652828628062474,5.6392944418703115,5.643805980682373,101200,0.0,0.0
2004-11-04 00:00:00-05:00,5.650572594547002,5.661851441049979,5.639294178288027,5.655084133148193,65500,0.0,0.0
2004-11-05 00:00:00-05:00,5.657340166874535,5.661851705686597,5.6392944418703115,5.643805980682373,86300,0.0,0.0
2004-11-08 00:00:00-05:00,5.639291763305664,5.648314836643985,5.639291763305664,5.639291763305664,85800,0.0,0.0
2004-11-09 00:00:00-05:00,5.639292683820814,5.650571097090901,5.639292683820814,5.646059989929199,120700,0.0,0.0
2004-11-10 00:00:00-05:00,5.6392944418703115,5.650572858656443,5.6392944418703115,5.643805980682373,104400,0.0,0.0
2004-11-11 00:00:00-05:00,5.641550211276342,5.650572858656443,5.6392944418703115,5.643805980682373,101600,0.0,0.0
2004-11-12 00:00:00-05:00,5.6460588816697985,5.65056998794602,5.594177072177123,5.621245861053467,156900,0.0,0.0
2004-11-15 00:00:00-05:00,5.605455913477184,5.621245861053467,5.585154429380877,5.621245861053467,137100,0.0,0.0
2004-11-16 00:00:00-05:00,5.639291763305664,5.6618490164076505,5.594177257101692,5.639291763305664,135300,0.0,0.0
2004-11-17 00:00:00-05:00,5.6392949827368195,5.661852248716579,5.625760795246589,5.652829170227051,113700,0.0,0.0
2004-11-18 00:00:00-05:00,5.655081452233883,5.661848756927482,5.632524200165687,5.650569915771484,74800,0.0,0.0
2004-11-19 00:00:00-05:00,5.639292388153756,5.650570800832518,5.628013975474995,5.641548156738281,98500,0.0,0.0
2004-11-22 00:00:00-05:00,5.62801602508418,5.650572858656443,5.621248716866087,5.643805980682373,69100,0.0,0.0
2004-11-23 00:00:00-05:00,5.646062291603966,5.652829170227051,5.630271904247291,5.652829170227051,114100,0.0,0.0
2004-11-24 00:00:00-05:00,5.648315906524658,5.6550827825663355,5.632525525191647,5.648315906524658,101100,0.0,0.0
2004-11-26 00:00:00-05:00,5.655083179827221,5.655083179827221,5.621247506510233,5.63252592086792,34000,0.0,0.0
2004-11-29 00:00:00-05:00,5.628014381997779,5.637037026743739,5.5941782810297145,5.609968662261963,116600,0.0,0.0
2004-11-30 00:00:00-05:00,5.59868973889487,5.634781177853176,5.59643397017949,5.616735458374023,74000,0.0,0.0
2004-12-01 00:00:00-05:00,5.605459206255805,5.650573307225725,5.5941803583302825,5.628016471862793,175500,0.0,0.0
2004-12-02 00:00:00-05:00,5.6302709209373,5.6302709209373,5.5039508558537555,5.51522970199585,135900,0.0,0.0
2004-12-03 00:00:00-05:00,5.515227169407171,5.52650558012624,5.467856897850747,5.5129714012146,175000,0.0,0.0
2004-12-06 00:00:00-05:00,5.503951280055706,5.569367301989652,5.497184402092898,5.537786960601807,116300,0.0,0.0
2004-12-07 00:00:00-05:00,5.515228962826927,5.603201799724921,5.492671703809923,5.549064636230469,98600,0.0,0.0
2004-12-08 00:00:00-05:00,5.531018881661261,5.582900275916283,5.526507343836321,5.5332746505737305,58700,0.0,0.0
2004-12-09 00:00:00-05:00,5.537785058404184,5.628014082525992,5.53101818276576,5.582899570465088,58600,0.0,0.0
2004-12-10 00:00:00-05:00,5.605455803795974,5.634779930114746,5.594176962716604,5.634779930114746,61300,0.0,0.0
2004-12-13 00:00:00-05:00,5.6347802266365035,5.673127427836735,5.612222973534517,5.639291763305664,146300,0.0,0.0
2004-12-14 00:00:00-05:00,5.612225234244794,5.6483171118927515,5.59417951054281,5.630270957946777,65400,0.0,0.0
2004-12-15 00:00:00-05:00,5.594177722930908,5.639292232891583,5.5828993105626665,5.594177722930908,64900,0.0,0.0
2004-12-16 00:00:00-05:00,5.594179413561816,5.634782398748381,5.558087966783532,5.6054582595825195,91300,0.0,0.0
2004-12-17 00:00:00-05:00,5.616735901648546,5.6280147461155785,5.537785711355021,5.578388690948486,62900,0.0,0.0
2004-12-20 00:00:00-05:00,5.571620941162109,5.5919224277765895,5.533273736472963,5.571620941162109,77600,0.0,0.0
2004-12-21 00:00:00-05:00,5.571620677186673,5.594177501028403,5.553574959966989,5.560341835021973,105900,0.0,0.0
2004-12-22 00:00:00-05:00,5.555832660408497,5.569367276760843,5.497184377191073,5.499439716339111,217000,0.0,0.0
2004-12-23 00:00:00-05:00,5.503949903662501,5.549064419938028,5.447556973440049,5.492671489715576,142400,0.0,0.0
2004-12-27 00:00:00-05:00,5.50395011819646,5.549064636230469,5.483648628105549,5.549064636230469,73200,0.0,0.0
2004-12-28 00:00:00-05:00,5.549063423101108,5.578387552241658,5.503948914929977,5.560341835021973,89600,0.0,0.0
2004-12-29 00:00:00-05:00,5.558087966783532,5.614480906155099,5.52876382761767,5.6054582595825195,80400,0.0,0.0
2004-12-30 00:00:00-05:00,5.594179413561816,5.6370381679525225,5.580645228580956,5.6054582595825195,41600,0.0,0.0
2004-12-31 00:00:00-05:00,5.607711867109174,5.639291763305664,5.594177257101692,5.639291763305664,65200,0.0,0.0
2005-01-03 00:00:00-05:00,5.61650752391442,5.6620777392175325,5.582330079731976,5.607393741607666,61200,0.25,0.0
2005-01-04 00:00:00-05:00,5.630177289100792,5.659798053503053,5.5595438606326,5.627899169921875,134500,0.0,0.0
2005-01-05 00:00:00-05:00,5.637011147642201,5.639289700682112,5.577770072373178,5.598276615142822,70300,0.0,0.0
2005-01-06 00:00:00-05:00,5.605116545873864,5.69625656397956,5.59828088154473,5.673471450805664,64900,0.0,0.0
2005-01-07 00:00:00-05:00,5.662078106200165,5.684863215328519,5.6529638887129,5.655242443084717,30600,0.0,0.0
2005-01-10 00:00:00-05:00,5.655243523263623,5.673471527129981,5.605116621278613,5.616508960723877,143700,0.0,0.0
2005-01-11 00:00:00-05:00,5.59827866276545,5.659798313575771,5.59827866276545,5.639291763305664,99000,0.0,0.0
2005-01-12 00:00:00-05:00,5.627900552304631,5.65296378073626,5.618786334991455,5.618786334991455,63600,0.0,0.0
2005-01-13 00:00:00-05:00,5.673470840467694,5.680306504061465,5.61650828095579,5.6233439445495605,105800,0.0,0.0
2005-01-14 00:00:00-05:00,5.623341154548101,5.69625312501394,5.6165054943458195,5.6506829261779785,107400,0.0,0.0
2005-01-18 00:00:00-05:00,5.639293575854218,5.725876477920525,5.627901237415707,5.691699028015137,139100,0.0,0.0
2005-01-19 00:00:00-05:00,5.714484567600699,5.719041677153456,5.641572553116142,5.673471450805664,110200,0.0,0.0
2005-01-20 00:00:00-05:00,5.673471450805664,5.7030922283086944,5.64385110789252,5.673471450805664,73900,0.0,0.0
2005-01-21 00:00:00-05:00,5.673470294857795,5.709926294672303,5.666635066511199,5.6803059577941895,116500,0.0,0.0
2005-01-24 00:00:00-05:00,5.709924010828878,5.728152003445338,5.627898261349622,5.6506829261779785,127300,0.0,0.0
2005-01-25 00:00:00-05:00,5.6734723091444215,5.691700315523273,5.616509734886767,5.637016296386719,74900,0.0,0.0
2005-01-26 00:00:00-05:00,5.639295257951453,5.691700725743951,5.6028392425662386,5.6051177978515625,69800,0.0,0.0
2005-01-27 00:00:00-05:00,5.6051133416310055,5.691696200687621,5.6051133416310055,5.625619888305664,160900,0.0,0.0
2005-01-28 00:00:00-05:00,5.668912990848367,5.703090869762564,5.62790031841294,5.696255207061768,123000,0.0,0.0
2005-01-31 00:00:00-05:00,5.707647543639978,5.716761760574373,5.684862870483558,5.696255207061768,94200,0.0,0.0
2005-02-01 00:00:00-05:00,5.696256212286991,5.723598433325507,5.696256212286991,5.714484214782715,96000,0.0,0.0
2005-02-02 00:00:00-05:00,5.750941299144539,5.796511531231667,5.723599507564216,5.75549840927124,167900,0.0,0.0
2005-02-03 00:00:00-05:00,5.741825439485935,5.798787991724526,5.730432668284346,5.776002883911133,108800,0.0,0.0
2005-02-04 00:00:00-05:00,5.785119533538818,5.821575550272887,5.7577777382832664,5.785119533538818,109000,0.0,0.0
2005-02-07 00:00:00-05:00,5.785115743808525,5.810179401865674,5.721317973611732,5.7896728515625,126800,0.0,0.0
2005-02-08 00:00:00-05:00,5.757774377668859,5.77600237539684,5.7099256120143185,5.762331485748291,112400,0.0,0.0
2005-02-09 00:00:00-05:00,5.730434041578542,5.780561377698943,5.730434041578542,5.766890048980713,130400,0.0,0.0
2005-02-10 00:00:00-05:00,5.755496408702798,5.807901853174288,5.755496408702798,5.798788070678711,178000,0.0,0.0
2005-02-11 00:00:00-05:00,5.810181966780332,5.855752195257709,5.778283067600112,5.848916530609131,102600,0.0,0.0
2005-02-14 00:00:00-05:00,5.853472512406699,5.889928514327542,5.810180847154515,5.86942195892334,109200,0.0,0.0
2005-02-15 00:00:00-05:00,5.89448467238738,5.896762791873858,5.83980024373733,5.87853479385376,181500,0.0,0.0
2005-02-16 00:00:00-05:00,5.878536724274392,5.91499273228618,5.848916380736026,5.88309383392334,165200,0.0,0.0
2005-02-17 00:00:00-05:00,5.883092653823503,5.921827208889932,5.867143207841411,5.885371208190918,171900,0.0,0.0
2005-02-18 00:00:00-05:00,5.864863903986124,5.89448467238738,5.844357351889793,5.87853479385376,140900,0.0,0.0
2005-02-22 00:00:00-05:00,5.8580289367580445,5.912713371895893,5.844358045268485,5.867143154144287,192900,0.0,0.0
2005-02-23 00:00:00-05:00,5.889927564234917,5.896762791873858,5.8671424580623555,5.87853479385376,137900,0.0,0.0
2005-02-24 00:00:00-05:00,5.878534984579794,5.9537255331759384,5.878534984579794,5.9377760887146,90700,0.0,0.0
2005-02-25 00:00:00-05:00,5.958281491728809,5.992458928206552,5.924104055251067,5.953724384307861,102500,0.0,0.0
2005-02-28 00:00:00-05:00,5.969677558069423,6.015247353683663,5.894486982445499,5.935499668121338,118500,0.0,0.0
2005-03-01 00:00:00-05:00,5.9241030085691255,5.9241030085691255,5.878532811590444,5.9218244552612305,110500,0.0,0.0
2005-03-02 00:00:00-05:00,5.901319619123413,6.03575126109385,5.889927283874284,6.012966156005859,99800,0.0,0.0
2005-03-03 00:00:00-05:00,6.026637561368748,6.060815002168377,5.962839353176964,6.0357513427734375,164700,0.0,0.0
2005-03-04 00:00:00-05:00,6.012966318136304,6.104106740945727,6.003852536609208,6.058536529541016,108700,0.0,0.0
2005-03-07 00:00:00-05:00,6.083600189272581,6.151955071789905,6.033472869809449,6.058536529541016,137100,0.0,0.0
2005-03-08 00:00:00-05:00,6.067649607240258,6.067649607240258,5.960560187827881,5.99473762512207,125800,0.0,0.0
2005-03-09 00:00:00-05:00,5.992459890126815,5.992459890126815,5.860306795833661,5.87853479385376,115100,0.0,0.0
2005-03-10 00:00:00-05:00,5.873978200512656,5.919547978890379,5.812458543383484,5.901319980621338,78800,0.0,0.0
2005-03-11 00:00:00-05:00,5.903598833950934,5.9218268331438555,5.832965391402085,5.912713050842285,73100,0.0,0.0
2005-03-14 00:00:00-05:00,5.91727186079523,5.9218289708859935,5.85575261292968,5.910436630249023,58100,0.0,0.0
2005-03-15 00:00:00-05:00,5.912712460658816,5.912712460658816,5.860306587944054,5.876256465911865,71700,0.0,0.0
2005-03-16 00:00:00-05:00,5.90587916523692,5.974234074130739,5.885372605650792,5.951449394226074,92100,0.0,0.0
2005-03-17 00:00:00-05:00,5.924104971222516,6.038030066822949,5.924104971222516,6.015244960784912,111400,0.0,0.0
2005-03-18 00:00:00-05:00,6.003852393488155,6.083600044250488,5.997016731563475,6.083600044250488,101300,0.0,0.0
2005-03-21 00:00:00-05:00,6.060817375570698,6.060817375570698,5.9263856791379,5.94233512878418,117100,0.0,0.0
2005-03-22 00:00:00-05:00,5.9468888125050805,5.985623354154943,5.912711378011592,5.919546604156494,107300,0.0,0.0
2005-03-23 00:00:00-05:00,5.919547377248767,5.9263830388760645,5.787394294582349,5.855749607086182,198800,0.0,0.0
2005-03-24 00:00:00-05:00,5.86714169038602,5.8899267935773025,5.842078033416639,5.853470802307129,84700,0.0,0.0
2005-03-28 00:00:00-05:00,5.876256122184161,5.93549678424041,5.69625427838416,5.700811386108398,145500,0.0,0.0
2005-03-29 00:00:00-05:00,5.707648364164755,5.9241062669867475,5.707648364164755,5.889928817749023,103500,0.0,0.0
2005-03-30 00:00:00-05:00,5.889925873322823,6.01524326941048,5.889925873322823,6.003850936889648,90200,0.0,0.0
2005-03-31 00:00:00-05:00,6.003854883525288,6.058538897833161,5.951449424137317,5.974234104156494,93000,0.0,0.0
2005-04-01 00:00:00-05:00,5.985804273213637,6.002007075321645,5.939510174482265,5.995062828063965,155400,0.41,0.0
2005-04-04 00:00:00-04:00,5.995064146965688,5.995064146965688,5.8677560096867545,5.937196731567383,64300,0.0,0.0
2005-04-05 00:00:00-04:00,5.902479312342864,5.944143942833666,5.865444183349609,5.865444183349609,76300,0.0,0.0
2005-04-06 00:00:00-04:00,5.902478486636839,6.083025046342215,5.877016673455779,6.064507484436035,110900,0.0,0.0
2005-04-07 00:00:00-04:00,6.0830241482541725,6.120059266598725,6.052932838665826,6.110800266265869,73100,0.0,0.0
2005-04-08 00:00:00-04:00,6.096911836903144,6.122373644778385,6.034414912933048,6.103856086730957,67500,0.0,0.0
2005-04-11 00:00:00-04:00,6.131633165408682,6.131633165408682,5.974233676555163,6.008954048156738,65400,0.0,0.0
2005-04-12 00:00:00-04:00,6.008950802028264,6.0158950491945795,5.867754641592416,5.9487690925598145,95000,0.0,0.0
2005-04-13 00:00:00-04:00,5.960343725541058,5.983490779764158,5.867755950142001,5.9024763107299805,96300,0.0,0.0
2005-04-14 00:00:00-04:00,5.902476492807111,5.914049799529,5.84692382585401,5.9001617431640625,55800,0.0,0.0
2005-04-15 00:00:00-04:00,5.902477867516429,5.902477867516429,5.814519568061539,5.853869438171387,114800,0.0,0.0
2005-04-18 00:00:00-04:00,5.853869829775855,5.925625324249268,5.853869829775855,5.925625324249268,69200,0.0,0.0
2005-04-19 00:00:00-04:00,5.920992612559311,6.041356915848178,5.914048365314215,6.025154113769531,93500,0.0,0.0
2005-04-20 00:00:00-04:00,6.041358470916748,6.064505526198631,6.013581916279817,6.041358470916748,195900,0.0,0.0
2005-04-21 00:00:00-04:00,6.029785466668142,6.048303024880238,5.960344733746135,5.990435600280762,117000,0.0,0.0
2005-04-22 00:00:00-04:00,5.97886204008392,5.999694347381592,5.937197425488574,5.999694347381592,77500,0.0,0.0
2005-04-25 00:00:00-04:00,5.995063955138689,6.013581509813898,5.944140790155198,5.981175899505615,66100,0.0,0.0
2005-04-26 00:00:00-04:00,5.985808105524691,6.006640419142015,5.902478851055391,5.941828727722168,143900,0.0,0.0
2005-04-27 00:00:00-04:00,5.941823905531034,6.0135793489265845,5.941823905531034,5.960341453552246,87200,0.0,0.0
2005-04-28 00:00:00-04:00,5.983492735425521,6.0158983570334,5.964975174293379,5.967289924621582,70200,0.0,0.0
2005-04-29 00:00:00-04:00,5.9950647846631,6.064505955423556,5.985806226791073,6.018211841583252,117900,0.0,0.0
2005-05-02 00:00:00-04:00,6.018211415634865,6.048302278455962,5.997379110030507,6.041358470916748,78300,0.0,0.0
2005-05-03 00:00:00-04:00,6.039044389139864,6.0529324472476285,5.985806465148926,5.985806465148926,121600,0.0,0.0
2005-05-04 00:00:00-04:00,5.971917972012702,6.015897337810542,5.941827105831068,5.997379779815674,66700,0.0,0.0
2005-05-05 00:00:00-04:00,6.013581094144792,6.022840091589062,5.983490235437508,6.015895843505859,86400,0.0,0.0
2005-05-06 00:00:00-04:00,6.018210879104677,6.029784184967166,5.992749076415218,6.0066375732421875,82300,0.0,0.0
2005-05-09 00:00:00-04:00,6.025155664667437,6.05293177781101,6.004323359063079,6.041358470916748,79000,0.0,0.0
2005-05-10 00:00:00-04:00,6.041358898503404,6.052932206216785,5.997379534504454,6.018211841583252,81700,0.0,0.0
2005-05-11 00:00:00-04:00,5.99737969474251,6.050617618035898,5.99506494483931,6.0459885597229,111700,0.0,0.0
2005-05-12 00:00:00-04:00,6.052930230731557,6.064503976161023,5.985804273213637,5.995062828063965,64700,0.0,0.0
2005-05-13 00:00:00-04:00,6.0066375732421875,6.018210879104677,5.99506382588638,6.0066375732421875,35900,0.0,0.0
2005-05-16 00:00:00-04:00,5.997381643168031,6.00201114447846,5.962661266326904,5.962661266326904,47500,0.0,0.0
2005-05-17 00:00:00-04:00,5.9950650298796395,5.999694529751708,5.962659413761971,5.997379779815674,61900,0.0,0.0
2005-05-18 00:00:00-04:00,5.995064312286871,6.002008561263767,5.960343950389101,5.964973449707031,107300,0.0,0.0
2005-05-19 00:00:00-04:00,5.971919754995406,5.995066819773156,5.958031692726172,5.969605445861816,76200,0.0,0.0
2005-05-20 00:00:00-04:00,5.983491721692874,6.013582587874508,5.971917972012702,5.997379779815674,68700,0.0,0.0
2005-05-23 00:00:00-04:00,5.99737654959467,6.011264600237287,5.944138654220332,5.960341453552246,131600,0.0,0.0
2005-05-24 00:00:00-04:00,5.967289200619209,5.988121509552002,5.944142141639059,5.988121509552002,89000,0.0,0.0
2005-05-25 00:00:00-04:00,5.988120095350587,5.990434403357951,5.941825988323466,5.958028793334961,97100,0.0,0.0
2005-05-26 00:00:00-04:00,5.9834905973477746,6.011266708374023,5.948770237818302,6.011266708374023,94500,0.0,0.0
2005-05-27 00:00:00-04:00,6.013583548768542,6.029786359416379,5.990436487203,6.008954048156738,40600,0.0,0.0
2005-05-31 00:00:00-04:00,6.006638533869871,6.039044148662049,5.985806226791073,6.018211841583252,64000,0.0,0.0
2005-06-01 00:00:00-04:00,6.006640048292537,6.064507484436035,6.006640048292537,6.064507484436035,62600,0.0,0.0
2005-06-02 00:00:00-04:00,6.106168191700601,6.110797689915204,6.05061553760512,6.101539134979248,142000,0.0,0.0
2005-06-03 00:00:00-04:00,6.1200592195174774,6.1200592195174774,6.064506542428012,6.087653160095215,83100,0.0,0.0
2005-06-06 00:00:00-04:00,6.076079851261613,6.099226910422249,6.052932792100978,6.087653160095215,91200,0.0,0.0
2005-06-07 00:00:00-04:00,6.052933216094971,6.08765358652129,6.041359906450686,6.052933216094971,161600,0.0,0.0
2005-06-08 00:00:00-04:00,6.052932206216785,6.052932206216785,6.011267592059189,6.018211841583252,227200,0.0,0.0
2005-06-09 00:00:00-04:00,6.020524626515544,6.041356926795337,5.985804273213637,5.995062828063965,164800,0.0,0.0
2005-06-10 00:00:00-04:00,5.997379834284042,6.03672970056719,5.988121275949225,6.032100200653076,81700,0.0,0.0
2005-06-13 00:00:00-04:00,6.0251560911073145,6.059876455740848,6.002009034187163,6.018211841583252,91800,0.0,0.0
2005-06-14 00:00:00-04:00,5.9834923088099625,6.0066393689481545,5.9603452486717705,6.002009868621826,120300,0.0,0.0
2005-06-15 00:00:00-04:00,6.015897210615645,6.041359017880275,5.98812109495732,6.034414768218994,115400,0.0,0.0
2005-06-16 00:00:00-04:00,6.018210592866927,6.018210592866927,5.999693039471683,6.015895843505859,84600,0.0,0.0
2005-06-17 00:00:00-04:00,6.018210646733741,6.052931004473929,6.018210646733741,6.039042949676514,103100,0.0,0.0
2005-06-20 00:00:00-04:00,6.052932792100978,6.099226910422249,6.025156674302961,6.087653160095215,127900,0.0,0.0
2005-06-21 00:00:00-04:00,6.110800213389372,6.122373963705295,6.052932786290053,6.076079845428467,144800,0.0,0.0
2005-06-22 00:00:00-04:00,6.064505403030344,6.117743320052077,6.041358348218571,6.078393459320068,150100,0.0,0.0
2005-06-23 00:00:00-04:00,6.087654809076788,6.092284310461609,6.059878683754968,6.08534049987793,123400,0.0,0.0
2005-06-24 00:00:00-04:00,6.101540104631753,6.101540104631753,6.052931248640041,6.071448802947998,88500,0.0,0.0
2005-06-27 00:00:00-04:00,6.059876575483624,6.0691351335386,6.022841460276926,6.034414768218994,138800,0.0,0.0
2005-06-28 00:00:00-04:00,6.036728788214031,6.0969109535217285,6.036728788214031,6.0969109535217285,80000,0.0,0.0
2005-06-29 00:00:00-04:00,6.085338221536072,6.143205642700195,6.085338221536072,6.143205642700195,76600,0.0,0.0
2005-06-30 00:00:00-04:00,6.152462661053488,6.191812515258789,6.150147911806909,6.191812515258789,52400,0.0,0.0
2005-07-01 00:00:00-04:00,6.171829138162001,6.2306084632873535,6.148317318421728,6.2306084632873535,85300,0.415,0.0
2005-07-05 00:00:00-04:00,6.265872579155395,6.31994942138975,6.256468125417011,6.310544967651367,82400,0.0,0.0
2005-07-06 00:00:00-04:00,6.315249869178681,6.435159727910622,6.315249869178681,6.416350364685059,94600,0.0,0.0
2005-07-07 00:00:00-04:00,6.418700695037842,6.4422125095426725,6.3481656999739124,6.418700695037842,96600,0.0,0.0
2005-07-08 00:00:00-04:00,6.421049269147011,6.512745262996164,6.390484236830877,6.508042812347412,89700,0.0,0.0
2005-07-11 00:00:00-04:00,6.503346550177958,6.545667749388138,6.442215978924453,6.465727806091309,125600,0.0,0.0
2005-07-12 00:00:00-04:00,6.477480292358818,6.576229558867818,6.477480292358818,6.5550689697265625,68500,0.0,0.0
2005-07-13 00:00:00-04:00,6.555072211184399,6.5832864934747874,6.463376578529543,6.465727806091309,100900,0.0,0.0
2005-07-14 00:00:00-04:00,6.442212364044272,6.491587218234333,6.3904867320623255,6.411647319793701,68500,0.0,0.0
2005-07-15 00:00:00-04:00,6.418702060382199,6.519802570343018,6.414000055241503,6.519802570343018,48300,0.0,0.0
2005-07-18 00:00:00-04:00,6.51980160367214,6.566825235712313,6.486885330314373,6.498641014099121,75800,0.0,0.0
2005-07-19 00:00:00-04:00,6.498641977632583,6.571528662946593,6.486886292104856,6.519802570343018,72700,0.0,0.0
2005-07-20 00:00:00-04:00,6.519802998572474,6.552719727423308,6.472779804922362,6.538612365722656,88800,0.0,0.0
2005-07-21 00:00:00-04:00,6.555070976994018,6.559773431232171,6.515101012871158,6.517452239990234,59300,0.0,0.0
2005-07-22 00:00:00-04:00,6.5292085464327325,6.5292085464327325,6.461024303547527,6.524506092071533,60900,0.0,0.0
2005-07-25 00:00:00-04:00,6.5292073810692255,6.566826112342995,6.465725603875743,6.4939398765563965,79600,0.0,0.0
2005-07-26 00:00:00-04:00,6.47748313941035,6.515101881429261,6.468078678131011,6.51275110244751,78000,0.0,0.0
2005-07-27 00:00:00-04:00,6.489233458202782,6.526852166492042,6.477477331580903,6.508042812347412,67100,0.0,0.0
2005-07-28 00:00:00-04:00,6.524504177602528,6.606795310974121,6.524504177602528,6.606795310974121,62200,0.0,0.0
2005-07-29 00:00:00-04:00,6.606796504256497,6.606796504256497,6.5621240897661925,6.576231002807617,35200,0.0,0.0
2005-08-01 00:00:00-04:00,6.595040226168192,6.595040226168192,6.543314580508092,6.569177627563477,26800,0.0,0.0
2005-08-02 00:00:00-04:00,6.559771391917943,6.606795022779235,6.526855119385385,6.595038890838623,72800,0.0,0.0
2005-08-03 00:00:00-04:00,6.583284780873346,6.583284780873346,6.5268566794228,6.538612365722656,61200,0.0,0.0
2005-08-04 00:00:00-04:00,6.538611189760604,6.59033727645874,6.536259963233362,6.59033727645874,47000,0.0,0.0
2005-08-05 00:00:00-04:00,6.59503910825502,6.620902150926407,6.583283424377441,6.583283424377441,79600,0.0,0.0
2005-08-08 00:00:00-04:00,6.585634319136601,6.606794907810899,6.526855005808125,6.548015594482422,71800,0.0,0.0
2005-08-09 00:00:00-04:00,6.53626140072843,6.545666308905787,6.439863334164033,6.486886978149414,96400,0.0,0.0
2005-08-10 00:00:00-04:00,6.493940553091925,6.536261293845883,6.491589326086034,6.503345012664795,58600,0.0,0.0
2005-08-11 00:00:00-04:00,6.496291966370041,6.496291966370041,6.421054488633189,6.468078136444092,57900,0.0,0.0
2005-08-12 00:00:00-04:00,6.456320733768076,6.4657256408656485,6.418702002279091,6.453969955444336,62600,0.0,0.0
2005-08-15 00:00:00-04:00,6.444566783304297,6.465727381519878,6.411650496502625,6.44691801071167,64700,0.0,0.0
2005-08-16 00:00:00-04:00,6.453970665698854,6.4657263524138715,6.38578642708979,6.402244567871094,68500,0.0,0.0
2005-08-17 00:00:00-04:00,6.390487498169457,6.39989195581608,6.232958908645721,6.237661361694336,163100,0.0,0.0
2005-08-18 00:00:00-04:00,6.202394827271985,6.22825787648906,6.176532226505619,6.2165021896362305,62400,0.0,0.0
2005-08-19 00:00:00-04:00,6.230609448474057,6.3481681173131905,6.230609448474057,6.33641242980957,55000,0.0,0.0
2005-08-22 00:00:00-04:00,6.334059554734874,6.3857851941247645,6.305845284235451,6.348166465759277,53200,0.0,0.0
2005-08-23 00:00:00-04:00,6.348165758081966,6.371677572802012,6.277630762372392,6.338760852813721,73100,0.0,0.0
2005-08-24 00:00:00-04:00,6.324654444065032,6.3881362142996405,6.301142627483628,6.381082534790039,53700,0.0,0.0
2005-08-25 00:00:00-04:00,6.381086461112776,6.40930074806101,6.348170166715569,6.406949520111084,67000,0.0,0.0
2005-08-26 00:00:00-04:00,6.383438168369933,6.3928430808758145,6.334063723066789,6.364628791809082,41100,0.0,0.0
2005-08-29 00:00:00-04:00,6.376380645112604,6.39283878248092,6.3528688281076064,6.385785102844238,23600,0.0,0.0
2005-08-30 00:00:00-04:00,6.395191335222365,6.4422145305331355,6.371679513341628,6.402244567871094,32700,0.0,0.0
2005-08-31 00:00:00-04:00,6.418701380616685,6.512748648681157,6.418701380616685,6.489236831665039,56300,0.0,0.0
2005-09-01 00:00:00-04:00,6.512749091120086,6.529207229614258,6.468076680599735,6.529207229614258,46900,0.0,0.0
2005-09-02 00:00:00-04:00,6.548017281977202,6.630308431534502,6.543314828070914,6.559772968292236,73300,0.0,0.0
2005-09-06 00:00:00-04:00,6.536259791965936,6.583283424377441,6.465724791799272,6.583283424377441,134800,0.0,0.0
2005-09-07 00:00:00-04:00,6.538612374164625,6.578582335466703,6.536261147211481,6.559772968292236,59700,0.0,0.0
2005-09-08 00:00:00-04:00,6.550367289844228,6.637360428666873,6.526855473139247,6.630307197570801,97700,0.0,0.0
2005-09-09 00:00:00-04:00,6.63030818923378,6.670278149075179,6.60444514214503,6.653819561004639,51000,0.0,0.0
2005-09-12 00:00:00-04:00,6.642063281497542,6.642063281497542,6.456320411643609,6.482183456420898,108400,0.0,0.0
2005-09-13 00:00:00-04:00,6.43045457030499,6.503340766091368,6.3834309577941895,6.3834309577941895,89500,0.0,0.0
2005-09-14 00:00:00-04:00,6.383437689062703,6.411651976010935,6.348170166715569,6.406949520111084,78800,0.0,0.0
2005-09-15 00:00:00-04:00,6.465724874979909,6.4986411490210685,6.4234036949552165,6.44221305847168,84300,0.0,0.0
2005-09-16 00:00:00-04:00,6.442213233321035,6.552718639373779,6.430457548973158,6.552718639373779,78700,0.0,0.0
2005-09-19 00:00:00-04:00,6.536259760482422,6.646765161582004,6.519801623752848,6.623253345489502,75900,0.0,0.0
2005-09-20 00:00:00-04:00,6.595041671557689,6.639714094866442,6.583285983111012,6.611500263214111,65400,0.0,0.0
2005-09-21 00:00:00-04:00,6.639711584942519,6.642062811433204,6.590337173989922,6.606795310974121,87900,0.0,0.0
2005-09-22 00:00:00-04:00,6.6185497526928545,6.6185497526928545,6.491586685180664,6.491586685180664,74100,0.0,0.0
2005-09-23 00:00:00-04:00,6.5150995168248,6.5150995168248,6.3246546484181945,6.348166465759277,74500,0.0,0.0
2005-09-26 00:00:00-04:00,6.345817010896336,6.477482596935828,6.289388902593696,6.468078136444092,90200,0.0,0.0
2005-09-27 00:00:00-04:00,6.444566020233005,6.60444587739753,6.3857866873607945,6.602094650268555,92300,0.0,0.0
2005-09-28 00:00:00-04:00,6.585635767162114,6.686736280068796,6.493940161712179,6.569177627563477,118900,0.0,0.0
2005-09-29 00:00:00-04:00,6.606796092873982,6.606796092873982,6.54801676900224,6.599742412567139,83200,0.0,0.0
2005-09-30 00:00:00-04:00,6.5832870714047855,6.672631484341194,6.564477697710235,6.597393989562988,128900,0.0,0.0
2005-10-03 00:00:00-04:00,6.63558210030181,6.690481148639726,6.58307046196235,6.626034736633301,55200,0.42,0.0
2005-10-04 00:00:00-04:00,6.647518378191539,6.654678788746936,6.542494622482429,6.563976764678955,61600,0.0,0.0
2005-10-05 00:00:00-04:00,6.55203688096942,6.592614175639276,6.468495338382685,6.480429649353027,69200,0.0,0.0
2005-10-06 00:00:00-04:00,6.528172261216538,6.528172261216538,6.392119020092108,6.432696342468262,90200,0.0,0.0
2005-10-07 00:00:00-04:00,6.492368698120117,6.492368698120117,6.442243557398343,6.492368698120117,52200,0.0,0.0
2005-10-10 00:00:00-04:00,6.46611387479041,6.623649280721491,6.449405643140926,6.563976764678955,40500,0.0,0.0
2005-10-11 00:00:00-04:00,6.611712792947906,6.659450516979089,6.504302117163962,6.506689071655273,81700,0.0,0.0
2005-10-12 00:00:00-04:00,6.432695639276611,6.447016911707046,6.325284957885742,6.325284957885742,1562600,0.0,0.0
2005-10-13 00:00:00-04:00,6.361087001695496,6.373021772214216,6.172522180149166,6.2512898445129395,161900,0.0,0.0
2005-10-14 00:00:00-04:00,6.2679987040385585,6.2679987040385585,6.127171584481411,6.217873573303223,161600,0.0,0.0
2005-10-17 00:00:00-04:00,6.253680146785017,6.3539299964904785,6.229811048233206,6.3539299964904785,120100,0.0,0.0
2005-10-18 00:00:00-04:00,6.325285289601407,6.3396065627828895,6.205940284137229,6.23219633102417,77500,0.0,0.0
2005-10-19 00:00:00-04:00,6.217873466502052,6.2656116420714465,6.205939150242195,6.227421283721924,112300,0.0,0.0
2005-10-20 00:00:00-04:00,6.241740994208724,6.260836168610785,6.13433080892146,6.236967086791992,171100,0.0,0.0
2005-10-21 00:00:00-04:00,6.222648512059804,6.236969785241286,6.184458146732473,6.23219633102417,115800,0.0,0.0
2005-10-24 00:00:00-04:00,6.253677283100471,6.258450736412822,6.184456974524105,6.201165199279785,112900,0.0,0.0
2005-10-25 00:00:00-04:00,6.205941317238662,6.205941317238662,6.091370202184043,6.158203125,190900,0.0,0.0
2005-10-26 00:00:00-04:00,6.134332704191399,6.174910019240697,6.050791119646962,6.072273254394531,193600,0.0,0.0
2005-10-27 00:00:00-04:00,6.108077528477442,6.108077528477442,6.0197620224921575,6.031696796417236,115900,0.0,0.0
2005-10-28 00:00:00-04:00,6.062726004698136,6.08659509612812,6.031696504524694,6.074660778045654,54000,0.0,0.0
2005-10-31 00:00:00-05:00,6.07466247244679,6.294257355376983,6.065114651105609,6.184459686279297,152600,0.0,0.0
2005-11-01 00:00:00-05:00,6.232196828827604,6.253678967948271,6.182071685791016,6.182071685791016,152400,0.0,0.0
2005-11-02 00:00:00-05:00,6.205937921875554,6.253676087995939,6.184455792647871,6.220259189605713,103600,0.0,0.0
2005-11-03 00:00:00-05:00,6.253678671709621,6.253678671709621,6.182071392944424,6.186845302581787,123700,0.0,0.0
2005-11-04 00:00:00-05:00,6.205941317238662,6.229810413357993,6.158203125,6.158203125,100200,0.0,0.0
2005-11-07 00:00:00-05:00,6.182071685791016,6.205940779843434,6.158202591738598,6.182071685791016,70100,0.0,0.0
2005-11-08 00:00:00-05:00,6.189231453538196,6.189231453538196,6.034083052595355,6.038856506347656,129700,0.0,0.0
2005-11-09 00:00:00-05:00,6.098529243171709,6.105690106979386,6.019761562347412,6.019761562347412,104900,0.0,0.0
2005-11-10 00:00:00-05:00,6.019763512271497,6.019763512271497,5.807329491747452,5.867002010345459,261100,0.0,0.0
2005-11-11 00:00:00-05:00,5.907576763984,6.043629974190931,5.900415900980745,6.02692174911499,146500,0.0,0.0
2005-11-14 00:00:00-05:00,6.003052591762759,6.046016858756522,5.895642379543336,5.936219692230225,97200,0.0,0.0
2005-11-15 00:00:00-05:00,5.931444783990268,5.964861228124863,5.878932708618869,5.9099626541137695,100900,0.0,0.0
2005-11-16 00:00:00-05:00,5.955316716288716,5.955316716288716,5.7619774549231595,5.88370943069458,159300,0.0,0.0
2005-11-17 00:00:00-05:00,5.883706917289022,5.964861533135623,5.852677425472347,5.9433794021606445,128400,0.0,0.0
2005-11-18 00:00:00-05:00,5.964863300323486,6.055565759148794,5.919512070910833,5.964863300323486,165200,0.0,0.0
2005-11-21 00:00:00-05:00,5.991117443201042,6.022146934349785,5.89802805922497,6.0030517578125,122600,0.0,0.0
2005-11-22 00:00:00-05:00,5.972021670939078,6.129556975473357,5.9099622395672595,6.062723636627197,192700,0.0,0.0
2005-11-23 00:00:00-05:00,6.115237925389623,6.115237925389623,5.99111901764678,6.019761562347412,109100,0.0,0.0
2005-11-25 00:00:00-05:00,5.991116937512836,6.086592812140496,5.9791821686438285,6.065110683441162,44900,0.0,0.0
2005-11-28 00:00:00-05:00,6.0293074722002755,6.10091426655,5.979182351943552,6.069884777069092,96800,0.0,0.0
2005-11-29 00:00:00-05:00,6.084208021882411,6.134333158426745,5.919511795043945,5.919511795043945,142200,0.0,0.0
2005-11-30 00:00:00-05:00,5.878935048764044,5.8956437327472395,5.73094748989073,5.807328224182129,282900,0.0,0.0
2005-12-01 00:00:00-05:00,5.864614154082223,5.8980306136790075,5.812102509677973,5.881322383880615,155700,0.0,0.0
2005-12-02 00:00:00-05:00,5.8717747826950815,5.957702883236406,5.835971369530772,5.862226963043213,141300,0.0,0.0
2005-12-05 00:00:00-05:00,5.824036925685459,5.857453841099489,5.776299190510612,5.845519065856934,137300,0.0,0.0
2005-12-06 00:00:00-05:00,5.881323687109181,5.8837106426471735,5.766752552876845,5.826425075531006,134400,0.0,0.0
2005-12-07 00:00:00-05:00,5.781070709228516,5.845517108159469,5.7309460357922,5.781070709228516,163300,0.0,0.0
2005-12-08 00:00:00-05:00,5.771523282652652,5.804939731234754,5.7285590171813965,5.7285590171813965,119300,0.0,0.0
2005-12-09 00:00:00-05:00,5.728559359878441,5.764362764824682,5.680821183106789,5.699916362762451,132000,0.0,0.0
2005-12-12 00:00:00-05:00,5.704691302674182,5.752429488075001,5.6569535725384394,5.676048755645752,161800,0.0,0.0
2005-12-13 00:00:00-05:00,5.668889331617538,5.711853618341702,5.556705159266261,5.561478614807129,238300,0.0,0.0
2005-12-14 00:00:00-05:00,5.568635496210211,5.761974192854388,5.5614746351252915,5.645016193389893,245900,0.0,0.0
2005-12-15 00:00:00-05:00,5.656953587789276,5.740494729568316,5.6450188137743575,5.702304363250732,156300,0.0,0.0
2005-12-16 00:00:00-05:00,5.728559637789848,5.878934127965225,5.678434959486395,5.871773719787598,169300,0.0,0.0
2005-12-19 00:00:00-05:00,5.89564218648787,5.943379905267204,5.788231522520674,5.8049397468566895,160400,0.0,0.0
2005-12-20 00:00:00-05:00,5.824033781889972,5.869384992800989,5.709462732997288,5.800164699554443,127700,0.0,0.0
2005-12-21 00:00:00-05:00,5.824036920332028,5.943381941057131,5.781072640028571,5.88370943069458,130300,0.0,0.0
2005-12-22 00:00:00-05:00,5.859840092385112,5.9648638337402415,5.783459355132329,5.940994739532471,123900,0.0,0.0
2005-12-23 00:00:00-05:00,5.91951121620943,5.993505436479172,5.893255628458391,5.967249393463135,98000,0.0,0.0
2005-12-27 00:00:00-05:00,5.931447563288193,5.964864023080736,5.907578468322754,5.907578468322754,95900,0.0,0.0
2005-12-28 00:00:00-05:00,5.938606624192202,5.938606624192202,5.8240355407000095,5.871773719787598,86900,0.0,0.0
2005-12-29 00:00:00-05:00,5.883705722623494,5.91473566340458,5.835968017578125,5.835968017578125,119900,0.0,0.0
2005-12-30 00:00:00-05:00,5.845518204078013,5.845518204078013,5.74526838314556,5.8097147941589355,130900,0.0,0.0
2006-01-03 00:00:00-05:00,5.806071770484638,6.0392866134643555,5.793925361970977,6.0392866134643555,92200,0.425,0.0
2006-01-04 00:00:00-05:00,6.00041680142957,6.107306480407715,5.973694150007171,6.107306480407715,87500,0.0,0.0
2006-01-05 00:00:00-05:00,6.087871266979422,6.117023289196154,6.049002212927563,6.102447509765625,52200,0.0,0.0
2006-01-06 00:00:00-05:00,6.097588496216547,6.1753266009296235,6.090300375141326,6.170467853546143,69700,0.0,0.0
2006-01-09 00:00:00-05:00,6.1899012403325635,6.1923306135771226,6.141315165508087,6.155890941619873,64600,0.0,0.0
2006-01-10 00:00:00-05:00,6.155892074751354,6.204478621874854,6.087871001449585,6.170467853546143,77000,0.0,0.0
2006-01-11 00:00:00-05:00,6.219054252194876,6.243347525176644,6.158321301418277,6.209336757659912,58900,0.0,0.0
2006-01-12 00:00:00-05:00,6.206908488515725,6.2433486361505475,6.022280693054199,6.022280693054199,78500,0.0,0.0
2006-01-13 00:00:00-05:00,6.024708896111554,6.131599025683387,5.988269216112605,6.049002170562744,91900,0.0,0.0
2006-01-17 00:00:00-05:00,6.085440635681152,6.1218807717609645,6.053859709548304,6.085440635681152,69200,0.0,0.0
2006-01-18 00:00:00-05:00,6.1218804473778,6.1461732523363555,6.012560971642086,6.109733581542969,77700,0.0,0.0
2006-01-19 00:00:00-05:00,6.146175103869903,6.165609631704726,6.056290586392234,6.097589015960693,70800,0.0,0.0
2006-01-20 00:00:00-05:00,6.134028939395712,6.231201582398165,6.073295979599715,6.21905517578125,79100,0.0,0.0
2006-01-23 00:00:00-05:00,6.233630036231339,6.243347530775016,6.170467711764361,6.177755832672119,63000,0.0,0.0
2006-01-24 00:00:00-05:00,6.146173900592214,6.26035213470459,6.136456870255017,6.26035213470459,41400,0.0,0.0
2006-01-25 00:00:00-05:00,6.243348201850169,6.267641014109225,6.114594165440984,6.1607513427734375,86800,0.0,0.0
2006-01-26 00:00:00-05:00,6.13645777324476,6.180185574585767,6.049002170562744,6.049002170562744,71700,0.0,0.0
2006-01-27 00:00:00-05:00,6.073294376996081,6.090299527114777,6.01499080657959,6.01499080657959,73400,0.0,0.0
2006-01-30 00:00:00-05:00,6.053860886386911,6.129169619770692,6.034426359598978,6.12188196182251,107100,0.0,0.0
2006-01-31 00:00:00-05:00,6.1097349013195945,6.194761127107893,6.075724596346537,6.170467853546143,98000,0.0,0.0
2006-02-01 00:00:00-05:00,6.192330262987855,6.253063200596628,6.1728957414872685,6.221482276916504,90400,0.0,0.0
2006-02-02 00:00:00-05:00,6.255495137184946,6.270070918444606,6.209337955947666,6.267641544342041,86800,0.0,0.0
2006-02-03 00:00:00-05:00,6.291933247796831,6.296791994786324,6.202048745269291,6.24334716796875,74000,0.0,0.0
2006-02-06 00:00:00-05:00,6.243346801223038,6.304079744957288,6.219053531058221,6.27735710144043,66500,0.0,0.0
2006-02-07 00:00:00-05:00,6.2676389491891165,6.294361589896938,6.228769906353489,6.262780666351318,76300,0.0,0.0
2006-02-08 00:00:00-05:00,6.260352977434248,6.260352977434248,6.16560925459806,6.194761276245117,73000,0.0,0.0
2006-02-09 00:00:00-05:00,6.136459049640495,6.216626547655451,6.121883267280257,6.151034832000732,68000,0.0,0.0
2006-02-10 00:00:00-05:00,6.155890517109946,6.155890517109946,6.073293685913086,6.073293685913086,84700,0.0,0.0
2006-02-13 00:00:00-05:00,6.073295740328242,6.112164795997887,6.029567936860968,6.097589015960693,78500,0.0,0.0
2006-02-14 00:00:00-05:00,6.097588576279257,6.134028255422517,6.053860775965083,6.056290149688721,69300,0.0,0.0
2006-02-15 00:00:00-05:00,6.056290186147706,6.204478740692139,6.0514314386711785,6.204478740692139,65200,0.0,0.0
2006-02-16 00:00:00-05:00,6.1971886294917695,6.1971886294917695,6.158319588872156,6.1923298835754395,47000,0.0,0.0
2006-02-17 00:00:00-05:00,6.19233127877599,6.243347195680877,6.1364570782156616,6.138886451721191,75200,0.0,0.0
2006-02-21 00:00:00-05:00,6.13888623587596,6.197189807891846,6.114592965030441,6.197189807891846,65200,0.0,0.0
2006-02-22 00:00:00-05:00,6.194760575716876,6.214195100165293,6.155891526820043,6.189901828765869,60400,0.0,0.0
2006-02-23 00:00:00-05:00,6.194762418611622,6.22391444563456,6.136458827921497,6.146175861358643,54000,0.0,0.0
2006-02-24 00:00:00-05:00,6.180184876450958,6.2676400058980715,6.165608635413423,6.2336297035217285,68700,0.0,0.0
2006-02-27 00:00:00-05:00,6.267640604464339,6.267640604464339,6.199619993215612,6.204478740692139,51800,0.0,0.0
2006-02-28 00:00:00-05:00,6.2190542577714645,6.231200662595419,6.143745528480532,6.177755832672119,71400,0.0,0.0
2006-03-01 00:00:00-05:00,6.1777559746213635,6.231200805772691,6.151033327367873,6.170467853546143,63100,0.0,0.0
2006-03-02 00:00:00-05:00,6.158322954858734,6.180186860076974,6.134029675354494,6.151034832000732,54600,0.0,0.0
2006-03-03 00:00:00-05:00,6.129169064877083,6.194760760606502,6.126739691329072,6.172896862030029,79600,0.0,0.0
2006-03-06 00:00:00-05:00,6.170466520650464,6.170466520650464,6.109733581542969,6.109733581542969,67400,0.0,0.0
2006-03-07 00:00:00-05:00,6.112164243821733,6.148603922300584,6.075724565342882,6.11702299118042,62100,0.0,0.0
2006-03-08 00:00:00-05:00,6.1388908899152765,6.143749640439036,6.078157898436153,6.131602764129639,87100,0.0,0.0
2006-03-09 00:00:00-05:00,6.107304595600229,6.204477675017774,6.107304595600229,6.202048301696777,53100,0.0,0.0
2006-03-10 00:00:00-05:00,6.214195139634732,6.240917784679389,6.1510328189373,6.211765766143799,43900,0.0,0.0
2006-03-13 00:00:00-05:00,6.2676385918565005,6.2676385918565005,6.172895363265633,6.1923298835754395,93300,0.0,0.0
2006-03-14 00:00:00-05:00,6.223913005043303,6.253064561963051,6.168038338128441,6.177755832672119,71000,0.0,0.0
2006-03-15 00:00:00-05:00,6.211765805321045,6.245776107697389,6.177755502944702,6.2336297035217285,65000,0.0,0.0
2006-03-16 00:00:00-05:00,6.223912460067798,6.299221182764581,6.223912460067798,6.26035213470459,53500,0.0,0.0
2006-03-17 00:00:00-05:00,6.260352319076359,6.291933247796831,6.24334716796875,6.24334716796875,63200,0.0,0.0
2006-03-20 00:00:00-05:00,6.253065270149221,6.253065270149221,6.160751378307555,6.182615280151367,72600,0.0,0.0
2006-03-21 00:00:00-05:00,6.182614135452921,6.214195063738118,6.129168846016358,6.1364569664001465,84700,0.0,0.0
2006-03-22 00:00:00-05:00,6.136456279020923,6.182613442903372,6.1218805032416705,6.16317892074585,83100,0.0,0.0
2006-03-23 00:00:00-05:00,6.187471809539389,6.255492869687685,6.153461511143022,6.238487720489502,74600,0.0,0.0
2006-03-24 00:00:00-05:00,6.270070664142938,6.3065103474920345,6.231201606789806,6.272500038146973,71600,0.0,0.0
2006-03-27 00:00:00-05:00,6.304078557323287,6.304078557323287,6.209334867864952,6.2409162521362305,57100,0.0,0.0
2006-03-28 00:00:00-05:00,6.221484826460492,6.289505447909399,6.209337955947666,6.267641544342041,70100,0.0,0.0
2006-03-29 00:00:00-05:00,6.245772977054177,6.291930123825902,6.223909553167976,6.279783725738525,52200,0.0,0.0
2006-03-30 00:00:00-05:00,6.272500691050397,6.296793970263717,6.2676419425365815,6.287076473236084,45200,0.0,0.0
2006-03-31 00:00:00-05:00,6.2797875332353446,6.311368465423584,6.260353006498966,6.311368465423584,80300,0.0,0.0
2006-04-03 00:00:00-04:00,6.336069349626845,6.343480126778867,6.294075888072868,6.333599090576172,52000,0.43,0.0
2006-04-04 00:00:00-04:00,6.35582871695846,6.397822163752757,6.35582871695846,6.385471343994141,49400,0.0,0.0
2006-04-05 00:00:00-04:00,6.373124599456787,6.385475899179982,6.348422942318215,6.373124599456787,62200,0.0,0.0
2006-04-06 00:00:00-04:00,6.373121132800407,6.373121132800407,6.311366081237793,6.311366081237793,53600,0.0,0.0
2006-04-07 00:00:00-04:00,6.321250115406783,6.323720375179994,6.2323226481866945,6.252084255218506,35400,0.0,0.0
2006-04-10 00:00:00-04:00,6.284195926301852,6.286666185589668,6.227380904989634,6.269374370574951,43300,0.0,0.0
2006-04-11 00:00:00-04:00,6.274314191373904,6.296546051338029,6.215029388520811,6.261963367462158,56200,0.0,0.0
2006-04-12 00:00:00-04:00,6.224910229338097,6.274313994589332,6.224910229338097,6.239731311798096,39300,0.0,0.0
2006-04-13 00:00:00-04:00,6.2496138213316295,6.271845687517274,6.18044843422417,6.224912166595459,54300,0.0,0.0
2006-04-17 00:00:00-04:00,6.200206321176133,6.358299078185675,6.175504210104997,6.321246147155762,124600,0.0,0.0
2006-04-18 00:00:00-04:00,6.323718108585184,6.3311284140948825,6.254552273187847,6.303956508636475,67100,0.0,0.0
2006-04-19 00:00:00-04:00,6.321251326095049,6.321251326095049,6.24961519241333,6.24961519241333,63100,0.0,0.0
2006-04-20 00:00:00-04:00,6.249613895002234,6.249613895002234,6.190329074859619,6.190329074859619,68200,0.0,0.0
2006-04-21 00:00:00-04:00,6.215028351569282,6.333597937492627,6.1927964953144485,6.311366081237793,86200,0.0,0.0
2006-04-24 00:00:00-04:00,6.274317323722681,6.291608674293036,6.239734622581969,6.24961519241333,78900,0.0,0.0
2006-04-25 00:00:00-04:00,6.237261240293817,6.301486561088756,6.237261240293817,6.266903877258301,87400,0.0,0.0
2006-04-26 00:00:00-04:00,6.2545552253723145,6.331131402423726,6.252084965318536,6.2545552253723145,64900,0.0,0.0
2006-04-27 00:00:00-04:00,6.237260955867876,6.31136683816918,6.227379920279058,6.289134979248047,45100,0.0,0.0
2006-04-28 00:00:00-04:00,6.274314742029904,6.343480587005615,6.264434176264101,6.343480587005615,43800,0.0,0.0
2006-05-01 00:00:00-04:00,6.328659348707685,6.343480432572454,6.286665885129372,6.301486968994141,51000,0.0,0.0
2006-05-02 00:00:00-04:00,6.276786142081708,6.363243346226722,6.2743158824028376,6.360773086547852,87500,0.0,0.0
2006-05-03 00:00:00-04:00,6.370654492837505,6.415117756161032,6.296548111657191,6.410177707672119,104100,0.0,0.0
2006-05-04 00:00:00-04:00,6.410175385568347,6.410175385568347,6.321247948827733,6.375592231750488,75200,0.0,0.0
2006-05-05 00:00:00-04:00,6.42252800729084,6.42252800729084,6.3237199783325195,6.3237199783325195,59700,0.0,0.0
2006-05-08 00:00:00-04:00,6.299015259386731,6.321247115641564,6.291604483583902,6.311366081237793,58000,0.0,0.0
2006-05-09 00:00:00-04:00,6.311366814146173,6.338539190758289,6.289134955309661,6.303956508636475,63300,0.0,0.0
2006-05-10 00:00:00-04:00,6.301489035684338,6.301489035684338,6.20021073227709,6.232323169708252,84800,0.0,0.0
2006-05-11 00:00:00-04:00,6.229851092973332,6.2446726485305915,6.182917580503345,6.187857627868652,99300,0.0,0.0
2006-05-12 00:00:00-04:00,6.177979702300695,6.224913705982899,6.177979702300695,6.180449962615967,72000,0.0,0.0
2006-05-15 00:00:00-04:00,6.180448497431711,6.205150623574374,6.1656269390537926,6.195269584655762,69100,0.0,0.0
2006-05-16 00:00:00-04:00,6.185387214548134,6.266903877258301,6.1779764375185815,6.266903877258301,60700,0.0,0.0
2006-05-17 00:00:00-04:00,6.2669055460476075,6.2669055460476075,6.123633783401087,6.15821647644043,74300,0.0,0.0
2006-05-18 00:00:00-04:00,6.150805697437489,6.187858650144479,6.148335437769843,6.15821647644043,60700,0.0,0.0
2006-05-19 00:00:00-04:00,6.170568119573216,6.229852945974539,6.08164111554819,6.217502117156982,73900,0.0,0.0
2006-05-22 00:00:00-04:00,6.192799449312705,6.192799449312705,6.113753020991576,6.140925407409668,45400,0.0,0.0
2006-05-23 00:00:00-04:00,6.140925507361513,6.177978462345894,6.071759645877818,6.096461772918701,74100,0.0,0.0
2006-05-24 00:00:00-04:00,6.071757824191507,6.108810768059035,5.9778903349835195,6.056936740875244,88100,0.0,0.0
2006-05-25 00:00:00-04:00,6.014944756751725,6.138454914093018,6.014944756751725,6.138454914093018,83700,0.0,0.0
2006-05-26 00:00:00-04:00,6.13845541087872,6.13845541087872,6.081640846980645,6.128574371337891,66000,0.0,0.0
2006-05-30 00:00:00-04:00,6.175507292614384,6.299017438466671,6.175507292614384,6.294076919555664,54400,0.0,0.0
2006-05-31 00:00:00-04:00,6.291604623763266,6.368181228637695,6.291604623763266,6.368181228637695,93400,0.0,0.0
2006-06-01 00:00:00-04:00,6.306428180294765,6.4768718413526525,6.306428180294765,6.424997806549072,100600,0.0,0.0
2006-06-02 00:00:00-04:00,6.449699361568223,6.481811789166878,6.424997240486458,6.469460964202881,51600,0.0,0.0
2006-06-05 00:00:00-04:00,6.442290464444952,6.47193311262671,6.365714290776779,6.373124599456787,39600,0.0,0.0
2006-06-06 00:00:00-04:00,6.336068196093569,6.348419489098284,6.259492064078949,6.311366081237793,72400,0.0,0.0
2006-06-07 00:00:00-04:00,6.34842220075036,6.34842220075036,6.271845564873299,6.279256343841553,58500,0.0,0.0
2006-06-08 00:00:00-04:00,6.284194682682564,6.303956281920566,6.237260707809676,6.296545505523682,135200,0.0,0.0
2006-06-09 00:00:00-04:00,6.28913326141721,6.3286569218231765,6.24219976865099,6.321246147155762,49900,0.0,0.0
2006-06-12 00:00:00-04:00,6.321250041064832,6.321250041064832,6.252084181689988,6.286667346954346,56600,0.0,0.0
2006-06-13 00:00:00-04:00,6.252084824114983,6.274316692942952,6.051998475817186,6.111283302307129,95900,0.0,0.0
2006-06-14 00:00:00-04:00,6.1112812667037355,6.207619018766563,6.081639098909218,6.175506591796875,124600,0.0,0.0
2006-06-15 00:00:00-04:00,6.150804987521554,6.1878579359519525,6.101401213332291,6.155745506286621,68600,0.0,0.0
2006-06-16 00:00:00-04:00,6.140925173778307,6.185388905805789,6.1261036156665725,6.138454914093018,46100,0.0,0.0
2006-06-19 00:00:00-04:00,6.138455654775184,6.210091309676873,6.101402697332661,6.126104354858398,54600,0.0,0.0
2006-06-20 00:00:00-04:00,6.126103315160747,6.185388602391822,6.108811969365782,6.165626525878906,64400,0.0,0.0
2006-06-21 00:00:00-04:00,6.173036543465171,6.224911045608024,6.1532749405426035,6.187857627868652,59300,0.0,0.0
2006-06-22 00:00:00-04:00,6.1829209441804975,6.212563129113615,6.123636103160227,6.177980422973633,59100,0.0,0.0
2006-06-23 00:00:00-04:00,6.17550791481539,6.2496138213316295,6.165626875997831,6.224912166595459,48400,0.0,0.0
2006-06-26 00:00:00-04:00,6.187858730497851,6.336071014404297,6.187858730497851,6.336071014404297,73700,0.0,0.0
2006-06-27 00:00:00-04:00,6.3360708052696175,6.397825882262798,6.28666702636738,6.3237199783325195,81800,0.0,0.0
2006-06-28 00:00:00-04:00,6.3459500669394275,6.417585691194255,6.31136691312157,6.375592231750488,85200,0.0,0.0
2006-06-29 00:00:00-04:00,6.385475572367365,6.3978264003045275,6.2891373240727315,6.308899402618408,78900,0.0,0.0
2006-06-30 00:00:00-04:00,6.30889910001505,6.3632433999474065,6.274315935372766,6.336071014404297,110800,0.0,0.0
2006-07-03 00:00:00-04:00,6.326018281381741,6.4089577149888655,6.283291877440064,6.391364574432373,16900,0.44,0.0
2006-07-05 00:00:00-04:00,6.366230674152111,6.484356377054601,6.333557770584045,6.4139838218688965,99500,0.0,0.0
2006-07-06 00:00:00-04:00,6.388849065919631,6.446655216831049,6.358689064057127,6.4089555740356445,66000,0.0,0.0
2006-07-07 00:00:00-04:00,6.4089550617733275,6.484354341337537,6.396388674971602,6.406441688537598,87200,0.0,0.0
2006-07-10 00:00:00-04:00,6.381309297481895,6.456709066607293,6.371256282558037,6.434089183807373,65400,0.0,0.0
2006-07-11 00:00:00-04:00,6.434087204741207,6.46173334681086,6.421520340730596,6.429060459136963,44000,0.0,0.0
2006-07-12 00:00:00-04:00,6.436605016776856,6.489384443892094,6.434091642241295,6.474304676055908,47800,0.0,0.0
2006-07-13 00:00:00-04:00,6.484355572037314,6.527081966400146,6.464249061712277,6.5270819664001465,77100,0.0,0.0
2006-07-14 00:00:00-04:00,6.534620249379048,6.5547267540482155,6.499433986052225,6.532106876373291,78700,0.0,0.0
2006-07-17 00:00:00-04:00,6.499434849621012,6.579860878983752,6.499434849621012,6.559754371643066,59800,0.0,0.0
2006-07-18 00:00:00-04:00,6.572321043747188,6.5924275519591,6.559754655881106,6.579861164093018,72800,0.0,0.0
2006-07-19 00:00:00-04:00,6.579858598946665,6.592424981913764,6.534618853262256,6.567291736602783,90200,0.0,0.0
2006-07-20 00:00:00-04:00,6.582376480102538,6.594942871677156,6.539650077620884,6.582376480102539,42100,0.0,0.0
2006-07-21 00:00:00-04:00,6.582375438222865,6.6577747344903475,6.582375438222865,6.610021591186523,52600,0.0,0.0
2006-07-24 00:00:00-04:00,6.58991211770494,6.635151866878553,6.58488585175651,6.602478981018066,58100,0.0,0.0
2006-07-25 00:00:00-04:00,6.622589769465849,6.67285581712299,6.584890113878711,6.670342922210693,91700,0.0,0.0
2006-07-26 00:00:00-04:00,6.622588836913804,6.713067901706808,6.622588836913804,6.705528259277344,58200,0.0,0.0
2006-07-27 00:00:00-04:00,6.710555752162745,6.7683619209659724,6.675368992536207,6.690449237823486,38700,0.0,0.0
2006-07-28 00:00:00-04:00,6.705527483845022,6.715580499047457,6.630127712630235,6.650234222412109,39900,0.0,0.0
2006-07-31 00:00:00-04:00,6.635153353379729,6.682906485914301,6.627613713079535,6.672852993011475,55900,0.0,0.0
2006-08-01 00:00:00-04:00,6.697990999082117,6.705531124110043,6.615051541283999,6.635158061981201,83200,0.0,0.0
2006-08-02 00:00:00-04:00,6.685419749966351,6.697986136512747,6.647720110950244,6.665313243865967,62100,0.0,0.0
2006-08-03 00:00:00-04:00,6.662802600840589,6.710555752162745,6.645209460715877,6.690449237823486,60100,0.0,0.0
2006-08-04 00:00:00-04:00,6.710556238398791,6.780928803996719,6.692962617622159,6.725636005401611,111800,0.0,0.0
2006-08-07 00:00:00-04:00,6.733176136501123,6.775902063163112,6.6904497304619825,6.760822296142578,52600,0.0,0.0
2006-08-08 00:00:00-04:00,6.760819305535379,6.773386171974574,6.660286770906517,6.718092918395996,73300,0.0,0.0
2006-08-09 00:00:00-04:00,6.74322588444477,6.775898777040006,6.685419739419473,6.697986125946045,75600,0.0,0.0
2006-08-10 00:00:00-04:00,6.685422128962327,6.778414573001463,6.672855258567113,6.733175277709961,51200,0.0,0.0
2006-08-11 00:00:00-04:00,6.7180938714607485,6.785953521728516,6.710554229904557,6.785953521728516,87100,0.0,0.0
2006-08-14 00:00:00-04:00,6.785956310772754,6.785956310772754,6.723123381969303,6.745743274688721,74800,0.0,0.0
2006-08-15 00:00:00-04:00,6.770876576182939,6.78595634494609,6.728150165206338,6.748256683349609,63900,0.0,0.0
2006-08-16 00:00:00-04:00,6.758305514093022,6.783438766039411,6.697985997047836,6.755792140960693,67200,0.0,0.0
2006-08-17 00:00:00-04:00,6.753277519827388,6.801030158996582,6.738197284890687,6.801030158996582,76000,0.0,0.0
2006-08-18 00:00:00-04:00,6.811089413553341,6.811089413553341,6.7432297370351755,6.803549289703369,46400,0.0,0.0
2006-08-21 00:00:00-04:00,6.785954137719031,6.8035472754498265,6.763334252243137,6.7960076332092285,57600,0.0,0.0
2006-08-22 00:00:00-04:00,6.785952162257058,6.828678546898198,6.7809254159752985,6.790978908538818,57200,0.0,0.0
2006-08-23 00:00:00-04:00,6.765849762814554,6.811089548053357,6.690450440334683,6.778416156768799,103500,0.0,0.0
2006-08-24 00:00:00-04:00,6.760817157918952,6.803543531486032,6.748250774848487,6.801030158996582,70100,0.0,0.0
2006-08-25 00:00:00-04:00,6.816114335798898,6.8437604904174805,6.760821067807605,6.8437604904174805,71800,0.0,0.0
2006-08-28 00:00:00-04:00,6.8362206648483115,6.899053573608398,6.818627047718764,6.899053573608398,80000,0.0,0.0
2006-08-29 00:00:00-04:00,6.89151511826422,6.90910826027052,6.846275336318212,6.8814616203308105,73600,0.0,0.0
2006-08-30 00:00:00-04:00,6.861353585552309,6.914133479269174,6.85884069100218,6.909106731414795,70800,0.0,0.0
2006-08-31 00:00:00-04:00,6.909104076921629,6.956857204437256,6.888997572606135,6.956857204437256,53400,0.0,0.0
2006-09-01 00:00:00-04:00,6.984508051079891,7.054880619049073,6.946807913236783,7.054880619049072,76300,0.0,0.0
2006-09-05 00:00:00-04:00,7.029745366886841,7.029745366886841,6.944292576179965,7.014665603637695,72300,0.0,0.0
2006-09-06 00:00:00-04:00,6.987021273378805,6.999588146374056,6.916648702114151,6.974454879760742,119500,0.0,0.0
2006-09-07 00:00:00-04:00,6.9543458276432375,6.989532100450961,6.919159554835514,6.92921257019043,95300,0.0,0.0
2006-09-08 00:00:00-04:00,6.926699757771581,6.979479650636886,6.919160115488718,6.969426155090332,74500,0.0,0.0
2006-09-11 00:00:00-04:00,6.936753350589718,6.951833114743955,6.838733685144528,6.873920440673828,136700,0.0,0.0
2006-09-12 00:00:00-04:00,6.876433302645306,6.9292127129442385,6.838733176000898,6.871406555175781,99900,0.0,0.0
2006-09-13 00:00:00-04:00,6.8613513711718,6.949317512725675,6.848784984968491,6.886484622955322,106400,0.0,0.0
2006-09-14 00:00:00-04:00,6.909105050948438,6.924184811466743,6.863865290016578,6.891511917114258,96000,0.0,0.0
2006-09-15 00:00:00-04:00,6.878948177292186,6.926700850540712,6.836221773232839,6.876434803009033,94900,0.0,0.0
2006-09-18 00:00:00-04:00,6.896541327407414,6.931727608665824,6.84627480042929,6.91162109375,73500,0.0,0.0
2006-09-19 00:00:00-04:00,6.909107314239854,6.936753950394042,6.803547997278617,6.813601493835449,84800,0.0,0.0
2006-09-20 00:00:00-04:00,6.801032422235417,6.851298929998471,6.788466034983125,6.826165676116943,101400,0.0,0.0
2006-09-21 00:00:00-04:00,6.826168494436911,6.848788384331664,6.740715683584987,6.788468837738037,108000,0.0,0.0
2006-09-22 00:00:00-04:00,6.778416220875911,6.806062863089361,6.725636790516279,6.748256683349609,74000,0.0,0.0
2006-09-25 00:00:00-04:00,6.768360628935654,6.88648631820733,6.745740744699819,6.871406555175781,137200,0.0,0.0
2006-09-26 00:00:00-04:00,6.871406502761925,6.901566028594971,6.826166734635335,6.901566028594971,86300,0.0,0.0
2006-09-27 00:00:00-04:00,6.926698492262583,6.9970715101001435,6.88899884960484,6.946805000305176,104100,0.0,0.0
2006-09-28 00:00:00-04:00,6.949319643374276,7.012152552409082,6.924186383884942,6.969426155090332,119400,0.0,0.0
2006-09-29 00:00:00-04:00,6.987017296662982,7.0171772953085965,6.961884523731372,6.997070789337158,91400,0.0,0.0
2006-10-02 00:00:00-04:00,7.022618541483398,7.089038419378553,6.976635511613453,7.078819751739502,73100,0.45,0.0
2006-10-03 00:00:00-04:00,7.071155636089754,7.09159248237458,6.889778198965678,6.933206558227539,113400,0.0,0.0
2006-10-04 00:00:00-04:00,6.948535857037669,6.981745555737469,6.940871855528665,6.963863372802734,107700,0.0,0.0
2006-10-05 00:00:00-04:00,6.971528025291313,7.08903980255127,6.971528025291313,7.0890398025512695,67000,0.0,0.0
2006-10-06 00:00:00-04:00,7.089040173004546,7.175896920410788,7.048166466843139,7.1682329177856445,73000,0.0,0.0
2006-10-09 00:00:00-04:00,7.119695696252107,7.193779105949778,7.106922358543535,7.1682329177856445,67200,0.0,0.0
2006-10-10 00:00:00-04:00,7.1554574735618575,7.193776498291359,7.117138448832355,7.160566806793213,83900,0.0,0.0
2006-10-11 00:00:00-04:00,7.135023077810116,7.186114965908366,7.114586225120216,7.1452412605285645,70700,0.0,0.0
2006-10-12 00:00:00-04:00,7.158012663737683,7.229541385197171,7.1120296357978,7.150348663330078,95500,0.0,0.0
2006-10-13 00:00:00-04:00,7.101814008787534,7.1835619197053155,7.101814008787534,7.158015727996826,75300,0.0,0.0
2006-10-16 00:00:00-04:00,7.191224660783856,7.267863227646163,7.145241618117076,7.224434852600098,83400,0.0,0.0
2006-10-17 00:00:00-04:00,7.226988044620574,7.306180775681064,7.2142147091250575,7.293407440185547,118800,0.0,0.0
2006-10-18 00:00:00-04:00,7.3061792609818985,7.364935130321367,7.275523749401013,7.3138427734375,81000,0.0,0.0
2006-10-19 00:00:00-04:00,7.3061794608107435,7.3521624858133245,7.216768077444929,7.26275110244751,104800,0.0,0.0
2006-10-20 00:00:00-04:00,7.3010731454211575,7.321509999730647,7.219325728183198,7.232098579406738,95000,0.0,0.0
2006-10-23 00:00:00-04:00,7.267865426508083,7.2883022864038445,7.214218364748473,7.21677303314209,58400,0.0,0.0
2006-10-24 00:00:00-04:00,7.242315015969926,7.331726408710867,7.234651015248283,7.308734893798828,63000,0.0,0.0
2006-10-25 00:00:00-04:00,7.28830038323554,7.385375320578278,7.28830038323554,7.318955421447754,61000,0.0,0.0
2006-10-26 00:00:00-04:00,7.3163957595825195,7.3853702793578755,7.303622916921624,7.3163957595825195,69000,0.0,0.0
2006-10-27 00:00:00-04:00,7.3342784239810666,7.372597929028105,7.31128740310669,7.3112874031066895,58600,0.0,0.0
2006-10-30 00:00:00-05:00,7.3572743671275385,7.3572743671275385,7.280636285340955,7.285745620727539,104500,0.0,0.0
2006-10-31 00:00:00-05:00,7.280633759345282,7.380263328552245,7.255087578528584,7.380263328552246,54500,0.0,0.0
2006-11-01 00:00:00-05:00,7.393038903681027,7.393038903681027,7.129913989836364,7.196333885192871,121400,0.0,0.0
2006-11-02 00:00:00-05:00,7.216768514908219,7.272969722622135,7.168230820324051,7.214213848114014,156100,0.0,0.0
2006-11-03 00:00:00-05:00,7.165673463386272,7.311286492472604,7.165673463386272,7.30106782913208,64300,0.0,0.0
2006-11-06 00:00:00-05:00,7.339387035818601,7.492663579202157,7.285740513623342,7.441571235656738,104600,0.0,0.0
2006-11-07 00:00:00-05:00,7.485000654891408,7.510546830327602,7.3572702649632085,7.410917282104492,58900,0.0,0.0
2006-11-08 00:00:00-05:00,7.431354125002894,7.464563811993007,7.344497420871496,7.410917282104492,106200,0.0,0.0
2006-11-09 00:00:00-05:00,7.428800665340125,7.446682844874102,7.387926972904506,7.4083638191223145,70100,0.0,0.0
2006-11-10 00:00:00-05:00,7.421138044342796,7.421138044342796,7.3470546457562955,7.364936828613281,54000,0.0,0.0
2006-11-13 00:00:00-05:00,7.344500704170357,7.410920595095821,7.329173186957707,7.362382888793945,78100,0.0,0.0
2006-11-14 00:00:00-05:00,7.359827050358818,7.421137596707265,7.334280867567071,7.413474082946777,92400,0.0,0.0
2006-11-15 00:00:00-05:00,7.43901898168756,7.543757874527096,7.413472803305345,7.495220184326172,79800,0.0,0.0
2006-11-16 00:00:00-05:00,7.485001708878153,7.559085579349823,7.479892862873737,7.507993221282959,85000,0.0,0.0
2006-11-17 00:00:00-05:00,7.625505901271594,7.71491728955424,7.599959720726143,7.689371109008789,187600,0.0,0.0
2006-11-20 00:00:00-05:00,7.932058182442964,7.932058182442964,7.717471056925892,7.791554927825928,159700,0.0,0.0
2006-11-21 00:00:00-05:00,7.817102870924798,7.880968089662333,7.7941113531990505,7.8273210525512695,120900,0.0,0.0
2006-11-22 00:00:00-05:00,7.827316816395153,7.9397196769714355,7.791552469178799,7.9397196769714355,93300,0.0,0.0
2006-11-24 00:00:00-05:00,7.92184136387315,7.944832880360196,7.857976148576449,7.870748996734619,40000,0.0,0.0
2006-11-27 00:00:00-05:00,7.893741097479871,7.906514433836389,7.630616702824083,7.679153919219971,144000,0.0,0.0
2006-11-28 00:00:00-05:00,7.651055262525292,7.79666791873995,7.645945926841567,7.77367639541626,88700,0.0,0.0
2006-11-29 00:00:00-05:00,7.7762283983018685,8.085335792438347,7.76345506347005,8.070008277893066,166200,0.0,0.0
2006-11-30 00:00:00-05:00,8.169638074389646,8.202848258598149,7.919286551946238,8.018916130065918,145400,0.0,0.0
2006-12-01 00:00:00-05:00,8.161975471306638,8.172193653335915,8.024026359514135,8.141538619995117,126700,0.0,0.0
2006-12-04 00:00:00-05:00,8.080222760342515,8.080222760342515,7.658712648867645,7.714914321899414,326200,0.0,0.0
2006-12-05 00:00:00-05:00,7.7327998275627,7.827320066525666,7.6689346168704144,7.72002649307251,169300,0.0,0.0
2006-12-06 00:00:00-05:00,7.727687827939909,7.906510551090847,7.727687827939909,7.8554182052612305,138000,0.0,0.0
2006-12-07 00:00:00-05:00,7.847755694409245,7.893738716919422,7.819655337405213,7.840092182159424,92400,0.0,0.0
2006-12-08 00:00:00-05:00,7.868192377444426,7.919284731906232,7.850310199558634,7.880965709686279,80300,0.0,0.0
2006-12-11 00:00:00-05:00,7.901406198150757,7.967826094682855,7.855423155378301,7.9218430519104,91400,0.0,0.0
2006-12-12 00:00:00-05:00,7.944833542340465,8.093000834684306,7.944833542340465,7.995925426483154,105900,0.0,0.0
2006-12-13 00:00:00-05:00,8.008698078573733,8.034244262088507,7.924396014052028,7.929505348205566,92500,0.0,0.0
2006-12-14 00:00:00-05:00,7.942276046216968,7.9754857347186565,7.919284536003187,7.9320573806762695,117900,0.0,0.0
2006-12-15 00:00:00-05:00,7.937168733941779,8.018916130065918,7.919286551946238,8.018916130065918,86000,0.0,0.0
2006-12-18 00:00:00-05:00,8.04446209548233,8.08789045940471,8.024025247004323,8.070008277893066,102900,0.0,0.0
2006-12-19 00:00:00-05:00,8.054679235196026,8.095552924397394,8.031687724113656,8.036796569824219,46200,0.0,0.0
2006-12-20 00:00:00-05:00,8.036797490844032,8.236057601228394,8.036797490844032,8.159419059753418,86100,0.0,0.0
2006-12-21 00:00:00-05:00,8.098106712445814,8.169635417162803,8.064896539039134,8.075115203857422,103200,0.0,0.0
2006-12-22 00:00:00-05:00,8.146648181033122,8.149202848577474,8.067455436170276,8.14409351348877,81100,0.0,0.0
2006-12-26 00:00:00-05:00,8.14409087924144,8.177300572070143,8.085335006485279,8.146645545959473,61000,0.0,0.0
2006-12-27 00:00:00-05:00,8.210510589282828,8.266712281458961,8.192628409864183,8.246274948120117,67900,0.0,0.0
2006-12-28 00:00:00-05:00,8.289705928823661,8.366343999567365,8.253941560776996,8.361234664916992,81700,0.0,0.0
2006-12-29 00:00:00-05:00,8.345903318237674,8.442978688701926,8.312694118070223,8.42509651184082,78600,0.0,0.0
2007-01-03 00:00:00-05:00,8.422508631616168,8.422508631616168,8.17372092160649,8.298114776611328,159800,0.47,0.0
2007-01-04 00:00:00-05:00,8.298110007827269,8.300701112474053,8.163349828534479,8.20222282409668,145700,0.0,0.0
2007-01-05 00:00:00-05:00,8.210002107029844,8.212593707389685,7.96121390975461,8.033777236938477,113400,0.0,0.0
2007-01-08 00:00:00-05:00,8.137438568308589,8.163354076936082,7.966396903383229,7.987129211425781,132200,0.0,0.0
2007-01-09 00:00:00-05:00,7.987127235099084,8.005267938360449,7.909381222751212,7.974169731140137,164100,0.0,0.0
2007-01-10 00:00:00-05:00,7.974170984600791,8.046733809052405,7.956030278487887,8.038959503173828,77500,0.0,0.0
2007-01-11 00:00:00-05:00,8.02081731802388,8.11670403102407,7.981943818610587,8.026000022888184,84500,0.0,0.0
2007-01-12 00:00:00-05:00,8.023411125018402,8.095974454820666,7.981946506359179,7.992312908172607,81300,0.0,0.0
2007-01-16 00:00:00-05:00,7.943070432678913,7.9793523307720475,7.90419742942639,7.948253631591797,116600,0.0,0.0
2007-01-17 00:00:00-05:00,7.9741684748035215,8.098562272680613,7.922337478539561,8.007858276367188,119400,0.0,0.0
2007-01-18 00:00:00-05:00,8.000082532645159,8.11670151179812,7.922336052246261,8.005265235900879,88200,0.0,0.0
2007-01-19 00:00:00-05:00,8.06746254206873,8.093378036879162,7.981941755202168,7.994899749755859,74700,0.0,0.0
2007-01-22 00:00:00-05:00,7.96898407532695,8.051913261413574,7.937885383395996,8.051913261413574,100600,0.0,0.0
2007-01-23 00:00:00-05:00,8.111520263384826,8.21518226215925,8.051914960097463,8.204815864562988,69200,0.0,0.0
2007-01-24 00:00:00-05:00,8.178901091163363,8.287745804104384,8.14261968494872,8.259239196777344,58200,0.0,0.0
2007-01-25 00:00:00-05:00,8.225550585123202,8.274789999595834,8.111522649506595,8.212593078613281,70100,0.0,0.0
2007-01-26 00:00:00-05:00,8.178899693712632,8.233322288033015,8.101153695308659,8.165942192077637,62800,0.0,0.0
2007-01-29 00:00:00-05:00,8.168535255165974,8.316252975184554,8.163352055864282,8.272196769714355,68200,0.0,0.0
2007-01-30 00:00:00-05:00,8.3136609388775,8.500251149873359,8.254055142176808,8.378449440002441,105900,0.0,0.0
2007-01-31 00:00:00-05:00,8.339575300524547,8.44582839462868,8.279970002719205,8.43546199798584,77000,0.0,0.0
2007-02-01 00:00:00-05:00,8.409547179644326,8.487293178984926,8.409547179644326,8.4717435836792,88800,0.0,0.0
2007-02-02 00:00:00-05:00,8.471746330606946,8.487295930954566,8.430281718274301,8.451014518737793,74600,0.0,0.0
2007-02-05 00:00:00-05:00,8.469155264470142,8.48211277052328,8.417324251663253,8.461380958557129,66800,0.0,0.0
2007-02-06 00:00:00-05:00,8.44324011367907,8.471746231090004,8.347352395553312,8.425098419189453,81700,0.0,0.0
2007-02-07 00:00:00-05:00,8.388819829699843,8.422510147094727,8.326623385303538,8.422510147094727,56600,0.0,0.0
2007-02-08 00:00:00-05:00,8.430279724800316,8.47433642107016,8.33698412196451,8.43287181854248,109400,0.0,0.0
2007-02-09 00:00:00-05:00,8.406955831022307,8.484702825845645,8.39659042182742,8.430279731750488,60600,0.0,0.0
2007-02-12 00:00:00-05:00,8.448419950990509,8.451012044586744,8.311068648211558,8.334392547607422,68200,0.0,0.0
2007-02-13 00:00:00-05:00,8.342169648444633,8.378452050799526,8.303297128813103,8.32143783569336,60500,0.0,0.0
2007-02-14 00:00:00-05:00,8.336987052973772,8.404367673641367,8.235917604864058,8.241100311279297,87100,0.0,0.0
2007-02-15 00:00:00-05:00,8.241097715118292,8.303295115479616,8.163351706112241,8.197041511535645,104000,0.0,0.0
2007-02-16 00:00:00-05:00,8.207410049490544,8.399184016761298,8.199635248844105,8.35253620147705,58200,0.0,0.0
2007-02-20 00:00:00-05:00,8.326621265397408,8.448423016577978,8.324029170860609,8.373269081115723,83900,0.0,0.0
2007-02-21 00:00:00-05:00,8.357717740743652,8.412139851560305,8.295520336528762,8.401773452758789,335900,0.0,0.0
2007-02-22 00:00:00-05:00,8.388814989451994,8.492476988426958,8.388814989451994,8.404364585876465,65900,0.0,0.0
2007-02-23 00:00:00-05:00,8.373267977202929,8.552083921485504,8.373267977202929,8.544309616088867,68700,0.0,0.0
2007-02-26 00:00:00-05:00,8.541717521893805,8.552083921485504,8.4095493871796,8.544309616088867,74200,0.0,0.0
2007-02-27 00:00:00-05:00,8.544309858524082,8.549493058467,8.318845109681547,8.391408920288086,111900,0.0,0.0
2007-02-28 00:00:00-05:00,8.331804240133323,8.663521153058715,8.331804240133323,8.52876091003418,121300,0.0,0.0
2007-03-01 00:00:00-05:00,8.33180141770687,8.526166915893555,8.292927922631915,8.526166915893555,69900,0.0,0.0
2007-03-02 00:00:00-05:00,8.526166780684564,8.614279178008994,8.482110087725335,8.497659683227539,51600,0.0,0.0
2007-03-05 00:00:00-05:00,8.438056372142107,8.533943095520351,8.344760754327918,8.51321029663086,65600,0.0,0.0
2007-03-06 00:00:00-05:00,8.539128227470055,8.619465369859807,8.50025471505312,8.51839542388916,59000,0.0,0.0
2007-03-07 00:00:00-05:00,8.531354263092961,8.533946358242295,8.31107362794225,8.383636474609375,90300,0.0,0.0
2007-03-08 00:00:00-05:00,8.417323613231346,8.456197117036647,8.31884479522705,8.31884479522705,51300,0.0,0.0
2007-03-09 00:00:00-05:00,8.357720375061035,8.451016016492654,8.334396464703131,8.357720375061035,63600,0.0,0.0
2007-03-12 00:00:00-04:00,8.347352024714136,8.575407874030299,8.329211319624765,8.552083969116211,49800,0.0,0.0
2007-03-13 00:00:00-04:00,8.513208425139206,8.774954516309942,8.48211022223567,8.526166915893555,68600,0.0,0.0
2007-03-14 00:00:00-04:00,8.513209175793426,8.575406575678814,8.448420670685122,8.484703063964844,64500,0.0,0.0
2007-03-15 00:00:00-04:00,8.487295667087993,8.647970911307375,8.487295667087993,8.598731994628906,55300,0.0,0.0
2007-03-16 00:00:00-04:00,8.61168926397184,8.61168926397184,8.487295434253785,8.546900749206543,52000,0.0,0.0
2007-03-19 00:00:00-04:00,8.528757232728234,8.565038630861864,8.39140594305265,8.55726432800293,90400,0.0,0.0
2007-03-20 00:00:00-04:00,8.565042402237113,8.565042402237113,8.489887479528551,8.549493789672852,47900,0.0,0.0
2007-03-21 00:00:00-04:00,8.567632792309098,8.668702708247817,8.495068989932069,8.588364601135254,73000,0.0,0.0
2007-03-22 00:00:00-04:00,8.536531329658386,8.717939304544341,8.528757026986995,8.704981803894043,70500,0.0,0.0
2007-03-23 00:00:00-04:00,8.715348730889032,9.101487612203046,8.715348730889032,8.811235427856445,165700,0.0,0.0
2007-03-26 00:00:00-04:00,8.826784741172142,8.860474046122194,8.699798858487148,8.756813049316406,60000,0.0,0.0
2007-03-27 00:00:00-04:00,8.754225186201214,8.894168637536637,8.684253460533503,8.850112915039062,67100,0.0,0.0
2007-03-28 00:00:00-04:00,8.811239404581077,9.083351012003664,8.777549094757118,8.850112915039062,130600,0.0,0.0
2007-03-29 00:00:00-04:00,8.888983787214205,8.948589100551834,8.876026282331113,8.904533386230469,62200,0.0,0.0
2007-03-30 00:00:00-04:00,8.90194138098725,9.223292843705755,8.84751926677828,9.127406120300293,156300,0.0,0.0
2007-04-02 00:00:00-04:00,9.064347198335854,9.17732320011857,9.022309686201822,9.069602012634277,52900,0.48,0.0
2007-04-03 00:00:00-04:00,9.053836934957255,9.198340810145716,8.998662892072197,9.122148513793945,78700,0.0,0.0
2007-04-04 00:00:00-04:00,9.08799704608111,9.208854817183918,9.0617239661905,9.198345184326172,68700,0.0,0.0
2007-04-05 00:00:00-04:00,9.182578309696586,9.484722624671678,9.182578309696586,9.36386489868164,69200,0.0,0.0
2007-04-09 00:00:00-04:00,9.355986340648254,9.479472016739711,9.179953504374026,9.185208320617676,102100,0.0,0.0
2007-04-10 00:00:00-04:00,9.18520427644736,9.30080817840075,9.093247538305597,9.122148513793945,109700,0.0,0.0
2007-04-11 00:00:00-04:00,9.26140103563245,9.28767411284626,9.195717340344276,9.271910667419434,89400,0.0,0.0
2007-04-12 00:00:00-04:00,9.258773341712411,9.5031157453392,9.258773341712411,9.492607116699219,74300,0.0,0.0
2007-04-13 00:00:00-04:00,9.510998447650591,9.610837936401367,9.41378686774391,9.610837936401367,52100,0.0,0.0
2007-04-16 00:00:00-04:00,9.626599655364306,9.873570925266662,9.623972749244517,9.836787223815918,127000,0.0,0.0
2007-04-17 00:00:00-04:00,9.828906187817392,9.947137016510755,9.69491191680055,9.73957633972168,119400,0.0,0.0
2007-04-18 00:00:00-04:00,9.537269903944521,9.63448146735286,9.510996833483908,9.58981704711914,1181800,0.0,0.0
2007-04-19 00:00:00-04:00,9.576680523579506,9.58719015267794,9.13003130943009,9.151050567626953,507400,0.0,0.0
2007-04-20 00:00:00-04:00,9.169442851949032,9.277164055553149,8.919844647816522,9.156305313110352,308300,0.0,0.0
2007-04-23 00:00:00-04:00,9.185205010733574,9.311317548375404,9.161558847284896,9.261398315429688,170100,0.0,0.0
2007-04-24 00:00:00-04:00,9.22199249263465,9.29555892944336,9.145800150668808,9.29555892944336,150100,0.0,0.0
2007-04-25 00:00:00-04:00,9.28767440208045,9.455825509147756,9.240382059819908,9.403278350830078,174400,0.0,0.0
2007-04-26 00:00:00-04:00,9.353357829862546,9.521508932083956,9.290302043501462,9.311320304870605,119700,0.0,0.0
2007-04-27 00:00:00-04:00,9.248266792061946,9.298186052057533,9.211484073933207,9.279794692993164,104400,0.0,0.0
2007-04-30 00:00:00-04:00,9.27716045864959,9.340216210712153,9.17469310760498,9.17469310760498,116900,0.0,0.0
2007-05-01 00:00:00-04:00,9.21935964296156,9.27190677759785,9.116893281660069,9.11952018737793,120700,0.0,0.0
2007-05-02 00:00:00-04:00,9.11689700285648,9.148424895605539,9.024939229145737,9.085369110107422,143900,0.0,0.0
2007-05-03 00:00:00-04:00,9.151054897304967,9.32183194081469,9.135290446198615,9.300813674926758,148200,0.0,0.0
2007-05-04 00:00:00-04:00,9.274539302201585,9.350732643472512,9.248266220092773,9.248266220092773,121300,0.0,0.0
2007-05-07 00:00:00-04:00,9.250893414216915,9.395397374803256,9.250893414216915,9.300813674926758,92300,0.0,0.0
2007-05-08 00:00:00-04:00,9.327086411361996,9.440062467792602,9.261402704239728,9.292930603027344,88200,0.0,0.0
2007-05-09 00:00:00-04:00,9.282419968245502,9.440060430415052,9.282419968245502,9.416414260864258,89400,0.0,0.0
2007-05-10 00:00:00-04:00,9.42955283411212,9.432180743659156,9.264029611532933,9.292930603027344,98000,0.0,0.0
2007-05-11 00:00:00-04:00,9.300811675312861,9.382258816217064,9.282420320769742,9.311320304870605,90500,0.0,0.0
2007-05-14 00:00:00-04:00,9.31657639861944,9.348105298378075,9.172072449280625,9.206228256225586,92100,0.0,0.0
2007-05-15 00:00:00-04:00,9.187837312247158,9.2298748448949,9.135290145874023,9.135290145874023,99000,0.0,0.0
2007-05-16 00:00:00-04:00,9.077483153547012,9.156303358485626,8.961880253120597,8.998662948608398,131800,0.0,0.0
2007-05-17 00:00:00-04:00,9.003920041528726,9.04595756161954,8.938236353745983,8.967137336730957,137600,0.0,0.0
2007-05-18 00:00:00-04:00,8.967136032515526,9.1615591588128,8.967136032515526,9.077484130859375,130200,0.0,0.0
2007-05-21 00:00:00-04:00,9.14316900167446,9.14316900167446,9.014429536814555,9.056467056274414,82400,0.0,0.0
2007-05-22 00:00:00-04:00,9.045960118435545,9.095879374448698,9.032823577616696,9.072233200073242,78800,0.0,0.0
2007-05-23 00:00:00-04:00,9.090622295808558,9.156305985813688,9.05646749862846,9.098505020141602,77800,0.0,0.0
2007-05-24 00:00:00-04:00,9.080110543933706,9.1825769047369,8.762200831944105,8.79898452758789,186800,0.0,0.0
2007-05-25 00:00:00-04:00,8.801616866625304,8.919847741403876,8.573037843555962,8.672876358032227,218900,0.0,0.0
2007-05-29 00:00:00-04:00,8.67287432574749,8.975019712463837,8.67287432574749,8.914590835571289,110800,0.0,0.0
2007-05-30 00:00:00-04:00,8.848907074804343,8.90670904454026,8.767458935835876,8.841025352478027,131600,0.0,0.0
2007-05-31 00:00:00-04:00,8.843649714416166,9.038073827966587,8.777966041254356,8.977643966674805,160700,0.0,0.0
2007-06-01 00:00:00-04:00,8.98552899415237,9.19571660174146,8.90408085772566,9.177325248718262,111600,0.0,0.0
2007-06-04 00:00:00-04:00,9.193089950055164,9.277164995422185,9.140542796137376,9.274537086486816,90100,0.0,0.0
2007-06-05 00:00:00-04:00,9.287670371163255,9.363863667542754,9.203595355245618,9.227241516113281,100000,0.0,0.0
2007-06-06 00:00:00-04:00,9.2088535132024,9.211481422171598,9.095877481613526,9.145797729492188,72000,0.0,0.0
2007-06-07 00:00:00-04:00,9.093249760520102,9.153678632102805,9.014429536814555,9.056467056274414,181800,0.0,0.0
2007-06-08 00:00:00-04:00,9.001290858607783,9.153677473774865,8.848905245694096,9.151050567626953,113500,0.0,0.0
2007-06-11 00:00:00-04:00,9.103763084937313,9.137917894307982,8.940866753960888,8.993413925170898,100300,0.0,0.0
2007-06-12 00:00:00-04:00,8.893574413710137,8.904084048419012,8.688641548156738,8.688641548156738,127800,0.0,0.0
2007-06-13 00:00:00-04:00,8.693894768308365,8.864672793064255,8.693894768308365,8.780596733093262,111400,0.0,0.0
2007-06-14 00:00:00-04:00,8.777970226532648,9.038078137262616,8.777970226532648,8.862045288085938,166600,0.0,0.0
2007-06-15 00:00:00-04:00,8.830516987662328,8.935610308682014,8.754323653401777,8.780596733093262,100600,0.0,0.0
2007-06-18 00:00:00-04:00,8.738556693849908,8.806868285029427,8.691265364441687,8.709656715393066,124700,0.0,0.0
2007-06-19 00:00:00-04:00,8.678128403149874,8.746439998871626,8.61244471616932,8.662364959716797,142700,0.0,0.0
2007-06-20 00:00:00-04:00,8.725422280986674,8.764832901045912,8.64922895007412,8.693894386291504,172000,0.0,0.0
2007-06-21 00:00:00-04:00,8.704400680904868,8.932979583740234,8.659735261814442,8.932979583740234,116600,0.0,0.0
2007-06-22 00:00:00-04:00,8.90671072830388,8.911964542678893,8.701776888795672,8.862045288085938,96700,0.0,0.0
2007-06-25 00:00:00-04:00,8.81475403876363,8.8830656611941,8.596684633898468,8.620330810546875,191100,0.0,0.0
2007-06-26 00:00:00-04:00,8.525744407430352,8.672875253072984,8.362848611947559,8.412768363952637,321100,0.0,0.0
2007-06-27 00:00:00-04:00,8.457431445769172,8.586171917367274,8.357592458855803,8.562525749206543,137800,0.0,0.0
2007-06-28 00:00:00-04:00,8.59142768304277,8.659738286255253,8.538880525511964,8.64134693145752,118700,0.0,0.0
2007-06-29 00:00:00-04:00,8.643972874660829,8.743811348783902,8.601935358647577,8.725419998168945,120400,0.0,0.0
2007-07-02 00:00:00-04:00,8.725420238496344,8.946755239096973,8.690752943006114,8.893421173095703,144800,0.49,0.0
2007-07-03 00:00:00-04:00,9.037425405929412,9.19742764925312,8.933424507263645,9.157426834106445,104300,0.0,0.0
2007-07-05 00:00:00-04:00,9.146758800091671,9.282760742697878,8.968090818046228,9.245426177978516,157600,0.0,0.0
2007-07-06 00:00:00-04:00,9.165422677727467,9.266757286848826,9.03208804050662,9.23208999633789,105800,0.0,0.0
2007-07-09 00:00:00-04:00,9.226758677385126,9.240092958080172,9.138758324922016,9.146758079528809,64100,0.0,0.0
2007-07-10 00:00:00-04:00,9.197425789398626,9.210759052663674,9.085424139994108,9.120091438293457,53200,0.0,0.0
2007-07-11 00:00:00-04:00,9.053421625379558,9.226756034882222,9.053421625379558,9.213422775268555,67900,0.0,0.0
2007-07-12 00:00:00-04:00,9.20542543366493,9.394760414644441,9.184091398886116,9.360093116760254,93400,0.0,0.0
2007-07-13 00:00:00-04:00,9.333425795009083,9.381426351907287,9.240091943964064,9.248091697692871,101500,0.0,0.0
2007-07-16 00:00:00-04:00,9.280093587645883,9.301427624877121,9.197426736532046,9.234760284423828,137300,0.0,0.0
2007-07-17 00:00:00-04:00,9.213424351212778,9.333425742786858,9.181424319213916,9.285425186157227,66600,0.0,0.0
2007-07-18 00:00:00-04:00,9.306762975492859,9.370763065322981,9.122760428389313,9.322762489318848,81000,0.0,0.0
2007-07-19 00:00:00-04:00,9.288093235387363,9.36809383079012,9.216092394346056,9.346759796142578,62200,0.0,0.0
2007-07-20 00:00:00-04:00,9.352093192528143,9.44009455849861,9.293425615214499,9.370759963989258,88300,0.0,0.0
2007-07-23 00:00:00-04:00,9.466761883071772,9.466761883071772,9.248093098421283,9.317426681518555,84200,0.0,0.0
2007-07-24 00:00:00-04:00,9.264088474946776,9.330755775086034,9.173420906066895,9.173420906066895,58100,0.0,0.0
2007-07-25 00:00:00-04:00,9.122756172854649,9.2027567564556,8.906754698858343,9.112089157104492,128400,0.0,0.0
2007-07-26 00:00:00-04:00,8.96008963524073,8.973423916375612,8.720087833755231,8.781421661376953,165400,0.0,0.0
2007-07-27 00:00:00-04:00,8.680086633264828,8.877422388361861,8.573419509837953,8.840088844299316,112500,0.0,0.0
2007-07-30 00:00:00-04:00,8.66675593310463,8.84542395174697,8.640089398677233,8.746756553649902,126100,0.0,0.0
2007-07-31 00:00:00-04:00,8.73342108985533,8.930756853679766,8.712087053868762,8.896089553833008,82900,0.0,0.0
2007-08-01 00:00:00-04:00,8.818756494187491,8.824090003967285,8.3920853758023,8.824090003967285,196800,0.0,0.0
2007-08-02 00:00:00-04:00,8.824087004930314,8.824087004930314,8.333415461846299,8.618751525878906,269600,0.0,0.0
2007-08-03 00:00:00-04:00,8.533420390342101,8.64008855212657,8.466753043542553,8.544087409973145,111600,0.0,0.0
2007-08-06 00:00:00-04:00,8.434750266295133,8.453417545720828,7.576075249336053,8.240081787109375,650300,0.0,0.0
2007-08-07 00:00:00-04:00,8.17608292532124,8.666754611721528,8.162749660140406,8.640088081359863,251400,0.0,0.0
2007-08-08 00:00:00-04:00,8.586751855995658,9.048089633268845,8.586751855995658,8.954755783081055,124400,0.0,0.0
2007-08-09 00:00:00-04:00,8.733422551895439,8.82675643180439,8.680088470263325,8.76275634765625,71000,0.0,0.0
2007-08-10 00:00:00-04:00,8.66942205497343,8.66942205497343,8.30941875906511,8.59208869934082,153000,0.0,0.0
2007-08-13 00:00:00-04:00,8.69342510705669,8.872094197210174,8.602757438306428,8.808093070983887,54400,0.0,0.0
2007-08-14 00:00:00-04:00,8.746752362065955,8.845419712880044,8.42141601682162,8.506750106811523,106300,0.0,0.0
2007-08-15 00:00:00-04:00,8.400087204574467,8.594755770100962,8.218751907348633,8.218751907348633,118500,0.0,0.0
2007-08-16 00:00:00-04:00,8.01608023775024,8.13341489005637,7.741411142397023,8.058747291564941,198600,0.0,0.0
2007-08-17 00:00:00-04:00,8.160083410563994,8.61075482069113,8.160083410563994,8.525420188903809,120500,0.0,0.0
2007-08-20 00:00:00-04:00,8.453418114066515,8.592086290192285,8.384084026003631,8.496085166931152,78300,0.0,0.0
2007-08-21 00:00:00-04:00,8.528084919346872,8.528084919346872,8.376083484980285,8.38408374786377,63100,0.0,0.0
2007-08-22 00:00:00-04:00,8.50675580342504,8.725425191246904,8.346754023231915,8.666757583618164,114000,0.0,0.0
2007-08-23 00:00:00-04:00,8.6800857456801,8.773420613555263,8.600085156974732,8.738753318786621,75300,0.0,0.0
2007-08-24 00:00:00-04:00,8.738757360163158,8.805424717792786,8.586755866148659,8.741423606872559,108900,0.0,0.0
2007-08-27 00:00:00-04:00,8.746751939606252,8.850752793179394,8.594750535574343,8.685418128967285,99800,0.0,0.0
2007-08-28 00:00:00-04:00,8.520086430379378,8.544086713962644,8.296084122689846,8.298750877380371,115900,0.0,0.0
2007-08-29 00:00:00-04:00,8.445419895392625,8.445419895392625,8.30141817564086,8.35741901397705,99800,0.0,0.0
2007-08-30 00:00:00-04:00,8.3440872632079,8.552089106902928,8.296086681237785,8.480088233947754,84300,0.0,0.0
2007-08-31 00:00:00-04:00,8.541417307557905,8.709419250488281,8.493417261066263,8.709419250488281,36500,0.0,0.0
2007-09-04 00:00:00-04:00,8.666757583618164,8.714758168539266,8.621424263005611,8.666757583618164,59700,0.0,0.0
2007-09-05 00:00:00-04:00,8.640090024243436,8.704090118408203,8.514755065381296,8.704090118408203,45700,0.0,0.0
2007-09-06 00:00:00-04:00,8.704088034619916,8.800089170147226,8.677421504645848,8.765421867370605,45200,0.0,0.0
2007-09-07 00:00:00-04:00,8.720090891976875,8.720090891976875,8.44542118565299,8.528088569641113,57000,0.0,0.0
2007-09-10 00:00:00-04:00,8.528088349839415,8.568089171716117,8.269419182798138,8.3654203414917,84900,0.0,0.0
2007-09-11 00:00:00-04:00,8.3200837319555,8.413417595402167,8.26674965973048,8.296083450317383,95100,0.0,0.0
2007-09-12 00:00:00-04:00,8.298751811636759,8.392085693155192,8.253417994057159,8.38141918182373,60600,0.0,0.0
2007-09-13 00:00:00-04:00,8.421418979220714,8.47475305854136,8.352084879556465,8.40008544921875,88900,0.0,0.0
2007-09-14 00:00:00-04:00,8.400083050131798,8.560084225134005,8.301415184157861,8.533417701721191,67000,0.0,0.0
2007-09-17 00:00:00-04:00,8.453419118421651,8.592087311022661,8.453419118421651,8.509419441223145,43200,0.0,0.0
2007-09-18 00:00:00-04:00,8.544084611837826,8.66141873756415,8.472083778802588,8.621418952941895,161300,0.0,0.0
2007-09-19 00:00:00-04:00,8.64542044796147,9.00009119674148,8.618753917987402,8.765421867370605,91500,0.0,0.0
2007-09-20 00:00:00-04:00,8.69342194748087,8.69342194748087,8.544087735999872,8.58675479888916,63000,0.0,0.0
2007-09-21 00:00:00-04:00,8.573418504103074,8.61875179735739,8.466750375926495,8.533417701721191,67800,0.0,0.0
2007-09-24 00:00:00-04:00,8.50408555899735,8.688088064796723,8.226749694585418,8.306750297546387,176400,0.0,0.0
2007-09-25 00:00:00-04:00,8.30675165152949,8.613421357708297,8.26141783349391,8.280084609985352,132500,0.0,0.0
2007-09-26 00:00:00-04:00,8.32275142685549,8.37875226330509,8.256084079282608,8.360085487365723,101700,0.0,0.0
2007-09-27 00:00:00-04:00,8.453420303269697,8.453420303269697,8.224084453257051,8.250751495361328,92100,0.0,0.0
2007-09-28 00:00:00-04:00,8.258750495061072,8.426752488879073,8.258750495061072,8.40008544921875,147300,0.0,0.0
2007-10-01 00:00:00-04:00,8.32152751960351,8.489475246204375,8.26735121693788,8.326945304870605,129100,0.49,0.0
2007-10-02 00:00:00-04:00,8.29444045442589,8.345907869594644,8.102113191596448,8.150872230529785,123000,0.0,0.0
2007-10-03 00:00:00-04:00,8.05335479646869,8.15358177525167,7.98834291158319,8.061481475830078,88300,0.0,0.0
2007-10-04 00:00:00-04:00,8.018140807100213,8.261935522462103,7.871863667881938,8.240264892578125,217700,0.0,0.0
2007-10-05 00:00:00-04:00,8.240262872537455,8.465095796218273,8.240262872537455,8.386539459228516,129500,0.0,0.0
2007-10-08 00:00:00-04:00,8.343198210085353,8.497601991409867,8.270060175074045,8.386539459228516,77900,0.0,0.0
2007-10-09 00:00:00-04:00,8.391957039084819,8.478639535248963,8.354033576180115,8.419045448303223,123700,0.0,0.0
2007-10-10 00:00:00-04:00,8.37570586464043,8.6113744000036,8.370288078386443,8.557197570800781,103300,0.0,0.0
2007-10-11 00:00:00-04:00,8.535525457991119,8.58699338511586,8.302565856270284,8.54906940460205,158500,0.0,0.0
2007-10-12 00:00:00-04:00,8.532818558118773,8.652007279470807,8.530109664830254,8.614083290100098,69000,0.0,0.0
2007-10-15 00:00:00-04:00,8.508439390066119,8.654716533735803,8.48947765292418,8.492186546325684,91500,0.0,0.0
2007-10-16 00:00:00-04:00,8.46509756058026,8.54636229049441,8.372997257787661,8.478641510009766,67000,0.0,0.0
2007-10-17 00:00:00-04:00,8.53281720710655,8.53281720710655,8.39195787841737,8.459678649902344,63100,0.0,0.0
2007-10-18 00:00:00-04:00,8.429881018657957,8.473222266740029,8.345906898414063,8.419045448303223,54700,0.0,0.0
2007-10-19 00:00:00-04:00,8.424463549315329,8.462387013641791,8.22942740896563,8.345907211303711,68800,0.0,0.0
2007-10-22 00:00:00-04:00,8.23213623031325,8.307983674977306,8.196921658982209,8.229427337646484,81200,0.0,0.0
2007-10-23 00:00:00-04:00,8.237552795861607,8.391956038324599,8.237552795861607,8.307982444763184,69500,0.0,0.0
2007-10-24 00:00:00-04:00,8.199631293429029,8.261934280395508,8.142745575617706,8.261934280395508,116300,0.0,0.0
2007-10-25 00:00:00-04:00,8.261937180800821,8.321531295776367,8.175254643865964,8.321531295776367,47400,0.0,0.0
2007-10-26 00:00:00-04:00,8.354036906351736,8.424466591727612,8.29444279564998,8.421757698059082,63400,0.0,0.0
2007-10-29 00:00:00-04:00,8.465098262633816,8.633046039498653,8.45155431208104,8.616792678833008,78300,0.0,0.0
2007-10-30 00:00:00-04:00,8.58428776751099,8.600540612978532,8.478642980300357,8.543655395507812,97700,0.0,0.0
2007-10-31 00:00:00-04:00,8.527402033371628,8.635755197602982,8.527402033371628,8.543655395507812,84300,0.0,0.0
2007-11-01 00:00:00-04:00,8.516563834109698,8.519272726799938,8.345907211303711,8.345907211303711,68400,0.0,0.0
2007-11-02 00:00:00-04:00,8.383830625941036,8.410918517676652,8.275476992324897,8.38924789428711,69100,0.0,0.0
2007-11-05 00:00:00-05:00,8.302566382291795,8.424463976186967,8.267351808871233,8.39466667175293,66900,0.0,0.0
2007-11-06 00:00:00-05:00,8.42988321703301,8.432591593659563,8.332365125083015,8.397377014160156,46100,0.0,0.0
2007-11-07 00:00:00-05:00,8.22401321082886,8.421757801031655,8.22401321082886,8.318821907043457,67300,0.0,0.0
2007-11-08 00:00:00-05:00,8.267351181484694,8.33236305440572,8.09127729440669,8.215883255004883,115400,0.0,0.0
2007-11-09 00:00:00-05:00,8.042520323252486,8.215885362172319,8.042520323252486,8.129202842712402,57800,0.0,0.0
2007-11-12 00:00:00-05:00,8.13461675166753,8.140034019049997,7.96396017074585,7.96396017074585,78400,0.0,0.0
2007-11-13 00:00:00-05:00,8.107528077875372,8.107528077875372,7.736418149457602,7.777050495147705,175600,0.0,0.0
2007-11-14 00:00:00-05:00,7.858319442039407,7.988343216777968,7.7255867740768895,7.766219139099121,96600,0.0,0.0
2007-11-15 00:00:00-05:00,7.674114987529271,7.823100423449592,7.66057104487044,7.755379676818848,135900,0.0,0.0
2007-11-16 00:00:00-05:00,7.763507694218658,7.885405265889448,7.760798801885043,7.852899074554443,79200,0.0,0.0
2007-11-19 00:00:00-05:00,7.847484681521768,7.896243731263445,7.609107736490757,7.638905048370361,128400,0.0,0.0
2007-11-20 00:00:00-05:00,7.663284984840445,7.774347041142309,7.340933873865733,7.517007827758789,175600,0.0,0.0
2007-11-21 00:00:00-05:00,7.381568035591534,7.473668375350765,7.183823401207382,7.332808971405029,179700,0.0,0.0
2007-11-23 00:00:00-05:00,7.335514335146612,7.433032416584406,7.246122932718138,7.368020534515381,49000,0.0,0.0
2007-11-26 00:00:00-05:00,7.3111342564330615,7.395107866442226,7.129642572433595,7.248831272125244,250400,0.0,0.0
2007-11-27 00:00:00-05:00,7.229869223370879,7.330095669110372,7.042959761944418,7.159439563751221,115900,0.0,0.0
2007-11-28 00:00:00-05:00,7.143189061019197,7.706626005618467,7.143189061019197,7.657866954803467,231700,0.0,0.0
2007-11-29 00:00:00-05:00,7.538678306042795,7.798726407755436,7.538678306042795,7.611816883087158,191500,0.0,0.0
2007-11-30 00:00:00-05:00,7.842067583807413,7.842067583807413,7.600981223296429,7.657866954803467,132300,0.0,0.0
2007-12-03 00:00:00-05:00,7.55222304119217,7.796018323310245,7.55222304119217,7.706626892089844,122500,0.0,0.0
2007-12-04 00:00:00-05:00,7.7282945617936045,7.741838509307414,7.628067593518591,7.693079471588135,85800,0.0,0.0
2007-12-05 00:00:00-05:00,7.712045524263729,7.912499056418578,7.668704247942074,7.812272548675537,153700,0.0,0.0
2007-12-06 00:00:00-05:00,7.736422354520736,7.8501932942931845,7.7012077735602915,7.8258137702941895,98700,0.0,0.0
2007-12-07 00:00:00-05:00,7.852900551708175,7.89353291101871,7.652447131330186,7.695788383483887,122000,0.0,0.0
2007-12-10 00:00:00-05:00,7.682242215275301,7.7445451826531295,7.479079960781081,7.609103679656982,177000,0.0,0.0
2007-12-11 00:00:00-05:00,7.549510640164626,7.7797608135147245,7.549510640164626,7.671407699584961,176800,0.0,0.0
2007-12-12 00:00:00-05:00,7.747254316364954,7.877278039296544,7.5928510808001475,7.636192321777344,154100,0.0,0.0
2007-12-13 00:00:00-05:00,7.62535999742479,7.693080779847157,7.538677478591131,7.571183681488037,140700,0.0,0.0
2007-12-14 00:00:00-05:00,7.611816604047869,7.8420673844494555,7.544095816674967,7.576601505279541,203600,0.0,0.0
2007-12-17 00:00:00-05:00,7.519715696561661,7.611816001430841,7.451994914550121,7.4547038078308105,178800,0.0,0.0
2007-12-18 00:00:00-05:00,7.468247127378619,7.525132848135823,7.408653030237827,7.489917755126953,182500,0.0,0.0
2007-12-19 00:00:00-05:00,7.487210847945139,7.630779117775013,7.411363889042958,7.614526271820068,249700,0.0,0.0
2007-12-20 00:00:00-05:00,7.584728032892401,7.850193390043173,7.370730101106298,7.449286460876465,292200,0.0,0.0
2007-12-21 00:00:00-05:00,7.462827024551543,7.541383348670449,7.370726756045136,7.498042106628418,330800,0.0,0.0
2007-12-24 00:00:00-05:00,7.414069730869152,7.530549015045228,7.359892911095928,7.419486999511719,193700,0.0,0.0
2007-12-26 00:00:00-05:00,7.343638538105382,7.441156069994733,7.2515382737271965,7.4086503982543945,293400,0.0,0.0
2007-12-27 00:00:00-05:00,7.3517662407227755,7.9233296749137,7.34364007941631,7.907076835632324,390900,0.0,0.0
2007-12-28 00:00:00-05:00,7.731005388973984,7.893534866479456,7.731005388973984,7.806852340698242,246000,0.0,0.0
2007-12-31 00:00:00-05:00,7.679536757061526,7.950419884177145,7.649739447744867,7.947710990905762,194500,0.0,0.0
2008-01-02 00:00:00-05:00,7.993174219231473,8.092365793683957,7.703865635590056,8.004195213317871,129700,0.495,0.0
2008-01-03 00:00:00-05:00,8.015214610136283,8.249416584713154,7.990416723090799,8.227374076843262,115800,0.0,0.0
2008-01-04 00:00:00-05:00,8.213600521102926,8.246664559120985,8.062058283563207,8.183292388916016,100800,0.0,0.0
2008-01-07 00:00:00-05:00,8.155735852780136,8.1667568440259,8.015214667036451,8.056544303894043,69300,0.0,0.0
2008-01-08 00:00:00-05:00,8.161247425028643,8.403715037498152,8.078587617535591,8.197066307067871,93600,0.0,0.0
2008-01-09 00:00:00-05:00,8.1557345725673,8.535967907720359,8.128181310475684,8.307276725769043,106000,0.0,0.0
2008-01-10 00:00:00-05:00,8.268702523562977,8.323808522540675,8.12542598025838,8.249415397644043,77600,0.0,0.0
2008-01-11 00:00:00-05:00,8.249416584713154,8.315544108322827,8.130937907836923,8.227374076843262,86500,0.0,0.0
2008-01-14 00:00:00-05:00,8.21084408486035,8.387184722386811,8.155738062630508,8.2604398727417,106200,0.0,0.0
2008-01-15 00:00:00-05:00,8.155734621293712,8.318298290517243,8.144713106177312,8.249415397644043,120500,0.0,0.0
2008-01-16 00:00:00-05:00,8.152980415706814,8.238395068010787,8.059299625876065,8.227374076843262,83100,0.0,0.0
2008-01-17 00:00:00-05:00,8.208093372625909,8.307284472909899,8.053795171232583,8.180540084838867,114100,0.0,0.0
2008-01-18 00:00:00-05:00,8.164002143495246,8.221864060333747,7.659779270633517,7.725907325744629,127600,0.0,0.0
2008-01-22 00:00:00-05:00,7.172087607021686,7.767235810177171,7.172087607021686,7.703863143920898,200100,0.0,0.0
2008-01-23 00:00:00-05:00,7.54956680504803,7.70386437577004,7.378737483132385,7.643247604370117,127500,0.0,0.0
2008-01-24 00:00:00-05:00,7.601917058194024,7.852650777829296,7.522012640127814,7.819586753845215,91300,0.0,0.0
2008-01-25 00:00:00-05:00,7.847141503038846,8.001439610087397,7.783769347751904,7.825098991394043,175900,0.0,0.0
2008-01-28 00:00:00-05:00,7.797545044338421,7.990417398657912,7.758970783688477,7.9160237312316895,123700,0.0,0.0
2008-01-29 00:00:00-05:00,8.012462159433133,8.084100467577054,7.910515194815043,8.037260055541992,78900,0.0,0.0
2008-01-30 00:00:00-05:00,7.95184276813988,7.968374518287351,7.778257552219419,7.863672733306885,184100,0.0,0.0
2008-01-31 00:00:00-05:00,7.86367406961743,7.938067220690452,7.646003799290754,7.896737575531006,188900,0.0,0.0
2008-02-01 00:00:00-05:00,7.8664283761733,8.155736923217773,7.808566982085353,8.155736923217773,105700,0.0,0.0
2008-02-04 00:00:00-05:00,8.191553901604971,8.32380893636838,8.164000637978896,8.263192176818848,84300,0.0,0.0
2008-02-05 00:00:00-05:00,8.23839414309307,8.365138943266542,8.210840879965378,8.315543174743652,207700,0.0,0.0
2008-02-06 00:00:00-05:00,8.293503308713452,8.489130540661346,8.136450342099518,8.3183012008667,147100,0.0,0.0
2008-02-07 00:00:00-05:00,8.26594639936901,8.434020810993957,8.194308134176978,8.392690658569336,81800,0.0,0.0
2008-02-08 00:00:00-05:00,8.367899529170945,8.425760944762839,8.221867511598132,8.398207664489746,101500,0.0,0.0
2008-02-11 00:00:00-05:00,8.376160990296885,8.58832045996015,8.301767328123816,8.54148006439209,87200,0.0,0.0
2008-02-12 00:00:00-05:00,8.54148377815777,8.670983504311407,8.461579322814941,8.461579322814941,82000,0.0,0.0
2008-02-13 00:00:00-05:00,8.486376211176202,8.527706386903192,8.400961530708116,8.505663871765137,97900,0.0,0.0
2008-02-14 00:00:00-05:00,8.445040722938918,8.445040722938918,8.227371102117225,8.235636711120605,176900,0.0,0.0
2008-02-15 00:00:00-05:00,8.04552466152502,8.111652196690782,7.8498969101499085,7.89398193359375,214200,0.0,0.0
2008-02-19 00:00:00-05:00,7.990415862628392,7.990415862628392,7.51650173169261,7.714884281158447,346900,0.0,0.0
2008-02-20 00:00:00-05:00,7.579874943872239,7.615693823305932,7.475172633770934,7.574364185333252,291100,0.0,0.0
2008-02-21 00:00:00-05:00,7.574362253463501,7.698351661292431,7.260256454343178,7.466905117034912,258500,0.0,0.0
2008-02-22 00:00:00-05:00,7.508235895368937,7.55232090812465,7.4228212488465966,7.546810150146484,182200,0.0,0.0
2008-02-25 00:00:00-05:00,7.475174160837972,7.742440223693848,7.475174160837972,7.742440223693848,151800,0.0,0.0
2008-02-26 00:00:00-05:00,7.6873307556070225,7.962862327675624,7.681819998037306,7.907756328582764,122400,0.0,0.0
2008-02-27 00:00:00-05:00,7.94908697164739,8.210841683127647,7.852650804034734,8.128182411193848,229000,0.0,0.0
2008-02-28 00:00:00-05:00,8.045525304747272,8.367897392912642,8.017972031508315,8.332077980041504,155400,0.0,0.0
2008-02-29 00:00:00-05:00,8.332077131952047,8.505662367814441,7.8058117162408385,8.141960144042969,336000,0.0,0.0
2008-03-03 00:00:00-05:00,8.141960666459612,8.141960666459612,7.86918437527992,7.971131324768066,70200,0.0,0.0
2008-03-04 00:00:00-05:00,7.921534709684424,8.059300530722414,7.797545260536273,7.957353591918945,86900,0.0,0.0
2008-03-05 00:00:00-05:00,7.990417729396775,8.073077012935192,7.772747476925417,7.860918045043945,72600,0.0,0.0
2008-03-06 00:00:00-05:00,7.841628405239862,7.880203183265825,7.761724521431718,7.767235279083252,79600,0.0,0.0
2008-03-07 00:00:00-05:00,7.731416992880099,7.866427421569824,7.698353493280699,7.866427421569824,139000,0.0,0.0
2008-03-10 00:00:00-04:00,7.962865502251385,7.973887021784795,7.7176424735177696,7.7534613609313965,52100,0.0,0.0
2008-03-11 00:00:00-04:00,7.918777132057179,7.929798646937551,7.604671315453133,7.676309585571289,136500,0.0,0.0
2008-03-12 00:00:00-04:00,7.706620068072149,7.736928717769926,7.615694644513733,7.651514053344727,81500,0.0,0.0
2008-03-13 00:00:00-04:00,7.535792173435803,7.632228374481201,7.527526033162764,7.632228374481201,96200,0.0,0.0
2008-03-14 00:00:00-04:00,7.612939117014941,7.717641436371857,7.541301351814827,7.5908966064453125,119800,0.0,0.0
2008-03-17 00:00:00-04:00,7.4393537340808065,7.632226078141289,7.1941307606470755,7.221683502197266,118600,0.0,0.0
2008-03-18 00:00:00-04:00,7.2933221138103175,7.367715780619111,7.185864945443092,7.318120002746582,156000,0.0,0.0
2008-03-19 00:00:00-04:00,7.384247714946031,7.5082371627093165,7.18862050351384,7.246481895446777,74000,0.0,0.0
2008-03-20 00:00:00-04:00,7.136268938922304,7.623960038329892,7.0811629295789045,7.604672908782959,132500,0.0,0.0
2008-03-24 00:00:00-04:00,7.6267152101021995,7.965618971437724,7.563343064590974,7.866427421569824,339700,0.0,0.0
2008-03-25 00:00:00-04:00,7.852649558420814,7.954596468133848,7.687330515241847,7.885713577270508,259200,0.0,0.0
2008-03-26 00:00:00-04:00,7.871942339930232,8.06205940246582,7.739687220572923,8.06205940246582,138700,0.0,0.0
2008-03-27 00:00:00-04:00,8.059300279415925,8.180534345298787,7.838875182842435,7.891225814819336,145300,0.0,0.0
2008-03-28 00:00:00-04:00,7.833363844435175,8.056544303894043,7.827853086044871,8.056544303894043,130400,0.0,0.0
2008-03-31 00:00:00-04:00,8.031747441155645,8.114407250949277,7.932556405152162,8.086853981018066,144000,0.0,0.0
2008-04-01 00:00:00-04:00,8.128337795994861,8.338553428649902,7.988194040891503,8.338553428649902,200800,0.498,0.0
2008-04-02 00:00:00-04:00,8.338553016478066,8.352567177453286,7.951756506738652,8.175986289978027,313600,0.0,0.0
2008-04-03 00:00:00-04:00,8.164774993076652,8.173183810898667,7.9517569543122715,8.016222953796387,105000,0.0,0.0
2008-04-04 00:00:00-04:00,7.906909793470589,8.0498564767492,7.887289754813792,7.990996360778809,186000,0.0,0.0
2008-04-07 00:00:00-04:00,7.999405298386636,8.117125532100642,7.990996481147365,8.06667423248291,201700,0.0,0.0
2008-04-08 00:00:00-04:00,8.061071096824676,8.215229056416486,8.01902806553656,8.103114128112793,70300,0.0,0.0
2008-04-09 00:00:00-04:00,8.184393015762907,8.226436022550237,8.069475214394819,8.198407173156738,82400,0.0,0.0
2008-04-10 00:00:00-04:00,8.17038097100909,8.17038097100909,8.01902599061374,8.125535011291504,61500,0.0,0.0
2008-04-11 00:00:00-04:00,8.077883813654214,8.086292629185735,7.954557192221198,8.058263778686523,67600,0.0,0.0
2008-04-14 00:00:00-04:00,8.08629490733354,8.223635725406194,7.918122291564942,7.918122291564941,109500,0.0,0.0
2008-04-15 00:00:00-04:00,8.00500947792887,8.00500947792887,7.693890769799229,7.735933780670166,111200,0.0,0.0
2008-04-16 00:00:00-04:00,7.873275806972962,7.890092907046632,7.66306018493119,7.744343280792236,156500,0.0,0.0
2008-04-17 00:00:00-04:00,7.862063342755756,7.979784101885848,7.716314264228059,7.976981163024902,148800,0.0,0.0
2008-04-18 00:00:00-04:00,7.988192751272289,8.279691971438327,7.988192751272289,8.25446605682373,86600,0.0,0.0
2008-04-21 00:00:00-04:00,8.209618699507656,8.363776564995927,8.153561002272381,8.352564811706543,84200,0.0,0.0
2008-04-22 00:00:00-04:00,8.335751739212244,8.40582362727012,8.192805023421446,8.391809463500977,94900,0.0,0.0
2008-04-23 00:00:00-04:00,8.36097526550293,8.501119001454775,8.27969217664594,8.36097526550293,220100,0.0,0.0
2008-04-24 00:00:00-04:00,8.425443670389352,8.428246610064397,8.330145859862155,8.391809463500977,134300,0.0,0.0
2008-04-25 00:00:00-04:00,8.38059647407659,8.73095586291429,8.290904556071098,8.545966148376465,233800,0.0,0.0
2008-04-28 00:00:00-04:00,8.531949916946328,8.70292489369116,8.327339677199827,8.341354370117188,126200,0.0,0.0
2008-04-29 00:00:00-04:00,8.296509305394888,8.355369418097538,8.103110799389457,8.167576789855957,184400,0.0,0.0
2008-04-30 00:00:00-04:00,8.204013458099269,8.313325388105666,8.16477285315385,8.248859405517578,66800,0.0,0.0
2008-05-01 00:00:00-04:00,8.240451626740994,8.288100518694026,8.091899607703724,8.262874603271484,69100,0.0,0.0
2008-05-02 00:00:00-04:00,8.321733379080543,8.408622326767514,8.26006980653653,8.374987602233887,46000,0.0,0.0
2008-05-05 00:00:00-04:00,8.408622741699219,8.571189426654504,8.330142070318592,8.408622741699219,74300,0.0,0.0
2008-05-06 00:00:00-04:00,8.408622326767514,8.453468269741808,8.324536317342163,8.374987602233887,78700,0.0,0.0
2008-05-07 00:00:00-04:00,8.358170785842455,8.366579600907574,8.24885886302504,8.299310684204102,98300,0.0,0.0
2008-05-08 00:00:00-04:00,8.38059475322873,8.414229482877328,8.251662781221865,8.411426544189453,64000,0.0,0.0
2008-05-09 00:00:00-04:00,8.369382712959771,8.585203624718682,8.369382712959771,8.537554740905762,113700,0.0,0.0
2008-05-12 00:00:00-04:00,8.573994432756553,8.573994432756553,8.431047747521983,8.484302520751953,108200,0.0,0.0
2008-05-13 00:00:00-04:00,8.481498127776442,8.596415937158856,8.36097444120321,8.453469276428223,60900,0.0,0.0
2008-05-14 00:00:00-04:00,8.431047169371908,8.529147891877024,8.394610033095914,8.43945598602295,59200,0.0,0.0
2008-05-15 00:00:00-04:00,8.450665116440481,8.501116934654194,8.39180501826168,8.46187686920166,53800,0.0,0.0
2008-05-16 00:00:00-04:00,8.433848612515211,8.604824111855795,8.366579695054776,8.489906311035156,55700,0.0,0.0
2008-05-19 00:00:00-04:00,8.450666018997621,8.604824428293648,8.450666018997621,8.57679557800293,60600,0.0,0.0
2008-05-20 00:00:00-04:00,8.562780570662918,8.562780570662918,8.453468646615441,8.489906311035156,56000,0.0,0.0
2008-05-21 00:00:00-04:00,8.506726092522051,8.700124625409906,8.341356417743539,8.624446868896484,123800,0.0,0.0
2008-05-22 00:00:00-04:00,8.596415378371528,8.649670139010873,8.50672348757211,8.537554740905762,90200,0.0,0.0
2008-05-23 00:00:00-04:00,8.515132857950713,8.700123074656384,8.436652710760454,8.579599380493164,76600,0.0,0.0
2008-05-27 00:00:00-04:00,8.686107823151124,8.686107823151124,8.49551227574369,8.646867752075195,85400,0.0,0.0
2008-05-28 00:00:00-04:00,8.624450302484664,8.784214162325704,8.559984277392001,8.65247917175293,125000,0.0,0.0
2008-05-29 00:00:00-04:00,8.593615260369745,8.646870038487226,8.520740441526353,8.60202407836914,102500,0.0,0.0
2008-05-30 00:00:00-04:00,8.63005111374893,8.691714162231708,8.548767494079636,8.59921932220459,74300,0.0,0.0
2008-06-02 00:00:00-04:00,8.579602802798114,8.72254952955063,8.495516209916923,8.719746589660645,82700,0.0,0.0
2008-06-03 00:00:00-04:00,8.798222183355318,8.81503981393147,8.632852558264034,8.809433937072754,88200,0.0,0.0
2008-06-04 00:00:00-04:00,8.784210183242859,8.784210183242859,8.649672313225775,8.688912391662598,77100,0.0,0.0
2008-06-05 00:00:00-04:00,8.663686474208648,8.688912391662598,8.568388682628386,8.688912391662598,89400,0.0,0.0
2008-06-06 00:00:00-04:00,8.6468674364268,8.67489628671752,8.467483115329712,8.57679557800293,83400,0.0,0.0
2008-06-09 00:00:00-04:00,8.568386712157093,8.590809685336664,8.46468066167877,8.515131950378418,60400,0.0,0.0
2008-06-10 00:00:00-04:00,8.492713979469322,8.495516919593452,8.23204696319923,8.268484115600586,94300,0.0,0.0
2008-06-11 00:00:00-04:00,8.218027073906526,8.593612259705493,8.215224135552107,8.543160438537598,80100,0.0,0.0
2008-06-12 00:00:00-04:00,8.304916156537772,8.660881314122307,8.304916156537772,8.635655403137207,72300,0.0,0.0
2008-06-13 00:00:00-04:00,8.658077657561076,8.683303566453759,8.501116862477776,8.674895286560059,78500,0.0,0.0
2008-06-16 00:00:00-04:00,8.67489605012394,8.67489605012394,8.498314672332475,8.537554740905762,55000,0.0,0.0
2008-06-17 00:00:00-04:00,8.467483869551408,8.616036415100098,8.467483869551408,8.616036415100098,79500,0.0,0.0
2008-06-18 00:00:00-04:00,8.565585445417993,8.688912089278057,8.548768345902605,8.618840217590332,57300,0.0,0.0
2008-06-19 00:00:00-04:00,8.596417323266135,8.68330629531052,8.489908312496176,8.632854461669922,82300,0.0,0.0
2008-06-20 00:00:00-04:00,8.50672431648469,8.53195023005582,8.335748798859445,8.428243637084961,53300,0.0,0.0
2008-06-23 00:00:00-04:00,8.422637304008301,8.604824566521707,8.335748347856555,8.475892066955566,49600,0.0,0.0
2008-06-24 00:00:00-04:00,8.51513149964735,8.51513149964735,8.271281746052933,8.30211353302002,95200,0.0,0.0
2008-06-25 00:00:00-04:00,8.30211427205511,8.352565562575279,8.016220952744803,8.03584098815918,150300,0.0,0.0
2008-06-26 00:00:00-04:00,8.013421258487897,8.013421258487897,7.7135136594911256,7.783585548400879,168900,0.0,0.0
2008-06-27 00:00:00-04:00,7.749947759517466,7.834034313913238,7.707904749622518,7.741539478302002,122500,0.0,0.0
2008-06-30 00:00:00-04:00,7.777977646416635,7.862063677400381,7.542536118135007,7.691088676452637,125600,0.0,0.0
2008-07-01 00:00:00-04:00,7.651848225969452,7.67707414271533,7.472464404315169,7.654651165008545,142000,0.0,0.0
2008-07-02 00:00:00-04:00,7.726031374628052,7.9258919793387275,7.6746386165838025,7.828816890716553,57700,0.5,0.0
2008-07-03 00:00:00-04:00,7.765999095322482,7.931597579015376,7.714606368559859,7.857363700866699,34900,0.0,0.0
2008-07-07 00:00:00-04:00,7.82310456459163,7.980138014345703,7.626099221427091,7.800263404846191,130800,0.0,0.0
2008-07-08 00:00:00-04:00,7.994409419469492,7.994409419469492,7.577558332565027,7.920175552368164,108200,0.0,0.0
2008-07-09 00:00:00-04:00,7.9515849899276025,8.288492443652045,7.831668786815108,8.16857624053955,94800,0.0,0.0
2008-07-10 00:00:00-04:00,8.251376271047592,8.294203375177148,8.137170478510054,8.26850700378418,65900,0.0,0.0
2008-07-11 00:00:00-04:00,8.299912477039536,8.551165725121205,8.151444698134556,8.217113494873047,94100,0.0,0.0
2008-07-14 00:00:00-04:00,8.36558493690095,8.36558493690095,8.051519035694987,8.182855606079102,89400,0.0,0.0
2008-07-15 00:00:00-04:00,7.99441151095469,8.051514668149078,7.703186389500227,7.714607238769531,76400,0.0,0.0
2008-07-16 00:00:00-04:00,7.680347782231578,7.703188943767924,7.252075594992908,7.420529365539551,141600,0.0,0.0
2008-07-17 00:00:00-04:00,7.617533218639393,7.623243644038946,7.4690654257078455,7.531878471374512,81600,0.0,0.0
2008-07-18 00:00:00-04:00,7.566143336159467,8.071504738744666,7.337731679690851,7.960153579711914,147300,0.0,0.0
2008-07-21 00:00:00-04:00,7.937309141510059,8.114328510720355,7.865930460221025,7.948729991912842,63700,0.0,0.0
2008-07-22 00:00:00-04:00,7.860222059763873,8.008689330925266,7.828815259818087,7.908759593963623,105400,0.0,0.0
2008-07-23 00:00:00-04:00,7.857364981225735,7.914467596707749,7.737448780764582,7.740303993225098,60700,0.0,0.0
2008-07-24 00:00:00-04:00,7.748870797497153,7.791698449287978,7.623244688944456,7.691768169403076,59100,0.0,0.0
2008-07-25 00:00:00-04:00,7.643231518814289,7.843091557092102,7.586128339548471,7.631810665130615,72300,0.0,0.0
2008-07-28 00:00:00-04:00,7.594692049952704,7.640374363926688,7.5490097359787205,7.617533206939697,52800,0.0,0.0
2008-07-29 00:00:00-04:00,7.703187275711982,7.823103483955083,7.566140336170189,7.811683177947998,50800,0.0,0.0
2008-07-30 00:00:00-04:00,7.994413409316749,8.211404695775919,7.877352399389278,8.137170791625977,117200,0.0,0.0
2008-07-31 00:00:00-04:00,8.03438074618009,8.142876600174885,7.982988030558966,8.002974510192871,83300,0.0,0.0
2008-08-01 00:00:00-04:00,7.960152437213194,8.082923889160156,7.945876914948961,8.082923889160156,41400,0.0,0.0
2008-08-04 00:00:00-04:00,8.011543481832266,8.054370584076946,7.997267962609424,8.031529426574707,48600,0.0,0.0
2008-08-05 00:00:00-04:00,8.01725607626098,8.214261453373766,8.01725607626098,8.111475944519043,128300,0.0,0.0
2008-08-06 00:00:00-04:00,8.054371074340864,8.194273785206025,8.005834088198327,8.131460189819336,64600,0.0,0.0
2008-08-07 00:00:00-04:00,8.131459962298512,8.194273555927657,8.022964596738614,8.040095329284668,67500,0.0,0.0
2008-08-08 00:00:00-04:00,8.034385751992195,8.177143142295261,8.025820657102797,8.094344139099121,55100,0.0,0.0
2008-08-11 00:00:00-04:00,8.120040677533984,8.23710169638953,8.020110393380746,8.02867603302002,122600,0.0,0.0
2008-08-12 00:00:00-04:00,7.771710892394354,7.851655214259681,7.431948749763028,7.531878471374512,279600,0.0,0.0
2008-08-13 00:00:00-04:00,7.47192204061771,7.731740454718387,7.434805357707432,7.688913345336914,96700,0.0,0.0
2008-08-14 00:00:00-04:00,7.651796792715919,7.7802786767682965,7.431950799947603,7.466212272644043,92100,0.0,0.0
2008-08-15 00:00:00-04:00,7.474778376927134,7.571853463217849,7.1235952648276,7.280628204345703,123700,0.0,0.0
2008-08-18 00:00:00-04:00,7.294902184104023,7.337729835431924,7.155000011607848,7.2349443435668945,145600,0.0,0.0
2008-08-19 00:00:00-04:00,7.146434138561397,7.420528027576888,7.143578925812134,7.394831657409668,54900,0.0,0.0
2008-08-20 00:00:00-04:00,7.280625519634965,7.411962032318115,7.249218725481984,7.411962032318115,83900,0.0,0.0
2008-08-21 00:00:00-04:00,7.486194400379462,7.571849127541853,7.369133430042607,7.494760036468506,85800,0.0,0.0
2008-08-22 00:00:00-04:00,7.437658804654796,7.583271388294432,7.437658804654796,7.537589073181152,111400,0.0,0.0
2008-08-25 00:00:00-04:00,7.571850600035588,7.577561025205453,7.494761493970763,7.566140174865723,89100,0.0,0.0
2008-08-26 00:00:00-04:00,7.494761493970763,7.608967274487475,7.494761493970763,7.566140174865723,67400,0.0,0.0
2008-08-27 00:00:00-04:00,7.540448031294893,7.851659297943116,7.540448031294893,7.851659297943115,105400,0.0,0.0
2008-08-28 00:00:00-04:00,7.823105912680411,8.111475944519043,7.751727208103809,8.111475944519043,138400,0.0,0.0
2008-08-29 00:00:00-04:00,8.088632996067922,8.088632996067922,7.708898393292487,7.7460150718688965,73700,0.0,0.0
2008-09-02 00:00:00-04:00,7.748868484218893,7.800261215364584,7.646083566503565,7.666069507598877,90100,0.0,0.0
2008-09-03 00:00:00-04:00,7.691770110771793,7.848803058385192,7.5946950194767044,7.82025146484375,70400,0.0,0.0
2008-09-04 00:00:00-04:00,7.751725833463418,7.768856567042587,7.608968449625873,7.6860575675964355,65100,0.0,0.0
2008-09-05 00:00:00-04:00,7.6689256496188225,7.6689256496188225,7.369134863114321,7.566140174865723,79600,0.0,0.0
2008-09-08 00:00:00-04:00,7.7060451604246865,7.7060451604246865,7.283483344693018,7.3206000328063965,103900,0.0,0.0
2008-09-09 00:00:00-04:00,7.249219505556361,7.300612248945648,7.152144444615747,7.252074718475342,93700,0.0,0.0
2008-09-10 00:00:00-04:00,7.383407513579898,7.497613241313071,7.294897598082805,7.409103870391846,63700,0.0,0.0
2008-09-11 00:00:00-04:00,7.394834142780711,7.42338573529326,7.2520767247943025,7.369137763977051,123200,0.0,0.0
2008-09-12 00:00:00-04:00,7.280627183057402,7.537590386485355,7.274916756529254,7.420529365539551,53000,0.0,0.0
2008-09-15 00:00:00-04:00,7.283477918250363,7.383408142748276,6.581111679832273,6.715303897857666,167300,0.0,0.0
2008-09-16 00:00:00-04:00,6.338426716575234,6.723871135567764,6.17282820821089,6.566838264465332,261200,0.0,0.0
2008-09-17 00:00:00-04:00,6.51259197169289,6.538288345428899,6.28132515264503,6.432648181915283,223600,0.0,0.0
2008-09-18 00:00:00-04:00,6.366977751629431,7.252073452711715,6.281323557314666,6.566838264465332,181300,0.0,0.0
2008-09-19 00:00:00-04:00,7.843094113882879,7.894486883060524,6.852357606054957,7.563289642333984,189600,0.0,0.0
2008-09-22 00:00:00-04:00,7.309176895734529,7.529023359473844,7.157853899022512,7.209246635437012,125800,0.0,0.0
2008-09-23 00:00:00-04:00,7.137868269225356,7.169275063874309,6.71245138572866,6.9637041091918945,147300,0.0,0.0
2008-09-24 00:00:00-04:00,6.923731327272586,7.032226671344215,6.852352653795549,6.952282905578613,95100,0.0,0.0
2008-09-25 00:00:00-04:00,6.846643366641366,6.969414792549866,6.3527029948209774,6.7181620597839355,543300,0.0,0.0
2008-09-26 00:00:00-04:00,6.438357838156447,6.880906057885752,6.3412827729036305,6.538288116455078,273200,0.0,0.0
2008-09-29 00:00:00-04:00,6.495459918438474,6.509735436692508,6.155697247146533,6.267048358917236,305500,0.0,0.0
2008-09-30 00:00:00-04:00,6.212798744373971,6.706738949829829,6.209943532573097,6.595388412475586,135900,0.0,0.0
2008-10-01 00:00:00-04:00,6.569127683641757,6.849285679997021,6.551617948025668,6.598310947418213,128600,0.5,0.0
2008-10-02 00:00:00-04:00,6.566207540711133,6.858038986964961,6.542861047275799,6.595390796661377,116800,0.0,0.0
2008-10-03 00:00:00-04:00,6.770488144751494,6.887220583807724,6.466983246581117,6.478656768798828,101100,0.0,0.0
2008-10-06 00:00:00-04:00,5.9883795828097135,5.997134167285497,5.124558476128759,5.833708763122559,349400,0.0,0.0
2008-10-07 00:00:00-04:00,5.967952646024831,6.370679752907603,5.261720601042609,5.340514659881592,248300,0.0,0.0
2008-10-08 00:00:00-04:00,5.261720222764937,5.924177062670255,4.55840633097188,5.588571071624756,452300,0.0,0.0
2008-10-09 00:00:00-04:00,5.398881234620747,5.8628932339099835,5.2529655255769425,5.544796943664551,436100,0.0,0.0
2008-10-10 00:00:00-04:00,5.25004756289512,5.25004756289512,3.9426428392858774,4.894013404846191,723900,0.0,0.0
2008-10-13 00:00:00-04:00,5.363861349271979,6.41737297216943,5.337597033103152,6.084685325622559,226100,0.0,0.0
2008-10-14 00:00:00-04:00,6.7092042672199925,6.805508613385858,6.2743755189787045,6.653756141662598,359000,0.0,0.0
2008-10-15 00:00:00-04:00,5.8249539511692445,5.935850184871394,5.49226636331114,5.792852878570557,331600,0.0,0.0
2008-10-16 00:00:00-04:00,5.7053046970860075,6.469903350681408,5.515614363509173,6.277294635772705,203900,0.0,0.0
2008-10-17 00:00:00-04:00,6.391107978561976,6.828855108006279,5.731568903404314,6.773406982421875,176100,0.0,0.0
2008-10-20 00:00:00-04:00,6.773408297689277,6.828856434040658,6.105114506412278,6.2451934814453125,268400,0.0,0.0
2008-10-21 00:00:00-04:00,6.000054273880664,6.426128467382391,6.000054273880664,6.294804096221924,117100,0.0,0.0
2008-10-22 00:00:00-04:00,6.277295103948486,6.277295103948486,5.787018136115088,5.953361988067627,150300,0.0,0.0
2008-10-23 00:00:00-04:00,5.906667780030059,6.475739262625841,5.7461607242334285,5.927095890045166,90000,0.0,0.0
2008-10-24 00:00:00-04:00,5.369697792039285,5.883321136547284,5.144987474449991,5.6907124519348145,270200,0.0,0.0
2008-10-27 00:00:00-04:00,5.553553613404271,5.7198974783864625,5.419310834732623,5.445575714111328,192100,0.0,0.0
2008-10-28 00:00:00-04:00,5.617753984250187,6.113867545768705,5.258801525599588,5.649855613708496,150200,0.0,0.0
2008-10-29 00:00:00-04:00,5.64693658261262,6.461145737865392,5.611916576635761,5.982542514801025,212800,0.0,0.0
2008-10-30 00:00:00-04:00,6.274376254440837,6.344415736532699,6.0146464387721394,6.277294635772705,135000,0.0,0.0
2008-10-31 00:00:00-04:00,6.42029259778968,6.42029259778968,6.046748100806232,6.361926078796387,211800,0.0,0.0
2008-11-03 00:00:00-05:00,6.332741534628886,6.420290731038819,6.186825836196185,6.359006404876709,122400,0.0,0.0
2008-11-04 00:00:00-05:00,6.41737359995643,6.420291981288298,6.201418391017106,6.277294635772705,125400,0.0,0.0
2008-11-05 00:00:00-05:00,6.183907160549317,6.315230948901966,6.035073088450299,6.137214183807373,113500,0.0,0.0
2008-11-06 00:00:00-05:00,5.985464342946602,6.040912485757504,5.55939004847111,5.839548587799072,225700,0.0,0.0
2008-11-07 00:00:00-05:00,5.550636119240043,5.950445024162328,5.547717736995234,5.824957370758057,103900,0.0,0.0
2008-11-10 00:00:00-05:00,5.906667835298274,5.906667835298274,5.524368833458299,5.544796943664551,149800,0.0,0.0
2008-11-11 00:00:00-05:00,5.448493283919419,5.541879260404755,5.261721330948745,5.355107307434082,154100,0.0,0.0
2008-11-12 00:00:00-05:00,5.533121745764721,5.533121745764721,5.063273683296511,5.20043420791626,176200,0.0,0.0
2008-11-13 00:00:00-05:00,5.0224177702292,5.267556173354335,4.978643174662037,5.212108612060547,266300,0.0,0.0
2008-11-14 00:00:00-05:00,5.025337071484026,5.314250123106654,5.007827341374126,5.255884170532227,124700,0.0,0.0
2008-11-17 00:00:00-05:00,5.019502175868504,5.238375807549553,4.987400531768799,4.987400531768799,117600,0.0,0.0
2008-11-18 00:00:00-05:00,4.98740017733749,5.0370115525911885,4.669303810703371,4.724751949310303,177200,0.0,0.0
2008-11-19 00:00:00-05:00,4.68097723424386,4.771444837727556,4.406655485556097,4.581754207611084,192000,0.0,0.0
2008-11-20 00:00:00-05:00,4.409573546247618,4.555489285706254,3.965989843015698,4.073967456817627,360400,0.0,0.0
2008-11-21 00:00:00-05:00,3.983498384502736,4.225718417295415,3.274348292080166,3.5515880584716797,484100,0.0,0.0
2008-11-24 00:00:00-05:00,3.7938092461362993,4.348288947708268,3.7208513760182935,3.9543166160583496,362000,0.0,0.0
2008-11-25 00:00:00-05:00,4.348287553357634,4.348287553357634,3.639137472463659,4.146924018859863,390200,0.0,0.0
2008-11-26 00:00:00-05:00,4.001008748734543,4.050620112020108,3.580771629605668,3.9630706310272217,838700,0.0,0.0
2008-11-28 00:00:00-05:00,3.8930302726535366,4.0681289165264305,3.78505270602057,3.901785135269165,213600,0.0,0.0
2008-12-01 00:00:00-05:00,4.003928031777123,4.003928031777123,3.2393295783607203,3.245166063308716,845300,0.0,0.0
2008-12-02 00:00:00-05:00,3.3998356812480965,3.825909534196589,3.3122864843465494,3.3589794635772705,431300,0.0,0.0
2008-12-03 00:00:00-05:00,3.3881616292653964,3.4757110836218033,3.3093673151630605,3.3998348712921143,566000,0.0,0.0
2008-12-04 00:00:00-05:00,3.3910816321891275,3.650811739470329,3.3648167554816584,3.4494478702545166,331800,0.0,0.0
2008-12-05 00:00:00-05:00,3.4582035541534424,3.563262799059632,3.2305747727217016,3.4582035541534424,432200,0.0,0.0
2008-12-08 00:00:00-05:00,3.5749345179750636,3.9251321293795884,3.528241540229407,3.8521742820739746,572800,0.0,0.0
2008-12-09 00:00:00-05:00,3.936805341324115,4.006844807364539,3.7850531649031973,3.895949125289917,375500,0.0,0.0
2008-12-10 00:00:00-05:00,3.9309693741880074,4.278248647614122,3.895949636572006,4.199454307556152,320400,0.0,0.0
2008-12-11 00:00:00-05:00,4.1352530746401195,4.362881605100311,4.073968438172501,4.1702728271484375,370200,0.0,0.0
2008-12-12 00:00:00-05:00,4.027274629583513,4.342452617451491,3.893032132653656,4.243229866027832,244600,0.0,0.0
2008-12-15 00:00:00-05:00,4.371634905473587,4.371634905473587,3.890113133323505,4.111905097961426,480600,0.0,0.0
2008-12-16 00:00:00-05:00,4.041864270093026,4.193616425916564,3.936804806980054,3.957233190536499,284100,0.0,0.0
2008-12-17 00:00:00-05:00,3.9572348284680356,4.222801419813435,3.8375836928079043,4.202373027801514,338300,0.0,0.0
2008-12-18 00:00:00-05:00,4.2957591590867255,4.36288026114,4.0418658228776225,4.0856404304504395,393600,0.0,0.0
2008-12-19 00:00:00-05:00,4.228637699731657,4.289922316176122,4.033110603376082,4.190699577331543,297900,0.0,0.0
2008-12-22 00:00:00-05:00,4.138169763266733,4.488367423334081,4.138169763266733,4.2957587242126465,406700,0.0,0.0
2008-12-23 00:00:00-05:00,4.240310194420138,4.316186425758084,4.144005853995865,4.278248310089111,375700,0.0,0.0
2008-12-24 00:00:00-05:00,4.2782496209229475,4.354125875508991,4.100232511297722,4.205291748046875,163200,0.0,0.0
2008-12-26 00:00:00-05:00,4.272413044921434,4.435838520832198,4.214046525212541,4.304514408111572,221700,0.0,0.0
2008-12-29 00:00:00-05:00,4.304513991800828,4.432919710454822,4.246147756049012,4.357043743133545,357300,0.0,0.0
2008-12-30 00:00:00-05:00,4.243229242929092,4.4358379540855735,4.08564027213632,4.365798473358154,622600,0.0,0.0
2008-12-31 00:00:00-05:00,4.468451877841396,4.921335220336914,4.380894387475462,4.921335220336914,259200,0.5,0.0
2009-01-02 00:00:00-05:00,4.9213369283197625,5.058386685107444,4.753139351011065,4.94936990737915,238600,0.5,0.0
2009-01-05 00:00:00-05:00,4.986745213358409,5.176746311442642,4.95871224498221,5.1674017906188965,191100,0.0,0.0
2009-01-06 00:00:00-05:00,5.28888097736814,5.5349481697637,5.192323243409508,5.494455814361572,251300,0.0,0.0
2009-01-07 00:00:00-05:00,5.528715962337852,5.528715962337852,5.263960431237855,5.391665935516357,324900,0.0,0.0
2009-01-08 00:00:00-05:00,5.248387910133724,5.519372585063149,5.161174130587729,5.385437965393066,236000,0.0,0.0
2009-01-09 00:00:00-05:00,5.419697005825588,5.506910736648069,5.363631078446489,5.425926685333252,153200,0.0,0.0
2009-01-12 00:00:00-05:00,5.348059908527875,5.54740499076738,5.229698914471971,5.260846138000488,241800,0.0,0.0
2009-01-13 00:00:00-05:00,5.2328113730569505,5.357402600968547,4.936908692004417,4.9680562019348145,190500,0.0,0.0
2009-01-14 00:00:00-05:00,4.983630735482743,5.232812034618848,4.756252725759162,5.217238426208496,215500,0.0,0.0
2009-01-15 00:00:00-05:00,5.148715014215678,5.372978239920694,5.0957639005512005,5.3013386726379395,150300,0.0,0.0
2009-01-16 00:00:00-05:00,5.31379543925738,5.348058086379296,5.170516358738467,5.279533386230469,161700,0.0,0.0
2009-01-20 00:00:00-05:00,5.323140467490105,5.357403117881149,4.843466035443261,4.862154483795166,156500,0.0,0.0
2009-01-21 00:00:00-05:00,4.859040126673246,4.964942031170646,4.734449179012561,4.756252765655518,330800,0.0,0.0
2009-01-22 00:00:00-05:00,4.743793724708371,5.13313990554317,4.743793724708371,4.94313907623291,163500,0.0,0.0
2009-01-23 00:00:00-05:00,4.905762789770993,4.905762789770993,4.768713039360882,4.821663856506348,260500,0.0,0.0
2009-01-26 00:00:00-05:00,4.790514419274712,5.348058019011534,4.784284739131927,5.1642866134643555,287900,0.0,0.0
2009-01-27 00:00:00-05:00,5.111336479108334,5.497567808976492,4.921335654829858,5.422813415527344,324500,0.0,0.0
2009-01-28 00:00:00-05:00,5.625273368064581,5.849537145006168,5.513142073688902,5.622158527374268,199800,0.0,0.0
2009-01-29 00:00:00-05:00,5.506915079416937,5.665768467564972,5.4290458064480225,5.541177749633789,137600,0.0,0.0
2009-01-30 00:00:00-05:00,5.326254208583582,5.656419500432933,5.320024529053704,5.531828880310059,153400,0.0,0.0
2009-02-02 00:00:00-05:00,5.463305530786343,5.522485718583374,5.1611725343595545,5.332485198974609,247900,0.0,0.0
2009-02-03 00:00:00-05:00,5.478878492254518,5.606583968452785,5.2951070813165195,5.372976303100586,146400,0.0,0.0
2009-02-04 00:00:00-05:00,5.4228130415817795,5.731175116081198,5.391665231268743,5.513141632080078,359200,0.0,0.0
2009-02-05 00:00:00-05:00,5.615929115104595,5.706257113516074,5.541174725148346,5.687568664550781,293400,0.0,0.0
2009-02-06 00:00:00-05:00,5.777897663444529,6.2139659048401175,5.700028419494629,5.700028419494629,264500,0.0,0.0
2009-02-09 00:00:00-05:00,5.886913631569391,6.195275709107851,5.696913115567961,5.9959306716918945,185700,0.0,0.0
2009-02-10 00:00:00-05:00,5.974127008409482,6.44445719644567,5.653305589073595,6.157898426055908,234900,0.0,0.0
2009-02-11 00:00:00-05:00,6.1049483070062704,6.248227418093982,5.980357646474537,6.170358180999756,244800,0.0,0.0
2009-02-12 00:00:00-05:00,6.0301925689067595,6.416423827662234,5.958552435208446,6.179701328277588,239800,0.0,0.0
2009-02-13 00:00:00-05:00,6.1797022898653475,6.260686362316426,6.023963826096755,6.073800086975098,143200,0.0,0.0
2009-02-17 00:00:00-05:00,5.955439126950372,5.983471503913188,5.516256111741494,5.827733039855957,234700,0.0,0.0
2009-02-18 00:00:00-05:00,5.824618975687146,5.833962903602182,5.556748619014025,5.575437068939209,126900,0.0,0.0
2009-02-19 00:00:00-05:00,5.886912204387245,5.886912204387245,5.3418277300162975,5.344942569732666,220600,0.0,0.0
2009-02-20 00:00:00-05:00,5.441502616032957,5.4508471392888636,5.1393701599009285,5.145599842071533,233700,0.0,0.0
2009-02-23 00:00:00-05:00,5.404125812726929,5.404125812726929,4.734450116233125,4.868385314941406,250000,0.0,0.0
2009-02-24 00:00:00-05:00,4.827892847872932,5.2670753110227935,4.67526920977998,5.248386859893799,173600,0.0,0.0
2009-02-25 00:00:00-05:00,5.148714305623727,5.833963253573708,4.893302999261469,5.544289588928223,185800,0.0,0.0
2009-02-26 00:00:00-05:00,5.668878469629335,5.678222394186608,5.316909323631233,5.388548851013184,106000,0.0,0.0
2009-02-27 00:00:00-05:00,5.176745756336742,5.606583568521612,5.002318284234357,5.394779205322266,120700,0.0,0.0
2009-03-02 00:00:00-05:00,5.145599143565808,5.282648568143752,4.709531253389565,4.986745834350586,227400,0.0,0.0
2009-03-03 00:00:00-05:00,4.859041171270103,5.083304390585876,4.750024105761454,4.9244513511657715,177500,0.0,0.0
2009-03-04 00:00:00-05:00,4.92756537935444,5.32625609937562,4.8528109807433095,5.248386859893799,106600,0.0,0.0
2009-03-05 00:00:00-05:00,5.20166438694259,5.20166438694259,4.712645459536616,4.802973747253418,147000,0.0,0.0
2009-03-06 00:00:00-05:00,4.802973022461048,5.030350979038378,4.597398350200044,4.750021934509277,182200,0.0,0.0
2009-03-09 00:00:00-04:00,4.619202164243019,4.855924667286623,4.578710133692336,4.659694194793701,182500,0.0,0.0
2009-03-10 00:00:00-04:00,4.753137259695602,5.101991032573351,4.753137259695602,4.855924606323242,206100,0.0,0.0
2009-03-11 00:00:00-04:00,5.073959048119885,5.341828781406013,5.0178931103801006,5.295107364654541,147200,0.0,0.0
2009-03-12 00:00:00-04:00,5.3574026259318295,5.8152734301269255,5.263959204562724,5.668879508972168,170500,0.0,0.0
2009-03-13 00:00:00-04:00,5.7280598702317445,5.7280598702317445,5.329369827546745,5.606584072113037,113700,0.0,0.0
2009-03-16 00:00:00-04:00,5.918061819408178,5.924291500748277,5.310681552936137,5.575437068939209,167400,0.0,0.0
2009-03-17 00:00:00-04:00,5.547403861652582,5.671994512693177,5.460190702971709,5.6626505851745605,98300,0.0,0.0
2009-03-18 00:00:00-04:00,5.60658656865339,5.743636628900488,5.372978794959499,5.591012954711914,91800,0.0,0.0
2009-03-19 00:00:00-04:00,5.715599584347387,5.971010473582851,5.584779300337165,5.597238063812256,137100,0.0,0.0
2009-03-20 00:00:00-04:00,5.6533065883492855,5.809045065130782,5.450846687352368,5.569207668304443,106300,0.0,0.0
2009-03-23 00:00:00-04:00,5.771669471150785,6.142326702126364,5.771669471150785,6.027080535888672,165700,0.0,0.0
2009-03-24 00:00:00-04:00,5.924291328774113,5.924291328774113,5.653306139297276,5.756093502044678,106900,0.0,0.0
2009-03-25 00:00:00-04:00,5.737405039632211,6.0115044749710975,5.675109416371281,5.827733039855957,171700,0.0,0.0
2009-03-26 00:00:00-04:00,5.85576627733793,6.179702582480982,5.777897041766441,6.136096000671387,153300,0.0,0.0
2009-03-27 00:00:00-04:00,5.983470555017989,6.132979908315098,5.8869128889618345,6.002159595489502,80500,0.0,0.0
2009-03-30 00:00:00-04:00,5.905600973643459,5.9149454933069,5.597238953889446,5.787240028381348,129700,0.0,0.0
2009-03-31 00:00:00-04:00,5.961667768110204,6.198390287063453,5.790355708098206,6.192160606384277,179200,0.0,0.0
2009-04-01 00:00:00-04:00,5.911282295881152,6.128327310234503,5.815526820186947,6.007037162780762,87400,0.48,0.0
2009-04-02 00:00:00-04:00,6.026185714863259,6.141091998331259,5.863402625009412,6.070871829986572,153000,0.0,0.0
2009-04-03 00:00:00-04:00,5.9846920754306865,5.9846920754306865,5.722961639405615,5.898512363433838,120700,0.0,0.0
2009-04-06 00:00:00-04:00,6.016610635819881,6.08044698687282,5.6272062765811715,6.074063777923584,97100,0.0,0.0
2009-04-07 00:00:00-04:00,6.064489112099668,6.141093112039274,5.825101383990471,5.968734264373779,112000,0.0,0.0
2009-04-08 00:00:00-04:00,6.0517183942903845,6.064486025512663,5.844249257281679,5.927237033843994,165500,0.0,0.0
2009-04-09 00:00:00-04:00,5.933623305075041,5.978308815257709,5.841059766788755,5.8761701583862305,130400,0.0,0.0
2009-04-13 00:00:00-04:00,5.844252258541185,6.208122020913792,5.764456348806018,6.160243988037109,155600,0.0,0.0
2009-04-14 00:00:00-04:00,6.064488860640634,6.217696854167204,5.93362362340405,6.17620325088501,172400,0.0,0.0
2009-04-15 00:00:00-04:00,6.013421478573909,6.099601231163658,5.860213435388564,6.096409320831299,176800,0.0,0.0
2009-04-16 00:00:00-04:00,6.160244136550246,6.160244136550246,5.885746614423842,6.000652313232422,208700,0.0,0.0
2009-04-17 00:00:00-04:00,6.093214898962021,6.303876023708998,5.933623100893439,6.227272033691406,110800,0.0,0.0
2009-04-20 00:00:00-04:00,6.24961520290088,6.437933585827063,6.176203117026452,6.335794925689697,277000,0.0,0.0
2009-04-21 00:00:00-04:00,6.319835519444709,6.396440125037915,6.04852992574703,6.204929828643799,142600,0.0,0.0
2009-04-22 00:00:00-04:00,6.080447734687884,6.431549839440275,6.016611375783913,6.284725666046143,288600,0.0,0.0
2009-04-23 00:00:00-04:00,6.287918127913724,6.354946401972728,6.150669061456338,6.233656883239746,132800,0.0,0.0
2009-04-24 00:00:00-04:00,6.354947571623956,6.354947571623956,6.163437225244416,6.326220989227295,171600,0.0,0.0
2009-04-27 00:00:00-04:00,6.287915957073966,6.370903141412386,6.182585413635201,6.297491073608398,125100,0.0,0.0
2009-04-28 00:00:00-04:00,6.265574969166164,6.412399769133936,6.230465180595547,6.383673191070557,156000,0.0,0.0
2009-04-29 00:00:00-04:00,6.383671289956892,6.431548702872701,6.259189894616919,6.271956920623779,150100,0.0,0.0
2009-04-30 00:00:00-04:00,6.256000050572672,6.316645118304255,5.908089801746303,6.0549139976501465,237200,0.0,0.0
2009-05-01 00:00:00-04:00,6.019802544691683,6.188969453336621,5.955965584844376,6.074063777923584,66300,0.0,0.0
2009-05-04 00:00:00-04:00,6.05810563935894,6.291109561920167,6.013420122373091,6.291109561920166,143700,0.0,0.0
2009-05-05 00:00:00-04:00,6.198544747633045,6.351752710027815,6.105981223189752,6.319834232330322,124000,0.0,0.0
2009-05-06 00:00:00-04:00,6.380480989830888,6.380480989830888,6.1283262268802545,6.198546409606934,192500,0.0,0.0
2009-05-07 00:00:00-04:00,6.192162588563715,6.224081074808812,6.0804481911031205,6.1410932540893555,139600,0.0,0.0
2009-05-08 00:00:00-04:00,6.198544747633045,6.323026140979504,6.166626269935554,6.319834232330322,134100,0.0,0.0
2009-05-11 00:00:00-04:00,6.297492193901044,6.374096183775408,6.150668032173779,6.36771297454834,122100,0.0,0.0
2009-05-12 00:00:00-04:00,6.361330145658794,6.4060156611684524,6.182587474825669,6.31345272064209,142000,0.0,0.0
2009-05-13 00:00:00-04:00,6.268765656491469,6.3102598650675406,6.141092339323553,6.144284248352051,108000,0.0,0.0
2009-05-14 00:00:00-04:00,6.17620240764046,6.310259535871834,6.147475836676996,6.1570515632629395,137100,0.0,0.0
2009-05-15 00:00:00-04:00,6.214504624147568,6.383672155432521,6.166627204740708,6.348561763763428,127300,0.0,0.0
2009-05-18 00:00:00-04:00,6.457084692000864,6.457084692000864,6.1634357279030345,6.431550025939941,146800,0.0,0.0
2009-05-19 00:00:00-04:00,6.466658145003526,6.466658145003526,6.255997071916058,6.35813570022583,193300,0.0,0.0
2009-05-20 00:00:00-04:00,6.383671606131851,6.540071487426758,6.374095879556681,6.540071487426758,146100,0.0,0.0
2009-05-21 00:00:00-04:00,6.48900172915291,6.54326295852661,6.450699434209104,6.543262958526611,117200,0.0,0.0
2009-05-22 00:00:00-04:00,6.492195169903709,6.619868501855732,6.460276684717086,6.524113655090332,115300,0.0,0.0
2009-05-26 00:00:00-04:00,6.501766870939595,6.766689098946607,6.43792994010659,6.696468353271484,101900,0.0,0.0
2009-05-27 00:00:00-04:00,6.769882713707403,6.769882713707403,6.476234436035156,6.476234436035156,99000,0.0,0.0
2009-05-28 00:00:00-04:00,6.568798820227369,6.648594724558992,6.3326030164611,6.335794925689697,113800,0.0,0.0
2009-05-29 00:00:00-04:00,6.447509409690351,6.702856063842774,6.421974744275109,6.702856063842773,67100,0.0,0.0
2009-06-01 00:00:00-04:00,6.840102990798863,6.894364214024949,6.629441914460939,6.827335357666016,179500,0.0,0.0
2009-06-02 00:00:00-04:00,6.849680280221888,6.910325339256757,6.623060199356798,6.734774589538574,103100,0.0,0.0
2009-06-03 00:00:00-04:00,6.6996641960771575,6.747541617928076,6.527305355654962,6.734774589538574,105000,0.0,0.0
2009-06-04 00:00:00-04:00,6.750731709843002,6.808184844114784,6.549646348686049,6.575181007385254,195300,0.0,0.0
2009-06-05 00:00:00-04:00,6.575182515433221,6.619868026207083,6.463468129704141,6.581566333770752,103000,0.0,0.0
2009-06-08 00:00:00-04:00,6.469850225751601,6.639017105102538,6.46665831743253,6.639017105102539,133100,0.0,0.0
2009-06-09 00:00:00-04:00,6.90713342996077,6.90713342996077,6.549648111932426,6.734774589538574,107800,0.0,0.0
2009-06-10 00:00:00-04:00,6.9996977654218915,6.9996977654218915,6.578375431375321,6.718815803527832,83200,0.0,0.0
2009-06-11 00:00:00-04:00,6.773078309223867,7.101837759504055,6.651788763672761,7.05396032333374,84100,0.0,0.0
2009-06-12 00:00:00-04:00,7.497625367263579,7.497625367263579,7.01246597597259,7.101837635040283,138800,0.0,0.0
2009-06-15 00:00:00-04:00,7.085873952299929,7.105024791861285,6.674126944568387,6.744347095489502,111200,0.0,0.0
2009-06-16 00:00:00-04:00,6.872023537083831,6.92947607712359,6.6900883628440555,6.811378479003906,92000,0.0,0.0
2009-06-17 00:00:00-04:00,6.903943003932557,6.903943003932557,6.559224640233192,6.5911431312561035,151600,0.0,0.0
2009-06-18 00:00:00-04:00,6.591140528977075,6.798609725522244,6.581565411606805,6.769883155822754,118200,0.0,0.0
2009-06-19 00:00:00-04:00,6.769885930222215,6.945437329084259,6.6198698115972014,6.715625286102295,88400,0.0,0.0
2009-06-22 00:00:00-04:00,6.607100998326447,6.7762679227100255,6.55283976004629,6.581566333770752,82200,0.0,0.0
2009-06-23 00:00:00-04:00,6.792226770420949,6.820953341192776,6.639018190039753,6.706047058105469,104700,0.0,0.0
2009-06-24 00:00:00-04:00,6.7826526843640735,6.7986116236330085,6.56879961066999,6.578375339508057,73600,0.0,0.0
2009-06-25 00:00:00-04:00,6.702856063842774,6.715623700947618,6.543264252798898,6.702856063842773,99900,0.0,0.0
2009-06-26 00:00:00-04:00,6.843296207165091,6.8752146873041085,6.57518194806834,6.686896324157715,139200,0.0,0.0
2009-06-29 00:00:00-04:00,6.798608791911367,7.117792314701465,6.792225584139199,6.827335357666016,143700,0.0,0.0
2009-06-30 00:00:00-04:00,6.776267111483601,7.00607967376709,6.776267111483601,7.00607967376709,118500,0.0,0.0
2009-07-01 00:00:00-04:00,7.048499850906731,7.081131918565613,6.852708067358365,6.855971336364746,98700,0.48,0.0
2009-07-02 00:00:00-04:00,6.748289063084774,6.78744706442277,6.3632318562983,6.402390480041504,296000,0.0,0.0
2009-07-06 00:00:00-04:00,6.379548714446961,6.50028725513197,6.229441978768359,6.268599987030029,142300,0.0,0.0
2009-07-07 00:00:00-04:00,6.4317598054422005,6.4317598054422005,6.242494439144394,6.255547523498535,91000,0.0,0.0
2009-07-08 00:00:00-04:00,6.222913739870124,6.278388088453133,5.909647269569707,6.2588090896606445,180600,0.0,0.0
2009-07-09 00:00:00-04:00,6.278387372235101,6.500284741253807,6.278387372235101,6.493758201599121,77800,0.0,0.0
2009-07-10 00:00:00-04:00,6.402390544229968,6.6242873396487685,6.402390544229968,6.542707443237305,92800,0.0,0.0
2009-07-13 00:00:00-04:00,6.503546817539198,6.686285537498345,6.503546817539198,6.617758750915527,108800,0.0,0.0
2009-07-14 00:00:00-04:00,6.718918480551409,6.826603889465332,6.51007420202866,6.826603889465332,96800,0.0,0.0
2009-07-15 00:00:00-04:00,6.862498269255221,7.146395842692031,6.852708461672761,7.015868186950684,72800,0.0,0.0
2009-07-16 00:00:00-04:00,7.064815980053069,7.130080119126221,7.015868186950684,7.015868186950684,118300,0.0,0.0
2009-07-17 00:00:00-04:00,7.149661191414007,7.149661191414007,7.015870227564491,7.025660037994385,91900,0.0,0.0
2009-07-20 00:00:00-04:00,7.068079940542052,7.179028614374792,7.0126056036256825,7.055027484893799,103200,0.0,0.0
2009-07-21 00:00:00-04:00,7.175765376631368,7.365030652406635,7.068079971835182,7.188818454742432,94100,0.0,0.0
2009-07-22 00:00:00-04:00,7.436821408519336,7.436821408519336,7.041974505543774,7.1822919845581055,146100,0.0,0.0
2009-07-23 00:00:00-04:00,7.123554630255946,7.338925449561133,6.973447959639321,7.058290481567383,159000,0.0,0.0
2009-07-24 00:00:00-04:00,7.077868369336649,7.185553752664099,6.8527077960502,7.012604236602783,80800,0.0,0.0
2009-07-27 00:00:00-04:00,6.976711087766737,7.17902946472168,6.872288940591964,7.17902946472168,95500,0.0,0.0
2009-07-28 00:00:00-04:00,7.1953438007407655,7.1953438007407655,6.93428848327363,7.110501289367676,90500,0.0,0.0
2009-07-29 00:00:00-04:00,7.120291064509595,7.296503885198515,6.99302666450428,6.999553203582764,139800,0.0,0.0
2009-07-30 00:00:00-04:00,6.852709104438523,6.963657777826595,6.607969493565718,6.647128105163574,331600,0.0,0.0
2009-07-31 00:00:00-04:00,6.435020669172379,6.624285964665534,6.435020669172379,6.607970237731934,1812400,0.0,0.0
2009-08-03 00:00:00-04:00,6.60144499505725,6.624287266214404,6.588392535426822,6.59818172454834,600000,0.0,0.0
2009-08-04 00:00:00-04:00,6.392597297269932,6.630810317400601,6.350175425386185,6.611231327056885,430500,0.0,0.0
2009-08-05 00:00:00-04:00,6.607969971660369,6.637338776882375,6.5949168927150055,6.624285697937012,277400,0.0,0.0
2009-08-06 00:00:00-04:00,6.611234873848408,6.627550604153746,6.529654977511294,6.5786027908325195,236100,0.0,0.0
2009-08-07 00:00:00-04:00,6.549234045390169,6.607971670938906,6.526391773766821,6.559023857116699,292300,0.0,0.0
2009-08-10 00:00:00-04:00,6.575338161459648,6.630812504401009,6.555759164658311,6.607970237731934,200400,0.0,0.0
2009-08-11 00:00:00-04:00,6.607969262155674,6.607969262155674,6.451336066059553,6.523126125335693,325200,0.0,0.0
2009-08-12 00:00:00-04:00,6.523126268763283,6.559021610393101,6.487230927133465,6.545968532562256,287000,0.0,0.0
2009-08-13 00:00:00-04:00,6.529653892338491,6.607970505117942,6.510074894744906,6.555759429931641,208200,0.0,0.0
2009-08-14 00:00:00-04:00,6.523127205068368,6.5557592819243595,6.363230713119615,6.448073863983154,354100,0.0,0.0
2009-08-17 00:00:00-04:00,6.3632286377937,6.435018685538943,6.232700995345577,6.30449104309082,186300,0.0,0.0
2009-08-18 00:00:00-04:00,6.3762835383193455,6.549232480664306,6.320809196599907,6.513337135314941,176200,0.0,0.0
2009-08-19 00:00:00-04:00,6.464390010621529,6.604707514522597,6.464390010621529,6.601444244384766,175400,0.0,0.0
2009-08-20 00:00:00-04:00,6.604707448820158,6.689550604344361,6.562286182260622,6.656918525695801,232400,0.0,0.0
2009-08-21 00:00:00-04:00,6.689550469675298,6.767867083412151,6.617760396017797,6.683023929595947,203700,0.0,0.0
2009-08-24 00:00:00-04:00,6.653657079232493,6.705868170418213,6.614499072045855,6.699342250823975,238000,0.0,0.0
2009-08-25 00:00:00-04:00,6.699339732262027,6.7058656494029005,6.59491696674217,6.689549922943115,207100,0.0,0.0
2009-08-26 00:00:00-04:00,6.65691750299774,6.718918380664335,6.6112329733513215,6.6634440422058105,154800,0.0,0.0
2009-08-27 00:00:00-04:00,6.6634445806732945,6.673234390276506,6.493758281981476,6.607970237731934,153900,0.0,0.0
2009-08-28 00:00:00-04:00,6.630811976039427,6.689549584168148,6.572074367910705,6.676496505737305,109400,0.0,0.0
2009-08-31 00:00:00-04:00,6.62102406647372,6.653655524033672,6.5524966363064765,6.640603065490723,169900,0.0,0.0
2009-09-01 00:00:00-04:00,6.6406010131098,6.686285537498345,6.523125810505008,6.617758750915527,177200,0.0,0.0
2009-09-02 00:00:00-04:00,6.611235276200999,6.660183092501136,6.572076649717738,6.634077548980713,92300,0.0,0.0
2009-09-03 00:00:00-04:00,6.660181105452111,6.666707644986352,6.552495692757392,6.604706764221191,160300,0.0,0.0
2009-09-04 00:00:00-04:00,6.634075314816729,6.7384974537320765,6.58512751500079,6.728708267211914,132400,0.0,0.0
2009-09-08 00:00:00-04:00,6.722181650268371,6.771129449518824,6.6112329733513215,6.6634440422058105,140400,0.0,0.0
2009-09-09 00:00:00-04:00,6.526389079733471,6.6928120759552705,6.513336002819622,6.617758750915527,286100,0.0,0.0
2009-09-10 00:00:00-04:00,6.679762504656915,6.679762504656915,6.581866866046151,6.653656959533691,202600,0.0,0.0
2009-09-11 00:00:00-04:00,6.656917450971215,6.75481367111206,6.611232921681839,6.7548136711120605,192600,0.0,0.0
2009-09-14 00:00:00-04:00,6.7613410216386045,6.820078641697697,6.699340753714152,6.803762912750244,173300,0.0,0.0
2009-09-15 00:00:00-04:00,6.829867170192375,6.901657235449715,6.643865156530822,6.875551700592041,257100,0.0,0.0
2009-09-16 00:00:00-04:00,7.100711150991611,7.13334321975708,6.849445030623922,7.13334321975708,397800,0.0,0.0
2009-09-17 00:00:00-04:00,7.143133893218011,7.146397163015066,6.888605073098494,7.00607967376709,216900,0.0,0.0
2009-09-18 00:00:00-04:00,7.009341271383493,7.179027525918754,6.927761413134416,7.094184398651123,269400,0.0,0.0
2009-09-21 00:00:00-04:00,6.96365841560885,7.100712635146238,6.95386860621151,7.0778703689575195,125700,0.0,0.0
2009-09-22 00:00:00-04:00,7.084395747631955,7.179028697397517,7.032184679625103,7.097448825836182,241600,0.0,0.0
2009-09-23 00:00:00-04:00,7.0876563832487065,7.165972956154766,7.051761676336427,7.1366047859191895,221900,0.0,0.0
2009-09-24 00:00:00-04:00,7.103977838899903,7.136609923369572,6.9506072286140315,6.957133769989014,278400,0.0,0.0
2009-09-25 00:00:00-04:00,7.019132142652319,7.107238552296851,6.970184344762585,7.055027484893799,170000,0.0,0.0
2009-09-28 00:00:00-04:00,7.11376584224287,7.11376584224287,6.9701856903685995,7.025660037994385,193200,0.0,0.0
2009-09-29 00:00:00-04:00,7.01587132582895,7.01587132582895,6.950607157556819,6.96366024017334,266400,0.0,0.0
2009-09-30 00:00:00-04:00,7.006078273838074,7.015868081273073,6.836392635132718,6.901656150817871,279500,0.0,0.0
2009-10-01 00:00:00-04:00,6.961758028407957,6.978452636736592,6.768097642246755,6.77143669128418,197500,0.48,0.0
2009-10-02 00:00:00-04:00,6.741387599928531,6.898319123416021,6.6879640754707195,6.841556549072266,150600,0.0,0.0
2009-10-05 00:00:00-04:00,7.0051648894339795,7.0051648894339795,6.771437171949668,6.861588954925537,199400,0.0,0.0
2009-10-06 00:00:00-04:00,6.995150204977765,7.041895633308653,6.9016587114572925,6.928370475769043,237600,0.0,0.0
2009-10-07 00:00:00-04:00,6.9617603885120625,7.045234732170819,6.8883025585027875,7.001827716827393,222500,0.0,0.0
2009-10-08 00:00:00-04:00,7.051911878814197,7.11201286315918,7.001826769905456,7.11201286315918,162500,0.0,0.0
2009-10-09 00:00:00-04:00,7.118691630449296,7.168776107198199,7.088640817028219,7.158759593963623,121800,0.0,0.0
2009-10-12 00:00:00-04:00,7.155419838777854,7.385809173348734,7.155419838777854,7.272284030914307,174300,0.0,0.0
2009-10-13 00:00:00-04:00,7.038553003780093,7.355755600923428,7.015180301500592,7.315687656402588,132100,0.0,0.0
2009-10-14 00:00:00-04:00,7.362435873828533,7.425876544866799,7.322368550858082,7.332385063171387,146200,0.0,0.0
2009-10-15 00:00:00-04:00,7.258927949576191,7.332385133633666,7.188809815274777,7.218860626220703,190500,0.0,0.0
2009-10-16 00:00:00-04:00,7.152082834417706,7.29899787902832,7.1353882179918875,7.29899787902832,178500,0.0,0.0
2009-10-19 00:00:00-04:00,7.349079399765021,7.412520062930254,7.128707240200041,7.205503463745117,169900,0.0,0.0
2009-10-20 00:00:00-04:00,7.2455730894650925,7.362436657957526,7.1320479341935705,7.312352180480957,229200,0.0,0.0
2009-10-21 00:00:00-04:00,7.3791327476501465,7.412522615385149,7.228878661272017,7.3791327476501465,165900,0.0,0.0
2009-10-22 00:00:00-04:00,7.345742387131641,7.479301212253201,7.305674421165816,7.475962162017822,150700,0.0,0.0
2009-10-23 00:00:00-04:00,7.479300867642966,7.479300867642966,7.315691234800061,7.319030284881592,144800,0.0,0.0
2009-10-26 00:00:00-04:00,7.619538464952051,7.619538464952051,7.265607403970989,7.345742702484131,166700,0.0,0.0
2009-10-27 00:00:00-04:00,7.385811252049526,7.429217636675152,7.302336896581265,7.3891496658325195,130900,0.0,0.0
2009-10-28 00:00:00-04:00,7.439232404133847,7.462605114275994,7.228876739137347,7.409181594848633,180100,0.0,0.0
2009-10-29 00:00:00-04:00,7.509349489474873,7.509349489474873,7.248909390868315,7.329045295715332,179600,0.0,0.0
2009-10-30 00:00:00-04:00,7.329047143210962,7.579470157623291,7.238894705176445,7.579470157623291,188000,0.0,0.0
2009-11-02 00:00:00-05:00,7.512688826860012,7.512688826860012,7.038554662090506,7.28897762298584,179200,0.0,0.0
2009-11-03 00:00:00-05:00,7.21218471065911,7.479302403444745,7.1654386367775125,7.4726243019104,124600,0.0,0.0
2009-11-04 00:00:00-05:00,7.472623901858295,7.4926582053887785,7.332386961438815,7.469285488128662,110600,0.0,0.0
2009-11-05 00:00:00-05:00,7.415856997433878,7.669618962662637,7.392484293783326,7.632890701293945,150700,0.0,0.0
2009-11-06 00:00:00-05:00,7.516029061043057,7.703011389670098,7.485978250049241,7.646248817443848,184800,0.0,0.0
2009-11-09 00:00:00-05:00,7.776469400103778,7.789824962615966,7.672960765555786,7.789824962615967,131000,0.0,0.0
2009-11-10 00:00:00-05:00,7.7798072276572645,8.177145213018736,7.713028146404173,7.946755886077881,229500,0.0,0.0
2009-11-11 00:00:00-05:00,7.980144868386704,8.143754459240736,7.900009597571985,8.033568382263184,230400,0.0,0.0
2009-11-12 00:00:00-05:00,7.943415628246791,8.046923594104316,7.87997497446256,7.930059432983398,111300,0.0,0.0
2009-11-13 00:00:00-05:00,8.010194543471016,8.03356724788432,7.903347530805377,8.013533592224121,143900,0.0,0.0
2009-11-16 00:00:00-05:00,8.013535357536153,8.157111301256048,7.789824136663927,7.84658670425415,174800,0.0,0.0
2009-11-17 00:00:00-05:00,8.046925946612076,8.046925946612076,7.529384692305092,7.84324836730957,182800,0.0,0.0
2009-11-18 00:00:00-05:00,7.84658199069279,7.84658199069279,7.713023275669657,7.829887390136719,127600,0.0,0.0
2009-11-19 00:00:00-05:00,7.843248024636075,8.016874785083278,7.682977462773397,8.010196685791016,181800,0.0,0.0
2009-11-20 00:00:00-05:00,8.180482884753925,8.180482884753925,7.943416135418434,8.04024600982666,113000,0.0,0.0
2009-11-23 00:00:00-05:00,8.030228260547828,8.153770517923865,7.953432049214352,7.9968390464782715,161600,0.0,0.0
2009-11-24 00:00:00-05:00,8.16379165649414,8.16379165649414,7.896673355303206,8.16379165649414,117600,0.0,0.0
2009-11-25 00:00:00-05:00,8.190502110778656,8.477653394718374,8.093671574934131,8.33073902130127,159100,0.0,0.0
2009-11-27 00:00:00-05:00,8.594517592963658,8.594517592963658,8.026892487978715,8.33073902130127,41300,0.0,0.0
2009-11-30 00:00:00-05:00,8.287332849341626,8.414214210070773,8.097011445106617,8.157113075256348,169900,0.0,0.0
2009-12-01 00:00:00-05:00,7.863280803152922,8.304025754098086,7.863280803152922,8.243924140930176,144600,0.0,0.0
2009-12-02 00:00:00-05:00,8.26062207663977,8.34075738084465,7.946758324193237,8.053606033325195,146800,0.0,0.0
2009-12-03 00:00:00-05:00,8.097007041521683,8.16712514732326,7.9500920962623915,7.966787338256836,138100,0.0,0.0
2009-12-04 00:00:00-05:00,8.113708296642617,8.197182664455232,7.910031272243878,8.00018310546875,147000,0.0,0.0
2009-12-07 00:00:00-05:00,8.063622256857267,8.180486476754078,7.946758036960456,7.956775188446045,169800,0.0,0.0
2009-12-08 00:00:00-05:00,8.010196978284101,8.066959550623816,7.916705495354388,7.976807117462158,118200,0.0,0.0
2009-12-09 00:00:00-05:00,8.000181571166067,8.143757558165683,7.8265554034272125,7.956775188446045,162000,0.0,0.0
2009-12-10 00:00:00-05:00,8.003518713171244,8.01353586226818,7.806519238941796,7.970129489898682,215200,0.0,0.0
2009-12-11 00:00:00-05:00,8.000181260066594,8.193842360104576,7.936741213701121,8.10702896118164,151200,0.0,0.0
2009-12-14 00:00:00-05:00,8.263957048654213,8.437583773835605,8.203855440948463,8.367465019226074,196300,0.0,0.0
2009-12-15 00:00:00-05:00,8.464297541605736,8.834923149165137,8.42089053155858,8.784838676452637,287200,0.0,0.0
2009-12-16 00:00:00-05:00,8.711382626520805,8.854958600687114,8.534416787245798,8.584501266479492,226900,0.0,0.0
2009-12-17 00:00:00-05:00,8.47097362665641,8.671311469864278,8.300685950442942,8.367465019226074,238700,0.0,0.0
2009-12-18 00:00:00-05:00,8.337410908097675,8.59117279727191,8.297343610093344,8.551105499267578,265900,0.0,0.0
2009-12-21 00:00:00-05:00,8.59785475339815,8.661295413394091,8.40085531198326,8.410872459411621,137500,0.0,0.0
2009-12-22 00:00:00-05:00,8.504362973187796,8.621227141425607,8.447600413578488,8.577820777893066,168800,0.0,0.0
2009-12-23 00:00:00-05:00,8.521060340501169,8.59785657649368,8.390839943754477,8.457619667053223,146400,0.0,0.0
2009-12-24 00:00:00-05:00,8.574481095926215,8.654616355895996,8.447599789996904,8.654616355895996,72900,0.0,0.0
2009-12-28 00:00:00-05:00,8.677990962133494,8.701363671805916,8.497686746904396,8.64126205444336,137000,0.0,0.0
2009-12-29 00:00:00-05:00,8.758124929480822,8.758124929480822,8.434244818305457,8.460956573486328,136300,0.0,0.0
2009-12-30 00:00:00-05:00,8.367467475904924,8.534416152166402,8.217214049384788,8.247264862060547,237300,0.0,0.0
2009-12-31 00:00:00-05:00,8.213874298124512,8.394178521925781,8.163789826894082,8.36078929901123,185000,0.0,0.0
2010-01-04 00:00:00-05:00,8.435684157588447,8.456109360586392,8.275684894405646,8.316535949707031,206400,0.48,0.0
2010-01-05 00:00:00-05:00,8.272276688070459,8.391424839813283,8.22121337998216,8.374403953552246,173400,0.0,0.0
2010-01-06 00:00:00-05:00,8.340365124955873,8.510576658118238,8.340365124955873,8.46632194519043,185100,0.0,0.0
2010-01-07 00:00:00-05:00,8.469724200949635,8.592276692296155,8.360788941666224,8.534404754638672,164300,0.0,0.0
2010-01-08 00:00:00-05:00,8.46291574265421,8.646743819690958,8.428873313779162,8.62291431427002,146000,0.0,0.0
2010-01-11 00:00:00-05:00,8.622912972000325,8.622912972000325,8.462914425290391,8.486743927001953,122800,0.0,0.0
2010-01-12 00:00:00-05:00,8.510577818374369,8.544620259508978,8.425472040190625,8.517386436462402,113800,0.0,0.0
2010-01-13 00:00:00-05:00,8.568445450112437,8.62972168337534,8.43227640358667,8.605892181396484,149400,0.0,0.0
2010-01-14 00:00:00-05:00,8.02036432014766,8.153129708863746,8.02036432014766,8.085044860839844,4358300,0.0,0.0
2010-01-15 00:00:00-05:00,8.051003456115723,8.081641576674858,7.9999401382856,8.051003456115723,798000,0.0,0.0
2010-01-19 00:00:00-05:00,8.044196383753086,8.081643127021271,8.027175490979605,8.068026542663574,758700,0.0,0.0
2010-01-20 00:00:00-05:00,8.085048213669104,8.085048213669104,8.00675106048584,8.00675106048584,428200,0.0,0.0
2010-01-21 00:00:00-05:00,8.044197006901465,8.051005624260466,7.846751648628842,7.9352617263793945,413700,0.0,0.0
2010-01-22 00:00:00-05:00,7.925045904930735,7.948875405723288,7.707174792030529,7.870578289031982,307200,0.0,0.0
2010-01-25 00:00:00-05:00,8.020365310649693,8.061216354370117,7.901217136545875,8.061216354370117,314800,0.0,0.0
2010-01-26 00:00:00-05:00,8.061216379403872,8.064620687166588,7.938663897167328,8.051003456115723,306200,0.0,0.0
2010-01-27 00:00:00-05:00,8.085045929650867,8.085045929650867,7.921643051958568,8.02717399597168,241100,0.0,0.0
2010-01-28 00:00:00-05:00,8.068022911362187,8.085043796474812,7.945470460774817,7.965895652770996,246700,0.0,0.0
2010-01-29 00:00:00-05:00,8.085046530222392,8.085046530222392,7.918239332357605,7.969302654266357,210500,0.0,0.0
2010-02-01 00:00:00-05:00,8.098663832194326,8.098663832194326,7.877388353172769,8.010153770446777,177900,0.0,0.0
2010-02-02 00:00:00-05:00,7.986328033226578,8.061221553465815,7.880797022068972,8.020370483398438,364900,0.0,0.0
2010-02-03 00:00:00-05:00,7.999945273017614,8.047604313674778,7.918243782188591,8.020370483398438,210700,0.0,0.0
2010-02-04 00:00:00-05:00,8.033982629691758,8.033982629691758,7.880792025693197,7.938663959503174,299200,0.0,0.0
2010-02-05 00:00:00-05:00,7.999940753138062,7.999940753138062,7.34973285450829,7.826324939727783,856400,0.0,0.0
2010-02-08 00:00:00-05:00,7.860367088552196,8.081641907751113,7.836537582542283,8.040791511535645,282600,0.0,0.0
2010-02-09 00:00:00-05:00,8.044196460304233,8.061218002545136,7.918240294248778,8.033984184265137,256900,0.0,0.0
2010-02-10 00:00:00-05:00,8.064622310993316,8.064622310993316,7.938665495632416,8.033984184265137,161300,0.0,0.0
2010-02-11 00:00:00-05:00,8.047599792480469,8.06462133265645,7.996536470563254,8.047599792480469,239200,0.0,0.0
2010-02-12 00:00:00-05:00,7.999941672958771,8.068026542663574,7.993133056127204,8.068026542663574,234700,0.0,0.0
2010-02-16 00:00:00-05:00,8.102065772014035,8.102065772014035,7.982918261579749,8.07483196258545,249600,0.0,0.0
2010-02-17 00:00:00-05:00,8.098665241711013,8.112281827031461,8.033984675848796,8.102068901062012,195000,0.0,0.0
2010-02-18 00:00:00-05:00,8.08845174385284,8.108876945042105,8.020366874148037,8.068026542663574,193600,0.0,0.0
2010-02-19 00:00:00-05:00,8.119088417188463,8.170151735675368,8.057812175282045,8.15993881225586,186800,0.0,0.0
2010-02-22 00:00:00-05:00,8.245045496522987,8.248449804716378,8.068026015604422,8.17015266418457,214000,0.0,0.0
2010-02-23 00:00:00-05:00,8.170151755765007,8.204194184608426,8.115684129337666,8.146322250366211,226900,0.0,0.0
2010-02-24 00:00:00-05:00,8.207601720721305,8.272281646728516,8.125900248944633,8.272281646728516,224500,0.0,0.0
2010-02-25 00:00:00-05:00,8.234833352861116,8.411852836608887,8.15653556177252,8.411852836608887,327700,0.0,0.0
2010-02-26 00:00:00-05:00,8.415259555413547,8.510578265739847,8.31994149439284,8.462919235229492,238000,0.0,0.0
2010-03-01 00:00:00-05:00,8.180363776393492,8.50716949889001,8.180363776393492,8.456106185913086,228200,0.0,0.0
2010-03-02 00:00:00-05:00,8.510575939151686,8.510575939151686,8.398236362727099,8.507171630859375,243700,0.0,0.0
2010-03-03 00:00:00-05:00,8.51057268160298,8.57525321578861,8.462913682363657,8.548019409179688,275800,0.0,0.0
2010-03-04 00:00:00-05:00,8.551424980163574,8.575254483305498,8.476531513940083,8.551424980163574,271200,0.0,0.0
2010-03-05 00:00:00-05:00,8.701215544506152,8.816959467614373,8.54462120695128,8.782917022705078,409400,0.0,0.0
2010-03-08 00:00:00-05:00,8.827169542640432,8.844190434940538,8.725042240923532,8.76929759979248,242700,0.0,0.0
2010-03-09 00:00:00-05:00,8.776105287667924,8.816955684587189,8.680786612680718,8.75908374786377,273200,0.0,0.0
2010-03-10 00:00:00-05:00,8.731849197933123,8.844188753955924,8.71823261654218,8.806742668151855,298500,0.0,0.0
2010-03-11 00:00:00-05:00,8.776106189736126,8.885041458458414,8.725042214380313,8.779510498046875,210800,0.0,0.0
2010-03-12 00:00:00-05:00,8.847592750437926,8.847592750437926,8.718232309900053,8.803338050842285,195000,0.0,0.0
2010-03-15 00:00:00-04:00,8.823765802662875,8.823765802662875,8.575257122964388,8.65695858001709,274100,0.0,0.0
2010-03-16 00:00:00-04:00,8.612702514850515,8.656957872955397,8.503767247677592,8.541213989257812,332700,0.0,0.0
2010-03-17 00:00:00-04:00,8.592279797540586,8.643343137620773,8.54462076670649,8.571854591369629,293000,0.0,0.0
2010-03-18 00:00:00-04:00,8.616106530311407,8.694404319073382,8.513979883133716,8.680787086486816,227600,0.0,0.0
2010-03-19 00:00:00-04:00,8.87142276763916,8.87482707539058,8.636531376538954,8.87142276763916,297100,0.0,0.0
2010-03-22 00:00:00-04:00,8.847593806929314,8.847593806929314,8.731849933482476,8.75908374786377,169700,0.0,0.0
2010-03-23 00:00:00-04:00,8.789720820624996,8.830571861971588,8.728444583257744,8.803338050842285,206000,0.0,0.0
2010-03-24 00:00:00-04:00,8.816956568746598,8.844190385858882,8.752276009615386,8.793127059936523,205700,0.0,0.0
2010-03-25 00:00:00-04:00,8.83397710598225,8.929295130386476,8.769296554204137,8.81695556640625,347100,0.0,0.0
2010-03-26 00:00:00-04:00,8.881630088104783,9.11311767472983,8.803333007130107,9.014394760131836,434600,0.0,0.0
2010-03-29 00:00:00-04:00,8.94971996744992,9.133548028979039,8.932698429795659,9.007591247558594,447000,0.0,0.0
2010-03-30 00:00:00-04:00,9.06546651607372,9.089296677567095,8.987169361940587,9.082488059997559,381600,0.0,0.0
2010-03-31 00:00:00-04:00,9.055250635883613,9.181206764273737,9.028016825747484,9.143760681152344,275800,0.0,0.0
2010-04-01 00:00:00-04:00,9.17149396213307,9.2338851854597,9.060576525605757,9.154163360595703,145500,0.48,0.0
2010-04-05 00:00:00-04:00,9.150693225410837,9.278941870179487,9.13336263122687,9.174956321716309,174200,0.0,0.0
2010-04-06 00:00:00-04:00,9.174955903796318,9.317068885214928,9.122963462492885,9.168024063110352,170800,0.0,0.0
2010-04-07 00:00:00-04:00,9.206155513136718,9.34133671278561,9.13336619581197,9.296276092529297,240000,0.0,0.0
2010-04-08 00:00:00-04:00,9.313602556500417,9.41412118022938,9.161090834473336,9.34826374053955,225500,0.0,0.0
2010-04-09 00:00:00-04:00,9.3655952644348,9.42798645530048,9.282407230320468,9.400257110595703,162700,0.0,0.0
2010-04-12 00:00:00-04:00,9.358664480791242,9.497311229764179,9.299739529837762,9.410656929016113,135300,0.0,0.0
2010-04-13 00:00:00-04:00,9.441850393288549,9.445316643868368,9.261609329856094,9.365594863891602,213100,0.0,0.0
2010-04-14 00:00:00-04:00,9.358664410093008,9.445318710186461,9.289340705570307,9.431453704833984,198500,0.0,0.0
2010-04-15 00:00:00-04:00,9.473047471886105,9.54583742322967,9.358663829306044,9.518107414245605,247000,0.0,0.0
2010-04-16 00:00:00-04:00,9.46611613399452,9.521574836544596,9.36906373509183,9.455718040466309,190900,0.0,0.0
2010-04-19 00:00:00-04:00,9.473049993185265,9.521576199583265,9.25121515122872,9.265079498291016,252700,0.0,0.0
2010-04-20 00:00:00-04:00,9.296276092529297,9.351734808906262,9.226953027618116,9.296276092529297,257200,0.0,0.0
2010-04-21 00:00:00-04:00,9.282407821300287,9.497310091164488,9.265076566556548,9.396791458129883,121600,0.0,0.0
2010-04-22 00:00:00-04:00,9.337865959830465,9.51464078100246,9.268542267210956,9.320534706115723,178200,0.0,0.0
2010-04-23 00:00:00-04:00,9.348264117791281,9.486911504021801,9.27547483502802,9.434918403625488,129900,0.0,0.0
2010-04-26 00:00:00-04:00,9.479979558021665,9.52157324743246,9.379460263225988,9.511175155639648,151600,0.0,0.0
2010-04-27 00:00:00-04:00,9.521574328194463,9.528506830923071,9.358664480791242,9.410656929016113,186300,0.0,0.0
2010-04-28 00:00:00-04:00,9.469583408241053,9.483448415935909,9.362132243085743,9.375996589660645,156800,0.0,0.0
2010-04-29 00:00:00-04:00,9.431454841584294,9.511177309730108,9.369064293337896,9.421056747436523,161100,0.0,0.0
2010-04-30 00:00:00-04:00,9.438384858826105,9.438384858826105,9.285873788460759,9.372528076171875,127600,0.0,0.0
2010-05-03 00:00:00-04:00,9.462651714750594,9.511178584718348,9.417591758123406,9.476516723632812,111100,0.0,0.0
2010-05-04 00:00:00-04:00,9.476511517891561,9.476511517891561,9.251210536280404,9.358661651611328,207600,0.0,0.0
2010-05-05 00:00:00-04:00,9.36213280964201,9.36213280964201,8.675830754093516,9.060575485229492,405200,0.0,0.0
2010-05-06 00:00:00-04:00,8.991252043911532,9.046710753450911,8.145505731756037,8.578777313232422,529400,0.0,0.0
2010-05-07 00:00:00-04:00,8.703558778283556,8.963521698436638,8.405467751616323,8.828340530395508,393200,0.0,0.0
2010-05-10 00:00:00-04:00,9.313607650825269,9.358667611394708,9.018982797501792,9.237351417541504,205600,0.0,0.0
2010-05-11 00:00:00-04:00,9.261608835270136,9.459181141050989,9.029375347781448,9.26854133605957,248400,0.0,0.0
2010-05-12 00:00:00-04:00,9.351734808906262,9.358667313733394,9.1922911646025,9.296276092529297,226700,0.0,0.0
2010-05-13 00:00:00-04:00,9.296271789183258,9.462647861296844,9.233880596860727,9.445317268371582,230400,0.0,0.0
2010-05-14 00:00:00-04:00,9.424519085384317,9.424519085384317,9.278939877692244,9.358661651611328,368500,0.0,0.0
2010-05-17 00:00:00-04:00,9.417589579482396,9.417589579482396,8.980851817526467,9.091769218444824,234400,0.0,0.0
2010-05-18 00:00:00-04:00,9.206152583305302,9.240814435289883,9.001648383828098,9.067505836486816,156900,0.0,0.0
2010-05-19 00:00:00-04:00,9.077906723994063,9.077906723994063,8.599574508648308,8.946191787719727,273200,0.0,0.0
2010-05-20 00:00:00-04:00,8.672361888759177,8.755549931535981,8.291082863525647,8.606504440307617,464400,0.0,0.0
2010-05-21 00:00:00-04:00,8.630769756251675,8.831807743273377,8.322280602318363,8.745153427124023,351900,0.0,0.0
2010-05-24 00:00:00-04:00,8.786748156210814,8.8352743637198,8.641168872563867,8.66543197631836,228800,0.0,0.0
2010-05-25 00:00:00-04:00,8.492122989718254,8.661965370178223,8.33961120805462,8.661965370178223,188800,0.0,0.0
2010-05-26 00:00:00-04:00,8.897662756693505,9.067505090207664,8.596105528702381,8.675827980041504,276200,0.0,0.0
2010-05-27 00:00:00-04:00,8.939258857170657,8.980852555372353,8.724355879395517,8.88033390045166,209100,0.0,0.0
2010-05-28 00:00:00-04:00,8.921927089105726,8.994717048481395,8.630768573842799,8.752084732055664,162000,0.0,0.0
2010-06-01 00:00:00-04:00,8.745151092532629,8.838737887658944,8.502519468758962,8.544113159179688,270400,0.0,0.0
2010-06-02 00:00:00-04:00,8.707024148815636,8.734753497714546,8.5614449018164,8.72435474395752,242500,0.0,0.0
2010-06-03 00:00:00-04:00,8.824876016268837,8.928861601475097,8.637703020689603,8.814477920532227,327600,0.0,0.0
2010-06-04 00:00:00-04:00,8.752083694717703,8.811008641087327,8.613436956530292,8.689692497253418,148300,0.0,0.0
2010-06-07 00:00:00-04:00,8.800606701394573,8.8179379505928,8.547576413176479,8.613433837890625,177600,0.0,0.0
2010-06-08 00:00:00-04:00,8.65156562434002,8.682761227500082,8.512918866473012,8.630768775939941,177600,0.0,0.0
2010-06-09 00:00:00-04:00,8.707023578148165,8.831805309455023,8.665429226966022,8.675827980041504,110800,0.0,0.0
2010-06-10 00:00:00-04:00,8.83874033275966,9.03631206971274,8.77981537076313,9.00511646270752,267200,0.0,0.0
2010-06-11 00:00:00-04:00,9.015512483639968,9.098700523376465,8.921925691016494,9.098700523376465,207200,0.0,0.0
2010-06-14 00:00:00-04:00,9.098701233191264,9.324002274360605,9.005114433266824,9.105633735656738,286400,0.0,0.0
2010-06-15 00:00:00-04:00,9.046709730380616,9.046709730380616,8.779814307704923,8.939258575439453,1062100,0.0,0.0
2010-06-16 00:00:00-04:00,9.060572678758344,9.060572678758344,8.849136653067577,8.956587791442871,379800,0.0,0.0
2010-06-17 00:00:00-04:00,9.012047038358801,9.03284388487223,8.772880989534958,8.838738441467285,411500,0.0,0.0
2010-06-18 00:00:00-04:00,8.911528562685715,8.939258575439453,8.800611156150334,8.939258575439453,352800,0.0,0.0
2010-06-21 00:00:00-04:00,9.237345780699465,9.237345780699465,8.856066830306087,9.001646041870117,378200,0.0,0.0
2010-06-22 00:00:00-04:00,9.046707888559528,9.077903485436472,8.81100811709806,8.890729904174805,362900,0.0,0.0
2010-06-23 00:00:00-04:00,8.942722057323099,9.053640098825179,8.710488544227669,8.73128604888916,228600,0.0,0.0
2010-06-24 00:00:00-04:00,8.731291746600677,8.755554856752537,8.630772391834206,8.700096130371094,290000,0.0,0.0
2010-06-25 00:00:00-04:00,8.804075951327517,8.873399649504181,8.738218504171664,8.81100845336914,319800,0.0,0.0
2010-06-28 00:00:00-04:00,8.904595037626992,9.07097111598458,8.88379753199247,8.9843168258667,233400,0.0,0.0
2010-06-29 00:00:00-04:00,8.932327853760642,8.99125282037485,8.731289849039232,8.814477920532227,185600,0.0,0.0
2010-06-30 00:00:00-04:00,8.880333240934274,9.157626745418147,8.807543282807341,9.070972442626953,355600,0.0,0.0
2010-07-01 00:00:00-04:00,9.150695349891915,9.213086561230988,8.977386723336691,9.112567901611328,382700,0.0,0.0
2010-07-02 00:00:00-04:00,9.264383832219856,9.267914547142855,8.996055558807061,9.066668510437012,216100,0.48,0.0
2010-07-06 00:00:00-04:00,9.119628958765427,9.200833391288716,8.950158663043315,9.049015998840332,243700,0.0,0.0
2010-07-07 00:00:00-04:00,9.133752487584522,9.183181159095135,8.967812221658649,9.080792427062988,155200,0.0,0.0
2010-07-08 00:00:00-04:00,9.15846464419905,9.225546204312202,9.056075936529,9.15493392944336,223400,0.0,0.0
2010-07-09 00:00:00-04:00,9.317346228272612,9.327938376473714,9.183182384801503,9.296162605285645,145000,0.0,0.0
2010-07-12 00:00:00-04:00,9.320875697577984,9.44444804973417,9.169058294078825,9.204364776611328,185500,0.0,0.0
2010-07-13 00:00:00-04:00,9.197302902732801,9.416202545166016,9.169057852749331,9.416202545166016,316000,0.0,0.0
2010-07-14 00:00:00-04:00,9.426793936504463,9.444446838799749,9.225547213896906,9.289098739624023,166800,0.0,0.0
2010-07-15 00:00:00-04:00,9.349117986591475,9.352648701143039,9.126688357162443,9.229076385498047,287600,0.0,0.0
2010-07-16 00:00:00-04:00,9.243198638948353,9.243198638948353,9.084319861597638,9.169054985046387,193000,0.0,0.0
2010-07-19 00:00:00-04:00,9.26791556468975,9.26791556468975,9.123159604028755,9.200833320617676,275300,0.0,0.0
2010-07-20 00:00:00-04:00,9.197301366555642,9.267914316427756,9.169056321289794,9.2326078414917,381300,0.0,0.0
2010-07-21 00:00:00-04:00,9.264382749906721,9.267913464417243,9.165524763856894,9.246729850769043,301300,0.0,0.0
2010-07-22 00:00:00-04:00,9.345588089426643,9.345588089426643,9.211424291807624,9.285567283630371,314500,0.0,0.0
2010-07-23 00:00:00-04:00,9.324402423733845,9.345586034823896,9.239667305958786,9.342055320739746,235000,0.0,0.0
2010-07-26 00:00:00-04:00,9.39148670919644,9.412670324943655,9.250261481856683,9.285567283630371,265500,0.0,0.0
2010-07-27 00:00:00-04:00,9.320875007258365,9.320875007258365,9.186711191669426,9.253792762756348,255200,0.0,0.0
2010-07-28 00:00:00-04:00,9.352649445603038,9.352649445603038,9.179648459295349,9.313812255859375,199800,0.0,0.0
2010-07-29 00:00:00-04:00,9.416199962048774,9.416199962048774,9.211423237490617,9.222015380859375,186700,0.0,0.0
2010-07-30 00:00:00-04:00,9.26085482978346,9.525652437238753,9.17965039178347,9.49034595489502,169500,0.0,0.0
2010-08-02 00:00:00-04:00,9.60332575880362,9.705713805390173,9.296160272213834,9.303221702575684,422600,0.0,0.0
2010-08-03 00:00:00-04:00,9.359714735158075,9.532715792810357,9.331469678264138,9.398551940917969,279100,0.0,0.0
2010-08-04 00:00:00-04:00,9.557426536131866,9.568018681011084,9.377364113675299,9.447977066040039,259100,0.0,0.0
2010-08-05 00:00:00-04:00,9.486814276626033,9.606855218428088,9.458569230305251,9.571549415588379,307700,0.0,0.0
2010-08-06 00:00:00-04:00,9.260852886757545,9.296159361693604,9.109035515922995,9.2326078414917,3448600,0.0,0.0
2010-08-09 00:00:00-04:00,9.303219936107535,9.303219936107535,9.183178336409506,9.246729850769043,627400,0.0,0.0
2010-08-10 00:00:00-04:00,9.056076893106836,9.161996326720661,9.038423990878725,9.07373046875,534300,0.0,0.0
2010-08-11 00:00:00-04:00,8.999586895270532,8.999586895270532,8.861892370839016,8.932504653930664,586900,0.0,0.0
2010-08-12 00:00:00-04:00,8.971341374605336,9.020770037506349,8.879544805349864,9.010178565979004,408800,0.0,0.0
2010-08-13 00:00:00-04:00,9.066670238095018,9.151405392148272,9.00664941979707,9.080792427062988,345700,0.0,0.0
2010-08-16 00:00:00-04:00,9.1125685693111,9.126691432275862,8.960751159515738,9.020771980285645,264100,0.0,0.0
2010-08-17 00:00:00-04:00,9.091382990292104,9.161995943077859,8.981933519547706,9.010178565979004,731200,0.0,0.0
2010-08-18 00:00:00-04:00,9.052543602135822,9.052543602135822,8.936032729703562,9.041952133178711,398200,0.0,0.0
2010-08-19 00:00:00-04:00,9.077261173879242,9.11962908510426,9.024301789909295,9.105506896972656,320100,0.0,0.0
2010-08-20 00:00:00-04:00,9.12668923538536,9.179648611925002,9.059606999280474,9.176117897033691,258400,0.0,0.0
2010-08-23 00:00:00-04:00,9.214956630358088,9.214956630358088,9.094914997614016,9.112567901611328,215200,0.0,0.0
2010-08-24 00:00:00-04:00,9.09491355640599,9.11962788745197,9.024300604776037,9.066668510437012,250100,0.0,0.0
2010-08-25 00:00:00-04:00,9.087853159592928,9.109036778123889,8.999587296729654,9.038424491882324,422000,0.0,0.0
2010-08-26 00:00:00-04:00,9.020770949553315,9.137281862039153,9.010179476955116,9.049015998840332,379200,0.0,0.0
2010-08-27 00:00:00-04:00,9.15493698670298,9.15493698670298,8.985466662325749,9.109038352966309,352000,0.0,0.0
2010-08-30 00:00:00-04:00,9.16552663439151,9.16552663439151,8.943096962153797,8.999587059020996,464400,0.0,0.0
2010-08-31 00:00:00-04:00,9.010180046844148,9.059608717868993,8.971342849087407,9.017241477966309,389400,0.0,0.0
2010-09-01 00:00:00-04:00,9.098443736735096,9.144341681207246,9.049014404132425,9.1408109664917,483800,0.0,0.0
2010-09-02 00:00:00-04:00,9.186709725018956,9.271444859244356,9.098443876023959,9.165525436401367,210600,0.0,0.0
2010-09-03 00:00:00-04:00,9.193773112596782,9.25379325621775,9.09491509823876,9.250263214111328,315000,0.0,0.0
2010-09-07 00:00:00-04:00,9.211428460968236,9.250265668595302,9.091386795043945,9.091386795043945,437700,0.0,0.0
2010-09-08 00:00:00-04:00,9.140812577376916,9.18318048801499,9.017240907630644,9.049015998840332,486500,0.0,0.0
2010-09-09 00:00:00-04:00,9.084318224842308,9.1019717932644,9.034889580090006,9.056073188781738,286300,0.0,0.0
2010-09-10 00:00:00-04:00,9.091384035425948,9.13022123126429,9.077261173879242,9.105506896972656,450300,0.0,0.0
2010-09-13 00:00:00-04:00,9.176117970747063,9.211424446528783,9.119627878862314,9.147872924804688,770800,0.0,0.0
2010-09-14 00:00:00-04:00,9.165524270725825,9.21495359779877,9.126687760029462,9.169054985046387,439100,0.0,0.0
2010-09-15 00:00:00-04:00,9.200831769826033,9.218485343403763,9.112565922182306,9.1408109664917,801700,0.0,0.0
2010-09-16 00:00:00-04:00,9.183177878964786,9.21142292022705,9.15493283770252,9.21142292022705,308200,0.0,0.0
2010-09-17 00:00:00-04:00,9.246732498589779,9.260854687260851,9.18318096603213,9.250263214111328,413100,0.0,0.0
2010-09-20 00:00:00-04:00,9.264381197092007,9.278504052766948,9.229074731319477,9.267911911010742,377900,0.0,0.0
2010-09-21 00:00:00-04:00,9.27497606331174,9.28203749322346,9.222016685803887,9.243200302124023,479400,0.0,0.0
2010-09-22 00:00:00-04:00,9.278505607948812,9.278505607948812,9.197300521036661,9.246729850769043,384400,0.0,0.0
2010-09-23 00:00:00-04:00,9.243201940969152,9.246732656551018,9.179650407325859,9.19377326965332,452800,0.0,0.0
2010-09-24 00:00:00-04:00,9.229075818485379,9.250260104493256,9.183177878964786,9.21142292022705,584200,0.0,0.0
2010-09-27 00:00:00-04:00,9.246730848029888,9.260853034180121,9.119627805602738,9.176117897033691,556800,0.0,0.0
2010-09-28 00:00:00-04:00,9.154933825353885,9.179648154947731,9.094913022019549,9.1408109664917,528800,0.0,0.0
2010-09-29 00:00:00-04:00,9.169053965591896,9.204360431457076,9.098441707276361,9.197299003601074,389600,0.0,0.0
2010-09-30 00:00:00-04:00,9.246730840151468,9.27497588584288,9.222016509348359,9.257322311401367,511900,0.0,0.0
2010-10-01 00:00:00-04:00,9.343639826099697,9.35083293914795,9.293289406707958,9.35083293914795,339800,0.48,0.0
2010-10-04 00:00:00-04:00,9.39039054051506,9.429951274180388,9.282495946767455,9.411969184875488,328400,0.0,0.0
2010-10-05 00:00:00-04:00,9.429956067512455,9.462324393492576,9.419167082834472,9.458727836608887,419500,0.0,0.0
2010-10-06 00:00:00-04:00,9.455127554225173,9.46591653386935,9.35442606638535,9.429951667785645,315500,0.0,0.0
2010-10-07 00:00:00-04:00,9.46951481770258,9.46951481770258,9.386796090790972,9.422760963439941,270800,0.0,0.0
2010-10-08 00:00:00-04:00,9.447937262150088,9.4551303747071,9.40837582905949,9.444340705871582,228200,0.0,0.0
2010-10-11 00:00:00-04:00,9.465920950376265,9.480307177911024,9.419167082834472,9.458727836608887,253300,0.0,0.0
2010-10-12 00:00:00-04:00,9.451532956386671,9.483901273968055,9.426357064733336,9.480304718017578,294100,0.0,0.0
2010-10-13 00:00:00-04:00,9.491090732295387,9.512670061250988,9.476705198964344,9.505476951599121,392100,0.0,0.0
2010-10-14 00:00:00-04:00,9.501884574723032,9.509077687537689,9.444341044151763,9.476709365844727,234300,0.0,0.0
2010-10-15 00:00:00-04:00,9.509077119851032,9.509077119851032,9.444340480329846,9.494690895080566,295300,0.0,0.0
2010-10-18 00:00:00-04:00,9.505473538112534,9.523455619812012,9.46231558167237,9.523455619812012,287300,0.0,0.0
2010-10-19 00:00:00-04:00,9.509077510152036,9.512674066492274,9.401182877863866,9.404779434204102,298000,0.0,0.0
2010-10-20 00:00:00-04:00,9.451533842017039,9.50907737067081,9.426357948004664,9.491094589233398,194000,0.0,0.0
2010-10-21 00:00:00-04:00,9.505478198852545,9.527056844666879,9.473109887144652,9.487495422363281,350100,0.0,0.0
2010-10-22 00:00:00-04:00,9.512673926958291,9.512673926958291,9.465919381193995,9.491094589233398,217200,0.0,0.0
2010-10-25 00:00:00-04:00,9.509076024459185,9.516268450042936,9.444339392395294,9.473111152648926,276600,0.0,0.0
2010-10-26 00:00:00-04:00,9.483901273968055,9.494690255846576,9.426357064733336,9.480304718017578,292400,0.0,0.0
2010-10-27 00:00:00-04:00,9.483901912475671,9.509077119851032,9.404779048184022,9.494690895080566,422300,0.0,0.0
2010-10-28 00:00:00-04:00,9.512673926958291,9.523462909847767,9.458726268619031,9.491094589233398,510000,0.0,0.0
2010-10-29 00:00:00-04:00,9.509077209514665,9.56662073719321,9.483902001901921,9.530655860900879,296000,0.0,0.0
2010-11-01 00:00:00-04:00,9.527059304674351,9.530655860900879,9.501884097061607,9.530655860900879,346200,0.0,0.0
2010-11-02 00:00:00-04:00,9.527060677419698,9.63495532184313,9.527060677419698,9.598990440368652,456500,0.0,0.0
2010-11-03 00:00:00-04:00,9.573810617539475,9.620564460754395,9.573810617539475,9.620564460754395,284900,0.0,0.0
2010-11-04 00:00:00-04:00,9.67091769324517,9.750040554759718,9.642145930687043,9.742847442626953,445000,0.0,0.0
2010-11-05 00:00:00-04:00,9.775217326029884,9.818374633789062,9.732059332297666,9.818374633789062,282800,0.0,0.0
2010-11-08 00:00:00-05:00,9.82196901528263,9.937056058450937,9.796793810336172,9.883109092712402,528300,0.0,0.0
2010-11-09 00:00:00-05:00,9.915477531381946,9.980214165454068,9.850740897309823,9.965827941894531,487000,0.0,0.0
2010-11-10 00:00:00-05:00,9.987405472086477,9.987405472086477,9.922668849715006,9.940650939941406,355900,0.0,0.0
2010-11-11 00:00:00-05:00,9.94065457007777,9.962233909397135,9.80398885092023,9.933462142944336,319400,0.0,0.0
2010-11-12 00:00:00-05:00,9.922670976203516,9.937056514272989,9.800390815734863,9.890302658081055,253200,0.0,0.0
2010-11-15 00:00:00-05:00,9.919072483609037,10.231965935713049,9.919072483609037,10.073720932006836,321600,0.0,0.0
2010-11-16 00:00:00-05:00,10.098898219024179,10.098898219024179,9.80758403860247,9.865127563476562,449300,0.0,0.0
2010-11-17 00:00:00-05:00,9.91906856234047,9.998190689928128,9.825560219206414,9.990998268127441,209400,0.0,0.0
2010-11-18 00:00:00-05:00,10.059335164551568,10.116878680136391,10.012581315378705,10.080914497375488,221800,0.0,0.0
2010-11-19 00:00:00-05:00,10.1096861474123,10.120475127736448,10.01617776409043,10.10608959197998,197400,0.0,0.0
2010-11-22 00:00:00-05:00,10.120473117249114,10.257139452636487,10.048544080810254,10.192402839660645,273200,0.0,0.0
2010-11-23 00:00:00-05:00,10.174425149379704,10.174425149379704,9.926268254377696,10.113285064697266,278100,0.0,0.0
2010-11-24 00:00:00-05:00,10.152844350224594,10.246352741923666,10.05214353298934,10.055739402770996,198800,0.0,0.0
2010-11-26 00:00:00-05:00,10.088106717174405,10.116878474381663,9.915476173930854,10.070124626159668,59300,0.0,0.0
2010-11-29 00:00:00-05:00,10.041352604697462,10.210386588095094,9.969422870585866,10.196001052856445,281300,0.0,0.0
2010-11-30 00:00:00-05:00,10.167229084966342,10.24635124206543,10.116877997746226,10.24635124206543,225200,0.0,0.0
2010-12-01 00:00:00-05:00,10.246352680421868,10.386614924142142,10.23915956895599,10.300299644470215,310700,0.0,0.0
2010-12-02 00:00:00-05:00,10.311090245692967,10.408195201359904,10.293108151372241,10.361440658569336,302800,0.0,0.0
2010-12-03 00:00:00-05:00,10.343458607993616,10.45494910239407,10.278721970608537,10.411791801452637,210300,0.0,0.0
2010-12-06 00:00:00-05:00,10.368630263616293,10.462138631596366,10.321876422612604,10.408191680908203,222500,0.0,0.0
2010-12-07 00:00:00-05:00,10.494510533234491,10.494510533234491,10.347055164067557,10.411791801452637,188600,0.0,0.0
2010-12-08 00:00:00-05:00,10.436965402955133,10.52328067753699,10.321878370179327,10.332667350769043,284300,0.0,0.0
2010-12-09 00:00:00-05:00,10.408195245378696,10.498107089308432,10.307493733227135,10.411791801452637,190800,0.0,0.0
2010-12-10 00:00:00-05:00,10.462140787251188,10.483719434778052,10.361439288837767,10.465737342834473,206000,0.0,0.0
2010-12-13 00:00:00-05:00,10.530474489958458,10.598806991487347,10.314685946144863,10.397404670715332,283200,0.0,0.0
2010-12-14 00:00:00-05:00,10.429774534809903,10.526879496836473,10.321880589873473,10.426177978515625,268400,0.0,0.0
2010-12-15 00:00:00-05:00,10.458543803063424,10.458543803063424,9.987406016526522,10.044949531555176,329500,0.0,0.0
2010-12-16 00:00:00-05:00,10.13486139432303,10.185211798652734,9.973019829016401,10.091703414916992,237400,0.0,0.0
2010-12-17 00:00:00-05:00,10.174420803133428,10.49450662892939,10.152841474718008,10.48371696472168,286000,0.0,0.0
2010-12-20 00:00:00-05:00,10.447756154370762,10.494510698093537,10.285915244338623,10.480124473571777,250300,0.0,0.0
2010-12-21 00:00:00-05:00,10.523280880304707,10.57722784221124,10.436965604059688,10.573631286621094,212200,0.0,0.0
2010-12-22 00:00:00-05:00,10.562843650069286,10.828982623853948,10.526878775563699,10.764245986938477,168700,0.0,0.0
2010-12-23 00:00:00-05:00,10.803806662491754,11.008805541082902,10.749859011516923,10.944068908691406,189100,0.0,0.0
2010-12-27 00:00:00-05:00,10.96564849616222,11.113103866577148,10.857754556922542,11.113103866577148,133100,0.0,0.0
2010-12-28 00:00:00-05:00,11.14187265530303,11.170644410485004,11.055557389757116,11.138276100158691,283400,0.0,0.0
2010-12-29 00:00:00-05:00,11.152665341105365,11.37564633266026,11.102314927394184,11.16345500946045,238600,0.0,0.0
2010-12-30 00:00:00-05:00,11.217398791914,11.350467900617657,11.005206843034689,11.177837371826172,200500,0.0,0.0
2010-12-31 00:00:00-05:00,10.998016886931552,11.318102836608887,10.998016886931552,11.318102836608887,196600,0.0,0.0
2011-01-03 00:00:00-05:00,11.400289085335789,11.400289085335789,10.91447094824821,11.01309585571289,397300,0.485,0.0
2011-01-04 00:00:00-05:00,11.162859442087687,11.162859442087687,10.70261056454169,10.899860382080078,678000,0.0,0.0
2011-01-05 00:00:00-05:00,11.035015447811011,11.279751012723302,10.925432650206883,10.987529754638672,338900,0.0,0.0
2011-01-06 00:00:00-05:00,11.06058092459063,11.06058092459063,10.457873692462643,10.73548412322998,442200,0.0,0.0
2011-01-07 00:00:00-05:00,10.801234943415803,10.830457059760825,10.618596542081859,10.680693626403809,219700,0.0,0.0
2011-01-10 00:00:00-05:00,10.691651193060286,10.8450674638688,10.633206965772295,10.826803207397461,153700,0.0,0.0
2011-01-11 00:00:00-05:00,10.881595661798201,11.013094829453742,10.826803587172375,10.958303451538086,243100,0.0,0.0
2011-01-12 00:00:00-05:00,11.064235579539407,11.064235579539407,10.914471437394004,10.95099925994873,170900,0.0,0.0
2011-01-13 00:00:00-05:00,11.009443003950098,11.0678872387343,10.925429503536586,11.01309585571289,211700,0.0,0.0
2011-01-14 00:00:00-05:00,11.049620787385866,11.10441215608048,10.863329576456138,11.035009384155273,186800,0.0,0.0
2011-01-18 00:00:00-05:00,11.064235735329909,11.166512803870937,10.954652266122736,11.038665771484375,170200,0.0,0.0
2011-01-19 00:00:00-05:00,11.064232488940124,11.064232488940124,10.896204830808072,11.009440422058105,278700,0.0,0.0
2011-01-20 00:00:00-05:00,11.078846106505457,11.078846106505457,10.852374167796274,10.885249137878418,263000,0.0,0.0
2011-01-21 00:00:00-05:00,10.96560686567599,11.027703933475742,10.885245544576298,10.929079055786133,142300,0.0,0.0
2011-01-24 00:00:00-05:00,10.987525728341872,11.005789289013203,10.819498740693053,10.943692207336426,200600,0.0,0.0
2011-01-25 00:00:00-05:00,10.96195658534515,11.067886492482863,10.96195658534515,11.056928634643555,207200,0.0,0.0
2011-01-26 00:00:00-05:00,11.126328564216314,11.126328564216314,10.965607308940122,11.035009384155273,141500,0.0,0.0
2011-01-27 00:00:00-05:00,11.064232190616458,11.166509226390389,11.01309297601944,11.035009384155273,249700,0.0,0.0
2011-01-28 00:00:00-05:00,11.060584226471422,11.075194939447101,10.859681523550535,10.866987228393555,204300,0.0,0.0
2011-01-31 00:00:00-05:00,10.929085431569423,10.958307557186837,10.757405530655918,10.77566909790039,279000,0.0,0.0
2011-02-01 00:00:00-05:00,10.845067750038991,11.002136876286375,10.761053561474233,10.92542839050293,305100,0.0,0.0
2011-02-02 00:00:00-05:00,10.969261030746118,10.983871738426798,10.877941843434009,10.980218887329102,167000,0.0,0.0
2011-02-03 00:00:00-05:00,11.075191710838181,11.170163755980374,10.918122586053405,11.119025230407715,173100,0.0,0.0
2011-02-04 00:00:00-05:00,11.184774100539773,11.250523328592575,11.093454915415775,11.210343360900879,117600,0.0,0.0
2011-02-07 00:00:00-05:00,11.272442282562965,11.414900011762494,11.235914463183283,11.378372192382812,163700,0.0,0.0
2011-02-08 00:00:00-05:00,11.411246578534623,11.455080098898135,11.294358119845485,11.407593727111816,203400,0.0,0.0
2011-02-09 00:00:00-05:00,11.44412322920142,11.469692496214686,11.232262692464007,11.367415428161621,189100,0.0,0.0
2011-02-10 00:00:00-05:00,11.389330723116077,11.502566335914358,11.166511652410572,11.177470207214355,317300,0.0,0.0
2011-02-11 00:00:00-05:00,11.235915794828124,11.392984949078942,11.14094373186925,11.385679244995117,144100,0.0,0.0
2011-02-14 00:00:00-05:00,11.42585856658946,11.433163573097232,11.34549722461212,11.378372192382812,144300,0.0,0.0
2011-02-15 00:00:00-05:00,11.41490243545184,11.429513844990186,11.279749684063534,11.396638870239258,152300,0.0,0.0
2011-02-16 00:00:00-05:00,11.433158688118818,11.466033641843223,11.232256812434043,11.323575973510742,215000,0.0,0.0
2011-02-17 00:00:00-05:00,11.367410713635003,11.367410713635003,11.24321658532725,11.319924354553223,149100,0.0,0.0
2011-02-18 00:00:00-05:00,11.360109940517155,11.520831946287903,11.294359997396837,11.509873390197754,263500,0.0,0.0
2011-02-22 00:00:00-05:00,11.374721008949908,11.546401576199408,11.045971979740028,11.257832527160645,339400,0.0,0.0
2011-02-23 00:00:00-05:00,11.298016831708551,11.327238961538766,11.060586939749246,11.13729476928711,206400,0.0,0.0
2011-02-24 00:00:00-05:00,11.181120066275833,11.206689323931045,11.009439570516527,11.042314529418945,244600,0.0,0.0
2011-02-25 00:00:00-05:00,11.162858199547866,11.334538732008948,11.08615041018368,11.228608131408691,196800,0.0,0.0
2011-02-28 00:00:00-05:00,11.319928752729448,11.34915087093741,11.184776717283968,11.290706634521484,148900,0.0,0.0
2011-03-01 00:00:00-05:00,11.371067310655913,11.422206540166052,11.20304030476473,11.268790245056152,151700,0.0,0.0
2011-03-02 00:00:00-05:00,11.305321249882784,11.341848385474675,11.159209920673405,11.243224143981934,168200,0.0,0.0
2011-03-03 00:00:00-05:00,11.352802349190055,11.407593727111816,11.265136005173202,11.407593727111816,158400,0.0,0.0
2011-03-04 00:00:00-05:00,11.389330585027501,11.506219048009843,11.305317089347717,11.392983436584473,115600,0.0,0.0
2011-03-07 00:00:00-05:00,11.601194155446809,11.601194155446809,11.276097945020735,11.480652809143066,185800,0.0,0.0
2011-03-08 00:00:00-05:00,11.67424665580657,11.67424665580657,11.400289044959555,11.462386131286621,105700,0.0,0.0
2011-03-09 00:00:00-05:00,11.487955415436792,11.487955415436792,11.29070561284908,11.338191986083984,141500,0.0,0.0
2011-03-10 00:00:00-05:00,11.349150896128858,11.349150896128858,11.140943216346194,11.268790245056152,159900,0.0,0.0
2011-03-11 00:00:00-05:00,11.407592335385202,11.451425850401023,11.228606817764929,11.425856590270996,136700,0.0,0.0
2011-03-14 00:00:00-04:00,11.524479102532469,11.524479102532469,11.257827290399346,11.319924354553223,122200,0.0,0.0
2011-03-15 00:00:00-04:00,11.232264600855476,11.232264600855476,10.903515532367638,11.005792617797852,256000,0.0,0.0
2011-03-16 00:00:00-04:00,11.188430361166919,11.188430361166919,10.921778409949873,11.104416847229004,192100,0.0,0.0
2011-03-17 00:00:00-04:00,11.166510097474955,11.356454174029615,11.12632943216644,11.352801322937012,135500,0.0,0.0
2011-03-18 00:00:00-04:00,11.484300013434991,11.484300013434991,11.323578065173079,11.41124439239502,109800,0.0,0.0
2011-03-21 00:00:00-04:00,11.575618714055675,11.659632187090294,11.414896772421184,11.47334098815918,226200,0.0,0.0
2011-03-22 00:00:00-04:00,11.466040167464636,11.495262287771851,11.367415946871724,11.484304428100586,251400,0.0,0.0
2011-03-23 00:00:00-04:00,11.608494577511898,11.608494577511898,11.43681407077582,11.520828247070312,153900,0.0,0.0
2011-03-24 00:00:00-04:00,11.736347760337313,11.736347760337313,11.389334409705725,11.648680686950684,211200,0.0,0.0
2011-03-25 00:00:00-04:00,11.758257627540953,11.758257627540953,11.575619956292474,11.593883514404297,208000,0.0,0.0
2011-03-28 00:00:00-04:00,11.670593727981682,11.750953674316406,11.626760206596158,11.750953674316406,187300,0.0,0.0
2011-03-29 00:00:00-04:00,11.834963683527802,11.915323596735522,11.732685276887377,11.842267990112305,181300,0.0,0.0
2011-03-30 00:00:00-04:00,11.98473255733457,11.98473255733457,11.853232683669434,11.948204040527344,222900,0.0,0.0
2011-03-31 00:00:00-04:00,12.061440516761447,12.061440516761447,11.929940641305441,11.933592796325684,148200,0.0,0.0
2011-04-01 00:00:00-04:00,12.119011001626426,12.119011001626426,11.892799127733678,11.996633529663086,142100,0.49,0.0
2011-04-04 00:00:00-04:00,11.9632565163871,12.022590655158465,11.896506848077088,11.926173210144043,161300,0.0,0.0
2011-04-05 00:00:00-04:00,11.32912763694173,11.358794719404763,11.310585975646973,11.310585975646973,4692900,0.0,0.0
2011-04-06 00:00:00-04:00,11.340252732555433,11.362502866934195,11.325419545409266,11.329127311706543,975700,0.0,0.0
2011-04-07 00:00:00-04:00,11.47004680913042,11.47004680913042,11.310585975646973,11.310585975646973,571500,0.0,0.0
2011-04-08 00:00:00-04:00,11.444086123385912,11.444086123385912,11.29204226494265,11.299458503723145,680900,0.0,0.0
2011-04-11 00:00:00-04:00,11.392168756533522,11.392168756533522,11.273500442504883,11.273500442504883,547800,0.0,0.0
2011-04-12 00:00:00-04:00,11.310581488487976,11.310581488487976,11.00649383705045,11.021327018737793,725900,0.0,0.0
2011-04-13 00:00:00-04:00,11.084369686165514,11.236413512622104,11.032452489029732,11.147412300109863,605700,0.0,0.0
2011-04-14 00:00:00-04:00,11.154832610628878,11.154832610628878,11.03616429147096,11.099206924438477,329400,0.0,0.0
2011-04-15 00:00:00-04:00,11.188208171543383,11.195625118325626,11.058414432130046,11.162249565124512,220500,0.0,0.0
2011-04-18 00:00:00-04:00,11.128873105229351,11.19562420619322,10.976829245175614,11.18449878692627,245000,0.0,0.0
2011-04-19 00:00:00-04:00,11.210457124981062,11.217874070982877,11.076955633542912,11.169665336608887,257700,0.0,0.0
2011-04-20 00:00:00-04:00,11.288332977267672,11.288332977267672,11.084371218166432,11.143705368041992,285100,0.0,0.0
2011-04-21 00:00:00-04:00,11.217873590312927,11.280916213989258,11.128872364061435,11.280916213989258,199700,0.0,0.0
2011-04-25 00:00:00-04:00,11.306872855109878,11.310581327308558,11.199329990623186,11.25866413116455,249700,0.0,0.0
2011-04-26 00:00:00-04:00,11.25496371761057,11.306880950927734,11.229005100951989,11.306880950927734,267800,0.0,0.0
2011-04-27 00:00:00-04:00,11.388465275757458,11.388465275757458,11.24383829304864,11.306880950927734,238500,0.0,0.0
2011-04-28 00:00:00-04:00,11.273500000490825,11.325417916331952,11.25495834239544,11.288333892822266,229100,0.0,0.0
2011-04-29 00:00:00-04:00,11.340251922607422,11.34396039595885,11.28462623697393,11.340251922607422,208000,0.0,0.0
2011-05-02 00:00:00-04:00,11.510838567936641,11.510838567936641,11.2401256622444,11.303168296813965,216000,0.0,0.0
2011-05-03 00:00:00-04:00,11.377334238481879,11.377334238481879,11.154830822077217,11.269790649414062,251000,0.0,0.0
2011-05-04 00:00:00-04:00,11.36250022605019,11.36250022605019,10.698699164032819,10.995369911193848,457500,0.0,0.0
2011-05-05 00:00:00-04:00,11.050995452278311,11.050995452278311,10.45765396523643,10.554071426391602,447000,0.0,0.0
2011-05-06 00:00:00-04:00,10.72837083626528,10.872997799069598,10.657911238375338,10.824789047241211,275700,0.0,0.0
2011-05-09 00:00:00-04:00,10.969412388157581,10.973120861276708,10.694991743212551,10.713533401489258,390300,0.0,0.0
2011-05-10 00:00:00-04:00,10.735783436227395,10.958286148160896,10.672740812561203,10.891535758972168,325300,0.0,0.0
2011-05-11 00:00:00-04:00,10.965701566299291,10.965701566299291,10.761740539666143,10.854450225830078,293500,0.0,0.0
2011-05-12 00:00:00-04:00,10.887829006369216,10.898953719332235,10.76174373911581,10.858161926269531,255000,0.0,0.0
2011-05-13 00:00:00-04:00,11.01020740538089,11.01020740538089,10.70241113922821,10.8136625289917,202900,0.0,0.0
2011-05-16 00:00:00-04:00,10.891538474109533,10.891538474109533,10.717243743708016,10.754327774047852,132400,0.0,0.0
2011-05-17 00:00:00-04:00,10.82478279686,10.82478279686,10.320441894451449,10.546653747558594,379500,0.0,0.0
2011-05-18 00:00:00-04:00,10.594866938709888,10.783994856855912,10.528115825561992,10.754327774047852,243500,0.0,0.0
2011-05-19 00:00:00-04:00,10.902659074240407,10.961993217468262,10.76174066090395,10.961993217468262,279400,0.0,0.0
2011-05-20 00:00:00-04:00,11.036164428024309,11.047289848327637,10.787702366468517,11.047289848327637,220000,0.0,0.0
2011-05-23 00:00:00-04:00,10.910080906578138,10.984248972498879,10.850746736769183,10.973123550415039,156300,0.0,0.0
2011-05-24 00:00:00-04:00,11.039872517341808,11.039872517341808,10.791410464430905,10.917495727539062,232900,0.0,0.0
2011-05-25 00:00:00-04:00,10.99907983896518,10.99907983896518,10.847035972517123,10.947162628173828,228800,0.0,0.0
2011-05-26 00:00:00-04:00,11.01762029898568,11.01762029898568,10.847034792194146,10.891535758972168,230200,0.0,0.0
2011-05-27 00:00:00-04:00,11.058417347079976,11.058417347079976,10.839622310563252,10.86928939819336,245600,0.0,0.0
2011-05-31 00:00:00-04:00,10.936032241796726,10.950866128039642,10.843322574734374,10.913782119750977,193900,0.0,0.0
2011-06-01 00:00:00-04:00,10.932328704220703,10.932328704220703,10.717242207855834,10.758034706115723,177400,0.0,0.0
2011-06-02 00:00:00-04:00,10.917497678138286,10.917497678138286,10.683868769388239,10.8136625289917,284800,0.0,0.0
2011-06-03 00:00:00-04:00,10.828491282237517,10.88411695070173,10.7543232527394,10.809948921203613,152500,0.0,0.0
2011-06-06 00:00:00-04:00,10.898950499735047,10.898950499735047,10.672739346043322,10.709822654724121,202000,0.0,0.0
2011-06-07 00:00:00-04:00,10.791409922353063,10.791409922353063,10.669033138697591,10.713533401489258,147500,0.0,0.0
2011-06-08 00:00:00-04:00,10.750617278543142,10.772867409635111,10.568906342101078,10.583740234375,197600,0.0,0.0
2011-06-09 00:00:00-04:00,10.639368357181235,10.798829199122824,10.624534461503377,10.739494323730469,138200,0.0,0.0
2011-06-10 00:00:00-04:00,10.824787403463713,10.921205599798242,10.665326567499648,10.902663230895996,205600,0.0,0.0
2011-06-13 00:00:00-04:00,11.010206660688599,11.010206660688599,10.772869294023234,10.806244850158691,159700,0.0,0.0
2011-06-14 00:00:00-04:00,10.928623124468098,10.928623124468098,10.795121589276901,10.884122848510742,227700,0.0,0.0
2011-06-15 00:00:00-04:00,10.880411155255322,10.880411155255322,10.609698983429418,10.713533401489258,188100,0.0,0.0
2011-06-16 00:00:00-04:00,10.746908599096834,10.83961830207176,10.717241522437613,10.772867202758789,186200,0.0,0.0
2011-06-17 00:00:00-04:00,10.880408279082907,10.880408279082907,10.732072930124058,10.776573181152344,158700,0.0,0.0
2011-06-20 00:00:00-04:00,10.813657809318485,10.839616408445606,10.720948122539474,10.835907936096191,129300,0.0,0.0
2011-06-21 00:00:00-04:00,10.835912478683559,11.050999013885823,10.813662342578242,11.03245735168457,184900,0.0,0.0
2011-06-22 00:00:00-04:00,11.050996704483993,11.280917087254492,10.973120890730083,11.069539070129395,285400,0.0,0.0
2011-06-23 00:00:00-04:00,10.991662378689906,10.991662378689906,10.824785334381376,10.932328224182129,222800,0.0,0.0
2011-06-24 00:00:00-04:00,11.017623499168629,11.017623499168629,10.772869879095454,10.865579605102539,155600,0.0,0.0
2011-06-27 00:00:00-04:00,10.772867922256092,11.006496785455072,10.772867922256092,10.947162628173828,153800,0.0,0.0
2011-06-28 00:00:00-04:00,11.091788080850895,11.091788080850895,10.921202578063017,10.995369911193848,109400,0.0,0.0
2011-06-29 00:00:00-04:00,11.099206601413863,11.125165207059302,11.006496891355035,11.117748260498047,126100,0.0,0.0
2011-06-30 00:00:00-04:00,11.117745983515373,11.228998037192236,11.088078910665306,11.217872619628906,177100,0.0,0.0
2011-07-01 00:00:00-04:00,11.25495719909668,11.306874402345048,11.191914577729872,11.25495719909668,134200,0.0,0.0
2011-07-05 00:00:00-04:00,11.358789459776725,11.358789459776725,11.232704948180885,11.262372016906738,182100,0.0,0.0
2011-07-06 00:00:00-04:00,11.261621912099322,11.261621912099322,11.178676800008642,11.20883846282959,189600,0.498,0.0
2011-07-07 00:00:00-04:00,11.31063262103682,11.33325368492791,11.208836754860933,11.238998413085938,169300,0.0,0.0
2011-07-08 00:00:00-04:00,11.231458531651542,11.306862317617028,11.17867509045398,11.28801155090332,110600,0.0,0.0
2011-07-11 00:00:00-04:00,11.276699190919125,11.276699190919125,11.084418375214007,11.171133041381836,178300,0.0,0.0
2011-07-12 00:00:00-04:00,11.231457069053546,11.24653753663855,11.069337907629,11.171133041381836,190900,0.0,0.0
2011-07-13 00:00:00-04:00,11.254082956013374,11.257853254304061,11.12212539228276,11.156057357788086,182700,0.0,0.0
2011-07-14 00:00:00-04:00,11.18998538777179,11.246538404020662,11.122121480628898,11.148512840270996,102200,0.0,0.0
2011-07-15 00:00:00-04:00,11.223919153191002,11.223919153191002,11.02786799404365,11.140974044799805,204100,0.0,0.0
2011-07-18 00:00:00-04:00,11.122122911063176,11.122122911063176,10.971314608633614,11.016556739807129,170500,0.0,0.0
2011-07-19 00:00:00-04:00,11.0429497438424,11.12212383956102,11.02032795725642,11.08065128326416,153700,0.0,0.0
2011-07-20 00:00:00-04:00,11.174906801283154,11.174906801283154,11.031639078827814,11.046719551086426,153700,0.0,0.0
2011-07-21 00:00:00-04:00,11.103272043269754,11.103272043269754,11.009016765208417,11.042948722839355,168900,0.0,0.0
2011-07-22 00:00:00-04:00,11.06557210219305,11.069342400397211,10.95246531340077,11.054261207580566,140100,0.0,0.0
2011-07-25 00:00:00-04:00,11.073112140827076,11.073112140827076,10.914763219782914,10.948695182800293,190700,0.0,0.0
2011-07-26 00:00:00-04:00,10.986392193042931,10.986392193042931,10.677235074504534,10.722477912902832,272000,0.0,0.0
2011-07-27 00:00:00-04:00,10.767722025010688,10.767722025010688,10.34545881099259,10.481185913085938,311900,0.0,0.0
2011-07-28 00:00:00-04:00,10.549054646659867,10.669701334395494,10.360544017295204,10.601838111877441,202800,0.0,0.0
2011-07-29 00:00:00-04:00,10.518887408205222,10.631994157435319,10.405781378085727,10.560359954833984,153400,0.0,0.0
2011-08-01 00:00:00-04:00,10.681009116789307,10.801655769348145,10.635766262524356,10.801655769348145,142900,0.0,0.0
2011-08-02 00:00:00-04:00,10.80542364429201,11.0014747702961,10.726249565969555,10.78280258178711,122600,0.0,0.0
2011-08-03 00:00:00-04:00,10.884597283899964,10.884597283899964,10.503805963205377,10.639533042907715,314900,0.0,0.0
2011-08-04 00:00:00-04:00,10.613142855250278,10.613142855250278,9.874181911678011,9.98351764678955,719300,0.0,0.0
2011-08-05 00:00:00-04:00,9.97974943077496,10.145638935618537,8.942941283946444,9.862873077392578,604900,0.0,0.0
2011-08-08 00:00:00-04:00,8.622477222412135,9.614042899129146,8.622477222412135,9.180468559265137,598600,0.0,0.0
2011-08-09 00:00:00-04:00,9.35766619118053,10.35677224040958,9.237019520662272,10.024993896484375,631900,0.0,0.0
2011-08-10 00:00:00-04:00,9.806320126900548,10.5264304606658,9.806320126900548,10.300217628479004,320100,0.0,0.0
2011-08-11 00:00:00-04:00,10.123015880431872,10.643304640988616,10.111704989444105,10.598062515258789,515800,0.0,0.0
2011-08-12 00:00:00-04:00,10.647081738091035,10.76395814316908,10.605609163758693,10.707405090332031,209300,0.0,0.0
2011-08-15 00:00:00-04:00,10.730020678841639,10.861978214034307,10.620684928500774,10.658387184143066,240000,0.0,0.0
2011-08-16 00:00:00-04:00,10.560360685480395,10.616913704452912,10.432173458950343,10.594292640686035,208600,0.0,0.0
2011-08-17 00:00:00-04:00,10.6282239535291,10.643304422092013,10.462334484673399,10.58298110961914,151500,0.0,0.0
2011-08-18 00:00:00-04:00,10.296445839625173,10.383161237464714,10.202190566456222,10.345458984375,251800,0.0,0.0
2011-08-19 00:00:00-04:00,10.183341342287337,10.345460551757405,10.085315757047045,10.172030448913574,162500,0.0,0.0
2011-08-22 00:00:00-04:00,10.281367759037407,10.356771563628486,9.934508244408114,10.062695503234863,172900,0.0,0.0
2011-08-23 00:00:00-04:00,10.028761592492105,10.405782699584961,10.028761592492105,10.405782699584961,151600,0.0,0.0
2011-08-24 00:00:00-04:00,10.349229980475782,10.518889052170525,10.319068319789334,10.443485260009766,157700,0.0,0.0
2011-08-25 00:00:00-04:00,10.451025909263628,10.515119532854335,10.205962308161782,10.364311218261719,151700,0.0,0.0
2011-08-26 00:00:00-04:00,10.247434385179663,10.556591595416279,10.247434385179663,10.496268272399902,369700,0.0,0.0
2011-08-29 00:00:00-04:00,10.545281168071279,10.647077049820423,10.503809331111482,10.628226280212402,260800,0.0,0.0
2011-08-30 00:00:00-04:00,10.541508396394981,10.650844847972028,10.435942960787456,10.473645210266113,237800,0.0,0.0
2011-08-31 00:00:00-04:00,10.549056110921645,10.71117538973598,10.484962459276701,10.707405090332031,345700,0.0,0.0
2011-09-01 00:00:00-04:00,10.681009132554403,10.681009132554403,10.49626885566216,10.586753845214844,130900,0.0,0.0
2011-09-02 00:00:00-04:00,10.473648811945553,10.484958987301077,10.36808262092532,10.45856761932373,114100,0.0,0.0
2011-09-06 00:00:00-04:00,10.18710881821389,10.40578099575827,10.164487037732675,10.386929512023926,204900,0.0,0.0
2011-09-07 00:00:00-04:00,10.47741769880755,10.582983156497422,10.47741769880755,10.526430130004883,95500,0.0,0.0
2011-09-08 00:00:00-04:00,10.50758035081939,10.575443557537525,10.417094636973578,10.462337493896484,98900,0.0,0.0
2011-09-09 00:00:00-04:00,10.371852287074958,10.46987787581112,10.326609431077191,10.447256088256836,130400,0.0,0.0
2011-09-12 00:00:00-04:00,10.371853714618961,10.522662056850226,10.36054281928503,10.515121459960938,157300,0.0,0.0
2011-09-13 00:00:00-04:00,10.545278640059834,10.620683138636782,10.50003651620214,10.616912841796875,119700,0.0,0.0
2011-09-14 00:00:00-04:00,10.650850053423486,10.692322620030197,10.545283847111383,10.549054145812988,216800,0.0,0.0
2011-09-15 00:00:00-04:00,10.643307502731483,10.763954162597656,10.571673997880204,10.763954162597656,146600,0.0,0.0
2011-09-16 00:00:00-04:00,10.835588088813868,10.865749752951613,10.620686141943581,10.760184288024902,135800,0.0,0.0
2011-09-19 00:00:00-04:00,10.741332798494563,10.801656126770053,10.658388401893463,10.760184288024902,144200,0.0,0.0
2011-09-20 00:00:00-04:00,10.760181134579556,10.843125506872465,10.598061967684272,10.60937213897705,228500,0.0,0.0
2011-09-21 00:00:00-04:00,10.609375395284017,10.718711878743125,10.462337370463235,10.503809928894043,206100,0.0,0.0
2011-09-22 00:00:00-04:00,10.402011247815565,10.469875154618519,10.247432668591332,10.375619888305664,273000,0.0,0.0
2011-09-23 00:00:00-04:00,10.29644729691735,10.439715735113412,10.288907420520795,10.364311218261719,129300,0.0,0.0
2011-09-26 00:00:00-04:00,10.47741911010101,10.47741911010101,10.311529586815167,10.45856761932373,149900,0.0,0.0
2011-09-27 00:00:00-04:00,10.549051815168491,10.643307104551578,10.50757997683527,10.55282211303711,210300,0.0,0.0
2011-09-28 00:00:00-04:00,10.503809838031744,10.609375303508534,10.43217561566478,10.447256088256836,147900,0.0,0.0
2011-09-29 00:00:00-04:00,10.68854907218733,10.68854907218733,10.507579104187828,10.624455451965332,108700,0.0,0.0
2011-09-30 00:00:00-04:00,10.579210629372731,10.669695596514018,10.454793709664639,10.488725662231445,139200,0.0,0.0
2011-10-03 00:00:00-04:00,10.489880291408069,10.489880291408069,9.99456787109375,9.99456787109375,273000,0.503,0.0
2011-10-04 00:00:00-04:00,9.817940891064753,9.864016806611602,9.495411679292308,9.802582740783691,364200,0.0,0.0
2011-10-05 00:00:00-04:00,9.798743715044127,10.163508415222168,9.768026679951745,10.163508415222168,181800,0.0,0.0
2011-10-06 00:00:00-04:00,10.140471392360116,10.416924723741168,10.090556482159398,10.271018981933594,209000,0.0,0.0
2011-10-07 00:00:00-04:00,10.259502896496143,10.271022063391579,10.063681453386607,10.182710647583008,142400,0.0,0.0
2011-10-10 00:00:00-04:00,10.324777867428265,10.367014085090606,10.205749392250663,10.251825332641602,122900,0.0,0.0
2011-10-11 00:00:00-04:00,10.194226023707339,10.328613334427322,10.175028150326739,10.271018981933594,178000,0.0,0.0
2011-10-12 00:00:00-04:00,10.28253814537311,10.36700981354045,10.20958490829336,10.271018981933594,149700,0.0,0.0
2011-10-13 00:00:00-04:00,10.213427711507766,10.501400293228743,10.086719804844622,10.351654052734375,258000,0.0,0.0
2011-10-14 00:00:00-04:00,10.51675704910452,10.635786227652895,10.38620943752711,10.532115936279297,153900,0.0,0.0
2011-10-17 00:00:00-04:00,10.512918374899266,10.750976023365872,10.432286406253041,10.731778144836426,160200,0.0,0.0
2011-10-18 00:00:00-04:00,10.720254352623458,10.75097138442775,10.501395409473897,10.555150032043457,417500,0.0,0.0
2011-10-19 00:00:00-04:00,10.589710318600105,10.685701166568688,10.562832998345229,10.61658763885498,165100,0.0,0.0
2011-10-20 00:00:00-04:00,10.570511821844713,10.73177646626568,10.463001814780068,10.727936744689941,162700,0.0,0.0
2011-10-21 00:00:00-04:00,10.812410591966422,11.000552592818956,10.739457332092288,10.981354713439941,171600,0.0,0.0
2011-10-24 00:00:00-04:00,10.98134796614973,11.096536636352539,10.96598908620178,11.096536636352539,145000,0.0,0.0
2011-10-25 00:00:00-04:00,11.042787633921101,11.134938763391053,10.904560573540133,11.06966495513916,163600,0.0,0.0
2011-10-26 00:00:00-04:00,11.100379575150923,11.134936332702637,11.027426338947093,11.134936332702637,219100,0.0,0.0
2011-10-27 00:00:00-04:00,11.215573392692825,11.234772006948786,11.06966758610877,11.073507308959961,228100,0.0,0.0
2011-10-28 00:00:00-04:00,11.015910148620605,11.111900998599362,10.904560411116258,11.015910148620605,165300,0.0,0.0
2011-10-31 00:00:00-04:00,10.870003180686222,11.085023202717133,10.846965582737209,10.935276985168457,140000,0.0,0.0
2011-11-01 00:00:00-04:00,10.754814316062184,11.035107406508743,10.704898666756781,10.965993881225586,231500,0.0,0.0
2011-11-02 00:00:00-04:00,11.00438555371995,11.13493310387071,10.950630938605535,11.096536636352539,184200,0.0,0.0
2011-11-03 00:00:00-04:00,11.14262073222402,11.207894555267181,11.023591522211506,11.204054832458496,232300,0.0,0.0
2011-11-04 00:00:00-04:00,11.119579207964003,11.17333457952447,11.000550764423027,11.165655136108398,177900,0.0,0.0
2011-11-07 00:00:00-05:00,11.100381998295811,11.177174972363478,11.000551424948677,11.06966495513916,157700,0.0,0.0
2011-11-08 00:00:00-05:00,11.035110051312119,11.17333713500755,10.94679862888546,11.142620086669922,264900,0.0,0.0
2011-11-09 00:00:00-05:00,11.012069908837546,11.111900476002631,10.846965537462673,10.923758506774902,199400,0.0,0.0
2011-11-10 00:00:00-05:00,11.012071170057022,11.05046765911071,10.831607891210318,10.862325668334961,220600,0.0,0.0
2011-11-11 00:00:00-05:00,10.977514784963422,10.977514784963422,10.720259251413603,10.739457130432129,191400,0.0,0.0
2011-11-14 00:00:00-05:00,10.754819304809546,10.931442189259938,10.720262526138406,10.90456485748291,212800,0.0,0.0
2011-11-15 00:00:00-05:00,10.89303953332244,10.962152314621843,10.758652227039558,10.835444450378418,194800,0.0,0.0
2011-11-16 00:00:00-05:00,10.75865480662014,10.916079744414944,10.635786633936593,10.670343399047852,217000,0.0,0.0
2011-11-17 00:00:00-05:00,10.662666988419952,10.823931694030762,10.578194546405733,10.823931694030762,200300,0.0,0.0
2011-11-18 00:00:00-05:00,10.87000807881177,11.085028197732722,10.789376083480686,10.90456485748291,260200,0.0,0.0
2011-11-21 00:00:00-05:00,10.777856913139518,10.95832025338933,10.61275246667793,10.90456485748291,273700,0.0,0.0
2011-11-22 00:00:00-05:00,10.85848430976901,10.985192191904222,10.674181336557062,10.712577819824219,248000,0.0,0.0
2011-11-23 00:00:00-05:00,10.616585837955467,10.654982317100089,10.46684037487857,10.501397132873535,226500,0.0,0.0
2011-11-25 00:00:00-05:00,10.459163653406733,10.651145366719673,10.367012518898775,10.3746919631958,93000,0.0,0.0
2011-11-28 00:00:00-05:00,10.566672763508647,10.662663611871148,10.370851344966898,10.47452163696289,259400,0.0,0.0
2011-11-29 00:00:00-05:00,10.528276644460725,10.628107218117712,10.474522001857762,10.597390174865723,197300,0.0,0.0
2011-11-30 00:00:00-05:00,10.774012520215932,10.846965769387198,10.654984074353797,10.762494087219238,202300,0.0,0.0
2011-12-01 00:00:00-05:00,10.697220277125819,10.91991901397705,10.693380555344516,10.91991901397705,154000,0.0,0.0
2011-12-02 00:00:00-05:00,10.981348720077985,11.085018969789052,10.827763571812566,10.969829559326172,200100,0.0,0.0
2011-12-05 00:00:00-05:00,11.035104068467067,11.09269841133047,10.908396221226857,11.046623229980469,165800,0.0,0.0
2011-12-06 00:00:00-05:00,11.012069045181784,11.17333368220816,11.012069045181784,11.108059883117676,179100,0.0,0.0
2011-12-07 00:00:00-05:00,11.065824076996762,11.192531958322984,11.038946758586958,11.157975196838379,170600,0.0,0.0
2011-12-08 00:00:00-05:00,11.111901258585856,11.111901258585856,10.896881222309107,10.939117431640625,205100,0.0,0.0
2011-12-09 00:00:00-05:00,10.939117645508828,11.15029796394308,10.850806235500079,11.092702865600586,182000,0.0,0.0
2011-12-12 00:00:00-05:00,10.99286639375899,11.192527438972114,10.99286639375899,11.096536636352539,176400,0.0,0.0
2011-12-13 00:00:00-05:00,11.161815268504508,11.188692587757414,10.858484581054846,10.881522178649902,242400,0.0,0.0
2011-12-14 00:00:00-05:00,10.900717188184874,11.0427839227599,10.885359037944019,11.023585319519043,176600,0.0,0.0
2011-12-15 00:00:00-05:00,11.065827369689941,11.115743032176809,10.858487471439265,11.065827369689941,169500,0.0,0.0
2011-12-16 00:00:00-05:00,11.1157417505628,11.292364579362136,11.058146649356626,11.284685134887695,179100,0.0,0.0
2011-12-19 00:00:00-05:00,11.257805759754795,11.265485202829597,11.123418435353772,11.157975196838379,169700,0.0,0.0
2011-12-20 00:00:00-05:00,11.30004326956891,11.357637634578579,11.207892139083025,11.353797912597656,161000,0.0,0.0
2011-12-21 00:00:00-05:00,11.315399537754908,11.511220932006836,11.269324346373256,11.511220932006836,217500,0.0,0.0
2011-12-22 00:00:00-05:00,11.518900232657199,11.614891067929342,11.430588839971294,11.541937828063965,316900,0.0,0.0
2011-12-23 00:00:00-05:00,11.626410215979712,11.626410215979712,11.369154748506535,11.384512901306152,272300,0.0,0.0
2011-12-27 00:00:00-05:00,11.442109263888156,11.584176047063567,11.338439700329973,11.499704360961914,200100,0.0,0.0
2011-12-28 00:00:00-05:00,11.541938760163504,11.668646643661281,11.422910319872138,11.61489200592041,255600,0.0,0.0
2011-12-29 00:00:00-05:00,11.595690324230876,11.695520123739312,11.492020072027763,11.687841415405273,223700,0.0,0.0
2011-12-30 00:00:00-05:00,11.626410114232286,11.749278264961767,11.626410114232286,11.660966873168945,202400,0.0,0.0
2012-01-03 00:00:00-05:00,11.778123607925837,11.828891799476574,11.719545555633742,11.801554679870605,214200,0.51,0.0
2012-01-04 00:00:00-05:00,11.719549467936789,11.91090489989611,11.719549467936789,11.903094291687012,230900,0.0,0.0
2012-01-05 00:00:00-05:00,11.88356510978142,12.051489413841093,11.864038594855655,11.981195449829102,373400,0.0,0.0
2012-01-06 00:00:00-05:00,11.938238143920898,12.008532109593746,11.789840351280755,11.938238143920898,385700,0.0,0.0
2012-01-09 00:00:00-05:00,11.930430675558258,11.949957196081003,11.879663211920315,11.903094291687012,311300,0.0,0.0
2012-01-10 00:00:00-05:00,11.949955274044184,11.949955274044184,11.887471908142448,11.906997680664062,294800,0.0,0.0
2012-01-11 00:00:00-05:00,11.899187073711227,11.942144667091348,11.895281770234808,11.906997680664062,153100,0.0,0.0
2012-01-12 00:00:00-05:00,11.942141074538497,11.973382748090936,11.844510751579595,11.891373634338379,221200,0.0,0.0
2012-01-13 00:00:00-05:00,11.906998344471603,11.961671106468474,11.852325582474732,11.949955940246582,152000,0.0,0.0
2012-01-17 00:00:00-05:00,11.96947930595834,12.098351322497596,11.965574003049833,11.99681568145752,141600,0.0,0.0
2012-01-18 00:00:00-05:00,11.989006996154785,12.047585055805875,11.957765314683508,11.989006996154785,160700,0.0,0.0
2012-01-19 00:00:00-05:00,12.05929946899414,12.086636590330087,12.008532019091028,12.05929946899414,163500,0.0,0.0
2012-01-20 00:00:00-05:00,12.00852891666291,12.098348628980444,11.977287245210714,12.090538024902344,194000,0.0,0.0
2012-01-23 00:00:00-05:00,12.106164633969572,12.215510905264896,12.082733556142193,12.153027534484863,202700,0.0,0.0
2012-01-24 00:00:00-05:00,12.156928749865315,12.219412848320776,12.016341576706433,12.192075729370117,250900,0.0,0.0
2012-01-25 00:00:00-05:00,12.203790129067762,12.309231054549365,12.137401480971224,12.28189468383789,206000,0.0,0.0
2012-01-26 00:00:00-05:00,12.340476169221976,12.340476169221976,12.180362457662,12.199888229370117,206200,0.0,0.0
2012-01-27 00:00:00-05:00,12.067108160399528,12.149118021674058,12.01243541612336,12.063202857971191,243400,0.0,0.0
2012-01-30 00:00:00-05:00,12.063208014720072,12.16083838258245,12.020251159365829,12.137407302856445,143400,0.0,0.0
2012-01-31 00:00:00-05:00,12.149119546144133,12.26627565425388,12.11787786765751,12.242844581604004,159800,0.0,0.0
2012-02-01 00:00:00-05:00,12.340475650148006,12.360001421034816,12.2311293965448,12.254560470581055,194600,0.0,0.0
2012-02-02 00:00:00-05:00,12.336573067865261,12.449823904735297,12.297520772618133,12.395151138305664,222100,0.0,0.0
2012-02-03 00:00:00-05:00,12.39515137816202,12.457634753822298,12.356099082159197,12.379530906677246,160100,0.0,0.0
2012-02-06 00:00:00-05:00,12.281902722455989,12.406869495991906,12.254565588991873,12.34048080444336,189400,0.0,0.0
2012-02-07 00:00:00-05:00,12.301424112010292,12.527927239297474,12.28580289846202,12.500589370727539,234400,0.0,0.0
2012-02-08 00:00:00-05:00,12.496680444525193,12.64898349908758,12.387334222485926,12.594310760498047,213700,0.0,0.0
2012-02-09 00:00:00-05:00,12.590412575571941,12.668515676103299,12.414677619934082,12.414677619934082,222300,0.0,0.0
2012-02-10 00:00:00-05:00,12.317045538330603,12.551357786718654,12.309234931421543,12.496685028076172,195400,0.0,0.0
2012-02-13 00:00:00-05:00,12.586505904852679,12.676325657802948,12.566980130684547,12.578695297241211,219600,0.0,0.0
2012-02-14 00:00:00-05:00,12.629458902895891,12.668510437011719,12.570880112001616,12.668510437011719,202600,0.0,0.0
2012-02-15 00:00:00-05:00,12.734898601281701,12.781760735633501,12.664604654893804,12.711466789245605,203600,0.0,0.0
2012-02-16 00:00:00-05:00,12.758330072208937,12.863771001283457,12.711467933638215,12.723184585571289,336600,0.0,0.0
2012-02-17 00:00:00-05:00,12.723189137699915,12.863775603711396,12.691946707661103,12.727093696594238,265000,0.0,0.0
2012-02-21 00:00:00-05:00,12.801285551247854,12.809096154680523,12.652888555188001,12.703655242919922,244500,0.0,0.0
2012-02-22 00:00:00-05:00,12.680228233337402,12.711469165505264,12.590408504988881,12.680228233337402,192200,0.0,0.0
2012-02-23 00:00:00-05:00,12.621648213994112,12.746614909996387,12.598216399848488,12.723184585571289,164400,0.0,0.0
2012-02-24 00:00:00-05:00,12.836434615325858,12.836434615325858,12.71537396667645,12.809098243713379,180700,0.0,0.0
2012-02-27 00:00:00-05:00,12.785666708126984,12.92625311036461,12.762234896227188,12.844244003295898,163500,0.0,0.0
2012-02-28 00:00:00-05:00,12.8169138361921,12.898922982943851,12.742715297186388,12.805198669433594,269500,0.0,0.0
2012-02-29 00:00:00-05:00,12.219416119024086,12.297519959493457,12.203794904013893,12.262372970581055,4665200,0.0,0.0
2012-03-01 00:00:00-05:00,12.266278014029,12.29751969852587,12.242846936871475,12.289709091186523,749900,0.0,0.0
2012-03-02 00:00:00-05:00,12.223317406167684,12.262369688379724,12.192075729370117,12.192075729370117,451400,0.0,0.0
2012-03-05 00:00:00-05:00,12.203790935054563,12.227222005088988,12.106160607574127,12.164738655090332,782000,0.0,0.0
2012-03-06 00:00:00-05:00,12.10616357771313,12.113974184594294,11.9382392540704,12.031964302062988,684100,0.0,0.0
2012-03-07 00:00:00-05:00,12.028060092423614,12.164742745831719,12.020250229692707,12.129595756530762,354600,0.0,0.0
2012-03-08 00:00:00-05:00,12.160837022274695,12.168647629596535,12.028059677245448,12.06711196899414,529100,0.0,0.0
2012-03-09 00:00:00-05:00,12.067111582976638,12.227225303649902,12.067111582976638,12.227225303649902,318600,0.0,0.0
2012-03-12 00:00:00-04:00,12.184266090393066,12.199886556645751,12.078825149961162,12.184266090393066,239500,0.0,0.0
2012-03-13 00:00:00-04:00,12.160833413281516,12.223316763591919,12.031961410158775,12.051487922668457,362700,0.0,0.0
2012-03-14 00:00:00-04:00,11.981197598733706,12.000723372301163,11.63753832300656,11.7273588180542,484400,0.0,0.0
2012-03-15 00:00:00-04:00,11.68830370014047,11.7312612854355,11.465706657903194,11.711734771728516,426000,0.0,0.0
2012-03-16 00:00:00-04:00,11.746883364526154,11.809366727247534,11.653158320444083,11.762504577636719,215600,0.0,0.0
2012-03-19 00:00:00-04:00,11.723451498702582,11.90699627120474,11.70783028664603,11.86013412475586,223900,0.0,0.0
2012-03-20 00:00:00-04:00,11.84060760968517,11.942143253471594,11.79374546323629,11.86013412475586,274700,0.0,0.0
2012-03-21 00:00:00-04:00,11.910900878073011,11.914806180858898,11.770312957222412,11.82889175415039,249900,0.0,0.0
2012-03-22 00:00:00-04:00,11.813273264555727,11.821083871926916,11.700021692255039,11.7273588180542,238300,0.0,0.0
2012-03-23 00:00:00-04:00,11.75078941123487,12.008533484982236,11.75078941123487,12.00462818145752,249900,0.0,0.0
2012-03-26 00:00:00-04:00,12.086639003285326,12.086639003285326,11.895282840033666,12.016345024108887,246900,0.0,0.0
2012-03-27 00:00:00-04:00,11.953860137849698,12.031963969923918,11.742978227042363,11.852324485778809,346300,0.0,0.0
2012-03-28 00:00:00-04:00,11.867944954249472,11.895281332718472,11.633632713166364,11.852324485778809,327600,0.0,0.0
2012-03-29 00:00:00-04:00,11.774219791130081,12.028058546339299,11.774219791130081,11.985101699829102,583500,0.0,0.0
2012-03-30 00:00:00-04:00,12.051487862540375,12.184265167502591,12.016340885058595,12.164738655090332,402900,0.0,0.0
2012-04-02 00:00:00-04:00,12.164737273923883,12.164737273923883,12.043675890154153,12.090538024902344,259300,0.0,0.0
2012-04-03 00:00:00-04:00,12.054002291962114,12.189038949855014,12.018257249723705,12.157265663146973,247600,0.518,0.0
2012-04-04 00:00:00-04:00,12.10166327243824,12.125493808434788,11.994428890593761,12.054003715515137,201000,0.0,0.0
2012-04-05 00:00:00-04:00,12.002369374829607,12.165207552330468,12.002369374829607,12.089746475219727,212100,0.0,0.0
2012-04-09 00:00:00-04:00,12.006345981925625,12.07386433335951,11.871309279057858,12.022233009338379,316500,0.0,0.0
2012-04-10 00:00:00-04:00,12.054006445499054,12.061949959296944,11.72435819823824,11.732301712036133,311500,0.0,0.0
2012-04-11 00:00:00-04:00,11.803787766462573,11.86733434402492,11.764071723637327,11.823646545410156,181500,0.0,0.0
2012-04-12 00:00:00-04:00,11.87130802962853,12.01428823115432,11.859393517858102,11.86733627319336,208900,0.0,0.0
2012-04-13 00:00:00-04:00,12.018259917664967,12.375709661864649,11.644923147817039,11.656838417053223,634500,0.0,0.0
2012-04-16 00:00:00-04:00,11.716409370321358,11.756126163761616,11.636975783440842,11.740239143371582,222200,0.0,0.0
2012-04-17 00:00:00-04:00,11.748182790598188,11.89910569838975,11.748182790598188,11.851446151733398,213700,0.0,0.0
2012-04-18 00:00:00-04:00,11.764073257167665,11.911024452861108,11.756129744553139,11.903080940246582,189700,0.0,0.0
2012-04-19 00:00:00-04:00,11.867336594770988,11.978543505363952,11.807761761699261,11.843506813049316,210800,0.0,0.0
2012-04-20 00:00:00-04:00,11.843506837699772,11.994430556499713,11.803790029724256,11.815705299377441,229000,0.0,0.0
2012-04-23 00:00:00-04:00,11.835561528647851,11.950740178545919,11.82761877428608,11.926910400390625,220200,0.0,0.0
2012-04-24 00:00:00-04:00,11.883223127380313,11.954713227111132,11.83953456475924,11.946769714355469,165600,0.0,0.0
2012-04-25 00:00:00-04:00,11.91499891420537,12.010318814614784,11.839537042305537,11.954715728759766,250600,0.0,0.0
2012-04-26 00:00:00-04:00,11.978540997393718,12.034144062280928,11.93882419781645,12.014286041259766,255100,0.0,0.0
2012-04-27 00:00:00-04:00,11.946766256733513,12.050029620065525,11.938822746276855,11.938822746276855,263800,0.0,0.0
2012-04-30 00:00:00-04:00,11.899108251341241,11.974570100194766,11.86733496090844,11.87527847290039,259000,0.0,0.0
2012-05-01 00:00:00-04:00,11.827616378405223,11.942794247437103,11.827616378405223,11.851446151733398,357000,0.0,0.0
2012-05-02 00:00:00-04:00,11.783926241081854,12.022226214849274,11.783926241081854,11.827614784240723,370600,0.0,0.0
2012-05-03 00:00:00-04:00,11.823646106246393,11.867333903238467,11.640949134389315,11.736268997192383,288700,0.0,0.0
2012-05-04 00:00:00-04:00,11.664778811449748,11.712438360583167,11.529742159680268,11.668749809265137,277900,0.0,0.0
2012-05-07 00:00:00-04:00,11.60123266757706,11.716411311886963,11.553573113578787,11.684638023376465,253000,0.0,0.0
2012-05-08 00:00:00-04:00,11.585344286562634,11.67669237965795,11.478109173345622,11.640947341918945,337900,0.0,0.0
2012-05-09 00:00:00-04:00,11.541653885526166,11.60122868634701,11.517824116704766,11.529739379882812,198000,0.0,0.0
2012-05-10 00:00:00-04:00,11.565489364312349,11.708468796000313,11.565489364312349,11.700525283813477,247200,0.0,0.0
2012-05-11 00:00:00-04:00,11.676694591522665,11.748184680542725,11.621091525633709,11.64492130279541,281000,0.0,0.0
2012-05-14 00:00:00-04:00,11.549599945779706,11.557543456319902,11.450308336631828,11.553571701049805,222400,0.0,0.0
2012-05-15 00:00:00-04:00,11.525771401584969,11.648892797956602,11.525771401584969,11.585346221923828,242000,0.0,0.0
2012-05-16 00:00:00-04:00,11.58534944316191,11.66081130725816,11.553576146311144,11.57740592956543,214800,0.0,0.0
2012-05-17 00:00:00-04:00,11.549598630357428,11.593287175817816,11.319242153671814,11.37087345123291,339800,0.0,0.0
2012-05-18 00:00:00-04:00,11.37087449171287,11.470166098637671,10.973708064013667,11.041226387023926,339100,0.0,0.0
2012-05-21 00:00:00-04:00,11.041226175202802,11.517826182312419,10.953849835497797,11.422506332397461,311200,0.0,0.0
2012-05-22 00:00:00-04:00,11.398679480440832,11.613149008327863,11.394707724318014,11.589319229125977,309600,0.0,0.0
2012-05-23 00:00:00-04:00,11.497972193350414,11.74024327937008,11.474141654370046,11.716413497924805,418000,0.0,0.0
2012-05-24 00:00:00-04:00,11.768042504153183,11.8514478591199,11.664779885676213,11.77995777130127,311500,0.0,0.0
2012-05-25 00:00:00-04:00,11.764070998724094,11.799815283557228,11.621090829251912,11.63300609588623,188900,0.0,0.0
2012-05-29 00:00:00-04:00,11.656838593615936,11.871308140370221,11.656838593615936,11.79981803894043,200400,0.0,0.0
2012-05-30 00:00:00-04:00,11.760102954608694,11.760102954608694,11.569462415968951,11.57740592956543,182400,0.0,0.0
2012-05-31 00:00:00-04:00,11.561512413617974,11.617115458873279,11.39470252031738,11.5138521194458,475400,0.0,0.0
2012-06-01 00:00:00-04:00,11.398677945637564,11.4185359660428,11.279527550601383,11.374847412109375,387500,0.0,0.0
2012-06-04 00:00:00-04:00,11.339103042760078,11.41853664416828,11.176264841654737,11.343074798583984,346700,0.0,0.0
2012-06-05 00:00:00-04:00,11.319244359618159,11.621090966778834,11.319244359618159,11.581374168395996,210800,0.0,0.0
2012-06-06 00:00:00-04:00,11.672722602480023,11.891164620957783,11.640949314387706,11.83556079864502,300000,0.0,0.0
2012-06-07 00:00:00-04:00,11.875275786547563,11.930879600377857,11.724352880516376,11.740239143371582,211600,0.0,0.0
2012-06-08 00:00:00-04:00,11.708463322180975,11.736264844302406,11.629030510053271,11.688605308532715,125900,0.0,0.0
2012-06-11 00:00:00-04:00,11.803788349634324,11.823647129563039,11.621092119500126,11.652865409851074,209900,0.0,0.0
2012-06-12 00:00:00-04:00,11.676694413973983,11.831589857007188,11.59328981640875,11.752156257629395,208600,0.0,0.0
2012-06-13 00:00:00-04:00,11.736267671366328,11.83158828093612,11.704494387354679,11.772012710571289,344800,0.0,0.0
2012-06-14 00:00:00-04:00,11.815704892543765,11.903081261053309,11.7561300613993,11.879251480102539,222600,0.0,0.0
2012-06-15 00:00:00-04:00,11.907049418658652,11.998397515973283,11.867332624054725,11.92293643951416,154400,0.0,0.0
2012-06-18 00:00:00-04:00,11.891166749345464,11.978543117855008,11.85542169915177,11.879251480102539,224300,0.0,0.0
2012-06-19 00:00:00-04:00,11.891164644351681,12.069889106146977,11.891164644351681,12.014286041259766,189100,0.0,0.0
2012-06-20 00:00:00-04:00,12.097689092830649,12.117547868849337,11.966624201246697,11.97853946685791,217100,0.0,0.0
2012-06-21 00:00:00-04:00,11.96662826064228,12.010316825168857,11.803790029724256,11.815705299377441,206100,0.0,0.0
2012-06-22 00:00:00-04:00,11.875276177693287,11.986483051481956,11.871304422464958,11.938822746276855,186300,0.0,0.0
2012-06-25 00:00:00-04:00,11.911022900174641,11.911022900174641,11.756128212058295,11.823646545410156,199500,0.0,0.0
2012-06-26 00:00:00-04:00,11.831588696746621,11.990455122388084,11.831588696746621,11.914993286132812,289000,0.0,0.0
2012-06-27 00:00:00-04:00,11.950739464950114,12.153294461012736,11.950739464950114,12.014286041259766,244600,0.0,0.0
2012-06-28 00:00:00-04:00,11.982512775987466,12.204925793495985,11.891164667059764,12.193011283874512,245100,0.0,0.0
2012-06-29 00:00:00-04:00,12.312162827939057,12.332020852066869,12.21287119222987,12.22081470489502,260300,0.0,0.0
2012-07-02 00:00:00-04:00,12.280618463905737,12.369521099881732,12.211921322815568,12.24424934387207,156100,0.528,0.0
2012-07-03 00:00:00-04:00,12.30486738862703,12.422056198120117,12.292744089399072,12.422056198120117,136800,0.0,0.0
2012-07-05 00:00:00-04:00,12.345276844531634,12.470548624270991,12.345276844531634,12.422056198120117,169000,0.0,0.0
2012-07-06 00:00:00-04:00,12.365481773654437,12.454383651614833,12.300825722272164,12.418014526367188,163100,0.0,0.0
2012-07-09 00:00:00-04:00,12.34931549064601,12.49479196943362,12.34931549064601,12.44629955291748,164700,0.0,0.0
2012-07-10 00:00:00-04:00,12.510957128351054,12.551367351942242,12.418014153623957,12.450342178344727,182000,0.0,0.0
2012-07-11 00:00:00-04:00,12.430137081917234,12.52712115319258,12.401850157473701,12.502875328063965,167500,0.0,0.0
2012-07-12 00:00:00-04:00,12.36952061058732,12.514996314206664,12.361438412952694,12.470545768737793,153100,0.0,0.0
2012-07-13 00:00:00-04:00,12.506915709454741,12.729170763691043,12.506915709454741,12.624104499816895,278700,0.0,0.0
2012-07-16 00:00:00-04:00,12.607940673828125,12.636227596198273,12.555407157345712,12.607940673828125,200100,0.0,0.0
2012-07-17 00:00:00-04:00,12.607942390483082,12.656434043788416,12.551367767278947,12.599860191345215,207300,0.0,0.0
2012-07-18 00:00:00-04:00,12.563491440383416,12.632188593580622,12.50691758625429,12.547327041625977,236700,0.0,0.0
2012-07-19 00:00:00-04:00,12.535202277658232,12.692801283630615,12.535202277658232,12.68471908569336,158300,0.0,0.0
2012-07-20 00:00:00-04:00,12.688759028271235,12.729169243513905,12.591774974145276,12.668554306030273,195100,0.0,0.0
2012-07-23 00:00:00-04:00,12.551365104767594,12.640267734903416,12.478626869478566,12.58773422241211,158900,0.0,0.0
2012-07-24 00:00:00-04:00,12.62006189358692,12.684717929670894,12.50287311722,12.668554306030273,779300,0.0,0.0
2012-07-25 00:00:00-04:00,12.692803184419013,12.729172309822237,12.587736907783137,12.676639556884766,177700,0.0,0.0
2012-07-26 00:00:00-04:00,12.729173088346343,12.729173088346343,12.611983505821692,12.72513198852539,171000,0.0,0.0
2012-07-27 00:00:00-04:00,12.704928020368914,12.745338250235356,12.696845820243421,12.737256050109863,220900,0.0,0.0
2012-07-30 00:00:00-04:00,12.745333378269871,12.749373706027155,12.52307758434331,12.527118682861328,168000,0.0,0.0
2012-07-31 00:00:00-04:00,12.575612652439267,12.644309794235696,12.527120234975564,12.607940673828125,163300,0.0,0.0
2012-08-01 00:00:00-04:00,12.700887107489066,12.708969307733673,12.55945168625259,12.648353576660156,135400,0.0,0.0
2012-08-02 00:00:00-04:00,12.527121569430793,12.672598066557997,12.527121569430793,12.611982345581055,137700,0.0,0.0
2012-08-03 00:00:00-04:00,11.868438562645052,12.06240672452265,11.840150864622062,12.02199649810791,3095700,0.0,0.0
2012-08-06 00:00:00-04:00,12.03007869754305,12.12302167876428,11.01174469154422,12.02199649810791,700000,0.0,0.0
2012-08-07 00:00:00-04:00,12.021997637456575,12.042202367198307,11.981587407212077,12.001792907714844,741400,0.0,0.0
2012-08-08 00:00:00-04:00,12.001791182851171,12.021995909689137,11.94117546081543,11.94117546081543,707100,0.0,0.0
2012-08-09 00:00:00-04:00,11.965422057934095,11.997750083331395,11.937135132056575,11.94117546081543,384000,0.0,0.0
2012-08-10 00:00:00-04:00,11.957338692616059,11.961379791741683,11.844190229381173,11.896723747253418,330400,0.0,0.0
2012-08-13 00:00:00-04:00,11.880558558015412,11.925009874670378,11.743164279955332,11.807820320129395,355200,0.0,0.0
2012-08-14 00:00:00-04:00,11.799739635145915,11.856313481165383,11.731042491796199,11.763370513916016,521600,0.0,0.0
2012-08-15 00:00:00-04:00,11.79973575306366,11.969458006044732,11.767407741579675,11.96541690826416,444100,0.0,0.0
2012-08-16 00:00:00-04:00,11.969458026199417,12.04219547409042,11.945211439475157,11.993703842163086,509500,0.0,0.0
2012-08-17 00:00:00-04:00,11.989666354402104,12.026035474678455,11.916928113849401,11.957338333129883,373700,0.0,0.0
2012-08-20 00:00:00-04:00,12.00987262730454,12.042200652745377,11.957339874998526,12.01795482635498,500000,0.0,0.0
2012-08-21 00:00:00-04:00,12.030074095225498,12.066443208009021,11.981581687927246,11.981581687927246,461300,0.0,0.0
2012-08-22 00:00:00-04:00,12.001788515252404,12.009869941734804,11.884598967508962,11.97754192352295,439200,0.0,0.0
2012-08-23 00:00:00-04:00,11.98562211037691,12.131098553309373,11.953294097587545,12.123016357421875,420300,0.0,0.0
2012-08-24 00:00:00-04:00,12.135145955664811,12.175555414574445,12.042202196193998,12.155350685119629,313200,0.0,0.0
2012-08-27 00:00:00-04:00,12.179592325093672,12.220002540864062,12.135141781430924,12.187674522399902,317800,0.0,0.0
2012-08-28 00:00:00-04:00,12.187674349013484,12.300822797408733,12.175551053226611,12.228084564208984,359800,0.0,0.0
2012-08-29 00:00:00-04:00,12.280619038193281,12.288701236525565,12.224045191389004,12.248291015625,224200,0.0,0.0
2012-08-30 00:00:00-04:00,12.207876205444336,12.256368606447543,12.171507868142639,12.207876205444336,199800,0.0,0.0
2012-08-31 00:00:00-04:00,12.252333085606596,12.349317160995986,12.236169458422156,12.325071334838867,224200,0.0,0.0
2012-09-04 00:00:00-04:00,12.296781020566353,12.42609308545096,12.296781020566353,12.397806167602539,245300,0.0,0.0
2012-09-05 00:00:00-04:00,12.353357859943204,12.377603685314188,12.272538185119629,12.272538185119629,274100,0.0,0.0
2012-09-06 00:00:00-04:00,12.316984856985128,12.337190347397502,12.14726259132444,12.175549507141113,342500,0.0,0.0
2012-09-07 00:00:00-04:00,12.179593339547134,12.361438940279657,12.167470813338847,12.349315643310547,307100,0.0,0.0
2012-09-10 00:00:00-04:00,12.280624197741936,12.312952233892432,12.211927024576987,12.236173629760742,289200,0.0,0.0
2012-09-11 00:00:00-04:00,12.284663773892179,12.349319838168368,12.203844078927485,12.316991806030273,295000,0.0,0.0
2012-09-12 00:00:00-04:00,12.244252597265037,12.353359986356717,12.183637638023333,12.345277786254883,215800,0.0,0.0
2012-09-13 00:00:00-04:00,12.349314908797636,12.44225863851105,12.272536344842383,12.413970947265625,209200,0.0,0.0
2012-09-14 00:00:00-04:00,12.413971532160323,12.474587245495703,12.393766808222406,12.44629955291748,207300,0.0,0.0
2012-09-17 00:00:00-04:00,12.385685721174397,12.442260340644022,12.361439896122205,12.369522094726562,225100,0.0,0.0
2012-09-18 00:00:00-04:00,12.353354856263191,12.45842110167211,12.345272659517729,12.397806167602539,202800,0.0,0.0
2012-09-19 00:00:00-04:00,12.426097888409181,12.55945110321045,12.365482930910606,12.55945110321045,304500,0.0,0.0
2012-09-20 00:00:00-04:00,12.45842420488486,12.519039154052734,12.373563430202013,12.519039154052734,229000,0.0,0.0
2012-09-21 00:00:00-04:00,12.474590316864644,12.59177913192709,12.462467017060527,12.55945110321045,191300,0.0,0.0
2012-09-24 00:00:00-04:00,12.559449594263404,12.628146743377815,12.539244867778363,12.611982345581055,257700,0.0,0.0
2012-09-25 00:00:00-04:00,12.63623314866126,12.652396781077705,12.555412674295528,12.579658508300781,225900,0.0,0.0
2012-09-26 00:00:00-04:00,12.59177836744798,12.607942766205419,12.482670988118128,12.547327041625977,178400,0.0,0.0
2012-09-27 00:00:00-04:00,12.607942398148124,12.648351852340157,12.579654701148392,12.62814712524414,188700,0.0,0.0
2012-09-28 00:00:00-04:00,12.595817576997094,12.652391422636695,12.555407356928447,12.624104499816895,144000,0.0,0.0
2012-10-01 00:00:00-04:00,12.648352824027771,12.745337679669959,12.640271395025081,12.713008880615234,209100,0.0,0.0
2012-10-02 00:00:00-04:00,12.7049264831404,12.729172309822237,12.652392959441995,12.676639556884766,195400,0.0,0.0
2012-10-03 00:00:00-04:00,12.770377573790212,12.848496653019371,12.671701213600224,12.811492919921875,281500,0.538,0.0
2012-10-04 00:00:00-04:00,12.852613979931885,12.910175019580086,12.79094132542162,12.901951789855957,230900,0.0,0.0
2012-10-05 00:00:00-04:00,12.922507708244089,12.951288223266602,12.89783880739768,12.951288223266602,208300,0.0,0.0
2012-10-08 00:00:00-04:00,12.93073061301554,12.955399513244629,12.885503642420376,12.955399513244629,130900,0.0,0.0
2012-10-09 00:00:00-04:00,12.955396239277691,12.971841907204356,12.786824025926878,12.811492919921875,220600,0.0,0.0
2012-10-10 00:00:00-04:00,12.721043703004351,12.782716349087767,12.655259442620677,12.74160099029541,187100,0.0,0.0
2012-10-11 00:00:00-04:00,12.716932564252339,12.84027786103165,12.708709335344311,12.827943801879883,180400,0.0,0.0
2012-10-12 00:00:00-04:00,12.815606966648977,12.934840630442354,12.815606966648977,12.873167991638184,307800,0.0,0.0
2012-10-15 00:00:00-04:00,12.852613522216224,12.930732633392717,12.848501907500586,12.89784049987793,231800,0.0,0.0
2012-10-16 00:00:00-04:00,12.930728829314113,12.984178236472543,12.89372509196978,12.97595500946045,194000,0.0,0.0
2012-10-17 00:00:00-04:00,12.975954789893137,13.012958526611328,12.901947316456758,13.012958526611328,232700,0.0,0.0
2012-10-18 00:00:00-04:00,12.996518178573995,13.004740624603594,12.943067966224413,12.971848487854004,166500,0.0,0.0
2012-10-19 00:00:00-04:00,12.967736843438637,12.967736843438637,12.852613979931885,12.901951789855957,154100,0.0,0.0
2012-10-22 00:00:00-04:00,12.92250986416628,12.947178769128316,12.840279135345693,12.901951789855957,140500,0.0,0.0
2012-10-23 00:00:00-04:00,12.873167872748548,12.877279486525541,12.80738362073696,12.85261058807373,192100,0.0,0.0
2012-10-24 00:00:00-04:00,12.90194614598123,12.951284718532804,12.827939463468876,12.856719970703125,160900,0.0,0.0
2012-10-25 00:00:00-04:00,12.930734982663555,13.012964939284998,12.881396381322318,12.914288520812988,301300,0.0,0.0
2012-10-26 00:00:00-04:00,12.906062965670172,12.906062965670172,12.815609794412907,12.885505676269531,116400,0.0,0.0
2012-10-31 00:00:00-04:00,12.943064472610953,12.943064472610953,12.827942417166527,12.889615058898926,182800,0.0,0.0
2012-11-01 00:00:00-04:00,12.930728829314113,12.996513076990686,12.832051673589161,12.97595500946045,159800,0.0,0.0
2012-11-02 00:00:00-04:00,12.930728829314113,13.012958746804783,12.873167024439542,12.97595500946045,153500,0.0,0.0
2012-11-05 00:00:00-05:00,12.914283345577681,12.951287085702212,12.869056377823219,12.873167991638184,165900,0.0,0.0
2012-11-06 00:00:00-05:00,12.860834723733463,12.975956780777459,12.860834723733463,12.967734336853027,238500,0.0,0.0
2012-11-07 00:00:00-05:00,12.885505202254201,12.889616816825141,12.790940419753472,12.799162864685059,274700,0.0,0.0
2012-11-08 00:00:00-05:00,12.7703801069617,12.803272233549611,12.688150182596997,12.725153923034668,272500,0.0,0.0
2012-11-09 00:00:00-05:00,12.626482337805555,12.626482337805555,12.359233593174283,12.40857219696045,438700,0.0,0.0
2012-11-12 00:00:00-05:00,12.400342424267619,12.45790344481179,12.231770191922468,12.235881805419922,306600,0.0,0.0
2012-11-13 00:00:00-05:00,12.186540772707351,12.186540772707351,11.927515448228602,11.96863079071045,309100,0.0,0.0
2012-11-14 00:00:00-05:00,11.985082672248339,12.10842876365712,11.738391273641119,11.882294654846191,419100,0.0,0.0
2012-11-15 00:00:00-05:00,11.845289973071313,11.943966367901728,11.327238312053924,11.791840553283691,608000,0.0,0.0
2012-11-16 00:00:00-05:00,11.841178618826387,12.248219834736494,11.66438389766791,12.231773376464844,346400,0.0,0.0
2012-11-19 00:00:00-05:00,12.272886318157466,12.647034543755566,12.268774704400219,12.614142417907715,365900,0.0,0.0
2012-11-20 00:00:00-05:00,12.618254859892165,12.749823371919359,12.503132019763276,12.684039115905762,316400,0.0,0.0
2012-11-21 00:00:00-05:00,12.7045989841079,12.721045443559225,12.515469405679776,12.663483619689941,244500,0.0,0.0
2012-11-23 00:00:00-05:00,12.725153087472686,12.729263916842362,12.62236510060848,12.655257225036621,69000,0.0,0.0
2012-11-26 00:00:00-05:00,12.614143665795211,12.815608054569958,12.560693465873417,12.712820053100586,319300,0.0,0.0
2012-11-27 00:00:00-05:00,12.729264037223487,12.753933718935475,12.605918765504002,12.675814628601074,273300,0.0,0.0
2012-11-28 00:00:00-05:00,12.667594523056923,12.807386283700147,12.634702390212066,12.786828994750977,206500,0.0,0.0
2012-11-29 00:00:00-05:00,12.840279860929341,12.877283612568593,12.799164494195685,12.860837936401367,189700,0.0,0.0
2012-11-30 00:00:00-05:00,12.852613069896979,12.885505202254201,12.790940419753472,12.799162864685059,146800,0.0,0.0
2012-12-03 00:00:00-05:00,12.803271963426049,12.844387316846026,12.577138695931385,12.601807594299316,315600,0.0,0.0
2012-12-04 00:00:00-05:00,12.630591140478533,12.69637540806876,12.523691509591831,12.679929733276367,200500,0.0,0.0
2012-12-05 00:00:00-05:00,12.684039666623052,12.725155024469249,12.540136306266474,12.642924308776855,205100,0.0,0.0
2012-12-06 00:00:00-05:00,12.618252990256988,12.64703349997228,12.474349657470452,12.568914413452148,311400,0.0,0.0
2012-12-07 00:00:00-05:00,12.655257327514981,12.696371895225512,12.581249850899846,12.688149452209473,241600,0.0,0.0
2012-12-10 00:00:00-05:00,12.60180642156252,12.721040856963361,12.60180642156252,12.638810157775879,189800,0.0,0.0
2012-12-11 00:00:00-05:00,12.647036781430593,12.655260010400049,12.51546825476041,12.61003303527832,190800,0.0,0.0
2012-12-12 00:00:00-05:00,12.675815055846167,12.684038283360664,12.544246552454766,12.614142417907715,298000,0.0,0.0
2012-12-13 00:00:00-05:00,12.626475640826605,12.688149058900866,12.59769513063733,12.634698867797852,325500,0.0,0.0
2012-12-14 00:00:00-05:00,12.618253845464878,12.667591641403536,12.511354241984284,12.536023139953613,274200,0.0,0.0
2012-12-17 00:00:00-05:00,12.618255122831135,12.618255122831135,12.437348022918911,12.453794479370117,426700,0.0,0.0
2012-12-18 00:00:00-05:00,12.457904915194945,12.56480452611563,12.41679034378791,12.49079704284668,367200,0.0,0.0
2012-12-19 00:00:00-05:00,12.453795757601215,12.540137310201336,12.375676649860425,12.449684143066406,461000,0.0,0.0
2012-12-20 00:00:00-05:00,12.420899043238357,12.453791949458777,12.30166539502953,12.346892356872559,399600,0.0,0.0
2012-12-21 00:00:00-05:00,12.293440072531745,12.371559143066406,12.091975761540173,12.371559143066406,398600,0.0,0.0
2012-12-24 00:00:00-05:00,12.2770012354851,12.601810967608138,12.215327796741045,12.425015449523926,234100,0.0,0.0
2012-12-26 00:00:00-05:00,12.504576877041508,12.839595355170077,12.249124788251562,12.320316314697266,251400,0.55,0.0
2012-12-27 00:00:00-05:00,12.24075486367495,12.38313798329925,12.1695633038628,12.198877334594727,306000,0.0,0.0
2012-12-28 00:00:00-05:00,12.165375471080035,12.291008058320703,12.110935242398947,12.198877334594727,354400,0.0,0.0
2012-12-31 00:00:00-05:00,12.136059075131874,12.42501309084852,12.08580668902732,12.34125804901123,448200,0.0,0.0
2013-01-02 00:00:00-05:00,12.508767928248677,12.768407115955766,12.487828768757936,12.764219284057617,366600,0.0,0.0
2013-01-03 00:00:00-05:00,12.764218559859406,12.776782054841043,12.588333623852607,12.730716705322266,284400,0.0,0.0
2013-01-04 00:00:00-05:00,12.688841270091187,12.906603759697708,12.688841270091187,12.894041061401367,212600,0.0,0.0
2013-01-07 00:00:00-05:00,12.902415248105598,13.162055248775056,12.89822741597817,13.12855339050293,357500,0.0,0.0
2013-01-08 00:00:00-05:00,13.124364355020436,13.224869920621597,13.082486836333144,13.20811939239502,268200,0.0,0.0
2013-01-09 00:00:00-05:00,13.212306214910413,13.275122891314256,13.182992191920471,13.195555686950684,315000,0.0,0.0
2013-01-10 00:00:00-05:00,13.262560402812554,13.34631544520924,13.237434209592461,13.283498764038086,386600,0.0,0.0
2013-01-11 00:00:00-05:00,13.371440977350506,13.505448399562106,13.337939121797605,13.442631721496582,399900,0.0,0.0
2013-01-14 00:00:00-05:00,13.484511951634797,13.681334482329197,13.446822258949535,13.652020454406738,287100,0.0,0.0
2013-01-15 00:00:00-05:00,13.635272599881578,13.668773666051003,13.53476620638344,13.564080238342285,331200,0.0,0.0
2013-01-16 00:00:00-05:00,13.513826363269482,13.731588860801404,13.513826363269482,13.723213195800781,270700,0.0,0.0
2013-01-17 00:00:00-05:00,13.723206954695602,13.77345932435057,13.660390294506369,13.702268600463867,371300,0.0,0.0
2013-01-18 00:00:00-05:00,13.68133298564155,13.773463690458918,13.664583255443011,13.752525329589844,258400,0.0,0.0
2013-01-22 00:00:00-05:00,13.760899599781995,13.932596697510794,13.739961241033482,13.773462295532227,425500,0.0,0.0
2013-01-23 00:00:00-05:00,13.802776256099548,13.85303023386648,13.610140800476074,13.610140800476074,366100,0.0,0.0
2013-01-24 00:00:00-05:00,13.63527309270751,13.719026559905682,13.518015363139096,13.52639102935791,239700,0.0,0.0
2013-01-25 00:00:00-05:00,13.580829134381254,13.605956127622862,13.446821698748629,13.513825416564941,359500,0.0,0.0
2013-01-28 00:00:00-05:00,13.455194951565387,13.543137015907048,13.413316637001959,13.492884635925293,329700,0.0,0.0
2013-01-29 00:00:00-05:00,13.538951525559192,13.55570125579834,13.48451050917198,13.55570125579834,288400,0.0,0.0
2013-01-30 00:00:00-05:00,13.589206168478642,13.74415198201592,13.555703507446362,13.643647193908691,340700,0.0,0.0
2013-01-31 00:00:00-05:00,13.660394608703182,14.003788838534563,13.610142223177611,13.978663444519043,432200,0.0,0.0
2013-02-01 00:00:00-05:00,14.028910696261345,14.121041367255753,13.98703398989695,14.041473388671875,337400,0.0,0.0
2013-02-04 00:00:00-05:00,14.012166999394097,14.112673385850403,13.949351905666871,14.070795059204102,229700,0.0,0.0
2013-02-05 00:00:00-05:00,14.108479923015448,14.338806646958101,14.083354533126629,14.33043098449707,244700,0.0,0.0
2013-02-06 00:00:00-05:00,14.363936793182802,14.389063788886205,14.150362920935683,14.271807670593262,239400,0.0,0.0
2013-02-07 00:00:00-05:00,14.229928526817892,14.414188358904834,14.116859448891343,14.250866889953613,416000,0.0,0.0
2013-02-08 00:00:00-05:00,14.296926900227353,14.380681918940155,14.229923204755933,14.292739868164062,239200,0.0,0.0
2013-02-11 00:00:00-05:00,14.322063052448218,14.393253825551179,14.301124683741179,14.384878158569336,200900,0.0,0.0
2013-02-12 00:00:00-05:00,14.430935347223825,14.47281365839193,14.246675570566845,14.288552284240723,277900,0.0,0.0
2013-02-13 00:00:00-05:00,14.3429922403941,14.41837159748621,14.225736172692642,14.292739868164062,311300,0.0,0.0
2013-02-14 00:00:00-05:00,14.29693128862711,14.472817041661004,14.275992926895471,14.430938720703125,262900,0.0,0.0
2013-02-15 00:00:00-05:00,14.468629774780956,14.531446463392228,14.292745602660997,14.322059631347656,173800,0.0,0.0
2013-02-19 00:00:00-05:00,14.37231023266314,14.652889383334374,14.37231023266314,14.631949424743652,275300,0.0,0.0
2013-02-20 00:00:00-05:00,14.86227570689836,14.958593442810184,14.58169656533392,14.594259262084961,356600,0.0,0.0
2013-02-21 00:00:00-05:00,14.535633988211277,14.590075013680647,14.280181788887472,14.5230712890625,347200,0.0,0.0
2013-02-22 00:00:00-05:00,14.58588698257024,14.770146813298737,14.535632994421354,14.749208450317383,281400,0.0,0.0
2013-02-25 00:00:00-05:00,14.745015972727375,14.782705655259674,14.372307777404785,14.372307777404785,348500,0.0,0.0
2013-02-26 00:00:00-05:00,14.594254831257233,14.636133136870587,14.363929741612846,14.409995079040527,417500,0.0,0.0
2013-02-27 00:00:00-05:00,14.384877000080763,14.711521596085706,14.384877000080763,14.690583229064941,247700,0.0,0.0
2013-02-28 00:00:00-05:00,14.682206154712699,14.937656763859946,14.67383048920863,14.816213607788086,263600,0.0,0.0
2013-03-01 00:00:00-05:00,14.82040029059615,14.950220706590596,14.765959264857212,14.832962989807129,231400,0.0,0.0
2013-03-04 00:00:00-05:00,14.828776307296764,14.887404368330388,14.76177258075907,14.816213607788086,262200,0.0,0.0
2013-03-05 00:00:00-05:00,14.937654963579618,14.941843594574266,14.795273459654776,14.870651245117188,265900,0.0,0.0
2013-03-06 00:00:00-05:00,14.908342280876271,14.908342280876271,14.66126574723699,14.703144073486328,379500,0.0,0.0
2013-03-07 00:00:00-05:00,13.940975149229205,13.966100545755696,13.865595764660345,13.95772647857666,4916500,0.0,0.0
2013-03-08 00:00:00-05:00,13.995408894632474,14.104290893716623,13.945156524475046,13.970283508300781,1048800,0.0,0.0
2013-03-11 00:00:00-04:00,13.978662948826047,14.024728299547032,13.953535958207015,13.987038612365723,501000,0.0,0.0
2013-03-12 00:00:00-04:00,13.987043980417448,14.02054504993897,13.961916980154989,14.003793716430664,599000,0.0,0.0
2013-03-13 00:00:00-04:00,14.024733625650946,14.21318053562857,13.999606625489557,14.183866500854492,702500,0.0,0.0
2013-03-14 00:00:00-04:00,14.188050773566372,14.35555926402201,14.091733032118094,14.284368515014648,537400,0.0,0.0
2013-03-15 00:00:00-04:00,14.229925135404505,14.280177514452546,14.13360740993979,14.200611114501953,370200,0.0,0.0
2013-03-18 00:00:00-04:00,14.112668169817365,14.305303608707964,14.062415793909867,14.288552284240723,384400,0.0,0.0
2013-03-19 00:00:00-04:00,14.255053083265887,14.271804409907638,13.886531884619526,13.97447395324707,624400,0.0,0.0
2013-03-20 00:00:00-04:00,14.129426123063109,14.129426123063109,13.907474963479993,14.049858093261719,345400,0.0,0.0
2013-03-21 00:00:00-04:00,13.987042469443573,14.301122750067352,13.987042469443573,14.267620086669922,445000,0.0,0.0
2013-03-22 00:00:00-04:00,14.355564094892154,14.49794723831561,14.271810620227285,14.489571571350098,502100,0.0,0.0
2013-03-25 00:00:00-04:00,14.48537533195769,14.548191995534944,14.301115568288717,14.397433280944824,458200,0.0,0.0
2013-03-26 00:00:00-04:00,14.443501602685432,14.464439962368607,14.33461957634181,14.422561645507812,459900,0.0,0.0
2013-03-27 00:00:00-04:00,14.384870401230268,14.414184421110958,14.30111697156788,14.405810356140137,289400,0.0,0.0
2013-03-28 00:00:00-04:00,14.439319034286232,14.548201106341626,14.372315296673342,14.539825439453125,313100,0.0,0.0
2013-04-01 00:00:00-04:00,14.598448366488691,14.631949424743652,14.514693324609462,14.631949424743652,261000,0.0,0.0
2013-04-02 00:00:00-04:00,14.640326968786635,14.75758468147357,14.577511877431435,14.678016662597656,380100,0.0,0.0
2013-04-03 00:00:00-04:00,14.684396676890577,14.705678086471416,14.348144885043903,14.535425186157227,346200,0.565,0.0
2013-04-04 00:00:00-04:00,14.518403980459174,14.633325576782227,14.49712256417742,14.633325576782227,294400,0.0,0.0
2013-04-05 00:00:00-04:00,14.535428308726038,14.684399831462148,14.49286385675299,14.65886116027832,255600,0.0,0.0
2013-04-08 00:00:00-04:00,14.71845547031467,14.918502767167276,14.68014826476106,14.884452819824219,425200,0.0,0.0
2013-04-09 00:00:00-04:00,14.909985470304644,15.144085892688295,14.799321144542384,15.067471504211426,335400,0.0,0.0
2013-04-10 00:00:00-04:00,15.161106249149823,15.18664491346308,14.880187436373538,14.948288917541504,360500,0.0,0.0
2013-04-11 00:00:00-04:00,14.961068013260588,15.063219484299633,14.820607710996455,15.016399383544922,317000,0.0,0.0
2013-04-12 00:00:00-04:00,15.04618493578,15.237720862022991,14.935520635988167,15.075979232788086,509300,0.0,0.0
2013-04-15 00:00:00-04:00,15.063217566196066,15.135576337330775,14.76953009477062,14.867425918579102,359700,0.0,0.0
2013-04-16 00:00:00-04:00,14.956802054020084,15.17387664511907,14.918494868747757,15.152593612670898,266200,0.0,0.0
2013-04-17 00:00:00-04:00,15.088752586021801,15.169622606004788,14.901472252235035,14.995112419128418,309500,0.0,0.0
2013-04-18 00:00:00-04:00,15.050445810083842,15.144085979574545,14.68439964607597,14.795063972473145,312700,0.0,0.0
2013-04-19 00:00:00-04:00,14.824857218453863,15.041930198669434,14.75675410847681,15.041930198669434,203200,0.0,0.0
2013-04-22 00:00:00-04:00,15.012136851784852,15.029162630358694,14.756755044180066,14.773780822753906,743700,0.0,0.0
2013-04-23 00:00:00-04:00,14.782294834065947,14.88870352272781,14.735474751267889,14.790807723999023,621600,0.0,0.0
2013-04-24 00:00:00-04:00,14.7312160645291,14.986596214913206,14.726958808611172,14.931264877319336,378600,0.0,0.0
2013-04-25 00:00:00-04:00,14.948295737693119,14.956808629681541,14.812092713214632,14.854657173156738,298600,0.0,0.0
2013-04-26 00:00:00-04:00,14.807836000561151,14.939781757601411,14.778041692605736,14.909987449645996,164900,0.0,0.0
2013-04-29 00:00:00-04:00,15.016390975019641,15.101518235663523,14.871675119025277,15.071723937988281,234600,0.0,0.0
2013-04-30 00:00:00-04:00,15.029163805250942,15.063213741392838,14.944036529394593,15.05470085144043,221700,0.0,0.0
2013-05-01 00:00:00-04:00,14.944034807234987,15.186646460082837,14.944034807234987,15.14833927154541,234200,0.0,0.0
2013-05-02 00:00:00-04:00,15.101519192633416,15.169620680730564,15.029162071884752,15.110032081604004,336600,0.0,0.0
2013-05-03 00:00:00-04:00,15.139832851276756,15.212191626615981,15.04619265625008,15.097270011901855,209600,0.0,0.0
2013-05-06 00:00:00-04:00,15.075979212204148,15.390949582003403,15.075979212204148,15.348386764526367,197500,0.0,0.0
2013-05-07 00:00:00-04:00,15.314342689536959,15.429264301241563,15.280292743662374,15.403725624084473,356900,0.0,0.0
2013-05-08 00:00:00-04:00,15.378181921533283,15.680382164056336,15.378181921533283,15.633562088012695,220200,0.0,0.0
2013-05-09 00:00:00-04:00,15.701668082601042,15.93576690637147,15.688899557710936,15.888948440551758,363000,0.0,0.0
2013-05-10 00:00:00-04:00,15.927256893239571,16.118792919541104,15.918745624220179,15.999615669250488,300600,0.0,0.0
2013-05-13 00:00:00-04:00,16.046428733109853,16.118785853734153,15.952788578261893,16.003864288330078,276100,0.0,0.0
2013-05-14 00:00:00-04:00,16.02089158238853,16.144326048429853,15.978328757248345,16.012378692626953,289700,0.0,0.0
2013-05-15 00:00:00-04:00,16.003863518398965,16.174118041992188,15.8548920280055,16.174118041992188,485400,0.0,0.0
2013-05-16 00:00:00-04:00,16.220941365242602,16.22519699853422,15.769767923944892,15.825100898742676,393400,0.0,0.0
2013-05-17 00:00:00-04:00,15.944279480469746,16.020893875622843,15.774026531871254,15.778282165527344,257800,0.0,0.0
2013-05-20 00:00:00-04:00,15.786797298409232,16.152843544197154,15.778284406220191,16.110279083251953,181900,0.0,0.0
2013-05-21 00:00:00-04:00,16.15283665205312,16.43801111220009,16.10176094438019,16.403961181640625,275000,0.0,0.0
2013-05-22 00:00:00-04:00,16.51037686729341,16.629554110383474,15.97407602605181,16.037921905517578,470700,0.0,0.0
2013-05-23 00:00:00-04:00,15.833614716771043,16.008124917973127,15.59525864677907,15.978330612182617,255500,0.0,0.0
2013-05-24 00:00:00-04:00,16.114538179236423,16.30181695775221,15.918746507560599,16.26350975036621,187000,0.0,0.0
2013-05-28 00:00:00-04:00,16.60401304630458,16.60401304630458,16.2677627839844,16.3486328125,224100,0.0,0.0
2013-05-29 00:00:00-04:00,16.344376464225356,16.39970781747404,15.995356068907801,16.246479034423828,278500,0.0,0.0
2013-05-30 00:00:00-04:00,16.306068103652326,16.31883662677178,15.803818961162307,16.042173385620117,277900,0.0,0.0
2013-05-31 00:00:00-04:00,16.046429466601925,16.127299479878793,15.82509921463259,15.837867736816406,275400,0.0,0.0
2013-06-03 00:00:00-04:00,15.846378948708924,15.931506209480819,15.13131255609293,15.301567077636719,530700,0.0,0.0
2013-06-04 00:00:00-04:00,15.280285096236616,15.501613692822133,15.04192909973332,15.216439247131348,460000,0.0,0.0
2013-06-05 00:00:00-04:00,15.15260286500603,15.178141545337565,14.807839610706521,14.820608139038086,410500,0.0,0.0
2013-06-06 00:00:00-04:00,14.795062065545098,15.029162459098774,14.65034619665173,14.833369255065918,419300,0.0,0.0
2013-06-07 00:00:00-04:00,14.973833960685583,15.318598769280612,14.884451033013269,15.241984367370605,233700,0.0,0.0
2013-06-10 00:00:00-04:00,15.314341243559843,15.335622660680597,14.795066222739596,14.978089332580566,272100,0.0,0.0
2013-06-11 00:00:00-04:00,14.892958151936833,15.190901128689248,14.75249792832431,15.071723937988281,375800,0.0,0.0
2013-06-12 00:00:00-04:00,15.199414984509378,15.305823661169903,15.080237786223204,15.224953651428223,306900,0.0,0.0
2013-06-13 00:00:00-04:00,15.276031834690967,15.816588194479191,15.212187592559205,15.688898086547852,296600,0.0,0.0
2013-06-14 00:00:00-04:00,15.752740021435782,15.897455888873402,15.58674274307125,15.774023056030273,188200,0.0,0.0
2013-06-17 00:00:00-04:00,15.880433097474217,15.914483033146535,15.501616806321051,15.650589942932129,270900,0.0,0.0
2013-06-18 00:00:00-04:00,15.68038278923677,15.957046000343007,15.612281300549204,15.90596866607666,189100,0.0,0.0
2013-06-19 00:00:00-04:00,15.957044672347559,16.157091865405718,15.910224598333704,16.106016159057617,215500,0.0,0.0
2013-06-20 00:00:00-04:00,16.114534499823062,16.114534499823062,15.425006547982623,15.57823371887207,367300,0.0,0.0
2013-06-21 00:00:00-04:00,15.680383066540529,15.799560267934494,15.271774127188989,15.676127433776855,269500,0.0,0.0
2013-06-24 00:00:00-04:00,15.531412692594232,15.573975517991988,15.012137779669505,15.425004005432129,341500,0.0,0.0
2013-06-25 00:00:00-04:00,15.616539306772477,15.884689669590102,15.556950698072518,15.880434036254883,318300,0.0,0.0
2013-06-26 00:00:00-04:00,16.089001645848498,16.608276832197845,15.99110579695238,16.48484230041504,441100,0.0,0.0
2013-06-27 00:00:00-04:00,16.5784786638958,16.723194585975136,16.31458549669284,16.52314567565918,296900,0.0,0.0
2013-06-28 00:00:00-04:00,16.552932739257812,16.88918453210708,16.472062733142504,16.552932739257812,251300,0.0,0.0
2013-07-01 00:00:00-04:00,16.748723568490657,16.791288009572824,16.506111937158234,16.56570053100586,244200,0.0,0.0
2013-07-02 00:00:00-04:00,16.59595522484371,16.656445295433166,16.016976244839086,16.233013153076172,344000,0.58,0.0
2013-07-03 00:00:00-04:00,16.20276407217202,16.237330760009907,15.870067118769105,16.02993392944336,202800,0.0,0.0
2013-07-05 00:00:00-04:00,16.41448119030679,16.41448119030679,15.865747373391514,15.965124130249023,155300,0.0,0.0
2013-07-08 00:00:00-04:00,16.2459697094143,16.3928748265499,15.770689320685747,16.14227294921875,357400,0.0,0.0
2013-07-09 00:00:00-04:00,16.31078570641782,16.505219243160337,16.23733395266549,16.250295639038086,323200,0.0,0.0
2013-07-10 00:00:00-04:00,15.4250353012372,15.619468844810973,15.4250353012372,15.558977127075195,6142100,0.0,0.0
2013-07-11 00:00:00-04:00,15.654028859831095,15.654028859831095,15.567613796220824,15.602180480957031,908100,0.0,0.0
2013-07-12 00:00:00-04:00,15.641067709096378,15.645387720720196,15.485520918954055,15.546010971069336,621600,0.0,0.0
2013-07-15 00:00:00-04:00,15.546013424969813,15.623786832317316,15.502806708990338,15.6065034866333,515300,0.0,0.0
2013-07-16 00:00:00-04:00,15.6194578948685,15.6194578948685,15.23059108033408,15.31700611114502,421000,0.0,0.0
2013-07-17 00:00:00-04:00,15.407748450761341,15.502805194506676,15.342936734893083,15.429351806640625,354200,0.0,0.0
2013-07-18 00:00:00-04:00,15.429350094409221,15.619463560802554,15.429350094409221,15.463916778564453,293700,0.0,0.0
2013-07-19 00:00:00-04:00,15.33861479158935,15.524406595571243,15.33861479158935,15.442313194274902,297100,0.0,0.0
2013-07-22 00:00:00-04:00,15.498480601930046,15.632424020206864,15.403425524400452,15.528725624084473,282100,0.0,0.0
2013-07-23 00:00:00-04:00,15.632426037618437,15.632426037618437,15.420709206984654,15.546010971069336,321800,0.0,0.0
2013-07-24 00:00:00-04:00,15.571940849469755,15.571940849469755,15.373187288086456,15.394790649414062,276500,0.0,0.0
2013-07-25 00:00:00-04:00,15.390463036519156,15.4509530841365,15.265162929981873,15.373181343078613,361100,0.0,0.0
2013-07-26 00:00:00-04:00,15.368859460355221,15.520084577202455,15.321331095566046,15.489839553833008,244600,0.0,0.0
2013-07-29 00:00:00-04:00,15.485521964059854,15.584898720417575,15.485521964059854,15.563295364379883,284500,0.0,0.0
2013-07-30 00:00:00-04:00,15.602181663438586,15.623785018920898,15.412068179441334,15.623785018920898,340700,0.0,0.0
2013-07-31 00:00:00-04:00,15.623784633121744,15.632426304747355,15.46823784032142,15.481201171875,287300,0.0,0.0
2013-08-01 00:00:00-04:00,15.60650579986054,15.666995870489988,15.48984567154769,15.662675857543945,302100,0.0,0.0
2013-08-02 00:00:00-04:00,15.662674453801856,15.67995780049865,15.450957577342766,15.619467735290527,260800,0.0,0.0
2013-08-05 00:00:00-04:00,15.589217943216177,15.589217943216177,15.450952860085534,15.554651260375977,198000,0.0,0.0
2013-08-06 00:00:00-04:00,15.554651619639905,15.567613301889276,15.273803083882108,15.442313194274902,327500,0.0,0.0
2013-08-07 00:00:00-04:00,15.38614644302733,15.38614644302733,14.992959397943563,15.252202987670898,377300,0.0,0.0
2013-08-08 00:00:00-04:00,15.299728096611044,15.485519900592935,15.187389671246041,15.442313194274902,252200,0.0,0.0
2013-08-09 00:00:00-04:00,15.46823784032142,15.554652908347192,15.347257734023536,15.481201171875,372200,0.0,0.0
2013-08-12 00:00:00-04:00,15.476878792339285,15.533048831178924,15.321332006771211,15.437992095947266,207300,0.0,0.0
2013-08-13 00:00:00-04:00,15.407747538773222,15.407747538773222,15.174427353334256,15.278125762939453,210000,0.0,0.0
2013-08-14 00:00:00-04:00,15.347262514117483,15.628109512386589,15.122583926563694,15.351582527160645,357500,0.0,0.0
2013-08-15 00:00:00-04:00,15.247878312585073,15.403425078147261,15.19602829191098,15.334293365478516,235400,0.0,0.0
2013-08-16 00:00:00-04:00,15.41639390410459,15.41639390410459,15.286772088804737,15.325658798217773,183600,0.0,0.0
2013-08-19 00:00:00-04:00,15.33861337641967,15.433670099425461,15.213311632135678,15.334293365478516,210500,0.0,0.0
2013-08-20 00:00:00-04:00,15.36021910371853,15.399105801124614,15.23059732844168,15.312690734863281,185500,0.0,0.0
2013-08-21 00:00:00-04:00,15.36886208866766,15.593540620857157,15.325655375959482,15.584898948669434,218600,0.0,0.0
2013-08-22 00:00:00-04:00,15.597861289978027,15.662673010001269,15.55033456328889,15.597861289978027,345500,0.0,0.0
2013-08-23 00:00:00-04:00,15.632428825146034,15.658353844202727,15.507127038717917,15.645390510559082,201100,0.0,0.0
2013-08-26 00:00:00-04:00,15.649709278099733,15.649709278099733,15.554652540695125,15.593539237976074,132100,0.0,0.0
2013-08-27 00:00:00-04:00,15.554656141545784,15.554656141545784,15.386147630395946,15.50712776184082,168500,0.0,0.0
2013-08-28 00:00:00-04:00,15.589220380563363,15.632427092638748,15.507125320097549,15.563295364379883,201000,0.0,0.0
2013-08-29 00:00:00-04:00,15.615141271328792,15.628102953249083,15.472557825515139,15.502802848815918,179400,0.0,0.0
2013-08-30 00:00:00-04:00,15.567623396605796,15.623793469826486,15.338624737813292,15.36886978149414,203300,0.0,0.0
2013-09-03 00:00:00-04:00,15.459592392679948,15.528724100569034,15.321328976901777,15.468234062194824,195300,0.0,0.0
2013-09-04 00:00:00-04:00,15.546008831036977,15.550330490296188,15.44663209506612,15.524405479431152,207300,0.0,0.0
2013-09-05 00:00:00-04:00,15.459591731343902,15.494158407924703,15.381818357266956,15.45527172088623,192400,0.0,0.0
2013-09-06 00:00:00-04:00,15.450955029527153,15.498483400990725,15.377503290523734,15.425031661987305,131900,0.0,0.0
2013-09-09 00:00:00-04:00,15.407750989835293,15.528731121280167,15.407750989835293,15.50712776184082,152700,0.0,0.0
2013-09-10 00:00:00-04:00,15.468235446671944,15.546008831036977,15.321330348230225,15.524405479431152,250000,0.0,0.0
2013-09-11 00:00:00-04:00,15.489843759888728,15.537372137583587,15.286770211870614,15.494165420532227,246000,0.0,0.0
2013-09-12 00:00:00-04:00,15.433677359096084,15.507129117256115,15.342940604350824,15.394790649414062,180200,0.0,0.0
2013-09-13 00:00:00-04:00,15.43799581762246,15.44663749092954,15.33429903439881,15.4207124710083,263000,0.0,0.0
2013-09-16 00:00:00-04:00,15.502800077069903,15.533045094963175,15.450950062198702,15.45527172088623,207500,0.0,0.0
2013-09-17 00:00:00-04:00,15.485515511038255,15.520080536648772,15.28676208114603,15.304043769836426,289200,0.0,0.0
2013-09-18 00:00:00-04:00,15.355900789828452,15.48552257943604,15.282447398504846,15.40774917602539,306000,0.0,0.0
2013-09-19 00:00:00-04:00,15.412066166005388,15.602179625166173,15.368859460685295,15.554651260375977,287900,0.0,0.0
2013-09-20 00:00:00-04:00,15.597862200747732,15.597862200747732,15.429353696724585,15.494165420532227,156700,0.0,0.0
2013-09-23 00:00:00-04:00,15.502808461988174,15.51145013580735,15.42071338482139,15.433676719665527,191200,0.0,0.0
2013-09-24 00:00:00-04:00,15.48119988925321,15.554651619639905,15.416388181545965,15.442313194274902,216000,0.0,0.0
2013-09-25 00:00:00-04:00,15.472559440351413,15.511446138400954,15.373182689387102,15.45095443725586,142500,0.0,0.0
2013-09-26 00:00:00-04:00,15.455278715893762,15.563297156752764,15.455278715893762,15.494165420532227,185100,0.0,0.0
2013-09-27 00:00:00-04:00,15.494162988228126,15.520086355097199,15.468237973128709,15.48552131652832,148500,0.0,0.0
2013-09-30 00:00:00-04:00,15.43799117780398,15.520084577202455,15.416387825144396,15.489839553833008,139300,0.0,0.0
2013-10-01 00:00:00-04:00,15.507128994884113,15.744769264074133,15.442318911412727,15.727487564086914,451700,0.0,0.0
2013-10-02 00:00:00-04:00,15.698931762239777,15.698931762239777,15.496873738027316,15.532014846801758,236100,0.595,0.0
2013-10-03 00:00:00-04:00,15.532014716279056,15.619865811856616,15.400238910722852,15.536406517028809,166500,0.0,0.0
2013-10-04 00:00:00-04:00,15.571548094950893,15.571548094950893,15.395845898498791,15.466126441955566,199600,0.0,0.0
2013-10-07 00:00:00-04:00,15.413413546336049,15.54518933101237,15.382665919098907,15.483694076538086,134500,0.0,0.0
2013-10-08 00:00:00-04:00,15.483693714814033,15.501264265859069,15.206963400524614,15.250889778137207,217100,0.0,0.0
2013-10-09 00:00:00-04:00,15.334348586105103,15.338740386401186,15.119113507954753,15.211358070373535,217200,0.0,0.0
2013-10-10 00:00:00-04:00,15.329954010592347,15.439767429935788,15.145466594773069,15.176214218139648,364100,0.0,0.0
2013-10-11 00:00:00-04:00,15.176215610473276,15.615469328146135,15.176215610473276,15.422198295593262,385400,0.0,0.0
2013-10-14 00:00:00-04:00,15.387060384332932,15.457340926708207,15.307994564708212,15.35631275177002,222000,0.0,0.0
2013-10-15 00:00:00-04:00,15.329956569270468,15.391451826267621,15.158646198981154,15.242105484008789,211900,0.0,0.0
2013-10-16 00:00:00-04:00,15.277245128535402,15.325563309892834,15.154254612803832,15.211358070373535,227700,0.0,0.0
2013-10-17 00:00:00-04:00,15.22453784104357,15.532015860404464,15.211360762203379,15.514445304870605,263500,0.0,0.0
2013-10-18 00:00:00-04:00,15.589118683195116,15.791175036614682,15.510052862183922,15.747248649597168,209700,0.0,0.0
2013-10-21 00:00:00-04:00,15.773606330984691,15.786783410824558,15.562764675444157,15.76482105255127,186800,0.0,0.0
2013-10-22 00:00:00-04:00,15.81314029407081,15.940524326366445,15.734074458550804,15.90977668762207,354000,0.0,0.0
2013-10-23 00:00:00-04:00,15.843883787967881,15.962482510221811,15.79117380328398,15.94491195678711,280100,0.0,0.0
2013-10-24 00:00:00-04:00,15.94490883034368,16.006404079687076,15.86584303101078,15.993227005004883,189500,0.0,0.0
2013-10-25 00:00:00-04:00,16.032766342163086,16.133794531737866,15.927344675516919,16.032766342163086,188500,0.0,0.0
2013-10-28 00:00:00-04:00,16.103046506666132,16.11183178497665,15.83510138286714,15.936129570007324,174400,0.0,0.0
2013-10-29 00:00:00-04:00,15.993235214846946,16.09865689328044,15.861459373520626,15.896598815917969,205800,0.0,0.0
2013-10-30 00:00:00-04:00,15.993229248403772,16.13379031679682,15.966873419722534,16.07668685913086,147000,0.0,0.0
2013-10-31 00:00:00-04:00,16.11182825356357,16.129398806333466,15.892201370800294,16.059118270874023,148000,0.0,0.0
2013-11-01 00:00:00-04:00,16.089864958003165,16.265565448550657,16.032761502655713,16.208463668823242,229200,0.0,0.0
2013-11-04 00:00:00-05:00,16.305098291608473,16.34463119506836,16.041546718955914,16.34463119506836,200500,0.0,0.0
2013-11-05 00:00:00-05:00,16.226031951645567,16.441267013549805,16.18649904948438,16.441267013549805,190100,0.0,0.0
2013-11-06 00:00:00-05:00,16.45444153975326,16.472012088129333,16.32705757745633,16.375375747680664,116400,0.0,0.0
2013-11-07 00:00:00-05:00,16.287534197384776,16.362206550498595,16.18650433339939,16.195289611816406,184400,0.0,0.0
2013-11-08 00:00:00-05:00,16.15136464043264,16.16893519698935,16.037157698434545,16.094261169433594,169500,0.0,0.0
2013-11-11 00:00:00-05:00,16.076693691099102,16.19968593492501,15.905384920921781,15.931740760803223,126000,0.0,0.0
2013-11-12 00:00:00-05:00,15.984444283801894,15.993229560200247,15.861453765465239,15.900986671447754,188800,0.0,0.0
2013-11-13 00:00:00-05:00,15.857061596374377,16.032763787582297,15.72528579077858,15.97566032409668,192300,0.0,0.0
2013-11-14 00:00:00-05:00,16.076691559844893,16.23921670413693,16.015196283894653,16.23482322692871,132800,0.0,0.0
2013-11-15 00:00:00-05:00,16.340240076378787,16.406127134479526,16.195285532440973,16.3929500579834,183000,0.0,0.0
2013-11-18 00:00:00-05:00,16.40612960249141,16.40612960249141,16.265568513320783,16.296316146850586,152100,0.0,0.0
2013-11-19 00:00:00-05:00,16.256784563836266,16.300710955053223,15.87024237485,15.971270561218262,242300,0.0,0.0
2013-11-20 00:00:00-05:00,15.971271068128049,16.19968328284429,15.971271068128049,16.032766342163086,128800,0.0,0.0
2013-11-21 00:00:00-05:00,16.037154488877732,16.173323761509554,16.023977411907612,16.16893196105957,233600,0.0,0.0
2013-11-22 00:00:00-05:00,16.16893430952636,16.370990671976738,16.085475008273075,16.21725082397461,204500,0.0,0.0
2013-11-25 00:00:00-05:00,16.36220255267935,16.370987828949833,16.239212036132812,16.239212036132812,144800,0.0,0.0
2013-11-26 00:00:00-05:00,16.31389223258854,16.31389223258854,16.160154012819657,16.186508178710938,134400,0.0,0.0
2013-11-27 00:00:00-05:00,16.252391287026533,16.349027663310064,16.16893366472188,16.340242385864258,115800,0.0,0.0
2013-11-29 00:00:00-05:00,16.36220744381365,16.41052563993495,16.212861053811732,16.353422164916992,29700,0.0,0.0
2013-12-02 00:00:00-05:00,16.366598870763735,16.366598870763735,16.21725248418087,16.287534713745117,104900,0.0,0.0
2013-12-03 00:00:00-05:00,16.21725082397461,16.261177212955392,16.177719587322517,16.21725082397461,147400,0.0,0.0
2013-12-04 00:00:00-05:00,16.226037536213422,16.226037536213422,15.927344767220164,16.006410598754883,142500,0.0,0.0
2013-12-05 00:00:00-05:00,16.045943545385253,16.103047018408063,15.861457721863104,15.997625350952148,128300,0.0,0.0
2013-12-06 00:00:00-05:00,16.063514709472656,16.160151101989957,15.958094713654349,16.063514709472656,170800,0.0,0.0
2013-12-09 00:00:00-05:00,16.02837370224816,16.103046052350063,15.82631565804796,15.857063293457031,182700,0.0,0.0
2013-12-10 00:00:00-05:00,15.78238755452861,15.980052079444322,15.738462849267384,15.953696250915527,199100,0.0,0.0
2013-12-11 00:00:00-05:00,15.870238547451125,15.96687323358222,15.782387461824603,15.830705642700195,162900,0.0,0.0
2013-12-12 00:00:00-05:00,15.813138904078201,15.984447640773102,15.751643631994954,15.971270561218262,140100,0.0,0.0
2013-12-13 00:00:00-05:00,15.95809110643912,16.234819789625057,15.865846536423566,16.190895080566406,215600,0.0,0.0
2013-12-16 00:00:00-05:00,16.182110537681808,16.349027455792783,16.129400549296353,16.221643447875977,197300,0.0,0.0
2013-12-17 00:00:00-05:00,16.221640992211775,16.581828930290328,16.09425700357861,16.436874389648438,271600,0.0,0.0
2013-12-18 00:00:00-05:00,16.392952114112695,16.568654308992784,16.3797750359638,16.52912139892578,256800,0.0,0.0
2013-12-19 00:00:00-05:00,16.419302854285707,16.757528385390483,16.419302854285707,16.731172561645508,243400,0.0,0.0
2013-12-20 00:00:00-05:00,16.678470506219135,16.84977925282376,16.58622591713768,16.814638137817383,255300,0.0,0.0
2013-12-23 00:00:00-05:00,16.867344976871557,17.258280553378977,16.797064442618762,16.981550216674805,304000,0.0,0.0
2013-12-24 00:00:00-05:00,17.065013185920417,17.368099446496682,16.96398499093521,17.19679069519043,185500,0.0,0.0
2013-12-26 00:00:00-05:00,17.218747372409446,17.548187685622814,17.218747372409446,17.486692428588867,316000,0.0,0.0
2013-12-27 00:00:00-05:00,17.40762848899056,17.666788296910955,17.32856267127788,17.495479583740234,244800,0.0,0.0
2013-12-30 00:00:00-05:00,17.42958874684086,17.587720363241605,17.302204758560254,17.368093490600586,250600,0.0,0.0
2013-12-31 00:00:00-05:00,17.5262269542695,17.565759862536463,17.35052476738961,17.504262924194336,227600,0.0,0.0
2014-01-02 00:00:00-05:00,17.41058010715716,17.566709829876825,16.781604548298837,16.897586822509766,363200,0.61,0.0
2014-01-03 00:00:00-05:00,17.022496509008988,17.058183901443165,16.68347478922696,16.92881965637207,181900,0.0,0.0
2014-01-06 00:00:00-05:00,16.94220149246179,16.94220149246179,16.647787313035195,16.759307861328125,198500,0.0,0.0
2014-01-07 00:00:00-05:00,16.96450803878955,17.040342908910155,16.594260642717053,16.69685935974121,280300,0.0,0.0
2014-01-08 00:00:00-05:00,16.745926792497574,16.745926792497574,16.420286979106148,16.45597267150879,302200,0.0,0.0
2014-01-09 00:00:00-05:00,16.505039407604798,16.692393092187615,16.415822638040833,16.603178024291992,226800,0.0,0.0
2014-01-10 00:00:00-05:00,16.723620714614245,16.9957293993549,16.60317832874459,16.74146270751953,390800,0.0,0.0
2014-01-13 00:00:00-05:00,16.728079736147716,16.861904033703244,16.62101927710233,16.692392349243164,364600,0.0,0.0
2014-01-14 00:00:00-05:00,16.687928533308153,16.75484151791025,16.558564337300304,16.621015548706055,362100,0.0,0.0
2014-01-15 00:00:00-05:00,16.7102416137462,16.7102416137462,16.433671079702766,16.48274040222168,204100,0.0,0.0
2014-01-16 00:00:00-05:00,16.56748893595152,16.585332628367194,16.433664646170303,16.473812103271484,183100,0.0,0.0
2014-01-17 00:00:00-05:00,16.491657743092798,16.616560201415194,16.451510281250833,16.48719596862793,239100,0.0,0.0
2014-01-21 00:00:00-05:00,16.65671043490208,16.933280939351782,16.594259195349114,16.679014205932617,284600,0.0,0.0
2014-01-22 00:00:00-05:00,16.81283853921801,17.013575881895026,16.6923961336118,16.93328094482422,197500,0.0,0.0
2014-01-23 00:00:00-05:00,16.879750063938932,17.040339923904465,16.705778282865772,16.902053833007812,739700,0.0,0.0
2014-01-24 00:00:00-05:00,16.982353793087515,17.00911934489911,16.415829042259688,16.469358444213867,210700,0.0,0.0
2014-01-27 00:00:00-05:00,16.522887652660994,16.549651499733766,16.18832595090086,16.215089797973633,258600,0.0,0.0
2014-01-28 00:00:00-05:00,16.357831418043848,16.607638031503814,16.224007115059994,16.44704818725586,245200,0.0,0.0
2014-01-29 00:00:00-05:00,16.406900637599957,16.656707249711022,16.28199818237859,16.518421173095703,182000,0.0,0.0
2014-01-30 00:00:00-05:00,16.49165467661679,17.009109809881316,16.49165467661679,16.821754455566406,191500,0.0,0.0
2014-01-31 00:00:00-05:00,16.589796104015022,17.08494760928665,16.576414182792067,16.9868106842041,182600,0.0,0.0
2014-02-03 00:00:00-05:00,17.05371573789436,17.05371573789436,16.670084921285326,16.861900329589844,190200,0.0,0.0
2014-02-04 00:00:00-05:00,16.964501564146094,17.04925825144272,16.844059194041535,16.942197799682617,119000,0.0,0.0
2014-02-05 00:00:00-05:00,16.928818868592693,17.303527963371884,16.89313147781922,17.24553680419922,234100,0.0,0.0
2014-02-06 00:00:00-05:00,17.343674242928373,17.39720362376513,17.1786226243735,17.254457473754883,175400,0.0,0.0
2014-02-07 00:00:00-05:00,17.28568207185111,17.50872313084274,17.174161542355296,17.218769073486328,273600,0.0,0.0
2014-02-10 00:00:00-05:00,17.178623350610472,17.33029135411676,17.058182664053145,17.26338005065918,299700,0.0,0.0
2014-02-11 00:00:00-05:00,17.35259682360436,17.52210682036496,17.19646704553319,17.26338005065918,260600,0.0,0.0
2014-02-12 00:00:00-05:00,17.2633752048572,17.374895714317947,17.093863554009843,17.12955093383789,197900,0.0,0.0
2014-02-13 00:00:00-05:00,17.084946538082153,17.348135082865998,16.93327853428013,17.035877227783203,162300,0.0,0.0
2014-02-14 00:00:00-05:00,17.076021194458008,17.25445470416381,16.96004060431688,17.076021194458008,155900,0.0,0.0
2014-02-18 00:00:00-05:00,17.147396370756642,17.241074910811857,16.98680823423685,17.174161911010742,228000,0.0,0.0
2014-02-19 00:00:00-05:00,17.25445734680058,17.383821576066893,17.10278935082209,17.312448501586914,239000,0.0,0.0
2014-02-20 00:00:00-05:00,16.44258730677588,16.527342297445973,16.380136081895994,16.411361694335938,6682000,0.0,0.0
2014-02-21 00:00:00-05:00,16.460435314510462,16.478277310818232,16.371218526296815,16.406904220581055,682100,0.0,0.0
2014-02-24 00:00:00-05:00,16.371216877461585,16.39352064685149,16.179401397705078,16.179401397705078,753600,0.0,0.0
2014-02-25 00:00:00-05:00,16.2820052793215,16.331074608594722,16.103571664085965,16.11249351501465,652500,0.0,0.0
2014-02-26 00:00:00-05:00,16.14371252103599,16.40690105964281,15.889445829698534,16.38905906677246,841200,0.0,0.0
2014-02-27 00:00:00-05:00,16.41136120950564,16.4202830558918,16.206163847628527,16.286457061767578,474100,0.0,0.0
2014-02-28 00:00:00-05:00,16.29984214281752,16.326605982706127,16.215085445388002,16.304302215576172,266700,0.0,0.0
2014-03-03 00:00:00-05:00,16.259695877390204,16.281999646160838,16.08572409864339,16.19724464416504,340900,0.0,0.0
2014-03-04 00:00:00-05:00,16.228467087629607,16.40689890457443,16.192779703239754,16.375673294067383,342600,0.0,0.0
2014-03-05 00:00:00-05:00,16.37121890730134,16.41582645161196,16.25969834485606,16.36229705810547,344600,0.0,0.0
2014-03-06 00:00:00-05:00,16.335527829891777,16.389058913005695,16.219547219815006,16.304302215576172,294400,0.0,0.0
2014-03-07 00:00:00-05:00,16.317685605521735,16.36229313914834,16.148173914737654,16.192781448364258,277800,0.0,0.0
2014-03-10 00:00:00-04:00,16.24631111170278,16.24631111170278,16.090183039625032,16.219547271728516,276100,0.0,0.0
2014-03-11 00:00:00-04:00,16.18386174962677,16.282000378634674,16.125872288548067,16.206167221069336,265300,0.0,0.0
2014-03-12 00:00:00-04:00,16.13925288694059,16.18832219742171,16.063418033923835,16.13033103942871,280300,0.0,0.0
2014-03-13 00:00:00-04:00,16.148174468713123,16.18386015650496,15.90282962201341,16.005428314208984,290200,0.0,0.0
2014-03-14 00:00:00-04:00,16.018814340965246,16.335532346110057,16.018814340965246,16.299846649169922,297400,0.0,0.0
2014-03-17 00:00:00-04:00,16.326607661031712,16.460433680905055,16.317687514597452,16.43366813659668,318600,0.0,0.0
2014-03-18 00:00:00-04:00,16.438125287470438,16.496116438994743,16.308762767149148,16.397977828979492,463900,0.0,0.0
2014-03-19 00:00:00-04:00,16.344447318599055,16.44258592181163,16.237388571156345,16.3221435546875,262000,0.0,0.0
2014-03-20 00:00:00-04:00,16.281998448446217,16.313224062761826,16.183859831072393,16.304302215576172,256400,0.0,0.0
2014-03-21 00:00:00-04:00,16.304301321710007,16.402439933703484,16.26861563659218,16.339988708496094,250500,0.0,0.0
2014-03-24 00:00:00-04:00,16.393520075196015,16.402441922974567,16.21508652296187,16.36675453186035,220600,0.0,0.0
2014-03-25 00:00:00-04:00,16.348911604894525,16.429206528650393,16.28645867400901,16.38905906677246,230900,0.0,0.0
2014-03-26 00:00:00-04:00,16.380138154362417,16.415823843808166,16.281999530466788,16.36675453186035,236100,0.0,0.0
2014-03-27 00:00:00-04:00,16.30430253466127,16.397979379441406,16.286458839940757,16.344449996948242,187500,0.0,0.0
2014-03-28 00:00:00-04:00,16.339989029778554,16.420283949957774,16.313223489162716,16.380136489868164,169200,0.0,0.0
2014-03-31 00:00:00-04:00,16.43366444286682,16.43366444286682,16.34890945744314,16.375673294067383,203500,0.0,0.0
2014-04-01 00:00:00-04:00,16.389057116799286,16.47827217554132,16.380135270591452,16.473812103271484,311100,0.0,0.0
2014-04-02 00:00:00-04:00,16.467008494699627,16.60313662532653,16.45339446996277,16.49877166748047,235600,0.625,0.0
2014-04-03 00:00:00-04:00,16.47154506310031,16.59406089782715,16.467008208908826,16.59406089782715,259600,0.0,0.0
2014-04-04 00:00:00-04:00,16.58044852042667,16.603136253195466,16.4851590042199,16.539609909057617,222800,0.0,0.0
2014-04-07 00:00:00-04:00,16.521458408628813,16.535070701585145,16.389867140174307,16.439781188964844,160700,0.0,0.0
2014-04-08 00:00:00-04:00,16.430707638293853,16.544148041868315,16.349030409243184,16.525997161865234,236900,0.0,0.0
2014-04-09 00:00:00-04:00,16.480620419088307,16.603136253195466,16.3989431963502,16.539609909057617,232800,0.0,0.0
2014-04-10 00:00:00-04:00,16.521457863470562,16.55775961810692,16.290040236034063,16.37171745300293,256400,0.0,0.0
2014-04-11 00:00:00-04:00,16.33088133776956,16.584986735166833,16.29004272305026,16.557762145996094,366800,0.0,0.0
2014-04-14 00:00:00-04:00,16.603139297815982,16.721116568425774,16.516925205099728,16.707504272460938,260400,0.0,0.0
2014-04-15 00:00:00-04:00,16.671202433821,16.716577902764516,16.575911179498522,16.675739288330078,187900,0.0,0.0
2014-04-16 00:00:00-04:00,16.680273867584933,16.78010196279955,16.65304928231764,16.716575622558594,251400,0.0,0.0
2014-04-17 00:00:00-04:00,16.698429180474864,16.816408184513655,16.621290527110848,16.752880096435547,236100,0.0,0.0
2014-04-21 00:00:00-04:00,16.716579261584503,16.793717911251388,16.607675703919295,16.693891525268555,276100,0.0,0.0
2014-04-22 00:00:00-04:00,16.69389273414669,16.743806796234267,16.535075106507723,16.62582778930664,541900,0.0,0.0
2014-04-23 00:00:00-04:00,16.594061239284603,16.7211139308173,16.580448945466987,16.702964782714844,245400,0.0,0.0
2014-04-24 00:00:00-04:00,16.70750548318233,16.70750548318233,16.598603645645237,16.639440536499023,137500,0.0,0.0
2014-04-25 00:00:00-04:00,16.630366375476484,16.630366375476484,16.5169259547187,16.62582778930664,145200,0.0,0.0
2014-04-28 00:00:00-04:00,16.62582831232122,16.684817817640727,16.56683880700172,16.671205520629883,171200,0.0,0.0
2014-04-29 00:00:00-04:00,16.69388887851576,16.80279068795167,16.662125706516697,16.77556610107422,257600,0.0,0.0
2014-04-30 00:00:00-04:00,16.76648357753541,16.789171300668176,16.680267806283663,16.757408142089844,116100,0.0,0.0
2014-05-01 00:00:00-04:00,16.69842835543312,16.789181031525924,16.693891500561975,16.780105590820312,210300,0.0,0.0
2014-05-02 00:00:00-04:00,16.725656682384862,16.793719899390428,16.721118096006375,16.74834442138672,221300,0.0,0.0
2014-05-05 00:00:00-04:00,16.725651682807904,16.875392100231057,16.707500804646607,16.816404342651367,327000,0.0,0.0
2014-05-06 00:00:00-04:00,16.81640727773393,16.82548271839858,16.634901926367633,16.72565460205078,247000,0.0,0.0
2014-05-07 00:00:00-04:00,16.716580585780694,16.811870124433984,16.60767701948874,16.79825782775879,246000,0.0,0.0
2014-05-08 00:00:00-04:00,16.721111747546058,16.771025792977525,16.625822241338465,16.712038040161133,195700,0.0,0.0
2014-05-09 00:00:00-04:00,16.67574144307153,16.766494123648275,16.62582738220615,16.752880096435547,149900,0.0,0.0
2014-05-12 00:00:00-04:00,16.752876911654642,16.802790963031185,16.71204003066992,16.766490936279297,290200,0.0,0.0
2014-05-13 00:00:00-04:00,16.730192009390123,16.75741833228317,16.653053357638218,16.707504272460938,295500,0.0,0.0
2014-05-14 00:00:00-04:00,16.6757370136947,16.734726500045422,16.630361550940574,16.716575622558594,205100,0.0,0.0
2014-05-15 00:00:00-04:00,16.730192009390123,16.730192009390123,16.61675159378082,16.707504272460938,188300,0.0,0.0
2014-05-16 00:00:00-04:00,16.734730042715427,16.752879193081405,16.630365071516966,16.72565460205078,378900,0.0,0.0
2014-05-19 00:00:00-04:00,16.72111354890091,16.834553944024968,16.689350376743217,16.83001708984375,230900,0.0,0.0
2014-05-20 00:00:00-04:00,16.820942474999637,16.820942474999637,16.712040659682014,16.802791595458984,229100,0.0,0.0
2014-05-21 00:00:00-04:00,16.780102050118767,16.843628390690295,16.73926344104236,16.771026611328125,343400,0.0,0.0
2014-05-22 00:00:00-04:00,16.784645005956307,16.811869598454944,16.698429180474864,16.752880096435547,349600,0.0,0.0
2014-05-23 00:00:00-04:00,16.771026611328125,16.798252927700048,16.68027395438467,16.771026611328125,261300,0.0,0.0
2014-05-27 00:00:00-04:00,16.78464181513678,16.789178669369612,16.734727763760237,16.766490936279297,203000,0.0,0.0
2014-05-28 00:00:00-04:00,16.780105315058766,16.807331636728172,16.748342138592776,16.789180755615234,173500,0.0,0.0
2014-05-29 00:00:00-04:00,16.802790318548887,16.916230710612467,16.775565732269957,16.816404342651367,358600,0.0,0.0
2014-05-30 00:00:00-04:00,16.86177925119502,16.925305591702216,16.807328349469277,16.92076873779297,191700,0.0,0.0
2014-06-02 00:00:00-04:00,16.90262076771194,16.988834854521286,16.834555830624446,16.91623306274414,435400,0.0,0.0
2014-06-03 00:00:00-04:00,16.925304594693408,16.975218639569647,16.889004572668867,16.9479923248291,296000,0.0,0.0
2014-06-04 00:00:00-04:00,16.961610144390384,17.011524200439453,16.902620648063007,17.011524200439453,234100,0.0,0.0
2014-06-05 00:00:00-04:00,17.01152038443433,17.10680988953646,16.97068177782444,17.097734451293945,243300,0.0,0.0
2014-06-06 00:00:00-04:00,17.10227156819351,17.238401412963867,17.084122422391957,17.238401412963867,278300,0.0,0.0
2014-06-09 00:00:00-04:00,17.24294025769776,17.52881054137662,17.202101645743635,17.29285430908203,411900,0.0,0.0
2014-06-10 00:00:00-04:00,17.32915503157882,17.45167087236002,17.28377956356941,17.447134017944336,254800,0.0,0.0
2014-06-11 00:00:00-04:00,17.419908425217603,17.49704880120723,17.38814525009341,17.451671600341797,291400,0.0,0.0
2014-06-12 00:00:00-04:00,17.41082799874308,17.43351572719663,17.301926209780955,17.3699893951416,259200,0.0,0.0
2014-06-13 00:00:00-04:00,17.41537139371474,17.46074686315605,17.31554328378802,17.428983688354492,210700,0.0,0.0
2014-06-16 00:00:00-04:00,17.49250620945389,17.601409735626305,17.438055311849094,17.515193939208984,230900,0.0,0.0
2014-06-17 00:00:00-04:00,17.515199209819155,17.53788867736471,17.424448263490326,17.5015869140625,168100,0.0,0.0
2014-06-18 00:00:00-04:00,17.53335105576644,17.5378896419105,17.288319332890357,17.35638427734375,324700,0.0,0.0
2014-06-19 00:00:00-04:00,17.320082512045023,17.397222897823095,17.320082512045023,17.35638427734375,250700,0.0,0.0
2014-06-20 00:00:00-04:00,17.41991119131796,17.41991119131796,17.270170732092858,17.338233947753906,263800,0.0,0.0
2014-06-23 00:00:00-04:00,17.388147630746683,17.465288017297787,17.311008975159037,17.379072189331055,389300,0.0,0.0
2014-06-24 00:00:00-04:00,17.401752383003743,17.501580464332555,17.342764635821,17.433515548706055,357100,0.0,0.0
2014-06-25 00:00:00-04:00,17.45620878681672,17.669475555419922,17.438057907925316,17.669475555419922,164500,0.0,0.0
2014-06-26 00:00:00-04:00,17.66947562282146,17.78745460510254,17.61956330212433,17.78745460510254,319900,0.0,0.0
2014-06-27 00:00:00-04:00,17.778377255445204,17.923580809602928,17.742075501424317,17.873666763305664,284200,0.0,0.0
2014-06-30 00:00:00-04:00,17.909972063704636,17.946272093950434,17.79653165637124,17.88274574279785,215100,0.0,0.0
2014-07-01 00:00:00-04:00,17.679791911631735,18.07185545010749,17.679791911631735,18.039567947387695,249600,0.64,0.0
2014-07-02 00:00:00-04:00,18.085690490429176,18.136428491934623,17.822776991297975,17.887351989746094,288300,0.0,0.0
2014-07-03 00:00:00-04:00,17.951933879648163,17.956547386757933,17.735146552999325,17.81355857849121,121100,0.0,0.0
2014-07-07 00:00:00-04:00,17.87352008628847,17.87352008628847,17.53219273496038,17.661344528198242,239200,0.0,0.0
2014-07-08 00:00:00-04:00,17.679792568004803,17.71208007192329,17.412265524637903,17.592153549194336,233900,0.0,0.0
2014-07-09 00:00:00-04:00,17.555254229331723,17.75359275806726,17.509127967104277,17.712080001831055,222000,0.0,0.0
2014-07-10 00:00:00-04:00,17.605993594985733,17.684407374884238,17.555257336859995,17.670570373535156,206100,0.0,0.0
2014-07-11 00:00:00-04:00,17.730526090394843,18.053402839458265,17.642888844599984,17.974990844726562,368100,0.0,0.0
2014-07-14 00:00:00-04:00,17.951930555204218,17.988831567099147,17.753593774648788,17.942707061767578,196900,0.0,0.0
2014-07-15 00:00:00-04:00,17.942709324559768,17.97499683427113,17.776658269165726,17.919645309448242,175900,0.0,0.0
2014-07-16 00:00:00-04:00,17.928871107162706,18.039572400627478,17.891971849032693,17.988834381103516,197300,0.0,0.0
2014-07-17 00:00:00-04:00,17.92425565202803,18.29786870117156,17.85045539149648,18.0211181640625,342900,0.0,0.0
2014-07-18 00:00:00-04:00,18.09491924402682,18.16871950790043,17.864293199479643,17.910419464111328,253500,0.0,0.0
2014-07-21 00:00:00-04:00,17.942709606918875,18.117984159670996,17.873521079570118,17.891971588134766,317100,0.0,0.0
2014-07-22 00:00:00-04:00,17.998059808919056,18.081085339933185,17.9427100414221,18.053409576416016,146100,0.0,0.0
2014-07-23 00:00:00-04:00,18.136433786876783,18.26558382147845,18.085695770558342,18.214847564697266,194100,0.0,0.0
2014-07-24 00:00:00-04:00,18.260967282738694,18.26557902867697,18.16871652814198,18.201004028320312,141200,0.0,0.0
2014-07-25 00:00:00-04:00,18.177945539184524,18.24713405932608,18.016508004903773,18.10875701904297,199400,0.0,0.0
2014-07-28 00:00:00-04:00,18.154881967637706,18.154881967637706,18.039568948798074,18.11798095703125,181800,0.0,0.0
2014-07-29 00:00:00-04:00,18.09031105041504,18.141049071706707,18.062635286200287,18.09031105041504,176800,0.0,0.0
2014-07-30 00:00:00-04:00,18.11337267642487,18.20562346105595,17.915034105306123,17.988834381103516,187400,0.0,0.0
2014-07-31 00:00:00-04:00,17.896584111092867,17.94732213207581,17.62444525635131,17.81355857849121,340400,0.0,0.0
2014-08-01 00:00:00-04:00,17.80893758038612,17.85506207030076,17.458385122703444,17.481449127197266,297300,0.0,0.0
2014-08-04 00:00:00-04:00,17.463010175010435,17.522973459180005,17.301570834482774,17.361534118652344,290100,0.0,0.0
2014-08-05 00:00:00-04:00,17.36152796874039,17.407654232353863,17.094002677930405,17.140127182006836,275500,0.0,0.0
2014-08-06 00:00:00-04:00,17.11245142383875,17.25544020173496,17.075552172485015,17.140127182006836,228400,0.0,0.0
2014-08-07 00:00:00-04:00,17.218542452918943,17.379979990810988,17.163190931752645,17.195478439331055,242200,0.0,0.0
2014-08-08 00:00:00-04:00,17.25082650544844,17.343075503175292,17.15857574818474,17.200088500976562,317300,0.0,0.0
2014-08-11 00:00:00-04:00,17.80894303697524,18.136431590505282,17.753593280211426,17.965768814086914,455500,0.0,0.0
2014-08-12 00:00:00-04:00,17.942703496590262,17.942703496590262,17.767427243990547,17.887351989746094,250100,0.0,0.0
2014-08-13 00:00:00-04:00,17.915030677306827,18.127206209682864,17.80894291111881,18.11798095703125,235400,0.0,0.0
2014-08-14 00:00:00-04:00,18.154885962533672,18.182559967041016,18.002671899593604,18.182559967041016,319900,0.0,0.0
2014-08-15 00:00:00-04:00,18.191780859648283,18.486983660062304,18.099531854026957,18.477758407592773,299800,0.0,0.0
2014-08-18 00:00:00-04:00,18.459307122023947,18.63919513873,18.150267335743177,18.19178009033203,374400,0.0,0.0
2014-08-19 00:00:00-04:00,18.247136872145685,18.399349176568805,18.228686362658813,18.307098388671875,227600,0.0,0.0
2014-08-20 00:00:00-04:00,18.32553842553116,18.597677126560455,18.320926680563666,18.56538963317871,255900,0.0,0.0
2014-08-21 00:00:00-04:00,18.59768317062269,18.708384440720074,18.422406892775584,18.477758407592773,254900,0.0,0.0
2014-08-22 00:00:00-04:00,18.528499223902053,18.588462499965672,18.288649638722433,18.307098388671875,139900,0.0,0.0
2014-08-25 00:00:00-04:00,18.417799708304187,18.597687777174922,18.27019915130577,18.551563262939453,248600,0.0,0.0
2014-08-26 00:00:00-04:00,18.565401613012572,18.65303890023675,18.546951102164044,18.63459014892578,212200,0.0,0.0
2014-08-27 00:00:00-04:00,18.65764642563103,18.84214619634862,18.634584174233453,18.814472198486328,244100,0.0,0.0
2014-08-28 00:00:00-04:00,18.662256183732392,18.869819943269746,18.47775643267226,18.782182693481445,181900,0.0,0.0
2014-08-29 00:00:00-04:00,18.8329254721311,18.95746199989407,18.749899947264286,18.920562744140625,145300,0.0,0.0
2014-09-02 00:00:00-04:00,18.9897469992809,19.072772513177082,18.879047487110675,18.911334991455078,189800,0.0,0.0
2014-09-03 00:00:00-04:00,18.91133717489593,18.980525697643365,18.685322858853233,18.731449127197266,173000,0.0,0.0
2014-09-04 00:00:00-04:00,18.800633825372554,18.823697836779864,18.533108536510664,18.606908798217773,230600,0.0,0.0
2014-09-05 00:00:00-04:00,18.52849684012733,18.620747616155782,18.49159758543827,18.574623107910156,156200,0.0,0.0
2014-09-08 00:00:00-04:00,18.602301405589998,18.745288456374546,18.52849936707224,18.676101684570312,131000,0.0,0.0
2014-09-09 00:00:00-04:00,18.759123307482792,18.851374085512987,18.680711289856333,18.796024322509766,235900,0.0,0.0
2014-09-10 00:00:00-04:00,18.869823586943077,18.9067246000026,18.666873293727154,18.842147827148438,160600,0.0,0.0
2014-09-11 00:00:00-04:00,18.791410760890663,18.865211024281177,18.666872486505973,18.828310012817383,159200,0.0,0.0
2014-09-12 00:00:00-04:00,18.759119871945494,18.809857878546826,18.45008184560926,18.588457107543945,179100,0.0,0.0
2014-09-15 00:00:00-04:00,18.55616931851168,18.55616931851168,18.325543299003154,18.491594314575195,141200,0.0,0.0
2014-09-16 00:00:00-04:00,18.394737536097434,18.713000908681124,18.394737536097434,18.583850860595703,217800,0.0,0.0
2014-09-17 00:00:00-04:00,18.648423424724243,18.69454793308834,18.556172648458844,18.666873931884766,144100,0.0,0.0
2014-09-18 00:00:00-04:00,18.657644437759032,18.90210744369369,18.58384418542762,18.782182693481445,211300,0.0,0.0
2014-09-19 00:00:00-04:00,18.851376290985485,18.998976849287082,18.772964264185394,18.985139846801758,216300,0.0,0.0
2014-09-22 00:00:00-04:00,18.98974663211739,18.98974663211739,18.427020310468755,18.57000732421875,330700,0.0,0.0
2014-09-23 00:00:00-04:00,18.556178156699314,18.680716477695142,18.454702096731367,18.510053634643555,165700,0.0,0.0
2014-09-24 00:00:00-04:00,18.50082395395788,18.837537811147367,18.33016115171933,18.77757453918457,203600,0.0,0.0
2014-09-25 00:00:00-04:00,18.855985115837314,18.952847628256478,18.602296829223633,18.602296829223633,254800,0.0,0.0
2014-09-26 00:00:00-04:00,18.703767727125783,18.883655720589378,18.625355733887474,18.823694229125977,188200,0.0,0.0
2014-09-29 00:00:00-04:00,18.800635073202233,18.879048846210072,18.629972286590558,18.71761131286621,189800,0.0,0.0
2014-09-30 00:00:00-04:00,18.79602119557506,18.9251712076094,18.694545180669827,18.837533950805664,196100,0.0,0.0
2014-10-01 00:00:00-04:00,18.907844617177908,19.04845787791556,18.612555518032607,18.795352935791016,232400,0.65,0.0
2014-10-02 00:00:00-04:00,18.83753776550293,18.907845292379754,18.392262721931967,18.83753776550293,250000,0.0,0.0
2014-10-03 00:00:00-04:00,18.973467013480455,19.00159038526342,18.804730358772456,18.9781551361084,126800,0.0,0.0
2014-10-06 00:00:00-04:00,19.090634443741234,19.128132251957787,18.907837098670317,19.03907585144043,219000,0.0,0.0
2014-10-07 00:00:00-04:00,19.0062737208948,19.076581245260936,18.78598026800384,18.795352935791016,206000,0.0,0.0
2014-10-08 00:00:00-04:00,18.80941658148014,18.814102915639822,18.115722906190374,18.37820053100586,329000,0.0,0.0
2014-10-09 00:00:00-04:00,18.401626587535542,18.448498845696722,17.811050438655307,17.93291473388672,325100,0.0,0.0
2014-10-10 00:00:00-04:00,17.965730772116807,18.045410949239834,17.079863641784385,17.740747451782227,600300,0.0,0.0
2014-10-13 00:00:00-04:00,17.651696520788473,17.871991766297395,17.070492766081916,17.126739501953125,460200,0.0,0.0
2014-10-14 00:00:00-04:00,17.126737866686984,17.26266478340541,16.311178154370918,16.906442642211914,847200,0.0,0.0
2014-10-15 00:00:00-04:00,16.65802792372932,18.031354475300382,16.23618633219071,17.88605308532715,781400,0.0,0.0
2014-10-16 00:00:00-04:00,17.497019686078225,18.710982040434274,17.356404656744814,18.153215408325195,548700,0.0,0.0
2014-10-17 00:00:00-04:00,18.378200337200944,18.800041926912666,18.171967664450047,18.725048065185547,422200,0.0,0.0
2014-10-20 00:00:00-04:00,18.640675663323577,18.781288899756127,18.3875707649484,18.467252731323242,224200,0.0,0.0
2014-10-21 00:00:00-04:00,18.692234478933518,18.725044174872927,18.36413573154512,18.486000061035156,217400,0.0,0.0
2014-10-22 00:00:00-04:00,18.70629400370139,18.75316448388136,18.467251693992814,18.523496627807617,231900,0.0,0.0
2014-10-23 00:00:00-04:00,18.60786492252693,18.809411205690374,18.439128333088306,18.523496627807617,268500,0.0,0.0
2014-10-24 00:00:00-04:00,18.56567888677509,18.729727338713143,18.439126457568296,18.528181076049805,242900,0.0,0.0
2014-10-27 00:00:00-04:00,18.467254660689537,18.720357797513355,18.307892499284804,18.471940994262695,217600,0.0,0.0
2014-10-28 00:00:00-04:00,18.5656795501709,18.60786369474717,18.46256235498577,18.5656795501709,140300,0.0,0.0
2014-10-29 00:00:00-04:00,18.617241034199196,18.748479820786503,18.575056883082652,18.743793487548828,191000,0.0,0.0
2014-10-30 00:00:00-04:00,18.720355335022184,18.78597651237597,18.41100550804566,18.560993194580078,173600,0.0,0.0
2014-10-31 00:00:00-04:00,18.71098402513138,18.71098402513138,18.481316123781816,18.51412582397461,291700,0.0,0.0
2014-11-03 00:00:00-05:00,18.546928382110444,18.720351271775556,18.44849931943515,18.5422420501709,139700,0.0,0.0
2014-11-04 00:00:00-05:00,18.509435367794634,18.532870607285034,17.951667012754594,18.256330490112305,216700,0.0,0.0
2014-11-05 00:00:00-05:00,18.401628636867017,18.45318723258932,18.12977666123219,18.40631675720215,172000,0.0,0.0
2014-11-06 00:00:00-05:00,18.382885554002502,18.382885554002502,18.162590337747734,18.303203582763672,153700,0.0,0.0
2014-11-07 00:00:00-05:00,18.31726249156014,18.4485012555671,18.270390227276184,18.429752349853516,168600,0.0,0.0
2014-11-10 00:00:00-05:00,18.443815798956724,18.495374403118586,18.059472116288347,18.115718841552734,196000,0.0,0.0
2014-11-11 00:00:00-05:00,18.17665228212567,18.378198601734134,17.951670718189494,18.373512268066406,217900,0.0,0.0
2014-11-12 00:00:00-05:00,18.307890826920683,18.514123457196302,18.167275800647776,18.36882209777832,222500,0.0,0.0
2014-11-13 00:00:00-05:00,18.354767766564233,18.453196889181847,18.214154478825503,18.293834686279297,206200,0.0,0.0
2014-11-14 00:00:00-05:00,18.3360153903988,18.570371421725962,18.293831233240123,18.551624298095703,252100,0.0,0.0
2014-11-17 00:00:00-05:00,18.411012374338203,18.631307653341114,18.411012374338203,18.509443283081055,151800,0.0,0.0
2014-11-18 00:00:00-05:00,18.551620477769067,18.72035528366166,18.50006187541539,18.673484802246094,175000,0.0,0.0
2014-11-19 00:00:00-05:00,18.631307726695326,19.07189649844089,18.607872477090925,19.006277084350586,279500,0.0,0.0
2014-11-20 00:00:00-05:00,19.0203302716466,19.198439511079833,18.964083554778583,19.13282012939453,161100,0.0,0.0
2014-11-21 00:00:00-05:00,19.32500301520526,19.381247976307407,19.08596058952484,19.104707717895508,172700,0.0,0.0
2014-11-24 00:00:00-05:00,19.20313607095549,19.207822405423702,18.865662773409447,18.935970306396484,191500,0.0,0.0
2014-11-25 00:00:00-05:00,19.01564355557037,19.095325516354304,18.912526355024404,18.982833862304688,143400,0.0,0.0
2014-11-26 00:00:00-05:00,18.96877475017609,19.20781707763672,18.89846723669067,19.20781707763672,118500,0.0,0.0
2014-11-28 00:00:00-05:00,18.68286182416828,18.82347507573714,17.857927649107193,17.876676559448242,207600,0.0,0.0
2014-12-01 00:00:00-05:00,17.726686368916774,17.750121609562182,16.80332322593487,17.482955932617188,770100,0.0,0.0
2014-12-02 00:00:00-05:00,17.436090034743955,18.18602866049854,17.112677549641578,18.017292022705078,335500,0.0,0.0
2014-12-03 00:00:00-05:00,18.16727374785961,18.392257049276825,18.003225286403445,18.237581253051758,330600,0.0,0.0
2014-12-04 00:00:00-05:00,18.15790075312412,18.345384450244097,18.036034651401742,18.21883201599121,241300,0.0,0.0
2014-12-05 00:00:00-05:00,18.275081858626795,18.29851710127401,18.02197694685025,18.171964645385742,202700,0.0,0.0
2014-12-08 00:00:00-05:00,18.068846347847092,18.068846347847092,16.981434704722314,17.154857635498047,429200,0.0,0.0
2014-12-09 00:00:00-05:00,17.061119831127858,17.422026546683416,16.83613646715285,17.351720809936523,376400,0.0,0.0
2014-12-10 00:00:00-05:00,17.225168498236687,17.225168498236687,16.808015043814315,17.000186920166016,357300,0.0,0.0
2014-12-11 00:00:00-05:00,17.000183128142744,17.511079239800534,16.873630683457502,17.00486946105957,423300,0.0,0.0
2014-12-12 00:00:00-05:00,16.90644406158118,16.995498710358834,16.52210031086447,16.878320693969727,385900,0.0,0.0
2014-12-15 00:00:00-05:00,16.836138663653,16.836138663653,15.71123063699175,16.16119384765625,1084000,0.0,0.0
2014-12-16 00:00:00-05:00,15.931519572009432,16.60177599892794,15.589358283562424,16.236181259155273,598700,0.0,0.0
2014-12-17 00:00:00-05:00,16.583036029939805,17.632950223282062,16.47054432951282,17.534521102905273,759700,0.0,0.0
2014-12-18 00:00:00-05:00,17.74074953381861,18.153216618846354,17.06580485758689,17.272037506103516,645400,0.0,0.0
2014-12-19 00:00:00-05:00,17.35640188274868,17.618881202493196,17.17360451942418,17.614194869995117,312200,0.0,0.0
2014-12-22 00:00:00-05:00,17.595448955793596,17.6001352890885,17.272036530619282,17.567325592041016,397400,0.0,0.0
2014-12-23 00:00:00-05:00,17.94229714455114,18.007916547091106,17.614200131851316,17.951671600341797,378700,0.0,0.0
2014-12-24 00:00:00-05:00,17.862612310753004,17.951666935631604,17.71731096574609,17.778244018554688,209200,0.0,0.0
2014-12-26 00:00:00-05:00,17.881361596583844,17.975102556130228,17.604821474735957,17.68450164794922,283300,0.0,0.0
2014-12-29 00:00:00-05:00,17.623567019398305,17.942291259765625,17.52513794787152,17.942291259765625,335200,0.0,0.0
2014-12-30 00:00:00-05:00,18.021973176989828,18.11571591596388,17.693874484577663,18.05478286743164,380400,0.0,0.0
2014-12-31 00:00:00-05:00,17.961041367220883,17.993851059925564,17.857924168438085,17.895421981811523,223000,0.0,0.0
2015-01-02 00:00:00-05:00,17.843863404043567,17.993851081730764,17.712624633065808,17.778244018554688,294400,0.0,0.0
2015-01-05 00:00:00-05:00,17.608933426973497,17.637550984942315,16.974593023681063,17.060443878173828,354400,0.655,0.0
2015-01-06 00:00:00-05:00,17.12244575252823,17.289376940046036,16.60257200072686,16.693191528320312,452600,0.0,0.0
2015-01-07 00:00:00-05:00,16.941201230825335,17.03182073891022,16.33547676458277,16.421327590942383,492800,0.0,0.0
2015-01-08 00:00:00-05:00,16.492875210766595,16.807661056518555,16.478565522723134,16.807661056518555,394200,0.0,0.0
2015-01-09 00:00:00-05:00,16.81719260025008,16.83627096476035,16.573949820689585,16.674108505249023,368200,0.0,0.0
2015-01-12 00:00:00-05:00,16.55487241838797,16.55487241838797,15.548511374641443,15.9205322265625,805000,0.0,0.0
2015-01-13 00:00:00-05:00,15.920533336662436,16.092235000380942,15.26234423221257,15.54851245880127,629500,0.0,0.0
2015-01-14 00:00:00-05:00,15.391119514385746,16.058845941004964,15.352962782880768,15.968226432800293,620100,0.0,0.0
2015-01-15 00:00:00-05:00,16.21624152946663,16.373635335276894,15.910994921194561,16.187623977661133,503200,0.0,0.0
2015-01-16 00:00:00-05:00,16.33548209520233,16.91258920117647,16.221013682898306,16.860124588012695,623000,0.0,0.0
2015-01-20 00:00:00-05:00,16.664569302088484,16.965047174802844,16.2734719271835,16.373632431030273,657500,0.0,0.0
2015-01-21 00:00:00-05:00,16.45471442697888,16.922123488024354,16.45471442697888,16.91258430480957,374900,0.0,0.0
2015-01-22 00:00:00-05:00,17.050907391683488,17.065215263226275,16.693196047802015,16.9793643951416,358800,0.0,0.0
2015-01-23 00:00:00-05:00,16.960281839056137,17.065209225603517,16.707498008279263,16.783809661865234,286500,0.0,0.0
2015-01-26 00:00:00-05:00,16.83627649925625,16.860123553026703,16.669345303449482,16.745656967163086,284300,0.0,0.0
2015-01-27 00:00:00-05:00,16.659802014743867,16.750421524517417,16.316398702906206,16.7170352935791,373600,0.0,0.0
2015-01-28 00:00:00-05:00,16.659800086867087,16.764729268766857,16.426094677930216,16.44994354248047,283900,0.0,0.0
2015-01-29 00:00:00-05:00,16.454719771877176,16.75042726993593,16.25440231753814,16.68365478515625,307300,0.0,0.0
2015-01-30 00:00:00-05:00,16.588260427942366,16.860120799231975,16.32117055827582,16.59303092956543,316400,0.0,0.0
2015-02-02 00:00:00-05:00,16.626416976629407,17.26075722937978,16.526258276628813,17.198755264282227,549100,0.0,0.0
2015-02-03 00:00:00-05:00,17.35615100515794,17.65185848702972,17.265531469262264,17.499235153198242,399200,0.0,0.0
2015-02-04 00:00:00-05:00,17.413388079220443,17.656632821145692,17.30369014793782,17.532625198364258,342500,0.0,0.0
2015-02-05 00:00:00-05:00,17.675702815705918,17.980949404871232,17.65662444902979,17.91417694091797,348500,0.0,0.0
2015-02-06 00:00:00-05:00,17.933255631822423,18.052492708681385,17.542158165278103,17.842636108398438,224000,0.0,0.0
2015-02-09 00:00:00-05:00,17.856943936272263,17.93325559251821,17.44676992108367,17.542158126831055,277900,0.0,0.0
2015-02-10 00:00:00-05:00,17.546930285215772,17.55169896818795,17.05567224605713,17.31322479248047,283200,0.0,0.0
2015-02-11 00:00:00-05:00,17.241681208387657,17.303683175380495,17.13675200361006,17.25598907470703,330200,0.0,0.0
2015-02-12 00:00:00-05:00,17.384768562531463,17.51354484159183,17.317996081406896,17.499235153198242,168700,0.0,0.0
2015-02-13 00:00:00-05:00,17.613698427211958,17.732935485712222,17.52784759953872,17.58985137939453,140400,0.0,0.0
2015-02-17 00:00:00-05:00,17.432454526538432,17.63277369572411,17.31798798935759,17.408607482910156,303400,0.0,0.0
2015-02-18 00:00:00-05:00,17.370457869269337,17.408614610226692,17.170140437483862,17.284608840942383,218400,0.0,0.0
2015-02-19 00:00:00-05:00,17.265524760485683,17.480151808856434,17.11290148595825,17.351375579833984,223300,0.0,0.0
2015-02-20 00:00:00-05:00,17.341839130502084,17.575542760456415,17.341839130502084,17.57077407836914,174500,0.0,0.0
2015-02-23 00:00:00-05:00,17.499231123142014,17.599391641175643,17.351378325963307,17.40384292602539,301100,0.0,0.0
2015-02-24 00:00:00-05:00,17.537391415366677,17.537391415366677,17.222605570546147,17.308456420898438,204100,0.0,0.0
2015-02-25 00:00:00-05:00,17.332303216470695,17.570777392911175,17.317995348096613,17.4467716217041,256200,0.0,0.0
2015-02-26 00:00:00-05:00,17.446765581266867,17.456302943938503,17.236907214231934,17.351375579833984,217500,0.0,0.0
2015-02-27 00:00:00-05:00,17.36091803479957,17.542157070334998,17.36091803479957,17.461076736450195,218400,0.0,0.0
2015-03-02 00:00:00-05:00,17.408609068113552,17.499228569917804,17.236907427294575,17.24644660949707,246700,0.0,0.0
2015-03-03 00:00:00-05:00,17.265529345495484,17.341841003024417,17.13675308227539,17.13675308227539,235800,0.0,0.0
2015-03-04 00:00:00-05:00,17.06521117228484,17.174909073114925,16.965052456667838,17.11767578125,198100,0.0,0.0
2015-03-05 00:00:00-05:00,17.10335902932095,17.322754717022743,17.089051168639884,17.208288192749023,159300,0.0,0.0
2015-03-06 00:00:00-05:00,17.027051081919666,17.1176705848141,16.883966985986827,17.007972717285156,160400,0.0,0.0
2015-03-09 00:00:00-04:00,16.926896486931508,17.065210115421394,16.57872261616427,16.602571487426758,212200,0.0,0.0
2015-03-10 00:00:00-04:00,16.454713602841203,16.712266078501333,16.402249007494166,16.659801483154297,215300,0.0,0.0
2015-03-11 00:00:00-04:00,16.650262429536568,16.655031111235516,16.13515929363486,16.15423583984375,363900,0.0,0.0
2015-03-12 00:00:00-04:00,16.21624214740847,16.297322484827095,16.09223639035252,16.21147346496582,213300,0.0,0.0
2015-03-13 00:00:00-04:00,16.16854583516966,16.173314516960456,15.782217111242955,16.04930877685547,356200,0.0,0.0
2015-03-16 00:00:00-04:00,16.06838512388121,16.09223399077837,15.782216915246273,15.968226432800293,196400,0.0,0.0
2015-03-17 00:00:00-04:00,15.863297771763095,16.006383700284946,15.85852908987184,15.891915321350098,294900,0.0,0.0
2015-03-18 00:00:00-04:00,15.85376438002824,16.182858095371635,15.672523492728265,16.00638771057129,445900,0.0,0.0
2015-03-19 00:00:00-04:00,15.906219920604839,16.249623167489386,15.891912058455578,16.135156631469727,267600,0.0,0.0
2015-03-20 00:00:00-04:00,16.216239397821674,16.411788094254177,16.17331398546268,16.259164810180664,273900,0.0,0.0
2015-03-23 00:00:00-04:00,16.340249801010618,16.77904323261147,16.297324376391117,16.645498275756836,306100,0.0,0.0
2015-03-24 00:00:00-04:00,16.693186313941936,16.75995876809164,16.4165554959927,16.44994354248047,271900,0.0,0.0
2015-03-25 00:00:00-04:00,16.50240928923795,16.6931893235582,16.41178977361312,16.53102684020996,242900,0.0,0.0
2015-03-26 00:00:00-04:00,16.72657309334846,16.826731777880372,16.540563587956914,16.607336044311523,177500,0.0,0.0
2015-03-27 00:00:00-04:00,16.61688040874964,16.793350786923206,16.573954984932985,16.650266647338867,140500,0.0,0.0
2015-03-30 00:00:00-04:00,16.764730985841894,17.007973782216744,16.678880159024157,16.821964263916016,194100,0.0,0.0
2015-03-31 00:00:00-04:00,16.71226586393961,17.003204565737512,16.702726681325068,16.93166160583496,208500,0.0,0.0
2015-04-01 00:00:00-04:00,17.032737173943833,17.144506698574705,16.95498438055832,17.076473236083984,152300,0.658,0.0
2015-04-02 00:00:00-04:00,16.954982678523784,17.042454794023158,16.804337699209135,16.862651824951172,215700,0.0,0.0
2015-04-06 00:00:00-04:00,16.862657339837586,16.97442688980235,16.794623861926272,16.877235412597656,237200,0.0,0.0
2015-04-07 00:00:00-04:00,16.930689782220455,16.94526785408889,16.804342167223396,16.85779571533203,287300,0.0,0.0
2015-04-08 00:00:00-04:00,16.81406484135913,16.891817671637632,16.784908688613253,16.848081588745117,145400,0.0,0.0
2015-04-09 00:00:00-04:00,16.84807995117206,16.891816029813583,16.780046463012695,16.780046463012695,154600,0.0,0.0
2015-04-10 00:00:00-04:00,16.88209881946939,17.13965470127679,16.828643405409693,17.00358772277832,310800,0.0,0.0
2015-04-13 00:00:00-04:00,16.920967878105802,17.071614728352777,16.63911469343711,16.66341209411621,281700,0.0,0.0
2015-04-14 00:00:00-04:00,16.64398014242491,17.03760486570644,16.64398014242491,16.828643798828125,293500,0.0,0.0
2015-04-15 00:00:00-04:00,16.872379817649158,17.188249860220463,16.852941147830546,17.120216369628906,339000,0.0,0.0
2015-04-16 00:00:00-04:00,17.08133934347101,17.188248310285786,17.05704008150212,17.09105682373047,186700,0.0,0.0
2015-04-17 00:00:00-04:00,17.032738292796306,17.06189628739602,16.852935293863748,16.989002227783203,228000,0.0,0.0
2015-04-20 00:00:00-04:00,16.998719132092617,17.20768009578764,16.94040500499272,16.979280471801758,161600,0.0,0.0
2015-04-21 00:00:00-04:00,16.974430387597263,17.0084471335625,16.916116230767376,16.998727798461914,143600,0.0,0.0
2015-04-22 00:00:00-04:00,16.96956475451388,17.154228359046957,16.96956475451388,17.047319412231445,136900,0.0,0.0
2015-04-23 00:00:00-04:00,17.100775171320507,17.261141392952215,17.09591643147105,17.217405319213867,180600,0.0,0.0
2015-04-24 00:00:00-04:00,17.18339111194603,17.450666333624522,17.178530517606767,17.41179084777832,168500,0.0,0.0
2015-04-27 00:00:00-04:00,17.363188618385387,17.479818746158607,17.309733220396538,17.397205352783203,248500,0.0,0.0
2015-04-28 00:00:00-04:00,17.37776812853166,17.46038152874964,17.27571791688575,17.33403205871582,215700,0.0,0.0
2015-04-29 00:00:00-04:00,17.236846442187485,17.37291342263978,17.17853043304487,17.3194580078125,348000,0.0,0.0
2015-04-30 00:00:00-04:00,17.31945269642179,17.377766833907522,17.178525164872685,17.29029655456543,282700,0.0,0.0
2015-05-01 00:00:00-04:00,17.295155149589757,17.455519489783317,17.144508287418724,17.397205352783203,159400,0.0,0.0
2015-05-04 00:00:00-04:00,17.36804591203951,17.445798697861203,17.207679748535156,17.207679748535156,203100,0.0,0.0
2015-05-05 00:00:00-04:00,17.256281736856664,17.324317074858556,17.086198026285462,17.144512176513672,219100,0.0,0.0
2015-05-06 00:00:00-04:00,17.120207978251457,17.20768009578764,16.920966344701863,16.979280471801758,168300,0.0,0.0
2015-05-07 00:00:00-04:00,16.993867958197765,17.00358729266945,16.746029563603475,16.794626235961914,148100,0.0,0.0
2015-05-08 00:00:00-04:00,16.83836380439633,16.984150126826762,16.799486463068924,16.82378387451172,148200,0.0,0.0
2015-05-11 00:00:00-04:00,16.66341890625616,16.71201372748032,16.566227410034244,16.62940216064453,174900,0.0,0.0
2015-05-12 00:00:00-04:00,16.522484574895444,16.726584965127305,16.444731780458614,16.66341209411621,303300,0.0,0.0
2015-05-13 00:00:00-04:00,16.702295263694637,16.935553754530144,16.702295263694637,16.848081588745117,218900,0.0,0.0
2015-05-14 00:00:00-04:00,16.959844739311972,17.0278782008657,16.89180942398545,16.94526481628418,140700,0.0,0.0
2015-05-15 00:00:00-04:00,16.88695386992091,17.06189814906192,16.82863972813162,16.89667320251465,123000,0.0,0.0
2015-05-18 00:00:00-04:00,16.83350214588169,17.032743873157393,16.76060991616046,17.00358772277832,182000,0.0,0.0
2015-05-19 00:00:00-04:00,16.998728202937706,17.01816687360141,16.789767127737072,16.82378387451172,177600,0.0,0.0
2015-05-20 00:00:00-04:00,16.87723795485758,16.87723795485758,16.770327128450855,16.780046463012695,168900,0.0,0.0
2015-05-21 00:00:00-04:00,16.872371154870283,16.974421338362006,16.78975777744415,16.862651824951172,153900,0.0,0.0
2015-05-22 00:00:00-04:00,16.88209682852325,16.95013030974913,16.804344013726052,16.911252975463867,159400,0.0,0.0
2015-05-26 00:00:00-04:00,16.804347057621683,16.857800621286366,16.66827821674943,16.82378387451172,177400,0.0,0.0
2015-05-27 00:00:00-04:00,16.85293536191326,16.940407492292664,16.614816372819785,16.736305236816406,165100,0.0,0.0
2015-05-28 00:00:00-04:00,16.677994663575067,16.72658947804439,16.435016883681755,16.51276969909668,154900,0.0,0.0
2015-05-29 00:00:00-04:00,16.575939656289364,16.731445242232613,16.527343002074094,16.639114379882812,235700,0.0,0.0
2015-06-01 00:00:00-04:00,16.619685614706793,16.712016532036806,16.590527604814934,16.609966278076172,139000,0.0,0.0
2015-06-02 00:00:00-04:00,16.614818213599943,16.75088701691703,16.5224873340913,16.64397621154785,193400,0.0,0.0
2015-06-03 00:00:00-04:00,16.619681631863397,16.682856377935877,16.31838968361332,16.33296775817871,206300,0.0,0.0
2015-06-04 00:00:00-04:00,16.36698661071108,16.381564687155283,15.963642527200186,16.172603607177734,383800,0.0,0.0
2015-06-05 00:00:00-04:00,16.089986261790397,16.459311611444118,15.958778059555078,16.425294876098633,408900,0.0,0.0
2015-06-08 00:00:00-04:00,16.405859525627495,16.483612344089295,16.25035388870389,16.269792556762695,132400,0.0,0.0
2015-06-09 00:00:00-04:00,16.279506131223286,16.38155632176728,15.939336975637202,16.124000549316406,436400,0.0,0.0
2015-06-10 00:00:00-04:00,16.14830124382728,16.36698159230764,15.798412686258706,15.822711944580078,782100,0.0,0.0
2015-06-11 00:00:00-04:00,15.7935538138947,15.924762021878294,15.686643010254784,15.710942268371582,283600,0.0,0.0
2015-06-12 00:00:00-04:00,15.71094823936484,15.837295902234631,15.560301309143236,15.808137893676758,346300,0.0,0.0
2015-06-15 00:00:00-04:00,15.798415446852221,15.9782203502289,15.706084551925914,15.94906234741211,277300,0.0,0.0
2015-06-16 00:00:00-04:00,16.017094939207148,16.143444423918204,15.861589307080736,16.114286422729492,246400,0.0,0.0
2015-06-17 00:00:00-04:00,16.10943016684094,16.216339146804962,15.939344581006134,16.070552825927734,137900,0.0,0.0
2015-06-18 00:00:00-04:00,16.026811147421327,16.080266545622525,15.84700814292248,15.89074420928955,322500,0.0,0.0
2015-06-19 00:00:00-04:00,15.832435728479622,15.871311215932096,15.555439306677563,15.652630805969238,272500,0.0,0.0
2015-06-22 00:00:00-04:00,15.672065812386366,15.817852100351594,15.638049073653587,15.69150447845459,197300,0.0,0.0
2015-06-23 00:00:00-04:00,15.696366310119629,15.715804980017085,15.594316073818367,15.696366310119629,304800,0.0,0.0
2015-06-24 00:00:00-04:00,15.749815708946349,15.798410511352953,15.642904919124359,15.744956970214844,286500,0.0,0.0
2015-06-25 00:00:00-04:00,15.744958614782487,15.774114757762666,15.521418607440198,15.667205810546875,238500,0.0,0.0
2015-06-26 00:00:00-04:00,15.66720678835863,15.66720678835863,15.312458554145975,15.395071029663086,267000,0.0,0.0
2015-06-29 00:00:00-04:00,15.263863162148958,15.307599234111635,14.66613808117453,14.709874153137207,328200,0.0,0.0
2015-06-30 00:00:00-04:00,14.773045330771811,15.00144498294592,14.578663338305034,14.913972854614258,438800,0.0,0.0
2015-07-01 00:00:00-04:00,15.02223439781339,15.056996441562971,14.575292076242997,14.634883880615234,416700,0.658,0.0
2015-07-02 00:00:00-04:00,14.495836063349044,14.932846112577165,14.456107877055578,14.853389739990234,485700,0.0,0.0
2015-07-06 00:00:00-04:00,14.729241065120084,14.773935399246328,14.45610986518841,14.65475082397461,328400,0.0,0.0
2015-07-07 00:00:00-04:00,14.654750869334771,14.798765209702475,14.222705953842043,14.759037017822266,447000,0.0,0.0
2015-07-08 00:00:00-04:00,14.719306998875922,14.719306998875922,14.25250103902548,14.416379928588867,260700,0.0,0.0
2015-07-09 00:00:00-04:00,14.485903145557877,14.704408634199693,14.44120881953581,14.480937004089355,397900,0.0,0.0
2015-07-10 00:00:00-04:00,14.6895141483016,15.032170423944523,14.615023900690936,15.017271995544434,448900,0.0,0.0
2015-07-13 00:00:00-04:00,15.037135064993802,15.409587213045413,15.022236638081612,15.300333976745605,418300,0.0,0.0
2015-07-14 00:00:00-04:00,15.250670184071968,15.558564309597266,15.225840425146604,15.543665885925293,295500,0.0,0.0
2015-07-15 00:00:00-04:00,15.444349423846633,15.503941237730372,15.210945469083386,15.245708465576172,237900,0.0,0.0
2015-07-16 00:00:00-04:00,15.196047315290791,15.285435979346964,14.878220848958314,14.992440223693848,289700,0.0,0.0
2015-07-17 00:00:00-04:00,14.917950815710473,14.987474915089756,14.629920238979581,14.639852523803711,486000,0.0,0.0
2015-07-20 00:00:00-04:00,14.600122221090809,14.605088362784961,13.949572814271509,14.143247604370117,409800,0.0,0.0
2015-07-21 00:00:00-04:00,14.108491443111884,14.287268829874973,13.93468020011389,14.088627815246582,451300,0.0,0.0
2015-07-22 00:00:00-04:00,14.004201092763282,14.004201092763282,13.318888612505766,13.582088470458984,663500,0.0,0.0
2015-07-23 00:00:00-04:00,13.537391646813834,13.696304381932107,13.269225695905787,13.313920021057129,784700,0.0,0.0
2015-07-24 00:00:00-04:00,13.368545333872007,13.989298737288808,13.199700332367076,13.885011672973633,723500,0.0,0.0
2015-07-27 00:00:00-04:00,13.711206440631603,13.810526452811091,13.378482458080837,13.383448600769043,685400,0.0,0.0
2015-07-28 00:00:00-04:00,13.428143232860242,14.02406616061757,13.428143232860242,13.92971134185791,725600,0.0,0.0
2015-07-29 00:00:00-04:00,13.959503199019855,14.252498888761671,13.830386374117143,14.182973861694336,516000,0.0,0.0
2015-07-30 00:00:00-04:00,14.143248943490539,14.178010991446302,13.825423422529555,14.098554611206055,526000,0.0,0.0
2015-07-31 00:00:00-04:00,14.078688496556426,14.128348962210929,13.760862084684375,13.830387115478516,485100,0.0,0.0
2015-08-03 00:00:00-04:00,13.721135373835178,13.889980406860277,13.477800107933056,13.731067657470703,550800,0.0,0.0
2015-08-04 00:00:00-04:00,13.726099365363957,13.924741218176997,13.443035956458294,13.457934379577637,465800,0.0,0.0
2015-08-05 00:00:00-04:00,13.502627983338629,13.745963198174032,12.315746859425964,12.439897537231445,1130900,0.0,0.0
2015-08-06 00:00:00-04:00,12.42500301108535,12.817318753522882,11.958196086528977,12.688201904296875,1233800,0.0,0.0
2015-08-07 00:00:00-04:00,12.678272414378341,12.886845670864766,12.330650004502678,12.767660140991211,666700,0.0,0.0
2015-08-10 00:00:00-04:00,12.727931930276704,13.537395188980472,12.727931930276704,13.27916145324707,649200,0.0,0.0
2015-08-11 00:00:00-04:00,13.115283341253948,13.348686377999629,12.936505982864535,13.150045394897461,510400,0.0,0.0
2015-08-12 00:00:00-04:00,13.194735114881464,13.845284461975098,13.05072080775139,13.845284461975098,496900,0.0,0.0
2015-08-13 00:00:00-04:00,13.726099803843205,13.795624833426562,13.27915751512543,13.294055938720703,560200,0.0,0.0
2015-08-14 00:00:00-04:00,13.318884068394754,13.56718541477704,13.249359994509943,13.527457237243652,402600,0.0,0.0
2015-08-17 00:00:00-04:00,13.358614516398509,13.830387533586604,13.353648374963466,13.706236839294434,401700,0.0,0.0
2015-08-18 00:00:00-04:00,13.656580376687389,13.984338229952295,13.5572594132517,13.89991569519043,406900,0.0,0.0
2015-08-19 00:00:00-04:00,13.87508052785779,13.924740990248177,13.358613234509027,13.408273696899414,480800,0.0,0.0
2015-08-20 00:00:00-04:00,13.368550861808025,13.452973397469464,13.20467193342934,13.41324520111084,747100,0.0,0.0
2015-08-21 00:00:00-04:00,13.284123891580583,13.43807048267974,13.030856369143171,13.303988456726074,844400,0.0,0.0
2015-08-24 00:00:00-04:00,12.668339387169713,13.29902526237389,12.017789889613061,12.817319869995117,876800,0.0,0.0
2015-08-25 00:00:00-04:00,13.21956845705105,13.348684366212138,12.58888260195712,12.717999458312988,708300,0.0,0.0
2015-08-26 00:00:00-04:00,12.767654789362972,13.17486979348915,12.643504116045039,13.105344772338867,536300,0.0,0.0
2015-08-27 00:00:00-04:00,13.413243295723118,14.182977346026718,13.284126439100266,13.964472770690918,635800,0.0,0.0
2015-08-28 00:00:00-04:00,13.939642005436287,14.595157623291016,13.855219482094707,14.595157623291016,519300,0.0,0.0
2015-08-31 00:00:00-04:00,14.421342126762765,14.7888279923474,14.252497141603008,14.431273460388184,527400,0.0,0.0
2015-09-01 00:00:00-04:00,14.14821909874478,14.401486737797029,14.088627270258979,14.292234420776367,348200,0.0,0.0
2015-09-02 00:00:00-04:00,14.411416443890808,14.471008261703851,14.053861748233093,14.366722106933594,335800,0.0,0.0
2015-09-03 00:00:00-04:00,14.401484347297528,14.550464840977826,14.242571568119908,14.272367477416992,229800,0.0,0.0
2015-09-04 00:00:00-04:00,14.192908809702484,14.386583609838807,14.073724244449767,14.317059516906738,169600,0.0,0.0
2015-09-08 00:00:00-04:00,14.307128366539828,14.441211368270388,14.108487408713888,14.222705841064453,274800,0.0,0.0
2015-09-09 00:00:00-04:00,14.187944141183548,14.287265096139425,13.840322693227629,13.889982223510742,338800,0.0,0.0
2015-09-10 00:00:00-04:00,13.845288629195478,13.885016823864243,13.676444512249383,13.696308135986328,304700,0.0,0.0
2015-09-11 00:00:00-04:00,13.582089525826442,13.582089525826442,13.214603492911152,13.27916145324707,344500,0.0,0.0
2015-09-14 00:00:00-04:00,13.159974904203622,13.274193326988843,12.727930028318806,12.807387351989746,461400,0.0,0.0
2015-09-15 00:00:00-04:00,12.792489288274467,13.075552755882015,12.742828814772585,12.986164093017578,322400,0.0,0.0
2015-09-16 00:00:00-04:00,13.060651068362633,13.726098784415845,13.045753593068369,13.716167449951172,551200,0.0,0.0
2015-09-17 00:00:00-04:00,13.621819844806028,14.014135705078013,13.49270295679898,13.760868072509766,345800,0.0,0.0
2015-09-18 00:00:00-04:00,13.626782518088168,13.681408187691646,13.438072903982276,13.651612281799316,295700,0.0,0.0
2015-09-21 00:00:00-04:00,13.701271753758833,13.795626553906905,13.527460578915973,13.731067657470703,290500,0.0,0.0
2015-09-22 00:00:00-04:00,13.582085373736739,13.701269919825911,13.457934686494529,13.572153091430664,275300,0.0,0.0
2015-09-23 00:00:00-04:00,13.552293126000375,13.631749511471234,13.035825673244961,13.11528205871582,327300,0.0,0.0
2015-09-24 00:00:00-04:00,12.98119408035548,12.98119408035548,12.370372995836208,12.802417755126953,894100,0.0,0.0
2015-09-25 00:00:00-04:00,12.866979018335027,13.095416808571795,12.41507052693034,12.638542175292969,401000,0.0,0.0
2015-09-28 00:00:00-04:00,12.559083314236606,12.573980789716076,11.521183547811422,11.685062408447266,777400,0.0,0.0
2015-09-29 00:00:00-04:00,11.71982713025657,11.948263980381745,10.969956733515465,11.004718780517578,980900,0.0,0.0
2015-09-30 00:00:00-04:00,11.15369964941961,11.580778407085734,11.079209410736972,11.51125431060791,1047500,0.0,0.0
2015-10-01 00:00:00-04:00,11.638010123504877,12.026455015019014,11.428454467866292,11.796454429626465,573800,0.658,0.0
2015-10-02 00:00:00-04:00,11.264901253609471,12.10823528260863,11.264901253609471,11.960012435913086,749500,0.0,0.0
2015-10-05 00:00:00-04:00,12.0111224682122,12.363789741305725,12.0111224682122,12.10312271118164,774600,0.0,0.0
2015-10-06 00:00:00-04:00,12.149119538511668,12.900453027596255,12.062230552029689,12.50689697265625,904800,0.0,0.0
2015-10-07 00:00:00-04:00,12.629565285245048,13.033343856986297,12.394454452232067,12.808454513549805,755400,0.0,0.0
2015-10-08 00:00:00-04:00,12.782901169509913,13.406456967461125,12.65001203718562,13.207123756408691,572300,0.0,0.0
2015-10-09 00:00:00-04:00,13.294011228200864,13.754011417698452,12.997566574980828,13.64156723022461,774100,0.0,0.0
2015-10-12 00:00:00-04:00,13.498451382019388,13.498451382019388,12.798229341795594,12.966896057128906,734600,0.0,0.0
2015-10-13 00:00:00-04:00,12.813563176303926,13.166230329971905,12.65000767746303,12.675562858581543,413800,0.0,0.0
2015-10-14 00:00:00-04:00,12.604008373585623,12.834008917758538,12.425119169769772,12.736897468566895,515900,0.0,0.0
2015-10-15 00:00:00-04:00,12.680676683267796,12.742010495311138,12.353565618684293,12.588676452636719,694700,0.0,0.0
2015-10-16 00:00:00-04:00,12.690896358075925,12.731785232160785,12.363785365397037,12.53756332397461,676100,0.0,0.0
2015-10-19 00:00:00-04:00,12.430231627623012,12.588675920980604,11.79645347932482,12.205342292785645,1071700,0.0,0.0
2015-10-20 00:00:00-04:00,12.154232648263546,12.552899021484459,12.077565138150705,12.297343254089355,635100,0.0,0.0
2015-10-21 00:00:00-04:00,12.276900293979228,12.496678427718496,12.046899694747907,12.087788581848145,504700,0.0,0.0
2015-10-22 00:00:00-04:00,12.06222809399445,12.47111678537018,11.914005334078539,12.1133394241333,939800,0.0,0.0
2015-10-23 00:00:00-04:00,12.06734322036388,12.215565053264777,11.883342762407597,12.072454452514648,521500,0.0,0.0
2015-10-26 00:00:00-04:00,11.9242309560277,12.016231179692102,11.408008237030163,11.551119804382324,802400,0.0,0.0
2015-10-27 00:00:00-04:00,11.300677108144113,11.413121302427333,10.661787646577718,10.994009971618652,929400,0.0,0.0
2015-10-28 00:00:00-04:00,11.024678740503264,11.653345870590217,10.799789329178928,11.3671236038208,617000,0.0,0.0
2015-10-29 00:00:00-04:00,11.402895379253179,11.811785095584481,11.377340198487072,11.648229598999023,771200,0.0,0.0
2015-10-30 00:00:00-04:00,11.622677125507444,12.220677708640912,11.459121577106488,12.087788581848145,522700,0.0,0.0
2015-11-02 00:00:00-05:00,11.949786641817497,12.399565315299867,11.914008992195274,12.154232025146484,455000,0.0,0.0
2015-11-03 00:00:00-05:00,12.200232772797145,12.404677191880632,12.133787727302582,12.287121772766113,550500,0.0,0.0
2015-11-04 00:00:00-05:00,12.261568126710303,12.343345911121487,11.658456235526762,11.694233894348145,783300,0.0,0.0
2015-11-05 00:00:00-05:00,11.571563534950473,12.006008485660422,11.413119249939001,11.653341293334961,812600,0.0,0.0
2015-11-06 00:00:00-05:00,11.484676430477984,11.597121597869865,11.305788163932608,11.454010009765625,940100,0.0,0.0
2015-11-09 00:00:00-05:00,11.37734254224382,11.474454003921974,11.152453200677304,11.244453430175781,521800,0.0,0.0
2015-11-10 00:00:00-05:00,11.121783621517267,11.285339105311001,10.902005574594096,10.948005676269531,620900,0.0,0.0
2015-11-11 00:00:00-05:00,10.942895677089004,11.01956219688715,10.50845076507592,10.605562210083008,811400,0.0,0.0
2015-11-12 00:00:00-05:00,10.488007540759178,10.488007540759178,9.99222879366705,10.068896293640137,1033700,0.0,0.0
2015-11-13 00:00:00-05:00,10.022896728750284,10.436896766730795,9.895118855002291,10.242674827575684,833700,0.0,0.0
2015-11-16 00:00:00-05:00,10.304005053003964,10.907116620419886,10.304005053003964,10.810005187988281,923400,0.0,0.0
2015-11-17 00:00:00-05:00,10.764009857242385,10.948010342366048,9.930898391016457,10.043342590332031,1455900,0.0,0.0
2015-11-18 00:00:00-05:00,10.166006981532428,10.314229778031663,9.665117967254325,9.777562141418457,1535800,0.0,0.0
2015-11-19 00:00:00-05:00,9.716231393050615,9.782675470467915,9.399341779933993,9.506675720214844,1514300,0.0,0.0
2015-11-20 00:00:00-05:00,9.59356372349031,9.639563839522202,9.159118724782386,9.32778549194336,1295500,0.0,0.0
2015-11-23 00:00:00-05:00,9.251118756481333,9.654896352510878,9.10289594695154,9.210229873657227,1404000,0.0,0.0
2015-11-24 00:00:00-05:00,9.281785375911467,9.506674723748725,9.235785259879576,9.32778549194336,1387100,0.0,0.0
2015-11-25 00:00:00-05:00,9.256228530405204,9.358450233926849,9.03645045427549,9.225561141967773,1688600,0.0,0.0
2015-11-27 00:00:00-05:00,9.123340670860639,9.537340722013527,9.097784510377226,9.50156307220459,520700,0.0,0.0
2015-11-30 00:00:00-05:00,9.48111859230498,9.706007940857797,9.281785405444467,9.3175630569458,1463200,0.0,0.0
2015-12-01 00:00:00-05:00,9.256231619114855,9.378898289194064,8.91889803268002,9.133564949035645,1669400,0.0,0.0
2015-12-02 00:00:00-05:00,9.046674475688372,9.046674475688372,8.596895783126639,8.760451316833496,2150900,0.0,0.0
2015-12-03 00:00:00-05:00,8.729783002654669,8.857560857479747,8.464004830650264,8.540671348571777,2078500,0.0,0.0
2015-12-04 00:00:00-05:00,8.52022890758297,8.525340139665245,8.014228629851912,8.096006393432617,2850500,0.0,0.0
2015-12-07 00:00:00-05:00,7.881340436877747,7.963118209968809,6.869339276290913,7.329339981079102,3150600,0.0,0.0
2015-12-08 00:00:00-05:00,7.043116318538547,7.52867214501904,6.5677829560045895,7.150449752807617,2485800,0.0,0.0
2015-12-09 00:00:00-05:00,7.303782617127785,7.753560752612859,7.2884494100754145,7.661560535430908,3176400,0.0,0.0
2015-12-10 00:00:00-05:00,7.615560192302159,7.860893934753824,7.416227044458647,7.549116134643555,2071400,0.0,0.0
2015-12-11 00:00:00-05:00,7.390671056041006,7.462226829381368,6.900004079760671,7.043115139007568,2590500,0.0,0.0
2015-12-14 00:00:00-05:00,6.900006544534934,6.997117533283354,6.4502282816583545,6.613783836364746,2592900,0.0,0.0
2015-12-15 00:00:00-05:00,6.685338202029195,6.8744493934743485,6.613782418468639,6.813116073608398,2334900,0.0,0.0
2015-12-16 00:00:00-05:00,6.797784378263779,7.20156252281257,6.767117467789311,7.155562400817871,2256800,0.0,0.0
2015-12-17 00:00:00-05:00,7.155561352991518,7.155561352991518,6.920450031895868,6.997116565704346,2438300,0.0,0.0
2015-12-18 00:00:00-05:00,6.961340167243047,7.222007208979409,6.874451153330926,7.063562393188477,2867100,0.0,0.0
2015-12-21 00:00:00-05:00,7.145338761598811,7.257783431630007,6.905116699967795,7.247561454772949,2430100,0.0,0.0
2015-12-22 00:00:00-05:00,7.30889499956009,8.050006622912903,7.262894883725443,7.753561973571777,2995000,0.0,0.0
2015-12-23 00:00:00-05:00,7.932448350255861,8.71444808832003,7.886448250973553,8.653115272521973,3987100,0.0,0.0
2015-12-24 00:00:00-05:00,8.775783476654738,8.934227750323965,8.694005724124317,8.806449890136719,770000,0.0,0.0
2015-12-28 00:00:00-05:00,8.694004286653621,8.724670695065203,8.21355933882361,8.35155963897705,1535500,0.0,0.0
2015-12-29 00:00:00-05:00,8.515118064262316,8.576451877181988,8.024450972942528,8.341340065002441,2045400,0.0,0.0
2015-12-30 00:00:00-05:00,8.075563967024639,8.285119172899286,7.963119270334353,8.2340087890625,1902800,0.0,0.0
2015-12-31 00:00:00-05:00,8.228896089485845,8.913785639440894,8.13178462273666,8.837119102478027,1921000,0.0,0.0
2016-01-04 00:00:00-05:00,8.81667357897865,8.995562803090916,8.489562523368456,8.893340110778809,1311600,0.0,0.0
2016-01-05 00:00:00-05:00,8.954677298665112,8.975121259917882,8.632676378837148,8.888232231140137,972200,0.0,0.0
2016-01-06 00:00:00-05:00,8.687664696611963,8.777391533998816,8.064855505951991,8.418484687805176,918800,0.55,0.0
2016-01-07 00:00:00-05:00,8.180968145489944,8.36569988560047,7.806227003852716,7.880119800567627,1343700,0.0,0.0
2016-01-08 00:00:00-05:00,7.901236388955416,8.154582399787008,7.742894880508781,7.917070388793945,867600,0.0,0.0
2016-01-11 00:00:00-05:00,7.917066453930243,7.969847098297856,7.331203717546675,7.357593536376953,1124100,0.0,0.0
2016-01-12 00:00:00-05:00,7.537048672641135,7.637331816884732,6.750620030684493,7.093692779541016,1651400,0.0,0.0
2016-01-13 00:00:00-05:00,7.20981172189865,7.457880058089867,6.5764462176702585,6.608114719390869,1565100,0.0,0.0
2016-01-14 00:00:00-05:00,6.676727563962837,6.972298342637688,6.5183865967175985,6.951186180114746,1621800,0.0,0.0
2016-01-15 00:00:00-05:00,6.729507641812534,6.866736938058285,6.497273874080476,6.708395481109619,1499000,0.0,0.0
2016-01-19 00:00:00-05:00,6.813956508669034,6.829790503878442,6.212259657175204,6.328376293182373,982600,0.0,0.0
2016-01-20 00:00:00-05:00,6.069751544110889,6.069751544110889,5.330825470517081,5.832239627838135,1989100,0.0,0.0
2016-01-21 00:00:00-05:00,5.710845344700335,6.296708745535092,5.652787022614209,5.927245140075684,1346300,0.0,0.0
2016-01-22 00:00:00-05:00,6.175314497511105,6.734787665488703,6.175314497511105,6.713675498962402,1355200,0.0,0.0
2016-01-25 00:00:00-05:00,6.428659113219313,7.098970581296917,6.428659113219313,6.618668556213379,1274200,0.0,0.0
2016-01-26 00:00:00-05:00,6.718952974340586,7.220367796124353,6.5711678128078255,7.083138465881348,915100,0.0,0.0
2016-01-27 00:00:00-05:00,7.00924531446573,7.283703962461845,6.845626161767345,7.167586803436279,936300,0.0,0.0
2016-01-28 00:00:00-05:00,7.568718214195315,7.7692840270935974,7.3575960674506335,7.742893695831299,993100,0.0,0.0
2016-01-29 00:00:00-05:00,7.890677844949583,8.149301951124908,7.695390223754728,8.101799964904785,857100,0.0,0.0
2016-02-01 00:00:00-05:00,7.890678488098448,7.890678488098448,7.521215377254907,7.579273700714111,785300,0.0,0.0
2016-02-02 00:00:00-05:00,7.4578796282990245,7.4578796282990245,7.104250479008029,7.2995381355285645,791900,0.0,0.0
2016-02-03 00:00:00-05:00,7.484267593527011,7.674277022734634,7.135916721636251,7.447320938110352,552300,0.0,0.0
2016-02-04 00:00:00-05:00,7.5212134559284065,7.890676472391021,7.394540508001833,7.737613201141357,568500,0.0,0.0
2016-02-05 00:00:00-05:00,7.70594755279717,7.748171881577946,7.310094092962117,7.3892645835876465,458000,0.0,0.0
2016-02-08 00:00:00-05:00,7.188699475229075,7.215089809143701,6.191148477403253,6.317821979522705,901900,0.0,0.0
2016-02-09 00:00:00-05:00,6.090864522289859,6.206981664904207,5.863908403396733,5.90085506439209,951100,0.0,0.0
2016-02-10 00:00:00-05:00,5.885021308985495,6.17003578352189,5.826962982019201,5.974748134613037,774400,0.0,0.0
2016-02-11 00:00:00-05:00,5.800572672604087,6.053919152804459,5.541948528734692,5.821684837341309,986500,0.0,0.0
2016-02-12 00:00:00-05:00,6.027528614793418,6.460328228773704,5.9114114610351605,6.344211578369141,857400,0.0,0.0
2016-02-16 00:00:00-05:00,6.41282312902029,7.146471411396496,6.402267302977501,6.8403449058532715,1385200,0.0,0.0
2016-02-17 00:00:00-05:00,7.035633429659305,7.642608358881777,7.035633429659305,7.621496200561523,1309000,0.0,0.0
2016-02-18 00:00:00-05:00,7.816786280938372,7.906512599089217,7.521215485978675,7.616220474243164,1141300,0.0,0.0
2016-02-19 00:00:00-05:00,7.573993730080614,7.600383548752285,7.12535976571284,7.151750087738037,1152600,0.0,0.0
2016-02-22 00:00:00-05:00,7.494828134943774,7.8959599077956835,7.347042930391871,7.843179225921631,934800,0.0,0.0
2016-02-23 00:00:00-05:00,7.774561673562992,7.774561673562992,7.405098546764559,7.442045211791992,671900,0.0,0.0
2016-02-24 00:00:00-05:00,7.257312246813896,7.5634388322293935,7.0303561391131035,7.415653705596924,965100,0.0,0.0
2016-02-25 00:00:00-05:00,7.336483084935754,7.399820074243313,7.09897113677017,7.378707408905029,603400,0.0,0.0
2016-02-26 00:00:00-05:00,7.59510626056235,7.800949675104644,7.489544967269988,7.737613201141357,726300,0.0,0.0
2016-02-29 00:00:00-05:00,7.837898345563561,8.117634636707878,7.7270593617737475,8.0806884765625,609400,0.0,0.0
2016-03-01 00:00:00-05:00,8.122909843084049,8.302362915071406,7.742890536677149,7.880119800567627,750700,0.0,0.0
2016-03-02 00:00:00-05:00,7.827343620105598,8.254865646362305,7.77456294903803,8.254865646362305,465600,0.0,0.0
2016-03-03 00:00:00-05:00,8.2126391591102,8.587380416115847,8.16513666826596,8.334033966064453,1020200,0.0,0.0
2016-03-04 00:00:00-05:00,8.434316298455027,8.444872630853338,8.14402420445235,8.212638854980469,896100,0.0,0.0
2016-03-07 00:00:00-05:00,8.196804686190394,8.429038974761095,8.165136694428531,8.381536483764648,717400,0.0,0.0
2016-03-08 00:00:00-05:00,8.355147406946182,8.355147406946182,7.753449936425858,7.800952434539795,510100,0.0,0.0
2016-03-09 00:00:00-05:00,7.954017093115789,8.017353600099044,7.81151007824192,7.911792755126953,420700,0.0,0.0
2016-03-10 00:00:00-05:00,7.901233255601421,7.917067249160741,7.595106695568826,7.69011116027832,346500,0.0,0.0
2016-03-11 00:00:00-05:00,7.86956633901569,8.117634636707878,7.843176008903129,8.0806884765625,580700,0.0,0.0
2016-03-14 00:00:00-04:00,8.006796333645905,8.217917985788334,7.880123342360448,8.159859657287598,440600,0.0,0.0
2016-03-15 00:00:00-04:00,8.006795238483287,8.096522054209492,7.806229444704336,7.97512674331665,524100,0.0,0.0
2016-03-16 00:00:00-04:00,8.0595777322449,8.471264739733043,8.043743229377071,8.429040908813477,432300,0.0,0.0
2016-03-17 00:00:00-04:00,8.555712760294401,8.766835422378792,8.455430603182524,8.545157432556152,550100,0.0,0.0
2016-03-18 00:00:00-04:00,8.687663378624366,8.761556708425868,8.307644422659465,8.550435066223145,518300,0.0,0.0
2016-03-21 00:00:00-04:00,8.53460113644026,8.67183046472844,8.344591645747672,8.640162467956543,622200,0.0,0.0
2016-03-22 00:00:00-04:00,8.539881170382314,8.93045657163479,8.487100493087073,8.888232231140137,537900,0.0,0.0
2016-03-23 00:00:00-04:00,8.724608971643628,8.819612938451261,8.508209201618566,8.566267013549805,419000,0.0,0.0
2016-03-24 00:00:00-04:00,8.418484426431363,8.48709909426474,8.286533258294966,8.344592094421387,531600,0.0,0.0
2016-03-28 00:00:00-04:00,8.39736909602767,8.39736909602767,8.101798872633767,8.117632865905762,350700,0.0,0.0
2016-03-29 00:00:00-04:00,8.049019635588081,8.360424410222828,7.906512161085947,8.270697593688965,351100,0.0,0.0
2016-03-30 00:00:00-04:00,8.36570287819138,8.550434684384427,8.323478551636457,8.39209270477295,373500,0.0,0.0
2016-03-31 00:00:00-04:00,8.328754398366657,8.877671027210834,8.323476736213653,8.745719909667969,660400,0.0,0.0
2016-04-01 00:00:00-04:00,8.550432569539359,8.74044148868645,8.47126109596204,8.719329833984375,486800,0.0,0.0
2016-04-04 00:00:00-04:00,8.582837173894546,8.642895006363245,8.391743265883855,8.440881729125977,421200,0.55,0.0
2016-04-05 00:00:00-04:00,8.337143871542112,8.424500892322119,8.06415292126014,8.075072288513184,363900,0.0,0.0
2016-04-06 00:00:00-04:00,8.28254775389818,8.348065537524207,8.10783366422878,8.167891502380371,442700,0.0,0.0
2016-04-07 00:00:00-04:00,8.113291624995336,8.255247057580828,8.025934595923946,8.135130882263184,396300,0.0,0.0
2016-04-08 00:00:00-04:00,8.342604361795733,8.550077573027343,8.331684993146165,8.369903564453125,430800,0.0,0.0
2016-04-11 00:00:00-04:00,8.451798296134337,8.610133523279783,8.358981866070453,8.402660369873047,338200,0.0,0.0
2016-04-12 00:00:00-04:00,8.429961147677185,8.910425330079983,8.419041779346353,8.833988189697266,514600,0.0,0.0
2016-04-13 00:00:00-04:00,8.823067755618169,8.943183403281804,8.741170675784877,8.888586044311523,376400,0.0,0.0
2016-04-14 00:00:00-04:00,8.921343552169505,8.926803495659229,8.784848089059663,8.894044876098633,245100,0.0,0.0
2016-04-15 00:00:00-04:00,8.82306711597289,9.003241095095218,8.675652278822302,8.719330787658691,574700,0.0,0.0
2016-04-18 00:00:00-04:00,8.386282888917599,9.123358237512907,8.386282888917599,9.036001205444336,563000,0.0,0.0
2016-04-19 00:00:00-04:00,9.156117264451462,9.489165535375776,9.14519737586302,9.445487022399902,491100,0.0,0.0
2016-04-20 00:00:00-04:00,9.341750379484592,9.800375245895033,9.341750379484592,9.581981658935547,466400,0.0,0.0
2016-04-21 00:00:00-04:00,9.603824695629477,9.800378574091345,9.565606117345926,9.63658332824707,417900,0.0,0.0
2016-04-22 00:00:00-04:00,9.756696697345133,9.822213940065938,9.64203996051703,9.723937034606934,317300,0.0,0.0
2016-04-25 00:00:00-04:00,9.723939156627697,9.773077620080512,9.36905106387361,9.401809692382812,430300,0.0,0.0
2016-04-26 00:00:00-04:00,9.483707356432573,9.565604444342005,9.374510544968013,9.489166259765625,461200,0.0,0.0
2016-04-27 00:00:00-04:00,9.691180321905348,9.925952744211424,9.592903397090899,9.827675819396973,641400,0.0,0.0
2016-04-28 00:00:00-04:00,9.800376096510842,9.958710315283382,9.663880613503048,9.76215648651123,461200,0.0,0.0
2016-04-29 00:00:00-04:00,9.7949172729773,9.964171399687519,9.63658199470986,9.893194198608398,429700,0.0,0.0
2016-05-02 00:00:00-04:00,9.920490820358227,9.931410707909924,9.571062749726254,9.652959823608398,304000,0.0,0.0
2016-05-03 00:00:00-04:00,9.532843359114986,9.549223190813365,9.188875224471564,9.292612075805664,527400,0.0,0.0
2016-05-04 00:00:00-04:00,9.374511244045962,9.461868283180827,9.227095849989107,9.358131408691406,401300,0.0,0.0
2016-05-05 00:00:00-04:00,9.592902555743125,9.751237818808018,9.4400282784423,9.472786903381348,353200,0.0,0.0
2016-05-06 00:00:00-04:00,9.40727018934119,9.538305752444609,9.347212873780093,9.379971504211426,371600,0.0,0.0
2016-05-09 00:00:00-04:00,9.379970769266244,9.379970769266244,8.981404165883145,9.12881851196289,384700,0.0,0.0
2016-05-10 00:00:00-04:00,9.172497265745015,9.32537260201271,9.068761434606467,9.085140228271484,566900,0.0,0.0
2016-05-11 00:00:00-04:00,9.019623200865167,9.188877335114038,8.844909121462713,9.07422161102295,508000,0.0,0.0
2016-05-12 00:00:00-04:00,9.167035957715772,9.374508606953555,9.167035957715772,9.347209930419922,501700,0.0,0.0
2016-05-13 00:00:00-04:00,9.341749694539493,9.483705099103746,9.281691358391383,9.396347045898438,202700,0.0,0.0
2016-05-16 00:00:00-04:00,9.576524985450483,9.827676210980751,9.511006685837605,9.674800872802734,546700,0.0,0.0
2016-05-17 00:00:00-04:00,9.729399058437838,10.073368301081288,9.647501966839215,9.925952911376953,713100,0.0,0.0
2016-05-18 00:00:00-04:00,9.95870959978803,10.046066619326519,9.767615729030906,9.822214126586914,363100,0.0,0.0
2016-05-19 00:00:00-04:00,9.7293980179917,10.302679680632293,9.532844186071735,10.20986270904541,880800,0.0,0.0
2016-05-20 00:00:00-04:00,10.30267978520514,10.4937726333137,10.20440286824764,10.346358299255371,436400,0.0,0.0
2016-05-23 00:00:00-04:00,10.302681687566542,10.504694461833235,10.242623329141148,10.417337417602539,365600,0.0,0.0
2016-05-24 00:00:00-04:00,10.493772058193048,10.504691946451612,10.215321155866862,10.297219276428223,272400,0.0,0.0
2016-05-25 00:00:00-04:00,10.379119319841951,10.575673199119551,10.324520904333934,10.400958061218262,514500,0.0,0.0
2016-05-26 00:00:00-04:00,10.49923200232233,10.564750290495848,10.275379499911097,10.297219276428223,536900,0.0,0.0
2016-05-27 00:00:00-04:00,10.31905850617147,10.42279536684432,10.155264339953634,10.384576797485352,236600,0.0,0.0
2016-05-31 00:00:00-04:00,10.422797363039221,10.537453093075218,10.34636020968189,10.417337417602539,432600,0.0,0.0
2016-06-01 00:00:00-04:00,10.29721976592409,10.837741763883255,10.286299877146432,10.772223472595215,321800,0.0,0.0
2016-06-02 00:00:00-04:00,10.690325936606673,10.914178440175265,10.581129136212198,10.859580039978027,308800,0.0,0.0
2016-06-03 00:00:00-04:00,10.870501137705618,10.996076743165844,10.788604048987121,10.990616798400879,396600,0.0,0.0
2016-06-06 00:00:00-04:00,11.050675409512053,11.38918470326067,11.0015369468489,11.22538948059082,450300,0.0,0.0
2016-06-07 00:00:00-04:00,11.230846283369473,11.40556030556755,11.214467494649476,11.340043067932129,352600,0.0,0.0
2016-06-08 00:00:00-04:00,11.44378519389029,11.552982038817103,11.312749604805092,11.389187812805176,511800,0.0,0.0
2016-06-09 00:00:00-04:00,11.247228662982447,11.558438215739786,11.187170313721223,11.492919921875,425600,0.0,0.0
2016-06-10 00:00:00-04:00,11.247229624741196,11.34550655325313,10.717626408066453,10.75584602355957,781500,0.0,0.0
2016-06-13 00:00:00-04:00,10.695786320680632,10.723085001213109,10.253541239511469,10.280839920043945,499800,0.0,0.0
2016-06-14 00:00:00-04:00,10.237160148561731,10.346356940030836,9.986008986111685,10.046066284179688,886300,0.0,0.0
2016-06-15 00:00:00-04:00,10.024229772141103,10.215322637492672,9.920492901394528,10.035148620605469,681100,0.0,0.0
2016-06-16 00:00:00-04:00,9.942329246287633,10.237159952789291,9.844053385498176,10.1934814453125,352700,0.0,0.0
2016-06-17 00:00:00-04:00,10.340896601017535,10.47193212094469,10.275378320365087,10.308136940002441,309200,0.0,0.0
2016-06-20 00:00:00-04:00,10.461014588349695,10.592050137768387,10.40641618241408,10.466474533081055,259900,0.0,0.0
2016-06-21 00:00:00-04:00,10.466476892023577,10.744927887812537,10.373659893427257,10.728548049926758,383700,0.0,0.0
2016-06-22 00:00:00-04:00,10.848661652660914,10.854120555671832,10.663027708952363,10.772223472595215,307900,0.0,0.0
2016-06-23 00:00:00-04:00,10.919637864631557,11.023374715931347,10.821360957229423,11.017914772033691,256400,0.0,0.0
2016-06-24 00:00:00-04:00,10.657566478859513,10.946936206913195,10.602968082935755,10.679405212402344,425800,0.0,0.0
2016-06-27 00:00:00-04:00,10.450092739299372,10.646646547258888,10.138883237615326,10.29175853729248,528000,0.0,0.0
2016-06-28 00:00:00-04:00,10.531990462752876,10.886878459551435,10.510150688733154,10.799521446228027,409300,0.0,0.0
2016-06-29 00:00:00-04:00,10.930557372621452,11.083431630932552,10.881418920627805,11.067052841186523,345200,0.0,0.0
2016-06-30 00:00:00-04:00,11.056134628255885,11.170790339354165,10.903259305413572,11.110733032226562,312900,0.0,0.0
2016-07-01 00:00:00-04:00,11.170792178083456,11.263609167698045,10.941480718141884,10.974239349365234,304200,0.0,0.0
2016-07-05 00:00:00-04:00,10.71216594003544,10.886879991263363,10.597509193055934,10.848661422729492,481300,0.0,0.0
2016-07-06 00:00:00-04:00,10.685820911992879,10.87673949368027,10.607206685341417,10.798125267028809,352600,0.55,0.0
2016-07-07 00:00:00-04:00,10.86550525182874,11.168728091295291,10.73635480300083,10.741969108581543,389400,0.0,0.0
2016-07-08 00:00:00-04:00,10.792509327992947,10.893583991991576,10.624052268677806,10.736357688903809,409400,0.0,0.0
2016-07-11 00:00:00-04:00,10.798124102880623,10.932889957008953,10.753202151504514,10.764432907104492,314900,0.0,0.0
2016-07-12 00:00:00-04:00,10.882352691982511,11.191192046659653,10.882352691982511,11.050810813903809,405000,0.0,0.0
2016-07-13 00:00:00-04:00,11.118194875175247,11.15188714723246,10.764434586766276,10.814971923828125,350000,0.0,0.0
2016-07-14 00:00:00-04:00,10.927275161526886,10.949736673923825,10.770048858843763,10.904814720153809,371400,0.0,0.0
2016-07-15 00:00:00-04:00,11.005886041447134,11.090114545308058,10.781276340810159,10.927271842956543,486700,0.0,0.0
2016-07-18 00:00:00-04:00,10.826200333732281,11.033963944582462,10.79812344643919,11.000272750854492,411000,0.0,0.0
2016-07-19 00:00:00-04:00,10.977812137718699,11.022734090033257,10.843046280775022,10.876738548278809,290500,0.0,0.0
2016-07-20 00:00:00-04:00,10.83742908109564,11.10134644372525,10.753200568542558,11.084500312805176,253000,0.0,0.0
2016-07-21 00:00:00-04:00,11.123809162485717,11.230499204818171,10.95535210282299,11.028349876403809,285200,0.0,0.0
2016-07-22 00:00:00-04:00,11.084499610005889,11.196805000305176,10.977809596323924,11.196805000305176,197800,0.0,0.0
2016-07-25 00:00:00-04:00,11.06765219767462,11.112575205407682,11.000269828121935,11.045191764831543,303400,0.0,0.0
2016-07-26 00:00:00-04:00,11.02273237292584,11.090115826412681,10.820584154512634,10.826199531555176,308400,0.0,0.0
2016-07-27 00:00:00-04:00,10.989042205000525,11.050810287196706,10.691434691198035,10.702664375305176,415300,0.0,0.0
2016-07-28 00:00:00-04:00,10.6745900384047,10.74758781482828,10.556669235229492,10.556669235229492,330500,0.0,0.0
2016-07-29 00:00:00-04:00,10.494899545794139,10.741969703934775,10.46120728430108,10.71389389038086,275800,0.0,0.0
2016-08-01 00:00:00-04:00,10.708281634421388,10.708281634421388,10.3657510399093,10.416288375854492,530300,0.0,0.0
2016-08-02 00:00:00-04:00,10.461209388518952,10.579130185416549,10.180446912411345,10.332058906555176,398100,0.0,0.0
2016-08-03 00:00:00-04:00,10.354520545364036,10.736357688903809,10.315213969592095,10.736357688903809,418200,0.0,0.0
2016-08-04 00:00:00-04:00,10.7026625433751,10.843043745411585,10.635280166170789,10.741969108581543,327400,0.0,0.0
2016-08-05 00:00:00-04:00,10.741972553998885,10.944121892497044,10.702665976185113,10.798125267028809,272000,0.0,0.0
2016-08-08 00:00:00-04:00,10.904814498685932,11.045195735244183,10.876738679783816,10.955351829528809,360500,0.0,0.0
2016-08-09 00:00:00-04:00,11.011505434043443,11.062042768997076,10.848662672298639,10.916046142578125,223300,0.0,0.0
2016-08-10 00:00:00-04:00,10.916042954699238,10.932888014081799,10.624049787133892,10.68020248413086,586000,0.0,0.0
2016-08-11 00:00:00-04:00,10.70266542022169,10.837431281878576,10.69143573501818,10.736357688903809,223500,0.0,0.0
2016-08-12 00:00:00-04:00,10.876736542295825,10.960965053473487,10.7981223369762,10.84304428100586,234500,0.0,0.0
2016-08-15 00:00:00-04:00,10.871125279852922,11.022736228944067,10.865509900845986,10.910431861877441,322300,0.0,0.0
2016-08-16 00:00:00-04:00,10.932890317588047,11.000273782386497,10.865507923813436,10.955351829528809,349600,0.0,0.0
2016-08-17 00:00:00-04:00,10.916045254656312,10.994658404401305,10.82620134894094,10.955351829528809,292100,0.0,0.0
2016-08-18 00:00:00-04:00,10.994660063769688,11.191194038817885,10.994660063769688,11.090119361877441,318900,0.0,0.0
2016-08-19 00:00:00-04:00,11.106962177822536,11.129422615414498,10.932888699122355,10.944119453430176,383900,0.0,0.0
2016-08-22 00:00:00-04:00,10.792510469692221,10.893585144383163,10.74197313234675,10.854278564453125,323100,0.0,0.0
2016-08-23 00:00:00-04:00,10.893586181303032,11.12942675435602,10.803742255475616,11.095735549926758,376200,0.0,0.0
2016-08-24 00:00:00-04:00,10.989042295104177,11.07327081722902,10.792508362797033,10.820585250854492,334100,0.0,0.0
2016-08-25 00:00:00-04:00,10.764434137717226,10.949737342205907,10.764434137717226,10.916046142578125,369100,0.0,0.0
2016-08-26 00:00:00-04:00,10.966583520842322,11.174347168895407,10.949737385449938,11.039581298828125,250300,0.0,0.0
2016-08-29 00:00:00-04:00,10.972195986408947,11.129422257568397,10.955349855488873,11.084500312805176,285500,0.0,0.0
2016-08-30 00:00:00-04:00,11.140654039579134,11.174345233504676,11.039579386778769,11.123807907104492,348900,0.0,0.0
2016-08-31 00:00:00-04:00,11.033964680404537,11.084502009878545,10.910429581147966,11.050810813903809,325800,0.0,0.0
2016-09-01 00:00:00-04:00,11.02834981140017,11.033965189492346,10.904814706443908,10.989043235778809,358700,0.0,0.0
2016-09-02 00:00:00-04:00,11.112577937489407,11.202421832997185,11.039579102999515,11.135038375854492,428000,0.0,0.0
2016-09-06 00:00:00-04:00,11.185574247070532,11.286648884135174,11.151883058390176,11.196805000305176,286600,0.0,0.0
2016-09-07 00:00:00-04:00,11.252959104194295,11.427031517028809,11.23611297223339,11.427031517028809,336800,0.0,0.0
2016-09-08 00:00:00-04:00,11.601103805727972,11.876250865336338,11.50002915709149,11.763946533203125,718700,0.0,0.0
2016-09-09 00:00:00-04:00,11.62918111195619,11.651642623876793,11.151885764905607,11.202423095703125,501200,0.0,0.0
2016-09-12 00:00:00-04:00,11.017120999864696,11.118194600467099,10.977813350102494,11.033966064453125,515700,0.0,0.0
2016-09-13 00:00:00-04:00,10.99465677566963,11.07888529092233,10.635281206045484,10.691433906555176,455800,0.0,0.0
2016-09-14 00:00:00-04:00,10.612821148341396,10.876738555510757,10.584745329760064,10.629667282104492,438800,0.0,0.0
2016-09-15 00:00:00-04:00,10.697050597779729,10.871124115274887,10.668974776776725,10.798125267028809,453800,0.0,0.0
2016-09-16 00:00:00-04:00,10.73635664894727,10.949735641479492,10.713895138668216,10.949735641479492,199200,0.0,0.0
2016-09-19 00:00:00-04:00,11.056426491214564,11.230498924660122,10.871123301798626,10.955351829528809,457500,0.0,0.0
2016-09-20 00:00:00-04:00,10.876738679783816,11.09573306608706,10.876738679783816,10.955351829528809,225700,0.0,0.0
2016-09-21 00:00:00-04:00,11.011503074028058,11.320341324976829,11.011503074028058,11.269804000854492,253100,0.0,0.0
2016-09-22 00:00:00-04:00,11.449491218970758,11.567411993066203,11.348416575752847,11.544950485229492,298500,0.0,0.0
2016-09-23 00:00:00-04:00,11.561797559825003,11.617950262976533,11.191191218458117,11.213651657104492,289100,0.0,0.0
2016-09-26 00:00:00-04:00,11.29226670560767,11.365264475390232,10.983427350930528,11.050810813903809,286400,0.0,0.0
2016-09-27 00:00:00-04:00,10.944119453430176,11.090116046360805,10.899197507222572,10.944119453430176,251200,0.0,0.0
2016-09-28 00:00:00-04:00,11.050810068633556,11.219267108170246,10.781278376965357,11.168729782104492,391400,0.0,0.0
2016-09-29 00:00:00-04:00,11.314729316223861,11.471956712637173,11.20242495109208,11.370882034301758,492900,0.0,0.0
2016-09-30 00:00:00-04:00,11.370877219072637,11.60671767830916,11.359646466008146,11.584256172180176,428200,0.0,0.0
2016-10-03 00:00:00-04:00,11.629180501088033,11.651642011828757,11.325957603254736,11.393341064453125,409100,0.0,0.0
2016-10-04 00:00:00-04:00,11.348417305568292,11.544951227684015,11.286650297092395,11.427031517028809,417600,0.0,0.0
2016-10-05 00:00:00-04:00,11.496285781050743,11.542455559256798,11.334691006942386,11.427030563354492,411900,0.55,0.0
2016-10-06 00:00:00-04:00,11.502058199961851,11.519371180399231,11.219268144815418,11.242352485656738,319400,0.0,0.0
2016-10-07 00:00:00-04:00,11.26543797701024,11.300065038812322,11.04613068379001,11.150012969970703,281400,0.0,0.0
2016-10-10 00:00:00-04:00,11.236583073262343,11.363550822611682,11.225041451228012,11.300066947937012,322800,0.0,0.0
2016-10-11 00:00:00-04:00,11.24235139264122,11.288521170609537,11.086527979207776,11.109613418579102,236500,0.0,0.0
2016-10-12 00:00:00-04:00,11.121155400219799,11.15001109674464,11.00573041257191,11.057671546936035,246200,0.0,0.0
2016-10-13 00:00:00-04:00,10.965333095577037,11.138469493618503,10.924934676085652,11.080758094787598,226200,0.0,0.0
2016-10-14 00:00:00-04:00,11.178869424179691,11.455888111523139,11.115385562206413,11.219267845153809,431200,0.0,0.0
2016-10-17 00:00:00-04:00,11.22503960627003,11.31737917201546,11.150013021117838,11.207725524902344,301600,0.0,0.0
2016-10-18 00:00:00-04:00,11.36355002774994,11.36355002774994,11.155785434819911,11.173099517822266,253400,0.0,0.0
2016-10-19 00:00:00-04:00,11.282751408780312,11.455888926264294,11.196183200425567,11.346235275268555,289700,0.0,0.0
2016-10-20 00:00:00-04:00,11.259665570604428,11.398174905720259,11.236580131031282,11.334691047668457,155000,0.0,0.0
2016-10-21 00:00:00-04:00,11.282748470871802,11.380859375,11.27697821248856,11.380859375,154200,0.0,0.0
2016-10-24 00:00:00-04:00,11.421260345293403,11.502057182250718,11.253894210711142,11.334691047668457,331400,0.0,0.0
2016-10-25 00:00:00-04:00,11.259664568361002,11.346232757506009,11.150010941697726,11.167325019836426,291000,0.0,0.0
2016-10-26 00:00:00-04:00,10.999960094053263,11.311606929729567,10.999960094053263,11.282750129699707,337100,0.0,0.0
2016-10-27 00:00:00-04:00,11.334689692195258,11.37508810584282,11.080756491903664,11.103840827941895,349800,0.0,0.0
2016-10-28 00:00:00-04:00,11.051903428001053,11.207726876782363,10.999962278407281,11.02881908416748,173800,0.0,0.0
2016-10-31 00:00:00-04:00,10.965335229416597,11.057674806444455,10.821054502713748,10.878767013549805,342900,0.0,0.0
2016-11-01 00:00:00-04:00,10.953791217212341,10.95956257769379,10.746027743752494,10.815281867980957,269200,0.0,0.0
2016-11-02 00:00:00-04:00,10.705628878182338,10.780655468276665,10.503636752792673,10.642146110534668,459900,0.0,0.0
2016-11-03 00:00:00-04:00,10.619059562683105,10.65368662332335,10.52672000045951,10.619059562683105,289100,0.0,0.0
2016-11-04 00:00:00-04:00,10.578661312958088,10.59020403361639,10.422837886394317,10.509406089782715,362100,0.0,0.0
2016-11-07 00:00:00-05:00,10.65945672203754,10.7229405763435,10.532490114199899,10.59597396850586,241900,0.0,0.0
2016-11-08 00:00:00-05:00,10.578661188574271,10.699857552512542,10.52672004699707,10.52672004699707,353900,0.0,0.0
2016-11-09 00:00:00-05:00,10.388210984191847,11.213496810726555,10.370896902939394,11.132699966430664,599800,0.0,0.0
2016-11-10 00:00:00-05:00,11.161555320576312,11.369319886045693,11.161555320576312,11.328920364379883,416800,0.0,0.0
2016-11-11 00:00:00-05:00,11.282752863723566,11.32892265418479,11.057675272821934,11.300066947937012,373200,0.0,0.0
2016-11-14 00:00:00-05:00,11.1442413384342,11.380861606411964,11.08652883631841,11.294293403625488,371200,0.0,0.0
2016-11-15 00:00:00-05:00,11.450118451013504,11.646340325537341,11.352007513751586,11.588627815246582,345000,0.0,0.0
2016-11-16 00:00:00-05:00,11.467430808542412,11.54822765032521,11.253894882835056,11.328920364379883,359600,0.0,0.0
2016-11-17 00:00:00-05:00,11.444344839874686,11.54822711781921,11.282750062986054,11.357776641845703,296100,0.0,0.0
2016-11-18 00:00:00-05:00,11.444345007769346,11.444345007769346,11.21926746943711,11.248123168945312,314200,0.0,0.0
2016-11-21 00:00:00-05:00,11.548228162420445,11.617482286798307,11.282751083573414,11.582855224609375,372100,0.0,0.0
2016-11-22 00:00:00-05:00,11.60016973433559,11.709823386218835,11.478973361038426,11.611712455749512,353300,0.0,0.0
2016-11-23 00:00:00-05:00,11.484745360783887,11.704052676753156,11.398177146911623,11.398177146911621,202300,0.0,0.0
2016-11-25 00:00:00-05:00,11.409717404763718,11.484742880376235,11.352004907721764,11.386631965637207,56500,0.0,0.0
2016-11-28 00:00:00-05:00,11.450116744605154,11.455888104851581,11.046130333550416,11.069215774536133,403700,0.0,0.0
2016-11-29 00:00:00-05:00,10.809509732258023,11.028817011726842,10.705627452591148,10.855679512023926,502300,0.0,0.0
2016-11-30 00:00:00-05:00,11.236578698386426,11.432800506642824,11.225037080845736,11.380859375,482200,0.0,0.0
2016-12-01 00:00:00-05:00,11.496283885738885,11.536682297412186,11.167324132657253,11.22503662109375,538000,0.0,0.0
2016-12-02 00:00:00-05:00,11.196178115765637,11.398171244042711,11.17309378438271,11.265433311462402,225900,0.0,0.0
2016-12-05 00:00:00-05:00,11.288521966602465,11.340463108076163,11.14424126268095,11.219267845153809,310500,0.0,0.0
2016-12-06 00:00:00-05:00,11.086531423064322,11.253897608173101,11.063447077296544,11.178872108459473,314800,0.0,0.0
2016-12-07 00:00:00-05:00,11.126929180378594,11.230810370932263,11.080759395429908,11.161556243896484,323600,0.0,0.0
2016-12-08 00:00:00-05:00,11.103842835240295,11.190411037387905,11.051901693796845,11.069215774536133,452100,0.0,0.0
2016-12-09 00:00:00-05:00,11.103843814015969,11.173099042303377,11.051902667994039,11.086529731750488,323500,0.0,0.0
2016-12-12 00:00:00-05:00,11.334687669682241,11.334687669682241,11.023042033742461,11.046126365661621,417300,0.0,0.0
2016-12-13 00:00:00-05:00,11.155785727188594,11.173099810644711,11.005733639559322,11.02881908416748,531500,0.0,0.0
2016-12-14 00:00:00-05:00,11.011502485691876,11.173097258717094,10.94224726845983,10.959561347961426,612500,0.0,0.0
2016-12-15 00:00:00-05:00,10.965332886884315,11.074986523969978,10.855679249798655,10.999959945678711,477500,0.0,0.0
2016-12-16 00:00:00-05:00,11.023049921278902,11.092304067365161,10.965337399023817,11.051905632019043,423200,0.0,0.0
2016-12-19 00:00:00-05:00,11.086528143051876,11.13269902247687,10.965332886884315,10.999959945678711,502400,0.0,0.0
2016-12-20 00:00:00-05:00,11.080758716232722,11.098071696543215,10.826824364192646,10.867222785949707,1162900,0.0,0.0
2016-12-21 00:00:00-05:00,10.878764689511152,11.046129724329356,10.878764689511152,10.999959945678711,510300,0.0,0.0
2016-12-22 00:00:00-05:00,11.028819277420851,11.311609374178488,11.028819277420851,11.276982307434082,804300,0.0,0.0
2016-12-23 00:00:00-05:00,11.305835954632878,11.43280257676377,11.225039113347256,11.403946876525879,367900,0.0,0.0
2016-12-27 00:00:00-05:00,11.409720757138306,11.542458768793516,11.398178034183596,11.490517616271973,618600,0.0,0.0
2016-12-28 00:00:00-05:00,11.536685596538575,11.536685596538575,11.259666893753808,11.30583667755127,492600,0.0,0.0
2016-12-29 00:00:00-05:00,11.352002841769066,11.37508717592013,11.22503625200289,11.253891944885254,483900,0.0,0.0
2016-12-30 00:00:00-05:00,11.282752863723566,11.352008099802719,11.19041328280112,11.300066947937012,673600,0.0,0.0
2017-01-03 00:00:00-05:00,11.398176315006177,11.542457027854356,11.300065386238435,11.530914306640625,725800,0.0,0.0
2017-01-04 00:00:00-05:00,11.578390134537003,11.685212980934292,11.501239797946209,11.572455406188965,479100,0.55,0.0
2017-01-05 00:00:00-05:00,11.51904320018537,11.768296114195884,11.501239016351185,11.744558334350586,458800,0.0,0.0
2017-01-06 00:00:00-05:00,11.76236354264547,11.869186401367188,11.608063983595638,11.869186401367188,297000,0.0,0.0
2017-01-09 00:00:00-05:00,11.7504927821174,11.7504927821174,11.489371525223197,11.54871654510498,461200,0.0,0.0
2017-01-10 00:00:00-05:00,11.55465298248864,11.596196087257562,11.341008389060653,11.406288146972656,503700,0.0,0.0
2017-01-11 00:00:00-05:00,11.45969876239867,11.625867773841764,11.43002625018166,11.578391075134277,376000,0.0,0.0
2017-01-12 00:00:00-05:00,11.661476055615985,11.679280243695393,11.489373431917238,11.61993408203125,427700,0.0,0.0
2017-01-13 00:00:00-05:00,11.643674109171414,11.869188186667133,11.61400045954435,11.774234771728516,617800,0.0,0.0
2017-01-17 00:00:00-05:00,11.780163823923782,11.839509962640633,11.70894823107687,11.750490188598633,425600,0.0,0.0
2017-01-18 00:00:00-05:00,11.720823182592124,11.720823182592124,11.619935039034225,11.691150665283203,204500,0.0,0.0
2017-01-19 00:00:00-05:00,11.66740902906613,11.732689910265504,11.63180179019998,11.708950996398926,269700,0.0,0.0
2017-01-20 00:00:00-05:00,11.780165582803924,11.827642274479395,11.720819435226183,11.73862361907959,237900,0.0,0.0
2017-01-23 00:00:00-05:00,11.738622738815888,11.780164699425047,11.691146050700633,11.703014373779297,306000,0.0,0.0
2017-01-24 00:00:00-05:00,11.750494298199136,12.082832338471539,11.750494298199136,12.005681991577148,533200,0.0,0.0
2017-01-25 00:00:00-05:00,12.136245948670418,12.33208751775227,12.035357799026189,12.260871887207031,583800,0.0,0.0
2017-01-26 00:00:00-05:00,12.367689212786829,12.539791783751797,12.343950302621433,12.415165901184082,650100,0.0,0.0
2017-01-27 00:00:00-05:00,12.438905192052204,12.438905192052204,12.130307245909687,12.189653396606445,580100,0.0,0.0
2017-01-30 00:00:00-05:00,12.082830293114718,12.112502801861138,11.857315151680769,11.898857116699219,442500,0.0,0.0
2017-01-31 00:00:00-05:00,11.904791919912437,12.00568003499363,11.839512173871896,11.946333885192871,490900,0.0,0.0
2017-02-01 00:00:00-05:00,12.05315820906172,12.444841261154092,12.05315820906172,12.421103477478027,620100,0.0,0.0
2017-02-02 00:00:00-05:00,12.539793723567572,12.563532637405208,12.320214430238014,12.409233093261719,357900,0.0,0.0
2017-02-03 00:00:00-05:00,12.46264595987518,12.818721785115526,12.46264595987518,12.812787055969238,444200,0.0,0.0
2017-02-06 00:00:00-05:00,12.854326260766603,12.878065172241216,12.658484768835452,12.84839153289795,412900,0.0,0.0
2017-02-07 00:00:00-05:00,12.80685030684718,12.901803694343455,12.676289682023215,12.783112525939941,343200,0.0,0.0
2017-02-08 00:00:00-05:00,12.759372686165465,12.84245661120547,12.5397922860737,12.771242141723633,360500,0.0,0.0
2017-02-09 00:00:00-05:00,12.842458701126874,13.044234950717508,12.700028607051213,12.931478500366211,428000,0.0,0.0
2017-02-10 00:00:00-05:00,13.02049524528809,13.044233024829103,12.806849569750979,12.84839153289795,339800,0.0,0.0
2017-02-13 00:00:00-05:00,12.800915800711424,12.943345884426762,12.717831868194232,12.925542831420898,227400,0.0,0.0
2017-02-14 00:00:00-05:00,12.949281777503728,13.09764660287739,12.91367453635551,13.067974090576172,219200,0.0,0.0
2017-02-15 00:00:00-05:00,13.032365840887714,13.145123426180772,13.014562786111936,13.09171199798584,417500,0.0,0.0
2017-02-16 00:00:00-05:00,13.115448771504521,13.145121279240392,12.878065313816714,12.94927978515625,252100,0.0,0.0
2017-02-17 00:00:00-05:00,12.925545557898193,12.925545557898193,12.741572337183792,12.759376525878906,334500,0.0,0.0
2017-02-21 00:00:00-05:00,12.878067070491348,12.973020466518898,12.82465564373413,12.854328155517578,357300,0.0,0.0
2017-02-22 00:00:00-05:00,12.83652469091585,12.854328878147074,12.711898776098781,12.72376823425293,204100,0.0,0.0
2017-02-23 00:00:00-05:00,12.830590113915122,12.90773932215763,12.628813868439337,12.652551651000977,335400,0.0,0.0
2017-02-24 00:00:00-05:00,12.63474761898018,12.694092636757125,12.527924775887827,12.664420127868652,272800,0.0,0.0
2017-02-27 00:00:00-05:00,12.72969913482666,12.771241093938455,12.646614084669581,12.72969913482666,248800,0.0,0.0
2017-02-28 00:00:00-05:00,12.729696457950416,12.889929533410646,12.717827005862027,12.824649810791016,185300,0.0,0.0
2017-03-01 00:00:00-05:00,12.973015731327026,13.014557685434413,12.872127643380505,12.907734870910645,295200,0.0,0.0
2017-03-02 00:00:00-05:00,12.901801936955945,12.949278624237161,12.777176057317817,12.789044380187988,226500,0.0,0.0
2017-03-03 00:00:00-05:00,12.830584536835211,12.907733711543228,12.765303682282328,12.824649810791016,168600,0.0,0.0
2017-03-06 00:00:00-05:00,12.77124220440972,12.806849439325413,12.694091874836532,12.741568565368652,216000,0.0,0.0
2017-03-07 00:00:00-05:00,12.72970091868829,12.75937342737384,12.498251049593138,12.539793014526367,492300,0.0,0.0
2017-03-08 00:00:00-05:00,12.527927070076696,12.593206827972487,12.19558902361106,12.213393211364746,400000,0.0,0.0
2017-03-09 00:00:00-05:00,12.14217545005668,12.201521600164748,11.762361900458918,11.99974536895752,881300,0.0,0.0
2017-03-10 00:00:00-05:00,12.0946984492527,12.0946984492527,11.768296329846718,11.892923355102539,617000,0.0,0.0
2017-03-13 00:00:00-04:00,11.94633380800826,12.023484141830881,11.881054062389488,11.981942176818848,317600,0.0,0.0
2017-03-14 00:00:00-04:00,11.86918595457426,11.898858466687184,11.578391034519244,11.596195220947266,524000,0.0,0.0
2017-03-15 00:00:00-04:00,11.685213351016898,11.904792647180122,11.64960497980092,11.88698959350586,336100,0.0,0.0
2017-03-16 00:00:00-04:00,11.922597980373943,11.958205223083496,11.797970932989749,11.958205223083496,269600,0.0,0.0
2017-03-17 00:00:00-04:00,11.987877714750342,11.987877714750342,11.827643440079624,11.88698959350586,190000,0.0,0.0
2017-03-20 00:00:00-04:00,11.851383159082783,11.89292626562387,11.78016866888017,11.797971725463867,269800,0.0,0.0
2017-03-21 00:00:00-04:00,11.863252444545052,11.863252444545052,11.649606713194851,11.72082233428955,482800,0.0,0.0
2017-03-22 00:00:00-04:00,11.637738372249995,11.744561237796216,11.602129995778657,11.726757049560547,372000,0.0,0.0
2017-03-23 00:00:00-04:00,11.726755455228806,11.946334753945953,11.69114821553241,11.904792785644531,392900,0.0,0.0
2017-03-24 00:00:00-04:00,11.92853155545126,11.987877708848277,11.803904520124153,11.809839248657227,509400,0.0,0.0
2017-03-27 00:00:00-04:00,11.691149897871751,11.792038034807316,11.667410980035664,11.762364387512207,367500,0.0,0.0
2017-03-28 00:00:00-04:00,11.821708711543629,11.892924322041855,11.809839254471635,11.88698959350586,559600,0.0,0.0
2017-03-29 00:00:00-04:00,11.92259902898807,12.06502914428711,11.857318135000785,12.06502914428711,409900,0.0,0.0
2017-03-30 00:00:00-04:00,12.171846509656952,12.2074537393967,12.053154234613228,12.201519012451172,347200,0.0,0.0
2017-03-31 00:00:00-04:00,12.207456911720717,12.46857930551414,12.106568791296013,12.462644577026367,270400,0.0,0.0
2017-04-03 00:00:00-04:00,12.213389807245584,12.444838523864744,12.18965202879073,12.444838523864746,442000,0.0,0.0
2017-04-04 00:00:00-04:00,12.355822728128109,12.545729527372014,12.272738786442353,12.516057014465332,492500,0.0,0.0
2017-04-05 00:00:00-04:00,12.611011440307692,12.705964847656473,12.462646599833484,12.5635347366333,535800,0.0,0.0
2017-04-06 00:00:00-04:00,12.658486437491568,12.777178746643587,12.64068225153864,12.705963134765625,330800,0.0,0.0
2017-04-07 00:00:00-04:00,12.753441796313869,12.83652574635655,12.700030362162451,12.759376525878906,420700,0.0,0.0
2017-04-10 00:00:00-04:00,12.794984576071942,12.842461283644354,12.67035864316961,12.67629337310791,309400,0.0,0.0
2017-04-11 00:00:00-04:00,12.724791269119539,12.724791269119539,12.512610142541222,12.63991928100586,441700,0.45,0.0
2017-04-12 00:00:00-04:00,12.688409368582764,12.688409368582764,12.427729969579763,12.591412544250488,401700,0.0,0.0
2017-04-13 00:00:00-04:00,12.621728598731949,12.63385349563126,12.421672425068529,12.458045959472656,228300,0.0,0.0
2017-04-17 00:00:00-04:00,12.451984564273346,12.451984564273346,12.330737908871187,12.391361236572266,317200,0.0,0.0
2017-04-18 00:00:00-04:00,12.361050285961221,12.421673619995754,12.221617427087539,12.348926544189453,258800,0.0,0.0
2017-04-19 00:00:00-04:00,12.342861573818325,12.415608634764222,12.148867869571024,12.154929161071777,284500,0.0,0.0
2017-04-20 00:00:00-04:00,12.124618589852659,12.215552998017806,12.076120161744997,12.130681037902832,311700,0.0,0.0
2017-04-21 00:00:00-04:00,12.179181877475722,12.603544074661327,12.11249609201382,12.160994529724121,498300,0.0,0.0
2017-04-24 00:00:00-04:00,12.270116579160241,12.36711345675882,12.203430792200972,12.324677467346191,291000,0.0,0.0
2017-04-25 00:00:00-04:00,12.324676796143413,12.427736117516034,12.209492576657794,12.276178359985352,523800,0.0,0.0
2017-04-26 00:00:00-04:00,12.209492023972947,12.354987325861023,12.19736828270268,12.2398042678833,284100,0.0,0.0
2017-04-27 00:00:00-04:00,12.20342972507776,12.288302852775317,12.100370407104492,12.100370407104492,282600,0.0,0.0
2017-04-28 00:00:00-04:00,12.12462020253062,12.215554622790822,12.03368578227042,12.100370407104492,234400,0.0,0.0
2017-05-01 00:00:00-04:00,12.10037080672331,12.14887039917728,12.045811077800446,12.063997268676758,257100,0.0,0.0
2017-05-02 00:00:00-04:00,12.06399455936736,12.130680327721478,12.003371238708496,12.003371238708496,266000,0.0,0.0
2017-05-03 00:00:00-04:00,12.009435196198078,12.021560093112894,11.863939902101722,11.906375885009766,368500,0.0,0.0
2017-05-04 00:00:00-04:00,11.82150694130074,11.839694291322466,11.469892934939457,11.494141578674316,696600,0.0,0.0
2017-05-05 00:00:00-04:00,11.463828204509257,11.554762623940695,11.40926732159162,11.475953102111816,1047400,0.0,0.0
2017-05-08 00:00:00-04:00,11.530514376403719,11.609323900907587,11.421392606864579,11.57295036315918,530200,0.0,0.0
2017-05-09 00:00:00-04:00,11.560821860670616,11.5668843077875,11.439576387213636,11.518385887145996,476700,0.0,0.0
2017-05-10 00:00:00-04:00,11.524450701960381,11.663883545414478,11.506263356873145,11.621447563171387,528200,0.0,0.0
2017-05-11 00:00:00-04:00,11.657822099965088,11.669946997733009,11.512326795631736,11.548700332641602,360900,0.0,0.0
2017-05-12 00:00:00-04:00,11.579011639948074,11.639634967587407,11.506263415522115,11.627510070800781,539500,0.0,0.0
2017-05-15 00:00:00-04:00,11.760880748605082,11.815441629159503,11.688133678728406,11.712382316589355,418900,0.0,0.0
2017-05-16 00:00:00-04:00,11.718445885324837,11.754819423740216,11.65176010131836,11.65176010131836,257800,0.0,0.0
2017-05-17 00:00:00-04:00,11.639632603715755,11.663881236070598,11.409264236730142,11.451700210571289,253900,0.0,0.0
2017-05-18 00:00:00-04:00,11.391082567396587,11.542640337651717,11.318334328904756,11.506265640258789,540900,0.0,0.0
2017-05-19 00:00:00-04:00,11.59719767137486,11.718444325007315,11.560824137802637,11.688133239746094,291300,0.0,0.0
2017-05-22 00:00:00-04:00,11.748755410268537,11.791192548445546,11.579011482735641,11.688133239746094,318300,0.0,0.0
2017-05-23 00:00:00-04:00,11.71844733850284,11.82756912357486,11.68813624544687,11.760883331298828,215100,0.0,0.0
2017-05-24 00:00:00-04:00,11.79119558064888,11.83969402331488,11.68813624544687,11.760883331298828,328300,0.0,0.0
2017-05-25 00:00:00-04:00,11.730569095456742,11.815441058310316,11.524450480274826,11.542637825012207,388900,0.0,0.0
2017-05-26 00:00:00-04:00,11.54263871977287,11.591137153204947,11.482015388909309,11.536576271057129,198600,0.0,0.0
2017-05-30 00:00:00-04:00,11.469892062853322,11.518390502929687,11.348645384515402,11.366832733154297,419600,0.0,0.0
2017-05-31 00:00:00-04:00,11.306204947561538,11.457762657733392,11.17283457887599,11.451700210571289,603900,0.0,0.0
2017-06-01 00:00:00-04:00,11.463829936289367,11.597200361183447,11.439581293715012,11.457767486572266,244700,0.0,0.0
2017-06-02 00:00:00-04:00,11.39714579421408,11.427458047184047,11.31227379848661,11.372897148132324,293200,0.0,0.0
2017-06-05 00:00:00-04:00,11.227396573127349,11.324393424862444,11.203146782046733,11.26377010345459,333400,0.0,0.0
2017-06-06 00:00:00-04:00,11.233459307552057,11.385017036792293,11.221334411702347,11.348642349243164,301700,0.0,0.0
2017-06-07 00:00:00-04:00,11.33045546535912,11.433514761159902,10.924280729708235,10.960654258728027,593100,0.0,0.0
2017-06-08 00:00:00-04:00,10.91215763298965,11.203148225692189,10.845471855218467,11.160712242126465,733200,0.0,0.0
2017-06-09 00:00:00-04:00,11.178899763148966,11.348643700074714,11.178899763148966,11.312270164489746,363200,0.0,0.0
2017-06-12 00:00:00-04:00,11.372892140942584,11.451701651378274,11.312268817987746,11.348642349243164,325400,0.0,0.0
2017-06-13 00:00:00-04:00,11.324394351302601,11.4941382775788,11.306207006504247,11.469889640808105,414100,0.0,0.0
2017-06-14 00:00:00-04:00,11.397145174112755,11.427457425433479,11.07584340417218,11.11221694946289,296900,0.0,0.0
2017-06-15 00:00:00-04:00,11.027340695750496,11.081901570743215,10.845470727010198,10.87578296661377,479700,0.0,0.0
2017-06-16 00:00:00-04:00,10.960656223367973,11.106151521820053,10.803036027638091,11.100089073181152,483800,0.0,0.0
2017-06-19 00:00:00-04:00,11.100090428408194,11.203149755264485,11.027343348447275,11.063716888427734,264500,0.0,0.0
2017-06-20 00:00:00-04:00,10.966718824527504,10.966718824527504,10.663603326129936,10.693914413452148,816600,0.0,0.0
2017-06-21 00:00:00-04:00,10.63329212363008,10.784849871187221,10.47567192741539,10.548418998718262,794600,0.0,0.0
2017-06-22 00:00:00-04:00,10.578733300567086,10.77272707018329,10.560545951055289,10.699978828430176,611500,0.0,0.0
2017-06-23 00:00:00-04:00,10.772727042719351,10.91215991973877,10.706041250973511,10.91215991973877,325700,0.0,0.0
2017-06-26 00:00:00-04:00,10.918219748429836,11.094026125880307,10.857596421059615,11.069777488708496,363600,0.0,0.0
2017-06-27 00:00:00-04:00,11.112214206163744,11.360768824161617,11.051590874782681,11.12433910369873,477300,0.0,0.0
2017-06-28 00:00:00-04:00,11.16677470752764,11.360768436288721,11.154649810406614,11.239522933959961,397100,0.0,0.0
2017-06-29 00:00:00-04:00,11.306207951144131,11.427454614009164,11.197086185824375,11.336520195007324,321500,0.0,0.0
2017-06-30 00:00:00-04:00,11.378957462745678,11.542640129175444,11.354707664921712,11.42745590209961,372800,0.0,0.0
2017-07-03 00:00:00-04:00,11.482017002033446,11.69419811171859,11.45776720376359,11.585076332092285,198400,0.0,0.0
2017-07-05 00:00:00-04:00,11.58507632831611,11.657823410513917,11.427456108495493,11.506265640258789,516500,0.0,0.0
2017-07-06 00:00:00-04:00,11.537310720610694,11.599406279164695,11.332396206444477,11.338605880737305,316600,0.45,0.0
2017-07-07 00:00:00-04:00,11.276511493785653,11.375863924044825,11.152320363774491,11.270301818847656,369900,0.0,0.0
2017-07-10 00:00:00-04:00,11.239256813164017,11.375866135230236,11.214418108584,11.220627784729004,268000,0.0,0.0
2017-07-11 00:00:00-04:00,11.214417457580566,11.288932382620358,11.14611339269986,11.214417457580566,380100,0.0,0.0
2017-07-12 00:00:00-04:00,11.319980076050957,11.524894648472971,11.201999784069066,11.462799072265625,520600,0.0,0.0
2017-07-13 00:00:00-04:00,11.537313416985475,11.537313416985475,11.425541622341044,11.450380325317383,479800,0.0,0.0
2017-07-14 00:00:00-04:00,11.543521960372368,11.85399861087324,11.500055418802155,11.673921585083008,714100,0.0,0.0
2017-07-17 00:00:00-04:00,11.618034433080274,11.73601587909846,11.580777570686115,11.611825942993164,646100,0.0,0.0
2017-07-18 00:00:00-04:00,11.704968753473958,11.74843529056091,11.61803449492575,11.698759078979492,317200,0.0,0.0
2017-07-19 00:00:00-04:00,11.748438143294395,11.804324042940385,11.580780444356424,11.655295372009277,382600,0.0,0.0
2017-07-20 00:00:00-04:00,11.698760866529925,11.698760866529925,11.54352253357106,11.618036270141602,365000,0.0,0.0
2017-07-21 00:00:00-04:00,11.624244328211343,11.655292701107802,11.524891903691323,11.5435209274292,263600,0.0,0.0
2017-07-24 00:00:00-04:00,11.57456814623129,11.618034684025721,11.512473769024576,11.586987495422363,188000,0.0,0.0
2017-07-25 00:00:00-04:00,11.66771125793457,11.717387466821165,11.655291909619361,11.66771125793457,268600,0.0,0.0
2017-07-26 00:00:00-04:00,11.723598456228068,11.773274675706277,11.673922236749858,11.680131912231445,211900,0.0,0.0
2017-07-27 00:00:00-04:00,11.686339616661595,11.729806153327026,11.593196868896484,11.593196868896484,249600,0.0,0.0
2017-07-28 00:00:00-04:00,11.580778249777087,11.692550027888105,11.580778249777087,11.661502838134766,166100,0.0,0.0
2017-07-31 00:00:00-04:00,11.62424664393766,11.673922866093926,11.593199449230452,11.642875671386719,161400,0.0,0.0
2017-08-01 00:00:00-04:00,11.680132403393907,11.723598949218344,11.506266220096153,11.518684387207031,398700,0.0,0.0
2017-08-02 00:00:00-04:00,11.524892779999417,11.586988346139517,11.47521656396222,11.481426239013672,369500,0.0,0.0
2017-08-03 00:00:00-04:00,11.481426718952491,11.543522287688267,11.319978713989256,11.319978713989258,297500,0.0,0.0
2017-08-04 00:00:00-04:00,11.351027088307488,11.400703306411426,11.220626275550607,11.25167465209961,218700,0.0,0.0
2017-08-07 00:00:00-04:00,11.276512656199865,11.288932007356081,11.146113022183142,11.158531188964844,247800,0.0,0.0
2017-08-08 00:00:00-04:00,11.065389177378693,11.071598853379559,10.872893958850248,10.90394115447998,586200,0.0,0.0
2017-08-09 00:00:00-04:00,10.86668305681823,11.052968578328187,10.86668305681823,10.95361614227295,432300,0.0,0.0
2017-08-10 00:00:00-04:00,10.966036956186509,11.02813253310071,10.68660745225991,10.723865509033203,301800,0.0,0.0
2017-08-11 00:00:00-04:00,10.67418793897552,10.792168217429895,10.618302045234199,10.692815780639648,320700,0.0,0.0
2017-08-14 00:00:00-04:00,10.736286310033448,10.823219418819214,10.58725643157959,10.58725643157959,285200,0.0,0.0
2017-08-15 00:00:00-04:00,10.549997563519845,10.568626590905241,10.326453972393319,10.48169231414795,657600,0.0,0.0
2017-08-16 00:00:00-04:00,10.537577676746771,10.587253896210315,10.487901457283229,10.556206703186035,626900,0.0,0.0
2017-08-17 00:00:00-04:00,10.50653031447904,10.574835559281558,10.382339175633456,10.388548851013184,422100,0.0,0.0
2017-08-18 00:00:00-04:00,10.357502655339788,10.481692621763473,10.332663951430296,10.40717887878418,324500,0.0,0.0
2017-08-21 00:00:00-04:00,10.413387552532091,10.432015394296794,10.251939545782623,10.388548851013184,442200,0.0,0.0
2017-08-22 00:00:00-04:00,10.419595870249767,10.649347907490835,10.407176521108541,10.63692855834961,484700,0.0,0.0
2017-08-23 00:00:00-04:00,10.655557493944233,10.885310713659655,10.59346193312593,10.785958290100098,464300,0.0,0.0
2017-08-24 00:00:00-04:00,10.79216642805311,10.89152003274467,10.686604333419208,10.773538589477539,406200,0.0,0.0
2017-08-25 00:00:00-04:00,10.804588015741757,10.854264236194899,10.7424924440817,10.810797691345215,343800,0.0,0.0
2017-08-28 00:00:00-04:00,10.841843184034992,10.854262533293463,10.649348008026028,10.674186706542969,278400,0.0,0.0
2017-08-29 00:00:00-04:00,10.636927724085853,10.779747859259796,10.599670863958586,10.7424898147583,249800,0.0,0.0
2017-08-30 00:00:00-04:00,10.680398079568924,10.885312637421869,10.680398079568924,10.854264259338379,308300,0.0,0.0
2017-08-31 00:00:00-04:00,10.91014969694269,11.10264489547135,10.897730346231299,11.059178352355957,308800,0.0,0.0
2017-09-01 00:00:00-04:00,11.127483367919922,11.270302345038656,11.065387800015205,11.127483367919922,303200,0.0,0.0
2017-09-05 00:00:00-04:00,11.195788558783407,11.226835750403593,11.034340556734668,11.040550231933594,155000,0.0,0.0
2017-09-06 00:00:00-04:00,11.065388329932427,11.102645198709695,11.021921785629864,11.052968978881836,270000,0.0,0.0
2017-09-07 00:00:00-04:00,11.0467580320829,11.127481427218259,11.028129009648168,11.084014892578125,164100,0.0,0.0
2017-09-08 00:00:00-04:00,11.021922066344104,11.096436990170943,10.91635994847456,10.934988975524902,184900,0.0,0.0
2017-09-11 00:00:00-04:00,10.990872030651035,11.03433856482252,10.953613986183282,10.978452682495117,204600,0.0,0.0
2017-09-12 00:00:00-04:00,11.028130180296627,11.077806394354857,10.990873315846544,11.015710830688477,166500,0.0,0.0
2017-09-13 00:00:00-04:00,11.015709012015169,11.115061423728731,11.015709012015169,11.077804565429688,138600,0.0,0.0
2017-09-14 00:00:00-04:00,11.10885598286818,11.233047137019012,11.10885598286818,11.220627784729004,252700,0.0,0.0
2017-09-15 00:00:00-04:00,11.220626176326352,11.239255202091016,11.146112442016602,11.146112442016602,248800,0.0,0.0
2017-09-18 00:00:00-04:00,11.146113651835707,11.195789874892304,11.09643742877911,11.121274948120117,180400,0.0,0.0
2017-09-19 00:00:00-04:00,11.170949887462337,11.201998263538886,11.071597452766268,11.152320861816406,273700,0.0,0.0
2017-09-20 00:00:00-04:00,11.201998286280471,11.22683580281769,11.065387800015205,11.127483367919922,385400,0.0,0.0
2017-09-21 00:00:00-04:00,11.158528493259016,11.158528493259016,10.947404312105322,10.978452682495117,181000,0.0,0.0
2017-09-22 00:00:00-04:00,10.95982401173219,11.059176431417212,10.95982401173219,10.990872383117676,196600,0.0,0.0
2017-09-25 00:00:00-04:00,11.040549128746767,11.288930190013003,11.01571043043298,11.264091491699219,242300,0.0,0.0
2017-09-26 00:00:00-04:00,11.257881867371243,11.319977429058552,11.164739117027445,11.282720565795898,279900,0.0,0.0
2017-09-27 00:00:00-04:00,11.344819049981608,11.344819049981608,11.15853231693102,11.301352500915527,388000,0.0,0.0
2017-09-28 00:00:00-04:00,11.338606726431523,11.338606726431523,11.195787760167102,11.233044624328613,260400,0.0,0.0
2017-09-29 00:00:00-04:00,11.245463702533245,11.400702014564352,11.214415329502426,11.282720565795898,271700,0.0,0.0
2017-10-02 00:00:00-04:00,11.220623477570852,11.363442420959473,11.139900087421596,11.363442420959473,329300,0.0,0.0
2017-10-03 00:00:00-04:00,11.313769388103388,11.375864958756983,11.301351221472268,11.332398414611816,248400,0.0,0.0
2017-10-04 00:00:00-04:00,11.319979318326093,11.375865214734413,11.282722448845389,11.307559967041016,308100,0.0,0.0
2017-10-05 00:00:00-04:00,11.345762297797695,11.466733169446949,11.326662464747455,11.441265106201172,358300,0.45,0.0
2017-10-06 00:00:00-04:00,11.345763493227903,11.403065427184345,11.313929625200645,11.339396476745605,279900,0.0,0.0
2017-10-09 00:00:00-04:00,11.358494814629177,11.415796734906184,11.199323083722808,11.212057113647461,315100,0.0,0.0
2017-10-10 00:00:00-04:00,11.262992665085616,11.371229496886519,11.218424772176537,11.224790573120117,335400,0.0,0.0
2017-10-11 00:00:00-04:00,11.237527052822365,11.326664072450574,11.237527052822365,11.282094955444336,329700,0.0,0.0
2017-10-12 00:00:00-04:00,11.205690858525497,11.269359798082123,11.142021918968872,11.173855781555176,429900,0.0,0.0
2017-10-13 00:00:00-04:00,11.313930813825989,11.313930813825989,11.122923942442867,11.142024993896484,520100,0.0,0.0
2017-10-16 00:00:00-04:00,11.218423117468118,11.231155931861203,11.046517372131348,11.046517372131348,304200,0.0,0.0
2017-10-17 00:00:00-04:00,11.033784930217935,11.052885976130382,10.855512144853769,10.887347221374512,360500,0.0,0.0
2017-10-18 00:00:00-04:00,10.94464901173105,10.976482873480958,10.66450641367273,10.702707290649414,561400,0.0,0.0
2017-10-19 00:00:00-04:00,10.639037242814538,10.740908261430992,10.537167438581944,10.588102340698242,628800,0.0,0.0
2017-10-20 00:00:00-04:00,10.639038942683069,10.639038942683069,10.397098422570208,10.448033332824707,646500,0.0,0.0
2017-10-23 00:00:00-04:00,10.4671329028705,10.537167635599967,10.276126105575154,10.31432819366455,530800,0.0,0.0
2017-10-24 00:00:00-04:00,10.384366685163059,10.390733702149259,10.091491190103847,10.129692077636719,1506200,0.0,0.0
2017-10-25 00:00:00-04:00,10.059654053137807,10.148789838613277,9.754043997700771,9.779511451721191,1235800,0.0,0.0
2017-10-26 00:00:00-04:00,9.804977826600638,10.091487411786966,9.747676516755305,9.900481224060059,825000,0.0,0.0
2017-10-27 00:00:00-04:00,9.938682429445745,10.231558431830543,9.919581992192288,10.059653282165527,916400,0.0,0.0
2017-10-30 00:00:00-04:00,10.085121040665282,10.237925757719733,10.002351667129462,10.136055946350098,883500,0.0,0.0
2017-10-31 00:00:00-04:00,10.123320509221692,10.1551549726478,10.008717290956342,10.027817726135254,1030300,0.0,0.0
2017-11-01 00:00:00-04:00,10.110587689588169,10.206091085547452,10.034185337135897,10.097853660583496,1096500,0.0,0.0
2017-11-02 00:00:00-04:00,10.104223751900344,10.155158669045269,9.728578282562435,9.81771469116211,668200,0.0,0.0
2017-11-03 00:00:00-04:00,9.83681187264847,9.932315266032417,9.798611001048416,9.87501335144043,702700,0.0,0.0
2017-11-06 00:00:00-05:00,9.919579730361978,10.053283975033272,9.90684631082709,10.046916961669922,867100,0.0,0.0
2017-11-07 00:00:00-05:00,10.053284541253579,10.136053898063425,10.00234964586165,10.104219436645508,799900,0.0,0.0
2017-11-08 00:00:00-05:00,10.066020813079865,10.09785467440381,9.906849077692208,9.951416969299316,693500,0.0,0.0
2017-11-09 00:00:00-05:00,9.89411480029349,10.03418609394996,9.89411480029349,9.9705171585083,707700,0.0,0.0
2017-11-10 00:00:00-05:00,9.964148018317758,10.091485862041765,9.817710348103722,9.843177795410156,1248200,0.0,0.0
2017-11-13 00:00:00-05:00,9.862279051583076,9.881380094049764,9.512101166521715,9.582137107849121,1019300,0.0,0.0
2017-11-14 00:00:00-05:00,9.531204486175104,9.55030492601336,9.352931690377924,9.359298706054688,1125400,0.0,0.0
2017-11-15 00:00:00-05:00,9.289263741789469,9.531204882847357,9.231961812697856,9.454802513122559,986700,0.0,0.0
2017-11-16 00:00:00-05:00,9.486635441235723,9.575771834037981,9.352931155628337,9.384765625,858600,0.0,0.0
2017-11-17 00:00:00-05:00,9.410233758987868,9.512103582584114,9.384766303088806,9.473902702331543,652600,0.0,0.0
2017-11-20 00:00:00-05:00,9.467536142714179,9.607607460503816,9.346565873163179,9.594873428344727,991400,0.0,0.0
2017-11-21 00:00:00-05:00,9.626707316206815,9.671275211669576,9.410233640201344,9.524837493896484,947200,0.0,0.0
2017-11-22 00:00:00-05:00,9.524837745076377,9.588506689295368,9.461168800857385,9.5057373046875,920900,0.0,0.0
2017-11-24 00:00:00-05:00,9.588504940168605,9.61397239177204,9.512101978166356,9.55030345916748,142400,0.0,0.0
2017-11-27 00:00:00-05:00,9.550302830358012,9.556669844637641,9.384764102239084,9.39749813079834,1046100,0.0,0.0
2017-11-28 00:00:00-05:00,9.359300039803781,9.473903909549042,9.251063186642618,9.289264678955078,1399900,0.0,0.0
2017-11-29 00:00:00-05:00,9.295630775991224,9.378399554628297,9.155559460957914,9.301997184753418,1153400,0.0,0.0
2017-11-30 00:00:00-05:00,9.321095056646202,9.760408685537758,9.30199401529172,9.75404167175293,1236400,0.0,0.0
2017-12-01 00:00:00-05:00,9.80498025911022,10.07238886683069,9.766779376402772,10.040555000305176,1697400,0.0,0.0
2017-12-04 00:00:00-05:00,10.097854067840334,10.237925356581348,10.046919164151229,10.193357467651367,1496800,0.0,0.0
2017-12-05 00:00:00-05:00,10.123321690648083,10.339795338578574,10.09148783069874,10.23792552947998,1465100,0.0,0.0
2017-12-06 00:00:00-05:00,10.199726630607776,10.225193480624037,10.008720397949219,10.008720397949219,1032700,0.0,0.0
2017-12-07 00:00:00-05:00,9.964150297020872,10.142423076126978,9.919582405840336,10.085121154785156,897300,0.0,0.0
2017-12-08 00:00:00-05:00,10.136053730053316,10.320692267394696,10.136053730053316,10.288858413696289,781500,0.0,0.0
2017-12-11 00:00:00-05:00,10.33342817772033,10.740908622741701,10.30159431822074,10.7409086227417,1376000,0.0,0.0
2017-12-12 00:00:00-05:00,10.804577236804578,11.05925299143453,10.73454249722694,10.887347221374512,1771000,0.0,0.0
2017-12-13 00:00:00-05:00,10.861878591023967,10.982849446696237,10.849145775466834,10.900080680847168,1038400,0.0,0.0
2017-12-14 00:00:00-05:00,10.849144783624586,11.224788917472749,10.842777769236134,11.046517372131348,1222900,0.0,0.0
2017-12-15 00:00:00-05:00,11.078351229689792,11.103819287243605,10.94464757068374,11.046517372131348,671700,0.0,0.0
2017-12-18 00:00:00-05:00,11.07835364134212,11.269360471424623,11.046519776853748,11.18022346496582,773900,0.0,0.0
2017-12-19 00:00:00-05:00,11.142021623971035,11.186589516165482,10.887347086871351,11.008317947387695,1222100,0.0,0.0
2017-12-20 00:00:00-05:00,11.001949039103877,11.046516923629719,10.696338432785383,10.868244171142578,1159600,0.0,0.0
2017-12-21 00:00:00-05:00,10.849146395892603,11.084719891354325,10.817311319219394,10.982850074768066,1023300,0.0,0.0
2017-12-22 00:00:00-05:00,10.93191360922319,11.562233464955568,10.92554659479553,11.524032592773438,1932300,0.0,0.0
2017-12-26 00:00:00-05:00,11.931514288042557,12.141620950414028,11.842378496243779,11.89331340789795,1814900,0.0,0.0
2017-12-27 00:00:00-05:00,11.89331195715672,12.338992076170829,11.810541976824886,11.931512832641602,1700800,0.0,0.0
2017-12-28 00:00:00-05:00,11.918779124842692,12.097051905897303,11.906046308926197,12.09068489074707,997200,0.0,0.0
2017-12-29 00:00:00-05:00,12.109785438882685,12.211655248334964,12.0779503644389,12.128885269165039,592800,0.0,0.0
2018-01-02 00:00:00-05:00,12.160722941952454,12.593670331823107,12.160722941952454,12.46633243560791,1012600,0.0,0.0
2018-01-03 00:00:00-05:00,12.593668154183813,12.69553796778744,12.49179834058019,12.638236045837402,1061100,0.0,0.0
2018-01-04 00:00:00-05:00,12.709894680557682,12.937904313281821,12.651263596641401,12.846699714660645,727300,0.45,0.0
2018-01-05 00:00:00-05:00,12.781552749172963,12.807610313448317,12.560057861347119,12.709892272949219,545100,0.0,0.0
2018-01-08 00:00:00-05:00,12.722923555147766,12.735951717933153,12.573087878867243,12.605661392211914,970400,0.0,0.0
2018-01-09 00:00:00-05:00,12.657779211706522,12.729439706668643,12.54703173883444,12.690351486206055,637500,0.0,0.0
2018-01-10 00:00:00-05:00,12.690351332130092,12.748982419559498,12.61217737725929,12.696866035461426,483200,0.0,0.0
2018-01-11 00:00:00-05:00,12.76852640619337,12.950933127498034,12.735952889851397,12.859729766845703,849100,0.0,0.0
2018-01-12 00:00:00-05:00,12.93790435228842,13.068194683843219,12.853214456352891,13.00304889678955,837600,0.0,0.0
2018-01-16 00:00:00-05:00,13.042139194289076,13.178944250619809,12.872760617960976,12.87927532196045,603100,0.0,0.0
2018-01-17 00:00:00-05:00,12.885788917541504,12.94442000594066,12.82064312570326,12.885788917541504,367500,0.0,0.0
2018-01-18 00:00:00-05:00,12.918361135360652,12.918361135360652,12.670808618527385,12.690351486206055,538700,0.0,0.0
2018-01-19 00:00:00-05:00,12.69035449380984,12.840188980102539,12.579606994690689,12.840188980102539,524500,0.0,0.0
2018-01-22 00:00:00-05:00,12.879276124541441,13.100771104115205,12.866246715730558,13.042140007019043,535100,0.0,0.0
2018-01-23 00:00:00-05:00,13.159402046725239,13.165915508501401,12.911848252435892,13.100770950317383,794900,0.0,0.0
2018-01-24 00:00:00-05:00,13.133342085248902,13.276661840341822,13.016079902648924,13.016079902648926,534100,0.0,0.0
2018-01-25 00:00:00-05:00,13.100770952273674,13.165915510467421,12.99653816810032,13.152887344360352,418700,0.0,0.0
2018-01-26 00:00:00-05:00,13.185454368591309,13.237570739907783,13.068192222491161,13.185454368591309,428400,0.0,0.0
2018-01-29 00:00:00-05:00,13.139858720330768,13.14637342504972,12.72292755874083,12.755499839782715,592400,0.0,0.0
2018-01-30 00:00:00-05:00,12.657778247230876,12.80109798368206,12.377652234690013,12.63823413848877,680400,0.0,0.0
2018-01-31 00:00:00-05:00,12.71641252064886,12.788071785572967,12.227820862512223,12.260393142700195,1206900,0.0,0.0
2018-02-01 00:00:00-05:00,12.338566172410307,12.566575821056704,12.312507358826663,12.534002304077148,430900,0.0,0.0
2018-02-02 00:00:00-05:00,12.397197507507967,12.397197507507967,12.156158447265625,12.156158447265625,663800,0.0,0.0
2018-02-05 00:00:00-05:00,12.08450048104706,12.234336208403748,11.569851220291882,11.817403793334961,698500,0.0,0.0
2018-02-06 00:00:00-05:00,11.45258797633048,12.16918929586697,11.45258797633048,12.123587608337402,724900,0.0,0.0
2018-02-07 00:00:00-05:00,12.084499225209685,12.30599419822892,11.94117946018956,12.077985763549805,358200,0.0,0.0
2018-02-08 00:00:00-05:00,12.123583621896898,12.14312648581052,11.706651381822143,11.719680786132812,467500,0.0,0.0
2018-02-09 00:00:00-05:00,11.797859964009414,11.856491060706588,11.231093110120995,11.661053657531738,834900,0.0,0.0
2018-02-12 00:00:00-05:00,11.745742329087815,11.986780152185354,11.641509555442498,11.882547378540039,485700,0.0,0.0
2018-02-13 00:00:00-05:00,11.882548975946445,12.149645649638252,11.810888468474504,12.05192756652832,328100,0.0,0.0
2018-02-14 00:00:00-05:00,11.928146097056679,12.201757370510164,11.895573829345317,12.045408248901367,412000,0.0,0.0
2018-02-15 00:00:00-05:00,12.05844067171986,12.117071762319926,11.947693194203366,12.038896560668945,470400,0.0,0.0
2018-02-16 00:00:00-05:00,11.928148734666394,11.986779823553528,11.732712600077711,11.791343688964844,419000,0.0,0.0
2018-02-20 00:00:00-05:00,11.778316806549823,11.960724815801974,11.752259229544034,11.817403793334961,320500,0.0,0.0
2018-02-21 00:00:00-05:00,11.784829904266871,11.823916885721466,11.602421919890862,11.64802360534668,447700,0.0,0.0
2018-02-22 00:00:00-05:00,11.745739691146508,11.843457739173697,11.498185977421743,11.556817054748535,463000,0.0,0.0
2018-02-23 00:00:00-05:00,11.628480735895751,11.70013999480372,11.478646271525854,11.64802360534668,314300,0.0,0.0
2018-02-26 00:00:00-05:00,11.739227449240651,11.967237104125202,11.511217794356103,11.732712745666504,786500,0.0,0.0
2018-02-27 00:00:00-05:00,11.75876785301171,11.75876785301171,11.530759488465735,11.556817054748535,331900,0.0,0.0
2018-02-28 00:00:00-05:00,11.59590507947047,11.758768921836923,11.309265611543317,11.341837882995605,477700,0.0,0.0
2018-03-01 00:00:00-05:00,11.37441302263827,11.498189921963261,11.211549139203797,11.289724349975586,390200,0.0,0.0
2018-03-02 00:00:00-05:00,11.218063843647515,11.348355447416223,11.022627680547275,11.289724349975586,534600,0.0,0.0
2018-03-05 00:00:00-05:00,11.237605580476563,11.393954726402974,11.192003901567096,11.322294235229492,269800,0.0,0.0
2018-03-06 00:00:00-05:00,11.40047137109356,11.45258776194502,11.270179772688527,11.3092679977417,360500,0.0,0.0
2018-03-07 00:00:00-05:00,11.250635591041457,11.328809546928227,11.08125702988329,11.126858711242676,457500,0.0,0.0
2018-03-08 00:00:00-05:00,11.159431781591042,11.237606985605405,10.977025043145389,11.081257820129395,482100,0.0,0.0
2018-03-09 00:00:00-05:00,11.133372997545445,11.36789734152452,11.113828888029662,11.354867935180664,423600,0.0,0.0
2018-03-12 00:00:00-04:00,11.39395450158984,11.589391862056116,11.380925095714916,11.582877159118652,471600,0.0,0.0
2018-03-13 00:00:00-04:00,11.641510323241102,11.758771269411348,11.595907394530013,11.680597305297852,504700,0.0,0.0
2018-03-14 00:00:00-04:00,11.713167490210301,11.713167490210301,11.504701966421637,11.582877159118652,355700,0.0,0.0
2018-03-15 00:00:00-04:00,11.602420848232965,11.615450255031949,10.292995907474445,10.97050952911377,1962300,0.0,0.0
2018-03-16 00:00:00-04:00,11.048684773999625,11.27017974521661,11.022627199913797,11.218063354492188,554800,0.0,0.0
2018-03-19 00:00:00-04:00,11.211547481860926,11.211547481860926,10.690383628932594,10.859762191772461,882200,0.0,0.0
2018-03-20 00:00:00-04:00,10.879305117031837,10.970508470720516,10.475402243098753,10.670838356018066,1379600,0.0,0.0
2018-03-21 00:00:00-04:00,10.742498615685648,10.944449427084812,10.644780561302342,10.879304885864258,895900,0.0,0.0
2018-03-22 00:00:00-04:00,10.814161128757135,10.859762813178657,10.605695575657201,10.664326667785645,387800,0.0,0.0
2018-03-23 00:00:00-04:00,10.722956156667552,10.788101950458115,10.423287244804698,10.481918334960938,493300,0.0,0.0
2018-03-26 00:00:00-04:00,10.592664393479094,10.638266070261475,10.41025644379707,10.618721961975098,469900,0.0,0.0
2018-03-27 00:00:00-04:00,10.677354800772077,10.781587577008022,10.260423695828301,10.573122024536133,648500,0.0,0.0
2018-03-28 00:00:00-04:00,10.547063014504136,10.644781073590195,10.397227953125741,10.488431930541992,411600,0.0,0.0
2018-03-29 00:00:00-04:00,10.547063531764962,10.75552906605303,10.501461851458522,10.729470252990723,369300,0.0,0.0
2018-04-02 00:00:00-04:00,10.729471045552375,10.87930674662347,10.514490792118627,10.683869361877441,497600,0.0,0.0
2018-04-03 00:00:00-04:00,10.735985942236827,10.82067584991455,10.403744121771588,10.82067584991455,492800,0.0,0.0
2018-04-04 00:00:00-04:00,10.696898180591958,10.866276741027832,10.527519620156085,10.866276741027832,446400,0.0,0.0
2018-04-05 00:00:00-04:00,10.866276912597442,11.061713047119355,10.781587009766012,10.963994979858398,617400,0.0,0.0
2018-04-06 00:00:00-04:00,10.931423330495083,11.009597291756217,10.664326684839574,10.82067584991455,421400,0.0,0.0
2018-04-09 00:00:00-04:00,10.905364979844308,10.937938500552043,10.735986399822375,10.749015808105469,407300,0.0,0.0
2018-04-10 00:00:00-04:00,10.892332758143091,11.081255401792184,10.827188218659554,11.009594917297363,550200,0.0,0.0
2018-04-11 00:00:00-04:00,11.068227327304962,11.270178157594327,11.042169756889846,11.192004203796387,549300,0.0,0.0
2018-04-12 00:00:00-04:00,11.292349780076629,11.299039714201566,10.984620466176334,11.058208465576172,437700,0.45,0.0
2018-04-13 00:00:00-04:00,11.078278722139686,11.131796927522982,10.957862441033601,11.044830322265625,193400,0.0,0.0
2018-04-16 00:00:00-04:00,11.111727159244602,11.46628475189209,11.024759287707823,11.46628475189209,557000,0.0,0.0
2018-04-17 00:00:00-04:00,11.526494382978447,11.827535091287391,11.459596306023716,11.69373893737793,481300,0.0,0.0
2018-04-18 00:00:00-04:00,11.814153391916555,11.934569656600164,11.72049686426241,11.747255325317383,480900,0.0,0.0
2018-04-19 00:00:00-04:00,11.82753472551395,11.86767306005561,11.51311415634276,11.573322296142578,402600,0.0,0.0
2018-04-20 00:00:00-04:00,11.573321611284646,11.660289486282297,11.472975142881227,11.546563148498535,358500,0.0,0.0
2018-04-23 00:00:00-04:00,11.53318559252296,11.92119295056002,11.53318559252296,11.860984802246094,553200,0.0,0.0
2018-04-24 00:00:00-04:00,11.93456886428278,11.9613273235613,11.693736350904055,11.71380615234375,621400,0.0,0.0
2018-04-25 00:00:00-04:00,11.713810999327007,11.780709089166255,11.580014819648513,11.767329216003418,271800,0.0,0.0
2018-04-26 00:00:00-04:00,11.820847333683107,11.89443535948749,11.680361218599732,11.807467460632324,276100,0.0,0.0
2018-04-27 00:00:00-04:00,11.827532602831221,11.941258926934383,11.774014407722346,11.907809257507324,320500,0.0,0.0
2018-04-30 00:00:00-04:00,11.947949318296837,12.081744173204708,11.881051252855666,11.941259384155273,450500,0.0,0.0
2018-05-01 00:00:00-04:00,11.927880110070113,12.021536640768653,11.881051844720844,11.961328506469727,265900,0.0,0.0
2018-05-02 00:00:00-04:00,11.974707778888623,12.061675646754486,11.907809713447453,11.941259384155273,256300,0.0,0.0
2018-05-03 00:00:00-04:00,11.874361402770683,11.947949402874334,11.827533139422716,11.901121139526367,190000,0.0,0.0
2018-05-04 00:00:00-04:00,11.867673954050542,12.028228580286457,11.847604147280522,12.014848709106445,213100,0.0,0.0
2018-05-07 00:00:00-04:00,12.148640632629395,12.242297146281222,12.081742576031962,12.148640632629395,328000,0.0,0.0
2018-05-08 00:00:00-04:00,12.175405913643905,12.202164382891372,11.988091525012118,12.18209457397461,335400,0.0,0.0
2018-05-09 00:00:00-04:00,12.235611646645749,12.356026648427498,12.162023637800266,12.309198379516602,351300,0.0,0.0
2018-05-10 00:00:00-04:00,12.342648325820724,12.46975326538086,12.30919865016701,12.46975326538086,404900,0.0,0.0
2018-05-11 00:00:00-04:00,12.496513005903829,12.529961405582885,12.442994800832546,12.46975326538086,308800,0.0,0.0
2018-05-14 00:00:00-04:00,12.516580359030002,12.623618035087969,12.483131962494381,12.616928100585938,219400,0.0,0.0
2018-05-15 00:00:00-04:00,12.630308243909678,12.636998179232858,12.523271830688174,12.543341636657715,232700,0.0,0.0
2018-05-16 00:00:00-04:00,12.543337938890769,12.657064253909018,12.536648005539776,12.643684387207031,222900,0.0,0.0
2018-05-17 00:00:00-04:00,12.71058473531289,12.884519205860434,12.677136338504518,12.764102935791016,483800,0.0,0.0
2018-05-18 00:00:00-04:00,12.764103708729547,12.777483578652943,12.636997496406547,12.750723838806152,284100,0.0,0.0
2018-05-21 00:00:00-04:00,12.804240302895428,12.804240302895428,12.710583778105423,12.717273712158203,255300,0.0,0.0
2018-05-22 00:00:00-04:00,12.75741290165648,12.831000905229967,12.643686567031336,12.663756370544434,290600,0.0,0.0
2018-05-23 00:00:00-04:00,12.610239478675677,12.77748403071123,12.54334140266652,12.737345695495605,360400,0.0,0.0
2018-05-24 00:00:00-04:00,12.68382248651515,12.68382248651515,12.48312959343995,12.489819526672363,159800,0.0,0.0
2018-05-25 00:00:00-04:00,12.382786388362085,12.382786388362085,12.128573962882033,12.309198379516602,345300,0.0,0.0
2018-05-29 00:00:00-04:00,12.262369930405356,12.416234604844238,12.222231597067955,12.295818328857422,367400,0.0,0.0
2018-05-30 00:00:00-04:00,12.409545391098595,12.657067892341512,12.356027184880489,12.630308151245117,366500,0.0,0.0
2018-05-31 00:00:00-04:00,12.57679030760569,12.770794608223488,12.529962035311662,12.563411712646484,334200,0.0,0.0
2018-06-01 00:00:00-04:00,12.563410940603921,12.690515878741266,12.563410940603921,12.67044734954834,179100,0.0,0.0
2018-06-04 00:00:00-04:00,12.777481865207578,12.864448456098277,12.67713540618771,12.857758522033691,321400,0.0,0.0
2018-06-05 00:00:00-04:00,12.877829457661289,12.89120932696808,12.7641031205027,12.824311256408691,229600,0.0,0.0
2018-06-06 00:00:00-04:00,12.837690557562704,12.837690557562704,12.576788221525204,12.596858024597168,293300,0.0,0.0
2018-06-07 00:00:00-04:00,12.623616331771917,12.750721242236521,12.576786796576448,12.723962783813477,305900,0.0,0.0
2018-06-08 00:00:00-04:00,12.77748298980949,12.831001191062086,12.717274853903497,12.824311256408691,394400,0.0,0.0
2018-06-11 00:00:00-04:00,12.784175338770948,13.05176639556885,12.764105531020553,13.051766395568848,392600,0.0,0.0
2018-06-12 00:00:00-04:00,12.99824592119958,13.138730723069358,12.971486182191287,12.97817611694336,393000,0.0,0.0
2018-06-13 00:00:00-04:00,12.998246328490456,12.998246328490456,12.703895570048896,12.750723838806152,345400,0.0,0.0
2018-06-14 00:00:00-04:00,12.77748289572474,12.831001096583265,12.757413091912335,12.770792961120605,131600,0.0,0.0
2018-06-15 00:00:00-04:00,12.77079629301783,12.77079629301783,12.409547385992129,12.449687004089355,276200,0.0,0.0
2018-06-18 00:00:00-04:00,12.376095558060339,12.576788489152584,12.376095558060339,12.570099830627441,176000,0.0,0.0
2018-06-19 00:00:00-04:00,12.509894879068273,12.57679168913693,12.442996793024754,12.476445198059082,205100,0.0,0.0
2018-06-20 00:00:00-04:00,12.536651701334534,12.61692964923801,12.463063688754241,12.543341636657715,232800,0.0,0.0
2018-06-21 00:00:00-04:00,12.543340397798026,12.543340397798026,12.295817919186002,12.335957527160645,190200,0.0,0.0
2018-06-22 00:00:00-04:00,12.449682427298399,12.643685406215456,12.449682427298399,12.50989055633545,287900,0.0,0.0
2018-06-25 00:00:00-04:00,12.503205136768372,12.543343478627012,12.155336104727144,12.18209457397461,291300,0.0,0.0
2018-06-26 00:00:00-04:00,12.25567725008959,12.570097739393038,12.242297383316183,12.556717872619629,359300,0.0,0.0
2018-06-27 00:00:00-04:00,12.616927943318824,12.670446142693448,12.289128812652448,12.349335670471191,280000,0.0,0.0
2018-06-28 00:00:00-04:00,12.3694079225681,12.509894021223381,12.262371502628257,12.389477729797363,288600,0.0,0.0
2018-06-29 00:00:00-04:00,12.44299345211569,12.610237984332366,12.376095384034116,12.603548049926758,339700,0.0,0.0
2018-07-02 00:00:00-04:00,12.576788493573748,12.690514828159207,12.456373500460794,12.616928100585938,405000,0.0,0.0
2018-07-03 00:00:00-04:00,12.690516923791028,12.790864681917759,12.58348050603228,12.677138328552246,230600,0.0,0.0
2018-07-05 00:00:00-04:00,12.717274566167335,12.77748270071108,12.610238166083905,12.616928100585938,307500,0.0,0.0
2018-07-06 00:00:00-04:00,12.651194815732072,12.692315568731166,12.58951630056066,12.664901733398438,179900,0.45,0.0
2018-07-09 00:00:00-04:00,12.733433317218386,12.760847148896893,12.589514622396557,12.616927146911621,324500,0.0,0.0
2018-07-10 00:00:00-04:00,12.62378501001902,12.692318305967177,12.459305884041783,12.500425338745117,334500,0.0,0.0
2018-07-11 00:00:00-04:00,12.4593035972814,12.500423044437738,12.274264124332392,12.383916854858398,307900,0.0,0.0
2018-07-12 00:00:00-04:00,12.43874323588427,12.445596694946289,12.335943964281325,12.445596694946289,242200,0.0,0.0
2018-07-13 00:00:00-04:00,12.486713682790944,12.651192746392848,12.473008074530002,12.562100410461426,248200,0.0,0.0
2018-07-16 00:00:00-04:00,12.50727367401123,12.603219464725068,12.486713301502538,12.50727367401123,306300,0.0,0.0
2018-07-17 00:00:00-04:00,12.493567907997125,12.527835198663059,12.370208275926725,12.397622108459473,184800,0.0,0.0
2018-07-18 00:00:00-04:00,12.4318893265294,12.658048238729691,12.377062963182775,12.541542053222656,238500,0.0,0.0
2018-07-19 00:00:00-04:00,12.884205489763692,13.014418576109856,12.74028679472065,12.952738761901855,531000,0.0,0.0
2018-07-20 00:00:00-04:00,12.987003557793441,12.987003557793441,12.54153802801522,12.582658767700195,248800,0.0,0.0
2018-07-23 00:00:00-04:00,12.664900045185565,12.706020792703322,12.52783480828336,12.616927146911621,208900,0.0,0.0
2018-07-24 00:00:00-04:00,12.712874301169338,12.904767221922336,12.699168691029794,12.733434677124023,247000,0.0,0.0
2018-07-25 00:00:00-04:00,12.71972655401986,13.000711796279248,12.71972655401986,12.987006187438965,180700,0.0,0.0
2018-07-26 00:00:00-04:00,12.973302150117643,13.18575416666336,12.918475781100563,13.117220878601074,222100,0.0,0.0
2018-07-27 00:00:00-04:00,13.117216441244395,13.178896248918727,12.808818710036029,12.836231231689453,266200,0.0,0.0
2018-07-30 00:00:00-04:00,12.966447537767085,13.014420442996359,12.733435163370348,12.760848999023438,267300,0.0,0.0
2018-07-31 00:00:00-04:00,12.815674598616138,13.014419666589898,12.747141320735562,12.99385929107666,288000,0.0,0.0
2018-08-01 00:00:00-04:00,12.904765837646767,12.966445651730943,12.774552751562018,12.891058921813965,232400,0.0,0.0
2018-08-02 00:00:00-04:00,12.91847357505743,13.240578274632599,12.897913200000643,13.185751914978027,283700,0.0,0.0
2018-08-03 00:00:00-04:00,13.274844988022224,13.329671345288068,13.11036460906123,13.240577697753906,404800,0.0,0.0
2018-08-06 00:00:00-04:00,13.261137795376923,13.446177237476766,13.233723963733937,13.432470321655273,444600,0.0,0.0
2018-08-07 00:00:00-04:00,13.473588385800273,13.60380145847797,13.267989898130905,13.315962791442871,367800,0.0,0.0
2018-08-08 00:00:00-04:00,13.22001700481894,13.336521855911824,13.172042804343668,13.315962791442871,422800,0.0,0.0
2018-08-09 00:00:00-04:00,13.24743261487711,13.418765163598835,13.213166627998211,13.329672813415527,545700,0.0,0.0
2018-08-10 00:00:00-04:00,13.357085583261169,13.43247232435565,13.322819595762024,13.350232124328613,342600,0.0,0.0
2018-08-13 00:00:00-04:00,13.329672970342667,13.329672970342667,13.028127315036595,13.034980773925781,435900,0.0,0.0
2018-08-14 00:00:00-04:00,13.137778526918554,13.158338901213575,13.05553833690195,13.151485443115234,281300,0.0,0.0
2018-08-15 00:00:00-04:00,13.021273349623376,13.089806628685688,12.781407526487072,12.945886611938477,356800,0.0,0.0
2018-08-16 00:00:00-04:00,12.959592355431484,13.130924883987865,12.932179830587462,12.987006187438965,250100,0.0,0.0
2018-08-17 00:00:00-04:00,13.048686560272497,13.220019096155296,13.034979643682629,13.20631217956543,292000,0.0,0.0
2018-08-20 00:00:00-04:00,13.25428701980801,13.357086294946377,13.213167571185403,13.336525917053223,191300,0.0,0.0
2018-08-21 00:00:00-04:00,13.363938859266055,13.38449923578229,13.124073028564453,13.124073028564453,197200,0.0,0.0
2018-08-22 00:00:00-04:00,13.185751693619256,13.254284968827834,13.14463225135951,13.233724594116211,246700,0.0,0.0
2018-08-23 00:00:00-04:00,13.233727076157837,13.267994373770854,13.103515266719613,13.117220878601074,216900,0.0,0.0
2018-08-24 00:00:00-04:00,13.2131655033794,13.226871112666263,13.124071853615556,13.17204475402832,290700,0.0,0.0
2018-08-27 00:00:00-04:00,13.226872296818392,13.226872296818392,13.007566842633025,13.124073028564453,325000,0.0,0.0
2018-08-28 00:00:00-04:00,13.137779059703538,13.1651915860451,12.945886146658482,12.973299980163574,246900,0.0,0.0
2018-08-29 00:00:00-04:00,12.973301386913723,13.007567375347167,12.863648655330303,12.884207725524902,302500,0.0,0.0
2018-08-30 00:00:00-04:00,12.843087891655443,12.849941350568717,12.64434281182507,12.760848999023438,439500,0.0,0.0
2018-08-31 00:00:00-04:00,12.760846106989714,12.760846106989714,12.555246307678214,12.699166297912598,179500,0.0,0.0
2018-09-04 00:00:00-04:00,12.70602084451299,12.808820099399675,12.630634114253146,12.740286827087402,290000,0.0,0.0
2018-09-05 00:00:00-04:00,12.678608315075106,12.747141594427148,12.486715394322108,12.733434677124023,337700,0.0,0.0
2018-09-06 00:00:00-04:00,12.74714189614522,12.753995354958999,12.52098298394493,12.541542053222656,641900,0.0,0.0
2018-09-07 00:00:00-04:00,12.473011244394266,12.520984153407795,12.36335850745942,12.431890487670898,374000,0.0,0.0
2018-09-10 00:00:00-04:00,12.520981568663101,12.575807925812551,12.438741379357195,12.568954467773438,218500,0.0,0.0
2018-09-11 00:00:00-04:00,12.520985615104077,12.747144574829397,12.479864853580285,12.71287727355957,303400,0.0,0.0
2018-09-12 00:00:00-04:00,12.7882617689792,12.843088134156973,12.72658194475875,12.781408309936523,307000,0.0,0.0
2018-09-13 00:00:00-04:00,12.80881900134673,12.829378066263546,12.685459383192498,12.699166297912598,277300,0.0,0.0
2018-09-14 00:00:00-04:00,12.692317833572309,12.712876906576842,12.507278333548433,12.589518547058105,494900,0.0,0.0
2018-09-17 00:00:00-04:00,12.658047411146809,12.699168161341014,12.555248149988348,12.57580852508545,470700,0.0,0.0
2018-09-18 00:00:00-04:00,12.582665555315685,12.644345390952635,12.459305884041783,12.500425338745117,418700,0.0,0.0
2018-09-19 00:00:00-04:00,12.555702571009995,12.583342397521747,12.493511313855661,12.514242172241211,192200,0.15,0.0
2018-09-20 00:00:00-04:00,12.548794819543708,12.569525682116572,12.479693262303414,12.562615394592285,278800,0.0,0.0
2018-09-21 00:00:00-04:00,12.583343394089507,12.624805114144266,12.472781443281656,12.521153450012207,262300,0.0,0.0
2018-09-24 00:00:00-04:00,12.604073682963005,12.610983969325659,12.33457910483132,12.376039505004883,369000,0.0,0.0
2018-09-25 00:00:00-04:00,12.376043552772014,12.403684707263073,12.148009300231934,12.148009300231934,586700,0.0,0.0
2018-09-26 00:00:00-04:00,12.12727360947101,12.134183895344483,11.982161560134825,11.9890718460083,712800,0.0,0.0
2018-09-27 00:00:00-04:00,12.023624780756748,12.141097032186089,11.98907466127859,12.134186744689941,261700,0.0,0.0
2018-09-28 00:00:00-04:00,12.058173662842469,12.355308054191937,12.030532518715656,12.334578514099121,420500,0.0,0.0
2018-10-01 00:00:00-04:00,12.382950859719731,12.617895344310593,12.341490455969131,12.54879379272461,558300,0.0,0.0
2018-10-02 00:00:00-04:00,12.631714689982456,12.631714689982456,12.403680514523364,12.458961486816406,453700,0.0,0.0
2018-10-03 00:00:00-04:00,12.452051200529482,12.548792572541721,12.403680514523364,12.458961486816406,504100,0.0,0.0
2018-10-04 00:00:00-04:00,12.43823494130092,12.4451452299842,12.3000318036409,12.327672958374023,357000,0.0,0.0
2018-10-05 00:00:00-04:00,12.341492117553756,12.521155648665147,12.16873887433157,12.196378707885742,415800,0.0,0.0
2018-10-08 00:00:00-04:00,12.196379323225964,12.3069412990261,12.113458500377218,12.244750022888184,353700,0.0,0.0
2018-10-09 00:00:00-04:00,12.320761488094336,12.424413172397456,12.237839349850235,12.396773338317871,359800,0.0,0.0
2018-10-10 00:00:00-04:00,12.341022657881682,12.410706849711863,12.104098532243725,12.173781394958496,364500,0.15,0.0
2018-10-11 00:00:00-04:00,12.145910623736595,12.145910623736595,11.79052237992546,11.957763671875,628200,0.0,0.0
2018-10-12 00:00:00-04:00,12.1110678572165,12.19468916774909,11.699933845204491,11.957763671875,464400,0.0,0.0
2018-10-15 00:00:00-04:00,12.013511797560838,12.013511797560838,11.790523389206742,11.902017593383789,300500,0.0,0.0
2018-10-16 00:00:00-04:00,11.936854058053411,12.194685128436763,11.929886836172823,12.07622241973877,270000,0.0,0.0
2018-10-17 00:00:00-04:00,12.076226197850872,12.145910400494627,11.902016355799292,11.985637664794922,258100,0.0,0.0
2018-10-18 00:00:00-04:00,11.902014729844163,12.138940188996758,11.860204745615892,11.950793266296387,324900,0.0,0.0
2018-10-19 00:00:00-04:00,11.964732115095057,12.145910511985667,11.936857902135444,11.971700668334961,521500,0.0,0.0
2018-10-22 00:00:00-04:00,12.027447784643474,12.048353444397089,11.853237940710253,11.874143600463867,367300,0.0,0.0
2018-10-23 00:00:00-04:00,11.734775498986735,11.74871260585176,11.358481588325049,11.692965507507324,916700,0.0,0.0
2018-10-24 00:00:00-04:00,11.762646164972317,11.762646164972317,11.30970091021726,11.365447998046875,652900,0.0,0.0
2018-10-25 00:00:00-04:00,11.456040912554332,11.818396415869715,11.365451039888658,11.790523529052734,991400,0.0,0.0
2018-10-26 00:00:00-04:00,11.699934306481335,11.699934306481335,11.463008801266316,11.567534446716309,793200,0.0,0.0
2018-10-29 00:00:00-04:00,11.602374685729394,11.616311791445721,10.891598908141269,11.093682289123535,927200,0.0,0.0
2018-10-30 00:00:00-04:00,11.065807051423894,11.198206212709866,10.787070960707501,10.870692253112793,960600,0.0,0.0
2018-10-31 00:00:00-04:00,10.97521583595942,11.233046888027525,10.912500210567584,11.135488510131836,764800,0.0,0.0
2018-11-01 00:00:00-04:00,11.246986208220674,11.435133143754568,11.191239115741986,11.414227485656738,459900,0.0,0.0
2018-11-02 00:00:00-04:00,11.469974474219987,11.532690118829763,11.302733198299093,11.379385948181152,351700,0.0,0.0
2018-11-05 00:00:00-05:00,11.43513098023633,11.658119307961858,11.400289552447445,11.644182205200195,346600,0.0,0.0
2018-11-06 00:00:00-05:00,11.699934060939837,11.72083839212171,11.616312748865353,11.692965507507324,572600,0.0,0.0
2018-11-07 00:00:00-05:00,11.818393323562313,12.111065868698972,11.790520444038329,12.013508796691895,1040400,0.0,0.0
2018-11-08 00:00:00-05:00,11.992601218973558,12.264369393208277,11.797487106217073,11.867171287536621,705100,0.0,0.0
2018-11-09 00:00:00-05:00,11.797489271239238,11.895046345520717,11.546626704097775,11.832330703735352,653700,0.0,0.0
2018-11-12 00:00:00-05:00,11.881109591321964,11.881109591321964,11.525722716209653,11.546627044677734,353300,0.0,0.0
2018-11-13 00:00:00-05:00,11.539656947992029,11.658119666882762,11.1703330172444,11.205174446105957,653500,0.0,0.0
2018-11-14 00:00:00-05:00,11.33178832699052,11.395094511961581,11.127801432832506,11.184073448181152,433200,0.15,0.0
2018-11-15 00:00:00-05:00,11.155938319960553,11.296618369422369,11.113734640529703,11.261448860168457,422400,0.0,0.0
2018-11-16 00:00:00-05:00,11.275514891227875,11.402125903589715,11.21220804341645,11.240344047546387,319700,0.0,0.0
2018-11-19 00:00:00-05:00,11.240345463529799,11.395094511961581,11.162971610129244,11.184073448181152,404400,0.0,0.0
2018-11-20 00:00:00-05:00,11.050427625214965,11.050427625214965,10.762033377654474,10.853475570678711,694300,0.0,0.0
2018-11-21 00:00:00-05:00,10.958985096296669,11.373991701603854,10.930849089368147,11.359923362731934,901200,0.0,0.0
2018-11-23 00:00:00-05:00,11.20517691285486,11.20517691285486,11.001190672112068,11.057462692260742,253200,0.0,0.0
2018-11-26 00:00:00-05:00,11.148904291786893,11.247379986331595,10.951951561066776,11.10669994354248,563700,0.0,0.0
2018-11-27 00:00:00-05:00,11.106702111973497,11.177042482508725,11.015259898603897,11.120770454406738,666500,0.0,0.0
2018-11-28 00:00:00-05:00,11.113733325130429,11.296617032377345,11.036358803972782,11.226277351379395,598300,0.0,0.0
2018-11-29 00:00:00-05:00,11.25441301374383,11.563909747278348,11.25441301374383,11.303650856018066,817300,0.0,0.0
2018-11-30 00:00:00-05:00,11.303653486046581,11.416197535039272,11.09263372959301,11.148905754089355,1342400,0.0,0.0
2018-12-03 00:00:00-05:00,11.317719397664925,11.556875785835256,11.28958272064225,11.39509391784668,1097300,0.0,0.0
2018-12-04 00:00:00-05:00,11.395093909650038,11.416195075771263,11.022290989151365,11.092631340026855,523600,0.0,0.0
2018-12-06 00:00:00-05:00,10.790168475195475,11.036358354893578,10.466604077488164,10.966018676757812,1315400,0.0,0.0
2018-12-07 00:00:00-05:00,11.134834141335926,11.289581827830958,10.747963583467845,10.811269760131836,1538900,0.0,0.0
2018-12-10 00:00:00-05:00,10.684656795616725,10.769065473550505,10.452534608336853,10.543976783752441,909500,0.0,0.0
2018-12-11 00:00:00-05:00,10.698729400610208,10.769069770013175,10.50177730542357,10.565083503723145,1329600,0.0,0.0
2018-12-12 00:00:00-05:00,10.628387602430779,10.71982980203585,10.543979572983496,10.621354103088379,1316100,0.0,0.0
2018-12-13 00:00:00-05:00,10.621353110189897,11.008223041287643,10.565081095818758,10.951951026916504,1411700,0.0,0.0
2018-12-14 00:00:00-05:00,10.881611500939487,10.902713338928473,10.635420931411742,10.642455101013184,1271900,0.0,0.0
2018-12-17 00:00:00-05:00,10.480670592931123,10.558045102436633,9.960154214508629,10.21337890625,2287400,0.0,0.0
2018-12-18 00:00:00-05:00,10.255583748024433,10.255583748024433,9.791339321122013,9.953121185302734,2880600,0.0,0.0
2018-12-19 00:00:00-05:00,9.704294493712487,10.280154041819749,9.690076099365585,10.073982238769531,1877000,0.15,0.0
2018-12-20 00:00:00-05:00,10.031325554133666,10.031325554133666,9.327497755108562,9.732731819152832,2449700,0.0,0.0
2018-12-21 00:00:00-05:00,9.73272889018375,9.832260331225246,9.078667362490625,9.2137451171875,1822500,0.0,0.0
2018-12-24 00:00:00-05:00,9.142652301909488,9.20663675946759,8.79429323076266,8.900934219360352,966700,0.0,0.0
2018-12-26 00:00:00-05:00,8.957809720545587,9.384371668474717,8.716090944384444,9.341715812683105,2258300,0.0,0.0
2018-12-27 00:00:00-05:00,9.107107142551216,9.299059861648084,8.829841350519466,9.142653465270996,2568000,0.0,0.0
2018-12-28 00:00:00-05:00,9.14265405199861,9.427029398025093,8.95070132058322,9.412810325622559,4181700,0.0,0.0
2018-12-31 00:00:00-05:00,9.412809684742765,9.796715799437631,9.412809684742765,9.78249740600586,2563400,0.0,0.0
2019-01-02 00:00:00-05:00,9.675855760421003,10.23038730541693,9.533668445551251,10.03132438659668,1240500,0.0,0.0
2019-01-03 00:00:00-05:00,10.109527829347563,10.237496072603356,9.882027449554592,10.180621147155762,1129500,0.0,0.0
2019-01-04 00:00:00-05:00,10.216168182071062,10.685386657714844,10.216168182071062,10.685386657714844,1359000,0.0,0.0
2019-01-07 00:00:00-05:00,10.90577788130687,11.175934126531203,10.841793418227079,11.07640266418457,1529900,0.0,0.0
2019-01-08 00:00:00-05:00,11.289683448890479,11.332339303595166,11.126167531182286,11.296792984008789,756900,0.0,0.0
2019-01-09 00:00:00-05:00,11.424761985032236,11.495855984932685,11.325231198774764,11.438981056213379,628400,0.0,0.0
2019-01-10 00:00:00-05:00,11.382108107820308,11.446092583262583,11.175936285841175,11.26835823059082,721700,0.0,0.0
2019-01-11 00:00:00-05:00,11.239918481393302,11.247027338776132,11.005308559692011,11.069293022155762,577900,0.0,0.0
2019-01-14 00:00:00-05:00,10.983981175709088,11.147497107662128,10.934215781550732,11.005309104919434,385500,0.0,0.0
2019-01-15 00:00:00-05:00,11.09062322825473,11.367888368259337,11.09062322825473,11.32523250579834,843400,0.0,0.0
2019-01-16 00:00:00-05:00,11.404026663118998,11.482823766598699,11.339556554144224,11.461333274841309,328600,0.12,0.0
2019-01-17 00:00:00-05:00,11.41835234205689,11.475659633753871,11.332392429234412,11.40402603149414,424400,0.0,0.0
2019-01-18 00:00:00-05:00,11.461334254866584,11.68339722349132,11.41835395082538,11.647581100463867,591400,0.0,0.0
2019-01-22 00:00:00-05:00,11.561620493224783,11.575947488955816,11.253597599643932,11.289414405822754,586400,0.0,0.0
2019-01-23 00:00:00-05:00,11.34672133125375,11.396864451379507,10.995718124075903,11.04586124420166,785000,0.0,0.0
2019-01-24 00:00:00-05:00,11.096004863216836,11.096004863216836,10.902595188929581,10.959901809692383,587700,0.0,0.0
2019-01-25 00:00:00-05:00,10.995718618456335,11.096004863216836,10.94557481292728,10.959901809692383,959800,0.0,0.0
2019-01-28 00:00:00-05:00,10.852451257034039,10.9169213754287,10.759328511740417,10.816635131835938,802100,0.0,0.0
2019-01-29 00:00:00-05:00,10.852450995421671,11.010044538459756,10.852450995421671,10.909757614135742,1546500,0.0,0.0
2019-01-30 00:00:00-05:00,11.010043949668672,11.181963796617017,10.931247523937866,11.131820678710938,803400,0.0,0.0
2019-01-31 00:00:00-05:00,11.196289033113288,11.339555549729056,11.002878723320523,11.103165626525879,725000,0.0,0.0
2019-02-01 00:00:00-05:00,11.103169056197581,11.375375863424159,11.060188746362291,11.332395553588867,558400,0.0,0.0
2019-02-04 00:00:00-05:00,11.318066745535532,11.504312892058692,11.303739751030605,11.461333274841309,556000,0.0,0.0
2019-02-05 00:00:00-05:00,11.389700669485036,11.525804396647175,11.375374356869882,11.475661277770996,461200,0.0,0.0
2019-02-06 00:00:00-05:00,11.47566279760727,11.532969421955093,11.332395553588867,11.332395553588867,477200,0.0,0.0
2019-02-07 00:00:00-05:00,11.282250573137121,11.289414070790047,10.916920390622698,10.988554000854492,675000,0.0,0.0
2019-02-08 00:00:00-05:00,10.974227905273438,11.02437170980624,10.752164925016714,10.974227905273438,515000,0.0,0.0
2019-02-11 00:00:00-05:00,10.931248326753247,10.952738138412863,10.845288396965984,10.895431518554688,837800,0.0,0.0
2019-02-12 00:00:00-05:00,11.045859019879572,11.167635729790135,11.017205716556418,11.103165626525879,704400,0.0,0.0
2019-02-13 00:00:00-05:00,11.103167387299973,11.326962961729134,11.103167387299973,11.305305480957031,534000,0.12,0.0
2019-02-14 00:00:00-05:00,11.2692111701802,11.579638786836313,11.26199246765998,11.550761222839355,710700,0.0,0.0
2019-02-15 00:00:00-05:00,11.63739212023234,11.702363882977725,11.557980199048663,11.630172729492188,767000,0.0,0.0
2019-02-19 00:00:00-05:00,11.622951058204569,11.890061578390284,11.594073500910048,11.788992881774902,442300,0.0,0.0
2019-02-20 00:00:00-05:00,11.803433130990166,11.825089924701517,11.594074945394501,11.659048080444336,450800,0.0,0.0
2019-02-21 00:00:00-05:00,11.6518265150174,11.66626529276808,11.363057844791978,11.428030967712402,426000,0.0,0.0
2019-02-22 00:00:00-05:00,11.514664684200273,11.601295308706776,11.464130325357898,11.471349716186523,309900,0.0,0.0
2019-02-25 00:00:00-05:00,11.493006084807876,11.536321048617948,11.384717986803757,11.42081356048584,360900,0.0,0.0
2019-02-26 00:00:00-05:00,11.384717992928396,11.435252346893646,11.160921718192837,11.233114242553711,277700,0.0,0.0
2019-02-27 00:00:00-05:00,11.269210228318709,11.312525882214876,11.081510897379216,11.153702735900879,651700,0.0,0.0
2019-02-28 00:00:00-05:00,11.160920783081915,11.182578263184045,10.99487826635525,11.124824523925781,705400,0.0,0.0
2019-03-01 00:00:00-05:00,11.20423752142403,11.283648748507495,11.117606215632499,11.21867561340332,499200,0.0,0.0
2019-03-04 00:00:00-05:00,11.298084650493877,11.399154028673658,11.1681390939528,11.326961517333984,478500,0.0,0.0
2019-03-05 00:00:00-05:00,11.247551203847982,11.326962421880179,11.175358686743172,11.29086685180664,392600,0.0,0.0
2019-03-06 00:00:00-05:00,11.305305345345687,11.319744124673157,11.132044124289399,11.211455345153809,295800,0.0,0.0
2019-03-07 00:00:00-05:00,11.254772023648576,11.4641295236856,11.197018278016222,11.456910133361816,278300,0.0,0.0
2019-03-08 00:00:00-05:00,11.312526181241305,11.442472457885742,11.19701868577024,11.442472457885742,532200,0.0,0.0
2019-03-11 00:00:00-04:00,11.507444389018191,11.644609361587474,11.471348814669767,11.572418212890625,516900,0.0,0.0
2019-03-12 00:00:00-04:00,11.630170593522665,11.680704942464718,11.464128079389127,11.47856616973877,575600,0.0,0.0
2019-03-13 00:00:00-04:00,11.536760746659272,11.558583618762489,11.384004110509476,11.420374870300293,539000,0.12,0.0
2019-03-14 00:00:00-04:00,11.38400329582407,11.48584127720751,11.369455409177574,11.449470520019531,279900,0.0,0.0
2019-03-15 00:00:00-04:00,11.45674563009111,11.464019920792182,11.362181932120803,11.420374870300293,248000,0.0,0.0
2019-03-18 00:00:00-04:00,11.420373179015957,11.609500546948015,11.398551003859009,11.602226257324219,259000,0.0,0.0
2019-03-19 00:00:00-04:00,11.63859816308759,11.77680690475438,11.616775985771863,11.653146743774414,326200,0.0,0.0
2019-03-20 00:00:00-04:00,11.682242788513404,11.798628661847783,11.61677625504871,11.711339950561523,424100,0.0,0.0
2019-03-21 00:00:00-04:00,11.71133981761042,11.849548560911897,11.667695462462756,11.813177108764648,522400,0.0,0.0
2019-03-22 00:00:00-04:00,11.805903315100043,11.805903315100043,11.536760801316168,11.573131561279297,677200,0.0,0.0
2019-03-25 00:00:00-04:00,11.580405164995678,11.580405164995678,11.38400348907524,11.50039005279541,280700,0.0,0.0
2019-03-26 00:00:00-04:00,11.638595969859075,11.74043324061814,11.471291485775252,11.522210121154785,300700,0.0,0.0
2019-03-27 00:00:00-04:00,11.52221175431674,11.587678976920841,11.376729422815664,11.464018821716309,246200,0.0,0.0
2019-03-28 00:00:00-04:00,11.427646445653954,11.544032294358244,11.39127569450527,11.522210121154785,250000,0.0,0.0
2019-03-29 00:00:00-04:00,11.638598499798379,11.696791436800208,11.551309094295634,11.660421371459961,439800,0.0,0.0
2019-04-01 00:00:00-04:00,11.718615459573277,11.813178471204212,11.711341168304868,11.76953411102295,634700,0.0,0.0
2019-04-02 00:00:00-04:00,11.798627358211403,11.864094578157117,11.740434427973982,11.849547386169434,375200,0.0,0.0
2019-04-03 00:00:00-04:00,11.915012818548599,11.922287108012599,11.805901251446297,11.89319133758545,517100,0.0,0.0
2019-04-04 00:00:00-04:00,11.893192018984726,11.915013501198098,11.711338934252327,11.76225757598877,365700,0.0,0.0
2019-04-05 00:00:00-04:00,11.798627451894488,11.915013313293457,11.754983100727102,11.915013313293457,267500,0.0,0.0
2019-04-08 00:00:00-04:00,11.973207471849351,11.99503034338544,11.653147013894335,11.711339950561523,1023900,0.0,0.0
2019-04-09 00:00:00-04:00,11.6749667934777,11.696789661827692,11.558581630849867,11.616774559020996,462800,0.0,0.0
2019-04-10 00:00:00-04:00,11.638594902294333,11.696787821308659,11.59494986617643,11.624046325683594,288400,0.0,0.0
2019-04-11 00:00:00-04:00,11.61677625504871,11.711339950561523,11.59495338351262,11.711339950561523,387000,0.0,0.0
2019-04-12 00:00:00-04:00,11.820450996700872,11.871369640544176,11.78408093322108,11.856821060180664,419100,0.0,0.0
2019-04-15 00:00:00-04:00,11.849548002244694,11.864095194988707,11.74770932846279,11.842273712158203,549000,0.0,0.0
2019-04-16 00:00:00-04:00,11.834998869933024,11.842273159680147,11.68951584984837,11.725887298583984,291000,0.0,0.0
2019-04-17 00:00:00-04:00,11.74054599573076,11.777188837533945,11.637944221496582,11.637944221496582,407600,0.12,0.0
2019-04-18 00:00:00-04:00,11.615956979981497,11.652599817378915,11.476711681768947,11.601299285888672,486600,0.0,0.0
2019-04-22 00:00:00-04:00,11.65992798267944,11.755201590877594,11.623284448507214,11.718557357788086,539600,0.0,0.0
2019-04-23 00:00:00-04:00,11.740545948053978,11.799175333401877,11.711230556462624,11.7258882522583,496100,0.0,0.0
2019-04-24 00:00:00-04:00,11.72588829987556,11.72588829987556,11.623286525641383,11.637944221496582,354000,0.0,0.0
2019-04-25 00:00:00-04:00,11.652599483713825,11.65992833055038,11.520683735242336,11.557327270507812,422900,0.0,0.0
2019-04-26 00:00:00-04:00,11.542669742407139,11.586642125139926,11.484040364708298,11.579313278198242,398600,0.0,0.0
2019-04-29 00:00:00-04:00,11.586641618888935,11.659927988351756,11.586641618888935,11.61595630645752,336900,0.0,0.0
2019-04-30 00:00:00-04:00,11.681915019854088,11.703901561959233,11.535341567073221,11.564656257629395,295200,0.0,0.0
2019-05-01 00:00:00-04:00,11.549997944908363,11.66725669376351,11.542669098375598,11.608627319335938,222000,0.0,0.0
2019-05-02 00:00:00-04:00,11.535341483157982,11.54267033047305,11.35945334110046,11.366782188415527,478200,0.0,0.0
2019-05-03 00:00:00-04:00,11.410753214938131,11.542669663315271,11.410753214938131,11.498697280883789,367200,0.0,0.0
2019-05-06 00:00:00-04:00,11.37411037831542,11.520683821558185,11.322809148992471,11.498697280883789,289400,0.0,0.0
2019-05-07 00:00:00-04:00,11.396096838697508,11.476712062127813,11.315480916349857,11.454726219177246,393100,0.0,0.0
2019-05-08 00:00:00-04:00,11.454722731157078,11.571981456410692,11.38876452347264,11.396093368530273,324100,0.0,0.0
2019-05-09 00:00:00-04:00,11.322808777883703,11.359452312222716,11.102948270766904,11.183564186096191,622500,0.0,0.0
2019-05-10 00:00:00-04:00,11.330137578475858,11.61595630645752,11.315479885232925,11.61595630645752,421500,0.0,0.0
2019-05-13 00:00:00-04:00,11.520683821558185,11.57931319885529,11.396096220072508,11.498697280883789,256100,0.0,0.0
2019-05-14 00:00:00-04:00,11.57931277226747,11.703900369163275,11.571983925646002,11.61595630645752,325400,0.0,0.0
2019-05-15 00:00:00-04:00,11.593803391877934,11.756264530290652,11.571649824355497,11.689803123474121,321500,0.12,0.0
2019-05-16 00:00:00-04:00,11.748878976153817,11.822725135218874,11.704571844114115,11.756263732910156,334500,0.0,0.0
2019-05-17 00:00:00-04:00,11.771032257986782,11.80057058004983,11.601187082186538,11.638110160827637,572700,0.0,0.0
2019-05-20 00:00:00-04:00,11.55687925202865,11.645494922505756,11.512572121039248,11.542110443115234,304600,0.0,0.0
2019-05-21 00:00:00-04:00,11.556879201568705,11.74887864634887,11.556879201568705,11.719340324401855,399400,0.0,0.0
2019-05-22 00:00:00-04:00,11.711957994063726,11.734112268300253,11.593804681799416,11.630727767944336,326500,0.0,0.0
2019-05-23 00:00:00-04:00,11.350111385127096,11.51257251421798,11.195035012869702,11.305804252624512,657500,0.0,0.0
2019-05-24 00:00:00-04:00,11.387034127423059,11.431341258611951,11.268880838587146,11.364880561828613,337200,0.0,0.0
2019-05-28 00:00:00-04:00,11.350110844416962,11.446110565931445,11.268880635865848,11.283649444580078,428700,0.0,0.0
2019-05-29 00:00:00-04:00,11.150729253998833,11.209805907445906,10.951345020428011,11.187651634216309,532800,0.0,0.0
2019-05-30 00:00:00-04:00,11.180264759921096,11.298418037004955,11.084265046228188,11.10641860961914,402400,0.0,0.0
2019-05-31 00:00:00-04:00,10.951343824186619,11.135958522105138,10.921805500689624,10.97349739074707,548600,0.0,0.0
2019-06-03 00:00:00-04:00,11.054727554321289,11.202419161729733,11.03257328502317,11.054727554321289,395700,0.0,0.0
2019-06-04 00:00:00-04:00,11.113804808752551,11.224573344340948,11.113804808752551,11.20980453491211,339500,0.0,0.0
2019-06-05 00:00:00-04:00,11.20980391816244,11.268880561125815,11.017804476406894,11.054727554321289,458400,0.0,0.0
2019-06-06 00:00:00-04:00,11.01042127892547,11.172882422201988,11.01042127892547,11.113805770874023,336000,0.0,0.0
2019-06-07 00:00:00-04:00,11.113805770874023,11.217189558573343,11.10642101339572,11.113805770874023,336100,0.0,0.0
2019-06-10 00:00:00-04:00,11.165496866409446,11.268881350966183,11.084266652703628,11.180266380310059,430800,0.0,0.0
2019-06-11 00:00:00-04:00,11.239342314188248,11.357495600898647,11.19503447954728,11.283649444580078,355800,0.0,0.0
2019-06-12 00:00:00-04:00,11.195036391959508,11.298420887616517,11.143344496255633,11.187651634216309,259300,0.0,0.0
2019-06-13 00:00:00-04:00,11.246727526061164,11.342727257474097,11.246727526061164,11.268881797790527,221300,0.0,0.0
2019-06-14 00:00:00-04:00,11.327956821401298,11.327956821401298,11.135957386131995,11.19503402709961,250700,0.0,0.0
2019-06-17 00:00:00-04:00,11.113804986176063,11.18765044299749,11.06949714868386,11.084266662597656,310200,0.0,0.0
2019-06-18 00:00:00-04:00,11.135957386131995,11.209803539466069,11.121188578014648,11.19503402709961,312800,0.0,0.0
2019-06-19 00:00:00-04:00,11.11315476240863,11.209920426265443,11.11315476240863,11.195033073425293,217200,0.12,0.0
2019-06-20 00:00:00-04:00,11.35879284502103,11.373679491190549,11.269470838399295,11.321575164794922,351500,0.0,0.0
2019-06-21 00:00:00-04:00,11.269471047068452,11.366236733500793,11.269471047068452,11.336462020874023,330300,0.0,0.0
2019-06-24 00:00:00-04:00,11.336460474941632,11.38856550506479,11.24713847884666,11.262025833129883,440800,0.0,0.0
2019-06-25 00:00:00-04:00,11.276912173713564,11.276912173713564,11.128042184232918,11.150372505187988,246200,0.0,0.0
2019-06-26 00:00:00-04:00,11.232251834431558,11.329017507668143,11.217364480148335,11.262025833129883,307100,0.0,0.0
2019-06-27 00:00:00-04:00,11.276914428771269,11.291801785630428,11.195036095650634,11.239697456359863,321100,0.0,0.0
2019-06-28 00:00:00-04:00,11.306686737166048,11.40345241263568,11.262026093021998,11.39600944519043,323300,0.0,0.0
2019-07-01 00:00:00-04:00,11.507664314451386,11.596986332393115,11.410898617547439,11.448116302490234,517900,0.0,0.0
2019-07-02 00:00:00-04:00,11.448113652935616,11.507661651114965,11.388565654756269,11.463000297546387,306300,0.0,0.0
2019-07-03 00:00:00-04:00,11.321575044023534,11.61187209484862,11.321575044023534,11.529993057250977,381800,0.0,0.0
2019-07-05 00:00:00-04:00,11.537437348138718,11.730968725637164,11.529993669803801,11.723525047302246,466200,0.0,0.0
2019-07-08 00:00:00-04:00,11.671421009451235,11.723525339357204,11.619315969677013,11.693751335144043,331400,0.0,0.0
2019-07-09 00:00:00-04:00,11.69374967722086,11.69374967722086,11.626757999772167,11.68630599975586,380000,0.0,0.0
2019-07-10 00:00:00-04:00,11.768185661335117,11.909611991390879,11.738411659751367,11.879837989807129,522300,0.0,0.0
2019-07-11 00:00:00-04:00,11.924497645741315,11.984045640412564,11.864948941201973,11.894722938537598,437100,0.0,0.0
2019-07-12 00:00:00-04:00,11.90961174109815,11.94682870989454,11.827733415930643,11.88728141784668,341800,0.0,0.0
2019-07-15 00:00:00-04:00,11.909611991390879,11.946828960969421,11.857507666086365,11.879837989807129,358400,0.0,0.0
2019-07-16 00:00:00-04:00,11.879838652395279,11.917056333917799,11.79796032094032,11.909612655639648,541800,0.0,0.0
2019-07-17 00:00:00-04:00,11.939610118998257,11.969609110644688,11.789615160766093,11.797114372253418,525600,0.12,0.0
2019-07-18 00:00:00-04:00,11.774616890605232,11.83461488196575,11.632121839932118,11.684619903564453,353900,0.0,0.0
2019-07-19 00:00:00-04:00,11.729618072509766,11.729618072509766,11.662120157346722,11.729618072509766,268000,0.0,0.0
2019-07-22 00:00:00-04:00,11.737118038543452,11.842114881678844,11.714618970454609,11.782116889953613,270000,0.0,0.0
2019-07-23 00:00:00-04:00,11.789616078266828,11.842114138925535,11.729618090304752,11.752117156982422,263900,0.0,0.0
2019-07-24 00:00:00-04:00,11.77461694577513,11.819615797122598,11.722118881896813,11.759617805480957,325000,0.0,0.0
2019-07-25 00:00:00-04:00,11.79711689164743,11.79711689164743,11.63212275997207,11.639622688293457,321700,0.0,0.0
2019-07-26 00:00:00-04:00,11.632121768033782,11.647120908164965,11.579622989493467,11.587122917175293,386200,0.0,0.0
2019-07-29 00:00:00-04:00,11.557122617760335,11.579621683034912,11.444626576155068,11.452126502990723,323900,0.0,0.0
2019-07-30 00:00:00-04:00,11.42962546783375,11.437125393846124,11.294630375772554,11.384627342224121,503900,0.0,0.0
2019-07-31 00:00:00-04:00,11.422127688816374,11.504625459994822,11.324631493258574,11.377129554748535,617100,0.0,0.0
2019-08-01 00:00:00-04:00,11.37712922586097,11.437127213038645,11.24213339709499,11.264633178710938,464300,0.0,0.0
2019-08-02 00:00:00-04:00,11.24963561077751,11.30213368142005,11.047141826471883,11.10714054107666,591000,0.0,0.0
2019-08-05 00:00:00-04:00,10.994640668459327,11.009640521706602,10.672150975966586,10.81464672088623,906800,0.0,0.0
2019-08-06 00:00:00-04:00,10.822148470522357,10.92714460001062,10.597155640539311,10.694652557373047,628100,0.0,0.0
2019-08-07 00:00:00-04:00,10.589654096820231,10.61215316181575,10.379661154653183,10.462158203125,1446000,0.0,0.0
2019-08-08 00:00:00-04:00,10.514658082620242,10.702151979540867,10.492158300022398,10.657153129577637,710500,0.0,0.0
2019-08-09 00:00:00-04:00,10.747149386705322,10.784648306597317,10.634653342261748,10.649652481079102,614000,0.0,0.0
2019-08-12 00:00:00-04:00,10.65715280214306,10.687151796119359,10.544656753540039,10.544656753540039,966800,0.0,0.0
2019-08-13 00:00:00-04:00,10.56715641410077,10.754650315798136,10.56715641410077,10.702152252197266,457800,0.0,0.0
2019-08-14 00:00:00-04:00,10.634654643877527,10.634654643877527,10.342163891199807,10.469659805297852,703600,0.0,0.0
2019-08-15 00:00:00-04:00,10.469660477232281,10.52215854573635,10.357164411799978,10.402162551879883,383400,0.0,0.0
2019-08-16 00:00:00-04:00,10.447160165291624,10.657153129577637,10.409661242861008,10.657153129577637,337300,0.0,0.0
2019-08-19 00:00:00-04:00,10.739648445950067,10.934642238796775,10.357161501805944,10.852145195007324,428400,0.0,0.0
2019-08-20 00:00:00-04:00,10.852146399264068,10.972142372721825,10.799647624451985,10.867145538330078,384900,0.0,0.0
2019-08-21 00:00:00-04:00,10.920084243981782,11.071332529551434,10.904959848147982,10.98814582824707,466700,0.12,0.0
2019-08-22 00:00:00-04:00,11.041080560564195,11.041080560564195,10.791521954576556,10.806646347045898,414700,0.0,0.0
2019-08-23 00:00:00-04:00,10.746147321688339,10.761271714139287,10.473901766725245,10.519275665283203,416700,0.0,0.0
2019-08-26 00:00:00-04:00,10.579774404996337,10.647835972285343,10.413402486295542,10.428526878356934,384100,0.0,0.0
2019-08-27 00:00:00-04:00,10.489028348107416,10.526840418933372,10.26971920276319,10.277281761169434,533300,0.0,0.0
2019-08-28 00:00:00-04:00,10.368030101925042,10.602464359638564,10.368030101925042,10.572214126586914,462600,0.0,0.0
2019-08-29 00:00:00-04:00,10.62514877319336,10.738584235198363,10.602461825033375,10.62514877319336,552600,0.0,0.0
2019-08-30 00:00:00-04:00,10.715899302679478,10.768835765411723,10.632713329642351,10.67808723449707,474800,0.0,0.0
2019-09-03 00:00:00-04:00,10.564650815423004,10.71589835355113,10.451214620923047,10.700773239135742,394000,0.0,0.0
2019-09-04 00:00:00-04:00,10.76883429302097,10.897394874540323,10.753709900539048,10.829333305358887,270800,0.0,0.0
2019-09-05 00:00:00-04:00,10.867144756742627,11.041079948328491,10.859582200324748,10.904956817626953,348500,0.0,0.0
2019-09-06 00:00:00-04:00,10.882270571718458,10.912520078136644,10.768834381746414,10.859582901000977,374800,0.0,0.0
2019-09-09 00:00:00-04:00,10.920081668718376,11.10157942435861,10.889832162979188,11.07889175415039,333600,0.0,0.0
2019-09-10 00:00:00-04:00,11.162079824072753,11.222578843075436,11.086455689716804,11.207453727722168,468100,0.0,0.0
2019-09-11 00:00:00-04:00,11.3360114046202,11.3360114046202,11.13182744836051,11.162076950073242,502900,0.0,0.0
2019-09-12 00:00:00-04:00,11.086455511554675,11.162079644695325,11.078892953999572,11.124267578125,303500,0.0,0.0
2019-09-13 00:00:00-04:00,11.124265159549102,11.290637783563614,11.124265159549102,11.230138778686523,388200,0.0,0.0
2019-09-16 00:00:00-04:00,11.494824068328986,11.570448200314807,11.305764459569613,11.396512985229492,621200,0.0,0.0
2019-09-17 00:00:00-04:00,11.411639292661185,11.472138316090112,11.283078687573406,11.419201850891113,398500,0.0,0.0
2019-09-18 00:00:00-04:00,11.396332745945854,11.449693996307,11.281988559568237,11.335349082946777,395800,0.12,0.0
2019-09-19 00:00:00-04:00,11.373463097170088,11.449693032996695,11.31247943930182,11.365839958190918,448500,0.0,0.0
2019-09-20 00:00:00-04:00,11.342971268235953,11.411578065083392,11.29723316134348,11.365839958190918,660400,0.0,0.0
2019-09-23 00:00:00-04:00,11.388706848126905,11.388706848126905,11.281985827216284,11.350592613220215,399800,0.0,0.0
2019-09-24 00:00:00-04:00,11.358215845402418,11.3887076717223,11.08378940852347,11.121904373168945,659600,0.0,0.0
2019-09-25 00:00:00-04:00,11.068542894062432,11.114280266064306,10.961821147754028,11.030427932739258,424300,0.0,0.0
2019-09-26 00:00:00-04:00,10.999937362977974,10.999937362977974,10.893215604504183,10.977067947387695,491600,0.0,0.0
2019-09-27 00:00:00-04:00,10.931329324091973,11.053296618740195,10.923706186430854,11.030427932739258,303600,0.0,0.0
2019-09-30 00:00:00-04:00,11.022807121276855,11.030430260546725,10.954200321813186,11.022807121276855,373000,0.0,0.0
2019-10-01 00:00:00-04:00,11.015182050993216,11.076165700496293,10.83985424041748,10.83985424041748,269700,0.0,0.0
2019-10-02 00:00:00-04:00,10.824608670944333,10.839854947806268,10.565427780151367,10.565427780151367,844900,0.0,0.0
2019-10-03 00:00:00-04:00,10.504444130972791,10.687395818478521,10.428214927579358,10.626411437988281,722100,0.0,0.0
2019-10-04 00:00:00-04:00,10.641656871027923,10.710263657529595,10.550181398019838,10.611165046691895,800400,0.0,0.0
2019-10-07 00:00:00-04:00,10.573050056649809,10.588296332268843,10.420590935371635,10.428214073181152,772400,0.0,0.0
2019-10-08 00:00:00-04:00,10.351983891729224,10.382475715226917,10.20714791186079,10.245262145996094,1272400,0.0,0.0
2019-10-09 00:00:00-04:00,10.359607991048229,10.390099817376527,10.214771270751953,10.214771270751953,685600,0.0,0.0
2019-10-10 00:00:00-04:00,10.207148551940918,10.275754613876131,10.169033588433047,10.207148551940918,511600,0.0,0.0
2019-10-11 00:00:00-04:00,10.306248439193773,10.359608958505877,10.184280395507812,10.184280395507812,697600,0.0,0.0
2019-10-14 00:00:00-04:00,10.12329643135036,10.199526365478503,10.077559052459497,10.14616584777832,595500,0.0,0.0
2019-10-15 00:00:00-04:00,10.191902160644531,10.298623911864837,10.123295372501653,10.191902160644531,460600,0.0,0.0
2019-10-16 00:00:00-04:00,10.214771916780805,10.252886883847363,10.146165848440038,10.176657676696777,505400,0.0,0.0
2019-10-17 00:00:00-04:00,10.214771916114614,10.230018193733255,10.12329643135036,10.14616584777832,400000,0.0,0.0
2019-10-18 00:00:00-04:00,10.161411288382045,10.29862487753388,10.138542599184246,10.252886772155762,494200,0.0,0.0
2019-10-21 00:00:00-04:00,10.252884974983774,10.306246209735269,10.20714760460523,10.237639427185059,376700,0.0,0.0
2019-10-22 00:00:00-04:00,10.329116705458452,10.412969050505394,10.230018082957963,10.252886772155762,872700,0.0,0.0
2019-10-23 00:00:00-04:00,10.291345845680926,10.329803936174297,10.22212142949827,10.237504959106445,495100,0.12,0.0
2019-10-24 00:00:00-04:00,10.345186289133048,10.345186289133048,10.191354667275801,10.275961875915527,575700,0.0,0.0
2019-10-25 00:00:00-04:00,10.222119877737248,10.2836525197749,10.168278999336039,10.245194435119629,652600,0.0,0.0
2019-10-28 00:00:00-04:00,10.283653009117243,10.337493890080442,10.129821396703113,10.137513160705566,688600,0.0,0.0
2019-10-29 00:00:00-04:00,10.075980159252358,10.214428238763299,10.045213837858043,10.091362953186035,682500,0.0,0.0
2019-10-30 00:00:00-04:00,10.106746027601966,10.183661460876465,10.052904417430193,10.183661460876465,868700,0.0,0.0
2019-10-31 00:00:00-04:00,10.152895186846385,10.183661507000918,10.037521669648616,10.114437103271484,523200,0.0,0.0
2019-11-01 00:00:00-04:00,10.175970172341287,10.36056883457342,10.145203850890425,10.329802513122559,797700,0.0,0.0
2019-11-04 00:00:00-05:00,10.42210305958842,10.499018508128138,10.352878642433721,10.468252182006836,810300,0.0,0.0
2019-11-05 00:00:00-05:00,10.522093954530758,10.529784986026637,10.237505250424858,10.314420700073242,738400,0.0,0.0
2019-11-06 00:00:00-05:00,10.3221110157112,10.360569101898822,10.12982131830008,10.22212028503418,651400,0.0,0.0
2019-11-07 00:00:00-05:00,10.252885985062097,10.299035832391944,9.975989101663833,10.029829978942871,1080100,0.0,0.0
2019-11-08 00:00:00-05:00,9.875999719767908,10.068289431652714,9.83754163068554,10.006756782531738,885800,0.0,0.0
2019-11-11 00:00:00-05:00,9.94522194172242,10.006754577283077,9.875997543334961,9.875997543334961,727100,0.0,0.0
2019-11-12 00:00:00-05:00,9.89138091011784,9.952913549253338,9.80677371468826,9.883689880371094,759600,0.0,0.0
2019-11-13 00:00:00-05:00,9.868306975296727,9.914456824318172,9.752933453033558,9.822157859802246,918400,0.0,0.0
2019-11-14 00:00:00-05:00,9.829848772290966,9.860615093427754,9.683708930272958,9.722167015075684,1240900,0.0,0.0
2019-11-15 00:00:00-05:00,9.768317166912594,9.88369143356761,9.68370995818721,9.837541580200195,925300,0.0,0.0
2019-11-18 00:00:00-05:00,9.829849105826433,9.891381750187868,9.71447558103049,9.783699989318848,1234400,0.0,0.0
2019-11-19 00:00:00-05:00,9.714475735278944,9.829849261906812,9.560644121932787,9.576026916503906,1300100,0.0,0.0
2019-11-20 00:00:00-05:00,9.583793539499544,9.599326044824883,9.482829662554066,9.576026916503906,1760200,0.12,0.0
2019-11-21 00:00:00-05:00,9.614859471609076,9.762421607971191,9.529428839048478,9.762421607971191,1004500,0.0,0.0
2019-11-22 00:00:00-05:00,9.785719862058864,9.863383858657722,9.692521881074912,9.801252365112305,683600,0.0,0.0
2019-11-25 00:00:00-05:00,9.762420481024897,9.909983341018721,9.762420481024897,9.871150970458984,904600,0.0,0.0
2019-11-26 00:00:00-05:00,9.855617041016787,9.933281776738665,9.746887299805133,9.770186424255371,1346100,0.0,0.0
2019-11-27 00:00:00-05:00,9.777953045960722,9.81678541382166,9.591558569027187,9.770186424255371,1243700,0.0,0.0
2019-11-29 00:00:00-05:00,9.746888160705566,9.847852029795385,9.692522544632048,9.746888160705566,386200,0.0,0.0
2019-12-02 00:00:00-05:00,9.76242334668904,9.824554861556372,9.684759323437916,9.715825080871582,988000,0.0,0.0
2019-12-03 00:00:00-05:00,9.676991186472039,9.715823562361432,9.568260682114927,9.622626304626465,1672300,0.0,0.0
2019-12-04 00:00:00-05:00,9.66145716271404,9.700289535479886,9.591559780534604,9.66922378540039,1219700,0.0,0.0
2019-12-05 00:00:00-05:00,9.661456870049095,9.723589108991883,9.583792867535909,9.630391120910645,1199200,0.0,0.0
2019-12-06 00:00:00-05:00,9.645924847715479,9.762421227638267,9.630391602037284,9.700289726257324,1224300,0.0,0.0
2019-12-09 00:00:00-05:00,9.708056538778274,10.049779803050258,9.692523292796581,10.026480674743652,1303600,0.0,0.0
2019-12-10 00:00:00-05:00,10.057545979003276,10.546832095689822,10.057545979003276,10.531299591064453,2366000,0.0,0.0
2019-12-11 00:00:00-05:00,10.593429649631892,10.647794519423048,10.461400045282684,10.632261276245117,1570400,0.0,0.0
2019-12-12 00:00:00-05:00,10.671096251753747,10.96622127827669,10.445869355284394,10.562366485595703,1969800,0.0,0.0
2019-12-13 00:00:00-05:00,10.577897254811212,10.694394365991467,10.391502765721835,10.453634262084961,1131500,0.0,0.0
2019-12-16 00:00:00-05:00,10.59342970997966,10.911853790283203,10.57789646671324,10.911853790283203,1473400,0.0,0.0
2019-12-17 00:00:00-05:00,10.981754377012589,11.307945152415554,10.981754377012589,11.160382270812988,2162100,0.0,0.0
2019-12-18 00:00:00-05:00,11.105559019791754,11.277859111906714,11.027240252900869,11.199541091918945,1776900,0.12,0.0
2019-12-19 00:00:00-05:00,11.285691826018375,11.37184262423123,11.129055029590223,11.246532440185547,1429600,0.0,0.0
2019-12-20 00:00:00-05:00,11.262196253146424,11.387505687617088,11.058568048680025,11.07423210144043,2168100,0.0,0.0
2019-12-23 00:00:00-05:00,10.94892248240194,11.23086947134484,10.941091202522669,11.15255069732666,1917700,0.0,0.0
2019-12-24 00:00:00-05:00,11.230868230393074,11.277858892089215,11.14471743911165,11.262195587158203,796000,0.0,0.0
2019-12-26 00:00:00-05:00,11.31701878866301,11.46582430023176,11.270028124833082,11.387505531311035,1192200,0.0,0.0
2019-12-27 00:00:00-05:00,11.387504029811087,11.387504029811087,11.050734413521132,11.082061767578125,2388800,0.0,0.0
2019-12-30 00:00:00-05:00,11.042904514029248,11.168213945903673,10.768789571626591,10.839276313781738,1922300,0.0,0.0
2019-12-31 00:00:00-05:00,10.815780314402758,10.964585068842549,10.768788906898934,10.909762382507324,1586300,0.0,0.0
2020-01-02 00:00:00-05:00,10.988080425727643,11.223035970009054,10.988080425727643,11.207372665405273,933900,0.0,0.0
2020-01-03 00:00:00-05:00,11.309185873644353,11.387504636410304,11.11338971363255,11.340513229370117,1107800,0.0,0.0
2020-01-06 00:00:00-05:00,11.41100031676187,11.622460534579279,11.39533701186971,11.54414176940918,1555700,0.0,0.0
2020-01-07 00:00:00-05:00,11.551972629031752,11.630291386294871,11.46582259356474,11.606795310974121,707700,0.0,0.0
2020-01-08 00:00:00-05:00,11.64595654598561,11.700779236666786,11.379673625128804,11.473655700683594,756600,0.0,0.0
2020-01-09 00:00:00-05:00,11.504982261102707,11.504982261102707,11.348345479377267,11.457991600036621,597600,0.0,0.0
2020-01-10 00:00:00-05:00,11.473655628000229,11.473655628000229,11.324850862706914,11.403169631958008,1112200,0.0,0.0
2020-01-13 00:00:00-05:00,11.434497062713122,11.551974470430823,11.387505651484156,11.473655700683594,765300,0.0,0.0
2020-01-14 00:00:00-05:00,11.536311130698778,11.653789292580123,11.481488436629396,11.598966598510742,731100,0.0,0.0
2020-01-15 00:00:00-05:00,11.662132496292342,11.701611014182781,11.575277949722667,11.630548477172852,653300,0.12,0.0
2020-01-16 00:00:00-05:00,11.654236491512469,11.725299028522398,11.58317395450254,11.630548477172852,526400,0.0,0.0
2020-01-17 00:00:00-05:00,11.646340617837238,11.654236622705996,11.52790355682373,11.52790355682373,570600,0.0,0.0
2020-01-21 00:00:00-05:00,11.480527090706198,11.52000635795366,11.21206897702873,11.219964981079102,1122500,0.0,0.0
2020-01-22 00:00:00-05:00,11.219963845870291,11.243651102620392,11.006776276106438,11.01467227935791,789300,0.0,0.0
2020-01-23 00:00:00-05:00,10.927818502604662,11.038359536108011,10.833068722599943,11.01467227935791,601500,0.0,0.0
2020-01-24 00:00:00-05:00,10.998883223512612,11.038361741649425,10.714633073698984,10.777799606323242,1177800,0.0,0.0
2020-01-27 00:00:00-05:00,10.580404164722829,10.667258713157016,10.461967102500092,10.596196174621582,1183100,0.0,0.0
2020-01-28 00:00:00-05:00,10.67515365336694,10.698840912848027,10.509341330990537,10.572507858276367,1240700,0.0,0.0
2020-01-29 00:00:00-05:00,10.643570072226074,10.722528611066336,10.493549752034898,10.540925025939941,709500,0.0,0.0
2020-01-30 00:00:00-05:00,10.422487662002538,10.485654194565837,10.351425124617709,10.469862937927246,794500,0.0,0.0
2020-01-31 00:00:00-05:00,10.3672171806121,10.485654241446698,10.248779366773034,10.351425170898438,1367000,0.0,0.0
2020-02-03 00:00:00-05:00,10.34352973100431,10.40669626270168,10.248779180453802,10.264571189880371,616300,0.0,0.0
2020-02-04 00:00:00-05:00,10.398801445902597,10.611988326483655,10.398801445902597,10.493551254272461,987300,0.0,0.0
2020-02-05 00:00:00-05:00,10.635674605211769,10.722528393772402,10.572508076621412,10.580403327941895,608600,0.0,0.0
2020-02-06 00:00:00-05:00,10.611986717680669,10.611986717680669,10.430383134087778,10.477758407592773,678100,0.0,0.0
2020-02-07 00:00:00-05:00,10.41459200666716,10.430384016840156,10.304050947474153,10.375113487243652,629400,0.0,0.0
2020-02-10 00:00:00-05:00,10.319841818711652,10.343529833085285,10.209300763652546,10.28825855255127,745200,0.0,0.0
2020-02-11 00:00:00-05:00,10.375113185468932,10.383008437321294,10.296154642909555,10.351425170898438,623600,0.0,0.0
2020-02-12 00:00:00-05:00,10.477757651615754,10.564611434936523,10.414590373831846,10.564611434936523,585300,0.0,0.0
2020-02-13 00:00:00-05:00,10.572509804416283,10.627780337714235,10.493551254272461,10.493551254272461,534800,0.0,0.0
2020-02-14 00:00:00-05:00,10.564612402789678,10.580403658929056,10.501445872223282,10.52513313293457,410800,0.0,0.0
2020-02-18 00:00:00-05:00,10.540925025939941,10.580403542355638,10.485653747549986,10.540925025939941,809700,0.0,0.0
2020-02-19 00:00:00-05:00,10.636533876271322,10.636533876271322,10.501087320555929,10.509054183959961,705800,0.12,0.0
2020-02-20 00:00:00-05:00,10.524988165837245,10.692304434568483,10.509052921275089,10.58076000213623,675200,0.0,0.0
2020-02-21 00:00:00-05:00,10.540924104857357,10.548891728237699,10.357673326115814,10.429380416870117,764000,0.0,0.0
2020-02-24 00:00:00-05:00,10.206292467443447,10.222226954660732,9.975236704034813,10.054910659790039,1115900,0.0,0.0
2020-02-25 00:00:00-05:00,10.110681212248878,10.134584079770654,9.537026068743707,9.584830284118652,1225400,0.0,0.0
2020-02-26 00:00:00-05:00,9.560928513463416,9.744179278584319,9.369710125554386,9.401579856872559,1191100,0.0,0.0
2020-02-27 00:00:00-05:00,9.162557634915007,9.186459746426365,8.604836887365327,8.891664505004883,2271400,0.0,0.0
2020-02-28 00:00:00-05:00,8.54109603522219,8.891663066742687,8.246300841485013,8.851825714111328,2588100,0.0,0.0
2020-03-02 00:00:00-05:00,9.202394945019558,9.457352826009068,8.915566569071938,9.298004150390625,1399300,0.0,0.0
2020-03-03 00:00:00-05:00,9.393612245831225,9.560928525419438,8.899631029864674,9.074914932250977,1778100,0.0,0.0
2020-03-04 00:00:00-05:00,9.274099804198139,9.29003428800299,8.939467286119623,9.043044090270996,1153600,0.0,0.0
2020-03-05 00:00:00-05:00,8.9235336017298,9.003208314178696,8.692477847429242,8.81995677947998,1277900,0.0,0.0
2020-03-06 00:00:00-05:00,8.501258176099006,8.50922579811744,8.071016464948926,8.158658027648926,2186000,0.0,0.0
2020-03-09 00:00:00-04:00,6.7324873732112405,6.7324873732112405,5.6250132002983975,5.632980823516846,3624900,0.0,0.0
2020-03-10 00:00:00-04:00,6.103060112496315,6.36598562315121,4.923878746591618,5.975581169128418,4224300,0.0,0.0
2020-03-11 00:00:00-04:00,5.784362264636319,5.856068974254732,5.186804198285485,5.401925086975098,3983300,0.0,0.0
2020-03-12 00:00:00-04:00,4.756562919669587,4.756562919669587,3.7925027440564203,4.007623672485352,4888700,0.0,0.0
2020-03-13 00:00:00-04:00,4.45379947666826,4.605180895687302,3.983720353394242,4.461766719818115,3425800,0.0,0.0
2020-03-16 00:00:00-04:00,3.7446967830510403,4.103231823928581,3.553478398516745,3.585348129272461,2859000,0.0,0.0
2020-03-17 00:00:00-04:00,3.6729904275491894,3.6889252944400175,2.852343832878564,2.947953224182129,4593200,0.0,0.0
2020-03-18 00:00:00-04:00,2.6515114197287772,2.6597459193172597,0.8234507441520691,1.6469014883041382,6998500,0.12,0.0
2020-03-19 00:00:00-04:00,1.6880736790029827,2.783263102893224,1.6880736790029827,2.6021039485931396,4565700,0.0,0.0
2020-03-20 00:00:00-04:00,2.7914974998833997,3.5243685886311074,2.692683330059411,2.873842477798462,5797400,0.0,0.0
2020-03-23 00:00:00-04:00,2.684449012603776,2.684449012603776,2.2644892043730787,2.3633031845092773,3179300,0.0,0.0
2020-03-24 00:00:00-04:00,2.602103967736014,2.882077101172591,2.5691657788088387,2.659745454788208,2294700,0.0,0.0
2020-03-25 00:00:00-04:00,2.6597455875089273,3.2608645714552753,2.560931408448439,2.980891227722168,2674800,0.0,0.0
2020-03-26 00:00:00-04:00,2.9067808282702394,3.417320343428905,2.9067808282702394,3.1702849864959717,2664800,0.0,0.0
2020-03-27 00:00:00-04:00,2.9644219535050302,3.1620500968270933,2.8409044866324367,2.873842477798462,1918500,0.0,0.0
2020-03-30 00:00:00-04:00,2.717387187459474,2.766794180827152,2.4703520242951473,2.667980194091797,1693500,0.0,0.0
2020-03-31 00:00:00-04:00,2.816201073719038,3.0632362108481295,2.6844489089647596,2.9891257286071777,2272000,0.0,0.0
2020-04-01 00:00:00-04:00,2.692683765277882,2.882077441420138,2.6515112696656407,2.8162014484405518,2408200,0.0,0.0
2020-04-02 00:00:00-04:00,2.989125767136522,3.400851066434053,2.85737360068398,3.1044087409973145,2535300,0.0,0.0
2020-04-03 00:00:00-04:00,3.318506054884351,3.3514440471160505,2.865608072720725,3.022063732147217,1610400,0.0,0.0
2020-04-06 00:00:00-04:00,3.0138294909340266,3.194988659973049,2.9644223020499756,3.096174478530884,1593000,0.0,0.0
2020-04-07 00:00:00-04:00,3.236160745666194,3.483195873629633,3.1702845675702753,3.2114572525024414,1842500,0.0,0.0
2020-04-08 00:00:00-04:00,3.3102715866593093,3.5326032457389696,3.277333592177276,3.4667272567749023,2721100,0.0,0.0
2020-04-09 00:00:00-04:00,3.5490718337826417,4.010204096015811,3.483195852413878,3.6643548011779785,2851500,0.0,0.0
2020-04-13 00:00:00-04:00,3.8702176967260473,3.8949213877085205,3.6067137537228526,3.680824041366577,1408100,0.0,0.0
2020-04-14 00:00:00-04:00,3.7631690774755997,3.977266011894348,3.6808237100473455,3.829045057296753,1516100,0.0,0.0
2020-04-15 00:00:00-04:00,3.598478807070162,3.7055274727413487,3.5408375199024613,3.6314167976379395,1139400,0.0,0.0
2020-04-16 00:00:00-04:00,3.590244452522069,3.6643547338748355,3.4337888033189623,3.499664783477783,1152200,0.0,0.0
2020-04-17 00:00:00-04:00,3.540837611183375,3.771403551101685,3.540837611183375,3.7714035511016846,1657800,0.0,0.0
2020-04-20 00:00:00-04:00,3.5655410841933057,3.870217716145433,3.3843821224696176,3.6067137718200684,1565500,0.0,0.0
2020-04-21 00:00:00-04:00,3.466727185306462,3.7714038243101333,3.4584924905297827,3.7467005252838135,2111500,0.0,0.0
2020-04-22 00:00:00-04:00,3.9327668092048067,3.9327668092048067,3.729785090924856,3.848191261291504,1659200,0.12,0.0
2020-04-23 00:00:00-04:00,3.966596622319712,4.279526319209126,3.966596622319712,4.059629917144775,1890100,0.0,0.0
2020-04-24 00:00:00-04:00,4.203409098108343,4.321815283561817,4.0765459617180255,4.211866855621338,1806100,0.0,0.0
2020-04-27 00:00:00-04:00,4.220324096160713,4.228781853445876,4.0934609631877885,4.186493873596191,1096100,0.0,0.0
2020-04-28 00:00:00-04:00,4.32181440258915,4.364101971669863,4.16112067219126,4.203408241271973,1898500,0.0,0.0
2020-04-29 00:00:00-04:00,4.313357483321969,4.753150787439345,4.287985017610468,4.7024054527282715,1518000,0.0,0.0
2020-04-30 00:00:00-04:00,4.93921661979386,4.989961946304179,4.465593169076203,4.474050521850586,2126200,0.0,0.0
2020-05-01 00:00:00-04:00,4.406390682273591,4.474051126768777,4.152663612128585,4.254154682159424,1298900,0.0,0.0
2020-05-04 00:00:00-04:00,4.152662653162787,4.507880308020893,4.110375086762707,4.440219879150391,981600,0.0,0.0
2020-05-05 00:00:00-04:00,4.736234969333462,4.753150078380481,4.533253660769233,4.592456340789795,1014200,0.0,0.0
2020-05-06 00:00:00-04:00,4.5924565560568364,4.736235191339992,4.3894752379780515,4.4571356773376465,519400,0.0,0.0
2020-05-07 00:00:00-04:00,4.516338763421307,4.5924565560568364,4.448678324061712,4.4571356773376465,571800,0.0,0.0
2020-05-08 00:00:00-04:00,4.550168508679844,4.626286293378987,4.482508076374833,4.609371185302734,790300,0.0,0.0
2020-05-11 00:00:00-04:00,4.600914312620801,4.651659642140498,4.4402205674977475,4.4571356773376465,784800,0.0,0.0
2020-05-12 00:00:00-04:00,4.5247959661473685,4.736235033755077,4.47405063831608,4.499423503875732,1046700,0.0,0.0
2020-05-13 00:00:00-04:00,4.4825089259678546,4.499424037250115,4.1188334284671475,4.186493873596191,1181700,0.0,0.0
2020-05-14 00:00:00-04:00,4.135748179521742,4.406390339752787,3.975054434692811,4.364102363586426,935100,0.0,0.0
2020-05-15 00:00:00-04:00,4.3302715019986895,4.558625652209496,4.296441287396197,4.533253192901611,611300,0.0,0.0
2020-05-18 00:00:00-04:00,4.736234984731196,4.863098504640284,4.693947413620175,4.837725639343262,944300,0.0,0.0
2020-05-19 00:00:00-04:00,4.8461833000183105,4.930758843861351,4.76160775617527,4.8461833000183105,1110400,0.0,0.0
2020-05-20 00:00:00-04:00,4.981504651255531,5.159113512122479,4.939217076894094,4.998419761657715,1046100,0.0,0.0
2020-05-21 00:00:00-04:00,5.082996005686413,5.133741339775454,4.880014266042183,4.92230224609375,763800,0.0,0.0
2020-05-22 00:00:00-04:00,4.9223016095704075,4.930758962514226,4.753150114525891,4.871556282043457,736100,0.0,0.0
2020-05-26 00:00:00-04:00,5.1083672508900175,5.277518324116322,4.998418851648935,5.18448543548584,1077200,0.0,0.0
2020-05-27 00:00:00-04:00,5.311349422067423,5.370552101403138,5.0322495210881675,5.243688583374023,1091600,0.0,0.0
2020-05-28 00:00:00-04:00,5.209858577149668,5.260603905763565,5.09145281038391,5.108367919921875,849500,0.0,0.0
2020-05-29 00:00:00-04:00,4.9561322421440135,5.108368237448405,4.829268711079663,4.964589595794678,1084400,0.0,0.0
2020-06-01 00:00:00-04:00,4.913844214371225,5.1083681858273815,4.905386860806023,5.0914530754089355,881100,0.0,0.0
2020-06-02 00:00:00-04:00,5.08299587600597,5.159113673553535,5.057623007964745,5.14219856262207,534900,0.0,0.0
2020-06-03 00:00:00-04:00,5.201400955063649,5.269061389716835,5.099910303083871,5.1252827644348145,3330400,0.0,0.0
2020-06-04 00:00:00-04:00,5.125282629619973,5.370551900430237,5.074537304964883,5.3198065757751465,1026400,0.0,0.0
2020-06-05 00:00:00-04:00,5.615821635855891,5.886463793028811,5.581991416620279,5.691939830780029,1846800,0.0,0.0
2020-06-08 00:00:00-04:00,5.962582004426558,6.0725300156020525,5.827260723822216,6.030242443084717,1280400,0.0,0.0
2020-06-09 00:00:00-04:00,5.6665666961516425,5.784972861152642,5.4128400639095124,5.556618690490723,1466800,0.0,0.0
2020-06-10 00:00:00-04:00,5.404382493736301,5.472042931327989,4.913843917908546,5.387467384338379,2504900,0.0,0.0
2020-06-11 00:00:00-04:00,4.871555392357235,5.074536665394816,4.693946576805381,4.710861682891846,1748500,0.0,0.0
2020-06-12 00:00:00-04:00,4.939216599889658,5.015334387704393,4.744692647406661,4.8461833000183105,689800,0.0,0.0
2020-06-15 00:00:00-04:00,4.643202424033568,5.3620956838170475,4.490966417820166,5.218317031860352,1759800,0.0,0.0
2020-06-16 00:00:00-04:00,5.531245630148684,5.56507584658541,5.2436883871485165,5.3198065757751465,1425600,0.0,0.0
2020-06-17 00:00:00-04:00,5.276486205766552,5.345799585622216,5.094538377075269,5.1032023429870605,841100,0.15,0.0
2020-06-18 00:00:00-04:00,4.964575278099327,5.129194751707404,4.955910899579809,5.068545341491699,518100,0.0,0.0
2020-06-19 00:00:00-04:00,5.172515590397086,5.189843934917298,4.964575456154537,4.973239421844482,713400,0.0,0.0
2020-06-22 00:00:00-04:00,4.981904232935271,5.094538688659668,4.817284739139698,5.094538688659668,724000,0.0,0.0
2020-06-23 00:00:00-04:00,5.111866826296334,5.181180207565652,4.981904029846191,4.981904029846191,808200,0.0,0.0
2020-06-24 00:00:00-04:00,4.947247317655762,4.947247317655762,4.600679999678865,4.730642795562744,1536100,0.0,0.0
2020-06-25 00:00:00-04:00,4.669993903273254,4.8952628297675895,4.60934489470969,4.817285060882568,972200,0.0,0.0
2020-06-26 00:00:00-04:00,4.7046501342998495,4.756635170723344,4.505373954772949,4.505373954772949,699000,0.0,0.0
2020-06-29 00:00:00-04:00,4.462053463625408,4.6180085786967275,4.392740079149267,4.470717430114746,835600,0.0,0.0
2020-06-30 00:00:00-04:00,4.470717467050134,4.574687957763672,4.418732428263547,4.574687957763672,774100,0.0,0.0
2020-07-01 00:00:00-04:00,4.574687666217673,4.704650048331423,4.479381561279297,4.479381561279297,631100,0.0,0.0
2020-07-02 00:00:00-04:00,4.52270213429624,4.59201592679125,4.462053133931058,4.496709823608398,849800,0.0,0.0
2020-07-06 00:00:00-04:00,4.557359275760973,4.626672655703442,4.280105342850765,4.332090377807617,1001100,0.0,0.0
2020-07-07 00:00:00-04:00,4.219455240027599,4.453388065715322,4.20212689787074,4.32342529296875,843500,0.0,0.0
2020-07-08 00:00:00-04:00,4.323425916582093,4.436060363418262,4.297433606167793,4.349418640136719,780400,0.0,0.0
2020-07-09 00:00:00-04:00,4.332090245402247,4.332090245402247,4.1501424220441265,4.158806800842285,1270700,0.0,0.0
2020-07-10 00:00:00-04:00,4.11548565425095,4.236784063118006,4.106821275618861,4.219455718994141,650600,0.0,0.0
2020-07-13 00:00:00-04:00,4.2367841620822855,4.2367841620822855,4.0808290613246445,4.0981574058532715,785200,0.0,0.0
2020-07-14 00:00:00-04:00,4.063500780344715,4.193463572912052,4.037508056575117,4.141478538513184,872100,0.0,0.0
2020-07-15 00:00:00-04:00,4.236784334754183,4.488045547229685,4.193463678237226,4.418732166290283,1449700,0.0,0.0
2020-07-16 00:00:00-04:00,4.340755008353886,4.436060704726186,4.236784519276281,4.2801055908203125,1420100,0.0,0.0
2020-07-17 00:00:00-04:00,4.288769557244905,4.375411700332969,4.254112865265822,4.2801055908203125,1111700,0.0,0.0
2020-07-20 00:00:00-04:00,4.236784519276281,4.332090628788937,4.236784519276281,4.2801055908203125,368700,0.0,0.0
2020-07-21 00:00:00-04:00,4.3407550407921605,4.479381809744444,4.3320906611624626,4.470717430114746,974400,0.0,0.0
2020-07-22 00:00:00-04:00,4.427396149220086,4.427396149220086,4.314761708704318,4.401403427124023,593700,0.0,0.0
2020-07-23 00:00:00-04:00,4.340754923850092,4.4014039270626215,4.271441128100937,4.297433853149414,723500,0.0,0.0
2020-07-24 00:00:00-04:00,4.314762706171999,4.323426673446716,4.228120967722842,4.236784934997559,526600,0.0,0.0
2020-07-27 00:00:00-04:00,4.210792085462753,4.2714410881074265,4.150142669677734,4.150142669677734,639800,0.0,0.0
2020-07-28 00:00:00-04:00,4.106821289520954,4.167470700729944,4.106821289520954,4.115485668182373,357400,0.0,0.0
2020-07-29 00:00:00-04:00,4.124149795960255,4.280104884115786,4.124149795960255,4.271440505981445,634600,0.0,0.0
2020-07-30 00:00:00-04:00,4.184799110956119,4.1934634897542775,4.08949300987798,4.158806800842285,567700,0.0,0.0
2020-07-31 00:00:00-04:00,4.1154857503818985,4.176135162802253,4.0288440277387645,4.0981574058532715,573700,0.0,0.0
2020-08-03 00:00:00-04:00,4.072164665421984,4.167470766500123,4.04617235530815,4.158806800842285,862600,0.0,0.0
2020-08-04 00:00:00-04:00,4.124149791500762,4.245448193268346,4.124149791500762,4.228119850158691,472200,0.0,0.0
2020-08-05 00:00:00-04:00,4.332090997210551,4.401404387063456,4.288769921982288,4.358083724975586,824400,0.0,0.0
2020-08-06 00:00:00-04:00,4.3754116752571415,4.392740021147373,4.271441186775399,4.38407564163208,544700,0.0,0.0
2020-08-07 00:00:00-04:00,4.323426060928436,4.444724890712728,4.288769370458734,4.418732166290283,598700,0.0,0.0
2020-08-10 00:00:00-04:00,4.4100678594300655,4.574687333009414,4.392739515534361,4.548694610595703,437100,0.0,0.0
2020-08-11 00:00:00-04:00,4.618008171120516,4.6699932048895265,4.436060346358817,4.453388690948486,685300,0.0,0.0
2020-08-12 00:00:00-04:00,4.514038150106585,4.574687563365678,4.479381460570054,4.557359218597412,560500,0.0,0.0
2020-08-13 00:00:00-04:00,4.522701984337312,4.592015774534089,4.418731918752618,4.427396297454834,528200,0.0,0.0
2020-08-14 00:00:00-04:00,4.366747110698648,4.5486949414061195,4.366747110698648,4.522702217102051,830300,0.0,0.0
2020-08-17 00:00:00-04:00,4.522702217603768,4.592016011375529,4.444724870963585,4.479381561279297,370600,0.0,0.0
2020-08-18 00:00:00-04:00,4.514038102642094,4.548694791814214,4.38407531167648,4.410068035125732,446400,0.0,0.0
2020-08-19 00:00:00-04:00,4.384075475820582,4.488045547229685,4.384075475820582,4.418732166290283,351900,0.0,0.0
2020-08-20 00:00:00-04:00,4.358083001367552,4.418732000848601,4.306097554469048,4.410068035125732,814700,0.0,0.0
2020-08-21 00:00:00-04:00,4.35808333170887,4.366747298088463,4.288769534970341,4.340754985809326,605500,0.0,0.0
2020-08-24 00:00:00-04:00,4.349418722793234,4.375411446841826,4.306097653759025,4.332090377807617,516100,0.0,0.0
2020-08-25 00:00:00-04:00,4.34941931427857,4.366747661620701,4.193464188199399,4.25411319732666,754600,0.0,0.0
2020-08-26 00:00:00-04:00,4.2194558175536585,4.254112506610912,4.089493027018797,4.0981574058532715,673300,0.0,0.0
2020-08-27 00:00:00-04:00,4.080829429922485,4.193463886102341,4.0635010838286885,4.176135540008545,1208000,0.0,0.0
2020-08-28 00:00:00-04:00,4.19346441225643,4.280106153596354,4.176136063988445,4.262777805328369,704400,0.0,0.0
2020-08-31 00:00:00-04:00,4.245448924383731,4.271441236954246,4.158807193914749,4.176135540008545,680800,0.0,0.0
2020-09-01 00:00:00-04:00,4.158807070141366,4.176135415719441,4.046172617313708,4.089493274688721,1714600,0.0,0.0
2020-09-02 00:00:00-04:00,4.072165096320121,4.124150548329296,4.02018005745131,4.054836750030518,865100,0.0,0.0
2020-09-03 00:00:00-04:00,3.994187500276316,4.0894931924694315,3.976859155046628,4.063500881195068,1602900,0.0,0.0
2020-09-04 00:00:00-04:00,4.063500798646501,4.158806902043845,3.950866350371488,4.08082914352417,1222600,0.0,0.0
2020-09-08 00:00:00-04:00,3.9768587054390823,4.0894927301279385,3.9335376406923968,3.9508659839630127,1369100,0.0,0.0
2020-09-09 00:00:00-04:00,3.9855233817763476,4.037508420865648,3.95953106880188,3.95953106880188,1023000,0.0,0.0
2020-09-10 00:00:00-04:00,3.9508664927390136,3.976859217562317,3.820903694903186,3.8382320404052734,1060200,0.0,0.0
2020-09-11 00:00:00-04:00,3.846897058930119,3.890217723313362,3.786247633025081,3.8122403621673584,1107400,0.0,0.0
2020-09-14 00:00:00-04:00,3.8555604478244603,3.924874244086277,3.820903756263728,3.8815531730651855,1112900,0.0,0.0
2020-09-15 00:00:00-04:00,3.881553426817444,3.933538467557007,3.80357565913791,3.829568386077881,1210800,0.0,0.0
2020-09-16 00:00:00-04:00,3.855560826230979,3.9681952914281173,3.829568511579573,3.907546281814575,1881600,0.0,0.0
2020-09-17 00:00:00-04:00,3.872888481576063,3.898881204722621,3.7949111384170275,3.846896171569824,875300,0.0,0.0
2020-09-18 00:00:00-04:00,3.82956791862677,3.8468962634247963,3.7515901604654873,3.8209035396575928,1271300,0.0,0.0
2020-09-21 00:00:00-04:00,3.7581193877348045,3.7581193877348045,3.6953344238510812,3.7312114238739014,1240500,0.15,0.0
2020-09-22 00:00:00-04:00,3.7312109531689344,3.8388423673469014,3.6773954599237118,3.695333957672119,760300,0.0,0.0
2020-09-23 00:00:00-04:00,3.704303895104028,3.7401808951985522,3.489041680693094,3.5069801807403564,1544400,0.0,0.0
2020-09-24 00:00:00-04:00,3.4800720150393176,3.5697645045635213,3.3545023158616694,3.515949010848999,2187200,0.0,0.0
2020-09-25 00:00:00-04:00,3.5069798770001923,3.560795372481009,3.453164167675606,3.5338876247406006,1506400,0.0,0.0
2020-09-28 00:00:00-04:00,3.560795551304142,3.668426761514784,3.5249185525151887,3.63254976272583,853300,0.0,0.0
2020-09-29 00:00:00-04:00,3.5966729193692695,3.6684269200480695,3.5697649552709296,3.6235804557800293,1025500,0.0,0.0
2020-09-30 00:00:00-04:00,3.686365127362487,3.7132726616356364,3.5428569235617955,3.5787339210510254,1186800,0.0,0.0
2020-10-01 00:00:00-04:00,3.560795372481009,3.5787338709746144,3.4980106277533896,3.5338876247406006,1356300,0.0,0.0
2020-10-02 00:00:00-04:00,3.3903795247957476,3.587703227996826,3.3903795247957476,3.587703227996826,1424800,0.0,0.0
2020-10-05 00:00:00-04:00,3.731211860709391,3.9554433509479385,3.686365819274257,3.946474313735962,3106100,0.0,0.0
2020-10-06 00:00:00-04:00,4.027196379954564,4.14379682916567,3.9016268957128073,3.9823503494262695,4997700,0.0,0.0
2020-10-07 00:00:00-04:00,3.9913203551710956,4.045136289193459,3.8836893425016235,3.946474313735962,2201100,0.0,0.0
2020-10-08 00:00:00-04:00,3.991319434202274,4.1707048416137695,3.9823503990598392,4.1707048416137695,2334700,0.0,0.0
2020-10-09 00:00:00-04:00,4.197612374728601,4.251427868645791,4.081012351751785,4.1707048416137695,1803500,0.0,0.0
2020-10-12 00:00:00-04:00,4.161735302169088,4.161735302169088,4.018227321031798,4.125858306884766,1750300,0.0,0.0
2020-10-13 00:00:00-04:00,4.072043512116857,4.1168899777550205,3.973381544325453,4.045135974884033,1439000,0.0,0.0
2020-10-14 00:00:00-04:00,4.018227207320553,4.161735184396731,4.018227207320553,4.107919692993164,1401700,0.0,0.0
2020-10-15 00:00:00-04:00,4.054104201589597,4.116889155404179,4.00028871018603,4.107919692993164,1174400,0.0,0.0
2020-10-16 00:00:00-04:00,4.089981761794642,4.134828224680164,4.045135726596688,4.081012725830078,2050000,0.0,0.0
2020-10-19 00:00:00-04:00,4.081012171052963,4.152766159765431,4.027196251831103,4.036165714263916,1154600,0.0,0.0
2020-10-20 00:00:00-04:00,4.063073778980962,4.143796804526927,4.027196356009119,4.125858306884766,1619600,0.0,0.0
2020-10-21 00:00:00-04:00,4.098950658269657,4.152766149673224,4.081012161135135,4.107919692993164,921200,0.0,0.0
2020-10-22 00:00:00-04:00,4.116889322579756,4.332151296935221,4.098950824716801,4.314212799072266,1250200,0.0,0.0
2020-10-23 00:00:00-04:00,4.3769979638317595,4.394936462548793,4.224520510893197,4.305243968963623,903600,0.0,0.0
2020-10-26 00:00:00-04:00,4.251427868645791,4.251427868645791,4.0899813868942205,4.1707048416137695,1342900,0.0,0.0
2020-10-27 00:00:00-04:00,4.125859121840398,4.233490128953059,4.107920620654955,4.1796746253967285,1258300,0.0,0.0
2020-10-28 00:00:00-04:00,4.063074382574554,4.0989513831886155,4.009258453965877,4.072043418884277,1153300,0.0,0.0
2020-10-29 00:00:00-04:00,4.009257858366958,4.143796804526927,3.9733808630826353,4.125858306884766,1508300,0.0,0.0
2020-10-30 00:00:00-04:00,4.107920304406011,4.152766767760908,4.000289305579341,4.054104804992676,1182800,0.0,0.0
2020-11-02 00:00:00-05:00,4.036165714263916,4.09895066823108,4.018227217085799,4.036165714263916,688600,0.0,0.0
2020-11-03 00:00:00-05:00,4.107919575723993,4.161735065591284,4.072042582479132,4.0899810791015625,543000,0.0,0.0
2020-11-04 00:00:00-05:00,4.107920375936293,4.170705340188896,4.036166375469077,4.09895133972168,801700,0.0,0.0
2020-11-05 00:00:00-05:00,4.161735378783807,4.197612374728601,4.134827845668976,4.1707048416137695,827600,0.0,0.0
2020-11-06 00:00:00-05:00,4.134828478472767,4.188643980626008,4.027197046478693,4.045135974884033,490800,0.0,0.0
2020-11-09 00:00:00-05:00,4.385966505360286,4.466689954338925,4.296274021877074,4.376997470855713,2132100,0.0,0.0
2020-11-10 00:00:00-05:00,4.412874553290467,4.610198020935059,4.350089599741617,4.610198020935059,1399600,0.0,0.0
2020-11-11 00:00:00-05:00,4.681952591104832,4.771645515233564,4.646075592528362,4.699891090393066,997500,0.0,0.0
2020-11-12 00:00:00-05:00,4.637106575187421,4.717830036149601,4.601229576468133,4.628137111663818,666400,0.0,0.0
2020-11-13 00:00:00-05:00,4.619167307555804,4.8344292640686035,4.619167307555804,4.8344292640686035,743000,0.0,0.0
2020-11-16 00:00:00-05:00,4.968969054923197,5.166292976668378,4.93309205600363,5.031754016876221,1254600,0.0,0.0
2020-11-17 00:00:00-05:00,4.995876870083719,5.193200358300759,4.968968907846711,5.157323360443115,1105000,0.0,0.0
2020-11-18 00:00:00-05:00,5.211138623277308,5.309800576800209,5.112476669754407,5.121446132659912,1268100,0.0,0.0
2020-11-19 00:00:00-05:00,5.076599608541281,5.300831046059006,5.067630573438086,5.2918620109558105,921900,0.0,0.0
2020-11-20 00:00:00-05:00,5.282892927649535,5.318769926014511,5.202169895172119,5.202169895172119,830600,0.0,0.0
2020-11-23 00:00:00-05:00,5.229077251654445,5.5430011904787815,5.229077251654445,5.47124719619751,1617800,0.0,0.0
2020-11-24 00:00:00-05:00,5.578878287710514,5.78517123881406,5.534032254323903,5.560939788818359,1622300,0.0,0.0
2020-11-25 00:00:00-05:00,5.551970130841513,5.596816159200894,5.40846215579149,5.498154640197754,1154200,0.0,0.0
2020-11-27 00:00:00-05:00,5.4712466487867975,5.4891851455623275,5.300830715575508,5.3546462059021,425200,0.0,0.0
2020-11-30 00:00:00-05:00,5.336708199279314,5.4084626206592565,5.148353751992981,5.28289270401001,1680000,0.0,0.0
2020-12-01 00:00:00-05:00,5.354647096621955,5.453309059143066,5.318770097102927,5.453309059143066,881600,0.0,0.0
2020-12-02 00:00:00-05:00,5.40846283314102,5.659601820930911,5.354646908069917,5.605786323547363,1129100,0.0,0.0
2020-12-03 00:00:00-05:00,5.641663600846814,5.865895064879479,5.5430016369199215,5.758264064788818,1948900,0.0,0.0
2020-12-04 00:00:00-05:00,5.794140815535387,6.161880263867529,5.78517135206994,6.126003265380859,2761800,0.0,0.0
2020-12-07 00:00:00-05:00,6.06321885168327,6.090126387236191,5.767232966788175,5.812079429626465,1316500,0.0,0.0
2020-12-08 00:00:00-05:00,5.7851712618082,5.955587215804786,5.767232762844746,5.821048259735107,902300,0.0,0.0
2020-12-09 00:00:00-05:00,5.883833255444544,5.991464249874538,5.65063276751289,5.677540302276611,1033100,0.0,0.0
2020-12-10 00:00:00-05:00,5.686509113722982,5.847955586858846,5.6596011543565865,5.83001708984375,974600,0.0,0.0
2020-12-11 00:00:00-05:00,5.785170633462258,5.883832580889038,5.7313551424169695,5.83001708984375,1020000,0.0,0.0
2020-12-14 00:00:00-05:00,5.982494955343243,5.991463990647244,5.704448017918655,5.713417053222656,1221500,0.0,0.0
2020-12-15 00:00:00-05:00,5.7313558545372505,5.856925776932475,5.7134173552932985,5.794140815734863,921000,0.0,0.0
2020-12-16 00:00:00-05:00,5.830017698506975,5.838987161794701,5.72238670517955,5.776202201843262,862600,0.0,0.0
2020-12-17 00:00:00-05:00,5.81207919961907,5.830017698506975,5.704448206291645,5.776202201843262,893200,0.0,0.0
2020-12-18 00:00:00-05:00,5.812934462277748,5.831300746602213,5.656820826576413,5.675187110900879,776600,0.15,0.0
2020-12-21 00:00:00-05:00,5.482341127847063,5.5374404209313175,5.372143417452105,5.418059349060059,1552100,0.0,0.0
2020-12-22 00:00:00-05:00,5.170114349470959,5.390509773148669,5.170114349470959,5.2803120613098145,2021800,0.0,0.0
2020-12-23 00:00:00-05:00,5.307862281799316,5.427242930248714,5.2986789192103005,5.307862281799316,772500,0.0,0.0
2020-12-24 00:00:00-05:00,5.317044677391559,5.326228039066719,5.252762459325791,5.289495468139648,628600,0.0,0.0
2020-12-28 00:00:00-05:00,5.344594173808945,5.3629604587545385,5.188480532828015,5.243579387664795,1230000,0.0,0.0
2020-12-29 00:00:00-05:00,5.2343960262486116,5.261945672610388,5.115015393045641,5.243579387664795,1746400,0.0,0.0
2020-12-30 00:00:00-05:00,5.216029689517276,5.307861551220292,5.216029689517276,5.225213050842285,1421100,0.0,0.0
2020-12-31 00:00:00-05:00,5.216029843793757,5.29867834661629,5.1609309878743295,5.2803120613098145,2370100,0.0,0.0
2021-01-04 00:00:00-05:00,5.307861906621159,5.436425908572222,5.216030038769317,5.344594478607178,2280300,0.0,0.0
2021-01-05 00:00:00-05:00,5.381326561709434,5.8037515390588945,5.381326561709434,5.675187110900879,1977600,0.0,0.0
2021-01-06 00:00:00-05:00,5.757835381045731,5.978231222088892,5.647637679467522,5.748652458190918,1683000,0.0,0.0
2021-01-07 00:00:00-05:00,5.849666796385486,6.171076978120132,5.849666796385486,6.070062637329102,1395000,0.0,0.0
2021-01-08 00:00:00-05:00,6.152711402099492,6.171077687799705,5.941498897603652,5.978231906890869,930900,0.0,0.0
2021-01-11 00:00:00-05:00,5.88640009657411,6.097612603081861,5.822118314954443,6.005781173706055,765700,0.0,0.0
2021-01-12 00:00:00-05:00,6.088429421942988,6.4741218469184565,6.079246060449869,6.409839630126953,1473700,0.0,0.0
2021-01-13 00:00:00-05:00,6.4557552406078855,6.483304447942957,6.3363741744578945,6.464938163757324,700500,0.0,0.0
2021-01-14 00:00:00-05:00,6.510854399549989,6.657784679949238,6.464938467981836,6.565953254699707,1061200,0.0,0.0
2021-01-15 00:00:00-05:00,6.538403562947029,6.575136132792716,6.354740713718597,6.556769847869873,1240000,0.0,0.0
2021-01-19 00:00:00-05:00,6.584319610494407,6.602685895741648,6.428205966949463,6.428205966949463,752700,0.0,0.0
2021-01-20 00:00:00-05:00,6.5016708501855485,6.547586780426747,6.336374289513408,6.34555721282959,583500,0.0,0.0
2021-01-21 00:00:00-05:00,6.391473327899864,6.474121829569351,6.0792460441589355,6.0792460441589355,1084100,0.0,0.0
2021-01-22 00:00:00-05:00,5.987414307318327,6.079245727790574,5.87721660275163,5.969048023223877,1552900,0.0,0.0
2021-01-25 00:00:00-05:00,5.969048231571838,6.042513370513916,5.822117953687681,6.042513370513916,656100,0.0,0.0
2021-01-26 00:00:00-05:00,6.079245727790574,6.216993077442322,5.969048023223877,5.969048023223877,581200,0.0,0.0
2021-01-27 00:00:00-05:00,5.858850756746355,5.959865107875688,5.748653043939743,5.7945685386657715,979400,0.0,0.0
2021-01-28 00:00:00-05:00,5.831301038629333,5.95068211166025,5.776202182896628,5.932315826416016,573300,0.0,0.0
2021-01-29 00:00:00-05:00,5.849667440578851,6.005781087212823,5.794568583746883,5.8037519454956055,511100,0.0,0.0
2021-02-01 00:00:00-05:00,5.858850380851134,5.895582949429963,5.748652675114646,5.831300735473633,673700,0.0,0.0
2021-02-02 00:00:00-05:00,5.978231554714978,6.079245901172026,5.849667124500392,5.868033409118652,820800,0.0,0.0
2021-02-03 00:00:00-05:00,5.904766236963283,6.051696958231181,5.904766236963283,5.959865093231201,662200,0.0,0.0
2021-02-04 00:00:00-05:00,6.024147131089868,6.14352820171207,5.996597922722757,6.05169677734375,1170900,0.0,0.0
2021-02-05 00:00:00-05:00,6.152711109548949,6.235359610213511,6.060879685414308,6.207810401916504,516300,0.0,0.0
2021-02-08 00:00:00-05:00,6.23535949345523,6.529220483070249,6.23535949345523,6.501670837402344,893100,0.0,0.0
2021-02-09 00:00:00-05:00,6.464938173952005,6.464938173952005,6.299641616020651,6.30882453918457,566900,0.0,0.0
2021-02-10 00:00:00-05:00,6.327190928310463,6.3914731430707885,6.244542866917774,6.34555721282959,514300,0.0,0.0
2021-02-11 00:00:00-05:00,6.345557483587897,6.391473415788281,6.244543133365905,6.272092342376709,469500,0.0,0.0
2021-02-12 00:00:00-05:00,6.244543064231799,6.419022553733295,6.244543064231799,6.409839630126953,575500,0.0,0.0
2021-02-16 00:00:00-05:00,6.529220377350417,6.575135868871121,6.4465718795716915,6.464938163757324,536300,0.0,0.0
2021-02-17 00:00:00-05:00,6.50167073212859,6.50167073212859,6.354740458643527,6.464938163757324,492800,0.0,0.0
2021-02-18 00:00:00-05:00,6.474121535002681,6.51085410343187,6.299641616020651,6.30882453918457,442300,0.0,0.0
2021-02-19 00:00:00-05:00,6.318008050357431,6.409839473612412,6.308824689088549,6.354740619659424,463200,0.0,0.0
2021-02-22 00:00:00-05:00,6.53840355648147,6.575136126290833,6.419022485657654,6.547586917877197,878700,0.0,0.0
2021-02-23 00:00:00-05:00,6.547586820113914,6.547586820113914,6.29964175865944,6.5200371742248535,955900,0.0,0.0
2021-02-24 00:00:00-05:00,6.538403767670371,6.786348840835526,6.492488272868994,6.630235195159912,1001300,0.0,0.0
2021-02-25 00:00:00-05:00,6.703700404602283,6.722066689085299,6.437389060655169,6.501670837402344,656000,0.0,0.0
2021-02-26 00:00:00-05:00,6.464938173952005,6.51085410343187,6.272091970755381,6.30882453918457,800400,0.0,0.0
2021-03-01 00:00:00-05:00,6.492487808979151,6.5659529457216825,6.419022234349865,6.464938163757324,1189600,0.0,0.0
2021-03-02 00:00:00-05:00,6.492487914104217,6.52003712188536,6.419022338285391,6.501670837402344,464600,0.0,0.0
2021-03-03 00:00:00-05:00,6.547586969649801,6.63023503343099,6.529220684599895,6.565953254699707,514900,0.0,0.0
2021-03-04 00:00:00-05:00,6.584319435330608,6.749615998158368,6.5292205810546875,6.5292205810546875,939100,0.0,0.0
2021-03-05 00:00:00-05:00,6.6853342736056955,6.6853342736056955,6.400656200752972,6.547586917877197,821600,0.0,0.0
2021-03-08 00:00:00-05:00,6.584319336519298,6.630234828783456,6.474121629621201,6.501670837402344,636800,0.0,0.0
2021-03-09 00:00:00-05:00,6.529221164473544,6.639418882872106,6.474122305274262,6.575136661529541,911800,0.0,0.0
2021-03-10 00:00:00-05:00,6.593502342883402,6.878179974899944,6.593502342883402,6.859813690185547,694700,0.0,0.0
2021-03-11 00:00:00-05:00,6.887363530697262,6.933279462723289,6.82308131343818,6.914913177490234,749500,0.0,0.0
2021-03-12 00:00:00-05:00,6.9240955706258855,7.006744066785336,6.878179642118025,6.896546363830566,759600,0.0,0.0
2021-03-15 00:00:00-04:00,6.942462621343939,6.997561478907765,6.841447830200195,6.841447830200195,586200,0.0,0.0
2021-03-16 00:00:00-04:00,6.8414472483029565,6.86899689368504,6.777165472222691,6.804714679718018,513400,0.0,0.0
2021-03-17 00:00:00-04:00,6.767982680829527,6.859814110021806,6.694517537475703,6.8322649002075195,474800,0.0,0.0
2021-03-18 00:00:00-04:00,6.795532536213474,6.80471546046995,6.565953737273064,6.575136661529541,384100,0.0,0.0
2021-03-19 00:00:00-04:00,6.5292206173301,6.722066827310631,6.51085433246942,6.703700542449951,572100,0.0,0.0
2021-03-22 00:00:00-04:00,6.666197005900437,6.788082122453026,6.656820986972367,6.7787065505981445,581600,0.15,0.0
2021-03-23 00:00:00-04:00,6.647445952092266,6.741203913580707,6.525560378620679,6.53493595123291,574500,0.0,0.0
2021-03-24 00:00:00-04:00,6.628694389074543,6.684949166216094,6.534935980098731,6.553687572479248,589800,0.0,0.0
2021-03-25 00:00:00-04:00,6.497432411637543,6.609942406349694,6.366171272725435,6.600566387176514,833300,0.0,0.0
2021-03-26 00:00:00-04:00,6.703700034722151,6.750578787074799,6.628693673299369,6.684948444366455,412400,0.0,0.0
2021-03-29 00:00:00-04:00,6.69432452287904,6.750579298205544,6.591190991650388,6.713076114654541,637200,0.0,0.0
2021-03-30 00:00:00-04:00,6.647445618934045,6.694324373792172,6.59119084486037,6.609942436218262,667000,0.0,0.0
2021-03-31 00:00:00-04:00,6.609942143690964,6.731827258586553,6.600566124890359,6.722451686859131,1287300,0.0,0.0
2021-04-01 00:00:00-04:00,6.825585991171646,6.984974294896377,6.806834399729136,6.928719520568848,1430400,0.0,0.0
2021-04-05 00:00:00-04:00,6.938095201468043,6.947470773195465,6.600566124890359,6.722451686859131,1177300,0.0,0.0
2021-04-06 00:00:00-04:00,6.722452221879135,6.844337793548418,6.703700629858724,6.769330978393555,636400,0.0,0.0
2021-04-07 00:00:00-04:00,6.759955347223875,6.806834550404465,6.703700571651097,6.731827735900879,612600,0.0,0.0
2021-04-08 00:00:00-04:00,6.703700629858724,6.778706997940369,6.64744585379749,6.769330978393555,499000,0.0,0.0
2021-04-09 00:00:00-04:00,6.7787065505981445,6.825585751092118,6.72245177824929,6.7787065505981445,398300,0.0,0.0
2021-04-12 00:00:00-04:00,6.778706997940369,6.844337793548418,6.750579386373143,6.769330978393555,703600,0.0,0.0
2021-04-13 00:00:00-04:00,6.7412033693795355,6.825585751443759,6.722451778595619,6.788082122802734,522000,0.0,0.0
2021-04-14 00:00:00-04:00,6.834961862190334,6.881841066382835,6.788082657997832,6.8162102699279785,465000,0.0,0.0
2021-04-15 00:00:00-04:00,6.90059232711792,6.956847101202321,6.806834370310584,6.90059232711792,661400,0.0,0.0
2021-04-16 00:00:00-04:00,6.938095843567397,6.938095843567397,6.806834697723389,6.806834697723389,451300,0.0,0.0
2021-04-19 00:00:00-04:00,6.8255857203329695,6.891216064240945,6.750578910465989,6.759954929351807,541100,0.0,0.0
2021-04-20 00:00:00-04:00,6.750579298353124,6.7787069095535974,6.6568213394735665,6.703700542449951,442900,0.0,0.0
2021-04-21 00:00:00-04:00,6.71307626032423,6.806834668309452,6.694324668141831,6.797458648681641,280200,0.0,0.0
2021-04-22 00:00:00-04:00,6.844337793548418,6.86308938556883,6.750579386373143,6.769330978393555,312600,0.0,0.0
2021-04-23 00:00:00-04:00,6.750579119838122,6.881840705871582,6.750579119838122,6.881840705871582,340400,0.0,0.0
2021-04-26 00:00:00-04:00,6.881840765499176,6.947471112011357,6.881840765499176,6.928719520568848,284500,0.0,0.0
2021-04-27 00:00:00-04:00,6.956847131269215,6.966222703453867,6.881840765499176,6.928719520568848,310900,0.0,0.0
2021-04-28 00:00:00-04:00,6.928719667775277,7.041229665893909,6.909968075934374,7.013102054595947,409300,0.0,0.0
2021-04-29 00:00:00-04:00,7.097484588623047,7.106860161201347,7.003726180400707,7.097484588623047,417700,0.0,0.0
2021-04-30 00:00:00-04:00,7.031853527205072,7.125611484819832,6.938095569590313,6.9474711418151855,420800,0.0,0.0
2021-05-03 00:00:00-04:00,6.9568468662336995,7.059980838775004,6.9568468662336995,7.041229248046875,367100,0.0,0.0
2021-05-04 00:00:00-04:00,7.031853290072345,7.116235672616635,7.003725680199851,7.088108062744141,457700,0.0,0.0
2021-05-05 00:00:00-04:00,7.106859862793735,7.313127815734097,7.088108271351267,7.209993839263916,823000,0.0,0.0
2021-05-06 00:00:00-04:00,7.2381212663285055,7.378758430802231,7.153739325302847,7.369382858276367,635700,0.0,0.0
2021-05-07 00:00:00-04:00,7.369382471922894,7.472515999666536,7.294376107355447,7.4350128173828125,656100,0.0,0.0
2021-05-10 00:00:00-04:00,7.481892440154693,7.528771197112964,7.38813447916493,7.397510051727295,681600,0.0,0.0
2021-05-11 00:00:00-04:00,7.247497140883561,7.331879527293697,7.144363162723751,7.275624752044678,751300,0.0,0.0
2021-05-12 00:00:00-04:00,7.294376224291628,7.472516119458478,7.200617820006079,7.209993839263916,450200,0.0,0.0
2021-05-13 00:00:00-04:00,7.200617966921169,7.341255129145725,7.16311478327105,7.3037519454956055,444700,0.0,0.0
2021-05-14 00:00:00-04:00,7.406885743446098,7.491267681064526,7.37875813285782,7.481892108917236,312400,0.0,0.0
2021-05-17 00:00:00-04:00,7.510019954484266,7.678783835001524,7.463140751061413,7.641280651092529,431800,0.0,0.0
2021-05-18 00:00:00-04:00,7.641280621929391,7.6694086803636115,7.5662742543976655,7.613153457641602,392600,0.0,0.0
2021-05-19 00:00:00-04:00,7.491267740580979,7.5662741066480255,7.425637393808917,7.528770923614502,370400,0.0,0.0
2021-05-20 00:00:00-04:00,7.528770658566751,7.6319050788879395,7.519395533748229,7.6319050788879395,172200,0.0,0.0
2021-05-21 00:00:00-04:00,7.688159404384604,7.7162865671329355,7.6319050788879395,7.6319050788879395,173500,0.0,0.0
2021-05-24 00:00:00-04:00,7.660032302341406,7.706911503391061,7.6225291203309595,7.669408321380615,287600,0.0,0.0
2021-05-25 00:00:00-04:00,7.688159312292949,7.688159312292949,7.5662737496483246,7.585025787353516,273400,0.0,0.0
2021-05-26 00:00:00-04:00,7.585025218043277,8.128821752628793,7.575649199894418,8.063191413879395,1138500,0.0,0.0
2021-05-27 00:00:00-04:00,7.997561187875899,8.006937207205198,7.819421291351318,7.819421291351318,627800,0.0,0.0
2021-05-28 00:00:00-04:00,7.8663002820307355,7.885051426037991,7.678783477079818,7.716286659240723,394900,0.0,0.0
2021-06-01 00:00:00-04:00,7.800668745636715,7.913178287835741,7.753790440330223,7.791293621063232,659300,0.0,0.0
2021-06-02 00:00:00-04:00,7.875675230769279,7.922554430958242,7.763165686803588,7.866300106048584,636000,0.0,0.0
2021-06-03 00:00:00-04:00,7.856923996440905,7.875675139812108,7.800668778034573,7.83817195892334,495200,0.0,0.0
2021-06-04 00:00:00-04:00,7.931930989292348,7.9788101926696635,7.847548602042466,7.922554969787598,510300,0.0,0.0
2021-06-07 00:00:00-04:00,7.9694340219104465,8.11944675455357,7.9694340219104465,8.100695610046387,538200,0.0,0.0
2021-06-08 00:00:00-04:00,8.128823064834851,8.288211822509766,8.072567841006931,8.288211822509766,727200,0.0,0.0
2021-06-09 00:00:00-04:00,8.278835356400792,8.325714558038298,8.166325808958621,8.297587394714355,503500,0.0,0.0
2021-06-10 00:00:00-04:00,8.400721663400978,8.475728034973145,8.31633927184567,8.475728034973145,517800,0.0,0.0
2021-06-11 00:00:00-04:00,8.503854692639369,8.531982750908035,8.42884832554911,8.466351509094238,429200,0.0,0.0
2021-06-14 00:00:00-04:00,8.466351242259249,8.578860789348662,8.466351242259249,8.569485664367676,889800,0.0,0.0
2021-06-15 00:00:00-04:00,8.61636436220515,8.653867546267932,8.50385481001681,8.54135799407959,565300,0.0,0.0
2021-06-16 00:00:00-04:00,8.560110763382239,8.71012351242981,8.531983596472449,8.68199634552002,502300,0.0,0.0
2021-06-17 00:00:00-04:00,8.719498421159098,8.719498421159098,8.26008421223363,8.297587394714355,873700,0.0,0.0
2021-06-18 00:00:00-04:00,8.18507688886728,8.250708128303097,7.969433814832666,7.997560977935791,643500,0.0,0.0
2021-06-21 00:00:00-04:00,8.025688548399714,8.297586826295408,8.025688548399714,8.269458770751953,304900,0.0,0.0
2021-06-22 00:00:00-04:00,8.344465914113844,8.344465914113844,8.100695668871774,8.156949996948242,399100,0.0,0.0
2021-06-23 00:00:00-04:00,8.166325629986698,8.26945915601183,8.156949611035401,8.203828811645508,235300,0.0,0.0
2021-06-24 00:00:00-04:00,8.22258066408587,8.231955788679329,8.063191922094383,8.09131908416748,603800,0.0,0.0
2021-06-25 00:00:00-04:00,8.203829651329194,8.231956816915595,8.072568055015196,8.128823280334473,416400,0.0,0.0
2021-06-28 00:00:00-04:00,8.175701855668313,8.194452999898667,7.856924356434649,8.044440269470215,600000,0.0,0.0
2021-06-29 00:00:00-04:00,8.13819891132663,8.250708462441956,8.072567669232864,8.175702095031738,516800,0.0,0.0
2021-06-30 00:00:00-04:00,8.185077948567889,8.419473091115375,8.166326802120274,8.335091590881348,414900,0.0,0.0
2021-07-01 00:00:00-04:00,8.475727528808266,8.494479567654688,8.325714794622595,8.447600364685059,690000,0.0,0.0
2021-07-02 00:00:00-04:00,8.509749412536621,8.519311147986054,8.356765292774828,8.509749412536621,407000,0.175,0.0
2021-07-06 00:00:00-04:00,8.528873019332488,8.528873019332488,8.26115080548353,8.328081130981445,567000,0.0,0.0
2021-07-07 00:00:00-04:00,8.289835593042428,8.347204186347597,8.031674187597112,8.04123592376709,721600,0.0,0.0
2021-07-08 00:00:00-04:00,7.90737525377688,7.9838673193152125,7.658775584848627,7.888251781463623,927900,0.0,0.0
2021-07-09 00:00:00-04:00,7.993427763106715,8.079481560705293,7.926497436911069,8.060359001159668,556300,0.0,0.0
2021-07-12 00:00:00-04:00,8.050797537245902,8.060359273270164,7.974305472766487,8.002989768981934,408900,0.0,0.0
2021-07-13 00:00:00-04:00,8.06035873916642,8.069919562699816,7.8978128849541065,7.916935443878174,403300,0.0,0.0
2021-07-14 00:00:00-04:00,7.936059378064616,8.012551441941989,7.72570574647318,7.763951778411865,816200,0.0,0.0
2021-07-15 00:00:00-04:00,7.716143722532183,7.744828929308568,7.639651661509748,7.668336868286133,715300,0.0,0.0
2021-07-16 00:00:00-04:00,7.7065828250472785,7.716143648690617,7.563159528109767,7.582282543182373,553800,0.0,0.0
2021-07-19 00:00:00-04:00,7.457983554513522,7.467544834574388,7.152014841778502,7.2571916580200195,1158900,0.0,0.0
2021-07-20 00:00:00-04:00,7.228507024591249,7.5249140062004205,7.199822728009312,7.515352725982666,558400,0.0,0.0
2021-07-21 00:00:00-04:00,7.63009030882821,7.716143648690617,7.582282543182373,7.582282543182373,499100,0.0,0.0
2021-07-22 00:00:00-04:00,7.649213743134389,7.649213743134389,7.515352630289565,7.563159942626953,398900,0.0,0.0
2021-07-23 00:00:00-04:00,7.6109675245015795,7.6109675245015795,7.477106414934993,7.505790710449219,322800,0.0,0.0
2021-07-26 00:00:00-04:00,7.486667771658314,7.725705697731332,7.486667771658314,7.677897930145264,530300,0.0,0.0
2021-07-27 00:00:00-04:00,7.58228263684584,7.668336889628557,7.524913590919345,7.534475326538086,241500,0.0,0.0
2021-07-28 00:00:00-04:00,7.553598555093077,7.69702140192262,7.4962295075469925,7.677897930145264,322300,0.0,0.0
2021-07-29 00:00:00-04:00,7.763951778411865,7.773513514360869,7.6205289306774615,7.763951778411865,250400,0.0,0.0
2021-07-30 00:00:00-04:00,7.802197572092953,7.802197572092953,7.582282667196772,7.620528697967529,311500,0.0,0.0
2021-08-02 00:00:00-04:00,7.601406071657153,7.706583345553169,7.505790989836238,7.515352725982666,317100,0.0,0.0
2021-08-03 00:00:00-04:00,7.486667817338253,7.544036865234375,7.3719297215460085,7.544036865234375,726100,0.0,0.0
2021-08-04 00:00:00-04:00,7.496229401330717,7.524913696732992,7.41017560326658,7.419737339019775,501200,0.0,0.0
2021-08-05 00:00:00-04:00,7.448421757893233,7.601405885051107,7.429298741998498,7.457983493804932,431500,0.0,0.0
2021-08-06 00:00:00-04:00,7.486667694796849,7.553598477544472,7.457983399282623,7.505790710449219,268800,0.0,0.0
2021-08-09 00:00:00-04:00,7.410175875507104,7.457983644172167,7.33368381038594,7.362368106842041,684800,0.0,0.0
2021-08-10 00:00:00-04:00,7.419737644161752,7.515352725982666,7.400614171868895,7.515352725982666,387400,0.0,0.0
2021-08-11 00:00:00-04:00,7.534475511381886,7.620528854418457,7.486667743972611,7.59184455871582,391200,0.0,0.0
2021-08-12 00:00:00-04:00,7.563159868312096,7.630090652041187,7.505790820513731,7.610967636108398,294600,0.0,0.0
2021-08-13 00:00:00-04:00,7.697021089546654,7.697021089546654,7.572721263610392,7.582282543182373,207100,0.0,0.0
2021-08-16 00:00:00-04:00,7.563159695035313,7.563159695035313,7.477106353273633,7.486667633056641,469700,0.0,0.0
2021-08-17 00:00:00-04:00,7.457983432148995,7.544036774999556,7.391052649106419,7.4388604164123535,345700,0.0,0.0
2021-08-18 00:00:00-04:00,7.48666768944233,7.48666768944233,7.2858757972717285,7.2858757972717285,510200,0.0,0.0
2021-08-19 00:00:00-04:00,7.218945714735914,7.247630011200087,7.027715095950513,7.142453193664551,833500,0.0,0.0
2021-08-20 00:00:00-04:00,7.085084070710418,7.238068655324532,7.075522790631911,7.190260887145996,453100,0.0,0.0
2021-08-23 00:00:00-04:00,7.324121693038712,7.391052474500115,7.314560413360596,7.314560413360596,480800,0.0,0.0
2021-08-24 00:00:00-04:00,7.4388604164123535,7.467544712052987,7.3336836018964915,7.4388604164123535,497700,0.0,0.0
2021-08-25 00:00:00-04:00,7.4675448013728785,7.610967649077517,7.391052737511382,7.544036865234375,530400,0.0,0.0
2021-08-26 00:00:00-04:00,7.534475495095564,7.563159790736198,7.419737400675711,7.4388604164123535,441900,0.0,0.0
2021-08-27 00:00:00-04:00,7.496229315259882,7.697021204484961,7.486667579616474,7.687459468841553,522000,0.0,0.0
2021-08-30 00:00:00-04:00,7.716143870526807,7.744829077853369,7.572721481323242,7.572721481323242,317200,0.0,0.0
2021-08-31 00:00:00-04:00,7.591844278682998,7.639651588400192,7.553598248537785,7.582282543182373,332300,0.0,0.0
2021-09-01 00:00:00-04:00,7.5918446813273315,7.6492137295877995,7.5535986491536855,7.630090713500977,246500,0.0,0.0
2021-09-02 00:00:00-04:00,7.668337032559563,7.773513390754207,7.668337032559563,7.725705623626709,222800,0.0,0.0
2021-09-03 00:00:00-04:00,7.706583023071289,7.7735133495808935,7.6874595515786535,7.706583023071289,218400,0.0,0.0
2021-09-07 00:00:00-04:00,7.697021361084311,7.744829128416724,7.601405826419485,7.658775329589844,402800,0.0,0.0
2021-09-08 00:00:00-04:00,7.668337215183747,7.706583247425125,7.563159942626953,7.563159942626953,314000,0.0,0.0
2021-09-09 00:00:00-04:00,7.591844278682998,7.658775059401441,7.524913497964555,7.582282543182373,248600,0.0,0.0
2021-09-10 00:00:00-04:00,7.601405913130497,7.639651945061245,7.524913849269001,7.544036865234375,263700,0.0,0.0
2021-09-13 00:00:00-04:00,7.5535986491536855,7.7161440579273455,7.524913897059117,7.630090713500977,494200,0.0,0.0
2021-09-14 00:00:00-04:00,7.716143870526807,7.716143870526807,7.553598465700856,7.572721481323242,329500,0.0,0.0
2021-09-15 00:00:00-04:00,7.649213866448885,7.706583371664486,7.582283080983133,7.601406097412109,869600,0.0,0.0
2021-09-16 00:00:00-04:00,7.601405776792492,7.610967512568013,7.524913714302949,7.572721481323242,525900,0.0,0.0
2021-09-17 00:00:00-04:00,7.591844791439398,7.610967807803581,7.467544957107872,7.515352725982666,286900,0.0,0.0
2021-09-20 00:00:00-04:00,7.371929719924134,7.400614015901553,7.190260840328717,7.324121952056885,594600,0.0,0.0
2021-09-21 00:00:00-04:00,7.371929633369776,7.477106447885638,7.31456058615985,7.4388604164123535,506300,0.0,0.0
2021-09-22 00:00:00-04:00,7.496229418833699,7.6396518080372635,7.477106403211313,7.572721481323242,579700,0.0,0.0
2021-09-23 00:00:00-04:00,7.610967844261522,7.783075448292268,7.60140610806929,7.754390239715576,569500,0.0,0.0
2021-09-24 00:00:00-04:00,7.7448290447263375,7.754389868603651,7.630090495554139,7.639651775360107,421800,0.0,0.0
2021-09-27 00:00:00-04:00,7.706582806562416,7.907374692307489,7.706582806562416,7.8691277503967285,953500,0.0,0.0
2021-09-28 00:00:00-04:00,7.926497474092738,7.936059209839056,7.6778978158323365,7.706583023071289,840300,0.0,0.0
2021-09-29 00:00:00-04:00,7.744828970844703,7.763951530274221,7.6683369094120355,7.687459468841553,871400,0.0,0.0
2021-09-30 00:00:00-04:00,7.716144119769524,7.744829328022661,7.639652054809176,7.649213790893555,692000,0.0,0.0
2021-10-01 00:00:00-04:00,7.663877146043158,7.800731961901024,7.654101568990726,7.7714056968688965,542000,0.175,0.0
2021-10-04 00:00:00-04:00,7.859383931516126,8.006013856541482,7.810506979090897,7.918036460876465,669400,0.0,0.0
2021-10-05 00:00:00-04:00,7.957137584686279,8.05489055419453,7.888709480555176,7.957137584686279,771900,0.0,0.0
2021-10-06 00:00:00-04:00,7.9375867499891015,7.966912548793463,7.761630558787433,7.849608421325684,718200,0.0,0.0
2021-10-07 00:00:00-04:00,7.849608328543941,8.03534056069367,7.849608328543941,7.996239185333252,437700,0.0,0.0
2021-10-08 00:00:00-04:00,8.084217174283504,8.133093192248714,8.04511486831088,8.103767395019531,599900,0.0,0.0
2021-10-11 00:00:00-04:00,8.191745860469213,8.318825560324678,8.1526444860714,8.211296081542969,510700,0.0,0.0
2021-10-12 00:00:00-04:00,8.260173070005212,8.318825597992664,8.201521474268068,8.299274444580078,469800,0.0,0.0
2021-10-13 00:00:00-04:00,8.328601126055283,8.46545547014285,8.269948598410394,8.455679893493652,526600,0.0,0.0
2021-10-14 00:00:00-04:00,8.50455710607933,8.6023110110775,8.485006884429893,8.582759857177734,392200,0.0,0.0
2021-10-15 00:00:00-04:00,8.631636619567871,8.709839368943886,8.621861042833292,8.631636619567871,318500,0.0,0.0
2021-10-18 00:00:00-04:00,8.690289374193503,8.768492125607478,8.641412421497186,8.670738220214844,463900,0.0,0.0
2021-10-19 00:00:00-04:00,8.690289598628585,8.73916562033684,8.592535690711362,8.709839820861816,639800,0.0,0.0
2021-10-20 00:00:00-04:00,8.729391007455384,8.797818183898926,8.670738476039231,8.797818183898926,581300,0.0,0.0
2021-10-21 00:00:00-04:00,8.788042207362944,8.788042207362944,8.406804033354629,8.563209533691406,926000,0.0,0.0
2021-10-22 00:00:00-04:00,8.582759339544609,8.641411865456195,8.445904999501359,8.57298469543457,608800,0.0,0.0
2021-10-25 00:00:00-04:00,8.592534915904919,8.680513238647162,8.54365796635364,8.57298469543457,300700,0.0,0.0
2021-10-26 00:00:00-04:00,8.60231097564578,8.63163677412431,8.436129897183564,8.494781494140625,268000,0.0,0.0
2021-10-27 00:00:00-04:00,8.416578377865372,8.524107854700944,8.33837563048511,8.348151206970215,331600,0.0,0.0
2021-10-28 00:00:00-04:00,8.357926596544656,8.455679562458762,8.338375444011676,8.397027969360352,322700,0.0,0.0
2021-10-29 00:00:00-04:00,8.44590529842355,8.465455519585829,8.221071695430348,8.299274444580078,462500,0.0,0.0
2021-11-01 00:00:00-04:00,8.328601334131088,8.455680104744303,8.328601334131088,8.406804084777832,389000,0.0,0.0
2021-11-02 00:00:00-04:00,8.445905562287555,8.494781582845375,8.289499126851396,8.42635440826416,388900,0.0,0.0
2021-11-03 00:00:00-04:00,8.416579022559244,8.455680399244466,8.29927489250358,8.377477645874023,253100,0.0,0.0
2021-11-04 00:00:00-04:00,8.416578337951913,8.465455287895361,8.221071470428404,8.260172843933105,316600,0.0,0.0
2021-11-05 00:00:00-04:00,8.260173259120045,8.318825788450331,8.240623037510167,8.250397682189941,476200,0.0,0.0
2021-11-08 00:00:00-05:00,8.348151395861235,8.348151395861235,8.279724223417798,8.299274444580078,292700,0.0,0.0
2021-11-09 00:00:00-05:00,8.318826137337643,8.338376359767448,8.2601736055475,8.309050559997559,283900,0.0,0.0
2021-11-10 00:00:00-05:00,8.309050425726335,8.367702956568676,8.172195141927775,8.201521873474121,260300,0.0,0.0
2021-11-11 00:00:00-05:00,8.201521662040085,8.299274634590125,8.18197050817988,8.250397682189941,242900,0.0,0.0
2021-11-12 00:00:00-05:00,8.250397164513236,8.250397164513236,8.181969994796683,8.240622520446777,142600,0.0,0.0
2021-11-15 00:00:00-05:00,8.221071470428404,8.289498640999062,8.201521249801193,8.260172843933105,271400,0.0,0.0
2021-11-16 00:00:00-05:00,8.299274113846604,8.299274113846604,8.211295791496596,8.240622520446777,304100,0.0,0.0
2021-11-17 00:00:00-05:00,8.191746332515297,8.289499308017653,8.035340825911245,8.04511547088623,472800,0.0,0.0
2021-11-18 00:00:00-05:00,8.035340825911245,8.113543579213271,7.986463872034888,8.04511547088623,535300,0.0,0.0
2021-11-19 00:00:00-05:00,7.966912319466973,7.996239049677503,7.800731710067022,7.810506820678711,602200,0.0,0.0
2021-11-22 00:00:00-05:00,7.820282495066592,7.947362197481462,7.751854855429702,7.908260822296143,557900,0.0,0.0
2021-11-23 00:00:00-05:00,7.966912717584204,8.04511547088623,7.927811340933191,8.04511547088623,420800,0.0,0.0
2021-11-24 00:00:00-05:00,8.064666657573136,8.13309383392334,7.9864639039585175,8.13309383392334,266300,0.0,0.0
2021-11-26 00:00:00-05:00,7.9375866824963595,7.957137836366582,7.732304228110664,7.918036460876465,517300,0.0,0.0
2021-11-29 00:00:00-05:00,8.074441773547164,8.084217350253105,7.839833526106402,7.888709545135498,579400,0.0,0.0
2021-11-30 00:00:00-05:00,7.771405638118904,7.771405638118904,7.497696008472354,7.595449447631836,1550000,0.0,0.0
2021-12-01 00:00:00-05:00,7.722529090452215,7.810506951936529,7.390166933816563,7.419493198394775,1454200,0.0,0.0
2021-12-02 00:00:00-05:00,7.458594632808561,7.663877088106057,7.292413553174859,7.595449447631836,1333900,0.0,0.0
2021-12-03 00:00:00-05:00,7.7225291158758536,7.742079803617305,7.419493222820778,7.507471084594727,881300,0.0,0.0
2021-12-06 00:00:00-05:00,7.546572270297391,7.614999908734243,7.4390437234861055,7.556347846984863,611100,0.0,0.0
2021-12-07 00:00:00-05:00,7.702978298167124,7.781181047813465,7.624775548520782,7.732304096221924,677700,0.0,0.0
2021-12-08 00:00:00-05:00,7.781181222977428,7.849608397395778,7.702978471570646,7.761630535125732,485100,0.0,0.0
2021-12-09 00:00:00-05:00,7.67365189427499,7.70297815792101,7.595449146052466,7.624775409698486,483800,0.0,0.0
2021-12-10 00:00:00-05:00,7.673652059241063,7.683427636041605,7.566123045060889,7.654101371765137,428600,0.0,0.0
2021-12-13 00:00:00-05:00,7.566123265681954,7.595449530813549,7.311964321083874,7.360841274261475,1080200,0.0,0.0
2021-12-14 00:00:00-05:00,7.2924135215079104,7.4292683357369,7.282637944571829,7.341290473937988,807100,0.0,0.0
2021-12-15 00:00:00-05:00,7.370616133939499,7.4585944602097145,7.214210634903696,7.399942398071289,1161200,0.0,0.0
2021-12-16 00:00:00-05:00,7.45859462491734,7.556348063973399,7.409717672326728,7.4292683601379395,824200,0.0,0.0
2021-12-17 00:00:00-05:00,7.419492909519777,7.448818706831038,7.2826376349834065,7.3706159591674805,572300,0.0,0.0
2021-12-20 00:00:00-05:00,7.214210761891322,7.2630872481377775,7.096906635549633,7.175109386444092,997100,0.0,0.0
2021-12-21 00:00:00-05:00,7.263087307147514,7.448819075093435,7.233761508386413,7.351065635681152,918100,0.0,0.0
2021-12-22 00:00:00-05:00,7.399942284828089,7.439043658988662,7.302188383301511,7.380391597747803,590600,0.0,0.0
2021-12-23 00:00:00-05:00,7.409717559814453,7.4585945116628976,7.380391761605514,7.409717559814453,721800,0.0,0.0
2021-12-27 00:00:00-05:00,7.409717756714982,7.536797461997734,7.370616380647238,7.527021884918213,679200,0.0,0.0
2021-12-28 00:00:00-05:00,7.556347733617853,7.6443260579845695,7.517246359704901,7.536797046661377,622100,0.0,0.0
2021-12-29 00:00:00-05:00,7.53679721071754,7.575898585481626,7.487920259199854,7.566123008728027,949600,0.0,0.0
2021-12-30 00:00:00-05:00,7.566123034061255,7.6149999857425925,7.478145173610067,7.48792028427124,1520600,0.0,0.0
2021-12-31 00:00:00-05:00,7.497695649739293,7.634550458014643,7.448818699435524,7.614999771118164,763000,0.0,0.0
2022-01-03 00:00:00-05:00,7.650000095367432,7.940000057220459,7.650000095367432,7.909999847412109,857700,0.175,0.0
2022-01-04 00:00:00-05:00,7.940000057220459,8.130000114440918,7.940000057220459,8.050000190734863,777700,0.0,0.0
2022-01-05 00:00:00-05:00,8.109999656677246,8.180000305175781,7.920000076293945,7.940000057220459,829800,0.0,0.0
2022-01-06 00:00:00-05:00,8.010000228881836,8.119999885559082,7.889999866485596,8.100000381469727,710200,0.0,0.0
2022-01-07 00:00:00-05:00,8.119999885559082,8.229999542236328,8.050000190734863,8.170000076293945,567400,0.0,0.0
2022-01-10 00:00:00-05:00,8.170000076293945,8.1899995803833,8.0,8.170000076293945,691400,0.0,0.0
2022-01-11 00:00:00-05:00,8.229999542236328,8.359999656677246,8.180000305175781,8.3100004196167,563700,0.0,0.0
2022-01-12 00:00:00-05:00,8.350000381469727,8.510000228881836,8.350000381469727,8.489999771118164,646800,0.0,0.0
2022-01-13 00:00:00-05:00,8.520000457763672,8.550000190734863,8.420000076293945,8.420000076293945,362300,0.0,0.0
2022-01-14 00:00:00-05:00,8.449999809265137,8.569999694824219,8.270000457763672,8.369999885559082,1679200,0.0,0.0
2022-01-18 00:00:00-05:00,8.350000381469727,8.449999809265137,8.109999656677246,8.119999885559082,1333200,0.0,0.0
2022-01-19 00:00:00-05:00,8.229999542236328,8.3100004196167,8.050000190734863,8.229999542236328,979500,0.0,0.0
2022-01-20 00:00:00-05:00,8.229999542236328,8.380000114440918,8.15999984741211,8.220000267028809,781700,0.0,0.0
2022-01-21 00:00:00-05:00,8.109999656677246,8.149999618530273,7.909999847412109,7.960000038146973,838300,0.0,0.0
2022-01-24 00:00:00-05:00,7.800000190734863,8.079999923706055,7.539999961853027,8.0600004196167,1650600,0.0,0.0
2022-01-25 00:00:00-05:00,7.960000038146973,8.359999656677246,7.869999885559082,8.239999771118164,1196600,0.0,0.0
2022-01-26 00:00:00-05:00,8.359999656677246,8.510000228881836,8.140000343322754,8.260000228881836,931700,0.0,0.0
2022-01-27 00:00:00-05:00,8.359999656677246,8.460000038146973,8.130000114440918,8.210000038146973,652700,0.0,0.0
2022-01-28 00:00:00-05:00,8.220000267028809,8.270000457763672,8.069999694824219,8.220000267028809,538900,0.0,0.0
2022-01-31 00:00:00-05:00,8.229999542236328,8.420000076293945,8.15999984741211,8.390000343322754,396500,0.0,0.0
2022-02-01 00:00:00-05:00,8.40999984741211,8.670000076293945,8.34000015258789,8.65999984741211,808600,0.0,0.0
2022-02-02 00:00:00-05:00,8.65999984741211,8.720000267028809,8.550000190734863,8.680000305175781,737500,0.0,0.0
2022-02-03 00:00:00-05:00,8.5600004196167,8.630000114440918,8.479999542236328,8.529999732971191,563400,0.0,0.0
2022-02-04 00:00:00-05:00,8.640000343322754,8.670000076293945,8.489999771118164,8.550000190734863,556000,0.0,0.0
2022-02-07 00:00:00-05:00,8.550000190734863,8.649999618530273,8.5,8.600000381469727,370000,0.0,0.0
2022-02-08 00:00:00-05:00,8.600000381469727,8.600000381469727,8.479999542236328,8.510000228881836,378300,0.0,0.0
2022-02-09 00:00:00-05:00,8.569999694824219,8.6899995803833,8.539999961853027,8.5600004196167,528900,0.0,0.0
2022-02-10 00:00:00-05:00,8.539999961853027,8.699999809265137,8.470000267028809,8.529999732971191,816000,0.0,0.0
2022-02-11 00:00:00-05:00,8.600000381469727,8.8100004196167,8.579999923706055,8.800000190734863,745200,0.0,0.0
2022-02-14 00:00:00-05:00,8.819999694824219,8.850000381469727,8.449999809265137,8.5,654800,0.0,0.0
2022-02-15 00:00:00-05:00,8.390000343322754,8.550000190734863,8.3100004196167,8.539999961853027,305500,0.0,0.0
2022-02-16 00:00:00-05:00,8.619999885559082,8.65999984741211,8.5,8.539999961853027,432900,0.0,0.0
2022-02-17 00:00:00-05:00,8.5600004196167,8.65999984741211,8.390000343322754,8.449999809265137,377300,0.0,0.0
2022-02-18 00:00:00-05:00,8.4399995803833,8.569999694824219,8.270000457763672,8.329999923706055,437500,0.0,0.0
2022-02-22 00:00:00-05:00,8.529999732971191,8.529999732971191,8.020000457763672,8.100000381469727,793400,0.0,0.0
2022-02-23 00:00:00-05:00,8.15999984741211,8.260000228881836,8.069999694824219,8.1899995803833,1020500,0.0,0.0
2022-02-24 00:00:00-05:00,8.260000228881836,8.279999732971191,8.029999732971191,8.239999771118164,645200,0.0,0.0
2022-02-25 00:00:00-05:00,8.270000457763672,8.460000038146973,8.270000457763672,8.420000076293945,795200,0.0,0.0
2022-02-28 00:00:00-05:00,8.430000305175781,8.670000076293945,8.399999618530273,8.670000076293945,603200,0.0,0.0
2022-03-01 00:00:00-05:00,8.739999771118164,8.770000457763672,8.550000190734863,8.680000305175781,572500,0.0,0.0
2022-03-02 00:00:00-05:00,8.770000457763672,8.899999618530273,8.720000267028809,8.859999656677246,689500,0.0,0.0
2022-03-03 00:00:00-05:00,8.859999656677246,8.890000343322754,8.739999771118164,8.8100004196167,726400,0.0,0.0
2022-03-04 00:00:00-05:00,8.699999809265137,8.869999885559082,8.640000343322754,8.84000015258789,827200,0.0,0.0
2022-03-07 00:00:00-05:00,8.899999618530273,9.029999732971191,8.65999984741211,8.6899995803833,1231700,0.0,0.0
2022-03-08 00:00:00-05:00,8.800000190734863,8.989999771118164,8.649999618530273,8.6899995803833,1646600,0.0,0.0
2022-03-09 00:00:00-05:00,8.569999694824219,8.720000267028809,8.420000076293945,8.569999694824219,2124900,0.0,0.0
2022-03-10 00:00:00-05:00,8.569999694824219,8.770000457763672,8.539999961853027,8.760000228881836,1071800,0.0,0.0
2022-03-11 00:00:00-05:00,8.8100004196167,8.8100004196167,8.510000228881836,8.529999732971191,987900,0.0,0.0
2022-03-14 00:00:00-04:00,8.369999885559082,8.489999771118164,8.109999656677246,8.270000457763672,1518100,0.0,0.0
2022-03-15 00:00:00-04:00,8.1899995803833,8.300000190734863,8.069999694824219,8.1899995803833,1183400,0.0,0.0
2022-03-16 00:00:00-04:00,8.279999732971191,8.319999694824219,8.170000076293945,8.279999732971191,578000,0.0,0.0
2022-03-17 00:00:00-04:00,8.369999885559082,8.539999961853027,8.34000015258789,8.529999732971191,714800,0.0,0.0
2022-03-18 00:00:00-04:00,8.579999923706055,8.579999923706055,8.4399995803833,8.5600004196167,610400,0.0,0.0
2022-03-21 00:00:00-04:00,8.6899995803833,8.800000190734863,8.619999885559082,8.800000190734863,707300,0.0,0.0
2022-03-22 00:00:00-04:00,8.869999885559082,8.869999885559082,8.630000114440918,8.819999694824219,754100,0.0,0.0
2022-03-23 00:00:00-04:00,8.880000114440918,8.930000305175781,8.829999923706055,8.880000114440918,426300,0.0,0.0
2022-03-24 00:00:00-04:00,8.930000305175781,9.0,8.90999984741211,8.989999771118164,544100,0.0,0.0
2022-03-25 00:00:00-04:00,9.0,9.15999984741211,8.970000267028809,9.140000343322754,767400,0.0,0.0
2022-03-28 00:00:00-04:00,9.0600004196167,9.079999923706055,8.9399995803833,9.079999923706055,632100,0.0,0.0
2022-03-29 00:00:00-04:00,9.050000190734863,9.119999885559082,8.960000038146973,9.119999885559082,759300,0.0,0.0
2022-03-30 00:00:00-04:00,9.210000038146973,9.25,9.130000114440918,9.199999809265137,728300,0.0,0.0
2022-03-31 00:00:00-04:00,9.260000228881836,9.319999694824219,9.210000038146973,9.220000267028809,841400,0.0,0.0
2022-04-01 00:00:00-04:00,9.239999771118164,9.420000076293945,9.239999771118164,9.390000343322754,948300,0.0,0.0
2022-04-04 00:00:00-04:00,9.460000038146973,9.529999732971191,9.359999656677246,9.529999732971191,757300,0.0,0.0
2022-04-05 00:00:00-04:00,9.569999694824219,9.59000015258789,9.369999885559082,9.399999618530273,491900,0.0,0.0
2022-04-06 00:00:00-04:00,9.430000305175781,9.4399995803833,9.239999771118164,9.319999694824219,517900,0.0,0.0
2022-04-07 00:00:00-04:00,9.40999984741211,9.529999732971191,9.170000076293945,9.470000267028809,817500,0.0,0.0
2022-04-08 00:00:00-04:00,9.34000015258789,9.350000381469727,9.149999618530273,9.170000076293945,1003900,0.0,0.0
2022-04-11 00:00:00-04:00,9.149999618530273,9.149999618530273,8.949999809265137,8.970000267028809,748600,0.0,0.0
2022-04-12 00:00:00-04:00,9.0600004196167,9.130000114440918,9.0600004196167,9.09000015258789,806700,0.0,0.0
2022-04-13 00:00:00-04:00,9.180000305175781,9.1899995803833,9.020000457763672,9.130000114440918,693700,0.0,0.0
2022-04-14 00:00:00-04:00,9.15999984741211,9.220000267028809,9.079999923706055,9.149999618530273,477700,0.0,0.0
2022-04-18 00:00:00-04:00,9.170000076293945,9.3100004196167,9.130000114440918,9.270000457763672,774300,0.0,0.0
2022-04-19 00:00:00-04:00,9.289999961853027,9.40999984741211,9.229999542236328,9.369999885559082,838300,0.0,0.0
2022-04-20 00:00:00-04:00,9.460000038146973,9.65999984741211,9.399999618530273,9.600000381469727,1133100,0.0,0.0
2022-04-21 00:00:00-04:00,9.6899995803833,9.75,9.380000114440918,9.40999984741211,993300,0.0,0.0
2022-04-22 00:00:00-04:00,9.420000076293945,9.420000076293945,9.0600004196167,9.170000076293945,871700,0.0,0.0
2022-04-25 00:00:00-04:00,8.9399995803833,9.0,8.489999771118164,8.890000343322754,1159400,0.0,0.0
2022-04-26 00:00:00-04:00,8.90999984741211,9.069999694824219,8.850000381469727,8.899999618530273,613300,0.0,0.0
2022-04-27 00:00:00-04:00,8.949999809265137,9.069999694824219,8.84000015258789,9.039999961853027,1134600,0.0,0.0
2022-04-28 00:00:00-04:00,9.100000381469727,9.260000228881836,8.970000267028809,9.180000305175781,531800,0.0,0.0
2022-04-29 00:00:00-04:00,9.239999771118164,9.279999732971191,8.949999809265137,9.0,522300,0.0,0.0
2022-05-02 00:00:00-04:00,8.899999618530273,9.029999732971191,8.75,8.9399995803833,604800,0.0,0.0
2022-05-03 00:00:00-04:00,8.970000267028809,9.210000038146973,8.970000267028809,9.199999809265137,790600,0.0,0.0
2022-05-04 00:00:00-04:00,9.329999923706055,9.529999732971191,9.220000267028809,9.5,593800,0.0,0.0
2022-05-05 00:00:00-04:00,9.630000114440918,9.630000114440918,9.0,9.109999656677246,1359700,0.0,0.0
2022-05-06 00:00:00-04:00,9.180000305175781,9.25,8.979999542236328,9.25,722200,0.0,0.0
2022-05-09 00:00:00-04:00,9.199999809265137,9.25,8.6899995803833,8.729999542236328,868300,0.0,0.0
2022-05-10 00:00:00-04:00,8.890000343322754,8.979999542236328,8.479999542236328,8.760000228881836,1151600,0.0,0.0
2022-05-11 00:00:00-04:00,8.90999984741211,9.119999885559082,8.770000457763672,8.789999961853027,1122500,0.0,0.0
2022-05-12 00:00:00-04:00,8.789999961853027,8.8100004196167,8.520000457763672,8.65999984741211,894700,0.0,0.0
2022-05-13 00:00:00-04:00,8.819999694824219,9.050000190734863,8.800000190734863,8.979999542236328,571300,0.0,0.0
2022-05-16 00:00:00-04:00,9.029999732971191,9.239999771118164,9.029999732971191,9.170000076293945,673600,0.0,0.0
2022-05-17 00:00:00-04:00,9.300000190734863,9.359999656677246,9.210000038146973,9.359999656677246,585500,0.0,0.0
2022-05-18 00:00:00-04:00,9.390000343322754,9.390000343322754,9.010000228881836,9.079999923706055,1087300,0.0,0.0
2022-05-19 00:00:00-04:00,9.0,9.180000305175781,8.949999809265137,9.109999656677246,977900,0.0,0.0
2022-05-20 00:00:00-04:00,9.149999618530273,9.199999809265137,8.880000114440918,9.010000228881836,1137300,0.0,0.0
2022-05-23 00:00:00-04:00,9.020000457763672,9.140000343322754,8.979999542236328,9.0600004196167,981700,0.0,0.0
2022-05-24 00:00:00-04:00,9.050000190734863,9.069999694824219,8.880000114440918,9.020000457763672,609800,0.0,0.0
2022-05-25 00:00:00-04:00,9.09000015258789,9.239999771118164,9.010000228881836,9.220000267028809,484300,0.0,0.0
2022-05-26 00:00:00-04:00,9.279999732971191,9.399999618530273,9.25,9.3100004196167,836800,0.0,0.0
2022-05-27 00:00:00-04:00,9.300000190734863,9.460000038146973,9.270000457763672,9.4399995803833,483500,0.0,0.0
2022-05-31 00:00:00-04:00,9.5,9.550000190734863,9.380000114440918,9.420000076293945,731200,0.0,0.0
2022-06-01 00:00:00-04:00,9.5,9.729999542236328,9.34000015258789,9.729999542236328,820600,0.0,0.0
2022-06-02 00:00:00-04:00,9.739999771118164,9.760000228881836,9.579999923706055,9.630000114440918,694300,0.0,0.0
2022-06-03 00:00:00-04:00,9.640000343322754,9.729999542236328,9.5600004196167,9.569999694824219,662100,0.0,0.0
2022-06-06 00:00:00-04:00,9.600000381469727,9.6899995803833,9.550000190734863,9.609999656677246,680700,0.0,0.0
2022-06-07 00:00:00-04:00,9.579999923706055,9.819999694824219,9.520000457763672,9.819999694824219,743600,0.0,0.0
2022-06-08 00:00:00-04:00,9.779999732971191,9.829999923706055,9.630000114440918,9.6899995803833,691200,0.0,0.0
2022-06-09 00:00:00-04:00,9.649999618530273,9.699999809265137,9.550000190734863,9.59000015258789,583400,0.0,0.0
2022-06-10 00:00:00-04:00,9.5600004196167,9.5600004196167,9.25,9.390000343322754,493300,0.0,0.0
2022-06-13 00:00:00-04:00,9.079999923706055,9.149999618530273,8.630000114440918,8.84000015258789,1349300,0.0,0.0
2022-06-14 00:00:00-04:00,9.0,9.09000015258789,8.569999694824219,8.649999618530273,814300,0.0,0.0
2022-06-15 00:00:00-04:00,8.6899995803833,8.789999961853027,8.520000457763672,8.65999984741211,1182300,0.0,0.0
2022-06-16 00:00:00-04:00,8.460000038146973,8.460000038146973,8.069999694824219,8.140000343322754,1360300,0.0,0.0
2022-06-17 00:00:00-04:00,8.149999618530273,8.25,7.840000152587891,8.020000457763672,1583600,0.0,0.0
2022-06-21 00:00:00-04:00,8.140000343322754,8.550000190734863,8.140000343322754,8.449999809265137,932500,0.0,0.0
2022-06-22 00:00:00-04:00,8.170000076293945,8.220000267028809,8.010000228881836,8.119999885559082,1269500,0.0,0.0
2022-06-23 00:00:00-04:00,8.180000305175781,8.220000267028809,7.900000095367432,8.029999732971191,949500,0.0,0.0
2022-06-24 00:00:00-04:00,8.15999984741211,8.350000381469727,8.079999923706055,8.329999923706055,1003700,0.0,0.0
2022-06-27 00:00:00-04:00,8.460000038146973,8.529999732971191,8.390000343322754,8.489999771118164,589500,0.0,0.0
2022-06-28 00:00:00-04:00,8.65999984741211,8.75,8.510000228881836,8.670000076293945,640100,0.0,0.0
2022-06-29 00:00:00-04:00,8.779999732971191,8.800000190734863,8.4399995803833,8.479999542236328,939600,0.0,0.0
2022-06-30 00:00:00-04:00,8.3100004196167,8.489999771118164,8.300000190734863,8.380000114440918,548400,0.0,0.0
2022-07-01 00:00:00-04:00,8.390000343322754,8.399999618530273,8.050000190734863,8.390000343322754,740400,0.0,0.0
2022-07-05 00:00:00-04:00,8.170000076293945,8.239999771118164,7.949999809265137,8.170000076293945,1094000,0.0,0.0
2022-07-06 00:00:00-04:00,8.029999732971191,8.130000114440918,7.760000228881836,7.949999809265137,1341400,0.0,0.0
2022-07-07 00:00:00-04:00,8.079999923706055,8.239999771118164,8.069999694824219,8.180000305175781,516100,0.0,0.0
2022-07-08 00:00:00-04:00,8.239999771118164,8.279999732971191,8.109999656677246,8.220000267028809,312400,0.0,0.0
2022-07-11 00:00:00-04:00,8.140000343322754,8.199999809265137,8.079999923706055,8.170000076293945,292400,0.0,0.0
2022-07-12 00:00:00-04:00,8.100000381469727,8.25,7.96999979019165,8.180000305175781,1980400,0.0,0.0
2022-07-13 00:00:00-04:00,8.119999885559082,8.430000305175781,8.119999885559082,8.34000015258789,886300,0.0,0.0
2022-07-14 00:00:00-04:00,8.119999885559082,8.270000457763672,7.980000019073486,8.270000457763672,668100,0.0,0.0
2022-07-15 00:00:00-04:00,8.430000305175781,8.430000305175781,8.300000190734863,8.350000381469727,448900,0.0,0.0
2022-07-18 00:00:00-04:00,8.5,8.59000015258789,8.449999809265137,8.479999542236328,622100,0.0,0.0
2022-07-19 00:00:00-04:00,8.529999732971191,8.640000343322754,8.529999732971191,8.569999694824219,635800,0.0,0.0
2022-07-20 00:00:00-04:00,8.579999923706055,8.6899995803833,8.510000228881836,8.609999656677246,307800,0.0,0.0
2022-07-21 00:00:00-04:00,8.550000190734863,8.649999618530273,8.470000267028809,8.630000114440918,374600,0.0,0.0
2022-07-22 00:00:00-04:00,8.670000076293945,8.699999809265137,8.430000305175781,8.479999542236328,273900,0.0,0.0
2022-07-25 00:00:00-04:00,8.579999923706055,8.800000190734863,8.510000228881836,8.800000190734863,422200,0.0,0.0
2022-07-26 00:00:00-04:00,8.859999656677246,8.9399995803833,8.800000190734863,8.84000015258789,355200,0.0,0.0
2022-07-27 00:00:00-04:00,8.869999885559082,8.979999542236328,8.8100004196167,8.9399995803833,393000,0.0,0.0
2022-07-28 00:00:00-04:00,9.079999923706055,9.130000114440918,8.859999656677246,9.079999923706055,461900,0.0,0.0
2022-07-29 00:00:00-04:00,9.140000343322754,9.199999809265137,9.09000015258789,9.119999885559082,663700,0.0,0.0
2022-08-01 00:00:00-04:00,9.050000190734863,9.09000015258789,8.890000343322754,9.050000190734863,406100,0.0,0.0
2022-08-02 00:00:00-04:00,9.039999961853027,9.09000015258789,8.949999809265137,9.029999732971191,360600,0.0,0.0
2022-08-03 00:00:00-04:00,9.069999694824219,9.079999923706055,8.869999885559082,8.960000038146973,332800,0.0,0.0
2022-08-04 00:00:00-04:00,8.970000267028809,8.979999542236328,8.720000267028809,8.739999771118164,344300,0.0,0.0
2022-08-05 00:00:00-04:00,8.640000343322754,8.859999656677246,8.600000381469727,8.8100004196167,389700,0.0,0.0
2022-08-08 00:00:00-04:00,8.859999656677246,8.979999542236328,8.84000015258789,8.9399995803833,321400,0.0,0.0
2022-08-09 00:00:00-04:00,8.960000038146973,9.020000457763672,8.9399995803833,8.989999771118164,300900,0.0,0.0
2022-08-10 00:00:00-04:00,9.09000015258789,9.140000343322754,8.970000267028809,9.0600004196167,501400,0.0,0.0
2022-08-11 00:00:00-04:00,9.239999771118164,9.369999885559082,9.170000076293945,9.289999961853027,452200,0.0,0.0
2022-08-12 00:00:00-04:00,9.300000190734863,9.350000381469727,9.239999771118164,9.3100004196167,296300,0.0,0.0
2022-08-15 00:00:00-04:00,9.1899995803833,9.25,9.010000228881836,9.220000267028809,366400,0.0,0.0
2022-08-16 00:00:00-04:00,9.289999961853027,9.430000305175781,9.270000457763672,9.40999984741211,572400,0.0,0.0
2022-08-17 00:00:00-04:00,9.390000343322754,9.390000343322754,9.229999542236328,9.25,281700,0.0,0.0
2022-08-18 00:00:00-04:00,9.300000190734863,9.539999961853027,9.300000190734863,9.529999732971191,437000,0.0,0.0
2022-08-19 00:00:00-04:00,9.449999809265137,9.460000038146973,9.319999694824219,9.329999923706055,267000,0.0,0.0
2022-08-22 00:00:00-04:00,9.220000267028809,9.350000381469727,9.1899995803833,9.260000228881836,253200,0.0,0.0
2022-08-23 00:00:00-04:00,9.380000114440918,9.529999732971191,9.350000381469727,9.489999771118164,343000,0.0,0.0
2022-08-24 00:00:00-04:00,9.520000457763672,9.579999923706055,9.460000038146973,9.5600004196167,370400,0.0,0.0
2022-08-25 00:00:00-04:00,9.649999618530273,9.649999618530273,9.529999732971191,9.5600004196167,324300,0.0,0.0
2022-08-26 00:00:00-04:00,9.550000190734863,9.600000381469727,9.369999885559082,9.380000114440918,382700,0.0,0.0
2022-08-29 00:00:00-04:00,9.380000114440918,9.470000267028809,9.3100004196167,9.399999618530273,285700,0.0,0.0
2022-08-30 00:00:00-04:00,9.329999923706055,9.399999618530273,9.109999656677246,9.149999618530273,607000,0.0,0.0
2022-08-31 00:00:00-04:00,9.069999694824219,9.229999542236328,8.979999542236328,9.09000015258789,359600,0.0,0.0
2022-09-01 00:00:00-04:00,9.069999694824219,9.069999694824219,8.850000381469727,9.050000190734863,361900,0.0,0.0
2022-09-02 00:00:00-04:00,9.270000457763672,9.369999885559082,9.130000114440918,9.260000228881836,908800,0.0,0.0
2022-09-06 00:00:00-04:00,9.380000114440918,9.380000114440918,9.130000114440918,9.15999984741211,409500,0.0,0.0
2022-09-07 00:00:00-04:00,9.039999961853027,9.210000038146973,9.029999732971191,9.170000076293945,467900,0.0,0.0
2022-09-08 00:00:00-04:00,9.149999618530273,9.260000228881836,9.149999618530273,9.239999771118164,374500,0.0,0.0
2022-09-09 00:00:00-04:00,9.390000343322754,9.539999961853027,9.350000381469727,9.539999961853027,415800,0.0,0.0
2022-09-12 00:00:00-04:00,9.630000114440918,9.649999618530273,9.550000190734863,9.579999923706055,351600,0.0,0.0
2022-09-13 00:00:00-04:00,9.5,9.600000381469727,9.279999732971191,9.369999885559082,395000,0.0,0.0
2022-09-14 00:00:00-04:00,9.420000076293945,9.65999984741211,9.420000076293945,9.579999923706055,614200,0.0,0.0
2022-09-15 00:00:00-04:00,9.5,9.579999923706055,9.420000076293945,9.460000038146973,432000,0.0,0.0
2022-09-16 00:00:00-04:00,9.34000015258789,9.34000015258789,9.039999961853027,9.119999885559082,437400,0.0,0.0
2022-09-19 00:00:00-04:00,9.0,9.300000190734863,8.899999618530273,9.300000190734863,410500,0.0,0.0
2022-09-20 00:00:00-04:00,9.25,9.25,9.0600004196167,9.15999984741211,442900,0.0,0.0
2022-09-21 00:00:00-04:00,9.210000038146973,9.300000190734863,9.039999961853027,9.039999961853027,405300,0.0,0.0
2022-09-22 00:00:00-04:00,9.119999885559082,9.140000343322754,8.829999923706055,8.84000015258789,558900,0.0,0.0
2022-09-23 00:00:00-04:00,8.6899995803833,8.6899995803833,8.180000305175781,8.3100004196167,1354100,0.0,0.0
2022-09-26 00:00:00-04:00,8.210000038146973,8.34000015258789,7.920000076293945,7.96999979019165,1176000,0.0,0.0
2022-09-27 00:00:00-04:00,8.130000114440918,8.289999961853027,8.020000457763672,8.210000038146973,591500,0.0,0.0
2022-09-28 00:00:00-04:00,8.350000381469727,8.680000305175781,8.25,8.65999984741211,521800,0.0,0.0
2022-09-29 00:00:00-04:00,8.609999656677246,8.609999656677246,8.229999542236328,8.430000305175781,531800,0.0,0.0
2022-09-30 00:00:00-04:00,8.180000305175781,8.300000190734863,8.100000381469727,8.100000381469727,520800,0.0,0.0
2022-10-03 00:00:00-04:00,8.3100004196167,8.579999923706055,8.289999961853027,8.430000305175781,982300,0.0,0.0
2022-10-04 00:00:00-04:00,8.59000015258789,8.75,8.550000190734863,8.609999656677246,379600,0.0,0.0
2022-10-05 00:00:00-04:00,8.65999984741211,8.65999984741211,8.380000114440918,8.5600004196167,599500,0.0,0.0
2022-10-06 00:00:00-04:00,8.470000267028809,8.600000381469727,8.430000305175781,8.539999961853027,612100,0.0,0.0
2022-10-07 00:00:00-04:00,8.5600004196167,8.600000381469727,8.350000381469727,8.420000076293945,829400,0.0,0.0
2022-10-10 00:00:00-04:00,8.399999618530273,8.59000015258789,8.229999542236328,8.239999771118164,570400,0.0,0.0
2022-10-11 00:00:00-04:00,8.199999809265137,8.40999984741211,8.140000343322754,8.3100004196167,723500,0.0,0.0
2022-10-12 00:00:00-04:00,8.34000015258789,8.390000343322754,8.199999809265137,8.229999542236328,285500,0.0,0.0
2022-10-13 00:00:00-04:00,8.079999923706055,8.529999732971191,8.010000228881836,8.510000228881836,451500,0.0,0.0
2022-10-14 00:00:00-04:00,8.520000457763672,8.550000190734863,8.210000038146973,8.220000267028809,422300,0.0,0.0
2022-10-17 00:00:00-04:00,8.34000015258789,8.510000228881836,8.34000015258789,8.449999809265137,449600,0.0,0.0
2022-10-18 00:00:00-04:00,8.569999694824219,8.630000114440918,8.430000305175781,8.539999961853027,342800,0.0,0.0
2022-10-19 00:00:00-04:00,8.569999694824219,8.59000015258789,8.460000038146973,8.5,333200,0.0,0.0
2022-10-20 00:00:00-04:00,8.520000457763672,8.5600004196167,8.369999885559082,8.390000343322754,424600,0.0,0.0
2022-10-21 00:00:00-04:00,8.430000305175781,8.539999961853027,8.350000381469727,8.539999961853027,646500,0.0,0.0
2022-10-24 00:00:00-04:00,8.569999694824219,8.569999694824219,8.380000114440918,8.430000305175781,325800,0.0,0.0
2022-10-25 00:00:00-04:00,8.430000305175781,8.59000015258789,8.390000343322754,8.59000015258789,216300,0.0,0.0
2022-10-26 00:00:00-04:00,8.649999618530273,8.710000038146973,8.5600004196167,8.670000076293945,482200,0.0,0.0
2022-10-27 00:00:00-04:00,8.75,8.850000381469727,8.710000038146973,8.75,278600,0.0,0.0
2022-10-28 00:00:00-04:00,8.890000343322754,8.890000343322754,8.680000305175781,8.850000381469727,350900,0.0,0.0
2022-10-31 00:00:00-04:00,8.850000381469727,8.9399995803833,8.800000190734863,8.880000114440918,494300,0.0,0.0
2022-11-01 00:00:00-04:00,9.0,9.0,8.829999923706055,8.829999923706055,772400,0.0,0.0
2022-11-02 00:00:00-04:00,8.850000381469727,8.930000305175781,8.710000038146973,8.729999542236328,470300,0.0,0.0
2022-11-03 00:00:00-04:00,8.699999809265137,8.869999885559082,8.649999618530273,8.850000381469727,411700,0.0,0.0
2022-11-04 00:00:00-04:00,8.90999984741211,8.979999542236328,8.75,8.869999885559082,363400,0.0,0.0
2022-11-07 00:00:00-05:00,8.920000076293945,8.960000038146973,8.8100004196167,8.949999809265137,390700,0.0,0.0
2022-11-08 00:00:00-05:00,8.989999771118164,9.029999732971191,8.84000015258789,8.949999809265137,349000,0.0,0.0
2022-11-09 00:00:00-05:00,8.9399995803833,8.970000267028809,8.649999618530273,8.6899995803833,346400,0.0,0.0
2022-11-10 00:00:00-05:00,8.949999809265137,8.970000267028809,8.850000381469727,8.949999809265137,455100,0.0,0.0
2022-11-11 00:00:00-05:00,9.0,9.039999961853027,8.880000114440918,8.949999809265137,245200,0.0,0.0
2022-11-14 00:00:00-05:00,8.9399995803833,9.079999923706055,8.899999618530273,8.920000076293945,291000,0.0,0.0
2022-11-15 00:00:00-05:00,8.960000038146973,9.0600004196167,8.899999618530273,8.930000305175781,265300,0.0,0.0
2022-11-16 00:00:00-05:00,8.720000267028809,8.859999656677246,8.699999809265137,8.8100004196167,451700,0.0,0.0
2022-11-17 00:00:00-05:00,8.710000038146973,8.75,8.640000343322754,8.739999771118164,285500,0.0,0.0
2022-11-18 00:00:00-05:00,8.640000343322754,8.869999885559082,8.619999885559082,8.850000381469727,317800,0.0,0.0
2022-11-21 00:00:00-05:00,8.729999542236328,8.770000457763672,8.5600004196167,8.760000228881836,400000,0.0,0.0
2022-11-22 00:00:00-05:00,8.8100004196167,8.979999542236328,8.8100004196167,8.9399995803833,526100,0.0,0.0
2022-11-23 00:00:00-05:00,8.90999984741211,8.979999542236328,8.859999656677246,8.920000076293945,310300,0.0,0.0
2022-11-25 00:00:00-05:00,8.949999809265137,9.029999732971191,8.899999618530273,8.960000038146973,103400,0.0,0.0
2022-11-28 00:00:00-05:00,8.850000381469727,8.930000305175781,8.8100004196167,8.880000114440918,516600,0.0,0.0
2022-11-29 00:00:00-05:00,8.890000343322754,9.09000015258789,8.890000343322754,9.09000015258789,500200,0.0,0.0
2022-11-30 00:00:00-05:00,9.109999656677246,9.119999885559082,8.970000267028809,9.039999961853027,403000,0.0,0.0
2022-12-01 00:00:00-05:00,9.050000190734863,9.15999984741211,8.880000114440918,8.880000114440918,550400,0.0,0.0
2022-12-02 00:00:00-05:00,8.800000190734863,8.930000305175781,8.800000190734863,8.859999656677246,539300,0.0,0.0
2022-12-05 00:00:00-05:00,8.850000381469727,8.949999809265137,8.779999732971191,8.859999656677246,684400,0.0,0.0
2022-12-06 00:00:00-05:00,8.800000190734863,8.930000305175781,8.609999656677246,8.680000305175781,413300,0.0,0.0
2022-12-07 00:00:00-05:00,8.670000076293945,8.75,8.600000381469727,8.65999984741211,347400,0.0,0.0
2022-12-08 00:00:00-05:00,8.710000038146973,8.760000228881836,8.529999732971191,8.529999732971191,373200,0.0,0.0
2022-12-09 00:00:00-05:00,8.479999542236328,8.5600004196167,8.380000114440918,8.399999618530273,386100,0.0,0.0
2022-12-12 00:00:00-05:00,8.399999618530273,8.600000381469727,8.399999618530273,8.579999923706055,403200,0.0,0.0
2022-12-13 00:00:00-05:00,8.779999732971191,8.880000114440918,8.619999885559082,8.6899995803833,691500,0.0,0.0
2022-12-14 00:00:00-05:00,8.800000190734863,8.800000190734863,8.600000381469727,8.710000038146973,701800,0.0,0.0
2022-12-15 00:00:00-05:00,8.579999923706055,8.649999618530273,8.5,8.630000114440918,517400,0.0,0.0
2022-12-16 00:00:00-05:00,8.460000038146973,8.520000457763672,8.390000343322754,8.510000228881836,581200,0.0,0.0
2022-12-19 00:00:00-05:00,8.479999542236328,8.550000190734863,8.319999694824219,8.350000381469727,469000,0.0,0.0
2022-12-20 00:00:00-05:00,8.319999694824219,8.479999542236328,8.319999694824219,8.369999885559082,576800,0.0,0.0
2022-12-21 00:00:00-05:00,8.40999984741211,8.550000190734863,8.40999984741211,8.529999732971191,747600,0.0,0.0
2022-12-22 00:00:00-05:00,8.529999732971191,8.550000190734863,8.260000228881836,8.40999984741211,368200,0.0,0.0
2022-12-23 00:00:00-05:00,8.460000038146973,8.65999984741211,8.4399995803833,8.65999984741211,371400,0.0,0.0
2022-12-27 00:00:00-05:00,8.720000267028809,8.729999542236328,8.600000381469727,8.680000305175781,386000,0.0,0.0
2022-12-28 00:00:00-05:00,8.649999618530273,8.699999809265137,8.420000076293945,8.430000305175781,503500,0.0,0.0
2022-12-29 00:00:00-05:00,8.430000305175781,8.649999618530273,8.430000305175781,8.619999885559082,418200,0.0,0.0
2022-12-30 00:00:00-05:00,8.609999656677246,8.640000343322754,8.5,8.5600004196167,609500,0.0,0.0
2023-01-03 00:00:00-05:00,8.4399995803833,8.529999732971191,8.199999809265137,8.289999961853027,444500,0.0,0.0
2023-01-04 00:00:00-05:00,8.25,8.329999923706055,8.220000267028809,8.260000228881836,475200,0.0,0.0
2023-01-05 00:00:00-05:00,8.25,8.289999961853027,8.180000305175781,8.239999771118164,615600,0.0,0.0
2023-01-06 00:00:00-05:00,8.34000015258789,8.4399995803833,8.270000457763672,8.430000305175781,546100,0.0,0.0
2023-01-09 00:00:00-05:00,8.539999961853027,8.609999656677246,8.460000038146973,8.460000038146973,443000,0.0,0.0
2023-01-10 00:00:00-05:00,8.520000457763672,8.630000114440918,8.420000076293945,8.630000114440918,535000,0.0,0.0
2023-01-11 00:00:00-05:00,8.720000267028809,8.800000190734863,8.649999618530273,8.779999732971191,720700,0.0,0.0
2023-01-12 00:00:00-05:00,8.850000381469727,8.989999771118164,8.779999732971191,8.9399995803833,731300,0.0,0.0
2023-01-13 00:00:00-05:00,9.0,9.050000190734863,8.880000114440918,9.029999732971191,832000,0.0,0.0
2023-01-17 00:00:00-05:00,9.050000190734863,9.260000228881836,9.0,9.119999885559082,612500,0.0,0.0
2023-01-18 00:00:00-05:00,9.1899995803833,9.239999771118164,8.930000305175781,8.930000305175781,522500,0.0,0.0
2023-01-19 00:00:00-05:00,8.899999618530273,9.119999885559082,8.899999618530273,9.069999694824219,440700,0.0,0.0
2023-01-20 00:00:00-05:00,9.149999618530273,9.1899995803833,9.069999694824219,9.170000076293945,1769000,0.0,0.0
2023-01-23 00:00:00-05:00,9.239999771118164,9.289999961853027,9.15999984741211,9.25,436900,0.0,0.0
2023-01-24 00:00:00-05:00,9.34000015258789,9.34000015258789,9.0,9.1899995803833,404000,0.0,0.0
2023-01-25 00:00:00-05:00,9.1899995803833,9.1899995803833,9.09000015258789,9.140000343322754,422300,0.0,0.0
2023-01-26 00:00:00-05:00,9.210000038146973,9.239999771118164,9.149999618530273,9.199999809265137,372400,0.0,0.0
2023-01-27 00:00:00-05:00,9.210000038146973,9.260000228881836,9.149999618530273,9.180000305175781,282600,0.0,0.0
2023-01-30 00:00:00-05:00,9.079999923706055,9.220000267028809,8.989999771118164,8.989999771118164,381600,0.0,0.0
2023-01-31 00:00:00-05:00,9.029999732971191,9.09000015258789,8.989999771118164,9.079999923706055,419200,0.0,0.0
2023-02-01 00:00:00-05:00,9.100000381469727,9.100000381469727,8.84000015258789,9.010000228881836,819000,0.0,0.0
2023-02-02 00:00:00-05:00,9.020000457763672,9.079999923706055,8.979999542236328,9.0600004196167,317400,0.0,0.0
2023-02-03 00:00:00-05:00,9.029999732971191,9.100000381469727,8.960000038146973,8.970000267028809,322400,0.0,0.0
2023-02-06 00:00:00-05:00,8.90999984741211,8.949999809265137,8.869999885559082,8.899999618530273,252900,0.0,0.0
2023-02-07 00:00:00-05:00,8.90999984741211,8.979999542236328,8.869999885559082,8.970000267028809,388200,0.0,0.0
2023-02-08 00:00:00-05:00,8.979999542236328,8.989999771118164,8.899999618530273,8.960000038146973,260900,0.0,0.0
2023-02-09 00:00:00-05:00,8.960000038146973,9.050000190734863,8.90999984741211,8.920000076293945,303600,0.0,0.0
2023-02-10 00:00:00-05:00,8.960000038146973,9.199999809265137,8.960000038146973,9.1899995803833,328800,0.0,0.0
2023-02-13 00:00:00-05:00,9.1899995803833,9.300000190734863,9.15999984741211,9.220000267028809,318900,0.0,0.0
2023-02-14 00:00:00-05:00,9.140000343322754,9.319999694824219,9.09000015258789,9.220000267028809,285700,0.0,0.0
2023-02-15 00:00:00-05:00,9.170000076293945,9.239999771118164,9.119999885559082,9.170000076293945,238200,0.0,0.0
2023-02-16 00:00:00-05:00,9.100000381469727,9.180000305175781,9.069999694824219,9.069999694824219,342000,0.0,0.0
2023-02-17 00:00:00-05:00,9.039999961853027,9.039999961853027,8.90999984741211,8.960000038146973,207200,0.0,0.0
2023-02-21 00:00:00-05:00,8.979999542236328,9.029999732971191,8.880000114440918,8.949999809265137,532200,0.0,0.0
2023-02-22 00:00:00-05:00,8.949999809265137,9.130000114440918,8.90999984741211,9.0600004196167,644400,0.0,0.0
2023-02-23 00:00:00-05:00,9.170000076293945,9.199999809265137,9.010000228881836,9.050000190734863,444100,0.0,0.0
2023-02-24 00:00:00-05:00,9.020000457763672,9.069999694824219,8.949999809265137,9.010000228881836,419500,0.0,0.0
2023-02-27 00:00:00-05:00,9.0,9.069999694824219,8.930000305175781,8.960000038146973,337400,0.0,0.0
2023-02-28 00:00:00-05:00,8.970000267028809,9.039999961853027,8.90999984741211,8.90999984741211,345000,0.0,0.0
2023-03-01 00:00:00-05:00,8.899999618530273,8.979999542236328,8.869999885559082,8.880000114440918,375700,0.0,0.0
2023-03-02 00:00:00-05:00,8.90999984741211,9.010000228881836,8.890000343322754,8.920000076293945,533600,0.0,0.0
2023-03-03 00:00:00-05:00,8.899999618530273,9.0600004196167,8.899999618530273,8.970000267028809,668000,0.0,0.0
2023-03-06 00:00:00-05:00,8.970000267028809,9.020000457763672,8.930000305175781,8.970000267028809,370200,0.0,0.0
2023-03-07 00:00:00-05:00,9.0,9.0,8.84000015258789,8.890000343322754,342100,0.0,0.0
2023-03-08 00:00:00-05:00,8.850000381469727,8.930000305175781,8.819999694824219,8.869999885559082,232900,0.0,0.0
2023-03-09 00:00:00-05:00,8.859999656677246,8.930000305175781,8.710000038146973,8.720000267028809,303900,0.0,0.0
2023-03-10 00:00:00-05:00,8.729999542236328,8.770000457763672,8.479999542236328,8.510000228881836,803700,0.0,0.0
2023-03-13 00:00:00-04:00,8.319999694824219,8.529999732971191,8.270000457763672,8.34000015258789,468000,0.0,0.0
2023-03-14 00:00:00-04:00,8.369999885559082,8.59000015258789,8.350000381469727,8.4399995803833,427800,0.0,0.0
2023-03-15 00:00:00-04:00,8.229999542236328,8.279999732971191,8.029999732971191,8.119999885559082,703300,0.0,0.0
2023-03-16 00:00:00-04:00,8.079999923706055,8.25,7.989999771118164,8.25,979200,0.0,0.0
2023-03-17 00:00:00-04:00,8.170000076293945,8.220000267028809,8.010000228881836,8.0600004196167,750100,0.0,0.0
2023-03-20 00:00:00-04:00,8.020000457763672,8.260000228881836,8.020000457763672,8.100000381469727,477600,0.0,0.0
2023-03-21 00:00:00-04:00,8.229999542236328,8.300000190734863,8.199999809265137,8.270000457763672,495600,0.0,0.0
2023-03-22 00:00:00-04:00,8.270000457763672,8.289999961853027,8.130000114440918,8.130000114440918,421800,0.0,0.0
2023-03-23 00:00:00-04:00,8.149999618530273,8.260000228881836,7.96999979019165,7.980000019073486,499400,0.0,0.0
2023-03-24 00:00:00-04:00,7.929999828338623,8.0600004196167,7.869999885559082,8.0,562300,0.0,0.0
2023-03-27 00:00:00-04:00,8.050000190734863,8.1899995803833,8.029999732971191,8.119999885559082,685100,0.0,0.0
2023-03-28 00:00:00-04:00,8.100000381469727,8.279999732971191,8.100000381469727,8.25,392000,0.0,0.0
2023-03-29 00:00:00-04:00,8.289999961853027,8.430000305175781,8.289999961853027,8.390000343322754,695600,0.0,0.0
2023-03-30 00:00:00-04:00,8.470000267028809,8.529999732971191,8.4399995803833,8.520000457763672,575900,0.0,0.0
2023-03-31 00:00:00-04:00,8.59000015258789,8.649999618530273,8.5600004196167,8.640000343322754,613000,0.0,0.0
2023-04-03 00:00:00-04:00,8.779999732971191,8.869999885559082,8.770000457763672,8.789999961853027,467800,0.0,0.0
2023-04-04 00:00:00-04:00,8.850000381469727,8.850000381469727,8.579999923706055,8.680000305175781,444500,0.0,0.0
2023-04-05 00:00:00-04:00,8.670000076293945,8.789999961853027,8.65999984741211,8.789999961853027,1372400,0.0,0.0
2023-04-06 00:00:00-04:00,8.600000381469727,8.710000038146973,8.520000457763672,8.539999961853027,491100,0.0,0.0
2023-04-10 00:00:00-04:00,8.550000190734863,8.699999809265137,8.529999732971191,8.5600004196167,521700,0.0,0.0
2023-04-11 00:00:00-04:00,8.550000190734863,8.670000076293945,8.520000457763672,8.600000381469727,376500,0.0,0.0
2023-04-12 00:00:00-04:00,8.699999809265137,8.720000267028809,8.619999885559082,8.640000343322754,320200,0.0,0.0
2023-04-13 00:00:00-04:00,8.600000381469727,8.699999809265137,8.579999923706055,8.670000076293945,443900,0.0,0.0
2023-04-14 00:00:00-04:00,8.619999885559082,8.649999618530273,8.470000267028809,8.529999732971191,1037200,0.0,0.0
2023-04-17 00:00:00-04:00,8.529999732971191,8.600000381469727,8.460000038146973,8.510000228881836,470300,0.0,0.0
2023-04-18 00:00:00-04:00,8.529999732971191,8.550000190734863,8.489999771118164,8.520000457763672,526500,0.0,0.0
2023-04-19 00:00:00-04:00,8.460000038146973,8.479999542236328,8.40999984741211,8.430000305175781,352800,0.0,0.0
2023-04-20 00:00:00-04:00,8.399999618530273,8.399999618530273,8.329999923706055,8.390000343322754,495900,0.0,0.0
2023-04-21 00:00:00-04:00,8.390000343322754,8.4399995803833,8.369999885559082,8.430000305175781,221200,0.0,0.0
2023-04-24 00:00:00-04:00,8.460000038146973,8.489999771118164,8.390000343322754,8.479999542236328,223700,0.0,0.0
2023-04-25 00:00:00-04:00,8.390000343322754,8.430000305175781,8.3100004196167,8.3100004196167,269100,0.0,0.0
2023-04-26 00:00:00-04:00,8.289999961853027,8.34000015258789,8.220000267028809,8.239999771118164,479700,0.0,0.0
2023-04-27 00:00:00-04:00,8.220000267028809,8.380000114440918,8.220000267028809,8.34000015258789,470700,0.0,0.0
2023-04-28 00:00:00-04:00,8.359999656677246,8.449999809265137,8.359999656677246,8.399999618530273,594000,0.0,0.0
2023-05-01 00:00:00-04:00,8.359999656677246,8.489999771118164,8.359999656677246,8.399999618530273,191700,0.0,0.0
2023-05-02 00:00:00-04:00,8.390000343322754,8.390000343322754,8.069999694824219,8.149999618530273,495900,0.0,0.0
2023-05-03 00:00:00-04:00,8.020000457763672,8.199999809265137,8.020000457763672,8.079999923706055,481500,0.0,0.0
2023-05-04 00:00:00-04:00,8.130000114440918,8.15999984741211,7.980000019073486,7.980000019073486,583800,0.0,0.0
2023-05-05 00:00:00-04:00,8.079999923706055,8.170000076293945,8.069999694824219,8.130000114440918,402200,0.0,0.0
2023-05-08 00:00:00-04:00,8.180000305175781,8.25,8.100000381469727,8.130000114440918,357600,0.0,0.0
2023-05-09 00:00:00-04:00,8.079999923706055,8.170000076293945,8.069999694824219,8.09000015258789,688900,0.0,0.0
2023-05-10 00:00:00-04:00,8.109999656677246,8.149999618530273,8.029999732971191,8.050000190734863,495000,0.0,0.0
2023-05-11 00:00:00-04:00,7.989999771118164,8.029999732971191,7.96999979019165,8.010000228881836,335800,0.0,0.0
2023-05-12 00:00:00-04:00,8.020000457763672,8.09000015258789,8.020000457763672,8.029999732971191,339700,0.0,0.0
2023-05-15 00:00:00-04:00,8.109999656677246,8.260000228881836,8.09000015258789,8.239999771118164,565700,0.0,0.0
2023-05-16 00:00:00-04:00,8.239999771118164,8.239999771118164,8.029999732971191,8.039999961853027,472900,0.0,0.0
2023-05-17 00:00:00-04:00,8.069999694824219,8.109999656677246,8.010000228881836,8.100000381469727,378400,0.0,0.0
2023-05-18 00:00:00-04:00,8.029999732971191,8.180000305175781,8.029999732971191,8.170000076293945,266100,0.0,0.0
2023-05-19 00:00:00-04:00,8.180000305175781,8.220000267028809,8.109999656677246,8.130000114440918,382100,0.0,0.0
2023-05-22 00:00:00-04:00,8.109999656677246,8.1899995803833,8.109999656677246,8.149999618530273,262600,0.0,0.0
2023-05-23 00:00:00-04:00,8.229999542236328,8.229999542236328,8.119999885559082,8.170000076293945,436500,0.0,0.0
2023-05-24 00:00:00-04:00,8.220000267028809,8.220000267028809,8.0600004196167,8.079999923706055,330300,0.0,0.0
2023-05-25 00:00:00-04:00,8.010000228881836,8.09000015258789,7.949999809265137,8.010000228881836,326100,0.0,0.0
2023-05-26 00:00:00-04:00,8.029999732971191,8.069999694824219,7.960000038146973,7.980000019073486,495000,0.0,0.0
2023-05-30 00:00:00-04:00,7.96999979019165,7.989999771118164,7.909999847412109,7.96999979019165,573800,0.0,0.0
2023-05-31 00:00:00-04:00,7.920000076293945,7.940000057220459,7.840000152587891,7.909999847412109,336100,0.0,0.0
2023-06-01 00:00:00-04:00,7.940000057220459,8.0600004196167,7.909999847412109,8.039999961853027,362600,0.0,0.0
2023-06-02 00:00:00-04:00,8.130000114440918,8.199999809265137,8.100000381469727,8.170000076293945,479900,0.0,0.0
2023-06-05 00:00:00-04:00,8.220000267028809,8.260000228881836,8.119999885559082,8.140000343322754,300200,0.0,0.0
2023-06-06 00:00:00-04:00,8.069999694824219,8.210000038146973,8.069999694824219,8.149999618530273,275100,0.0,0.0
2023-06-07 00:00:00-04:00,8.149999618530273,8.319999694824219,8.149999618530273,8.279999732971191,618200,0.0,0.0
2023-06-08 00:00:00-04:00,8.279999732971191,8.319999694824219,8.1899995803833,8.319999694824219,559500,0.0,0.0
2023-06-09 00:00:00-04:00,8.34000015258789,8.34000015258789,8.15999984741211,8.170000076293945,213200,0.0,0.0
2023-06-12 00:00:00-04:00,8.069999694824219,8.15999984741211,8.069999694824219,8.109999656677246,348500,0.0,0.0
2023-06-13 00:00:00-04:00,8.170000076293945,8.220000267028809,8.119999885559082,8.130000114440918,408200,0.0,0.0
2023-06-14 00:00:00-04:00,8.25,8.25,8.109999656677246,8.140000343322754,580500,0.0,0.0
2023-06-15 00:00:00-04:00,8.170000076293945,8.260000228881836,8.15999984741211,8.220000267028809,461900,0.0,0.0
2023-06-16 00:00:00-04:00,8.260000228881836,8.3100004196167,8.220000267028809,8.279999732971191,576900,0.0,0.0
2023-06-20 00:00:00-04:00,8.279999732971191,8.3100004196167,8.180000305175781,8.1899995803833,323100,0.0,0.0
2023-06-21 00:00:00-04:00,8.180000305175781,8.279999732971191,8.15999984741211,8.180000305175781,524900,0.0,0.0
2023-06-22 00:00:00-04:00,8.130000114440918,8.15999984741211,8.079999923706055,8.079999923706055,548500,0.0,0.0
2023-06-23 00:00:00-04:00,7.869999885559082,7.909999847412109,7.849999904632568,7.889999866485596,421200,0.0,0.0
2023-06-26 00:00:00-04:00,7.900000095367432,8.010000228881836,7.860000133514404,7.96999979019165,778900,0.0,0.0
2023-06-27 00:00:00-04:00,8.0,8.020000457763672,7.96999979019165,8.0,608800,0.0,0.0
2023-06-28 00:00:00-04:00,8.0,8.100000381469727,7.96999979019165,8.09000015258789,417000,0.0,0.0
2023-06-29 00:00:00-04:00,8.140000343322754,8.170000076293945,8.100000381469727,8.140000343322754,203700,0.0,0.0
2023-06-30 00:00:00-04:00,8.199999809265137,8.239999771118164,8.119999885559082,8.140000343322754,396300,0.0,0.0
2023-07-03 00:00:00-04:00,8.140000343322754,8.270000457763672,8.140000343322754,8.260000228881836,194600,0.0,0.0
2023-07-05 00:00:00-04:00,8.350000381469727,8.350000381469727,8.199999809265137,8.199999809265137,739600,0.0,0.0
2023-07-06 00:00:00-04:00,8.180000305175781,8.25,8.149999618530273,8.199999809265137,594500,0.0,0.0
2023-07-07 00:00:00-04:00,8.199999809265137,8.319999694824219,8.1899995803833,8.279999732971191,355300,0.0,0.0
2023-07-10 00:00:00-04:00,8.279999732971191,8.380000114440918,8.279999732971191,8.350000381469727,434000,0.0,0.0
2023-07-11 00:00:00-04:00,8.350000381469727,8.5,8.350000381469727,8.489999771118164,525300,0.0,0.0
2023-07-12 00:00:00-04:00,8.5,8.609999656677246,8.5,8.5600004196167,479900,0.0,0.0
2023-07-13 00:00:00-04:00,8.569999694824219,8.630000114440918,8.550000190734863,8.579999923706055,428800,0.0,0.0
2023-07-14 00:00:00-04:00,8.579999923706055,8.579999923706055,8.430000305175781,8.449999809265137,417100,0.0,0.0
2023-07-17 00:00:00-04:00,8.420000076293945,8.520000457763672,8.420000076293945,8.430000305175781,368900,0.0,0.0
2023-07-18 00:00:00-04:00,8.430000305175781,8.539999961853027,8.399999618530273,8.479999542236328,360200,0.0,0.0
2023-07-19 00:00:00-04:00,8.510000228881836,8.569999694824219,8.489999771118164,8.5,239900,0.0,0.0
2023-07-20 00:00:00-04:00,8.5,8.579999923706055,8.5,8.529999732971191,388000,0.0,0.0
2023-07-21 00:00:00-04:00,8.670000076293945,8.670000076293945,8.600000381469727,8.649999618530273,592200,0.0,0.0
2023-07-24 00:00:00-04:00,8.649999618530273,8.789999961853027,8.640000343322754,8.770000457763672,378000,0.0,0.0
2023-07-25 00:00:00-04:00,8.75,8.8100004196167,8.729999542236328,8.75,362500,0.0,0.0
2023-07-26 00:00:00-04:00,8.739999771118164,8.800000190734863,8.6899995803833,8.6899995803833,299200,0.0,0.0
2023-07-27 00:00:00-04:00,8.710000038146973,8.720000267028809,8.529999732971191,8.539999961853027,409200,0.0,0.0
2023-07-28 00:00:00-04:00,8.5600004196167,8.59000015258789,8.520000457763672,8.5600004196167,384300,0.0,0.0
2023-07-31 00:00:00-04:00,8.630000114440918,8.75,8.569999694824219,8.739999771118164,301500,0.0,0.0
2023-08-01 00:00:00-04:00,8.739999771118164,8.739999771118164,8.630000114440918,8.65999984741211,321300,0.0,0.0
2023-08-02 00:00:00-04:00,8.579999923706055,8.649999618530273,8.479999542236328,8.489999771118164,460900,0.0,0.0
2023-08-03 00:00:00-04:00,8.460000038146973,8.59000015258789,8.449999809265137,8.539999961853027,404300,0.0,0.0
2023-08-04 00:00:00-04:00,8.550000190734863,8.609999656677246,8.460000038146973,8.470000267028809,381800,0.0,0.0
2023-08-07 00:00:00-04:00,8.470000267028809,8.600000381469727,8.470000267028809,8.529999732971191,352700,0.0,0.0
2023-08-08 00:00:00-04:00,8.5,8.600000381469727,8.460000038146973,8.579999923706055,267300,0.0,0.0
2023-08-09 00:00:00-04:00,8.619999885559082,8.6899995803833,8.579999923706055,8.630000114440918,319100,0.0,0.0
2023-08-10 00:00:00-04:00,8.6899995803833,8.739999771118164,8.640000343322754,8.699999809265137,347300,0.0,0.0
2023-08-11 00:00:00-04:00,8.739999771118164,8.800000190734863,8.710000038146973,8.770000457763672,236700,0.0,0.0
2023-08-14 00:00:00-04:00,8.770000457763672,8.8100004196167,8.75,8.770000457763672,192700,0.0,0.0
2023-08-15 00:00:00-04:00,8.770000457763672,8.770000457763672,8.630000114440918,8.670000076293945,314500,0.0,0.0
2023-08-16 00:00:00-04:00,8.6899995803833,8.739999771118164,8.550000190734863,8.579999923706055,271700,0.0,0.0
2023-08-17 00:00:00-04:00,8.600000381469727,8.710000038146973,8.600000381469727,8.609999656677246,215300,0.0,0.0
2023-08-18 00:00:00-04:00,8.609999656677246,8.710000038146973,8.609999656677246,8.65999984741211,510500,0.0,0.0
2023-08-21 00:00:00-04:00,8.720000267028809,8.739999771118164,8.609999656677246,8.699999809265137,243500,0.0,0.0
2023-08-22 00:00:00-04:00,8.75,8.779999732971191,8.680000305175781,8.699999809265137,234500,0.0,0.0
2023-08-23 00:00:00-04:00,8.670000076293945,8.680000305175781,8.609999656677246,8.670000076293945,232500,0.0,0.0
2023-08-24 00:00:00-04:00,8.630000114440918,8.699999809265137,8.5600004196167,8.569999694824219,228600,0.0,0.0
2023-08-25 00:00:00-04:00,8.619999885559082,8.720000267028809,8.619999885559082,8.680000305175781,261100,0.0,0.0
2023-08-28 00:00:00-04:00,8.699999809265137,8.770000457763672,8.630000114440918,8.670000076293945,324400,0.0,0.0
2023-08-29 00:00:00-04:00,8.699999809265137,8.779999732971191,8.680000305175781,8.75,257000,0.0,0.0
2023-08-30 00:00:00-04:00,8.8100004196167,8.8100004196167,8.75,8.770000457763672,194200,0.0,0.0
2023-08-31 00:00:00-04:00,8.84000015258789,8.84000015258789,8.710000038146973,8.729999542236328,213700,0.0,0.0
2023-09-01 00:00:00-04:00,8.819999694824219,8.869999885559082,8.779999732971191,8.869999885559082,328100,0.0,0.0
2023-09-05 00:00:00-04:00,8.890000343322754,8.890000343322754,8.770000457763672,8.779999732971191,247700,0.0,0.0
2023-09-06 00:00:00-04:00,8.800000190734863,8.829999923706055,8.569999694824219,8.59000015258789,301400,0.0,0.0
2023-09-07 00:00:00-04:00,8.550000190734863,8.65999984741211,8.550000190734863,8.600000381469727,294300,0.0,0.0
2023-09-08 00:00:00-04:00,8.600000381469727,8.65999984741211,8.59000015258789,8.609999656677246,254000,0.0,0.0
2023-09-11 00:00:00-04:00,8.670000076293945,8.6899995803833,8.5600004196167,8.59000015258789,246900,0.0,0.0
2023-09-12 00:00:00-04:00,8.630000114440918,8.710000038146973,8.630000114440918,8.680000305175781,301200,0.0,0.0
2023-09-13 00:00:00-04:00,8.710000038146973,8.739999771118164,8.59000015258789,8.630000114440918,249800,0.0,0.0
2023-09-14 00:00:00-04:00,8.729999542236328,8.800000190734863,8.65999984741211,8.720000267028809,524100,0.0,0.0
2023-09-15 00:00:00-04:00,8.710000038146973,8.739999771118164,8.649999618530273,8.680000305175781,277700,0.0,0.0
2023-09-18 00:00:00-04:00,8.680000305175781,8.770000457763672,8.670000076293945,8.739999771118164,223300,0.0,0.0
2023-09-19 00:00:00-04:00,8.800000190734863,8.8100004196167,8.729999542236328,8.779999732971191,279000,0.0,0.0
2023-09-20 00:00:00-04:00,8.760000228881836,8.880000114440918,8.760000228881836,8.770000457763672,355600,0.0,0.0
2023-09-21 00:00:00-04:00,8.729999542236328,8.789999961853027,8.670000076293945,8.680000305175781,202300,0.0,0.0
2023-09-22 00:00:00-04:00,8.720000267028809,8.850000381469727,8.720000267028809,8.739999771118164,404400,0.0,0.0
2023-09-25 00:00:00-04:00,8.729999542236328,8.880000114440918,8.6899995803833,8.850000381469727,319100,0.0,0.0
2023-09-26 00:00:00-04:00,8.8100004196167,8.819999694824219,8.6899995803833,8.710000038146973,347500,0.0,0.0
2023-09-27 00:00:00-04:00,8.739999771118164,8.850000381469727,8.739999771118164,8.770000457763672,429600,0.0,0.0
2023-09-28 00:00:00-04:00,8.75,8.789999961853027,8.710000038146973,8.720000267028809,252500,0.0,0.0
2023-09-29 00:00:00-04:00,8.510000228881836,8.579999923706055,8.399999618530273,8.40999984741211,453500,0.0,0.0
2023-10-02 00:00:00-04:00,8.390000343322754,8.449999809265137,8.180000305175781,8.1899995803833,564100,0.0,0.0
2023-10-03 00:00:00-04:00,8.149999618530273,8.199999809265137,8.0,8.100000381469727,539500,0.0,0.0
2023-10-04 00:00:00-04:00,8.079999923706055,8.100000381469727,7.940000057220459,8.0,355400,0.0,0.0
2023-10-05 00:00:00-04:00,7.940000057220459,8.069999694824219,7.940000057220459,8.069999694824219,205100,0.0,0.0
2023-10-06 00:00:00-04:00,8.09000015258789,8.170000076293945,7.989999771118164,8.109999656677246,211400,0.0,0.0
2023-10-09 00:00:00-04:00,8.199999809265137,8.300000190734863,8.180000305175781,8.289999961853027,379200,0.0,0.0
2023-10-10 00:00:00-04:00,8.380000114440918,8.4399995803833,8.3100004196167,8.390000343322754,506200,0.0,0.0
2023-10-11 00:00:00-04:00,8.359999656677246,8.5,8.359999656677246,8.489999771118164,496800,0.0,0.0
2023-10-12 00:00:00-04:00,8.479999542236328,8.5,8.380000114440918,8.420000076293945,280600,0.0,0.0
2023-10-13 00:00:00-04:00,8.470000267028809,8.5600004196167,8.460000038146973,8.539999961853027,324600,0.0,0.0
2023-10-16 00:00:00-04:00,8.520000457763672,8.619999885559082,8.520000457763672,8.59000015258789,293600,0.0,0.0
2023-10-17 00:00:00-04:00,8.529999732971191,8.630000114440918,8.529999732971191,8.5600004196167,302700,0.0,0.0
2023-10-18 00:00:00-04:00,8.569999694824219,8.600000381469727,8.520000457763672,8.529999732971191,216600,0.0,0.0
2023-10-19 00:00:00-04:00,8.489999771118164,8.569999694824219,8.430000305175781,8.5,494400,0.0,0.0
2023-10-20 00:00:00-04:00,8.5,8.5,8.359999656677246,8.359999656677246,309900,0.0,0.0
2023-10-23 00:00:00-04:00,8.279999732971191,8.319999694824219,8.199999809265137,8.210000038146973,514600,0.0,0.0
2023-10-24 00:00:00-04:00,8.220000267028809,8.350000381469727,8.210000038146973,8.25,549600,0.0,0.0
2023-10-25 00:00:00-04:00,8.199999809265137,8.270000457763672,8.15999984741211,8.210000038146973,367600,0.0,0.0
2023-10-26 00:00:00-04:00,8.09000015258789,8.170000076293945,8.039999961853027,8.100000381469727,532900,0.0,0.0
2023-10-27 00:00:00-04:00,8.109999656677246,8.109999656677246,7.960000038146973,7.96999979019165,846600,0.0,0.0
2023-10-30 00:00:00-04:00,7.96999979019165,8.020000457763672,7.889999866485596,7.900000095367432,940300,0.0,0.0
2023-10-31 00:00:00-04:00,7.929999828338623,8.0,7.869999885559082,7.940000057220459,1151400,0.0,0.0
2023-11-01 00:00:00-04:00,7.980000019073486,8.1899995803833,7.920000076293945,8.180000305175781,564000,0.0,0.0
2023-11-02 00:00:00-04:00,8.199999809265137,8.470000267028809,8.199999809265137,8.470000267028809,609100,0.0,0.0
2023-11-03 00:00:00-04:00,8.5,8.510000228881836,8.399999618530273,8.449999809265137,519300,0.0,0.0
2023-11-06 00:00:00-05:00,8.470000267028809,8.479999542236328,8.3100004196167,8.329999923706055,325600,0.0,0.0
2023-11-07 00:00:00-05:00,8.229999542236328,8.25,8.109999656677246,8.140000343322754,868400,0.0,0.0
2023-11-08 00:00:00-05:00,8.119999885559082,8.140000343322754,7.96999979019165,8.020000457763672,1003500,0.0,0.0
2023-11-09 00:00:00-05:00,8.050000190734863,8.09000015258789,8.020000457763672,8.039999961853027,469900,0.0,0.0
2023-11-10 00:00:00-05:00,8.130000114440918,8.140000343322754,8.069999694824219,8.119999885559082,298400,0.0,0.0
2023-11-13 00:00:00-05:00,8.140000343322754,8.170000076293945,8.0600004196167,8.149999618530273,382200,0.0,0.0
2023-11-14 00:00:00-05:00,8.229999542236328,8.369999885559082,8.229999542236328,8.25,816200,0.0,0.0
2023-11-15 00:00:00-05:00,8.289999961853027,8.350000381469727,8.279999732971191,8.319999694824219,429200,0.0,0.0
2023-11-16 00:00:00-05:00,8.270000457763672,8.279999732971191,8.180000305175781,8.239999771118164,454000,0.0,0.0
2023-11-17 00:00:00-05:00,8.289999961853027,8.390000343322754,8.199999809265137,8.239999771118164,1489400,0.0,0.0
2023-11-20 00:00:00-05:00,8.300000190734863,8.300000190734863,8.210000038146973,8.270000457763672,912800,0.0,0.0
2023-11-21 00:00:00-05:00,8.270000457763672,8.289999961853027,8.220000267028809,8.239999771118164,811300,0.0,0.0
2023-11-22 00:00:00-05:00,8.199999809265137,8.359999656677246,8.180000305175781,8.359999656677246,692100,0.0,0.0
2023-11-24 00:00:00-05:00,8.399999618530273,8.4399995803833,8.369999885559082,8.4399995803833,396400,0.0,0.0
2023-11-27 00:00:00-05:00,8.449999809265137,8.449999809265137,8.380000114440918,8.420000076293945,465800,0.0,0.0
2023-11-28 00:00:00-05:00,8.430000305175781,8.489999771118164,8.329999923706055,8.329999923706055,818000,0.0,0.0
2023-11-29 00:00:00-05:00,8.350000381469727,8.4399995803833,8.350000381469727,8.369999885559082,700000,0.0,0.0
2023-11-30 00:00:00-05:00,8.380000114440918,8.569999694824219,8.380000114440918,8.569999694824219,939500,0.0,0.0
2023-12-01 00:00:00-05:00,8.569999694824219,8.649999618530273,8.529999732971191,8.640000343322754,1107600,0.0,0.0
2023-12-04 00:00:00-05:00,8.640000343322754,8.649999618530273,8.489999771118164,8.5600004196167,888500,0.0,0.0
2023-12-05 00:00:00-05:00,8.59000015258789,8.600000381469727,8.399999618530273,8.430000305175781,776400,0.0,0.0
2023-12-06 00:00:00-05:00,8.420000076293945,8.460000038146973,8.300000190734863,8.300000190734863,746100,0.0,0.0
2023-12-07 00:00:00-05:00,8.359999656677246,8.390000343322754,8.279999732971191,8.350000381469727,618100,0.0,0.0
2023-12-08 00:00:00-05:00,8.369999885559082,8.5,8.34000015258789,8.479999542236328,669400,0.0,0.0
2023-12-11 00:00:00-05:00,8.550000190734863,8.550000190734863,8.369999885559082,8.380000114440918,620700,0.0,0.0
2023-12-12 00:00:00-05:00,8.359999656677246,8.369999885559082,8.239999771118164,8.329999923706055,625500,0.0,0.0
2023-12-13 00:00:00-05:00,8.34000015258789,8.460000038146973,8.289999961853027,8.449999809265137,536900,0.0,0.0
2023-12-14 00:00:00-05:00,8.600000381469727,8.640000343322754,8.520000457763672,8.529999732971191,726400,0.0,0.0
2023-12-15 00:00:00-05:00,8.59000015258789,8.59000015258789,8.4399995803833,8.460000038146973,446900,0.0,0.0
2023-12-18 00:00:00-05:00,8.59000015258789,8.609999656677246,8.489999771118164,8.569999694824219,747600,0.0,0.0
2023-12-19 00:00:00-05:00,8.59000015258789,8.630000114440918,8.529999732971191,8.59000015258789,502500,0.0,0.0
2023-12-20 00:00:00-05:00,8.619999885559082,8.649999618530273,8.539999961853027,8.539999961853027,805600,0.0,0.0
2023-12-21 00:00:00-05:00,8.59000015258789,8.640000343322754,8.569999694824219,8.630000114440918,726100,0.0,0.0
2023-12-22 00:00:00-05:00,8.670000076293945,8.699999809265137,8.609999656677246,8.65999984741211,582000,0.0,0.0
2023-12-26 00:00:00-05:00,8.710000038146973,8.8100004196167,8.699999809265137,8.779999732971191,1060700,0.0,0.0
2023-12-27 00:00:00-05:00,8.800000190734863,8.819999694824219,8.75,8.770000457763672,765200,0.0,0.0
2023-12-28 00:00:00-05:00,8.779999732971191,8.829999923706055,8.75,8.789999961853027,572300,0.0,0.0
2023-12-29 00:00:00-05:00,8.819999694824219,8.829999923706055,8.779999732971191,8.779999732971191,775400,0.0,0.0
2024-01-02 00:00:00-05:00,8.720000267028809,8.729999542236328,8.550000190734863,8.600000381469727,871000,0.0,0.0
2024-01-03 00:00:00-05:00,8.640000343322754,8.8100004196167,8.579999923706055,8.779999732971191,939100,0.0,0.0
2024-01-04 00:00:00-05:00,8.779999732971191,8.850000381469727,8.75,8.779999732971191,667400,0.0,0.0
2024-01-05 00:00:00-05:00,8.760000228881836,8.789999961853027,8.6899995803833,8.779999732971191,765800,0.0,0.0
2024-01-08 00:00:00-05:00,8.75,8.800000190734863,8.670000076293945,8.770000457763672,690500,0.0,0.0
2024-01-09 00:00:00-05:00,8.75,8.75,8.640000343322754,8.75,538600,0.0,0.0
2024-01-10 00:00:00-05:00,8.84000015258789,8.890000343322754,8.760000228881836,8.859999656677246,1151400,0.0,0.0
2024-01-11 00:00:00-05:00,8.899999618530273,8.949999809265137,8.699999809265137,8.720000267028809,1245300,0.0,0.0
2024-01-12 00:00:00-05:00,8.8100004196167,8.850000381469727,8.65999984741211,8.710000038146973,855800,0.0,0.0
2024-01-16 00:00:00-05:00,8.710000038146973,8.729999542236328,8.510000228881836,8.539999961853027,803200,0.0,0.0
2024-01-17 00:00:00-05:00,8.470000267028809,8.529999732971191,8.399999618530273,8.470000267028809,687500,0.0,0.0
2024-01-18 00:00:00-05:00,8.539999961853027,8.569999694824219,8.380000114440918,8.470000267028809,958800,0.0,0.0
2024-01-19 00:00:00-05:00,8.5,8.5,8.350000381469727,8.350000381469727,806100,0.0,0.0
2024-01-22 00:00:00-05:00,8.350000381469727,8.569999694824219,8.350000381469727,8.539999961853027,630600,0.0,0.0
2024-01-23 00:00:00-05:00,8.520000457763672,8.550000190734863,8.470000267028809,8.539999961853027,487500,0.0,0.0
2024-01-24 00:00:00-05:00,8.600000381469727,8.699999809265137,8.539999961853027,8.6899995803833,587400,0.0,0.0
2024-01-25 00:00:00-05:00,8.770000457763672,8.779999732971191,8.680000305175781,8.770000457763672,388300,0.0,0.0
2024-01-26 00:00:00-05:00,8.779999732971191,8.989999771118164,8.739999771118164,8.989999771118164,737300,0.0,0.0
2024-01-29 00:00:00-05:00,8.989999771118164,8.989999771118164,8.75,8.890000343322754,664900,0.0,0.0
2024-01-30 00:00:00-05:00,8.880000114440918,8.899999618530273,8.800000190734863,8.869999885559082,353300,0.0,0.0
2024-01-31 00:00:00-05:00,8.819999694824219,8.890000343322754,8.609999656677246,8.649999618530273,671900,0.0,0.0
2024-02-01 00:00:00-05:00,8.699999809265137,8.890000343322754,8.699999809265137,8.800000190734863,545800,0.0,0.0
2024-02-02 00:00:00-05:00,8.710000038146973,8.770000457763672,8.65999984741211,8.710000038146973,420400,0.0,0.0
2024-02-05 00:00:00-05:00,8.6899995803833,8.699999809265137,8.550000190734863,8.649999618530273,495400,0.0,0.0
2024-02-06 00:00:00-05:00,8.699999809265137,8.729999542236328,8.640000343322754,8.729999542236328,404300,0.0,0.0
2024-02-07 00:00:00-05:00,8.779999732971191,8.779999732971191,8.579999923706055,8.609999656677246,455300,0.0,0.0
2024-02-08 00:00:00-05:00,8.579999923706055,8.670000076293945,8.5600004196167,8.65999984741211,409900,0.0,0.0
2024-02-09 00:00:00-05:00,8.640000343322754,8.680000305175781,8.550000190734863,8.5600004196167,397400,0.0,0.0
2024-02-12 00:00:00-05:00,8.609999656677246,8.729999542236328,8.5600004196167,8.710000038146973,390200,0.0,0.0
2024-02-13 00:00:00-05:00,8.6899995803833,8.6899995803833,8.550000190734863,8.609999656677246,350300,0.0,0.0
2024-02-14 00:00:00-05:00,8.649999618530273,8.699999809265137,8.609999656677246,8.670000076293945,360200,0.0,0.0
2024-02-15 00:00:00-05:00,8.680000305175781,8.84000015258789,8.680000305175781,8.8100004196167,425800,0.0,0.0
2024-02-16 00:00:00-05:00,8.84000015258789,8.90999984741211,8.75,8.90999984741211,530900,0.0,0.0
2024-02-20 00:00:00-05:00,8.90999984741211,8.989999771118164,8.890000343322754,8.970000267028809,607300,0.0,0.0
2024-02-21 00:00:00-05:00,9.0,9.119999885559082,8.970000267028809,9.109999656677246,625700,0.0,0.0
2024-02-22 00:00:00-05:00,9.119999885559082,9.180000305175781,9.020000457763672,9.170000076293945,547200,0.0,0.0
2024-02-23 00:00:00-05:00,9.020000457763672,9.15999984741211,9.020000457763672,9.079999923706055,341400,0.0,0.0
2024-02-26 00:00:00-05:00,9.029999732971191,9.149999618530273,9.020000457763672,9.050000190734863,311600,0.0,0.0
2024-02-27 00:00:00-05:00,9.020000457763672,9.15999984741211,9.010000228881836,9.149999618530273,388300,0.0,0.0
2024-02-28 00:00:00-05:00,9.149999618530273,9.180000305175781,9.100000381469727,9.109999656677246,279100,0.0,0.0
2024-02-29 00:00:00-05:00,9.130000114440918,9.229999542236328,9.130000114440918,9.170000076293945,258100,0.0,0.0
2024-03-01 00:00:00-05:00,9.210000038146973,9.329999923706055,9.210000038146973,9.239999771118164,601300,0.0,0.0
2024-03-04 00:00:00-05:00,9.239999771118164,9.300000190734863,9.180000305175781,9.180000305175781,597900,0.0,0.0
2024-03-05 00:00:00-05:00,9.199999809265137,9.3100004196167,9.130000114440918,9.15999984741211,617300,0.0,0.0
2024-03-06 00:00:00-05:00,9.289999961853027,9.399999618530273,9.239999771118164,9.390000343322754,625200,0.0,0.0
2024-03-07 00:00:00-05:00,9.399999618530273,9.489999771118164,9.350000381469727,9.479999542236328,396200,0.0,0.0
2024-03-08 00:00:00-05:00,9.460000038146973,9.479999542236328,9.369999885559082,9.390000343322754,390200,0.0,0.0
2024-03-11 00:00:00-04:00,9.390000343322754,9.5,9.390000343322754,9.470000267028809,387200,0.0,0.0
2024-03-12 00:00:00-04:00,9.539999961853027,9.649999618530273,9.460000038146973,9.630000114440918,520800,0.0,0.0
2024-03-13 00:00:00-04:00,9.65999984741211,9.710000038146973,9.479999542236328,9.5,515300,0.0,0.0
2024-03-14 00:00:00-04:00,9.539999961853027,9.600000381469727,9.390000343322754,9.40999984741211,304200,0.0,0.0
2024-03-15 00:00:00-04:00,9.4399995803833,9.529999732971191,9.369999885559082,9.510000228881836,328100,0.0,0.0
2024-03-18 00:00:00-04:00,9.510000228881836,9.649999618530273,9.510000228881836,9.619999885559082,313600,0.0,0.0
2024-03-19 00:00:00-04:00,9.529999732971191,9.630000114440918,9.529999732971191,9.59000015258789,365100,0.0,0.0
2024-03-20 00:00:00-04:00,9.600000381469727,9.739999771118164,9.579999923706055,9.729999542236328,287800,0.0,0.0
2024-03-21 00:00:00-04:00,9.75,9.800000190734863,9.699999809265137,9.75,308400,0.0,0.0
2024-03-22 00:00:00-04:00,9.729999542236328,9.800000190734863,9.699999809265137,9.729999542236328,471600,0.0,0.0
2024-03-25 00:00:00-04:00,9.770000457763672,9.880000114440918,9.770000457763672,9.789999961853027,534100,0.0,0.0
2024-03-26 00:00:00-04:00,9.850000381469727,9.880000114440918,9.800000190734863,9.829999923706055,450700,0.0,0.0
2024-03-27 00:00:00-04:00,9.880000114440918,9.979999542236328,9.850000381469727,9.949999809265137,347600,0.0,0.0
2024-03-28 00:00:00-04:00,9.979999542236328,10.069999694824219,9.9399995803833,10.010000228881836,460500,0.0,0.0
2024-04-01 00:00:00-04:00,10.100000381469727,10.100000381469727,9.949999809265137,9.960000038146973,600700,0.0,0.0
2024-04-02 00:00:00-04:00,9.979999542236328,10.010000228881836,9.899999618530273,10.0,458300,0.0,0.0
2024-04-03 00:00:00-04:00,10.130000114440918,10.149999618530273,10.0,10.029999732971191,444300,0.0,0.0
2024-04-04 00:00:00-04:00,9.880000114440918,9.890000343322754,9.619999885559082,9.710000038146973,749100,0.0,0.0
2024-04-05 00:00:00-04:00,9.720000267028809,9.819999694824219,9.619999885559082,9.720000267028809,625400,0.0,0.0
2024-04-08 00:00:00-04:00,9.75,9.8100004196167,9.630000114440918,9.670000076293945,506400,0.0,0.0
2024-04-09 00:00:00-04:00,9.680000305175781,9.710000038146973,9.569999694824219,9.609999656677246,296900,0.0,0.0
2024-04-10 00:00:00-04:00,9.59000015258789,9.609999656677246,9.510000228881836,9.579999923706055,327600,0.0,0.0
2024-04-11 00:00:00-04:00,9.609999656677246,9.609999656677246,9.430000305175781,9.5600004196167,409700,0.0,0.0
2024-04-12 00:00:00-04:00,9.6899995803833,9.770000457763672,9.569999694824219,9.600000381469727,841500,0.0,0.0
2024-04-15 00:00:00-04:00,9.630000114440918,9.720000267028809,9.34000015258789,9.369999885559082,773800,0.0,0.0
2024-04-16 00:00:00-04:00,9.399999618530273,9.449999809265137,9.289999961853027,9.40999984741211,574800,0.0,0.0
2024-04-17 00:00:00-04:00,9.390000343322754,9.550000190734863,9.390000343322754,9.539999961853027,359300,0.0,0.0
2024-04-18 00:00:00-04:00,9.510000228881836,9.569999694824219,9.4399995803833,9.479999542236328,546100,0.0,0.0
2024-04-19 00:00:00-04:00,9.5,9.720000267028809,9.479999542236328,9.699999809265137,512900,0.0,0.0
2024-04-22 00:00:00-04:00,9.699999809265137,9.760000228881836,9.640000343322754,9.75,379200,0.0,0.0
2024-04-23 00:00:00-04:00,9.699999809265137,9.789999961853027,9.699999809265137,9.75,445500,0.0,0.0
2024-04-24 00:00:00-04:00,9.779999732971191,9.779999732971191,9.699999809265137,9.75,268200,0.0,0.0
2024-04-25 00:00:00-04:00,9.739999771118164,9.859999656677246,9.65999984741211,9.829999923706055,456500,0.0,0.0
2024-04-26 00:00:00-04:00,9.84000015258789,9.869999885559082,9.75,9.760000228881836,361900,0.0,0.0
2024-04-29 00:00:00-04:00,9.729999542236328,9.789999961853027,9.6899995803833,9.710000038146973,641400,0.0,0.0
2024-04-30 00:00:00-04:00,9.729999542236328,9.729999542236328,9.5600004196167,9.569999694824219,320700,0.0,0.0
2024-05-01 00:00:00-04:00,9.510000228881836,9.640000343322754,9.399999618530273,9.489999771118164,605300,0.0,0.0
2024-05-02 00:00:00-04:00,9.5,9.630000114440918,9.489999771118164,9.59000015258789,324900,0.0,0.0
2024-05-03 00:00:00-04:00,9.680000305175781,9.680000305175781,9.529999732971191,9.550000190734863,612200,0.0,0.0
2024-05-06 00:00:00-04:00,9.550000190734863,9.65999984741211,9.550000190734863,9.579999923706055,450000,0.0,0.0
2024-05-07 00:00:00-04:00,9.739999771118164,9.800000190734863,9.6899995803833,9.770000457763672,352100,0.0,0.0
2024-05-08 00:00:00-04:00,9.75,9.890000343322754,9.75,9.859999656677246,701100,0.0,0.0
2024-05-09 00:00:00-04:00,9.850000381469727,9.979999542236328,9.850000381469727,9.930000305175781,479200,0.0,0.0
2024-05-10 00:00:00-04:00,9.930000305175781,9.970000267028809,9.779999732971191,9.829999923706055,300800,0.0,0.0
2024-05-13 00:00:00-04:00,9.899999618530273,9.90999984741211,9.760000228881836,9.789999961853027,439200,0.0,0.0
2024-05-14 00:00:00-04:00,9.819999694824219,9.859999656677246,9.75,9.829999923706055,377000,0.0,0.0
2024-05-15 00:00:00-04:00,9.920000076293945,9.920000076293945,9.800000190734863,9.84000015258789,267700,0.0,0.0
2024-05-16 00:00:00-04:00,9.920000076293945,9.9399995803833,9.850000381469727,9.859999656677246,258000,0.0,0.0
2024-05-17 00:00:00-04:00,9.90999984741211,10.0,9.850000381469727,9.949999809265137,298400,0.0,0.0
2024-05-20 00:00:00-04:00,9.970000267028809,10.069999694824219,9.920000076293945,9.989999771118164,379400,0.0,0.0
2024-05-21 00:00:00-04:00,9.989999771118164,10.050000190734863,9.960000038146973,9.979999542236328,291700,0.0,0.0
2024-05-22 00:00:00-04:00,9.9399995803833,9.9399995803833,9.819999694824219,9.84000015258789,194200,0.0,0.0
2024-05-23 00:00:00-04:00,9.859999656677246,9.880000114440918,9.75,9.770000457763672,449400,0.0,0.0
2024-05-24 00:00:00-04:00,9.819999694824219,9.84000015258789,9.739999771118164,9.779999732971191,230700,0.0,0.0
2024-05-28 00:00:00-04:00,9.850000381469727,9.899999618530273,9.720000267028809,9.819999694824219,458900,0.0,0.0
2024-05-29 00:00:00-04:00,9.720000267028809,9.779999732971191,9.600000381469727,9.670000076293945,451300,0.0,0.0
2024-05-30 00:00:00-04:00,9.670000076293945,9.770000457763672,9.579999923706055,9.640000343322754,447100,0.0,0.0
2024-05-31 00:00:00-04:00,9.649999618530273,9.899999618530273,9.649999618530273,9.899999618530273,393800,0.0,0.0
2024-06-03 00:00:00-04:00,9.850000381469727,9.880000114440918,9.640000343322754,9.75,445000,0.0,0.0
2024-06-04 00:00:00-04:00,9.729999542236328,9.859999656677246,9.600000381469727,9.859999656677246,507900,0.0,0.0
2024-06-05 00:00:00-04:00,9.890000343322754,10.0600004196167,9.779999732971191,10.039999961853027,487200,0.0,0.0
2024-06-06 00:00:00-04:00,10.039999961853027,10.180000305175781,10.029999732971191,10.15999984741211,508600,0.0,0.0
2024-06-07 00:00:00-04:00,10.140000343322754,10.3100004196167,10.100000381469727,10.15999984741211,516800,0.0,0.0
2024-06-10 00:00:00-04:00,10.1899995803833,10.350000381469727,10.149999618530273,10.180000305175781,432500,0.0,0.0
2024-06-11 00:00:00-04:00,10.180000305175781,10.210000038146973,10.029999732971191,10.0600004196167,400700,0.0,0.0
2024-06-12 00:00:00-04:00,10.1899995803833,10.229999542236328,10.100000381469727,10.15999984741211,382600,0.0,0.0
2024-06-13 00:00:00-04:00,10.210000038146973,10.210000038146973,10.050000190734863,10.119999885559082,327100,0.0,0.0
2024-06-14 00:00:00-04:00,10.050000190734863,10.229999542236328,10.050000190734863,10.180000305175781,458100,0.0,0.0
2024-06-17 00:00:00-04:00,10.180000305175781,10.239999771118164,10.130000114440918,10.180000305175781,402800,0.0,0.0
2024-06-18 00:00:00-04:00,10.300000190734863,10.350000381469727,10.199999809265137,10.220000267028809,423800,0.0,0.0
2024-06-20 00:00:00-04:00,10.25,10.4399995803833,10.199999809265137,10.359999656677246,843600,0.0,0.0
2024-06-21 00:00:00-04:00,10.359999656677246,10.460000038146973,10.25,10.350000381469727,575200,0.0,0.0
2024-06-24 00:00:00-04:00,10.4399995803833,10.720000267028809,10.350000381469727,10.4399995803833,867200,0.0,0.0
2024-06-25 00:00:00-04:00,10.449999809265137,10.649999618530273,10.449999809265137,10.5600004196167,667400,0.0,0.0
2024-06-26 00:00:00-04:00,10.59000015258789,10.59000015258789,10.489999771118164,10.520000457763672,390600,0.0,0.0
2024-06-27 00:00:00-04:00,10.550000190734863,10.630000114440918,10.550000190734863,10.5600004196167,421000,0.0,0.0
2024-06-28 00:00:00-04:00,10.510000228881836,10.5600004196167,10.270000457763672,10.329999923706055,512100,0.0,0.0
2024-07-01 00:00:00-04:00,10.329999923706055,10.420000076293945,10.15999984741211,10.239999771118164,631300,0.0,0.0
2024-07-02 00:00:00-04:00,10.229999542236328,10.369999885559082,10.229999542236328,10.350000381469727,403500,0.0,0.0
2024-07-03 00:00:00-04:00,10.430000305175781,10.489999771118164,10.350000381469727,10.390000343322754,183900,0.0,0.0
2024-07-05 00:00:00-04:00,10.430000305175781,10.479999542236328,10.380000114440918,10.449999809265137,319900,0.0,0.0
